1000 20 13 1211
1 0 1 8 0 1 10 0 4 6 3 5 8
4 10 2 1 12 7 5 5 9 3 13 4 4
13 3 12 10 2 6 17 11 4 12 6 6 8
2 1 4 11 14 5 12 8 24 9 9 7 1
5 3 3 2 0 5 4 4 2 5 6 3 2
20 13 5 5 2 13 6 13 2 5 7 2 7
15 2 10 13 5 14 24 10 0 9 2 5 2
4 1 9 13 2 6 8 3 6 14 20 10 5
17 3 2 8 0 13 7 4 8 1 12 1 6
3 25 5 11 7 10 1 0 6 4 20 1 2
1 5 5 9 4 1 4 0 5 14 5 1 8
2 5 1 1 0 6 6 4 8 2 12 4 9
10 2 8 5 3 5 5 3 5 2 5 13 3
4 0 2 3 2 4 2 5 2 4 1 5 3
4 10 6 1 4 9 5 4 8 8 0 9 9
8 3 12 10 23 9 4 1 6 0 5 5 5
12 4 15 11 6 1 10 7 18 12 3 19 3
1 19 5 13 13 12 5 8 6 5 0 1 11
11 3 8 6 18 5 8 15 6 1 13 4 6
0 11 10 16 6 14 13 8 6 2 0 2 8
5 3 6 7 2 3 3 3 1 8 5 0 3
2 9 1 19 4 14 6 17 6 3 12 8 9
2 6 1 3 4 4 9 3 1 5 2 0 6
13 2 5 5 2 5 4 1 1 7 1 2 8
7 1 4 4 4 2 2 1 5 2 11 10 3
6 3 2 1 8 10 7 1 3 14 6 4 16
4 3 3 1 0 8 1 7 2 1 5 9 1
9 8 8 6 4 0 6 7 1 9 3 11 9
0 20 1 5 3 1 7 11 0 11 7 5 11
1 3 2 5 3 2 1 1 0 3 7 1 1
5 1 8 9 4 2 8 11 9 9 7 3 6
12 7 7 6 2 7 6 0 9 6 5 26 9
9 15 12 6 14 4 3 10 7 6 14 17 5
20 4 5 5 5 5 2 1 7 6 6 12 25
7 3 2 9 9 15 9 6 1 1 2 1 6
0 1 7 1 2 1 1 4 3 3 1 10 3
20 8 8 8 4 1 3 3 1 13 11 8 6
15 9 15 6 1 7 10 11 7 0 4 6 11
1 9 15 13 1 6 2 10 4 13 2 2 3
3 13 10 4 3 6 2 10 1 10 9 2 3
15 0 2 1 0 1 4 8 1 6 9 7 3
6 3 2 5 5 3 3 2 3 2 2 3 1
4 4 4 2 0 6 6 3 4 5 3 3 1
2 2 1 2 2 7 6 3 3 1 0 4 1
1 7 4 2 0 3 11 4 1 1 4 1 1
1 6 5 0 3 0 1 3 7 4 4 1 1
5 2 7 6 18 6 6 9 8 5 16 5 4
3 3 1 23 10 10 13 3 11 14 3 2 3
6 1 5 4 0 2 0 2 0 1 1 2 1
12 0 15 4 6 3 16 4 15 3 12 12 6
0 1 8 1 8 6 1 4 5 1 3 1 8
1 5 13 3 6 2 10 4 22 2 0 9 8
3 6 11 8 4 15 7 4 0 10 2 1 21
1 7 5 4 6 2 7 0 4 7 3 5 4
3 3 2 0 5 5 0 15 6 20 15 8 1
1 2 7 5 0 1 4 0 1 2 10 0 4
1 6 4 1 4 2 6 1 3 1 1 2 2
4 3 8 11 4 12 6 20 7 5 2 4 21
4 4 3 3 2 10 1 3 21 15 15 7 4
4 2 0 1 1 6 6 4 0 4 1 2 2
7 18 2 4 6 1 3 8 1 3 3 3 4
11 5 0 7 2 4 7 7 9 1 4 4 3
6 4 5 2 2 7 2 1 8 2 1 2 0
6 4 1 8 4 3 1 3 4 4 0 2 11
12 10 1 7 6 17 5 3 9 22 1 4 8
2 3 5 3 2 7 5 2 5 0 1 6 2
8 14 2 12 0 4 16 3 6 10 19 4 14
17 5 2 1 1 8 3 10 6 6 13 5 22
3 1 0 1 4 1 3 0 1 5 6 7 1
6 15 11 6 4 3 9 10 5 18 13 1 4
10 8 8 5 7 9 1 8 4 9 0 4 5
2 5 11 1 9 13 1 1 11 10 19 4 1
9 3 2 26 7 0 6 3 0 9 15 0 5
4 11 6 1 2 6 6 11 4 3 3 2 4
0 12 3 2 1 7 5 9 16 12 19 3 8
4 1 4 0 1 2 0 2 3 3 2 6 7
4 9 2 17 7 7 0 6 7 14 9 11 0
10 20 6 8 6 5 1 7 5 4 6 3 15
9 1 7 1 2 5 4 3 1 3 1 2 0
2 1 2 5 4 4 2 5 6 1 1 1 2
1 1 0 2 1 3 5 1 4 4 5 2 5
5 0 3 0 5 1 5 7 5 3 5 1 5
10 9 2 11 5 3 6 12 7 17 9 4 7
0 11 1 4 9 3 9 8 4 26 8 5 13
11 4 8 12 13 2 11 1 1 13 21 3 6
1 5 6 3 9 1 2 8 4 13 8 7 2
3 4 8 4 8 2 16 8 2 8 7 3 1
1 1 4 2 5 5 3 8 0 2 6 0 0
5 6 8 3 0 0 6 1 5 0 2 1 3
3 0 2 8 3 1 1 3 9 2 5 3 4
10 3 1 17 4 8 4 5 3 2 8 3 7
5 3 8 2 14 17 2 5 7 15 13 3 1
5 7 0 3 0 12 2 4 1 11 12 2 1
2 7 3 5 1 2 7 9 7 1 2 7 9
13 1 4 4 10 10 9 3 2 6 13 12 6
2 7 0 3 6 13 1 2 1 2 3 8 0
3 2 2 4 0 3 3 1 6 4 8 10 8
16 11 5 8 1 2 2 1 2 16 4 17 14
2 2 6 1 2 9 1 2 4 3 1 1 1
15 8 20 16 8 0 3 10 11 13 5 4 5
19 5 9 2 5 3 4 6 3 23 1 5 3
0 3 7 4 12 9 6 3 7 5 16 5 13
1 8 1 20 1 11 1 2 13 13 1 7 5
4 2 2 4 3 4 2 0 2 5 0 2 4
1 16 4 3 11 1 13 18 1 5 6 6 7
1 4 3 5 13 6 1 9 7 4 8 21 2
5 6 1 0 1 1 1 3 2 3 2 6 3
5 13 10 2 9 5 4 11 8 10 10 5 5
2 6 1 1 1 2 3 8 8 3 0 4 2
0 3 8 20 5 6 18 6 5 8 7 10 0
13 5 2 13 0 2 2 3 10 5 9 4 2
9 3 2 1 7 4 5 4 8 1 3 8 9
1 1 2 9 7 7 1 9 16 13 14 7 10
4 2 6 6 2 9 8 6 4 0 2 1 13
0 4 14 2 0 14 8 3 1 8 6 2 1
6 6 3 12 6 1 1 1 1 1 11 5 7
10 8 1 6 4 3 5 6 9 7 6 2 10
7 6 8 3 4 9 5 4 12 10 5 3 5
7 1 4 0 3 4 7 1 0 8 1 4 0
1 1 3 2 10 5 4 6 3 4 0 2 0
6 2 4 14 0 0 2 9 1 0 4 10 3
3 8 2 6 4 5 8 4 3 11 6 2 2
3 6 3 2 0 9 2 1 12 1 4 1 1
12 11 1 0 9 1 2 1 6 6 6 9 8
1 0 4 4 3 3 6 4 8 1 12 3 2
1 1 8 10 9 6 0 6 4 1 8 4 9
10 9 10 9 1 11 10 5 7 10 16 8 4
4 1 1 2 7 5 7 7 3 0 3 1 0
3 10 6 0 9 10 14 4 8 2 9 0 21
7 7 3 7 1 3 3 19 10 8 4 4 5
12 8 9 4 8 13 3 12 3 1 6 7 7
1 0 12 11 4 4 6 11 11 5 12 4 8
6 16 4 2 10 0 1 5 3 2 5 1 2
1 7 7 10 2 5 12 5 0 2 14 5 1
8 8 7 2 5 9 11 14 5 4 8 9 11
11 4 6 2 4 3 9 6 9 2 15 10 21
9 3 4 6 4 3 16 9 23 12 8 5 6
3 7 5 7 5 9 4 2 1 6 4 7 8
7 6 4 1 1 6 11 3 9 3 3 3 7
4 7 3 8 17 19 1 21 10 11 5 3 6
1 10 16 11 7 1 13 8 7 9 15 4 3
7 5 0 1 2 3 3 3 5 0 3 5 1
1 9 0 10 8 2 12 19 3 5 1 0 7
5 4 4 2 4 4 4 4 1 11 2 3 4
8 9 14 6 13 1 4 1 6 19 0 18 3
5 0 13 6 2 0 18 1 1 2 11 8 12
3 5 2 3 2 2 8 6 20 11 3 10 3
7 7 0 13 9 4 16 3 7 4 8 8 5
1 5 7 2 6 5 4 5 7 4 5 7 8
15 10 7 21 9 3 5 11 6 13 5 2 3
11 5 0 7 5 8 7 4 6 8 23 1 5
11 6 4 1 16 5 0 1 4 4 2 10 1
3 6 18 10 6 8 9 2 18 8 3 15 2
7 0 12 9 3 11 7 9 1 3 17 4 1
3 2 3 6 2 0 0 4 6 2 3 1 2
4 5 16 10 1 1 10 22 12 3 14 3 9
5 3 5 3 3 1 7 3 2 3 9 3 3
15 5 7 12 9 2 4 8 5 4 9 7 8
1 5 3 1 4 1 11 4 4 4 2 3 3
4 1 5 0 3 4 0 1 3 1 5 4 1
4 2 1 0 1 0 2 8 4 2 1 1 2
5 2 1 2 5 5 2 2 1 2 1 4 1
6 5 0 0 2 4 4 7 9 8 5 5 3
0 3 6 27 5 8 2 1 7 8 1 13 16
4 2 2 5 5 7 7 5 4 4 4 3 5
12 3 1 16 4 4 2 15 15 4 2 1 21
5 7 0 1 2 4 4 7 3 4 4 2 4
1 2 1 2 4 19 2 15 18 16 16 6 9
6 3 5 4 2 1 6 0 1 2 5 2 3
1 18 3 13 21 7 4 2 11 6 1 1 7
1 4 1 7 1 4 10 9 1 17 0 15 2
3 4 1 1 5 7 1 1 2 2 5 2 8
7 1 0 1 1 6 2 1 4 3 5 2 0
9 20 7 1 4 7 0 5 5 11 6 2 5
10 0 1 9 13 10 6 3 4 11 6 12 7
5 14 3 20 0 8 7 5 3 4 8 8 9
4 5 6 4 14 0 0 5 10 3 13 10 0
7 3 1 8 3 6 4 1 4 4 1 3 1
9 3 1 4 22 14 8 2 3 3 8 0 5
4 1 3 2 3 5 3 3 2 2 6 2 6
4 7 17 9 9 1 6 7 2 2 0 9 0
17 9 0 3 6 8 8 3 8 3 8 8 1
3 4 4 9 2 1 8 1 6 5 11 13 5
1 4 1 13 6 5 5 21 2 14 5 10 3
4 2 1 4 0 3 4 3 10 2 1 2 2
6 5 7 6 3 14 8 1 9 9 15 7 19
2 3 1 0 11 1 1 4 3 2 0 2 4
18 6 14 2 15 6 3 2 3 4 7 7 0
12 2 7 12 2 8 8 1 3 4 10 12 21
12 25 7 16 3 8 1 11 10 2 11 1 5
14 2 12 7 6 7 2 9 5 2 7 8 8
10 10 2 8 1 16 3 1 7 6 2 2 12
3 11 3 7 1 3 1 3 1 5 1 0 3
2 3 0 2 1 2 2 1 5 5 9 1 0
8 4 3 9 7 17 10 2 7 16 5 12 2
4 4 3 5 7 1 2 11 4 18 12 1 7
11 2 12 1 17 4 10 5 1 14 3 9 13
3 13 14 10 1 6 12 8 8 2 11 1 11
7 5 2 2 5 1 2 2 1 1 1 3 2
3 15 10 4 8 11 10 1 5 9 16 15 16
9 4 18 6 0 9 25 3 11 9 3 7 0
3 8 1 2 4 1 7 3 7 5 2 1 2
3 1 3 8 8 6 0 3 16 3 2 11 6
9 3 6 2 18 12 3 2 12 8 0 8 8
12 2 15 8 1 2 5 6 1 11 5 1 12
2 7 2 3 8 0 6 2 7 2 1 1 1
1 5 2 7 2 1 1 6 2 3 0 1 5
4 4 2 6 5 3 1 2 4 5 5 9 5
19 12 19 5 5 3 6 5 7 8 6 13 6
9 7 3 4 5 1 2 11 3 4 12 6 3
11 9 5 3 9 3 6 2 9 20 3 5 10
7 3 4 5 3 5 2 3 10 0 9 1 9
4 5 3 0 4 2 7 1 2 0 1 5 5
1 1 6 7 0 1 14 1 3 4 1 6 1
5 11 20 0 17 4 2 2 4 15 3 1 10
1 13 1 7 1 8 10 3 7 0 9 8 0
8 8 13 3 14 3 0 2 10 3 10 11 7
4 12 7 8 17 6 5 3 10 2 7 24 13
3 4 7 3 4 2 5 0 1 2 1 2 3
10 15 13 4 8 2 1 6 6 3 17 3 3
0 10 4 3 5 10 14 2 4 8 2 10 7
2 4 8 12 7 7 0 2 14 8 17 3 6
10 8 0 7 2 9 3 0 2 13 7 5 16
1 2 9 7 5 1 1 6 9 1 0 11 1
4 1 4 5 4 1 11 6 0 12 3 5 2
11 11 9 7 5 17 8 13 16 6 4 10 5
1 8 9 2 4 0 3 3 3 2 10 3 1
3 3 3 14 3 5 6 6 2 9 1 0 6
2 0 9 2 1 2 1 1 3 5 2 3 1
19 13 8 7 2 1 2 23 1 10 3 12 4
6 7 13 6 4 8 2 14 9 5 1 14 19
13 3 15 2 4 1 9 4 6 1 8 2 3
2 14 4 4 6 7 11 11 0 8 3 2 6
3 2 4 0 6 1 10 11 2 1 5 12 4
1 3 3 3 3 1 4 6 1 2 2 2 3
5 5 2 9 4 3 13 1 9 2 2 1 2
1 3 1 2 3 1 2 5 7 3 0 3 8
3 1 2 5 14 12 24 1 1 1 2 2 7
5 1 4 5 1 14 1 0 0 11 12 10 17
8 7 28 5 6 9 4 6 11 5 1 5 12
2 1 0 2 7 4 4 3 5 7 1 1 4
0 0 12 1 6 8 3 5 7 10 5 4 16
2 1 5 3 3 4 4 2 6 6 3 4 7
4 9 2 7 3 2 1 7 13 3 5 8 8
2 10 9 7 11 11 10 7 3 0 10 12 14
3 5 5 5 5 7 1 2 4 2 4 6 5
3 2 11 7 4 15 2 2 0 5 4 6 2
3 4 11 7 4 1 3 5 6 7 1 6 5
3 4 1 2 4 3 18 11 7 5 10 0 14
9 14 1 9 7 12 2 12 7 8 5 2 7
7 7 18 6 16 15 10 9 16 2 8 1 6
2 9 10 6 0 5 1 10 7 1 10 3 0
4 1 2 2 2 7 3 0 4 8 3 3 2
1 2 1 1 3 7 6 1 6 2 5 3 2
1 6 4 3 2 2 5 9 8 19 6 7 12
3 8 2 8 4 3 4 23 12 3 5 1 4
5 5 4 2 5 4 23 4 2 8 12 8 10
1 0 7 3 3 6 1 2 7 2 1 5 4
0 11 2 10 6 3 1 10 4 6 2 6 5
9 12 16 3 3 6 0 4 9 1 2 2 2
2 10 3 5 1 3 7 7 3 7 0 9 5
7 7 14 6 7 17 14 1 18 0 10 9 4
11 5 6 0 9 2 5 0 2 4 2 1 5
1 1 0 2 1 9 1 2 3 2 4 3 0
17 9 5 15 13 3 2 7 7 13 7 4 1
4 2 2 3 9 7 7 11 8 9 6 5 6
0 15 9 7 18 2 2 10 18 10 10 5 4
8 2 6 9 2 1 0 13 1 16 8 3 10
5 8 5 9 2 8 11 4 6 5 11 4 4
6 12 10 3 0 15 5 8 7 1 6 5 9
14 6 7 5 5 2 12 10 1 3 19 6 10
2 2 5 1 2 1 2 1 2 1 7 0 5
11 1 2 3 1 8 16 12 1 6 1 2 16
14 16 4 3 4 6 27 2 4 12 7 3 10
2 0 0 4 6 7 5 7 3 3 6 2 0
16 8 2 15 5 6 3 12 9 8 2 3 14
4 1 1 3 1 5 1 2 2 0 3 4 6
0 9 22 2 7 3 12 8 9 5 5 6 11
7 8 8 2 5 12 1 15 13 9 7 13 2
11 1 7 8 7 2 9 6 3 18 5 1 6
2 4 1 3 3 4 1 1 5 2 0 6 4
1 1 8 5 4 6 1 1 1 4 5 2 1
10 11 9 7 4 6 6 7 8 1 5 2 2
1 0 6 2 2 6 2 3 2 1 1 7 3
3 1 9 6 4 1 8 0 8 4 1 4 3
1 0 1 11 5 1 12 9 4 3 1 5 3
2 0 2 1 5 1 3 3 3 2 2 2 6
2 4 2 3 0 0 1 0 13 6 3 11 1
10 16 12 4 15 1 16 10 1 8 6 12 3
2 5 4 7 6 6 4 2 5 3 2 5 7
3 0 11 3 4 1 1 6 12 2 2 8 4
6 0 1 14 1 0 5 1 10 2 2 3 3
13 3 2 2 10 4 13 1 4 15 2 4 8
10 11 2 11 16 15 10 16 0 6 1 5 3
1 1 0 5 4 5 1 3 7 7 15 14 0
3 7 2 9 4 8 1 8 0 3 1 3 8
6 3 7 6 8 12 5 0 9 1 8 3 1
2 0 8 12 0 5 13 11 1 1 6 4 8
4 18 4 12 3 3 4 14 17 3 2 8 5
4 4 3 1 4 1 2 2 3 2 2 4 5
1 12 3 6 13 1 5 1 3 12 8 10 5
4 0 12 15 4 15 7 9 10 12 0 8 4
4 0 8 1 11 3 4 20 9 12 10 1 12
13 15 1 7 15 6 4 13 14 2 8 7 10
2 3 0 3 2 2 1 2 9 4 1 2 3
1 20 6 8 20 2 8 11 3 10 9 10 7
2 3 18 4 3 11 3 6 5 4 11 2 5
17 5 10 1 4 5 8 3 8 7 6 8 8
14 4 0 12 11 4 9 8 4 11 3 13 0
4 4 5 3 8 7 6 5 5 6 3 3 3
2 1 0 1 2 2 2 4 3 3 0 4 6
6 9 4 2 9 0 10 16 4 2 0 9 2
3 1 5 3 6 3 2 3 3 4 2 2 2
3 4 5 5 2 7 10 1 4 3 10 1 9
15 4 4 12 11 6 14 16 10 2 7 11 9
6 13 5 26 1 1 6 9 5 1 3 4 0
0 1 4 1 1 5 0 1 2 3 6 1 7
2 7 4 0 10 0 7 9 7 7 1 7 9
5 6 1 13 2 14 2 0 23 11 6 8 7
1 1 5 2 3 3 5 17 0 6 7 2 14
4 2 1 4 5 14 1 7 4 8 6 7 3
6 7 1 4 3 22 7 9 15 6 12 4 7
15 8 8 5 4 4 15 4 3 11 1 2 2
3 6 4 2 8 2 3 7 12 4 6 1 1
3 3 2 0 3 4 1 7 0 7 4 3 4
3 0 0 4 4 2 1 1 1 2 1 6 4
2 5 8 12 1 4 3 6 8 3 0 4 0
6 8 1 4 9 9 5 3 13 12 4 5 6
6 3 3 9 2 11 7 1 2 12 13 2 4
2 14 3 6 2 2 14 5 6 0 11 8 4
4 4 5 6 4 6 0 8 3 5 1 6 8
10 14 1 24 14 3 4 5 9 15 3 3 7
18 13 15 1 0 7 1 8 7 15 1 3 17
8 2 9 0 1 2 5 12 10 11 1 10 5
2 4 1 2 11 3 6 10 2 1 3 5 1
3 0 2 1 1 0 3 1 0 2 8 1 9
3 1 2 5 3 3 2 5 3 2 2 2 0
4 1 6 7 4 1 3 6 6 3 7 4 4
2 8 3 6 1 2 3 1 2 2 5 6 1
14 13 3 5 9 5 3 7 1 13 3 2 7
5 1 6 0 9 13 10 2 2 14 1 15 10
14 0 12 10 5 4 1 0 3 8 4 2 8
10 2 1 1 6 2 14 5 6 0 4 7 9
4 3 4 3 6 2 11 0 5 3 8 8 3
14 1 12 15 24 8 2 11 2 7 2 9 10
13 4 13 0 3 10 8 11 8 11 7 13 10
5 2 0 3 5 0 6 4 6 6 3 2 10
11 2 9 6 5 6 7 6 1 1 4 5 11
17 9 7 4 1 8 4 14 5 0 6 11 1
22 3 22 11 3 2 9 18 7 0 3 4 4
2 1 5 1 4 5 3 4 4 1 2 9 5
1 14 6 14 10 17 3 11 7 17 5 11 3
5 5 7 2 7 24 1 24 4 4 6 1 2
0 6 2 5 1 4 1 2 0 4 5 1 2
2 3 3 10 7 3 7 6 14 5 6 3 8
14 6 2 10 3 9 12 3 12 10 9 1 5
4 1 5 2 4 6 3 2 4 1 4 3 4
3 10 2 9 6 6 1 4 1 2 2 5 1
4 5 1 10 2 1 9 4 17 7 1 8 8
11 1 6 13 3 5 21 2 3 7 13 13 8
8 2 8 0 5 2 4 2 4 3 3 2 2
4 7 1 1 18 9 5 4 4 5 3 3 1
1 10 2 2 6 2 4 5 2 11 5 4 6
1 2 2 4 0 9 6 9 3 10 4 4 12
2 1 18 3 5 3 16 1 11 9 13 7 1
11 9 3 1 8 2 5 2 6 14 24 9 9
4 1 5 3 14 3 5 0 9 1 2 10 1
1 4 2 7 0 1 2 1 4 5 2 0 2
10 5 7 1 3 8 3 2 1 5 1 2 0
2 0 6 2 10 5 3 2 6 1 3 8 2
3 2 9 7 16 1 4 2 2 5 3 10 10
7 2 5 0 8 4 0 10 7 6 17 0 0
0 6 5 2 6 12 6 16 11 3 18 20 1
0 6 1 2 8 6 6 5 5 6 3 3 9
3 9 3 13 1 5 0 3 14 3 4 3 6
5 4 3 4 12 9 4 7 5 3 4 9 8
4 2 7 1 4 3 6 0 2 2 0 2 7
11 1 2 8 1 4 3 6 3 0 13 8 8
9 3 3 3 3 7 4 1 2 0 1 3 3
4 7 6 2 2 1 5 2 1 19 6 20 17
3 7 3 8 8 7 5 4 6 3 4 9 4
22 2 3 8 14 7 21 6 3 5 7 2 4
6 0 6 8 1 9 1 2 4 5 1 2 1
3 8 2 7 2 18 8 4 20 6 3 9 18
10 11 9 1 11 3 9 0 0 1 9 11 8
4 1 3 11 7 8 16 8 10 3 14 12 11
1 1 6 5 5 4 10 12 16 17 11 6 10
6 7 14 4 1 15 3 15 9 11 2 7 4
5 3 6 0 9 0 4 3 0 2 5 4 1
5 15 4 4 4 7 8 1 0 7 4 15 4
2 2 4 6 2 4 5 4 2 2 4 5 5
0 4 1 3 4 14 3 3 1 6 0 2 5
0 2 1 1 2 0 4 6 3 3 7 1 11
10 4 3 16 1 0 4 3 1 6 5 3 1
1 7 6 6 12 9 3 2 8 6 1 0 9
15 4 2 13 22 3 4 10 1 7 3 9 12
9 5 8 0 3 2 3 2 2 4 4 10 1
2 3 8 3 2 9 9 1 6 4 6 3 0
8 5 10 5 6 2 6 9 9 0 4 7 0
12 10 0 2 19 2 2 4 6 3 2 3 9
13 26 7 13 9 3 0 7 11 10 10 4 3
4 2 7 6 15 3 3 3 0 9 3 9 6
0 2 0 7 0 7 2 2 3 1 1 4 1
1 10 13 12 0 12 6 21 3 2 9 3 10
8 10 3 3 10 3 4 6 7 2 3 0 1
1 5 4 1 1 5 0 14 9 12 10 15 6
1 6 1 10 3 3 5 7 0 3 5 0 2
3 1 3 1 2 4 3 5 6 8 6 6 3
7 10 0 1 4 3 2 5 1 3 2 1 9
4 5 5 4 5 7 4 6 6 1 2 0 2
1 14 0 2 6 12 9 2 13 4 0 3 2
1 9 2 1 5 0 2 2 9 2 3 3 0
2 3 7 2 1 5 8 5 9 8 16 5 17
1 6 5 9 3 1 4 4 3 6 2 4 3
6 2 5 6 2 3 3 4 4 2 3 3 3
5 13 3 5 3 4 9 3 10 11 6 2 5
4 5 0 0 6 0 6 7 2 4 2 5 15
0 6 17 9 14 10 4 7 6 13 9 4 11
0 15 2 12 9 5 5 12 1 11 3 12 1
14 1 4 1 18 5 9 7 6 16 5 17 12
17 9 0 3 11 9 4 20 5 13 3 7 16
3 2 1 2 5 4 9 8 6 3 9 14 15
3 9 0 12 16 8 3 5 8 7 13 12 2
2 4 2 2 2 7 10 18 12 3 0 2 4
2 1 12 3 9 6 9 3 3 8 0 6 6
1 6 3 7 1 8 12 5 4 4 11 5 3
1 6 7 11 6 1 7 2 0 1 5 0 3
15 2 10 4 8 6 4 6 7 8 6 1 8
11 15 6 2 11 8 16 5 7 9 11 4 4
3 13 9 6 4 2 1 19 1 0 9 7 8
6 6 6 4 5 9 1 5 5 2 5 3 4
6 2 3 0 1 4 2 2 8 2 4 1 0
2 22 13 6 8 11 7 3 14 11 0 0 0
22 12 5 2 1 5 11 2 0 4 7 15 11
6 18 9 11 6 8 13 5 3 5 2 8 10
4 8 3 7 3 3 8 4 9 10 2 5 9
1 5 6 20 9 9 1 2 3 3 19 13 15
4 4 2 4 1 1 4 5 0 1 1 1 2
1 2 7 6 0 3 4 1 4 4 2 6 1
5 13 16 5 10 8 9 10 19 7 11 13 1
15 9 16 12 9 6 8 8 6 4 14 12 16
6 2 6 1 5 8 4 21 2 18 10 1 7
1 3 13 4 6 0 1 7 11 9 9 9 1
4 6 8 2 11 7 0 4 9 5 3 3 13
8 3 12 6 2 12 6 7 11 7 7 12 3
5 1 4 2 5 10 1 9 1 1 0 1 9
1 4 6 2 0 1 5 2 9 4 1 14 6
1 3 12 0 4 2 3 15 2 4 4 25 0
8 12 8 4 9 7 3 15 11 1 22 14 6
4 8 1 2 4 4 4 8 5 13 4 9 12
2 3 2 14 8 3 13 11 6 8 9 14 20
5 2 15 8 7 0 7 4 1 9 6 2 3
1 1 4 1 4 2 4 7 1 6 4 4 1
1 10 5 4 8 14 5 3 1 0 9 4 22
3 13 7 5 14 5 2 7 10 4 0 4 6
19 9 2 11 14 18 6 10 2 4 12 2 12
1 6 10 8 6 1 6 6 15 13 0 5 4
11 7 10 4 9 1 27 2 13 1 1 10 2
9 0 8 11 1 2 1 2 2 2 7 2 8
12 2 2 10 3 9 12 8 3 1 5 5 4
12 6 2 2 14 0 8 3 9 8 10 4 5
5 6 3 5 1 1 2 5 5 0 4 8 3
3 7 1 0 5 2 3 1 5 5 3 4 1
10 0 3 1 8 9 11 12 0 3 2 3 3
5 2 3 20 2 5 10 4 2 2 10 6 21
4 4 4 2 1 3 1 2 3 2 0 9 4
3 29 0 18 2 9 0 7 7 8 6 6 9
12 9 5 1 3 5 0 1 4 1 2 5 8
1 1 5 2 2 5 2 1 2 3 4 6 6
1 1 10 15 19 4 13 4 9 17 12 6 6
5 3 2 0 14 4 3 4 8 9 4 5 1
4 6 4 5 16 10 6 2 4 2 16 10 5
3 8 4 0 1 2 2 2 3 2 1 6 5
0 6 3 9 4 4 17 5 6 10 2 8 10
1 5 5 3 7 7 2 14 2 3 2 2 3
0 0 5 2 9 5 20 4 2 9 0 16 14
6 14 7 11 3 9 6 4 7 5 6 10 6
2 3 1 1 0 3 1 1 10 2 0 1 0
0 4 0 1 3 2 6 0 6 3 2 3 7
3 8 0 7 6 5 0 1 7 1 2 3 3
15 10 7 17 2 4 11 9 11 6 20 5 2
7 4 2 8 2 14 7 1 5 0 4 9 10
5 0 19 5 3 17 8 4 7 3 13 13 8
19 2 2 2 5 4 1 5 7 4 0 3 3
1 9 24 8 12 7 10 7 15 11 6 1 5
6 8 3 6 18 10 1 15 8 14 5 13 1
7 2 9 0 4 1 6 13 3 17 11 1 8
6 7 3 6 1 1 6 2 6 3 22 7 1
4 9 8 5 11 3 4 5 1 2 3 3 0
4 1 1 1 2 1 8 3 1 4 2 1 5
7 1 2 4 16 0 11 12 13 9 5 1 3
0 10 2 7 4 2 12 1 4 3 2 2 4
10 14 14 8 4 2 1 12 12 17 17 3 8
5 2 3 5 5 6 10 5 1 6 4 4 1
1 3 18 9 11 21 6 6 15 3 6 2 15
19 7 3 2 3 1 3 5 0 8 16 13 2
1 3 7 3 2 5 3 4 2 5 1 1 9
1 4 3 4 8 11 7 4 7 5 2 9 3
0 2 2 4 3 8 14 5 1 1 1 5 1
0 2 8 5 7 0 3 3 5 3 4 2 4
1 9 7 6 10 0 5 4 8 6 1 9 7
12 4 4 1 0 11 7 7 5 3 1 6 9
10 1 1 31 7 4 7 5 7 7 8 0 7
2 7 2 3 4 7 5 0 5 5 5 0 0
6 7 4 7 8 3 14 2 17 6 19 17 6
1 1 3 11 10 10 1 0 2 1 11 5 12
3 3 5 4 3 1 10 1 3 1 4 1 1
1 4 6 3 1 5 2 2 3 0 1 3 1
5 12 5 0 1 18 1 3 3 1 9 9 4
7 3 4 4 0 1 16 4 0 3 15 11 1
9 16 1 4 4 7 6 9 2 2 4 2 5
5 4 4 5 1 3 3 5 3 4 11 9 1
7 6 5 3 3 2 1 1 1 2 11 1 1
11 1 1 6 11 6 5 12 12 6 12 13 3
4 5 0 7 7 2 6 1 2 4 3 2 2
2 0 4 2 5 2 3 3 4 2 0 6 5
9 1 2 13 4 7 2 1 4 11 5 0 6
9 2 1 12 4 7 5 15 2 1 18 16 9
5 12 10 12 8 3 18 7 7 19 10 3 2
10 20 1 3 1 5 5 5 20 1 1 1 6
1 0 2 3 2 15 13 7 5 2 3 4 10
2 12 1 2 12 3 8 10 8 1 16 6 3
5 5 12 0 14 5 5 1 8 4 8 0 2
4 19 8 0 17 7 15 1 16 6 15 3 5
4 4 3 4 2 3 3 5 1 4 1 2 12
3 18 9 1 8 14 11 10 15 1 19 2 7
0 1 3 6 2 1 3 4 0 1 3 4 4
5 8 8 8 4 1 12 16 1 4 5 1 16
2 8 4 10 18 4 2 15 4 13 8 13 9
0 10 20 4 16 6 4 15 3 12 10 15 9
13 1 13 15 19 3 5 1 4 8 2 9 5
20 6 11 9 7 13 6 1 2 2 7 13 1
9 12 2 7 2 2 3 6 1 15 1 10 8
7 1 4 12 12 0 2 2 3 1 11 3 3
2 17 1 4 6 23 8 2 11 4 5 2 12
6 4 2 10 6 10 1 1 7 3 14 11 7
1 0 2 3 2 6 10 6 6 15 1 19 5
6 4 6 7 8 5 7 2 14 2 0 0 3
2 6 4 8 3 2 0 5 10 0 2 3 4
5 2 1 5 5 8 9 1 10 13 1 0 7
1 11 14 17 1 1 5 26 6 1 11 4 9
3 2 0 2 10 1 6 7 7 3 1 2 12
4 3 1 1 2 1 3 1 5 3 4 3 1
4 0 3 0 0 6 5 6 0 2 0 0 3
12 3 9 10 1 5 8 11 5 2 6 6 5
7 4 7 2 1 7 3 4 3 6 2 0 6
7 2 1 3 5 20 4 7 6 3 14 1 2
6 8 10 10 13 1 2 2 8 6 9 4 6
1 3 6 1 18 2 4 8 7 9 7 12 9
1 5 2 3 6 1 4 7 1 2 8 3 4
3 1 5 1 2 2 1 5 5 3 5 0 3
24 7 6 12 5 13 4 2 6 4 12 3 5
2 11 1 3 4 2 4 2 7 7 4 2 3
4 3 0 1 1 9 2 0 0 4 7 8 3
6 1 4 5 2 4 0 1 4 5 1 0 3
8 10 0 2 1 0 5 5 6 6 5 11 13
3 2 3 0 9 1 4 8 5 10 2 8 5
10 13 13 4 26 0 8 1 8 8 5 7 0
2 1 15 14 1 2 2 4 29 6 6 8 4
16 13 3 2 6 3 12 21 6 11 4 13 2
1 1 6 4 19 2 7 11 9 4 8 17 14
7 1 0 14 18 15 13 14 10 5 13 7 1
1 6 10 3 7 2 1 7 0 4 9 4 2
2 0 1 6 1 1 8 5 7 5 5 4 6
2 1 3 3 4 1 6 2 8 2 2 4 1
0 4 2 3 7 5 5 0 2 4 9 2 3
14 5 6 9 4 8 7 18 14 2 11 16 9
2 2 2 2 6 1 6 4 4 1 4 0 5
2 7 1 5 2 2 4 0 8 2 3 1 2
7 5 16 3 8 8 3 7 3 1 6 1 7
2 3 7 11 2 0 1 2 5 9 6 3 12
4 1 10 11 21 5 8 12 2 7 9 4 2
2 6 12 7 6 4 5 11 2 13 3 5 1
5 2 6 1 5 0 4 3 5 0 3 1 0
8 9 3 0 20 2 9 1 7 16 3 1 5
4 0 13 4 11 15 7 1 11 5 16 17 1
10 10 3 18 21 2 13 4 18 2 3 2 1
8 0 0 7 0 13 4 5 10 2 6 2 1
6 11 11 4 2 7 23 9 8 4 8 12 12
9 9 10 19 14 11 5 6 11 0 2 8 2
11 5 12 3 12 1 3 1 8 3 13 4 5
1 4 9 9 7 0 5 3 6 5 2 13 2
4 4 6 0 1 6 0 11 2 9 14 5 6
3 1 4 17 5 6 1 2 2 2 2 14 1
5 4 7 7 0 8 3 2 3 5 11 12 2
1 1 5 7 5 0 1 1 4 3 7 18 6
4 6 5 2 4 0 14 13 6 5 1 7 5
7 8 4 3 7 5 10 1 14 10 4 3 10
3 2 0 2 5 2 2 3 1 5 3 1 1
9 7 6 6 12 7 5 7 9 2 5 8 1
2 8 7 0 5 10 6 7 13 8 7 4 8
0 4 1 4 15 7 1 2 11 6 3 1 6
7 5 3 5 0 2 1 1 3 10 3 5 1
5 19 6 10 11 9 11 6 10 2 2 4 18
3 1 2 4 6 5 4 3 3 2 2 3 3
11 5 6 1 15 14 6 15 3 5 6 0 1
16 3 7 17 9 11 5 2 2 11 7 17 1
6 7 9 27 6 5 2 5 6 14 2 18 1
2 4 3 0 5 7 2 3 13 7 6 7 1
7 6 1 0 4 5 1 5 4 5 5 2 2
3 3 12 4 11 2 1 1 2 5 12 10 2
5 0 11 12 13 1 3 2 6 3 11 9 14
6 26 13 1 3 1 9 3 6 7 0 0 8
6 6 2 1 5 2 4 7 5 13 10 11 13
2 1 3 1 2 13 2 11 0 8 5 3 13
9 4 5 0 10 4 6 5 10 3 10 22 9
7 1 11 3 4 3 10 1 1 1 4 6 5
2 6 0 0 6 2 11 5 7 8 1 7 5
3 2 4 7 3 10 4 0 3 9 5 3 5
6 1 6 7 5 3 6 1 5 4 1 9 3
2 3 3 8 4 3 1 1 6 7 2 7 1
0 4 0 7 2 0 5 2 4 0 10 8 1
9 2 0 11 11 15 0 4 0 9 0 9 6
3 13 2 12 15 4 5 1 6 3 3 1 2
0 6 4 3 1 8 1 1 12 5 11 2 2
12 9 17 5 5 11 1 2 12 6 1 3 12
7 6 1 9 12 8 12 11 13 2 12 5 3
9 5 3 4 3 9 3 15 7 0 6 4 7
5 2 1 1 2 4 5 4 0 5 0 2 1
4 0 1 7 9 1 0 2 2 1 2 1 5
3 7 3 7 1 1 2 4 4 4 1 1 0
3 9 1 12 1 2 18 9 5 5 1 11 2
12 10 6 4 4 1 8 20 6 6 5 0 2
3 15 4 4 8 6 11 19 3 2 1 11 3
0 1 6 2 11 8 14 2 7 3 7 11 8
1 9 17 2 5 1 7 19 14 3 16 9 11
1 7 3 1 6 15 18 7 12 2 3 17 2
4 10 7 5 4 1 0 17 12 16 10 4 9
20 10 4 3 4 3 16 22 1 2 5 10 5
5 0 2 9 21 8 9 6 3 12 9 9 14
13 6 1 1 9 3 7 5 0 9 13 10 4
3 1 1 1 3 3 1 1 2 4 11 4 5
4 16 8 7 9 1 1 13 3 2 2 4 2
0 4 1 1 4 2 3 4 1 8 11 1 4
5 3 3 1 6 5 1 0 3 1 4 6 2
1 6 2 4 1 8 0 5 2 2 3 3 1
10 4 3 5 5 6 0 17 4 17 12 16 21
6 8 0 4 4 11 2 1 5 8 9 2 4
0 5 4 0 10 3 3 10 2 3 3 3 4
5 3 4 1 3 4 9 6 0 3 10 3 1
12 16 3 1 6 2 3 4 10 16 14 6 0
11 3 7 2 6 2 2 0 8 5 5 4 2
8 2 4 6 20 9 5 4 7 7 11 13 3
5 7 4 8 1 8 6 1 7 1 15 2 3
2 2 17 10 2 13 4 7 8 6 3 3 7
0 2 2 5 2 19 11 4 4 12 9 9 1
6 3 1 2 2 3 4 5 1 3 2 2 1
12 3 13 3 2 28 5 4 7 7 0 7 5
6 9 4 2 3 8 6 5 2 8 18 3 1
25 1 2 9 4 11 7 1 5 6 3 13 3
6 5 10 1 1 19 4 4 10 6 4 5 1
5 2 3 4 0 2 0 3 4 3 3 2 2
2 13 6 3 4 11 17 15 2 8 6 2 10
9 4 4 1 1 5 10 1 6 8 1 6 9
8 6 3 7 3 7 10 9 3 7 6 2 5
11 12 9 14 21 1 4 2 7 6 21 1 6
4 4 12 2 2 7 17 30 1 5 7 9 1
3 20 5 10 16 1 19 2 7 4 10 1 11
5 19 4 21 11 6 8 10 6 4 16 1 5
6 9 21 13 0 12 14 2 1 2 7 13 14
1 3 1 3 1 4 0 1 1 4 8 1 5
4 9 2 4 1 0 2 2 2 2 7 6 1
10 10 8 6 7 21 8 17 0 1 3 10 12
5 0 4 1 6 7 13 11 10 11 5 2 1
6 4 17 22 0 6 17 7 0 12 4 9 10
6 4 0 10 1 2 2 2 4 2 2 1 3
1 3 2 4 8 3 12 3 9 2 1 2 7
9 21 2 14 12 7 2 12 11 8 6 5 5
1 10 11 8 4 9 3 10 2 9 6 13 27
13 18 3 7 3 5 1 6 9 12 1 5 0
0 3 4 1 6 4 6 9 7 0 4 1 2
3 14 2 4 8 1 5 6 3 5 6 10 3
5 3 0 3 4 13 1 7 1 7 1 3 4
3 3 8 8 10 17 2 8 5 0 18 9 21
11 10 17 7 4 6 5 17 7 17 0 9 12
3 1 11 5 14 3 1 11 14 11 1 1 8
10 7 6 6 2 1 7 5 1 10 12 9 3
7 1 7 9 2 12 2 5 3 0 11 0 6
6 7 5 2 7 8 3 4 2 15 5 0 12
11 8 12 3 16 13 10 12 9 8 3 3 3
6 1 2 4 2 5 6 8 2 7 9 7 0
3 1 4 1 1 7 0 2 0 1 7 4 3
1 4 5 6 6 6 2 2 4 8 6 6 7
7 5 13 1 1 3 8 6 8 11 9 29 8
2 3 3 1 1 7 4 0 2 3 4 2 1
11 1 1 2 0 1 9 6 3 7 0 6 2
6 18 2 5 14 9 15 2 4 8 9 9 20
8 0 10 2 15 10 11 14 2 4 5 4 2
1 8 1 1 6 5 3 4 3 2 4 1 2
7 6 1 6 7 6 8 5 6 7 4 4 3
5 1 4 15 11 7 10 17 10 6 5 6 0
6 1 5 17 2 19 8 10 4 9 0 8 6
12 8 7 10 10 11 2 7 1 7 3 3 2
1 12 2 10 1 12 15 2 3 5 4 1 5
20 11 10 1 11 16 7 9 7 5 3 5 16
10 11 11 9 12 2 8 10 12 3 6 7 9
7 6 5 0 4 4 6 0 7 8 9 0 2
5 3 1 8 9 4 16 3 4 7 4 9 6
2 3 3 3 1 5 6 5 2 5 6 4 4
2 0 3 7 5 3 6 2 2 2 6 3 5
6 12 2 15 0 7 1 8 9 21 6 4 16
2 3 1 2 10 4 1 2 1 9 7 8 3
4 2 11 5 6 0 13 4 1 5 15 9 1
3 2 4 6 10 1 4 1 5 0 4 5 3
1 3 1 1 3 5 1 2 7 5 1 4 3
2 14 7 0 5 7 7 9 3 6 5 13 10
4 1 13 10 2 2 12 6 7 11 13 5 1
3 9 11 4 2 1 3 7 14 1 15 10 13
3 2 14 12 6 15 7 13 3 2 11 2 2
14 12 2 4 9 2 9 11 5 3 1 0 7
8 3 7 3 0 2 3 2 8 1 15 8 5
5 2 4 1 0 6 7 5 7 1 4 3 5
1 7 3 6 4 11 2 3 0 8 3 11 5
6 3 4 3 9 12 8 7 11 4 8 1 6
6 10 6 6 3 7 2 16 1 3 2 2 8
6 17 1 3 15 16 4 4 8 0 6 3 16
7 1 8 1 1 3 1 5 9 5 8 5 11
2 1 6 8 7 10 2 19 8 12 6 6 3
3 1 3 7 1 9 10 8 6 7 2 1 6
1 4 2 14 6 17 3 9 11 18 3 1 8
11 9 5 7 2 6 0 3 1 3 3 2 2
6 2 7 2 3 0 1 1 5 6 0 6 9
10 2 2 6 3 1 3 8 2 1 5 0 0
8 9 2 3 2 10 5 2 7 2 17 3 10
9 0 2 6 4 1 4 20 7 17 8 6 2
1 4 9 8 7 2 5 13 6 5 3 7 15
3 1 3 5 6 10 5 16 2 3 12 0 1
7 2 6 3 9 2 5 6 2 14 19 6 2
2 14 3 11 1 1 3 3 1 0 2 8 11
10 21 15 3 16 2 1 7 7 8 10 8 1
8 2 8 20 17 5 2 4 7 4 1 4 2
4 2 12 2 2 4 5 11 2 3 1 5 6
2 7 4 4 1 1 11 11 9 18 4 4 2
7 13 3 3 2 12 13 7 15 4 7 1 8
6 3 1 1 2 0 4 2 1 4 3 7 0
2 1 4 3 0 9 4 1 3 4 0 1 3
10 1 1 2 1 6 1 6 5 4 9 5 7
10 16 18 2 3 1 4 9 11 13 16 4 14
3 3 7 4 6 9 7 3 4 2 5 4 9
8 15 10 9 1 13 13 4 11 2 14 1 6
1 1 2 2 0 8 5 6 8 9 6 2 8
20 1 5 11 4 8 4 8 6 6 4 17 3
3 2 5 2 3 6 2 4 4 2 7 5 8
7 7 7 7 2 4 4 4 6 4 1 7 9
4 10 1 3 3 5 1 4 3 3 2 2 1
2 2 5 3 5 6 12 5 4 2 7 11 8
3 1 0 2 2 8 4 4 1 5 0 3 0
1 1 4 8 4 7 2 3 10 2 8 4 5
4 3 16 2 11 10 5 4 11 0 11 2 2
8 4 0 0 1 3 2 10 5 1 0 5 7
5 1 11 4 9 2 6 3 8 5 7 6 1
9 5 10 1 0 8 11 9 4 5 7 5 9
5 4 1 6 2 1 2 1 8 1 2 2 6
1 18 1 2 2 0 10 4 1 5 1 6 1
3 3 0 10 0 13 12 6 4 8 13 0 6
13 5 6 7 9 14 7 15 6 8 17 3 4
4 13 8 17 15 1 3 13 6 1 12 17 8
1 5 8 7 3 7 2 12 2 7 0 2 10
2 1 3 2 0 5 6 1 6 1 0 4 4
4 2 4 3 8 2 9 1 3 5 13 1 6
9 1 7 4 1 20 4 12 3 4 1 8 15
1 16 2 7 6 2 1 17 1 4 1 9 6
4 0 3 1 4 3 4 13 2 3 7 8 2
11 2 2 15 4 11 30 7 6 6 3 1 3
4 2 10 10 7 2 3 23 7 9 1 17 7
15 12 1 8 7 13 10 3 5 3 6 12 1
2 1 14 25 3 3 11 9 6 9 2 12 9
2 0 4 1 3 4 0 0 4 5 5 2 2
3 2 12 3 3 2 0 1 8 2 9 2 1
8 15 3 12 0 2 19 10 4 3 4 14 8
4 17 7 9 5 0 2 25 4 3 11 6 15
13 12 2 3 5 10 6 7 2 12 1 17 7
6 14 3 4 2 21 6 8 3 2 1 15 8
3 4 1 1 6 7 0 1 7 1 1 3 5
6 4 2 5 2 0 1 5 4 3 4 6 4
5 2 0 4 2 0 7 2 1 2 3 2 1
5 5 1 5 12 1 4 2 2 5 1 0 1
11 6 1 16 2 4 10 3 20 3 14 4 7
13 12 5 9 9 3 4 3 13 11 9 8 11
2 5 2 2 5 1 2 3 2 1 3 6 1
7 5 20 13 2 10 3 15 11 1 10 6 2
1 12 8 3 0 8 9 8 13 7 5 8 11
2 1 11 1 3 5 1 6 13 0 3 13 4
5 6 4 5 2 8 0 1 7 3 1 7 4
9 9 1 6 5 3 1 2 22 13 16 4 1
20 9 2 2 2 11 2 18 1 8 5 12 6
9 6 3 2 4 7 2 5 12 7 8 2 10
4 9 4 4 2 4 1 3 10 3 1 11 2
1 13 3 5 4 1 2 1 6 7 2 0 2
0 1 1 1 2 2 9 5 1 1 0 6 4
4 1 2 4 0 5 0 3 6 5 1 7 4
8 6 3 14 0 2 1 10 9 5 9 11 6
1 3 5 3 1 5 2 5 0 5 2 2 0
1 1 2 2 1 0 2 2 5 5 6 1 4
3 0 5 2 5 15 24 6 0 8 10 18 6
4 4 2 3 1 3 4 6 0 1 1 2 1
10 10 17 5 9 4 11 6 1 17 4 12 4
1 14 12 5 2 5 8 13 0 6 5 1 8
9 14 11 11 11 8 3 4 6 2 18 13 2
6 5 6 1 2 1 7 6 3 4 1 4 6
7 4 6 23 10 4 6 0 5 3 21 2 4
15 4 1 7 12 7 5 10 17 2 5 5 6
1 1 7 8 1 8 2 3 3 2 7 6 8
1 0 7 4 7 3 7 6 1 6 4 4 1
4 7 2 18 9 9 10 4 11 1 2 5 15
5 7 3 3 5 4 4 2 3 8 4 1 2
4 20 7 6 9 14 12 11 8 6 11 2 13
4 14 4 0 12 4 8 2 0 4 9 4 6
3 10 4 2 9 11 12 11 12 15 14 10 9
6 5 1 2 2 2 18 2 8 8 12 3 11
16 9 3 10 16 7 5 5 0 6 21 9 10
4 19 1 19 3 15 7 5 12 8 0 0 0
3 4 4 11 3 7 12 10 6 0 10 7 4
6 4 2 1 4 3 3 6 13 8 6 10 7
2 1 2 3 3 8 2 5 4 3 4 1 2
1 1 1 15 5 1 4 1 1 3 4 6 1
10 7 4 18 23 7 5 14 4 8 7 5 1
11 9 2 8 17 12 7 4 1 11 14 16 14
5 11 10 5 17 3 3 16 3 1 5 0 2
7 6 11 3 2 3 3 5 6 1 2 3 16
3 4 1 9 6 0 1 1 3 6 4 1 9
5 7 8 5 3 6 4 2 7 6 2 4 0
9 8 4 14 7 4 12 2 3 5 4 1 0
14 0 6 0 2 6 2 8 11 5 5 9 6
1 8 12 9 3 13 1 7 2 6 2 9 21
5 0 3 2 5 3 3 2 3 0 2 1 4
2 5 3 4 5 1 7 3 0 8 6 4 12
8 9 11 10 9 21 0 10 8 9 2 7 10
5 2 2 2 10 12 2 5 1 3 1 4 5
13 11 6 10 6 19 6 2 2 22 10 5 4
2 9 12 6 1 4 1 8 1 3 2 11 9
12 15 1 1 7 8 9 5 4 21 18 0 9
20 8 3 12 19 9 1 2 5 1 13 4 6
9 2 3 2 1 19 7 9 12 13 1 6 13
14 3 6 10 1 4 7 9 7 2 3 3 16
9 7 4 5 5 15 6 9 3 6 7 4 10
19 15 8 1 2 2 7 1 3 0 16 5 2
12 11 13 11 4 2 9 3 8 6 5 4 1
5 5 3 0 5 2 5 1 0 1 6 4 3
1 16 6 10 15 1 20 8 2 5 9 1 11
3 7 7 5 2 5 2 6 7 6 4 5 0
4 2 3 12 10 1 11 6 0 2 4 12 5
7 4 2 1 1 0 1 5 2 2 5 1 5
1 6 1 4 7 2 2 11 2 6 5 13 1
4 0 4 1 1 2 2 1 5 1 8 4 2
3 2 6 1 1 1 2 1 9 8 3 3 0
18 5 10 1 3 8 10 9 9 10 4 0 15
5 5 2 11 6 2 1 11 11 11 7 3 2
8 3 2 4 10 6 3 9 12 8 8 2 13
0 5 11 5 8 5 4 2 2 11 5 2 3
7 5 0 5 2 1 6 6 3 4 0 0 4
4 14 10 5 10 6 2 4 15 6 1 17 7
2 0 1 14 8 10 3 6 17 12 2 15 9
1 0 3 2 5 2 0 1 5 9 3 1 6
0 4 9 3 14 16 0 1 10 11 3 6 15
3 5 4 1 2 1 2 8 1 2 3 4 9
3 8 18 4 5 5 21 11 11 3 9 0 8
9 12 13 10 10 15 0 2 8 4 14 4 11
4 12 11 10 11 9 11 2 18 1 9 10 7
2 4 1 4 3 0 3 1 4 7 0 1 2
1 1 1 10 7 9 3 2 9 2 4 0 2
7 9 6 9 1 1 2 3 6 2 13 4 19
10 1 19 0 2 4 17 4 7 10 4 10 17
4 9 13 3 4 10 4 7 5 5 3 2 1
1 12 9 1 4 11 5 5 0 3 1 4 7
5 8 8 4 8 11 5 5 12 4 3 26 4
7 4 0 7 5 8 4 6 20 7 3 2 22
3 13 6 14 2 10 9 26 2 3 3 10 6
3 6 23 13 8 14 1 1 3 7 2 10 6
0 10 1 8 1 13 2 2 0 8 1 0 4
1 2 3 3 4 4 6 4 1 4 1 1 1
1 2 5 4 1 18 4 13 5 6 5 2 4
17 9 14 9 7 3 8 14 5 9 14 11 2
7 5 1 9 18 2 0 4 3 10 10 4 3
0 3 2 8 10 10 2 0 13 4 9 7 4
7 10 2 5 6 2 5 2 9 12 6 0 0
3 4 3 5 4 27 9 7 3 3 10 6 7
6 9 1 9 6 8 27 2 10 5 17 0 3
14 15 3 4 10 2 3 9 5 9 7 4 19
11 6 8 9 4 2 17 12 1 9 3 8 9
1 2 4 4 8 5 4 6 8 11 6 5 1
6 12 0 12 3 13 9 21 2 5 4 1 18
4 1 0 0 5 0 4 1 5 4 2 7 1
4 5 5 3 4 7 1 2 1 5 4 2 4
7 1 2 3 5 1 7 3 18 3 15 13 7
15 5 5 8 9 5 11 23 6 5 10 12 8
7 13 3 9 5 5 4 5 2 1 2 11 0
0 9 2 3 0 5 3 8 5 1 4 3 5
2 4 9 3 1 0 3 0 2 3 5 3 4
2 3 8 8 7 7 7 3 5 1 6 1 6
3 5 4 11 0 1 7 11 20 4 2 8 7
4 3 3 7 1 7 16 2 3 7 0 1 10
5 14 18 3 7 8 5 8 1 0 7 7 10
3 9 4 2 2 2 4 1 3 14 0 5 16
6 0 5 2 1 1 0 4 1 5 1 4 1
16 4 5 5 0 1 11 1 14 8 1 2 26
2 7 1 4 0 1 2 7 2 1 1 2 3
3 1 2 1 8 2 2 4 1 3 1 2 1
1 4 5 4 15 8 3 13 1 5 4 2 18
10 3 2 6 8 8 3 10 6 1 13 5 3
12 0 2 6 6 14 5 1 8 3 3 11 8
6 3 11 11 1 2 3 15 5 4 20 2 11
1 6 9 5 2 0 6 2 1 3 7 9 5
16 0 7 11 0 7 7 8 7 11 1 5 2
4 4 3 3 7 2 0 4 1 4 2 2 0
6 0 3 2 7 2 1 4 1 1 6 6 3
2 4 2 5 2 1 2 2 9 3 1 2 5
7 0 16 4 16 3 10 0 10 4 15 3 14
8 0 0 1 1 2 1 1 8 2 6 5 9
5 1 9 16 7 21 10 13 0 15 5 6 5
0 17 7 7 9 18 12 1 7 13 4 1 20
8 3 7 8 0 17 8 9 4 9 1 18 5
2 1 1 2 8 2 5 1 2 8 4 0 5
6 1 3 0 11 4 2 0 4 9 5 2 1
12 10 15 11 2 6 14 9 11 8 5 9 9
3 11 14 8 1 6 6 4 6 3 6 0 4
5 1 5 1 2 2 1 4 7 15 5 0 5
7 0 9 7 3 1 0 10 8 4 6 8 9
2 1 5 2 2 6 1 2 5 2 4 6 3
8 20 3 9 11 13 2 7 13 11 8 4 12
2 3 6 3 3 1 7 4 4 8 5 4 2
1 0 0 0 2 2 3 11 9 8 3 3 1
1 6 5 7 2 9 2 4 0 8 1 19 15
2 11 3 23 7 16 6 7 14 10 10 6 0
2 21 4 1 6 10 7 6 0 10 0 23 0
4 0 0 9 4 1 0 2 3 2 6 5 0
6 1 11 11 6 9 8 13 2 13 7 26 11
7 4 4 4 30 8 8 6 4 5 4 17 6
7 9 8 5 3 1 2 16 2 8 18 19 6
4 3 3 1 2 3 2 3 0 0 4 4 5
21 3 4 3 16 1 22 8 3 9 2 8 3
3 5 0 6 2 1 1 5 0 0 10 1 6
1 21 6 19 0 20 1 2 8 2 2 15 0
7 2 5 8 3 1 6 2 1 7 3 4 7
0 10 10 10 7 8 3 6 9 4 5 18 1
5 6 2 19 7 2 15 5 13 10 6 8 5
1 6 9 10 1 1 3 7 1 4 3 6 1
0 4 0 4 4 5 6 6 10 3 4 4 1
4 2 2 1 5 0 5 4 2 1 2 2 0
17 10 15 2 1 14 3 14 4 9 6 13 2
17 6 2 4 12 12 11 17 12 14 7 6 1
1 0 4 12 1 7 1 12 2 2 12 7 4
18 8 6 3 1 14 9 6 3 15 9 3 4
2 1 5 3 2 0 7 2 0 2 7 1 6
6 5 9 3 5 5 1 3 4 4 2 7 2
9 4 5 4 2 3 4 11 0 4 7 5 7
4 2 2 3 7 2 0 3 2 13 9 0 5
8 15 8 18 8 4 7 8 11 6 10 1 18
8 2 5 2 2 7 4 0 3 7 1 3 4
5 6 1 0 5 5 4 5 3 0 4 2 1
14 4 8 6 11 2 19 23 0 8 5 4 4
8 12 5 11 2 4 4 13 4 2 6 15 6
4 8 3 2 7 1 3 4 5 8 5 1 4
18 0 4 9 5 16 5 23 1 8 5 6 4
7 14 14 5 8 1 6 4 1 22 4 6 9
5 1 17 19 1 3 6 4 6 10 16 3 2
14 2 2 1 13 2 15 3 4 10 10 20 4
2 6 4 0 2 5 4 7 2 3 5 5 3
3 6 4 7 12 7 5 8 1 17 0 11 1
1 11 2 5 12 6 7 8 9 11 3 6 3
15 9 6 3 13 16 3 4 24 3 7 5 9
21 1 6 6 4 0 12 3 8 8 3 1 10
10 1 3 2 9 5 1 5 4 2 3 3 8
3 6 2 0 5 3 0 1 2 2 5 2 0
5 6 6 11 7 10 2 2 3 2 0 8 4
1 9 14 6 12 7 2 6 6 12 0 4 6
5 1 7 18 5 12 11 9 4 6 15 9 3
5 11 12 19 1 6 1 9 16 10 5 1 11
4 8 5 7 7 12 15 3 1 16 0 5 5
17 5 3 6 2 23 11 4 1 6 1 16 10
0 2 2 1 5 4 0 7 10 1 3 7 2
4 4 12 10 16 10 5 13 6 7 7 9 5
8 1 4 12 9 11 5 6 6 8 5 4 22
4 4 4 3 3 11 1 9 12 3 1 7 4
4 1 1 4 2 5 7 3 8 1 0 3 4
12 2 5 13 19 9 1 5 4 11 9 4 7
9 4 33 4 2 2 3 1 1 2 9 9 1
10 3 9 6 8 7 2 0 0 6 1 10 4
7 11 3 1 1 12 7 4 0 11 1 7 6
21 3 11 13 1 6 2 0 6 3 24 3 8
1 11 0 1 8 9 3 4 2 4 6 2 2
4 1 6 0 0 8 1 3 2 4 5 0 7
8 10 1 6 5 5 4 5 3 2 15 2 2
5 1 14 16 6 5 11 6 5 11 9 8 4
10 15 9 9 20 13 13 13 4 5 7 8 6
7 1 1 11 1 6 7 1 1 7 2 12 24
0 11 11 8 3 3 1 16 4 7 4 10 2
1 4 3 1 13 2 2 2 9 4 6 14 2
1 1 3 11 5 0 1 4 16 7 11 1 2
1 2 6 1 2 1 2 2 2 2 4 9 2
15 1 14 19 3 2 2 15 16 9 3 9 0
3 1 3 5 8 16 8 8 6 2 9 1 20
4 2 2 3 8 2 1 8 4 3 3 1 5
11 3 13 10 6 13 1 8 5 2 11 4 2
3 1 2 4 5 3 0 7 2 6 1 5 0
10 13 4 1 5 0 1 0 7 4 14 8 5
15 5 10 4 3 14 5 8 10 8 9 4 5
11 9 4 11 3 2 8 2 8 7 3 1 12
8 3 3 6 3 5 1 7 2 7 3 0 2
7 4 1 1 5 2 3 3 5 4 9 10 10
2 66
3 62
4 14
4 57
4 64
7 59
7 100
9 12
9 23
10 78
10 80
11 74
12 22
14 28
16 97
17 38
18 20
18 53
19 84
20 54
21 40
21 86
25 30
25 104
26 50
26 84
26 99
26 116
27 52
27 68
28 48
29 44
30 41
30 78
30 98
30 100
30 119
31 64
31 110
32 96
32 130
34 90
35 60
36 66
36 122
37 100
37 105
37 122
38 45
38 72
38 76
38 135
40 41
40 74
43 83
45 51
45 61
45 129
46 144
47 138
49 132
50 84
50 143
52 151
53 54
53 62
54 58
54 60
56 63
56 64
58 60
58 99
58 115
58 116
60 67
61 146
62 81
64 97
64 148
66 105
66 134
67 75
68 130
68 168
70 98
71 144
72 92
72 122
73 102
74 100
75 150
76 108
76 155
78 149
79 89
79 137
80 152
81 141
83 142
84 103
84 151
84 183
85 111
86 109
86 121
88 133
89 180
90 97
90 99
90 181
91 102
91 111
91 122
92 105
93 108
93 133
94 148
95 116
97 152
97 193
98 119
98 120
99 109
99 111
99 141
99 146
99 181
101 183
102 169
102 170
103 184
104 194
105 118
106 158
106 190
107 186
108 144
108 207
111 112
111 189
113 142
113 160
114 116
114 142
114 143
114 205
115 138
116 135
116 170
116 171
117 134
117 211
118 169
119 168
120 135
120 181
120 218
121 156
122 130
123 198
126 146
126 164
127 131
127 210
127 218
128 170
128 224
130 179
130 191
132 165
132 177
133 165
133 225
136 162
136 173
136 209
136 235
137 139
137 192
139 169
140 171
140 172
140 189
142 204
142 217
143 148
143 216
143 239
144 154
145 172
145 217
146 215
148 150
148 170
148 246
150 184
150 200
151 176
151 216
152 243
153 187
155 160
155 207
156 163
157 166
157 203
157 215
158 233
158 243
159 176
159 186
159 194
160 237
160 255
161 168
161 169
161 189
161 230
161 259
162 184
163 175
164 233
164 260
165 235
166 203
166 217
168 197
169 179
169 226
169 247
171 236
173 237
173 246
174 208
174 270
175 264
176 266
177 237
177 239
177 269
178 196
178 255
178 258
179 203
179 216
179 258
180 181
181 231
181 255
182 183
182 205
182 206
182 269
183 227
183 231
184 199
184 221
184 232
186 268
189 224
189 255
190 226
190 249
192 268
196 213
197 271
198 205
199 218
199 226
199 280
200 216
200 283
201 267
202 238
203 291
204 229
204 288
205 232
205 235
205 246
206 211
206 283
208 226
208 279
210 213
210 251
210 255
211 225
212 242
212 273
212 281
213 307
214 227
214 270
216 301
217 230
217 312
218 243
219 248
219 317
220 262
221 295
221 301
222 223
222 306
223 257
224 309
228 277
229 236
229 243
231 249
231 264
232 272
232 280
234 259
235 279
235 297
237 282
237 286
238 305
239 330
240 241
240 275
240 340
241 286
242 297
242 311
244 263
244 330
246 316
249 277
249 319
250 335
250 348
251 323
252 256
252 284
252 316
252 347
253 304
253 347
253 348
255 279
255 305
256 258
256 270
256 341
258 291
258 358
259 298
259 337
260 280
260 286
260 344
261 305
261 308
261 315
262 349
263 275
263 321
264 286
267 313
268 300
268 351
269 336
269 368
270 320
272 341
275 307
275 312
275 351
275 372
278 356
278 377
279 316
282 283
282 316
282 330
282 335
282 365
282 371
283 285
284 322
285 366
285 384
286 355
287 320
288 308
288 362
288 369
288 372
288 373
289 354
290 342
290 348
290 358
290 384
291 326
292 293
293 308
293 364
293 378
294 329
297 310
297 328
297 384
299 393
300 321
300 342
300 398
301 351
301 358
302 333
303 341
304 371
307 348
307 366
308 366
309 395
310 332
311 359
313 379
314 344
315 371
317 367
317 393
318 397
319 379
322 342
322 401
323 329
324 385
324 417
325 414
326 342
326 375
327 330
328 371
329 347
329 376
329 389
329 420
330 422
331 336
332 380
333 358
333 409
336 397
336 428
337 365
338 435
338 438
339 345
339 382
340 360
340 384
340 400
340 415
341 353
341 354
341 425
342 405
343 400
343 429
344 357
345 415
346 379
346 425
346 431
347 391
347 408
348 351
348 404
348 413
348 422
348 437
350 370
352 410
352 417
353 354
354 427
354 449
356 382
356 449
357 442
359 405
360 388
360 436
360 450
363 445
364 405
364 408
364 457
365 406
367 378
367 410
367 446
368 410
368 421
370 414
370 454
371 415
371 434
374 394
374 425
376 456
376 461
377 422
377 460
378 452
378 459
380 403
380 452
380 480
382 423
382 432
382 433
383 392
383 393
383 421
383 446
384 393
385 453
386 409
386 436
387 477
388 482
389 456
390 470
391 487
392 439
392 490
392 491
394 494
395 416
396 448
397 440
397 470
398 474
399 403
399 435
402 484
403 468
403 500
404 410
404 413
405 497
407 491
409 428
409 499
410 504
411 452
411 500
412 444
412 498
413 427
413 428
414 422
414 487
415 416
417 469
418 464
419 477
420 460
421 452
421 467
422 438
423 472
423 521
424 459
424 468
425 450
426 498
427 522
428 457
428 472
429 477
430 437
430 483
430 485
430 515
433 533
434 488
436 505
436 519
437 465
437 489
437 513
437 532
439 449
439 527
442 450
443 507
444 515
447 517
449 486
449 509
450 516
450 529
453 509
453 533
453 540
454 510
454 512
454 514
455 459
455 553
456 473
457 496
457 499
457 513
457 540
460 480
461 536
462 495
462 541
463 546
464 503
465 513
465 557
465 559
466 511
468 502
468 559
469 485
470 568
471 502
471 511
471 521
472 492
473 497
474 476
474 480
474 543
475 556
477 489
477 522
478 482
478 578
479 480
479 523
480 567
482 488
482 562
483 543
484 518
484 557
486 492
487 504
488 537
491 506
492 561
493 536
494 576
496 548
498 590
499 545
499 552
501 505
501 574
501 594
502 518
502 573
503 583
504 519
505 553
506 513
507 559
508 516
509 602
510 556
511 535
512 539
512 572
512 610
513 522
513 527
513 542
516 523
517 522
517 528
517 532
517 547
517 614
518 531
518 555
519 603
520 550
520 607
522 586
522 602
523 548
523 606
524 617
526 546
526 615
528 534
528 583
529 558
529 601
530 548
530 597
531 546
531 547
532 603
532 630
533 544
533 598
534 549
534 599
534 608
535 617
536 620
538 558
538 569
539 587
539 592
539 616
540 569
540 640
542 580
543 548
546 585
546 630
547 560
547 612
547 638
548 558
548 587
548 611
549 635
550 584
551 588
552 626
554 611
554 644
557 563
557 592
557 615
557 648
560 595
562 563
562 575
562 620
562 632
566 618
566 642
567 609
567 657
569 613
571 612
571 630
572 614
572 647
574 608
574 643
575 649
576 673
580 666
581 612
581 637
582 663
584 596
584 618
585 612
585 624
586 645
586 680
589 593
589 675
590 689
591 652
591 659
592 620
593 607
593 669
593 672
597 686
598 657
602 661
602 695
603 650
603 670
604 612
604 700
605 640
605 650
606 612
606 678
608 634
609 613
609 695
610 630
610 638
611 643
611 688
611 710
612 687
613 685
614 671
616 622
617 666
617 675
619 702
620 713
625 695
625 716
626 709
627 675
628 641
628 659
629 654
629 684
631 695
632 714
633 701
633 706
634 637
635 691
635 701
636 650
637 730
638 722
639 663
639 684
639 735
640 712
640 717
641 657
645 657
645 666
645 699
647 701
647 702
647 737
648 663
648 665
648 726
649 711
651 705
652 686
653 711
654 658
658 677
658 728
661 690
662 668
662 722
662 740
663 745
664 678
664 712
666 718
666 752
667 711
667 752
668 733
669 743
670 695
670 712
671 714
672 738
673 720
674 720
675 715
675 752
677 688
677 721
678 728
678 770
679 711
679 759
679 774
681 701
682 686
682 722
682 746
683 711
683 714
683 720
684 708
685 731
685 752
686 703
686 739
686 751
687 781
688 726
689 721
689 769
690 755
692 707
692 721
693 753
694 774
699 717
699 786
700 701
700 749
701 709
701 715
701 748
701 772
702 795
703 774
705 774
706 713
706 777
707 743
707 764
710 762
711 773
712 798
715 812
717 741
717 780
718 766
719 755
719 770
721 732
721 811
722 772
722 778
722 795
726 755
726 800
727 816
728 805
729 809
731 787
731 788
731 789
731 804
732 772
732 805
733 771
733 774
733 802
735 779
736 763
737 752
737 812
739 747
739 756
739 780
743 790
743 796
743 818
744 784
744 842
745 771
745 806
748 753
750 790
752 759
752 847
755 756
756 761
756 818
757 836
758 847
759 834
760 825
762 764
762 809
762 828
765 768
765 772
765 817
766 821
767 860
767 864
768 831
769 841
770 829
771 810
771 839
772 808
772 815
772 817
772 841
772 852
773 816
773 852
774 783
778 804
779 805
780 814
780 821
780 864
781 799
781 813
781 846
782 783
783 858
785 852
785 861
785 883
786 869
787 831
788 807
788 823
789 848
790 867
790 879
791 818
792 799
792 870
793 821
793 842
793 869
793 871
794 799
794 848
795 855
795 868
796 831
797 887
798 817
799 847
799 851
799 874
799 886
800 816
800 835
800 865
801 818
801 863
802 854
802 882
802 897
802 898
803 880
804 862
807 813
807 829
809 824
809 906
810 847
812 828
814 836
814 837
815 816
816 841
817 876
818 898
819 892
821 897
821 913
822 847
823 899
824 839
824 871
825 873
825 915
826 848
826 857
826 865
826 874
826 893
826 915
827 896
829 901
830 870
830 907
831 916
832 850
832 868
835 840
835 858
835 873
835 886
835 924
836 906
837 886
838 860
838 864
838 899
838 903
838 913
839 858
839 874
840 869
840 902
840 936
841 850
841 905
842 850
842 854
842 875
842 941
843 893
844 899
845 905
847 851
847 876
847 893
847 943
848 873
848 878
851 864
851 906
851 916
853 860
853 897
856 880
857 947
858 871
858 907
858 910
859 899
863 912
864 895
864 897
864 962
865 910
865 922
866 903
867 872
867 891
867 917
869 941
869 959
873 887
873 953
876 902
878 900
879 965
879 969
880 912
880 936
880 973
881 958
882 908
883 961
883 971
884 892
884 930
884 932
884 969
887 980
888 924
890 946
890 970
892 902
895 928
896 948
898 919
900 911
900 962
901 995
903 935
903 983
904 914
904 936
904 969
905 925
906 909
906 955
908 914
909 966
910 970
911 916
913 965
913 970
914 927
915 944
917 956
917 993
918 979
918 998
923 957
923 989
925 937
927 948
930 938
933 975
933 986
934 953
935 938
935 941
935 954
935 982
936 974
939 984
940 987
941 963
943 948
944 982
945 975
946 971
948 986
951 958
951 972
955 998
956 979
956 993
957 997
958 984
962 967
964 970
965 987
966 988
969 1000
975 994
977 998
978 982
982 993
983 992
985 989
998 1000
11 6 14 6 3 1 20 17 14 1 3 7 5
2 0 1 23 12 5 11 6 6 8 2 21 1
1 12 11 9 7 19 8 17 2 17 3 5 30
5 2 25 2 27 9 9 4 13 15 12 17 5
1 16 25 2 6 23 10 7 15 2 15 25 25
9 3 2 7 2 11 8 19 17 6 6 24 13
2 16 9 4 0 9 5 5 1 9 6 10 2
18 11 5 10 20 1 16 6 8 7 27 16 14
14 10 24 6 20 15 23 5 14 10 1 1 0
14 26 4 10 8 26 10 14 4 13 4 13 5
10 10 17 0 10 12 1 1 9 14 3 3 9
2 27 13 0 23 21 18 14 9 9 14 17 13
5 8 13 4 24 4 13 1 11 9 0 12 2
2 16 13 12 5 9 9 8 6 17 6 7 20
5 14 3 4 7 3 2 1 7 4 8 1 5
0 9 12 31 0 13 14 22 18 0 33 4 13
27 11 12 4 21 8 0 1 2 7 15 14 16
30 1 8 17 12 2 7 11 4 9 5 5 7
22 18 8 19 11 5 21 9 6 5 27 18 23
25 13 3 15 17 32 5 17 5 17 8 5 10
8 6 2 8 8 1 16 1 14 1 17 6 11 1 19 6 14 2 1 3
34 35 28 13 13 27 34 10 22 21 25 6 27 22 29 23 19 30 9 12
28 52 29 35 41 32 52 23 30 20 45 24 45 22 67 32 40 26 14 22
44 35 44 27 37 35 57 25 33 34 58 26 37 33 63 34 50 36 25 30
14 16 10 4 10 4 7 7 12 5 14 8 13 6 13 13 10 9 1 1
35 58 21 41 28 24 38 20 28 9 37 20 51 25 45 28 23 24 9 1
40 54 36 49 51 47 59 37 23 26 56 34 53 38 79 43 52 34 21 28
48 43 36 22 34 38 46 22 47 30 49 29 44 23 60 29 38 36 14 30
31 45 32 25 23 18 43 13 23 17 35 24 45 28 41 19 26 25 11 10
56 53 37 40 27 47 43 23 40 19 42 17 49 26 38 29 32 48 11 26
25 28 8 16 22 20 27 10 22 10 17 17 24 1 25 22 22 14 12 5
16 23 13 4 1 5 18 2 20 13 16 1 21 5 19 1 12 18 1 5
16 25 25 11 15 11 23 10 22 9 26 16 19 17 33 27 14 16 1 16
3 2 1 1 3 1 3 1 4 1 7 2 3 1 6 8 3 1 1 1
27 32 14 13 10 16 21 11 18 11 15 4 18 7 33 23 17 27 10 11
33 41 30 11 31 33 45 17 19 25 29 15 21 23 45 31 16 25 19 15
38 49 50 30 34 35 67 31 37 33 54 38 44 39 78 49 53 45 28 45
49 41 19 39 23 35 43 22 28 15 36 11 42 13 46 27 35 33 8 8
29 49 34 23 33 30 57 15 30 26 46 15 39 35 54 29 27 25 12 14
35 40 16 39 18 37 46 26 23 20 38 16 38 14 52 11 42 33 11 17
10 14 4 4 13 4 7 2 6 1 11 8 9 1 11 13 7 1 1 1
47 48 28 47 30 30 56 34 53 27 57 23 62 29 62 15 48 43 18 14
9 11 2 6 5 6 12 3 7 1 13 3 8 1 12 11 11 9 1 4
13 22 10 12 18 6 18 2 7 2 9 14 15 9 20 20 3 3 1 1
13 19 21 3 7 8 18 1 21 7 19 8 13 12 14 18 4 11 1 8
40 37 9 13 18 16 35 17 27 13 17 12 31 7 37 30 16 24 13 7
14 17 12 7 6 4 8 11 18 4 18 6 18 7 22 13 10 15 6 7
22 36 17 24 22 19 27 9 26 11 28 16 25 14 43 32 19 18 7 15
34 43 12 34 20 24 28 18 38 9 39 7 41 8 39 26 31 27 10 10
8 10 5 5 5 3 6 2 8 4 10 6 9 2 2 8 3 5 1 1
19 31 16 16 23 15 35 13 24 14 31 13 27 11 37 19 33 9 10 13
41 47 44 32 23 17 49 22 41 29 41 28 41 35 57 45 30 42 17 33
47 54 45 27 25 40 53 17 42 29 49 11 42 35 56 46 24 44 8 29
48 55 34 40 26 30 55 17 47 32 44 35 46 29 53 51 17 35 4 26
26 26 11 21 18 16 36 16 13 4 27 16 31 17 36 21 28 19 12 6
4 8 5 1 1 4 4 1 11 2 10 1 4 2 15 10 4 4 1 8
38 54 32 30 38 39 41 13 36 20 37 32 42 26 49 43 17 22 10 13
20 55 26 34 21 26 47 20 25 20 35 20 40 19 56 20 29 30 11 20
29 36 11 25 26 33 30 29 21 15 24 20 31 6 44 19 32 24 18 13
24 36 6 16 12 23 12 16 17 8 20 3 24 3 24 17 13 20 6 5
18 28 25 17 22 12 23 5 24 9 29 17 30 19 31 27 14 9 4 6
4 7 5 4 7 2 11 1 3 1 7 8 4 3 5 12 5 2 1 1
10 12 6 3 7 4 7 6 6 1 10 5 8 3 14 10 11 8 2 3
9 7 5 1 4 1 8 9 7 1 13 5 8 1 16 8 12 9 5 4
1 9 1 4 1 6 3 1 1 1 13 1 4 1 10 1 11 8 1 4
4 13 6 4 2 7 9 1 4 4 3 1 6 1 4 8 8 8 1 4
37 40 34 13 26 31 47 10 27 29 42 11 30 29 46 29 23 26 10 17
46 25 33 27 42 37 55 32 27 26 39 31 36 27 57 27 52 34 23 22
2 10 6 4 8 4 5 2 3 2 6 9 4 5 6 8 2 1 1 3
28 56 55 22 23 37 62 22 32 40 51 25 38 43 63 37 38 45 19 47
10 14 1 1 1 9 15 5 7 5 1 1 11 1 12 6 4 3 1 2
17 39 27 16 7 23 41 22 23 29 33 15 19 19 46 18 33 34 20 35
44 51 4 34 18 33 41 32 26 25 34 20 42 10 56 29 31 38 20 23
13 17 4 9 9 14 15 3 12 3 14 6 7 3 16 17 11 8 4 6
40 41 26 22 30 28 43 28 44 23 39 16 43 23 48 34 33 37 23 16
11 22 10 6 6 12 10 5 16 12 18 8 16 7 12 6 8 9 1 9
1 8 1 2 1 5 5 1 1 1 4 1 1 1 4 4 5 3 1 1
39 53 12 44 27 21 56 35 44 29 47 26 54 18 63 20 45 37 18 21
39 48 33 12 20 21 39 27 33 27 31 21 38 24 44 24 29 43 27 22
5 3 1 1 2 1 1 2 1 1 6 1 3 1 8 6 6 2 1 1
19 32 14 26 14 21 20 11 21 1 23 11 26 10 18 27 19 19 1 7
7 24 20 19 17 6 29 7 14 7 24 18 22 14 28 16 25 13 5 8
8 17 12 4 6 5 14 7 2 6 4 7 6 7 10 11 9 13 5 6
16 20 9 17 15 6 26 4 16 8 14 14 18 6 16 16 11 10 1 3
52 59 26 41 39 39 57 35 29 20 32 33 50 30 58 48 44 46 35 12
4 8 3 1 1 1 4 4 5 1 9 1 3 1 13 4 7 7 1 1
54 61 43 51 38 45 59 14 48 37 58 28 57 29 60 29 43 51 8 31
45 60 30 39 23 26 53 19 46 31 44 25 58 26 55 34 22 35 5 18
8 6 7 1 5 2 5 1 12 2 10 2 6 1 8 15 3 3 1 2
40 58 24 29 29 44 44 28 35 23 43 20 44 15 48 35 39 39 18 21
20 32 9 16 19 18 23 13 9 2 11 11 19 8 30 24 12 12 6 3
46 50 31 17 19 40 42 27 25 33 24 12 32 29 47 24 25 43 24 28
47 35 40 35 43 39 52 21 42 30 48 37 49 35 47 28 35 24 14 22
13 29 6 17 9 13 17 12 15 3 18 4 21 6 22 12 19 15 4 5
41 54 27 25 14 26 39 20 35 27 36 14 45 21 45 13 34 43 16 19
3 10 3 1 2 1 8 1 11 1 2 1 6 1 7 8 1 1 1 1
44 25 25 21 28 29 35 17 31 13 33 21 33 14 40 29 27 28 9 8
41 54 25 44 23 31 43 18 38 17 35 20 49 15 40 35 25 34 4 17
9 17 11 7 12 8 12 9 4 6 9 11 11 10 18 17 9 6 1 7
2 1 3 2 2 1 8 1 1 1 8 3 4 1 4 5 9 2 1 1
4 5 1 1 1 1 4 1 7 1 5 1 5 1 1 3 4 1 1 1
6 13 9 3 5 4 17 1 11 2 12 3 14 3 9 13 14 1 1 1
35 46 21 32 37 27 49 18 36 14 36 26 45 15 45 31 38 24 15 3
48 46 16 31 27 35 46 20 41 23 40 18 43 12 47 35 34 36 18 13
49 51 41 31 46 51 60 13 38 31 45 33 44 35 60 38 32 29 11 25
26 27 14 11 19 25 24 12 24 10 23 10 22 9 30 29 20 16 11 8
18 25 16 16 20 25 26 8 13 14 31 6 18 13 34 22 25 15 4 17
12 12 5 6 3 7 10 8 10 4 16 4 16 1 13 10 12 6 1 3
1 20 9 7 7 11 11 5 6 7 10 8 5 5 11 7 11 8 1 8
2 8 8 3 5 1 15 1 9 3 9 6 10 1 7 5 11 2 1 1
24 23 20 21 21 12 31 11 24 10 26 22 36 12 30 13 19 8 1 1
53 48 28 13 27 42 46 29 24 26 29 13 38 30 50 40 30 38 28 14
28 27 10 6 11 13 11 12 11 5 13 5 22 9 21 13 10 22 10 1
6 21 8 17 6 5 21 4 20 7 23 5 18 2 24 7 21 13 1 6
39 36 33 13 22 22 40 9 29 12 36 15 33 29 47 37 13 25 6 17
21 19 7 13 5 13 13 15 12 1 13 6 16 9 21 17 10 23 11 6
14 15 14 3 4 1 12 1 22 7 16 3 12 4 11 11 5 11 1 4
50 54 30 38 37 32 48 13 46 21 40 32 48 26 56 51 20 38 13 20
13 14 6 1 5 7 8 12 4 5 5 4 10 1 13 10 8 11 7 6
43 63 44 38 46 53 68 36 33 33 42 44 52 36 68 46 49 32 28 26
33 46 24 26 38 38 39 22 25 19 29 32 34 22 49 47 25 19 18 11
43 41 24 16 13 26 41 11 33 31 33 7 35 19 43 19 16 30 7 19
37 29 23 25 28 24 37 30 27 18 28 27 33 16 45 17 37 33 21 14
8 9 4 3 9 2 9 4 6 1 6 7 3 3 4 13 3 4 1 1
31 46 21 38 26 32 40 20 39 17 48 10 39 23 46 29 38 33 12 17
37 19 32 14 14 15 37 13 33 20 39 9 28 26 38 35 22 30 7 18
2 11 5 4 5 3 6 1 9 1 5 3 5 3 7 11 3 6 1 1
30 43 17 15 16 30 31 16 24 14 24 3 27 13 33 26 22 24 8 9
4 12 8 9 4 4 12 4 9 5 12 2 8 3 13 7 17 10 3 4
32 20 30 27 29 32 37 18 27 23 50 17 32 18 55 20 40 25 2 25
22 31 32 24 28 17 34 8 22 16 29 27 30 21 29 20 23 16 6 8
11 21 16 8 8 4 27 2 17 7 12 7 16 11 22 20 13 12 1 5
44 44 28 23 23 23 52 24 42 28 41 21 48 22 53 25 35 36 21 20
17 26 6 15 8 5 25 10 16 11 23 9 26 3 31 7 19 16 5 10
24 31 7 8 7 19 14 24 8 13 17 4 20 7 36 12 20 24 19 15
21 29 18 19 17 20 30 4 29 13 24 18 27 12 20 16 11 13 1 5
17 30 17 20 16 7 29 1 15 10 17 12 24 9 24 19 17 15 3 2
19 36 17 6 14 14 23 17 10 12 14 11 19 10 31 20 21 20 14 11
9 8 5 1 11 4 9 3 2 1 6 4 2 4 15 17 7 1 2 2
15 4 5 3 7 10 14 5 3 3 11 3 7 6 14 16 11 4 1 1
9 13 13 15 16 6 16 4 24 1 28 15 21 7 26 9 17 3 1 3
21 19 7 11 16 13 15 9 10 3 20 10 15 2 22 19 19 15 7 4
6 18 10 1 1 1 9 9 1 5 4 3 7 4 8 1 10 17 7 4
23 30 22 17 16 16 28 1 20 6 11 8 20 14 20 32 4 16 1 3
12 17 16 3 3 10 18 3 16 13 22 5 16 9 16 6 16 13 3 10
24 23 10 14 11 18 28 8 24 13 21 10 28 6 28 11 13 9 1 5
36 49 29 24 22 30 38 15 26 18 37 17 38 20 55 22 28 37 11 22
7 4 3 2 3 4 14 4 3 1 13 3 9 3 12 10 13 2 1 1
40 51 20 28 7 33 47 15 27 30 32 7 38 15 43 21 28 44 5 25
17 40 20 30 32 10 38 21 29 14 33 21 33 23 37 19 36 24 20 10
24 49 17 28 19 22 35 21 24 8 26 13 37 20 43 23 19 22 11 7
27 40 23 21 18 24 45 21 35 29 40 15 37 16 48 12 34 23 13 22
19 26 14 15 8 22 15 4 11 2 13 5 17 8 10 24 10 14 1 3
19 24 14 17 8 22 21 4 20 13 36 8 23 9 34 4 20 21 1 15
26 46 20 25 15 16 39 16 33 13 36 6 36 16 47 20 26 31 7 13
38 57 38 32 13 30 57 14 48 37 50 23 48 28 58 34 29 43 6 37
30 54 43 33 39 27 60 26 33 31 51 31 45 35 59 34 53 38 25 31
22 26 6 14 12 11 16 9 19 5 17 9 20 2 26 18 10 17 6 5
12 28 19 13 11 11 28 9 14 11 16 9 17 13 26 14 23 21 7 14
49 57 24 36 40 33 61 36 32 21 42 17 47 38 60 35 45 43 39 6
37 48 31 30 23 49 50 18 30 32 45 17 37 21 55 24 40 38 15 32
4 13 11 7 8 4 13 4 9 3 9 8 9 7 11 12 10 8 1 1
18 26 6 32 24 16 39 11 22 6 36 12 28 14 35 11 34 18 7 6
12 14 2 1 11 8 9 5 6 1 6 5 7 1 14 18 9 5 4 1
39 39 32 16 32 39 47 20 26 25 29 21 21 25 53 53 25 37 19 24
14 39 24 17 13 23 36 7 26 28 36 6 25 15 42 15 18 27 2 28
18 25 23 11 15 8 27 15 20 14 31 15 18 16 38 22 33 26 18 21
28 30 35 27 30 29 47 8 28 19 42 20 29 23 39 28 34 28 3 18
14 21 8 6 1 10 17 5 17 9 14 1 15 1 20 13 12 12 1 7
43 42 32 42 49 44 53 24 31 17 40 36 47 27 54 36 40 18 10 9
34 39 31 22 26 23 41 5 25 18 34 22 39 23 38 21 23 27 3 15
23 22 26 10 22 21 28 4 11 8 15 10 9 23 27 37 2 17 5 6
37 41 37 17 19 30 48 31 26 30 41 25 29 27 63 34 40 47 28 42
30 41 22 22 19 25 36 21 28 22 39 18 40 20 50 14 26 26 11 21
1 5 4 2 4 1 8 1 2 1 7 5 6 1 3 5 7 1 1 1
25 61 34 33 24 29 61 28 42 39 51 23 49 31 62 9 48 42 24 33
7 18 9 1 5 6 12 1 12 5 16 5 11 5 11 10 8 5 1 4
31 42 32 32 32 30 48 9 34 18 39 27 42 22 45 33 24 14 1 9
3 8 4 4 2 7 13 1 5 1 13 1 5 1 13 8 15 7 1 5
5 10 6 1 3 4 7 3 8 2 3 2 5 2 6 8 1 2 1 2
1 6 4 3 3 1 8 1 4 1 7 1 7 1 6 6 10 1 1 1
8 6 5 1 5 4 9 5 5 1 6 6 4 4 7 13 4 5 1 1
11 17 13 6 10 3 16 5 12 5 12 3 12 6 19 16 17 10 5 3
57 34 34 40 34 35 54 31 52 36 48 33 46 25 61 28 34 41 18 34
14 15 8 6 10 5 18 8 12 1 18 9 17 4 18 15 16 8 4 4
34 50 30 50 34 21 68 31 42 33 50 40 57 30 57 27 45 32 14 21
10 18 8 10 8 6 13 6 12 1 13 6 14 5 12 13 13 10 1 1
56 68 31 36 27 32 66 47 54 35 52 22 67 40 71 30 54 58 44 23
1 14 5 2 5 1 6 1 6 1 9 6 5 2 6 8 4 1 1 1
49 41 32 28 31 40 46 19 22 24 37 14 28 23 41 36 29 37 17 14
28 17 12 15 22 14 26 16 28 6 39 15 22 10 47 30 32 26 12 15
15 18 5 6 3 5 14 7 14 5 4 3 15 2 9 11 2 10 3 1
7 8 8 1 5 1 7 3 3 1 2 4 7 3 4 9 2 2 1 1
37 49 25 26 24 32 27 24 25 9 21 13 37 14 33 38 23 31 13 14
44 29 29 17 34 21 42 15 29 11 33 21 33 24 51 44 23 21 15 10
44 38 28 37 26 29 34 22 43 20 46 25 47 16 43 20 33 32 6 13
24 27 31 5 12 23 30 1 19 21 28 5 15 23 29 25 10 23 5 16
12 11 10 11 16 4 17 7 7 1 13 15 11 7 15 16 12 8 3 1
37 37 27 10 25 23 42 13 12 16 29 9 24 29 35 33 15 26 18 6
10 15 7 2 4 3 11 5 13 4 10 5 14 3 8 10 6 5 1 1
13 23 12 12 10 25 25 10 10 11 23 12 12 9 36 22 19 16 6 16
27 35 30 20 18 20 33 7 18 11 29 18 27 21 33 30 16 25 5 9
24 24 25 12 15 13 30 1 33 12 37 13 23 15 31 22 20 23 1 19
33 27 12 27 34 18 35 26 40 9 43 22 38 15 50 24 38 23 18 6
4 10 12 3 6 1 12 5 4 7 11 8 4 7 9 7 15 9 5 6
45 57 24 28 14 27 49 21 37 31 39 15 43 19 56 26 26 44 14 27
11 8 8 3 8 11 17 1 7 5 6 1 7 8 10 17 7 4 1 1
34 47 38 20 31 41 42 17 19 27 29 22 27 31 46 45 10 25 14 16
45 49 29 33 23 25 50 18 47 27 49 30 48 20 59 34 22 34 3 27
45 65 46 50 37 44 56 35 45 21 51 26 63 34 54 32 44 41 15 24
24 44 26 24 22 22 41 18 28 17 31 21 38 18 45 28 18 19 8 14
33 42 14 33 19 14 36 15 17 10 17 16 35 16 33 21 20 31 13 4
11 15 1 13 9 8 5 1 4 1 9 7 9 1 5 10 5 10 1 1
8 7 7 1 1 1 5 1 5 3 6 1 6 1 1 5 2 4 1 1
44 36 22 21 28 26 45 24 27 6 36 21 33 22 53 42 38 37 23 13
32 39 15 17 27 25 39 16 32 15 29 16 37 14 31 29 26 19 15 5
37 43 24 13 30 34 47 14 24 23 29 12 26 21 61 44 18 27 16 18
28 49 22 29 10 31 41 15 28 26 38 9 38 9 44 9 32 38 6 22
1 9 3 2 3 2 7 1 1 1 1 4 1 2 2 10 1 1 1 1
65 62 35 34 15 45 51 24 51 33 51 11 48 26 64 41 25 60 13 39
26 54 44 27 35 38 49 36 11 37 40 28 34 34 68 39 48 48 28 44
9 13 9 8 7 9 15 1 5 5 12 5 6 4 10 14 16 12 3 6
24 23 26 13 15 11 36 16 24 16 28 19 22 21 33 24 23 25 14 20
38 42 33 12 27 24 46 18 16 24 22 13 21 31 49 40 20 31 24 15
22 41 15 20 24 20 32 13 18 17 22 20 33 10 43 25 19 13 11 12
6 8 6 5 3 9 14 1 1 2 8 2 1 3 5 11 11 8 1 2
1 8 1 8 4 1 8 1 5 1 10 5 9 1 6 4 7 2 1 1
10 12 9 4 8 2 13 1 15 1 13 6 9 2 10 17 4 6 1 2
42 59 44 31 29 43 49 21 32 28 42 30 42 32 58 53 27 37 17 29
16 34 20 19 17 15 28 6 26 9 28 12 28 17 24 21 14 15 3 6
34 46 21 23 31 31 45 15 25 18 18 22 29 18 41 40 26 27 17 9
11 27 17 7 6 3 25 3 14 12 12 8 19 9 13 7 10 14 1 4
2 13 3 3 3 5 12 1 9 1 8 2 4 2 9 9 7 4 1 2
6 11 10 12 13 12 16 3 9 8 25 9 7 7 25 9 20 10 1 15
47 55 25 14 28 50 48 26 18 32 15 16 28 22 45 47 21 38 28 17
19 21 14 14 2 12 15 6 16 5 29 4 20 3 23 7 19 28 1 8
29 45 36 11 16 31 42 11 25 28 23 9 18 26 37 32 9 31 11 22
60 53 47 34 23 34 61 21 49 43 56 21 45 39 63 49 33 56 20 34
6 16 5 6 6 11 9 6 7 6 10 7 5 4 11 12 8 6 1 7
28 49 30 24 13 38 35 10 24 21 25 12 32 19 30 25 14 30 2 19
25 25 11 15 9 18 21 8 15 4 22 1 15 7 34 18 18 27 6 13
36 39 28 17 18 28 41 16 28 28 30 18 34 19 39 15 22 28 11 21
35 42 10 24 22 14 30 13 27 11 19 19 35 6 36 26 10 26 9 3
7 13 13 7 5 10 18 5 13 10 20 7 8 7 26 14 16 13 4 16
14 14 8 9 19 15 19 7 13 3 24 12 14 6 30 23 24 9 9 9
35 63 30 40 26 26 54 35 31 17 48 23 49 35 67 34 46 46 28 25
12 25 9 7 1 19 11 5 13 12 14 3 13 5 14 8 7 14 2 9
23 14 9 18 23 14 23 12 17 7 26 17 23 5 29 17 25 7 6 3
8 11 5 1 7 10 6 8 7 8 5 5 5 1 12 11 5 4 4 9
39 63 35 52 50 37 48 29 47 21 54 37 53 40 64 47 35 35 22 21
37 58 26 37 22 26 55 32 44 32 44 19 43 23 64 35 31 49 19 35
12 39 29 12 15 25 36 13 14 20 24 18 25 18 34 24 22 19 10 20
22 27 3 21 11 19 19 12 16 1 25 1 23 3 27 18 22 19 4 5
8 15 11 6 4 6 21 3 23 1 28 1 15 9 28 16 18 9 1 11
1 7 1 4 1 2 5 1 6 1 11 3 8 1 8 6 9 2 1 1
4 12 13 11 11 8 25 1 3 5 18 9 4 7 15 8 22 13 1 9
6 12 6 6 2 2 16 1 11 7 8 3 11 2 10 8 12 7 2 3
28 31 25 23 27 29 43 19 10 22 32 12 27 28 42 28 29 29 13 19
50 48 21 23 19 23 36 23 41 23 34 17 43 20 48 31 16 39 18 20
36 59 32 22 15 33 52 33 20 37 30 27 39 26 57 35 35 44 28 32
10 1 1 1 4 3 10 1 1 1 4 1 2 1 5 13 6 1 1 1
32 35 8 12 8 21 30 19 23 23 17 5 28 2 39 19 15 23 13 17
9 11 4 2 5 3 12 2 11 4 7 2 8 1 12 10 8 3 1 2
13 30 19 18 9 7 28 7 22 13 24 13 23 10 25 14 21 21 7 11
45 47 23 29 12 31 44 16 38 24 45 9 41 19 58 24 24 42 8 25
9 17 5 5 4 7 12 5 12 1 9 5 11 1 12 11 4 9 1 2
19 24 2 9 8 13 14 18 9 5 14 6 17 5 28 14 11 16 11 7
9 20 8 9 13 14 19 7 12 10 17 9 12 2 25 17 15 10 6 11
21 37 22 25 15 16 44 7 27 24 39 2 35 16 36 15 31 28 1 19
38 45 18 37 28 22 41 22 27 7 28 17 45 18 37 30 32 28 15 4
44 70 46 30 26 45 71 41 22 42 48 26 48 44 69 36 50 54 38 34
17 34 16 20 11 21 21 16 19 18 25 9 26 10 27 6 20 24 7 14
15 10 7 1 11 4 9 9 8 1 6 6 8 4 13 16 8 7 7 1
7 6 4 1 1 1 7 4 6 1 6 1 6 1 8 4 8 6 1 1
29 40 13 21 20 18 33 16 36 19 30 13 34 5 41 25 31 27 16 10
16 38 19 30 24 11 39 22 27 17 37 20 33 21 32 10 39 27 19 12
28 40 29 20 21 28 39 9 26 24 40 8 31 22 44 29 25 33 3 24
7 12 6 2 2 7 12 8 9 7 7 4 7 2 13 8 8 8 3 7
22 23 7 26 18 18 26 9 24 1 26 13 26 6 25 19 21 15 5 4
13 39 20 15 9 24 25 18 6 17 8 13 18 13 26 20 15 28 12 17
16 19 8 16 11 11 13 5 17 1 25 7 14 4 25 18 17 16 4 8
33 62 41 28 17 37 58 34 26 33 45 20 37 38 61 24 42 56 29 38
9 22 11 8 14 14 21 1 5 2 4 8 10 12 13 23 4 3 1 2
13 10 5 1 1 1 6 11 8 1 7 5 13 1 12 7 7 10 7 1
48 43 39 37 49 46 54 16 29 22 39 36 43 30 51 45 32 21 13 6
24 24 14 9 18 10 30 13 21 8 24 5 23 11 32 23 25 11 10 5
48 60 39 31 33 46 52 28 34 37 50 19 41 33 55 37 39 43 28 26
30 45 14 27 36 20 40 19 38 16 31 24 45 15 44 28 28 18 17 5
26 32 21 17 17 20 30 9 22 13 33 14 27 12 33 14 25 27 5 14
28 51 14 27 8 22 28 23 24 16 25 8 37 12 39 14 26 33 14 10
29 55 34 37 26 33 51 7 38 25 49 22 46 30 54 24 26 28 1 23
5 16 6 1 2 5 8 1 12 5 7 2 11 2 3 6 3 4 1 3
23 40 18 33 26 13 42 15 24 17 37 15 39 20 50 23 27 25 7 17
47 67 43 48 42 49 54 27 31 26 46 28 53 32 57 51 41 48 15 27
11 4 2 2 1 1 7 4 5 1 14 1 12 1 11 8 9 3 1 1
37 44 26 45 37 24 55 16 33 19 37 28 47 22 52 28 31 22 8 6
2 6 1 1 1 1 5 1 8 1 2 2 6 1 4 2 1 1 1 1
30 50 26 21 8 36 48 23 24 33 33 12 32 18 51 25 37 39 18 33
35 52 31 24 23 21 41 32 32 19 36 14 36 31 55 32 34 42 26 23
24 31 12 15 30 23 37 11 18 7 25 23 30 9 38 33 27 8 10 6
7 10 8 6 5 5 12 6 12 4 9 6 5 1 9 12 7 10 1 4
11 12 2 3 5 8 5 8 6 5 7 5 8 1 10 9 2 4 1 5
12 33 15 20 12 16 23 8 9 8 19 13 22 8 27 15 19 17 2 8
2 5 1 1 1 1 1 3 6 1 6 1 3 1 11 4 1 3 1 2
5 15 9 5 9 10 19 5 7 10 15 8 5 4 19 12 17 7 4 13
7 4 6 15 12 9 25 2 14 1 30 9 15 2 27 8 27 3 1 5
7 9 5 4 4 6 14 1 11 4 8 4 11 1 8 12 9 1 1 1
7 11 16 1 4 1 11 3 11 7 13 5 3 9 16 13 10 16 6 12
34 50 37 31 32 44 42 14 27 20 48 9 29 29 59 47 28 36 9 27
12 14 3 9 6 7 17 4 12 2 12 6 12 1 15 11 10 8 1 1
1 17 12 1 1 8 18 7 10 12 13 4 7 5 22 10 13 11 6 15
8 9 17 12 16 6 24 5 13 9 18 18 13 9 18 8 22 5 3 4
26 28 19 13 29 23 41 8 14 7 16 16 19 17 37 35 20 14 7 5
43 47 23 43 42 34 55 26 25 12 48 22 44 35 63 38 40 36 24 6
27 12 23 3 5 9 21 1 24 12 27 3 18 14 25 19 6 22 1 15
19 23 4 21 13 10 21 11 18 5 18 12 25 3 24 12 15 15 5 1
23 31 20 11 13 16 29 16 12 14 17 12 21 17 26 17 20 22 12 10
17 26 13 25 19 17 29 15 29 15 39 13 32 8 43 4 32 12 3 14
23 43 27 37 22 20 40 25 36 12 46 19 39 19 42 20 44 34 13 18
4 14 6 4 5 6 13 1 11 1 6 5 8 4 6 12 6 5 1 1
36 30 18 15 22 30 26 7 26 10 28 10 21 14 29 36 15 24 10 6
37 38 22 25 29 31 47 37 27 20 39 22 36 18 64 27 47 30 26 20
41 52 27 26 34 29 56 28 41 34 37 15 45 30 52 30 38 31 24 19
42 62 44 43 34 33 62 24 39 28 52 25 53 38 57 41 37 43 19 15
3 7 7 1 3 1 10 1 3 4 3 2 2 2 3 7 8 6 2 3
53 52 32 32 35 46 47 18 41 20 57 8 40 27 59 47 34 37 17 21
27 41 21 9 7 24 29 25 19 24 22 11 33 14 35 17 22 30 18 20
23 41 27 17 20 20 35 8 22 17 24 15 26 17 42 31 15 18 5 15
38 24 33 27 40 28 48 13 26 7 44 28 32 26 57 47 32 19 8 14
16 15 7 4 10 10 16 6 7 2 12 5 11 5 19 18 13 9 3 3
5 7 3 2 3 1 9 2 10 2 7 2 8 1 8 8 7 1 1 1
12 27 15 21 17 17 32 10 21 3 32 8 17 19 35 22 27 20 7 10
8 7 3 1 5 7 9 2 4 1 6 4 4 2 5 13 5 1 1 2
16 24 10 7 3 7 20 3 15 8 18 3 18 3 18 5 10 15 1 6
33 48 42 40 39 27 67 16 40 22 56 25 47 38 67 32 42 32 9 18
26 27 25 40 30 31 35 20 31 17 42 29 38 18 39 11 40 21 6 13
8 11 1 1 1 1 4 1 9 1 1 1 9 1 2 1 1 1 1 1
17 21 10 13 11 14 28 2 18 8 17 1 15 6 29 21 19 12 2 6
43 46 33 30 30 21 46 33 34 24 36 30 42 25 50 26 40 40 30 19
19 33 3 21 13 5 27 12 32 15 30 5 34 9 32 10 20 15 8 5
25 20 10 10 11 8 18 15 16 2 19 6 23 7 27 21 16 16 12 2
38 55 29 29 12 21 50 30 32 20 43 14 47 32 51 23 41 43 26 15
22 38 24 27 33 33 34 12 7 12 29 22 21 21 43 33 26 21 8 17
15 24 19 10 9 14 25 9 11 13 19 9 16 13 17 18 22 17 9 11
11 12 4 5 8 3 9 5 12 1 8 2 13 2 13 14 8 5 3 1
1 1 1 1 1 1 4 1 6 1 4 2 1 1 2 8 1 1 1 1
13 16 12 17 14 15 19 10 12 12 22 14 15 4 26 8 24 12 4 10
32 37 22 13 23 21 35 21 18 14 20 18 24 18 36 31 27 29 21 11
34 33 15 12 22 16 28 15 22 9 25 16 31 13 33 20 20 22 13 7
21 34 27 25 12 26 28 7 28 16 43 9 29 14 31 16 30 34 1 20
15 22 7 15 13 8 21 9 18 6 18 10 20 4 25 17 12 11 3 5
55 42 40 42 52 50 61 28 38 29 40 38 49 32 55 44 46 34 21 14
48 72 28 41 32 46 53 32 35 33 29 30 53 20 62 45 28 44 21 22
13 32 19 10 20 11 27 16 21 10 22 8 19 16 41 25 27 15 13 15
9 8 4 7 8 9 17 5 11 2 18 1 11 7 20 14 14 3 1 1
9 15 6 3 1 1 10 1 15 7 7 1 14 2 4 5 2 4 1 1
3 3 3 4 5 1 7 2 2 1 10 6 7 1 6 8 8 1 1 1
9 17 12 8 10 8 19 2 16 8 20 10 18 4 16 12 16 5 1 5
6 13 4 10 5 6 4 1 10 1 13 6 7 1 8 7 5 8 1 1
31 37 13 25 27 27 30 10 15 1 17 18 31 13 30 37 15 16 5 1
46 34 20 12 21 25 42 22 30 13 26 10 29 22 55 41 26 34 19 20
23 32 17 20 27 23 34 11 16 11 15 22 25 12 33 27 9 7 7 9
7 21 20 13 11 9 33 1 16 8 21 7 19 12 29 17 20 12 1 10
11 15 16 3 5 10 20 1 16 5 22 4 8 7 16 16 13 12 1 9
50 50 38 31 50 43 62 25 35 31 48 25 41 36 74 47 23 26 21 17
38 58 34 25 27 25 51 28 37 23 37 15 44 26 68 39 33 38 22 26
15 18 11 9 12 6 25 1 16 10 15 9 17 6 18 19 16 9 4 5
17 35 14 21 17 15 31 12 22 14 26 18 31 12 40 21 17 13 5 12
21 43 26 29 23 17 28 15 26 7 36 17 34 23 44 23 18 23 6 8
28 63 43 43 43 41 70 37 37 36 56 46 57 42 72 37 50 30 26 28
5 7 5 1 1 3 8 2 12 1 10 1 7 1 14 10 6 5 1 4
60 50 22 40 34 46 49 38 43 15 47 21 52 22 63 43 49 44 26 11
38 54 19 36 23 28 45 41 33 13 38 16 47 34 46 27 40 38 32 9
11 14 5 10 8 6 5 6 9 4 11 8 10 1 6 8 6 10 1 1
17 21 14 12 10 6 32 5 17 12 26 12 23 7 26 11 27 12 5 8
31 44 35 25 32 24 47 16 18 16 37 27 37 25 46 28 35 31 16 16
8 14 7 1 4 6 12 6 10 2 7 5 10 3 10 10 7 5 2 3
13 10 1 12 6 10 9 2 6 1 11 7 11 1 12 10 6 10 1 1
17 25 23 18 18 7 36 9 22 16 34 20 22 14 39 17 33 23 13 19
34 40 43 30 34 31 52 10 36 25 52 22 42 32 60 34 29 31 1 29
4 16 8 2 7 8 13 3 4 3 3 5 6 5 11 15 6 1 1 4
26 18 14 3 16 18 21 6 3 8 14 1 9 13 24 25 9 17 9 1
18 19 1 7 6 13 10 2 11 1 9 1 14 1 14 16 9 8 3 1
28 28 5 17 15 7 21 17 25 10 25 8 31 4 37 14 22 17 12 6
26 40 37 9 15 37 42 20 19 36 35 10 21 24 49 27 33 37 19 39
46 53 37 26 30 38 49 5 41 24 31 22 41 29 46 35 23 37 6 18
15 11 21 1 11 14 23 2 10 11 17 4 1 16 22 24 11 12 5 10
4 5 1 6 7 1 5 1 3 1 7 6 4 1 3 5 6 2 1 1
9 20 7 6 10 7 9 7 1 1 2 7 9 6 16 16 2 8 1 2
13 8 12 1 6 13 16 6 12 7 11 3 6 7 18 18 9 9 1 8
23 22 13 7 17 18 26 1 19 15 22 5 12 12 33 27 5 11 3 8
26 30 25 12 16 19 34 6 20 16 22 7 27 21 25 20 15 17 2 12
41 45 36 25 10 20 50 25 45 28 53 10 46 39 60 22 40 52 18 31
22 19 7 12 9 12 23 8 16 8 14 5 19 6 23 17 16 15 5 4
15 24 16 17 11 10 25 10 15 11 18 16 21 7 20 4 20 18 5 6
24 22 16 9 12 11 26 8 20 7 21 6 20 11 29 24 13 15 4 3
5 15 2 1 2 6 12 3 7 4 5 2 4 1 10 9 5 1 1 4
16 26 21 15 13 7 27 1 27 9 28 14 31 14 29 13 10 11 1 5
7 17 9 7 10 3 13 7 6 1 7 11 10 8 13 13 5 8 3 1
46 44 22 23 19 24 38 19 49 28 39 20 39 16 52 44 24 41 15 26
21 19 14 13 13 14 22 8 19 4 24 11 18 8 25 21 18 19 4 7
42 49 49 40 52 44 63 18 25 31 56 34 49 45 61 51 34 27 8 19
16 15 9 9 16 7 14 11 6 4 11 14 14 6 19 14 11 9 6 5
44 53 22 38 14 18 51 31 36 27 47 22 46 24 61 26 42 53 26 28
28 41 26 17 14 29 33 6 27 16 25 9 23 21 36 31 9 25 1 17
40 41 39 28 21 26 58 12 43 29 56 14 44 28 59 24 38 41 7 30
33 46 22 19 21 22 51 25 38 27 44 17 41 17 56 22 43 33 22 20
27 54 19 27 26 27 40 39 24 18 29 14 35 23 56 27 39 40 33 19
10 15 9 2 8 12 13 2 9 5 9 4 8 8 13 17 7 3 1 4
31 28 18 15 11 17 17 10 26 2 29 7 19 11 29 33 13 30 4 16
6 12 3 5 6 3 9 4 13 1 17 7 13 1 15 8 11 4 1 2
17 15 1 6 3 4 10 11 4 1 7 1 13 3 15 9 9 13 8 1
12 17 5 8 1 1 15 1 18 9 15 1 21 1 13 5 10 7 1 1
17 17 18 21 27 12 21 6 17 7 23 24 24 12 25 17 18 3 1 1
25 24 9 11 12 16 26 7 7 12 9 4 14 7 23 17 11 17 6 4
47 44 37 36 49 34 59 11 37 25 51 26 41 35 63 49 23 23 14 11
5 18 11 4 7 6 8 1 10 1 8 4 6 7 17 19 1 6 1 7
14 18 9 2 4 7 11 11 7 8 14 3 11 1 20 8 14 14 4 10
5 28 17 14 12 14 27 10 13 11 23 11 16 11 31 17 22 13 5 14
28 35 27 19 25 27 41 1 12 17 17 12 21 24 28 35 9 20 8 3
51 59 46 44 42 51 55 27 38 18 46 25 51 33 54 47 40 37 16 23
23 18 13 3 21 19 21 4 14 9 19 6 9 12 29 31 7 7 6 6
5 2 1 3 3 1 3 4 3 1 8 5 6 1 9 1 5 4 1 1
35 58 14 41 22 27 43 34 40 26 42 17 53 17 57 3 38 39 22 14
13 19 14 13 11 15 22 1 3 4 10 8 12 11 12 20 13 12 1 1
29 34 22 12 15 12 32 16 38 12 31 2 32 19 41 23 24 31 13 15
7 8 1 12 6 4 8 1 9 1 19 7 14 1 12 4 14 3 1 1
11 8 8 1 6 1 7 2 11 2 11 1 9 1 13 13 10 4 1 1
15 25 8 17 9 11 18 4 12 6 8 8 19 7 12 17 8 14 1 1
11 17 10 10 8 11 16 9 7 6 15 9 13 5 16 13 16 14 5 6
23 27 12 13 1 15 23 17 6 7 17 4 15 9 23 14 26 32 12 11
5 13 6 6 1 8 12 1 3 4 2 1 4 2 4 7 9 12 2 3
35 41 20 17 7 20 36 10 35 31 35 7 35 12 45 15 21 31 5 25
9 13 2 12 12 10 12 1 11 2 17 10 12 1 18 11 14 6 2 3
6 16 10 8 12 6 15 5 10 4 14 13 13 7 14 13 13 5 1 5
22 32 16 13 15 17 24 10 14 7 21 10 18 6 21 22 25 24 9 8
16 22 3 16 5 8 25 2 22 10 19 4 21 3 24 17 12 12 1 6
48 50 21 19 24 40 49 26 28 30 29 15 41 15 58 30 30 36 23 15
37 23 12 28 24 26 25 17 30 1 38 11 29 10 42 31 29 24 6 6
55 44 42 19 38 33 64 14 39 26 47 19 42 34 70 60 30 36 17 20
52 64 29 48 47 35 64 31 46 25 45 32 59 34 70 48 34 41 24 12
33 29 25 17 7 12 41 9 42 21 43 8 34 14 42 26 23 31 1 23
49 30 36 18 26 32 40 8 30 22 42 12 29 25 46 33 20 36 11 14
8 27 13 16 12 2 32 21 17 11 30 8 22 16 34 6 36 25 16 12
21 20 9 4 13 22 24 15 13 12 18 5 10 6 35 23 15 13 10 16
16 20 11 10 6 10 17 4 15 6 29 4 20 5 26 4 18 19 1 7
8 15 2 11 7 14 14 1 10 3 18 9 12 1 15 6 13 3 1 4
30 40 26 20 27 25 38 14 18 18 23 20 32 20 38 34 18 15 10 12
38 49 36 25 26 41 42 12 20 19 35 9 35 26 46 37 29 36 6 19
21 50 14 34 19 23 31 21 40 19 38 13 41 16 37 15 24 29 12 12
15 27 12 10 9 12 17 11 12 6 12 10 19 6 18 15 11 15 6 5
4 11 11 1 4 1 11 2 2 3 2 3 5 5 3 8 8 6 1 2
44 54 29 30 25 44 42 42 16 22 34 16 33 22 53 38 45 50 32 33
41 50 37 34 23 28 41 8 40 20 44 21 41 30 50 40 13 33 1 18
37 44 22 36 22 35 37 19 31 14 41 15 36 12 51 30 32 36 4 22
19 26 11 16 17 12 28 7 16 10 20 11 17 6 29 19 25 18 9 8
63 46 39 39 27 42 57 21 60 39 54 28 56 32 62 25 25 45 6 33
1 8 3 5 5 1 3 1 2 1 11 6 5 2 6 6 8 3 1 1
7 10 5 6 8 7 7 6 9 5 14 8 6 1 15 9 10 5 1 7
50 62 49 28 25 43 58 37 38 38 55 23 44 39 70 42 44 59 29 44
57 68 47 45 31 50 73 23 51 40 59 32 60 34 78 44 32 49 10 37
40 54 18 24 36 26 45 35 41 23 36 22 50 23 50 30 36 32 29 11
19 29 21 6 9 21 25 14 19 21 24 6 15 11 34 22 19 22 14 21
29 36 17 15 14 21 35 13 20 23 13 7 23 14 32 23 13 24 8 15
29 43 31 17 19 16 36 25 25 21 35 17 30 23 54 28 30 35 21 26
14 22 3 9 5 4 19 11 12 3 9 4 20 4 19 10 10 9 4 1
9 15 14 1 1 3 14 1 17 7 16 1 6 8 21 13 11 15 1 14
22 27 20 18 8 11 31 24 35 19 37 7 29 23 46 28 26 28 15 27
45 66 46 37 27 38 59 22 52 33 54 21 52 45 61 31 34 53 13 34
27 29 10 16 14 13 26 10 28 7 21 7 24 3 33 25 19 22 7 5
49 36 30 38 27 29 61 17 54 29 63 20 48 21 64 34 41 36 4 28
16 24 9 4 16 20 21 10 9 11 18 11 14 5 28 22 17 7 9 12
7 6 1 2 3 3 5 1 8 1 11 1 9 1 13 10 9 1 1 1
42 48 4 29 1 28 33 18 30 20 29 10 40 10 37 17 16 37 6 12
23 29 15 15 12 24 28 8 11 13 18 4 14 11 24 22 16 20 4 6
62 66 35 51 39 44 69 22 41 26 55 27 66 42 67 41 31 37 16 6
21 35 16 17 20 26 36 21 18 20 29 21 22 13 44 24 37 25 22 21
18 50 48 32 33 41 54 22 16 34 44 27 25 42 57 41 40 43 16 43
13 25 13 15 16 10 22 4 19 10 15 17 24 7 20 11 8 2 1 4
12 23 16 19 19 8 30 7 16 1 31 17 29 10 37 14 24 10 1 4
23 31 29 8 22 21 39 1 14 14 22 9 19 23 30 31 15 15 6 6
1 14 10 7 6 3 9 1 12 1 15 7 9 3 11 9 9 8 1 2
6 7 3 3 3 5 8 1 4 1 1 1 1 1 3 11 4 5 1 1
17 24 15 17 20 13 32 16 15 3 24 11 26 19 36 23 25 14 9 8
41 34 24 34 21 27 49 20 48 31 53 30 48 16 51 18 33 29 1 23
8 15 11 5 6 6 10 5 15 1 12 7 6 7 13 15 6 11 1 8
56 47 36 49 36 38 44 35 51 19 48 20 58 20 53 34 44 42 18 21
12 31 14 18 12 14 23 5 14 5 6 12 18 11 19 18 3 13 1 3
10 14 4 3 3 5 9 6 16 4 9 4 11 1 12 10 4 6 1 5
54 46 40 20 44 55 65 24 38 43 54 23 38 30 70 39 44 38 25 26
22 13 17 1 18 14 23 4 7 9 11 2 6 13 21 28 13 9 8 2
40 39 33 13 18 30 38 10 30 21 38 10 28 28 41 29 14 34 11 16
6 18 6 8 4 9 9 3 12 1 7 3 7 3 9 10 6 10 1 4
25 28 19 28 25 24 38 10 24 17 38 13 27 12 46 24 36 29 8 19
12 21 1 14 10 10 18 14 14 1 17 3 19 8 20 11 15 12 7 2
35 26 24 19 19 25 42 9 28 23 41 4 26 23 55 36 26 33 3 31
33 39 23 24 18 22 26 15 30 11 34 16 33 9 37 26 26 30 6 14
1 5 7 1 1 1 7 2 1 4 1 1 1 2 1 2 7 7 2 3
3 8 2 2 1 1 12 1 8 2 4 1 5 1 6 4 8 3 1 1
13 15 10 14 10 12 20 7 10 6 10 11 10 6 10 13 11 16 4 5
47 59 54 51 44 48 65 21 44 38 64 41 56 43 70 28 49 40 9 33
20 27 11 17 9 2 27 10 20 3 21 10 25 9 32 12 17 20 6 3
39 49 32 12 5 28 47 27 31 27 39 11 40 28 57 28 30 44 21 31
15 22 22 14 19 12 28 3 9 7 14 18 18 17 20 27 9 5 1 1
46 57 38 21 23 48 59 39 18 39 43 29 42 30 65 38 51 48 36 38
46 44 31 22 40 29 49 24 30 16 39 15 33 32 57 46 31 41 28 11
31 50 18 19 30 28 42 24 36 22 31 16 42 18 46 31 32 22 20 13
23 34 31 21 18 22 30 1 29 21 36 19 27 21 29 14 21 28 1 19
15 20 8 12 12 22 15 6 5 8 14 8 10 9 19 18 10 10 1 6
4 8 4 1 6 1 11 1 7 1 11 4 8 3 9 11 11 2 1 4
23 30 31 14 31 20 47 13 14 19 37 13 21 29 42 32 35 18 19 14
10 16 7 17 9 14 20 2 8 3 19 8 10 4 15 9 18 15 1 8
47 80 40 43 39 51 66 35 48 40 45 33 61 32 65 40 45 51 29 30
10 7 4 2 8 3 11 2 4 1 17 5 8 1 18 13 12 5 1 2
52 64 30 35 14 40 67 42 33 41 46 23 56 33 71 32 49 52 36 32
32 38 36 21 22 25 30 1 31 14 37 18 32 30 40 36 6 22 1 13
11 16 1 5 3 4 9 5 8 6 7 2 11 1 14 7 5 6 1 3
18 12 7 3 4 5 16 7 9 1 16 1 10 5 23 16 15 16 4 5
5 7 4 6 4 5 10 5 3 2 21 2 8 3 23 3 16 12 1 7
8 15 5 4 6 12 15 4 9 6 11 6 10 3 11 11 10 3 1 6
22 26 16 16 15 22 27 5 18 14 22 9 15 12 31 25 19 19 6 14
20 35 18 21 15 9 30 14 19 8 21 14 31 15 39 20 22 19 9 7
46 31 42 38 45 34 58 25 40 31 47 40 50 33 48 25 44 23 16 21
15 14 7 7 6 7 9 7 5 3 10 4 9 1 9 12 9 13 3 1
41 47 52 25 23 28 61 9 41 34 56 21 37 43 56 30 37 50 9 42
34 26 11 15 11 16 32 8 29 15 22 9 32 9 29 11 8 17 3 3
1 10 6 4 4 6 11 1 4 1 14 5 4 2 10 7 11 5 1 7
4 9 1 3 1 5 3 5 3 2 5 3 3 1 8 2 4 6 1 3
28 39 12 16 1 19 17 15 22 3 19 1 28 14 25 17 12 32 10 4
15 26 29 12 12 16 23 1 22 14 39 7 20 22 34 16 16 24 1 22
16 31 10 22 9 12 17 11 16 1 21 8 27 5 20 19 16 17 1 1
13 17 15 4 7 6 10 1 17 5 23 6 14 8 16 13 7 12 1 6
10 24 14 7 7 12 13 1 11 8 11 8 13 10 7 12 1 11 1 5
32 34 40 17 27 16 49 14 32 18 44 17 35 36 51 36 27 27 10 18
9 9 3 8 11 7 14 1 6 1 12 9 6 4 8 15 9 4 1 1
2 5 2 1 1 3 9 1 8 1 7 1 3 1 7 9 5 1 1 1
25 20 14 14 26 11 27 11 16 3 14 20 25 6 23 22 15 5 6 1
43 46 39 37 31 21 57 19 59 26 60 26 60 37 64 28 34 38 10 23
45 54 33 37 42 56 56 26 33 32 50 26 44 23 58 40 51 44 18 27
27 49 37 35 21 23 38 27 24 19 34 24 38 28 36 27 38 40 18 24
21 25 9 20 5 10 31 16 18 10 27 4 29 11 38 8 30 24 11 9
28 32 24 18 9 27 36 5 28 18 36 2 28 19 32 18 23 27 2 13
26 33 26 6 17 29 32 14 12 25 16 6 12 19 25 26 14 23 12 15
51 65 52 28 26 52 58 24 31 40 48 9 38 41 56 37 36 57 19 38
9 16 1 9 4 1 11 1 10 4 10 3 12 1 10 7 4 6 1 1
50 73 42 41 15 48 60 36 41 35 53 14 58 38 63 23 51 60 21 39
1 8 1 5 5 2 7 1 10 1 13 7 11 1 10 4 9 1 1 1
18 44 7 35 20 18 40 12 30 17 40 13 35 11 42 13 28 23 4 15
51 45 28 29 40 35 53 18 45 19 48 15 40 28 58 42 30 36 21 10
57 62 35 24 29 48 57 33 43 36 48 14 47 36 72 47 32 52 30 28
36 33 36 19 42 40 49 14 21 23 35 24 22 28 54 44 18 15 14 14
42 50 34 33 30 36 45 23 31 19 42 30 40 34 57 41 19 32 14 20
29 35 14 25 27 19 26 11 27 6 25 21 30 11 37 36 21 24 11 6
24 21 24 13 23 23 34 3 22 14 25 18 24 18 23 21 13 7 2 5
50 56 23 40 8 32 46 33 34 17 39 10 46 23 44 32 41 52 25 17
36 34 29 17 15 17 38 10 35 16 30 15 33 20 33 23 15 30 7 15
28 10 17 3 11 8 28 13 26 7 31 8 21 10 42 30 29 26 9 17
14 26 21 12 15 14 34 14 7 15 22 19 13 18 26 19 26 19 11 17
4 17 10 12 8 8 19 4 10 7 14 10 13 5 15 6 17 12 5 7
21 21 11 3 16 9 29 13 8 6 12 11 13 5 25 21 22 17 13 7
40 64 35 53 37 45 60 39 58 45 59 33 63 32 65 14 52 44 26 29
16 16 10 10 7 8 30 1 15 12 16 3 17 7 21 16 17 9 1 5
4 8 8 2 5 1 9 1 7 2 5 4 5 3 4 10 7 4 1 1
7 8 4 3 4 2 5 6 5 1 10 3 9 3 12 7 11 5 2 1
14 35 20 24 24 14 34 14 26 9 36 21 34 14 43 18 28 11 4 11
13 23 8 6 11 7 13 9 8 5 8 8 15 6 18 15 8 9 4 5
33 35 21 18 7 19 35 19 21 11 30 7 37 23 32 21 25 29 14 6
29 37 25 17 25 31 39 6 22 22 23 15 22 18 30 26 16 19 8 12
39 33 29 11 22 26 39 8 31 24 34 3 23 22 45 38 20 24 14 15
7 14 3 5 1 6 10 1 13 2 15 1 14 1 8 7 8 5 1 1
4 10 6 1 2 2 7 1 6 2 6 1 9 1 5 7 7 1 1 1
48 58 41 40 37 41 55 23 36 26 42 36 54 34 51 35 24 28 12 10
13 15 6 9 6 10 10 1 7 2 8 2 8 1 6 14 9 12 2 1
17 17 11 2 6 2 6 9 17 4 12 4 14 5 14 14 4 15 5 4
7 10 7 4 11 2 11 3 3 1 5 9 4 4 5 13 3 2 1 1
26 34 22 23 14 10 27 1 30 14 27 11 28 13 33 26 16 26 4 13
17 14 11 5 15 13 22 6 17 3 16 3 14 7 25 27 18 7 6 4
36 49 38 15 34 45 45 14 16 29 33 12 14 28 48 49 20 35 22 24
33 44 42 27 30 31 46 35 38 41 45 35 40 27 55 26 44 35 30 38
38 51 37 42 40 33 53 23 39 13 53 25 43 37 60 46 42 40 18 20
43 39 35 17 20 23 55 8 42 34 52 4 34 31 56 37 26 33 12 26
49 45 45 33 41 37 70 26 34 30 63 18 47 45 72 33 49 42 24 19
17 27 9 11 7 22 16 10 18 14 19 6 18 8 20 15 10 14 5 11
8 10 9 7 9 1 17 1 14 6 21 7 16 2 18 9 20 5 2 6
2 5 7 1 2 3 12 1 5 4 10 3 3 2 9 8 13 4 2 4
14 11 3 1 1 6 9 1 9 2 10 1 8 2 4 8 2 7 1 1
39 64 47 40 33 22 69 28 52 32 64 32 62 46 75 34 45 48 22 31
2 7 2 1 1 2 11 1 6 1 9 1 8 1 5 7 9 1 1 1
3 11 7 8 4 4 10 1 4 4 8 5 4 2 4 6 11 10 2 3
16 36 13 8 6 19 26 16 11 13 11 8 23 8 27 17 11 16 8 10
26 28 12 20 20 15 26 8 27 17 21 14 27 1 29 16 17 12 7 9
39 35 25 17 37 35 45 17 26 25 47 13 28 25 54 32 26 20 17 15
16 25 1 13 18 21 20 18 14 5 20 8 17 1 36 19 21 12 11 6
1 8 4 1 1 4 9 1 1 1 3 1 2 1 4 7 6 1 1 1
35 38 25 10 34 35 45 9 12 17 19 12 16 21 34 43 22 27 20 8
48 42 42 11 13 33 51 25 31 34 42 9 31 38 59 35 27 47 19 37
39 43 52 37 45 44 67 19 20 37 52 34 33 45 58 33 45 38 21 27
18 23 19 14 13 3 23 15 9 9 20 15 26 15 27 11 25 19 13 6
36 63 40 40 26 36 53 24 37 37 54 15 45 30 63 33 39 55 11 40
38 39 37 32 33 38 50 27 24 28 39 28 34 31 60 27 37 33 16 20
22 43 33 12 19 32 42 8 21 26 20 13 23 26 31 27 10 21 8 18
17 13 12 9 11 15 20 4 18 7 25 9 10 8 29 22 16 14 1 15
27 37 16 14 16 18 24 15 31 15 25 4 32 15 34 17 14 18 9 11
26 6 19 15 17 15 24 12 26 8 29 18 20 13 31 20 15 13 1 12
27 28 22 9 14 13 17 11 26 12 29 12 21 15 31 20 10 24 5 16
20 14 18 6 5 6 23 1 29 9 25 7 19 11 22 22 9 14 1 14
8 29 18 21 19 17 34 10 22 10 34 7 20 15 36 19 33 21 7 17
26 38 22 17 17 19 40 14 16 16 20 15 20 17 34 25 26 28 14 16
5 2 1 1 3 1 4 1 1 1 3 1 3 1 1 11 2 1 1 1
23 31 28 19 21 21 34 12 17 15 28 16 23 21 39 30 23 22 9 13
25 37 14 11 5 14 26 16 17 16 18 2 25 7 35 13 24 25 13 11
27 23 20 8 18 17 32 12 11 18 15 9 14 18 23 24 14 21 15 9
13 18 10 11 20 10 12 7 10 1 10 14 10 8 16 21 9 8 8 1
49 54 29 44 23 42 57 25 38 27 48 21 47 20 59 35 43 48 11 30
11 8 6 5 7 7 13 7 9 1 12 8 9 5 11 14 10 6 1 1
31 43 21 24 29 23 41 22 15 11 30 10 35 30 46 31 26 23 18 3
55 36 40 28 41 34 48 23 36 19 45 32 45 35 64 48 28 26 11 17
53 29 40 33 42 43 51 34 44 30 47 37 42 31 63 40 44 40 18 32
18 20 18 3 7 7 18 12 13 12 15 5 14 8 22 18 16 21 12 11
10 14 9 6 8 4 11 3 6 1 5 4 11 4 9 15 6 7 1 1
25 26 21 3 12 25 22 8 22 19 21 5 12 16 27 25 1 18 4 18
40 39 32 22 25 34 51 11 41 35 40 19 35 21 47 30 19 26 8 23
28 48 25 27 19 36 35 22 23 13 26 4 26 13 37 33 30 34 14 27
33 36 20 15 15 16 34 7 36 14 28 8 31 11 37 30 18 26 7 10
31 33 5 21 13 7 25 20 27 11 21 3 37 9 36 14 20 19 15 5
36 34 41 14 11 14 48 9 37 26 34 11 33 33 46 38 24 33 6 25
4 22 10 4 7 13 19 8 13 7 16 8 9 6 23 14 10 8 3 14
10 10 10 6 7 11 20 1 10 3 17 1 7 3 22 18 20 13 3 9
22 21 7 8 16 8 15 13 14 3 14 10 19 4 22 17 14 11 11 3
11 13 13 7 13 8 19 4 13 4 19 12 7 7 20 21 13 7 1 9
13 7 9 9 14 7 15 4 12 4 14 10 8 1 15 18 11 9 4 5
9 12 12 7 5 5 12 1 18 6 24 7 14 5 16 6 11 11 1 5
37 24 17 19 28 19 34 16 18 4 23 17 28 20 43 35 18 17 13 3
29 19 17 20 21 27 28 6 12 10 23 12 15 10 19 24 18 18 3 1
21 30 20 7 6 12 19 13 15 17 16 8 18 13 18 8 13 27 11 13
32 59 28 27 19 28 48 27 15 29 15 23 34 23 48 29 22 40 23 24
27 37 33 21 23 23 52 15 25 21 45 16 34 29 49 20 36 30 11 17
13 38 16 22 18 4 31 17 25 8 24 12 34 15 30 12 23 19 11 2
9 7 6 1 9 1 7 5 4 1 10 6 5 5 11 14 10 5 1 1
6 5 4 4 10 6 17 1 6 1 7 8 8 5 5 13 3 1 1 1
3 8 2 8 7 3 6 1 1 1 9 6 5 1 4 6 8 4 1 1
18 21 24 31 25 21 32 8 22 11 45 13 23 15 43 20 37 26 1 19
15 42 19 32 29 16 36 14 20 10 33 19 32 21 36 22 30 20 11 9
29 38 21 35 22 26 36 25 35 9 48 13 32 24 46 29 37 39 14 20
30 27 27 10 12 22 36 10 26 20 31 4 21 19 40 23 22 27 6 22
36 73 40 36 17 37 64 34 51 49 55 21 54 38 69 22 46 57 30 43
31 37 34 25 10 25 47 24 24 22 46 6 33 34 57 30 46 52 18 34
32 60 21 30 31 29 49 27 40 28 35 21 45 22 48 26 37 38 26 14
28 60 40 50 42 34 54 21 42 22 59 30 50 43 61 36 38 36 14 23
55 39 29 17 35 31 53 12 36 26 49 15 37 23 61 43 24 34 19 16
34 35 32 17 25 27 34 7 28 13 34 15 30 28 41 40 16 22 7 15
14 16 11 1 5 7 14 3 19 8 11 3 15 7 7 11 2 8 1 4
18 33 10 28 17 26 24 15 21 5 26 9 25 11 27 22 22 17 4 8
20 19 11 5 9 13 14 5 17 10 17 4 19 8 14 15 10 12 6 6
11 14 10 4 7 8 14 7 13 1 8 7 8 7 10 17 5 9 1 4
9 12 1 8 3 4 3 8 6 1 9 5 12 1 12 5 5 12 4 1
57 65 31 41 37 31 68 33 66 34 58 32 67 33 73 52 36 53 21 26
26 28 14 11 13 12 19 11 13 6 11 8 19 9 15 18 9 21 9 1
8 13 1 6 5 9 15 3 10 1 8 1 11 4 13 10 9 2 1 1
11 16 11 2 4 7 14 2 12 5 20 3 14 6 17 10 13 10 1 6
42 53 36 25 26 40 41 18 31 20 32 20 40 24 40 44 29 39 16 16
13 27 21 10 16 14 25 6 12 11 10 14 14 15 18 25 11 9 5 10
44 34 40 6 29 25 42 7 24 21 40 11 25 32 48 43 15 32 15 16
19 29 18 11 7 13 22 4 17 11 22 9 21 10 19 4 12 22 1 8
23 33 11 14 10 17 31 22 14 16 17 11 30 7 42 12 29 22 17 14
38 29 16 16 15 21 29 24 24 7 38 9 32 18 47 26 34 34 22 12
2 5 3 1 4 1 4 1 1 1 7 4 5 2 6 9 6 1 1 1
35 54 30 29 23 33 45 36 25 15 33 21 38 31 58 41 35 39 32 15
31 34 19 14 13 22 20 7 19 13 25 9 27 15 30 16 13 26 5 11
41 36 37 31 37 22 46 19 33 14 42 34 39 33 54 46 20 20 12 12
27 41 17 17 12 21 28 28 15 15 21 9 26 21 41 23 29 32 24 15
5 11 8 4 9 3 8 3 7 1 8 9 7 5 5 10 6 3 1 1
30 49 11 35 20 24 34 21 26 14 37 1 41 14 47 18 34 36 12 12
18 25 18 14 17 10 28 8 17 9 16 11 16 11 31 23 18 17 6 11
14 25 11 16 17 6 24 7 14 1 25 11 24 6 28 16 20 12 2 3
54 61 50 36 45 57 63 8 35 41 48 28 44 41 53 39 25 38 11 23
32 57 37 39 39 35 48 41 43 37 60 23 46 38 69 30 49 50 30 41
47 56 43 42 35 52 60 12 34 33 54 12 44 31 49 39 40 47 8 28
57 48 44 46 37 51 60 28 49 28 60 26 58 33 53 30 47 40 5 25
45 58 34 33 17 37 50 27 36 33 47 23 46 25 68 24 34 52 17 36
11 13 5 2 3 2 6 3 12 4 8 3 11 2 1 6 1 7 1 1
6 15 6 7 3 5 3 1 10 1 11 4 7 1 4 7 1 9 1 1
35 61 13 46 21 26 51 31 38 11 45 14 52 31 65 30 36 42 21 12
22 26 20 12 21 17 35 18 14 11 27 8 21 16 38 23 36 20 15 15
46 50 41 42 45 49 58 39 44 40 55 36 53 31 81 34 54 44 23 40
9 13 11 14 16 7 18 4 11 1 15 17 14 7 11 12 14 6 1 1
9 13 11 7 5 9 27 2 7 8 16 3 7 8 17 10 20 12 2 10
47 49 38 42 41 36 53 29 39 16 45 22 49 29 52 41 42 33 16 13
56 61 13 44 20 38 46 35 53 33 52 24 54 17 69 40 32 50 18 35
31 39 26 32 30 28 32 18 17 6 26 22 32 17 37 39 29 29 11 10
8 14 7 7 3 7 18 7 10 4 16 2 13 4 15 7 20 8 2 5
26 25 17 19 12 20 16 6 25 5 30 8 21 10 22 30 17 22 1 9
22 21 7 12 13 8 18 16 11 1 13 9 21 10 24 19 15 16 13 1
59 62 28 42 17 42 62 29 54 38 55 22 62 30 68 31 34 50 13 31
36 65 22 38 37 34 57 35 37 27 37 28 48 22 70 40 41 45 28 19
23 34 18 11 23 23 42 20 12 23 21 10 20 18 40 25 25 16 19 14
20 33 21 14 20 18 21 3 21 9 30 14 24 15 36 26 15 17 4 12
23 33 15 14 13 13 26 13 19 11 22 14 34 13 28 9 16 16 7 7
38 42 10 16 22 24 31 18 24 14 16 15 32 9 33 31 17 26 16 7
34 52 29 26 32 37 53 27 14 21 31 12 30 32 61 35 34 35 26 18
13 12 10 4 10 1 11 3 14 2 23 5 15 4 21 15 10 6 1 1
12 16 8 1 4 5 6 8 14 5 9 4 14 4 11 7 3 9 4 3
19 18 5 7 9 9 15 5 16 4 13 5 15 1 18 16 7 8 3 2
43 49 44 22 19 26 51 27 46 37 45 20 41 32 63 45 39 46 24 41
8 8 1 1 1 1 1 5 4 1 4 1 6 1 6 5 3 6 1 1
9 14 16 11 18 7 19 1 11 1 22 14 14 12 29 23 18 6 5 8
62 60 38 42 30 47 56 23 45 32 56 17 48 27 62 51 33 56 11 31
27 36 21 17 27 25 40 23 19 16 34 9 28 26 51 28 27 21 17 14
11 11 2 6 1 9 8 4 5 1 7 1 8 1 6 9 7 10 1 1
16 16 11 11 16 9 23 5 9 2 19 11 15 7 23 21 18 12 3 4
28 25 25 25 34 19 49 22 28 16 45 20 33 24 52 22 43 19 13 10
41 35 20 35 32 26 46 33 35 11 47 23 44 24 62 29 47 23 21 12
30 33 15 26 28 25 30 13 12 5 19 20 29 17 39 29 17 16 8 4
25 29 9 26 15 19 24 11 13 4 27 9 27 8 29 10 27 28 6 9
52 69 28 47 29 44 63 27 34 29 40 22 55 33 68 45 28 38 14 17
28 52 30 32 27 31 54 16 30 26 39 21 37 24 54 31 33 28 12 21
18 25 18 7 13 14 20 5 11 10 12 6 12 10 15 20 13 15 5 7
21 18 21 15 24 17 34 3 19 8 32 11 17 16 35 28 24 17 2 15
10 11 3 2 4 1 4 3 11 1 15 2 12 1 13 7 9 5 1 1
7 8 2 3 4 2 11 1 11 1 14 5 11 1 8 7 8 1 1 1
57 58 27 47 40 37 54 33 51 33 44 36 60 16 58 35 43 45 23 16
21 9 9 1 10 10 10 3 14 3 10 1 7 5 15 23 2 7 2 1
24 32 27 13 15 30 31 9 26 24 41 11 22 21 42 23 20 27 6 30
9 11 10 5 11 11 19 1 11 4 13 8 8 7 13 15 10 3 1 2
11 9 8 4 6 4 13 7 9 6 6 4 7 4 10 12 10 11 4 5
35 38 15 23 8 20 25 15 35 10 32 1 32 8 41 28 20 30 4 16
24 30 24 13 21 29 36 12 22 22 37 13 25 12 46 18 32 22 11 23
24 52 29 22 2 22 38 11 36 34 38 9 34 19 44 10 19 40 9 30
30 41 15 23 16 28 41 30 25 17 39 12 41 17 50 13 35 26 18 14
21 37 20 31 24 23 41 8 16 5 29 17 30 20 31 30 24 15 3 5
17 37 31 11 11 17 28 6 29 21 26 13 25 21 27 16 13 22 5 20
5 15 9 1 3 1 13 4 9 2 11 3 12 3 14 5 15 7 1 4
23 20 6 11 10 9 12 11 17 1 17 6 17 6 26 20 10 21 9 6
29 37 24 13 14 15 40 18 18 16 26 12 30 21 33 22 30 26 15 13
18 41 8 31 22 15 29 20 24 10 25 15 34 15 32 16 22 23 12 6
50 54 25 33 14 33 46 21 29 22 33 8 43 22 42 33 25 45 15 11
15 30 16 7 7 6 23 4 20 17 12 4 21 8 22 12 10 11 1 8
30 35 12 21 29 15 36 27 30 12 32 15 37 15 45 22 36 24 23 8
17 16 9 12 14 5 23 11 12 4 24 9 22 3 29 12 26 13 7 7
47 43 15 33 30 30 53 37 32 19 35 25 49 18 54 29 50 35 30 7
12 26 11 19 17 12 15 6 7 2 11 17 18 10 18 17 6 13 2 3
7 18 7 3 7 4 16 1 12 6 3 4 6 2 14 15 2 3 1 3
2 16 11 13 14 2 17 2 7 1 17 14 19 8 15 14 12 1 1 1
34 48 28 24 12 19 36 11 30 23 25 14 38 21 32 14 17 36 8 13
23 37 20 24 38 14 42 22 34 15 37 25 39 20 43 30 38 22 22 4
18 31 3 24 13 13 34 10 30 14 31 7 29 4 39 15 22 15 2 11
21 27 9 14 13 9 25 17 21 8 31 6 32 15 28 10 21 18 10 2
36 36 25 12 26 32 34 9 30 19 31 18 31 22 41 32 21 21 9 15
23 29 11 30 13 19 20 7 31 10 29 14 29 4 26 15 18 23 1 8
43 55 44 26 29 50 45 21 28 26 36 11 34 30 50 51 24 40 17 25
34 21 32 20 37 33 44 16 18 25 31 25 23 26 41 28 25 14 7 11
3 22 1 5 5 7 15 12 13 6 15 1 12 2 25 7 12 4 3 6
20 32 14 20 25 22 31 18 23 12 31 14 24 10 40 22 40 25 19 13
26 48 26 26 9 15 38 18 17 17 31 11 35 19 36 14 35 39 13 15
5 10 9 4 9 1 8 1 10 1 11 7 7 6 12 17 7 6 1 4
10 9 1 1 3 1 2 7 2 1 5 2 5 1 8 5 5 6 3 1
19 26 21 12 14 7 25 8 23 11 18 13 29 14 23 19 12 12 4 4
46 79 40 35 21 47 58 28 43 40 39 22 56 27 63 38 37 52 21 34
17 24 5 6 3 8 18 9 15 7 14 4 18 1 23 10 11 10 3 5
37 62 35 34 17 37 47 24 27 27 43 17 45 27 51 17 39 49 15 29
20 18 8 4 6 2 13 8 14 8 13 1 20 1 22 9 17 11 8 2
41 35 41 31 36 23 48 16 39 17 49 32 46 31 59 46 28 23 7 18
13 20 8 3 2 5 14 5 18 7 12 3 18 2 15 9 7 8 1 2
9 23 9 13 10 6 19 2 13 6 14 9 13 2 22 13 11 11 1 4
8 10 2 7 3 6 5 2 1 1 4 3 6 1 4 9 3 10 1 1
20 21 18 9 5 12 24 6 25 10 31 4 20 9 33 17 19 20 2 16
14 8 5 1 8 1 6 10 5 1 11 6 10 4 16 13 10 9 6 1
14 19 12 5 5 6 21 7 16 9 17 8 19 5 16 6 15 13 5 5
24 37 26 1 5 25 33 20 10 26 17 6 20 19 35 16 20 28 15 19
7 23 13 16 13 4 24 9 19 6 15 9 20 11 21 14 17 8 4 1
18 24 20 5 15 20 26 10 15 18 21 10 12 13 26 24 17 13 8 16
21 42 19 20 16 16 31 17 25 16 27 10 32 13 44 17 23 22 7 15
1 12 8 5 6 1 16 1 6 3 5 7 6 3 3 6 8 5 1 1
13 15 6 14 2 14 6 4 11 1 22 1 11 1 18 16 17 18 1 8
37 32 22 23 21 21 36 16 26 15 40 14 40 18 44 14 34 29 14 15
45 59 34 39 38 35 60 26 35 21 48 24 56 40 63 33 39 36 20 17
52 49 45 38 33 45 62 20 57 35 62 19 53 38 62 37 37 39 8 24
20 31 1 23 17 12 24 17 21 11 22 9 27 6 34 13 18 15 9 7
4 6 5 1 1 1 8 4 7 2 8 2 3 1 9 3 10 5 1 2
18 20 13 1 6 13 24 1 15 7 18 2 14 9 13 14 7 8 1 7
33 49 13 35 17 16 41 28 34 13 37 13 45 23 55 27 28 30 18 12
21 33 8 33 17 17 25 17 33 4 35 10 32 12 30 23 25 25 8 7
7 14 7 6 7 1 13 6 20 1 22 1 16 6 18 12 13 5 1 1
35 41 42 45 47 34 59 30 23 27 51 36 51 35 61 37 54 35 16 26
37 40 29 31 37 25 54 28 47 26 50 23 41 32 61 36 43 32 23 29
41 40 32 34 25 28 42 16 25 7 42 24 38 28 48 39 28 37 11 15
37 27 33 33 33 36 52 30 43 31 51 25 38 21 68 23 47 29 15 34
8 6 4 1 3 2 5 2 6 1 2 1 4 1 3 9 1 1 1 1
9 24 16 2 4 15 18 9 11 18 10 5 10 7 13 9 7 14 7 14
27 42 34 43 28 27 44 12 38 13 54 17 43 23 52 30 40 34 1 23
44 67 27 53 30 37 54 28 60 31 58 24 62 25 54 27 39 45 16 25
43 41 25 26 24 23 37 18 30 7 34 18 39 23 52 47 24 35 13 14
40 45 20 34 8 22 35 25 35 5 41 8 41 24 47 34 31 43 16 12
12 15 10 5 5 8 19 9 10 6 4 5 10 6 9 13 8 14 6 5
6 17 12 10 12 4 15 1 15 1 16 12 15 7 14 16 11 7 1 4
2 7 5 3 7 1 8 1 5 1 12 8 5 4 8 10 9 2 1 3
12 7 8 5 15 11 16 1 1 3 10 7 2 9 9 21 5 3 1 1
34 47 48 36 30 27 60 21 39 34 51 36 48 36 53 18 42 35 14 27
45 57 37 34 34 36 54 15 35 25 39 29 44 29 51 43 30 37 16 18
1 5 1 1 1 3 4 1 6 1 6 1 3 1 5 8 2 3 1 1
29 57 36 28 25 30 52 39 33 33 44 28 48 30 61 20 45 41 28 26
29 45 18 22 8 18 29 19 28 21 34 8 32 9 47 16 29 36 13 22
12 24 22 4 3 12 25 17 21 18 22 7 16 15 35 16 19 25 12 26
11 21 13 9 10 7 16 9 12 5 11 10 10 6 15 15 8 18 6 7
42 53 43 30 33 33 51 24 32 32 36 34 41 35 44 33 33 44 26 27
41 57 32 42 39 22 44 28 43 15 44 27 52 38 59 41 26 34 21 11
24 39 24 15 14 10 33 11 19 18 17 13 29 16 27 21 17 25 11 8
15 22 20 12 9 11 17 8 15 9 18 10 7 13 20 19 14 25 7 15
14 16 5 14 8 14 10 2 6 2 9 5 8 1 4 16 9 14 2 1
1 4 2 1 1 1 8 1 9 1 16 1 6 1 16 5 13 3 1 5
9 8 10 3 9 1 10 5 11 3 11 7 7 3 12 13 7 8 1 4
23 32 30 25 24 13 36 9 36 14 36 19 34 19 36 19 26 19 3 10
5 4 1 1 1 1 1 1 1 1 5 1 4 1 7 4 3 2 1 1
8 10 7 1 4 1 8 1 10 4 8 3 10 1 3 8 7 3 1 1
44 39 36 23 20 30 46 23 32 25 53 8 45 35 63 40 39 46 14 34
1 4 1 2 1 1 1 1 1 1 8 2 3 1 5 3 6 1 1 1
41 51 31 25 34 47 48 28 29 22 36 28 34 26 64 53 35 42 24 30
22 42 5 27 13 21 23 21 24 12 30 5 31 5 35 14 24 24 9 13
50 51 43 31 25 45 47 17 40 27 46 22 43 31 54 36 23 45 6 28
3 18 5 6 6 5 14 1 9 2 12 4 10 3 17 11 12 3 1 4
47 36 44 34 38 44 56 17 42 35 46 35 44 36 46 20 34 28 4 25
27 42 36 28 30 17 53 19 24 20 39 28 40 33 49 30 32 21 15 12
20 25 9 12 9 10 17 12 24 12 21 11 26 4 26 9 12 13 6 8
15 11 4 7 10 13 13 7 11 6 20 7 12 5 22 17 15 4 4 9
34 30 22 29 19 23 50 17 29 23 37 21 34 15 48 14 34 29 6 16
14 15 6 6 11 10 10 4 5 1 8 6 5 3 8 18 7 8 3 1
55 67 32 46 25 42 59 30 41 26 52 9 57 29 61 32 46 53 17 28
28 29 14 11 9 24 22 4 19 8 19 1 18 10 17 23 10 18 1 4
50 57 32 24 22 35 55 25 40 25 43 10 45 28 64 32 41 51 22 24
26 41 33 22 22 23 44 7 27 29 34 9 31 24 38 23 29 33 8 24
58 56 44 38 40 43 56 3 41 29 52 28 51 39 62 40 18 37 5 14
49 39 32 43 31 37 44 38 24 19 46 26 44 26 52 29 54 43 22 21
16 24 19 18 14 14 32 9 27 9 40 10 29 8 37 7 30 20 1 11
15 23 21 4 8 2 23 5 19 10 19 6 16 11 25 21 17 16 7 10
12 10 6 4 5 3 8 9 7 1 11 5 14 1 11 10 10 8 5 1
11 1 5 10 11 8 13 2 15 2 19 12 12 1 15 8 12 1 1 1
50 44 40 36 55 42 58 26 35 26 54 26 42 39 64 42 37 28 22 10
67 57 40 31 34 37 61 13 43 29 52 18 52 39 72 50 22 50 17 21
23 42 17 24 27 31 35 17 18 18 32 10 24 23 34 25 20 23 15 7
12 35 9 18 6 14 27 9 18 19 15 10 21 4 27 12 10 19 2 14
19 18 7 16 16 10 24 1 18 7 13 13 19 5 14 18 10 8 4 1
8 16 6 5 8 8 10 5 1 4 7 5 3 1 14 11 8 10 1 4
21 20 18 24 25 22 32 6 10 5 26 20 18 13 27 20 23 13 1 7
18 34 29 15 18 10 32 12 22 12 23 15 28 20 37 27 19 16 7 14
42 50 7 38 13 30 39 29 37 26 36 19 43 9 58 25 24 42 15 26
3 7 4 1 3 3 11 1 4 1 4 4 4 2 1 9 4 1 1 1
19 22 4 12 9 8 17 1 20 9 19 4 18 1 21 15 10 10 3 4
48 59 22 43 30 40 57 34 34 19 35 18 48 28 65 39 38 41 28 15
23 20 10 7 12 12 22 14 11 5 11 8 19 14 22 21 13 14 10 1
61 67 26 43 41 52 55 35 39 18 45 35 59 32 63 51 40 46 32 12
18 32 10 21 9 18 19 14 25 14 23 8 21 6 35 15 12 24 6 17
57 62 33 34 31 45 52 22 39 23 39 24 56 25 52 43 33 46 16 17
51 54 46 32 41 45 59 11 32 29 42 29 45 38 50 39 13 29 11 6
41 54 22 30 24 19 53 34 32 19 36 19 47 27 63 34 45 40 31 16
24 42 21 36 25 17 47 11 30 18 37 27 42 16 47 22 28 18 3 15
31 44 13 28 17 14 35 17 23 8 27 12 39 15 40 22 23 24 11 2
32 55 36 32 20 39 34 10 32 22 37 21 38 28 38 29 14 26 1 18
22 40 26 27 26 31 38 12 16 17 29 23 26 14 41 27 27 23 10 19
8 18 9 5 6 8 11 3 13 4 10 5 9 5 8 13 7 7 1 1
45 55 34 46 34 51 55 15 35 33 58 15 49 27 55 37 41 42 7 26
10 16 7 9 8 8 10 5 7 5 13 5 10 1 17 11 12 11 1 5
22 14 22 16 20 19 34 4 28 7 39 16 22 16 38 26 26 14 1 15
4 18 9 6 7 2 11 1 10 2 8 7 15 6 7 11 6 4 1 1
19 15 11 14 12 9 18 7 24 2 28 5 17 12 25 24 13 14 4 9
6 12 11 1 3 4 9 1 12 5 8 3 8 4 4 6 5 4 1 1
7 12 9 1 8 6 10 3 4 7 2 2 3 4 11 12 10 6 6 7
32 55 25 30 25 26 49 18 24 23 31 18 41 19 57 31 26 27 11 19
20 25 16 16 23 13 32 11 19 8 24 15 23 10 27 19 28 12 10 3
29 35 22 16 18 9 41 10 22 19 23 10 30 17 33 23 19 20 7 7
18 20 1 3 11 19 12 11 6 5 8 4 8 1 20 16 7 9 6 5
5 15 9 12 13 4 16 1 7 1 17 12 12 7 14 15 15 6 1 3
37 40 32 18 13 26 39 20 27 24 32 12 26 25 44 37 24 41 12 29
45 25 29 20 24 16 48 24 35 20 38 22 39 22 57 30 38 33 20 19
9 6 1 1 4 4 10 1 5 1 1 1 4 1 3 12 2 1 1 1
46 47 16 20 18 32 45 26 24 27 21 8 30 20 51 32 20 37 25 17
2 17 1 8 1 1 10 1 14 1 7 1 14 1 12 4 6 3 1 1
24 60 37 30 20 40 56 30 22 40 43 15 39 29 54 24 46 46 17 38
51 65 31 36 22 43 57 23 33 31 30 17 49 28 52 29 22 46 17 20
39 51 36 25 18 35 50 23 32 30 44 19 35 26 55 23 34 46 17 31
8 7 5 6 10 5 8 1 4 1 8 6 1 1 6 14 7 5 4 1
15 8 6 5 6 5 18 6 6 2 11 7 13 2 13 7 15 9 4 1
30 47 19 30 12 24 39 5 36 26 32 19 39 11 33 15 15 29 1 17
32 53 36 24 23 34 53 23 28 36 36 18 37 25 66 41 35 41 16 41
17 30 8 12 7 19 17 18 6 10 12 5 16 3 27 14 16 22 10 10
22 33 1 16 2 19 12 16 13 8 13 2 22 3 27 12 14 22 8 7
38 38 35 19 10 18 41 26 30 24 37 18 30 32 50 38 33 44 19 32
39 48 24 35 21 17 53 27 33 33 39 32 46 21 51 30 36 40 19 27
36 47 20 44 31 26 41 33 46 16 54 24 50 22 59 19 45 39 19 18
45 44 26 22 21 41 44 35 24 24 29 25 36 24 55 37 29 38 27 26
28 24 1 21 15 15 14 16 9 1 14 11 22 7 22 13 16 23 14 1
7 4 1 1 3 3 5 3 1 1 11 3 4 1 8 9 9 3 1 1
25 33 6 21 13 11 25 25 21 4 28 5 34 15 35 14 30 21 19 3
44 62 42 41 41 47 60 24 43 27 58 28 49 39 71 45 36 38 18 29
34 27 24 11 32 27 35 3 17 15 27 14 21 21 31 34 11 15 11 2
24 23 19 5 9 9 29 11 17 13 20 9 20 13 24 14 16 22 9 8
20 25 14 11 17 15 21 5 5 5 11 11 13 7 15 24 17 16 8 2
37 43 19 27 9 24 40 26 34 8 43 11 44 22 46 25 35 35 21 6
39 51 44 36 32 40 56 18 24 34 49 24 42 36 48 28 41 50 11 34
47 57 27 44 29 37 49 16 38 21 39 23 49 20 45 46 24 30 5 12
16 42 20 35 34 25 42 11 26 13 40 16 34 20 56 29 33 19 5 18
20 12 8 2 11 11 16 6 10 4 15 4 12 3 21 19 17 9 6 2
49 61 17 58 35 28 59 37 48 25 56 31 65 24 63 25 48 48 23 19
7 5 10 1 7 5 13 1 10 3 9 4 4 4 10 18 9 5 1 4
14 20 6 6 9 9 10 8 10 3 7 7 12 4 11 15 4 11 4 4
31 41 45 16 14 16 49 13 40 30 45 21 35 35 44 27 28 35 15 33
39 52 41 41 41 28 65 19 47 22 59 28 51 41 66 36 39 36 12 22
20 20 13 21 13 16 17 6 17 1 27 14 19 9 25 24 15 21 1 6
8 18 4 12 2 6 10 6 13 1 13 3 16 1 12 1 13 12 1 1
2 16 1 1 1 6 2 2 8 4 5 1 5 1 7 4 1 2 1 4
14 19 5 6 6 10 19 7 11 6 17 6 17 1 19 8 14 7 1 5
16 33 24 27 21 10 39 17 31 18 42 22 32 18 44 12 41 22 15 20
16 21 10 16 17 8 25 4 9 9 22 7 16 7 28 12 19 17 2 9
35 56 22 25 10 36 34 28 32 25 31 14 40 14 44 29 24 39 16 21
25 31 1 15 11 16 21 7 21 9 11 8 17 1 25 20 9 19 6 4
7 11 8 4 11 6 8 1 7 4 9 9 8 7 13 15 6 1 1 5
36 58 33 43 29 32 61 22 32 38 46 40 43 33 59 40 38 39 17 36
1 7 1 7 1 1 1 1 3 1 8 1 5 1 4 1 5 3 1 1
7 2 2 1 4 5 8 1 1 1 4 1 3 3 4 13 4 1 1 1
40 43 12 29 23 25 42 21 33 24 36 12 39 18 46 29 20 28 14 13
21 31 23 16 17 13 35 10 23 10 28 13 33 19 31 19 17 17 3 5
26 30 23 19 16 10 37 13 20 7 22 16 28 22 37 29 19 23 11 9
33 55 28 37 30 28 52 18 47 33 47 23 52 26 51 12 33 30 10 22
9 24 9 8 5 12 9 5 20 9 22 6 13 4 21 12 9 13 2 12
28 31 24 26 36 23 36 17 19 11 34 29 33 17 51 30 32 12 11 10
9 9 4 4 8 8 10 2 3 1 7 6 6 5 5 16 4 4 1 1
11 15 12 4 9 9 15 4 16 5 14 9 14 9 12 19 7 5 1 4
2 12 8 5 5 1 14 1 6 5 7 5 6 3 5 7 11 8 3 4
43 56 44 19 22 42 65 17 32 48 39 17 34 35 55 34 24 41 19 36
11 22 18 9 9 1 23 3 20 12 8 9 18 10 14 14 9 9 4 5
51 50 19 37 39 43 57 46 44 15 53 26 56 28 73 38 56 33 32 14
63 64 17 47 22 51 57 37 37 24 43 18 52 18 61 42 46 57 22 27
34 32 19 21 19 12 36 22 27 5 40 12 35 23 58 32 34 28 13 17
15 8 4 1 10 9 13 3 9 1 8 3 8 4 9 19 7 1 4 1
22 12 14 2 18 14 19 6 7 5 5 5 7 11 13 27 7 3 5 1
29 55 36 36 30 33 53 21 28 26 42 23 39 23 67 29 40 38 14 29
14 30 9 12 6 18 16 11 9 11 17 7 18 1 22 8 16 20 4 10
20 26 14 1 20 15 23 12 17 10 10 13 20 7 19 25 20 12 14 7
10 29 16 15 14 6 28 6 25 13 22 10 25 8 30 16 16 9 2 10
5 8 4 1 1 1 5 3 9 1 5 1 6 1 9 6 3 4 1 1
57 62 33 40 30 36 56 29 36 21 39 19 55 27 55 39 40 47 21 15
6 9 2 1 5 4 5 1 6 1 12 1 5 1 15 10 10 1 1 2
10 11 9 9 12 4 18 10 13 7 14 1 15 8 21 13 23 7 10 6
37 27 13 20 10 9 26 12 33 16 32 10 31 11 45 27 14 33 7 20
56 42 34 40 30 42 53 37 34 28 53 28 53 31 61 25 53 46 27 20
49 30 25 25 11 25 26 26 31 7 40 5 33 20 50 46 33 44 15 26
8 6 7 7 10 4 13 1 12 2 15 11 12 2 10 11 7 1 1 1
56 50 31 33 31 26 60 37 57 29 58 27 58 29 79 46 45 43 26 32
48 38 42 10 33 29 51 16 34 25 49 14 28 38 58 53 25 38 20 27
38 52 35 33 27 27 46 17 52 27 52 18 48 37 56 33 27 40 11 29
3 13 4 1 3 1 7 2 11 1 6 3 9 2 5 6 4 3 1 1
33 44 46 34 50 44 57 12 20 26 52 25 34 43 64 57 31 23 9 20
11 22 12 12 9 9 16 1 18 10 20 10 23 8 12 8 10 12 1 5
58 45 38 49 24 45 45 41 46 19 53 21 52 35 60 35 48 56 22 30
8 16 4 8 15 4 16 1 12 1 13 11 13 3 19 15 9 1 1 1
35 28 23 19 11 23 31 15 27 17 34 11 28 16 43 26 25 35 8 24
34 34 41 31 38 34 54 21 33 28 52 30 36 29 54 30 51 32 15 28
6 15 1 14 9 12 8 4 13 4 20 9 14 1 23 7 14 6 1 6
8 10 9 6 3 3 15 6 8 6 17 5 10 4 17 7 19 12 4 6
1 2 1 1 1 1 5 1 1 1 5 1 2 1 4 7 5 1 1 1
42 63 34 36 31 35 43 34 32 17 40 20 47 35 67 42 30 41 26 21
46 60 42 39 50 37 68 36 34 26 52 33 52 46 74 48 51 44 34 17
24 26 16 20 17 15 27 16 36 12 38 14 38 12 36 9 22 17 7 9
45 58 28 30 34 37 43 25 27 16 36 28 48 27 56 38 32 34 22 11
5 14 4 1 1 3 8 1 11 4 13 2 11 1 8 5 7 1 1 3
9 18 9 5 8 12 12 8 9 5 9 7 6 4 17 18 5 10 1 8
14 34 15 20 19 8 24 10 26 9 26 14 29 14 27 19 17 9 5 5
24 22 10 2 17 16 21 8 17 6 12 10 19 8 13 25 9 10 9 2
51 57 33 46 27 41 60 24 44 35 51 28 54 21 55 30 40 37 3 25
10 15 6 1 10 2 10 4 4 1 3 6 7 4 14 15 3 4 2 1
10 14 9 8 7 9 13 7 8 1 11 6 12 6 12 13 12 11 1 1
26 53 35 43 52 37 58 24 28 25 53 27 45 42 65 38 43 26 16 24
28 39 25 33 23 17 36 13 41 8 44 18 40 20 43 27 28 27 5 13
13 16 6 4 8 11 13 1 6 1 7 2 8 2 6 17 8 6 1 1
43 54 27 47 47 28 54 34 40 15 53 35 60 39 67 38 42 28 29 9
41 58 21 30 33 47 42 29 35 25 31 26 39 16 51 48 32 37 25 21
39 36 36 20 29 40 43 25 31 35 39 28 38 23 51 20 36 25 13 27
41 31 48 16 31 29 53 6 30 21 46 15 32 41 55 52 26 29 7 25
6 13 1 5 1 3 4 3 11 1 11 1 11 1 13 6 8 6 1 1
39 26 16 18 32 29 31 21 25 11 34 19 24 15 49 42 28 27 18 10
32 27 16 19 22 26 32 15 18 12 27 10 22 13 38 31 29 25 14 10
49 67 43 37 29 37 61 29 28 32 38 28 50 44 58 38 33 44 28 19
21 36 28 26 30 22 45 3 17 18 29 23 29 22 41 31 21 10 3 11
16 21 15 11 14 11 28 6 14 6 8 12 21 14 20 23 9 6 1 1
5 9 2 2 1 4 5 1 3 1 1 1 3 1 1 8 1 4 1 1
19 21 9 13 13 15 21 10 15 2 17 13 15 6 24 17 12 15 4 5
28 31 10 12 18 32 30 18 10 15 13 8 17 6 37 25 18 22 14 10
46 37 36 31 29 34 50 26 43 25 56 24 48 28 63 23 41 31 10 26
45 57 34 43 35 37 54 38 38 39 42 33 51 24 59 21 44 40 23 28
31 35 8 19 26 29 33 18 14 7 25 14 23 11 43 27 31 30 16 10
44 46 31 37 22 23 50 19 33 9 48 20 46 37 65 44 30 40 16 14
2 7 7 1 1 1 13 3 9 3 9 1 6 1 13 6 11 8 1 4
41 45 29 23 35 33 48 26 34 24 45 15 37 25 60 35 32 32 23 17
51 43 21 37 29 28 54 24 39 26 40 30 51 17 57 37 35 29 12 17
14 29 17 12 9 6 26 19 16 10 20 10 21 13 30 15 24 24 14 12
4 8 9 2 5 1 15 4 6 4 12 6 5 4 12 7 15 7 2 5
53 46 38 24 47 40 54 18 29 25 38 28 44 31 56 45 24 24 21 8
29 50 40 16 18 35 36 29 26 34 34 31 33 32 44 39 24 36 25 35
20 25 16 11 20 15 21 11 14 6 15 15 14 15 30 31 5 14 5 12
30 36 11 18 18 18 20 18 17 4 18 11 26 11 36 27 21 27 16 7
51 65 52 46 44 48 63 20 50 45 49 45 60 41 60 28 27 34 7 28
26 22 6 11 6 16 11 10 11 4 12 3 19 5 14 17 9 20 6 1
12 18 3 1 3 2 6 6 9 3 2 1 14 1 10 6 1 4 1 1
24 31 21 20 12 20 25 5 18 12 26 14 28 16 22 17 12 23 1 8
36 32 31 20 30 38 46 25 33 25 44 24 34 17 56 30 39 25 14 24
51 66 39 43 42 48 61 27 35 24 58 17 49 38 72 45 41 47 22 22
40 30 15 30 20 16 39 16 41 20 41 27 35 14 50 34 22 28 4 23
22 37 11 30 23 23 26 21 31 12 35 13 29 14 42 21 25 27 15 16
25 16 26 3 10 14 26 3 21 14 21 2 10 19 23 29 11 20 6 14
25 25 26 14 17 16 34 11 21 22 31 20 28 17 27 15 27 20 14 16
1 7 2 1 1 1 1 1 10 1 7 1 2 1 9 7 1 2 1 4
31 49 46 42 48 35 62 39 37 34 53 42 49 41 73 35 50 29 27 31
44 45 15 31 10 24 51 25 34 24 42 15 49 16 46 25 34 36 13 17
9 13 7 6 9 7 20 4 11 1 11 6 14 6 9 16 11 2 1 1
27 43 23 22 18 26 40 21 21 16 27 18 38 18 44 19 22 24 12 12
12 7 5 8 11 6 12 6 9 1 15 8 10 4 15 18 9 4 4 1
26 43 31 20 13 26 32 4 30 15 22 11 29 20 21 29 10 29 3 14
30 53 28 24 23 25 40 23 20 18 30 18 39 25 49 27 27 28 18 13
20 33 16 27 22 14 37 1 17 10 21 18 26 9 30 19 20 16 2 7
11 15 8 12 17 4 15 6 7 1 13 13 16 7 17 19 10 6 3 1
21 26 21 10 9 8 26 2 28 12 20 7 22 12 21 23 9 17 1 7
