1000 20 11 2024
1 4 0 25 17 22 9 0 1 6 4
14 1 7 3 6 6 3 5 14 14 2
5 4 10 4 6 4 9 5 13 2 4
3 4 3 7 2 7 5 5 2 3 2
3 4 3 2 1 8 4 2 3 3 7
4 1 3 6 4 2 3 2 2 4 3
4 2 3 10 5 9 2 3 9 2 4
7 4 0 8 4 2 9 6 9 2 13
5 2 16 1 21 11 7 0 2 9 13
2 6 5 6 3 3 3 0 2 2 4
12 12 4 14 6 5 9 11 3 18 5
5 1 9 5 1 3 1 3 0 3 9
6 9 9 3 2 8 1 4 13 12 4
3 8 1 3 4 2 4 2 3 3 0
10 17 17 4 6 3 6 2 7 2 0
1 3 2 2 11 5 0 9 18 28 7
4 23 10 8 11 1 8 13 12 6 5
10 2 0 9 19 2 6 17 8 2 16
1 3 2 3 12 4 2 4 12 5 7
5 2 6 3 1 6 4 2 7 1 3
8 1 7 2 8 0 1 8 10 5 3
24 7 9 3 3 8 14 0 4 11 4
11 11 2 11 19 10 11 2 13 19 11
4 2 1 5 13 4 3 2 4 8 2
1 14 6 13 3 3 0 5 5 7 1
2 2 0 5 2 8 0 1 1 7 6
11 8 5 6 12 5 14 4 6 1 2
8 14 9 8 4 15 7 2 10 3 10
0 13 4 9 2 5 9 4 5 24 17
6 15 25 12 1 11 5 4 12 12 8
7 6 16 3 7 11 17 2 21 1 7
4 5 5 1 4 3 3 0 4 4 1
9 5 7 10 1 11 9 10 4 4 11
0 7 6 2 16 3 14 5 8 13 1
2 2 6 5 13 1 6 4 4 10 4
7 2 3 7 7 1 5 0 2 2 0
23 16 1 3 6 5 12 6 13 16 11
6 2 3 20 8 4 9 2 0 1 4
8 1 3 6 8 6 20 1 10 28 7
0 2 18 12 7 8 4 6 6 8 1
1 18 9 4 2 0 4 0 2 12 10
5 3 3 11 8 0 14 5 3 5 13
2 4 5 4 6 4 9 6 13 8 2
14 9 20 4 9 9 2 7 1 5 8
8 16 1 2 14 4 26 13 9 8 2
25 9 10 2 0 8 14 13 11 8 2
12 10 3 8 4 5 9 22 22 5 2
18 5 6 15 2 3 7 6 5 1 4
2 18 5 5 7 1 5 5 1 5 5
3 3 7 7 2 12 2 2 7 1 7
6 5 2 2 1 2 6 6 14 8 5
4 3 12 16 22 12 10 10 8 5 3
18 0 3 5 1 2 1 1 7 11 15
4 2 17 9 8 8 18 2 2 11 14
14 9 2 4 8 1 11 21 11 8 9
6 3 4 4 2 10 3 1 0 7 5
10 3 10 1 2 2 12 7 4 13 20
1 0 10 0 16 5 1 4 6 8 5
3 3 4 6 5 13 5 0 11 2 17
3 2 8 1 9 3 3 12 15 2 11
7 7 1 4 14 9 8 6 10 8 8
17 9 11 4 4 3 10 5 6 2 4
3 2 2 8 7 0 9 6 8 2 2
6 4 8 2 1 3 9 2 5 5 1
6 10 13 5 8 10 17 0 8 20 11
1 6 4 1 2 5 1 1 13 2 5
11 4 3 2 7 7 3 2 4 4 3
3 3 2 9 3 5 2 7 1 2 3
11 5 4 3 2 2 0 0 2 3 1
1 1 2 0 3 8 2 2 1 5 5
14 6 8 12 17 5 13 7 3 9 1
2 6 2 3 13 8 24 8 6 4 1
16 9 12 7 7 2 14 3 11 19 14
8 14 9 1 5 9 9 9 1 10 1
9 3 9 2 3 17 15 7 4 2 9
4 9 5 1 0 6 14 11 2 0 2
6 6 11 6 5 4 2 2 0 1 13
3 5 3 2 2 3 2 4 6 2 1
5 3 2 1 1 3 1 6 3 4 0
4 0 16 3 12 8 7 4 4 15 10
3 6 5 1 2 12 1 14 6 15 6
4 14 5 6 6 0 4 5 1 9 2
14 20 8 16 8 9 7 1 1 3 14
4 6 5 0 17 13 12 2 5 7 1
1 6 1 3 2 9 4 0 6 9 1
4 8 1 2 2 2 5 10 0 7 15
5 2 3 11 6 1 2 1 8 5 2
14 6 3 5 4 10 14 25 8 0 3
7 2 14 3 1 6 5 9 6 7 15
7 2 12 11 6 12 8 12 4 6 11
4 5 5 2 3 5 2 4 1 1 2
6 5 13 6 15 4 7 15 15 4 0
10 14 10 21 0 5 18 8 10 3 3
7 4 1 8 1 4 1 16 2 1 4
5 6 3 7 9 3 3 4 9 11 13
1 5 6 0 4 4 5 9 4 5 7
5 5 1 0 6 0 5 5 4 2 1
0 0 8 4 5 6 2 5 9 4 4
1 4 4 7 9 7 6 10 3 1 11
7 8 1 9 3 8 17 9 4 8 12
1 1 6 12 2 8 6 1 6 5 4
6 7 3 12 5 1 15 2 12 18 7
5 5 4 6 10 8 2 5 12 14 6
9 6 2 4 11 2 21 18 6 0 8
6 5 2 6 20 7 12 1 2 8 4
13 9 2 3 1 16 4 6 14 1 13
2 2 11 13 2 18 4 11 17 7 1
5 9 4 11 12 2 1 8 2 5 1
0 4 7 7 1 1 3 4 1 7 4
2 1 4 25 2 7 3 2 5 12 9
2 16 3 1 5 0 17 8 1 8 2
14 15 10 8 16 8 11 4 5 4 7
1 7 1 2 8 6 11 0 7 15 6
17 14 6 4 1 14 12 5 19 7 13
14 6 2 3 9 1 1 6 1 8 7
2 2 6 0 2 1 2 5 6 1 0
17 18 1 7 6 17 17 5 5 2 12
5 3 5 3 4 13 8 6 10 2 3
6 10 9 11 4 4 17 6 12 2 6
14 9 5 7 8 15 13 1 14 0 12
8 11 6 7 2 7 8 2 9 15 8
7 13 5 9 5 19 1 10 2 4 4
1 8 4 1 5 1 0 1 1 1 1
8 3 22 4 13 10 6 17 4 7 2
2 3 2 14 11 1 12 2 2 8 4
8 8 8 10 3 0 1 6 0 3 12
12 11 9 1 12 18 9 10 2 24 0
10 13 9 7 2 7 5 12 14 7 13
0 17 6 5 4 3 4 5 1 18 12
13 3 0 11 6 9 7 1 1 4 3
2 8 5 3 2 3 14 2 7 2 6
0 4 1 6 0 9 5 0 1 1 1
1 5 7 11 3 5 8 10 0 4 8
7 12 15 3 0 14 6 2 4 14 22
9 9 3 3 10 2 5 18 4 2 2
3 21 17 1 2 16 3 4 2 7 15
3 5 4 4 1 1 0 2 1 5 3
2 4 5 4 6 7 2 4 8 3 3
10 13 6 2 17 17 10 4 11 12 1
6 4 7 17 0 11 13 4 0 7 1
7 7 9 9 11 8 1 7 15 3 3
7 3 6 2 3 1 8 0 5 5 4
2 9 3 8 5 7 1 6 7 3 21
0 2 4 5 5 1 5 3 6 5 5
2 2 13 9 1 6 3 10 3 2 7
13 3 8 22 10 4 12 0 16 5 2
3 4 4 18 20 6 4 14 4 10 3
12 1 9 1 9 27 8 2 11 1 10
9 5 10 8 10 3 12 10 13 7 7
0 9 11 9 2 6 9 4 15 1 0
3 10 6 9 4 0 12 11 4 4 0
7 3 20 16 0 9 16 10 8 12 9
3 3 7 2 1 2 9 0 6 3 6
13 24 8 7 3 1 16 4 6 20 4
7 6 3 4 1 3 1 3 6 4 2
10 1 11 0 0 6 1 3 4 4 4
5 10 19 4 10 7 11 1 3 21 7
12 9 9 18 9 12 13 8 16 0 11
10 1 1 6 4 5 5 0 0 6 3
1 7 13 8 1 11 3 4 3 1 3
8 5 5 5 2 2 4 5 3 2 4
4 2 3 4 6 4 8 1 2 3 3
4 11 2 2 3 1 3 0 2 2 7
5 2 3 12 5 7 6 12 16 17 2
4 17 5 22 9 10 11 9 0 11 13
5 8 7 1 5 3 2 13 11 7 6
8 17 13 12 8 9 7 14 4 0 13
3 4 0 5 2 6 1 4 2 2 0
13 9 12 23 5 5 5 15 2 19 5
3 7 1 2 7 4 7 4 2 4 4
0 3 3 5 2 6 3 4 4 4 3
14 1 10 12 9 11 6 5 10 4 20
4 4 12 5 2 2 16 10 2 9 8
10 4 1 1 1 1 1 1 5 0 3
7 1 18 4 3 16 18 7 3 1 11
10 3 4 13 3 6 6 2 6 12 2
3 8 10 11 0 4 2 5 1 4 1
3 26 1 7 7 0 7 5 1 6 8
5 3 1 0 5 21 4 3 2 11 9
2 6 8 2 8 0 4 11 6 2 3
4 1 3 5 6 4 3 10 5 6 5
20 12 17 10 0 2 5 10 15 3 0
20 2 5 0 8 7 16 20 1 13 1
17 7 11 1 11 14 6 1 24 0 7
27 9 13 6 0 14 3 19 2 7 1
14 6 4 3 10 9 11 8 6 4 12
2 16 18 4 3 15 6 10 9 13 15
8 3 2 7 4 3 2 10 0 6 0
5 10 5 2 3 6 18 4 6 2 26
2 10 3 2 2 1 4 1 1 5 3
1 1 8 3 3 5 2 4 5 9 7
15 18 17 11 8 9 12 3 8 8 9
12 3 1 3 1 2 7 4 3 5 4
2 3 0 2 6 2 6 3 6 1 4
10 2 12 4 10 11 2 8 13 2 10
5 8 0 2 4 4 12 6 1 8 1
11 21 10 14 5 11 4 9 1 14 4
0 18 6 7 1 10 4 9 1 12 10
8 6 3 4 10 1 1 1 7 7 5
2 3 2 3 12 6 3 0 4 12 3
7 11 2 0 7 11 7 24 4 9 14
2 2 6 1 4 8 2 3 1 16 5
6 14 5 4 1 1 6 1 9 2 0
4 2 2 7 8 1 9 4 1 8 5
4 8 2 5 0 3 1 0 8 2 1
3 7 13 10 4 7 12 1 20 6 9
5 3 7 0 2 1 2 5 6 4 1
0 14 2 3 4 8 6 2 1 8 21
1 3 11 3 5 9 7 21 7 2 8
7 17 2 5 2 1 9 1 0 1 6
1 13 3 0 4 4 8 3 14 18 7
0 6 11 10 1 4 11 17 11 3 4
2 0 3 4 1 6 1 1 3 8 0
5 1 4 11 8 9 10 1 2 10 8
1 2 4 0 4 6 4 10 3 2 1
2 12 10 15 2 17 5 10 6 2 22
2 0 0 9 2 1 1 7 5 12 8
10 9 6 2 17 3 4 8 13 1 2
1 5 9 19 17 10 1 12 3 2 5
10 1 1 12 6 7 3 5 6 8 6
2 3 8 10 1 4 3 7 6 7 3
9 9 10 4 6 14 9 1 8 4 3
8 4 10 4 11 4 16 2 3 11 14
2 4 3 5 3 2 12 7 1 7 4
7 7 6 9 0 3 3 1 3 4 1
6 1 10 10 7 1 3 4 8 7 0
4 3 5 3 8 6 3 0 2 3 13
3 9 23 6 9 14 7 1 3 6 19
2 4 2 5 1 1 1 2 5 4 4
6 0 3 3 1 3 0 1 2 7 7
7 0 4 1 1 2 2 7 4 3 3
6 13 8 1 10 7 3 7 24 17 2
14 5 19 14 17 1 7 8 8 1 6
2 17 8 2 2 6 16 5 6 1 1
19 14 9 11 8 9 3 16 8 5 13
10 7 7 4 9 11 19 4 6 13 5
11 8 5 16 8 4 6 1 13 7 17
3 6 8 8 3 3 2 9 2 13 12
1 16 16 4 2 0 1 22 5 1 2
6 1 7 8 3 4 7 16 7 5 2
14 25 6 3 10 4 3 12 14 12 7
16 8 1 14 13 14 10 5 3 1 6
4 5 4 0 11 5 1 3 19 9 22
6 3 2 8 7 1 0 8 3 2 1
9 4 7 6 13 10 2 5 12 13 0
8 0 10 3 5 9 15 30 7 3 12
2 6 1 1 3 0 5 4 3 1 1
12 8 5 8 0 6 5 3 1 1 4
4 4 9 1 4 4 2 6 2 3 10
3 2 1 4 4 4 4 4 1 2 4
12 10 0 3 1 4 2 6 2 2 8
4 5 1 17 6 2 3 7 3 8 6
14 13 10 2 15 7 9 19 2 4 4
14 2 4 1 7 6 6 0 9 5 18
8 7 5 2 1 2 9 0 3 6 2
0 2 1 7 2 5 1 2 2 5 5
15 3 12 21 13 12 11 1 8 0 16
4 0 6 5 15 7 4 7 4 3 0
8 7 3 14 6 1 10 9 14 13 3
9 4 18 2 14 13 9 10 5 1 5
0 3 3 5 1 1 5 3 3 7 6
6 2 3 1 3 7 8 11 3 5 6
6 1 2 1 0 0 6 2 1 10 6
7 1 1 0 15 4 25 12 7 3 11
6 13 3 6 15 5 3 10 1 21 0
5 2 1 6 7 0 6 2 7 2 2
1 16 1 2 1 3 6 9 6 1 8
1 4 7 0 1 2 4 4 0 2 4
18 8 1 13 6 24 2 4 3 14 0
9 5 3 3 5 1 0 2 1 3 1
3 2 7 5 3 1 9 12 1 7 2
8 14 14 5 5 9 20 8 16 7 4
1 3 11 2 5 7 10 4 9 2 4
0 9 2 12 3 13 9 4 21 3 2
12 6 20 3 15 15 4 2 17 6 11
10 2 4 6 4 1 5 2 7 15 13
4 3 1 3 4 5 1 1 6 3 2
2 7 3 1 6 19 22 18 4 3 6
4 2 2 1 8 0 1 6 9 1 3
0 1 4 3 1 7 12 2 1 2 2
19 7 11 6 20 7 1 6 7 11 5
10 12 5 4 1 10 4 11 4 7 24
6 13 19 18 8 16 9 2 2 4 1
12 0 3 6 9 1 5 1 3 1 5
0 5 2 1 6 1 1 2 3 5 2
1 2 5 4 6 6 3 7 15 4 3
3 5 5 2 3 13 1 4 6 4 6
4 14 7 2 16 2 12 13 9 4 2
2 5 17 1 6 8 8 4 15 7 8
5 0 3 9 0 8 8 16 12 13 6
3 9 8 3 13 8 3 5 7 1 4
11 5 0 2 17 2 8 10 12 4 14
3 8 2 2 2 3 0 3 2 1 1
1 3 4 9 10 1 13 5 7 6 0
11 3 2 6 8 7 3 0 2 5 4
1 7 7 7 4 5 10 18 2 3 3
2 2 4 11 7 3 2 4 0 2 6
2 4 0 6 2 5 4 6 3 3 6
10 1 16 1 5 10 2 8 10 6 10
1 3 15 3 10 3 2 7 5 12 2
2 9 4 1 6 4 5 8 4 1 7
2 8 1 6 13 22 1 9 3 5 1
0 7 2 3 7 4 5 2 7 3 1
17 2 2 12 4 13 5 9 9 8 6
17 11 9 16 6 8 5 14 2 5 8
10 10 2 3 18 14 2 10 4 9 23
3 9 8 2 9 4 9 1 0 1 11
16 7 0 5 17 10 17 18 2 0 15
4 3 6 9 0 3 5 3 2 2 10
7 2 2 5 1 1 3 3 1 1 1
2 4 2 9 0 5 1 3 8 9 3
13 8 17 7 1 4 3 4 12 0 12
3 0 8 3 2 11 4 5 2 1 0
8 1 8 19 12 6 15 9 6 5 14
0 3 5 2 7 4 3 2 3 3 1
1 5 2 6 0 4 1 9 6 1 2
23 3 12 4 13 9 3 6 19 1 11
19 6 12 0 14 4 9 2 17 11 6
3 5 12 7 1 4 6 14 11 0 3
0 10 5 2 2 4 3 6 0 4 9
5 19 1 4 9 5 8 1 5 6 7
2 3 1 0 8 1 5 4 1 3 3
2 1 2 5 3 3 0 3 7 9 1
5 14 12 4 15 12 7 3 2 10 14
4 4 16 0 4 1 3 7 9 8 11
2 1 3 8 1 0 8 3 4 9 0
9 1 10 16 7 15 16 11 5 5 7
1 4 6 3 1 6 1 4 1 1 2
2 4 6 11 4 2 8 9 7 11 17
4 0 6 9 7 3 1 6 0 4 8
2 3 2 3 7 2 0 7 20 10 19
0 2 2 1 2 2 2 2 1 11 1
4 4 9 12 1 4 4 1 14 3 2
3 7 13 21 15 3 8 0 2 10 16
23 3 10 3 3 10 7 2 27 3 5
10 17 8 11 10 2 6 8 9 0 2
10 1 6 9 2 19 10 2 8 8 25
1 4 4 0 2 1 5 1 3 1 6
2 3 14 7 9 10 8 7 4 8 7
4 1 7 8 2 4 11 4 1 11 3
0 0 4 2 6 9 2 2 5 7 5
3 14 3 2 4 1 3 12 6 12 12
2 9 7 8 1 12 2 6 16 3 10
1 6 13 5 9 4 4 3 1 1 4
1 15 4 9 3 5 12 1 1 17 18
4 3 5 11 14 6 23 7 8 8 7
1 8 10 3 9 12 2 16 2 16 15
8 0 21 22 12 3 1 7 8 6 2
0 2 16 17 22 7 11 4 12 9 12
2 9 10 0 3 22 6 8 10 16 10
1 2 6 1 2 7 17 8 5 3 11
9 3 5 1 0 4 12 3 6 1 9
1 3 0 5 4 2 2 1 4 5 1
4 2 8 1 7 21 13 9 4 19 3
7 15 9 1 11 10 1 5 14 15 6
2 4 3 17 21 5 16 4 6 1 10
8 7 12 3 5 4 32 8 10 6 4
10 8 7 10 9 6 2 9 8 1 5
2 7 3 1 2 3 21 8 14 13 1
3 1 7 5 7 7 6 5 7 11 8
7 9 12 8 6 7 13 14 5 7 1
0 1 3 2 15 8 4 5 6 5 12
3 1 3 16 10 5 1 9 2 5 4
3 5 3 1 5 1 7 4 6 3 1
15 4 3 10 9 3 4 11 2 5 3
0 12 2 6 5 8 17 2 7 1 11
8 10 7 13 3 3 7 7 2 11 4
6 14 4 10 2 4 2 8 5 6 2
2 2 18 12 4 6 1 5 9 7 3
0 6 3 2 7 2 1 5 5 12 0
5 9 15 4 9 1 1 12 6 3 8
2 2 1 7 4 10 0 2 1 1 2
3 10 2 2 5 3 1 2 5 6 5
11 17 4 19 3 5 8 13 16 2 2
4 5 3 3 3 1 5 7 6 2 5
0 6 0 4 4 6 0 11 5 1 6
0 0 4 0 3 1 5 5 2 6 1
0 5 5 12 4 6 4 17 6 11 4
12 2 0 2 1 18 16 4 9 9 7
4 4 7 10 3 1 3 3 11 4 3
23 1 12 5 1 10 0 13 17 1 1
3 5 10 2 3 9 17 10 20 7 5
5 4 13 2 5 10 9 5 2 4 5
1 1 4 1 6 4 5 4 6 3 1
5 2 0 9 1 1 1 2 8 9 3
5 3 3 4 1 3 6 5 1 4 8
7 3 5 3 14 3 14 1 10 3 12
2 4 1 4 18 0 17 8 7 2 6
6 7 14 6 7 2 29 6 10 7 4
2 3 7 5 5 13 10 10 15 17 4
5 2 5 0 3 2 8 10 9 8 1
7 4 3 3 5 11 2 0 0 4 5
10 13 14 6 5 14 9 1 3 1 1
3 9 12 12 3 12 3 2 2 6 0
9 11 9 19 8 12 9 2 1 7 5
9 3 3 13 0 6 1 3 7 3 1
1 1 5 18 14 2 10 6 28 7 3
1 9 9 12 11 3 1 13 6 3 18
15 12 9 8 0 4 8 3 12 2 5
8 12 10 0 7 12 8 18 11 2 13
7 5 6 1 1 3 0 5 7 2 2
6 5 17 15 15 5 5 3 0 1 2
5 6 12 0 19 8 15 13 5 11 7
3 5 13 5 6 6 4 17 8 2 1
2 10 1 4 8 8 4 1 12 3 2
27 5 2 15 2 5 5 22 3 8 6
3 7 10 4 1 9 9 16 17 4 2
6 3 2 1 1 4 1 5 2 4 7
5 2 7 1 4 3 0 8 8 3 1
15 2 16 0 13 17 4 15 1 6 8
2 3 9 1 5 0 1 3 3 4 3
6 7 1 0 0 2 8 6 9 12 8
1 3 8 1 8 3 8 1 4 4 4
9 4 3 8 2 4 6 6 5 2 6
10 10 15 5 13 9 4 8 6 8 16
1 2 7 2 7 10 2 12 2 8 10
3 3 2 5 12 1 10 0 4 2 1
8 1 10 7 10 15 18 2 18 2 8
4 3 1 2 12 0 1 4 9 5 9
7 12 7 8 1 7 6 2 7 4 0
6 4 3 0 23 1 19 13 7 14 7
3 1 1 4 0 13 4 3 4 3 0
8 2 3 3 4 6 4 13 3 3 11
5 8 5 31 1 1 3 12 5 1 9
1 9 11 2 7 2 7 18 0 12 8
8 7 0 16 8 2 1 1 4 1 7
0 7 9 6 9 8 9 5 4 9 8
5 1 3 3 2 7 2 4 2 1 5
1 5 9 0 9 1 4 0 2 0 1
8 10 7 5 0 3 9 2 11 6 2
4 3 4 8 1 1 3 3 2 11 4
12 2 10 3 13 19 3 8 5 6 0
5 7 2 16 3 7 0 1 11 14 16
7 10 2 1 17 0 3 4 17 16 5
3 13 1 6 17 15 6 2 6 9 25
11 5 0 5 11 6 10 9 12 7 1
13 10 22 16 9 12 11 1 7 6 11
9 3 3 2 8 5 2 0 3 4 5
7 1 2 2 1 2 3 2 5 5 5
1 1 2 2 5 1 5 2 0 4 4
1 3 9 2 4 0 11 11 10 4 2
9 10 6 8 13 1 1 4 3 10 1
1 10 24 5 2 5 4 10 14 6 5
7 9 17 4 1 5 3 15 3 6 22
10 5 4 7 4 7 10 0 11 4 1
5 1 6 3 1 7 2 1 2 2 0
9 9 17 9 15 11 8 6 9 13 1
0 3 0 1 6 1 3 16 4 1 4
14 6 1 2 5 6 5 2 1 3 7
3 5 2 7 6 13 3 3 6 11 10
7 2 4 0 3 24 3 9 9 0 20
0 7 8 10 0 5 1 0 4 7 5
3 12 11 8 8 1 6 1 2 7 6
15 3 4 0 1 1 10 4 0 1 4
19 10 3 12 3 4 5 2 16 7 10
10 4 4 9 6 10 7 6 12 3 1
1 8 11 2 1 9 6 3 2 4 1
22 9 14 22 3 4 0 5 6 6 11
7 3 2 2 1 4 3 1 2 2 2
1 6 2 4 3 4 3 2 5 8 4
7 2 25 3 4 13 6 4 22 1 10
1 5 9 14 10 26 16 6 1 12 7
6 0 7 5 12 1 6 7 1 2 24
6 14 3 16 6 20 12 9 3 0 18
5 7 3 4 9 7 3 4 1 15 13
12 17 9 1 5 19 7 14 7 6 2
2 3 11 10 11 13 7 4 2 7 1
9 4 2 11 1 14 8 1 2 7 7
0 10 10 2 8 6 5 8 7 0 2
8 2 5 4 2 3 1 2 4 4 8
1 1 4 3 18 4 7 1 8 5 18
14 9 1 1 2 3 0 2 9 7 5
0 3 5 1 5 7 2 3 5 8 2
7 3 3 12 11 20 5 6 15 13 3
2 2 13 4 19 7 1 1 7 6 1
13 8 2 11 2 10 8 5 0 1 1
8 4 1 1 4 8 8 3 1 1 2
8 3 2 8 0 4 1 8 5 2 2
8 10 18 3 4 2 9 7 10 27 4
11 1 11 7 10 2 19 6 8 12 12
10 1 1 8 2 8 7 9 7 26 7
5 0 10 4 2 8 1 1 3 3 9
7 7 9 4 3 2 6 9 24 1 1
1 13 8 9 3 4 12 12 11 5 9
2 0 3 6 5 4 6 1 1 8 1
2 2 1 4 1 2 3 0 2 7 2
5 8 5 3 8 4 3 22 7 10 17
2 6 1 1 6 18 13 0 2 3 10
2 8 3 2 20 0 5 4 4 9 6
7 3 7 7 2 3 8 2 4 3 3
4 2 1 4 8 16 5 3 6 1 3
12 1 3 8 7 3 5 17 6 1 3
1 1 1 3 4 3 1 0 5 2 5
2 11 13 7 14 12 5 8 9 3 2
4 7 6 12 20 8 4 10 2 23 14
3 1 5 3 1 3 1 1 5 2 7
13 11 6 8 3 11 22 0 1 2 13
0 3 0 4 3 0 6 6 1 1 0
2 2 10 9 8 12 3 8 19 1 13
9 4 14 1 1 10 6 9 1 11 8
5 13 6 3 9 4 4 4 10 5 10
2 7 2 12 6 3 6 12 18 5 3
4 11 0 5 6 3 4 3 3 13 2
13 18 14 15 5 11 12 9 11 3 3
4 10 0 8 6 1 4 2 1 1 0
2 6 4 21 13 12 1 3 3 18 1
7 2 8 9 22 2 9 4 4 23 12
2 0 15 4 11 0 10 7 6 12 22
3 10 7 3 10 16 6 3 11 18 6
6 13 9 12 7 1 2 0 3 2 13
8 9 6 10 0 2 0 7 1 3 3
5 1 4 5 5 6 4 7 4 7 10
2 11 21 5 11 4 5 3 14 1 10
11 10 5 4 14 8 8 14 6 4 14
10 20 17 3 9 4 6 19 4 3 7
0 3 5 21 13 1 4 4 6 13 3
15 11 1 12 14 6 1 12 7 2 10
2 6 8 5 6 9 8 4 7 0 9
8 3 2 2 2 4 2 5 8 2 1
6 10 4 3 11 11 0 2 9 1 5
0 4 4 4 12 3 8 2 3 5 3
0 1 3 8 1 3 7 10 5 2 3
9 1 4 6 0 9 5 12 3 8 0
16 5 1 4 2 12 1 3 21 7 1
3 18 5 4 13 5 9 9 3 13 16
16 17 10 10 9 16 1 6 7 3 4
1 1 5 17 8 4 1 5 5 1 6
1 8 1 8 6 4 1 8 1 12 5
4 5 7 6 2 1 7 1 6 2 9
8 0 12 11 10 4 15 6 14 3 16
5 6 2 5 9 10 12 18 16 2 1
14 0 3 6 11 8 7 1 7 17 2
13 15 0 7 6 9 15 4 8 19 6
5 12 10 12 0 8 2 5 11 1 5
0 3 5 2 1 1 4 10 2 1 4
7 4 2 3 1 6 1 4 3 4 3
14 5 7 2 5 9 2 1 1 9 5
0 9 1 2 8 14 6 5 4 5 7
4 8 6 5 5 8 8 1 6 5 7
1 9 2 10 1 3 9 7 6 16 4
10 3 8 2 20 5 10 5 11 4 4
4 0 0 2 1 1 6 3 7 8 4
3 1 1 9 3 1 3 7 0 2 4
1 0 1 6 4 7 8 1 0 2 1
7 10 7 4 2 1 3 2 5 6 2
1 6 2 4 1 4 4 1 1 4 1
6 4 4 3 13 5 3 6 5 6 5
4 17 14 16 2 9 8 6 18 4 1
1 5 3 8 3 2 4 2 2 4 5
4 12 10 19 1 5 5 16 14 9 9
10 2 0 9 8 3 3 9 2 0 2
3 5 2 20 3 1 2 1 7 2 13
5 12 22 16 1 7 11 1 10 4 0
2 8 2 4 6 2 5 1 1 2 2
1 15 12 2 5 1 1 4 8 2 10
19 0 6 1 20 0 8 6 4 11 22
0 2 3 5 14 2 9 4 4 10 7
3 12 2 9 13 2 3 21 2 1 4
6 4 1 3 2 1 5 0 3 3 0
2 1 5 9 8 2 1 0 4 1 11
15 8 2 1 5 7 7 19 3 1 28
10 0 3 7 20 8 8 2 13 13 7
5 1 2 6 5 16 8 7 9 19 10
16 3 2 5 2 26 10 11 11 10 1
0 19 3 2 12 10 2 2 22 6 3
15 20 7 11 0 17 8 7 7 8 5
5 7 7 3 4 14 2 10 8 0 1
3 9 7 19 5 2 1 6 8 3 5
3 1 6 8 6 7 4 16 7 4 6
6 8 13 7 18 9 7 7 8 8 20
1 2 18 4 3 15 2 4 7 3 12
10 1 2 1 2 3 2 4 5 1 4
25 1 4 13 5 8 1 17 3 5 13
5 3 3 1 2 11 3 0 0 2 5
2 3 3 3 6 1 3 1 2 4 2
2 3 5 8 8 1 11 1 3 3 3
16 7 7 10 18 15 7 18 5 5 10
13 16 13 11 1 6 5 5 20 4 0
3 2 2 0 2 6 2 6 2 4 4
8 1 3 9 4 6 6 10 2 1 2
2 9 0 4 3 7 6 1 13 1 6
5 7 2 7 1 1 2 2 6 0 0
5 4 3 6 12 8 6 3 2 5 2
8 7 8 9 6 7 5 0 7 1 3
1 5 13 7 2 8 10 7 7 4 0
3 1 7 1 1 1 2 0 5 2 5
4 4 5 1 5 12 3 4 9 6 14
1 5 0 2 0 6 2 0 4 4 2
12 5 0 14 18 14 5 7 11 8 3
1 18 17 5 7 14 18 9 5 11 3
1 24 12 6 5 5 2 14 11 9 2
2 10 3 7 8 5 8 9 8 4 2
1 10 3 22 10 17 0 2 2 2 4
5 1 0 1 3 1 4 1 3 6 1
5 3 4 3 7 11 6 3 2 1 2
6 16 4 0 7 0 19 17 6 14 3
3 1 10 11 2 3 8 10 3 25 18
1 6 1 6 7 4 6 9 3 4 7
10 8 3 15 7 2 5 4 15 6 12
5 7 5 0 6 8 8 0 5 1 3
1 7 8 2 1 3 5 0 3 3 8
11 7 12 11 2 1 3 11 8 3 10
6 6 2 11 5 1 20 3 18 6 6
2 9 0 0 2 1 6 1 0 2 0
10 6 3 4 1 1 0 7 2 3 1
3 1 1 4 1 1 4 2 9 1 0
0 21 11 6 3 13 11 7 1 3 8
13 2 16 0 14 16 1 2 4 2 2
2 7 2 6 0 7 1 17 6 11 7
9 0 9 8 16 5 8 9 8 14 17
7 7 9 3 2 8 6 29 9 17 10
10 6 13 9 7 16 3 6 12 0 1
5 1 10 4 8 6 11 5 12 12 4
4 6 1 1 2 6 1 0 2 2 1
0 3 4 3 1 3 12 6 7 1 3
4 17 1 20 2 4 7 3 5 8 0
3 8 1 9 26 3 10 12 2 8 2
3 4 18 10 10 7 0 0 2 15 11
5 1 1 5 2 0 4 6 12 7 4
17 16 12 3 8 7 8 3 10 8 3
12 4 2 9 11 0 10 1 2 2 13
5 1 18 4 26 4 9 1 6 4 8
6 14 12 3 8 10 7 5 4 13 1
13 8 4 7 8 19 4 12 6 10 10
13 9 17 17 4 3 2 11 2 21 5
0 3 5 4 3 3 7 2 2 8 1
2 7 19 10 12 8 0 17 4 11 8
12 2 9 3 19 7 10 2 1 1 1
2 3 5 2 1 8 6 17 14 3 1
6 2 6 9 4 3 2 10 13 0 8
5 3 5 3 10 12 10 19 2 3 18
2 7 2 0 5 3 5 5 1 0 6
8 18 14 7 5 10 4 15 5 2 0
8 4 3 7 2 10 14 0 1 12 17
2 8 6 0 10 11 13 2 3 1 6
14 5 6 1 9 7 15 10 12 4 2
18 4 3 5 9 7 6 5 10 7 2
17 21 6 6 1 1 7 10 12 10 1
9 1 8 5 13 20 0 8 10 6 1
19 7 17 20 9 12 5 12 7 4 1
6 10 2 5 3 2 3 1 0 7 4
5 2 0 12 9 7 5 1 6 3 14
3 4 6 16 5 10 2 8 15 6 7
5 3 14 1 1 2 4 0 5 5 4
15 25 7 12 7 6 7 5 3 3 15
14 10 13 6 9 0 3 4 9 9 4
1 1 17 0 1 4 0 6 3 5 0
11 8 17 5 13 14 3 1 2 4 2
4 3 8 0 1 10 5 5 1 1 2
4 5 14 11 10 1 5 0 1 16 2
0 4 3 2 6 1 7 6 1 6 1
1 7 16 13 3 8 10 4 8 11 10
7 9 6 11 14 1 1 19 8 3 9
4 4 6 1 4 3 4 6 3 6 6
30 6 6 4 11 2 11 11 10 5 5
8 10 16 3 10 8 8 4 0 10 11
5 2 11 7 11 4 10 7 12 4 17
6 1 5 14 3 3 5 21 7 2 8
8 10 3 2 5 2 10 16 25 19 1
6 2 8 2 3 11 13 13 4 9 11
6 23 8 15 1 5 16 5 5 2 2
3 10 12 5 10 0 15 7 1 9 3
21 7 17 1 4 8 2 19 9 7 3
7 2 1 1 5 14 14 9 5 18 1
3 0 2 1 2 6 4 6 4 3 2
1 1 3 0 8 3 3 10 6 2 0
8 11 16 13 23 12 6 5 1 12 8
4 10 1 12 1 5 2 8 26 7 5
2 13 9 17 7 5 9 12 14 8 9
6 11 7 4 2 6 9 4 2 2 2
9 1 4 13 4 17 21 0 10 18 12
7 1 1 3 2 3 8 4 2 0 4
2 3 3 0 1 1 5 2 6 1 4
5 14 2 8 6 1 2 12 3 1 7
5 0 3 11 4 12 10 13 1 13 1
13 3 1 2 5 0 11 7 3 17 2
20 8 10 7 11 9 2 10 4 20 11
15 11 10 15 7 4 1 4 21 5 10
10 8 4 16 4 18 3 18 6 3 3
16 8 1 9 11 2 2 6 2 9 6
12 19 12 3 9 8 3 18 5 1 11
1 8 5 1 3 0 1 4 3 25 2
2 1 1 5 3 1 0 10 1 1 8
2 3 7 9 14 1 17 10 2 10 6
1 13 8 0 8 8 3 3 1 1 13
4 12 6 1 10 5 3 8 3 6 9
4 1 6 1 1 1 5 3 3 1 5
1 2 12 13 30 9 1 11 6 2 1
2 9 1 5 0 2 0 8 1 4 4
2 6 2 2 7 2 0 4 1 6 3
9 2 4 2 19 22 4 5 6 6 14
1 3 3 10 8 2 2 10 7 1 6
2 11 8 4 3 5 3 4 7 4 5
2 2 2 3 3 5 6 3 1 2 1
2 9 6 17 4 11 1 8 18 5 16
4 6 5 0 2 4 4 1 0 3 1
7 6 8 1 1 5 3 5 25 9 13
7 3 2 5 6 6 1 1 7 6 3
2 5 2 8 15 4 3 8 2 30 4
7 2 15 2 16 3 8 7 14 15 15
0 12 1 5 2 1 18 7 8 13 11
2 4 5 0 2 6 1 1 2 1 4
0 4 6 11 2 7 10 10 4 5 1
6 5 1 4 7 5 2 10 4 2 7
10 14 8 3 2 14 20 12 1 2 10
10 6 12 3 6 6 3 0 6 1 4
13 0 14 6 10 4 5 6 2 1 3
5 3 6 2 0 2 4 6 1 2 0
1 8 4 8 9 1 6 5 12 3 3
5 5 9 7 2 7 8 6 0 5 10
2 5 1 7 2 2 1 16 6 2 14
1 7 3 1 7 3 4 3 6 8 4
3 3 4 3 3 3 4 2 1 1 2
26 6 12 12 2 9 18 2 4 4 1
1 6 2 7 4 4 7 6 10 3 4
5 4 10 1 1 7 5 15 6 10 2
1 4 4 3 2 6 5 6 9 2 3
3 2 4 1 1 2 6 3 6 3 3
5 5 11 4 15 2 11 8 19 1 12
5 1 10 4 2 2 1 4 6 3 6
2 21 6 5 3 0 2 9 2 2 16
1 4 1 4 6 1 2 0 1 3 6
5 4 2 5 8 6 3 0 14 4 4
4 11 7 8 17 13 8 9 5 0 5
7 2 0 4 6 3 6 1 2 1 3
5 7 9 9 28 16 5 6 3 2 3
3 5 3 5 2 7 1 0 2 1 2
2 9 1 1 1 7 0 6 12 9 0
4 6 9 3 6 15 24 12 16 2 13
1 9 7 1 6 17 4 2 11 13 10
13 1 1 8 3 9 1 12 9 0 2
6 2 7 3 4 3 5 1 0 7 4
2 3 0 13 1 11 2 8 1 17 10
11 0 1 1 5 8 17 0 4 0 4
8 1 10 8 3 19 2 6 1 1 21
3 3 7 5 3 12 9 15 4 4 1
3 5 1 8 3 1 5 2 3 0 2
8 20 12 2 12 12 11 10 20 1 6
1 1 8 15 0 4 2 18 10 5 16
9 4 1 6 19 16 2 5 13 20 7
7 10 21 0 15 8 2 7 10 11 4
2 2 12 23 1 5 9 11 0 10 11
6 17 5 1 7 6 3 15 6 6 1
0 14 2 6 5 11 23 6 7 6 2
2 9 7 7 1 2 9 2 2 3 3
10 5 0 19 12 17 6 1 13 1 15
10 4 4 10 4 10 12 6 16 4 11
7 12 6 9 7 1 15 27 3 2 14
1 8 8 0 2 1 3 2 4 6 7
8 7 9 20 14 1 11 13 2 2 5
1 3 1 1 3 0 5 3 2 4 6
3 2 14 7 6 5 7 6 13 13 8
7 5 3 1 0 8 2 1 5 3 3
10 22 5 5 2 7 5 1 2 7 3
6 9 3 1 6 2 3 2 2 17 2
1 1 4 4 5 7 1 2 2 6 6
0 11 2 7 15 8 12 2 7 4 10
7 9 4 8 5 7 5 0 3 5 13
11 1 5 18 13 7 1 10 9 6 1
2 1 4 3 6 2 4 4 1 2 13
4 1 8 3 9 10 3 1 11 12 4
7 5 0 7 6 6 3 19 9 8 9
3 5 9 29 2 4 2 1 1 4 4
1 6 11 3 6 11 2 3 12 2 14
4 5 5 0 1 2 1 0 0 7 1
7 3 9 13 21 6 4 22 12 7 0
5 5 16 4 6 5 11 16 17 18 13
5 4 8 5 12 5 4 16 6 5 4
12 13 16 5 9 3 14 6 9 16 4
9 1 6 5 0 2 2 6 9 6 2
4 2 5 0 1 7 4 4 4 0 1
7 3 0 7 14 2 5 3 3 4 8
2 6 5 3 2 2 1 5 3 8 3
0 2 0 5 3 1 7 5 4 5 5
3 10 11 3 8 2 2 6 7 3 16
10 1 8 4 6 4 4 9 2 11 1
5 0 18 1 5 11 8 17 0 11 6
12 6 3 7 2 1 6 1 15 16 11
2 12 1 1 2 9 6 5 5 18 15
2 3 4 4 2 14 10 11 0 11 12
3 5 7 3 1 3 1 0 2 3 3
3 1 1 3 1 0 4 9 2 2 1
0 11 12 6 4 5 0 6 3 9 6
2 2 7 1 1 4 3 4 0 4 5
4 1 0 23 0 7 7 2 1 12 10
2 9 1 11 10 14 2 7 23 14 10
7 6 8 10 3 17 2 3 1 8 3
8 1 4 12 11 8 6 7 8 3 19
5 12 6 5 14 4 5 7 7 5 10
0 12 1 13 17 0 3 6 17 19 8
7 9 11 3 10 7 4 8 3 11 1
14 21 16 1 1 1 7 8 10 8 8
6 3 2 5 7 2 5 12 1 0 10
14 7 10 1 7 10 15 20 2 3 6
4 20 2 11 6 2 2 1 20 10 9
4 7 2 7 1 7 13 10 13 13 7
5 5 15 8 14 5 6 21 3 9 0
5 1 17 5 9 16 2 2 9 0 0
2 3 5 8 1 6 6 2 3 10 7
3 5 2 8 10 1 2 3 2 8 4
13 5 11 6 5 3 9 4 6 16 5
9 3 18 15 0 6 3 3 14 20 10
20 12 3 4 18 8 9 2 5 10 3
7 7 4 15 3 3 1 9 2 3 6
10 5 5 4 3 13 4 1 6 16 5
4 5 1 1 6 12 9 6 7 17 4
12 8 22 11 4 12 4 9 5 2 4
15 18 7 16 4 3 1 8 7 6 13
9 3 11 8 3 4 10 18 4 8 8
4 9 3 11 5 3 2 8 7 22 5
3 4 0 7 4 7 1 2 10 12 11
13 3 4 6 9 6 1 25 4 7 4
9 6 12 11 8 22 11 8 11 19 4
10 4 1 5 5 13 15 11 10 13 6
1 5 2 4 8 5 1 8 2 2 1
16 9 19 11 3 0 5 12 19 8 12
1 7 9 8 7 23 6 2 10 7 10
6 10 1 3 14 2 5 13 11 13 7
19 8 4 9 4 10 5 11 1 14 10
5 2 12 6 8 12 10 7 3 14 7
9 10 7 2 8 5 5 4 6 5 0
1 2 2 9 14 1 5 5 14 3 6
7 9 4 13 1 10 0 22 20 7 3
6 1 2 8 0 9 1 2 11 4 8
1 8 2 5 3 2 5 4 6 2 0
12 17 6 5 7 4 8 19 21 10 3
5 12 7 10 20 9 1 4 1 5 9
5 1 3 6 4 5 11 1 5 3 3
4 2 12 5 8 6 17 25 4 2 10
1 8 0 6 2 0 1 2 1 2 4
2 5 14 9 10 3 9 8 0 4 3
12 4 3 0 12 1 8 18 20 13 3
1 1 11 16 6 10 13 4 0 9 5
0 2 22 2 5 1 1 11 21 10 2
4 25 9 6 12 14 9 13 2 14 8
10 5 7 4 12 2 3 9 0 9 14
0 9 7 2 10 1 3 4 4 3 10
3 6 6 1 3 5 5 6 5 5 4
11 1 5 5 8 6 0 5 4 4 3
6 11 9 10 10 21 9 2 15 12 11
2 16 12 3 1 12 7 13 9 7 13
2 4 3 0 7 2 2 2 1 4 3
5 19 11 17 3 7 0 13 18 3 7
1 0 0 8 2 4 1 2 2 3 1
4 2 10 16 4 1 1 14 0 10 8
5 6 21 4 9 2 8 17 9 13 2
6 4 4 3 0 2 3 7 3 2 1
2 3 7 3 3 4 4 2 8 3 1
0 2 2 2 0 2 9 2 5 0 4
1 11 2 16 5 4 8 11 0 6 1
14 7 7 9 16 3 8 1 11 5 4
8 10 17 3 5 4 18 22 4 4 9
3 10 2 20 2 2 1 2 14 18 11
11 3 0 3 5 4 10 3 3 1 9
6 8 19 4 5 8 20 11 15 3 9
4 7 4 3 5 4 9 2 4 17 2
4 5 2 6 5 5 1 1 13 4 7
19 4 14 2 3 14 18 17 11 3 7
18 3 9 2 4 20 5 6 5 5 15
8 16 17 5 6 1 3 6 13 2 1
9 1 7 7 9 2 6 3 3 6 8
3 5 1 5 6 4 3 2 5 1 0
0 0 14 6 4 20 9 9 4 2 18
5 10 7 6 2 5 6 14 20 3 2
4 13 4 11 2 17 14 0 8 23 13
18 6 8 3 10 12 9 2 9 7 10
7 3 4 16 6 6 5 3 17 10 4
2 3 10 14 1 6 1 5 6 6 4
8 3 2 13 1 14 11 3 2 11 1
12 2 3 8 1 7 3 16 3 9 4
3 4 0 5 3 8 15 1 6 10 6
3 10 7 6 11 1 2 3 1 9 3
3 18 0 0 2 5 1 0 11 10 1
17 1 4 6 9 21 2 20 6 6 12
6 4 18 7 2 4 7 8 1 22 6
1 14 8 1 2 8 6 17 20 6 6
3 11 2 5 4 6 20 17 1 7 23
3 6 0 7 1 7 3 4 2 1 9
1 9 7 6 13 2 3 2 9 18 6
5 12 1 1 1 2 2 6 8 9 1
1 5 3 13 3 8 10 15 5 5 3
6 1 4 1 10 1 5 0 4 5 12
11 5 14 5 0 4 8 11 2 12 5
9 8 9 16 0 9 1 3 8 2 29
13 5 0 16 3 5 7 0 2 1 11
13 8 7 7 6 14 22 3 8 16 1
13 1 4 7 1 2 5 3 3 2 2
5 3 2 4 5 4 3 6 4 1 3
9 1 2 4 11 2 9 7 3 12 8
2 1 8 1 2 2 2 1 4 4 4
6 2 14 0 3 8 12 0 7 19 3
10 7 5 10 5 12 6 6 6 2 21
1 7 1 4 0 0 4 1 8 3 2
6 4 0 4 0 15 0 13 6 14 15
6 3 8 5 8 1 14 5 12 3 12
3 9 7 8 6 2 5 14 4 2 7
11 22 4 14 2 0 2 2 4 2 7
13 6 10 8 9 7 6 15 21 2 19
1 11 8 9 0 6 13 2 10 9 7
1 0 3 6 3 2 1 7 2 1 0
4 13 16 9 7 5 19 10 12 10 8
17 15 6 10 2 17 6 5 4 1 12
11 13 10 0 2 11 18 2 4 0 18
6 2 20 3 18 7 9 11 15 3 13
10 1 5 6 1 11 7 7 2 16 11
5 14 8 1 6 11 4 10 21 11 1
9 4 1 0 1 2 3 23 5 0 3
13 18 9 12 6 1 5 1 10 18 0
2 0 0 4 8 9 3 8 10 5 3
6 3 0 1 2 5 0 1 3 0 5
2 1 2 7 1 11 6 2 9 3 2
5 2 9 0 4 2 9 7 5 3 12
6 2 3 2 2 2 2 4 7 0 2
6 6 3 5 2 0 6 1 1 1 4
1 14 5 2 10 3 7 9 3 11 3
3 4 7 12 4 10 4 11 12 9 7
8 4 14 2 8 2 2 2 2 4 8
0 8 4 9 2 3 2 3 1 1 4
9 6 16 6 8 3 17 10 3 13 9
10 2 6 9 11 3 6 8 11 5 12
1 21 13 2 0 8 12 5 7 15 3
5 15 19 5 3 1 15 1 5 6 7
12 9 2 3 2 2 5 8 7 7 21
3 3 4 2 4 7 6 0 3 2 3
9 16 13 7 1 5 18 2 2 10 8
4 5 1 5 0 1 13 4 13 18 3
6 7 5 2 8 2 10 4 10 7 10
8 13 4 17 11 2 5 2 7 1 0
1 21 6 2 12 13 12 2 4 2 13
1 0 3 1 4 3 4 1 3 9 3
8 7 8 11 3 1 11 17 3 3 20
4 19 6 2 7 12 5 11 15 8 16
21 20 3 8 6 5 8 14 11 1 11
0 12 7 7 20 14 9 1 8 6 10
4 3 10 10 9 14 5 9 4 5 0
12 7 14 12 5 3 19 3 8 7 0
7 1 1 6 1 1 2 3 3 4 4
14 0 7 3 1 1 0 4 2 4 1
6 2 1 2 5 4 2 5 0 1 0
5 7 2 13 3 4 0 2 4 0 15
3 3 3 7 1 1 3 0 0 3 4
1 4 3 8 5 14 20 1 11 8 10
0 8 1 6 1 7 9 2 7 6 8
2 3 0 0 9 2 1 2 4 0 0
1 2 4 3 2 7 2 3 3 5 3
2 1 3 5 0 1 4 9 5 1 10
1 2 8 0 2 0 7 11 0 1 4
2 4 10 5 7 12 4 1 7 9 19
0 3 1 5 2 8 4 3 3 1 2
3 8 8 7 3 4 10 2 2 11 5
16 8 21 10 4 6 10 0 6 0 20
6 6 2 5 23 9 8 6 8 7 11
7 17 3 1 6 3 14 7 3 9 8
8 2 18 1 6 12 3 4 6 3 4
5 6 6 6 9 16 5 12 12 6 8
1 10 0 1 3 4 6 1 14 1 1
1 5 1 5 0 3 3 1 4 4 0
19 5 20 3 0 8 8 13 17 14 3
4 5 3 0 3 1 1 1 0 4 6
3 15 12 15 10 9 2 1 1 8 2
3 4 8 4 7 4 5 5 10 0 3
5 2 3 0 6 7 5 0 14 3 2
2 2 9 2 3 9 6 11 17 8 15
3 3 6 2 6 6 5 3 22 2 3
1 1 4 4 9 1 3 4 2 9 8
20 3 18 2 3 3 5 13 8 1 15
12 3 4 3 3 3 4 7 1 6 6
5 6 10 12 8 21 1 3 10 9 3
4 6 10 7 9 2 16 0 3 11 6
6 6 8 19 10 8 5 9 13 11 11
1 6 13 10 2 1 11 4 0 0 2
1 1 1 2 1 3 2 0 6 3 6
4 1 19 6 3 11 4 1 19 0 7
16 16 3 2 2 3 4 18 20 14 9
1 10 12 6 7 1 13 2 6 6 3
2 5 12 10 17 3 6 2 7 8 5
6 6 11 1 2 16 1 2 2 7 6
4 2 4 3 0 11 1 4 19 3 2
0 2 5 5 9 6 11 1 4 8 2
2 4 12 1 10 3 4 8 6 13 11
1 6 13 0 10 1 2 5 8 2 3
11 10 2 5 4 1 1 6 7 3 1
3 11 14 18 5 5 17 13 1 16 5
6 2 1 3 7 3 1 7 5 3 0
5 5 7 3 3 4 13 1 2 2 6
15 10 14 8 2 13 12 7 3 0 5
13 5 3 1 5 3 2 11 12 18 9
2 2 6 1 10 3 3 1 6 1 5
8 0 1 1 1 2 1 3 5 5 0
21 7 6 10 16 12 8 7 0 6 0
1 11 13 10 10 14 16 7 12 1 16
0 1 6 10 3 7 7 7 7 1 4
9 9 10 3 16 4 4 3 3 1 10
0 0 1 5 19 18 19 5 9 3 6
1 1 5 4 11 7 2 5 0 6 3
10 4 7 14 0 15 6 0 1 1 1
7 8 14 10 18 8 3 2 19 10 5
5 4 1 5 0 8 5 5 2 1 3
6 3 1 3 1 4 8 5 2 6 4
8 0 8 5 7 12 0 1 0 10 10
1 15
1 71
2 8
2 14
2 20
2 40
2 83
2 91
3 57
3 61
5 34
6 37
6 51
6 84
8 11
8 39
8 50
9 45
9 95
10 43
10 70
10 77
11 64
11 70
12 29
13 31
13 56
14 91
15 51
15 105
17 50
17 96
18 93
18 115
19 34
19 36
20 53
20 87
21 35
21 87
22 42
22 47
22 88
23 108
24 63
24 122
25 56
25 64
25 68
25 115
26 85
27 67
27 102
27 122
28 58
28 128
29 57
29 58
29 96
30 36
30 48
30 96
31 41
32 35
32 47
32 48
32 74
32 80
32 116
32 125
33 37
33 59
33 122
34 70
34 73
36 79
37 69
37 125
38 45
38 49
38 71
38 101
38 104
38 120
39 138
40 73
40 119
41 88
42 64
42 105
42 116
43 92
44 58
45 59
45 83
45 102
45 126
46 63
46 86
47 49
47 85
47 128
47 139
48 133
52 82
52 140
52 150
53 127
54 70
54 115
54 131
54 143
55 68
55 85
55 93
56 102
56 106
56 114
57 79
57 152
58 143
59 89
59 147
60 61
60 63
60 101
60 129
60 149
61 98
61 118
61 130
62 141
63 68
63 108
63 146
64 77
64 80
64 94
64 148
65 85
65 112
65 150
66 96
66 155
67 165
68 135
68 154
69 110
69 139
69 159
70 99
70 111
71 76
71 128
71 153
72 97
72 103
72 120
73 76
73 92
73 104
73 146
73 155
77 88
77 145
77 166
78 131
78 148
79 177
79 178
81 108
81 163
81 165
82 111
83 95
83 153
83 175
84 123
86 100
86 138
86 158
87 171
87 178
87 187
89 156
90 95
90 153
90 159
91 99
91 146
91 152
91 157
91 159
92 114
93 171
93 173
94 172
94 181
94 186
95 114
95 144
95 156
95 191
97 114
97 186
98 99
98 119
98 170
99 151
99 185
100 185
102 134
102 166
104 112
104 157
104 163
104 175
105 118
106 171
108 121
108 152
108 206
109 138
109 149
109 150
109 174
110 120
110 140
110 184
111 124
111 141
111 209
112 122
112 130
113 195
113 196
114 182
115 125
115 145
116 120
116 168
116 174
116 185
117 130
117 148
117 187
118 143
118 171
119 134
119 144
120 152
121 138
121 171
121 196
121 210
122 149
122 178
122 219
123 127
123 131
124 179
124 200
125 168
125 220
126 191
126 208
127 133
127 174
128 180
129 141
129 145
129 156
130 218
132 170
132 199
133 136
133 139
133 151
133 215
134 223
135 163
136 199
137 172
138 141
138 160
139 201
140 159
141 143
141 187
141 200
141 229
142 147
142 209
143 215
144 148
144 169
144 187
144 188
144 226
144 244
145 147
145 231
145 240
146 179
147 218
149 165
149 212
149 232
150 162
150 168
151 183
151 211
152 220
152 243
153 173
153 237
153 238
153 240
154 231
155 179
155 210
155 234
156 185
156 228
156 247
157 186
158 172
158 204
158 228
159 177
159 242
160 185
160 254
161 236
162 261
164 220
165 195
165 230
165 238
167 189
167 263
168 200
168 227
169 180
169 224
169 235
169 267
170 179
171 210
171 244
172 178
172 244
172 246
173 183
173 209
173 223
175 184
175 186
176 211
176 248
178 224
178 245
179 205
179 234
179 249
180 207
180 259
181 230
181 250
181 276
182 259
182 262
184 205
184 268
185 226
185 283
186 211
186 253
186 259
187 208
187 226
188 223
188 251
188 267
188 284
189 222
189 226
190 193
190 212
190 235
191 246
191 267
192 220
192 259
192 288
193 210
196 201
196 238
196 246
196 248
196 263
196 276
196 288
196 294
197 257
198 220
198 285
198 289
198 292
198 295
199 200
199 212
199 247
199 276
200 217
200 285
201 212
201 213
201 230
201 266
201 280
202 233
202 276
203 222
203 279
204 206
204 239
204 273
206 207
206 237
206 284
207 238
207 239
207 260
207 304
208 226
208 271
208 302
210 280
211 261
211 271
211 297
211 298
212 223
212 231
212 294
213 279
213 295
213 296
213 299
214 252
214 263
215 306
215 311
216 218
217 230
217 280
217 303
218 307
218 316
219 316
220 229
220 245
220 256
220 284
221 267
221 281
221 303
222 232
222 281
223 308
224 301
225 273
227 272
228 234
228 235
228 265
228 311
228 314
229 271
229 275
230 236
231 273
231 282
232 241
232 286
233 311
234 242
234 319
235 238
235 280
235 294
235 334
236 284
237 242
237 272
237 321
238 244
238 320
239 308
239 309
239 310
239 311
240 242
240 259
240 285
241 242
243 299
245 330
245 333
245 343
246 267
246 303
246 319
247 279
247 295
247 314
247 331
247 337
248 321
250 264
250 279
251 264
251 265
251 337
252 316
252 322
252 331
253 282
255 264
255 321
255 340
255 352
256 260
256 304
257 283
257 343
257 351
257 354
258 260
258 281
258 300
258 313
258 320
259 263
259 265
259 305
260 308
261 320
261 359
262 275
262 276
263 269
263 292
264 265
264 317
264 330
264 340
264 361
266 303
266 304
267 279
267 282
267 354
267 363
268 314
268 317
268 330
269 297
269 313
269 332
269 349
270 323
271 318
271 337
272 294
272 296
272 310
273 330
273 333
273 347
274 292
274 335
274 350
274 357
275 343
275 348
276 304
276 315
276 335
277 345
277 358
278 286
278 307
278 333
278 367
278 375
279 283
281 334
281 340
281 349
281 357
281 374
282 324
282 327
282 380
283 290
283 298
283 332
283 340
284 287
284 308
285 345
285 361
286 301
286 309
286 346
286 368
287 316
289 323
289 386
290 319
290 340
291 317
291 343
291 367
291 389
292 318
292 358
292 389
293 318
293 327
293 369
293 385
294 306
294 320
294 329
294 334
294 337
296 385
297 334
297 346
297 381
298 312
298 344
298 375
298 396
300 323
300 329
300 389
300 396
301 357
302 368
302 373
302 400
303 311
303 400
304 325
304 349
304 357
304 388
305 340
305 360
306 334
306 344
306 389
306 390
306 392
307 390
307 404
307 407
308 320
308 380
308 391
309 326
309 329
309 345
311 362
312 314
312 331
312 336
312 351
312 356
312 383
313 376
313 386
313 408
314 334
314 406
315 370
315 376
316 343
316 413
317 384
318 328
318 330
318 347
320 377
321 355
321 417
322 347
323 348
323 352
323 413
324 328
324 346
324 383
324 398
324 404
325 367
326 375
327 419
328 392
329 341
329 359
329 395
329 404
329 408
329 411
330 399
330 401
332 359
332 379
333 346
334 384
334 387
334 392
335 344
335 359
335 406
337 353
337 371
337 372
337 378
337 392
337 394
337 397
337 437
338 372
338 388
338 393
338 435
339 362
339 424
340 348
340 419
341 433
342 349
342 364
342 378
343 416
343 430
344 388
344 395
344 429
344 436
346 370
346 415
347 416
348 353
348 360
348 439
349 350
349 429
350 383
350 413
351 396
351 439
353 405
354 386
354 410
354 449
355 357
355 361
355 432
356 365
357 376
357 379
358 375
358 404
359 425
359 433
360 459
361 420
362 395
362 416
363 422
364 412
364 418
364 434
365 445
366 379
366 425
367 392
370 382
370 455
371 406
371 413
371 418
371 464
372 452
373 384
373 449
373 457
373 458
374 384
374 393
374 444
374 466
375 386
375 402
375 435
376 472
379 382
379 427
379 464
380 384
380 437
381 454
381 465
382 449
382 467
383 405
384 400
384 429
384 444
384 450
385 421
386 425
386 463
386 477
387 445
387 449
388 421
388 450
388 453
388 459
388 479
389 452
390 422
390 425
390 432
390 435
390 456
390 462
392 468
392 491
393 403
393 433
393 454
393 476
393 490
395 459
397 415
398 403
398 420
398 422
399 448
399 462
399 488
400 402
400 422
400 491
400 497
401 439
401 460
402 451
402 456
403 410
403 452
403 468
403 485
403 497
404 423
404 431
404 456
404 479
404 498
405 412
406 441
406 443
406 450
407 482
408 419
408 443
408 447
408 468
409 428
410 510
411 479
411 483
412 485
412 497
413 415
413 435
413 488
414 434
415 433
416 449
416 497
417 477
417 481
418 449
418 475
419 425
419 436
419 459
419 467
419 499
419 507
419 518
420 428
420 499
420 511
421 487
422 465
422 500
423 507
424 462
424 506
424 507
424 522
424 523
425 462
425 513
425 522
426 508
427 488
427 499
427 522
428 432
429 478
429 481
430 447
430 500
430 507
431 503
431 521
432 466
432 516
434 455
434 494
434 516
434 527
435 450
435 509
436 472
436 478
437 470
438 457
438 503
438 504
439 536
439 539
440 492
441 463
441 535
442 532
443 451
443 452
443 525
443 542
444 460
444 498
445 460
446 539
448 464
448 513
449 455
449 458
449 487
450 462
450 471
451 512
451 515
452 457
452 459
452 498
452 543
454 480
455 456
455 502
455 515
456 531
457 503
458 506
458 542
459 470
459 479
460 483
461 491
461 523
461 531
461 547
462 486
462 501
462 560
463 524
464 490
464 506
464 548
464 553
465 516
465 526
465 528
465 535
466 494
466 497
466 535
466 554
466 564
467 566
468 478
468 525
468 550
469 511
469 531
469 534
469 537
470 536
472 511
472 559
473 514
473 536
473 562
475 566
476 477
477 480
477 488
477 495
477 527
478 532
478 535
478 541
478 542
478 548
479 483
479 571
480 510
480 530
480 532
480 559
481 555
482 573
482 579
483 525
483 536
484 496
485 580
486 558
488 561
489 529
490 533
490 550
490 568
491 517
491 527
491 553
491 559
491 564
491 582
493 507
493 527
493 532
493 535
493 544
494 501
494 535
494 564
495 504
495 541
497 506
497 541
497 576
497 578
498 528
498 546
498 587
498 597
499 506
499 530
499 541
499 554
499 563
500 550
501 537
501 554
501 567
501 574
502 547
502 586
503 601
504 507
504 533
504 552
506 518
506 577
507 516
507 543
508 514
509 565
509 606
510 561
511 593
512 543
512 546
513 526
513 584
513 612
514 529
515 541
515 588
516 527
516 536
516 576
516 580
516 582
517 560
517 568
517 578
518 535
518 548
518 605
519 588
519 607
520 619
521 525
522 529
522 604
523 559
523 572
523 585
523 599
525 598
527 589
527 608
527 612
527 616
527 622
528 536
528 544
528 603
529 534
529 572
529 580
529 618
530 536
530 545
530 610
530 611
531 580
532 534
532 572
533 536
533 597
534 548
534 589
535 544
537 600
538 558
539 577
539 598
540 563
541 552
541 577
541 593
541 609
541 619
543 624
544 621
544 631
545 547
545 563
545 575
545 633
545 635
547 553
547 642
548 577
548 582
548 591
548 595
548 625
549 601
549 614
550 600
551 645
552 569
552 643
555 571
555 586
555 600
555 633
555 653
556 645
557 593
557 623
557 637
558 569
560 584
560 654
561 639
562 566
562 590
562 603
562 626
562 641
562 659
564 587
564 619
565 593
565 597
565 631
566 568
566 580
567 619
567 637
567 638
568 653
569 630
569 667
570 576
570 593
570 607
570 636
571 656
572 580
572 628
572 636
572 650
572 659
574 596
574 642
575 578
576 607
577 668
578 622
578 648
578 677
580 633
580 671
581 667
582 630
582 637
582 639
583 683
584 587
584 644
584 648
584 654
585 615
585 651
585 663
586 609
586 624
586 625
587 681
588 673
589 601
590 624
590 629
591 594
591 617
591 618
592 620
592 628
592 647
592 681
593 612
593 645
593 690
595 625
595 657
595 682
596 642
596 683
597 599
597 671
598 599
598 606
599 637
599 639
599 656
599 668
599 696
600 637
600 672
600 674
601 618
601 653
601 662
602 690
603 616
603 660
604 695
605 641
605 649
605 689
606 626
606 644
606 698
608 667
608 697
608 706
609 611
609 621
609 630
609 640
609 659
609 660
609 707
610 612
610 642
610 660
610 677
611 635
611 680
612 654
612 661
612 710
613 619
613 624
613 637
613 670
613 671
614 629
614 640
614 710
615 711
617 653
617 663
618 619
618 626
618 662
618 703
618 708
619 648
620 647
621 674
621 686
622 650
622 680
622 682
622 706
623 628
624 631
624 660
624 669
624 704
624 706
624 723
625 630
625 643
625 723
626 701
627 630
627 643
627 649
627 669
627 674
628 699
629 646
629 729
630 694
630 717
631 643
632 687
632 718
632 720
633 692
633 698
634 637
634 646
635 689
636 638
636 659
636 681
637 650
637 681
637 704
637 712
637 715
638 658
638 707
639 688
639 733
640 673
640 674
640 705
642 704
643 714
644 652
644 657
645 655
645 716
646 682
646 709
646 735
647 662
647 708
647 724
648 684
648 714
649 668
649 739
650 655
650 700
650 729
650 731
651 668
651 684
651 706
652 690
652 711
653 660
653 674
654 717
654 721
656 684
656 712
656 715
656 745
657 664
657 685
657 690
657 726
658 711
660 663
660 690
660 697
660 737
662 698
662 726
663 671
663 672
663 720
664 680
664 713
664 717
665 669
665 678
665 757
666 720
666 747
667 687
667 689
669 699
670 676
670 683
670 727
670 742
671 704
671 742
671 758
672 694
672 744
672 745
672 765
672 769
673 683
673 714
674 764
675 677
675 689
675 753
676 739
676 754
678 703
678 765
679 696
681 723
682 701
682 742
683 696
683 736
683 750
685 770
685 776
686 702
686 732
686 747
686 769
687 751
689 711
689 712
690 715
690 780
691 744
692 770
693 696
693 764
693 773
694 776
694 785
694 786
695 703
695 723
695 743
696 714
696 747
697 723
697 776
697 784
697 787
697 794
698 721
698 773
698 783
698 794
699 764
700 715
700 737
701 733
701 736
701 762
701 767
702 718
703 729
703 750
703 773
704 793
704 794
705 731
706 714
706 783
706 791
707 713
707 716
708 710
708 773
709 718
709 721
709 746
709 754
709 761
709 775
709 805
710 723
710 763
710 782
710 793
710 802
711 778
712 780
712 794
713 769
716 750
716 768
716 777
716 784
717 731
717 756
717 767
718 737
718 756
718 770
718 786
718 793
719 734
719 761
721 776
722 796
722 810
722 816
723 754
723 769
723 787
724 745
724 803
725 745
725 761
725 762
725 824
726 748
726 767
726 776
727 780
728 733
728 787
729 737
729 801
729 808
730 750
732 755
733 736
733 737
733 748
733 783
733 798
733 811
734 760
735 738
735 739
735 740
735 763
735 767
735 797
735 804
736 830
737 764
738 780
738 782
738 789
738 815
739 773
739 787
739 816
739 820
740 758
740 799
740 801
740 805
741 757
741 769
742 781
742 789
744 745
744 820
744 832
745 764
745 829
746 752
746 758
747 805
747 831
749 838
750 755
752 773
753 776
754 775
754 780
754 828
755 829
756 855
757 772
757 785
758 771
758 774
758 779
758 831
758 845
759 767
759 778
759 782
759 821
759 840
760 792
760 804
760 821
760 831
760 832
761 794
761 805
762 764
762 808
762 839
764 834
764 837
765 834
766 811
767 809
767 814
768 790
768 849
768 853
768 859
769 783
771 798
771 801
771 817
771 870
772 817
773 848
774 803
774 810
774 834
774 837
775 830
775 874
776 845
776 872
777 869
778 809
778 834
778 848
778 858
779 786
779 817
779 869
780 809
780 843
781 840
781 877
783 793
783 815
783 832
785 813
785 862
785 876
786 885
787 876
788 873
789 808
789 837
789 875
790 800
790 871
790 884
791 806
792 828
792 851
793 845
793 889
794 848
794 881
795 857
795 892
796 852
796 886
797 806
798 808
798 879
799 808
799 828
799 851
800 882
800 883
802 862
802 899
803 837
803 877
803 891
803 895
804 837
804 878
805 874
805 878
806 857
806 895
807 907
808 814
808 816
808 822
808 856
808 882
808 899
809 816
809 879
811 862
812 826
812 867
812 870
812 875
813 824
813 831
813 868
814 824
814 873
814 886
814 888
815 830
815 845
815 856
816 880
816 891
817 831
817 835
817 875
817 894
818 847
818 860
818 880
818 883
819 839
819 847
819 850
819 883
822 851
822 917
823 854
824 842
824 872
825 854
825 885
826 857
826 864
826 880
826 901
827 861
828 873
828 890
828 903
828 913
828 914
829 842
829 911
830 860
830 907
831 871
831 878
831 890
831 929
833 847
833 869
834 912
835 857
835 898
835 904
836 881
837 839
837 884
837 934
838 880
838 886
838 893
838 901
838 922
840 852
840 882
840 892
840 911
841 859
841 886
841 924
842 850
842 867
842 868
842 880
843 864
843 883
843 898
843 905
843 913
843 921
843 924
844 851
844 858
844 905
845 877
846 897
847 892
847 905
848 885
848 908
848 912
849 856
849 931
849 942
851 899
851 951
852 900
852 920
852 940
853 916
853 938
853 942
854 904
855 887
855 891
855 909
856 858
856 864
856 892
856 899
856 900
856 916
856 952
857 910
857 914
857 950
858 904
859 912
860 862
860 881
861 896
861 918
861 944
863 869
863 883
863 937
863 946
864 964
865 927
865 930
866 873
867 906
868 947
868 952
869 878
869 903
869 917
869 940
871 900
872 882
873 964
875 891
876 885
876 899
876 900
876 923
876 974
878 899
879 938
879 973
880 935
881 960
882 927
882 936
883 948
883 952
884 951
884 963
885 948
886 887
886 941
887 930
888 903
888 964
888 966
889 918
889 976
890 950
890 963
890 989
891 983
892 903
893 907
894 952
894 988
895 910
896 907
898 938
899 959
899 966
900 901
900 907
901 996
902 943
902 982
904 911
904 912
904 925
905 920
905 988
906 917
907 998
908 918
908 941
909 972
909 973
909 987
910 956
911 939
913 951
913 981
913 987
914 943
914 991
916 958
916 991
918 986
918 998
919 932
920 922
920 976
921 970
921 971
922 972
922 987
923 949
923 989
925 965
926 939
926 949
927 990
929 963
930 974
931 949
932 991
933 939
933 968
933 985
934 952
934 989
936 976
938 945
939 977
941 944
941 951
942 983
943 961
944 952
945 964
946 965
947 975
949 968
949 970
950 1000
951 955
951 957
951 968
952 987
952 998
953 965
954 993
955 971
959 984
962 983
963 980
964 978
965 989
965 996
965 1000
967 970
967 991
969 985
970 988
972 993
974 986
975 996
983 985
984 992
984 996
995 996
1 15 3 3 8 8 2 3 2 9 2
2 10 6 7 12 5 28 12 9 22 16
7 3 13 10 7 25 13 13 12 7 19
8 5 2 5 32 0 15 4 14 18 5
3 7 18 6 1 9 13 6 3 9 7
8 4 1 8 4 1 3 1 1 12 10
3 2 16 21 5 0 8 6 17 12 9
13 0 8 6 12 0 10 4 6 0 1
2 30 20 13 5 20 2 9 15 26 17
8 0 1 5 1 7 5 7 4 1 15
22 11 11 5 3 2 15 9 10 3 15
1 6 6 3 4 3 13 3 4 10 9
2 1 14 7 8 1 2 9 10 2 4
25 21 16 25 10 1 9 22 6 19 1
29 1 2 25 12 3 28 24 7 5 12
8 11 20 23 20 26 6 6 3 26 13
1 15 11 19 4 5 6 10 3 8 2
2 6 27 10 38 15 19 3 18 7 6
11 12 5 24 20 3 6 10 8 9 10
2 10 7 12 2 11 15 12 1 4 7
52 38 24 40 46 55 39 57 31 62 55 52 60 29 26 3 39 20 21 39
40 22 19 21 35 41 23 35 17 44 25 38 37 17 27 20 36 24 22 42
34 11 2 13 17 36 10 23 11 32 8 23 19 13 18 13 21 5 14 22
11 3 1 11 2 15 9 17 4 11 7 12 14 7 8 1 4 3 4 2
8 2 1 9 1 11 8 19 1 7 4 5 15 11 7 1 8 1 3 1
6 1 1 2 2 3 1 7 1 8 1 4 4 1 1 1 2 1 1 3
17 6 1 12 12 20 7 20 1 18 11 19 11 11 7 3 13 1 4 10
40 7 2 16 22 24 14 28 13 21 5 24 27 17 7 10 27 16 8 22
48 27 18 32 29 49 32 50 23 50 37 42 49 32 36 1 44 11 23 42
12 1 6 11 5 12 10 17 4 17 5 7 11 8 11 1 6 1 1 5
54 22 32 37 44 54 40 57 24 61 36 51 61 11 31 16 33 42 19 37
18 5 1 13 3 11 4 15 2 10 1 8 10 9 6 1 10 5 3 6
26 12 10 17 17 33 16 38 2 37 16 26 30 15 31 8 22 11 15 24
8 4 8 8 7 12 11 16 6 16 4 7 15 4 10 1 5 6 1 8
32 23 18 29 23 42 24 29 10 42 13 34 30 1 28 9 20 16 14 32
47 13 29 24 45 51 30 57 9 55 42 45 44 30 36 18 45 26 29 48
58 27 27 42 48 66 39 56 21 70 35 57 48 16 39 33 38 32 28 44
64 22 19 32 53 51 41 46 34 43 29 55 47 27 13 21 50 32 13 46
23 6 8 9 23 29 15 27 10 30 18 21 20 20 11 12 25 5 8 25
18 7 1 13 9 21 11 15 8 13 7 13 14 11 11 7 13 6 7 12
23 6 1 7 19 24 8 14 7 23 5 21 7 4 6 7 17 9 2 20
48 29 27 34 28 49 41 46 35 54 17 35 57 16 25 26 41 28 33 36
68 28 36 30 58 65 51 68 30 73 47 63 77 35 42 16 63 30 26 56
11 1 5 2 12 14 11 14 9 19 15 13 16 5 4 1 11 1 1 18
19 11 15 26 19 31 16 33 1 37 17 22 27 3 20 6 3 14 4 14
10 6 1 12 4 10 11 25 1 13 13 11 18 15 11 1 11 1 8 6
37 10 16 16 25 43 33 20 29 39 14 30 37 13 13 15 30 13 11 25
43 22 9 36 30 43 30 45 8 43 17 39 43 24 32 8 30 15 18 27
50 10 29 39 39 51 39 63 9 53 34 41 62 27 42 13 38 38 30 39
65 45 34 57 42 68 39 77 15 72 48 64 66 35 60 21 47 26 41 50
60 32 18 36 33 64 33 53 27 59 30 47 50 38 40 28 53 8 42 40
11 5 5 9 8 13 10 15 6 18 6 6 14 5 10 4 7 5 1 10
50 20 7 37 24 42 30 43 18 34 19 36 44 23 20 12 30 22 17 17
33 2 18 8 23 43 24 32 21 50 22 21 37 13 21 11 28 7 11 28
19 1 7 3 12 21 7 15 10 27 15 11 16 4 9 1 13 2 1 18
13 5 1 4 11 8 7 6 10 13 6 13 9 1 2 1 9 5 1 11
64 32 40 40 56 65 51 69 33 68 29 57 75 25 35 37 59 49 38 60
33 19 13 22 26 30 13 26 23 32 24 29 30 8 5 5 17 16 6 20
62 16 32 27 47 55 44 57 31 61 42 50 60 37 32 25 60 31 40 52
30 17 5 30 12 39 9 33 1 39 26 31 22 6 22 1 13 3 15 22
25 13 22 27 20 26 19 42 4 40 18 21 37 11 33 9 17 23 15 24
41 10 6 19 24 32 19 33 21 34 16 26 36 20 7 11 30 16 14 21
23 2 1 7 13 30 6 24 6 31 11 15 20 9 14 11 14 2 7 18
40 27 19 40 22 46 33 43 13 45 21 43 39 16 29 4 34 18 21 31
52 12 32 32 50 65 54 56 40 65 35 53 61 25 20 35 44 31 26 45
60 31 24 44 38 69 48 56 37 63 17 52 59 16 26 38 44 35 36 39
62 34 31 44 52 64 44 57 37 63 34 59 59 21 27 42 45 37 32 44
47 26 20 31 29 40 23 30 25 36 13 35 37 7 10 15 24 26 11 25
19 11 18 21 20 30 22 32 8 35 16 23 27 7 23 10 13 17 9 17
24 9 1 21 9 24 13 24 1 20 12 19 17 18 16 4 18 2 11 8
24 6 2 1 11 21 5 26 5 21 6 15 21 10 11 8 16 5 3 18
63 32 19 37 42 69 35 52 29 65 42 58 48 26 30 13 37 13 20 38
42 19 18 26 32 27 26 36 19 28 11 32 40 19 13 19 40 32 17 40
54 19 15 40 26 50 29 55 22 54 33 41 51 31 30 14 44 15 36 37
54 20 20 29 42 51 37 47 33 54 20 43 50 12 12 31 45 34 19 40
11 7 1 10 3 10 12 22 3 14 10 11 20 11 11 1 11 2 5 5
56 18 12 32 29 43 29 46 23 41 17 33 50 25 28 19 41 34 27 38
24 9 11 14 19 34 17 24 12 34 22 22 20 15 18 4 19 3 8 27
37 11 1 27 25 34 21 38 3 26 16 30 31 32 22 11 33 11 19 25
38 7 3 22 28 38 13 32 7 32 13 29 19 19 13 16 28 13 11 25
36 11 11 15 24 39 26 38 19 37 22 32 40 22 19 8 34 11 9 30
43 22 18 28 24 44 28 27 25 41 4 31 35 8 19 18 27 22 18 28
23 2 1 5 13 22 3 11 10 21 7 17 10 3 2 8 13 4 3 13
17 3 1 6 2 17 6 9 8 17 1 5 16 1 6 2 7 1 3 7
57 13 22 33 35 58 40 61 19 64 31 46 59 27 40 13 50 23 35 42
15 4 4 8 11 21 9 24 1 20 6 11 13 15 15 10 13 1 7 12
15 12 6 12 16 19 20 18 13 19 11 18 22 9 9 5 18 10 5 18
15 5 1 14 8 14 9 20 3 13 9 16 11 8 6 3 5 7 4 4
14 12 9 10 12 12 16 13 12 17 1 13 18 4 9 6 13 12 1 13
6 6 1 11 5 12 11 21 1 12 11 8 14 14 8 1 9 1 8 5
54 26 26 30 36 56 40 40 37 60 32 45 55 17 24 16 36 22 17 37
34 1 17 19 25 49 35 34 27 42 23 30 38 22 8 20 31 7 20 22
68 19 25 33 45 59 39 57 25 67 21 50 60 21 35 22 55 34 34 53
27 16 14 29 19 40 29 38 12 42 18 30 41 7 30 8 16 22 15 20
49 22 4 32 22 46 32 39 20 35 15 31 43 30 23 12 37 16 27 21
23 1 5 18 7 34 23 25 14 24 4 16 27 9 12 11 11 11 10 1
30 12 6 26 16 23 18 29 7 24 8 22 24 18 19 1 20 14 13 20
5 1 1 2 2 11 4 8 1 9 1 3 5 1 3 1 3 1 1 4
10 5 1 7 4 12 8 14 5 9 4 9 11 4 4 1 6 8 1 7
43 16 17 28 23 44 21 41 15 44 33 34 40 19 30 3 37 16 24 39
33 10 12 27 21 38 27 48 6 39 27 29 37 16 27 11 27 20 19 20
15 9 16 17 16 24 17 28 8 35 16 21 27 4 23 6 9 17 5 18
53 36 30 55 47 56 45 55 22 56 31 56 63 20 32 16 38 39 24 39
32 15 13 17 23 45 34 33 24 46 29 27 43 22 25 8 32 2 16 26
10 7 8 13 7 19 16 27 5 22 16 11 25 11 18 6 11 5 9 13
27 3 6 22 16 22 20 38 7 19 6 19 31 16 13 7 17 21 6 14
15 4 1 5 14 11 1 13 1 20 8 15 8 1 1 2 8 1 1 12
58 30 23 39 40 61 50 46 40 51 25 49 54 21 15 38 47 34 33 34
43 14 1 33 18 38 19 40 8 25 11 31 30 19 21 8 26 20 17 28
50 19 1 39 25 44 22 44 12 39 23 39 38 18 18 6 27 17 18 21
8 4 4 10 5 14 11 14 4 13 5 8 12 7 11 1 5 5 4 5
52 20 12 25 35 56 26 38 22 53 26 47 33 14 24 19 33 13 19 37
63 30 29 46 42 68 35 56 31 62 24 56 55 18 25 25 30 31 22 35
24 8 2 17 14 17 18 24 10 14 10 23 17 4 2 8 12 16 5 8
33 5 11 17 27 27 19 38 10 35 19 26 32 19 17 8 31 17 8 33
19 1 2 15 7 22 10 25 3 19 5 7 16 9 9 4 6 7 2 6
9 1 1 1 6 10 4 6 5 9 1 6 8 1 2 1 5 3 1 8
19 5 1 15 12 27 8 19 1 21 9 16 9 13 13 8 12 4 9 14
28 3 4 24 18 30 20 30 10 22 15 23 23 17 10 5 17 13 6 14
45 10 10 29 23 39 33 50 20 36 17 32 50 26 15 15 31 20 18 20
23 9 3 20 11 25 9 24 5 23 16 17 20 11 10 4 9 3 7 7
51 12 19 13 33 40 22 49 17 55 26 34 49 18 25 18 39 19 22 32
33 11 14 15 27 36 22 41 10 42 29 34 34 20 27 11 34 14 16 34
59 16 25 30 43 55 46 43 44 50 26 44 51 24 8 34 50 29 26 37
30 12 14 6 20 32 30 31 27 38 26 26 40 20 17 4 29 3 8 25
50 29 16 37 38 50 39 50 15 36 20 47 51 37 31 18 47 27 26 37
56 34 10 47 38 61 25 57 8 57 39 54 42 30 39 21 31 16 33 33
19 4 9 15 19 25 17 22 7 31 14 25 20 1 7 1 9 9 1 12
9 1 1 5 1 6 1 13 1 15 3 3 6 1 7 1 1 1 1 1
38 20 20 33 27 31 11 47 13 37 34 30 40 14 13 4 22 23 8 27
20 4 16 16 17 34 23 34 13 40 12 19 34 7 17 16 12 14 13 13
53 31 30 39 40 62 48 45 34 61 29 52 58 23 33 19 42 25 23 40
24 1 13 9 17 29 20 35 12 37 21 16 35 13 19 9 25 9 14 23
64 36 26 48 46 69 48 65 27 61 26 55 72 39 41 32 56 31 38 47
22 12 13 12 19 19 20 24 16 28 11 21 27 6 8 6 23 17 3 23
11 1 1 7 5 15 2 6 1 11 1 6 2 1 6 4 5 3 2 6
61 34 28 50 49 64 59 60 30 57 28 57 70 34 30 28 55 36 38 43
32 15 1 21 19 38 19 29 12 29 15 26 26 21 21 12 25 9 17 19
48 11 9 24 24 47 21 39 16 45 10 33 36 19 19 17 26 9 17 18
56 24 13 34 40 55 41 45 23 51 21 46 54 34 27 21 52 18 27 37
41 11 19 24 26 37 26 46 14 43 21 32 47 18 32 10 32 23 16 29
34 24 10 40 31 43 38 48 6 43 27 43 40 21 31 6 23 23 17 20
1 1 4 5 4 7 6 9 1 14 1 2 6 1 8 1 1 1 1 2
57 36 23 46 37 64 44 52 31 59 44 57 50 22 35 17 43 23 34 46
29 9 11 12 20 27 14 27 19 39 24 21 30 9 7 8 18 7 8 18
30 9 4 21 15 18 12 26 4 22 3 22 23 9 11 1 15 15 3 11
60 29 35 47 52 72 60 60 25 75 47 63 71 24 51 11 51 42 38 51
54 21 15 42 38 54 35 57 14 47 20 50 50 26 33 21 35 31 20 35
30 7 25 27 27 33 27 50 2 42 23 26 44 13 33 6 22 30 17 28
28 20 8 21 21 23 22 24 18 27 18 29 33 11 9 7 21 13 10 16
24 1 6 10 7 28 15 23 12 26 1 7 23 13 10 12 17 2 8 6
9 6 3 12 1 12 13 16 5 9 10 11 16 10 11 1 6 1 8 1
32 6 4 26 13 29 13 33 8 29 12 19 26 12 12 7 9 11 7 3
55 31 21 51 35 56 43 68 14 54 35 49 64 34 54 11 46 34 38 46
30 13 16 22 30 37 32 28 24 33 16 32 30 2 9 14 23 25 8 24
48 37 25 60 33 60 45 70 5 56 37 51 59 33 56 15 41 30 42 42
3 1 1 1 1 3 2 11 1 10 1 1 6 1 4 1 1 1 1 1
12 2 1 10 10 22 10 18 1 19 8 13 10 10 11 5 11 1 4 11
53 32 30 33 50 67 51 54 30 71 43 55 66 31 48 18 52 25 28 52
41 24 11 31 19 41 24 39 22 43 28 32 46 17 21 10 21 15 20 15
36 16 8 22 27 43 21 33 8 40 20 40 26 16 23 10 26 7 13 27
22 7 1 7 10 16 8 14 13 20 4 9 18 5 8 6 14 7 5 13
36 11 11 36 29 39 29 47 7 32 19 35 36 30 25 15 30 24 18 26
14 1 1 4 8 14 2 13 4 16 5 6 9 5 4 4 8 1 1 10
32 11 1 30 8 30 11 31 3 23 12 25 14 12 16 5 10 9 12 9
63 36 26 35 49 60 26 42 37 65 35 53 53 18 19 25 41 24 21 47
44 20 23 28 38 48 28 49 25 52 43 44 44 14 18 6 24 20 5 33
57 34 6 40 43 56 38 41 24 48 29 48 47 37 32 12 53 23 31 45
57 18 10 25 33 51 27 42 25 54 21 41 40 20 22 23 37 17 18 35
34 13 8 23 17 43 13 30 6 38 12 28 26 13 27 14 15 3 18 17
33 5 9 22 17 36 19 28 15 38 10 22 28 5 15 14 12 15 10 8
76 34 23 51 35 66 32 70 25 66 40 57 62 31 36 21 47 28 36 42
18 1 1 5 1 15 1 10 5 14 1 2 11 3 4 3 9 1 2 3
61 26 42 35 46 60 48 54 24 71 32 51 65 13 43 30 47 42 37 48
9 3 1 3 5 11 9 12 3 11 1 7 12 1 4 1 7 3 1 8
24 17 6 20 11 25 16 20 11 19 8 20 18 11 15 6 16 11 12 18
53 21 33 37 30 58 40 59 20 66 41 46 59 22 49 8 46 25 38 45
77 39 26 53 54 77 42 62 32 69 36 66 66 36 34 27 53 32 31 46
15 7 2 7 9 7 11 13 10 11 7 13 18 5 2 1 9 7 1 11
20 12 2 25 2 28 14 26 1 24 12 20 16 10 23 1 7 1 14 6
21 9 6 9 9 16 13 16 11 14 1 14 16 7 10 1 12 11 1 11
14 5 1 8 9 16 9 14 12 17 8 10 16 8 6 5 11 5 6 10
12 6 11 12 10 12 14 23 6 18 1 11 19 9 13 1 11 11 1 8
45 14 13 22 36 44 17 48 8 46 34 43 40 14 24 16 28 21 19 31
55 27 30 53 45 62 39 70 22 65 43 54 68 21 31 12 35 40 20 37
30 6 4 20 21 34 17 36 6 36 11 24 23 11 17 14 19 14 7 19
56 29 17 55 41 62 42 57 17 52 30 57 52 18 32 14 34 35 25 34
7 4 3 8 3 11 10 14 3 8 6 10 11 7 8 1 5 4 5 4
67 34 37 52 50 63 38 67 28 71 44 63 64 6 32 12 35 49 24 47
7 1 1 3 3 14 8 15 5 15 4 5 14 3 4 1 5 1 1 4
8 2 1 8 3 14 8 16 2 10 6 7 11 8 7 2 4 2 4 4
68 35 15 51 50 63 40 52 26 53 31 61 53 36 30 23 52 33 31 47
41 8 6 22 10 35 17 38 17 38 9 21 32 15 17 14 21 13 17 15
11 6 2 1 7 4 8 5 6 5 1 8 9 1 1 2 10 6 1 10
57 25 7 41 20 53 32 46 18 39 21 40 44 33 26 10 42 12 36 28
28 12 8 15 19 21 11 26 9 29 18 23 32 3 11 2 14 13 3 20
22 12 9 25 9 26 13 27 4 29 12 22 20 6 19 1 5 9 9 7
28 15 21 25 25 31 24 39 6 39 22 29 37 10 24 14 21 23 13 23
30 21 6 27 24 27 26 45 8 33 31 26 43 30 28 1 33 18 22 28
18 1 1 11 12 26 9 14 4 24 4 14 6 1 8 5 7 5 1 9
20 3 1 12 13 21 11 22 6 18 10 17 13 8 4 7 11 10 2 13
61 38 27 46 40 62 32 50 20 59 16 59 44 9 32 27 35 29 26 42
55 27 29 38 44 58 49 50 45 60 31 49 60 12 15 35 49 40 36 41
62 42 28 44 48 66 44 50 32 62 32 58 56 36 41 28 56 21 37 52
61 47 31 63 43 67 57 63 35 65 33 65 61 14 31 31 45 43 43 44
44 15 12 28 29 46 36 35 25 37 14 34 45 20 12 15 40 22 15 29
61 29 25 59 40 70 43 78 6 65 37 58 61 34 57 18 44 33 40 48
15 3 1 8 10 9 10 16 4 14 5 15 12 1 1 1 4 10 1 7
54 17 22 41 37 57 46 54 31 46 21 39 58 42 32 31 47 31 34 34
5 1 8 8 5 10 10 19 3 18 3 6 15 3 11 1 3 5 1 2
12 1 1 11 2 16 3 19 1 17 7 4 12 8 10 1 6 2 3 9
66 43 33 57 45 73 48 66 29 77 39 62 69 25 45 28 52 33 37 53
21 11 6 7 10 15 13 14 16 14 3 13 22 5 3 6 15 12 3 14
11 1 1 2 8 13 4 9 5 11 3 5 7 4 2 3 8 1 1 9
48 24 7 32 33 48 26 39 13 39 20 45 30 26 25 14 40 17 20 36
16 2 5 8 5 20 15 23 12 24 7 9 28 5 10 5 9 8 6 8
55 40 36 55 47 60 46 67 15 68 44 62 63 16 48 19 34 44 30 41
33 15 22 41 24 39 32 57 4 43 28 34 46 20 37 12 22 29 19 21
17 5 6 2 17 15 14 18 10 25 10 16 18 4 7 3 19 5 1 22
12 1 10 6 15 17 14 23 8 26 22 14 22 9 12 1 16 5 6 21
47 22 19 44 40 53 47 62 25 47 32 46 60 23 22 19 42 39 25 36
11 1 6 9 7 15 9 27 1 23 17 9 20 8 18 1 12 6 10 11
19 8 11 13 16 25 16 20 8 25 3 19 21 3 18 9 11 12 3 16
15 1 1 1 6 11 3 13 9 20 9 9 14 1 1 1 10 1 1 9
8 1 2 3 4 11 7 12 1 11 1 8 8 1 5 2 5 1 1 6
53 23 11 34 25 50 18 52 15 54 25 36 44 30 34 22 35 6 29 31
15 5 1 8 7 16 5 10 4 16 2 10 8 1 8 4 8 6 3 9
24 13 15 34 25 34 33 51 9 34 22 26 48 28 31 12 23 25 19 25
46 21 11 41 27 52 28 45 20 42 24 36 34 19 20 23 30 23 27 26
20 11 13 13 14 19 20 23 11 22 5 18 29 4 15 8 14 15 7 11
29 5 20 12 26 37 18 46 3 45 21 23 41 14 31 12 25 16 16 29
49 15 7 32 23 51 22 42 17 46 16 34 30 13 19 24 22 14 22 19
6 4 4 10 1 12 9 17 1 12 12 8 14 8 10 1 5 4 6 9
27 9 3 18 14 24 14 30 12 31 23 20 33 14 11 2 22 7 9 15
11 1 1 14 7 20 10 16 3 12 6 10 9 5 6 4 1 7 3 4
61 30 15 63 43 66 42 67 9 53 32 57 55 35 41 15 34 34 29 32
24 3 6 12 12 12 3 27 1 18 14 15 17 8 8 4 14 12 4 14
42 20 23 20 40 50 34 33 25 45 21 42 35 20 26 17 35 19 9 38
46 25 21 39 36 55 31 48 21 52 39 48 38 20 23 6 23 18 13 26
28 14 5 17 20 22 14 27 9 23 19 27 27 10 6 4 19 12 3 20
22 4 1 17 7 22 5 22 1 22 10 16 13 4 10 3 4 3 3 8
38 22 10 29 25 45 31 35 17 44 18 35 39 19 30 11 30 12 21 26
44 7 10 19 24 36 27 37 23 41 16 26 45 21 17 8 36 15 19 32
20 1 2 7 4 19 10 22 11 22 5 8 20 8 7 8 10 5 7 5
18 8 5 14 8 14 13 18 7 20 7 14 19 3 11 1 7 7 2 8
24 8 1 11 15 21 3 14 4 28 10 21 10 1 8 2 10 2 2 19
14 1 1 14 11 14 12 21 3 13 6 11 17 14 6 1 16 6 3 12
52 27 15 51 29 57 39 59 12 55 35 48 53 35 45 7 43 14 36 40
7 1 1 1 1 5 2 11 1 8 1 3 4 2 2 1 4 1 1 3
8 2 1 4 1 3 4 14 2 6 3 3 12 6 1 1 8 3 1 6
11 2 1 4 3 10 4 7 2 2 1 7 4 1 1 1 5 6 1 5
47 26 35 34 48 62 39 59 19 65 42 55 54 25 51 24 43 31 32 52
69 37 29 38 43 62 32 43 30 61 31 59 44 17 27 14 44 21 18 48
25 7 14 23 14 44 26 28 11 35 8 21 32 9 22 16 14 10 18 11
61 33 25 59 53 66 51 63 25 62 27 65 59 19 25 26 45 43 26 44
45 13 19 22 28 49 37 42 27 53 27 35 52 22 25 16 42 14 25 31
55 23 17 36 46 48 29 52 19 51 27 47 53 26 24 17 39 28 13 44
30 2 7 23 14 21 12 38 1 30 12 19 26 11 17 1 15 17 7 16
36 25 24 42 27 51 29 43 12 47 22 40 29 1 28 22 19 28 26 28
40 13 6 27 24 37 20 29 19 33 17 31 26 8 9 18 19 20 13 19
56 30 37 42 56 63 47 62 19 69 37 58 60 19 41 35 49 44 27 54
53 32 25 37 40 54 44 42 32 50 32 51 57 23 20 13 42 23 21 33
46 20 20 31 44 49 32 55 19 50 35 42 49 41 36 27 49 23 27 51
18 7 1 10 15 15 11 14 8 17 9 20 9 1 4 4 10 11 1 13
41 20 18 21 35 44 30 38 18 50 34 44 40 21 32 13 39 18 20 41
67 29 17 47 41 64 45 54 37 50 27 50 54 31 17 34 52 36 39 38
7 1 4 2 3 10 5 8 4 9 1 3 9 1 6 1 2 2 1 4
25 14 12 21 14 23 23 22 15 21 9 23 28 10 15 6 16 14 6 12
22 7 3 20 9 19 10 25 4 19 5 13 17 14 13 1 13 11 7 12
8 1 1 4 3 7 4 11 3 6 3 5 7 6 2 1 4 2 1 3
20 10 12 18 13 19 21 25 10 15 2 19 26 10 10 4 17 19 2 12
30 15 13 21 21 24 11 37 11 32 23 26 29 9 10 4 12 17 1 20
55 34 34 47 47 69 56 51 42 64 33 58 59 17 30 27 43 38 28 42
39 13 5 25 32 34 26 32 17 28 11 31 37 23 12 15 37 22 13 35
18 7 6 8 6 17 14 17 14 21 4 9 25 3 11 4 11 8 4 11
10 1 1 10 5 9 8 20 1 12 10 9 12 11 6 1 6 1 5 5
77 39 23 54 54 70 41 53 36 63 36 65 64 31 25 18 55 32 29 53
22 6 7 13 16 31 18 15 13 20 16 23 17 10 10 1 16 5 4 17
52 21 20 21 39 45 21 47 19 55 29 43 45 14 25 21 33 26 17 37
55 30 16 37 30 60 38 41 25 50 31 49 42 23 32 11 42 15 27 37
11 1 1 4 1 9 3 17 4 12 5 3 13 6 6 1 5 1 1 6
24 6 1 16 10 25 15 26 12 17 9 17 24 11 6 7 14 12 7 8
13 3 2 1 3 4 2 15 7 11 6 4 17 4 4 1 10 6 1 9
61 10 22 30 46 56 45 47 43 47 29 46 51 37 6 31 53 27 25 40
38 13 35 27 42 47 45 51 19 56 40 49 51 14 37 9 32 35 18 40
17 4 1 2 13 14 5 7 10 15 6 14 9 3 2 5 12 4 1 15
19 4 11 20 14 28 18 30 2 19 4 16 23 7 13 9 8 16 2 10
7 1 1 5 1 9 2 9 1 9 1 1 4 2 6 1 1 1 1 1
49 40 25 44 47 50 47 57 20 60 43 56 63 22 36 9 43 37 32 45
11 10 7 6 13 9 13 12 10 17 5 12 15 1 8 4 12 10 1 13
25 3 1 15 9 24 9 20 12 26 8 15 18 2 9 10 8 11 8 6
60 29 24 41 38 71 40 63 25 67 30 56 56 32 42 32 44 20 39 43
25 6 1 15 9 34 9 20 7 27 6 15 15 12 16 9 14 1 14 14
43 27 19 33 34 53 27 49 15 50 31 42 46 30 34 23 31 11 28 25
69 46 29 48 50 70 45 64 25 70 45 64 63 45 50 19 65 16 39 63
40 10 13 16 28 22 17 33 13 30 16 26 36 15 16 8 33 25 11 35
7 2 1 5 7 9 7 12 2 10 4 7 9 5 4 3 6 2 2 9
55 22 20 46 39 66 53 62 32 58 38 46 58 38 25 31 48 25 42 30
11 1 1 1 11 15 1 7 2 12 2 12 1 2 1 3 11 2 1 13
9 1 1 7 1 17 9 11 8 10 3 2 14 8 4 4 6 1 8 1
54 32 33 32 41 57 43 49 32 61 31 54 51 21 33 15 46 25 20 52
50 25 19 50 38 53 49 61 21 42 26 48 59 34 37 22 40 42 24 35
54 45 28 57 39 67 40 59 22 70 46 60 59 21 45 8 34 23 34 40
25 13 10 10 20 18 17 9 20 18 10 22 18 7 4 7 22 13 4 22
1 1 1 1 2 4 2 9 1 12 2 1 4 1 1 1 1 1 1 4
20 5 1 11 16 29 6 24 1 23 11 19 12 14 13 11 14 2 8 16
18 9 2 17 9 25 16 27 1 22 12 15 21 17 17 3 17 2 10 9
39 9 17 22 33 55 34 36 24 53 18 36 37 11 21 19 27 17 11 26
39 18 7 25 16 46 11 43 5 45 22 29 32 22 32 12 30 1 24 30
44 12 6 23 25 39 18 44 13 36 26 36 37 15 16 18 30 19 18 24
23 8 13 20 19 39 24 25 11 33 17 27 23 15 21 5 21 7 9 20
51 14 13 17 41 44 31 38 25 38 15 40 41 24 13 16 43 21 7 39
1 1 3 4 1 8 7 10 1 8 1 2 8 1 5 1 1 1 1 1
29 4 5 10 18 32 14 20 18 37 16 19 23 7 7 13 19 4 9 18
19 14 8 14 18 18 22 21 16 22 16 24 24 12 9 6 21 12 7 20
34 9 11 30 18 40 26 34 19 38 17 25 30 9 15 18 15 18 18 11
18 7 4 15 14 17 8 20 5 21 14 16 12 10 6 1 11 5 1 8
15 1 2 10 2 13 8 20 3 9 5 10 13 10 6 1 6 4 3 3
47 26 8 37 26 45 22 44 10 39 20 41 31 24 27 13 37 19 22 36
23 8 9 18 14 31 9 28 4 37 20 21 16 2 21 2 15 8 12 27
17 1 6 16 10 25 14 24 4 18 5 12 17 9 11 3 9 9 1 7
31 19 12 32 30 45 40 42 11 43 34 41 37 25 28 4 28 16 20 26
11 1 7 9 13 22 14 18 8 22 9 11 16 7 10 7 10 4 4 14
49 27 12 34 35 43 29 45 17 41 23 45 43 19 15 17 33 23 16 30
54 32 24 53 41 56 39 55 26 55 26 54 55 13 21 16 30 38 18 30
56 31 28 46 54 62 61 68 29 57 43 60 68 44 42 18 56 39 25 52
21 1 5 17 11 24 15 21 9 25 5 12 24 10 12 1 16 6 5 10
69 28 30 44 52 68 65 58 48 55 31 61 71 36 19 31 63 37 34 44
23 4 1 16 7 13 6 20 5 13 5 10 17 11 6 1 11 6 1 6
7 3 1 1 2 1 3 2 4 1 1 6 5 1 1 1 4 3 1 3
12 1 1 7 6 13 5 23 1 19 11 11 14 6 8 3 6 1 1 10
50 23 13 34 24 42 22 37 10 37 10 40 33 19 26 12 35 18 19 35
15 10 1 19 4 24 12 14 4 13 10 15 14 11 15 1 9 4 12 4
69 23 19 42 46 62 35 50 34 53 31 53 55 28 13 18 42 31 21 39
1 1 1 4 3 10 4 7 1 12 3 1 4 1 3 1 1 1 1 4
13 1 2 10 6 18 10 16 1 11 3 12 7 4 5 6 3 6 1 5
66 40 27 45 50 65 40 51 32 56 26 62 51 32 29 29 59 28 35 57
63 35 33 32 47 62 36 51 37 70 31 51 58 25 36 30 55 23 32 59
38 9 1 24 15 39 13 29 8 31 9 29 16 8 17 14 14 10 13 16
11 1 5 16 4 16 10 26 1 16 1 6 18 9 11 1 5 8 1 1
21 9 15 18 21 30 25 33 10 33 17 23 36 7 18 9 19 14 8 22
9 1 4 4 10 12 8 12 9 15 8 9 9 5 5 1 9 4 1 9
11 1 5 6 9 14 6 17 1 18 10 9 12 6 7 7 9 5 1 15
43 23 22 40 34 54 41 56 18 55 33 44 57 29 42 5 38 22 24 40
36 11 4 23 14 29 6 36 2 33 10 23 20 12 21 6 22 11 12 28
15 2 3 5 4 13 1 13 7 18 10 7 15 1 6 4 6 3 3 9
63 28 9 43 36 60 34 50 26 54 31 50 50 25 18 16 37 20 26 27
6 3 3 12 1 15 10 14 1 11 6 6 10 8 12 1 3 3 6 1
43 2 3 26 24 32 12 41 3 35 14 24 33 15 15 10 22 19 9 22
18 1 1 13 8 13 3 16 1 15 7 12 9 6 1 1 9 4 1 5
41 14 11 25 37 39 19 50 9 39 25 34 36 33 27 24 40 22 22 42
3 1 5 3 4 4 3 16 1 15 9 2 12 2 8 1 4 5 3 8
33 16 6 19 19 30 8 28 5 32 14 27 21 13 19 12 15 5 12 18
61 28 29 46 42 56 28 61 28 65 42 49 59 25 32 8 38 29 20 48
66 50 33 48 49 66 43 55 40 61 28 58 58 36 39 42 57 32 46 53
40 19 19 30 37 48 29 30 15 46 17 44 33 3 22 14 21 23 7 30
63 30 7 46 41 53 41 54 21 48 33 48 60 42 34 20 52 29 33 42
8 1 1 3 1 6 2 10 2 7 1 1 7 4 4 1 3 1 1 1
33 10 1 26 9 38 13 34 7 36 21 26 24 12 21 1 19 3 15 18
25 4 4 12 6 20 8 21 11 27 13 12 24 7 12 5 12 7 10 9
8 4 1 11 7 18 10 20 1 17 14 9 14 12 10 2 11 1 6 11
29 5 16 26 27 30 22 46 5 37 16 26 36 11 21 12 21 29 9 25
38 15 9 32 22 41 19 46 1 36 18 34 32 29 30 12 28 9 18 18
15 5 3 14 6 23 10 17 4 24 8 13 9 4 15 1 7 1 7 11
40 8 21 33 31 40 35 58 10 49 27 32 58 23 35 14 30 30 26 29
58 12 22 31 38 58 36 51 35 58 37 45 52 34 17 26 44 16 23 36
44 14 18 44 36 53 41 63 10 53 35 44 50 24 37 11 38 32 31 35
58 36 26 42 41 57 22 44 23 57 40 57 38 12 21 7 33 22 16 49
69 33 25 38 44 70 28 63 28 70 47 56 57 35 36 14 48 14 26 53
52 20 13 41 34 56 34 64 4 56 31 43 51 32 47 7 39 26 31 37
35 2 4 23 13 37 20 33 15 24 7 16 30 24 9 15 24 10 17 10
30 6 1 11 10 23 14 17 16 16 1 10 26 13 5 9 23 9 6 13
7 1 1 5 7 7 6 13 1 13 6 5 9 4 5 4 4 1 1 9
54 23 15 36 36 61 42 55 19 60 42 44 54 29 42 14 45 29 41 39
42 24 27 30 41 56 37 56 12 61 37 50 51 24 46 16 41 25 27 46
52 16 22 21 37 50 29 42 31 48 31 38 47 28 12 11 36 9 10 30
59 15 22 35 35 61 38 52 34 59 23 44 47 31 23 33 42 23 34 40
33 10 7 23 25 36 23 27 9 32 12 34 22 8 13 7 20 13 2 19
39 3 18 14 24 44 22 44 17 47 19 26 40 20 20 26 30 12 23 26
28 5 5 17 14 29 10 29 8 28 18 19 25 15 16 5 21 10 9 21
47 18 9 36 25 53 34 44 24 52 23 40 43 12 26 19 26 21 24 25
25 6 8 17 22 32 21 29 12 24 20 23 27 23 9 3 27 8 7 24
24 9 8 21 21 28 12 28 8 28 22 28 18 6 2 2 9 12 1 14
15 4 5 5 10 19 7 12 9 20 5 9 14 1 8 7 10 5 4 12
31 14 9 21 27 28 24 25 19 32 14 32 27 2 2 10 19 19 3 20
30 3 11 22 19 37 27 37 13 32 10 22 38 24 14 14 26 9 15 15
32 11 13 22 18 28 15 35 9 36 15 25 35 3 18 1 11 19 3 14
23 13 13 26 21 31 23 35 6 32 15 29 29 6 19 9 9 19 5 16
35 18 7 30 15 38 8 37 1 40 23 32 20 12 24 6 16 4 17 24
11 1 11 8 14 19 11 24 5 29 16 11 19 4 16 5 12 10 6 20
40 15 13 32 25 43 23 38 13 43 16 36 24 10 24 12 27 20 15 27
5 3 1 10 3 8 8 13 1 8 9 10 8 8 6 1 4 1 5 1
11 4 10 11 12 18 14 26 4 24 9 11 20 9 13 5 11 8 1 13
61 38 33 49 55 68 37 59 28 63 35 63 59 17 31 33 32 41 22 42
20 5 5 8 10 19 9 18 8 15 1 12 13 7 8 7 12 9 1 11
14 1 1 13 8 19 13 23 1 12 5 11 12 8 6 5 6 6 2 4
7 1 1 5 3 11 2 9 4 11 4 3 8 1 4 1 1 3 1 5
32 8 9 26 22 33 17 41 7 38 25 26 30 5 13 11 13 17 9 16
51 26 13 28 30 48 38 47 27 44 26 38 55 36 25 23 49 20 30 34
27 10 3 13 17 22 6 22 5 29 9 20 14 9 14 10 14 4 7 15
57 38 18 44 39 60 34 43 24 46 18 57 38 17 24 33 42 28 35 40
55 22 16 33 29 62 30 56 24 57 26 41 47 36 35 34 39 12 36 31
27 14 1 21 6 32 14 27 9 29 12 20 24 12 20 2 17 4 17 12
10 1 1 7 9 19 6 9 5 14 6 7 8 4 4 4 6 2 2 10
18 6 3 6 11 10 4 20 4 19 11 15 14 5 7 6 12 6 1 16
19 5 1 10 5 13 8 20 9 11 4 9 19 11 5 1 12 9 1 6
46 10 10 15 32 40 28 32 28 39 14 28 38 28 12 17 43 13 14 33
41 6 16 7 27 41 26 29 28 38 17 28 30 22 9 17 34 5 11 24
56 11 18 30 29 57 30 47 30 60 23 42 40 25 21 27 40 15 31 39
47 12 10 22 29 51 22 48 6 51 30 37 40 22 34 17 34 14 28 29
26 3 1 11 14 27 8 21 10 26 6 16 18 4 9 12 12 11 3 16
11 10 1 11 9 12 16 22 4 16 11 14 20 13 11 1 15 4 7 7
40 31 17 40 25 49 36 37 18 47 23 42 43 16 38 10 28 18 27 29
28 22 11 36 16 36 22 40 5 42 24 32 33 14 31 1 13 9 19 14
43 29 19 39 32 48 30 47 22 55 32 44 52 14 27 3 24 20 15 26
23 14 5 16 17 21 13 20 7 19 12 24 21 6 6 5 13 10 3 14
64 35 34 37 53 67 27 53 38 69 49 55 52 33 31 32 43 24 27 51
48 11 12 43 39 51 32 48 11 47 23 43 37 20 21 15 29 27 15 28
41 19 14 25 25 41 23 30 16 39 5 34 34 10 21 16 25 16 12 25
56 24 12 46 42 63 42 56 20 51 22 52 50 25 30 20 43 31 27 36
16 5 2 8 8 18 10 13 5 14 1 11 11 4 8 4 10 7 1 11
39 24 17 28 24 41 20 31 17 43 29 39 31 9 22 1 20 7 12 28
58 21 22 31 34 64 43 57 35 64 36 45 56 29 34 19 46 19 27 38
36 14 6 30 21 44 21 33 12 37 17 34 20 7 19 16 19 15 18 23
13 5 7 12 18 28 18 27 4 27 12 22 20 13 18 8 16 3 8 16
65 43 37 53 50 57 48 64 43 58 36 59 65 11 9 35 42 50 30 44
48 23 14 36 26 59 27 48 19 49 24 42 40 22 32 29 31 17 31 26
15 7 1 10 6 12 11 21 7 10 6 11 17 12 6 1 13 10 4 8
18 3 1 11 11 21 6 13 2 17 1 13 6 3 6 6 8 7 1 11
64 42 22 55 45 65 49 57 32 62 42 62 56 29 34 19 54 32 37 48
6 1 1 4 1 10 1 7 1 15 1 2 1 1 6 1 1 1 1 4
29 3 8 8 12 21 9 32 9 25 8 15 30 10 14 7 22 14 5 20
14 1 1 8 7 20 6 12 8 22 6 5 11 4 7 2 8 1 4 9
26 7 2 11 10 17 11 18 10 13 4 17 19 7 4 2 13 9 1 10
55 23 20 45 37 59 42 55 19 52 28 54 52 27 37 11 44 29 23 46
23 6 1 28 16 30 19 37 5 29 20 21 25 18 16 6 18 14 11 13
20 3 7 3 14 21 13 8 18 23 11 14 17 5 4 7 17 3 6 16
66 30 16 36 43 63 37 49 31 58 34 53 51 43 32 28 57 9 40 43
24 4 7 6 22 21 11 21 11 25 13 19 18 15 6 8 26 8 3 25
24 11 9 22 15 30 21 26 9 28 10 25 29 7 20 5 12 11 6 13
65 19 33 20 50 60 47 58 46 67 42 50 61 33 27 30 58 25 27 49
14 11 1 15 7 20 15 19 5 11 13 15 18 14 12 3 13 3 12 8
26 5 1 19 16 20 17 27 9 12 6 19 23 12 2 4 17 18 4 12
54 27 26 45 38 46 25 51 25 44 29 44 43 14 16 16 27 38 9 28
39 13 18 34 26 42 25 49 18 51 24 30 39 10 26 15 24 27 20 26
24 12 9 14 20 16 12 23 9 22 13 22 22 4 3 1 14 11 1 16
28 7 9 23 11 37 19 34 12 38 20 20 33 15 23 5 20 8 13 19
11 8 1 11 6 15 12 16 6 7 8 12 13 13 8 1 12 7 7 7
11 5 6 10 10 18 10 9 8 23 8 10 9 1 13 1 7 1 6 12
27 7 6 11 14 29 15 23 11 30 3 19 27 6 17 9 16 8 6 16
13 2 3 5 4 5 2 19 2 18 10 8 14 2 9 1 7 5 1 9
41 27 9 33 33 49 36 32 17 44 28 44 37 19 25 6 34 17 20 36
44 15 16 30 35 35 22 57 5 41 28 39 48 25 26 10 33 26 17 36
40 16 29 6 42 41 26 44 18 53 32 41 44 20 33 12 42 17 14 46
49 25 25 41 46 57 51 63 22 56 43 52 65 42 43 14 49 26 25 48
39 13 10 14 30 42 28 29 23 39 18 36 36 13 14 19 31 15 11 32
70 41 28 57 44 69 43 62 27 72 39 62 67 28 37 14 51 24 32 48
10 5 1 5 11 11 13 14 8 14 7 12 14 6 3 1 13 5 1 13
10 2 1 1 3 4 3 9 3 4 1 4 8 2 1 1 8 2 1 7
2 1 1 1 1 2 1 6 1 6 1 1 2 1 1 1 1 1 1 1
31 4 1 14 15 35 9 21 11 33 4 17 15 7 12 17 13 8 12 13
23 8 17 13 23 25 22 23 14 39 19 26 29 2 18 1 18 14 1 25
49 25 22 40 27 58 27 57 9 54 26 45 37 26 43 21 29 13 29 34
52 22 12 49 27 50 36 58 14 42 22 45 46 23 33 15 34 33 28 34
30 11 4 12 18 28 18 21 15 29 9 23 28 11 13 13 22 7 10 19
5 3 1 9 1 10 7 8 1 5 3 6 7 4 6 1 4 1 3 2
61 32 29 40 40 66 39 56 26 71 44 61 57 22 47 12 47 22 30 50
19 5 4 14 17 21 14 21 10 18 11 16 11 4 3 12 12 14 7 12
19 11 8 13 13 15 19 20 13 16 4 15 27 9 6 4 18 11 4 13
28 11 8 22 20 25 20 41 5 33 26 24 35 23 22 5 28 11 14 24
58 31 4 49 46 55 45 56 16 39 30 52 49 48 37 19 52 37 35 43
20 8 7 21 8 22 13 30 1 28 15 15 22 11 19 4 7 4 8 10
24 10 11 22 15 27 15 31 9 40 14 23 25 6 23 2 11 8 7 18
23 10 5 7 9 17 13 7 18 15 1 12 20 1 1 8 17 11 5 10
52 29 25 35 43 44 29 52 21 50 19 45 54 22 22 24 39 27 17 39
36 18 4 20 25 37 20 28 14 33 17 35 30 15 17 12 26 11 12 23
12 8 4 20 1 27 14 23 3 23 7 12 20 7 21 1 3 1 11 4
65 42 33 57 45 58 32 60 28 61 24 57 56 12 21 16 38 41 21 48
10 8 1 7 7 8 12 13 9 8 5 10 14 7 6 1 9 8 4 9
10 1 7 8 7 14 11 24 4 20 10 6 18 9 12 5 7 4 4 12
69 48 25 52 43 66 35 61 24 57 41 58 54 49 52 27 58 17 47 54
60 29 16 45 38 62 40 64 24 70 48 49 63 36 39 8 44 22 38 34
43 11 8 26 30 35 25 27 20 26 16 33 30 23 15 10 33 24 14 29
60 31 14 56 47 65 49 65 16 54 35 57 66 36 34 14 41 38 30 35
26 6 15 19 23 26 26 42 9 32 24 26 40 19 23 1 30 21 14 28
54 39 23 55 48 70 54 58 23 65 36 59 61 23 43 26 40 39 34 43
31 17 5 28 19 40 21 31 12 43 29 32 31 14 24 2 18 2 18 20
31 18 2 21 14 22 20 34 11 26 20 25 39 17 14 1 22 7 11 12
19 4 7 22 15 38 18 23 5 29 8 22 16 6 19 5 8 8 7 14
19 7 2 10 9 11 9 17 7 11 3 9 16 10 5 2 15 9 1 11
40 10 13 21 35 41 28 37 21 36 24 30 37 32 18 13 38 14 12 37
21 10 11 11 18 20 19 25 10 25 3 19 26 7 10 10 20 13 2 21
6 3 2 11 7 18 9 20 1 20 13 7 15 8 13 3 6 2 5 12
52 29 13 29 45 52 30 53 12 56 46 54 51 29 34 10 44 19 26 44
31 19 15 21 25 42 24 31 17 43 29 34 25 19 27 7 27 1 15 34
29 19 11 24 17 30 25 24 16 26 13 30 36 8 13 6 18 15 10 10
14 10 3 9 9 15 16 15 13 12 8 13 23 9 9 3 13 7 8 9
20 7 1 11 11 15 12 16 6 10 5 19 12 4 3 4 9 11 1 10
61 24 33 35 37 60 34 59 14 66 32 50 52 18 50 12 45 34 36 51
65 16 20 31 39 52 31 45 33 56 24 45 49 26 19 23 50 25 26 47
51 15 21 27 33 40 31 48 12 39 31 43 47 20 25 9 39 33 22 35
17 7 1 17 2 15 7 18 1 10 3 11 13 12 10 1 11 3 7 7
48 26 19 29 33 49 24 37 21 43 17 40 33 22 33 27 30 21 23 34
43 6 7 31 24 47 22 45 10 46 11 29 36 16 20 19 20 16 13 15
6 1 1 4 2 7 2 10 2 13 8 4 11 1 3 1 1 1 1 5
3 1 1 2 1 2 2 12 1 8 4 2 8 2 3 1 1 1 1 4
44 11 15 37 38 46 36 54 17 45 26 38 45 17 18 21 38 35 18 38
30 13 3 24 17 32 29 39 12 32 19 19 40 30 20 7 31 7 22 15
21 6 18 3 19 28 19 28 16 35 21 18 29 13 18 1 21 3 1 24
22 5 1 9 6 16 7 11 10 16 2 10 15 3 6 2 9 4 3 7
19 12 1 15 17 27 19 20 7 19 18 22 20 16 13 2 21 2 12 17
35 13 6 21 28 31 22 19 20 25 13 32 21 1 1 15 22 21 5 22
8 1 1 5 7 8 5 12 1 8 4 3 5 8 1 4 7 1 1 8
37 14 12 32 26 54 29 39 9 48 22 43 28 16 31 5 23 7 15 25
59 16 32 38 48 58 46 68 17 61 48 56 63 31 40 2 46 33 21 44
15 4 1 11 5 13 6 15 4 10 4 6 9 11 6 5 12 5 1 8
56 21 25 46 37 51 50 52 33 50 21 45 63 37 25 23 47 28 32 28
7 1 1 1 1 7 1 5 3 5 1 3 5 1 1 1 1 2 1 1
54 25 10 43 39 55 25 51 10 45 30 50 35 38 33 20 41 15 30 36
39 20 8 31 13 34 21 43 11 34 19 30 36 16 28 4 25 19 18 22
25 5 10 19 24 33 20 33 7 34 10 23 28 14 18 7 22 13 3 24
39 13 11 23 31 42 15 42 10 43 23 35 30 15 16 20 20 11 11 21
12 3 14 9 14 17 15 28 5 28 14 15 27 3 18 1 10 13 4 18
66 42 26 55 46 76 43 60 22 71 31 65 57 19 40 28 39 33 33 41
10 3 7 9 11 10 11 14 5 18 6 14 14 1 9 1 5 6 1 6
39 22 31 31 39 48 30 52 16 59 51 45 51 14 30 1 29 22 18 37
67 22 33 26 50 54 40 53 31 62 45 51 61 30 37 8 55 30 26 55
58 17 16 35 34 53 24 45 21 51 30 41 42 25 32 19 45 27 31 47
39 12 18 24 33 51 32 51 7 56 34 38 47 22 41 5 38 14 24 35
32 15 12 31 27 29 21 35 6 35 13 31 30 12 20 2 19 20 8 22
21 8 6 17 11 18 14 22 5 20 4 20 18 2 11 1 7 12 1 5
20 1 1 13 8 16 7 23 2 11 7 12 18 11 4 1 12 8 1 12
45 19 20 32 29 52 23 44 8 49 22 40 34 24 35 10 35 7 21 38
53 17 20 39 43 58 47 48 30 47 24 49 55 25 22 18 45 33 16 36
55 35 31 52 41 65 46 56 25 60 32 55 51 9 34 24 39 38 29 44
39 17 25 22 36 38 13 37 20 51 38 35 36 7 16 5 22 20 6 36
52 23 26 40 49 51 44 48 26 48 26 55 49 20 16 18 40 34 10 36
26 4 1 18 9 31 12 22 5 24 8 15 22 15 15 4 18 2 9 11
18 9 4 8 14 18 13 15 9 13 5 17 14 8 7 8 15 11 4 16
24 12 13 20 26 37 30 31 12 34 19 31 29 20 23 8 29 10 11 23
14 1 6 5 11 21 12 14 13 25 12 9 18 6 5 2 11 1 2 13
22 2 1 14 9 22 8 17 7 14 6 14 10 5 2 8 5 8 2 5
23 8 1 18 9 24 18 23 10 17 13 23 24 5 8 4 11 14 5 10
42 36 23 30 38 45 35 45 23 45 28 45 48 29 32 29 43 20 30 41
47 12 29 39 41 56 43 59 18 55 33 44 59 24 37 18 38 37 23 42
47 36 22 48 43 60 45 48 15 58 28 58 47 16 34 15 36 26 25 39
24 9 7 20 19 27 6 22 6 24 18 21 14 7 3 1 9 8 1 14
18 3 12 16 15 18 15 36 3 30 19 19 24 9 17 4 11 14 6 14
26 3 2 11 7 16 5 16 7 18 1 9 16 8 9 4 14 5 3 9
65 18 6 30 38 56 25 43 21 46 18 47 42 29 19 20 45 17 26 38
47 20 13 26 35 57 35 43 26 48 28 44 42 21 20 30 40 17 28 30
35 13 19 14 31 35 28 26 21 39 27 36 40 8 16 9 35 20 15 38
48 17 29 25 38 52 44 53 22 58 29 46 62 18 32 20 44 30 27 39
34 19 11 31 21 42 20 39 3 36 15 37 28 16 28 9 18 13 13 18
13 1 1 10 4 15 6 14 3 10 1 7 5 3 5 4 2 7 1 1
9 6 1 6 4 11 12 16 5 8 5 10 15 7 6 1 8 6 3 7
24 20 14 23 18 25 26 31 15 34 18 24 35 15 22 9 25 17 14 23
22 12 10 24 18 35 27 38 10 31 22 23 34 22 22 4 22 9 14 16
24 6 6 18 10 28 16 28 9 28 11 16 29 14 17 6 18 6 9 12
28 1 12 12 14 28 13 35 4 33 16 19 31 2 16 4 13 13 7 14
48 21 17 15 35 51 31 30 32 47 23 39 38 24 23 15 40 11 13 38
13 1 1 1 4 10 1 12 5 10 4 5 11 3 2 3 8 2 1 11
12 1 1 5 3 4 1 10 1 5 1 9 1 1 1 1 1 2 1 1
11 4 1 10 5 13 9 11 8 10 9 9 14 8 6 4 6 1 8 4
15 6 7 11 10 17 13 18 6 23 3 13 19 1 15 2 8 9 2 11
4 1 4 6 1 8 9 15 3 11 4 3 13 4 7 1 1 1 2 1
22 6 8 10 18 26 19 23 14 26 17 21 23 12 10 3 20 8 3 22
57 41 29 52 39 71 28 62 16 66 38 60 53 22 47 25 31 24 34 39
13 4 5 9 7 10 8 20 5 18 7 8 14 8 8 1 6 1 1 5
61 29 25 50 42 62 26 69 18 62 35 54 55 20 32 22 28 35 19 38
20 8 2 12 18 16 14 12 10 15 8 23 12 1 1 3 11 12 1 13
38 17 15 27 29 26 11 38 11 30 18 29 30 16 8 7 21 21 6 25
52 32 23 44 27 59 27 51 16 58 28 48 47 17 37 14 28 14 27 32
6 1 6 6 7 11 10 14 5 16 4 7 12 3 8 1 4 3 1 5
26 13 14 28 22 35 17 35 1 37 9 24 22 13 27 11 17 16 12 25
67 32 33 35 54 58 45 49 44 56 33 52 63 32 29 24 61 41 26 61
22 1 8 3 13 23 10 20 14 28 16 11 24 9 7 2 19 3 2 19
31 12 20 27 32 38 32 36 19 40 24 38 30 4 9 13 21 22 8 21
9 4 1 1 4 4 6 8 7 7 1 5 11 1 3 1 5 4 1 6
18 1 1 13 13 12 5 15 1 14 7 11 8 9 1 1 13 3 1 11
62 34 28 55 51 61 57 60 39 47 30 56 65 33 27 36 53 53 36 46
53 25 25 17 43 48 33 45 31 52 40 48 52 32 30 16 52 17 18 49
53 17 15 29 36 46 30 54 12 45 36 43 50 30 32 12 46 27 29 40
60 36 12 40 44 60 46 53 29 56 33 54 59 30 33 24 50 35 36 44
30 26 30 32 42 55 38 52 13 57 39 45 46 28 41 26 36 16 27 41
59 41 28 54 44 66 49 61 20 63 36 59 66 22 42 24 41 36 31 40
30 16 7 30 22 41 28 32 7 33 17 31 26 18 26 12 21 14 16 18
36 16 17 29 26 38 11 37 9 41 18 32 26 9 16 7 13 18 4 20
37 11 6 30 24 38 21 35 14 32 22 32 24 15 11 17 23 17 14 18
63 25 18 43 41 65 43 61 25 59 36 57 56 37 42 14 49 25 25 50
36 19 2 35 14 39 17 39 1 31 17 29 25 25 26 1 28 4 24 24
12 5 1 2 7 9 7 5 5 3 1 8 7 2 1 1 10 6 1 9
60 36 24 55 49 53 44 57 30 47 28 57 55 18 7 27 45 46 28 40
12 10 1 13 6 13 15 21 5 12 10 13 18 15 12 1 14 4 9 4
1 1 1 1 2 2 1 6 1 10 1 1 2 1 1 1 1 1 1 2
19 1 1 7 9 18 8 12 12 25 8 10 13 4 5 5 11 1 5 8
76 42 31 56 59 74 61 65 43 71 46 69 72 33 31 25 60 36 30 50
55 41 29 47 42 63 34 52 20 59 29 59 51 20 43 28 34 27 30 43
9 4 1 10 3 14 8 19 3 9 7 10 11 10 6 1 7 6 5 4
24 9 1 17 15 21 15 18 11 14 10 23 18 6 4 4 8 13 3 9
18 3 4 9 11 23 11 26 1 18 5 15 20 15 15 7 14 1 6 10
12 3 4 5 6 10 8 9 3 12 2 11 9 1 6 3 7 4 1 8
13 4 4 8 11 21 17 16 12 22 16 18 22 8 7 1 13 1 3 13
28 13 6 20 18 28 19 22 11 27 13 26 24 10 17 5 17 8 8 18
34 13 5 27 10 42 17 30 11 35 14 26 24 12 23 12 16 7 20 15
11 1 1 5 1 9 1 7 1 8 1 3 1 3 4 1 6 1 1 4
27 6 1 21 18 28 17 35 1 24 12 21 28 24 17 4 26 8 11 20
1 1 1 3 1 6 6 13 1 5 2 1 8 3 4 1 1 1 1 1
55 34 23 30 48 56 40 51 27 56 42 58 54 28 28 13 43 19 15 45
54 29 29 51 35 74 47 68 19 74 41 53 59 26 50 25 40 23 44 41
41 24 24 45 37 59 35 58 5 62 32 48 40 13 43 29 24 31 28 39
23 1 8 18 19 36 19 28 9 33 11 25 21 7 13 10 12 10 4 13
30 25 20 38 34 44 29 46 12 47 37 41 40 17 22 1 21 16 12 23
8 4 1 2 5 4 4 9 6 9 4 5 10 1 2 1 5 4 1 9
15 12 1 16 13 25 19 19 12 20 16 18 22 14 15 1 16 6 11 12
48 15 30 30 43 57 43 54 31 64 32 44 56 12 26 32 39 35 29 39
60 11 16 40 34 48 26 56 6 47 30 42 48 22 31 8 34 36 28 35
21 1 5 15 11 23 15 27 8 21 10 15 19 11 8 5 10 9 3 9
45 19 13 23 37 37 17 42 12 41 19 38 41 18 14 11 31 19 6 34
18 8 6 15 11 27 18 20 12 23 11 15 24 11 16 6 16 6 9 13
13 1 2 12 1 14 6 18 1 14 1 1 14 7 10 1 4 1 1 2
53 22 12 37 30 40 23 41 15 41 12 41 32 14 20 16 28 26 11 27
52 18 18 19 35 44 22 46 26 52 25 36 46 29 18 30 40 7 25 32
7 1 8 7 5 10 10 14 6 14 1 6 14 1 10 1 3 5 1 1
17 11 9 11 11 16 16 16 11 15 1 17 17 1 9 6 12 15 1 12
13 2 1 2 7 11 2 7 4 7 1 9 4 4 3 7 9 2 2 10
40 23 17 44 21 52 35 50 8 47 21 36 45 20 38 15 24 20 29 18
44 37 19 38 34 52 38 34 23 48 33 48 38 23 33 9 42 15 29 43
29 7 12 25 16 31 23 44 8 31 22 26 32 12 16 14 21 20 13 17
67 18 20 35 48 56 37 51 26 53 34 54 53 30 30 17 50 33 22 52
63 26 28 45 43 60 44 68 27 59 38 52 61 24 35 27 49 44 35 46
45 29 4 34 30 49 27 36 9 45 24 47 31 19 32 9 32 10 23 33
35 8 3 12 18 38 11 29 12 39 17 25 26 13 20 11 26 7 17 28
6 6 6 10 5 11 14 17 5 11 7 9 15 8 11 1 7 5 6 6
22 1 1 9 6 27 10 16 12 18 3 8 16 10 6 12 13 5 8 8
27 19 22 28 25 35 17 40 11 40 25 30 42 1 17 6 6 21 4 22
40 14 22 15 32 45 35 42 30 51 33 38 44 17 21 13 27 10 9 27
41 18 17 34 23 36 21 50 6 49 36 38 39 18 33 1 33 14 24 36
23 6 1 2 12 17 2 19 5 16 6 17 12 9 7 9 15 6 4 17
42 31 26 38 38 59 39 46 25 60 22 47 49 13 36 24 35 27 26 46
41 14 12 18 30 26 25 23 26 31 14 30 37 16 6 10 35 19 10 28
58 32 27 26 34 56 33 43 34 55 36 45 44 31 34 15 48 8 26 47
31 21 20 32 25 48 31 44 14 51 29 37 44 11 40 7 24 22 23 33
54 27 17 46 44 53 47 57 21 55 36 52 57 29 32 16 47 35 23 41
61 30 35 47 41 55 33 62 15 67 38 57 54 7 37 8 33 41 25 44
5 1 1 3 1 9 1 11 2 15 3 1 12 1 5 1 1 1 1 3
50 22 21 46 29 55 32 59 13 60 42 48 44 17 32 10 35 19 26 36
36 22 17 18 27 41 32 18 32 37 21 33 36 16 19 8 32 10 13 29
36 16 9 27 25 46 23 38 15 34 21 33 29 18 20 25 25 17 21 21
39 11 2 21 25 30 11 29 6 27 11 28 18 17 12 15 22 14 7 20
53 20 10 44 39 56 45 51 28 44 31 45 52 30 21 23 47 32 31 32
13 1 7 10 7 16 11 19 6 15 6 8 16 10 9 1 9 6 1 6
47 33 22 51 36 59 43 51 17 53 31 55 43 12 39 21 29 33 30 34
43 12 8 25 22 29 31 47 18 34 21 29 53 30 23 12 39 22 25 24
22 3 5 16 9 35 24 25 13 31 13 14 29 16 16 4 21 1 13 7
49 19 15 25 36 57 38 37 32 50 17 41 43 21 19 30 40 21 23 32
37 22 17 22 33 42 31 32 27 40 18 39 38 14 16 20 34 21 16 38
53 31 33 39 44 57 40 50 23 60 23 51 53 8 36 35 36 42 24 45
48 29 11 34 41 55 39 39 18 49 34 52 38 29 31 13 42 20 25 42
69 46 30 61 49 75 42 59 32 71 39 71 57 11 28 19 41 35 29 47
9 3 6 6 7 7 12 21 4 18 3 10 19 3 10 1 6 7 1 7
33 10 4 23 26 26 18 31 10 21 18 29 30 19 7 4 26 13 8 22
41 19 8 30 27 42 12 47 2 42 27 37 32 22 21 12 23 11 13 22
20 9 1 12 2 17 3 17 3 19 3 11 9 2 12 1 9 1 7 13
59 36 33 57 51 62 50 58 21 56 30 58 65 24 36 25 43 46 29 44
36 17 16 21 26 38 21 29 15 48 13 36 28 4 24 10 27 17 10 36
18 11 4 21 1 26 5 21 1 21 10 15 9 4 16 1 6 3 13 13
38 30 19 35 26 46 37 37 18 49 29 45 40 18 34 3 34 11 23 34
13 7 1 15 1 20 10 14 3 11 6 12 14 8 13 1 6 2 8 1
37 17 19 22 25 32 17 37 13 51 32 34 32 4 30 1 23 15 19 32
10 1 3 6 7 15 6 15 8 20 8 7 14 1 7 3 5 5 3 8
51 22 17 40 22 50 19 55 11 55 30 36 47 22 35 12 31 16 25 31
52 18 20 34 44 48 34 45 24 51 27 47 39 14 15 18 37 28 10 33
19 5 4 13 7 18 9 23 7 20 8 9 18 10 11 1 10 8 4 11
67 32 33 39 52 67 50 49 48 66 23 54 55 20 16 42 55 39 31 50
39 19 17 33 22 43 28 46 17 47 25 35 47 17 33 2 34 19 20 33
56 12 4 30 33 51 23 39 17 42 17 41 35 27 21 18 39 18 22 37
51 21 13 36 34 41 22 40 21 35 23 38 33 11 4 20 27 29 12 24
64 29 39 35 57 66 45 65 34 72 43 58 66 24 45 39 54 45 40 55
44 12 1 31 18 42 27 43 18 36 18 26 43 23 18 14 31 20 21 18
50 28 29 42 34 59 38 48 21 54 27 45 53 15 31 25 26 29 27 27
32 6 13 17 14 40 20 32 18 47 13 25 31 7 22 9 19 10 15 18
58 40 28 53 40 65 45 59 29 63 27 58 50 13 30 32 45 36 37 49
45 17 15 22 31 46 36 46 20 45 32 37 50 21 28 16 39 25 31 32
9 2 1 8 2 15 6 12 3 4 4 8 9 6 3 1 4 4 3 4
9 1 1 7 11 19 7 9 2 13 4 10 1 1 1 4 4 4 1 8
63 40 35 43 44 63 43 68 27 72 51 63 67 30 50 2 47 22 25 47
41 21 20 30 32 43 22 53 10 43 27 42 39 25 29 22 26 18 17 27
54 19 18 42 40 61 23 60 14 63 31 47 49 18 29 20 25 25 16 32
19 8 9 18 9 29 20 21 12 24 5 17 27 7 19 4 10 11 9 7
73 25 23 40 52 59 44 68 25 64 44 56 71 42 31 22 61 30 41 49
12 2 1 1 2 8 4 4 8 2 1 4 10 2 1 1 7 3 1 3
11 1 1 3 4 11 3 9 4 8 1 4 6 4 4 4 7 1 1 6
22 6 9 21 20 24 20 30 5 26 10 26 21 4 11 7 11 19 2 11
39 16 8 29 25 37 25 40 16 40 32 35 42 13 19 12 24 21 21 17
31 8 13 5 20 24 17 22 17 31 13 21 34 1 11 8 24 22 12 26
64 27 36 49 50 62 53 64 26 66 36 62 63 21 37 18 53 46 33 54
62 39 31 48 53 60 33 58 24 65 30 59 55 28 34 26 44 32 24 50
52 34 17 48 43 54 41 53 19 51 35 54 50 17 22 15 32 32 21 30
28 13 17 17 24 24 24 29 17 35 15 30 33 4 8 5 24 18 2 26
53 34 28 56 47 64 52 56 24 55 30 58 53 17 33 26 43 43 29 45
17 1 20 10 16 23 16 31 1 35 19 15 27 4 27 1 14 18 13 21
13 1 1 7 4 6 2 13 1 3 1 7 2 4 1 1 4 6 1 1
42 3 12 17 23 39 22 35 23 48 23 27 34 15 12 13 26 8 12 19
19 10 13 32 21 34 28 36 6 30 15 24 31 21 26 4 20 16 14 18
20 2 10 22 17 30 21 33 6 30 12 20 27 10 16 1 14 14 1 16
14 3 1 6 2 12 3 8 6 7 1 4 7 5 5 1 7 3 2 5
56 36 28 36 46 67 41 51 29 61 47 60 41 30 37 20 37 13 26 41
10 1 6 10 4 13 11 22 1 13 1 11 11 4 8 2 3 8 1 1
6 1 6 6 9 13 11 19 5 21 10 8 13 6 9 1 8 4 1 10
53 30 13 34 46 53 46 50 24 45 38 50 55 42 31 4 54 23 22 48
23 3 1 15 19 24 10 22 4 23 11 21 9 7 3 8 12 7 1 12
14 1 5 14 7 24 11 22 1 23 1 12 15 6 15 1 5 3 2 6
5 1 1 5 2 10 5 9 4 7 3 3 9 4 3 1 1 1 2 1
56 25 19 50 44 59 28 67 7 53 33 52 51 37 35 20 36 25 25 34
7 2 3 8 2 10 9 13 4 13 2 4 13 3 9 1 3 2 1 2
48 23 18 32 32 44 25 52 16 42 24 37 46 35 36 22 40 23 25 41
17 9 1 9 16 17 15 21 9 20 13 19 19 11 9 7 17 8 6 20
45 15 36 26 42 45 40 54 18 56 47 46 47 25 36 9 39 31 25 43
66 22 20 28 44 59 27 55 21 57 33 51 50 29 37 15 54 25 28 58
41 2 20 20 25 38 25 49 16 42 14 26 45 21 20 19 31 21 17 25
2 1 1 6 1 7 5 11 1 6 1 1 5 5 6 1 1 1 1 1
27 5 1 22 10 32 14 26 8 27 13 18 24 6 10 8 6 7 8 3
18 2 1 11 12 18 15 22 5 13 6 16 14 8 4 3 12 10 1 10
56 24 22 50 37 61 53 58 30 53 24 48 62 34 31 26 43 31 33 25
26 16 7 20 16 28 19 21 11 27 9 23 20 9 19 6 19 9 11 23
37 21 12 26 21 37 21 17 21 30 15 35 21 7 15 7 24 16 14 29
10 1 1 6 1 10 3 7 3 7 1 5 6 1 4 1 2 4 1 1
22 2 5 8 18 28 9 21 6 31 9 20 14 6 12 7 13 2 2 16
34 11 5 26 10 28 16 33 12 26 12 22 31 18 18 5 19 13 13 12
34 4 5 25 22 26 20 35 7 20 9 25 22 14 6 14 22 21 10 16
5 1 2 3 6 15 7 18 1 21 7 3 13 2 7 1 5 1 1 11
3 1 1 3 1 5 2 6 1 6 1 1 5 1 2 1 1 1 1 1
65 42 32 51 39 65 49 53 43 64 26 54 63 21 24 34 46 29 43 38
23 2 4 10 12 25 9 24 6 23 6 15 15 11 10 9 11 4 5 12
28 9 3 23 12 33 17 32 9 29 15 23 26 4 17 9 13 15 12 17
14 1 1 9 6 22 7 18 2 13 3 10 10 9 9 5 7 2 3 7
13 2 1 5 4 15 3 10 6 11 1 5 9 4 4 4 7 2 1 7
60 20 16 26 38 57 26 42 25 50 20 43 40 31 27 22 45 14 23 42
20 6 1 10 5 17 3 12 2 14 1 11 6 5 7 2 10 3 4 10
30 9 16 34 26 35 27 41 1 30 9 29 30 13 26 14 19 29 14 20
6 1 2 3 6 3 5 14 2 12 4 4 7 6 4 1 7 1 1 5
22 10 5 7 21 24 14 26 8 26 15 24 19 17 14 12 23 4 10 23
45 19 19 33 33 56 39 41 21 49 29 45 42 24 31 8 32 14 15 25
11 4 1 2 8 7 7 7 9 7 3 8 11 3 1 1 8 4 1 9
52 35 25 31 39 60 46 49 29 56 43 54 49 35 42 8 40 8 25 38
4 3 2 8 1 10 10 14 1 8 5 8 11 7 9 1 4 1 4 2
13 4 7 12 10 26 13 32 1 24 12 18 22 11 20 8 12 7 7 15
74 24 20 52 50 78 49 70 31 66 36 58 63 53 36 39 61 25 49 44
36 15 12 31 30 42 27 53 3 49 29 31 44 30 39 8 35 15 23 32
37 19 9 28 29 35 28 27 17 26 16 40 26 15 11 20 27 23 14 23
11 2 1 5 3 7 3 12 4 14 3 3 12 2 5 1 4 1 1 6
36 13 14 29 23 28 21 52 1 33 32 33 40 20 23 3 25 23 17 18
28 11 7 12 16 27 24 17 23 19 9 19 30 17 4 14 27 8 15 16
50 28 1 46 31 41 34 45 8 31 24 45 40 36 31 6 38 26 30 30
32 11 1 27 14 39 22 29 13 30 16 25 28 10 15 12 17 12 18 8
11 2 2 4 4 6 4 9 4 10 3 7 9 1 4 1 2 1 1 4
66 39 30 49 52 81 51 62 27 71 39 66 61 33 50 34 53 28 40 50
53 16 9 44 36 48 22 51 10 39 23 42 34 21 13 21 28 29 19 28
60 30 30 24 53 56 47 62 22 62 52 61 61 39 45 12 62 25 30 58
45 25 25 33 32 57 34 53 14 59 34 50 42 22 43 7 40 15 23 46
53 20 14 44 25 45 13 53 17 46 29 37 43 12 16 6 19 27 13 24
23 12 13 29 28 41 32 37 10 39 20 33 33 2 20 15 16 24 10 23
37 12 23 33 29 55 40 50 23 52 28 38 50 28 24 26 30 17 29 25
19 3 8 15 5 22 12 19 9 25 4 11 19 5 15 5 7 5 7 3
69 39 23 46 60 61 43 60 28 55 44 65 65 42 30 17 55 31 27 54
56 24 9 30 33 47 26 47 20 43 22 41 49 33 22 22 43 17 23 30
65 24 25 48 48 61 50 59 38 58 27 52 59 24 20 32 47 43 31 36
11 1 3 10 1 13 5 19 1 19 1 2 13 4 12 1 4 1 1 4
55 22 19 31 36 51 27 38 32 53 27 45 42 7 12 9 26 24 9 27
9 1 1 3 4 7 3 14 5 10 3 1 11 7 4 1 6 1 1 4
46 13 8 24 21 41 7 43 7 45 24 33 29 18 29 11 29 12 21 34
12 10 4 11 8 16 17 20 7 13 8 14 19 11 12 4 14 7 7 11
25 23 23 30 24 34 35 39 12 36 21 32 44 10 31 14 20 25 15 25
17 7 19 10 21 20 21 32 9 35 20 20 32 5 24 1 19 20 11 25
9 5 1 13 7 15 10 22 1 16 13 9 15 14 10 1 10 1 7 9
31 4 13 18 23 39 29 36 17 39 18 26 39 22 15 7 29 6 8 20
25 6 4 22 16 20 20 33 6 21 10 21 33 16 13 1 18 13 5 15
49 26 21 35 45 52 30 39 26 49 35 53 39 15 14 16 30 27 8 39
13 1 1 9 8 10 4 14 1 7 1 5 9 10 1 1 11 5 1 7
23 8 4 13 18 28 12 28 4 34 21 23 21 14 21 5 24 4 13 25
40 12 8 26 30 33 26 45 16 35 23 35 35 15 11 18 30 24 12 29
38 28 23 37 26 35 17 42 19 43 29 34 34 12 18 8 16 22 12 22
34 15 4 31 24 42 22 42 2 35 15 29 28 30 30 11 30 9 23 27
4 1 1 4 1 5 5 13 1 14 3 2 11 1 8 1 2 1 1 4
64 35 24 37 54 66 41 55 34 66 47 64 51 20 26 24 43 25 22 49
75 25 24 42 46 70 34 72 22 70 40 57 61 29 44 29 57 34 45 56
37 10 10 24 27 41 27 30 20 38 22 34 27 10 12 14 24 17 12 25
58 23 30 31 37 63 37 52 26 69 27 50 53 13 39 20 45 29 29 49
24 8 3 10 13 21 9 16 8 18 4 19 13 6 8 8 15 11 3 18
9 3 1 9 1 16 7 8 3 5 4 7 10 5 7 1 5 2 3 4
29 10 10 10 22 20 19 22 20 24 17 23 26 15 7 1 25 10 1 23
9 1 6 9 3 15 8 21 1 20 7 5 14 5 13 1 4 5 1 8
11 1 1 1 1 8 1 10 2 7 1 1 7 1 1 1 2 1 1 2
29 3 5 26 20 35 17 33 1 30 3 25 21 14 19 4 21 15 9 23
28 13 10 20 20 27 18 24 14 30 16 25 25 6 16 8 17 21 9 24
48 26 13 41 21 49 26 50 17 48 34 40 42 17 30 13 34 21 32 29
47 15 19 15 33 29 19 42 13 41 19 33 44 18 24 15 39 23 15 39
35 8 22 29 27 40 33 56 6 36 25 32 52 24 35 7 32 30 22 30
36 8 3 29 17 34 24 45 9 32 21 24 41 24 20 8 27 17 19 14
8 3 3 9 1 11 7 14 2 14 2 4 9 5 10 1 4 2 3 3
12 3 1 7 5 12 5 10 5 6 1 10 5 1 1 5 4 9 1 4
19 6 9 24 6 28 13 35 1 33 11 18 22 8 25 1 5 9 8 14
8 1 1 7 1 10 2 12 1 9 1 2 6 5 5 1 2 1 1 1
38 19 17 29 23 25 10 45 16 31 31 29 44 14 10 1 21 23 7 23
57 29 30 43 52 59 38 73 15 65 51 59 60 41 46 23 52 26 33 48
29 23 5 30 19 30 26 38 6 38 26 30 36 19 29 1 20 9 18 18
48 14 4 31 36 43 27 38 15 30 22 43 38 25 12 9 36 22 11 31
32 4 13 20 25 37 24 33 12 34 13 28 32 14 15 3 23 14 1 24
54 21 39 24 53 54 29 63 15 67 46 54 55 25 40 15 44 26 19 50
26 12 13 24 19 37 25 34 12 39 20 30 32 6 27 2 17 17 12 26
57 35 30 45 36 59 34 55 18 59 21 50 50 12 41 27 39 36 27 47
27 4 1 15 18 18 15 22 12 15 7 20 19 10 2 6 18 17 2 12
59 32 23 46 37 65 52 52 41 59 26 50 57 23 24 32 47 33 37 32
39 24 26 30 41 39 22 56 5 54 32 40 46 20 34 23 33 22 18 40
44 7 10 18 19 41 22 49 13 41 20 30 42 22 23 20 31 16 19 22
51 25 22 39 33 55 35 48 29 59 40 49 43 9 26 16 31 24 24 40
35 24 5 30 22 44 22 28 6 38 25 39 21 18 29 5 31 3 25 32
22 5 6 17 6 18 10 30 7 23 17 12 26 14 16 1 12 7 7 11
8 1 3 1 8 8 6 16 3 22 12 10 11 1 4 1 7 1 1 11
43 14 15 16 22 35 19 29 16 44 15 28 37 4 22 9 28 19 16 33
66 32 26 39 39 52 23 64 9 59 41 55 54 24 42 11 46 28 32 52
41 28 35 27 41 53 48 44 37 57 28 45 60 16 27 17 43 26 17 45
29 13 9 23 18 24 15 32 7 26 11 25 24 7 8 3 10 17 1 10
35 18 16 20 25 31 29 40 12 38 26 30 43 18 30 7 33 19 19 30
29 6 9 11 18 33 20 37 7 35 24 24 36 12 22 4 27 12 17 23
55 37 20 50 30 56 36 49 14 51 28 53 42 20 36 11 33 19 27 32
54 30 28 50 47 52 36 55 15 53 22 51 53 14 23 19 31 42 14 40
55 22 11 37 27 44 28 44 27 45 22 37 43 14 18 21 30 28 22 29
34 3 19 19 28 33 20 45 1 43 25 32 34 7 23 3 22 23 10 26
29 7 9 18 21 20 14 41 4 29 20 23 30 23 20 10 27 14 13 27
40 22 17 32 35 42 37 37 28 41 28 42 37 8 7 22 33 30 17 34
72 34 17 43 49 72 45 67 19 76 47 64 62 29 50 14 54 30 42 52
50 14 9 20 30 44 32 48 20 45 22 38 48 24 21 20 41 19 23 28
4 1 1 7 7 16 11 14 1 13 6 10 6 2 4 1 2 3 1 5
75 38 27 52 47 64 31 65 21 67 28 63 57 24 37 27 48 32 31 51
49 26 7 43 35 52 34 56 12 56 35 42 47 38 41 10 39 16 29 37
39 6 17 15 35 39 27 44 17 45 23 36 39 13 20 12 33 22 7 33
53 26 26 44 39 44 42 59 24 51 28 48 60 20 27 18 40 40 23 34
40 13 5 25 15 40 19 38 11 41 25 31 35 15 26 2 28 12 22 24
17 5 7 13 16 28 19 17 10 27 7 19 23 1 13 1 12 9 1 16
34 10 10 8 28 32 11 26 13 33 20 29 20 18 11 12 26 3 7 26
58 38 27 49 48 63 41 68 24 61 44 62 57 26 33 34 42 33 32 39
25 10 1 14 13 19 11 27 3 16 11 22 19 19 9 7 22 5 8 14
8 1 3 3 4 14 6 10 1 12 1 5 9 1 5 1 1 1 1 4
59 34 35 44 55 69 45 61 32 71 38 59 62 18 38 41 46 41 31 53
36 21 22 30 32 43 36 46 18 48 32 41 45 26 30 1 31 13 8 26
19 2 1 6 6 17 9 11 11 15 4 9 16 7 2 6 11 2 6 8
64 25 20 47 38 64 42 54 39 54 31 48 48 28 18 34 47 31 39 37
7 1 7 6 4 7 8 15 1 13 3 7 9 5 9 1 4 4 1 1
33 10 6 23 14 36 14 27 12 39 16 26 19 4 16 5 14 5 12 15
57 25 28 24 51 54 33 46 35 61 36 51 51 16 23 33 50 31 25 52
36 17 6 28 14 40 14 38 13 44 26 26 35 15 18 5 16 7 18 15
45 26 19 33 30 50 14 48 8 55 31 40 28 20 38 23 31 12 30 42
57 27 31 51 45 68 52 67 17 72 48 58 67 23 48 21 45 37 36 42
34 6 9 20 25 27 24 31 13 31 12 27 32 13 12 3 27 21 3 27
20 3 11 17 17 25 16 24 8 28 9 14 20 11 15 3 17 10 4 16
15 1 2 11 3 21 8 20 3 17 4 7 15 6 10 1 5 3 2 6
17 8 3 11 14 21 15 12 10 16 8 19 14 5 4 2 15 9 1 16
64 32 18 45 50 64 40 67 16 72 44 58 67 38 49 14 54 24 35 50
45 17 10 47 28 58 34 60 6 48 21 42 46 23 36 16 28 24 25 27
4 1 3 5 8 9 8 14 4 17 7 6 8 5 6 1 7 1 1 7
61 39 29 57 49 69 34 70 14 65 37 64 53 24 42 30 33 34 30 40
6 2 1 8 4 6 5 10 1 7 6 7 6 4 2 1 1 1 2 2
39 15 8 31 22 28 8 40 8 39 22 29 27 5 12 6 13 22 8 18
55 23 23 35 34 58 29 51 22 64 34 47 42 10 34 20 39 23 30 46
10 2 1 5 2 10 6 9 3 6 1 7 7 1 3 1 3 6 1 4
14 2 1 10 8 19 6 13 3 18 3 8 9 6 10 6 7 1 4 9
11 1 1 1 1 12 2 6 6 7 1 1 8 3 1 4 6 1 2 3
24 7 11 25 20 32 15 35 8 36 17 25 31 1 9 4 1 16 1 7
47 20 19 19 36 44 29 30 28 51 20 39 39 15 18 15 36 12 9 36
62 24 23 46 33 62 41 58 32 58 24 45 54 18 22 26 43 29 34 34
49 19 30 28 42 41 18 62 8 54 34 43 51 19 29 11 33 31 16 40
29 12 7 14 17 21 18 19 20 18 7 15 30 15 6 10 25 15 8 19
71 29 24 48 38 74 40 67 27 66 31 56 57 41 40 34 54 21 44 43
24 5 17 11 17 28 19 32 12 37 21 16 36 7 24 7 20 16 15 24
20 4 1 6 13 17 7 25 1 21 8 16 16 15 10 8 17 1 5 15
78 40 22 54 46 77 52 64 40 68 26 62 61 32 29 41 61 31 49 45
55 32 9 47 37 51 40 48 17 40 19 45 52 31 27 12 45 31 31 40
42 30 22 32 32 50 25 40 11 50 20 47 31 11 39 18 29 22 24 41
26 6 2 11 14 18 10 15 13 22 9 16 19 6 4 1 17 7 1 17
7 1 1 3 6 10 7 9 2 10 4 7 8 2 4 1 5 1 1 8
57 25 1 51 29 57 33 50 8 40 26 43 40 36 35 12 38 23 37 32
42 15 14 30 29 49 24 41 15 42 17 39 34 17 27 23 23 18 18 22
64 22 28 46 47 63 50 76 14 68 43 54 76 39 48 15 54 35 40 43
53 28 20 37 39 54 41 45 31 55 24 43 55 26 27 22 50 23 26 43
43 25 16 24 36 40 14 45 16 46 34 39 41 21 24 16 29 16 15 37
30 15 7 27 14 32 10 32 4 31 19 26 21 11 17 6 10 9 11 15
36 23 10 24 21 32 25 38 17 37 30 31 47 17 21 7 26 15 20 20
32 16 9 26 20 28 25 34 17 27 20 32 32 8 9 13 21 24 10 20
23 1 3 6 5 21 14 29 11 25 10 10 31 15 10 9 20 1 12 10
12 1 12 11 12 20 14 21 6 34 14 16 19 2 17 1 10 6 1 14
14 10 17 17 20 27 20 37 1 34 17 22 30 8 27 14 14 15 11 24
65 39 19 56 56 63 56 59 31 56 40 64 59 31 21 26 60 44 36 52
50 15 20 30 19 40 22 49 8 47 29 38 40 12 36 2 30 23 27 32
48 28 26 46 39 65 37 63 20 58 33 48 51 29 41 34 34 27 32 34
57 15 23 48 41 59 52 69 33 54 30 47 66 38 26 35 45 38 37 33
18 6 6 17 6 15 14 26 5 11 10 14 21 17 12 1 14 8 7 7
30 1 20 10 26 33 20 35 6 47 23 26 30 9 26 3 26 11 9 30
12 4 10 10 11 20 13 26 2 23 6 16 21 2 15 5 9 13 1 16
35 13 8 29 21 41 23 39 15 37 23 29 35 11 11 16 16 16 15 11
23 4 3 10 18 16 12 18 12 17 9 14 20 11 2 1 22 10 2 21
44 18 13 27 17 37 21 39 18 40 17 32 36 8 25 11 24 23 17 26
61 36 23 55 44 57 41 60 22 49 32 56 56 38 38 22 44 38 29 42
42 23 17 30 29 27 23 34 22 28 17 32 43 17 9 9 25 25 9 24
61 23 31 38 45 64 51 55 34 71 39 53 67 30 37 28 54 27 40 46
22 12 7 12 12 16 13 8 15 13 3 17 16 3 3 6 13 12 3 14
15 6 1 9 10 16 10 15 7 11 7 13 12 8 6 4 10 9 4 12
36 10 14 12 24 27 19 28 23 31 20 25 35 12 10 8 31 21 9 30
13 5 1 11 5 14 5 13 1 15 4 6 6 7 9 4 7 1 6 7
40 13 11 19 17 40 20 38 12 44 23 28 37 11 30 8 31 14 28 31
52 23 9 42 35 47 36 47 16 37 23 44 49 31 27 13 39 27 20 31
12 1 7 5 8 14 8 16 5 16 1 9 12 6 10 8 8 4 1 10
42 12 5 31 29 35 32 53 5 30 25 37 45 25 24 9 37 27 22 29
46 9 2 15 25 39 17 29 19 36 7 27 29 22 13 17 36 12 17 27
33 6 8 27 19 33 19 32 11 32 12 25 23 8 14 10 15 17 7 11
35 27 26 32 32 33 27 37 9 38 19 36 39 6 22 14 22 29 9 25
77 36 22 56 59 73 48 63 33 62 35 69 60 39 38 38 59 39 38 56
35 7 10 24 14 40 20 42 11 44 14 22 38 19 26 14 21 8 15 16
6 1 1 6 2 9 2 5 1 4 1 6 1 1 1 1 1 3 1 1
64 21 23 45 38 69 35 68 23 73 33 53 55 28 39 29 42 22 33 42
54 36 23 54 42 56 48 54 20 47 25 52 61 28 33 15 40 35 27 35
54 24 19 46 34 58 49 51 26 46 17 43 61 36 34 23 45 28 34 32
68 29 18 38 42 69 34 55 23 56 33 57 48 36 35 17 54 16 30 50
40 12 10 24 19 30 23 39 11 27 21 30 42 18 20 2 31 24 15 23
44 29 26 41 42 61 36 59 15 62 37 51 51 27 49 27 35 27 30 41
35 20 15 24 27 30 29 29 24 24 16 31 28 6 5 22 26 29 15 24
52 30 36 35 50 52 36 50 17 68 34 54 54 6 42 21 36 38 25 50
16 3 1 11 14 26 12 22 2 18 12 21 10 12 7 7 15 3 6 14
10 5 1 6 5 7 10 13 5 5 4 8 12 9 5 1 9 5 3 7
19 6 1 13 9 23 11 20 4 16 11 18 15 14 10 6 13 1 9 8
36 8 1 21 15 29 11 24 12 22 3 17 23 14 10 8 21 15 11 18
9 2 1 1 6 10 3 4 2 6 1 7 4 1 1 2 7 3 1 8
13 4 3 2 4 7 7 10 8 10 1 7 13 3 6 1 7 4 1 4
16 1 15 17 18 33 20 32 7 38 16 18 28 1 19 4 8 15 2 18
40 13 3 29 22 39 15 46 3 41 24 33 32 19 22 12 21 12 12 17
24 14 4 17 13 20 12 23 9 27 9 19 16 8 15 1 20 8 9 21
11 4 7 14 7 14 11 20 1 18 7 10 13 7 11 1 4 4 1 1
58 17 19 32 27 50 30 51 26 57 25 39 48 18 27 16 40 23 26 37
52 15 10 27 38 42 24 36 21 39 19 40 35 22 12 15 37 22 9 36
43 24 29 39 27 61 37 58 13 61 33 40 53 16 49 23 32 28 37 37
45 23 22 32 19 47 28 46 18 53 17 33 44 17 34 17 30 15 28 29
40 12 10 27 29 34 29 40 14 28 7 31 41 19 16 15 31 30 9 30
6 1 1 6 1 11 5 11 2 8 3 3 10 5 5 1 2 1 1 2
44 18 21 34 21 44 33 50 21 51 20 34 52 18 31 16 29 20 25 28
36 4 12 1 18 30 14 34 11 37 16 21 34 11 21 15 29 12 19 26
34 7 7 14 22 33 18 31 17 37 11 20 32 17 16 13 30 12 8 27
34 20 23 25 37 39 25 29 20 42 23 39 36 4 15 7 19 21 2 30
44 22 26 44 39 61 50 53 20 54 33 40 58 32 38 20 43 25 32 35
7 1 5 7 6 10 6 17 5 16 11 1 14 7 8 1 5 5 1 12
59 18 8 40 33 46 33 46 23 42 16 40 47 18 17 20 34 33 22 25
52 24 20 49 48 66 44 70 9 58 35 54 59 35 46 28 44 34 31 44
64 33 31 52 57 65 51 60 30 59 23 62 61 18 25 39 49 48 29 48
49 22 24 35 40 58 43 54 24 61 37 45 55 36 39 11 43 12 18 37
35 18 2 32 22 42 23 33 9 38 25 36 27 13 21 4 18 8 16 19
57 26 21 35 33 55 31 43 30 62 24 43 48 17 24 25 36 16 26 37
15 8 1 5 7 7 8 12 8 8 5 12 10 6 1 1 11 8 1 10
16 11 5 10 9 14 10 4 10 13 1 13 12 1 3 4 11 11 3 11
6 3 1 4 6 7 6 7 3 5 3 8 7 2 1 1 5 5 1 6
28 8 6 23 19 20 16 31 2 17 9 21 28 16 9 2 17 15 5 15
8 1 1 3 1 1 1 10 1 8 1 5 4 2 2 1 3 1 1 1
47 13 10 29 30 44 30 53 19 50 29 33 49 39 23 23 41 7 29 29
19 1 3 12 4 21 12 27 5 19 7 10 26 12 10 5 13 2 5 7
4 1 2 2 9 10 7 5 4 11 6 6 4 1 2 1 7 1 1 10
3 2 1 9 1 13 7 16 1 10 7 4 10 8 7 1 3 1 4 3
24 1 1 14 10 17 7 19 4 8 1 13 10 11 3 7 13 12 1 9
19 1 1 12 5 20 4 12 6 15 1 9 7 2 6 5 3 7 4 1
38 14 3 34 25 39 26 46 6 39 24 32 38 30 31 10 33 15 23 32
2 1 1 5 1 9 6 10 1 2 3 4 8 5 4 1 1 1 2 1
23 2 8 14 5 22 11 27 8 33 11 11 28 7 19 3 11 6 9 10
70 37 23 56 40 61 43 53 26 56 25 55 60 30 37 23 51 30 38 48
49 21 21 20 36 50 38 49 30 46 33 43 52 35 27 12 46 14 14 41
28 9 14 19 19 35 27 40 15 38 13 21 43 11 18 12 22 21 10 21
37 28 9 31 19 41 23 33 11 36 23 36 27 19 29 6 31 10 25 30
49 19 7 35 35 53 34 51 15 49 31 44 42 30 30 17 39 17 22 31
14 3 7 7 14 23 10 21 2 21 4 13 18 9 15 9 9 2 5 12
2 1 1 1 1 3 3 9 1 5 1 1 6 1 1 1 1 1 1 1
70 41 31 47 42 71 38 65 27 69 35 62 61 22 44 32 54 32 45 55
9 4 4 5 5 5 7 17 4 14 3 5 12 7 7 1 9 4 1 5
26 24 21 39 26 43 27 46 8 54 34 41 39 9 33 4 13 16 16 26
20 2 1 9 11 26 6 13 4 21 4 15 8 7 11 5 11 1 4 14
21 12 4 10 20 27 12 23 9 23 14 22 20 17 15 13 21 5 12 22
47 14 5 35 28 49 19 51 7 38 20 36 38 32 29 20 32 17 24 30
32 18 13 21 27 40 16 32 15 35 22 28 26 26 27 22 28 8 21 29
12 1 5 7 10 13 6 19 6 21 13 8 14 8 7 1 13 6 1 15
66 31 18 50 39 57 36 49 25 44 12 51 44 20 22 26 47 37 30 46
24 12 7 15 14 18 16 22 14 19 6 17 24 9 7 7 17 16 3 15
41 28 7 36 33 49 29 49 6 56 36 44 39 25 37 6 32 12 24 35
39 9 15 18 18 35 22 36 23 49 20 23 37 16 22 13 28 9 20 25
56 22 17 37 41 53 22 57 15 55 35 49 49 21 25 10 33 25 13 40
28 11 4 19 6 28 9 19 10 31 8 16 18 4 17 6 8 2 14 7
7 1 1 3 2 6 2 11 1 4 1 1 4 6 1 2 6 1 1 4
49 31 13 36 22 47 17 42 8 41 27 42 31 32 37 16 38 4 33 33
60 34 39 44 56 60 44 69 27 64 33 57 66 21 35 39 51 48 31 54
27 5 6 16 11 35 15 25 12 42 8 17 23 5 19 9 14 3 13 16
40 16 15 20 26 41 20 36 18 50 28 32 31 16 24 6 24 3 9 32
28 23 6 30 14 32 26 40 7 35 21 26 34 23 32 1 23 8 22 20
22 15 4 15 16 31 11 27 3 23 15 24 20 21 20 13 22 1 16 17
16 1 3 9 9 25 13 18 13 27 15 10 22 8 10 6 12 1 8 14
37 7 11 24 23 35 16 39 8 40 20 26 28 13 22 6 26 17 13 32
20 6 5 13 13 30 9 18 4 31 8 18 6 3 16 4 13 1 7 20
20 9 11 11 18 21 17 17 9 22 1 22 19 1 9 7 14 16 1 17
66 25 33 50 41 68 37 73 28 77 43 56 63 19 38 21 34 36 35 36
13 5 1 7 13 16 10 12 7 12 6 14 9 3 2 4 11 9 1 14
22 3 1 9 3 20 13 18 13 21 1 5 22 11 9 6 14 2 9 4
51 28 14 41 21 53 36 40 21 45 15 43 44 17 29 12 32 19 27 22
45 13 18 19 38 37 26 46 12 44 21 36 41 15 22 18 39 32 15 40
11 1 1 4 9 15 5 7 3 15 5 6 4 3 2 1 10 1 1 10
10 6 1 2 7 7 7 7 6 5 2 8 10 1 1 2 9 6 1 11
55 36 30 42 44 60 50 47 39 61 34 56 60 20 27 19 44 27 25 39
68 24 15 52 45 77 45 66 20 65 31 59 57 42 42 24 51 20 40 40
28 7 1 21 13 31 10 22 7 20 12 20 16 12 10 8 11 6 8 9
37 18 20 25 29 38 32 32 23 37 18 32 37 21 24 4 31 17 9 32
52 19 17 23 38 59 42 45 30 49 35 44 47 43 23 18 50 4 28 35
9 2 4 11 10 21 13 17 6 20 16 14 13 9 8 1 10 2 4 11
38 29 11 34 24 34 27 31 16 33 25 36 39 17 23 5 22 15 17 17
58 37 29 35 45 61 35 61 25 70 47 59 53 34 49 18 49 13 28 54
12 6 1 9 2 14 12 16 6 5 6 13 16 9 8 1 8 5 5 4
15 4 1 5 3 13 8 17 10 11 5 8 19 6 4 2 9 6 3 7
29 17 6 25 20 23 22 33 10 29 23 26 33 22 22 1 29 15 15 24
