1000 20 10 2008
23 2 18 8 15 6 14 2 3 10
25 12 14 5 4 6 5 0 16 6
7 2 2 11 6 11 16 11 11 14
6 4 4 3 1 0 4 4 0 1
22 8 8 3 2 4 6 11 7 17
4 8 10 8 3 18 3 7 2 1
10 8 4 2 8 1 17 4 1 1
11 11 6 21 5 4 1 12 9 8
23 2 4 11 3 10 10 3 7 1
1 21 3 6 4 10 3 5 4 7
17 3 0 5 5 5 3 6 16 8
6 5 1 2 2 14 9 2 1 26
3 3 7 5 11 3 0 11 1 5
2 1 2 1 12 9 17 13 26 11
7 8 9 1 20 11 1 5 14 9
6 2 8 12 11 1 5 4 4 6
6 7 1 1 3 8 11 9 9 9
10 4 3 6 2 6 6 1 13 12
10 4 5 3 3 1 3 6 4 4
14 18 7 15 4 2 6 11 2 0
2 10 1 10 1 2 4 0 6 9
1 2 4 9 5 20 3 5 2 3
11 1 8 5 11 9 4 16 9 7
5 13 11 15 11 13 2 4 1 13
0 15 6 22 15 2 8 7 3 14
4 6 10 1 3 4 9 0 10 13
1 0 10 5 6 1 7 15 7 3
6 2 7 12 6 4 6 4 4 8
12 14 3 4 4 2 12 3 10 2
8 2 4 0 2 5 4 3 0 3
3 2 0 5 5 1 1 5 2 4
6 14 13 11 15 7 19 12 0 11
8 10 17 1 16 11 6 25 2 1
10 1 9 23 1 7 8 14 7 9
8 8 3 4 3 1 2 9 6 10
1 7 6 5 2 2 0 1 0 2
2 3 0 7 1 0 2 3 6 2
1 3 2 5 6 1 0 4 9 2
1 16 10 5 8 21 18 2 5 5
8 7 11 11 9 2 1 4 1 6
4 2 6 5 7 6 8 5 7 0
6 0 4 1 5 10 2 7 2 3
5 10 13 5 4 14 1 11 9 5
2 4 4 4 0 1 13 7 2 2
9 6 11 9 11 10 7 2 5 1
5 17 4 3 0 8 9 1 5 1
6 8 9 10 14 15 18 23 1 6
2 5 2 4 20 17 6 0 14 2
11 15 2 6 12 10 3 11 2 14
16 3 1 12 1 18 1 10 21 17
0 1 2 3 3 4 5 8 12 12
8 2 8 2 5 4 2 4 5 2
7 18 1 10 12 12 12 4 1 13
12 5 15 3 11 1 4 5 5 6
6 1 2 1 9 3 3 1 4 4
2 2 0 0 2 4 13 8 5 2
4 5 15 1 1 7 11 10 2 16
10 4 7 5 12 2 10 1 14 1
14 9 5 19 18 0 0 2 6 10
1 1 10 6 9 1 3 10 7 13
5 5 9 9 4 15 9 5 10 3
4 3 22 2 13 8 9 14 13 8
13 13 2 4 1 3 5 8 6 0
6 5 12 7 2 2 4 5 3 4
3 6 16 12 3 2 5 6 9 6
18 22 7 21 1 10 7 3 3 11
2 4 2 1 10 4 8 11 10 4
9 4 3 2 7 1 5 21 1 1
6 19 5 1 10 8 4 10 11 24
6 3 14 4 1 1 6 1 2 13
2 6 6 7 7 8 2 2 3 2
1 4 5 7 5 2 1 5 2 0
13 17 15 11 1 15 5 4 16 4
1 4 2 8 7 2 2 9 12 1
7 5 4 12 2 5 5 2 0 13
8 3 5 3 1 2 0 2 2 5
3 6 3 1 0 6 5 1 5 2
12 22 6 3 1 9 8 2 8 11
0 2 6 4 5 7 8 5 4 6
2 1 4 4 7 4 3 1 0 1
16 6 10 10 3 2 2 6 2 12
3 13 24 1 7 6 14 2 4 10
3 12 14 2 9 2 4 13 0 15
6 24 14 7 1 6 9 1 18 11
6 0 0 2 2 4 2 8 4 2
4 2 5 5 2 9 6 7 11 11
10 6 13 2 6 9 12 8 4 1
13 5 0 9 1 2 2 5 2 4
6 12 7 1 0 14 4 7 6 2
6 4 12 1 3 11 1 7 1 1
7 1 2 8 5 4 0 6 5 1
18 5 18 6 6 8 4 19 2 5
2 5 8 15 14 9 19 13 12 5
1 6 3 1 2 4 1 1 3 5
2 3 6 3 1 3 0 10 7 11
3 4 1 6 1 3 6 7 2 1
6 3 7 8 2 2 2 2 0 1
15 0 6 11 5 3 21 11 3 4
1 1 7 4 16 0 3 14 6 8
4 3 1 5 8 4 1 4 2 1
8 15 2 2 7 2 3 1 9 1
19 8 5 5 3 13 15 14 15 5
5 2 3 3 19 2 9 5 4 17
9 9 6 3 4 3 5 8 17 7
1 6 7 4 8 10 4 1 12 21
22 5 4 5 6 4 8 12 16 4
1 9 7 9 3 3 2 7 5 6
11 12 0 6 7 21 9 7 3 2
7 6 8 11 2 6 5 7 4 8
5 11 1 0 0 2 6 2 18 8
18 2 8 6 5 3 4 1 5 1
4 5 4 1 0 7 6 1 3 3
0 1 2 7 3 3 0 4 3 5
2 5 14 3 10 3 4 13 8 15
13 5 12 5 11 2 8 2 5 6
15 4 12 4 11 1 3 4 9 4
7 10 2 16 9 5 6 8 2 10
4 6 5 16 2 3 0 16 5 3
18 12 3 8 16 16 12 13 9 11
3 4 5 0 2 5 1 5 1 3
14 1 23 5 11 3 0 4 1 18
6 5 1 7 3 2 1 0 6 8
14 5 3 3 1 3 4 2 1 20
9 0 15 2 7 6 3 11 14 4
0 7 3 0 7 1 6 3 3 7
18 11 14 2 10 13 6 14 15 14
1 8 12 2 14 9 7 15 4 6
7 8 14 0 10 4 13 5 5 2
2 1 4 12 10 5 1 3 2 1
7 20 3 3 8 5 2 20 5 2
7 1 1 1 3 6 5 1 3 4
9 3 9 4 2 8 1 10 2 1
2 5 2 2 1 4 4 3 4 2
3 10 1 12 0 10 8 2 1 2
1 4 2 6 0 9 3 0 2 3
13 11 4 23 10 7 2 1 12 14
2 5 7 10 2 4 1 7 7 13
11 3 15 10 3 2 1 5 0 0
5 5 15 1 15 5 2 3 5 9
5 11 0 9 8 2 5 8 1 19
3 4 5 0 1 4 1 7 6 4
1 3 5 5 10 10 1 8 2 5
6 1 5 11 4 10 10 1 10 6
2 7 4 23 5 3 0 9 15 1
13 0 0 0 5 5 14 4 1 3
4 4 6 10 6 6 8 0 9 7
1 3 5 3 9 4 2 7 8 4
7 1 11 2 1 0 6 8 3 7
15 4 16 17 6 10 8 10 7 11
11 9 8 0 2 0 7 10 1 2
5 3 14 15 10 2 18 1 22 8
12 8 1 10 7 21 18 9 6 7
3 3 2 2 1 8 3 4 1 6
6 4 4 2 1 16 3 7 13 1
17 3 5 7 6 7 1 7 7 8
4 4 2 2 10 5 0 0 6 14
3 3 3 1 3 1 8 4 0 11
7 10 8 18 9 9 3 3 4 3
0 1 11 7 9 17 10 2 4 18
7 2 3 14 2 11 16 7 6 9
0 1 2 5 3 1 4 8 2 3
1 4 1 0 4 0 0 1 3 8
6 4 9 2 1 2 1 5 2 3
2 10 7 3 16 7 4 1 23 1
7 11 1 8 4 2 8 13 3 9
11 4 5 6 8 3 9 21 9 10
4 2 9 7 12 5 10 5 1 2
8 4 13 14 19 12 17 10 11 1
6 4 5 6 1 0 1 17 18 10
5 3 19 20 10 15 6 6 12 4
5 3 3 11 10 0 7 16 3 3
4 7 2 8 1 9 19 2 10 6
11 1 1 3 10 7 2 9 3 9
2 7 0 4 7 11 10 1 10 3
3 8 7 5 15 2 4 21 8 12
11 4 8 6 14 14 21 10 13 5
3 2 3 13 6 3 1 18 0 3
1 5 2 2 2 9 5 1 1 3
9 11 1 7 1 13 1 1 5 14
2 12 3 10 3 2 0 4 1 3
0 3 2 4 11 4 9 0 10 1
4 5 7 0 3 9 3 7 24 2
2 3 2 0 4 15 16 29 1 12
11 1 5 7 1 24 6 1 23 16
14 24 4 0 9 10 2 6 1 5
6 3 1 6 5 4 10 12 7 7
12 20 20 6 6 0 4 4 4 6
3 10 6 11 10 1 8 4 13 14
6 14 12 6 2 10 1 0 2 11
3 10 6 2 2 10 4 6 2 6
4 6 1 4 7 5 3 5 2 5
1 4 7 2 2 5 2 3 8 1
3 17 23 10 6 4 7 4 6 4
10 5 15 2 14 1 10 15 10 13
8 6 24 21 6 1 2 1 8 6
2 2 3 3 9 0 2 9 15 5
10 10 4 4 1 17 15 2 11 5
8 10 1 1 4 3 2 5 10 6
2 0 1 2 4 3 6 3 1 6
9 1 10 1 4 0 7 12 13 7
11 1 3 16 2 1 0 14 1 9
2 11 8 29 3 2 2 4 12 8
3 8 4 7 11 15 9 2 4 6
0 10 7 12 2 7 1 5 10 21
0 3 5 5 2 2 3 1 9 10
3 12 16 11 2 1 19 11 9 17
5 6 3 4 5 9 10 9 30 7
3 7 18 9 8 14 23 10 2 0
17 2 11 10 18 4 9 10 18 8
6 2 6 0 0 3 0 10 1 11
3 4 0 0 8 8 2 1 0 0
13 8 0 18 11 12 2 21 8 11
5 4 5 6 2 2 3 8 0 5
1 8 5 3 4 2 6 4 1 0
9 9 11 10 11 3 7 6 14 0
1 3 4 6 0 9 5 8 0 13
6 9 27 1 6 9 3 8 7 14
12 6 1 1 0 11 14 13 1 3
15 6 22 0 0 1 15 15 10 2
13 1 32 1 10 3 8 1 7 6
5 5 3 4 7 5 1 3 2 2
9 7 12 3 16 7 10 3 15 5
14 11 3 8 8 7 2 15 15 10
1 2 10 0 8 6 4 14 7 12
5 2 6 4 10 3 2 3 4 8
9 9 12 1 16 13 1 13 4 15
3 4 3 10 1 2 1 1 3 6
10 7 0 13 14 13 0 6 25 7
19 18 13 7 12 6 4 2 9 4
4 13 5 14 15 4 3 1 8 16
8 12 6 8 18 11 13 1 4 18
3 10 11 4 6 6 3 6 3 0
10 7 20 2 1 12 12 7 13 8
0 5 15 3 4 1 7 11 2 7
1 5 1 1 7 5 5 11 5 6
10 6 3 1 6 4 2 6 3 4
16 2 9 10 17 5 6 11 0 2
8 5 3 12 6 3 6 9 7 0
0 1 8 1 1 3 5 6 2 3
14 14 1 2 11 4 1 6 5 4
9 2 3 2 8 2 4 7 1 3
3 1 8 3 1 8 3 0 3 1
5 8 5 3 0 1 1 7 4 2
7 15 13 16 9 19 4 13 14 8
2 10 8 0 5 3 1 2 5 4
2 10 15 1 0 16 8 5 13 23
5 4 1 8 15 6 14 4 2 4
1 2 4 1 13 6 1 4 7 3
6 3 5 1 1 6 5 2 6 1
6 10 3 2 9 5 6 4 4 2
4 5 7 1 4 1 8 9 10 9
2 10 13 11 2 0 5 2 29 11
10 3 22 13 3 1 19 5 4 5
4 2 2 5 12 7 0 13 10 24
1 14 11 16 5 3 8 2 13 15
7 11 12 3 6 18 2 8 20 6
10 8 3 14 5 4 1 3 18 25
6 1 2 0 11 2 1 0 12 1
0 16 5 1 5 8 2 7 5 3
2 3 4 12 2 5 9 7 3 7
0 18 13 7 5 2 23 7 0 20
12 1 12 16 23 15 1 14 2 6
4 5 13 6 18 9 5 23 8 14
0 5 3 9 1 1 1 1 1 0
9 7 3 7 4 5 20 3 5 2
1 2 1 1 7 11 9 9 9 2
6 3 6 0 1 1 7 4 6 3
1 13 17 6 8 3 17 23 11 4
4 8 4 4 4 3 10 8 4 7
9 4 13 2 9 6 0 9 2 3
20 25 2 3 10 15 3 7 5 0
2 4 1 5 6 6 5 8 6 2
14 1 6 2 15 12 7 20 2 10
7 0 12 4 2 6 14 3 5 2
8 10 7 1 1 11 12 1 17 7
9 2 5 5 16 9 0 8 15 1
3 2 3 2 1 7 5 3 7 13
12 5 8 6 0 8 4 9 2 3
5 14 5 7 0 14 22 9 15 5
11 0 8 6 4 2 3 7 7 2
3 4 5 11 8 3 5 20 11 6
4 6 10 4 19 2 8 10 11 21
9 20 16 10 8 5 6 2 2 0
5 12 19 8 11 7 16 6 7 1
1 0 9 1 1 4 5 1 1 1
9 15 4 9 4 2 5 12 2 20
2 3 9 9 2 3 5 11 0 9
1 6 3 2 14 2 8 10 2 1
4 12 1 8 4 7 1 12 1 20
1 18 9 4 3 14 14 0 16 8
5 1 6 7 11 11 2 21 8 15
8 16 9 6 5 2 2 12 8 4
5 3 9 2 6 11 4 8 6 9
5 4 2 13 6 6 1 14 2 5
14 1 1 8 14 15 13 5 14 8
8 12 8 19 1 4 18 22 1 6
6 1 10 14 6 4 16 6 0 7
10 5 10 10 20 22 7 3 1 6
3 13 1 9 2 10 10 23 2 1
1 1 10 6 2 1 5 1 3 6
13 17 4 6 14 2 1 5 8 8
10 10 9 5 8 7 18 4 0 15
12 9 13 0 5 2 0 6 9 3
4 6 6 16 11 11 16 3 2 10
17 11 15 13 8 14 8 6 13 12
14 1 11 12 6 14 22 9 8 11
2 10 4 9 10 9 14 4 23 2
2 5 1 1 3 1 2 7 4 4
5 8 7 3 3 3 6 0 2 9
10 2 6 9 7 1 5 19 16 1
5 6 2 1 2 5 1 2 6 4
1 1 7 18 6 0 9 11 13 1
7 12 0 5 1 1 7 5 17 13
7 30 7 0 0 8 3 15 2 10
5 1 7 11 9 2 4 6 0 1
2 2 4 9 7 5 9 1 3 2
1 7 7 10 4 8 3 5 2 7
3 7 1 7 11 1 4 7 2 1
0 6 0 14 3 10 3 8 7 14
1 14 1 10 15 3 22 3 22 9
6 4 6 5 4 7 7 8 4 6
2 5 5 6 7 3 1 6 0 10
19 8 10 6 0 19 2 9 13 3
1 2 0 3 6 7 2 1 0 6
3 4 5 4 2 1 4 9 6 8
7 2 1 5 2 10 0 5 5 3
0 3 5 6 7 0 4 6 4 6
14 22 2 8 9 1 8 7 6 5
9 2 4 8 10 2 3 7 2 4
7 9 1 29 6 1 2 5 13 8
3 3 7 5 3 2 7 8 3 12
8 3 4 1 4 11 6 8 7 12
1 16 11 3 12 4 5 11 3 15
1 7 10 12 2 11 3 6 11 4
2 2 1 2 0 7 9 3 9 5
21 4 4 8 1 4 11 14 3 16
5 11 10 20 10 18 10 2 18 1
6 5 12 3 4 12 1 5 10 2
1 5 5 5 0 3 6 4 7 1
1 7 2 5 0 8 0 1 1 2
11 10 1 22 0 17 2 4 6 10
14 1 0 3 4 1 2 1 0 4
0 17 4 13 12 3 5 6 12 12
11 4 19 16 6 14 3 5 7 19
9 3 17 17 3 3 22 5 10 16
1 13 2 3 5 5 1 3 10 9
7 4 8 0 15 11 9 16 4 9
2 2 12 1 1 13 2 6 11 2
4 5 5 19 0 2 4 2 1 5
5 4 7 2 1 3 3 2 1 5
2 18 2 12 7 9 1 0 10 0
8 3 16 17 9 6 3 4 10 14
2 1 5 3 2 16 2 1 0 6
8 1 8 2 1 7 4 5 4 8
10 11 4 3 1 16 5 16 6 4
1 2 7 11 11 6 3 3 0 2
0 16 6 4 10 18 4 10 5 2
3 1 4 8 7 4 4 7 13 5
4 12 5 11 2 5 1 12 13 5
11 9 6 4 19 6 2 3 11 7
12 13 8 12 10 1 3 17 13 7
21 1 5 1 1 9 25 8 4 18
2 4 9 1 2 14 3 1 15 11
2 12 10 1 6 1 1 0 13 5
6 14 11 2 7 3 7 8 3 7
1 2 0 3 2 4 2 5 3 5
3 4 0 9 6 0 1 5 2 4
2 8 3 6 1 1 0 5 5 2
2 9 12 2 1 6 11 10 3 12
5 10 12 4 8 1 16 5 14 17
14 21 13 4 5 12 1 8 5 2
10 2 9 12 0 4 6 11 21 0
9 3 5 3 4 4 2 3 3 8
8 5 3 25 22 6 9 11 7 4
17 8 10 14 17 4 10 5 16 6
1 8 4 13 4 1 1 3 1 1
3 1 8 3 5 16 0 5 3 7
18 5 0 15 0 7 6 0 1 18
1 3 8 0 5 3 2 6 2 4
6 31 4 0 9 6 1 5 6 4
0 7 10 10 16 14 15 1 7 7
2 2 7 4 0 1 3 3 2 2
2 1 11 5 16 2 0 11 20 4
3 2 4 3 4 6 4 5 1 4
8 12 6 11 5 11 1 23 7 10
1 15 27 12 15 10 6 9 2 2
3 7 5 12 16 7 7 6 0 3
2 0 5 6 2 2 3 2 4 0
10 6 8 5 7 7 13 13 13 2
7 6 3 6 3 11 15 11 9 5
4 17 22 8 19 11 15 2 5 1
3 7 2 9 10 15 24 14 9 8
15 16 12 7 11 13 4 9 5 3
3 2 3 1 3 12 4 7 1 10
10 8 6 17 13 16 1 9 10 16
0 21 3 4 3 2 2 12 12 5
15 8 0 3 2 8 6 10 6 4
12 5 16 10 6 6 5 1 0 4
4 2 0 4 0 2 1 0 2 11
3 7 13 4 2 17 12 18 1 11
1 4 7 5 0 2 2 3 7 7
0 3 5 3 3 6 3 2 5 3
12 0 0 6 2 16 7 8 12 6
3 3 5 3 4 17 1 7 0 8
2 0 9 6 16 0 1 2 3 23
4 2 5 1 3 4 4 5 3 4
5 0 3 4 4 6 1 3 0 5
3 8 0 2 7 0 1 5 6 2
6 3 2 12 2 3 1 8 1 1
11 11 13 1 12 6 22 13 15 2
0 3 9 0 4 7 4 3 5 2
8 9 4 9 16 6 2 19 11 7
6 8 6 4 11 1 7 6 0 9
6 6 4 3 4 3 1 4 2 1
0 12 1 2 13 2 2 5 6 0
3 3 10 1 5 5 5 4 3 3
6 2 12 15 10 0 7 11 4 1
10 16 2 4 10 19 2 2 6 11
15 13 5 4 4 9 0 21 0 17
12 15 7 6 4 6 4 9 1 18
1 7 7 2 4 2 11 3 4 4
8 12 7 4 9 17 6 2 1 7
5 6 1 13 13 1 8 7 2 10
3 7 12 2 14 20 14 3 1 9
8 5 1 4 6 0 0 8 3 11
3 8 7 22 0 6 12 7 5 2
10 7 1 10 3 3 9 13 1 8
19 8 9 12 5 13 5 11 3 18
0 12 16 0 5 5 3 3 5 8
9 7 4 14 14 11 0 0 1 1
2 3 18 8 3 2 3 2 2 2
2 2 2 2 4 7 1 7 5 1
2 12 6 8 2 6 2 0 2 6
0 9 4 1 3 4 4 11 1 1
19 7 2 8 6 28 10 2 3 9
5 7 6 3 8 3 10 27 16 8
5 10 15 13 8 0 9 4 9 6
4 4 1 1 7 5 1 2 3 3
2 14 15 1 5 11 10 13 8 9
11 9 11 4 14 9 12 2 6 2
5 6 1 7 1 5 4 0 5 5
9 1 16 1 2 3 4 9 7 3
13 9 11 8 5 16 8 2 8 10
16 9 4 4 4 9 3 8 8 8
7 3 9 3 2 2 4 3 5 6
5 4 21 14 19 7 6 13 10 3
2 4 14 6 23 9 10 8 6 2
12 21 1 9 3 7 5 2 5 1
2 2 4 1 3 2 0 6 9 3
6 7 1 4 6 7 9 2 7 1
2 5 15 0 3 7 11 2 14 24
4 9 16 13 16 11 4 7 1 8
10 22 3 17 4 0 2 12 1 1
3 4 1 4 7 2 0 0 27 3
4 2 8 6 4 3 5 1 5 5
26 7 0 14 7 6 2 2 4 6
2 7 6 2 1 6 6 1 1 0
7 6 7 6 24 8 9 5 8 0
3 3 1 1 4 2 4 3 6 4
12 6 12 1 4 5 10 1 4 3
5 2 7 8 4 1 0 6 3 3
20 12 10 7 9 1 8 3 7 6
1 6 2 15 8 23 10 9 8 11
11 5 15 9 4 1 14 2 1 13
9 7 9 11 10 13 7 7 5 15
22 1 8 11 2 1 1 3 12 0
2 6 5 9 8 15 10 15 2 19
0 9 10 5 6 6 5 10 9 5
11 11 2 1 2 1 5 5 8 2
10 18 6 11 10 6 20 2 8 19
8 4 6 5 3 4 1 8 0 3
2 2 15 15 16 2 2 4 7 5
17 0 8 3 1 1 3 9 11 12
1 4 5 4 3 5 4 12 7 1
6 1 4 20 17 4 1 3 5 1
2 9 7 7 1 2 6 3 3 1
5 10 5 2 10 4 13 12 1 1
12 1 4 25 9 5 15 1 2 11
1 1 0 4 6 6 2 2 5 0
3 6 4 3 6 1 4 3 6 0
1 1 6 8 8 3 4 13 16 10
6 0 4 3 0 6 2 3 0 3
4 0 5 5 4 1 4 3 2 1
14 14 1 6 9 3 5 8 12 8
1 7 0 16 0 6 5 9 6 3
10 11 14 22 15 9 10 3 5 10
11 11 2 21 6 2 7 10 10 2
18 4 4 10 9 1 1 5 10 6
10 4 2 2 19 5 4 2 5 11
6 12 15 10 10 18 11 7 13 9
9 1 5 1 17 9 1 0 24 7
4 6 9 14 16 5 5 11 10 13
7 5 5 19 1 12 14 7 4 2
5 2 3 1 2 3 6 1 1 8
11 5 2 7 7 15 18 12 11 0
8 15 13 10 4 6 6 5 9 8
2 0 3 8 4 21 0 15 10 0
3 2 2 8 2 4 0 6 5 8
13 12 4 1 2 3 4 11 28 16
3 3 6 6 6 22 17 13 3 9
6 11 10 1 9 6 9 7 14 7
23 20 3 7 4 1 13 1 10 7
13 11 13 6 7 7 17 15 8 10
2 7 4 5 2 1 1 4 1 0
2 5 2 0 7 3 10 2 3 5
1 1 1 5 5 7 2 2 3 1
1 3 0 0 10 8 6 3 2 15
8 18 7 25 10 7 4 15 5 0
2 1 1 1 7 0 6 4 3 5
4 5 4 5 7 8 0 3 2 2
2 1 2 4 5 4 3 8 4 2
3 6 9 14 19 7 3 8 6 9
9 9 2 17 1 3 9 4 5 15
2 1 3 7 7 4 14 3 1 2
2 13 16 1 21 12 12 2 4 11
5 10 7 1 10 1 4 3 10 26
0 0 7 6 4 1 8 1 1 4
1 1 1 2 6 3 8 9 7 1
6 1 4 4 1 4 7 1 12 6
3 1 0 10 14 2 5 19 5 28
19 1 4 2 1 6 4 7 12 4
6 10 1 11 11 2 18 15 12 7
13 7 2 2 14 4 3 2 13 3
10 13 2 4 10 7 2 6 5 18
9 18 13 9 17 4 2 0 10 2
5 9 1 0 4 7 2 3 9 4
5 3 7 7 6 6 4 0 3 4
11 8 3 14 16 11 4 10 14 5
2 1 4 1 5 0 5 4 3 3
12 2 1 13 2 5 9 6 2 17
2 9 5 7 7 7 3 6 4 4
9 11 0 8 11 5 12 4 11 4
3 0 0 4 0 1 0 0 8 4
15 0 10 6 14 9 1 4 10 16
4 4 3 4 5 3 2 5 1 3
12 0 6 6 12 2 4 6 6 4
12 10 7 9 8 14 17 1 4 3
3 1 8 1 2 2 7 3 3 3
12 7 6 1 9 10 2 2 2 8
10 1 15 2 14 3 11 1 4 9
4 1 12 6 8 3 3 4 1 8
11 14 10 1 8 0 4 11 24 13
3 8 1 1 0 1 2 7 1 5
8 6 6 16 15 6 26 5 0 3
6 5 2 2 1 1 15 1 4 3
11 14 12 25 10 0 2 12 6 5
2 6 5 0 3 1 3 2 2 9
4 20 10 15 17 7 8 12 8 6
1 2 0 13 2 0 1 3 5 2
6 2 5 3 15 2 14 2 1 26
11 0 14 1 10 7 2 2 13 10
2 6 5 1 1 4 3 6 2 1
3 8 6 5 1 1 1 1 1 9
9 1 5 10 6 1 5 3 15 2
1 3 23 2 8 6 5 3 21 12
4 2 6 8 7 0 21 6 6 25
9 3 4 14 21 2 1 6 19 13
14 3 5 6 5 22 12 7 16 13
2 3 0 3 3 7 0 8 2 9
8 19 5 13 15 8 6 15 19 2
8 8 12 6 7 2 1 1 16 1
5 8 0 9 3 19 12 6 5 18
19 1 10 3 2 2 2 18 15 7
1 7 18 12 6 2 6 11 4 16
11 1 1 6 11 4 0 8 9 4
0 1 3 2 5 2 7 0 3 1
3 1 10 7 9 4 2 5 8 6
8 1 3 8 1 1 1 1 6 0
6 11 16 2 3 4 14 6 5 5
9 4 11 2 11 7 12 7 14 2
2 6 1 0 8 3 8 3 6 3
1 10 24 4 1 4 4 10 10 10
3 4 5 4 5 0 5 0 0 6
3 18 19 1 5 2 9 0 3 19
0 6 15 5 13 6 14 11 19 11
17 10 8 19 3 12 4 12 4 13
21 0 5 9 3 11 11 3 4 0
3 3 0 3 6 2 0 0 5 10
1 14 15 13 6 13 9 2 19 13
1 2 4 2 2 2 3 4 4 6
3 3 9 10 7 1 12 3 3 6
11 1 2 2 5 1 2 2 0 12
2 6 1 3 0 4 8 2 13 10
9 8 4 6 1 8 3 2 1 3
13 12 0 2 4 8 6 7 9 5
16 6 16 13 19 9 5 4 13 13
9 10 6 11 1 16 4 2 11 1
6 1 0 9 1 1 4 0 0 2
24 2 8 19 13 3 3 4 3 17
1 6 5 2 1 1 2 5 1 3
2 1 4 1 4 6 7 6 9 8
8 12 3 9 20 9 21 10 6 3
15 10 7 3 12 10 18 14 7 8
8 9 8 2 1 3 4 2 1 3
4 10 13 12 0 16 18 13 10 9
5 9 2 5 3 4 3 2 11 3
11 7 2 24 6 10 11 14 3 14
11 0 12 12 8 3 3 20 23 4
0 1 3 6 3 6 10 3 5 1
15 3 2 1 7 10 2 1 9 6
4 4 6 4 4 6 5 3 6 4
2 12 9 16 1 9 3 1 16 5
15 14 2 13 5 16 5 9 10 1
12 7 1 5 10 4 15 13 3 5
1 10 2 2 9 1 5 4 1 5
4 8 5 3 4 15 0 8 6 4
8 5 7 3 3 14 4 5 12 5
15 12 7 6 3 3 22 6 1 16
1 4 1 7 2 7 1 3 13 11
9 2 5 6 6 14 11 10 11 1
2 17 2 17 26 3 7 1 7 7
2 9 12 19 12 5 6 0 24 1
1 1 2 2 7 6 5 1 1 2
2 12 0 0 5 10 1 9 1 11
4 7 12 3 8 2 8 14 7 7
2 3 24 9 7 1 11 6 4 3
7 1 0 5 1 2 1 19 0 7
1 3 3 2 8 5 3 3 4 2
9 5 16 10 27 15 6 3 5 5
2 0 10 20 16 11 7 6 1 5
5 0 5 1 1 1 1 2 7 7
6 14 6 11 5 4 2 19 16 7
5 1 3 1 7 0 3 1 2 3
6 1 7 4 8 4 2 9 0 3
3 9 0 2 13 2 4 8 1 5
2 2 10 8 2 0 10 4 5 7
9 2 3 5 10 4 6 15 6 7
1 7 0 8 1 1 2 15 8 15
7 10 4 13 8 14 10 30 3 1
1 9 3 1 8 1 3 5 12 5
2 18 2 1 2 4 2 13 13 27
0 8 8 3 2 11 16 16 13 3
8 6 15 7 1 15 4 17 2 23
23 3 9 8 1 6 13 2 13 14
3 2 7 7 11 6 7 14 3 10
1 14 2 4 5 2 6 10 4 3
17 2 8 11 8 12 9 13 8 6
5 10 2 5 10 4 8 21 6 5
1 12 9 5 5 1 1 5 3 8
3 2 8 9 1 6 16 5 3 2
1 4 11 1 4 10 5 5 16 5
0 4 3 3 3 9 11 15 4 0
6 8 17 3 4 11 16 8 11 8
7 10 3 14 6 7 11 23 6 11
1 12 7 5 5 12 1 10 11 1
7 7 12 3 16 11 4 1 4 7
0 0 7 10 5 0 8 5 3 2
3 3 8 1 8 16 2 20 10 16
5 7 8 7 2 1 6 3 14 13
2 8 1 1 7 7 2 6 7 11
6 11 3 3 10 1 4 1 5 6
1 0 5 0 5 1 6 2 1 10
6 4 2 2 4 5 4 2 3 3
3 6 4 16 7 18 12 21 11 4
6 4 22 10 3 22 11 1 12 1
2 4 3 8 1 2 1 1 2 2
5 8 5 0 2 1 6 9 2 4
1 0 14 3 1 2 6 6 2 6
8 9 12 0 4 10 5 4 2 2
2 6 2 9 14 8 5 7 2 3
0 7 10 1 8 4 0 14 2 5
1 1 1 0 6 1 2 9 2 3
7 4 14 3 2 1 3 5 6 7
2 7 10 9 1 18 5 7 4 8
0 12 4 8 6 3 0 3 0 1
3 7 19 2 2 1 7 22 14 4
8 12 1 6 20 14 7 11 14 1
4 2 1 4 1 7 3 11 4 0
0 9 5 8 2 4 7 8 7 3
4 6 1 22 8 4 5 0 17 5
2 15 7 9 8 11 5 4 15 10
4 2 13 4 14 14 17 2 3 16
7 3 20 5 3 2 0 8 0 11
3 3 4 23 4 5 3 10 1 12
0 0 16 15 7 3 6 4 8 12
9 3 0 2 7 1 6 2 2 2
18 12 17 4 8 6 3 1 5 2
3 5 5 6 1 1 3 3 8 1
8 1 4 4 12 18 16 1 1 5
7 3 4 7 0 14 1 4 7 9
14 9 6 11 12 14 6 9 12 1
1 4 2 5 5 4 5 1 10 6
5 7 12 14 12 2 3 3 5 1
0 16 9 15 10 7 0 14 11 7
1 14 15 4 1 7 2 3 17 16
4 0 0 3 3 3 6 2 7 7
19 2 8 20 17 8 4 5 9 14
1 3 5 22 18 2 2 1 12 2
5 3 5 5 3 3 0 7 6 8
8 6 8 11 18 7 7 10 2 5
22 3 4 7 13 0 17 10 15 5
0 3 3 5 6 2 12 6 5 3
8 0 1 4 2 1 3 3 2 8
6 11 12 11 3 7 6 11 4 8
7 11 19 11 8 5 9 14 4 9
7 6 9 1 20 0 2 7 23 5
10 4 4 13 6 11 15 3 3 1
10 3 6 11 11 5 4 3 6 11
27 2 4 4 25 3 9 5 4 9
8 1 2 0 3 2 2 0 3 2
4 2 4 4 2 7 2 0 2 2
6 6 17 1 3 4 3 4 18 17
6 7 7 6 6 14 12 4 10 3
5 11 17 12 0 15 10 10 8 2
13 4 3 1 5 10 2 1 14 0
13 8 4 15 7 2 11 13 8 7
0 1 4 2 0 1 1 8 1 4
7 4 11 5 7 0 5 3 7 8
4 8 16 9 4 14 10 0 3 9
9 4 5 5 6 1 2 9 0 5
10 8 1 0 4 3 7 4 5 7
5 3 4 3 7 0 1 10 5 5
1 4 7 3 8 1 6 2 9 1
1 24 7 7 7 8 9 3 1 1
8 3 1 5 1 1 2 6 7 3
4 18 5 6 6 5 2 5 2 7
5 3 6 10 2 6 6 3 5 7
2 2 2 4 7 15 6 0 1 3
5 3 1 3 7 2 7 4 8 19
5 7 5 10 15 2 5 2 3 11
4 2 17 8 2 28 3 17 4 7
9 11 1 2 3 20 14 4 9 20
3 6 1 11 14 0 3 2 11 6
4 12 4 9 13 3 21 0 9 13
3 0 11 10 4 5 13 7 6 2
8 14 22 3 10 3 0 15 5 2
4 2 12 2 8 1 2 7 1 1
18 8 3 3 3 3 17 6 10 8
7 14 15 5 9 0 6 9 1 9
14 2 6 13 11 24 0 12 4 1
1 22 2 28 0 2 3 6 4 12
2 2 1 20 6 5 0 0 1 3
12 12 1 2 12 1 8 5 4 3
2 8 2 13 2 3 8 7 2 2
10 8 7 7 13 18 5 7 5 21
5 15 8 3 2 9 3 11 9 24
1 2 2 6 2 3 0 2 5 3
5 10 1 0 3 2 19 13 3 5
1 6 0 5 7 3 6 1 3 1
1 3 8 1 0 9 5 2 0 4
15 6 4 1 6 10 4 1 9 27
1 3 7 2 17 5 1 12 7 6
20 13 11 18 2 1 3 4 12 7
6 2 1 3 6 4 3 4 9 0
1 2 4 1 4 6 3 2 4 2
4 4 3 8 1 0 22 15 13 17
13 4 0 7 7 6 4 3 13 10
4 3 6 4 1 3 7 11 2 0
1 1 7 7 3 3 12 1 3 3
22 9 7 9 14 14 1 1 2 4
7 0 2 1 2 2 4 4 5 1
2 5 9 17 20 2 8 5 9 6
1 8 2 6 1 8 0 6 1 3
2 4 2 11 8 9 1 2 3 6
1 12 11 17 8 10 12 11 3 2
7 2 18 7 7 11 3 12 12 12
1 4 5 7 8 1 6 3 4 0
6 6 7 2 12 7 1 5 8 1
9 15 25 5 2 14 2 6 10 9
14 7 17 12 5 1 11 7 4 5
4 10 2 0 0 2 8 6 2 3
5 23 1 13 6 4 1 4 4 2
3 7 2 2 7 5 2 6 16 3
14 1 4 9 6 11 9 3 6 3
2 4 3 3 5 5 4 7 9 11
1 1 4 2 1 6 6 6 2 7
13 2 4 10 18 4 1 0 1 17
13 4 6 13 8 9 5 6 10 1
5 7 14 12 8 16 20 1 14 1
2 6 9 11 3 3 5 5 0 3
2 1 3 4 6 9 5 1 6 0
0 12 4 8 11 7 12 10 11 19
7 1 2 1 5 4 3 8 5 4
13 5 0 18 7 13 12 1 14 7
1 5 2 3 4 9 2 6 2 2
12 12 4 6 1 5 4 3 8 1
3 15 21 7 14 2 4 4 17 13
10 1 6 5 15 4 15 30 3 5
8 2 2 18 20 2 10 21 5 10
2 8 4 0 0 1 8 5 9 3
8 3 12 1 7 10 17 23 15 2
11 2 7 3 23 6 3 10 5 8
2 8 8 6 2 16 9 13 10 3
2 3 3 4 8 1 1 1 4 2
3 11 1 7 3 14 5 4 3 1
0 5 0 3 4 0 6 2 7 7
0 3 6 4 5 3 3 1 4 0
9 6 3 1 9 3 4 8 12 2
1 4 9 0 2 5 4 4 7 3
4 5 6 1 0 8 1 2 4 2
12 9 4 0 4 2 3 5 4 29
3 1 0 14 0 8 8 3 11 6
10 14 3 15 9 0 9 4 15 1
4 0 1 3 1 0 9 4 2 8
5 10 6 8 13 1 10 3 5 0
16 16 2 7 4 12 2 15 20 1
5 0 5 8 8 3 13 5 3 11
7 2 2 3 4 6 3 6 5 2
0 25 6 5 1 7 10 12 14 9
4 5 2 1 2 1 4 8 7 10
12 1 14 18 2 8 10 1 18 6
11 3 3 9 2 14 2 17 3 3
14 7 13 4 4 10 4 2 16 10
17 1 13 22 11 0 8 8 12 5
0 21 4 3 15 5 5 8 6 21
6 1 2 1 7 1 4 1 4 2
5 15 1 9 7 8 1 7 0 5
3 4 2 7 5 4 0 4 12 4
7 2 12 10 1 8 0 8 9 5
6 3 3 22 10 17 7 13 6 9
2 6 0 2 1 2 1 0 6 6
14 1 4 15 4 4 4 1 3 4
5 2 0 2 8 3 3 1 3 1
1 5 7 11 10 11 4 12 4 10
2 2 3 8 8 7 13 1 1 5
7 1 0 2 4 4 8 1 5 8
2 3 14 5 8 7 2 18 0 10
5 1 7 18 6 19 17 7 12 7
12 3 0 6 17 9 3 8 6 3
2 0 2 5 11 12 5 17 7 7
7 13 12 1 15 9 4 19 14 2
23 1 7 11 2 13 7 12 3 7
11 2 3 15 9 9 1 10 13 2
9 4 4 8 4 5 3 7 4 2
8 18 10 4 2 13 18 0 1 10
3 10 1 1 11 13 16 8 6 11
6 6 14 3 1 13 6 14 3 7
4 3 1 4 0 7 10 2 0 2
6 0 7 4 1 1 1 0 1 3
9 2 3 3 3 3 7 2 3 5
9 8 10 3 5 4 6 4 13 22
8 20 0 11 14 16 3 4 14 9
3 7 11 2 0 2 0 7 2 6
5 1 14 2 3 2 12 3 4 9
6 1 11 5 6 8 21 9 6 3
8 11 0 0 9 11 17 13 3 5
7 1 1 15 15 18 0 11 24 2
9 11 1 8 14 4 3 16 5 8
5 12 7 1 10 10 8 2 3 7
7 15 3 3 4 17 11 10 3 10
9 3 6 18 19 4 8 9 12 8
1 6 7 12 7 2 11 6 13 12
4 9 2 2 6 0 4 10 1 2
4 3 4 7 3 3 1 3 1 5
6 3 13 9 11 0 11 8 13 13
1 5 2 3 7 5 2 5 4 1
9 9 5 0 4 5 4 10 1 1
2 1 4 5 7 3 11 5 1 1
0 7 7 4 1 6 2 8 10 1
11 1 12 3 1 1 6 8 4 0
1 6 3 2 3 0 3 5 3 1
1 2 5 3 6 6 1 1 8 2
5 1 7 2 8 5 4 5 1 14
8 3 6 6 12 15 8 0 3 6
7 7 8 3 16 9 9 16 12 12
6 13 15 19 9 21 5 6 1 3
5 9 4 10 9 2 5 3 15 15
6 5 1 4 6 8 4 14 6 5
6 5 6 15 4 5 9 10 7 13
4 2 2 7 8 6 7 9 10 5
7 2 1 2 3 11 2 1 4 6
10 15 15 7 1 8 10 7 5 8
12 9 2 10 3 7 5 2 3 4
4 5 7 6 10 7 5 13 1 3
14 1 1 2 10 11 3 13 2 12
2 4 0 3 3 8 5 2 2 9
8 2 8 0 1 1 4 7 2 6
16 3 13 16 5 1 1 7 7 15
1 3 4 9 11 18 8 1 14 8
4 9 5 5 18 7 14 2 15 10
18 7 8 4 2 4 1 6 1 7
11 1 5 2 13 0 6 1 16 4
4 4 6 5 5 5 4 14 2 2
12 6 6 10 20 1 6 5 13 10
3 1 6 1 10 6 3 2 6 1
4 22 8 18 6 13 3 7 2 8
10 9 3 3 2 11 14 10 5 7
3 13 3 6 2 1 3 1 4 10
5 2 7 0 0 3 4 4 9 4
2 7 6 21 5 15 2 1 10 13
10 1 0 4 1 2 6 2 7 4
9 14 6 14 6 6 6 9 4 19
5 8 6 1 9 2 6 4 15 0
3 6 7 5 12 5 12 7 3 3
5 1 15 9 4 10 16 2 10 3
2 3 0 0 2 8 0 2 0 5
2 11 6 2 5 9 7 2 0 0
4 0 4 2 3 1 5 0 5 2
7 10 2 2 15 0 6 1 0 3
12 5 8 4 4 3 3 3 4 10
0 23 16 8 14 5 3 14 7 14
9 15 13 4 7 11 4 7 6 10
5 9 2 1 7 7 6 9 7 9
7 16 2 14 4 3 5 10 6 1
8 3 4 1 0 5 4 8 2 2
3 12 2 5 5 7 1 1 3 1
2 3 8 1 2 0 4 2 10 4
0 5 6 3 9 5 8 1 7 5
14 10 12 11 6 8 14 3 3 1
4 6 3 19 1 10 6 15 6 7
2 1 2 3 7 2 4 4 3 3
8 8 4 6 3 6 4 0 3 2
12 5 3 8 10 8 11 1 4 6
2 7 2 2 1 7 5 16 10 2
0 16 9 1 12 3 3 15 21 17
2 16 8 12 13 7 10 21 1 17
2 6 1 5 1 2 7 10 2 14
6 9 3 6 7 1 3 3 17 2
0 11 2 14 5 5 0 2 1 7
6 6 4 4 1 11 1 3 3 1
7 1 6 2 1 6 9 3 1 12
3 8 3 0 2 7 6 2 7 4
12 4 7 0 6 20 3 1 10 12
17 1 12 5 6 3 6 5 5 12
20 7 0 15 10 3 18 11 6 4
1 1 1 8 7 2 12 13 15 7
4 3 1 5 5 3 4 9 8 2
9 6 13 8 9 4 17 9 1 20
12 4 4 0 7 3 7 8 1 6
11 3 1 5 9 4 2 4 6 6
9 6 4 15 8 21 5 9 8 10
13 2 2 2 4 1 3 8 11 3
1 11 5 11 8 1 14 1 22 6
2 2 5 6 4 1 16 7 28 2
0 8 9 1 10 10 2 2 5 6
2 13 8 10 2 12 11 7 1 7
11 0 5 7 11 0 6 4 2 6
20 13 5 1 10 0 12 0 18 15
1 5 2 1 5 5 1 2 5 0
11 17 5 13 6 9 0 18 6 10
17 9 4 7 3 25 3 14 11 5
13 12 8 8 9 2 7 7 19 10
5 2 4 3 1 5 6 3 7 8
7 4 1 7 3 2 6 1 8 6
1 3 2 0 1 2 2 7 6 3
2 16 2 4 4 15 6 6 8 1
3 8 5 4 5 4 3 2 0 4
2 3 0 21 4 6 6 11 13 15
13 2 8 12 8 7 16 10 2 4
1 3 5 6 15 4 12 16 18 20
3 2 2 5 2 8 1 2 2 2
4 3 5 2 4 1 6 11 2 2
4 2 12 13 3 6 19 2 7 6
2 17 4 11 0 5 12 15 14 13
10 4 11 3 11 7 21 7 15 5
6 3 5 3 13 6 7 2 20 10
22 15 5 10 7 8 5 3 10 6
3 2 5 7 2 2 4 2 2 4
4 1 2 7 13 11 5 5 17 11
0 6 14 15 9 6 5 4 7 12
7 14 1 15 13 4 1 5 7 3
10 2 2 4 14 0 22 6 5 18
8 0 5 3 5 9 2 1 9 2
5 2 1 6 9 12 9 6 9 6
3 4 3 5 5 3 0 7 1 5
6 8 10 9 4 4 6 1 15 11
4 4 4 0 2 16 4 11 8 2
4 4 2 1 5 6 13 2 5 6
2 3 4 6 5 0 9 5 1 1
1 1 1 13 2 3 2 5 4 2
4 3 0 4 1 4 3 10 3 7
10 3 8 4 1 0 4 6 5 3
12 5 5 3 7 4 2 9 8 6
0 3 6 1 1 4 2 6 2 1
16 1 0 20 11 13 2 1 9 16
7 1 12 5 9 1 3 11 15 6
6 6 6 8 12 2 2 12 12 13
5 3 1 3 5 1 6 2 1 1
3 2 7 2 7 4 6 1 1 7
6 3 10 10 0 5 5 2 6 3
14 1 0 2 1 2 4 7 2 3
5 2 5 1 1 6 3 10 0 4
2 10 9 13 2 10 0 11 25 7
6 5 0 4 2 3 5 2 3 3
7 5 1 4 3 1 9 0 3 4
5 4 1 3 5 1 2 1 4 3
1 2 7 3 6 0 5 6 4 2
13 0 19 3 8 0 14 16 17 14
4 4 4 1 4 4 3 5 4 0
14 17 10 14 17 11 5 15 6 7
1 4 12 2 5 16 8 3 2 6
3 17 14 0 5 1 6 2 6 13
9 3 2 6 3 2 4 1 5 8
7 11 1 0 3 6 16 4 0 9
0 3 2 1 4 5 5 5 5 9
2 7 1 1 6 3 0 1 2 2
14 14 4 13 17 10 8 11 6 5
2 16 8 12 19 11 1 14 18 6
2 0 7 7 12 6 1 1 2 13
14 0 0 9 11 7 7 3 6 7
5 2 3 15 7 3 2 2 3 7
10 1 2 5 3 16 5 2 9 9
15 7 10 7 14 6 13 3 1 1
4 3 4 0 4 5 2 9 6 16
2 9 8 15 3 2 8 9 0 8
7 15 22 19 7 3 6 9 1 1
3 10 7 5 14 7 7 13 1 4
0 28 3 7 3 6 9 6 3 4
2 2 3 6 2 5 18 1 11 7
3 9 1 15 2 6 8 3 8 6
1 101
2 18
2 41
2 80
4 55
4 90
4 99
5 49
6 69
6 106
8 36
8 41
9 87
10 39
10 96
11 19
11 29
11 34
11 60
12 96
12 100
13 83
14 22
14 58
15 76
16 21
16 84
16 114
17 102
17 117
18 22
18 50
19 40
19 92
19 107
20 44
20 53
20 89
20 114
21 24
21 79
21 106
21 111
22 50
22 66
23 68
23 82
23 105
23 116
24 74
24 88
24 115
26 27
26 57
26 87
26 99
27 42
28 52
28 78
28 95
29 86
29 95
30 86
30 89
30 99
30 122
30 124
31 57
31 69
31 91
31 95
32 56
32 108
32 130
33 77
34 66
35 48
35 96
36 118
37 52
37 82
37 84
38 73
38 91
39 63
39 138
40 64
41 58
41 65
41 66
41 85
41 104
41 132
43 65
43 104
44 58
44 129
45 73
47 49
47 86
47 112
48 93
49 86
49 102
49 117
49 139
49 149
50 63
50 89
50 116
50 125
52 101
53 65
53 79
53 122
53 130
54 63
54 129
55 64
55 139
55 146
55 152
56 67
56 122
57 75
57 110
57 132
58 135
59 71
59 86
61 72
62 93
62 144
63 80
63 100
63 133
63 135
64 107
64 140
65 115
65 137
66 134
66 147
66 157
67 94
67 146
67 152
68 100
68 124
68 155
69 88
69 95
69 105
69 147
69 167
70 101
70 132
70 144
71 96
71 99
71 136
71 150
71 168
72 73
73 89
73 127
73 164
73 169
74 96
74 105
75 107
76 175
77 96
77 155
78 130
78 136
79 81
79 94
79 106
79 153
80 136
81 82
81 115
81 135
81 138
82 115
82 181
83 138
83 160
83 178
83 180
84 86
84 102
85 151
85 172
86 128
87 155
87 159
87 171
87 178
88 94
89 134
89 147
91 123
91 142
91 157
92 107
92 133
92 171
93 142
93 171
94 145
94 164
94 193
95 103
95 117
96 97
96 116
97 138
97 140
97 168
98 106
98 185
99 108
99 156
99 180
100 119
100 127
100 142
100 172
102 110
102 135
102 139
103 192
104 133
105 146
106 122
106 136
108 146
109 119
109 139
109 188
110 121
110 145
110 160
110 191
111 164
111 190
111 208
113 115
113 124
113 143
114 138
114 197
118 129
118 202
120 128
120 176
121 137
121 182
123 159
123 185
124 133
125 155
125 200
125 216
126 170
126 225
127 143
127 144
127 210
128 207
128 228
129 145
129 181
129 186
131 135
131 163
131 189
132 185
132 198
132 202
133 218
134 183
134 221
135 177
135 192
136 157
136 165
136 166
136 189
137 138
138 144
138 151
138 165
138 183
138 195
139 170
139 182
139 223
140 145
140 234
141 237
142 171
142 212
142 228
143 158
144 177
144 197
145 166
145 195
145 217
146 154
146 239
148 204
148 241
149 170
149 186
149 214
149 228
150 153
150 209
151 208
151 224
151 226
151 249
152 170
152 251
153 200
154 234
155 174
155 211
155 213
155 215
155 244
155 246
156 179
159 173
159 185
159 208
159 222
160 230
160 233
162 163
162 208
162 262
163 201
163 247
164 206
164 218
164 254
165 171
165 184
165 197
165 228
166 255
166 258
167 168
167 202
167 235
167 261
168 171
168 177
168 205
168 230
169 175
169 201
169 204
170 176
170 214
171 248
172 205
173 213
174 253
174 259
175 238
177 276
177 277
179 195
179 199
179 209
179 234
181 193
181 264
182 211
182 231
182 249
182 259
182 282
183 187
184 194
184 261
185 253
186 199
186 215
186 246
186 276
187 203
187 279
188 284
189 200
189 219
189 281
191 229
191 244
192 215
192 288
193 214
194 225
194 252
195 284
196 213
196 273
197 224
198 215
198 264
198 277
199 217
199 237
199 253
199 270
200 211
202 209
202 219
202 222
203 249
203 261
204 223
204 255
204 258
205 229
205 247
206 273
207 224
207 292
209 224
209 241
209 245
209 249
210 216
210 218
210 232
210 258
210 261
210 302
211 212
211 286
211 301
212 251
212 273
212 289
212 290
213 270
214 254
214 296
214 303
215 262
216 240
216 289
217 234
217 237
217 246
218 237
219 303
219 316
220 250
220 271
220 280
221 284
222 300
223 244
223 250
223 253
224 282
225 236
225 291
225 304
227 258
228 235
229 273
229 297
229 304
230 232
230 250
230 256
230 320
231 269
231 294
232 247
232 297
232 299
232 324
233 247
233 310
233 324
234 236
234 256
234 312
235 274
235 279
236 238
236 256
236 270
237 245
237 298
237 318
238 263
238 272
238 315
239 247
239 265
240 306
240 314
241 277
241 298
242 262
242 330
242 332
243 288
243 310
243 312
244 288
245 253
245 297
245 336
246 315
247 259
247 288
247 317
247 347
248 260
248 279
250 252
250 284
250 349
252 272
252 287
252 314
252 325
253 320
254 259
254 326
254 343
255 281
255 296
255 298
255 344
256 276
256 300
257 278
257 279
257 297
258 267
259 287
259 293
259 309
259 327
259 330
259 354
260 302
260 324
260 348
260 351
261 293
261 356
261 360
262 277
262 322
262 362
263 304
264 339
265 269
265 271
265 326
265 331
265 342
266 284
266 364
266 365
267 281
267 307
267 318
267 324
267 335
268 301
269 294
269 304
269 315
270 308
271 273
271 347
272 299
272 316
272 324
273 290
273 348
274 351
275 289
275 300
275 367
276 350
276 373
277 320
277 332
278 336
279 290
279 299
279 323
280 309
280 317
280 335
283 292
284 292
284 343
284 377
285 341
286 352
287 369
287 387
288 291
288 330
288 345
288 361
289 347
290 313
290 326
291 294
291 381
291 386
292 296
292 318
292 364
293 322
293 340
293 348
293 372
293 391
294 295
294 394
295 317
296 343
296 351
298 312
298 344
299 320
300 340
300 343
300 363
300 371
301 376
301 384
302 374
303 363
303 392
304 316
305 345
305 401
306 329
306 355
306 361
306 375
307 333
307 351
307 364
307 399
308 322
308 359
308 403
309 329
310 312
311 315
312 389
312 401
313 377
313 378
314 354
314 377
314 388
315 364
317 323
317 349
317 353
317 363
318 377
320 411
321 415
322 374
323 355
323 380
324 332
324 377
324 405
324 410
325 378
325 396
326 354
328 383
328 386
328 417
329 360
329 363
329 373
329 383
330 404
331 339
331 431
332 336
332 371
333 433
334 363
334 368
334 370
334 392
334 429
335 432
336 365
336 384
337 391
338 357
338 404
338 424
339 381
339 405
340 351
340 371
340 372
340 385
340 416
341 386
341 388
342 349
343 370
343 386
343 439
344 429
345 419
345 438
346 366
346 383
346 396
346 409
346 439
346 442
347 361
347 392
347 427
348 349
348 439
349 386
349 416
349 419
349 440
350 351
351 380
351 400
351 421
352 408
352 414
352 420
353 375
354 378
354 431
355 363
357 371
357 390
357 425
358 392
358 450
358 456
359 396
359 398
359 418
359 426
359 447
360 370
360 457
361 431
362 366
362 387
362 455
365 396
365 427
365 441
365 456
367 453
368 376
368 419
368 441
369 402
369 417
371 441
371 459
373 379
373 417
373 434
374 379
375 382
375 383
375 419
375 467
376 388
378 447
379 423
380 389
380 428
382 391
382 417
382 463
385 481
386 408
386 443
386 461
387 398
387 425
387 426
387 430
387 474
388 406
388 466
388 478
389 419
389 434
389 482
390 407
390 460
391 442
391 452
392 412
393 452
394 436
394 445
395 402
395 442
395 483
397 492
398 416
399 421
399 495
400 408
400 459
402 448
402 465
402 476
403 458
404 490
405 418
405 481
406 497
407 410
408 498
410 441
410 442
410 495
411 499
413 441
413 442
414 450
414 459
417 501
418 423
418 435
419 436
419 450
419 516
420 433
420 485
420 517
421 515
422 449
422 521
423 427
423 506
424 448
424 503
425 442
425 448
425 457
425 495
426 445
426 494
428 451
428 508
429 464
429 466
429 513
430 444
430 456
430 469
430 499
432 434
432 495
433 454
433 508
433 518
434 444
434 449
434 504
434 506
434 523
435 437
435 496
435 503
436 454
437 492
437 497
439 531
440 487
440 536
443 464
443 508
443 527
444 451
444 479
445 450
445 470
446 460
446 510
447 524
448 458
448 495
448 507
448 515
449 457
449 513
449 525
450 460
452 457
452 506
452 526
452 551
453 469
453 541
454 506
454 528
454 548
455 514
455 542
456 482
457 464
457 519
458 470
458 476
458 482
458 489
459 520
459 537
460 506
461 501
462 471
463 466
463 469
463 475
465 485
465 486
465 524
466 509
467 499
468 533
468 540
469 504
469 533
469 537
469 559
470 496
471 521
471 558
471 568
472 473
472 482
472 508
473 489
473 536
473 570
473 573
474 555
475 558
475 566
476 544
477 491
477 540
477 545
478 507
478 560
478 568
480 486
480 495
480 523
480 543
480 567
481 545
482 526
483 528
483 540
483 553
484 516
484 562
485 501
486 514
486 535
486 538
487 507
487 554
487 558
489 501
489 506
489 519
489 524
489 550
489 563
489 568
490 533
490 568
491 509
491 527
491 528
491 557
492 504
492 518
492 547
493 520
494 552
494 562
494 571
494 576
494 580
494 581
496 519
496 531
496 558
496 564
496 590
497 588
497 593
498 573
499 516
499 553
499 558
499 587
500 508
500 522
500 541
500 579
500 596
501 520
501 580
501 601
502 522
502 536
503 551
503 562
503 594
504 526
505 516
505 540
505 564
505 595
506 535
506 536
506 558
506 598
507 561
508 580
508 587
509 567
510 567
510 608
511 567
512 557
513 524
513 570
513 608
514 543
514 544
514 580
514 592
514 597
514 601
515 542
515 547
515 571
516 559
516 591
517 606
517 608
517 613
517 617
518 551
519 551
519 559
519 616
520 544
521 531
521 554
521 580
522 556
522 559
522 580
522 622
523 545
523 599
524 530
524 587
525 567
527 532
528 549
528 584
529 559
530 543
530 613
531 628
532 550
533 604
534 551
534 559
535 596
536 602
536 609
537 543
537 601
537 615
537 618
538 539
538 567
539 545
539 599
542 553
542 572
543 622
544 636
545 552
546 581
546 598
546 599
547 643
548 583
548 639
549 590
549 624
550 558
550 567
550 597
550 620
550 648
551 631
551 635
552 609
552 624
552 625
553 571
553 618
553 629
554 564
554 654
555 557
555 584
555 609
555 619
555 621
556 612
556 642
558 652
559 587
559 641
560 648
561 596
561 598
561 608
561 620
561 645
561 659
563 566
563 628
564 612
564 617
565 577
565 661
567 593
567 651
568 607
568 615
568 634
568 639
568 667
569 574
569 596
569 611
569 635
569 656
569 662
570 587
570 625
571 597
571 611
571 660
572 648
574 632
574 635
574 650
575 602
575 616
576 620
576 627
576 631
576 641
576 663
577 663
577 670
578 631
578 638
579 596
579 665
581 587
582 597
582 659
582 665
583 584
583 586
584 591
584 602
585 631
586 629
586 645
586 650
587 682
587 685
588 621
588 622
588 642
588 656
588 665
588 667
588 674
588 683
589 595
589 668
590 660
591 595
591 640
591 683
592 639
594 623
594 626
594 627
594 628
594 644
595 598
595 637
596 607
596 694
597 623
597 649
597 677
597 682
597 689
598 644
598 656
598 683
598 690
599 697
600 649
601 653
601 660
601 698
602 607
602 628
602 664
603 660
604 613
604 646
604 650
604 675
604 697
605 619
605 639
605 665
606 645
607 643
608 643
608 645
609 658
609 682
609 699
610 612
610 642
610 657
610 678
610 702
611 619
611 638
612 620
612 677
612 711
614 628
614 673
614 705
616 648
617 621
617 711
618 689
619 705
619 707
620 663
620 669
620 708
621 708
621 719
623 633
623 635
623 664
623 721
624 665
624 672
624 720
625 681
625 717
627 654
627 655
628 688
628 707
630 689
631 692
631 700
632 682
632 695
633 661
633 670
633 690
633 695
634 646
635 695
635 706
635 715
636 655
636 695
637 726
638 647
638 738
640 649
640 654
640 670
640 697
641 667
641 732
642 739
643 715
644 679
645 730
646 655
646 657
647 689
647 721
648 703
648 715
648 745
649 659
649 699
649 706
649 713
649 738
650 651
650 717
650 729
651 665
651 684
651 721
651 740
652 654
652 742
652 743
653 664
653 667
653 674
653 694
653 712
653 715
653 728
653 732
653 738
654 703
654 707
654 716
654 733
655 690
656 675
656 726
656 732
656 756
657 695
657 709
657 748
657 751
658 674
658 739
659 661
659 697
660 675
660 759
661 674
661 679
663 700
663 715
664 675
664 689
664 753
664 758
665 685
665 715
666 694
666 699
667 684
667 750
668 670
668 730
669 714
669 729
670 673
670 693
670 757
671 702
671 714
671 758
672 681
674 709
674 735
674 738
674 740
674 769
675 714
675 743
676 684
676 751
676 759
677 752
677 756
677 762
678 734
680 687
681 686
682 720
682 778
683 729
683 750
684 719
684 729
684 757
685 696
685 722
686 698
686 776
687 770
687 772
688 701
688 702
689 713
690 725
690 777
691 733
691 776
692 729
693 713
693 746
693 788
694 762
695 718
695 741
695 759
695 794
696 711
697 735
697 776
697 788
698 758
698 760
699 743
700 724
702 723
703 724
703 743
703 765
703 787
704 706
704 741
705 714
705 718
705 724
705 746
706 732
706 781
707 731
707 769
707 802
708 710
708 725
708 752
708 757
708 765
710 762
711 713
711 768
712 723
712 724
713 732
714 775
714 792
715 743
715 768
715 792
716 756
716 816
717 739
717 809
718 807
719 723
719 781
719 791
720 724
720 736
720 747
720 791
720 808
720 818
721 748
721 796
721 803
722 732
722 738
722 753
722 761
722 774
722 805
722 821
722 822
723 745
724 751
724 770
724 809
726 745
726 815
727 734
727 742
727 775
727 804
728 815
729 776
729 786
729 793
729 803
730 737
730 738
731 811
732 807
732 816
733 745
733 782
733 830
734 758
734 805
734 824
735 737
735 744
735 789
735 794
736 799
737 749
738 756
738 787
738 831
739 740
739 757
739 771
739 828
740 758
740 777
740 834
740 840
741 754
741 763
741 789
742 758
742 770
742 788
744 774
744 809
744 844
745 756
745 778
745 822
747 765
747 811
747 819
748 785
748 823
749 767
749 810
750 783
750 787
750 811
751 843
751 844
752 806
753 755
753 832
753 840
754 764
754 792
754 816
755 790
756 809
757 777
757 780
757 786
758 792
758 840
758 857
759 766
759 789
759 806
759 810
760 815
760 854
761 847
762 837
762 850
763 786
763 840
764 772
764 791
764 806
764 851
765 808
765 855
765 864
766 768
766 817
766 820
766 828
767 848
767 852
767 860
768 776
769 829
770 775
770 794
770 819
770 846
771 855
772 829
772 866
773 817
774 809
774 840
774 860
775 854
776 794
778 788
778 791
778 796
779 797
779 815
779 847
780 880
781 791
781 805
781 812
781 816
781 851
781 881
783 786
783 879
783 881
784 827
785 787
785 845
785 850
786 874
787 810
787 858
787 865
788 831
788 883
789 825
790 815
790 831
790 886
791 826
792 793
792 804
792 871
793 858
793 873
793 877
793 888
793 890
793 893
794 818
794 823
794 834
794 850
794 859
795 821
796 854
796 880
796 889
797 862
798 812
798 837
798 845
798 849
798 854
798 885
799 835
800 893
801 802
801 864
802 807
802 859
803 823
803 900
804 850
805 849
805 860
805 883
805 892
806 816
806 837
806 853
806 874
806 885
806 891
807 892
807 903
808 814
808 845
809 843
809 887
810 819
810 823
810 848
811 819
811 830
811 856
811 890
812 885
813 897
813 907
814 834
814 842
814 850
814 854
814 884
815 847
815 855
815 875
815 879
817 870
817 877
818 828
819 845
819 895
820 914
821 840
821 851
821 859
821 862
821 915
822 824
822 833
824 833
825 840
826 899
827 855
827 894
827 901
828 884
828 912
830 857
830 924
831 838
831 891
832 842
832 850
832 903
833 834
833 843
833 859
834 844
834 867
834 875
836 853
836 865
836 910
837 842
837 878
838 892
838 922
839 855
839 896
840 862
841 928
841 934
842 853
844 934
845 888
845 917
845 918
846 910
847 891
847 906
847 937
848 900
849 910
851 874
852 859
852 912
853 854
853 925
854 898
855 878
855 913
856 868
857 952
858 890
858 896
858 900
858 942
858 955
859 935
861 871
863 954
863 958
864 893
864 933
864 935
865 922
866 868
869 891
871 876
871 879
872 908
874 928
874 969
875 937
875 946
875 950
875 972
876 889
876 890
876 895
876 906
876 952
879 881
879 889
879 904
879 919
879 920
880 908
880 909
880 923
880 938
880 969
881 899
882 886
882 897
882 909
882 974
883 898
883 937
884 923
884 965
885 912
886 922
886 961
887 888
887 895
888 914
888 923
889 957
890 895
890 960
891 963
892 901
892 928
893 924
893 982
893 993
894 938
894 968
894 988
895 942
895 962
896 911
896 971
896 980
897 918
898 904
898 914
898 932
899 941
899 981
900 931
900 975
900 976
901 975
902 963
902 998
903 944
903 956
904 907
904 931
904 977
904 987
905 977
905 998
906 983
907 959
907 988
908 999
909 922
909 935
909 952
909 961
910 921
911 954
911 959
911 994
912 913
912 964
913 935
913 941
914 985
915 969
915 979
916 934
916 956
916 970
916 986
917 950
917 977
917 994
919 982
920 985
920 989
921 968
921 976
921 983
922 945
922 961
923 968
924 974
925 936
925 996
926 962
927 930
928 929
928 935
928 982
928 999
929 954
930 964
930 993
931 937
933 964
934 969
935 1000
936 959
936 981
938 943
938 990
941 953
942 945
942 993
943 962
943 967
944 987
945 975
945 982
945 999
945 1000
949 950
949 999
950 988
950 994
951 979
951 1000
952 971
953 988
954 997
955 982
956 975
957 998
958 983
961 966
962 982
963 965
963 970
963 997
964 981
969 971
971 975
972 989
973 992
975 978
979 983
979 999
981 993
982 998
984 990
992 995
6 17 0 11 12 22 11 18 21 21
7 11 3 15 10 3 1 0 14 16
31 3 14 7 22 9 4 17 2 10
7 20 9 10 6 16 9 7 12 10
3 6 16 18 9 3 1 7 17 0
2 18 5 3 1 24 11 0 16 2
1 7 1 7 19 3 4 6 5 10
11 5 2 1 18 7 6 7 5 7
2 5 14 1 2 10 6 19 7 18
7 16 19 7 23 2 7 5 11 4
3 11 6 8 7 11 17 2 19 1
19 13 19 12 20 8 10 11 3 16
1 3 4 4 9 9 13 2 11 9
7 3 5 15 2 1 6 3 7 5
1 16 1 3 0 3 17 10 11 8
43 20 3 12 0 6 14 8 23 2
22 3 1 19 2 8 12 9 5 8
3 21 25 13 3 4 5 8 17 9
35 25 18 16 4 15 10 1 21 0
4 20 4 16 25 7 13 4 6 5
44 57 19 42 57 69 56 49 56 37 52 11 51 63 67 41 38 47 29 42
30 36 21 24 38 38 54 45 42 26 33 16 46 50 48 16 35 22 3 39
8 34 31 16 45 46 46 41 34 38 29 17 32 45 36 28 26 33 32 31
7 11 4 1 10 11 11 7 9 1 8 1 11 5 12 5 7 6 7 5
23 37 18 25 47 49 45 37 24 35 45 7 46 45 40 24 24 30 26 41
12 33 17 5 23 23 32 31 23 21 19 12 34 34 37 24 27 17 12 22
12 22 16 11 24 23 24 15 27 11 8 5 18 24 18 10 17 22 13 8
22 27 30 21 31 51 45 41 41 32 39 17 48 40 42 28 26 23 26 29
24 39 19 21 40 37 47 36 39 34 27 13 34 33 46 11 12 34 6 26
5 22 19 1 29 17 21 23 21 14 17 9 22 31 19 12 22 5 9 5
8 19 11 11 23 30 26 19 28 20 22 10 23 29 27 8 11 14 11 25
7 32 29 17 49 32 38 31 21 37 32 17 30 40 37 35 27 35 28 31
4 13 1 6 8 26 10 10 11 5 15 1 14 18 19 18 14 8 19 7
14 50 39 36 52 50 51 45 41 48 34 34 37 65 42 36 46 43 44 42
16 27 17 14 32 38 31 25 32 15 29 12 33 48 44 36 42 26 27 23
8 13 7 6 14 33 17 16 23 6 19 1 20 13 31 19 15 10 15 6
1 22 16 2 28 20 22 14 12 17 16 5 14 27 12 11 8 12 16 13
7 12 16 6 27 23 26 19 19 17 18 10 17 22 25 12 15 13 12 20
6 10 1 1 10 15 10 2 8 1 11 1 12 5 13 4 3 4 6 6
22 36 27 18 34 42 47 41 43 25 37 10 53 37 40 16 27 20 12 22
1 1 12 1 14 12 6 15 12 6 8 1 12 10 8 6 7 1 7 2
2 23 11 2 20 14 20 21 19 18 13 10 17 22 29 19 16 16 11 12
14 36 8 19 36 46 38 26 25 26 35 13 32 42 43 33 29 30 30 31
17 28 27 17 37 48 43 45 39 30 38 10 46 48 54 42 41 27 25 24
17 30 33 22 37 50 34 41 43 25 41 9 45 46 42 37 36 26 34 17
8 14 17 2 21 18 24 21 8 11 15 5 14 24 19 19 21 7 11 16
11 29 9 10 18 29 24 24 10 11 20 9 21 23 23 22 22 13 20 19
9 15 10 3 18 31 20 18 20 12 18 2 19 14 28 17 11 8 14 9
7 19 24 5 27 15 30 22 30 7 11 7 20 25 15 1 17 14 3 9
4 8 1 1 11 9 10 1 4 2 6 1 6 3 12 2 1 4 3 2
1 7 1 1 6 16 4 6 10 1 8 1 8 7 11 9 5 4 11 3
21 49 28 27 52 60 51 49 46 32 43 8 53 63 48 41 46 35 39 28
29 58 21 36 48 57 54 41 34 29 47 16 58 65 61 51 55 42 36 41
26 43 26 24 40 54 52 43 33 40 46 19 46 39 48 33 21 30 30 34
5 11 9 3 20 26 14 13 13 11 21 3 20 18 15 12 11 7 18 14
7 5 5 1 4 6 6 11 7 1 2 1 8 7 10 6 10 1 3 3
1 6 6 1 5 9 4 9 8 1 4 5 7 1 8 3 3 1 6 1
3 5 8 1 3 12 6 9 11 1 4 7 4 8 10 7 10 4 8 4
17 49 42 17 50 26 50 49 44 31 25 26 37 56 38 37 47 35 24 25
14 14 9 8 13 37 22 22 26 8 23 1 28 22 35 22 22 12 15 13
4 16 7 1 9 14 15 10 11 3 2 2 7 13 18 8 10 8 5 2
5 17 2 1 15 17 17 6 8 11 11 3 12 17 21 12 9 12 11 9
14 33 20 9 27 31 40 36 21 20 26 13 36 41 35 29 34 17 16 28
6 20 10 4 14 10 14 12 10 8 6 3 7 12 5 1 5 8 11 3
17 29 15 12 25 34 33 25 29 15 19 7 29 33 45 26 27 25 12 18
3 20 21 1 26 3 26 19 19 8 7 5 17 23 12 2 16 9 1 1
24 63 35 34 62 63 61 56 50 48 47 28 59 69 61 53 53 54 47 41
9 28 23 16 31 19 27 23 34 17 19 19 24 42 39 30 38 30 19 17
5 28 15 16 45 44 33 27 32 26 37 2 40 50 38 29 31 29 30 24
10 40 38 30 50 51 60 54 45 56 48 27 56 57 57 28 34 39 27 54
1 10 10 1 15 17 11 12 5 11 14 6 7 18 7 10 10 1 16 14
10 12 3 1 9 17 15 7 10 3 10 2 13 11 20 10 10 7 6 8
4 33 32 12 52 39 40 39 45 29 33 11 39 51 41 29 34 32 26 16
18 23 3 13 17 36 22 13 19 4 27 1 26 26 33 24 22 14 14 18
4 5 4 5 11 17 8 1 13 3 10 3 7 11 17 13 10 11 11 4
4 23 14 7 18 13 15 10 9 13 9 7 9 17 6 4 3 10 14 6
15 36 16 17 34 36 38 30 8 26 33 1 31 41 30 30 25 19 26 28
14 22 22 15 23 27 33 25 36 12 16 14 23 31 35 19 29 24 12 20
30 26 25 31 37 58 35 35 53 28 45 13 48 41 56 38 32 36 31 22
7 16 5 7 15 34 15 21 9 11 23 1 17 24 23 26 21 9 24 18
6 28 20 1 22 19 33 28 21 14 12 11 22 27 31 17 21 15 4 16
26 52 27 31 42 54 53 44 34 29 45 19 42 61 51 49 48 28 37 42
8 19 14 6 21 19 22 14 21 9 17 2 27 22 14 1 11 9 6 12
14 19 5 5 12 25 18 18 12 1 17 1 23 14 24 15 15 5 10 13
17 23 18 9 10 33 27 30 18 8 23 6 29 22 29 20 23 1 11 18
36 50 41 27 60 54 65 59 56 48 53 22 62 56 60 31 34 36 20 35
1 16 10 5 14 19 14 8 10 6 12 4 9 22 11 12 14 10 17 8
7 25 4 15 23 32 24 14 13 16 23 8 26 24 26 18 18 21 22 20
10 36 39 21 52 46 50 44 36 34 45 22 46 61 43 38 51 31 39 34
17 20 8 11 24 29 26 24 10 12 26 1 22 20 28 26 21 11 16 23
4 9 2 1 6 11 9 10 10 4 1 1 7 14 20 10 11 6 4 1
4 6 1 1 1 12 3 8 8 1 2 1 7 6 12 6 7 1 4 1
21 45 39 16 40 34 63 55 47 28 36 23 56 53 52 23 45 20 6 37
3 11 13 4 5 21 13 17 18 7 8 10 14 19 15 9 15 6 13 12
7 10 12 6 24 29 21 20 17 18 21 1 21 15 28 15 11 10 15 12
4 2 1 1 7 8 8 2 5 1 6 1 5 1 9 3 1 2 3 2
4 9 8 1 10 3 9 3 3 5 2 3 6 9 8 1 6 3 3 1
15 32 28 6 47 24 43 33 30 24 28 13 32 40 30 16 29 18 10 20
8 21 8 1 19 17 15 11 10 10 10 3 7 17 17 15 10 10 13 6
3 4 1 1 3 7 4 4 7 1 1 1 1 7 12 7 7 3 3 1
17 20 5 9 23 41 26 25 22 18 31 1 34 26 35 17 14 13 14 24
26 40 31 20 40 38 43 40 31 21 28 9 33 51 36 35 41 15 23 25
16 30 16 21 32 46 34 36 18 21 38 4 40 48 36 40 42 19 34 31
21 40 43 16 44 35 57 57 43 28 34 26 48 55 44 25 50 15 11 34
1 8 1 1 6 11 6 1 3 3 8 1 9 6 6 1 1 1 7 4
6 21 13 2 24 22 24 20 11 17 17 10 13 23 21 17 15 10 18 18
21 41 16 14 29 33 40 25 23 21 23 7 30 40 36 22 23 25 15 24
9 14 6 8 17 26 16 12 21 10 19 1 24 13 21 5 4 12 10 12
6 25 17 1 24 12 28 19 14 13 13 8 26 27 21 11 21 12 7 14
10 22 1 1 10 18 23 12 4 9 12 1 19 21 25 15 14 8 5 15
1 5 2 1 4 18 7 5 13 2 6 1 12 7 16 3 2 4 5 3
31 53 8 32 42 59 52 41 29 32 48 8 52 53 57 37 33 33 25 44
25 49 38 32 43 55 54 51 47 40 36 27 44 56 49 41 43 40 39 30
2 1 3 1 5 4 2 1 1 2 3 1 2 5 4 4 4 1 4 1
4 11 4 2 12 18 11 13 1 11 16 2 11 14 8 13 9 2 18 13
1 10 1 1 4 9 3 3 4 1 3 1 8 5 4 1 1 1 5 1
8 8 2 1 6 15 13 13 12 2 5 1 13 4 19 7 7 4 3 6
28 45 25 28 43 52 48 40 44 36 34 14 43 40 40 23 22 36 29 31
13 28 6 19 26 40 17 19 19 15 31 8 24 32 29 34 28 21 35 18
2 6 1 3 4 16 5 5 13 3 5 1 7 11 15 9 7 7 9 1
5 9 20 3 18 14 21 16 25 2 10 9 20 22 16 8 23 10 5 8
19 50 30 25 51 39 59 47 42 42 31 22 44 55 42 19 30 38 20 40
11 24 15 21 38 42 19 18 26 16 34 3 26 36 35 35 29 31 37 15
9 20 22 8 21 25 30 23 25 15 18 14 28 30 23 12 25 7 14 24
9 22 27 15 33 32 33 35 20 28 24 18 22 43 38 37 39 25 27 30
17 35 17 21 33 38 43 32 36 27 29 14 36 41 37 10 20 26 14 33
7 12 11 1 10 21 11 17 13 7 12 2 19 16 15 11 13 1 12 7
4 37 26 9 41 24 38 28 39 26 24 12 37 44 37 21 26 32 16 23
11 21 12 3 21 32 24 20 18 16 23 3 27 20 28 15 12 8 16 15
1 10 25 5 20 12 22 19 19 10 8 14 18 22 10 5 20 3 8 15
17 17 1 8 16 24 21 15 21 9 14 1 20 16 29 7 7 14 1 15
1 8 2 1 10 1 9 1 1 2 1 1 2 5 7 1 2 2 1 1
5 7 4 1 8 16 4 9 10 5 9 1 8 7 11 9 5 1 11 1
12 25 11 18 23 42 27 29 9 18 34 5 29 40 32 37 35 16 31 29
17 23 7 12 23 34 25 16 24 7 23 1 23 26 34 22 20 19 12 16
20 23 7 15 19 36 28 20 26 7 26 5 26 27 36 21 24 19 13 21
6 14 16 8 24 40 23 22 30 19 27 2 30 27 31 19 15 14 20 10
9 18 14 14 12 32 25 27 17 20 24 10 32 18 27 16 13 11 17 12
20 55 33 31 69 59 58 51 58 46 51 18 57 73 59 40 44 54 38 41
4 8 1 1 4 7 7 2 1 2 4 1 6 6 9 4 4 1 6 1
29 32 15 32 36 60 41 37 32 24 49 4 44 48 56 45 39 26 31 40
1 1 3 1 8 13 3 5 8 1 7 1 7 4 9 6 1 1 5 2
13 18 14 19 36 34 27 21 18 26 32 6 28 28 30 21 18 24 23 27
17 29 12 14 18 35 38 26 20 14 26 10 30 36 35 23 29 14 16 30
1 6 5 1 11 12 2 1 5 1 5 1 3 9 7 10 9 3 10 1
24 50 29 32 55 58 66 54 40 43 51 18 59 74 62 44 53 41 31 56
15 41 11 20 34 40 31 26 18 20 32 7 32 47 37 38 36 26 31 23
17 29 17 13 22 30 30 22 23 8 19 5 25 34 30 21 27 19 15 14
8 9 8 9 7 24 14 16 22 11 11 1 14 15 28 14 14 11 12 1
9 32 23 15 36 34 37 31 29 22 33 18 41 44 32 20 36 22 25 19
4 10 4 1 17 12 12 1 8 6 9 1 8 8 14 7 3 8 6 5
13 24 1 6 16 24 26 15 11 14 18 1 22 21 25 13 10 13 11 18
1 6 3 1 5 2 2 1 1 1 1 1 3 4 3 1 2 1 3 1
5 19 20 5 23 15 24 24 22 17 8 5 21 21 21 7 12 12 6 6
1 7 1 1 10 3 6 6 4 6 1 1 2 8 9 3 2 4 2 1
21 19 36 25 38 51 48 44 50 36 39 18 44 48 54 33 34 33 25 29
4 9 10 1 11 25 14 19 6 13 17 1 18 16 19 14 12 1 16 12
22 23 6 12 10 35 29 24 22 9 24 1 32 20 36 17 17 10 6 21
19 24 7 16 21 38 21 16 18 9 29 3 25 34 37 35 31 16 23 17
1 17 22 14 33 43 24 29 26 22 30 5 35 36 31 27 27 19 32 21
6 11 6 1 6 11 10 5 2 5 9 4 10 9 9 6 7 1 11 5
7 19 3 7 16 24 15 13 14 14 15 4 12 24 25 21 16 15 20 10
2 16 16 1 22 17 28 22 20 14 8 6 11 16 25 11 10 12 3 8
14 17 31 16 7 31 31 36 33 23 20 21 33 29 31 16 22 11 15 19
8 23 8 9 26 21 22 8 20 14 12 2 13 20 17 4 3 20 9 8
5 12 14 1 17 19 21 18 18 10 8 5 11 16 23 13 13 8 8 6
8 14 9 6 9 20 12 11 13 7 13 8 9 18 17 16 17 9 18 9
10 19 1 1 15 22 18 9 4 4 19 1 17 11 15 12 8 3 12 14
28 44 21 23 37 59 54 45 34 36 46 8 48 47 56 36 25 29 20 37
15 27 11 9 24 25 28 16 16 11 21 1 30 23 21 11 16 14 13 19
29 40 45 36 36 56 59 59 55 37 34 33 45 51 54 37 47 32 26 38
11 46 35 19 52 41 48 39 47 42 32 21 43 52 41 29 27 41 29 31
1 8 1 1 10 6 5 1 1 5 4 1 1 6 6 4 1 1 6 1
2 21 17 1 17 9 28 18 15 16 11 16 18 24 22 10 18 13 6 19
14 21 3 8 24 35 25 16 23 19 24 2 23 25 32 13 8 18 14 19
2 2 9 8 18 23 11 9 11 13 17 3 10 22 22 22 17 14 20 9
3 11 5 1 18 16 9 7 4 8 12 1 6 10 10 12 6 5 14 6
18 21 22 13 21 37 35 32 36 20 23 10 34 30 45 26 24 22 14 13
9 33 22 13 39 34 36 38 22 30 28 10 25 44 45 42 34 31 24 28
12 30 25 11 36 36 37 31 29 32 23 14 26 28 30 18 11 23 21 17
1 8 1 1 4 10 1 2 2 1 5 1 4 3 3 1 1 1 7 1
1 1 1 1 7 9 1 1 1 3 6 1 1 5 3 9 2 1 7 2
9 11 1 1 6 14 13 8 5 1 11 1 14 8 14 8 9 3 7 8
12 26 27 20 24 24 31 29 36 16 13 19 29 44 38 20 44 21 14 19
2 20 14 6 31 33 22 23 22 15 23 2 29 27 19 16 15 13 21 16
12 34 16 19 39 47 37 31 26 28 36 15 33 40 37 30 28 30 33 32
6 21 3 4 14 23 16 14 19 3 10 1 14 21 26 15 15 13 11 3
33 57 35 35 46 61 60 52 55 35 41 23 54 62 60 44 48 46 34 35
7 25 19 18 26 36 35 36 22 27 29 23 34 33 31 22 30 16 28 35
27 43 35 23 28 50 55 50 44 27 40 23 46 48 61 44 40 27 19 35
2 21 7 13 20 36 22 20 21 14 23 4 25 21 29 18 16 18 23 12
13 29 31 13 35 24 34 32 30 25 11 20 20 32 21 16 21 23 19 16
7 19 2 11 26 35 18 7 20 19 27 1 19 29 26 20 10 20 24 17
1 15 17 1 18 6 17 15 15 9 1 7 4 23 14 10 14 13 3 5
16 36 20 28 40 53 32 37 27 27 42 18 42 50 43 45 46 31 46 32
28 57 37 31 55 54 60 47 54 41 39 30 48 64 54 42 47 50 38 42
5 18 7 14 14 35 22 24 17 20 23 8 27 21 28 18 15 13 22 14
2 11 3 1 13 3 8 3 1 7 2 1 2 10 9 6 4 5 3 2
2 11 17 4 33 22 24 23 20 21 19 5 26 29 27 18 17 18 12 18
2 4 11 1 8 13 10 16 16 2 6 1 17 11 12 3 11 1 5 1
4 12 15 7 14 13 14 13 20 6 6 9 4 20 16 13 17 14 10 6
11 30 25 13 19 22 36 27 21 23 14 23 27 35 32 12 30 14 12 27
18 56 32 31 61 47 51 45 27 54 42 31 40 59 41 46 38 47 46 43
14 42 44 29 56 35 61 53 45 50 40 36 48 54 60 35 46 42 27 53
19 35 22 14 42 35 40 27 38 25 34 13 39 47 40 21 33 26 15 19
1 21 10 5 24 27 19 15 15 14 18 4 16 20 15 13 7 13 18 12
29 38 25 16 36 43 43 39 40 12 39 9 48 43 43 27 40 12 13 25
6 14 30 10 26 35 30 36 32 17 21 10 28 34 33 25 34 15 23 18
9 16 10 1 26 21 28 28 15 12 19 1 26 30 28 21 24 8 8 16
4 17 6 1 18 11 15 11 5 9 7 1 14 19 14 11 12 4 9 6
1 7 1 1 8 15 3 2 9 2 6 1 7 12 11 8 6 4 10 1
8 11 8 1 5 7 12 10 3 4 3 6 6 9 11 7 11 2 4 6
20 34 30 11 26 34 39 41 33 7 27 8 40 38 36 25 38 2 11 16
23 45 22 31 44 59 48 39 31 27 50 13 46 56 49 46 46 36 39 42
37 31 34 28 24 54 48 47 43 23 42 20 48 36 55 41 36 17 20 33
1 8 10 5 5 17 13 12 14 6 10 9 9 18 13 10 16 4 15 11
13 35 36 11 45 19 47 36 37 28 18 23 27 40 29 18 29 31 14 24
2 6 14 1 15 17 14 9 15 3 12 6 16 17 10 7 13 5 9 9
1 6 1 1 9 8 1 1 1 1 4 1 1 3 3 6 1 1 6 1
11 25 12 7 22 30 32 20 14 12 24 9 24 25 23 18 20 11 16 26
15 21 11 19 26 46 31 27 26 29 38 9 36 22 34 21 10 19 24 23
28 26 42 21 27 43 43 50 42 29 34 28 43 38 40 33 35 18 26 28
1 21 15 2 27 18 20 19 24 14 10 5 15 29 29 22 21 20 11 6
7 17 30 12 28 35 33 39 21 26 27 11 32 35 33 25 30 14 24 23
7 7 9 1 14 14 10 16 8 8 11 8 5 10 12 14 12 3 12 11
23 43 43 28 44 54 56 61 34 34 40 15 52 54 38 37 45 24 35 39
9 37 34 18 36 33 43 35 34 33 23 25 30 46 34 18 31 25 22 31
33 61 37 31 42 52 58 56 45 38 34 22 51 63 53 45 48 38 29 40
28 49 24 33 44 63 52 44 54 33 47 15 53 59 59 34 40 36 31 41
4 11 1 2 15 22 13 9 2 11 19 1 15 14 11 12 7 5 18 14
1 9 3 4 8 11 9 3 9 8 3 1 5 16 17 12 9 11 6 3
18 42 31 35 50 67 53 49 46 51 55 26 58 60 62 46 37 47 41 42
7 14 3 3 12 20 12 11 10 6 14 1 16 9 15 9 7 4 14 8
2 8 4 1 4 4 4 5 4 1 1 1 5 6 5 3 8 1 1 1
13 22 23 10 16 35 34 31 36 9 20 10 35 35 38 18 33 15 11 21
7 22 7 7 27 25 18 19 8 22 21 4 15 24 20 18 12 12 23 17
29 42 30 25 42 53 49 43 27 30 45 15 47 56 51 47 47 20 34 43
11 40 16 17 40 28 37 21 21 30 23 10 29 37 23 12 13 31 20 23
33 54 28 33 40 47 58 45 32 27 40 17 48 50 38 25 36 27 23 44
41 45 29 35 42 54 51 38 41 25 46 19 43 48 55 45 43 29 28 41
2 4 1 1 5 12 7 3 10 2 3 1 6 10 15 6 8 6 6 1
16 31 20 16 29 32 36 25 34 12 23 9 29 42 40 26 36 24 16 19
11 28 22 20 39 47 43 38 39 33 34 16 43 52 43 24 34 27 28 35
10 27 7 12 25 36 24 22 6 21 28 7 21 34 28 31 26 16 29 24
8 9 4 6 14 25 11 10 16 7 15 3 10 16 22 21 15 11 18 8
21 42 19 28 49 57 45 36 30 34 50 10 52 63 57 52 49 41 41 40
4 2 6 1 7 14 8 11 11 6 8 1 10 4 13 6 4 1 7 2
14 36 39 29 40 53 47 42 57 40 39 30 51 56 59 31 43 37 28 37
28 40 23 23 42 45 49 43 49 19 39 12 49 53 52 25 42 28 14 28
13 15 31 21 35 44 32 38 39 23 34 9 39 40 44 35 40 23 29 16
18 38 33 27 60 50 45 42 46 33 36 11 44 59 55 44 46 46 37 25
8 16 5 1 6 16 15 14 10 2 6 1 17 22 19 11 18 2 4 6
24 46 31 17 39 36 53 40 30 26 33 16 38 51 39 29 34 21 17 39
12 26 3 7 14 26 19 17 3 6 21 1 19 22 16 21 17 3 14 17
1 17 6 5 16 21 8 4 5 11 14 2 11 20 10 14 9 8 19 8
6 10 3 2 12 20 11 1 12 5 13 1 15 15 17 7 8 9 10 7
26 42 7 26 36 54 37 27 40 23 40 1 45 42 52 28 27 34 27 26
4 13 12 3 10 27 19 14 19 9 14 2 22 13 22 5 8 8 8 8
6 13 1 1 5 8 6 4 1 1 6 1 6 6 6 5 5 1 6 4
11 20 16 14 28 32 23 15 33 12 27 5 32 35 27 15 22 21 18 14
7 13 1 5 13 23 12 3 15 5 15 1 14 14 19 10 9 12 14 9
11 15 4 1 11 7 17 12 6 9 5 1 9 13 18 11 10 7 4 8
3 7 5 1 4 8 8 6 6 1 6 1 13 7 6 1 7 1 6 3
18 46 42 23 45 52 66 63 52 40 50 29 62 65 61 46 54 32 28 43
6 5 8 1 6 9 9 9 6 1 3 1 10 13 11 10 15 1 4 2
16 43 42 19 46 35 55 52 24 35 38 24 44 59 44 42 51 28 27 45
8 26 13 15 29 32 19 16 32 13 16 5 19 29 28 18 17 26 23 3
3 9 3 5 8 15 6 2 9 2 8 2 4 15 17 13 14 10 13 1
2 8 2 1 8 3 11 1 1 1 1 1 3 2 10 1 2 2 1 1
1 9 9 1 14 14 12 5 15 1 6 1 12 17 16 7 14 9 8 1
8 21 15 3 20 24 22 17 10 11 18 8 16 22 15 17 17 7 18 17
22 32 41 24 32 42 47 55 38 30 31 27 45 44 45 28 47 15 21 39
33 42 28 26 33 50 48 42 39 22 34 11 42 33 42 28 26 18 19 28
7 29 24 28 40 52 36 34 27 35 42 19 35 50 43 42 38 35 46 34
17 22 41 15 31 39 44 52 36 25 31 16 39 42 38 31 40 15 18 25
10 36 32 11 32 30 50 42 35 27 26 24 43 52 44 28 45 21 15 38
14 20 43 28 36 51 48 48 45 40 38 26 48 45 52 30 40 27 28 38
1 1 8 3 4 12 11 5 16 1 5 7 6 13 16 9 15 9 6 6
3 18 14 1 17 10 17 13 12 6 10 3 17 25 12 8 18 4 8 3
3 16 9 1 15 20 15 14 12 13 13 1 12 11 15 6 1 3 11 3
23 47 41 25 51 50 50 57 38 33 41 19 50 60 38 39 50 28 37 34
32 52 14 36 46 68 53 44 49 36 58 15 61 58 72 53 42 47 36 33
23 50 18 35 49 64 45 43 27 34 52 17 50 63 60 57 53 40 49 40
2 1 3 1 1 6 3 8 7 1 1 1 6 1 8 1 3 1 1 1
15 26 23 13 30 26 28 23 31 18 11 12 23 26 23 10 16 23 14 12
1 25 14 3 20 15 20 13 11 15 8 9 9 26 15 13 12 16 13 12
5 12 6 1 11 9 13 5 4 1 6 2 8 2 10 4 5 4 5 3
26 53 39 32 42 51 56 59 39 27 36 25 48 63 38 40 55 30 35 39
5 19 14 3 21 20 16 14 15 11 14 2 15 21 12 11 11 8 15 7
14 22 1 9 12 31 24 12 13 8 22 1 23 27 30 19 18 13 14 17
23 47 30 21 50 40 50 38 52 36 42 21 52 60 50 23 37 38 11 31
1 14 5 1 9 14 7 5 7 6 6 2 8 14 11 5 5 4 10 3
20 51 10 30 56 56 45 31 31 39 48 14 44 56 55 45 36 47 41 39
17 29 14 9 23 21 31 22 17 12 13 7 17 21 24 12 14 16 9 13
8 26 30 7 33 14 42 30 26 22 10 17 23 36 26 13 26 17 7 22
11 24 12 15 20 31 29 19 32 15 20 12 26 36 39 20 28 23 19 20
2 10 8 2 20 14 13 9 1 13 12 3 6 13 13 12 8 6 14 8
14 27 2 7 22 26 26 15 15 15 20 1 26 23 26 9 9 14 11 18
19 50 50 21 52 33 60 56 49 39 27 34 47 57 35 25 44 33 28 35
10 15 2 1 9 22 17 10 13 3 13 1 18 11 21 6 8 6 5 12
6 25 17 15 22 39 30 31 21 21 26 16 28 30 31 25 27 16 28 22
18 39 28 29 43 56 38 39 33 24 46 14 43 56 46 48 50 35 46 34
23 34 25 12 28 37 44 39 40 13 29 8 44 41 45 22 39 14 6 18
26 45 34 24 35 45 48 45 43 18 26 12 43 53 44 32 44 26 22 24
11 14 3 1 8 7 12 9 1 4 5 1 7 9 12 9 10 1 3 7
5 25 23 15 42 44 36 36 27 25 38 5 44 39 33 25 30 20 29 26
10 22 4 5 18 30 18 22 9 15 22 1 21 19 20 19 12 4 20 17
5 21 7 11 16 23 10 8 16 6 15 1 16 25 16 16 18 16 20 6
1 19 18 13 34 38 27 30 18 27 29 3 35 39 28 25 24 18 29 21
13 39 44 9 44 16 51 50 38 30 20 28 31 53 30 23 43 19 12 26
12 37 20 27 45 55 43 42 25 39 42 21 41 52 53 48 42 39 45 39
8 22 16 3 22 28 30 28 23 5 23 6 34 29 22 14 27 8 13 16
8 24 5 1 22 26 22 15 8 16 18 5 16 26 26 23 16 11 17 17
2 15 5 8 15 33 20 17 17 18 21 2 24 19 26 14 9 11 18 9
15 42 30 23 50 45 46 37 52 36 34 23 36 54 49 31 31 43 27 32
30 52 41 35 52 59 63 59 47 46 46 27 61 53 46 36 36 39 39 36
20 31 21 14 28 43 36 33 33 24 25 10 30 29 34 24 19 20 22 17
23 49 22 25 50 47 45 36 49 29 44 15 49 52 65 48 44 45 32 29
6 41 25 17 40 31 40 39 25 31 24 14 39 43 30 21 26 26 23 22
10 12 2 1 10 14 10 13 5 2 9 1 8 6 14 13 9 1 6 7
11 20 18 12 32 36 26 23 39 9 31 7 34 37 31 19 30 19 20 13
21 35 27 20 48 46 44 37 36 31 29 9 36 50 40 33 35 35 31 27
21 23 15 11 17 31 31 22 21 8 24 8 32 30 30 18 27 13 11 24
13 28 23 15 33 39 34 34 35 30 20 10 26 36 39 30 23 28 22 11
29 47 38 25 50 59 66 60 53 41 48 18 59 66 66 40 47 36 22 48
30 55 34 26 55 60 63 54 47 49 44 22 50 58 56 39 35 43 32 45
8 32 39 19 31 28 42 42 44 27 10 24 28 47 37 13 38 26 16 19
1 5 1 1 2 8 1 1 1 1 5 1 5 4 1 2 1 1 7 1
8 10 8 1 19 15 14 13 10 7 12 1 13 15 15 15 14 4 10 9
9 29 17 18 22 38 39 33 28 22 23 19 36 32 39 19 29 20 20 31
1 2 5 1 6 6 6 1 2 1 3 1 5 5 7 2 3 1 3 1
13 25 26 12 12 32 34 36 29 20 19 15 27 25 29 18 19 14 14 18
1 15 30 8 29 24 29 30 27 15 20 14 29 30 20 12 26 10 17 23
21 45 27 18 53 42 49 42 30 36 46 21 50 53 38 31 41 25 29 33
4 10 1 1 3 24 11 12 17 2 9 1 15 10 24 10 10 5 8 3
6 14 10 3 14 15 15 15 18 9 4 1 8 14 21 10 10 11 7 1
6 15 6 1 14 21 13 16 12 11 11 1 15 18 21 14 11 4 10 6
1 11 4 5 7 22 3 8 18 2 9 1 16 17 17 11 13 8 14 3
1 15 18 7 22 31 20 25 13 26 23 6 23 25 25 19 12 10 19 15
16 40 52 32 49 48 45 53 62 35 30 32 44 61 39 30 52 34 35 29
6 21 6 1 20 22 19 10 11 10 14 1 15 17 20 12 8 9 13 9
3 6 1 1 8 21 3 9 8 6 11 1 9 15 15 15 11 3 16 6
24 46 27 20 41 36 56 47 41 36 38 22 51 53 49 23 34 33 16 46
1 9 1 1 14 13 7 5 9 10 8 1 1 14 13 14 7 9 11 4
4 13 4 1 12 17 9 9 3 7 13 2 10 9 8 10 5 1 15 8
1 11 3 1 13 13 12 6 8 7 8 3 10 10 16 6 1 9 6 6
5 11 2 1 9 19 4 8 10 3 9 1 7 9 14 13 9 4 14 4
13 30 26 10 37 37 34 28 43 16 31 10 39 37 32 12 26 19 14 13
7 12 1 6 13 30 13 9 22 5 17 1 18 15 26 13 11 13 16 8
18 18 37 18 25 45 36 39 45 26 33 25 40 33 38 27 26 21 25 25
9 20 8 5 21 27 17 18 9 13 20 1 17 19 19 19 13 7 21 16
4 21 9 2 29 25 24 12 7 19 20 5 16 23 24 18 12 15 17 18
10 30 19 16 36 40 30 33 22 18 37 2 37 49 30 35 41 17 32 23
11 23 20 3 15 23 28 31 18 15 15 11 24 26 28 16 22 7 9 17
1 13 10 1 15 4 12 6 4 6 3 4 1 9 3 2 2 5 5 1
19 40 16 29 52 52 46 40 31 42 45 6 44 45 42 22 17 37 30 38
17 40 50 22 34 36 62 59 57 37 26 31 49 56 60 35 47 34 13 32
13 24 14 4 15 20 31 23 14 11 15 12 22 28 30 20 25 13 7 21
7 13 11 1 8 8 10 11 6 3 4 6 8 7 8 4 10 3 6 4
1 3 1 1 5 1 3 4 3 3 1 1 2 8 5 1 2 1 1 1
14 27 31 14 38 37 40 37 39 37 36 19 43 37 42 26 19 28 18 25
9 10 1 8 17 19 14 6 17 8 15 1 14 10 18 7 3 13 5 11
6 19 33 11 30 37 29 38 39 18 31 14 34 41 31 24 38 12 25 15
28 41 33 28 42 62 58 52 37 39 52 16 55 52 68 50 41 33 25 44
38 45 46 37 45 66 64 62 47 41 50 25 54 52 55 45 41 35 34 45
4 9 20 1 20 16 16 19 18 10 13 9 13 26 11 14 22 5 14 10
9 39 7 15 41 42 33 21 19 24 33 6 30 44 40 37 29 32 32 24
15 29 16 6 16 16 31 25 10 15 16 16 20 29 26 20 25 12 10 24
11 9 12 7 8 21 17 19 18 11 14 5 19 5 21 10 4 5 7 2
9 10 3 1 11 12 12 8 6 4 9 1 10 7 13 10 9 4 8 6
2 11 26 1 16 13 27 29 30 12 9 11 22 29 24 8 25 7 1 4
24 25 24 22 24 55 44 42 34 25 41 12 39 39 54 39 33 22 23 30
8 20 10 1 23 9 21 17 11 19 13 11 12 19 23 21 15 15 10 14
8 16 1 1 18 18 16 6 5 8 15 1 12 13 17 11 5 6 10 10
7 36 19 11 41 25 40 28 21 27 28 15 37 38 31 21 26 26 19 26
4 10 1 3 6 20 10 12 16 5 7 1 10 13 25 12 12 7 8 1
8 38 27 11 36 23 35 34 32 23 26 17 35 48 33 29 39 25 22 21
7 15 15 5 12 25 19 20 22 11 12 13 16 21 23 14 19 7 17 13
3 15 22 5 17 24 30 31 23 15 17 9 30 26 21 9 22 4 14 14
19 24 16 18 33 38 27 19 38 12 28 9 30 40 39 28 35 27 25 17
18 34 29 25 39 56 51 47 46 30 44 19 54 51 49 32 44 28 32 37
37 59 34 42 70 60 64 49 41 59 52 24 51 62 52 36 31 55 43 52
8 20 19 3 23 14 30 27 11 22 15 17 17 31 28 24 27 11 10 26
8 6 18 1 9 11 21 21 15 1 7 8 16 22 16 14 28 1 5 11
14 28 18 7 28 32 30 24 23 10 26 4 32 35 25 23 29 12 20 18
1 4 1 1 4 6 1 1 1 1 4 1 1 2 1 2 1 1 6 1
1 7 5 1 6 21 6 10 15 4 9 1 13 9 16 10 7 5 12 3
1 3 6 1 2 6 2 7 6 1 2 1 9 5 5 1 5 1 4 1
14 34 18 12 33 29 32 30 12 23 27 3 28 39 22 24 24 15 24 23
19 32 40 23 40 45 48 49 36 27 30 20 38 53 38 36 48 28 33 35
22 41 21 10 35 33 47 36 33 22 33 11 46 49 42 19 34 18 7 26
13 32 25 17 20 36 45 37 32 25 24 17 40 31 37 8 25 14 9 32
7 8 1 1 15 18 12 5 10 7 13 1 9 9 16 11 5 6 9 8
31 47 32 38 46 64 47 40 55 33 51 21 54 51 59 42 36 47 43 23
26 38 29 28 37 53 48 42 56 26 39 12 50 51 56 27 37 31 20 28
6 4 11 3 3 16 10 17 17 6 6 1 15 7 17 6 10 1 3 1
6 21 6 1 18 16 20 15 10 15 14 6 14 23 25 23 16 12 11 14
17 23 21 25 43 45 40 33 31 39 40 6 40 33 44 21 13 31 19 28
10 14 1 1 7 17 9 8 5 4 11 1 10 13 14 14 12 4 12 8
20 31 34 16 37 34 38 31 39 21 33 23 38 44 37 25 41 23 21 16
16 37 26 15 38 35 34 35 36 24 22 13 28 45 41 35 36 31 22 16
9 11 1 1 6 8 9 10 5 1 5 1 7 4 10 6 8 1 6 5
15 31 18 24 18 40 31 32 31 15 27 17 34 42 39 29 41 19 26 28
5 13 1 1 11 12 9 5 6 5 7 1 6 10 13 8 6 4 9 2
14 37 27 19 46 51 49 47 32 39 40 20 50 50 49 37 39 31 34 36
33 56 35 33 44 56 53 53 49 27 47 14 59 64 59 46 55 24 32 33
10 24 12 12 21 32 18 17 29 11 19 1 26 28 35 20 22 18 20 3
3 4 1 1 1 4 3 6 3 1 1 1 2 1 8 2 2 1 1 1
12 35 21 13 29 32 42 30 29 22 19 13 28 41 32 16 26 25 18 24
7 32 22 9 34 27 35 27 23 23 16 13 23 32 22 14 17 23 19 18
35 60 41 34 53 50 56 55 58 24 37 19 55 69 59 46 60 36 28 26
12 46 36 23 49 46 46 45 41 42 31 27 38 57 39 38 38 40 38 32
18 42 17 15 39 41 44 36 39 20 35 7 48 52 47 26 35 27 15 27
4 20 4 1 23 19 15 10 5 19 16 5 12 22 19 18 10 10 17 14
14 30 33 22 41 55 49 45 44 40 46 17 51 54 59 43 39 38 32 35
4 20 25 3 23 18 26 29 22 11 21 15 26 31 11 8 28 1 13 12
8 27 10 10 30 25 26 13 17 18 22 2 26 26 20 7 6 18 12 17
22 26 8 12 20 36 33 24 25 12 24 1 31 27 42 21 21 14 6 20
1 1 2 2 13 13 5 8 6 8 12 1 6 8 8 10 4 4 12 7
12 51 20 18 46 37 47 45 17 38 37 16 39 53 40 40 35 30 30 37
9 10 8 1 10 14 10 13 6 5 10 6 8 8 10 11 11 1 11 8
6 10 4 1 9 6 8 6 4 5 3 3 2 7 11 7 6 3 5 2
5 31 19 5 34 25 35 23 26 24 24 16 26 31 29 15 14 22 13 27
5 23 8 1 22 17 21 16 12 21 18 9 16 25 24 23 15 14 16 17
18 24 17 26 33 48 25 31 27 22 37 10 32 39 46 46 40 30 39 26
2 8 1 1 6 8 5 1 1 1 4 1 4 3 8 4 2 1 5 1
6 9 1 1 13 16 12 7 11 8 10 1 8 10 17 10 7 8 10 4
1 5 9 1 4 12 4 5 10 1 4 3 10 12 9 7 11 4 9 1
2 7 4 2 4 21 12 11 14 8 12 1 18 6 16 1 1 2 7 5
28 53 38 35 47 51 63 48 48 34 36 25 53 68 48 34 53 40 33 42
8 15 2 1 8 9 11 6 1 4 4 1 5 11 15 10 9 3 3 4
10 30 18 22 37 50 35 31 35 23 37 15 41 47 43 32 38 30 36 25
9 19 11 8 25 32 17 16 23 9 22 1 21 26 26 24 23 16 24 13
7 8 6 1 7 14 11 8 12 4 8 1 13 11 15 8 11 7 7 5
1 9 12 6 10 16 5 8 18 1 9 2 15 22 12 12 20 9 12 1
8 15 1 1 7 13 12 6 2 1 6 1 8 11 16 11 10 1 5 4
17 27 14 17 16 44 33 30 28 15 29 5 35 25 40 26 22 18 18 18
7 28 29 12 47 30 38 32 40 28 34 18 36 49 41 33 38 32 23 25
14 37 18 26 53 50 49 41 25 41 46 9 49 55 46 34 35 36 34 40
10 27 17 12 41 40 36 31 24 24 35 1 41 42 34 22 27 19 23 26
7 17 13 2 15 10 13 13 10 4 5 2 8 14 10 10 12 7 7 3
7 25 17 3 35 22 32 23 28 17 19 7 25 35 35 27 29 23 13 17
3 16 12 9 22 39 14 17 28 14 26 1 25 24 28 21 15 15 24 8
19 48 27 22 47 36 42 38 36 32 33 18 34 56 47 46 44 38 32 28
3 9 4 3 17 29 10 8 13 11 21 1 17 18 17 15 9 10 20 14
16 29 28 12 19 27 33 32 28 23 18 11 30 26 27 11 11 15 13 9
6 25 13 10 31 37 25 22 24 22 28 3 31 27 23 15 10 17 21 19
20 42 21 23 51 58 53 47 34 45 48 4 55 54 58 34 30 36 26 43
13 18 11 4 15 21 19 19 9 4 16 1 19 27 19 21 24 1 8 12
15 18 16 17 24 34 29 24 38 21 22 8 32 31 47 25 25 28 14 12
20 21 7 11 8 24 21 25 14 3 15 1 21 17 28 20 20 1 5 16
4 13 5 1 7 12 9 3 5 9 7 4 8 14 12 7 5 6 9 5
3 5 7 1 13 8 12 15 11 4 3 1 13 13 13 6 11 1 3 1
3 15 5 3 11 12 10 9 4 7 8 1 14 17 7 6 11 2 10 6
20 47 30 24 59 39 50 43 51 46 40 19 44 54 55 34 29 47 24 39
15 41 34 27 40 44 47 44 34 35 35 29 40 53 39 36 44 31 38 39
15 22 24 9 18 36 34 35 30 8 22 5 31 28 34 23 29 9 11 14
1 1 1 1 3 8 2 1 4 1 1 1 1 7 9 5 3 3 4 1
14 44 25 12 39 33 45 40 18 24 30 10 35 52 31 33 38 18 21 29
21 37 20 19 37 34 39 27 36 18 23 8 30 44 43 27 32 33 17 18
1 3 4 1 10 8 4 5 8 2 4 1 8 5 9 2 1 1 3 1
21 29 9 13 16 31 30 20 11 9 27 6 29 23 27 19 19 9 13 25
16 34 22 6 41 34 43 37 32 26 27 11 35 42 45 29 30 26 11 30
11 23 9 7 30 29 28 18 21 20 23 3 24 31 26 11 12 16 12 20
12 14 5 1 15 19 16 11 9 4 15 4 14 8 18 14 10 6 10 11
29 47 23 33 33 60 47 42 41 20 46 11 51 51 59 44 45 26 31 29
28 50 15 27 35 45 36 33 33 16 34 10 37 51 49 40 40 33 31 19
12 26 25 7 34 24 33 26 36 18 21 11 35 31 30 6 20 13 3 10
6 9 9 1 5 11 10 8 5 3 8 8 7 9 9 7 10 1 10 7
3 16 16 1 19 14 18 12 18 9 5 6 11 19 18 9 12 15 6 5
21 39 39 27 41 39 52 47 23 35 35 23 35 53 44 41 45 27 29 41
22 37 16 20 30 51 35 35 35 21 37 4 44 48 52 41 38 21 26 22
18 29 29 17 30 41 42 39 43 26 37 15 51 35 37 15 26 17 13 17
9 15 28 18 15 22 26 27 31 18 12 26 21 29 28 14 30 16 14 23
7 9 3 1 9 14 10 10 8 1 6 1 8 6 16 11 8 1 4 3
24 26 14 25 35 48 36 31 45 33 35 11 40 35 47 14 14 31 11 24
5 11 5 1 8 1 10 6 2 3 1 1 6 9 9 3 8 2 1 1
19 35 15 17 31 37 29 23 36 8 24 8 31 39 43 29 33 32 23 9
3 8 6 1 9 11 5 3 5 1 6 5 5 5 8 8 5 3 8 1
17 25 10 8 22 21 29 15 16 10 16 1 21 24 27 13 15 15 2 15
8 11 3 1 6 21 12 13 13 3 10 1 16 8 20 10 9 4 9 7
24 31 18 17 36 42 39 34 40 16 30 5 38 37 41 20 27 26 13 24
5 36 36 16 40 35 40 42 37 41 35 21 35 46 42 36 29 32 29 27
24 32 19 19 35 45 40 36 29 23 31 5 34 35 40 28 26 23 19 28
13 32 24 13 40 49 40 35 32 31 37 8 41 46 52 37 33 31 28 30
23 22 13 15 18 34 38 33 34 19 24 11 33 22 38 6 13 18 1 27
6 42 27 21 49 46 44 45 26 44 38 15 40 54 48 44 38 39 38 35
7 21 11 1 15 22 20 20 11 7 13 3 18 26 17 15 21 4 13 12
9 15 17 6 21 17 21 11 18 6 14 7 23 17 15 4 14 10 8 12
18 38 48 26 59 52 58 54 53 39 39 21 49 59 49 34 48 39 34 29
8 13 1 2 10 20 15 9 11 6 13 1 17 12 18 7 7 5 10 10
23 23 14 21 13 44 25 29 29 9 31 7 32 26 43 34 30 15 20 12
16 23 8 11 27 34 31 24 18 19 31 5 27 27 25 14 14 15 17 31
5 19 6 5 11 15 14 13 4 10 10 5 12 15 12 9 11 5 12 10
17 16 15 20 14 39 21 20 37 14 25 9 29 22 42 25 18 23 19 5
9 14 11 1 11 11 13 17 12 1 4 1 16 11 14 7 14 3 5 5
9 29 18 15 28 28 29 23 26 17 17 6 25 36 23 18 25 23 23 12
26 31 28 28 41 52 44 38 48 39 36 16 34 39 48 31 20 38 28 23
1 4 1 1 2 6 1 1 5 2 1 1 1 7 8 4 2 3 1 1
2 5 5 1 1 7 4 4 6 1 1 1 4 5 9 5 9 1 2 1
8 23 17 14 21 36 26 33 24 23 23 17 25 35 30 26 30 13 28 28
3 7 1 1 9 7 10 3 5 3 5 1 5 4 10 1 2 4 4 1
6 9 1 1 6 11 8 8 9 1 3 1 7 3 14 7 7 3 4 2
9 22 22 11 32 37 30 26 38 16 29 10 33 40 26 15 25 17 20 23
8 20 21 11 16 26 20 23 20 20 20 10 26 19 19 9 8 9 14 8
31 43 31 29 46 60 52 47 51 33 46 12 52 56 63 46 39 38 28 28
20 29 36 21 30 45 44 38 46 26 33 19 46 37 38 20 24 26 21 25
18 19 14 16 23 42 30 25 37 18 29 9 29 27 38 16 18 23 17 22
14 20 6 18 34 38 14 7 27 14 30 3 23 32 35 29 23 27 28 13
14 44 39 14 43 43 57 54 47 31 37 20 47 62 53 40 49 29 24 37
15 26 21 24 33 35 36 23 38 24 26 21 29 43 47 27 38 31 22 27
15 28 21 20 30 53 33 35 32 24 39 8 40 43 45 37 36 22 34 23
20 38 32 17 32 34 45 37 36 34 25 19 36 32 39 19 15 30 18 19
5 8 4 1 17 13 10 4 5 7 11 1 6 7 10 10 4 5 10 6
16 47 33 21 44 40 51 39 43 37 25 26 38 52 39 26 32 42 24 35
14 27 23 4 29 34 38 34 28 11 27 7 36 34 32 19 29 8 11 19
4 34 22 14 27 24 37 36 24 31 24 25 31 38 36 27 29 26 21 30
1 5 2 1 7 17 3 6 6 6 9 1 8 7 9 6 1 1 11 3
21 39 44 35 53 52 57 50 42 45 47 28 57 60 46 28 48 34 36 52
15 54 30 23 53 39 49 46 36 46 33 26 37 54 42 43 36 41 40 37
11 26 26 7 27 30 37 27 28 15 21 12 28 42 30 22 34 16 19 22
22 35 31 17 50 35 48 43 51 26 32 18 39 44 33 6 25 26 7 22
26 51 27 27 53 57 57 49 39 37 39 16 49 62 45 36 41 37 34 40
4 5 4 1 1 7 4 8 6 1 2 1 8 5 8 3 7 1 3 1
2 11 9 2 14 11 8 4 9 5 4 1 3 13 9 10 8 9 9 1
1 6 1 1 5 7 3 3 6 4 1 1 1 8 10 5 2 4 2 1
1 14 8 10 27 26 13 10 9 18 19 1 9 26 23 26 16 19 24 12
26 46 38 30 42 56 57 52 53 38 48 26 62 56 58 37 43 36 31 29
1 8 2 1 9 12 2 1 4 1 5 1 2 5 7 9 4 4 10 1
6 11 4 3 10 15 13 9 13 8 5 1 9 16 22 12 12 11 9 3
5 14 5 4 9 16 8 7 9 8 10 4 10 14 12 8 7 5 13 7
21 31 16 20 28 51 26 28 34 22 37 7 38 41 47 37 32 22 33 15
14 19 32 17 35 41 34 34 33 29 34 10 38 29 34 22 17 23 22 19
9 20 13 9 19 19 17 18 22 12 5 7 9 19 18 10 12 16 14 4
27 49 27 27 51 44 43 41 38 23 38 9 41 64 50 50 52 36 32 24
11 19 30 19 35 40 33 33 26 21 31 16 32 40 37 37 43 25 33 28
6 11 3 1 10 10 9 11 8 1 3 1 4 5 12 9 7 3 3 2
1 13 6 1 7 11 6 4 4 3 4 1 4 11 3 4 3 4 8 3
1 6 10 1 13 7 16 10 10 2 5 6 3 7 9 3 7 2 3 6
11 40 28 39 50 67 38 43 33 42 54 23 50 53 53 52 43 42 57 39
19 28 12 14 28 28 34 20 25 21 26 11 26 28 28 6 12 20 12 26
10 35 37 25 43 51 44 44 47 31 32 23 42 50 33 29 37 33 38 28
11 15 15 15 22 27 22 13 32 10 19 10 23 31 30 15 25 21 14 16
7 19 22 16 39 41 29 23 28 24 34 5 34 44 36 28 30 27 30 22
24 30 27 19 32 39 41 39 48 10 34 14 47 48 48 29 49 22 17 20
3 10 15 1 16 13 16 10 13 7 8 8 13 18 14 9 14 8 8 6
7 10 1 1 12 16 13 11 13 4 6 1 10 11 23 12 10 7 6 4
13 29 24 21 34 46 39 31 45 27 33 14 43 45 48 26 32 29 24 23
4 9 2 1 7 9 5 2 3 1 4 1 3 4 9 7 6 2 7 1
9 22 18 15 36 42 31 26 25 30 34 2 32 27 34 18 9 22 22 22
2 11 5 1 10 15 8 10 12 3 4 1 12 17 17 9 12 4 9 1
4 20 26 10 30 29 29 25 39 11 15 10 24 34 26 13 23 22 16 10
1 1 9 1 7 7 8 9 8 1 6 8 5 4 6 5 6 1 7 5
19 27 12 21 37 50 38 31 31 25 38 6 34 46 52 36 33 33 27 32
1 4 1 1 3 11 3 2 6 1 4 1 5 6 9 4 4 1 6 1
10 17 2 9 17 31 15 9 23 4 19 1 20 18 29 15 14 16 15 10
19 37 29 15 43 33 46 37 44 29 17 14 35 44 42 24 30 36 14 22
11 17 7 1 12 12 15 10 5 1 8 1 10 8 14 11 10 5 8 7
9 15 2 5 23 24 20 8 16 14 15 1 15 26 29 19 15 18 11 13
19 28 8 17 29 37 28 19 25 11 29 1 23 34 36 31 25 22 18 19
11 14 1 4 10 28 13 15 12 4 16 1 14 18 24 22 16 5 14 10
20 40 38 28 45 53 55 48 43 34 44 24 55 61 48 32 54 29 32 48
2 9 6 1 9 12 5 4 5 4 10 1 13 10 3 4 6 1 12 4
31 43 34 33 42 55 46 40 55 33 35 20 46 46 52 35 35 43 34 20
3 12 12 3 17 7 14 7 11 5 2 3 6 8 4 1 3 10 5 1
31 39 33 31 35 62 53 49 50 30 51 18 61 49 55 39 40 31 31 32
2 3 1 1 8 8 2 3 1 2 5 1 2 5 6 9 6 1 7 2
22 46 35 22 45 53 50 47 49 27 46 16 55 56 51 36 47 27 30 17
5 6 12 6 5 17 9 15 15 9 10 6 13 1 15 6 1 1 7 1
13 29 23 27 45 44 32 29 32 26 33 11 27 40 39 38 34 38 39 22
19 22 11 14 24 37 35 23 23 17 28 10 24 38 41 30 31 19 17 29
8 14 6 1 7 9 9 7 4 6 7 1 12 12 10 6 10 1 9 6
5 3 4 1 10 11 7 12 7 4 7 1 9 9 10 10 10 1 8 5
5 9 14 2 9 19 23 19 25 6 7 9 17 11 26 5 15 6 3 12
25 39 33 29 32 45 46 45 32 28 34 24 35 52 49 40 50 16 25 43
21 39 38 29 47 54 43 46 37 38 34 24 38 45 42 41 38 38 45 33
21 27 29 33 35 60 39 40 53 29 44 21 48 47 58 37 43 33 37 30
17 51 41 26 57 41 62 52 50 51 42 32 46 61 57 37 40 45 32 50
1 13 1 2 15 18 8 6 4 14 15 1 8 17 10 12 3 4 17 9
17 49 44 31 49 52 62 55 60 37 43 30 63 64 60 30 56 34 30 33
11 10 16 6 5 20 27 26 25 3 8 10 24 25 30 13 29 6 1 19
1 35 36 14 49 34 39 40 30 39 32 17 37 46 39 32 27 33 29 28
20 36 11 24 32 43 46 36 24 29 39 16 41 40 38 21 25 23 21 43
17 29 21 19 26 50 33 40 19 21 38 1 40 39 39 36 33 12 26 30
5 13 6 9 15 31 16 9 24 8 20 5 19 22 24 12 12 15 17 13
6 9 7 1 10 7 8 6 8 1 1 1 1 8 10 8 8 7 5 1
8 12 4 2 6 25 13 15 13 2 12 3 12 17 23 18 17 4 13 8
5 2 5 1 5 12 11 9 13 2 5 3 11 1 15 1 3 5 1 4
20 34 24 13 28 30 36 30 23 12 22 7 31 35 25 20 27 13 15 18
16 34 22 15 26 32 41 26 31 18 22 14 27 42 37 21 30 25 18 24
4 13 14 5 13 14 9 7 12 5 7 6 8 16 12 12 13 11 12 1
22 33 23 16 27 36 34 39 19 16 33 10 34 42 26 30 36 1 23 33
3 4 1 1 8 8 5 4 5 1 3 1 2 3 10 9 6 1 5 1
21 35 36 20 43 37 46 46 27 20 39 9 43 51 39 39 48 17 22 30
18 46 31 29 36 49 46 47 36 31 33 19 38 62 43 36 48 27 33 37
25 41 25 25 47 57 54 49 39 46 48 11 57 51 56 34 25 34 25 39
23 40 16 19 39 33 44 33 37 32 23 10 32 33 44 13 11 34 6 25
1 1 1 1 8 12 1 3 5 4 7 1 1 8 8 12 4 2 10 3
18 41 48 20 42 42 60 64 45 37 32 24 48 61 54 38 54 23 17 39
5 8 3 1 9 10 4 4 2 3 8 2 3 4 6 8 4 1 10 2
11 21 13 5 18 27 22 23 22 11 12 3 15 17 25 18 14 12 14 7
8 8 3 7 22 26 14 7 14 13 20 1 14 15 21 16 9 14 15 15
1 8 16 1 16 8 12 14 9 9 7 8 5 17 4 6 11 2 9 10
10 15 8 5 21 16 20 14 18 11 11 1 18 17 23 8 11 13 7 9
9 26 20 8 33 26 31 17 25 17 22 8 28 32 23 11 17 18 13 18
32 42 23 33 43 65 51 46 49 30 51 9 54 60 69 44 46 35 28 38
12 26 30 6 30 21 42 37 35 23 17 19 34 32 38 17 29 21 6 24
1 4 3 1 9 11 8 9 13 3 6 1 11 1 13 2 1 4 3 3
36 37 21 41 46 73 50 48 52 44 59 14 57 51 69 41 30 46 33 40
3 6 1 1 2 4 2 3 1 1 3 1 5 3 3 2 5 1 5 1
3 15 9 1 16 14 13 7 4 8 10 5 4 15 10 10 8 4 12 7
23 48 32 30 54 52 45 39 54 29 34 15 48 58 45 33 41 45 39 20
24 53 28 31 59 54 55 42 43 41 39 18 46 63 45 37 39 47 38 37
12 13 8 3 16 14 18 13 13 4 11 1 19 14 17 9 15 7 6 10
19 51 39 19 48 44 60 59 37 41 35 23 48 57 40 34 41 29 28 38
1 2 12 1 8 7 11 11 13 1 1 5 8 11 8 1 11 1 1 3
19 43 33 30 52 60 53 46 42 51 48 17 51 54 54 39 26 44 37 36
24 46 31 37 35 63 60 54 45 39 46 31 58 54 62 33 48 33 31 50
5 17 11 3 15 10 13 12 12 9 3 4 5 12 13 5 5 9 5 1
12 18 9 10 27 25 27 12 21 19 18 9 16 26 30 16 13 23 10 19
8 15 8 1 14 14 15 10 9 6 7 5 9 11 18 11 11 6 8 4
17 22 35 13 22 24 43 45 34 25 19 21 35 34 37 20 32 11 8 20
16 40 36 16 43 39 53 44 49 35 35 20 51 49 46 20 31 30 14 32
9 31 14 19 35 39 28 20 31 22 25 5 28 37 25 17 17 29 26 17
1 6 6 1 11 13 3 4 11 1 6 1 7 13 8 10 13 4 11 1
6 23 16 2 21 16 24 19 15 17 15 11 22 27 24 18 20 14 12 14
10 25 18 2 25 19 32 22 19 16 17 16 22 27 29 19 23 16 10 22
26 39 32 26 54 50 48 45 41 36 37 11 47 51 38 28 33 35 32 35
1 6 12 1 14 16 12 17 11 13 10 9 8 18 14 11 11 4 12 12
10 37 23 9 33 27 42 31 31 25 19 17 26 37 34 20 23 29 15 26
21 30 35 26 40 44 33 38 52 17 39 18 44 44 42 35 40 28 29 4
25 34 44 32 24 44 51 53 51 30 29 30 48 50 57 31 48 26 17 31
1 5 1 1 6 4 2 1 3 1 1 1 1 7 8 4 3 3 2 1
1 19 13 5 28 24 19 18 12 21 20 4 22 35 18 21 19 13 22 16
13 31 14 13 24 36 29 26 15 14 27 8 28 34 27 29 29 16 25 22
27 40 24 21 24 41 36 38 31 15 28 10 33 35 40 32 31 13 21 25
4 21 4 14 25 33 21 18 11 19 29 10 26 21 20 19 12 17 27 22
2 6 1 1 5 9 3 1 6 2 2 1 1 9 11 7 7 5 7 1
34 52 23 30 46 57 48 40 48 23 47 16 53 54 69 52 49 42 30 27
25 40 20 23 30 48 36 34 37 26 35 13 38 40 53 41 29 31 28 18
6 5 6 1 10 11 11 6 4 4 9 5 6 3 10 9 7 3 9 6
5 27 29 15 30 39 44 44 33 26 30 20 45 43 36 22 38 14 24 29
5 5 1 3 9 13 8 3 10 1 6 1 6 7 15 10 9 8 8 3
10 18 1 7 13 27 18 13 16 9 17 1 18 20 24 17 15 12 18 13
1 12 4 6 14 22 4 4 15 2 14 1 16 21 13 14 15 8 19 2
11 21 11 3 17 21 18 20 12 8 13 3 14 13 18 15 10 6 11 9
6 23 6 14 28 38 23 14 19 17 28 7 23 27 28 22 17 21 27 18
1 18 18 15 27 35 20 30 12 24 29 11 29 29 20 23 22 15 31 25
17 49 36 27 50 50 57 51 45 44 39 24 53 55 56 38 41 44 32 34
6 10 19 5 13 18 14 15 18 5 11 12 13 22 14 14 24 8 16 10
11 35 45 26 49 41 48 49 30 39 46 30 49 58 33 34 49 25 41 40
11 42 28 15 35 24 44 40 20 29 16 22 28 45 23 21 32 24 22 28
17 50 21 28 51 56 55 52 22 43 53 18 57 58 58 50 45 37 37 52
29 40 26 26 50 47 56 49 42 40 37 18 39 48 48 20 25 36 19 41
6 27 3 11 27 38 21 21 16 18 25 2 22 32 31 28 21 18 29 17
4 20 17 5 21 18 16 17 17 7 15 4 21 24 9 10 18 7 15 8
19 45 18 19 43 50 51 39 37 36 37 11 41 45 51 28 24 36 22 34
8 32 22 21 37 41 32 29 27 23 31 16 35 41 32 29 32 28 34 21
9 12 10 1 14 21 13 19 14 4 14 1 18 21 15 17 20 2 13 9
12 27 14 6 19 19 25 23 18 14 6 5 16 19 18 7 10 12 11 7
9 24 15 4 14 15 27 21 9 12 10 13 15 27 24 17 24 5 7 19
1 28 7 7 21 14 21 15 5 18 10 4 11 24 13 10 8 15 12 10
24 47 33 18 40 40 52 44 31 27 29 19 36 53 35 33 38 24 23 36
15 40 35 26 52 56 51 48 39 44 44 21 49 51 48 36 34 37 39 31
7 24 21 3 19 18 30 30 20 15 11 12 24 36 22 17 29 12 11 19
18 28 9 14 31 34 26 19 25 13 26 5 28 38 42 36 33 25 20 18
5 14 6 1 7 16 11 14 12 2 5 1 10 7 16 7 7 3 5 2
12 41 26 23 45 47 49 44 19 43 43 26 40 57 50 51 47 38 42 46
5 10 18 2 18 22 22 26 15 9 14 8 20 19 22 15 22 4 12 18
1 11 11 2 18 21 9 9 8 13 14 4 12 25 15 17 15 9 19 9
5 6 13 6 20 20 13 11 22 4 13 4 16 19 19 16 20 12 14 5
8 12 5 1 18 17 9 9 6 9 12 1 5 11 14 18 12 7 15 9
4 9 4 1 13 12 10 3 9 5 7 1 8 9 14 7 6 7 6 4
11 47 40 24 42 42 56 53 40 44 35 32 43 52 49 37 37 39 30 31
24 51 44 23 41 33 64 58 46 33 34 29 46 52 58 40 46 29 15 43
1 1 1 1 1 3 1 5 4 1 1 1 3 1 6 1 1 1 1 1
4 15 6 1 14 14 13 7 5 3 11 1 16 10 9 6 8 3 11 6
14 22 2 5 11 19 15 14 2 3 17 1 14 14 14 16 13 1 11 13
17 28 11 7 24 23 31 20 15 12 17 5 27 29 32 20 24 15 8 18
5 21 7 9 18 28 12 11 22 11 16 1 20 27 28 18 17 16 20 5
9 21 3 9 13 28 17 16 7 11 20 2 21 28 21 23 23 10 21 15
1 7 1 1 3 12 1 1 1 1 6 1 4 7 3 5 1 1 10 2
15 18 5 5 13 25 20 15 7 3 21 3 20 14 21 18 15 4 11 16
10 33 18 3 28 24 29 30 18 24 24 11 30 33 32 26 23 14 17 23
5 6 11 1 8 14 10 17 19 3 3 1 15 16 15 8 17 4 6 1
26 47 32 30 32 43 51 48 23 23 39 25 47 48 40 37 47 19 29 44
10 39 28 20 43 38 40 34 47 21 30 16 45 56 44 30 43 36 26 25
4 20 5 7 14 17 15 10 8 14 13 4 15 17 13 8 5 10 13 10
7 19 17 3 16 17 17 20 14 8 10 6 19 17 14 7 14 4 12 8
15 18 37 22 18 35 35 37 43 27 23 27 33 32 40 24 27 18 18 20
4 22 27 2 28 24 33 37 30 18 15 14 27 41 32 22 36 10 14 18
20 42 24 25 48 45 44 40 31 33 32 12 32 54 48 48 42 40 33 30
22 26 8 14 21 42 29 28 17 12 35 2 32 29 34 30 24 7 21 30
19 26 21 21 27 47 32 35 28 35 37 14 35 31 38 31 17 20 31 23
19 21 19 14 16 42 29 35 21 16 29 7 27 26 37 32 26 9 17 20
6 12 5 6 16 18 13 4 16 5 10 1 11 10 18 10 8 14 9 8
32 35 18 24 32 40 44 35 38 18 32 5 42 46 48 25 34 25 9 30
8 10 11 1 6 10 12 14 10 1 4 8 11 6 13 6 12 1 6 6
11 35 21 16 43 27 37 26 37 27 21 16 22 38 38 30 27 39 22 18
8 19 13 1 27 23 25 22 18 20 20 13 19 21 28 19 15 17 15 18
13 36 26 15 35 40 46 36 44 27 28 14 43 47 49 23 33 31 16 29
3 7 11 1 12 12 9 10 11 5 6 8 3 12 10 10 11 3 8 6
15 16 14 13 9 35 22 25 28 7 20 4 30 22 38 23 25 12 11 9
16 32 33 19 32 47 46 48 40 28 39 20 45 51 41 34 43 21 29 25
12 23 30 14 26 26 40 43 20 20 25 12 33 45 31 25 42 7 15 30
1 4 4 1 10 8 4 1 2 1 4 1 1 2 3 5 1 1 5 1
33 40 22 35 46 68 49 43 51 39 54 12 52 53 68 42 31 44 33 35
25 22 28 27 19 40 29 34 45 19 29 22 32 32 45 33 33 27 25 16
8 12 7 1 13 23 13 12 11 10 17 6 14 13 16 14 9 5 17 11
14 32 8 15 30 45 27 19 32 14 31 1 36 35 42 27 25 25 26 12
27 46 26 36 47 55 51 43 56 35 37 22 44 52 45 22 30 43 30 37
5 18 12 4 15 16 11 12 15 7 7 5 6 15 11 8 7 11 13 3
4 7 1 2 16 18 8 5 10 6 14 1 9 5 11 9 1 6 11 8
10 27 14 6 27 36 33 29 19 17 26 1 35 31 30 20 20 8 16 18
20 40 24 20 38 55 47 45 35 23 41 4 48 50 47 37 38 20 27 32
22 35 26 27 29 47 36 30 42 17 35 22 44 47 48 31 49 29 31 30
17 32 24 15 33 33 40 30 37 29 16 12 27 30 39 17 17 30 13 15
13 18 12 13 28 42 25 22 30 20 28 6 26 26 41 26 21 21 23 17
37 48 9 38 56 61 39 32 53 29 52 13 44 53 55 32 31 49 33 27
1 1 1 1 5 5 5 1 4 1 3 1 4 1 8 1 1 2 1 1
4 6 1 1 8 4 10 5 5 5 2 1 3 6 13 4 3 4 2 1
17 26 29 21 25 39 42 39 20 22 32 16 38 43 41 32 42 12 20 39
11 33 28 6 32 23 38 33 31 20 14 18 24 36 34 22 28 26 13 19
18 45 34 14 34 34 54 50 33 26 30 12 47 46 41 25 35 20 11 30
13 18 17 11 21 19 33 18 24 20 13 16 20 29 32 12 20 21 4 23
15 30 26 20 35 47 41 35 39 29 34 11 39 35 37 21 20 27 23 22
2 7 1 1 3 8 3 2 1 1 7 1 4 3 1 1 1 1 9 2
12 15 7 3 16 28 19 16 14 4 17 4 16 15 25 21 18 8 13 14
17 34 22 9 33 30 39 39 26 23 24 7 31 40 41 33 30 18 10 24
8 14 1 4 14 26 15 9 15 7 17 1 18 13 20 12 9 10 15 11
2 10 8 1 19 17 10 1 11 4 12 1 13 13 10 6 4 7 7 5
3 10 2 3 9 21 10 6 9 5 13 1 11 11 13 12 8 7 16 6
7 11 10 2 6 11 12 11 10 1 2 6 4 11 14 12 17 6 6 6
16 35 28 7 34 23 35 36 35 18 17 13 30 40 32 19 34 17 8 10
3 8 5 1 9 15 9 6 10 2 11 4 12 4 10 2 2 5 8 7
8 19 17 1 25 22 22 23 26 10 19 7 26 29 22 15 25 7 15 6
8 16 10 1 19 22 19 15 14 12 13 4 15 10 23 12 7 7 11 7
2 17 8 1 20 8 16 11 13 13 6 7 7 19 22 17 13 16 6 8
1 10 15 7 24 27 16 15 10 12 19 5 13 20 19 21 16 15 22 14
6 11 8 8 22 33 11 16 25 8 20 1 21 22 31 24 22 14 21 6
24 59 26 31 47 47 57 54 31 43 51 28 55 56 59 53 45 35 37 50
9 42 48 23 63 36 55 47 39 45 38 28 43 58 42 37 41 44 34 39
2 7 15 8 12 27 11 16 27 5 14 7 16 19 23 17 20 10 16 5
12 22 35 19 41 38 34 39 42 23 22 14 30 44 31 29 38 28 30 16
14 30 17 7 17 27 29 27 20 15 14 7 21 24 26 13 15 11 12 11
27 41 25 29 33 50 47 42 36 18 44 13 53 54 46 39 49 22 29 36
15 20 1 8 6 26 18 14 12 5 16 1 19 20 25 20 20 9 14 14
21 33 26 19 41 36 38 30 36 27 26 14 30 39 22 12 18 27 20 27
19 32 17 14 31 44 35 33 29 12 36 4 39 41 35 32 36 15 25 26
18 44 23 28 40 45 51 41 47 42 43 19 51 49 62 37 33 43 28 37
26 34 46 24 42 47 41 51 46 38 48 28 52 45 38 30 35 21 31 25
9 6 12 9 6 22 15 18 22 15 13 7 16 12 25 14 4 10 8 3
6 19 14 10 27 26 19 10 29 5 19 1 25 27 22 12 18 20 14 8
2 12 13 1 9 16 12 15 15 8 9 1 18 11 12 1 4 1 6 1
15 44 32 26 56 55 47 42 42 41 49 20 53 61 63 51 48 46 42 42
8 33 30 15 44 37 45 42 20 30 37 14 41 49 33 32 39 22 31 33
1 1 1 1 1 4 1 2 2 1 1 1 1 1 3 1 1 1 1 1
11 33 25 18 37 31 31 26 24 23 21 13 30 34 14 18 21 23 28 18
1 4 4 1 4 7 1 3 8 1 1 1 2 8 7 5 6 3 2 1
11 20 4 1 17 10 17 11 1 10 8 4 7 14 16 13 11 8 8 9
16 28 25 22 46 41 42 31 26 36 35 16 33 45 46 33 32 36 26 36
11 24 4 15 20 33 15 12 15 11 25 4 20 30 26 28 25 18 29 12
30 30 29 21 31 47 51 48 46 26 40 14 51 38 45 19 25 20 10 31
2 8 8 1 7 14 11 7 13 3 6 7 8 11 13 7 9 7 6 6
2 6 1 1 5 3 4 1 1 2 1 1 1 5 8 3 3 1 1 1
16 39 40 31 49 50 50 52 33 43 37 29 42 49 34 33 38 35 45 41
9 17 14 10 28 34 25 21 30 20 22 12 22 30 32 17 18 19 17 23
4 18 1 2 9 13 14 10 4 5 8 1 12 10 9 5 5 4 8 7
6 14 7 1 12 9 12 15 11 4 1 1 4 9 11 6 5 5 3 1
23 33 11 21 40 42 40 33 46 27 32 7 43 46 56 26 28 38 12 26
2 6 2 1 7 9 6 1 4 1 5 1 7 1 8 1 1 3 3 2
25 32 25 23 26 48 30 33 40 15 35 13 37 36 45 37 34 26 29 13
2 11 5 1 10 10 7 9 8 7 6 1 11 15 10 4 6 4 8 3
3 9 7 4 13 22 13 13 17 14 10 2 10 17 25 16 10 11 12 4
20 42 31 20 32 41 47 47 37 31 28 11 41 48 42 30 31 27 21 20
17 35 16 15 31 48 44 41 24 23 35 11 37 47 47 39 37 20 24 40
3 8 3 1 3 12 4 7 10 1 1 1 4 5 14 8 9 4 4 1
6 14 8 5 10 21 17 9 16 4 11 4 16 23 26 16 21 14 12 7
26 44 34 16 43 41 54 49 37 24 42 19 49 55 46 37 46 14 19 41
28 40 23 21 30 49 44 38 38 21 37 4 45 37 45 24 25 21 15 28
1 11 9 1 13 7 9 5 7 1 5 1 12 11 2 1 6 2 6 1
9 17 28 6 22 27 27 30 37 15 22 12 35 28 28 10 24 7 7 4
2 11 18 5 7 14 16 14 18 9 6 13 15 25 17 8 21 5 11 12
13 28 14 8 31 28 33 22 29 21 16 7 22 25 37 14 12 26 8 15
3 12 9 1 16 20 11 11 7 12 15 6 9 20 13 14 13 5 18 12
5 16 3 1 16 12 9 4 2 9 11 1 5 11 8 8 4 4 13 5
20 20 13 28 40 53 29 26 39 27 42 4 38 40 53 37 31 36 34 24
17 27 18 13 23 37 37 27 34 22 22 11 30 30 43 17 20 22 12 21
26 46 46 24 38 40 62 59 51 37 25 31 45 57 55 37 50 36 18 37
7 13 6 1 5 18 12 16 10 3 9 1 17 10 18 8 10 1 5 4
1 8 2 1 7 4 8 4 4 4 1 1 1 9 13 6 5 5 1 1
4 30 35 19 44 42 39 42 33 30 30 12 32 54 33 31 38 29 36 24
5 13 5 3 14 21 12 3 10 7 15 4 14 13 15 9 6 8 14 9
13 29 35 18 36 37 48 38 47 37 26 22 33 41 45 23 19 33 12 25
1 11 1 1 7 7 5 2 2 6 3 1 4 13 9 5 4 4 5 2
11 16 16 6 22 17 25 19 24 9 12 6 24 20 21 3 16 11 4 11
21 34 35 26 33 48 43 51 44 15 38 16 49 58 49 41 59 13 27 34
31 58 27 43 58 64 52 42 47 41 49 26 50 58 54 46 44 53 52 38
21 43 23 37 48 68 40 39 46 36 55 17 51 49 55 46 32 45 47 27
2 11 14 1 10 4 11 9 5 1 3 4 7 9 2 1 10 1 5 2
26 58 34 33 47 49 66 51 35 42 34 34 46 62 50 39 48 43 35 48
24 37 5 25 39 50 28 17 33 18 41 6 36 43 43 36 29 33 37 20
8 39 25 6 32 21 39 37 20 24 20 17 30 39 29 23 29 21 16 26
1 1 1 1 1 7 1 2 7 1 1 1 1 4 10 6 6 3 4 1
1 16 12 1 18 8 15 16 15 9 2 3 17 20 17 8 12 7 1 4
1 10 12 1 15 13 7 7 7 6 9 7 5 9 7 12 9 5 11 6
6 6 2 1 2 7 5 7 6 1 1 1 2 6 11 8 8 2 1 2
7 14 14 7 13 24 20 11 21 8 16 10 19 25 21 10 20 13 15 16
10 16 7 1 9 11 13 10 1 4 8 5 9 11 13 10 12 2 7 7
5 9 3 1 7 4 12 4 1 5 1 1 6 9 12 4 6 4 2 2
17 25 26 23 42 44 34 28 26 29 39 13 39 39 38 31 31 29 32 32
1 12 17 1 15 16 21 19 17 13 9 7 10 11 15 5 3 5 5 4
9 17 35 12 22 30 39 35 47 15 19 14 35 31 34 10 28 17 7 13
1 9 2 1 14 9 5 3 4 3 7 1 2 4 1 4 1 2 8 1
5 16 15 6 17 22 17 18 28 2 7 1 20 21 25 14 21 15 9 1
11 44 33 24 44 39 57 49 47 37 32 27 55 59 46 16 40 31 14 41
10 22 15 10 28 34 22 24 26 18 19 6 17 26 27 22 17 20 25 12
4 12 4 1 12 15 11 3 10 6 10 3 11 11 15 5 4 8 8 6
12 40 38 11 44 27 46 46 33 30 30 22 36 51 25 19 38 14 18 25
5 14 10 4 18 22 11 9 5 12 19 7 15 15 11 13 10 5 20 13
24 35 30 22 27 39 56 45 39 31 29 18 39 37 50 22 23 21 5 31
11 36 11 17 36 37 39 29 24 33 32 15 38 34 41 23 19 30 22 30
22 32 20 16 33 35 44 37 29 27 28 16 34 45 45 27 34 20 12 38
35 43 29 32 33 63 56 48 52 31 49 19 52 46 59 34 31 34 25 38
12 36 35 23 50 45 35 37 35 29 45 17 43 57 39 37 49 26 40 22
1 3 1 1 7 10 5 1 8 1 3 1 4 4 12 6 5 6 4 1
1 13 11 1 18 22 17 16 23 8 13 1 23 25 19 9 14 7 11 2
1 3 9 1 3 13 9 11 13 1 3 7 7 11 12 5 10 1 6 4
14 23 11 5 16 31 32 26 17 14 23 7 27 22 31 16 16 9 13 20
13 39 29 22 42 51 46 41 40 42 44 23 42 45 53 42 27 38 34 30
1 1 7 1 6 4 2 3 2 2 5 3 4 5 2 5 4 1 6 1
17 14 10 13 20 31 26 20 29 18 22 4 25 13 34 11 6 15 5 11
1 6 4 5 8 14 7 4 13 4 6 1 7 11 15 11 9 10 8 4
9 29 12 12 29 41 26 29 21 28 28 7 28 38 38 33 26 21 29 22
2 14 7 3 18 15 14 12 17 10 2 1 2 16 17 9 6 13 9 1
1 7 5 1 18 13 9 2 8 5 9 1 4 8 9 8 1 6 6 4
16 36 3 20 28 46 32 32 12 26 36 9 31 43 40 40 32 21 33 31
20 46 44 19 41 43 58 52 49 44 32 33 41 49 48 37 33 37 28 33
12 29 5 18 30 39 21 11 31 16 28 5 28 34 38 22 18 29 24 15
2 31 9 15 32 34 25 21 15 25 26 14 22 36 31 31 24 25 30 21
15 42 22 24 38 43 49 39 31 22 36 18 48 59 48 36 52 30 29 34
24 48 12 22 48 49 51 39 35 41 42 10 46 42 50 22 15 35 18 38
11 19 18 15 18 38 37 27 35 25 25 13 30 31 40 16 18 22 15 21
9 16 6 4 14 24 17 11 18 10 14 3 20 15 24 7 8 10 10 10
21 43 34 12 55 29 52 46 38 32 29 19 39 51 35 29 38 29 19 27
6 34 28 14 43 33 31 27 28 30 22 14 26 49 26 29 29 30 31 19
13 39 9 11 31 31 37 27 9 22 30 7 33 36 32 29 25 18 19 29
4 18 9 4 19 8 16 10 12 11 5 1 6 13 11 4 1 12 6 1
9 6 1 1 8 10 13 10 9 1 8 1 10 4 15 8 8 5 5 7
7 11 5 3 18 15 14 5 12 5 11 1 9 7 14 7 4 9 7 6
13 24 29 15 35 39 40 35 24 23 32 15 35 41 38 31 38 21 25 34
5 31 38 10 46 38 44 43 54 29 37 24 46 55 48 29 45 26 21 23
13 17 6 4 9 20 15 14 6 6 17 1 20 18 14 14 16 1 14 13
12 22 7 5 19 22 22 18 8 7 16 1 12 18 18 18 12 6 10 12
22 43 22 17 34 38 42 33 28 25 22 15 29 39 33 26 25 28 25 24
5 35 21 15 42 33 36 24 28 26 19 9 29 44 24 22 24 32 26 18
11 40 38 31 37 49 52 47 56 42 40 33 53 54 61 33 43 41 28 38
7 26 13 20 37 48 25 24 33 21 35 8 40 42 35 29 28 26 34 21
8 22 16 5 31 22 27 18 21 13 14 3 19 33 28 24 26 19 15 10
2 36 26 4 48 24 39 32 29 28 29 10 33 45 26 23 26 25 20 22
20 31 22 22 31 53 36 31 45 22 39 12 39 39 46 32 26 28 30 20
6 18 26 6 20 31 26 33 26 18 18 9 21 30 26 19 24 11 19 17
1 11 4 1 10 15 8 6 9 3 8 1 15 15 8 6 10 4 11 4
2 2 1 1 4 12 4 6 7 1 4 1 5 1 11 5 2 1 5 1
10 26 20 13 26 44 36 36 29 17 30 8 30 38 38 29 31 18 25 27
2 8 4 1 4 11 3 2 7 3 3 1 5 13 10 7 8 5 8 1
7 18 5 4 17 19 19 9 12 9 13 1 22 20 17 7 12 9 9 11
1 13 4 1 8 10 8 8 11 2 1 1 2 11 10 5 5 7 6 1
7 16 12 1 7 11 16 16 8 7 7 7 13 19 11 5 15 2 8 11
17 26 4 8 14 24 25 13 11 7 20 1 24 16 22 10 11 9 7 19
1 5 2 1 1 5 1 1 1 1 1 1 4 4 3 1 4 1 3 1
7 8 8 1 7 8 12 10 9 6 3 7 3 12 15 10 13 7 6 5
5 12 2 4 19 27 14 11 8 11 18 1 13 21 24 22 16 11 20 12
9 26 12 8 34 26 29 20 29 18 20 8 21 30 40 29 23 29 15 16
12 40 20 20 46 48 42 35 30 28 39 14 38 56 45 41 43 36 38 33
24 47 37 24 37 46 57 54 50 33 44 21 58 55 63 45 45 33 23 33
2 7 26 9 22 32 26 31 29 16 19 10 25 30 32 21 31 12 20 18
1 20 4 5 21 25 17 10 9 14 17 4 17 22 19 15 10 14 18 11
8 21 21 9 27 39 32 30 21 25 28 5 30 25 31 21 15 15 20 17
3 19 12 5 18 26 19 15 19 10 14 8 14 22 20 13 13 12 18 10
3 11 5 1 20 13 15 6 9 12 10 5 9 13 18 13 5 12 7 9
20 41 23 11 39 36 44 36 30 19 33 5 41 44 34 22 27 17 15 25
7 14 10 4 23 22 21 13 23 12 13 1 22 17 25 5 7 11 4 7
10 28 6 13 22 33 24 19 18 16 21 5 25 31 32 24 23 19 24 15
8 29 3 18 39 43 29 18 21 31 35 4 29 41 37 29 18 32 29 29
1 9 1 1 16 9 5 3 1 9 6 1 1 11 8 10 1 2 8 3
13 19 1 4 17 23 18 9 9 8 20 1 19 12 18 13 10 8 15 15
26 25 17 22 26 57 42 39 30 29 45 6 45 33 50 30 22 22 20 33
6 27 29 11 34 25 35 35 36 28 21 23 21 40 40 32 33 27 20 24
15 31 30 21 41 35 34 33 43 23 22 17 27 50 38 30 41 30 30 17
22 25 6 13 26 34 27 20 23 19 29 1 31 28 30 14 13 17 14 24
10 16 15 14 20 23 26 14 29 8 16 12 19 23 31 16 25 18 12 17
4 20 1 5 13 21 16 13 7 10 12 1 17 18 19 12 12 8 14 10
20 28 19 20 35 50 30 28 44 16 36 10 39 40 47 31 36 28 30 23
5 9 3 3 6 12 10 4 8 3 2 2 4 13 19 12 13 8 7 1
17 35 31 7 34 39 44 44 40 31 35 17 46 45 44 29 32 16 15 17
9 33 20 10 40 26 34 21 22 26 20 8 25 35 20 13 13 24 19 18
3 5 12 1 19 14 10 17 14 6 11 1 15 15 11 10 14 1 10 5
9 13 9 1 11 13 16 11 7 3 10 8 11 9 12 8 12 4 9 9
19 26 38 17 33 38 43 48 36 39 32 26 37 42 49 40 34 28 22 30
6 12 9 5 18 15 15 7 13 5 12 6 11 6 13 5 4 10 7 9
10 26 29 15 41 48 42 38 32 30 38 5 46 41 42 27 29 22 27 24
5 12 19 5 8 15 21 16 20 3 5 11 16 22 21 11 26 8 7 11
5 23 9 6 16 22 16 13 19 7 10 1 14 26 21 14 16 14 16 3
17 33 21 10 24 27 41 36 24 16 11 12 21 31 32 20 24 17 7 19
1 5 1 1 8 4 4 1 1 5 2 1 1 5 6 5 1 2 4 1
3 14 8 1 14 4 16 11 8 4 1 1 8 18 14 8 14 6 1 1
5 6 5 1 8 5 8 4 5 1 3 3 4 2 10 5 5 2 3 1
7 12 10 10 23 22 13 7 25 1 15 1 20 21 23 17 22 18 15 4
16 17 6 7 23 30 20 15 17 14 23 3 21 21 27 19 15 13 14 19
22 45 30 27 45 58 46 53 37 28 52 15 56 65 51 46 58 23 35 33
15 33 17 6 35 36 37 31 25 18 30 7 36 45 37 29 34 17 18 25
3 19 14 4 26 26 19 11 13 15 18 5 18 28 18 17 16 12 21 12
8 21 27 9 24 31 31 30 33 15 25 10 39 26 24 10 20 10 12 11
7 16 1 3 14 15 15 4 7 8 13 1 14 11 13 2 4 7 10 9
1 4 8 1 9 6 10 9 13 3 1 1 10 16 12 4 11 3 1 1
9 11 9 1 8 9 14 12 4 1 6 8 6 7 11 10 13 1 6 9
6 13 11 3 14 13 13 10 11 5 6 4 4 16 16 15 16 10 10 3
20 34 19 13 31 35 43 34 36 21 18 1 34 37 40 14 21 24 6 17
14 34 25 20 32 41 39 35 24 36 34 19 38 33 37 27 17 24 27 22
5 10 4 4 9 14 5 5 10 1 7 1 6 10 12 11 9 7 12 1
4 6 4 1 13 9 12 8 13 3 4 1 12 10 17 2 7 5 1 2
7 19 10 9 29 27 24 13 28 16 15 1 16 26 31 14 10 24 11 8
4 26 15 11 22 18 24 19 8 18 17 14 21 28 15 12 19 13 19 18
8 37 38 29 43 49 48 51 34 33 43 25 51 66 43 39 61 27 38 42
14 49 36 32 59 61 55 57 40 43 53 15 58 68 55 48 53 40 47 34
1 15 9 6 22 23 11 15 5 14 20 1 17 20 9 14 9 8 22 14
3 8 21 6 10 17 21 22 28 6 5 14 20 21 23 7 25 7 7 13
5 4 15 4 14 22 14 19 22 13 12 2 18 17 19 12 12 4 9 2
4 12 6 1 12 8 16 10 9 9 4 3 11 13 18 7 9 10 3 6
6 16 6 1 26 18 20 12 8 13 15 1 11 15 18 13 8 12 13 11
5 13 14 1 17 8 15 8 6 7 5 6 9 13 12 7 11 6 7 3
10 26 19 8 37 25 38 26 24 28 27 16 26 38 41 31 29 28 16 32
25 31 9 17 33 46 33 27 25 21 36 4 33 34 41 27 21 23 20 31
27 43 32 37 46 61 49 44 56 41 42 17 51 49 45 24 23 44 30 30
1 22 19 10 21 27 23 26 23 18 14 13 16 29 16 14 16 13 21 17
1 11 5 1 7 16 8 8 9 4 8 4 10 11 9 5 5 3 10 6
22 42 27 29 45 61 48 45 35 35 41 11 46 55 47 41 39 36 40 38
7 17 1 4 19 25 16 2 13 8 17 1 15 17 18 9 6 12 13 10
9 13 7 10 19 30 15 8 23 11 20 6 16 19 25 16 11 17 17 11
8 31 27 13 37 40 41 36 37 36 37 18 39 40 48 33 27 29 25 28
7 14 7 5 14 21 19 8 16 7 16 6 16 15 15 3 7 9 8 16
6 21 39 15 26 26 36 41 42 21 9 20 25 35 28 11 34 16 12 16
18 39 39 24 29 31 42 42 39 29 16 32 30 38 30 14 34 24 22 30
6 13 6 1 14 16 13 10 8 7 8 1 9 24 22 21 20 10 10 6
9 34 24 3 34 24 35 34 25 23 19 6 30 36 27 19 22 15 15 15
10 16 2 9 21 31 16 9 24 6 19 1 18 15 29 17 13 17 16 9
19 31 38 30 51 42 54 46 50 35 35 17 43 57 46 24 41 37 22 38
2 4 5 1 2 6 3 1 3 3 1 2 2 9 8 5 6 3 2 1
10 34 23 16 44 48 47 42 35 35 42 14 49 48 45 28 33 25 27 27
19 50 32 27 54 40 58 50 46 44 45 29 54 57 53 33 39 42 29 47
12 27 27 13 31 42 40 37 42 20 26 13 40 45 40 19 36 18 18 31
4 11 7 1 17 12 13 7 5 7 10 4 5 7 10 8 5 4 10 5
3 7 10 1 16 17 12 10 14 3 10 6 11 6 14 8 6 6 7 7
1 7 3 1 3 7 2 1 1 1 6 2 4 4 1 1 1 1 8 2
1 27 26 1 27 9 27 24 21 13 12 14 23 32 18 12 25 12 5 11
4 6 4 1 8 9 7 8 9 1 2 1 7 10 12 8 11 1 5 1
11 26 33 22 31 46 39 41 29 38 37 20 36 38 37 30 22 22 31 30
22 41 18 21 37 48 45 33 39 31 29 7 36 39 41 21 19 32 24 23
11 45 36 39 50 56 48 51 39 43 43 28 43 63 50 45 51 41 50 42
2 7 1 1 7 6 8 5 5 6 1 1 3 7 12 4 1 4 3 1
4 17 1 3 11 15 13 7 4 5 10 1 12 9 11 8 7 5 11 7
23 33 27 17 29 36 41 38 29 25 20 15 27 28 33 23 22 18 17 17
2 32 38 14 42 32 46 50 32 32 31 18 39 48 25 16 34 16 26 24
24 43 30 24 37 43 50 35 41 28 28 22 35 51 41 29 38 33 28 32
6 22 21 15 29 30 30 24 31 19 19 17 20 35 36 23 32 21 20 22
23 35 26 18 45 42 49 41 49 28 33 14 43 45 46 17 28 29 13 27
3 5 1 1 5 8 4 7 5 1 1 1 4 1 10 4 2 1 3 1
1 20 16 10 25 30 23 23 27 19 17 14 20 36 35 24 27 17 21 19
21 25 22 18 22 46 32 37 25 23 33 10 32 35 44 36 32 16 23 21
9 14 26 14 22 37 26 27 41 12 27 10 37 29 34 19 26 18 18 7
21 38 31 34 53 57 38 32 41 35 42 18 38 49 42 40 35 46 47 32
4 8 4 1 11 8 18 8 10 5 3 4 5 11 19 7 9 9 1 7
3 25 17 5 27 26 24 19 24 17 16 12 15 29 27 21 17 22 18 14
3 7 1 1 5 17 5 5 8 4 9 1 9 10 11 8 6 2 12 3
13 18 26 8 25 31 34 36 28 18 21 15 30 32 35 23 32 10 14 26
7 31 17 7 26 17 30 21 12 23 19 16 23 28 25 19 20 19 16 21
6 19 15 6 24 16 18 9 14 14 8 7 6 19 14 11 8 15 13 3
7 17 8 1 12 15 12 13 14 5 6 1 9 11 15 9 9 9 9 4
3 6 8 3 3 16 6 12 12 7 9 2 12 4 12 3 1 1 6 1
1 14 2 4 15 19 9 7 6 11 16 1 12 13 7 9 2 4 17 9
15 20 6 6 16 22 19 12 14 7 18 5 20 12 21 10 10 10 11 15
8 15 5 5 16 26 19 8 15 10 18 2 18 20 20 11 11 11 14 14
6 11 1 1 3 7 6 4 1 3 4 1 6 7 7 4 5 1 6 4
17 25 28 28 42 54 46 41 45 43 44 17 42 46 59 38 25 42 25 34
15 25 15 15 18 39 34 30 26 14 28 14 30 33 35 27 32 15 23 30
8 20 19 16 27 46 29 32 29 20 32 12 34 39 37 32 35 22 34 28
4 10 5 1 11 12 9 5 11 1 5 1 7 6 12 8 6 8 6 4
10 14 5 4 16 18 14 9 10 8 10 1 8 15 19 19 14 8 13 8
7 12 5 1 9 16 18 15 10 3 8 1 14 6 20 5 7 1 1 5
9 18 1 8 18 21 15 5 14 10 19 1 19 13 15 3 1 12 10 14
6 18 1 4 15 16 16 7 4 10 14 1 14 13 13 8 6 7 14 9
18 38 40 23 33 43 53 54 38 40 32 28 49 51 46 26 42 20 24 39
1 4 2 1 8 7 4 1 5 1 3 1 5 2 6 1 1 1 2 1
1 5 5 1 13 7 8 3 9 1 4 1 5 3 7 2 1 5 1 1
4 5 6 1 9 12 7 5 11 1 7 4 8 7 12 9 7 7 7 4
5 12 1 1 4 11 5 5 4 1 4 1 5 7 10 8 8 1 7 3
28 53 33 40 48 63 65 56 41 39 50 22 52 65 55 43 50 36 37 56
4 9 3 1 4 10 7 2 4 2 4 1 7 8 11 5 6 2 4 1
25 53 27 30 56 63 57 48 52 36 55 15 65 64 63 42 47 39 33 32
13 33 13 4 27 19 29 23 13 18 18 9 18 30 30 29 24 18 11 19
14 24 23 8 29 27 31 31 16 10 26 7 30 34 26 27 36 7 15 18
7 8 5 4 19 21 11 8 15 8 15 4 12 9 17 11 4 8 10 10
10 25 23 10 39 26 28 21 25 21 17 9 22 32 16 15 17 20 21 13
4 13 6 1 17 17 6 4 4 10 13 4 5 14 10 13 6 4 15 7
1 1 3 1 2 5 1 1 5 1 1 1 4 9 6 5 7 2 3 1
22 46 29 28 53 55 49 39 53 32 45 10 54 55 54 32 37 40 31 23
18 47 38 30 44 52 53 55 53 34 42 26 59 68 57 41 60 32 36 33
5 8 1 7 17 27 11 15 14 11 16 1 12 23 29 25 19 13 19 9
9 22 10 13 31 37 24 14 31 18 24 4 22 26 35 18 11 25 17 13
10 6 12 9 13 31 17 18 25 15 18 6 18 12 28 18 10 11 14 6
3 19 12 1 30 18 25 16 18 19 17 11 14 22 26 17 12 16 8 19
21 35 11 19 32 38 33 25 38 16 22 1 31 39 42 19 24 31 14 15
2 11 8 6 20 26 16 12 2 17 21 1 15 21 18 18 12 9 22 14
14 23 20 9 22 34 27 31 23 19 25 5 31 24 25 20 16 8 18 14
29 39 32 23 26 51 50 48 44 18 40 10 56 44 48 32 36 14 17 27
10 32 11 15 30 34 26 22 24 14 23 3 30 39 32 27 30 22 27 13
13 33 30 7 36 23 30 32 32 18 23 14 31 36 23 12 27 12 11 9
10 20 23 9 26 17 25 24 21 17 7 16 8 22 11 11 14 14 15 12
7 15 26 7 21 23 24 25 24 17 15 10 22 17 21 11 11 9 10 5
