1000 20 10 1753
7 5 5 2 10 3 2 0 1 5
6 3 0 2 2 10 1 3 10 1
3 3 3 5 5 1 7 1 2 1
23 10 12 1 9 2 1 1 17 12
10 0 1 0 6 1 4 15 0 1
1 3 6 3 2 1 4 3 2 7
3 1 12 5 6 10 10 3 3 14
3 0 8 1 2 2 4 2 9 3
11 7 1 15 24 10 18 10 4 3
3 27 5 2 3 4 15 8 1 12
2 11 3 19 5 21 5 21 7 2
2 1 2 1 4 15 16 4 9 6
12 14 0 1 2 5 1 7 6 4
14 8 6 9 5 9 0 9 1 27
12 2 13 5 14 7 10 3 2 10
7 20 3 7 9 8 3 1 5 7
1 18 10 17 2 14 7 5 11 9
14 3 7 8 3 1 4 0 8 15
6 1 6 11 3 9 4 6 1 6
1 2 8 3 10 7 3 11 6 25
3 4 6 3 7 6 5 8 5 13
3 1 3 0 3 6 0 7 0 4
4 1 11 3 8 1 3 5 1 0
5 12 6 6 4 8 9 2 0 7
6 4 5 2 6 3 7 7 4 3
3 2 10 1 3 6 8 8 1 5
12 3 13 1 0 1 11 16 23 5
10 15 2 1 25 2 2 7 11 10
15 15 10 18 10 2 14 12 1 8
2 2 1 3 1 7 3 4 3 2
5 5 7 8 1 24 11 1 10 7
14 3 8 4 11 7 1 2 5 3
9 7 18 17 12 7 2 2 2 0
2 9 1 1 4 3 15 7 4 10
4 8 10 15 5 11 2 7 4 12
11 16 16 11 3 2 14 8 19 14
1 4 7 17 5 3 15 1 13 11
1 1 19 12 8 2 6 15 4 1
0 8 8 1 4 3 0 22 5 2
1 7 1 1 9 4 3 5 1 4
1 9 0 1 11 5 9 3 1 8
7 1 9 13 1 0 4 5 2 11
4 10 2 21 15 5 7 3 6 6
9 23 9 18 8 1 2 15 1 9
4 0 1 5 2 2 2 1 10 4
18 17 21 2 5 2 2 5 0 12
19 4 12 0 1 7 15 0 18 12
11 15 8 5 27 4 4 3 2 7
7 17 1 10 4 26 7 4 7 17
1 1 5 1 4 1 12 0 1 6
2 2 5 4 3 4 1 7 1 7
3 1 8 4 1 3 1 6 3 0
3 11 5 3 2 12 8 4 6 8
5 4 8 5 2 3 4 5 3 1
9 8 4 6 12 2 4 12 11 4
3 7 4 2 8 17 1 6 7 5
14 7 8 8 7 3 1 5 13 4
2 11 0 0 10 5 12 3 2 0
5 15 2 19 10 0 12 8 7 6
4 3 7 1 5 8 3 2 0 0
0 17 17 3 3 13 22 3 13 12
20 6 4 8 11 11 2 4 9 4
8 6 16 2 1 0 18 3 9 5
9 6 4 1 5 5 5 1 4 8
1 9 4 5 10 2 2 11 3 2
5 23 1 9 7 22 11 3 6 13
2 4 2 15 7 5 1 1 8 4
4 0 1 20 3 11 6 0 2 5
4 11 17 8 4 1 3 5 5 2
1 9 5 8 9 20 4 24 3 6
5 19 7 4 2 13 5 7 3 4
11 4 7 6 4 4 0 5 2 2
2 4 11 6 3 0 3 3 1 4
3 4 5 0 12 4 10 2 0 6
13 4 4 1 6 13 4 7 12 9
4 5 4 10 23 1 21 18 1 0
6 9 7 12 13 14 12 13 23 9
6 4 8 6 3 3 1 14 1 4
3 12 8 6 7 14 0 17 5 1
10 2 22 11 12 2 18 5 4 14
8 6 13 3 5 11 3 10 11 7
5 1 15 7 1 2 6 1 9 9
12 6 6 0 3 8 5 4 1 6
5 3 6 5 8 16 5 8 14 6
0 14 16 2 6 24 3 1 22 1
4 15 2 11 3 1 10 5 22 6
1 2 4 6 1 3 0 2 6 2
11 17 8 3 8 14 17 16 0 14
0 1 8 3 5 3 6 5 4 0
5 7 6 15 4 9 8 28 4 18
12 12 18 14 13 11 8 3 8 4
5 10 4 14 5 13 10 12 1 4
3 4 6 0 2 2 1 5 2 5
8 28 14 15 8 1 11 2 9 4
3 3 2 6 16 8 13 2 5 4
19 6 15 0 3 9 2 6 3 1
3 29 7 2 3 10 14 10 5 2
7 0 3 8 12 2 7 8 2 6
4 2 7 7 0 3 10 8 1 1
15 1 4 9 6 0 1 6 13 1
3 1 4 1 4 0 3 9 4 3
2 5 4 8 0 3 0 4 5 1
2 7 7 11 14 8 18 5 20 14
4 8 2 1 15 9 11 1 10 7
0 4 15 5 10 14 7 9 6 3
1 7 2 3 0 3 2 4 2 0
7 4 2 0 2 3 7 7 2 1
18 8 5 0 9 6 8 5 22 7
2 0 1 5 8 2 2 1 1 6
4 7 5 9 10 6 11 3 14 12
2 4 2 10 2 6 3 4 4 4
3 2 5 3 5 7 2 6 4 0
4 4 0 1 4 5 3 0 6 3
4 6 0 2 3 3 2 3 3 1
19 4 19 1 6 0 19 1 13 10
3 2 10 5 6 15 6 3 5 5
2 13 4 9 0 3 0 4 8 5
11 9 2 2 4 5 4 3 2 8
9 6 3 9 9 8 4 12 1 11
9 10 13 6 3 16 6 3 9 5
6 4 5 8 1 1 3 16 4 9
3 6 1 17 9 1 5 1 4 3
12 1 7 7 8 3 0 15 16 7
3 0 0 7 5 0 0 5 3 2
5 7 10 3 6 13 7 11 7 5
29 0 6 12 0 7 10 6 8 10
13 4 7 7 4 21 0 5 25 2
17 0 7 4 6 3 33 7 5 0
22 1 5 11 3 18 3 6 1 19
0 3 4 12 12 13 19 27 4 5
2 0 1 1 5 4 5 11 5 4
2 6 10 3 14 14 1 8 9 4
2 10 8 7 4 6 5 4 4 2
8 5 4 18 3 16 2 2 2 2
1 22 6 18 11 10 1 4 20 9
10 8 6 13 1 10 14 12 8 0
4 5 14 10 8 2 13 0 6 7
11 3 6 4 3 1 17 3 7 14
7 0 3 6 5 1 9 2 2 5
11 12 1 9 9 16 1 21 2 9
8 0 13 8 13 13 18 18 9 2
1 1 4 2 6 1 1 2 2 8
14 4 12 6 8 8 18 20 6 12
25 6 10 3 12 18 4 5 16 1
7 6 5 1 0 6 13 1 13 0
8 10 1 6 3 9 4 8 12 6
5 0 1 4 4 1 3 4 5 6
6 3 20 9 5 1 3 12 13 9
8 3 5 0 5 2 8 6 10 7
0 9 5 2 4 5 4 3 10 12
2 0 2 3 6 2 5 4 3 3
6 1 1 7 0 9 1 4 4 12
8 7 2 1 8 4 0 0 4 8
4 13 16 13 7 9 8 17 6 9
5 7 2 1 4 5 3 8 0 1
2 3 6 15 11 5 12 2 9 0
0 7 2 17 11 2 2 1 3 20
7 0 1 5 8 3 2 1 4 2
1 2 8 5 8 1 4 3 9 1
9 1 5 6 0 15 3 8 5 7
7 5 7 10 11 13 10 2 7 5
2 0 7 11 8 0 6 19 1 18
3 13 4 11 12 7 0 6 6 7
10 3 12 18 17 1 13 6 12 3
9 4 6 1 2 2 1 6 3 1
8 6 4 2 16 10 1 8 6 3
17 16 19 5 17 3 3 1 9 7
9 1 10 7 3 1 6 21 3 3
7 1 2 9 3 1 6 8 8 2
3 2 4 1 0 1 5 1 7 1
13 8 0 12 5 1 7 7 7 12
0 2 7 2 25 21 11 4 16 0
4 0 4 3 2 5 1 4 7 2
2 1 3 4 5 3 3 3 1 6
16 14 3 10 9 2 8 25 6 10
1 10 10 2 2 2 5 3 5 5
9 9 3 4 13 9 13 3 18 25
3 8 4 4 3 9 4 4 2 8
4 3 8 13 3 5 1 7 8 3
2 1 6 2 5 5 10 3 12 27
2 0 1 5 1 10 6 6 5 7
1 10 0 2 4 1 11 0 3 3
1 1 9 5 12 3 1 1 16 9
9 3 12 11 4 4 3 9 5 10
6 23 6 2 10 8 12 7 16 8
7 1 1 7 9 17 4 12 4 13
23 20 3 13 13 1 5 11 3 8
5 8 5 3 2 2 1 4 2 6
11 7 1 6 1 3 4 13 5 2
17 3 5 2 7 3 5 3 6 19
4 6 7 6 1 4 2 4 2 1
9 3 1 6 1 5 5 4 9 5
3 10 1 5 7 4 1 7 9 6
5 4 8 9 7 11 5 13 3 0
1 10 2 6 3 5 2 1 13 2
12 8 8 0 5 10 17 6 12 18
2 11 1 4 15 2 14 3 16 14
13 3 9 4 5 20 10 6 1 12
5 7 5 8 28 5 2 16 6 2
8 4 5 1 1 0 2 5 7 2
5 10 12 14 1 5 7 0 0 7
9 13 6 8 10 3 14 3 7 1
4 3 1 3 14 0 3 8 0 16
9 16 6 2 5 7 10 11 2 0
5 5 7 5 1 5 4 6 10 10
3 2 7 2 4 6 6 2 10 6
6 3 18 1 9 12 6 2 0 1
2 0 23 3 2 4 5 18 13 5
6 9 24 12 3 17 6 2 8 12
8 10 3 7 2 5 6 7 13 5
5 5 4 2 1 6 1 3 3 2
13 11 4 14 8 14 17 2 6 17
13 4 9 3 4 4 15 11 8 18
3 2 5 7 8 4 8 2 1 1
10 19 2 3 3 1 4 1 3 1
0 9 10 8 14 0 3 6 9 12
0 8 1 0 2 3 2 3 9 8
6 0 15 10 3 13 4 8 5 7
6 10 13 1 13 6 10 1 2 8
11 8 2 4 10 5 0 18 1 5
17 6 2 12 3 8 5 10 2 4
4 12 4 1 8 5 3 4 2 4
3 15 13 10 3 16 10 0 5 7
15 10 12 1 1 6 18 6 7 6
1 5 3 4 3 5 2 1 5 3
1 1 14 7 13 7 18 15 6 5
5 1 3 3 2 1 6 0 8 0
3 1 2 1 1 3 1 7 5 2
1 3 7 3 1 2 15 3 1 3
9 0 12 6 8 0 3 0 4 3
9 7 12 15 13 6 4 9 14 6
1 2 4 4 3 3 5 7 8 8
10 6 5 17 7 2 6 3 4 25
13 1 1 1 13 3 1 5 2 6
4 4 0 0 4 7 6 13 22 7
7 2 3 6 6 4 6 2 4 1
4 1 4 2 4 8 9 2 5 0
24 8 14 9 8 0 7 5 4 8
8 12 1 21 8 15 4 6 9 14
5 16 3 4 7 4 8 2 3 2
19 9 10 4 1 5 9 2 10 12
7 4 7 7 17 7 1 8 8 7
3 6 2 6 1 10 7 3 11 14
2 8 13 14 10 3 1 13 4 5
9 0 7 6 19 8 4 2 7 8
10 0 10 1 0 11 12 1 0 16
5 3 7 8 23 2 19 10 0 4
4 6 4 3 3 11 4 9 6 11
2 8 6 5 0 2 4 9 10 0
3 21 12 9 1 3 12 10 7 16
8 9 3 20 4 0 9 4 14 13
6 22 15 7 8 11 2 13 4 2
1 6 0 19 1 11 15 17 12 3
22 2 11 5 5 6 14 12 15 5
3 15 1 4 16 2 1 2 10 25
1 6 1 7 13 5 2 3 9 1
6 7 14 10 1 4 10 3 10 2
9 1 1 13 13 18 2 9 8 2
2 3 6 6 1 5 8 12 1 11
22 2 7 6 6 10 3 6 4 2
3 4 4 17 7 3 10 1 7 1
9 9 15 18 0 4 5 11 1 21
7 5 4 2 19 3 22 8 3 1
2 1 0 21 4 7 2 4 1 4
7 10 4 6 12 4 7 12 16 18
6 4 2 4 6 2 2 4 3 2
2 29 8 2 10 5 12 4 6 9
8 1 1 4 29 5 17 18 7 2
17 5 0 10 5 9 12 8 17 15
19 14 4 3 1 9 1 9 2 3
5 1 2 6 9 13 9 10 20 1
1 3 3 4 5 1 5 3 3 0
6 5 5 8 2 1 1 1 2 8
7 1 9 0 21 7 20 4 9 11
1 3 3 10 9 2 2 9 4 0
7 4 8 5 8 7 3 7 5 7
4 3 2 4 1 7 5 5 5 9
0 3 8 6 2 2 4 2 24 13
0 6 3 1 4 0 3 18 0 2
1 12 4 7 7 6 6 3 8 0
16 15 0 12 3 6 13 5 6 23
11 1 3 3 8 9 1 1 9 9
3 11 11 15 17 8 1 28 0 6
4 7 0 3 8 5 1 6 7 7
2 4 1 6 1 9 1 0 6 1
6 11 7 0 11 11 3 25 1 17
15 21 3 13 5 7 8 5 9 2
6 8 8 4 10 5 8 4 8 7
15 3 8 8 16 2 12 1 2 13
1 8 0 2 12 16 11 4 5 14
5 6 1 2 4 8 2 7 1 5
10 1 9 11 6 11 11 1 7 6
9 4 3 16 1 5 4 4 4 2
6 8 8 0 3 5 3 7 9 1
3 16 11 7 6 3 8 6 12 1
9 2 11 4 1 8 0 8 15 5
8 11 7 7 11 8 16 9 1 17
4 0 4 7 1 5 0 8 1 3
8 6 5 3 1 16 16 0 12 12
6 2 3 7 14 1 3 7 1 10
7 1 24 7 7 7 0 5 5 26
6 1 0 7 3 1 8 3 1 5
1 2 0 1 9 6 7 2 1 3
6 10 8 13 5 6 5 2 9 13
13 17 13 8 0 7 9 3 2 0
7 17 10 11 12 12 5 6 0 0
19 8 8 11 2 3 14 6 1 8
1 1 8 19 10 19 0 1 17 2
12 10 16 20 9 0 5 8 11 6
0 7 5 0 2 7 3 2 8 2
0 16 14 1 4 5 11 5 1 7
2 22 2 13 3 0 3 4 0 3
10 2 10 2 17 3 6 6 7 12
8 6 11 7 16 5 6 7 11 11
8 2 18 12 15 22 2 1 9 4
7 2 10 1 23 7 11 3 4 2
11 8 4 5 0 3 3 3 12 13
11 1 4 1 10 17 5 5 4 12
3 1 31 3 3 3 21 3 6 5
3 4 6 9 6 3 6 1 4 1
1 1 6 13 6 1 4 1 8 6
15 7 1 0 4 3 0 9 3 9
4 3 4 7 10 4 2 4 7 3
14 11 12 5 12 9 11 1 8 3
3 1 0 3 4 3 10 3 6 3
4 2 1 1 1 6 2 3 4 6
1 5 8 21 11 4 9 16 14 11
17 2 10 7 22 11 10 15 7 3
4 2 7 19 5 10 17 8 7 4
23 0 4 5 1 2 1 2 3 1
4 6 10 2 4 4 3 7 3 9
3 3 11 2 19 11 11 7 22 8
2 3 5 4 3 1 12 6 2 1
15 7 3 0 9 2 5 14 14 1
20 0 1 6 9 7 11 7 8 1
10 0 6 9 3 8 13 5 12 9
9 8 5 10 4 3 4 10 3 5
6 10 8 3 3 6 18 5 20 5
0 3 3 5 3 5 3 3 0 4
9 10 6 3 10 2 6 4 2 1
7 0 8 14 2 4 0 5 2 15
10 11 2 2 0 0 1 1 2 2
1 19 8 17 2 9 4 4 6 14
1 2 2 9 0 0 1 9 5 9
15 7 20 0 0 9 2 9 3 7
6 7 10 2 4 3 9 1 2 0
1 12 4 1 5 6 7 8 5 4
8 2 1 10 16 9 7 14 6 8
8 2 10 9 2 1 11 1 0 2
2 7 8 18 11 12 6 16 2 10
6 15 17 11 15 4 15 12 13 10
5 6 9 2 5 5 10 5 6 4
3 5 6 17 7 8 1 11 5 2
1 1 2 4 3 11 5 3 7 7
24 3 6 13 11 12 2 9 2 11
0 5 8 11 0 5 16 2 0 14
6 5 8 4 3 7 5 8 12 17
2 1 1 2 8 0 6 6 5 2
1 5 4 4 0 3 5 2 0 2
1 1 2 5 1 2 8 5 5 0
2 2 8 5 5 10 5 10 2 1
2 5 2 5 9 9 0 4 4 11
2 18 6 10 1 10 12 14 9 19
0 14 3 1 6 16 6 14 4 1
11 5 2 1 12 17 5 4 14 9
4 4 3 10 3 3 5 10 2 7
7 3 3 1 10 1 19 15 8 3
2 4 7 2 11 7 15 7 6 6
2 4 2 3 4 3 3 7 6 3
5 5 1 4 5 3 4 1 1 3
0 2 3 7 7 3 5 1 6 3
10 6 23 2 7 7 9 7 3 4
10 2 11 5 0 3 21 14 2 16
6 5 0 4 0 2 3 1 4 5
1 0 3 4 5 0 15 4 3 6
19 2 9 0 12 2 10 12 20 1
3 2 18 5 8 6 28 1 8 1
10 4 1 3 0 0 6 4 20 10
1 1 3 12 2 8 14 4 14 3
6 6 12 0 3 3 6 4 5 5
3 6 5 5 2 3 1 6 1 0
4 9 7 5 13 2 15 1 11 12
9 15 11 4 4 9 2 1 1 1
5 2 18 1 4 13 8 2 0 2
1 6 3 12 4 7 3 8 1 3
3 0 1 9 1 9 0 0 5 6
10 1 20 12 2 10 5 1 5 2
0 6 3 13 3 5 10 6 7 7
13 2 4 8 20 6 2 6 11 9
3 1 6 12 15 2 13 7 4 4
0 2 6 1 4 3 6 1 15 1
10 1 17 4 14 2 9 17 16 2
3 11 14 8 2 1 1 13 1 2
12 13 3 18 9 10 2 7 5 15
14 1 6 12 6 13 1 1 23 0
13 13 5 7 9 11 10 0 3 7
5 10 7 0 4 1 2 5 6 9
6 10 10 7 7 2 12 8 12 7
3 6 7 1 8 6 5 0 5 10
12 6 5 6 1 2 9 1 2 7
3 3 14 6 12 21 14 3 2 20
0 15 24 1 15 5 0 16 10 6
9 6 3 0 2 5 8 2 0 10
7 5 4 13 1 1 12 15 8 5
5 3 13 17 4 4 16 3 13 4
5 1 1 9 5 3 2 0 3 4
3 0 3 3 4 3 2 3 5 4
11 7 6 3 7 5 19 8 5 29
0 4 5 7 12 3 1 9 8 14
4 1 0 13 3 6 6 3 5 1
15 16 3 4 0 2 21 7 15 6
0 22 10 7 10 2 11 16 3 11
4 6 7 9 2 1 0 3 0 3
9 5 4 1 9 13 8 1 4 9
3 13 12 4 10 6 6 10 5 23
1 11 6 6 7 27 18 10 10 9
7 13 6 9 13 5 14 2 4 4
2 1 10 16 9 1 2 9 0 14
5 3 2 7 7 3 9 5 5 9
5 7 3 6 4 1 5 5 4 8
8 6 3 8 7 6 12 4 12 6
14 4 3 4 0 3 5 7 12 2
7 4 10 7 4 4 1 5 9 2
5 18 5 1 27 14 6 5 5 8
13 3 7 7 10 3 2 1 6 10
8 8 2 15 12 10 8 6 0 9
4 5 5 0 5 5 3 4 1 8
0 13 17 6 9 2 14 5 3 20
12 12 1 10 10 6 4 10 11 5
3 5 4 10 7 6 7 0 0 1
13 12 3 2 20 3 2 7 9 5
9 10 0 1 3 8 10 2 1 11
9 1 4 18 4 2 0 32 6 5
10 11 2 11 4 7 9 10 1 28
6 9 0 7 1 8 17 8 1 0
15 11 15 12 9 4 1 6 20 4
7 6 11 7 10 10 10 4 13 2
7 2 1 7 16 17 18 18 16 2
6 5 1 13 7 26 10 8 10 0
0 2 3 2 7 6 10 2 5 5
10 11 12 9 16 3 6 4 3 6
2 18 12 11 12 9 12 4 3 10
12 4 5 3 8 3 1 2 5 6
8 8 3 5 2 3 16 15 3 3
10 5 1 9 23 22 17 3 3 4
11 6 4 4 15 6 2 12 17 11
4 10 13 7 14 6 8 8 9 11
0 3 15 11 2 2 11 22 9 8
3 2 24 3 1 9 14 10 21 7
16 4 5 4 1 1 3 5 15 4
8 12 16 6 9 7 13 17 9 8
9 0 4 7 9 9 18 18 6 17
0 8 2 2 2 2 2 5 4 3
1 5 9 1 3 3 7 6 3 5
12 2 9 5 5 5 10 10 17 6
1 14 0 5 3 4 8 4 7 0
1 1 3 2 0 1 4 6 8 1
7 6 2 3 1 3 4 9 2 7
6 3 6 3 3 6 1 1 0 4
5 10 18 1 4 8 6 9 21 0
2 9 3 5 3 9 0 0 1 5
0 10 3 5 14 13 4 5 13 8
1 3 8 14 2 2 14 22 10 6
11 7 19 3 14 4 11 3 7 4
2 12 6 4 2 31 2 8 15 6
5 10 1 2 12 5 14 2 9 11
11 6 6 3 1 11 3 0 6 2
19 11 6 7 8 17 10 11 11 4
4 14 13 1 17 8 17 17 15 0
4 15 3 8 0 16 7 2 3 13
3 19 7 7 12 13 11 12 6 15
14 3 11 4 0 11 0 0 18 6
2 1 18 12 6 1 19 10 7 9
3 1 10 6 2 14 3 0 13 5
1 2 7 3 5 4 2 8 3 4
1 7 0 2 3 7 4 2 4 5
5 2 12 8 8 1 2 8 4 10
5 3 0 1 2 6 0 7 5 4
6 23 4 24 10 5 16 5 7 2
6 17 19 9 0 3 7 7 0 6
13 21 14 12 2 3 10 3 12 14
6 3 15 3 1 26 11 4 5 9
13 18 4 8 18 3 6 16 7 13
20 9 5 5 14 20 4 6 11 9
4 8 13 7 3 4 4 3 33 4
5 8 3 7 3 6 4 3 5 2
4 1 5 0 3 8 0 2 1 2
6 3 0 4 10 13 18 16 6 7
24 2 1 4 0 25 5 4 3 1
8 13 5 4 0 7 11 17 10 0
2 13 2 0 14 8 3 17 8 16
1 9 3 9 5 6 3 3 3 2
21 2 13 3 5 8 2 4 3 9
4 14 1 3 12 4 16 1 10 17
4 2 4 4 7 4 4 1 5 4
4 13 3 19 9 4 23 9 9 2
8 0 3 13 13 1 8 23 10 4
8 5 6 1 2 1 9 2 3 1
10 8 8 4 7 6 6 4 22 12
30 1 3 15 4 13 11 4 6 4
17 20 10 4 2 1 6 1 16 16
7 7 18 20 3 1 18 7 11 2
9 4 10 11 14 16 3 18 1 0
2 6 10 12 27 17 2 13 8 7
12 3 10 11 7 3 4 8 20 5
7 7 2 7 2 4 8 6 2 4
13 1 12 1 9 9 3 10 8 10
9 1 3 8 7 5 4 7 1 2
2 18 4 4 4 5 6 7 13 0
1 3 2 7 4 6 4 4 0 10
3 1 4 3 4 1 8 2 1 0
10 6 14 5 2 6 1 25 1 8
21 8 8 13 24 10 6 3 4 6
15 5 22 7 4 5 2 14 4 14
17 18 6 7 8 5 14 3 0 21
1 1 9 5 6 7 6 9 5 0
13 4 16 9 8 3 10 17 10 3
21 9 10 3 8 12 3 22 5 5
3 5 4 4 15 7 22 1 1 13
9 4 1 3 1 4 9 4 4 5
4 6 4 1 4 4 7 3 8 5
22 4 0 11 1 17 16 1 13 1
6 2 1 1 5 2 1 8 1 5
3 4 0 4 3 4 2 9 6 8
4 7 9 11 9 2 15 5 11 9
21 1 2 4 3 2 9 10 11 6
19 0 7 1 6 5 20 5 10 2
9 3 1 5 0 3 1 7 15 3
7 5 14 3 2 2 9 5 3 2
1 14 5 4 2 2 1 0 2 2
9 8 5 4 13 1 9 5 3 14
7 1 7 7 4 1 5 2 0 2
15 11 14 2 6 15 6 10 1 4
6 2 4 1 8 4 9 5 2 3
1 7 2 10 0 5 5 5 10 3
10 2 7 3 2 10 1 4 13 4
17 4 12 12 11 7 3 3 6 1
1 2 10 5 9 21 2 5 1 20
5 5 2 25 11 4 1 20 7 10
1 5 9 17 7 6 10 0 1 3
14 8 5 5 6 32 3 2 12 8
5 2 11 0 13 3 0 9 7 2
13 11 24 13 5 2 1 1 11 8
0 6 3 6 6 6 2 3 1 5
7 5 12 2 4 1 5 7 1 3
10 15 7 4 11 4 1 2 6 7
9 14 7 10 1 1 9 9 10 7
0 6 10 1 6 1 2 1 3 6
8 1 13 1 16 1 5 2 3 4
1 11 3 1 3 6 3 12 2 1
2 1 3 3 7 0 3 3 3 3
9 15 0 3 2 6 8 1 0 3
1 2 2 4 4 5 6 3 5 7
8 3 12 12 6 9 1 6 14 11
2 10 11 8 3 5 24 18 16 4
3 6 3 12 12 4 6 0 17 0
4 2 4 7 5 12 3 3 6 2
2 9 5 2 5 2 4 1 1 1
2 7 4 15 3 3 6 6 7 7
0 14 10 10 0 13 3 2 10 5
2 1 2 1 15 14 9 15 10 3
1 7 4 0 0 2 4 1 11 3
5 1 1 9 7 9 6 7 5 1
4 16 11 6 14 10 6 4 7 4
2 7 6 4 3 9 8 2 7 1
5 1 6 16 12 15 5 10 2 2
12 6 0 7 7 8 8 4 13 1
10 18 1 14 9 4 5 4 12 3
3 3 4 9 14 0 11 7 2 4
10 1 10 8 3 16 7 9 4 3
0 3 4 4 2 7 14 4 8 1
1 0 11 3 5 1 1 4 4 3
11 9 8 11 4 8 4 0 9 4
11 10 2 2 2 2 8 0 5 5
0 8 1 4 16 12 2 0 2 0
4 20 6 4 10 8 9 8 2 10
2 0 5 0 2 7 3 5 14 0
8 8 11 6 5 4 15 29 0 12
3 9 7 5 12 6 1 13 6 6
6 3 1 3 4 7 1 1 2 1
17 11 7 10 16 3 3 14 1 8
3 3 0 0 8 9 4 6 2 15
2 6 1 3 2 2 3 1 2 6
2 0 5 2 5 3 4 3 3 2
17 3 8 18 2 5 3 12 6 17
15 5 7 3 15 7 3 2 3 4
3 12 3 1 7 10 0 5 11 4
2 4 6 6 0 3 6 2 2 1
8 5 8 2 4 4 5 7 2 1
8 18 3 7 19 2 13 0 2 3
17 20 17 10 11 1 5 15 0 9
4 4 12 11 14 6 13 12 13 8
19 5 7 8 6 14 13 16 13 5
5 3 1 3 3 2 0 1 5 4
19 3 1 16 5 9 10 9 9 14
1 9 2 11 6 2 5 2 1 2
8 3 11 12 3 4 1 0 6 5
2 5 2 1 1 2 0 10 0 3
3 12 4 1 3 4 4 2 1 0
0 13 6 11 8 4 20 7 8 4
8 9 9 5 23 3 13 7 9 5
14 16 1 1 4 0 7 6 4 5
2 6 8 3 15 0 5 1 2 24
4 11 4 10 7 6 3 6 8 6
8 10 10 6 6 16 1 13 5 7
20 15 14 5 8 0 9 9 13 10
0 4 3 1 5 4 0 8 10 7
1 1 1 2 0 10 3 0 2 1
7 5 7 6 1 1 5 2 2 2
9 1 2 2 0 1 1 4 0 7
7 10 17 2 2 1 9 5 5 15
4 3 15 12 4 0 12 2 1 21
11 26 1 1 18 7 7 3 7 10
17 1 9 7 4 0 0 2 1 3
3 7 1 0 5 6 12 6 5 6
15 6 12 0 1 9 6 13 8 5
13 13 11 2 12 5 4 8 1 18
3 16 3 0 22 25 1 1 7 10
5 1 3 5 7 2 2 4 3 1
5 5 2 0 2 1 7 2 2 2
2 7 13 19 8 14 13 7 12 11
2 2 7 1 5 3 1 7 4 6
3 1 7 1 3 1 6 8 3 1
12 19 5 9 2 3 4 5 4 5
1 7 13 12 12 6 3 6 14 4
0 1 0 4 6 5 6 3 8 3
2 7 5 8 5 8 2 6 3 5
0 3 12 1 10 16 15 4 11 22
8 1 6 0 1 9 4 1 2 8
3 6 15 1 9 11 4 3 14 2
1 18 5 4 6 15 11 11 10 8
4 2 10 4 1 2 11 2 4 4
3 1 9 30 2 5 2 1 15 3
0 2 5 1 5 4 5 10 6 7
0 15 14 6 13 13 17 13 11 10
27 5 11 5 6 3 15 1 4 2
0 0 8 10 2 3 2 9 13 9
3 11 15 2 11 21 3 5 9 3
18 0 9 0 3 13 7 2 14 7
2 14 0 4 3 7 12 2 7 7
2 6 2 0 0 2 5 4 5 7
2 9 0 1 4 14 3 4 3 12
18 14 20 4 5 16 6 3 1 16
5 0 3 0 9 7 5 2 2 3
3 6 4 2 1 10 2 2 4 2
2 10 15 3 10 4 7 13 7 11
22 6 6 10 3 18 9 2 16 6
12 5 4 4 10 1 12 9 5 6
3 4 2 3 3 0 3 3 1 7
3 5 2 7 12 6 3 11 4 7
2 5 2 3 4 6 4 7 5 10
9 2 1 0 4 3 1 16 4 1
12 28 6 6 5 2 6 11 0 4
2 3 5 2 2 0 5 3 2 8
7 22 11 11 6 1 7 12 10 3
1 11 24 10 4 2 14 1 2 10
10 13 5 1 3 4 7 5 11 6
6 10 9 7 0 0 8 11 1 19
3 8 3 3 4 6 2 4 4 0
3 9 15 4 17 9 10 2 1 8
1 7 5 3 3 2 3 2 1 1
22 4 8 9 6 16 9 7 4 11
3 6 1 4 3 8 3 1 3 0
6 2 3 3 7 15 4 4 16 1
0 1 1 11 8 16 7 3 5 6
2 10 21 6 2 2 17 15 8 2
12 7 3 6 12 14 4 9 9 10
0 1 12 3 0 1 6 4 2 6
11 1 0 28 14 2 2 18 2 9
7 2 3 2 6 7 7 6 2 7
1 8 7 5 4 13 4 13 2 8
4 7 5 3 3 3 4 5 4 8
1 8 3 0 2 5 10 3 1 4
2 3 1 3 4 8 6 1 1 1
6 2 3 2 1 4 2 8 1 0
16 9 10 13 0 9 19 7 14 1
10 0 1 18 5 27 0 0 1 10
1 14 2 1 1 13 18 7 1 2
18 5 8 3 0 2 3 0 4 3
19 1 1 3 9 3 11 6 9 8
1 21 9 1 7 9 3 9 1 2
1 10 8 15 2 2 13 21 10 2
14 5 27 14 13 2 6 0 11 6
5 7 7 4 5 10 0 8 1 5
10 3 12 25 1 10 12 10 17 4
7 3 12 8 1 4 6 3 4 8
8 17 15 5 3 17 10 2 12 15
13 1 5 5 1 6 0 6 4 3
15 14 5 10 12 0 17 12 1 3
19 5 20 1 11 16 1 3 2 11
6 1 0 9 2 11 18 12 17 9
2 4 1 6 3 13 7 5 10 2
4 13 2 7 14 12 4 10 12 9
7 2 2 7 1 3 5 3 3 7
16 17 4 12 9 6 17 2 18 6
4 0 6 13 5 12 20 3 2 4
9 7 3 20 6 2 0 1 22 8
2 1 4 2 3 8 5 4 6 3
8 8 5 0 3 1 6 8 6 1
1 9 1 11 9 4 2 11 6 5
13 17 2 10 8 9 9 24 1 8
5 7 1 17 8 18 3 4 7 12
1 15 13 4 22 1 8 3 5 16
16 14 6 18 2 1 6 7 5 2
10 26 8 11 1 4 13 15 4 6
5 5 7 1 1 0 0 4 1 4
4 3 4 1 2 1 5 6 3 1
1 12 8 1 4 12 11 11 0 1
4 14 8 7 18 4 7 7 1 1
3 1 3 12 3 3 3 3 6 3
0 24 2 7 3 12 5 9 19 5
2 5 7 8 2 18 13 10 4 7
2 5 17 8 8 3 6 13 11 5
2 7 19 10 18 17 13 0 2 17
1 4 4 4 0 5 0 5 3 3
3 8 7 7 6 12 1 2 19 8
13 2 19 1 3 7 9 1 9 6
9 10 24 0 7 2 1 14 6 16
3 0 5 3 4 4 1 2 9 1
7 8 1 2 0 9 3 1 2 1
5 4 7 6 2 11 10 7 1 11
9 17 1 21 3 6 11 17 7 3
6 16 1 25 10 6 22 1 7 0
5 0 3 5 7 5 3 1 1 3
6 2 1 2 3 5 2 2 10 1
6 4 11 16 5 5 1 7 18 17
8 16 21 2 9 10 0 11 2 10
17 16 17 4 14 3 11 5 5 10
7 7 9 2 6 1 4 4 3 5
0 10 4 7 6 10 4 3 4 2
4 2 8 0 1 6 10 6 6 4
3 12 15 3 7 7 13 14 3 12
3 4 11 3 15 7 26 11 10 12
7 3 5 0 3 1 3 8 1 13
6 12 4 1 2 1 1 4 1 7
8 2 0 3 12 14 8 8 8 4
2 2 5 4 1 0 4 1 7 1
1 4 0 2 3 3 7 3 5 2
6 9 10 2 8 2 15 9 5 0
1 4 5 3 1 8 3 3 1 4
13 11 13 0 5 9 1 10 5 8
2 1 6 5 5 10 11 3 1 0
7 15 24 11 16 8 7 3 13 1
17 20 10 7 15 2 6 6 2 4
1 4 9 11 6 2 0 13 2 16
3 1 1 3 34 10 3 7 3 7
9 9 8 15 3 14 7 3 0 15
3 1 0 10 14 8 4 1 20 3
2 4 2 8 3 2 9 6 4 1
11 3 0 3 1 2 2 3 1 2
14 2 4 9 14 4 3 6 1 8
3 15 3 8 2 2 2 1 2 3
1 8 1 3 6 13 7 12 3 22
16 18 4 8 3 4 0 11 15 10
1 2 11 3 12 0 7 2 3 2
12 11 3 2 2 8 4 5 4 0
2 1 6 4 4 13 8 2 12 10
7 8 1 0 2 0 12 4 15 5
7 0 5 8 18 10 3 7 2 6
8 1 4 9 8 6 1 2 4 1
12 0 11 12 17 13 15 21 1 5
0 2 11 6 11 1 2 7 8 1
12 3 8 2 2 5 2 11 7 2
4 3 3 5 2 4 12 0 1 9
6 12 4 0 1 12 14 1 12 1
3 11 7 12 6 2 3 4 1 12
0 13 7 3 11 12 5 8 3 1
5 2 9 5 6 1 0 2 9 4
3 5 5 8 3 10 3 4 8 13
1 8 2 14 1 21 5 5 3 9
0 19 8 2 1 5 19 12 9 2
15 9 1 7 3 2 9 8 9 9
2 3 3 3 15 7 5 10 2 6
0 2 1 3 0 1 17 1 21 4
6 9 19 6 3 2 6 13 17 11
11 3 4 1 5 3 4 6 4 1
7 2 4 4 2 3 1 1 0 2
3 14 15 5 1 4 2 12 13 6
4 8 6 16 4 13 8 21 3 7
12 13 12 2 4 6 4 8 16 2
4 2 1 3 9 9 5 6 2 5
21 6 25 4 0 2 8 12 1 5
8 0 5 6 5 10 12 2 5 9
8 8 11 10 5 4 7 6 2 1
9 2 2 5 5 12 2 6 14 3
0 2 1 0 3 2 5 4 7 5
8 5 3 9 7 3 4 7 3 4
1 1 8 6 4 6 6 8 6 1
2 0 5 7 1 10 1 2 1 2
16 7 0 2 3 8 5 14 12 14
19 10 7 6 5 8 13 10 1 3
9 0 3 6 3 8 8 3 6 2
13 2 2 4 5 1 4 8 4 5
11 11 12 6 19 14 8 13 2 9
21 16 6 6 11 9 11 20 6 5
10 1 5 1 5 8 0 7 2 6
2 2 1 4 6 2 1 6 2 5
10 3 0 1 1 1 1 3 1 0
3 8 3 13 7 8 5 0 10 20
7 6 2 14 3 5 3 2 7 1
5 10 2 3 5 7 19 2 8 6
15 3 12 13 1 1 23 18 3 5
5 9 1 1 6 3 5 9 6 8
18 12 14 2 1 0 10 9 20 4
10 1 17 0 3 5 17 19 3 21
3 3 6 4 5 0 6 1 5 5
6 9 6 3 12 0 2 11 5 8
12 2 11 6 7 14 17 21 3 12
3 12 10 6 6 6 3 12 0 10
4 6 17 5 9 25 18 1 6 6
12 22 20 5 6 1 12 1 10 9
1 0 9 13 3 2 3 2 6 7
19 12 15 15 5 6 9 10 0 14
6 3 6 2 8 4 2 15 21 19
6 3 6 21 5 17 11 13 3 9
7 4 13 1 26 18 2 7 5 14
6 6 7 0 13 3 10 5 4 14
2 0 6 3 2 6 6 1 2 5
3 0 2 3 3 11 2 5 8 8
7 5 8 2 3 11 3 5 11 2
3 12 2 5 7 6 1 10 3 3
1 0 1 3 12 2 7 5 7 5
0 1 3 15 8 7 2 0 8 4
9 1 11 2 12 7 2 1 6 1
9 9 20 9 0 13 0 3 2 1
4 1 3 7 2 3 1 11 10 6
3 5 7 13 3 3 8 3 5 14
6 4 2 8 6 5 12 3 4 4
19 5 8 5 2 3 7 9 8 5
1 0 4 7 2 6 0 7 8 6
1 2 0 5 17 1 1 13 7 3
2 14 13 6 21 2 11 3 5 1
4 6 4 7 3 12 11 5 7 1
18 0 5 15 9 16 6 1 7 4
2 1 3 16 14 3 0 7 1 9
15 6 1 12 0 3 7 10 6 16
10 15 8 19 17 7 8 5 5 4
3 5 5 8 7 4 7 3 6 2
2 1 7 4 1 1 2 2 3 6
9 2 3 10 2 3 11 6 7 1
4 2 0 8 1 6 0 0 6 2
3 10 5 20 12 12 10 13 1 14
8 1 9 10 8 2 3 3 8 1
10 1 4 12 6 5 5 1 8 2
8 7 2 7 0 4 3 4 7 5
14 1 14 10 0 9 5 21 3 11
1 8 4 2 1 4 2 6 12 3
6 4 3 2 0 4 5 1 2 1
5 6 9 16 1 8 4 12 17 16
3 6 2 6 9 6 4 4 1 5
4 11 5 21 3 12 1 16 3 10
0 2 10 3 1 3 4 1 4 0
14 10 17 7 15 4 6 9 10 9
8 2 4 28 11 8 4 3 9 3
4 5 0 6 0 1 3 1 10 7
3 3 4 6 5 3 3 3 1 4
1 2 2 1 4 3 3 7 10 2
13 3 3 8 2 2 0 2 7 11
7 4 6 0 7 13 11 9 25 11
6 19 11 2 0 1 7 3 8 3
7 10 7 8 11 20 2 1 4 13
2 7 0 0 1 6 7 5 7 14
1 10 17 15 4 6 0 9 15 8
1 0 10 14 7 17 11 4 2 4
6 19 0 5 20 2 4 18 6 11
0 4 21 6 11 2 2 13 10 10
7 2 5 3 1 2 5 4 3 5
1 1 16 4 11 12 8 14 9 9
5 1 5 5 1 1 1 1 2 8
3 5 1 3 14 2 9 5 17 0
3 1 1 2 10 3 8 16 3 5
1 6 1 0 3 1 4 1 7 5
16 4 4 2 7 5 6 2 0 7
2 1 5 2 4 1 0 8 2 3
3 2 6 1 2 17 11 2 10 1
4 6 9 4 1 13 1 5 11 3
5 2 8 4 1 4 9 1 1 7
6 6 5 7 8 7 3 20 13 20
5 11 1 9 11 8 11 9 1 6
21 14 3 12 4 5 9 2 3 9
5 4 3 3 8 1 2 2 3 4
9 1 9 8 0 25 5 19 17 2
2 3 1 4 5 1 4 8 2 3
1 7 12 5 13 7 2 9 10 9
3 7 3 2 1 0 4 2 7 9
5 1 13 6 0 1 0 16 11 29
1 7 10 22 11 5 1 1 4 16
14 12 4 8 3 14 5 16 5 4
17 16 8 0 18 12 10 10 0 15
5 2 1 6 2 1 0 5 2 3
2 1 3 9 4 16 16 2 1 9
3 4 2 0 4 3 5 9 2 3
8 3 0 3 9 2 21 10 13 12
11 1 18 4 9 13 12 10 6 7
4 9 9 0 3 13 2 6 11 7
14 5 11 2 6 15 2 2 8 3
13 11 17 10 13 20 6 1 14 7
2 8 2 4 1 1 4 8 16 2
12 1 3 1 1 10 0 16 9 8
2 9 5 6 3 6 6 3 6 4
18 8 6 6 9 3 4 3 1 5
21 6 5 0 7 3 2 4 10 13
5 3 1 4 8 1 12 0 12 5
3 0 4 4 7 2 3 1 6 2
7 6 1 5 2 3 2 0 17 0
1 0 6 1 0 5 3 1 0 5
12 12 1 2 11 0 8 5 25 6
11 6 8 8 0 6 2 11 3 3
3 1 7 1 5 8 5 6 6 1
4 7 2 14 3 12 5 6 1 28
3 3 7 1 1 2 0 0 11 0
5 7 9 2 14 6 8 1 12 5
14 21 5 15 10 6 3 12 10 2
1 10 10 8 4 12 1 19 13 5
2 0 4 3 0 1 7 2 2 5
18 4 8 14 5 13 2 9 6 1
8 8 4 19 2 3 21 7 4 6
7 9 4 9 5 10 4 6 5 1
10 10 11 6 3 16 5 10 1 2
9 3 11 12 12 24 3 2 12 7
1 1 0 1 2 3 3 10 7 16
7 7 12 4 7 4 25 5 11 14
19 8 9 1 15 4 2 4 7 13
7 2 21 15 5 1 12 4 16 14
7 2 20 5 3 18 7 6 13 4
2 5 9 11 23 2 17 0 11 6
2 14 12 11 7 0 7 4 8 8
5 2 1 2 0 5 4 7 2 3
20 2 6 7 13 9 15 0 8 13
5 2 10 5 5 1 3 4 0 3
0 8 22 6 9 2 1 3 13 4
21 2 10 13 7 3 6 3 9 5
10 5 9 7 13 5 9 6 13 4
4 7 3 11 4 13 10 4 3 2
6 12 15 4 7 10 4 4 4 4
3 12 3 4 1 16 6 9 5 5
5 25 12 7 9 14 4 2 16 2
8 14 9 10 10 0 8 15 12 7
2 8 7 12 3 4 6 24 15 18
5 6 3 6 2 8 7 6 6 1
1 1 6 4 8 1 1 2 2 1
14 0 9 2 8 20 8 17 12 3
1 4 9 2 6 8 0 6 1 2
7 8 4 8 1 9 1 0 3 5
4 0 2 12 10 9 2 3 3 8
4 2 3 6 2 1 2 4 1 3
1 13 7 3 3 1 0 12 2 1
13 10 3 3 0 4 25 13 8 2
14 6 13 14 11 1 1 4 10 2
2 8 2 1 9 13 14 15 12 3
13 8 7 5 10 2 15 5 1 1
6 16 6 8 7 5 5 14 18 12
0 5 7 1 3 9 18 3 1 2
3 1 2 3 1 3 5 1 4 5
15 10 9 7 16 9 10 4 9 5
11 23 11 9 9 3 2 2 7 13
3 9 11 11 12 4 11 3 8 6
17 1 6 17 1 10 10 13 2 3
1 18 2 12 6 5 0 1 7 22
9 6 3 6 4 8 1 5 15 3
17 3 10 2 7 13 9 2 5 18
11 0 11 6 20 2 8 13 12 5
2 2 7 9 2 2 1 0 2 1
11 12 1 7 18 2 2 0 6 1
12 0 0 10 14 13 9 0 3 2
3 6 6 6 3 0 1 8 1 2
4 3 13 4 3 4 3 4 11 0
9 1 1 2 5 8 7 11 11 5
21 0 12 2 1 9 7 12 5 14
5 8 6 4 6 20 2 2 0 10
3 8 3 6 3 1 5 0 6 3
10 1 1 6 1 1 5 3 8 3
4 5 3 3 5 3 19 11 22 3
1 4 1 15 13 3 5 5 13 15
9 0 12 0 5 7 1 8 0 13
11 11 5 11 13 12 19 1 1 8
4 1 1 7 3 2 6 5 2 1
6 3 3 3 3 3 1 2 8 1
3 5 1 11 13 6 1 3 9 11
1 1 4 2 10 1 1 4 1 2
1 5 1 7 4 3 4 1 1 2
8 0 6 10 2 5 20 1 15 14
16 1 5 7 7 4 5 8 7 1
1 0 5 0 3 4 3 8 6 4
32 6 6 10 9 11 4 1 10 11
1 4 18 3 4 4 10 13 14 3
4 1 10 3 1 5 1 2 1 12
2 1 3 1 1 8 2 1 4 0
5 5 4 3 17 18 3 1 4 12
1 6 10 5 6 2 7 9 3 4
8 8 0 6 6 2 3 3 4 5
4 1 8 3 1 1 6 9 0 4
13 7 5 10 10 4 3 13 13 0
8 5 10 1 11 2 30 6 9 5
0 14 13 4 2 7 0 6 7 5
23 7 5 0 8 8 0 12 4 7
10 7 14 0 18 1 6 2 13 4
2 2 4 4 5 5 2 2 3 5
0 7 5 2 7 3 1 2 8 9
6 3 5 0 10 1 1 28 3 3
1 96
2 42
3 5
3 16
4 62
5 19
5 33
5 65
5 78
6 77
7 51
8 9
8 42
9 66
10 55
10 64
11 35
11 45
11 56
12 83
12 102
12 106
13 111
15 77
15 106
16 23
16 58
16 59
16 116
17 29
18 29
18 103
19 52
19 61
22 74
22 91
23 27
23 33
23 49
23 100
24 71
24 98
24 100
25 35
25 62
25 105
26 35
26 63
28 38
28 96
29 126
31 86
32 110
33 52
33 67
33 71
34 39
34 103
35 53
35 89
35 128
35 132
36 114
37 41
37 45
39 102
39 126
42 57
42 105
46 110
46 129
47 82
47 104
47 138
48 105
48 129
48 135
48 142
49 81
49 99
50 93
50 135
51 116
51 119
51 125
51 129
52 53
52 55
53 123
55 101
55 121
55 127
56 117
57 85
57 100
58 80
58 92
58 107
59 69
59 73
59 98
59 150
60 104
60 159
62 75
62 88
62 109
62 142
62 158
63 80
63 114
64 79
64 84
64 146
65 71
65 98
66 124
66 135
66 144
67 87
68 92
68 115
69 112
69 116
71 119
72 163
73 83
74 77
74 124
74 131
74 139
74 166
75 91
75 103
75 105
75 168
76 150
77 83
77 144
78 101
78 106
78 155
79 134
81 126
81 140
81 161
82 105
82 109
82 114
84 141
86 87
86 114
86 146
86 147
87 162
87 171
88 126
88 128
88 177
90 121
90 148
91 119
91 160
91 164
91 166
92 115
93 168
94 162
95 107
95 160
95 177
96 136
96 148
96 177
100 124
100 185
101 200
102 169
103 153
104 162
104 164
104 199
105 136
105 168
106 127
107 121
107 174
107 196
108 116
108 171
109 125
109 146
109 148
109 153
109 165
109 181
110 152
110 157
110 167
111 131
111 140
112 169
113 138
113 153
115 170
115 214
116 170
117 186
119 163
122 160
122 165
122 171
122 180
122 184
122 212
122 217
123 136
123 179
124 133
124 150
124 199
124 210
127 223
128 194
128 220
130 194
131 185
132 134
132 184
133 141
133 205
133 216
134 143
134 212
135 169
135 224
136 153
137 150
137 159
137 221
138 180
138 185
138 222
139 157
139 191
139 196
139 209
140 223
140 228
141 184
142 236
142 239
143 228
143 232
143 234
143 239
144 207
145 182
146 181
146 220
147 209
148 165
148 173
149 217
149 239
150 156
150 180
150 242
151 219
151 247
152 198
152 202
153 154
153 184
153 216
153 217
153 222
156 159
157 214
158 173
158 182
158 222
158 258
159 189
159 232
160 208
160 240
160 245
160 252
160 253
161 236
162 200
162 250
162 258
163 180
163 234
163 236
163 253
164 203
164 236
165 232
166 182
167 170
167 241
167 263
168 173
168 178
168 217
168 235
168 250
170 202
170 214
171 194
171 224
171 253
171 265
172 173
173 192
174 186
175 188
175 243
176 234
177 186
177 215
177 234
177 275
177 277
178 247
178 254
179 204
179 251
181 197
181 218
181 241
181 243
182 193
182 242
182 259
183 197
183 264
184 268
185 198
186 234
186 246
186 277
186 284
187 199
187 230
187 268
188 210
188 218
188 248
188 265
188 277
189 195
189 214
189 223
189 229
190 201
190 221
191 262
191 270
191 285
193 217
193 227
193 231
194 204
194 219
194 235
194 236
194 277
195 229
195 257
195 274
196 238
197 249
198 234
198 278
198 279
199 233
199 292
200 208
200 228
200 256
200 298
201 203
201 209
201 213
201 260
201 290
201 296
202 223
202 224
203 281
204 298
204 304
206 255
206 305
207 213
207 249
207 286
208 211
208 303
209 272
209 288
210 212
210 290
211 271
211 303
212 248
212 275
213 305
215 259
215 262
215 277
216 252
216 265
217 302
219 273
221 250
221 271
221 279
221 317
222 248
222 250
222 264
222 273
222 275
223 282
225 248
226 240
226 265
226 298
226 306
227 253
227 271
228 283
228 284
229 329
230 277
230 279
231 289
231 292
232 266
232 315
233 304
235 236
236 246
236 279
236 282
236 328
238 276
238 316
239 244
239 279
240 249
240 331
240 335
241 245
241 247
242 246
242 333
243 305
244 299
245 305
245 337
246 335
247 268
247 292
247 302
247 303
247 334
248 264
248 272
248 321
249 284
250 303
250 308
250 316
250 333
251 292
252 257
252 314
252 347
253 269
253 316
253 338
254 293
254 318
254 334
255 256
255 284
255 290
256 299
256 329
257 289
259 289
259 303
260 270
260 349
262 287
262 329
262 351
263 279
264 300
265 332
266 294
267 273
267 302
268 310
268 344
269 292
272 343
273 288
273 299
274 293
274 304
274 306
274 329
274 348
274 351
275 299
275 371
276 333
276 376
277 310
277 317
277 349
277 351
277 376
277 377
278 301
278 337
279 287
279 328
279 364
280 283
280 301
280 326
281 335
281 365
282 340
284 300
284 326
285 293
285 363
286 306
286 339
287 294
287 322
287 353
288 310
288 311
288 367
289 308
289 321
289 327
289 358
291 364
291 367
292 317
293 308
293 328
294 379
294 387
295 306
295 325
295 341
296 361
296 364
297 373
297 387
299 304
299 323
299 342
299 370
299 396
300 332
301 330
301 352
301 359
302 367
305 393
305 403
306 322
306 364
306 368
307 335
307 344
309 312
309 357
310 315
310 403
312 393
313 366
313 378
314 402
315 327
315 329
315 368
316 329
316 356
316 365
316 391
318 396
319 346
320 334
320 350
320 351
320 357
320 373
320 383
320 392
321 370
321 421
322 359
322 363
322 403
323 343
323 361
324 383
324 401
325 350
325 353
326 383
326 385
327 427
329 357
329 374
329 393
330 380
330 428
331 409
332 344
332 425
333 335
334 367
335 366
335 425
336 382
336 399
336 402
337 338
338 355
338 375
338 437
339 342
339 397
339 399
341 412
342 434
343 382
344 362
344 394
344 404
344 407
344 427
345 376
346 360
346 382
347 401
347 416
348 349
348 432
349 416
350 368
350 449
351 436
353 384
354 424
355 428
357 361
357 371
357 385
357 420
357 434
357 445
359 387
360 379
360 395
360 411
360 433
361 403
361 439
362 438
362 462
363 368
364 389
364 411
364 447
364 455
366 451
366 452
366 458
366 460
368 370
368 416
368 435
369 387
369 391
369 431
370 426
370 429
371 406
371 421
372 384
372 467
373 407
373 436
374 410
374 439
374 441
375 381
375 414
375 415
375 432
375 459
375 466
376 396
376 410
377 438
377 457
378 386
380 453
380 468
381 384
381 474
382 405
382 430
382 462
383 396
383 446
383 455
384 436
384 444
384 460
386 389
387 408
389 413
389 445
389 451
389 486
390 430
390 451
390 458
391 484
391 487
392 473
393 412
393 415
393 471
394 395
394 432
394 490
396 405
396 456
396 460
396 469
397 443
397 491
398 411
398 483
400 467
401 432
402 417
402 493
403 423
404 407
404 418
405 439
406 459
408 458
408 480
409 435
410 438
410 473
411 439
412 460
412 461
412 489
412 504
413 453
415 469
416 442
416 458
416 489
416 502
417 456
417 481
418 434
419 441
419 454
419 459
420 438
420 448
422 428
423 487
424 481
425 427
425 433
425 444
425 485
426 494
426 507
426 515
427 470
428 490
429 431
429 448
430 502
432 434
432 439
432 460
432 532
433 501
434 524
434 530
435 520
437 464
438 534
439 459
439 526
440 485
442 467
442 485
442 509
442 534
443 498
444 464
444 496
445 517
446 491
446 531
447 492
447 508
447 531
448 460
448 493
448 495
448 517
448 521
448 527
449 490
450 456
450 466
450 521
451 519
452 461
452 530
453 475
453 477
453 528
454 459
454 471
454 502
455 523
456 462
456 485
456 513
457 542
458 535
459 476
460 504
460 526
460 537
461 487
461 525
461 527
461 552
462 492
463 538
464 467
464 483
464 506
464 547
465 492
465 547
466 474
467 556
467 565
468 568
469 557
469 561
470 505
470 508
470 530
472 505
473 505
474 538
474 553
474 569
475 482
475 492
475 498
475 507
476 485
477 547
477 550
478 500
478 530
478 543
479 496
479 560
480 492
480 541
482 572
483 504
484 489
484 520
484 526
484 556
484 562
484 564
487 490
487 499
487 532
488 572
489 544
490 520
490 554
491 580
491 590
493 520
493 531
493 559
494 555
494 580
495 518
496 549
498 539
498 579
499 529
500 501
500 534
501 533
501 556
501 600
502 521
502 596
503 532
503 535
504 566
506 519
506 536
506 573
507 543
507 596
507 602
507 606
508 524
508 598
509 510
509 538
509 541
510 520
510 530
510 540
510 561
510 583
510 594
511 594
512 595
513 576
514 537
514 610
516 572
517 563
518 566
520 524
520 526
520 527
520 539
520 586
521 552
522 553
522 568
522 613
523 562
524 540
524 563
525 593
526 575
526 608
527 585
527 598
528 550
528 575
528 581
528 610
529 550
529 588
529 596
530 532
531 543
531 556
531 576
531 593
531 614
532 578
533 587
533 591
534 540
534 551
534 592
534 618
535 538
535 570
537 542
537 555
537 602
537 611
537 634
537 635
538 545
539 590
539 614
539 620
541 547
541 560
541 591
541 596
543 550
543 589
543 615
545 562
546 548
546 557
546 593
547 634
548 618
548 640
549 647
550 600
551 639
552 563
552 631
553 579
553 607
554 641
555 617
556 580
557 577
558 608
558 615
559 594
559 624
559 628
559 633
559 645
560 587
560 607
561 622
561 626
562 583
563 574
563 582
563 608
563 609
564 588
564 609
566 613
566 653
567 598
567 641
568 573
568 637
568 659
568 664
569 571
569 608
571 612
571 634
571 638
572 633
573 660
573 662
574 577
574 586
574 629
578 653
579 586
579 641
581 598
581 609
581 656
583 607
584 661
585 629
585 639
585 682
586 607
588 591
590 593
590 635
590 663
590 689
591 633
591 645
591 646
591 682
592 614
592 615
592 670
592 674
592 686
593 615
593 649
593 659
593 680
593 682
593 684
594 606
594 616
594 624
594 656
595 619
595 620
595 650
596 601
596 625
596 629
596 662
596 689
597 610
598 605
598 608
599 627
599 679
600 618
600 626
601 613
601 650
601 698
601 700
602 679
603 606
603 694
604 636
604 686
605 607
605 695
606 639
606 647
607 652
607 685
608 651
609 621
609 705
611 612
611 620
611 627
611 703
614 644
614 664
614 685
614 691
615 690
615 691
616 654
616 680
618 656
618 665
618 666
621 629
622 679
623 648
623 672
624 673
624 674
624 691
625 636
626 637
626 724
628 635
629 661
629 665
629 691
630 664
630 699
631 725
632 643
632 687
633 642
633 655
633 675
634 683
636 733
639 669
639 691
640 657
640 664
640 719
642 647
642 675
643 644
643 677
643 725
644 731
645 655
647 731
647 742
648 723
649 681
649 692
650 675
650 727
651 657
651 701
651 732
653 698
654 748
655 660
655 670
655 679
655 687
656 683
656 704
657 686
658 690
658 708
658 743
659 681
660 707
661 670
661 701
661 731
662 725
662 729
662 740
663 696
663 705
664 694
664 726
666 736
666 746
667 698
667 737
667 747
668 698
668 760
668 762
669 687
669 763
669 769
670 674
670 676
671 756
671 771
672 719
672 737
672 738
672 745
672 760
674 685
674 742
676 692
676 701
677 703
677 761
678 757
680 754
681 703
681 716
681 729
681 739
681 763
683 727
683 761
683 774
684 719
684 731
684 741
685 723
685 758
686 716
686 732
686 736
686 770
687 713
687 720
687 735
687 769
687 776
688 759
688 770
688 784
690 738
690 740
690 784
692 775
693 709
693 756
693 791
694 759
694 768
695 704
695 778
695 789
696 701
696 722
697 769
698 715
698 724
698 729
698 782
699 777
701 730
701 747
701 795
703 721
703 785
703 789
704 728
704 739
704 781
704 786
705 744
705 768
705 797
706 756
707 797
708 763
708 798
708 801
709 726
709 755
709 763
711 748
711 789
711 793
711 799
714 753
714 812
715 761
715 779
716 725
716 736
716 802
717 723
719 733
719 758
719 768
720 723
720 745
720 796
720 814
721 750
721 762
722 791
723 776
724 786
724 792
725 728
725 736
725 753
725 797
725 813
726 810
728 753
728 766
728 799
728 813
729 743
729 764
729 787
729 812
730 788
731 767
732 745
732 789
732 826
734 760
735 801
736 781
736 787
737 820
738 743
738 765
738 782
738 787
739 814
739 819
740 825
741 782
741 808
741 834
743 770
743 785
743 811
744 799
744 803
744 823
745 840
745 845
746 785
746 823
746 835
746 845
748 813
749 761
750 812
750 817
750 819
750 832
750 846
751 785
751 790
751 802
751 847
752 798
752 823
753 797
753 817
753 845
755 801
755 841
756 795
756 804
756 843
757 765
757 782
757 856
758 851
759 777
759 784
759 802
762 801
762 802
763 794
763 812
763 842
763 860
764 766
764 777
766 850
766 851
766 852
768 787
769 799
769 846
770 802
770 810
770 839
771 783
771 796
771 809
771 833
771 850
772 775
772 835
772 852
772 867
773 821
774 779
776 819
777 793
777 816
777 848
778 801
778 811
778 833
778 863
778 870
778 872
779 823
779 854
782 843
784 805
784 827
784 829
784 884
785 793
787 795
787 800
788 836
789 854
791 805
791 836
791 853
791 888
792 863
793 814
793 828
794 813
794 863
795 834
796 865
797 804
797 843
797 847
797 849
798 816
798 819
799 849
799 887
800 821
801 822
801 862
805 905
806 871
808 811
808 814
808 875
809 828
809 878
810 816
810 843
810 850
810 901
811 853
812 816
812 850
813 843
813 844
813 853
813 877
813 893
814 853
815 869
815 876
815 906
815 915
816 822
816 842
816 860
816 905
816 912
817 821
817 913
818 878
819 882
820 840
821 855
821 887
822 864
822 870
823 862
823 877
824 918
825 856
825 920
826 828
826 918
827 874
827 900
828 856
829 870
830 831
830 852
830 887
830 927
831 843
831 903
831 915
833 911
835 907
835 911
835 935
837 868
837 920
838 855
838 889
838 912
839 871
839 873
839 917
840 841
842 856
842 899
842 917
843 844
843 888
843 911
843 913
844 860
844 890
844 903
844 924
845 939
846 847
846 865
846 933
847 850
847 908
849 873
849 947
852 924
852 930
853 892
853 900
853 917
853 940
854 947
855 934
856 896
857 908
858 872
858 933
858 936
858 939
858 954
862 921
862 937
864 877
864 906
864 953
865 868
865 875
866 953
868 939
868 955
869 957
870 886
870 897
870 966
871 883
871 894
871 932
872 934
873 885
873 904
873 910
873 914
873 968
875 903
877 933
879 942
879 965
879 969
880 938
882 909
883 891
883 959
883 981
884 886
884 912
885 908
886 892
886 948
886 986
888 905
888 936
888 973
889 902
889 917
889 921
889 952
889 954
890 930
891 907
891 950
892 949
892 952
895 956
895 974
896 903
896 929
897 946
898 907
898 921
898 941
898 992
899 940
900 963
900 970
901 944
902 996
903 918
903 979
903 985
904 969
904 971
904 981
905 934
905 982
905 997
906 910
907 922
907 971
908 913
908 980
908 987
908 993
909 969
910 955
911 952
912 938
912 994
913 961
913 963
913 972
914 970
914 994
914 996
916 969
916 987
918 938
918 959
919 938
920 930
920 982
921 939
922 929
922 949
923 991
924 967
925 970
925 973
926 929
926 961
927 937
929 943
929 957
929 971
929 980
930 939
931 962
931 980
932 978
934 983
935 989
936 958
937 948
938 960
938 1000
939 940
940 946
940 996
941 979
941 993
944 974
944 988
945 966
946 959
949 992
951 996
954 996
954 998
955 992
957 971
959 966
959 976
961 974
962 977
963 979
963 981
970 991
972 995
973 982
973 986
973 991
977 988
990 1000
5 10 12 2 5 7 3 24 0 12
7 12 21 12 8 12 2 14 17 12
19 2 6 1 37 20 29 9 2 9
5 24 6 23 15 28 2 30 17 14
4 3 21 10 5 7 14 1 3 4
4 12 1 14 11 18 34 14 1 16
6 6 10 14 2 1 19 24 7 38
7 8 4 1 13 9 4 3 6 22
7 2 1 2 8 1 1 7 14 12
9 21 28 17 5 4 20 6 33 8
3 9 7 0 9 3 28 10 8 2
3 3 5 7 8 4 11 13 0 7
11 4 3 3 3 10 3 2 38 11
17 10 2 3 2 6 13 3 20 0
21 8 25 10 12 1 20 5 12 16
18 35 15 9 16 0 10 1 2 6
0 5 4 4 17 0 9 6 16 19
31 15 23 4 12 1 18 16 4 3
6 3 0 16 5 7 7 32 4 16
5 1 16 4 7 16 4 5 16 7
10 4 6 4 13 9 13 4 14 7 12 11 12 18 4 5 13 6 15 11
15 1 11 2 15 12 13 7 11 7 15 20 2 6 10 21 17 16 10 4
11 7 7 7 1 5 5 9 14 1 7 4 10 9 1 3 7 3 5 8
41 19 38 26 54 48 43 39 42 24 48 59 36 37 12 30 41 25 55 37
7 6 6 7 21 7 8 15 14 11 12 9 17 17 10 15 20 1 6 15
1 1 1 1 2 3 1 1 7 1 5 1 2 8 1 1 1 1 3 1
21 12 18 16 18 15 17 21 36 15 31 25 27 36 11 23 25 23 21 16
12 4 11 6 9 17 5 9 13 1 6 14 8 11 3 12 11 8 15 1
61 40 23 32 53 25 39 52 68 32 47 54 60 54 32 44 55 33 44 60
32 30 31 18 42 21 27 39 49 14 33 36 46 42 27 24 40 26 39 47
42 27 46 4 56 24 34 54 67 35 51 53 58 57 49 57 60 44 32 48
30 17 7 14 21 9 18 22 30 11 18 25 21 21 14 31 24 22 24 12
20 10 19 10 31 18 21 18 24 8 22 30 19 15 15 18 30 10 22 25
36 24 34 24 50 28 23 30 52 34 53 47 43 51 25 40 46 39 34 47
32 22 15 25 28 27 30 28 44 20 40 34 35 39 11 16 33 19 34 28
28 11 28 4 31 18 30 19 36 9 33 32 27 32 20 13 34 21 28 27
46 19 46 10 47 29 33 48 60 12 51 54 47 50 31 39 48 43 41 36
29 14 23 15 28 25 12 21 28 14 34 32 19 28 1 18 24 22 21 25
12 1 8 1 10 5 7 13 23 3 22 12 14 23 8 14 22 16 6 7
25 16 26 14 39 21 14 17 35 30 33 32 35 48 21 40 23 30 24 28
13 6 13 5 23 11 12 12 21 13 19 17 19 29 10 25 15 18 12 15
1 1 1 1 6 2 6 4 7 3 5 2 5 10 7 12 10 6 3 2
3 1 5 4 5 8 5 9 11 1 6 6 14 15 1 3 10 1 12 1
11 5 13 5 13 4 13 14 32 2 19 14 19 18 9 8 22 11 16 16
13 8 8 9 14 12 9 12 17 5 9 11 17 17 7 14 14 5 10 12
7 7 5 11 9 10 7 16 23 5 11 9 19 20 9 14 18 8 12 9
42 25 39 32 47 47 28 54 49 16 43 46 36 35 25 41 44 24 45 37
40 22 22 14 57 33 40 30 35 23 40 49 37 41 22 29 30 27 44 41
47 30 36 25 50 26 30 56 66 17 47 46 64 53 22 27 57 19 44 58
6 3 5 3 5 4 8 5 11 5 9 8 4 6 8 13 11 8 3 3
38 18 20 7 27 19 23 33 45 17 35 34 29 32 20 31 35 34 33 20
23 11 10 12 20 22 24 15 27 15 24 26 18 21 7 12 26 8 24 16
33 10 32 15 23 26 30 31 49 9 40 41 40 40 12 18 44 18 32 29
18 15 12 15 22 5 9 18 25 5 11 19 25 20 7 22 18 11 17 26
23 5 31 6 31 15 18 28 41 14 39 37 34 46 19 33 38 32 21 27
54 21 53 27 51 41 32 59 61 7 55 62 50 46 17 38 50 32 53 48
43 21 35 17 29 24 17 40 42 6 34 37 35 38 13 35 29 35 29 34
28 6 33 18 21 23 17 41 43 13 30 26 47 46 14 26 36 10 23 25
5 8 24 2 28 19 6 23 30 16 14 22 30 29 19 27 26 9 14 24
3 1 3 1 10 1 9 1 9 2 2 4 10 11 1 6 5 2 7 6
11 8 5 5 16 1 14 4 20 5 9 10 18 15 3 7 8 7 12 16
15 2 16 6 16 11 1 18 21 2 27 19 19 29 2 12 20 16 9 14
41 23 34 7 37 19 30 29 47 17 37 38 43 39 22 25 33 31 28 39
37 20 47 7 55 29 30 51 56 16 52 46 58 62 33 27 56 28 37 53
10 1 9 1 4 6 1 5 2 1 7 8 1 3 1 7 4 6 4 1
29 16 34 28 40 39 38 40 48 13 49 50 44 44 10 18 49 12 47 39
47 29 30 37 43 46 35 46 52 20 48 57 33 30 15 38 45 32 51 38
37 26 17 20 44 32 40 31 50 22 42 42 42 43 23 16 38 21 45 39
50 27 41 8 54 21 37 38 57 29 58 58 47 52 33 44 49 48 37 45
9 9 1 9 1 3 1 8 14 1 4 1 11 10 1 2 5 2 9 7
3 1 3 1 9 4 4 8 9 1 10 1 8 16 5 11 8 7 5 3
4 1 5 1 4 8 1 9 10 1 4 5 9 9 2 8 9 1 7 1
19 7 16 7 24 10 17 15 33 9 21 24 19 20 15 22 23 19 22 16
4 1 6 1 3 7 1 7 14 1 5 6 8 8 1 5 10 1 6 1
25 6 21 4 34 17 18 19 26 11 20 24 26 26 6 20 20 9 24 23
18 3 9 1 25 7 21 11 22 14 17 22 18 25 15 25 20 19 22 7
29 6 24 10 29 28 21 26 26 6 26 31 22 21 2 17 26 15 30 18
16 11 8 9 14 1 16 10 25 5 4 13 23 8 6 8 15 3 17 20
43 22 36 10 40 16 22 39 45 9 32 36 49 40 19 24 35 21 30 43
1 1 1 1 1 5 9 2 15 3 6 6 5 9 6 8 14 6 7 1
51 26 42 31 48 33 40 53 65 15 46 64 51 51 24 46 51 36 61 40
40 16 19 15 38 27 35 26 40 24 38 40 28 29 10 23 36 20 36 28
30 16 21 28 19 26 9 30 36 1 19 34 30 23 1 17 29 6 36 21
8 3 4 5 11 9 8 1 15 1 13 13 5 11 2 7 13 7 8 9
10 1 13 1 20 4 11 12 20 9 6 10 23 21 7 12 12 1 14 17
51 30 38 8 51 20 42 42 59 26 54 53 51 52 35 35 51 45 43 45
22 2 21 1 12 8 10 15 19 2 18 17 15 20 8 16 17 19 8 13
26 11 18 3 14 6 16 22 32 9 31 22 20 27 19 21 30 27 8 17
16 1 29 11 13 19 13 24 32 1 20 26 29 26 2 9 27 4 25 14
26 20 29 1 47 17 28 40 56 37 42 37 50 55 38 43 47 33 27 36
21 10 21 3 28 15 24 25 40 9 27 31 29 29 24 19 35 16 28 20
10 2 6 5 10 12 8 12 17 1 13 11 9 12 1 6 18 3 11 9
3 1 10 4 1 8 1 10 16 1 10 6 10 15 1 1 9 1 10 3
13 11 1 7 10 4 12 6 21 6 7 4 17 18 2 4 8 5 15 13
31 12 15 13 40 26 31 23 29 19 35 37 18 29 17 35 30 29 30 18
42 35 18 24 41 16 20 48 57 28 30 34 60 50 22 34 38 19 35 53
57 22 43 17 61 31 42 54 66 25 54 56 51 54 35 54 51 46 51 47
8 1 16 5 18 11 5 22 24 10 18 11 22 27 13 18 25 7 11 17
20 5 28 2 36 14 24 32 44 23 28 31 39 39 29 33 41 17 27 25
51 25 32 36 33 30 26 46 56 13 47 49 56 58 1 32 45 18 43 44
17 1 20 8 28 23 19 23 30 8 27 31 20 30 12 27 30 18 26 10
19 3 21 12 11 22 7 21 24 1 24 22 18 25 1 11 20 14 19 6
8 5 1 7 14 10 11 6 22 4 15 15 7 11 4 8 20 7 13 10
33 9 19 5 35 21 30 29 31 19 32 31 26 35 22 37 28 31 30 10
47 19 46 15 47 43 55 49 59 20 50 63 39 42 38 44 50 40 62 26
44 17 44 14 39 26 26 42 41 1 37 40 30 25 19 28 30 29 36 34
7 1 6 1 1 5 1 2 6 1 3 3 1 4 1 5 3 3 3 1
40 30 31 23 59 21 35 50 67 31 49 51 58 58 33 44 59 26 47 54
8 4 6 6 5 10 5 10 15 1 4 7 13 11 2 9 7 2 8 2
36 31 51 12 56 28 18 47 67 39 59 52 59 66 40 58 53 48 17 57
51 17 40 24 39 33 41 43 65 17 50 57 51 48 18 26 53 25 49 39
25 10 23 7 28 3 18 33 48 14 30 25 39 35 24 28 39 22 19 31
2 1 2 1 6 6 1 4 8 1 3 4 6 11 1 6 7 3 7 3
59 32 58 27 47 45 40 58 66 13 52 59 63 55 28 19 58 33 56 52
34 22 12 15 18 13 24 20 36 18 23 22 29 26 14 18 20 18 24 25
24 14 16 25 27 33 29 28 41 17 32 39 28 25 11 18 42 10 35 22
40 31 35 20 42 29 35 45 60 20 31 44 50 41 37 28 51 26 46 45
23 11 9 9 21 9 14 17 22 11 21 13 26 29 6 11 17 10 13 19
16 11 10 12 10 9 5 23 26 5 11 7 24 18 8 13 19 8 13 16
31 8 19 10 27 26 19 26 18 7 26 27 18 16 2 16 20 14 23 16
6 3 4 3 11 8 4 8 9 5 4 6 11 15 6 12 8 1 6 6
9 1 11 1 5 5 1 6 12 1 6 6 7 7 1 7 7 5 5 6
59 30 42 23 53 31 36 47 61 22 48 57 50 51 21 51 38 46 51 48
28 14 12 7 25 12 24 11 30 13 19 26 22 21 9 17 16 19 27 20
29 10 20 15 25 20 27 30 43 19 27 30 37 41 18 27 30 17 31 15
6 1 10 1 10 5 6 6 13 1 6 9 8 4 5 9 9 5 9 9
6 3 1 5 8 3 1 5 9 1 2 5 7 3 2 7 9 1 2 8
44 23 26 24 49 39 41 34 42 15 37 45 27 22 15 31 34 27 45 32
8 1 5 1 6 1 8 5 6 4 10 2 8 15 2 3 6 6 5 3
34 11 28 9 30 17 21 24 33 11 30 30 28 29 7 27 20 29 28 26
15 4 16 4 8 7 8 13 21 5 18 13 12 15 8 15 17 15 6 12
7 1 6 1 8 9 11 8 14 5 9 9 10 12 9 16 13 8 7 4
8 3 8 3 6 7 8 1 10 3 7 11 3 7 6 11 11 8 5 5
1 1 4 1 3 1 1 1 5 1 1 5 1 1 1 4 6 1 1 3
51 29 27 44 38 45 32 49 50 13 42 55 43 39 1 29 44 17 55 38
23 10 14 11 17 16 21 21 34 15 26 24 24 31 17 23 28 21 23 7
17 1 24 1 18 10 9 15 22 1 15 19 17 16 6 11 17 12 17 16
11 8 10 10 21 11 16 8 21 5 20 20 10 12 7 11 22 11 15 17
15 2 14 3 28 4 14 16 28 14 28 18 22 33 11 21 26 17 11 24
32 12 29 17 32 27 30 32 48 14 38 44 31 32 19 27 43 26 39 19
14 6 21 5 27 14 1 24 26 14 27 17 24 33 14 24 25 13 9 24
26 10 23 4 16 7 11 18 25 5 19 19 25 25 8 12 19 14 10 22
28 3 24 5 38 27 20 33 25 12 31 26 24 31 13 29 27 18 25 18
8 1 7 1 4 2 3 8 5 1 7 3 9 11 1 5 6 3 1 3
19 6 18 9 27 16 17 24 37 15 22 27 29 32 18 28 31 17 24 15
52 33 31 35 46 40 33 49 55 28 53 49 44 42 20 39 50 28 39 45
51 22 32 16 49 41 46 47 49 20 51 54 24 34 32 47 48 43 49 27
49 40 10 43 40 22 30 48 51 22 22 42 48 33 16 34 47 17 45 42
48 32 26 26 53 28 37 41 57 41 65 53 44 54 26 45 51 43 38 42
45 34 31 16 47 19 24 53 67 36 44 43 62 62 35 52 51 33 28 51
6 2 4 2 11 3 5 8 10 4 4 4 12 14 8 16 10 4 1 6
27 9 18 5 33 21 28 23 35 22 26 34 31 38 19 29 26 22 35 16
12 4 19 6 12 11 12 15 30 3 13 17 21 16 8 12 21 9 16 14
33 14 23 6 27 15 25 28 42 16 39 35 26 33 26 29 41 32 22 24
60 25 58 6 64 41 54 52 62 18 62 65 49 57 42 46 51 55 55 48
39 17 28 18 34 19 17 40 53 14 30 37 39 29 20 36 46 23 30 39
32 14 27 22 14 21 14 31 40 6 26 26 37 35 4 14 29 16 30 23
28 18 11 18 23 15 3 20 27 5 21 26 19 21 1 20 19 11 21 25
16 9 7 11 7 8 6 12 16 1 15 8 13 14 1 4 12 6 8 11
32 18 32 8 56 17 35 43 53 36 53 46 47 54 37 41 56 33 30 44
46 25 28 24 43 28 28 51 62 27 40 47 57 54 24 43 53 22 43 38
5 1 3 1 8 6 6 3 5 3 10 5 6 16 1 6 4 7 7 3
36 27 29 29 47 30 21 49 59 28 45 46 52 53 20 43 53 22 36 47
58 32 32 28 61 48 57 49 60 39 56 66 46 43 27 45 52 31 64 34
28 14 18 16 19 22 15 20 28 5 16 27 17 6 9 23 22 17 27 19
25 6 26 8 34 18 23 22 28 10 29 32 19 21 16 29 29 24 23 20
6 1 5 1 7 4 1 3 3 1 9 6 3 9 1 6 5 3 1 1
29 1 37 16 28 33 19 40 34 7 39 35 35 45 8 31 34 20 29 21
15 4 6 6 16 14 6 10 11 1 9 12 10 13 1 13 8 8 11 7
13 4 21 4 25 15 14 9 20 7 18 24 13 19 7 23 12 21 19 15
7 3 3 3 4 3 5 4 7 1 4 3 7 8 1 6 4 1 3 1
14 1 13 3 18 7 10 9 15 11 28 19 9 22 10 22 20 22 5 11
13 4 10 6 19 11 15 4 13 6 16 17 11 17 6 11 17 11 14 14
33 11 45 16 41 24 26 47 62 19 47 45 56 58 28 37 53 26 33 39
1 1 2 1 9 1 4 2 10 1 2 4 7 5 4 9 11 1 3 6
35 14 20 8 16 12 14 25 35 5 18 21 30 23 7 19 21 18 20 23
35 19 36 9 36 13 17 19 37 21 40 36 37 46 15 28 21 34 20 39
10 1 4 1 5 4 7 2 4 1 7 6 5 8 1 3 9 1 3 2
19 5 16 7 14 18 11 14 16 6 10 15 17 18 1 13 10 9 19 6
24 9 11 8 28 16 20 22 30 16 32 25 19 30 20 29 32 24 20 12
36 12 18 11 23 15 22 23 41 15 29 30 30 33 12 20 30 23 28 22
21 14 29 8 35 12 5 30 37 25 35 23 43 52 16 31 24 24 11 34
26 6 26 1 30 11 24 19 34 11 28 28 32 35 14 20 26 20 24 26
55 29 34 24 40 38 30 50 52 14 43 48 52 46 14 29 37 27 44 41
6 1 2 3 10 11 3 6 9 1 6 10 6 7 1 7 12 1 9 7
26 12 12 7 34 20 28 14 29 22 25 31 25 31 19 24 24 18 28 23
50 25 39 29 48 50 50 45 59 21 53 60 51 48 16 17 48 19 61 42
12 10 20 9 22 20 1 31 32 12 25 19 30 31 13 19 31 5 10 22
19 3 13 5 14 10 2 16 13 1 12 13 14 13 2 13 14 8 6 11
12 6 8 6 7 12 1 5 10 1 4 10 6 6 1 9 7 6 10 5
27 9 23 11 32 13 10 23 26 7 30 30 25 26 2 19 24 18 13 31
59 36 18 21 51 39 53 47 56 38 45 53 48 45 38 49 35 46 58 32
5 1 4 1 4 6 1 1 5 1 3 6 1 2 1 10 6 4 4 1
1 1 1 1 1 1 2 1 5 1 5 1 1 8 1 2 2 2 1 1
42 32 45 20 63 35 30 53 61 35 54 52 59 54 30 38 55 28 34 62
8 4 17 8 13 14 6 11 23 1 10 18 17 14 4 8 15 5 19 11
57 32 42 27 59 35 36 30 55 30 53 60 41 41 25 49 34 45 51 47
5 1 7 1 12 2 9 2 20 3 14 11 7 14 6 12 13 11 9 6
22 4 24 5 17 17 9 25 26 5 21 22 23 27 12 24 26 20 15 16
31 20 26 18 31 24 9 17 30 17 30 31 26 31 12 35 15 33 25 23
13 3 6 3 12 3 8 9 16 5 16 10 8 15 9 18 12 14 4 3
14 12 13 12 10 5 9 13 21 1 7 13 18 8 5 6 12 1 14 19
23 1 18 1 22 21 18 16 16 5 22 23 14 25 3 17 7 18 25 5
15 1 18 8 19 17 7 23 27 2 28 22 22 33 5 18 28 15 13 17
42 20 33 8 48 30 38 37 45 9 36 45 40 36 25 29 35 29 46 34
29 11 17 6 40 8 26 25 33 30 40 30 32 46 25 39 35 31 18 23
52 33 37 21 61 33 42 49 60 27 55 52 59 54 24 23 53 20 45 60
2 1 7 1 10 5 2 3 11 1 8 8 7 9 1 4 10 3 9 6
13 3 14 5 22 8 5 16 21 6 14 14 15 12 7 15 22 2 8 19
26 17 13 17 32 22 15 10 25 18 30 29 20 24 2 19 18 17 20 24
9 1 13 4 9 10 6 12 21 1 11 11 14 13 6 10 17 8 13 10
21 7 15 9 17 15 11 14 17 3 20 18 9 11 6 17 18 15 11 11
13 1 18 1 22 7 13 12 13 2 11 15 16 16 6 16 13 11 14 11
15 1 14 2 17 7 12 22 33 13 20 15 26 29 15 21 29 12 12 14
14 1 21 1 14 10 12 11 15 1 11 18 6 3 4 13 10 12 15 8
42 26 27 28 47 28 25 32 49 19 37 52 37 38 12 44 37 32 42 39
44 23 33 14 45 21 30 30 38 18 34 43 37 32 13 32 17 29 40 37
32 23 11 20 36 20 30 35 46 25 44 37 34 41 21 32 40 29 33 27
38 25 26 16 49 32 34 39 52 37 40 40 52 52 34 39 41 29 37 45
8 1 5 1 11 12 1 3 6 1 4 11 3 5 1 7 7 1 9 4
19 10 30 14 18 15 13 29 44 4 32 27 33 31 13 14 36 21 22 25
36 17 23 16 26 17 20 27 41 5 19 30 36 22 7 14 31 9 34 33
17 14 13 6 31 6 15 11 18 22 26 19 25 36 8 20 9 18 13 24
22 17 20 15 31 18 25 30 43 11 23 28 36 25 23 20 38 10 28 34
15 3 18 4 22 17 8 15 20 4 20 21 13 21 6 23 15 19 16 10
14 5 11 6 11 16 11 11 17 3 12 15 9 14 6 16 13 15 14 4
18 4 12 16 11 18 25 18 34 11 23 24 25 29 10 15 31 10 26 8
29 11 41 22 32 40 24 46 43 14 38 38 40 43 19 42 39 18 34 23
43 11 44 22 36 31 34 43 60 16 55 58 45 54 18 41 54 37 43 32
22 3 23 5 26 16 14 20 23 1 21 24 16 12 7 20 20 16 19 17
2 1 4 1 4 5 4 1 10 1 6 8 2 3 4 8 10 4 5 3
58 32 36 28 53 20 33 42 66 28 54 59 52 51 23 44 53 41 44 54
36 26 25 29 41 27 14 35 45 20 34 39 38 38 12 38 34 23 32 40
12 4 4 4 2 2 7 9 17 1 6 1 14 12 1 3 9 4 7 7
20 13 21 8 23 17 19 17 26 2 21 27 17 12 12 3 26 5 23 24
25 8 29 6 35 21 18 22 31 14 28 33 34 41 5 19 15 21 31 26
6 1 10 1 14 5 3 1 6 1 4 12 2 5 1 11 3 9 8 5
23 2 20 11 19 19 17 28 37 10 35 29 28 39 14 24 37 22 21 9
16 10 12 13 18 14 20 14 36 7 21 25 30 27 5 5 24 8 28 20
11 7 15 3 32 9 16 19 27 17 23 19 25 26 14 19 28 5 14 26
26 12 15 14 27 14 18 28 38 15 32 27 26 22 13 19 37 15 16 30
8 2 11 2 16 5 17 6 20 5 10 14 17 16 9 9 17 6 17 13
32 12 29 12 23 16 25 35 54 9 37 37 38 38 19 18 42 23 35 23
33 25 20 33 34 29 21 37 50 9 27 43 39 25 9 25 44 12 43 35
6 1 8 1 3 5 4 2 11 1 6 7 1 5 3 7 5 4 5 3
37 23 25 25 31 22 22 43 55 21 31 33 54 51 18 34 40 15 36 34
15 7 11 7 9 13 4 9 11 1 8 13 6 4 1 10 9 7 10 5
5 1 3 1 8 5 2 4 3 1 1 5 5 6 4 12 7 3 3 2
11 10 1 11 1 3 1 13 20 1 1 4 14 7 1 6 9 1 12 10
12 1 10 8 6 16 8 12 16 1 15 14 14 19 1 1 16 1 15 4
41 13 38 13 44 33 31 39 47 14 44 47 43 46 18 33 40 31 38 32
15 6 12 6 18 13 7 13 14 4 13 12 12 19 7 20 8 14 11 8
44 27 40 22 44 27 15 27 47 22 49 44 42 49 19 35 35 38 26 45
17 10 1 7 22 11 19 7 12 11 18 16 14 18 2 6 15 5 15 13
23 7 24 7 33 19 21 26 25 8 25 25 13 20 22 38 22 26 17 17
12 2 5 4 4 6 6 5 12 1 9 6 7 7 1 5 11 3 3 5
10 5 2 5 2 5 7 4 16 2 6 8 6 4 5 10 10 6 6 3
39 22 29 32 37 36 30 40 49 18 43 42 46 41 3 14 42 10 40 36
49 19 44 7 58 21 39 39 51 26 56 57 46 54 32 49 49 49 35 42
16 8 16 4 15 7 16 13 26 1 12 16 20 13 9 4 18 2 17 17
34 21 27 27 39 35 25 33 44 17 39 45 30 25 7 23 36 21 39 34
26 8 14 4 30 21 22 19 28 16 27 26 27 36 13 21 21 21 24 20
23 6 22 4 25 10 12 13 25 11 27 26 12 20 8 28 15 28 14 16
24 6 34 9 30 17 17 34 42 14 29 28 45 47 16 24 36 16 25 30
33 17 13 13 31 27 29 19 35 20 35 33 26 37 16 21 26 26 30 21
22 17 11 21 22 15 14 19 37 16 33 29 22 29 10 23 30 23 23 22
39 31 9 25 32 18 21 41 49 21 25 27 52 47 16 26 33 17 36 41
13 3 13 3 26 9 12 11 24 14 22 22 13 26 15 29 20 21 14 14
14 2 18 2 20 14 6 16 20 3 7 16 17 12 5 18 13 8 17 12
38 23 46 18 43 26 19 45 57 12 40 44 54 50 20 29 42 29 38 47
39 14 39 7 40 22 17 32 34 5 39 41 30 31 10 30 25 33 24 35
34 12 43 12 43 31 39 45 58 20 44 45 53 54 34 27 57 22 43 36
45 23 40 13 42 19 20 51 55 20 39 42 46 40 31 52 45 34 26 43
49 30 31 37 45 45 36 57 55 24 46 48 47 37 19 41 50 22 48 39
43 26 42 14 54 28 29 22 39 30 44 50 41 47 23 32 23 35 41 43
21 4 16 1 18 9 16 8 18 8 13 17 16 15 4 13 9 12 16 13
25 5 27 14 12 21 8 26 35 1 20 26 26 18 1 12 26 12 24 16
45 17 21 7 43 17 35 34 41 28 41 42 38 44 28 39 42 34 30 28
12 8 13 8 20 7 6 22 28 12 21 9 23 29 13 23 19 16 9 21
26 13 8 16 25 24 26 24 33 17 29 28 22 23 8 18 34 8 24 18
31 13 23 8 14 12 10 23 31 2 17 18 26 22 9 16 20 18 14 22
38 23 50 26 49 31 21 43 62 22 56 51 56 60 26 41 52 38 34 50
39 32 6 27 35 17 24 31 42 19 17 32 44 35 15 27 28 14 37 40
19 8 19 1 13 6 14 20 25 6 26 17 20 25 16 21 25 23 4 16
37 13 37 9 53 22 25 27 39 21 39 40 38 40 16 39 22 30 31 37
6 1 5 1 6 4 4 3 6 1 6 6 5 7 1 5 7 1 3 3
39 29 34 17 42 29 35 35 51 15 33 41 48 43 25 17 38 26 46 41
47 38 14 29 49 29 30 46 52 34 36 42 54 46 31 44 42 23 37 48
52 24 34 24 50 30 33 44 48 23 53 51 36 34 17 44 39 40 34 43
23 14 14 14 36 21 29 26 38 18 31 34 26 20 18 18 40 8 30 31
37 9 21 7 34 18 29 32 32 14 27 29 23 22 22 37 25 27 27 15
9 5 7 5 4 6 5 6 11 1 6 5 8 7 1 6 4 1 5 5
6 1 7 1 5 4 1 5 10 1 14 6 5 13 1 1 9 6 4 7
43 30 11 28 40 28 28 32 45 21 31 45 42 45 14 36 33 29 43 35
16 1 12 1 13 5 8 15 16 7 10 8 20 21 5 13 12 7 7 14
13 1 11 5 18 14 13 12 20 7 19 16 17 26 8 17 20 12 14 9
9 3 7 3 11 5 6 6 14 4 16 11 6 13 6 17 11 13 3 5
29 9 33 10 30 29 17 26 26 4 33 32 10 25 12 31 15 32 27 17
1 7 15 3 22 8 4 17 21 14 11 10 21 22 15 19 15 4 8 20
20 4 22 4 18 10 17 14 28 4 13 19 21 13 9 14 17 12 19 16
53 34 42 31 52 27 25 39 60 24 55 56 50 40 21 37 48 35 37 58
19 2 7 4 21 15 19 7 13 9 23 22 3 17 6 17 18 17 16 7
28 23 44 4 52 28 30 50 66 35 53 47 64 67 40 39 54 35 29 51
8 1 9 1 16 3 8 3 7 1 8 10 9 13 2 13 8 8 7 5
12 1 11 1 6 5 8 5 14 5 12 12 3 7 8 13 13 12 6 5
18 19 33 5 56 19 24 29 52 40 44 45 48 58 33 45 44 32 25 44
47 25 39 17 43 31 36 43 54 10 43 49 42 31 23 23 48 27 37 44
22 9 18 10 24 17 16 15 29 7 17 23 25 24 5 16 19 13 24 16
36 24 11 20 28 21 21 27 40 19 36 30 35 35 2 8 25 16 30 36
34 22 18 12 39 8 30 19 40 28 33 36 35 38 18 34 25 30 29 29
5 1 8 1 15 4 12 8 15 8 15 13 11 16 12 17 18 12 8 10
33 11 17 16 17 19 17 27 39 8 31 28 25 29 10 18 34 22 24 18
21 6 17 4 14 10 7 16 25 1 22 19 14 15 8 15 24 14 5 17
8 1 13 2 17 15 7 9 17 1 5 19 12 10 4 16 17 7 16 8
29 10 35 11 28 25 22 34 38 1 22 31 36 27 11 18 27 14 34 23
19 1 18 6 23 26 16 23 20 3 26 28 12 19 10 25 23 17 23 5
34 22 23 20 41 10 22 30 52 21 35 37 48 46 14 32 37 23 33 45
6 1 6 1 7 3 4 11 13 3 11 3 11 14 7 12 14 7 4 6
38 19 19 17 35 19 22 29 40 16 35 42 24 28 15 38 33 32 36 25
16 7 7 2 23 7 12 11 15 12 23 13 20 31 4 11 11 12 12 17
37 14 41 29 33 37 23 29 45 20 53 47 44 57 13 40 41 31 35 29
9 3 3 4 2 1 1 7 9 1 10 1 7 7 1 1 7 2 1 5
8 5 1 4 4 1 11 2 11 5 4 3 9 9 4 6 6 4 3 5
24 5 33 6 28 17 14 22 36 7 33 36 27 32 10 25 30 29 20 26
30 18 29 22 25 27 27 36 53 7 36 38 37 24 15 9 45 12 36 33
32 12 29 9 35 18 33 32 52 15 38 39 45 42 22 19 44 20 37 32
36 25 19 29 31 23 18 40 50 11 35 34 41 29 5 18 42 15 34 41
54 19 38 5 43 32 44 46 50 25 49 52 40 48 35 47 43 49 44 25
47 18 47 21 47 40 34 50 53 13 47 53 52 50 16 29 48 27 45 39
7 1 10 1 9 10 7 2 16 2 3 14 4 5 5 13 9 9 12 5
20 16 25 20 23 20 23 30 44 4 25 27 38 32 15 14 31 12 34 25
23 12 32 1 25 11 17 27 34 1 27 25 30 27 17 7 28 16 21 30
24 13 10 12 32 24 18 17 25 14 27 30 26 35 5 17 16 16 26 21
34 14 27 14 40 30 26 29 38 17 38 39 36 43 11 26 26 27 35 29
51 16 30 13 35 35 44 42 55 26 54 55 46 56 24 33 50 36 48 26
34 26 8 25 26 29 30 25 42 23 28 33 38 34 19 21 30 19 35 28
25 9 27 10 35 24 17 17 24 10 31 34 13 20 5 25 21 24 25 23
30 17 8 12 38 16 32 18 32 27 37 35 24 38 19 32 31 28 27 19
45 30 32 45 24 36 27 47 54 5 31 43 48 44 10 37 46 18 48 33
13 2 10 2 1 6 4 10 19 1 7 6 13 13 1 3 11 5 6 8
20 2 17 1 10 11 4 15 18 1 16 14 16 23 2 10 12 15 10 8
16 11 9 13 31 16 17 17 20 13 22 24 18 20 9 18 26 11 17 25
14 1 9 1 9 6 8 5 12 2 8 7 11 15 1 9 8 6 9 5
36 18 23 22 30 27 32 29 50 15 31 41 36 27 9 14 38 11 43 30
13 7 5 7 4 4 3 7 11 1 3 5 8 4 1 8 6 3 4 5
6 1 4 1 7 5 7 1 8 4 11 9 3 8 7 12 12 10 3 3
45 21 46 9 52 29 26 50 52 23 46 43 52 57 27 48 36 38 33 45
55 36 24 34 55 43 44 55 68 44 54 52 60 55 33 39 55 29 51 50
40 21 23 15 25 16 16 40 48 9 28 33 41 40 20 38 41 27 25 31
26 18 11 20 22 26 20 22 25 16 27 25 17 13 5 11 28 4 23 21
4 2 11 6 15 12 6 12 19 3 15 15 16 24 6 15 17 10 14 10
48 25 27 23 47 39 43 43 50 22 44 47 38 45 29 43 32 40 51 30
13 10 4 10 5 5 1 15 18 1 4 3 16 9 1 8 7 1 10 11
31 13 23 14 44 27 26 29 29 19 23 33 28 21 13 28 28 12 31 29
40 24 13 25 32 24 29 32 35 20 28 30 32 20 9 23 33 13 28 29
32 11 15 13 22 19 14 27 31 3 29 27 19 21 4 25 26 23 22 18
16 4 17 6 20 11 9 19 28 4 19 17 23 24 7 14 26 10 13 22
39 21 32 24 37 30 25 40 46 4 28 44 31 21 17 38 36 25 44 30
3 1 5 1 2 2 5 4 12 1 9 1 3 8 4 7 6 6 3 3
14 7 9 7 19 10 15 10 23 4 10 17 20 13 2 4 17 1 20 17
17 3 19 3 20 9 2 17 23 5 31 22 21 32 5 20 23 23 7 18
7 2 9 4 13 7 8 6 12 1 10 16 6 2 2 1 15 1 13 14
33 14 42 2 39 20 22 30 50 9 44 45 38 45 24 30 39 36 27 36
14 1 13 1 17 7 1 16 12 6 18 11 15 23 6 16 11 14 5 14
24 9 21 25 29 33 29 31 44 15 37 40 32 35 13 25 46 13 36 25
9 7 10 12 6 12 5 12 24 1 8 14 17 10 2 3 17 2 16 12
12 6 14 6 19 8 15 13 26 5 10 17 22 17 13 17 17 8 15 18
34 14 18 9 37 14 24 27 38 24 38 29 36 43 21 29 31 25 18 32
16 8 10 14 2 11 1 20 25 1 15 10 19 14 1 1 20 3 14 14
35 18 35 9 47 17 28 42 59 30 47 40 53 62 33 43 47 35 28 43
52 20 46 22 50 34 35 56 64 15 49 55 64 59 19 36 49 26 53 49
15 10 14 13 13 16 9 16 27 3 12 18 22 18 6 15 19 9 19 13
24 6 25 1 25 13 16 27 35 12 24 23 32 36 21 30 32 22 14 24
12 1 5 1 10 4 8 4 14 4 14 11 2 11 7 16 9 14 6 1
44 22 21 20 50 27 39 41 52 36 55 46 44 54 22 36 51 29 36 43
24 16 20 16 16 7 4 26 40 7 26 22 30 31 5 22 23 22 19 30
20 6 24 7 31 19 10 17 26 12 29 31 19 29 8 33 17 26 17 17
14 7 7 7 13 7 9 9 8 6 5 8 15 14 4 11 5 4 8 7
5 4 7 4 4 4 3 5 15 1 5 3 6 6 3 5 5 3 7 6
10 3 4 3 3 2 1 7 9 1 2 2 7 1 1 6 1 1 1 2
7 1 4 2 9 5 9 14 23 7 10 8 16 20 11 16 18 7 8 5
10 1 8 1 16 1 12 2 13 9 17 13 8 21 5 16 9 14 7 8
44 23 47 15 52 22 23 44 63 25 48 48 53 53 31 46 44 39 37 52
20 9 18 3 34 6 26 25 40 20 22 27 33 30 29 30 32 14 23 23
39 16 15 9 45 22 38 22 32 23 39 43 21 31 18 35 28 32 36 19
10 1 10 1 11 1 1 15 19 2 14 5 15 21 5 12 15 10 2 13
31 20 13 19 32 13 10 29 31 14 12 24 36 30 10 30 27 5 25 32
22 14 6 12 17 9 13 17 29 8 10 17 27 25 6 20 17 9 22 18
7 1 8 1 10 6 4 6 8 1 4 7 6 9 4 13 6 4 5 5
7 5 9 5 6 4 8 6 13 1 10 8 8 10 5 6 11 5 6 7
15 3 10 3 5 7 7 7 13 2 8 6 10 13 2 7 6 7 7 5
28 13 24 30 20 31 29 33 44 8 32 35 38 36 9 23 39 8 35 25
31 25 20 30 37 16 8 41 48 17 33 34 44 45 11 36 40 18 28 41
5 1 6 1 4 3 1 1 6 1 8 7 1 4 1 2 6 1 1 3
15 11 2 11 4 2 1 13 16 1 6 5 15 12 1 7 5 1 9 9
45 24 21 25 47 40 34 43 42 20 32 41 37 26 13 29 34 14 45 34
46 27 23 39 23 25 30 45 53 14 20 41 48 41 14 34 44 21 47 30
26 7 20 9 30 22 14 19 14 1 27 28 2 8 5 22 11 20 19 14
39 15 26 15 20 18 17 33 35 7 27 29 25 20 14 33 25 28 24 21
9 4 13 11 11 17 5 11 22 1 11 18 16 17 2 9 18 5 16 8
6 1 10 1 10 6 4 10 15 1 7 6 12 10 5 10 11 5 10 9
34 18 24 14 31 18 19 24 36 12 23 34 34 32 3 22 20 19 36 31
12 3 19 7 17 16 21 17 34 3 24 28 19 19 13 7 33 6 26 16
14 4 9 15 5 15 19 19 33 6 21 21 21 24 9 14 29 9 22 4
14 4 18 4 15 5 11 19 28 8 20 15 21 24 14 20 22 17 9 19
16 1 13 1 8 6 10 10 17 7 21 14 8 17 10 14 19 19 6 7
31 4 26 20 11 27 21 30 43 5 37 36 26 31 9 19 42 16 26 16
25 9 21 8 18 8 5 22 30 1 20 17 23 22 8 20 16 20 12 21
40 18 16 13 42 31 34 28 33 22 42 38 29 37 14 27 26 30 33 29
34 18 13 11 19 12 14 28 35 11 20 19 39 34 8 16 20 13 22 27
20 6 15 6 14 21 14 15 15 1 10 18 9 9 7 18 7 15 19 5
40 16 33 20 41 40 30 46 45 18 38 42 44 41 16 31 33 13 41 27
10 1 28 8 20 13 9 30 34 7 20 19 34 30 11 13 31 4 22 22
41 16 37 8 52 19 33 32 48 22 51 50 40 49 24 37 45 36 29 45
46 11 29 12 36 34 37 38 40 12 45 46 18 24 22 34 41 36 37 21
33 15 17 15 29 15 30 25 45 14 33 30 30 28 14 12 36 16 32 30
6 1 13 1 20 12 6 7 15 1 10 19 14 18 2 12 14 8 16 11
26 7 25 12 27 19 12 30 32 1 20 25 33 26 3 19 24 13 29 21
8 1 7 2 12 8 9 2 17 5 10 13 11 19 3 11 11 11 12 8
16 9 6 11 11 10 4 13 23 1 17 11 11 10 1 1 15 4 13 16
47 32 25 25 38 21 33 36 62 35 51 47 54 60 23 40 41 38 45 36
39 17 48 20 51 43 45 48 58 23 46 54 60 61 27 39 47 19 54 43
6 5 2 7 12 4 4 3 16 1 13 10 4 8 1 7 12 8 7 13
33 15 30 15 31 17 5 37 39 12 28 26 37 32 16 30 32 18 19 36
45 22 38 24 25 31 20 47 49 1 36 41 42 37 14 34 41 29 35 30
7 1 6 1 1 1 2 5 7 1 10 4 5 10 1 1 10 5 1 2
9 1 8 1 7 9 7 5 9 1 8 8 5 10 5 11 9 7 7 1
46 37 29 37 51 28 14 34 54 27 39 48 49 48 19 46 41 31 42 51
25 9 22 1 34 15 16 18 24 19 25 23 28 40 9 28 13 23 20 25
22 8 18 7 10 7 9 17 24 5 20 17 17 15 11 18 22 18 4 14
51 31 30 29 51 31 30 49 48 8 34 50 40 26 15 32 41 19 50 44
33 23 40 13 46 23 25 46 56 19 39 36 58 56 26 24 40 19 38 49
9 1 15 3 7 8 1 13 19 1 13 10 15 16 1 5 16 7 12 12
26 13 8 13 26 14 25 13 31 17 27 27 19 28 15 21 25 21 23 19
28 17 37 18 44 22 21 25 49 25 37 41 48 51 21 34 32 25 34 37
49 28 27 13 52 20 36 50 61 27 38 48 54 52 31 52 48 37 50 41
37 20 23 16 25 16 25 27 47 11 27 32 41 31 12 14 34 13 34 37
21 8 25 5 29 12 10 28 30 14 32 23 37 49 11 25 25 24 15 26
18 7 10 7 14 6 7 13 17 3 16 9 17 20 2 13 11 12 7 12
8 1 10 1 12 4 1 6 13 1 12 9 10 14 1 7 8 5 5 8
32 11 21 13 23 17 17 23 29 4 24 24 22 18 5 21 22 20 23 20
26 11 16 13 27 24 16 22 20 7 20 25 12 9 5 20 19 11 21 16
13 1 16 3 11 17 5 14 16 1 13 16 12 15 1 12 17 8 14 5
43 29 17 14 53 29 48 32 55 30 45 50 48 52 36 32 41 35 48 38
23 7 12 8 22 19 16 14 22 10 25 22 16 26 1 10 21 13 20 18
29 12 18 7 32 5 22 21 39 12 35 28 32 36 13 22 30 24 18 31
3 3 5 3 11 6 9 4 15 3 11 8 9 17 6 12 12 11 9 7
35 19 36 26 31 20 19 32 51 13 35 39 52 48 7 24 28 17 39 37
34 9 29 9 40 18 29 30 36 14 32 36 32 29 14 25 35 20 28 32
14 5 12 5 4 3 10 12 25 4 13 7 17 15 5 7 15 11 8 13
34 18 18 13 46 28 35 25 33 20 30 40 32 30 16 20 27 17 39 34
12 9 9 11 20 4 14 9 25 6 21 21 12 13 8 13 22 14 13 22
37 29 47 9 51 38 21 51 50 30 52 45 50 56 39 49 54 38 14 48
36 24 37 24 46 17 15 32 53 26 48 42 45 45 25 38 41 36 26 51
21 14 12 15 18 1 9 24 35 5 14 19 28 14 10 21 30 9 16 27
48 12 47 22 47 44 42 50 51 10 49 56 42 37 17 30 48 28 52 35
37 12 28 17 29 27 27 30 41 13 30 36 32 30 12 26 31 23 37 21
60 34 30 20 59 28 41 57 60 37 49 54 56 52 38 57 49 38 47 44
47 20 26 6 39 16 30 41 46 23 38 40 41 37 28 42 41 37 30 30
14 8 4 8 6 6 10 7 16 4 8 7 11 11 5 10 7 8 9 7
33 18 27 19 33 27 30 31 48 15 37 38 43 41 12 10 35 17 38 34
41 23 37 19 37 23 35 40 62 17 45 45 54 53 22 24 45 28 44 43
16 5 7 7 17 16 14 8 14 6 16 15 8 15 2 7 16 6 16 11
19 13 14 14 22 6 3 26 34 6 13 17 29 18 9 21 28 1 16 30
63 44 15 29 47 25 47 48 66 38 52 54 55 52 33 40 52 39 51 50
32 8 24 3 49 27 30 26 31 20 38 38 23 33 17 34 22 26 32 28
26 9 27 10 33 20 23 27 41 13 30 34 39 40 9 22 26 20 32 27
31 19 42 20 34 32 10 52 52 18 40 35 50 50 21 37 40 26 26 36
45 17 38 32 33 41 34 52 53 7 42 46 38 39 20 49 44 28 48 27
27 9 17 11 28 29 17 23 19 6 25 28 10 9 2 17 17 11 26 13
38 18 42 26 45 32 31 50 61 20 43 47 57 51 24 38 53 21 44 42
40 27 26 22 47 17 17 36 51 29 41 39 47 52 21 48 41 28 26 45
3 1 8 1 9 3 2 2 8 1 2 8 6 4 1 7 4 1 6 6
6 4 6 7 7 9 2 10 18 1 5 8 14 15 2 8 8 3 10 7
32 11 21 16 31 30 21 36 33 6 29 29 24 23 12 27 27 19 29 19
16 5 18 3 15 5 9 13 22 1 8 15 16 5 6 9 12 4 12 15
8 1 6 1 9 8 1 5 4 1 1 7 4 4 1 11 1 3 6 1
6 2 6 4 17 5 3 8 13 3 12 9 10 13 6 12 14 6 6 11
1 1 2 1 1 6 5 3 11 1 10 5 2 8 4 5 13 5 5 2
28 5 36 17 32 35 32 36 43 4 30 44 29 24 19 35 37 21 40 19
5 1 10 1 8 1 11 4 19 4 13 11 6 11 8 8 15 10 10 8
34 11 25 4 42 19 36 22 36 20 34 38 28 34 19 32 21 31 36 20
36 25 40 17 37 27 7 53 52 19 36 35 50 46 25 43 41 29 24 42
36 17 23 26 24 32 28 28 45 9 29 37 37 31 3 14 32 7 42 27
42 18 36 2 53 31 43 44 49 28 45 51 38 42 39 50 43 43 49 28
30 19 21 15 32 13 23 19 32 14 23 33 29 25 9 25 23 20 30 31
18 6 11 8 18 18 16 11 27 10 20 26 7 12 11 16 26 13 21 12
52 26 27 23 55 31 45 51 61 32 46 50 51 41 26 38 54 28 51 42
44 26 37 21 52 34 38 52 64 24 37 55 60 47 30 42 46 21 55 45
31 16 28 8 34 10 27 27 46 20 42 38 31 37 25 28 37 32 27 30
42 22 35 9 52 17 33 38 60 27 43 43 55 57 28 36 42 31 40 46
35 10 27 17 33 39 32 33 36 14 43 44 15 23 18 29 36 29 39 15
42 19 31 31 28 25 14 50 50 8 32 37 53 53 9 35 41 20 36 34
22 1 18 3 16 19 17 21 26 8 26 26 12 22 12 23 23 24 24 1
2 1 2 1 5 6 4 8 10 1 4 3 10 15 4 10 8 2 5 2
6 3 9 3 8 4 9 2 15 4 10 12 5 8 7 11 11 9 5 7
11 1 14 4 16 13 6 18 17 5 21 15 23 34 1 12 18 9 13 10
6 1 5 1 10 6 6 5 7 4 9 10 6 9 8 16 13 8 2 5
64 42 52 19 54 35 42 56 70 18 47 58 67 54 36 38 59 38 52 61
24 8 34 17 22 23 20 37 46 1 34 31 42 38 11 11 40 10 31 28
55 28 56 27 53 45 36 55 64 13 60 64 53 49 20 29 54 38 53 52
36 22 20 18 30 27 29 37 50 22 43 41 37 42 24 35 44 31 38 21
49 32 42 18 68 36 40 47 61 35 56 55 59 60 32 35 47 31 45 62
52 29 21 17 62 35 52 39 55 37 54 58 44 46 23 39 46 35 54 38
42 20 52 27 39 46 37 44 50 1 44 49 22 35 26 39 42 38 49 29
9 1 13 1 8 5 6 4 19 1 10 12 8 6 3 9 15 7 7 8
3 1 1 1 3 5 9 2 12 5 7 7 3 9 8 10 14 8 7 1
34 20 14 16 37 8 19 33 42 23 28 29 39 40 22 40 37 17 23 30
44 33 14 22 41 29 42 38 47 36 47 45 33 29 27 35 49 24 37 30
29 17 33 15 40 24 21 38 47 17 29 35 38 25 26 35 40 16 30 37
22 12 29 1 50 12 24 19 38 29 32 38 37 44 23 37 26 24 23 37
11 2 17 2 9 5 12 10 24 3 13 14 15 13 7 10 17 11 10 14
20 12 10 21 24 29 26 24 33 15 37 33 22 28 5 16 36 11 27 17
43 28 33 20 43 16 27 27 43 19 33 44 41 37 13 32 27 26 38 43
11 3 7 3 5 8 9 4 12 3 9 7 8 13 4 8 9 6 8 2
52 29 35 20 45 15 27 50 57 11 25 44 57 44 23 41 47 27 40 51
37 22 34 9 44 26 16 41 42 25 39 36 46 46 22 35 35 24 20 40
10 6 2 8 5 9 1 6 15 1 4 9 8 3 1 1 9 1 10 10
32 10 32 14 41 32 29 27 34 7 37 42 18 25 13 33 27 30 35 23
61 39 32 37 46 37 42 52 63 33 57 53 48 43 29 42 59 29 42 46
49 28 48 24 57 47 36 45 52 18 56 63 40 37 18 27 41 32 52 44
55 27 48 33 38 39 24 59 60 7 41 55 58 48 15 41 53 26 48 45
31 16 24 8 41 20 29 40 55 32 45 39 47 52 30 34 49 25 31 33
51 25 30 17 58 33 43 52 66 43 56 54 61 71 42 51 52 48 50 43
36 7 30 13 33 33 23 37 33 4 35 35 24 28 11 27 31 24 31 20
14 6 11 8 12 5 5 13 21 1 14 10 16 11 4 9 16 7 8 16
25 11 17 18 38 30 28 26 34 22 33 37 28 40 16 31 37 22 32 21
13 3 6 5 12 6 11 12 16 3 15 8 14 16 5 10 18 7 7 9
23 7 27 1 28 18 21 23 27 1 17 26 22 14 14 19 18 13 25 18
6 2 8 2 9 1 7 7 15 4 18 5 8 17 5 13 10 15 2 8
7 6 2 6 1 3 2 6 11 1 3 1 7 4 1 2 4 1 5 4
12 14 32 13 37 30 14 39 46 22 43 35 38 44 25 32 47 20 21 32
57 36 25 32 53 41 49 45 69 38 59 59 55 53 25 30 55 34 51 52
31 11 37 26 38 35 27 43 51 21 52 44 44 51 13 35 49 18 33 39
47 36 33 30 49 28 32 37 61 24 50 47 53 43 18 25 46 27 46 56
13 5 11 8 12 13 11 18 25 8 12 13 22 21 11 19 18 9 12 8
41 19 38 28 38 38 26 52 53 20 40 40 50 45 16 30 47 16 38 37
28 21 29 19 53 36 33 43 57 37 46 49 47 46 27 37 57 18 38 40
35 30 12 22 31 9 24 25 45 22 27 32 38 41 13 28 25 25 33 38
12 6 3 8 8 5 3 7 13 1 10 8 5 3 1 6 10 2 4 9
15 8 13 8 14 13 9 8 19 1 9 15 12 12 6 15 12 12 14 11
64 36 28 33 44 32 40 54 59 28 51 57 41 30 21 42 55 34 47 42
5 1 1 4 13 5 7 8 5 5 10 7 11 16 7 12 13 6 4 8
7 1 8 1 15 4 3 8 9 2 10 7 7 15 6 17 9 9 2 7
38 16 29 18 29 20 15 35 40 7 26 33 40 37 4 27 28 23 34 30
35 21 15 23 36 28 21 34 29 16 29 29 25 19 6 23 27 11 26 26
40 28 7 31 31 28 23 35 39 10 19 36 33 20 2 26 36 10 38 28
25 5 21 7 26 22 16 22 12 4 22 24 10 12 10 25 17 17 18 12
17 10 17 20 12 21 9 22 29 1 17 21 24 19 4 10 22 4 22 14
6 1 13 1 9 5 7 8 17 1 7 11 11 8 5 1 11 1 14 11
26 17 16 12 33 14 17 14 30 15 27 27 30 32 2 15 15 13 24 30
11 5 9 8 6 11 5 12 17 1 13 8 13 15 1 4 16 5 10 8
25 14 18 21 36 23 35 36 51 21 36 40 40 36 21 23 49 14 39 26
15 10 1 11 12 9 12 10 17 6 9 8 18 16 6 11 13 6 12 11
21 4 23 4 16 11 9 17 23 2 16 19 16 13 5 19 15 17 13 14
21 2 13 5 21 23 18 16 18 6 23 27 5 13 9 23 22 18 22 5
31 11 20 16 24 26 25 26 41 14 34 36 30 27 5 13 37 13 29 24
31 19 21 11 39 17 28 25 43 34 45 38 39 55 25 40 31 39 33 23
38 24 46 4 55 27 25 44 48 32 50 44 51 60 35 50 46 40 24 49
24 12 21 10 10 10 12 26 39 3 22 18 31 28 11 13 25 17 16 22
52 30 34 16 57 41 52 43 55 36 57 59 38 45 33 47 53 47 54 36
17 7 12 7 23 21 16 16 21 13 12 22 27 30 9 18 20 8 24 13
45 12 50 28 37 44 36 48 52 6 53 57 44 46 9 28 52 25 48 38
9 1 12 1 10 5 12 8 19 6 15 9 12 16 8 11 12 12 10 10
2 1 7 8 8 11 2 11 15 1 9 11 15 16 1 4 14 1 12 6
24 9 21 6 31 20 25 16 30 7 25 30 24 27 10 10 27 9 31 23
29 8 27 9 31 19 11 32 35 1 25 29 31 26 7 16 28 13 26 29
5 1 10 5 7 12 5 7 15 2 9 12 13 19 1 3 9 4 15 6
17 9 5 11 13 20 16 11 22 8 18 21 22 26 1 1 15 2 23 10
1 1 9 1 16 1 8 9 20 5 5 9 14 10 12 14 16 2 8 14
8 3 5 3 6 6 7 4 7 4 6 5 7 11 1 5 4 1 7 1
14 10 14 9 16 7 16 14 27 1 18 19 15 7 11 5 24 4 15 21
9 3 5 3 6 4 5 4 11 1 10 5 5 9 3 10 5 8 2 2
33 4 35 12 35 31 26 34 34 12 46 43 28 43 16 37 36 37 30 21
43 26 43 27 47 29 24 61 64 17 33 49 56 45 27 50 50 29 47 46
38 9 31 5 27 20 24 25 32 8 26 30 24 21 11 23 18 25 27 22
17 2 11 2 11 9 15 10 22 9 18 16 11 18 12 19 20 17 12 5
4 4 10 4 8 6 9 5 17 1 4 9 12 9 4 4 11 3 13 10
24 8 25 5 22 11 6 21 29 1 21 20 24 26 9 21 19 21 12 21
31 7 36 8 29 23 26 32 46 12 36 41 30 34 21 26 37 29 36 22
35 19 16 9 40 17 31 30 39 31 28 31 37 38 28 38 27 24 29 25
9 1 11 1 9 10 3 2 9 1 1 12 2 2 1 8 2 5 12 3
18 3 10 3 12 4 12 13 19 7 16 13 17 18 9 17 19 13 5 8
31 13 28 8 31 22 31 25 47 14 31 38 38 38 18 17 33 17 38 25
18 8 15 8 13 13 12 12 29 7 12 19 14 12 10 17 17 13 18 12
33 14 16 3 31 10 26 31 44 22 33 29 40 45 25 31 38 26 21 23
32 10 20 12 26 19 23 22 27 8 25 28 17 12 7 21 23 18 21 18
42 14 38 7 40 22 30 33 38 4 35 41 34 29 16 21 36 23 31 34
26 15 9 9 15 7 12 20 27 10 16 10 31 28 4 7 11 8 17 23
27 11 12 13 23 17 19 31 40 15 31 28 28 32 18 25 38 18 22 15
20 11 9 11 7 9 6 15 24 2 7 13 14 6 5 19 11 9 14 11
7 1 11 7 6 15 6 12 13 1 10 12 14 18 1 8 11 1 13 1
29 9 29 13 24 25 22 25 40 9 31 37 23 25 12 20 37 23 28 24
16 10 12 12 17 12 10 11 21 2 14 20 11 5 3 5 18 4 16 19
17 5 6 1 18 3 24 6 25 16 17 20 17 18 12 9 12 12 19 13
23 14 19 4 33 11 26 24 40 10 27 27 36 37 19 16 28 16 28 30
15 2 13 2 16 18 14 12 13 4 11 18 6 7 9 24 11 17 16 1
27 32 42 24 49 32 19 53 63 30 48 44 60 58 30 46 56 30 29 55
13 1 17 1 27 9 15 15 28 13 15 17 28 30 11 19 21 8 19 19
2 1 1 1 1 1 6 1 6 1 8 6 1 2 4 5 11 4 1 1
36 22 27 18 52 27 35 42 55 30 46 41 52 49 21 22 46 20 40 50
12 6 8 4 22 2 15 4 16 16 20 16 15 28 10 24 13 21 6 13
6 4 9 4 8 4 4 5 11 1 10 8 5 9 4 5 8 7 7 8
7 5 5 5 5 9 8 5 12 1 5 6 9 11 5 9 9 5 8 1
42 25 38 21 51 33 22 43 53 28 55 48 45 50 23 43 49 37 27 48
25 17 8 13 25 24 29 16 34 20 28 30 22 24 10 10 26 11 29 23
18 1 19 1 26 12 24 12 21 8 16 26 15 18 13 23 20 17 24 11
6 1 4 1 1 3 1 6 15 1 3 1 6 5 1 1 6 1 4 4
9 6 8 10 14 14 9 13 20 3 11 14 16 15 7 12 19 5 14 12
45 32 25 21 36 24 35 35 51 17 35 38 47 36 21 11 35 17 43 47
45 27 46 28 57 40 43 59 69 26 61 55 68 64 24 23 63 19 53 57
41 17 32 17 36 26 25 44 50 17 38 37 48 47 16 35 35 28 37 34
53 29 31 28 53 37 38 58 63 33 51 51 51 44 27 46 56 30 47 44
7 1 7 1 4 6 3 3 4 1 8 8 1 6 2 6 8 4 3 3
49 27 29 23 48 26 29 43 49 25 52 47 41 42 19 41 45 37 25 46
15 5 19 5 11 3 10 14 24 3 13 13 20 16 5 7 16 10 11 18
19 1 21 8 10 19 7 19 25 1 25 22 17 24 5 11 27 15 15 13
1 1 3 1 10 1 1 6 7 3 1 1 8 9 5 10 7 1 3 8
7 5 13 5 13 6 13 7 22 1 8 13 13 8 10 8 17 6 16 14
40 19 27 18 31 13 18 39 47 4 18 32 47 36 11 28 33 17 36 38
46 30 24 28 44 35 33 40 51 22 33 44 51 42 19 29 35 24 49 42
22 15 15 13 29 16 19 20 26 4 21 27 23 15 8 6 24 2 21 27
28 23 24 16 34 21 14 12 36 27 33 33 35 44 12 19 13 25 30 32
21 3 26 3 24 12 18 19 29 6 22 24 25 26 11 20 24 20 20 19
24 7 26 9 40 19 27 33 45 22 38 36 38 44 27 34 46 24 32 24
48 24 39 31 56 45 40 53 53 20 49 55 52 45 13 26 45 18 55 44
12 1 12 1 20 13 11 11 10 4 11 13 10 18 8 22 8 15 12 8
5 1 1 1 3 1 9 2 11 6 9 8 1 5 9 10 11 9 4 1
9 2 8 5 5 9 1 8 16 1 9 9 9 9 1 1 12 1 9 8
5 3 2 5 12 7 4 5 4 1 14 7 3 9 1 6 11 5 6 5
22 11 30 22 28 24 13 24 36 8 31 37 34 33 3 20 27 14 29 26
34 21 35 28 22 21 9 32 47 15 42 34 43 47 9 23 30 28 27 34
44 31 28 14 53 32 45 29 48 23 45 52 40 41 28 18 38 31 43 46
21 13 12 18 17 24 16 24 26 11 27 22 20 19 1 4 28 6 23 18
12 8 6 8 11 2 7 9 19 1 5 10 16 10 4 14 12 7 9 13
22 11 19 19 33 28 19 29 41 17 28 34 28 27 15 26 39 13 29 24
25 18 25 18 46 22 28 23 44 23 40 42 41 44 13 23 34 18 36 38
45 28 22 4 55 27 51 31 51 37 47 55 43 53 39 37 41 42 51 39
8 1 5 1 6 5 6 5 7 2 7 5 8 10 1 6 8 2 5 1
8 7 5 7 6 5 1 5 12 1 4 8 7 4 1 4 8 1 6 9
49 19 41 17 44 27 32 50 58 18 48 51 52 55 23 47 46 43 43 36
5 1 4 2 10 10 6 8 9 2 6 7 12 19 5 12 10 6 8 4
7 5 3 6 8 9 2 11 13 3 2 6 14 13 4 10 10 1 8 6
30 16 29 11 32 24 23 29 40 5 33 33 30 27 15 11 37 15 29 32
31 4 34 7 28 25 25 30 37 8 31 36 34 36 9 25 25 23 33 19
14 4 9 4 8 7 9 7 11 2 7 9 8 8 4 13 5 8 5 2
10 1 13 1 11 6 11 11 23 4 16 12 16 21 8 14 17 13 10 11
46 28 28 26 43 26 28 31 52 30 42 50 46 52 20 48 32 40 46 30
10 5 1 7 12 12 12 5 19 7 19 16 6 17 10 13 21 15 12 6
29 6 28 14 27 30 32 24 35 14 26 38 26 30 15 28 29 23 39 10
40 21 32 12 48 22 36 42 53 20 37 40 45 44 33 39 40 31 42 34
12 7 7 11 1 10 1 14 20 1 8 8 14 11 1 4 12 1 12 6
40 15 42 7 29 35 25 40 39 11 39 40 30 34 24 36 36 38 31 23
11 6 8 6 18 12 9 12 17 7 10 9 17 23 11 21 12 12 10 10
48 22 38 21 53 26 38 52 67 24 45 53 61 60 26 43 48 27 55 44
45 36 25 43 31 39 31 45 55 22 36 43 45 32 11 22 47 6 46 41
23 1 24 4 25 21 10 28 22 6 25 23 21 30 9 28 18 25 19 14
35 15 29 12 40 27 43 34 50 25 36 49 43 45 25 34 43 27 50 21
39 19 17 23 37 37 34 33 39 20 40 44 22 25 16 29 38 28 39 18
25 15 23 13 22 11 18 21 34 6 21 25 23 17 15 19 24 16 22 24
7 3 7 3 11 5 1 2 10 1 5 8 6 8 1 9 5 6 6 6
7 1 8 1 21 1 15 4 19 11 19 21 10 20 11 21 17 19 10 10
41 22 33 30 45 32 45 42 65 26 61 60 49 50 18 30 56 25 49 38
9 5 1 4 7 5 14 2 14 8 8 9 9 13 7 9 13 7 8 4
7 1 7 1 8 6 9 2 17 6 9 13 3 8 9 13 14 9 10 5
18 5 28 12 33 18 18 27 38 13 24 28 38 40 11 24 27 12 28 25
59 29 31 25 49 39 44 51 60 28 57 57 38 36 23 39 50 39 51 36
30 19 11 19 29 17 16 24 30 13 20 21 29 25 6 16 21 6 25 28
4 3 6 3 8 3 3 4 8 1 10 4 3 10 1 5 5 6 5 5
14 3 11 1 21 3 13 12 22 12 17 10 21 27 9 17 15 10 9 16
5 1 7 1 14 3 5 4 11 3 12 10 6 14 5 17 7 11 3 7
8 4 9 4 21 10 7 15 13 10 12 13 15 16 13 20 22 2 4 16
34 27 35 17 45 31 34 44 52 17 39 37 47 42 29 14 48 19 39 46
5 4 3 4 7 6 1 4 10 1 9 4 6 12 1 5 4 6 6 5
37 14 45 11 41 31 24 46 49 7 36 42 50 44 21 21 44 19 37 39
33 14 36 29 16 23 21 41 53 1 36 37 46 42 3 19 39 14 38 36
21 7 18 8 28 19 17 17 25 1 18 26 16 13 6 15 21 11 24 18
20 14 30 16 35 14 5 26 40 17 32 28 39 39 12 24 25 20 21 36
2 1 7 1 6 2 6 1 12 1 3 8 4 1 2 8 9 2 5 4
26 16 18 18 24 19 30 24 48 16 31 31 38 39 13 12 27 17 37 24
1 1 5 1 3 2 1 1 11 1 1 3 3 3 1 1 4 1 7 4
42 24 17 24 41 26 33 41 52 28 49 43 40 44 16 31 46 26 35 34
9 4 11 4 7 5 11 6 18 7 12 13 6 7 10 12 15 10 8 8
27 3 14 1 26 17 26 17 20 11 24 28 10 15 16 30 19 24 23 1
30 9 13 5 19 4 21 20 30 15 28 21 24 30 16 23 23 26 14 11
37 18 42 32 31 30 19 53 59 11 28 41 56 42 15 37 47 9 44 41
33 11 16 7 44 17 30 22 36 23 36 37 26 36 15 31 31 25 30 25
9 7 11 13 8 15 5 16 20 1 15 12 17 20 1 7 12 6 15 5
44 31 37 12 57 30 33 48 50 36 57 45 53 62 35 42 50 36 27 53
11 7 3 9 14 8 13 9 16 6 17 11 13 18 9 15 16 12 7 9
12 3 15 3 27 7 16 21 36 16 24 19 26 34 20 27 28 18 18 17
4 1 7 1 11 5 2 3 13 1 8 8 7 12 1 9 8 5 7 5
5 5 3 5 4 1 3 3 18 1 1 4 9 2 1 4 7 2 8 10
9 7 6 7 4 1 12 7 17 7 11 8 7 8 10 11 13 10 5 7
1 1 1 1 8 3 2 5 6 1 5 3 5 5 5 10 11 2 2 4
55 28 36 33 46 35 29 56 63 14 42 58 49 33 17 41 56 29 51 46
41 23 24 4 39 18 36 37 44 26 56 44 33 48 33 39 50 46 26 32
29 22 15 19 30 6 23 31 45 13 19 31 36 25 23 30 36 15 33 32
19 13 10 17 18 25 14 18 26 10 21 25 14 11 2 5 25 2 23 18
33 19 6 20 31 20 21 24 23 11 23 24 23 17 1 16 21 9 24 22
16 10 22 4 30 17 28 24 39 10 21 28 34 34 25 17 34 14 31 24
36 24 47 16 42 27 12 54 58 18 33 41 55 41 27 42 45 26 30 48
55 21 43 31 37 45 38 47 56 10 53 55 49 50 5 25 46 23 49 39
7 1 10 2 17 8 14 13 24 9 17 16 17 24 13 18 23 12 15 10
55 24 45 21 45 42 34 60 62 17 53 54 46 45 32 50 55 42 44 40
15 4 16 12 10 17 6 17 26 1 24 17 18 23 3 10 23 12 13 11
46 20 42 19 47 32 38 43 59 18 55 60 43 47 23 35 48 37 50 33
16 7 7 9 16 17 13 15 19 7 20 17 11 12 7 14 22 7 13 11
42 27 22 23 41 16 25 44 55 17 31 35 54 38 11 17 43 4 40 52
38 18 18 27 40 34 46 34 51 30 53 53 40 49 14 28 50 22 49 29
44 16 26 17 40 18 20 44 42 14 38 38 32 34 22 48 38 34 28 30
24 6 15 5 18 9 16 18 24 9 18 20 13 15 12 25 17 20 14 8
36 10 29 3 48 17 36 29 41 23 38 40 36 42 24 35 32 31 35 30
13 4 8 6 9 7 4 8 13 1 17 8 8 12 3 8 14 10 4 8
66 33 44 29 55 39 46 56 65 15 52 61 50 37 24 35 54 34 58 54
32 16 9 15 13 3 12 30 43 5 22 24 32 31 11 25 35 20 21 22
43 13 42 7 41 32 28 35 34 2 44 44 21 30 19 33 33 38 31 31
12 6 8 6 10 11 11 6 17 7 11 13 8 12 10 18 13 12 10 4
12 5 10 7 19 13 5 9 17 2 5 16 15 10 3 12 15 2 14 15
22 4 26 1 28 8 16 22 28 12 19 20 31 31 14 23 24 17 16 26
34 27 38 14 54 24 31 49 62 29 53 44 54 51 35 34 57 28 29 55
35 11 28 1 40 9 26 26 38 20 43 41 32 44 23 39 37 41 22 26
41 29 35 24 47 32 34 34 54 27 45 50 54 55 19 24 28 26 46 44
41 23 34 17 41 29 24 42 49 11 38 43 43 31 18 21 45 17 32 44
44 29 44 20 47 31 27 56 66 15 46 45 58 48 32 25 59 24 41 56
3 1 6 3 8 9 1 6 11 1 7 9 9 12 1 5 10 3 11 6
3 1 1 1 3 3 1 2 6 1 1 2 5 4 1 5 3 1 2 2
12 6 11 8 21 4 16 23 39 10 12 17 30 22 18 20 28 8 23 21
28 18 21 11 31 17 28 29 44 15 25 27 44 36 18 13 27 13 33 33
15 1 14 1 6 6 2 10 15 1 12 10 9 13 3 11 13 11 4 7
47 19 47 7 53 33 44 47 52 16 47 50 37 38 40 39 42 42 45 36
30 16 13 11 25 8 16 34 46 17 27 24 35 35 21 32 34 24 25 23
25 1 31 12 23 23 16 34 35 7 24 23 36 38 7 23 26 12 26 17
54 30 34 29 39 26 41 45 73 34 59 57 63 67 22 37 46 41 52 45
3 1 4 1 3 3 2 3 9 1 5 3 3 6 2 8 4 2 3 1
28 1 28 1 30 22 27 23 31 7 31 33 15 25 16 30 25 32 31 12
32 15 22 30 19 37 27 31 40 9 34 38 26 27 8 20 37 16 35 19
26 7 40 22 43 31 25 33 43 16 40 46 46 52 10 36 42 15 36 37
8 1 7 1 5 10 5 4 6 1 3 7 1 4 1 10 6 6 8 1
9 4 10 6 13 7 14 4 19 8 15 19 7 7 11 12 22 11 12 12
18 10 12 11 21 9 12 22 33 13 27 19 22 30 14 24 25 22 17 19
44 27 47 12 49 25 26 52 60 16 45 46 53 42 36 39 56 27 29 55
59 37 41 21 45 21 35 49 63 15 37 54 58 43 28 37 55 32 44 56
7 2 5 2 4 4 10 5 12 4 11 5 7 12 5 6 12 6 6 2
14 1 12 4 13 14 11 8 8 4 12 17 1 5 7 17 14 13 10 5
38 10 46 10 43 32 21 38 39 11 50 48 34 46 19 45 33 44 27 30
24 3 30 15 37 26 36 33 46 14 41 43 42 51 20 27 48 14 40 31
49 31 34 34 49 42 44 46 62 21 50 55 57 48 14 19 48 15 57 47
8 3 11 8 13 14 7 8 17 2 12 16 16 18 1 6 16 3 16 9
11 1 13 1 11 3 14 6 25 4 12 14 13 13 8 11 15 9 12 9
15 10 8 12 10 14 7 15 23 4 9 14 18 15 8 17 17 10 15 10
19 9 28 18 30 14 20 35 48 15 30 31 45 42 17 28 38 13 30 32
47 34 25 32 51 26 33 48 58 31 33 50 56 59 24 50 42 35 50 47
3 1 4 2 18 6 1 5 8 6 14 10 9 21 2 14 10 9 5 12
3 1 9 1 16 4 5 4 12 1 11 12 10 11 3 4 13 3 12 11
34 16 11 12 33 15 29 22 30 22 27 30 27 30 19 30 27 21 24 19
9 1 7 1 3 9 1 4 8 1 3 6 3 4 1 4 2 2 7 1
10 6 7 6 6 5 4 5 11 1 3 7 6 4 3 9 5 4 3 7
22 14 16 19 23 16 11 26 34 7 9 24 37 23 7 19 28 3 29 26
2 1 3 1 3 3 6 2 15 3 9 5 2 8 6 9 9 7 6 2
17 6 20 15 34 25 26 25 38 13 30 37 29 33 16 23 41 14 31 24
12 6 1 6 2 2 9 11 24 3 9 5 13 10 6 10 14 7 10 5
58 20 53 27 44 47 52 51 67 16 56 65 59 53 21 33 53 29 59 44
41 28 27 19 44 34 38 40 54 17 42 44 51 41 16 6 42 12 47 44
14 2 24 3 25 7 3 23 28 14 28 18 31 43 8 24 20 19 9 25
34 25 1 18 39 23 39 26 36 34 38 33 34 45 31 34 29 33 31 27
31 15 29 12 36 13 21 29 51 17 46 41 35 42 19 31 42 36 24 34
42 14 30 8 30 25 35 27 33 16 36 36 22 27 20 30 24 34 29 20
17 8 12 8 8 5 3 16 19 1 9 7 16 11 3 10 9 6 6 14
5 1 1 3 6 4 3 3 5 1 8 6 1 1 1 1 10 1 2 5
28 16 10 12 30 18 25 21 30 16 34 23 27 33 8 13 25 17 23 26
13 3 20 1 12 6 10 14 23 1 15 15 16 14 8 2 19 5 15 18
23 14 23 11 39 6 16 16 38 28 33 30 33 40 23 39 24 29 17 30
40 15 39 11 55 35 34 43 42 14 47 47 34 34 22 31 42 28 40 41
17 11 10 12 10 15 13 14 23 9 12 15 23 23 1 4 10 1 20 11
17 10 15 12 25 16 21 14 29 10 21 28 15 9 13 17 29 10 21 20
28 10 17 9 25 19 22 22 29 14 29 28 16 27 15 31 20 30 24 10
23 7 16 9 21 14 8 15 15 1 11 22 12 3 1 15 10 10 20 14
26 11 7 6 27 15 26 18 31 20 32 23 27 38 17 18 24 22 22 19
15 1 8 1 7 8 11 7 14 3 15 11 10 13 3 7 17 8 7 7
51 38 31 30 53 34 37 63 77 42 60 54 69 68 38 45 64 35 46 55
15 1 13 2 14 14 8 15 15 4 9 14 21 23 1 10 8 3 18 6
16 7 13 11 24 23 12 21 24 11 17 22 17 18 12 22 28 9 19 17
10 7 2 7 2 1 1 9 17 1 11 2 8 9 1 6 9 7 5 10
31 12 20 13 25 16 22 23 37 8 19 35 22 12 15 26 30 19 33 22
11 1 22 1 20 4 8 16 26 3 22 19 24 30 4 12 20 16 14 21
17 4 12 1 25 6 24 16 34 13 15 23 28 26 16 17 22 8 25 17
10 1 11 1 6 14 3 9 8 1 9 12 8 14 1 6 9 4 12 1
16 1 18 1 20 9 9 10 23 9 24 21 10 25 7 24 16 25 12 12
29 12 19 1 30 4 20 26 41 16 37 32 29 35 22 32 33 34 19 23
36 26 32 21 40 24 21 45 53 9 20 39 48 34 24 34 41 16 43 42
32 17 22 19 37 21 18 30 32 11 29 31 27 21 7 21 28 17 25 33
13 8 2 1 19 5 17 10 22 15 15 10 20 26 12 14 11 10 11 14
34 17 19 17 19 18 12 28 22 1 16 25 12 7 7 25 12 16 26 17
32 4 46 18 41 36 24 44 44 10 42 44 38 42 15 38 37 24 38 29
9 4 1 6 11 11 8 5 11 1 7 10 6 7 1 8 12 1 7 7
4 1 3 2 3 6 3 3 7 1 8 4 2 5 2 3 10 2 5 3
24 3 40 10 35 29 23 38 39 7 31 35 35 35 18 27 35 17 36 22
31 21 37 9 43 19 21 46 61 27 46 39 51 54 37 45 52 36 21 42
27 8 32 15 38 35 31 34 38 7 31 44 27 22 17 27 36 17 40 22
8 1 1 1 9 1 12 3 11 6 10 6 9 15 6 11 10 7 4 2
38 25 32 42 37 42 32 52 58 19 46 43 51 43 9 27 52 6 45 42
21 8 5 10 12 9 11 13 26 4 22 16 13 19 6 16 21 15 13 12
14 3 17 10 11 12 8 20 31 1 17 18 26 20 1 7 25 6 15 17
28 4 18 6 28 21 26 22 20 10 29 30 12 19 16 31 24 24 22 9
6 1 2 1 5 3 1 1 2 1 1 4 1 4 1 7 1 3 1 1
17 4 13 6 15 9 10 14 19 4 17 13 18 21 5 11 18 9 10 15
14 5 12 7 11 13 8 17 23 5 11 12 19 18 9 18 16 10 11 8
8 1 5 1 3 3 8 7 17 5 13 6 5 12 8 10 15 11 7 2
26 12 24 12 47 21 22 26 32 23 38 39 23 26 14 37 32 24 21 32
31 24 16 27 33 22 28 39 53 19 30 33 42 26 15 22 46 10 35 40
19 7 8 9 10 11 10 10 21 3 16 15 8 8 6 13 18 10 9 9
12 5 2 7 15 10 7 11 10 3 14 11 9 11 1 7 13 1 6 9
38 22 23 21 52 26 41 44 64 33 51 47 54 57 30 31 49 27 46 43
47 35 35 24 60 36 41 52 70 36 51 52 61 50 30 35 60 18 47 58
10 5 1 7 17 13 16 10 16 8 19 15 11 20 11 16 22 12 12 9
2 1 1 1 4 1 2 3 1 1 4 1 5 10 1 4 1 1 1 1
4 1 1 3 6 4 2 1 2 1 6 6 1 1 1 1 9 1 2 5
36 14 39 11 36 17 19 19 40 20 40 40 31 40 16 36 26 41 23 32
19 1 20 1 13 8 4 12 21 1 18 20 11 11 6 14 21 15 7 15
27 19 18 19 23 11 16 23 36 5 16 30 26 18 10 25 29 16 27 26
47 37 32 40 44 31 18 65 67 24 44 48 62 53 22 39 62 21 40 56
6 1 8 1 20 3 6 5 12 1 6 12 14 15 4 14 12 6 7 11
42 20 35 30 46 44 33 50 49 10 39 51 38 23 14 24 41 15 52 36
38 34 36 40 46 36 18 47 62 30 49 51 57 59 25 50 53 27 38 49
7 1 4 1 1 6 1 4 10 1 4 3 6 10 1 1 2 1 4 1
15 5 15 2 32 13 14 14 23 13 17 21 27 31 8 16 18 7 21 22
36 28 25 26 47 26 24 52 61 33 50 46 53 58 28 47 57 28 35 43
9 3 25 7 29 11 17 26 37 13 27 21 33 38 18 23 32 16 22 25
54 33 31 30 37 31 41 50 68 28 45 54 57 57 27 42 56 33 58 35
52 27 48 33 42 48 41 53 60 8 51 58 52 47 16 21 52 22 59 45
20 5 22 7 13 16 5 20 25 1 23 19 19 28 7 15 20 19 14 12
41 25 40 31 49 31 34 54 68 23 58 53 60 54 20 31 59 28 40 54
35 15 40 13 55 34 26 33 35 26 44 42 32 45 28 53 29 39 32 34
39 21 24 8 38 14 24 45 55 23 46 34 47 53 33 44 49 37 23 36
40 24 15 18 52 32 43 33 50 40 53 55 47 63 31 43 42 41 46 33
25 18 15 13 31 16 16 14 31 17 22 27 32 35 6 20 17 17 24 28
5 3 1 3 1 5 4 5 15 1 8 4 5 8 4 5 9 6 5 1
10 1 5 1 14 5 9 5 10 4 14 13 1 13 7 20 11 16 7 1
14 1 12 2 18 17 13 11 19 4 15 24 7 13 7 21 19 14 19 3
7 1 13 1 17 1 13 12 19 5 9 11 19 16 11 13 18 3 10 14
16 6 4 2 13 4 8 5 9 4 6 8 13 14 1 8 1 3 8 5
27 6 23 1 16 13 17 19 25 9 24 22 20 27 14 22 21 25 13 15
18 7 11 10 16 22 21 11 24 11 20 26 18 22 7 12 24 9 24 10
27 3 29 18 19 25 28 31 47 9 38 40 32 32 13 20 47 17 35 21
16 1 17 1 20 12 6 19 14 6 16 12 14 20 9 22 16 15 10 10
25 11 26 9 21 12 5 21 33 8 27 24 26 32 7 22 20 25 13 26
24 13 14 14 10 9 11 18 27 5 18 14 21 16 7 14 21 12 12 19
26 14 12 18 28 26 13 28 32 10 22 26 24 18 3 15 27 6 24 23
14 1 13 1 14 11 7 13 14 4 15 11 11 17 8 19 12 16 9 6
24 11 15 4 30 14 17 21 20 21 19 18 29 32 15 21 12 11 17 22
41 27 30 25 34 31 34 38 55 19 32 40 53 41 19 16 33 16 48 39
27 11 17 11 18 11 14 21 35 10 19 21 22 18 13 24 24 19 21 17
48 22 18 16 35 24 34 35 48 24 44 42 35 36 19 26 45 29 32 27
22 8 13 1 24 5 14 18 22 9 26 16 27 37 10 17 16 20 10 21
32 15 25 15 38 14 9 27 35 16 36 33 30 30 7 27 29 23 13 38
51 30 38 17 47 33 41 44 64 20 49 53 56 51 29 27 48 30 43 50
20 7 16 7 11 11 10 13 24 4 11 11 19 17 5 12 14 11 13 13
5 1 5 1 3 8 1 6 9 1 8 5 5 12 1 3 6 3 7 1
28 12 15 14 15 14 6 23 25 1 17 17 20 13 4 16 21 12 14 20
11 1 10 1 2 4 4 6 10 1 11 9 4 6 4 9 13 10 1 4
40 22 36 8 51 11 31 41 62 31 48 40 57 60 31 43 45 38 31 51
20 1 16 5 12 17 8 15 18 1 15 18 17 19 1 9 19 9 16 8
29 9 20 11 17 19 16 20 27 6 24 24 18 20 9 17 26 19 16 17
13 1 14 2 14 9 4 7 15 1 14 14 7 8 1 10 15 9 9 10
25 16 31 19 38 31 19 44 53 27 53 42 41 50 23 35 53 26 23 35
10 1 15 1 17 12 8 8 11 1 6 15 7 6 2 17 6 9 15 6
3 1 1 2 1 3 1 1 9 1 4 4 1 1 1 2 8 1 2 3
36 9 46 6 47 26 18 39 47 17 49 47 36 46 24 50 37 44 25 33
13 6 12 5 14 4 15 9 21 9 15 10 17 19 8 12 15 12 12 12
27 10 37 1 44 14 23 39 51 23 46 39 42 51 35 43 49 34 22 40
3 1 5 3 1 9 1 5 12 1 3 6 5 5 1 2 6 1 7 1
43 19 34 25 48 40 39 43 54 20 46 50 50 48 13 26 43 22 49 39
47 23 35 11 38 30 35 32 44 22 43 43 37 42 26 37 41 37 31 33
16 3 18 3 14 11 5 11 11 1 16 15 6 12 1 12 9 14 10 8
7 3 8 3 4 5 7 7 14 1 10 3 9 14 4 7 10 7 6 6
9 1 7 1 12 9 6 7 4 1 2 9 5 7 3 16 4 7 7 2
22 7 16 9 22 18 9 15 17 8 28 23 8 18 2 14 20 17 14 19
40 15 24 16 46 29 33 35 39 14 37 41 22 35 26 47 33 38 38 26
21 11 28 10 24 25 14 23 32 1 19 32 27 20 10 8 27 7 30 21
31 11 21 2 38 13 32 22 43 26 42 42 34 45 20 28 38 32 33 28
14 8 16 6 23 7 7 7 19 9 16 21 14 17 6 24 11 20 8 17
36 6 49 14 39 34 30 47 48 8 45 48 43 46 22 40 42 35 38 29
37 19 20 16 22 13 24 38 50 18 36 30 42 43 23 29 39 30 29 21
32 22 33 5 57 24 29 34 44 27 43 43 48 52 30 29 35 23 30 47
30 4 36 16 33 30 25 37 38 16 36 34 41 52 10 33 29 17 35 26
6 1 1 3 5 7 1 3 8 1 8 5 4 7 1 4 8 1 4 2
30 8 24 15 34 22 27 35 44 22 35 33 40 49 19 35 32 21 32 18
6 1 5 1 6 7 1 6 8 1 14 6 5 14 1 4 9 7 6 3
31 11 18 5 27 17 21 19 20 7 15 23 19 12 6 19 4 14 25 15
10 7 6 3 18 1 7 15 17 12 9 5 23 23 10 16 13 1 4 15
7 1 8 1 7 5 1 1 6 1 2 9 2 5 1 5 2 4 6 4
17 14 4 16 20 16 20 13 24 11 23 16 14 15 5 8 22 9 18 17
5 1 4 1 10 8 5 10 8 5 6 5 12 16 6 11 9 1 8 6
30 16 10 11 20 16 21 23 33 15 19 26 20 18 18 29 26 24 28 11
16 1 16 1 18 15 13 16 23 6 18 25 12 17 9 23 20 16 22 2
10 8 6 10 5 9 4 13 21 1 14 7 13 15 4 6 14 8 11 7
28 13 41 6 51 26 16 29 40 30 45 40 38 49 24 49 31 37 22 36
23 11 16 8 25 1 20 23 37 12 23 19 35 29 13 16 28 14 19 29
39 23 26 23 36 23 29 36 50 14 44 40 36 29 12 16 43 18 31 44
10 1 8 1 9 8 9 5 9 6 10 9 8 14 1 6 9 4 10 7
47 23 40 10 55 41 37 58 59 34 56 55 45 49 43 58 57 44 43 33
6 3 5 3 8 2 4 9 8 3 6 3 11 13 4 9 6 1 2 6
19 3 21 4 30 20 21 20 31 13 25 29 29 37 9 24 20 18 28 17
5 1 8 1 11 5 1 1 7 1 6 10 1 7 1 6 2 6 7 5
34 20 49 23 50 39 8 40 43 32 51 47 46 57 25 49 38 36 34 36
32 15 37 4 33 18 20 25 43 18 41 39 40 50 14 28 30 33 24 35
30 13 26 11 42 18 27 36 51 24 40 38 36 34 27 31 48 18 28 35
45 34 22 25 63 30 47 42 66 39 52 55 58 55 29 31 49 29 52 56
7 1 6 1 6 3 1 8 5 1 10 5 7 9 1 6 9 3 2 4
28 16 6 12 15 1 15 25 37 11 27 20 24 29 13 24 28 24 19 17
3 2 1 2 8 1 3 6 10 2 1 2 9 10 5 10 8 1 2 7
38 20 17 21 41 15 17 33 27 12 22 33 32 33 7 38 25 21 28 33
41 18 22 30 34 31 34 42 52 21 40 40 44 47 19 34 47 20 42 25
20 4 22 6 31 21 23 21 31 12 24 34 21 28 17 31 29 26 31 12
24 8 13 12 25 25 26 21 33 15 28 36 18 23 12 20 34 16 32 11
61 24 42 24 53 43 57 53 69 29 65 69 54 56 26 37 59 41 64 38
17 1 21 1 23 14 9 16 13 1 10 19 10 6 5 20 6 10 17 8
22 10 17 10 39 23 20 25 28 22 33 31 18 29 23 37 35 22 20 22
13 4 16 4 11 9 9 9 25 2 11 14 14 11 6 12 15 10 13 12
20 11 8 12 23 16 20 15 29 10 21 20 22 17 1 2 25 3 24 21
31 17 20 18 43 32 27 22 28 21 33 39 24 28 4 26 28 20 33 29
25 9 13 9 13 11 10 16 13 2 12 14 14 11 1 12 8 9 16 10
13 4 10 4 8 11 9 6 11 5 7 9 9 13 4 9 8 6 11 1
25 1 26 5 23 22 16 18 16 1 21 27 7 5 10 21 16 19 21 12
1 1 1 1 1 2 1 1 8 1 3 1 1 6 1 2 5 3 3 1
47 24 36 23 53 34 41 37 38 11 39 48 27 26 19 29 30 26 46 37
12 1 13 5 17 13 7 20 28 6 19 17 18 19 8 14 28 6 13 18
8 2 4 3 8 10 9 6 16 3 5 11 11 13 7 16 13 8 9 1
37 22 38 18 43 14 14 27 50 29 51 43 40 50 29 45 38 47 24 40
14 1 14 4 11 19 8 11 11 1 7 16 7 8 4 14 11 11 17 5
27 13 20 10 25 24 24 18 32 12 22 31 26 25 8 17 19 18 32 18
49 23 45 11 57 34 41 49 58 19 47 52 52 46 31 32 55 29 43 51
27 8 43 7 44 29 26 44 49 24 41 43 41 45 31 44 44 32 34 30
5 3 1 3 1 2 1 3 8 1 4 1 3 5 1 1 1 1 2 1
36 13 20 14 35 25 26 37 46 20 39 40 34 34 19 29 47 23 28 29
40 25 24 20 32 13 11 38 47 2 26 34 42 34 12 30 40 21 26 42
18 2 18 4 19 10 16 13 29 6 20 23 19 19 11 18 26 15 15 16
21 10 19 13 31 16 25 32 47 17 31 33 33 32 22 25 44 17 31 22
49 18 30 9 43 32 41 40 51 26 54 52 39 52 24 38 47 42 45 26
14 8 16 6 28 9 5 11 14 15 18 19 16 26 10 30 11 21 6 17
39 23 26 29 40 22 20 37 45 11 27 45 43 42 6 38 35 26 42 34
30 18 16 15 44 31 29 19 36 23 35 43 32 34 4 18 29 17 38 33
53 17 50 29 36 41 27 52 50 8 55 54 48 51 11 42 41 36 41 36
43 13 31 23 31 36 37 44 47 16 46 48 37 42 21 41 44 30 43 16
54 32 27 28 36 32 28 45 54 20 36 44 51 48 15 29 32 31 48 42
24 4 31 8 23 17 13 27 35 1 24 28 34 33 4 10 23 13 26 21
4 3 2 3 8 3 5 6 8 3 8 6 7 8 7 12 12 5 2 4
54 35 20 31 44 33 37 37 54 32 48 49 43 43 12 32 43 29 45 45
6 4 11 8 7 13 6 14 17 1 14 10 16 20 1 7 16 4 13 5
31 2 38 16 22 33 28 30 33 4 28 36 33 34 2 22 25 13 40 17
44 22 28 27 34 37 27 40 44 17 41 41 38 35 8 22 42 21 35 31
39 17 25 17 33 30 27 31 38 12 31 34 33 31 9 23 25 20 36 26
27 11 18 10 16 6 17 23 39 11 24 23 26 23 15 21 29 21 18 21
16 1 22 10 18 17 23 18 36 6 25 30 26 28 11 13 32 8 27 10
19 6 14 2 27 4 19 20 34 13 21 24 23 23 21 25 27 16 20 15
45 15 46 6 45 37 47 43 55 15 46 55 42 43 31 26 47 35 54 26
38 13 41 13 47 27 24 44 47 15 38 40 49 46 17 27 38 19 37 40
32 18 53 7 54 30 12 44 52 26 48 47 47 52 27 53 36 43 23 45
17 7 15 7 15 10 9 13 25 6 15 17 15 12 10 19 18 13 11 13
7 1 3 1 4 6 6 5 7 3 4 3 9 12 1 2 4 1 9 1
44 26 24 20 53 36 40 50 53 37 46 49 46 46 33 48 52 30 44 32
1 1 4 1 6 6 9 7 15 3 7 8 11 16 6 11 12 5 10 2
12 1 13 1 10 7 10 6 22 4 20 17 9 14 7 9 22 13 11 12
19 1 11 1 14 2 15 10 21 9 25 16 16 27 9 16 20 20 8 11
8 1 8 1 6 5 1 9 10 1 11 5 8 11 1 7 10 5 6 6
7 2 18 2 22 9 9 20 24 7 10 15 24 20 13 13 20 1 18 20
40 30 21 32 45 19 22 44 51 17 19 40 42 26 19 38 46 15 40 47
39 13 33 17 34 32 24 35 39 12 36 43 37 35 5 18 36 17 37 29
33 15 22 12 38 13 26 32 41 22 21 32 37 30 22 41 32 20 32 29
29 21 11 22 24 15 18 26 38 9 16 24 34 20 1 11 28 2 32 30
34 7 44 4 52 27 29 40 43 14 43 42 38 42 26 39 37 31 34 36
15 13 1 14 7 3 6 14 31 2 4 14 18 13 5 16 18 5 19 15
8 4 5 4 3 5 3 4 9 1 7 5 3 6 3 6 7 5 3 2
47 27 27 25 44 35 40 37 57 25 42 48 45 37 17 22 41 25 49 40
41 20 46 14 48 37 35 38 50 16 49 53 44 51 20 19 47 31 46 44
32 13 28 14 23 18 18 27 43 7 23 28 39 33 5 15 27 17 32 27
41 25 22 22 37 24 25 47 56 23 44 35 43 37 26 32 52 24 26 41
39 19 48 11 43 22 23 25 44 19 46 46 40 46 25 32 33 40 30 43
22 1 20 2 23 19 18 16 18 2 23 26 7 11 8 23 18 18 19 9
39 26 20 29 40 30 30 28 48 31 47 46 35 40 16 31 38 30 36 32
42 22 24 22 44 37 30 43 44 24 39 38 44 45 17 28 32 21 40 33
10 1 10 2 1 8 2 12 15 1 10 7 11 13 2 3 13 7 8 7
31 13 19 8 31 18 27 18 30 14 26 32 26 22 10 7 23 11 29 30
38 18 9 13 22 12 29 23 38 20 33 29 27 27 13 14 30 19 22 24
6 1 10 1 11 6 2 13 15 3 7 6 15 16 4 8 11 3 10 11
11 1 17 5 8 19 8 15 17 1 12 17 10 11 1 13 14 7 17 1
22 9 14 11 27 17 19 21 21 11 22 23 17 20 15 29 24 18 14 15
30 22 21 28 43 33 26 36 47 30 46 43 37 41 16 35 45 21 31 34
14 6 8 1 25 6 23 14 31 17 29 25 19 31 17 23 28 24 23 12
14 5 17 5 10 9 5 8 18 1 9 13 11 10 1 7 11 6 12 12
22 9 14 11 16 16 8 14 14 4 17 18 9 9 1 12 16 9 12 11
40 23 28 23 37 24 21 42 39 6 21 34 29 24 19 43 29 22 36 32
36 11 30 1 36 12 17 21 26 12 34 32 28 37 6 30 12 32 16 26
5 3 10 10 21 16 14 15 21 10 26 22 19 32 9 21 26 16 15 13
43 23 16 20 35 10 29 33 57 15 37 40 42 40 13 22 44 22 40 42
7 1 3 1 1 1 1 7 8 1 5 1 7 5 1 3 6 1 1 2
7 1 6 1 5 8 1 1 3 1 3 8 1 1 1 7 6 3 4 1
28 7 24 1 28 12 20 15 24 15 30 28 22 32 9 24 18 28 18 23
3 1 1 1 5 1 5 1 2 2 1 1 7 10 1 1 1 1 6 1
4 1 6 1 1 1 1 3 10 1 4 1 4 5 1 1 4 2 1 4
42 18 24 18 29 20 12 34 37 4 33 38 27 29 4 34 29 31 29 29
26 11 10 13 24 21 17 22 25 10 20 19 22 17 5 15 25 8 19 17
8 3 6 3 12 11 6 8 12 4 5 8 10 15 8 17 10 8 9 5
54 28 36 29 53 42 46 42 56 37 58 58 41 49 21 39 52 31 49 44
31 11 35 23 27 33 23 43 41 10 28 31 37 34 16 34 30 16 35 22
2 1 9 4 9 9 4 8 14 5 19 13 8 20 4 12 15 13 10 5
4 1 1 1 1 4 6 1 9 3 5 7 1 2 6 9 9 6 3 1
30 18 12 5 37 15 34 17 37 32 40 38 27 43 24 29 25 33 31 23
12 6 14 10 13 12 6 20 26 5 11 12 26 25 6 12 15 4 15 14
12 2 13 4 14 7 9 6 14 1 14 14 11 12 1 6 15 5 8 12
5 5 5 7 9 8 1 15 16 4 8 5 16 17 5 10 13 2 9 7
33 8 28 8 39 24 24 32 35 15 29 31 31 27 11 27 32 17 29 30
48 35 18 38 43 24 28 42 49 19 20 46 50 45 15 37 40 23 51 41
12 1 25 5 19 18 15 20 30 1 20 27 23 23 11 15 23 9 25 12
26 16 14 18 42 26 31 26 37 27 32 32 32 33 16 27 40 11 30 32
38 19 26 22 36 40 33 29 38 16 32 45 34 34 9 17 26 18 46 26
5 1 4 1 2 5 7 3 10 1 9 4 4 11 4 7 7 6 4 1
9 1 11 1 16 10 8 3 10 2 8 13 8 16 1 12 5 11 14 7
15 18 23 3 36 24 14 28 30 29 25 25 37 41 25 31 32 14 12 31
