1000 20 11 2361
0 4 6 2 1 2 4 4 2 4 3
5 6 3 4 1 4 3 11 2 3 5
4 5 6 10 5 3 6 14 5 4 6
4 6 9 0 7 0 7 9 9 4 9
4 15 8 19 10 0 5 9 17 1 6
5 7 2 2 5 9 6 13 11 3 10
14 0 3 16 3 11 20 0 13 11 9
7 1 8 4 10 2 10 3 4 10 8
16 2 3 2 10 15 17 9 7 9 10
15 9 3 7 3 8 4 18 21 1 11
3 4 6 6 2 2 5 1 2 4 9
1 10 1 5 7 18 1 15 12 16 10
2 8 2 4 2 13 4 3 3 1 6
11 10 8 7 5 4 12 10 6 12 8
8 4 1 3 3 7 3 5 0 6 9
7 4 7 8 4 4 8 1 2 11 3
7 1 3 1 3 1 3 5 6 2 5
3 3 4 2 1 1 2 5 3 8 1
3 3 4 1 0 1 2 2 5 3 6
4 7 4 3 5 12 1 5 15 6 13
10 3 2 5 5 1 5 1 4 6 6
6 24 0 7 13 6 3 0 8 6 3
4 6 6 0 6 13 12 10 1 6 10
3 0 2 6 3 5 9 2 3 0 5
0 10 2 3 1 3 7 3 0 6 2
15 13 7 8 7 1 7 8 12 7 4
12 1 4 6 1 6 2 11 4 7 15
14 5 6 2 9 13 11 8 6 20 6
3 5 0 6 5 2 6 0 0 1 2
1 7 4 9 3 6 2 11 7 3 19
10 9 8 2 1 9 1 2 2 2 1
0 6 3 9 7 17 13 12 14 9 7
9 6 2 3 1 5 3 1 0 3 3
12 28 7 8 5 4 14 5 1 17 4
5 2 4 6 7 2 7 2 3 6 23
5 8 0 2 5 5 3 2 1 6 3
5 9 8 12 7 5 5 0 7 5 22
3 1 5 4 4 0 4 0 1 5 4
4 7 0 8 8 6 3 9 3 7 2
2 1 13 19 1 6 8 17 16 11 13
13 21 17 8 2 6 3 2 1 3 1
13 11 1 5 3 16 14 0 20 3 8
5 6 3 2 5 5 6 8 0 4 8
2 2 4 2 1 8 5 5 0 2 3
0 3 4 8 8 3 3 8 1 16 14
13 0 11 4 1 21 5 23 11 3 2
3 5 4 2 6 4 16 3 3 2 2
1 6 13 12 19 5 6 21 13 3 12
3 5 19 12 6 14 0 4 13 7 14
1 3 8 4 2 3 5 8 1 5 1
9 2 3 15 0 2 1 5 24 8 15
3 6 2 6 9 4 12 7 13 9 4
9 16 9 8 22 6 6 7 6 10 1
7 4 10 3 14 0 9 6 1 0 3
5 2 6 12 1 9 2 6 6 11 15
4 2 8 4 18 15 11 9 4 7 8
4 5 5 1 2 10 0 8 4 0 4
14 2 7 3 3 4 5 1 6 9 3
4 4 5 16 1 4 1 7 9 4 6
14 2 7 5 5 4 7 2 6 6 9
7 6 1 1 1 4 13 1 3 5 2
12 6 0 11 8 6 8 13 6 9 1
4 17 7 9 18 7 18 13 15 3 5
18 3 4 5 1 19 3 12 10 12 3
2 16 7 2 15 5 9 4 17 9 7
13 3 5 8 10 1 2 6 4 2 3
2 9 5 3 0 4 2 1 4 1 1
9 3 0 2 1 1 5 0 5 1 7
2 2 5 2 7 17 9 6 12 15 17
2 4 2 1 1 1 3 6 1 9 8
1 8 8 3 1 8 6 5 4 2 5
3 6 1 10 6 7 3 21 10 8 15
8 7 3 2 1 12 13 10 13 19 13
3 7 8 1 3 4 7 1 15 10 3
11 5 13 5 4 12 8 4 1 3 7
30 6 9 10 7 1 3 13 3 9 12
5 26 9 7 1 10 7 11 4 17 9
1 4 5 1 2 8 2 4 11 10 5
8 11 2 14 12 11 8 13 10 12 13
3 12 1 1 5 2 1 3 1 0 7
6 1 5 8 12 10 9 2 5 10 0
4 1 4 0 5 3 5 1 1 4 1
1 3 26 7 3 3 3 4 8 6 3
3 7 8 1 4 6 1 3 5 6 8
18 5 2 2 10 15 2 18 7 2 5
2 2 8 7 4 4 11 13 5 4 1
10 9 3 6 4 4 4 5 1 5 8
9 6 3 18 4 1 8 5 2 5 7
4 9 16 8 10 8 0 3 1 4 6
1 1 1 22 5 4 14 1 12 5 5
5 13 11 7 2 5 16 12 11 14 10
2 3 4 3 3 0 5 5 3 2 0
0 3 21 6 14 4 13 9 12 1 14
7 2 6 4 8 1 5 4 2 2 7
15 11 9 9 4 7 3 3 18 4 3
4 4 1 5 1 0 10 2 8 1 1
0 1 5 8 15 5 4 13 7 9 7
9 2 14 5 4 17 3 6 16 15 2
6 8 3 6 1 5 7 4 6 9 1
0 3 4 13 3 2 7 1 2 7 1
0 2 0 3 11 5 0 4 3 2 9
2 10 3 6 3 3 12 2 2 13 11
4 1 1 0 1 0 1 7 11 4 8
7 5 6 2 6 1 11 12 4 9 7
10 7 11 2 7 14 11 22 2 17 3
3 9 0 2 5 9 12 5 11 1 2
2 2 7 3 3 4 5 1 1 6 3
4 8 3 1 2 0 5 6 1 1 3
2 10 2 13 9 11 1 2 11 9 10
7 4 3 12 17 4 5 2 3 5 0
9 18 5 15 11 11 4 6 4 20 7
2 3 1 4 6 0 2 5 3 1 5
4 1 6 6 4 3 9 3 5 1 12
8 6 8 21 5 11 9 5 12 12 19
3 2 3 3 7 4 1 9 1 4 5
1 0 6 10 9 4 5 2 4 10 1
6 4 1 4 2 2 4 1 1 5 7
2 6 1 4 3 2 3 6 5 4 7
2 7 3 3 5 4 0 4 11 3 4
4 1 2 1 2 4 3 5 2 7 1
15 19 4 4 7 8 16 7 8 5 18
5 2 8 8 0 5 12 4 14 1 23
0 0 4 1 8 10 2 5 3 0 6
4 5 19 6 6 18 21 1 5 15 7
8 4 2 10 8 5 9 10 2 1 1
6 7 0 12 4 15 8 16 2 10 6
13 1 3 24 0 8 8 2 12 1 11
11 0 1 8 6 4 6 2 14 9 7
1 2 7 1 3 8 5 5 2 9 2
11 8 30 1 2 8 13 7 14 1 5
3 3 6 6 5 1 5 4 3 4 4
22 13 7 4 9 10 15 2 8 11 3
11 6 24 2 15 1 7 2 12 4 0
16 4 19 1 6 11 9 4 1 12 0
5 18 0 4 20 26 0 4 5 6 1
3 10 1 0 2 4 4 2 3 1 2
5 18 2 7 14 14 12 7 1 1 15
2 2 6 12 7 5 13 1 5 5 3
9 1 2 7 0 12 4 2 2 8 3
5 2 15 11 7 4 9 17 19 6 19
6 2 3 0 1 5 7 2 13 3 3
1 3 2 5 3 2 2 5 3 2 7
0 9 4 5 1 7 4 11 7 16 3
30 5 9 4 8 6 17 4 6 0 0
6 14 9 7 2 18 9 6 13 10 6
3 4 5 3 7 6 3 2 5 2 2
4 6 1 1 6 2 2 6 8 10 3
3 7 0 9 3 3 2 7 6 4 4
3 4 20 5 2 14 1 5 1 18 1
3 3 24 15 22 12 8 1 2 5 4
13 3 4 7 6 3 6 15 0 3 3
1 8 0 3 1 2 2 6 2 8 1
0 2 3 6 9 7 2 1 10 6 15
4 5 10 2 1 2 1 0 2 3 4
9 1 8 8 15 8 8 11 7 7 7
6 10 15 11 11 12 15 8 13 0 6
0 0 2 9 2 9 4 17 2 28 10
6 7 4 0 13 10 4 7 0 6 18
12 3 1 0 10 1 3 8 2 7 10
8 5 3 18 10 2 10 4 2 10 8
6 8 4 8 11 8 22 8 9 12 14
24 3 2 3 14 8 20 6 7 11 2
1 10 0 17 5 8 7 1 5 0 1
2 5 2 5 2 1 6 4 1 1 4
5 11 1 6 8 9 3 5 4 5 3
10 9 0 7 0 12 8 7 13 8 5
1 1 6 9 14 17 7 13 14 11 6
3 3 2 2 3 3 2 4 7 0 1
12 2 6 11 7 8 9 2 9 16 5
9 16 8 7 1 13 7 1 9 0 8
13 4 22 3 0 15 13 9 13 1 1
20 19 14 2 5 15 12 0 9 7 4
1 8 1 2 0 0 6 6 4 1 9
2 1 1 5 0 0 6 4 9 2 22
5 8 0 11 5 4 7 4 1 12 9
0 3 7 15 5 12 15 4 4 18 4
8 2 0 9 10 14 1 0 0 1 5
1 3 2 4 5 9 2 4 3 6 7
11 9 5 6 9 1 4 1 9 9 1
1 1 1 11 3 0 11 2 2 1 4
4 9 8 9 3 10 1 8 10 16 1
4 8 15 14 9 16 13 11 1 2 1
3 1 2 15 0 2 6 7 4 2 20
1 3 2 10 6 1 1 11 5 1 1
1 7 1 4 2 5 2 6 3 11 16
1 8 5 1 13 4 4 4 1 10 2
11 1 14 6 3 13 9 6 16 15 16
7 7 10 4 7 8 7 0 2 3 7
10 16 4 17 16 0 9 1 7 9 9
5 0 11 4 3 0 8 16 7 3 12
10 7 5 1 4 2 6 10 4 12 10
3 5 9 8 14 15 12 15 14 1 3
9 12 4 2 6 6 2 0 12 20 1
10 9 6 1 5 5 2 10 6 4 9
7 5 2 1 1 2 5 2 3 1 7
1 10 13 11 4 8 18 5 8 7 14
8 3 2 9 1 7 17 15 8 14 19
6 6 4 6 12 14 6 6 13 18 11
14 3 8 7 3 1 7 8 2 11 0
6 2 3 0 0 1 6 2 1 4 3
14 9 0 1 4 11 13 3 3 6 1
5 0 1 3 1 4 7 2 5 1 2
0 3 2 2 3 0 2 4 7 3 2
5 7 3 4 9 9 1 2 2 5 4
1 2 0 1 8 5 4 5 7 2 7
18 13 7 22 12 0 7 7 2 8 8
13 9 3 2 1 1 1 6 4 4 2
1 5 8 5 6 1 0 1 3 7 1
21 9 6 5 9 3 7 6 16 24 5
4 13 6 16 3 1 1 3 10 9 4
14 2 16 5 8 5 11 8 8 18 17
0 7 0 4 0 11 4 2 10 10 18
6 0 10 10 5 9 6 8 1 11 19
9 17 1 2 11 12 2 13 9 8 11
3 19 12 10 8 18 7 6 13 4 10
2 3 6 2 2 1 1 2 8 3 0
5 2 3 1 15 8 13 10 2 9 1
18 1 6 8 7 13 8 1 1 3 1
2 21 22 0 9 3 6 3 5 7 8
3 10 0 3 5 6 4 25 10 6 12
6 4 9 21 7 3 16 11 3 11 17
2 3 2 2 1 0 8 1 0 5 1
12 11 15 26 4 7 8 2 8 1 4
9 4 13 1 3 1 9 6 0 2 3
1 4 10 2 9 12 10 3 4 0 4
1 5 9 8 9 16 9 17 20 5 1
0 1 6 7 3 12 2 1 11 2 9
7 14 4 7 7 21 0 1 1 23 16
6 0 3 7 6 7 0 5 2 3 3
19 18 2 9 5 7 2 2 6 5 2
9 1 12 1 7 6 13 6 9 0 2
10 10 4 13 8 4 8 8 13 5 3
0 5 1 2 6 2 2 5 3 11 7
19 4 5 5 4 11 1 3 15 3 3
8 8 1 5 2 4 4 9 3 3 2
5 5 6 4 4 2 1 3 4 6 4
4 5 0 5 1 9 1 8 3 5 1
9 11 11 17 10 1 9 2 4 4 7
7 5 9 2 6 7 5 9 3 13 1
6 0 18 5 4 4 14 4 11 22 6
2 4 15 8 12 12 0 4 11 4 1
7 11 7 7 1 8 17 8 8 0 13
3 7 5 3 0 7 6 3 8 2 1
11 8 9 3 9 2 6 1 4 8 10
1 8 13 9 2 12 5 11 7 6 6
0 2 3 2 7 1 4 7 6 5 1
5 15 8 6 20 3 7 22 14 6 5
8 11 3 9 16 17 4 12 6 2 9
3 17 3 8 9 0 10 2 0 12 8
17 10 15 6 10 7 8 15 3 10 18
3 3 3 3 5 4 4 3 2 2 2
1 3 8 4 1 3 3 3 2 11 0
3 17 3 0 0 4 6 15 3 4 7
6 3 1 0 1 3 3 7 5 3 4
1 2 5 3 8 6 6 4 1 2 7
2 1 1 12 0 3 5 1 7 8 9
5 1 6 1 8 7 0 8 1 1 5
1 10 7 14 17 11 4 7 4 6 7
1 6 2 0 3 3 8 7 8 3 11
1 6 3 11 1 9 3 10 14 1 5
6 2 11 7 5 15 4 4 3 28 14
1 1 10 4 21 10 17 14 4 4 12
8 8 20 1 16 16 5 5 1 13 7
6 11 3 10 2 3 4 6 1 6 0
2 2 14 1 10 10 4 3 12 6 2
4 7 10 1 1 9 7 5 2 4 8
19 8 7 12 13 10 6 1 8 15 8
6 1 4 3 2 15 1 11 3 0 8
5 13 4 5 6 1 1 12 6 5 10
1 7 5 6 7 12 21 6 2 16 13
0 4 8 1 4 1 6 3 5 8 7
5 3 0 4 6 0 6 7 6 1 1
8 10 8 1 0 17 11 6 23 7 5
2 3 1 4 10 2 2 2 2 6 2
18 17 6 3 4 7 3 14 2 3 13
14 3 16 11 3 1 14 20 12 13 0
2 2 3 10 9 3 0 2 5 11 0
3 10 4 0 2 17 7 6 5 1 0
10 0 1 2 4 9 3 1 2 7 0
8 2 12 3 24 8 4 15 9 2 9
2 11 13 0 7 11 4 14 8 4 11
4 0 6 5 0 11 4 1 11 7 6
1 1 0 1 8 2 9 9 5 4 13
6 2 4 20 9 15 2 7 5 14 6
3 19 7 8 7 13 7 21 2 16 2
8 20 4 8 2 7 2 0 8 1 0
3 0 0 10 9 1 12 8 12 2 6
12 11 14 5 11 4 2 3 6 12 1
9 21 19 3 6 5 8 20 2 5 9
8 2 5 10 9 10 6 1 15 7 10
8 2 11 2 10 5 1 3 2 3 1
3 8 6 4 6 0 6 16 16 6 6
4 9 3 6 5 6 6 1 4 1 6
7 10 0 2 10 1 3 4 5 2 8
14 17 0 10 0 1 8 1 7 20 7
0 10 16 2 1 4 1 1 8 7 0
2 8 2 5 5 4 1 10 5 4 3
13 6 10 3 9 3 3 1 8 5 10
6 9 0 16 9 18 11 5 2 15 16
18 5 8 3 5 2 15 15 1 4 8
2 5 0 2 5 5 31 5 17 3 14
1 2 3 3 19 1 12 4 2 7 0
4 1 2 1 1 3 4 1 7 3 0
4 13 15 1 11 4 9 6 7 5 4
12 9 5 6 19 19 18 1 0 8 2
10 15 6 6 1 20 1 6 16 10 12
2 5 2 4 2 3 9 0 3 0 0
8 6 7 3 17 8 2 9 2 15 1
1 2 4 5 2 3 2 6 2 5 5
3 5 4 12 1 6 1 12 3 6 11
7 1 9 17 4 3 4 8 4 4 4
10 10 16 11 3 3 5 6 8 13 4
7 2 7 12 6 9 6 5 6 13 5
3 2 3 6 1 6 2 5 10 1 12
6 3 15 4 8 6 10 3 9 11 4
2 9 0 6 9 5 11 6 25 5 8
11 4 8 1 8 14 4 2 8 2 6
4 5 5 0 2 2 4 7 0 3 3
6 6 1 2 1 2 1 2 5 1 7
9 7 15 4 5 0 3 12 5 10 2
4 7 8 9 2 0 1 3 7 9 6
5 2 23 7 2 3 4 2 5 13 2
3 17 2 9 3 6 8 3 13 6 4
3 2 8 4 3 5 0 6 0 5 1
19 6 4 12 18 9 3 4 9 20 7
9 8 22 0 8 3 9 25 9 2 9
8 10 2 3 6 6 2 3 8 8 3
2 8 7 5 10 2 16 15 12 9 8
3 10 3 1 10 2 9 6 4 6 9
3 10 7 11 3 19 21 3 10 10 3
3 2 0 14 10 2 6 3 1 5 2
0 7 2 4 4 3 0 0 2 6 1
1 4 9 17 3 9 4 6 3 4 3
4 10 16 2 10 1 10 3 13 3 10
16 2 10 7 1 4 14 11 2 1 7
7 11 4 6 3 12 16 10 3 12 2
5 10 9 3 22 10 5 18 17 4 3
14 4 11 3 7 13 3 7 5 7 23
2 7 5 1 1 7 5 9 6 7 3
2 10 5 11 10 6 1 6 4 6 8
2 2 2 2 8 2 3 6 3 5 0
20 0 4 4 8 3 1 3 0 2 3
6 3 2 2 3 2 5 12 2 2 3
7 23 0 5 12 5 4 12 0 17 14
4 9 3 6 4 1 7 3 4 3 3
3 8 15 23 22 5 2 7 4 4 8
3 7 1 0 8 3 5 8 3 1 1
8 3 21 9 5 6 10 0 19 8 3
11 7 4 6 13 2 1 3 1 1 12
1 1 1 8 3 6 7 1 2 1 4
5 9 1 3 4 11 11 6 5 4 8
3 2 15 6 1 3 8 4 13 6 7
5 10 6 1 3 8 1 3 1 2 4
16 14 10 5 5 4 17 6 7 12 5
7 11 1 10 15 5 1 5 9 14 1
10 10 2 8 10 1 0 1 2 3 5
11 4 7 15 3 15 3 15 3 1 1
2 7 2 2 2 17 0 6 5 10 21
15 1 4 7 2 4 13 6 3 4 13
9 4 10 4 4 3 13 2 1 5 16
2 7 17 10 7 16 9 13 15 8 4
7 1 16 0 20 10 2 13 7 9 3
2 10 12 0 3 11 6 12 3 8 4
2 6 3 3 6 3 2 2 6 3 3
4 1 7 2 4 5 5 1 0 1 3
2 1 5 2 1 0 0 5 6 3 4
22 2 3 16 13 4 5 12 4 5 3
8 2 1 11 4 14 4 12 0 12 4
6 4 15 13 6 1 6 4 2 4 12
11 16 0 5 7 15 5 8 12 3 1
5 9 6 1 2 3 2 3 9 9 6
7 2 8 1 4 4 10 1 1 4 6
3 3 9 19 6 14 5 2 4 24 0
0 5 1 1 6 4 1 3 2 4 3
0 2 10 1 7 6 1 2 10 6 10
2 4 3 10 17 9 4 1 9 8 3
14 18 1 6 7 8 2 6 2 21 16
5 9 1 2 4 3 4 6 1 6 0
9 3 6 8 6 7 9 8 5 0 19
4 18 7 3 5 7 9 2 1 8 11
7 3 6 5 9 4 18 5 3 1 10
2 5 9 7 6 2 3 3 12 6 13
4 3 7 2 1 5 5 3 2 2 9
2 26 8 9 8 6 1 0 1 13 2
1 8 7 1 3 8 6 12 4 5 3
14 4 6 0 5 9 2 19 0 10 14
3 9 17 5 9 1 12 1 2 11 4
6 2 7 4 2 1 5 3 8 1 6
10 20 6 1 4 5 14 0 18 13 4
14 6 7 4 11 6 0 10 4 1 5
1 3 7 1 2 3 1 3 1 4 4
1 0 7 3 7 3 11 6 2 13 8
18 4 8 7 4 18 0 8 19 6 11
19 7 8 1 7 13 4 2 6 14 14
4 1 1 0 0 6 5 2 2 5 2
3 3 6 4 1 5 0 2 1 2 3
14 8 17 3 9 3 5 0 6 10 3
4 3 2 3 8 0 6 4 5 1 10
3 1 1 6 4 6 0 3 9 1 2
13 14 7 3 21 3 1 2 6 2 0
6 5 6 1 3 3 6 3 3 0 3
8 10 6 13 14 3 15 3 5 3 2
11 11 17 11 4 11 4 6 1 6 11
7 4 3 7 10 0 4 2 2 2 0
1 6 1 3 4 3 9 12 5 23 5
6 1 2 9 7 2 1 3 3 7 0
12 3 5 7 0 6 8 9 3 13 18
3 7 1 5 8 1 8 6 2 3 8
16 8 4 14 0 3 9 4 8 6 15
7 13 8 3 13 7 8 4 18 9 0
2 4 0 2 0 5 6 4 8 4 0
8 6 11 13 2 0 5 2 0 12 2
2 5 1 6 15 4 14 10 6 5 1
6 16 1 19 7 9 1 5 2 22 5
8 5 5 7 5 18 12 3 10 8 4
1 0 4 8 3 0 1 9 8 4 6
3 6 4 1 3 2 7 8 3 2 7
0 12 6 2 10 6 0 6 3 12 14
13 12 12 2 9 13 18 8 9 8 8
2 11 8 1 1 6 5 1 2 2 11
3 2 5 4 2 5 1 1 7 5 3
2 6 7 2 1 13 7 5 8 6 5
11 5 10 2 1 18 6 16 1 5 5
7 6 1 5 6 0 11 2 11 7 6
3 4 5 0 9 4 3 12 2 0 0
8 3 2 7 5 2 17 9 9 17 1
6 11 5 4 11 3 1 3 0 1 1
1 15 7 9 9 18 5 12 2 9 9
13 4 3 3 6 9 6 7 0 14 5
1 0 2 6 0 15 3 12 2 4 3
4 2 4 4 4 3 2 5 6 1 0
10 9 14 1 11 10 17 2 3 8 4
3 9 3 20 18 1 4 5 19 4 5
3 11 19 12 2 14 8 7 8 16 8
4 1 12 15 3 6 5 2 2 17 8
4 3 4 2 5 2 0 7 3 1 3
5 1 1 14 0 4 9 9 16 9 3
8 1 8 1 8 2 3 3 3 1 5
0 1 5 1 3 7 6 3 12 1 1
8 21 1 5 8 3 6 9 14 9 8
2 8 4 6 2 4 2 8 0 7 8
9 6 2 2 1 8 25 19 3 5 15
7 7 5 3 1 8 6 12 3 16 3
4 7 9 6 3 3 1 9 2 8 3
0 3 1 1 1 3 1 3 5 8 12
8 3 3 10 6 5 8 8 1 3 4
2 5 5 2 1 8 6 3 11 1 1
1 1 5 3 5 4 3 2 9 3 7
3 8 7 2 8 14 24 12 2 11 2
4 4 0 5 1 4 0 6 0 0 1
5 22 14 13 5 0 2 4 2 14 3
12 5 3 13 15 9 4 9 6 6 15
0 1 16 2 4 4 11 4 5 13 4
2 10 17 11 4 15 5 1 16 19 1
2 1 1 5 4 1 1 1 3 2 9
2 4 4 2 3 0 1 5 2 0 7
14 10 11 2 8 7 2 0 8 15 1
8 5 17 4 10 7 5 3 7 7 3
21 3 14 7 0 13 15 6 11 15 6
0 6 2 1 6 0 2 2 1 4 5
1 3 12 5 14 6 0 3 1 7 7
13 13 8 4 22 5 8 13 10 10 2
17 3 0 13 4 11 9 18 1 7 3
3 3 4 7 7 2 4 3 1 4 1
0 9 4 1 2 2 1 8 6 1 1
3 4 2 3 3 6 1 6 9 9 0
8 8 5 9 3 2 3 3 9 10 13
13 10 0 7 13 5 1 2 7 11 0
3 11 3 13 3 2 7 10 15 2 3
2 1 3 3 1 7 11 1 13 5 18
10 14 21 8 9 3 10 13 3 9 5
10 5 6 0 6 7 3 4 8 3 2
10 16 1 5 3 6 11 15 13 14 6
1 4 5 8 14 4 5 3 10 9 2
9 7 6 4 1 5 5 3 8 8 2
6 0 9 2 0 3 5 9 4 2 6
7 4 5 4 2 7 2 9 7 10 6
1 3 0 3 8 10 10 6 7 6 1
3 7 7 2 2 5 10 10 20 2 14
12 2 6 3 9 0 4 24 13 22 6
15 23 9 4 11 2 16 9 6 14 2
2 2 4 1 3 9 3 2 3 9 5
2 3 9 1 3 2 3 12 1 9 4
8 15 4 0 4 10 5 11 4 14 6
5 4 7 2 2 0 1 4 5 2 13
15 11 2 9 13 16 6 12 8 4 6
7 2 3 8 3 6 6 5 1 3 6
5 7 1 4 5 7 3 6 8 0 3
5 10 18 9 2 6 5 2 11 8 22
4 5 5 1 4 4 8 8 5 1 2
3 5 6 1 3 6 8 12 8 3 2
7 2 9 4 1 4 11 4 7 8 2
3 12 13 1 3 1 11 0 9 10 10
16 4 6 7 11 2 12 15 4 1 7
22 16 7 3 4 6 1 1 6 2 14
5 2 8 3 0 1 6 5 3 4 2
6 0 4 5 7 13 13 5 4 2 18
13 2 2 16 1 5 4 14 9 1 5
1 7 3 1 5 2 2 2 3 2 2
5 0 1 0 1 4 5 4 6 2 2
8 6 6 10 2 1 17 6 1 1 3
11 9 13 6 11 2 0 16 3 0 3
8 10 2 2 0 1 2 7 8 6 11
11 1 7 16 0 9 12 6 18 9 19
16 19 11 10 5 4 8 8 4 1 3
6 4 9 4 6 24 4 11 2 1 17
2 3 6 1 11 5 5 18 4 2 17
6 4 1 1 4 13 0 5 3 3 2
5 3 6 4 9 9 24 3 12 4 14
9 7 1 15 8 12 5 7 4 3 15
6 0 6 7 0 1 6 1 4 1 2
6 3 3 7 3 6 1 4 3 1 5
3 2 7 13 5 10 3 6 14 5 0
9 5 5 6 12 10 6 6 5 11 13
2 3 1 2 0 1 8 7 4 3 6
8 7 2 1 1 2 5 4 2 10 3
1 6 4 8 3 0 4 4 12 12 1
1 3 4 4 1 5 6 8 8 0 4
3 3 8 2 7 2 3 4 0 5 2
1 6 2 4 4 1 1 7 7 14 4
8 2 14 4 2 24 10 9 8 2 7
8 4 13 7 3 4 13 5 14 6 11
0 11 6 5 17 3 3 17 13 18 4
3 2 11 2 2 10 7 2 3 2 4
10 4 20 8 12 12 5 0 1 6 19
6 6 16 6 7 7 1 0 4 10 6
1 14 11 3 0 7 20 18 3 11 15
3 5 0 3 2 1 4 5 6 1 1
15 9 3 4 18 1 1 11 7 7 4
0 3 1 5 4 1 2 1 0 7 1
3 3 4 10 3 27 12 7 4 2 3
16 3 3 5 13 8 8 11 12 13 20
10 2 21 7 5 3 3 19 3 6 5
3 14 8 1 1 11 5 12 7 9 5
5 13 16 6 0 14 11 12 22 12 0
4 1 10 2 6 2 6 4 8 6 5
17 6 0 8 2 5 13 1 5 1 6
2 8 5 2 0 4 3 4 3 3 2
2 5 8 3 15 1 4 7 9 1 1
5 0 10 10 1 2 1 0 2 0 9
5 3 1 4 0 1 2 2 8 1 2
1 6 1 6 3 1 0 4 0 2 2
5 6 1 2 1 1 1 3 1 8 6
13 21 18 7 6 12 3 9 1 15 11
16 14 4 11 7 3 13 11 3 1 19
1 4 1 1 4 2 4 2 9 3 6
7 0 8 8 0 5 0 7 1 11 9
8 23 3 13 6 2 3 10 3 3 10
6 15 13 3 4 14 3 6 3 1 2
4 3 1 6 2 3 1 1 6 4 1
4 4 8 7 13 9 3 1 1 3 2
3 1 0 2 2 14 6 7 1 23 15
5 1 9 19 3 0 2 0 10 12 3
4 4 1 4 3 5 5 4 3 6 10
3 2 6 5 4 2 3 0 0 2 7
9 3 1 6 1 8 9 8 5 13 10
1 4 1 4 10 22 16 12 3 0 17
1 9 17 2 16 16 5 3 0 2 22
16 4 3 8 1 4 6 11 12 22 1
6 1 8 9 5 5 6 13 17 3 1
4 6 3 10 5 9 7 15 13 8 3
4 12 0 6 3 5 0 16 6 2 2
2 7 4 5 1 3 7 2 3 5 3
3 0 4 2 12 1 9 2 1 8 2
13 2 13 9 6 8 4 10 13 11 2
11 9 11 24 2 11 13 6 17 6 4
9 7 3 5 3 1 3 1 0 4 1
1 18 6 13 5 3 8 7 11 13 22
6 20 9 4 2 12 13 3 9 8 4
4 0 5 3 3 10 10 15 9 6 11
6 4 5 6 9 7 1 1 3 4 4
2 1 13 21 10 4 15 4 10 8 10
7 1 4 1 1 1 2 7 7 9 3
2 8 20 12 8 2 12 0 1 13 6
2 2 4 7 3 3 2 1 2 3 2
1 1 7 9 11 3 4 1 4 0 4
12 6 20 7 14 8 11 5 8 5 2
5 1 2 6 4 1 2 12 3 5 6
3 11 2 10 19 2 6 4 10 17 11
7 1 2 6 5 4 1 6 2 9 0
5 2 2 3 0 5 1 2 2 2 5
14 9 11 13 2 2 13 5 3 23 5
1 0 1 7 2 4 6 5 0 3 3
1 22 10 2 1 4 7 5 1 10 12
1 2 4 4 5 4 2 1 2 7 1
4 5 3 8 3 7 2 7 2 0 4
2 1 5 3 1 7 2 2 8 7 1
4 5 0 7 17 3 4 2 10 7 6
5 4 4 8 4 0 2 4 8 3 3
5 1 5 14 6 0 9 10 7 6 7
1 6 3 1 1 2 15 1 3 3 3
8 0 12 14 1 7 10 6 10 11 4
7 12 12 4 2 1 1 2 5 4 3
2 0 6 13 12 9 5 6 12 7 1
3 1 4 0 4 8 1 2 2 6 6
8 2 5 5 3 2 6 7 16 7 5
3 1 7 1 4 10 7 6 11 2 9
3 3 17 1 5 10 20 8 12 15 16
0 17 10 20 5 4 7 6 6 7 1
12 3 6 4 5 3 2 6 9 1 5
2 1 13 4 15 21 4 12 4 20 10
7 6 1 5 1 3 1 4 3 5 4
6 12 7 11 1 2 1 5 3 2 0
2 6 11 2 8 9 2 3 15 1 1
6 17 30 7 5 2 1 2 11 3 12
5 9 1 11 4 8 0 2 15 3 3
2 1 17 0 12 2 6 3 4 7 14
3 5 17 8 18 8 12 3 4 17 3
1 3 1 0 1 7 5 0 4 1 4
2 5 3 1 6 4 0 1 1 5 0
0 0 4 2 7 7 2 0 1 5 2
5 8 9 11 23 1 11 3 8 4 1
5 6 15 2 2 3 6 8 1 3 5
1 2 3 8 0 4 1 6 1 6 8
10 13 16 1 3 1 13 3 8 1 16
9 2 20 5 3 18 5 9 0 2 1
2 3 1 2 2 6 4 12 5 1 10
8 0 1 4 3 1 2 0 5 2 3
11 7 2 2 3 13 13 4 2 1 1
8 17 3 11 6 3 4 7 5 12 16
6 5 0 7 0 2 2 3 3 8 1
3 1 2 3 3 9 2 1 3 2 7
17 6 12 7 7 2 17 1 9 0 17
2 6 2 13 13 8 12 4 1 3 13
14 4 7 12 6 15 5 2 14 0 4
3 17 11 5 8 1 2 6 15 4 2
6 5 6 3 6 4 2 6 1 7 8
11 3 7 6 15 5 25 1 8 4 10
3 13 11 19 7 11 16 18 3 0 2
6 5 3 2 1 2 5 1 1 1 2
15 1 10 26 6 0 14 8 10 12 1
6 1 1 8 1 3 6 4 4 10 4
2 3 3 6 12 14 10 11 5 5 1
5 3 3 1 6 2 2 4 4 5 4
8 2 3 7 4 9 22 4 4 2 7
4 3 1 9 7 2 1 2 0 7 1
21 3 6 3 6 5 10 5 2 8 4
3 10 14 0 0 4 6 5 1 1 9
4 4 9 0 7 5 3 2 1 9 6
11 1 3 5 3 2 4 16 10 5 2
9 17 3 15 8 6 0 3 8 9 20
1 1 6 5 5 4 0 2 3 3 4
3 3 13 2 2 9 10 6 2 12 5
5 2 6 1 5 11 5 0 0 12 2
8 2 10 15 12 17 6 0 13 12 10
0 4 5 2 5 1 4 4 2 2 0
7 1 16 5 6 9 4 7 17 1 2
3 1 6 4 5 7 3 6 9 0 2
5 10 7 2 2 7 10 4 1 7 0
10 14 19 4 0 10 4 1 21 2 2
5 1 0 2 4 2 1 3 0 6 8
4 7 12 8 5 6 9 11 0 12 4
1 2 11 19 4 8 7 17 12 19 12
1 6 0 8 2 2 4 3 11 5 2
2 21 12 4 11 2 2 10 6 4 0
4 4 2 7 5 3 7 8 13 1 7
14 5 14 2 4 5 22 4 21 1 7
15 9 9 8 4 21 2 9 6 0 7
2 6 2 2 3 1 9 7 7 24 8
2 2 4 3 7 5 6 17 1 5 2
2 1 4 5 1 5 1 3 1 2 5
3 19 1 5 14 1 2 3 11 6 2
3 2 13 1 3 4 10 9 1 7 4
3 3 5 4 10 12 4 2 4 8 17
1 3 5 0 5 2 5 2 9 8 6
4 3 1 7 8 13 4 7 4 3 9
2 1 5 2 25 0 9 0 3 16 1
2 2 1 0 3 4 6 2 5 0 5
1 3 8 6 2 11 16 2 10 4 2
13 6 12 5 2 6 3 5 5 12 6
12 14 6 3 6 2 27 0 13 2 8
2 2 7 2 5 4 0 5 1 3 1
0 1 5 3 9 3 1 4 2 2 9
20 9 4 13 2 9 2 9 16 15 14
2 17 22 8 0 12 14 2 1 7 16
2 9 1 0 2 2 7 1 8 6 11
4 7 4 1 3 8 5 5 2 3 1
0 4 1 10 7 1 2 1 2 0 10
7 2 7 2 1 1 1 1 0 6 3
1 5 1 14 5 4 4 12 3 7 16
6 15 4 4 15 12 12 11 13 7 19
10 9 6 4 15 6 3 2 5 4 1
5 11 2 6 1 11 17 4 0 12 6
2 1 2 1 7 14 2 4 11 13 5
13 4 18 3 6 14 1 12 19 5 0
2 1 8 2 9 6 13 6 5 0 10
0 6 4 0 3 8 4 2 4 4 1
7 3 6 7 14 4 17 11 15 14 2
9 0 7 8 5 9 1 10 1 8 6
1 4 13 6 0 11 19 3 11 19 5
5 4 10 9 1 4 20 7 7 6 20
0 4 7 6 2 1 3 2 2 3 1
1 5 1 4 3 1 3 9 0 12 7
0 4 10 4 10 3 23 1 11 14 9
6 1 3 7 1 3 4 3 8 9 3
2 11 4 0 3 22 4 6 9 10 8
4 2 3 3 3 2 4 2 8 3 1
1 7 9 2 1 6 4 0 1 3 16
15 6 1 2 5 12 2 3 19 16 20
3 15 1 18 11 10 6 16 11 3 9
1 8 5 4 9 2 2 10 15 1 22
2 6 1 4 3 6 4 3 5 12 5
11 10 8 6 5 7 5 13 12 3 0
4 2 5 7 4 8 6 6 6 10 3
3 0 0 0 5 2 2 0 6 3 6
1 3 4 3 2 6 3 0 1 5 1
6 5 3 1 4 10 8 21 19 7 13
14 2 21 22 2 7 14 6 3 2 4
7 2 3 5 3 5 1 5 1 5 1
16 1 12 4 6 9 12 9 9 14 12
7 9 3 15 8 0 2 11 3 1 12
5 4 13 3 3 10 5 2 14 2 25
8 20 15 3 11 1 14 10 4 16 5
2 11 4 12 0 5 12 10 10 1 3
5 7 5 8 4 4 4 7 0 3 7
11 7 7 3 1 15 0 1 20 12 9
8 5 12 3 1 22 4 2 4 1 3
2 5 2 4 5 2 6 7 0 1 3
5 3 3 1 18 1 2 9 7 5 4
3 2 4 6 16 11 12 3 2 2 2
5 15 2 7 19 16 10 14 2 9 16
2 4 3 2 8 3 3 1 0 1 1
1 9 6 6 0 11 9 8 4 2 3
4 4 13 9 13 4 8 10 3 8 6
1 3 5 2 6 5 1 2 4 7 2
12 16 11 17 3 7 1 6 14 10 0
1 10 1 2 15 0 1 9 2 23 9
8 13 4 11 0 6 0 13 6 2 3
10 9 1 3 9 20 23 7 12 6 7
4 7 2 3 1 1 1 0 4 7 2
2 7 1 4 2 2 5 1 0 0 2
5 22 1 11 8 1 8 9 2 6 10
7 7 7 10 10 9 5 1 3 9 1
2 7 1 5 7 13 4 7 1 3 6
1 3 7 3 1 4 2 1 0 5 2
12 0 0 4 3 7 15 1 11 5 6
13 8 13 4 3 3 2 8 0 4 8
4 1 7 8 3 3 2 1 1 4 1
1 0 5 4 4 5 6 2 2 1 1
2 3 4 7 8 2 8 17 9 1 2
8 15 21 1 1 10 14 16 3 13 9
0 1 2 6 2 7 4 9 2 7 13
11 6 7 3 6 16 11 8 5 2 7
7 0 10 1 1 5 9 6 1 5 0
19 5 4 3 2 14 17 4 1 8 22
3 1 2 1 4 4 3 1 5 4 10
3 4 6 14 7 1 1 0 13 1 4
3 2 2 5 2 0 9 1 0 6 7
0 2 7 5 3 1 6 4 1 2 2
3 2 12 5 5 4 0 5 8 3 3
7 1 14 14 9 12 2 8 2 8 2
1 3 8 16 8 6 6 10 12 1 2
5 0 5 4 3 7 2 1 1 3 1
8 2 13 18 6 15 11 6 18 8 12
5 3 2 7 7 3 9 3 0 3 1
19 6 16 14 4 4 3 4 10 4 21
4 0 6 2 2 2 1 11 6 5 11
1 4 10 2 2 4 1 6 4 5 3
5 3 4 7 8 3 4 14 4 1 4
1 4 2 3 4 4 1 10 6 4 3
8 3 11 3 0 6 7 9 13 14 7
7 12 11 10 5 15 22 5 3 7 9
10 13 2 4 6 8 3 1 2 12 1
8 1 16 16 16 14 16 10 9 0 2
3 5 1 4 2 6 0 1 3 6 4
10 13 0 1 12 7 2 8 12 0 15
5 3 1 1 5 10 1 1 1 2 4
4 0 13 5 2 14 4 18 5 10 15
2 0 2 16 2 6 6 2 1 9 2
9 0 9 26 10 11 5 8 15 10 8
3 1 10 11 8 2 9 7 5 2 1
9 3 11 10 9 2 3 1 2 5 2
19 1 2 2 10 3 9 8 9 6 3
9 3 9 1 23 4 13 11 1 3 1
3 8 4 7 6 10 18 5 2 0 25
6 11 5 1 17 7 20 6 11 16 11
12 4 2 12 0 3 5 7 1 14 3
2 4 9 16 6 2 15 9 23 7 1
1 4 14 10 20 0 0 1 11 13 2
4 1 24 4 4 17 16 4 8 15 6
1 25 2 0 16 6 1 1 12 14 2
1 5 2 4 2 4 6 1 2 9 5
4 8 16 11 10 1 10 2 3 15 17
0 4 3 4 4 5 4 13 3 1 3
8 5 2 13 17 2 5 21 16 13 1
1 8 4 20 13 9 7 10 10 14 7
0 4 1 1 2 2 1 2 11 14 0
2 1 7 3 9 9 6 4 12 5 4
7 20 7 9 14 8 7 4 17 2 16
12 8 5 8 12 18 14 24 0 2 5
4 21 5 7 10 14 6 22 1 14 4
14 9 19 3 13 6 7 7 9 5 11
3 8 1 9 6 0 2 11 5 4 15
7 15 2 11 0 20 8 7 6 18 10
29 2 16 2 2 8 7 4 4 5 10
0 2 4 0 4 6 0 1 7 3 0
4 3 17 3 6 2 20 3 4 14 10
1 1 8 11 2 7 2 11 7 9 5
3 1 7 11 3 5 4 11 0 1 22
2 3 7 12 15 4 7 9 7 0 16
1 6 5 11 2 7 3 10 1 9 6
3 2 15 7 3 22 3 5 10 18 0
8 11 7 19 6 11 4 7 8 3 4
2 3 16 9 1 8 3 6 9 9 4
6 4 2 1 0 8 6 1 6 9 2
6 5 1 4 12 2 3 17 7 19 17
7 2 4 2 10 1 4 1 0 5 2
6 7 2 6 2 1 3 2 5 2 4
13 4 6 5 3 2 6 12 6 12 17
4 15 4 14 15 14 4 3 13 9 3
5 17 11 1 8 12 0 1 3 5 2
4 14 2 4 12 5 10 3 9 9 2
17 13 9 1 4 11 10 4 11 22 6
6 10 7 3 16 16 5 7 1 6 3
0 18 3 6 15 1 2 10 11 9 3
1 6 9 1 3 6 5 4 1 7 5
4 7 5 5 3 5 0 2 2 3 5
1 4 0 6 8 6 3 6 1 6 1
2 5 7 11 3 5 0 9 9 10 0
12 14 10 14 6 0 4 2 6 11 1
22 10 13 10 3 11 5 11 10 2 3
3 13 4 1 3 7 12 11 17 7 3
13 3 5 5 7 1 3 1 4 2 0
3 3 5 12 0 15 7 1 7 14 1
7 4 5 4 2 5 5 2 4 2 15
14 16 7 2 1 0 0 10 4 14 7
8 4 10 1 6 9 2 16 16 12 0
6 4 0 5 7 0 1 4 3 3 2
8 6 1 9 4 1 2 5 4 5 3
3 6 4 3 1 5 2 0 1 0 6
2 15 7 15 5 3 11 15 12 1 21
0 5 3 3 0 8 6 15 1 7 9
4 7 6 11 3 22 1 7 2 7 3
7 13 0 24 2 11 11 15 1 4 11
3 7 1 6 5 3 3 0 1 5 3
5 0 3 9 9 2 0 0 3 12 8
7 6 2 5 3 6 5 2 0 8 4
1 1 2 4 2 1 2 8 6 6 5
11 1 0 15 4 11 4 12 15 5 6
10 4 15 6 12 7 12 8 5 25 0
8 4 3 8 11 10 3 30 1 7 2
11 5 8 5 8 3 1 6 19 9 0
3 0 0 0 5 14 2 9 3 6 3
4 2 8 1 9 10 0 1 5 3 3
1 2 13 13 3 11 6 13 1 14 9
15 2 9 12 12 6 6 9 5 15 1
21 7 10 10 22 14 2 12 5 6 4
13 3 10 3 5 5 4 5 3 11 7
5 2 1 7 10 4 9 1 2 2 13
2 4 21 8 8 0 0 6 10 9 6
2 12 12 6 1 11 0 0 4 13 1
10 7 12 14 10 1 2 6 8 4 4
8 4 12 4 17 0 4 3 1 20 11
12 9 12 2 2 3 8 5 7 4 18
2 2 1 19 9 5 10 4 7 1 5
7 3 18 3 3 4 1 2 4 2 5
0 5 12 5 9 5 6 15 13 3 6
6 0 7 13 13 12 14 1 2 13 2
0 7 9 3 4 3 8 2 1 3 12
9 9 10 0 4 20 8 3 6 7 4
4 5 5 14 5 5 17 4 5 4 0
1 1 5 6 21 2 10 11 22 6 14
1 11 5 0 9 9 5 16 7 5 21
12 9 5 9 19 6 9 9 10 5 1
5 9 1 17 13 5 6 5 13 2 0
12 9 9 25 4 2 3 14 10 12 8
3 10 4 9 8 7 3 9 19 7 5
2 8 11 6 9 6 8 12 14 9 6
0 25 16 3 5 9 14 6 5 0 10
1 2 3 10 6 18 1 6 1 5 11
1 2 4 14 5 8 4 2 3 12 7
2 6 1 7 11 10 3 2 32 6 14
0 5 8 2 8 2 5 5 13 3 7
8 1 10 15 6 5 5 6 8 1 7
14 1 17 10 20 8 1 10 8 12 4
8 9 5 13 10 7 12 13 1 12 6
10 8 4 4 8 10 6 1 14 10 1
0 4 6 13 7 7 10 2 1 0 14
1 8 1 1 14 8 3 5 5 4 18
3 4 4 5 6 3 5 1 5 1 4
0 2 2 0 4 2 8 2 4 4 6
1 8 1 15 12 1 8 10 11 6 22
2 4 4 5 1 7 1 1 3 4 3
1 1 9 2 9 2 3 15 1 3 13
0 2 8 2 4 5 1 2 0 7 2
11 2 5 13 7 4 15 2 10 5 15
13 16 3 15 1 6 3 15 10 6 3
1 2 2 3 1 9 2 3 10 3 2
7 7 0 3 6 15 4 9 1 8 1
5 8 4 1 12 9 23 4 10 6 23
6 1 10 15 12 13 8 9 0 8 1
5 2 5 16 15 12 7 6 5 6 17
1 5 6 1 4 1 4 11 7 1 8
10 1 7 1 17 0 6 7 1 2 16
10 6 2 11 11 9 13 1 6 1 2
3 3 2 2 7 1 1 0 5 2 1
7 7 5 9 0 0 4 16 3 2 3
3 6 12 18 9 4 3 14 8 1 22
10 16 3 11 11 5 9 10 9 13 2
3 0 1 3 1 0 7 7 2 6 1
8 5 4 6 10 1 3 0 4 5 3
14 8 5 2 1 3 16 11 7 3 3
2 11 3 6 2 4 6 0 7 13 3
1 6 5 2 4 1 2 0 4 3 1
7 7 5 6 11 10 10 6 1 10 7
23 6 3 8 4 9 11 20 18 1 2
1 2 5 9 1 5 3 10 10 2 0
5 5 7 13 15 1 7 22 7 3 14
1 6 0 2 6 1 4 0 5 2 9
1 1 14 5 5 7 0 9 1 8 7
3 1 4 9 7 7 7 2 12 8 8
2 12 0 8 0 2 27 10 10 15 3
1 3 2 0 4 3 6 1 1 5 2
19 8 4 7 10 9 4 6 19 8 6
1 7 3 2 6 2 6 3 0 3 5
3 7 3 2 2 3 4 5 5 9 1
2 4 4 6 9 1 8 7 2 5 1
2 6 0 1 3 1 6 3 3 7 2
6 5 5 1 5 3 8 7 1 2 5
5 12 0 11 12 14 3 5 5 3 2
5 11 0 3 4 2 1 3 9 2 6
6 4 1 1 2 6 2 5 1 11 5
6 4 1 18 12 0 16 7 10 4 6
5 8 5 5 7 7 3 5 7 1 6
4 4 3 5 6 7 6 8 4 3 4
4 15 13 8 14 10 12 5 16 2 5
18 4 11 4 9 8 1 12 6 18 12
7 5 16 12 1 15 5 2 3 7 9
13 9 4 12 23 5 3 2 7 8 9
18 10 4 4 9 3 9 14 13 3 13
5 3 5 2 4 4 5 0 11 1 3
5 11 7 2 10 1 5 12 7 2 3
0 2 0 3 2 1 6 7 1 1 3
2 2 2 0 2 2 8 1 4 5 2
4 2 14 2 9 7 1 3 5 6 10
6 1 0 6 6 13 10 2 5 7 2
7 19 7 1 11 1 7 3 8 3 3
13 12 10 0 2 17 4 1 8 1 14
12 2 1 5 5 13 2 5 1 7 12
1 7 2 14 7 4 2 2 4 3 11
8 20 3 12 5 0 21 2 4 6 4
5 18 11 13 7 16 17 15 4 1 2
3 13 6 7 5 4 0 12 6 4 7
3 19 8 0 3 2 11 19 9 6 9
20 17 6 10 2 1 1 8 18 3 8
3 4 4 10 4 3 10 3 7 5 20
2 8 1 4 11 4 3 1 2 7 0
1 19 25 2 4 6 9 1 6 10 6
5 2 17 5 6 19 6 10 11 2 0
4 2 9 6 3 1 1 4 5 9 1
3 18 4 0 4 9 1 12 7 12 4
9 7 8 2 4 7 8 10 3 2 0
10 2 1 5 12 12 16 1 5 8 2
2 11 8 9 12 0 2 5 4 7 12
3 1 10 13 6 10 8 10 9 8 5
8 8 5 3 3 1 0 0 11 1 4
2 7 3 1 7 2 4 3 5 4 1
10 7 6 2 6 19 16 13 1 2 22
16 2 7 8 10 15 2 7 9 3 5
1 8 6 8 1 9 26 7 8 18 7
3 13 10 4 3 4 6 0 6 0 0
4 2 5 5 9 9 3 9 3 9 3
7 23 18 6 10 9 14 3 11 11 3
3 3 0 9 3 8 5 7 4 4 10
5 4 8 6 9 5 5 1 1 11 0
5 12 5 10 10 3 2 7 4 7 3
13 5 4 0 7 2 2 8 3 16 3
1 1 2 1 0 3 10 1 1 7 2
10 9 3 2 2 0 7 1 2 4 5
0 2 5 16 11 2 4 8 1 7 9
6 5 10 12 3 3 8 7 3 9 3
2 2 6 18 11 9 13 3 6 1 8
1 3 3 6 0 2 5 10 11 5 1
2 10 1 0 2 3 3 5 1 0 7
10 9 2 6 8 9 3 14 7 2 13
3 11 1 13 16 6 24 10 0 8 6
2 15 5 14 1 13 12 15 6 7 1
1 10 3 23 8 5 4 9 8 22 4
1 3 0 3 3 7 4 0 6 5 6
5 1 2 0 2 1 2 9 0 7 4
2 5 7 3 7 1 3 2 1 1 8
20 6 9 2 7 2 0 5 9 9 12
2 8 3 11 5 6 6 4 15 13 26
10 1 5 12 6 12 1 2 15 2 4
6 0 2 10 9 4 3 5 3 10 4
11 13 9 1 6 8 11 3 1 7 5
4 5 18 9 13 19 2 7 0 12 9
1 5 1 13 1 10 0 1 2 1 6
3 6 8 5 27 5 20 2 9 3 3
6 5 4 6 9 2 7 5 0 1 9
8 6 1 12 16 3 2 15 5 23 5
2 3 3 4 20 1 10 11 5 1 13
12 20 12 3 8 15 14 5 3 17 1
10 4 1 11 2 4 1 9 4 1 2
17 21 11 7 13 8 7 3 2 14 12
0 4 1 18 11 2 14 13 3 20 4
4 3 5 1 9 5 1 0 1 1 5
8 1 8 4 4 7 3 11 2 23 19
1 6 0 1 7 3 5 4 0 8 8
1 0 2 3 0 3 8 3 1 3 7
1 23
1 51
1 98
2 56
2 74
3 6
3 66
3 82
4 66
5 11
5 41
5 54
5 66
6 44
6 50
6 59
7 81
8 47
8 51
9 18
9 29
9 48
9 62
9 71
9 78
9 99
9 105
9 106
10 19
10 48
10 91
10 92
11 72
12 92
12 111
13 79
13 91
14 105
15 31
15 64
15 74
16 70
16 71
16 80
16 106
18 50
19 52
19 62
20 68
21 76
21 78
22 114
22 120
22 122
23 35
23 48
23 118
24 121
25 42
26 89
26 95
26 108
27 32
27 106
28 32
29 76
30 92
31 67
32 84
32 110
32 114
32 117
33 111
34 48
34 50
34 67
34 111
34 130
35 70
35 87
35 93
35 120
35 122
35 127
35 131
36 65
36 77
36 124
37 46
37 48
37 81
37 83
37 117
37 137
38 76
38 122
39 99
39 107
39 113
40 101
40 114
40 115
41 133
42 72
42 93
42 99
42 114
42 121
42 129
43 57
43 113
43 119
44 122
45 57
46 113
46 121
47 53
47 59
47 87
47 141
48 63
48 72
48 94
48 103
48 142
49 72
49 87
49 149
50 51
50 64
50 96
50 129
50 142
51 76
51 87
52 58
52 67
52 123
52 139
54 76
54 86
54 149
55 67
55 136
56 67
57 129
57 135
58 93
58 116
59 66
59 118
59 135
60 80
60 81
60 125
60 152
61 70
61 99
61 139
61 141
61 156
62 71
62 77
62 138
63 79
63 81
63 99
63 117
64 68
64 82
64 137
65 71
65 77
65 119
65 136
66 67
66 91
66 137
66 166
67 106
67 153
68 120
68 160
69 141
69 148
69 153
69 167
70 71
70 84
71 128
72 124
72 164
72 167
73 101
75 87
75 128
75 138
75 160
76 105
77 100
77 153
78 139
78 174
80 93
80 96
80 142
80 151
80 180
81 129
81 139
81 148
82 137
82 143
86 89
86 169
86 174
87 117
87 136
87 154
88 128
88 154
89 105
89 113
89 123
89 124
89 158
89 174
90 101
90 140
90 171
91 159
91 171
92 114
92 119
92 144
93 105
93 147
94 168
94 175
95 101
95 180
96 114
96 117
96 129
96 136
97 189
98 104
98 135
99 127
99 192
100 101
100 131
100 152
100 173
101 126
101 133
102 126
102 185
102 194
103 153
103 197
104 118
104 189
104 190
106 117
106 171
107 122
107 151
107 184
108 123
109 178
109 208
110 141
111 116
112 205
113 184
113 190
113 205
114 131
114 138
114 149
114 160
115 179
115 180
115 186
117 139
117 161
117 197
118 119
119 126
119 192
120 174
120 189
121 133
121 134
121 173
121 179
121 181
121 197
122 149
122 172
122 209
123 199
123 215
124 125
124 185
124 196
125 155
126 128
126 150
126 156
126 169
126 189
126 200
126 209
128 148
128 156
128 213
129 131
129 138
129 162
129 196
131 148
131 149
131 196
131 214
131 218
131 220
131 226
132 177
132 197
132 214
133 188
133 195
134 141
135 141
136 152
136 219
137 140
137 206
138 192
138 194
139 200
139 229
140 177
140 189
140 201
140 230
141 211
142 150
142 154
142 177
142 212
143 173
143 211
143 231
143 234
144 151
144 176
144 186
144 204
144 218
145 172
145 242
146 180
146 207
147 190
147 194
147 221
148 200
148 233
148 242
149 163
149 170
149 228
149 249
150 152
151 160
152 170
152 198
152 232
153 160
153 186
154 181
154 210
155 172
155 202
155 222
155 232
155 244
156 158
156 208
157 163
158 176
158 198
158 216
159 162
159 164
159 168
159 200
159 231
159 252
162 198
162 203
162 204
163 175
163 222
165 169
165 250
166 191
166 211
166 212
167 186
167 220
167 221
167 228
167 244
168 183
168 256
168 260
169 187
169 200
170 173
170 174
170 189
170 191
170 248
171 244
171 268
172 242
172 245
172 262
172 272
174 194
175 185
176 219
176 255
176 265
176 276
177 238
178 223
178 225
179 182
179 216
179 220
179 246
180 227
180 266
181 216
181 221
181 266
182 204
182 215
182 218
182 221
183 214
184 207
184 256
185 249
185 265
185 283
186 217
186 219
186 262
187 256
187 267
188 215
188 282
188 285
189 219
189 224
189 256
189 282
189 286
190 255
190 266
191 200
191 213
191 234
191 242
191 266
191 286
192 205
192 211
192 227
192 254
192 274
193 196
194 208
194 215
194 293
195 213
195 231
196 275
196 292
196 293
197 265
197 279
198 227
198 278
198 280
199 227
200 237
200 297
201 265
201 301
202 298
203 207
203 275
204 225
204 240
204 243
204 254
204 264
204 281
205 206
205 212
205 217
207 242
207 259
208 239
208 279
209 284
210 228
210 286
212 216
212 245
212 263
212 275
213 235
213 263
213 281
213 311
214 219
214 276
215 247
215 250
215 260
215 281
215 308
215 312
215 315
216 256
216 272
216 316
217 265
217 270
218 243
218 260
218 318
219 223
219 287
220 236
220 303
221 253
221 295
221 318
222 268
222 273
222 279
222 287
222 296
223 300
224 241
224 270
224 305
225 267
225 304
227 259
227 320
228 283
228 284
228 302
229 289
230 234
230 290
231 232
231 247
231 259
231 271
231 324
231 326
232 274
233 261
234 256
234 283
234 284
235 265
235 286
236 240
237 244
237 250
239 258
239 317
239 335
240 253
240 287
240 288
240 294
240 328
241 265
241 338
242 245
242 258
242 267
243 292
243 300
244 250
244 259
244 303
244 334
244 344
245 250
245 256
246 281
246 288
246 311
246 336
247 293
247 314
248 291
249 266
249 282
250 251
250 324
250 344
251 274
251 316
252 305
252 337
253 267
253 294
253 333
254 268
254 304
255 259
255 316
255 324
255 338
256 284
256 289
256 304
256 317
256 322
257 272
257 307
257 321
257 334
257 348
257 357
258 358
259 261
259 290
259 320
259 356
260 273
260 286
260 344
261 287
261 313
261 339
262 274
262 295
262 299
262 300
262 312
262 325
262 350
262 352
262 356
263 266
263 280
263 317
264 281
264 284
264 293
265 324
265 335
266 278
266 300
266 322
266 326
267 314
268 282
268 283
268 356
269 332
269 339
270 286
270 322
271 278
271 280
271 323
271 330
271 332
272 280
272 331
272 344
273 328
273 338
273 370
274 301
274 304
274 315
275 369
275 371
276 299
276 301
276 320
276 362
277 319
278 314
278 370
279 281
279 307
279 317
279 367
279 372
280 281
280 310
280 313
280 340
280 352
280 374
281 300
281 331
282 299
282 313
283 319
283 325
283 337
283 374
283 378
284 366
284 369
286 304
286 355
288 357
288 382
289 315
289 336
289 358
291 379
291 386
292 334
293 297
293 330
293 390
294 302
294 305
294 339
294 340
294 343
294 356
294 380
295 334
295 353
296 375
296 382
296 387
297 337
297 371
298 369
298 388
299 338
299 339
299 343
299 377
299 398
300 317
300 320
300 330
300 344
300 346
300 385
301 396
302 361
302 387
303 324
303 340
303 363
304 319
304 360
304 368
304 396
305 326
305 366
305 381
305 403
306 308
306 326
306 360
306 382
306 390
307 372
308 395
309 348
309 404
310 322
310 366
310 398
311 344
311 363
311 390
312 316
312 367
312 388
312 402
313 396
314 352
314 411
315 359
315 388
316 334
316 363
316 381
317 321
317 358
317 377
318 362
318 380
318 389
319 350
319 364
319 369
320 390
321 322
321 355
322 341
322 359
323 351
323 359
323 405
325 327
326 348
326 412
326 424
327 328
327 356
327 367
327 375
327 408
328 360
329 346
329 387
329 393
329 399
331 335
331 386
331 417
332 346
332 363
332 408
332 430
333 354
333 416
333 430
334 339
334 386
334 404
335 374
336 342
336 361
336 363
336 370
336 418
337 378
338 371
338 397
338 410
339 361
339 375
339 406
339 418
339 427
340 385
340 426
342 377
342 379
342 427
343 359
343 382
343 428
344 362
344 370
345 370
345 409
345 430
346 409
346 436
347 352
347 412
347 432
348 365
348 381
348 433
348 434
348 447
349 383
349 446
350 390
350 404
351 393
351 400
352 441
354 359
354 365
354 396
354 410
354 427
355 385
355 390
356 382
356 388
356 390
357 371
357 430
358 408
359 369
359 390
359 392
359 407
359 412
359 439
360 384
360 412
360 422
360 435
361 374
361 409
361 420
361 430
362 375
362 400
362 417
363 377
363 380
363 424
363 448
363 451
364 401
364 452
365 371
365 387
366 396
366 440
366 446
368 387
368 406
368 431
368 454
369 372
369 464
370 434
370 456
371 392
371 425
371 454
371 457
372 383
372 461
374 388
375 403
375 410
375 432
375 437
375 450
376 420
376 462
377 401
377 422
377 439
377 465
378 389
378 405
378 441
378 476
379 472
380 382
380 452
380 459
382 414
382 426
382 451
383 403
383 412
383 452
384 432
385 457
386 428
387 394
387 428
388 456
389 470
390 454
391 414
392 428
392 492
393 424
393 437
393 438
393 445
393 484
394 395
394 421
394 437
394 477
395 411
395 423
395 435
395 446
396 494
397 435
397 448
397 496
398 406
398 456
398 461
399 402
399 418
399 440
400 435
401 428
401 431
401 437
401 445
401 448
401 494
402 406
402 407
402 414
402 427
402 446
403 411
403 418
403 502
404 421
404 435
405 433
405 436
405 438
405 451
406 415
407 423
407 439
407 478
407 491
408 420
408 460
408 508
409 416
409 442
409 483
410 428
410 449
410 467
410 470
411 441
411 478
412 419
412 441
412 471
413 420
414 499
415 428
415 429
415 432
415 444
415 473
416 447
416 488
418 436
418 438
418 472
418 488
418 513
420 457
420 514
421 452
421 459
421 484
421 513
422 454
422 479
423 499
424 497
424 503
425 466
425 473
425 519
426 464
426 484
426 489
426 520
427 432
428 522
429 480
429 491
429 522
430 462
430 467
430 471
430 518
431 444
431 509
432 462
432 465
432 509
432 512
433 513
433 518
434 449
434 494
435 519
435 535
436 450
436 493
436 501
437 465
437 473
437 527
438 502
439 510
440 497
442 520
443 504
443 531
444 459
444 495
444 514
444 539
445 469
445 511
445 529
446 475
446 485
446 497
447 450
447 456
447 539
447 547
448 456
448 472
449 450
449 466
449 467
449 490
449 537
450 482
450 518
451 484
452 548
453 505
454 459
454 515
454 525
454 528
455 487
455 519
455 535
455 537
456 466
456 469
456 470
456 531
457 491
457 522
457 535
458 502
458 504
458 529
459 474
460 463
460 502
460 508
460 550
461 503
461 514
461 530
461 533
461 538
463 480
465 509
465 528
465 540
466 503
466 519
466 525
467 502
467 525
467 560
468 470
468 474
468 509
469 485
469 527
470 519
470 527
470 531
470 544
470 561
471 482
471 502
471 512
471 524
471 528
472 489
472 522
472 544
473 484
473 508
474 487
474 491
474 549
475 480
475 550
475 569
476 486
476 512
476 521
477 498
477 510
477 567
478 480
478 531
478 573
478 578
479 578
480 516
480 529
480 570
481 531
481 577
481 579
482 495
482 557
483 486
483 507
483 518
484 536
485 518
485 547
485 585
486 540
486 549
486 570
487 587
488 489
488 495
488 500
490 527
490 549
491 497
491 514
491 527
491 559
491 577
491 581
492 495
492 502
493 565
493 583
494 534
495 544
495 582
496 521
496 555
496 563
496 584
497 550
497 586
499 502
499 512
499 577
499 599
501 543
501 553
501 574
501 579
501 588
502 531
502 539
502 584
503 563
503 580
504 509
504 579
504 597
505 519
505 554
505 567
505 600
506 551
507 518
507 543
507 556
508 539
508 553
508 576
508 600
509 578
509 597
509 606
510 548
510 567
511 578
511 598
512 558
512 567
512 573
512 581
512 601
513 545
513 562
513 563
513 591
514 532
514 593
515 593
515 597
516 524
517 544
517 545
517 601
517 610
517 617
518 528
519 543
519 589
519 599
520 575
520 617
521 541
521 543
521 558
521 587
521 611
522 554
522 555
522 565
522 577
523 617
525 562
525 615
526 539
526 564
526 577
527 619
529 573
531 604
531 606
532 547
532 569
532 584
533 567
533 600
534 581
534 587
534 602
534 628
535 571
536 551
538 553
538 579
538 633
539 586
540 584
540 639
541 579
541 597
542 605
543 602
544 610
545 553
545 567
545 588
545 618
545 619
545 628
546 577
546 615
546 645
547 566
547 569
547 602
547 607
547 609
547 617
547 633
548 559
548 628
548 632
548 634
549 564
549 568
549 586
550 551
550 559
550 574
550 615
551 570
552 597
552 616
554 557
554 604
555 613
556 569
556 593
556 650
557 578
557 602
557 629
557 634
558 562
559 579
559 584
559 615
559 640
560 625
560 636
560 648
560 650
562 578
562 637
562 657
563 564
563 571
563 583
563 588
563 655
563 658
564 582
564 588
565 594
565 595
565 626
566 567
566 602
566 629
566 636
567 568
567 574
567 581
567 587
567 614
568 573
568 606
568 668
569 643
570 602
570 655
570 659
571 585
571 587
571 612
571 630
573 595
573 607
573 620
573 628
574 617
574 641
574 647
575 622
575 646
575 669
576 661
576 667
577 587
577 643
578 628
578 665
579 588
579 617
579 670
580 598
580 601
580 612
580 634
580 644
581 600
582 631
582 673
584 596
584 610
584 631
584 640
584 653
584 655
584 672
585 660
586 602
586 666
587 589
587 592
587 594
587 610
587 670
588 600
588 631
588 658
589 602
589 605
589 613
589 619
589 647
589 676
589 682
590 603
590 640
591 634
591 654
592 682
593 598
593 604
593 627
593 654
593 673
593 675
594 611
594 692
595 677
595 678
595 683
596 613
596 634
596 681
597 636
597 652
597 656
597 658
597 661
597 668
599 635
599 677
599 684
600 607
600 613
600 625
602 632
602 637
602 642
603 634
603 637
603 657
603 682
604 605
604 606
604 652
604 654
604 696
605 615
605 650
605 660
605 670
606 611
606 612
606 685
606 693
607 635
608 674
608 676
609 636
610 622
610 640
610 652
611 643
611 682
612 640
613 643
614 618
614 712
615 616
615 621
615 651
615 673
616 681
617 638
617 673
618 651
618 683
620 628
621 692
621 699
621 701
621 712
622 652
622 678
622 695
622 705
623 624
623 629
623 683
626 636
626 690
626 723
627 663
627 715
627 724
628 653
628 714
629 636
629 656
629 662
629 693
629 729
630 670
630 675
630 726
631 664
631 689
631 706
632 680
632 702
633 708
633 722
633 726
634 706
634 733
635 682
635 690
635 697
636 658
636 708
637 640
637 643
637 662
637 695
637 707
638 644
638 695
638 711
640 663
641 660
641 708
641 726
642 671
642 721
642 733
643 653
643 680
643 690
643 696
644 694
644 706
645 680
645 707
645 715
645 727
646 653
646 656
646 671
646 690
646 712
646 718
647 650
648 712
648 718
649 677
649 708
649 718
650 713
651 692
651 740
651 741
652 673
652 676
652 677
652 686
654 698
654 701
654 726
655 719
655 755
656 674
656 741
656 749
657 732
657 750
657 752
658 683
659 664
659 684
659 752
659 753
660 690
660 756
661 703
661 755
662 738
662 762
663 671
663 712
664 715
666 688
666 701
666 706
666 721
666 727
666 765
667 693
667 734
667 749
668 761
669 738
670 682
670 736
671 712
671 720
672 699
673 686
673 701
673 709
673 770
674 726
675 685
675 689
675 743
675 750
675 759
676 682
676 690
676 728
677 719
678 693
678 772
679 705
679 741
679 751
679 779
681 689
681 693
681 696
681 705
681 712
684 721
684 745
685 696
685 716
685 725
685 749
685 780
686 724
686 764
686 777
687 751
687 775
687 777
688 692
688 736
688 740
689 694
689 734
689 738
689 766
690 703
690 723
691 735
691 773
691 788
692 736
692 776
693 706
693 724
694 730
694 749
694 761
694 786
695 726
695 762
695 785
696 711
696 712
696 769
697 707
697 760
698 729
698 738
698 763
699 720
699 738
699 746
699 787
700 740
700 757
701 715
701 745
702 705
702 706
702 737
702 773
702 779
703 713
703 731
703 765
703 798
704 724
704 754
704 781
705 735
705 743
705 763
706 722
706 778
706 799
707 716
707 745
707 778
707 806
708 804
708 806
709 731
709 789
709 792
709 796
710 786
710 796
710 807
711 741
711 760
713 717
713 726
713 789
714 790
715 751
715 801
715 806
716 744
716 775
717 748
717 763
718 755
718 797
719 724
719 745
719 762
719 784
720 727
720 772
720 784
720 808
722 751
722 820
723 762
723 772
723 790
723 822
724 758
725 755
725 777
726 806
727 747
727 776
728 758
728 764
728 794
728 796
728 821
729 782
729 792
730 744
731 738
731 742
731 762
731 825
732 776
732 802
733 753
733 761
734 753
734 759
735 738
736 801
736 825
738 739
738 750
738 751
739 784
740 801
741 762
741 797
743 837
744 748
744 764
744 794
744 835
745 795
746 771
746 809
746 841
746 845
747 790
747 820
749 777
749 837
750 765
750 790
750 816
751 756
751 758
751 790
751 797
751 798
752 768
752 814
753 759
753 797
753 826
754 772
754 827
755 808
756 838
757 800
757 810
758 781
758 848
759 793
759 805
759 820
759 841
759 842
761 820
761 824
761 854
762 772
762 788
762 818
762 829
764 808
765 784
766 805
766 813
766 820
767 808
767 838
768 844
768 858
769 785
769 798
769 800
769 808
769 838
770 836
771 867
773 775
773 816
774 793
775 784
775 810
775 839
776 779
776 811
776 815
776 851
776 868
777 786
777 788
778 802
779 853
779 855
780 877
781 836
781 856
783 838
784 822
784 823
785 803
785 809
785 839
785 840
785 864
785 883
786 814
787 826
788 868
789 849
790 806
790 808
790 863
790 879
790 880
791 809
791 836
791 839
791 877
792 834
793 819
793 830
794 822
794 844
794 848
794 859
795 820
795 848
796 856
796 888
797 879
798 882
798 886
799 895
799 898
800 861
800 881
801 819
801 861
801 882
802 820
802 844
803 823
803 828
803 836
803 838
804 807
804 895
805 879
805 883
805 905
806 825
806 830
806 844
806 867
807 827
807 832
807 863
807 866
807 886
808 815
808 824
808 839
808 881
809 857
809 860
810 814
810 855
810 901
810 902
811 870
811 887
811 899
813 853
813 867
813 905
814 901
815 817
815 818
815 846
816 826
816 869
816 900
817 881
817 915
820 891
820 895
820 918
822 825
822 840
822 861
823 877
823 890
823 893
823 912
824 849
824 854
824 883
824 916
825 859
826 841
826 920
827 865
827 886
828 849
828 889
829 901
829 922
830 832
830 888
830 889
831 838
831 904
831 912
831 922
832 852
833 845
835 889
835 913
836 843
836 847
836 874
837 841
837 928
838 869
838 910
839 847
839 870
839 884
839 909
840 860
840 863
840 895
841 873
841 922
841 931
841 939
842 851
843 880
843 894
844 913
844 933
845 893
845 896
845 912
845 916
847 899
847 902
847 934
848 856
848 868
848 908
848 932
849 854
849 879
849 906
849 947
850 907
851 870
851 900
852 856
852 868
852 909
853 899
853 912
853 941
853 944
854 919
855 936
857 864
857 888
857 947
857 957
858 891
858 958
859 929
860 928
860 953
860 959
861 924
862 945
863 872
863 899
863 903
864 921
864 938
864 940
865 883
865 888
865 940
865 965
866 897
866 923
866 933
867 943
868 884
868 919
869 966
870 929
870 939
870 950
871 884
871 920
871 921
871 937
871 946
871 969
872 950
872 955
873 884
873 905
873 973
874 878
874 920
874 940
875 916
875 929
875 948
876 924
876 931
876 937
877 944
878 956
879 929
879 956
879 958
881 895
881 913
881 945
881 952
881 974
882 936
882 958
882 961
883 943
884 922
884 923
885 948
885 974
887 902
887 952
887 969
888 933
888 943
888 955
888 978
889 899
889 920
889 967
890 948
891 903
893 896
893 908
893 939
893 940
893 946
893 962
893 975
893 987
894 907
894 912
895 973
896 910
896 962
896 969
896 980
897 899
897 921
897 972
898 941
898 981
898 983
898 984
899 973
899 984
900 935
900 936
900 967
901 959
902 975
902 993
903 954
903 973
904 981
905 915
905 933
905 982
905 985
907 916
907 919
907 953
907 996
908 962
910 943
910 972
911 993
912 919
912 941
913 935
913 969
914 943
914 976
914 978
914 995
915 918
915 920
915 968
915 981
916 928
916 937
916 945
917 988
917 991
917 993
918 961
919 949
919 971
920 923
921 959
921 965
923 961
925 965
925 974
925 997
926 939
927 943
927 962
928 936
929 949
930 932
930 952
930 978
931 935
931 957
932 961
933 936
933 941
933 965
933 974
934 965
934 978
936 948
936 954
937 950
938 969
938 970
938 973
938 989
939 941
939 952
939 964
940 945
940 953
940 996
942 990
943 953
943 974
944 978
944 993
945 950
945 959
945 980
948 970
949 960
950 952
950 955
950 998
954 971
954 976
954 995
956 958
956 981
956 987
957 978
959 995
961 971
961 978
963 976
963 997
964 965
967 992
967 995
970 983
970 999
972 977
973 985
975 989
976 995
977 996
979 998
980 1000
987 993
990 993
997 998
999 1000
3 10 6 4 0 1 7 12 4 6 2
25 23 0 2 13 8 15 6 17 13 0
5 16 2 4 3 21 13 8 10 7 1
5 7 23 11 7 7 3 8 3 2 11
13 16 16 2 25 23 11 24 27 14 3
8 6 9 7 8 7 13 3 7 1 8
6 3 20 11 2 11 17 9 11 19 1
4 31 1 18 18 8 6 38 10 10 3
12 2 21 5 6 5 13 9 8 13 12
16 2 17 8 7 1 2 9 3 3 3
10 5 3 5 10 16 7 11 6 2 13
7 12 14 13 12 4 3 4 1 5 6
8 2 17 14 17 3 16 18 11 6 3
20 28 10 22 0 0 4 5 25 4 26
11 6 15 19 7 13 4 9 0 6 5
12 25 3 8 16 5 7 26 2 8 2
0 13 8 8 12 7 6 4 1 3 14
16 3 18 4 12 19 18 9 1 33 27
9 6 14 4 5 17 2 14 17 23 8
14 16 10 26 22 24 1 15 29 1 1
5 11 8 5 1 6 5 7 4 8 7 4 4 5 4 6 4 4 4 10
8 14 7 3 3 9 8 4 5 11 1 7 6 10 3 2 12 5 1 7
23 30 25 15 13 19 17 10 15 24 15 19 8 21 15 14 23 19 12 15
23 21 20 13 6 12 16 15 6 22 12 20 10 14 16 20 20 11 8 17
50 34 41 36 20 39 39 18 40 47 40 32 27 15 31 35 38 43 32 9
31 20 17 19 7 21 20 11 16 36 10 31 18 24 23 21 26 18 7 16
73 37 47 57 33 46 30 42 34 63 47 58 36 40 44 53 63 29 39 40
28 16 23 19 5 9 14 17 2 23 14 15 7 22 18 16 19 1 11 23
61 25 35 48 16 38 31 39 22 49 24 53 31 47 38 38 52 6 29 35
58 36 46 43 16 44 46 33 38 52 34 53 38 25 44 35 51 39 26 18
11 18 13 3 9 3 8 10 2 12 5 5 7 4 6 9 4 3 5 14
57 39 35 47 15 52 38 28 38 63 34 54 44 50 45 42 50 28 14 27
19 16 6 9 6 9 13 10 15 24 4 13 20 16 7 14 11 8 5 9
41 26 32 34 12 26 24 28 12 40 29 34 24 31 29 25 38 17 20 30
22 12 12 8 8 9 13 11 5 19 5 10 13 13 5 10 13 2 3 16
22 15 17 15 5 10 5 11 4 18 16 11 7 18 10 8 17 5 9 18
14 10 9 7 4 5 8 9 1 8 1 8 4 6 8 9 15 7 3 9
5 7 5 8 1 11 1 5 3 8 9 8 5 8 7 4 13 4 1 10
6 11 8 4 4 3 6 7 2 7 3 5 5 2 7 9 8 5 1 9
38 21 20 22 10 25 23 21 19 40 15 30 27 18 23 31 26 17 5 16
14 8 10 9 3 4 9 7 1 8 1 6 3 6 3 3 13 1 2 11
42 8 23 32 12 28 33 1 31 41 29 22 24 20 31 7 27 31 29 16
29 22 15 18 5 17 16 20 10 34 10 26 18 31 12 21 22 1 10 22
16 13 8 8 8 1 7 8 3 15 5 11 6 15 10 8 10 6 11 14
1 2 1 8 1 6 5 1 5 15 6 2 5 6 4 1 1 4 6 9
40 21 30 36 11 33 30 23 24 32 33 32 23 19 29 21 37 27 26 18
34 31 31 23 19 28 25 26 10 27 14 31 23 19 21 20 30 10 15 24
53 23 34 43 7 34 22 35 20 46 26 45 33 45 30 34 48 4 15 31
7 5 4 2 3 1 5 1 3 7 1 2 2 8 1 1 2 3 5 5
30 32 25 13 20 21 22 16 16 30 12 25 21 12 21 22 17 14 14 18
15 7 8 6 1 5 7 11 8 12 6 6 12 7 2 6 10 4 1 1
53 33 27 43 14 37 27 27 31 57 29 50 29 46 36 38 46 25 19 27
10 4 4 3 1 1 6 4 2 7 1 1 5 4 1 1 7 1 1 4
58 24 42 52 23 44 35 28 32 54 52 43 41 30 43 23 48 27 39 42
32 30 29 19 23 19 26 24 12 28 15 23 19 13 23 22 19 3 23 32
11 2 3 4 1 6 9 1 5 13 6 1 7 11 2 1 7 4 2 8
47 41 40 24 30 27 34 28 26 44 30 26 29 15 29 35 26 21 31 30
7 12 8 5 4 5 6 6 1 6 6 2 2 6 2 5 6 1 3 11
22 14 14 10 9 17 14 1 14 19 13 14 12 24 9 5 18 13 12 12
60 52 55 44 25 52 31 30 30 59 48 52 26 31 39 49 54 36 27 32
40 21 29 20 9 28 22 22 21 22 34 17 24 12 17 13 27 19 24 13
62 26 30 53 14 38 40 43 37 61 34 53 44 32 46 46 52 31 28 25
15 11 8 3 3 6 11 6 2 16 1 8 9 13 3 4 8 1 2 13
9 7 4 3 1 4 2 3 3 10 1 7 5 10 1 5 4 1 3 7
36 29 33 18 19 27 19 20 11 29 19 23 22 26 21 21 17 4 14 30
53 44 33 47 1 46 31 32 33 44 33 53 27 41 35 33 58 25 19 15
15 4 6 10 2 1 4 10 3 17 7 12 1 19 12 8 12 1 12 14
65 55 61 40 18 49 45 24 40 58 44 45 21 44 45 37 45 41 36 26
61 48 43 25 23 40 24 37 25 46 35 36 29 31 27 51 40 22 19 27
3 10 3 2 1 6 1 4 1 5 5 3 1 7 1 2 4 1 1 5
56 41 48 42 28 45 37 36 32 49 39 43 32 9 39 45 49 37 28 24
30 8 13 25 3 16 12 8 10 33 18 25 8 25 23 16 27 14 13 19
52 26 37 42 6 39 36 17 34 48 40 34 27 38 37 19 38 32 35 14
24 14 22 14 1 9 15 14 9 15 12 9 1 19 12 9 15 2 15 9
37 30 28 17 20 25 13 18 12 33 19 25 21 16 19 29 25 11 13 23
49 36 32 37 10 33 30 27 25 47 25 40 22 50 31 32 38 12 25 26
16 15 8 6 3 10 7 9 10 16 4 15 13 17 6 13 16 7 1 5
24 11 18 21 2 14 11 16 2 15 15 18 10 13 13 12 25 5 8 14
28 28 22 15 19 20 13 9 16 25 20 16 10 9 12 23 26 23 14 10
32 21 27 22 12 14 21 25 4 22 14 22 15 16 18 19 25 8 14 21
14 3 3 15 2 4 5 10 4 20 10 12 5 15 12 7 18 5 11 17
38 19 28 30 11 28 21 12 19 34 21 32 16 33 21 12 39 21 21 17
67 37 48 57 20 51 46 28 52 70 54 55 31 50 58 39 53 46 48 27
49 28 28 47 9 46 26 31 27 42 28 51 34 36 33 35 57 16 14 20
46 13 29 41 1 33 35 17 29 54 37 32 26 27 42 24 30 29 24 19
23 12 22 10 4 10 15 11 7 3 6 9 4 10 7 4 16 5 11 2
1 4 1 1 1 1 3 1 4 8 3 1 5 1 4 1 2 6 1 1
11 5 8 6 2 1 7 7 1 8 1 7 4 1 6 6 11 2 1 8
56 32 32 43 14 40 27 36 23 57 27 52 37 40 41 47 42 10 17 37
11 11 10 8 6 12 9 7 3 15 8 9 11 9 8 8 11 2 2 18
16 17 13 9 6 9 12 12 12 23 11 14 16 14 11 16 9 11 9 13
47 38 36 29 19 37 32 11 27 48 27 40 24 32 33 24 36 29 21 28
56 30 33 49 17 42 22 39 25 64 32 58 39 42 45 46 54 17 17 42
22 9 14 22 1 16 9 11 10 30 22 21 12 14 21 19 23 16 4 15
40 30 28 20 10 18 19 32 13 27 16 21 22 26 10 26 26 6 12 21
59 43 62 40 36 49 49 45 34 42 43 46 40 33 38 40 52 31 36 39
54 39 43 47 26 50 35 27 39 63 46 51 50 35 46 32 49 33 31 42
22 9 10 16 1 14 4 6 7 25 14 18 12 15 14 18 18 10 1 13
60 34 41 45 19 46 36 19 34 63 31 43 30 40 39 33 44 28 30 27
14 9 9 6 5 7 19 5 11 16 8 2 15 8 10 6 4 10 7 7
38 16 23 28 9 20 13 14 17 33 20 24 14 36 22 17 26 11 21 20
5 2 1 1 1 1 1 1 1 3 1 1 1 6 1 1 2 1 1 4
30 31 26 9 12 21 6 22 5 18 28 17 7 21 16 27 26 15 13 22
17 15 13 5 4 5 12 11 5 19 10 8 12 11 8 14 9 7 1 11
49 24 32 36 5 34 37 22 30 35 14 40 25 36 26 22 44 17 16 11
21 24 18 20 8 16 9 15 9 22 18 24 4 26 19 15 24 14 15 16
22 15 16 11 9 11 19 13 8 19 8 7 15 9 7 6 13 8 8 14
33 29 29 22 23 21 24 16 20 29 21 18 16 13 11 19 28 21 23 20
39 31 33 11 12 20 22 21 20 24 25 9 18 27 12 23 17 13 17 17
46 28 29 36 27 27 21 18 24 44 35 33 14 22 27 36 38 31 32 23
52 35 37 44 18 41 23 34 24 59 46 47 29 38 47 41 48 27 27 39
1 2 1 1 1 1 1 1 1 1 1 2 1 1 1 1 2 1 1 2
58 41 46 28 20 33 25 38 14 44 34 41 16 40 41 44 36 16 33 34
14 12 14 2 3 1 10 9 1 5 1 1 1 7 3 5 5 1 3 8
49 23 36 34 12 31 31 30 31 36 38 31 30 14 30 32 38 33 21 11
7 2 1 9 1 1 1 1 1 12 2 11 1 4 11 6 12 6 6 6
33 25 30 23 8 24 21 6 14 30 18 23 7 31 22 11 22 15 14 15
56 30 33 40 4 42 17 38 22 42 35 42 29 37 29 44 54 16 2 21
15 8 6 16 4 11 5 5 7 24 11 14 11 14 14 5 18 12 9 14
11 13 8 8 8 9 1 1 6 13 11 4 1 8 3 3 8 7 11 9
19 7 13 1 4 3 14 3 2 11 1 3 5 13 8 5 1 1 4 6
31 21 22 26 16 22 21 22 12 41 25 26 26 26 30 22 22 13 22 36
12 7 5 7 2 8 4 3 1 11 4 12 2 1 11 12 15 7 1 7
23 20 22 23 5 18 17 18 7 27 16 25 11 27 20 16 30 9 11 25
56 38 42 47 1 45 29 32 30 52 38 50 31 57 33 29 56 16 19 34
26 4 5 22 2 12 11 9 15 34 15 26 14 23 23 19 23 17 14 13
10 13 9 8 3 7 5 8 1 11 10 5 3 12 4 7 7 1 5 13
5 7 4 4 1 6 8 3 7 10 4 5 7 5 5 2 7 6 6 7
47 27 28 27 19 30 26 13 29 47 26 26 27 26 26 30 28 27 20 18
32 17 25 18 10 18 18 5 20 24 17 9 3 23 14 6 20 16 23 8
68 38 50 50 28 53 41 29 47 64 47 42 47 42 39 37 50 32 34 33
12 11 10 1 7 5 11 5 4 6 1 6 6 9 6 7 8 5 4 8
21 21 17 8 12 3 12 16 1 19 5 15 8 11 16 17 10 5 12 18
75 52 56 53 38 50 40 43 40 71 49 57 45 32 42 60 57 34 38 40
11 10 8 1 1 7 7 2 1 4 1 3 1 13 1 1 7 1 1 5
19 12 16 10 5 10 4 2 5 15 13 7 2 17 8 6 10 6 10 10
10 9 6 4 5 3 6 5 1 10 2 1 5 4 2 4 7 1 1 12
11 11 7 5 7 7 11 5 5 14 4 8 9 7 8 9 10 8 2 12
20 11 10 12 5 11 13 7 11 20 11 13 10 12 15 14 15 17 4 8
9 5 1 7 1 10 1 3 1 10 7 6 4 11 5 1 12 3 3 10
62 24 37 49 25 41 45 37 31 58 37 52 42 28 48 36 46 21 43 38
51 40 39 35 30 27 28 41 23 48 34 43 28 16 43 46 36 20 32 36
18 9 9 1 1 2 8 5 4 10 1 6 7 15 2 8 3 1 1 3
67 47 43 43 21 42 22 51 26 58 45 51 37 60 41 57 56 11 27 48
25 15 16 12 8 10 10 8 10 17 7 15 4 23 9 4 20 9 16 8
44 35 28 33 15 38 25 16 31 48 25 36 26 42 23 23 42 22 19 24
52 33 38 33 27 28 28 26 24 43 26 39 26 11 26 37 40 28 30 14
36 11 22 24 7 16 15 12 6 25 16 22 11 14 18 15 27 14 8 16
17 12 11 13 1 14 5 9 6 19 14 15 11 20 9 11 13 4 6 16
63 39 45 39 21 41 30 52 27 53 48 53 35 44 43 54 60 33 34 39
9 14 11 4 5 4 6 6 2 6 6 4 2 7 4 6 6 4 5 10
62 17 39 57 18 41 38 39 34 57 46 50 40 42 47 40 52 26 40 37
50 27 43 31 9 34 27 34 21 35 37 33 16 34 33 32 44 24 28 24
53 25 39 34 9 37 18 41 15 33 37 37 29 42 24 35 46 5 23 33
56 28 24 49 7 49 48 21 51 59 37 41 42 48 43 28 44 34 36 9
8 6 4 7 1 7 11 1 11 16 8 6 12 9 10 4 8 12 9 7
55 27 27 35 17 33 41 23 35 55 23 36 36 35 36 24 26 17 38 24
29 21 20 18 14 11 10 14 10 25 21 17 4 24 16 19 21 14 23 20
22 13 9 15 4 12 5 9 8 17 7 14 11 15 3 7 19 3 4 11
69 58 62 45 27 54 41 45 35 58 51 54 27 37 48 53 59 35 35 40
16 4 5 14 1 6 2 6 3 17 6 15 2 7 14 10 17 10 3 8
8 10 5 1 5 1 5 3 1 4 1 2 3 3 3 4 2 1 1 6
20 16 15 22 3 24 8 7 12 32 18 26 19 24 20 15 24 13 4 18
58 21 44 46 28 30 35 48 31 44 39 47 32 40 42 42 50 24 42 35
51 30 22 43 8 37 25 29 32 56 36 41 36 32 36 38 43 26 19 22
16 11 11 5 4 4 10 7 7 13 5 9 8 16 8 9 10 8 6 7
20 7 11 16 1 16 12 1 7 20 14 17 11 18 15 12 23 13 4 15
13 11 7 4 7 9 7 1 8 12 7 7 5 7 6 6 12 13 5 6
44 37 32 25 13 39 6 35 18 35 35 32 30 42 21 38 40 6 9 29
65 54 55 33 22 46 32 34 37 50 47 36 24 53 30 44 46 28 44 28
27 23 27 21 7 21 21 14 12 15 13 22 8 23 12 5 26 11 15 11
4 2 1 7 1 12 5 1 6 12 9 6 8 8 6 1 9 6 2 8
33 19 20 14 13 13 18 11 8 27 8 19 13 15 19 20 10 8 10 17
12 17 14 4 4 6 8 13 6 8 11 4 7 6 5 12 10 6 1 8
47 31 38 33 13 27 27 21 20 38 23 33 14 39 27 22 35 18 23 22
63 37 40 36 17 36 25 36 34 53 40 38 23 43 34 46 47 27 32 25
48 44 42 36 26 45 24 25 29 49 34 45 33 45 35 31 40 12 15 39
39 23 28 20 13 26 30 20 21 38 13 22 25 25 18 20 18 3 19 23
26 11 21 13 5 17 21 13 3 14 5 14 11 15 10 6 19 1 9 15
45 29 37 30 23 25 28 17 22 39 26 23 18 26 20 23 32 19 29 27
65 35 44 47 30 42 34 36 31 65 39 52 36 50 50 44 46 23 40 47
61 9 40 55 19 41 32 34 29 51 39 52 29 48 46 34 55 16 40 38
27 17 16 17 16 16 17 2 24 32 18 17 17 17 13 16 17 25 23 7
2 6 1 1 1 1 2 1 1 5 1 1 1 2 1 1 1 1 2 5
23 10 10 12 5 14 17 3 17 23 11 10 16 19 11 8 14 14 12 9
38 17 18 35 9 29 19 19 23 43 22 36 26 24 24 24 39 23 15 20
58 39 41 49 13 48 33 26 37 58 34 50 28 52 41 38 48 27 22 24
10 5 1 6 1 3 3 3 3 9 3 8 3 8 9 7 11 8 1 3
52 25 37 36 15 28 17 26 16 40 32 36 23 34 27 31 42 17 21 29
44 29 23 32 13 22 28 26 28 45 24 32 33 20 28 29 30 27 21 16
55 34 32 37 9 38 16 47 19 42 35 52 26 40 33 47 59 17 23 24
68 27 37 57 14 48 42 45 38 58 50 52 45 37 44 45 60 30 36 35
8 11 9 6 7 7 14 7 7 18 4 12 13 4 13 10 7 9 8 14
27 27 23 21 23 19 22 20 12 30 13 28 20 3 29 28 19 10 20 28
28 16 20 13 13 17 14 8 10 30 17 12 17 18 14 12 16 10 13 23
48 31 32 36 20 31 9 26 23 47 36 36 22 40 25 38 37 12 22 32
36 18 19 13 9 11 17 12 17 19 4 11 13 24 4 13 16 5 10 4
16 10 6 4 4 6 7 4 3 14 2 7 9 14 3 8 6 1 1 10
29 12 21 26 6 19 20 13 14 25 20 19 15 17 19 12 27 18 15 13
19 17 13 11 13 7 7 9 9 16 13 12 4 13 12 12 13 11 19 16
33 20 17 23 6 28 4 12 18 34 28 27 21 25 20 24 31 17 5 12
52 43 34 30 16 36 24 31 33 44 32 33 21 47 21 37 42 19 30 20
30 36 30 17 30 25 23 18 18 30 17 25 18 6 21 27 22 14 27 25
15 18 14 7 10 13 8 3 10 9 7 13 3 15 9 7 16 14 9 1
28 22 22 17 18 25 22 17 12 33 17 24 28 18 23 21 18 9 12 29
17 4 14 13 1 14 14 1 10 21 13 4 8 20 10 1 6 3 9 10
69 40 48 48 17 47 27 51 22 56 40 55 39 36 40 55 56 16 18 40
24 16 17 5 3 2 13 14 6 18 7 7 11 15 5 12 9 2 5 11
58 32 44 47 22 40 46 19 37 56 41 35 29 27 39 26 42 37 44 25
31 38 31 22 14 24 22 25 10 29 19 32 12 22 28 27 31 16 15 25
23 16 22 18 4 20 17 16 3 25 11 23 17 18 16 13 25 5 5 22
51 32 32 39 4 31 26 22 33 48 27 43 15 44 34 31 41 24 21 10
41 12 24 36 6 31 18 20 22 41 32 30 29 28 32 24 37 20 7 20
25 19 21 14 6 16 22 17 8 22 9 18 17 15 14 14 22 12 5 12
10 8 7 3 3 1 8 7 2 10 1 4 6 3 5 5 8 3 2 9
53 39 37 32 27 33 23 35 24 54 40 37 27 32 36 45 34 21 33 39
59 40 44 49 29 43 26 36 25 61 38 58 30 41 49 42 54 18 32 47
62 32 40 44 18 42 30 32 32 61 30 47 39 45 41 42 44 19 18 34
23 14 21 21 5 20 8 18 4 13 19 21 11 16 12 9 27 3 12 15
1 3 1 3 1 1 1 1 1 2 1 1 1 1 1 1 4 1 1 7
31 4 10 29 3 18 16 20 15 31 18 27 21 26 18 15 30 8 19 17
5 2 1 4 1 1 1 1 1 8 1 6 1 6 6 1 8 2 3 5
9 7 4 8 1 6 5 4 4 8 5 9 4 6 10 8 9 9 1 7
19 8 8 5 1 6 12 3 10 16 3 4 10 17 3 4 8 3 3 5
17 4 8 3 1 1 9 1 1 12 1 7 3 10 7 7 5 3 2 7
60 39 56 48 33 50 53 33 43 50 48 37 39 24 35 33 45 34 49 27
14 8 13 16 1 17 17 14 11 12 12 14 15 6 12 6 22 12 10 7
12 14 12 7 5 8 8 9 5 9 12 6 6 12 6 8 9 7 4 8
61 23 52 57 21 50 40 43 36 55 48 52 43 35 50 43 58 25 24 38
31 25 22 26 16 28 20 7 25 34 34 18 18 10 21 23 28 32 20 12
66 40 53 42 19 42 27 49 11 45 40 50 31 40 41 47 53 5 26 46
34 21 18 25 15 25 19 16 17 44 17 32 30 15 26 30 22 11 11 27
49 41 40 24 25 33 22 30 17 39 28 32 28 27 23 34 30 7 22 34
49 20 26 37 6 39 38 14 29 50 21 37 32 32 33 20 37 23 17 16
62 39 35 39 17 43 39 31 41 59 38 42 40 31 39 42 41 33 29 22
3 3 1 3 1 1 1 2 1 3 3 4 1 1 5 6 6 4 1 1
34 11 18 29 3 24 15 11 14 34 19 29 9 43 24 11 30 6 22 21
37 16 23 23 9 17 17 24 16 18 14 23 18 22 10 16 24 4 19 11
48 32 40 28 18 37 36 28 25 45 42 30 32 31 37 30 34 28 33 37
39 32 30 33 11 38 37 9 27 50 27 40 27 33 37 19 36 32 21 29
58 48 52 39 35 41 31 35 26 52 41 44 25 32 33 44 47 19 39 38
2 3 1 8 1 4 1 3 1 9 4 5 1 6 4 1 6 1 6 11
60 45 48 38 27 37 36 35 34 47 46 36 32 26 27 43 48 39 39 17
19 16 17 10 1 9 7 20 2 9 12 10 3 13 5 13 19 1 7 14
28 17 16 14 1 6 11 17 11 24 9 17 11 26 11 20 14 3 11 11
57 41 39 49 9 45 34 32 43 57 37 53 28 46 41 40 51 36 24 17
29 22 14 11 9 9 8 14 10 23 8 19 13 13 13 24 13 11 2 8
68 47 41 48 26 51 45 44 44 64 40 46 59 46 44 45 43 15 24 36
19 11 10 2 5 4 6 4 4 6 3 5 4 13 2 3 8 4 4 4
44 13 26 33 17 31 34 18 31 33 31 28 33 15 28 16 34 30 29 15
35 14 19 20 2 9 9 23 3 22 18 24 4 25 18 23 30 8 13 15
36 18 24 27 9 25 21 12 21 33 23 22 11 18 20 17 33 26 21 11
19 10 15 11 6 14 14 7 5 18 11 12 14 17 12 11 13 6 3 19
45 16 28 33 11 27 24 29 24 29 23 35 27 17 25 31 39 21 13 11
10 8 5 6 2 9 7 3 5 10 3 8 6 9 4 1 14 7 4 5
6 9 5 2 1 2 4 4 1 6 4 1 1 5 1 4 8 2 1 5
12 8 2 6 4 12 3 2 8 14 4 12 10 15 4 6 15 6 2 5
42 33 39 26 19 23 31 22 25 34 30 16 17 17 19 26 28 24 30 18
24 11 17 14 1 16 5 12 3 20 15 18 12 25 9 12 23 2 2 14
54 33 38 37 16 33 7 40 10 43 44 39 18 41 38 46 50 8 14 44
44 27 28 21 7 25 13 20 22 28 25 20 12 30 17 29 26 16 13 9
39 26 23 25 18 18 18 27 16 43 21 33 22 22 31 31 27 15 25 25
13 10 6 11 4 6 7 7 10 23 9 16 12 12 14 13 13 14 8 9
32 21 30 20 9 16 27 23 10 27 17 18 19 18 18 17 21 9 15 22
32 35 24 19 10 26 13 19 19 33 22 24 18 26 13 27 28 18 10 17
7 3 3 5 1 6 3 1 1 5 1 7 1 9 4 2 8 3 2 5
56 40 47 54 6 52 50 17 47 62 49 47 25 45 52 24 50 48 39 22
52 37 34 34 13 36 41 21 38 49 18 35 29 40 31 24 36 25 24 12
32 14 21 26 9 21 25 10 18 36 25 18 23 20 25 10 17 15 24 25
66 47 62 46 24 53 50 45 33 53 44 50 41 43 44 40 51 19 38 42
11 9 7 4 4 4 7 5 4 9 1 5 5 12 5 1 7 4 5 8
13 13 13 12 5 13 1 11 4 15 17 10 9 14 10 11 13 4 4 15
17 18 14 21 4 25 25 5 20 32 17 21 19 15 23 5 20 21 15 14
11 8 6 6 3 8 5 5 3 9 3 9 4 8 7 7 15 6 3 9
15 10 11 1 2 1 9 5 1 11 1 3 4 13 3 5 1 1 4 9
25 23 20 16 19 16 12 9 10 27 17 17 11 11 17 19 20 17 15 22
20 14 14 2 3 6 11 9 5 10 4 8 7 19 3 9 10 1 4 5
45 36 37 28 18 35 33 15 36 46 31 24 22 34 22 26 27 27 30 16
21 16 12 13 10 12 16 13 6 27 7 22 14 14 20 18 15 12 11 21
31 24 20 17 13 22 13 11 23 32 17 26 17 17 17 24 27 26 10 8
65 53 50 40 31 45 30 49 30 53 38 46 46 46 37 52 45 6 17 45
56 44 47 41 17 39 35 34 29 54 33 48 21 53 43 39 40 17 35 30
60 36 44 33 6 42 30 36 25 48 35 33 31 50 28 36 42 9 20 30
11 8 5 7 5 13 5 1 11 15 12 1 6 5 3 1 10 11 10 5
32 15 19 17 1 17 7 14 10 23 18 16 5 23 12 23 22 8 4 10
23 22 18 11 8 12 14 19 12 27 14 16 19 16 12 20 15 8 9 19
67 30 53 47 23 42 38 34 35 55 42 42 39 37 39 40 47 25 33 32
26 26 14 13 7 17 14 18 13 22 2 23 18 24 11 19 24 5 1 8
19 20 16 13 7 19 23 8 11 23 10 15 15 12 18 10 17 16 8 10
54 34 37 38 25 36 25 38 25 57 32 46 38 48 37 41 36 9 28 46
17 18 17 14 7 10 12 14 5 20 14 14 11 14 14 16 12 8 7 21
9 3 2 5 1 3 3 1 1 7 1 10 1 9 7 3 12 4 4 4
53 31 29 52 5 42 34 43 38 62 40 51 40 31 42 48 54 32 22 23
9 3 6 5 1 5 7 1 3 6 2 1 1 12 3 1 4 1 3 5
42 25 34 29 14 36 42 26 26 36 24 34 36 17 30 19 30 19 23 18
59 37 49 50 11 50 19 36 23 44 54 53 15 42 42 38 68 27 30 34
23 11 17 13 8 14 7 3 8 16 14 10 5 19 12 8 16 10 10 10
17 11 1 17 1 15 11 11 18 29 5 21 20 21 14 14 18 9 7 4
21 3 7 13 1 11 7 8 5 14 6 12 10 17 4 5 18 2 3 9
54 39 46 32 4 33 35 24 25 41 27 37 15 41 33 31 41 23 20 13
39 34 30 21 7 30 27 22 20 39 22 29 24 29 23 30 28 19 11 18
21 15 8 15 3 11 2 9 6 24 10 17 9 11 10 19 19 8 1 11
22 15 17 13 9 13 17 12 2 21 3 21 9 18 18 15 13 3 14 22
52 34 34 31 18 36 22 18 26 41 25 31 26 33 16 33 41 17 17 16
49 35 36 46 8 50 33 15 41 56 42 46 37 48 37 17 44 30 28 28
29 8 11 19 8 14 17 5 21 27 19 17 20 7 20 7 20 26 16 3
32 16 19 20 12 15 13 11 12 26 16 24 4 21 23 21 26 17 20 17
40 17 32 27 2 27 22 22 13 27 29 16 19 26 21 18 31 13 14 15
57 44 50 39 16 49 45 32 31 51 46 43 33 41 41 25 50 32 35 39
47 23 30 26 13 21 20 20 18 38 19 28 17 22 23 28 29 18 14 18
27 15 22 10 1 9 13 17 7 10 12 6 5 19 8 11 15 4 8 6
26 24 26 29 5 29 26 14 21 36 25 31 14 21 28 21 33 27 9 16
15 11 8 4 5 1 12 3 7 18 3 6 11 11 8 5 5 9 7 8
24 11 19 13 8 11 26 11 15 22 8 9 16 14 18 12 14 14 13 13
45 20 33 44 18 37 27 24 27 46 39 37 37 19 39 25 43 24 26 31
17 14 12 11 1 16 5 13 6 18 23 9 8 12 12 17 17 12 4 10
14 15 10 10 6 15 14 4 10 16 8 13 10 17 11 7 16 14 6 8
35 19 29 16 6 12 24 23 6 21 14 15 14 11 15 20 22 8 9 13
67 41 41 46 27 47 39 34 39 67 36 46 45 44 38 45 45 18 36 38
43 29 40 37 18 30 33 38 20 34 30 39 21 31 31 28 42 13 26 31
59 31 41 47 32 39 39 44 33 62 38 55 38 38 54 52 45 32 36 46
28 13 20 29 5 21 20 12 16 29 22 22 6 34 26 11 22 11 27 20
4 1 1 3 1 1 1 1 1 5 1 4 1 1 4 2 7 3 1 2
36 21 26 25 3 25 24 20 18 34 29 18 15 29 25 23 26 18 23 22
60 30 34 53 10 41 38 35 39 57 37 44 32 55 37 29 47 14 39 24
59 33 30 47 12 48 40 37 36 60 35 49 49 27 42 43 48 29 18 19
4 2 1 4 1 1 1 2 1 10 1 6 1 8 6 1 5 2 5 6
39 18 31 28 2 30 20 15 20 33 25 26 18 40 21 15 32 9 12 15
6 10 5 1 3 5 2 3 1 4 2 1 1 5 1 2 4 1 1 7
23 31 24 9 18 22 16 11 14 26 13 18 14 16 12 16 20 15 11 15
25 27 23 9 13 15 9 9 9 13 17 9 1 7 1 16 22 13 12 6
41 28 34 25 9 32 14 24 13 31 36 23 17 22 20 28 39 20 16 24
37 21 26 20 10 19 8 13 9 29 20 20 13 24 13 22 27 11 11 19
21 16 11 5 10 6 8 8 1 18 2 15 9 4 14 16 10 8 3 9
41 22 27 25 4 19 10 23 6 31 28 25 11 33 22 29 34 9 13 28
49 23 33 40 12 32 37 28 31 54 34 40 31 26 43 36 38 35 29 24
40 21 23 21 4 13 21 24 14 27 9 23 20 23 12 25 26 9 8 10
4 8 4 1 1 5 3 3 2 5 2 3 2 5 1 2 6 1 1 6
8 5 4 1 1 1 6 3 1 8 1 2 5 1 4 5 7 4 1 3
23 23 25 16 1 24 12 17 6 16 21 18 8 21 11 15 33 9 1 15
21 22 19 12 11 12 10 11 10 20 20 11 12 8 13 17 18 16 7 14
33 29 30 13 11 25 3 25 3 21 32 21 12 26 19 27 33 11 13 28
29 10 9 26 6 21 17 4 22 38 25 22 18 12 25 13 22 28 19 13
10 12 7 4 3 8 2 8 1 7 9 4 3 11 1 6 8 1 1 5
77 37 61 55 29 53 43 36 45 61 50 50 43 46 47 45 59 31 35 35
61 52 56 37 15 44 42 37 28 51 43 50 27 50 46 37 57 35 34 41
21 4 7 15 1 10 13 3 7 21 11 11 11 14 12 6 18 12 3 8
43 29 35 41 14 33 28 24 24 51 34 42 16 40 42 31 41 24 24 31
17 9 13 14 3 12 20 8 9 26 8 12 11 17 17 8 11 7 14 18
55 37 26 49 20 41 23 33 39 63 45 48 34 46 42 47 50 27 33 32
22 15 19 13 13 14 13 1 14 17 13 5 1 16 7 7 12 11 20 11
7 6 2 5 3 7 7 2 6 11 7 3 6 10 4 1 5 6 2 6
31 31 25 14 18 21 13 12 21 25 23 17 14 16 6 24 21 19 18 11
40 25 32 23 6 22 25 28 16 35 28 24 16 22 31 34 27 18 20 25
35 26 31 24 14 17 17 32 8 20 21 28 12 20 20 22 33 5 21 20
33 16 14 33 6 28 10 19 18 41 24 33 21 37 24 19 36 10 18 24
53 33 42 46 1 46 41 19 44 56 40 45 23 43 43 30 47 39 25 9
58 41 44 34 22 39 38 45 24 41 27 42 39 26 27 42 43 5 23 31
13 13 8 13 1 15 8 6 9 23 11 19 12 18 11 11 18 11 6 14
28 22 24 11 14 18 22 9 19 28 17 10 16 19 14 14 13 17 16 12
11 4 7 6 1 9 8 3 4 7 5 6 1 14 6 3 10 4 6 8
29 10 25 17 10 14 23 20 11 8 12 14 13 12 11 11 21 5 15 10
8 11 7 7 1 10 6 3 4 8 1 11 1 13 6 1 15 4 3 7
58 28 47 47 25 53 48 22 37 61 38 42 46 38 46 22 40 25 34 40
5 7 3 5 1 2 7 1 5 10 3 4 4 5 7 1 5 8 7 7
61 55 59 32 27 46 45 29 41 48 48 31 28 36 29 42 43 38 40 17
8 2 3 1 1 4 8 1 5 9 1 6 3 13 4 1 7 4 5 2
55 32 40 31 11 32 15 36 16 39 43 37 17 31 32 40 48 25 21 28
36 22 33 15 15 15 33 21 15 23 10 13 19 17 17 13 14 9 19 13
11 8 4 1 4 1 1 1 1 8 1 4 1 9 2 1 1 2 6 6
24 10 5 15 3 10 12 11 10 31 7 20 17 20 15 16 18 7 9 17
26 23 21 16 5 15 5 20 3 22 22 17 3 12 16 26 24 11 6 20
14 10 7 4 1 6 11 7 11 16 8 4 14 11 5 8 6 7 4 4
50 18 33 44 12 33 26 34 18 43 41 38 28 29 37 31 45 16 29 31
40 10 24 29 5 29 19 4 22 37 28 19 16 27 27 12 29 22 18 10
26 15 22 14 10 13 25 11 17 15 11 6 14 13 11 5 13 14 16 8
41 38 30 26 14 32 22 21 29 31 20 31 19 29 12 23 40 21 16 3
41 31 22 29 17 35 29 27 25 47 18 38 40 25 29 35 31 7 13 28
36 21 26 23 18 17 20 30 5 24 15 28 17 15 23 21 26 4 24 27
36 28 28 22 17 14 21 34 6 30 19 22 16 17 21 27 22 1 19 31
58 45 40 39 11 47 26 34 34 52 41 48 26 48 33 45 54 29 20 26
50 34 41 33 1 39 24 21 22 35 32 34 12 48 27 28 46 17 16 16
23 25 18 20 1 27 14 15 17 31 21 23 19 29 14 18 25 12 8 17
11 7 6 4 1 2 9 2 4 9 2 5 4 9 6 5 7 8 1 5
13 12 10 4 1 1 6 8 1 9 6 5 4 12 3 7 6 1 5 8
5 9 6 4 1 4 3 5 1 4 3 6 1 1 6 8 8 5 1 5
49 27 47 39 24 42 38 21 32 33 31 33 18 29 26 22 45 26 37 19
34 23 20 22 7 28 10 10 15 28 14 24 15 30 7 15 32 7 6 14
40 41 40 12 23 23 21 28 13 24 25 14 14 17 14 30 23 14 22 27
41 10 10 32 1 30 25 13 26 37 16 33 27 23 22 17 34 22 15 3
16 10 9 13 1 11 9 7 6 22 15 10 11 8 14 13 17 12 1 12
23 17 17 14 6 6 11 20 1 18 13 10 7 17 11 15 15 1 11 20
56 44 43 41 28 43 21 30 36 51 43 41 36 42 25 45 47 19 21 28
10 4 5 2 1 3 8 1 3 7 2 1 4 10 2 1 2 3 1 5
31 21 22 12 8 12 15 17 5 23 16 17 11 16 16 25 15 10 5 15
41 21 26 27 10 25 20 5 25 37 23 24 12 32 23 17 26 22 22 14
63 28 45 44 26 49 44 33 34 53 39 45 54 32 42 31 42 17 28 37
9 2 2 8 1 12 9 2 8 15 9 5 8 11 5 1 11 7 6 9
41 32 32 19 21 17 24 28 12 31 13 31 21 20 23 26 24 7 22 25
35 20 21 24 12 23 29 18 19 43 26 24 31 22 27 18 18 16 23 28
33 19 24 16 14 7 15 24 6 26 11 19 8 24 21 20 19 1 20 23
35 30 30 18 18 18 22 23 13 30 21 22 17 13 23 30 20 19 13 22
11 13 10 1 3 1 5 9 1 11 1 4 6 4 4 8 2 1 1 10
46 23 36 34 20 37 33 13 34 44 44 27 37 26 32 16 29 31 31 26
9 13 8 10 1 13 8 3 9 20 8 15 8 18 8 7 12 8 3 8
46 33 41 32 11 38 34 26 19 37 23 39 29 33 25 22 37 10 15 26
31 22 27 20 4 20 14 22 8 26 30 17 11 30 20 22 25 6 19 29
13 14 10 7 4 1 4 10 1 10 5 8 2 3 9 13 12 6 2 8
54 10 31 54 7 39 32 30 28 59 47 47 36 27 48 32 51 33 27 31
31 18 28 16 5 16 25 18 13 17 10 18 15 22 12 12 23 7 11 4
5 9 6 1 1 1 1 5 1 3 4 1 1 3 1 4 1 1 1 4
25 14 20 17 4 13 10 17 1 24 17 19 10 25 17 17 17 1 9 27
62 35 39 41 15 43 37 45 31 45 31 50 40 24 34 47 51 21 15 16
59 28 44 39 17 37 37 42 24 47 29 44 45 30 32 42 41 12 21 34
3 1 1 2 1 1 1 1 1 7 1 2 1 5 1 1 4 1 1 6
7 12 7 1 3 2 3 6 2 6 4 2 4 7 2 5 4 1 1 4
41 22 36 26 4 27 23 27 12 24 30 23 17 27 21 24 36 11 18 23
19 14 15 7 9 4 16 9 4 16 1 12 9 11 14 12 9 5 10 15
18 9 6 8 6 4 5 1 5 13 6 12 5 12 11 10 13 12 4 3
42 18 33 34 3 29 39 20 30 33 29 24 23 26 32 16 30 27 30 3
12 12 10 7 1 1 8 10 6 12 6 8 6 11 8 8 11 7 7 10
41 22 32 32 17 22 26 20 28 39 31 21 10 30 29 21 30 24 37 19
53 43 42 22 21 38 28 37 24 38 34 26 31 28 17 35 35 18 25 28
18 9 14 7 6 4 11 6 9 8 3 3 3 11 6 1 9 6 11 5
32 26 28 36 15 34 19 21 20 43 28 39 26 41 33 26 39 13 10 37
14 6 7 3 4 5 2 1 2 3 6 1 1 9 1 1 10 4 4 3
39 29 35 29 18 30 21 30 8 35 21 37 28 21 26 24 33 3 20 34
14 10 11 5 6 4 15 5 5 15 2 8 8 12 9 5 6 4 9 14
46 33 39 36 29 33 34 32 24 43 31 35 28 12 32 34 38 24 35 31
45 9 27 40 1 31 28 19 29 49 35 30 24 28 37 24 32 27 21 14
7 1 1 9 1 4 1 1 1 15 3 10 3 6 9 5 9 7 3 7
24 21 24 14 8 16 5 13 9 18 24 7 7 9 4 14 22 9 9 14
31 14 19 29 9 21 18 10 17 34 18 27 6 37 27 13 28 15 26 19
58 33 39 40 27 47 33 18 42 54 45 34 43 34 28 32 43 29 27 25
44 23 14 35 6 20 16 24 19 42 20 35 20 34 24 29 38 13 13 20
12 16 9 5 6 8 3 3 1 6 5 9 1 4 6 8 11 8 1 5
10 14 9 5 5 7 11 9 5 15 3 12 9 12 9 8 11 6 6 14
37 22 31 23 13 30 32 20 19 40 23 23 32 27 29 23 15 13 19 26
64 31 38 49 13 41 34 43 29 57 40 48 35 46 39 43 53 18 31 34
15 16 13 3 5 6 15 12 7 22 8 7 17 5 11 12 1 6 8 12
13 13 8 10 5 7 5 7 1 13 9 10 5 11 10 11 14 9 1 9
22 18 10 20 3 15 10 15 13 32 12 23 17 20 12 22 21 11 6 16
40 38 29 34 5 35 28 31 26 38 21 36 26 36 18 26 41 12 12 17
25 8 10 21 4 8 11 10 5 26 13 18 6 14 18 15 24 12 9 19
14 13 15 8 1 12 13 6 10 13 5 11 5 22 9 4 14 7 7 4
37 14 20 36 11 25 2 20 9 34 27 37 10 34 30 23 43 8 15 29
15 6 10 7 1 6 15 4 12 13 7 1 7 12 7 1 4 6 9 1
50 42 33 37 16 44 40 25 39 54 31 38 40 43 32 29 33 24 26 23
34 11 22 24 2 23 15 17 7 26 14 25 22 28 11 13 28 1 8 21
19 24 10 16 6 22 11 10 16 21 6 22 14 24 9 13 21 8 5 9
8 5 2 2 1 1 1 2 1 4 1 5 1 6 5 4 9 4 1 1
52 25 36 37 10 30 25 36 24 44 35 31 23 45 28 32 40 11 28 33
54 35 47 43 22 45 45 17 47 53 44 35 26 21 36 36 43 48 38 12
57 46 40 35 19 46 18 36 27 56 45 42 36 42 34 49 49 23 23 37
45 39 40 23 23 29 14 25 17 36 36 23 22 27 19 34 32 14 16 31
11 11 9 1 1 7 8 6 4 5 4 8 4 12 6 6 12 5 1 5
36 22 24 33 15 33 13 13 20 38 31 34 12 21 27 27 43 28 20 21
16 10 15 1 1 1 9 10 1 2 2 1 1 7 1 6 7 1 1 3
16 5 4 11 1 4 1 5 5 18 7 16 4 11 13 13 10 10 3 4
46 15 28 40 13 36 36 13 27 48 31 37 30 22 38 19 40 32 23 25
11 15 8 3 6 10 9 5 4 15 7 5 10 9 3 4 7 4 1 11
53 41 42 46 27 42 39 38 33 59 33 55 33 46 45 36 50 23 36 47
22 17 19 23 2 25 9 12 13 31 18 27 19 29 18 14 30 8 4 21
11 16 10 4 1 11 4 5 3 9 12 6 4 11 2 4 13 4 1 6
13 10 9 6 6 8 8 6 1 16 3 10 9 5 11 10 6 1 1 15
23 16 15 8 8 9 8 8 5 13 6 10 3 17 4 4 15 5 12 11
13 4 2 10 1 3 1 3 7 20 5 15 6 9 11 12 11 10 2 3
19 14 12 8 6 5 10 9 2 15 7 10 6 10 12 15 10 9 2 11
42 28 28 41 11 37 23 29 29 51 32 44 28 54 32 31 43 13 25 32
4 2 1 1 1 1 1 1 1 3 1 1 1 4 1 1 4 1 1 1
43 27 36 27 15 39 24 16 27 34 46 18 26 17 24 21 35 27 23 24
55 34 43 31 22 36 36 22 26 43 20 33 24 29 24 25 35 18 30 21
30 19 23 20 1 19 4 23 1 24 27 21 8 29 19 26 26 3 10 30
59 38 39 41 13 49 16 36 36 55 50 43 36 40 36 50 51 27 15 27
10 11 8 1 7 1 8 4 1 4 1 3 4 3 5 6 2 1 1 7
6 9 6 1 2 1 6 5 1 4 1 1 4 1 2 4 2 1 1 4
42 13 30 30 1 26 20 24 15 31 31 26 26 26 24 24 35 13 11 15
37 22 27 17 3 16 14 20 9 23 20 17 8 28 14 22 27 8 11 19
68 31 46 54 20 46 21 52 26 53 49 56 35 40 41 55 65 17 27 43
10 8 8 3 3 4 12 4 5 8 4 1 7 7 2 4 2 4 2 9
30 21 26 10 5 13 16 13 8 19 16 5 7 23 9 13 9 1 8 12
56 31 45 57 5 51 45 25 37 57 46 49 30 48 49 26 53 36 37 20
47 29 34 39 15 40 26 19 29 37 29 39 19 36 22 19 47 19 28 22
8 7 6 1 2 1 2 1 1 2 2 1 1 6 1 1 1 1 4 3
5 7 2 5 1 8 6 3 7 11 5 9 7 7 9 5 9 11 3 1
15 2 1 12 1 12 1 1 3 18 9 15 7 14 11 8 18 8 1 7
31 22 23 17 14 17 17 15 9 29 17 18 17 8 20 20 21 15 10 20
39 6 26 31 6 25 26 11 19 31 24 21 21 26 25 10 29 18 20 11
28 23 21 26 13 29 20 10 27 35 25 26 15 15 26 21 31 34 21 11
33 19 18 25 13 17 16 22 10 39 16 32 18 13 30 30 22 9 16 28
49 37 43 31 11 40 29 30 20 38 40 32 21 40 30 24 43 22 30 30
23 8 13 11 1 6 11 11 5 15 6 13 9 13 8 11 17 9 3 5
51 21 29 52 7 44 32 22 28 59 39 50 33 37 46 27 53 33 23 29
32 16 23 25 8 20 16 6 17 30 22 19 8 26 23 13 20 18 18 15
20 13 13 20 5 13 11 13 8 25 16 18 13 14 15 12 24 14 7 15
12 18 14 5 3 7 5 13 1 9 6 10 3 8 6 12 15 3 3 10
21 14 12 13 3 13 5 8 2 20 9 17 11 17 10 13 23 5 1 13
22 3 4 18 1 10 5 5 7 25 7 21 7 26 13 12 18 5 10 13
37 27 29 28 10 27 26 30 19 45 23 40 26 17 36 36 31 23 17 22
61 42 58 58 14 55 40 33 34 53 47 57 33 48 50 34 65 29 21 40
58 17 43 58 15 48 38 32 32 53 50 50 35 38 50 27 56 24 42 36
15 8 6 7 1 8 3 4 2 15 6 9 9 15 4 8 10 1 1 12
11 18 15 10 1 16 6 8 3 12 13 11 4 16 6 8 16 2 1 12
34 17 20 31 2 32 22 15 20 41 22 30 30 30 24 17 33 16 11 21
15 18 15 2 8 5 11 15 1 12 2 9 10 1 11 16 7 3 3 11
53 28 33 42 11 40 40 22 36 46 22 38 31 37 31 24 41 23 27 13
20 15 12 6 9 5 7 8 4 12 4 6 6 11 4 5 8 4 8 12
18 6 4 5 2 5 9 1 7 17 4 12 9 13 9 9 14 11 2 4
52 44 41 27 25 37 25 35 23 47 41 34 30 18 35 43 36 19 27 37
8 7 3 5 1 3 3 4 1 12 1 11 2 13 7 4 12 4 4 6
14 15 10 16 1 13 8 8 8 23 9 23 7 21 16 12 21 13 7 11
21 14 12 21 3 9 3 17 1 22 18 18 4 17 17 16 25 7 10 19
36 26 26 30 10 26 22 27 14 42 35 28 24 23 34 34 31 20 20 34
39 25 37 30 11 21 30 25 17 26 19 31 12 29 27 17 34 11 25 17
50 23 37 33 22 32 45 36 28 40 29 35 43 13 37 32 31 25 30 23
6 13 9 7 3 7 3 10 1 7 9 8 1 5 7 8 11 4 6 11
46 31 26 26 21 20 25 33 16 40 13 36 26 30 27 34 28 5 25 31
40 32 33 29 19 30 24 15 21 30 23 32 14 18 19 22 42 28 21 10
8 7 6 1 1 4 10 4 7 8 4 4 7 9 6 3 5 8 3 5
5 1 1 2 1 1 1 1 1 6 1 4 1 3 4 1 7 2 1 3
25 20 20 18 15 11 8 21 14 22 20 18 6 18 15 17 24 10 22 19
36 32 39 22 6 28 31 21 22 21 24 20 12 29 19 14 32 19 17 8
17 13 12 14 7 16 18 12 7 23 10 16 15 4 17 14 20 13 6 15
65 39 48 49 28 44 32 41 29 60 43 54 34 20 40 52 54 26 33 34
42 23 32 28 13 30 30 23 25 28 33 27 25 16 25 17 35 24 31 14
49 48 32 27 16 33 35 39 27 42 17 39 36 35 26 39 34 8 18 18
33 32 35 20 11 25 31 16 17 33 12 28 14 27 27 17 19 9 19 21
21 10 5 10 1 12 8 9 12 16 3 14 14 19 5 11 17 5 1 5
59 35 39 42 29 31 31 41 28 57 32 48 30 41 46 49 40 20 35 42
47 32 32 20 23 26 30 19 25 38 13 27 26 21 15 27 26 16 23 18
6 13 9 5 5 1 1 7 2 5 5 6 1 3 6 5 9 6 7 6
14 10 6 1 4 1 2 3 1 5 1 1 3 6 1 2 5 2 1 1
35 21 21 20 12 24 9 13 20 29 24 22 11 18 15 27 29 23 11 7
48 26 36 30 16 28 29 24 18 43 16 32 28 34 27 26 28 10 20 29
2 5 2 4 1 3 2 2 1 8 1 8 1 4 6 4 7 1 3 11
13 6 9 14 1 12 9 6 6 17 11 10 10 11 9 4 17 6 5 16
20 10 12 19 5 17 4 6 10 23 20 18 10 10 17 14 20 17 5 13
13 14 7 10 5 8 5 6 3 17 5 17 6 13 12 11 14 9 6 10
10 10 11 3 1 5 6 7 2 5 8 1 1 10 1 5 5 1 3 7
15 8 9 14 1 15 6 4 3 18 12 16 11 15 13 11 19 7 1 14
47 39 22 30 4 27 18 38 16 37 21 38 22 37 24 41 44 9 12 17
49 32 34 31 18 24 20 38 13 41 33 34 17 24 32 40 40 20 20 33
49 33 45 49 8 51 36 17 38 56 45 43 24 46 48 27 45 34 22 24
18 17 12 7 1 6 3 14 5 15 8 12 8 16 6 16 12 2 5 11
63 47 52 27 24 37 32 43 23 41 30 31 30 35 24 39 33 5 30 35
35 25 28 9 6 15 12 19 7 20 22 12 14 25 9 22 23 7 5 19
49 41 41 44 19 46 34 34 30 62 45 50 34 41 48 37 41 21 34 44
5 3 1 5 2 3 3 1 4 9 1 8 4 4 7 5 10 8 3 4
39 22 35 38 8 37 39 17 27 32 26 32 20 31 31 15 41 23 25 13
8 7 4 7 5 8 4 1 3 7 7 4 4 10 3 1 6 3 3 9
44 38 19 33 16 31 22 31 31 43 25 41 28 43 29 36 40 20 29 20
68 31 53 55 23 51 43 38 29 58 34 59 39 40 51 41 54 15 34 40
41 43 43 19 11 34 21 27 11 21 31 27 8 34 18 21 42 17 16 25
24 20 14 26 1 27 16 10 19 38 21 27 23 23 20 18 26 18 9 14
56 35 35 52 2 54 25 39 36 62 51 55 37 40 45 48 61 34 23 25
16 12 12 9 1 5 5 8 1 12 10 8 1 9 7 13 13 4 2 11
34 11 20 23 14 9 18 22 11 24 16 24 17 15 20 17 27 11 22 19
4 8 5 3 1 6 7 5 7 11 7 3 8 5 6 4 5 8 4 6
20 11 16 13 1 11 13 5 11 17 11 13 1 16 15 10 14 11 10 1
24 30 25 1 17 8 11 19 8 12 15 7 9 6 9 19 13 10 10 11
9 8 4 8 5 4 4 4 4 9 5 10 4 4 11 9 15 10 1 5
5 7 3 1 4 2 5 1 5 4 2 1 4 4 1 1 1 5 2 2
7 5 4 4 1 5 6 2 2 10 5 1 7 4 2 2 8 1 1 10
73 45 56 43 23 59 42 45 33 54 51 49 53 43 38 41 55 23 33 41
59 40 48 42 33 42 49 41 35 49 37 46 39 28 44 35 44 25 49 35
11 4 3 5 1 1 5 1 1 11 1 6 2 3 7 8 6 6 1 7
28 26 26 13 14 18 11 19 5 20 19 15 15 16 12 17 20 6 7 20
44 30 36 26 27 36 40 15 32 38 29 26 30 15 28 16 33 34 32 22
29 19 11 13 1 20 15 17 19 24 17 14 21 19 10 17 21 11 7 3
9 6 2 5 4 3 1 1 2 7 3 5 1 5 6 4 10 7 2 3
29 18 22 11 7 11 15 10 17 19 13 8 10 24 9 11 9 7 14 7
43 30 28 33 19 38 19 29 20 47 21 41 38 37 29 35 32 1 9 39
34 27 27 23 15 24 9 10 14 25 32 20 9 9 14 28 33 22 13 12
15 12 8 5 8 7 10 6 1 18 3 9 10 10 8 8 8 2 4 17
9 14 10 1 5 1 6 7 1 4 1 1 2 4 1 6 1 1 1 7
36 19 23 26 13 23 14 20 7 36 16 34 23 28 24 23 33 8 13 31
57 43 33 43 23 40 41 40 36 59 22 54 37 53 44 44 41 11 35 33
60 48 47 31 18 41 44 41 36 51 31 35 37 38 33 43 29 8 32 31
44 23 35 45 16 42 16 27 23 38 34 46 27 30 36 27 52 17 14 27
35 25 28 26 9 26 15 18 19 29 25 31 10 22 25 23 34 27 11 9
34 23 21 28 7 29 15 6 23 39 22 34 13 30 23 17 36 26 11 14
15 13 8 13 1 17 15 1 15 21 10 15 9 16 16 1 18 20 7 1
4 9 4 6 2 4 5 3 4 13 5 5 4 7 6 2 6 6 6 11
14 4 11 15 1 9 9 4 4 15 9 7 1 20 11 1 9 1 12 14
51 28 39 33 9 37 17 27 16 31 35 37 19 31 23 31 48 20 14 19
63 37 42 50 22 44 30 38 38 59 50 48 32 25 31 50 59 39 33 18
13 10 9 9 6 8 11 10 8 10 7 5 9 7 4 1 13 8 6 8
62 43 48 51 35 55 44 33 40 69 53 51 45 26 54 46 47 37 44 45
44 19 16 41 9 28 21 22 26 52 36 37 30 27 34 28 39 25 25 26
35 30 22 29 11 27 19 20 14 42 18 40 17 33 29 28 35 16 14 26
23 14 16 6 6 5 12 8 9 13 6 6 8 17 6 8 10 6 7 7
59 40 45 36 28 33 25 29 22 49 42 34 15 30 31 45 41 24 35 31
15 11 11 16 1 15 6 9 1 13 12 16 6 12 13 11 25 9 1 14
48 37 43 24 19 31 18 32 16 39 44 24 20 38 26 36 35 16 30 39
11 14 9 4 8 5 5 6 5 5 7 4 1 9 5 4 6 7 6 7
19 16 19 4 6 3 10 5 7 9 7 2 1 12 6 7 3 6 11 4
56 29 41 32 10 30 23 33 18 38 36 34 17 41 29 31 43 18 31 26
12 18 12 7 7 13 10 5 4 8 5 10 3 13 7 5 17 7 2 10
50 28 39 38 16 39 32 14 30 54 36 33 27 33 43 28 32 27 29 28
14 3 5 6 1 8 1 1 1 6 5 4 1 12 2 1 13 1 1 5
11 10 6 1 5 3 6 6 1 8 1 4 6 7 4 5 8 3 1 7
51 34 44 41 22 38 21 39 24 43 48 35 29 30 32 37 49 14 25 36
11 11 7 6 7 6 4 1 4 9 5 6 3 10 4 3 4 5 9 11
35 23 29 29 16 33 31 20 21 45 33 27 35 15 32 20 22 20 26 33
8 6 3 4 1 5 2 2 1 6 5 2 1 11 2 1 5 1 1 6
13 11 5 1 4 2 3 1 5 7 1 4 5 9 1 1 5 4 1 1
9 4 1 7 1 4 1 1 1 12 6 9 2 8 6 7 10 4 1 4
31 12 19 20 5 15 19 1 15 28 15 14 4 20 19 10 19 16 14 11
15 13 9 6 6 5 5 4 5 7 7 7 2 4 8 8 12 12 4 5
25 25 21 16 13 16 11 9 7 22 15 18 1 15 12 17 26 14 15 16
14 9 8 16 7 7 8 14 9 21 13 17 7 17 17 13 15 8 16 21
47 31 33 32 16 29 11 24 16 39 37 32 13 27 24 36 44 22 21 27
16 17 14 11 2 12 12 14 10 13 18 4 10 5 11 13 16 13 6 7
36 17 22 23 9 24 11 6 20 32 22 20 6 24 17 20 24 18 17 8
15 10 8 5 3 6 7 6 3 13 5 6 8 14 3 8 8 1 1 10
28 16 19 26 7 21 14 18 10 26 19 26 10 14 21 21 32 18 7 17
31 21 18 18 9 15 13 19 11 31 12 28 16 21 21 28 22 13 9 18
70 45 50 48 25 51 23 53 24 63 50 62 36 53 51 64 59 14 30 56
35 26 24 28 16 31 23 9 27 39 36 22 20 13 19 20 27 32 29 10
21 10 14 10 1 6 10 12 1 8 5 12 4 6 7 10 19 5 1 2
67 56 52 49 18 58 39 45 38 61 42 54 42 65 45 51 55 14 21 37
12 10 8 7 6 7 9 6 6 11 6 4 7 7 5 5 13 8 3 9
16 17 14 7 10 14 10 9 17 15 18 4 11 4 10 9 13 19 14 2
33 14 20 16 1 13 14 17 18 26 19 20 15 19 17 26 22 18 4 3
57 44 44 25 26 39 35 38 26 43 44 34 34 24 41 43 39 36 31 31
29 10 12 13 6 15 11 3 20 26 17 15 13 9 15 17 20 24 7 1
37 31 37 17 12 24 23 27 8 26 22 19 12 26 23 28 18 3 20 31
60 38 49 40 14 39 23 32 28 49 48 40 23 57 39 39 45 18 33 39
6 2 1 1 1 1 1 1 1 9 1 5 3 6 2 3 1 1 1 4
10 4 5 4 1 5 7 3 4 9 4 1 5 12 2 1 5 3 2 5
13 6 7 3 1 4 6 3 3 8 4 3 4 15 1 3 2 1 2 6
40 26 31 29 6 22 23 16 26 37 33 23 9 28 30 23 30 27 33 11
17 21 16 3 1 12 6 16 3 11 13 7 5 14 2 14 15 2 4 15
15 19 14 6 13 11 9 9 5 13 9 7 8 9 6 8 8 6 6 14
49 34 36 33 17 27 32 43 17 42 34 35 28 21 38 41 36 19 31 35
38 34 21 15 4 27 8 31 10 20 16 26 16 33 8 27 34 1 8 12
19 20 16 10 10 14 15 10 8 23 4 22 14 18 16 15 17 10 7 15
12 8 7 7 4 3 7 6 1 4 1 7 1 6 7 6 14 6 1 6
30 9 7 23 3 12 13 21 14 29 10 25 19 26 13 15 26 6 15 13
46 27 33 29 21 36 33 19 23 44 29 29 32 17 31 22 31 23 27 28
7 4 3 5 3 5 1 1 3 7 6 3 3 4 3 1 11 5 1 6
16 11 6 2 5 3 7 6 4 12 1 8 10 12 5 10 7 2 1 8
59 34 47 36 27 25 33 47 20 39 34 41 26 22 38 44 41 13 35 35
42 23 28 18 19 17 25 14 20 39 15 18 16 26 20 21 12 10 29 22
49 25 29 28 9 23 21 25 24 32 20 30 21 19 17 31 36 19 14 4
31 15 21 24 3 26 24 14 23 28 30 20 18 10 26 20 26 28 14 6
21 17 17 8 8 11 15 14 5 17 10 8 12 16 7 11 14 4 3 16
62 35 48 45 27 30 37 41 25 51 35 43 24 43 44 38 43 21 41 38
53 44 40 39 20 41 31 22 42 53 44 41 22 42 29 33 45 34 40 18
6 6 4 4 1 1 4 5 4 8 1 3 4 5 3 1 7 3 4 6
65 39 51 55 31 49 30 40 29 48 56 54 27 33 39 49 67 33 43 27
13 8 8 10 4 8 1 1 1 12 8 8 2 9 7 3 13 4 5 14
29 17 13 25 2 21 13 10 17 31 7 26 10 37 17 13 24 6 15 11
9 5 5 2 1 3 5 2 1 4 1 1 1 7 2 2 8 1 1 6
42 25 25 27 22 15 17 29 17 35 19 31 18 33 26 28 31 12 25 30
16 10 10 6 8 9 6 1 7 8 10 3 3 13 2 2 10 6 8 7
33 9 25 27 8 20 20 25 8 22 21 25 17 20 18 15 30 4 19 24
21 26 23 9 9 15 18 22 11 24 19 10 18 13 14 21 13 10 12 20
23 16 19 8 4 9 12 12 4 17 14 6 11 18 6 12 12 2 4 16
22 17 16 24 2 22 13 8 8 18 12 25 2 16 16 7 33 16 6 8
64 38 45 42 33 43 48 26 38 58 40 38 42 21 40 35 41 34 39 30
11 13 10 1 4 2 6 6 1 4 4 2 2 9 3 6 3 3 1 5
26 16 17 16 1 17 1 18 2 25 20 19 12 26 11 21 23 1 5 24
22 10 11 15 1 14 3 10 5 21 12 15 13 24 6 12 17 1 2 15
74 45 51 48 23 45 36 37 36 61 40 45 33 42 38 52 51 26 27 28
8 8 8 4 1 5 7 7 5 7 5 5 5 9 5 5 4 5 5 7
40 21 26 17 1 21 10 24 11 22 22 25 10 21 16 30 34 15 4 8
14 8 5 4 1 3 2 3 1 11 4 11 2 11 7 10 11 6 1 1
12 4 2 12 1 8 4 8 7 23 14 9 10 15 9 6 10 4 9 12
47 26 31 31 2 35 23 34 27 40 37 34 30 16 30 37 42 29 17 11
13 8 8 4 5 5 9 6 1 9 4 3 5 8 3 6 8 1 1 12
29 25 25 17 5 22 10 15 9 27 24 20 13 30 12 16 25 8 10 22
67 57 59 49 31 56 30 32 35 65 51 58 33 43 43 53 57 34 27 38
14 8 6 12 6 9 4 1 10 17 12 11 4 5 11 9 13 17 6 8
31 18 25 25 7 31 28 11 25 29 28 20 19 20 26 13 26 24 21 11
23 14 12 12 7 9 10 7 7 21 7 19 6 12 16 14 19 14 6 10
66 34 50 48 18 37 35 56 29 51 47 50 33 33 46 54 58 28 31 33
50 38 29 30 12 31 33 36 29 34 23 36 36 29 23 34 40 17 17 8
30 20 22 30 13 25 14 21 13 39 24 34 25 29 31 27 33 7 6 36
19 21 19 18 4 21 17 6 12 21 13 20 5 30 14 4 20 11 12 15
10 13 8 1 6 2 5 6 1 7 2 2 5 7 2 5 3 2 2 6
31 7 17 31 6 28 29 1 28 35 27 20 17 17 31 9 24 29 23 10
21 22 17 15 3 18 6 19 1 18 20 16 5 25 10 17 23 1 10 23
41 31 30 25 19 26 28 25 20 40 15 29 29 29 24 29 22 6 19 29
17 11 11 14 3 9 8 7 2 19 11 13 6 12 13 13 14 8 3 16
31 21 16 10 11 13 16 11 13 23 3 19 17 23 9 17 16 6 9 13
38 22 35 39 3 33 24 21 23 39 34 33 19 43 37 23 34 16 28 27
12 8 6 7 4 1 7 4 1 13 1 9 5 11 9 8 8 6 6 11
33 20 14 28 11 15 3 22 15 35 23 31 11 27 24 30 27 13 18 21
32 18 26 17 3 18 12 22 3 21 20 17 18 15 11 19 28 5 3 17
54 26 37 47 21 32 39 41 30 52 40 44 33 30 47 39 45 31 36 33
10 9 8 2 1 5 4 7 1 4 6 2 2 10 2 5 4 1 1 3
20 17 19 4 9 6 17 12 5 12 4 6 8 14 10 11 3 3 7 11
67 33 52 49 28 56 38 40 37 58 45 54 48 24 44 49 57 32 27 32
62 50 43 38 31 47 34 48 33 62 51 46 45 39 43 49 41 24 45 49
17 13 11 16 9 13 17 10 8 30 11 18 16 10 21 16 14 14 12 22
8 2 1 1 1 3 2 1 5 12 1 5 7 9 1 1 4 2 1 3
18 16 16 1 12 2 12 4 5 8 2 2 6 5 4 7 1 5 7 7
6 9 8 5 1 4 2 8 1 2 7 1 1 3 1 4 9 1 1 6
35 37 33 20 27 32 28 15 21 36 20 26 20 21 20 23 25 19 22 26
69 39 42 60 22 55 51 37 46 77 42 60 44 47 58 44 53 32 43 38
31 14 24 22 5 18 26 14 20 27 17 15 15 24 19 10 21 16 18 8
36 17 16 32 13 25 13 21 20 46 27 28 27 33 25 24 29 10 22 32
35 11 13 24 1 22 10 11 11 31 14 26 18 28 17 24 27 8 1 15
53 30 37 35 1 43 23 38 23 34 32 43 24 33 25 39 55 19 8 9
28 15 18 11 6 3 13 18 1 24 8 19 7 22 18 20 12 1 14 18
10 5 2 5 1 4 4 3 7 15 4 8 9 11 4 6 5 6 2 6
53 22 40 50 11 39 20 28 25 51 40 46 15 47 45 32 52 21 27 30
29 23 22 13 8 17 11 14 7 16 12 15 11 22 4 11 21 4 3 11
56 37 38 47 21 38 9 42 26 57 47 49 30 46 41 53 51 16 21 45
48 42 38 33 32 30 22 40 20 47 35 40 23 24 37 43 39 13 34 42
7 14 9 3 6 4 3 8 5 5 8 3 4 5 4 6 3 6 5 6
14 13 12 11 6 17 9 6 3 17 10 13 13 16 8 9 15 2 1 19
51 27 38 40 17 28 20 34 17 50 37 39 20 39 42 42 37 13 24 40
14 8 6 11 2 6 1 1 1 12 8 9 1 6 8 5 16 7 2 10
37 23 10 31 2 31 24 19 24 47 21 33 34 29 27 30 31 16 9 16
12 8 4 10 4 6 4 5 1 11 6 11 1 8 11 9 14 10 5 8
26 28 25 10 16 14 22 24 13 28 15 16 24 10 16 24 7 7 14 23
72 31 50 55 22 52 44 48 37 62 41 60 56 30 49 54 58 22 21 37
58 39 40 43 23 47 44 10 47 62 36 43 31 35 38 32 41 44 37 17
43 35 39 30 23 34 40 30 29 43 25 38 31 18 39 37 31 22 22 24
17 7 8 12 3 10 7 3 4 23 10 13 14 16 10 10 14 6 1 17
34 21 25 28 6 26 22 18 21 32 23 31 18 23 23 19 33 26 13 8
21 12 11 14 4 12 3 3 4 20 11 18 8 20 11 11 18 7 6 15
13 7 8 5 4 3 9 4 1 8 2 6 4 8 8 9 9 6 1 9
7 6 2 3 1 4 1 3 2 9 4 2 4 9 1 2 3 1 1 6
55 37 39 47 12 46 38 29 34 62 31 57 34 39 46 36 52 34 22 33
60 44 49 30 29 37 22 42 21 36 45 40 22 30 24 45 52 22 41 27
12 7 4 5 3 6 2 5 1 6 3 2 2 9 1 1 10 1 1 4
59 29 41 40 13 36 23 41 8 42 33 49 29 37 35 43 50 6 20 37
36 36 36 16 25 26 33 17 24 29 17 20 20 17 19 21 26 24 24 15
51 38 36 27 20 29 26 38 23 44 27 37 31 14 32 47 34 11 17 29
54 27 43 47 11 45 32 33 27 50 48 40 29 43 42 31 51 20 32 40
22 18 11 20 8 17 9 6 16 32 20 22 8 15 21 16 24 23 20 10
17 18 13 1 9 7 11 8 7 13 7 4 9 9 2 6 7 7 6 10
52 26 33 40 6 36 29 37 26 50 30 43 40 23 32 42 46 22 6 18
37 33 19 23 4 21 20 32 23 30 18 26 25 28 16 32 33 11 10 10
10 11 7 6 5 7 10 4 6 11 1 9 6 14 5 4 8 5 7 10
24 14 19 18 1 19 18 3 12 18 11 16 2 23 17 8 23 11 12 7
36 19 21 25 8 16 18 15 20 32 16 24 11 38 22 15 21 10 26 16
67 46 43 55 19 57 55 29 49 73 38 55 45 56 52 33 47 29 43 33
11 5 7 2 1 1 8 3 5 7 1 1 3 12 2 1 3 2 5 3
18 21 11 16 7 16 11 14 17 28 13 23 18 22 15 17 18 14 15 14
33 27 31 16 7 22 15 14 11 24 21 14 5 30 14 14 23 7 16 19
14 10 10 9 1 9 8 7 4 13 10 9 7 17 8 7 11 6 4 10
54 24 34 39 13 43 27 20 32 45 47 34 30 16 27 31 47 37 24 8
41 27 39 35 17 42 34 21 29 44 33 32 33 40 37 24 32 13 17 32
27 26 22 20 12 25 21 10 25 29 20 21 17 17 20 13 28 29 17 6
67 33 32 58 20 46 42 44 42 68 37 58 41 55 48 49 60 26 35 36
5 7 3 8 3 9 7 3 7 12 9 7 8 7 8 4 13 9 3 9
5 7 3 4 4 3 7 1 7 11 4 4 7 7 4 1 4 6 6 7
40 25 30 28 24 35 36 12 30 42 30 28 29 21 30 14 30 29 36 29
35 20 25 19 11 19 16 13 21 30 21 16 17 28 14 15 22 15 18 15
26 18 12 10 8 15 18 10 16 24 5 15 20 24 5 14 13 7 8 12
8 13 9 6 4 7 4 9 4 9 10 1 5 9 1 7 6 1 1 9
37 8 15 30 9 14 12 21 7 32 18 30 11 22 24 23 33 10 16 23
26 23 24 9 5 17 18 24 5 12 16 10 14 10 5 15 21 3 4 12
14 17 12 5 9 7 4 9 6 6 12 1 1 9 4 7 8 7 7 7
5 5 1 1 1 1 1 1 1 5 1 2 1 8 1 1 1 1 1 2
23 22 20 21 5 16 15 5 14 23 13 26 1 26 22 9 25 19 15 10
63 45 48 47 17 54 33 46 29 64 54 56 40 55 49 46 61 27 34 48
20 20 13 7 12 15 10 9 2 20 4 17 13 14 9 11 8 1 7 19
41 26 21 26 6 19 24 31 16 35 11 34 25 33 18 28 34 8 13 18
16 11 11 12 1 9 2 16 1 14 13 10 3 14 7 10 17 1 8 13
64 36 43 53 33 45 40 55 34 59 36 56 48 34 43 48 51 6 40 50
19 15 13 7 10 8 14 11 1 17 5 11 11 11 13 14 11 7 6 17
29 23 25 14 14 14 15 10 18 20 20 14 6 9 14 23 22 24 13 4
8 10 5 8 5 3 4 6 1 12 4 6 2 7 5 5 7 1 6 17
8 15 10 6 6 5 5 9 1 7 7 6 1 9 6 7 1 4 8 10
17 15 12 3 1 5 2 8 1 5 9 5 1 8 5 13 12 5 1 3
47 37 35 21 15 33 16 23 22 27 29 20 14 35 9 27 37 14 17 16
34 27 27 19 13 20 13 8 19 28 21 24 6 20 15 23 25 23 18 5
13 10 5 3 4 4 3 7 4 8 5 5 6 12 3 6 7 1 1 5
75 48 50 47 24 47 34 44 32 61 44 52 33 35 35 59 59 30 28 30
13 5 4 4 2 1 2 2 1 7 2 3 1 12 2 1 5 1 9 7
67 48 58 35 35 44 40 47 30 42 45 38 33 13 34 52 49 24 35 35
14 21 16 8 7 14 11 12 1 15 5 16 7 10 13 15 17 6 2 13
13 16 13 7 1 11 6 12 5 11 13 8 6 11 7 13 13 7 1 9
21 23 21 11 8 13 16 7 12 15 8 16 4 22 12 7 20 13 10 8
11 11 6 8 2 11 7 2 4 11 3 12 4 14 8 6 14 8 1 6
35 21 27 28 3 25 8 24 6 34 25 32 16 22 24 29 38 10 3 24
60 43 37 40 26 38 31 43 35 57 41 39 36 43 35 44 44 22 34 37
30 6 14 23 3 22 19 10 15 29 19 17 25 23 16 8 22 12 11 14
67 43 45 42 16 40 23 32 32 48 39 44 10 50 30 43 56 22 36 19
9 7 3 4 3 5 5 1 4 12 4 5 7 10 3 4 8 4 1 8
51 19 32 31 14 32 41 22 28 45 20 33 32 24 36 27 28 23 24 17
18 7 5 3 1 4 6 4 6 11 1 6 9 15 1 7 8 1 1 4
51 52 42 35 18 45 29 33 24 48 30 46 30 41 32 40 45 17 17 35
23 19 16 16 15 18 7 2 13 24 19 13 9 16 7 11 17 13 17 15
69 43 52 45 26 45 34 31 35 55 41 46 31 32 30 48 54 33 27 17
25 23 22 11 11 12 8 14 10 16 17 15 1 19 13 17 20 13 19 11
26 20 25 8 7 10 10 14 8 8 15 2 1 12 3 9 16 6 10 7
37 8 24 34 7 26 24 20 13 25 19 32 12 24 26 18 38 12 23 21
39 23 32 32 1 24 24 23 18 31 24 28 7 40 26 17 33 11 27 13
50 37 35 31 32 27 32 37 29 51 27 40 35 28 36 38 29 7 37 39
66 28 45 54 19 46 36 35 35 72 47 53 35 53 58 44 50 25 38 44
29 18 25 23 11 27 11 14 11 23 22 20 15 17 12 12 31 10 15 20
50 33 38 43 18 39 22 30 30 48 47 44 17 26 35 43 51 35 32 20
48 31 43 32 8 36 20 19 24 35 42 26 12 33 31 31 37 25 21 17
67 46 41 44 21 46 19 52 22 59 48 55 35 60 45 61 61 15 26 50
49 7 29 45 6 42 35 4 36 54 41 36 32 29 45 14 36 34 27 20
12 10 7 11 5 9 7 4 4 19 8 9 10 14 8 5 9 4 5 18
53 42 50 28 22 36 27 36 21 44 40 30 27 32 34 40 34 12 31 43
12 17 11 8 4 12 11 4 8 14 4 15 6 19 9 4 13 9 4 7
62 35 53 56 13 56 40 16 44 59 48 50 20 47 48 27 62 45 33 24
53 32 40 40 19 42 29 12 33 57 35 39 27 37 30 33 40 29 28 22
18 2 8 20 1 17 1 5 6 22 17 19 10 14 19 15 21 11 1 13
28 13 16 19 2 13 11 10 11 26 13 19 8 21 16 20 17 11 8 12
65 28 46 43 21 40 48 27 43 62 38 41 39 22 49 34 34 37 38 23
61 41 41 48 8 42 44 29 41 54 31 47 30 56 35 22 48 21 36 24
58 37 42 53 11 56 45 15 48 64 43 49 43 53 43 19 48 34 35 33
56 32 46 30 13 37 35 37 18 41 33 35 26 34 34 35 40 16 29 29
26 29 26 13 20 23 26 13 16 25 12 21 19 13 20 18 18 17 16 19
59 40 30 48 21 50 32 34 40 67 38 50 50 41 44 42 51 26 28 34
54 31 48 34 24 37 33 49 21 36 36 40 34 30 32 44 45 17 30 41
12 4 3 5 1 2 2 3 1 9 3 8 3 10 7 7 6 6 1 2
50 36 43 32 20 32 18 43 11 41 41 38 22 43 37 45 43 7 26 50
28 29 24 16 13 22 8 11 12 25 21 22 11 22 14 21 25 17 9 15
32 40 33 12 25 23 21 22 15 27 16 22 18 11 16 24 18 6 20 21
47 41 44 26 26 29 32 23 24 41 23 31 18 29 32 30 26 20 34 24
21 23 18 8 11 18 8 6 12 23 15 12 13 18 5 11 15 10 7 14
57 42 31 41 12 46 15 39 29 47 43 45 34 47 34 50 53 18 13 27
46 34 31 28 20 30 27 17 31 40 29 27 25 21 15 31 35 32 25 10
33 27 24 14 8 23 3 16 9 23 27 20 10 21 13 27 28 13 8 19
12 1 1 12 1 6 1 1 2 19 4 13 7 12 8 5 15 3 1 11
50 35 45 40 19 43 34 23 26 50 28 42 28 39 43 29 42 14 18 36
13 5 11 8 1 5 9 5 3 6 3 1 1 11 2 1 8 1 6 7
9 9 5 2 4 1 6 3 5 8 2 3 5 2 5 4 9 9 3 5
39 33 39 35 18 35 29 31 12 37 22 41 28 23 32 28 39 11 19 33
55 25 29 42 10 42 33 10 43 56 37 32 27 32 32 27 38 35 29 11
32 16 15 18 1 21 21 14 23 28 22 14 23 21 14 15 20 15 13 6
35 9 15 35 5 25 25 8 22 44 27 25 20 31 34 14 26 22 26 21
67 30 44 60 18 49 34 47 37 63 52 55 50 42 50 50 58 24 26 41
33 20 18 25 1 27 25 13 26 35 16 19 18 34 15 13 22 8 15 8
33 13 21 33 3 35 28 1 27 36 28 26 16 23 32 8 27 28 21 10
13 12 9 5 1 5 6 8 3 16 10 4 8 11 1 8 4 1 1 12
13 14 9 2 6 4 10 7 6 12 6 3 10 9 4 6 6 7 3 7
14 4 6 4 3 7 6 1 5 11 4 4 4 16 1 1 5 2 5 6
22 17 14 13 7 19 1 4 8 21 19 17 7 16 11 14 23 15 5 7
37 20 29 27 9 27 21 15 18 28 33 17 18 10 17 17 31 23 21 10
50 30 37 34 15 39 26 31 31 36 34 38 28 24 26 35 47 28 24 16
33 13 15 38 2 32 22 17 25 48 31 39 23 28 36 25 37 29 18 20
16 6 14 7 1 4 10 11 1 1 3 7 4 6 4 3 14 2 6 1
30 21 15 26 7 23 2 13 16 36 19 27 18 25 17 24 30 11 10 16
21 20 17 7 12 6 14 17 3 20 2 13 14 6 13 15 9 2 8 17
29 16 26 30 2 33 25 21 15 28 28 27 29 13 25 16 34 14 12 16
48 24 36 39 1 39 22 25 24 42 35 43 22 37 32 32 51 26 6 16
10 4 6 1 2 2 6 1 2 1 1 1 1 6 2 1 7 3 2 2
17 13 13 9 9 10 11 6 10 10 10 7 6 8 6 6 17 13 7 9
9 11 7 1 4 1 8 6 4 11 2 1 9 6 2 5 3 3 1 6
61 53 50 49 34 50 49 34 45 67 49 53 36 28 53 47 48 43 46 33
20 24 18 18 9 22 18 10 14 32 11 25 17 25 16 12 18 10 8 21
36 35 16 22 11 32 20 21 30 35 24 26 27 32 15 26 32 17 15 10
53 43 37 40 28 44 38 23 40 59 35 41 35 30 30 33 42 34 38 21
12 10 8 5 6 7 11 1 8 12 8 1 7 11 4 3 7 8 6 10
32 21 27 15 15 17 17 13 10 21 17 14 14 22 17 15 20 10 12 21
18 10 8 11 5 8 9 6 6 19 8 8 11 15 4 4 13 5 5 15
4 8 1 4 1 7 1 1 1 5 1 7 1 5 3 4 10 2 1 7
46 26 30 32 14 34 21 16 24 37 22 34 17 21 17 28 44 26 13 10
64 36 50 47 19 44 24 44 26 50 46 47 30 59 40 42 56 10 26 43
49 38 40 38 13 41 35 9 37 42 29 36 23 50 28 10 42 27 28 25
40 14 30 31 4 27 22 24 17 29 27 29 18 18 24 24 38 22 9 9
18 11 4 11 1 17 7 5 8 15 3 17 10 24 3 10 19 1 1 7
23 13 14 8 1 6 9 9 8 13 6 10 7 19 7 14 11 4 4 4
42 41 37 23 14 35 12 22 16 37 29 28 19 34 16 31 32 10 11 26
48 23 41 33 11 34 18 22 17 30 31 30 17 33 23 22 39 10 23 18
68 45 58 50 19 55 50 39 49 51 44 49 37 48 37 40 59 34 38 18
32 17 27 17 4 17 15 22 1 18 18 17 16 16 11 16 25 1 5 18
28 16 19 8 12 5 17 11 4 20 1 11 8 16 15 10 6 1 17 18
37 30 32 12 11 24 10 20 6 20 29 19 9 22 18 28 29 14 11 21
28 20 18 21 4 25 9 17 17 31 28 18 25 23 17 22 23 14 8 14
36 25 32 15 10 19 19 15 15 18 21 10 5 11 9 20 27 18 14 6
48 33 47 29 13 31 26 30 17 36 31 24 21 32 28 28 31 3 14 31
42 33 37 30 18 28 32 39 16 38 27 32 29 14 31 34 33 15 25 32
37 23 25 21 19 14 19 7 17 31 18 20 9 20 15 22 23 21 27 13
24 23 21 2 4 9 5 21 1 7 14 6 4 14 6 19 19 2 3 12
37 31 33 24 7 25 23 18 18 33 22 28 11 29 25 25 28 22 11 15
52 25 34 37 15 30 16 24 24 45 34 30 17 45 26 29 37 12 30 27
19 21 18 6 9 6 16 18 4 21 9 10 13 10 12 16 2 3 10 19
40 27 17 33 2 25 24 30 23 41 22 31 28 32 22 30 36 13 13 17
29 17 17 19 16 13 6 13 14 29 21 18 4 21 16 19 24 14 23 17
58 42 52 51 16 48 46 35 35 59 39 54 27 38 54 43 46 35 38 28
41 34 34 32 15 35 39 20 29 50 22 37 30 28 35 27 27 18 24 26
43 19 29 35 4 30 26 13 24 38 27 31 13 32 28 14 36 24 29 9
40 15 25 26 14 26 24 3 30 39 25 21 13 19 23 19 27 31 27 5
58 48 54 46 28 50 40 30 34 52 49 45 33 26 34 41 58 41 28 20
39 22 27 27 10 31 26 15 28 40 29 29 24 23 26 25 32 31 16 13
36 24 29 27 4 26 20 16 17 39 26 29 15 29 26 24 31 20 11 18
51 27 32 30 17 31 31 28 25 49 37 38 33 28 37 32 33 23 32 34
39 33 21 15 17 25 22 21 19 30 11 22 24 27 13 25 19 7 12 15
34 24 26 16 17 20 13 10 13 29 21 17 16 22 12 21 20 13 13 21
60 34 43 40 18 39 43 32 39 58 32 43 40 27 42 44 36 34 28 20
24 14 19 13 3 9 15 13 9 21 12 15 8 10 16 20 12 13 5 11
42 33 34 17 20 16 19 20 13 26 22 19 10 16 14 28 29 21 18 13
67 40 57 40 11 49 30 31 25 38 45 42 21 48 33 37 56 22 29 21
47 30 38 35 16 33 28 20 26 48 32 30 21 42 27 23 38 20 28 28
38 9 19 32 2 23 18 15 19 38 20 30 22 26 23 20 33 18 10 14
40 34 33 15 25 15 24 23 18 35 18 21 20 23 19 28 12 13 28 25
38 20 28 20 15 24 34 15 23 39 14 23 26 22 27 22 14 11 22 22
10 9 7 2 2 1 6 2 1 8 1 4 1 8 4 4 5 4 3 5
8 6 4 6 1 1 5 4 1 10 1 6 1 8 7 5 4 1 4 13
49 38 42 38 30 42 39 20 34 53 32 38 24 22 38 35 35 25 38 31
12 13 8 5 6 6 6 6 7 12 6 8 9 11 6 8 8 7 4 8
26 30 31 11 9 19 24 17 9 19 10 17 9 20 16 16 12 5 10 15
8 7 5 2 1 3 1 4 1 5 7 1 1 9 1 2 1 1 1 4
54 31 38 34 27 25 26 32 16 42 28 34 16 23 31 36 37 18 33 32
42 27 28 38 12 42 31 10 33 42 35 34 22 18 27 17 45 38 26 8
14 5 1 9 1 6 1 1 5 14 4 13 5 9 9 11 11 8 1 3
29 15 10 21 4 25 16 13 18 29 11 23 22 32 9 13 28 7 7 13
66 37 44 52 33 43 44 43 40 71 41 53 40 43 55 51 46 20 46 50
47 34 33 30 15 34 18 20 26 37 28 26 15 39 13 25 35 13 26 16
54 40 41 32 26 36 33 22 30 49 24 34 23 31 26 33 32 17 34 25
10 16 12 5 2 5 10 7 2 13 1 13 5 8 9 11 11 7 1 7
36 25 36 20 10 21 31 22 12 24 11 21 12 18 21 16 17 2 22 18
44 17 24 27 14 14 20 18 22 36 17 26 15 32 22 20 30 18 28 16
6 1 2 1 1 1 3 1 1 1 1 2 1 6 3 1 5 2 1 1
15 26 21 12 8 18 15 8 17 16 14 16 6 12 12 6 23 19 11 8
57 57 56 30 34 40 42 29 34 48 36 37 27 23 31 44 41 28 32 24
52 21 33 46 12 43 31 17 30 52 37 39 28 38 39 20 46 32 34 24
1 1 1 5 1 6 1 1 1 5 1 6 1 5 2 1 8 1 2 8
18 11 16 10 4 6 14 7 8 10 5 4 3 12 7 4 13 7 8 8
28 15 21 32 7 22 18 25 14 29 21 34 13 23 27 20 38 14 22 20
20 11 12 23 5 18 11 6 11 31 20 18 18 18 22 12 19 17 12 20
3 5 3 1 1 1 4 3 3 4 3 2 3 4 3 3 3 5 1 2
37 17 23 23 7 18 19 16 15 36 16 20 19 33 17 16 22 5 16 23
60 25 43 53 14 44 39 33 41 52 40 60 32 36 46 33 61 40 32 23
17 17 11 10 8 14 2 5 8 15 11 17 3 12 12 12 18 16 7 4
49 47 50 33 19 37 40 16 32 46 28 36 15 33 37 23 35 30 35 25
12 7 9 1 4 1 13 4 2 12 1 6 8 5 7 8 3 5 2 10
27 27 23 7 7 18 9 17 2 15 17 12 10 24 5 18 17 1 1 17
36 21 23 21 14 16 15 13 13 33 19 25 14 23 22 22 23 18 14 22
41 25 28 49 21 43 20 24 30 54 45 47 28 39 47 34 48 30 33 40
4 2 1 4 1 2 1 1 1 7 1 1 1 8 1 1 1 1 2 8
59 19 42 44 15 40 40 32 35 47 35 42 37 25 36 34 47 30 25 21
11 9 9 5 3 4 13 5 6 13 4 4 8 11 4 4 2 5 7 12
9 5 4 11 1 12 5 3 6 18 10 11 9 11 10 5 15 9 4 12
13 11 11 11 5 10 9 6 7 13 7 10 3 18 9 3 11 5 13 12
7 5 4 11 1 9 8 1 7 15 9 10 8 12 9 4 11 8 7 15
12 9 8 4 1 3 7 8 1 11 1 6 3 12 3 4 9 1 4 10
38 18 18 21 10 26 24 8 32 35 17 16 22 27 18 16 21 21 22 6
20 10 9 13 7 11 18 7 13 22 12 11 15 9 18 14 16 19 8 9
20 8 11 12 4 14 7 7 5 19 11 11 14 17 8 9 17 3 1 17
51 28 35 38 27 31 26 18 29 45 33 33 12 29 31 34 42 27 38 26
25 16 15 7 8 6 17 10 11 22 8 12 15 16 12 15 14 14 8 9
13 9 5 2 1 4 5 1 1 11 1 10 4 15 3 3 8 2 3 7
61 28 37 41 10 36 34 29 38 55 43 37 28 36 41 38 39 34 33 20
60 36 54 40 20 44 34 41 22 43 33 47 38 39 37 41 50 11 17 33
46 43 33 19 17 28 17 32 21 35 26 23 23 27 13 36 34 13 15 25
58 34 48 38 17 37 44 24 33 48 36 31 29 33 35 26 40 32 36 19
49 26 41 42 16 38 44 32 27 45 26 45 29 25 43 30 42 25 28 25
16 7 6 9 1 3 3 5 3 14 6 11 1 8 11 11 14 9 2 5
15 13 15 14 1 14 18 4 13 19 9 13 6 16 16 7 16 14 10 4
4 6 3 4 2 5 3 1 1 5 1 7 1 8 4 2 4 1 5 8
3 3 1 8 1 3 1 2 1 9 3 7 1 8 7 2 8 2 5 11
34 25 28 9 8 14 17 21 6 21 16 13 12 23 13 25 18 5 7 19
29 12 8 22 5 13 8 12 10 27 10 23 12 29 13 15 25 7 12 17
33 13 23 31 6 22 31 13 25 34 25 21 20 18 31 14 24 26 27 16
50 33 29 32 11 29 35 38 25 44 21 35 40 19 29 38 32 16 18 16
41 24 24 22 15 25 25 25 11 28 10 26 27 24 13 21 26 4 11 21
28 24 23 4 19 12 21 8 14 22 11 8 13 10 10 16 9 16 15 12
43 22 28 39 24 31 29 21 32 45 39 30 23 23 34 21 39 30 40 31
58 42 35 43 18 44 33 29 45 57 42 45 29 46 37 35 51 32 38 19
22 25 20 16 10 20 23 10 17 26 17 16 17 17 19 13 18 22 11 10
40 32 30 43 11 39 37 20 30 54 40 44 26 30 45 25 42 36 30 32
49 22 38 38 18 41 39 31 35 38 40 38 36 3 38 32 44 38 26 13
37 33 29 24 26 20 23 25 16 38 21 28 20 15 29 30 24 14 27 33
12 1 5 7 1 8 11 1 8 15 6 1 5 15 6 1 4 3 6 5
46 28 32 28 12 35 25 27 19 47 43 33 32 33 36 32 36 25 28 37
43 33 20 23 2 30 11 27 16 29 20 35 14 37 20 35 40 10 9 11
10 11 8 6 1 6 1 5 1 5 11 5 1 6 5 7 12 3 1 5
29 13 15 29 1 32 21 5 21 39 24 30 27 26 26 14 31 22 10 14
18 11 12 10 1 9 9 13 7 17 7 17 9 19 8 8 18 6 6 7
44 12 21 37 9 22 17 21 17 38 18 32 14 41 25 20 35 6 24 24
28 24 28 13 13 20 26 13 16 26 19 9 16 12 19 15 8 13 18 15
38 31 26 23 12 25 10 14 14 33 24 27 10 28 15 27 33 17 15 17
17 10 10 12 2 6 11 10 9 15 10 11 7 4 13 13 18 15 2 3
11 6 7 7 1 6 11 4 8 13 6 7 7 11 8 5 9 10 7 8
59 45 39 44 22 41 43 49 34 58 26 54 40 43 39 44 47 6 31 35
52 28 33 31 13 29 28 29 24 27 19 33 24 29 21 30 37 14 18 11
51 35 36 45 27 38 18 36 29 60 44 50 36 46 44 45 46 22 28 46
17 14 10 14 4 10 13 11 13 23 17 11 14 11 17 13 12 17 13 7
25 17 17 14 5 19 11 7 9 19 11 18 11 29 10 11 21 5 8 14
67 24 40 49 14 43 29 29 32 59 53 45 31 42 47 37 53 30 38 38
22 17 13 5 13 11 9 6 7 20 5 15 12 13 9 13 11 7 9 15
22 10 16 11 2 9 6 7 4 17 13 7 7 20 7 6 11 1 7 12
25 18 19 15 9 22 20 6 20 23 20 9 12 19 15 8 18 19 18 10
27 10 23 20 1 23 14 16 6 15 16 21 16 22 13 10 30 2 4 16
5 3 1 11 1 5 1 4 1 13 7 8 1 11 7 2 8 1 7 15
10 6 8 11 1 6 12 9 5 13 4 6 9 3 6 1 11 5 7 11
33 31 32 16 21 25 23 11 17 26 20 14 10 20 11 18 17 13 22 18
22 21 18 11 7 15 3 10 7 18 19 11 3 14 7 12 22 9 11 14
44 28 30 23 20 13 20 15 19 38 20 24 12 26 19 30 23 16 28 16
10 12 6 15 4 15 1 3 6 16 9 18 1 9 13 9 19 13 5 8
9 8 6 3 4 6 13 4 8 15 5 2 12 5 7 5 3 7 5 8
39 26 28 20 12 22 31 16 18 34 7 29 23 24 22 18 26 17 13 13
57 37 44 47 30 47 40 24 43 62 46 39 28 54 41 30 44 31 50 38
42 35 23 44 16 43 26 18 39 57 38 43 27 38 33 28 45 36 33 20
52 39 43 42 29 47 30 19 36 54 44 40 35 35 32 36 46 32 27 26
16 8 6 8 5 5 7 4 4 18 4 10 9 12 8 11 9 6 3 13
7 9 4 6 1 12 3 3 1 5 5 7 2 10 1 2 14 1 1 10
12 14 14 1 4 1 12 9 2 7 2 1 6 6 2 8 1 1 1 7
46 21 39 29 16 28 33 33 14 30 27 32 28 14 28 32 36 15 17 25
56 35 43 39 29 42 34 30 31 60 39 44 40 19 44 43 38 23 28 39
42 20 24 20 8 18 14 17 18 25 15 22 13 15 12 25 30 19 7 1
27 14 19 11 9 15 10 4 8 16 13 8 6 19 9 7 18 8 11 14
35 14 20 26 2 17 23 22 14 33 24 19 22 24 16 16 22 10 19 20
63 47 45 29 16 45 30 37 29 45 36 34 33 51 26 42 41 9 21 29
26 23 17 8 17 12 12 8 19 23 11 10 16 14 6 17 13 15 12 8
51 31 38 42 12 28 31 28 31 50 38 39 18 46 43 35 38 27 39 26
23 18 20 8 11 5 18 13 8 18 3 9 10 15 10 9 9 5 13 15
55 38 51 43 21 47 34 19 37 49 39 38 23 48 37 25 51 25 20 27
36 31 34 28 13 26 33 19 19 37 14 34 15 34 35 22 26 15 29 22
65 25 37 55 11 48 33 41 35 59 48 50 45 48 42 36 56 19 32 35
18 14 13 6 8 11 5 5 7 8 5 10 4 9 3 4 20 10 7 1
70 28 56 49 22 48 50 36 36 57 47 43 49 34 46 31 42 23 42 38
51 36 45 46 27 45 26 20 33 52 42 43 22 48 36 33 47 22 33 36
18 11 14 3 3 2 12 7 5 10 3 2 6 15 4 6 5 1 5 5
50 43 46 34 26 40 27 39 20 44 31 42 36 35 34 38 40 2 11 41
15 6 10 6 3 6 13 3 3 17 5 5 9 13 4 4 4 1 3 16
8 10 6 6 5 2 6 7 1 12 2 6 4 7 7 6 3 1 6 15
