1000 20 11 2359
3 0 11 1 7 0 4 3 1 1 2
9 4 4 2 1 0 2 9 10 8 6
1 19 8 2 10 5 2 8 2 6 0
2 0 0 3 2 6 1 3 8 4 2
6 10 11 11 3 7 7 6 0 8 20
2 2 0 2 3 1 1 3 3 9 2
1 2 1 2 8 3 4 0 1 7 3
11 10 17 0 23 6 12 4 2 8 2
4 7 4 3 14 1 4 2 2 5 9
5 8 5 14 3 2 4 4 13 20 4
9 18 1 16 13 3 4 15 2 11 12
2 12 1 2 11 5 2 14 2 3 17
10 5 10 2 9 5 2 4 11 2 5
9 5 6 16 14 2 12 11 6 7 4
6 0 2 1 5 6 3 1 1 4 8
5 3 5 6 0 2 4 4 2 0 3
2 10 8 16 13 9 11 3 7 2 5
3 3 5 9 6 4 5 5 2 6 6
5 4 2 1 1 1 6 4 1 0 2
15 7 4 3 17 18 4 3 1 10 19
2 11 4 4 2 2 5 3 3 2 2
0 2 5 6 4 1 6 1 11 3 4
5 9 7 2 2 2 12 14 2 10 4
11 8 1 3 6 6 4 3 1 1 3
3 27 21 8 2 5 4 15 6 5 5
4 6 10 4 2 14 1 14 22 14 17
16 12 15 1 18 5 8 6 5 9 6
10 3 6 1 0 16 7 9 19 17 1
2 10 28 4 14 9 15 10 4 9 2
4 4 2 3 4 6 3 0 5 4 5
5 2 0 10 11 6 12 6 1 19 0
0 4 13 3 7 3 2 4 13 18 1
4 6 10 0 6 0 1 3 5 4 3
1 6 5 6 13 12 2 2 14 27 7
2 2 2 4 1 3 4 4 0 1 5
1 6 1 18 4 2 21 6 13 13 10
6 5 1 4 5 0 4 1 1 1 5
2 15 3 1 2 3 6 11 8 2 4
7 10 13 3 9 18 4 2 7 3 4
3 11 2 10 6 0 7 5 1 1 3
11 4 14 18 9 3 17 10 1 2 16
6 0 0 6 4 2 6 1 7 1 7
1 0 3 1 1 0 3 3 5 9 1
3 8 11 9 3 8 0 4 13 5 6
2 8 8 5 0 5 4 9 22 0 4
0 13 1 0 6 12 5 4 1 24 13
28 3 2 14 3 13 1 3 0 13 11
2 7 0 2 10 3 0 7 4 1 13
3 3 2 7 1 0 0 7 0 7 1
4 1 1 6 0 5 19 4 9 2 25
0 6 11 15 6 8 13 11 5 17 8
7 6 15 6 13 9 12 19 3 1 4
6 5 3 1 1 5 9 0 3 9 1
1 7 18 0 0 5 12 11 2 1 13
9 5 2 20 4 12 17 6 5 5 16
1 11 9 7 9 8 21 11 6 11 13
1 0 3 7 5 3 1 2 1 3 3
2 3 7 9 1 4 4 10 2 4 4
1 6 4 3 5 3 3 3 6 7 6
2 2 10 3 1 7 0 8 0 9 5
7 5 15 2 4 8 18 7 0 3 13
2 5 2 7 2 5 1 1 5 2 1
16 7 13 10 3 8 5 15 5 12 11
11 3 0 1 5 2 3 3 6 0 4
13 8 4 3 9 1 1 3 6 3 10
10 4 15 6 3 3 8 14 20 1 1
2 5 2 7 1 3 2 1 5 5 1
19 6 2 10 26 7 10 3 1 2 0
7 2 9 10 6 7 9 1 10 22 3
9 5 6 2 17 1 11 15 16 5 11
5 0 1 2 2 3 1 1 8 5 4
7 1 1 7 1 5 4 4 4 3 4
5 5 1 3 5 5 1 4 2 0 5
3 8 10 14 5 11 2 13 8 0 1
8 2 15 2 13 6 2 12 16 3 12
0 4 23 8 18 8 10 3 5 11 13
4 3 7 4 0 1 1 1 1 1 6
1 1 1 0 4 3 8 1 2 2 1
12 6 3 13 17 12 7 14 7 18 4
4 9 11 1 4 17 7 2 10 14 1
5 8 7 3 7 0 0 4 3 8 1
1 2 6 0 2 19 7 11 1 18 0
3 3 8 11 5 0 7 6 3 9 8
11 10 9 9 16 4 15 2 5 15 0
0 4 5 0 2 3 4 1 4 3 2
12 3 2 3 12 6 1 22 5 4 11
1 7 8 5 14 23 11 18 14 5 4
2 8 1 12 3 1 6 15 2 2 0
3 2 13 18 3 1 16 10 16 12 13
4 14 3 10 8 4 2 2 0 3 1
2 2 3 6 1 5 1 8 4 5 2
1 5 4 3 21 6 9 16 6 3 3
25 7 6 17 3 2 2 2 9 2 2
6 2 1 7 14 16 12 9 14 13 7
1 0 8 0 3 2 3 0 3 4 2
16 7 0 11 4 16 1 13 14 3 7
2 10 8 4 3 7 0 4 2 3 2
16 3 12 11 11 10 2 21 5 14 9
6 16 8 14 6 16 13 7 1 1 10
7 7 11 13 5 8 11 7 4 11 4
9 11 13 7 9 6 11 9 14 8 1
5 6 4 5 2 11 3 2 8 3 1
5 4 11 6 1 9 2 9 2 1 0
10 15 6 20 15 5 12 3 17 0 6
12 2 2 2 6 12 7 17 4 11 14
10 8 6 6 1 1 3 4 0 12 3
1 4 6 0 4 25 2 10 21 7 3
10 2 0 2 18 9 18 10 3 9 16
2 5 16 3 15 2 4 10 5 14 20
7 1 13 7 5 0 3 0 11 9 6
2 9 2 9 1 5 4 11 9 1 4
3 3 0 10 8 3 7 7 9 12 0
5 7 6 2 5 7 4 7 9 6 8
1 6 2 4 4 4 9 12 9 5 3
0 2 2 11 7 11 4 0 2 5 1
2 5 1 23 8 17 5 9 4 10 2
8 6 5 11 5 6 5 3 8 5 4
4 2 7 16 6 13 5 1 1 14 1
10 1 15 4 0 5 8 2 8 6 5
22 3 24 7 6 0 7 10 1 9 10
2 2 12 5 5 6 10 2 0 5 12
2 7 2 1 3 0 1 16 7 7 3
5 1 22 18 10 9 12 14 5 9 1
2 8 13 15 7 10 11 6 14 4 1
1 13 7 4 3 6 6 3 7 1 2
5 6 6 1 3 0 1 3 6 1 5
1 2 4 2 3 7 6 1 5 2 1
4 24 1 4 23 5 9 11 12 5 3
1 6 9 0 0 4 2 7 0 2 7
16 6 5 7 8 14 1 12 6 2 5
4 4 7 24 3 8 1 4 17 20 9
8 2 1 5 9 0 2 3 4 6 7
7 4 5 8 14 9 0 1 4 8 9
6 9 1 19 1 11 1 1 13 10 9
2 1 4 3 2 9 7 1 1 7 2
9 4 8 9 9 6 10 7 2 3 5
2 0 1 6 3 3 9 6 4 3 1
0 9 13 4 7 1 4 1 6 14 2
0 6 6 1 1 3 6 6 0 11 2
3 4 0 1 6 1 4 3 9 2 1
3 8 18 11 4 2 5 5 15 0 9
1 19 17 1 7 13 5 18 11 15 6
15 10 10 6 10 9 2 19 15 2 3
7 5 8 4 3 14 13 4 5 15 25
1 12 4 6 9 0 2 16 17 14 20
4 4 0 3 3 7 1 4 1 4 9
8 17 7 9 10 26 9 4 4 4 11
1 10 4 15 4 6 11 9 21 8 21
1 2 27 7 9 20 7 7 4 7 3
9 0 6 6 8 7 18 6 2 12 8
12 7 9 7 4 1 3 0 2 1 1
4 3 2 6 3 8 6 10 4 16 2
8 8 2 2 7 1 3 8 1 7 2
3 0 1 2 4 3 17 2 7 1 4
2 2 1 3 0 4 4 6 2 0 6
1 4 1 8 4 3 2 1 7 7 2
1 3 1 9 6 0 3 7 1 16 4
16 12 8 6 2 7 4 1 0 5 1
8 3 8 4 8 6 4 6 1 6 2
10 5 2 1 6 19 14 4 2 5 3
3 7 11 13 21 1 17 4 6 0 9
8 5 2 5 1 4 7 5 2 0 0
1 5 12 6 6 1 4 1 15 7 7
8 4 2 7 2 5 4 7 1 11 5
7 8 7 11 10 1 7 5 6 6 14
3 8 4 10 7 7 8 16 6 5 12
1 12 2 6 8 3 1 4 6 0 2
10 10 7 11 17 17 15 10 0 5 4
2 1 7 11 17 11 15 2 20 6 13
4 2 5 6 0 10 1 4 13 3 4
4 3 3 5 4 4 7 6 2 3 2
5 2 5 6 5 11 2 9 10 8 4
1 2 5 10 6 5 10 7 3 0 5
3 5 7 4 9 1 7 8 3 6 11
0 11 7 3 1 1 12 1 1 11 4
1 1 5 2 8 0 7 9 6 7 1
2 1 6 7 11 8 0 2 1 3 2
3 0 5 5 0 9 9 5 1 6 8
10 2 3 12 15 2 12 6 15 8 5
20 9 12 12 2 2 14 3 6 9 8
2 5 2 1 2 6 3 3 0 3 5
5 3 4 8 4 5 0 10 4 1 2
9 0 9 18 9 4 13 10 16 18 4
10 7 2 8 13 11 3 2 8 4 9
3 10 10 11 1 17 13 2 10 17 17
5 3 4 3 6 6 4 4 5 2 5
3 9 7 3 25 3 7 1 1 21 7
2 3 15 5 16 12 5 23 14 1 10
15 2 4 13 5 9 10 24 0 11 9
5 3 4 3 13 4 7 7 3 12 4
5 8 5 11 10 3 10 21 0 6 15
16 7 20 3 0 3 12 6 10 13 3
9 2 2 7 4 4 1 1 7 7 10
12 19 11 4 9 2 2 3 23 8 7
8 11 9 9 3 3 8 4 0 5 2
3 3 5 1 4 0 1 4 4 6 1
5 0 1 8 1 1 4 4 4 1 4
17 10 13 5 18 0 4 14 13 12 7
8 8 9 12 6 7 14 3 9 13 1
1 2 4 6 2 2 7 3 1 5 7
7 21 1 10 6 22 2 3 9 3 3
1 10 5 14 16 6 7 10 10 4 21
12 4 1 6 16 5 7 10 1 16 5
17 2 2 19 0 14 6 5 2 5 14
3 6 7 6 9 0 3 12 1 1 6
2 6 14 19 6 4 3 0 6 5 2
8 4 3 7 12 8 19 11 3 25 2
12 8 2 4 30 7 1 1 2 3 1
5 0 3 1 3 1 11 0 3 5 2
0 6 4 0 16 2 15 1 20 5 16
1 3 3 3 2 4 12 4 11 7 6
8 7 2 12 7 2 2 10 11 13 12
7 3 7 6 1 8 12 14 2 2 14
18 9 7 3 3 4 3 10 8 4 10
14 2 24 10 2 10 4 4 4 9 15
0 7 1 3 3 6 8 2 1 4 7
15 1 2 3 8 14 7 17 12 5 2
12 5 5 1 15 10 6 19 7 1 4
5 9 5 12 1 9 0 17 3 11 5
1 2 4 4 8 9 9 11 2 12 19
2 0 5 1 2 1 1 0 9 5 7
0 3 4 7 3 12 3 9 5 1 1
6 12 15 14 9 1 1 0 18 4 3
0 1 0 0 5 5 2 6 6 8 5
1 5 7 2 22 0 9 0 10 6 0
1 2 7 3 11 12 6 4 5 1 3
2 2 2 5 0 6 4 1 2 11 8
25 5 0 9 8 10 2 1 0 4 3
1 2 1 12 14 3 17 14 5 15 12
12 2 1 5 15 1 2 0 8 8 0
1 9 4 7 4 3 2 18 2 2 5
9 5 3 8 6 9 8 5 4 2 7
6 7 4 20 0 10 13 3 19 9 3
22 2 2 21 13 14 3 11 3 2 4
3 1 1 4 3 1 13 3 6 8 3
11 14 9 6 2 1 0 3 1 2 8
25 17 6 8 9 4 15 0 3 6 7
1 1 13 21 1 1 3 5 10 7 9
1 4 1 1 2 5 1 4 9 5 2
2 2 1 2 3 3 1 5 5 7 0
0 12 0 9 25 1 11 7 13 9 7
4 10 1 1 5 17 1 6 10 6 6
17 14 5 4 14 5 3 2 6 17 13
10 7 7 1 2 17 18 11 7 4 3
1 25 5 1 3 1 5 6 7 15 18
15 4 3 2 15 9 8 15 4 5 10
10 26 5 9 0 9 2 17 3 3 9
5 11 5 8 8 1 15 20 1 3 6
2 3 8 2 7 3 1 2 1 3 4
2 2 0 5 10 2 1 3 1 7 2
7 16 26 1 4 1 9 4 3 4 10
1 1 3 3 4 2 6 2 1 2 4
9 1 2 1 1 8 6 6 3 3 2
3 1 2 1 5 5 3 5 5 1 2
13 10 4 5 5 19 9 0 13 4 1
2 4 1 6 5 13 4 8 2 1 2
1 7 6 19 0 2 3 19 6 3 4
8 4 5 8 7 6 19 17 6 5 1
4 8 0 2 6 19 7 3 17 7 6
7 3 4 7 6 1 5 5 2 2 0
0 11 20 0 8 4 1 2 3 7 1
1 5 5 11 4 1 8 6 1 14 21
13 8 20 3 10 15 10 4 19 4 4
6 5 7 2 4 2 2 4 1 2 4
0 15 10 9 0 1 10 9 4 4 8
11 18 13 5 3 14 6 4 7 16 6
0 1 3 1 0 2 10 3 4 1 3
3 5 8 3 8 2 1 6 5 0 9
12 3 3 1 3 9 4 2 4 10 13
6 7 1 8 10 11 6 12 8 4 6
4 5 3 1 11 2 0 8 2 7 18
1 18 5 11 5 5 7 1 18 19 2
4 9 4 6 19 3 13 9 16 3 5
9 7 8 1 1 9 16 12 13 15 9
2 8 11 5 2 5 1 5 7 2 1
5 1 11 2 0 2 8 2 1 0 3
6 1 10 1 11 8 0 9 7 5 6
2 3 1 11 6 8 4 5 11 1 6
9 3 1 3 2 9 4 6 12 1 6
2 6 10 11 2 7 7 14 16 14 22
13 7 8 12 19 15 14 2 5 3 6
15 4 7 1 4 2 2 18 4 3 10
26 1 4 5 3 2 7 6 14 11 4
3 14 0 0 9 8 7 7 5 0 7
9 0 1 7 12 5 2 14 2 8 2
11 7 1 3 16 16 0 8 1 0 23
10 3 13 12 8 8 9 10 12 7 10
10 6 11 13 9 1 11 1 20 3 15
3 0 12 1 4 6 5 1 5 3 1
7 5 6 7 0 7 4 3 5 1 3
1 1 5 1 4 14 2 4 3 1 14
4 14 22 7 5 2 22 5 4 9 0
2 3 4 4 8 5 4 0 9 6 4
1 4 3 2 3 7 5 5 5 2 5
12 16 1 2 9 5 4 18 13 13 2
9 7 1 2 4 14 3 6 10 4 1
6 19 16 11 2 2 3 2 12 1 5
9 5 9 26 6 14 3 11 1 1 9
0 4 10 8 3 8 1 3 4 7 1
15 1 1 6 10 5 3 10 2 3 4
2 9 3 0 14 15 8 16 6 3 3
4 4 14 5 12 6 9 4 2 1 4
1 1 3 1 9 2 8 4 2 7 1
1 4 3 2 5 2 4 4 1 3 3
0 4 9 0 2 3 3 2 1 1 1
5 2 11 9 2 4 1 3 7 11 0
2 1 12 1 3 3 13 7 9 2 1
7 1 3 4 2 8 3 2 10 5 8
19 8 10 17 4 2 19 6 6 4 5
9 7 6 5 5 0 11 0 4 3 6
11 11 3 1 1 1 5 1 2 5 1
4 4 7 1 2 4 4 5 4 5 7
8 4 8 2 15 5 6 0 9 12 8
1 3 9 1 15 5 3 10 5 0 16
21 8 16 1 13 4 2 8 4 10 13
1 2 1 6 1 8 2 1 1 3 3
10 10 9 16 8 1 6 4 1 8 7
12 12 11 5 2 4 0 14 4 7 10
11 2 6 3 11 7 7 8 5 4 5
2 13 3 3 6 1 18 1 16 0 13
4 6 5 3 2 14 16 14 3 7 2
1 1 3 2 1 3 6 6 4 7 6
9 6 6 3 1 0 1 2 1 3 5
2 9 16 8 1 4 5 5 13 8 14
1 5 1 3 2 1 5 2 1 5 9
6 7 5 3 2 5 3 8 1 2 1
5 8 8 11 10 6 6 8 4 14 18
0 4 6 8 13 9 2 1 0 3 7
6 14 1 6 3 2 7 1 2 5 15
0 3 1 4 5 10 3 3 8 5 7
4 3 6 1 5 8 0 6 3 1 3
5 19 15 9 13 4 3 11 10 2 10
2 1 2 1 3 7 1 3 4 4 0
2 3 2 1 3 1 1 1 10 4 1
3 3 9 1 1 16 3 1 1 10 14
8 0 1 2 3 15 2 5 7 4 5
14 5 9 2 7 5 7 9 7 15 6
6 12 4 9 12 10 7 21 13 9 3
1 2 1 2 3 13 6 2 3 1 11
20 1 3 5 4 2 6 4 6 5 16
0 3 3 4 1 1 3 0 4 6 5
6 13 4 13 7 9 6 0 10 16 12
13 9 7 12 5 4 6 1 6 24 10
3 0 0 2 3 7 6 5 3 9 5
23 8 0 16 5 3 3 1 15 1 8
4 13 4 6 10 0 3 8 4 4 11
0 5 7 11 3 18 12 11 13 10 16
7 5 1 6 5 7 2 6 2 5 3
15 6 6 13 18 2 12 12 9 7 3
2 8 1 5 0 4 7 4 5 0 6
7 4 14 8 0 15 2 1 3 2 8
2 24 3 1 12 16 3 7 2 8 5
3 12 10 16 11 11 3 15 20 4 12
5 3 1 3 2 2 5 5 5 6 4
5 15 6 15 2 19 7 13 2 15 9
2 13 17 6 18 3 6 1 14 4 10
4 3 0 7 8 1 1 0 5 5 18
9 9 12 0 8 0 7 5 14 5 11
11 4 7 17 7 7 13 1 15 15 0
1 5 4 3 5 9 6 7 5 13 7
4 11 1 3 4 4 1 13 13 2 30
3 3 5 0 1 5 3 3 10 6 3
8 1 2 0 16 0 11 3 13 2 15
4 2 1 0 2 8 4 0 3 4 5
24 7 6 6 15 15 1 3 1 3 13
5 10 12 11 9 1 14 10 15 8 10
7 1 0 1 3 3 4 1 3 5 2
3 2 4 12 8 4 3 2 3 6 4
16 6 18 16 14 6 17 14 2 1 1
4 2 7 13 13 3 4 8 2 3 4
2 10 4 8 8 16 8 20 0 20 16
5 0 5 8 23 2 0 3 7 8 1
2 1 0 7 0 2 3 3 3 0 6
6 3 4 2 1 9 5 3 5 2 5
5 9 7 2 7 7 8 1 3 2 4
4 13 10 4 5 0 13 10 5 1 1
5 1 15 4 7 6 4 3 6 0 4
4 0 2 1 11 2 2 4 3 1 4
0 17 8 7 5 4 7 9 5 9 13
5 4 4 5 5 7 6 2 3 1 2
15 14 2 1 16 12 16 5 3 2 0
0 3 3 4 7 0 3 3 3 2 2
7 13 15 13 7 11 8 7 8 3 7
1 1 1 3 3 8 0 4 7 7 2
8 14 2 5 4 3 0 4 19 11 12
6 2 10 15 4 6 4 3 26 1 6
0 1 7 19 2 19 9 11 15 1 14
3 1 0 9 4 2 9 8 0 9 5
0 9 4 3 9 1 14 23 15 4 13
4 7 7 4 8 1 4 4 10 1 0
3 2 1 4 5 1 2 5 1 6 2
13 7 14 14 10 7 3 5 1 15 6
2 4 1 3 6 1 5 1 13 7 9
2 4 1 2 5 1 5 8 1 2 3
6 8 0 5 3 17 5 5 2 13 14
0 6 15 2 10 18 23 13 7 8 2
7 13 6 16 5 4 5 3 4 1 2
1 5 10 5 9 11 7 1 5 0 8
9 3 1 2 6 13 3 3 2 9 9
3 8 5 9 2 4 1 0 4 3 16
6 12 12 11 0 7 5 20 19 4 0
2 1 2 6 5 0 1 1 6 15 0
4 9 8 13 3 13 12 8 5 7 11
3 2 6 6 2 1 1 1 0 5 0
1 4 6 1 3 23 3 1 4 2 23
2 5 3 6 8 0 4 6 3 2 2
6 20 2 6 8 1 7 2 6 0 5
7 2 18 15 11 3 5 5 2 16 2
2 6 2 4 2 1 1 4 4 3 3
3 25 5 3 13 10 2 3 22 1 7
2 2 0 1 6 1 9 8 5 6 2
2 21 14 5 4 15 15 10 6 6 5
14 13 8 8 3 1 16 14 3 15 16
4 5 5 1 2 13 0 6 2 2 15
5 6 2 1 1 9 3 2 5 3 8
3 6 1 15 1 3 3 11 3 3 9
2 5 1 5 1 0 12 8 10 2 4
2 0 9 12 4 12 1 0 5 10 11
14 3 7 5 8 0 10 18 4 3 13
12 17 1 12 7 5 5 19 2 0 12
10 2 9 2 7 2 0 5 2 9 1
5 12 10 14 8 19 6 2 3 5 11
1 1 8 6 6 3 9 4 1 6 4
3 15 0 16 6 2 1 13 3 7 4
10 5 3 3 7 19 10 2 17 9 7
9 1 5 4 3 4 3 5 3 7 2
10 2 11 6 6 2 2 3 5 2 6
20 1 1 23 7 9 12 5 4 18 1
12 0 2 12 11 12 3 5 1 2 17
7 3 13 9 5 5 11 17 7 1 9
0 6 4 0 5 2 6 4 3 2 2
2 3 0 5 1 2 3 1 1 7 3
2 5 8 17 5 6 3 10 4 4 7
3 2 3 14 4 3 9 6 3 10 7
18 11 12 5 2 0 3 1 0 6 12
20 3 8 5 3 2 1 15 6 6 13
2 7 10 10 6 2 8 16 7 11 24
11 8 8 9 13 5 15 3 14 9 17
13 11 6 3 2 14 15 5 2 17 13
2 8 0 16 9 2 6 1 13 9 7
8 5 14 3 0 16 11 16 13 21 6
16 16 8 7 2 23 11 6 8 1 3
10 9 11 15 4 11 14 21 0 6 0
1 12 2 8 4 5 4 1 4 1 5
5 2 7 8 2 11 10 15 1 1 9
9 4 4 6 0 1 3 3 6 10 3
15 10 2 4 14 4 5 1 9 9 2
20 11 11 9 12 18 13 3 9 4 6
0 2 7 20 6 4 22 11 9 11 15
5 13 0 5 4 12 10 5 8 6 29
3 2 1 1 5 0 4 3 2 5 2
1 12 5 6 5 14 6 10 21 14 3
1 6 3 29 1 7 6 0 9 1 10
5 4 3 11 9 1 1 6 1 9 5
11 11 8 2 7 4 11 16 9 8 2
13 14 15 6 14 2 1 6 2 12 6
1 5 1 5 3 2 1 3 3 9 4
1 5 4 8 9 8 3 4 6 6 2
17 10 7 16 3 8 9 5 1 12 4
13 2 6 19 6 8 5 4 20 19 10
16 3 10 27 1 3 13 9 11 8 1
2 8 2 7 7 6 0 5 13 7 12
13 7 5 0 13 3 5 4 3 8 16
5 2 0 9 1 4 1 2 1 2 5
0 17 4 3 5 2 9 12 8 6 1
17 6 10 8 9 10 4 3 11 1 2
7 2 8 16 2 20 7 3 1 1 15
2 0 1 2 2 4 4 3 6 2 5
6 10 8 9 1 10 5 7 1 8 8
1 10 0 4 2 2 9 0 4 5 1
4 0 3 1 0 3 7 5 2 1 2
1 5 3 8 2 3 2 2 6 0 5
14 9 6 6 24 8 11 7 4 2 2
4 1 2 0 1 6 7 6 7 7 4
11 8 4 0 12 1 1 1 25 11 3
1 3 12 2 8 3 1 6 2 5 0
1 7 14 4 3 4 17 21 6 17 11
1 3 0 3 0 7 4 1 0 7 2
2 7 14 14 12 10 11 6 12 15 8
7 8 7 8 0 4 5 8 4 15 9
0 5 4 6 4 11 16 10 1 4 2
4 8 0 7 6 4 9 6 6 0 2
5 6 6 7 6 3 9 2 7 7 0
3 11 9 6 8 10 8 5 4 8 11
9 3 11 5 0 10 2 4 1 15 2
3 26 1 1 2 6 10 12 7 9 8
9 1 8 24 6 6 0 9 2 4 1
1 5 2 17 9 2 5 2 8 4 3
13 3 0 5 3 8 2 0 2 10 4
12 1 4 10 3 14 4 14 5 21 1
8 2 6 13 19 7 2 0 23 1 5
18 5 12 9 7 7 13 11 8 3 9
12 18 10 22 7 2 0 8 8 4 2
5 5 7 2 1 14 16 10 5 3 7
4 2 1 6 9 4 6 6 3 4 4
22 4 2 7 7 7 13 6 3 6 2
1 0 11 7 4 1 3 5 9 3 2
3 9 17 2 1 5 2 9 10 14 7
7 7 6 7 1 1 12 1 8 10 16
10 10 4 21 9 6 12 14 2 14 5
8 0 8 6 13 1 2 3 12 30 8
0 5 0 8 3 6 1 2 0 5 7
1 1 3 4 6 1 2 3 5 2 7
8 3 7 5 3 2 3 2 8 10 1
2 7 4 3 1 4 4 7 1 5 7
7 18 18 4 5 10 5 0 10 3 13
4 12 1 0 6 3 6 7 10 4 3
13 10 5 2 2 8 21 24 0 10 1
14 16 7 2 8 17 13 10 7 3 14
2 1 1 3 5 4 1 2 3 6 1
22 9 0 4 19 15 5 4 4 2 13
0 2 4 7 3 0 3 1 5 0 1
2 6 7 10 17 2 16 8 3 6 14
7 0 3 8 0 2 13 3 9 6 1
4 9 10 5 16 13 0 5 16 5 3
8 8 11 9 4 6 3 4 3 1 0
11 5 3 9 3 11 2 7 4 7 12
8 2 3 6 0 11 1 6 12 3 1
3 2 0 4 1 3 9 1 5 6 0
1 6 12 5 12 2 19 1 4 8 13
6 9 3 4 4 3 10 2 2 8 0
2 3 2 2 17 8 6 24 5 10 4
2 0 1 0 4 4 11 5 5 16 8
1 9 0 7 7 2 8 2 13 14 6
4 3 3 1 5 4 3 3 1 4 2
3 11 5 28 4 3 3 11 1 4 21
8 5 11 5 5 4 8 10 1 2 1
5 9 1 1 18 1 3 7 1 7 8
2 1 4 12 14 4 13 3 5 6 15
3 0 0 1 7 7 5 5 2 1 1
5 0 13 13 1 4 22 12 3 14 3
4 9 2 19 9 0 14 6 3 4 3
0 3 6 3 3 0 3 6 4 8 3
7 5 5 3 5 3 1 1 6 8 0
8 2 1 3 6 3 8 2 7 7 3
14 7 18 9 7 5 14 12 13 12 10
3 1 3 1 5 4 4 2 3 0 3
3 8 15 14 3 14 2 3 1 11 17
21 0 12 12 0 5 1 2 7 8 10
3 5 2 2 7 7 12 3 15 8 2
10 9 1 4 3 3 22 1 1 2 2
1 8 6 8 1 2 1 4 0 3 8
4 14 2 4 3 11 4 8 10 5 1
4 10 1 4 5 9 3 1 18 6 0
15 10 1 4 2 1 9 2 3 16 13
4 5 4 10 6 20 1 5 2 2 1
10 9 14 1 1 5 15 15 8 2 10
10 4 1 2 0 3 3 2 4 8 3
11 9 6 1 3 14 14 12 0 4 4
7 5 1 6 4 2 2 2 7 1 0
11 4 12 20 14 0 15 5 8 12 7
14 0 9 15 7 0 16 16 7 1 3
16 8 7 13 8 4 20 15 7 5 17
12 14 14 6 0 13 10 3 3 23 3
1 5 7 11 11 4 11 5 5 10 6
3 1 1 3 7 0 1 5 2 1 4
5 2 1 3 4 1 0 0 2 5 6
1 10 11 2 10 6 11 1 5 5 8
7 6 2 12 2 4 7 7 8 3 9
1 1 0 3 1 8 1 9 9 9 4
6 12 16 11 9 6 8 10 5 9 6
5 2 9 2 4 0 2 5 15 0 5
2 4 1 17 6 1 0 22 15 13 7
21 4 2 1 8 14 0 9 1 7 12
11 3 13 6 9 0 9 16 2 7 7
11 4 28 6 2 7 0 1 3 7 6
13 16 1 10 17 12 5 5 17 1 17
0 7 7 12 2 9 3 4 2 7 4
0 4 2 6 10 5 1 7 3 10 12
5 5 13 1 2 4 10 2 7 15 7
24 7 24 0 1 4 5 4 10 9 6
4 1 6 0 8 7 8 16 2 6 13
15 2 5 2 10 7 10 2 26 2 5
11 6 7 6 10 9 5 22 1 19 1
3 5 2 0 0 3 4 4 4 6 8
0 8 5 6 4 5 4 2 7 2 3
4 3 2 5 11 6 4 11 20 6 4
1 10 0 6 2 4 5 0 4 3 4
6 2 9 3 8 9 3 5 6 8 13
0 3 4 5 1 1 5 8 3 6 3
5 5 9 1 5 15 8 15 9 3 4
5 2 9 10 4 15 4 2 7 0 11
4 6 11 1 16 2 6 5 11 5 6
7 7 3 0 3 3 1 3 2 3 3
6 2 3 1 4 11 4 1 12 3 0
0 4 3 5 2 1 3 1 3 7 2
10 2 10 6 5 2 2 1 7 6 3
0 1 6 8 4 8 0 10 4 3 1
1 4 9 13 5 5 2 9 4 3 5
2 23 1 13 8 13 11 2 5 7 15
3 3 4 6 3 2 2 9 9 8 1
4 3 4 7 5 14 9 5 4 10 2
13 3 1 8 0 10 1 0 1 2 1
10 5 8 13 1 15 0 1 13 7 19
0 19 2 0 4 15 2 4 8 1 4
4 5 10 0 6 2 6 1 3 0 18
4 1 11 2 13 9 23 1 1 2 12
10 11 2 2 22 10 1 14 5 4 5
2 1 11 6 19 1 19 16 9 10 3
4 5 1 1 8 0 15 10 11 4 9
1 12 21 1 1 8 3 9 1 12 4
5 6 3 18 6 5 1 5 21 3 19
1 10 2 2 2 12 19 11 11 14 9
1 0 8 2 2 9 9 11 8 6 7
3 2 4 1 5 1 6 4 2 3 8
0 1 10 3 8 7 4 6 17 0 6
18 0 2 4 16 0 0 16 3 8 3
9 1 3 2 5 0 3 1 1 7 3
16 10 1 3 7 12 15 1 0 5 6
17 3 3 10 5 21 17 14 12 2 9
4 7 2 2 4 5 6 5 0 5 4
4 5 5 2 2 1 3 6 1 7 4
8 0 8 22 9 20 6 5 8 4 3
9 5 3 4 3 7 0 2 0 10 12
10 1 3 2 8 4 1 4 5 12 5
3 0 9 9 0 7 2 1 11 3 0
1 13 6 9 9 5 10 15 25 5 3
5 5 4 4 3 12 9 0 7 4 0
9 15 9 4 0 4 5 12 14 7 7
13 3 4 4 1 20 0 1 0 8 5
3 0 1 7 4 4 2 2 2 6 8
3 10 3 7 5 2 2 9 1 6 5
7 7 4 2 12 5 4 3 7 14 6
19 12 13 4 4 0 13 1 4 2 12
8 3 6 7 5 1 1 8 2 9 5
2 15 9 5 1 6 13 9 9 9 2
11 13 6 13 9 7 16 9 7 3 19
7 12 0 1 7 21 10 9 7 11 3
8 3 7 6 5 4 3 11 13 4 3
4 2 5 1 1 1 6 4 1 0 4
8 1 1 0 5 7 1 6 7 5 7
7 10 12 1 4 12 1 4 4 4 17
11 6 2 0 6 8 0 6 3 4 2
9 26 3 7 9 4 2 7 11 5 18
2 3 4 7 7 3 2 3 6 1 1
11 19 8 7 8 3 11 4 8 12 2
15 3 1 11 15 13 14 3 17 1 11
2 4 0 16 13 5 20 1 10 18 7
3 2 8 1 2 5 2 6 11 7 20
9 4 1 2 3 0 12 1 24 10 2
11 5 7 2 3 8 2 3 3 4 7
3 0 12 0 10 10 5 8 13 10 3
5 1 2 9 10 3 10 1 22 7 2
7 20 10 8 0 2 1 13 6 3 4
0 5 10 7 1 1 7 3 9 6 4
5 3 8 18 10 7 5 7 0 9 6
10 2 4 3 6 13 4 10 9 9 1
17 16 4 12 5 8 7 6 2 7 3
3 1 1 0 8 3 3 2 7 1 0
4 2 3 0 2 1 8 2 2 0 1
16 4 2 6 4 1 5 2 14 9 0
2 0 23 2 1 8 11 10 17 1 5
3 1 8 0 7 4 10 4 5 4 4
4 5 2 3 10 7 8 13 13 2 5
1 9 1 2 0 13 5 8 16 14 13
3 7 11 1 8 3 0 3 6 1 7
8 2 4 13 17 8 7 2 2 1 10
4 3 7 7 4 2 9 7 1 2 0
4 4 2 7 10 4 4 9 4 8 21
3 5 3 4 20 8 8 11 7 3 7
8 10 1 1 11 1 13 14 16 20 2
6 8 2 13 10 7 4 4 3 11 13
8 3 3 4 3 5 1 4 3 6 1
13 5 19 15 11 5 15 9 7 1 1
5 2 17 4 23 1 4 4 9 1 21
3 6 3 0 4 3 1 22 12 15 7
6 4 1 2 1 4 7 5 3 5 2
5 2 4 7 5 5 1 2 1 9 7
9 5 6 1 4 3 5 6 1 3 1
7 1 13 5 5 5 19 19 2 7 4
6 4 1 15 9 5 4 2 8 4 19
1 2 2 3 0 8 0 9 7 12 4
2 13 3 15 1 10 14 10 17 6 4
10 6 1 10 11 2 9 9 8 4 4
2 6 8 10 9 6 5 9 3 4 5
10 14 2 13 14 3 11 2 12 2 23
0 6 14 1 3 10 15 5 2 3 1
6 5 3 6 2 1 4 5 10 1 8
6 4 6 8 7 8 0 29 9 8 5
1 6 18 1 0 8 6 2 3 1 8
0 4 8 11 2 2 1 6 4 5 11
9 7 5 2 15 6 10 4 2 2 4
5 4 1 0 5 1 2 1 11 2 0
2 5 2 6 11 15 3 3 5 3 4
8 7 8 17 14 10 3 8 11 20 14
4 3 8 5 3 1 17 9 10 3 12
6 15 1 3 2 2 0 7 4 5 6
4 0 7 4 8 12 11 5 6 1 5
3 6 2 6 1 3 1 4 3 2 2
16 7 5 2 10 13 6 5 7 6 2
0 3 8 1 13 5 16 2 8 16 10
0 6 11 13 3 6 6 3 2 16 8
18 1 11 10 4 15 2 13 24 7 1
4 3 1 21 7 18 9 1 22 1 0
15 7 23 1 7 5 4 1 4 9 2
13 5 1 12 3 8 10 1 11 20 0
3 5 12 2 0 28 9 1 11 9 9
10 7 2 6 14 4 7 4 33 0 4
7 1 6 12 8 7 3 1 9 4 4
3 3 2 5 6 1 9 4 10 3 2
1 7 11 2 4 1 10 9 5 2 6
2 6 7 14 26 3 5 2 1 4 2
7 1 7 2 17 12 1 6 0 9 12
4 4 1 7 2 4 0 5 2 5 10
0 5 6 3 2 1 3 0 0 5 4
1 2 3 2 5 3 13 6 0 0 0
12 12 14 14 7 5 7 7 16 22 0
2 13 0 23 1 1 5 7 3 21 14
15 27 1 8 0 4 7 20 0 2 3
6 10 10 17 5 4 6 1 13 5 0
7 5 1 5 6 2 8 7 2 7 3
2 1 8 8 11 6 7 2 7 1 10
2 2 0 8 2 4 4 5 1 5 6
2 8 0 3 9 10 12 9 6 3 4
7 2 15 1 1 7 18 18 2 8 3
1 3 1 9 5 7 6 14 16 6 6
6 5 2 5 15 15 11 10 2 0 3
4 4 6 1 8 6 5 12 15 8 13
0 10 2 0 6 14 13 5 9 5 12
4 0 2 2 7 7 2 0 9 2 2
3 0 14 4 5 13 15 11 2 0 16
5 21 7 2 3 4 17 18 7 10 12
0 12 3 8 4 3 1 7 16 5 16
15 8 0 6 12 13 3 2 23 9 12
14 14 0 6 11 9 0 2 20 22 5
1 2 7 11 8 6 1 15 12 2 6
15 9 10 10 11 13 6 7 13 3 10
1 11 1 15 2 12 3 20 14 1 13
0 5 16 8 5 1 7 0 8 5 2
2 2 7 10 4 0 1 1 5 2 3
2 3 1 2 1 5 1 3 4 1 9
5 6 9 11 2 9 7 8 1 13 5
12 5 3 4 2 2 1 0 2 0 1
2 9 2 2 13 3 10 12 2 6 1
13 3 6 6 6 0 3 2 10 2 3
5 11 7 1 1 12 0 14 10 2 7
8 2 1 15 16 9 9 11 6 3 6
22 6 7 10 2 7 1 16 4 7 7
6 2 12 7 10 3 9 7 18 1 3
11 6 4 2 0 2 5 9 1 1 4
8 15 6 0 0 8 5 11 10 0 3
6 1 2 4 1 5 5 6 11 4 6
1 4 7 9 0 5 0 11 1 8 1
1 4 10 3 7 20 2 0 3 12 6
7 4 3 12 7 2 3 9 5 2 5
5 2 3 5 5 7 5 1 4 0 2
10 5 12 9 3 8 5 18 17 5 2
2 1 7 1 1 6 5 0 2 7 0
2 6 4 3 0 8 29 8 16 7 15
6 2 9 5 12 4 7 6 1 2 0
1 0 2 3 3 6 3 2 1 4 3
4 18 12 1 2 2 2 10 5 4 1
5 3 5 3 10 10 3 9 2 7 7
5 7 8 4 13 7 1 10 4 10 11
2 4 4 9 3 8 2 2 1 5 14
2 8 5 2 3 3 4 5 0 2 4
7 6 3 2 7 9 10 14 7 6 2
9 1 3 1 4 4 7 14 1 0 11
1 10 4 2 10 16 3 17 0 6 13
6 7 3 0 9 5 3 3 6 3 1
0 8 8 8 1 3 6 12 5 8 2
11 22 9 3 9 18 16 5 3 1 7
7 16 7 12 6 4 4 1 5 17 7
4 2 6 2 22 8 7 14 9 11 3
7 5 2 4 5 7 1 10 4 3 5
17 6 1 15 10 6 1 1 3 2 11
10 3 3 1 0 1 13 2 11 11 15
11 5 3 3 9 13 24 12 9 17 3
4 3 1 1 4 0 1 8 4 2 3
4 3 1 3 0 3 3 3 7 3 4
6 1 25 10 17 8 3 3 13 11 9
5 4 9 5 0 11 7 7 3 3 1
21 9 5 10 10 10 10 14 7 2 13
3 9 5 5 7 7 7 9 9 6 2
14 2 2 11 11 16 6 2 3 8 6
4 15 11 7 0 1 1 10 4 11 16
15 8 6 4 3 2 2 7 19 10 17
6 1 11 2 10 16 0 8 11 19 13
2 1 2 4 6 1 4 4 2 2 3
3 2 2 5 2 3 4 2 11 2 3
2 3 5 1 4 2 0 2 2 7 8
9 19 5 7 1 6 9 2 6 1 1
7 13 4 1 0 2 6 1 7 6 10
4 11 1 1 0 4 3 1 10 1 7
1 5 14 15 23 13 17 3 7 8 6
7 4 3 16 6 10 5 3 1 10 5
1 17 0 6 2 3 12 22 6 0 2
1 12 0 1 6 6 1 6 3 0 7
9 6 5 12 10 1 3 0 15 6 5
2 2 4 0 14 8 7 6 3 10 6
1 10 1 12 14 14 0 12 13 3 3
11 4 8 14 15 5 6 9 1 13 2
7 5 6 7 2 4 2 7 3 8 1
0 2 7 3 3 2 7 4 5 4 2
2 7 4 4 4 5 1 10 5 4 0
5 1 0 2 0 3 11 6 4 1 2
6 6 6 1 8 1 0 3 1 2 4
6 2 1 5 5 2 1 1 2 11 3
1 1 9 10 2 8 0 5 13 1 1
3 10 0 19 7 12 11 12 3 0 6
5 12 1 3 8 3 9 4 9 17 6
16 9 6 12 5 1 13 5 17 18 5
0 0 0 8 2 3 1 0 9 1 1
16 0 5 2 2 17 4 2 20 9 6
3 9 6 0 1 0 13 11 10 4 3
12 14 5 18 5 6 8 5 3 20 15
0 0 9 16 7 1 5 4 7 9 12
8 8 1 2 5 3 1 3 5 1 3
0 10 5 3 12 3 8 6 6 2 1
8 12 7 2 12 16 9 4 1 1 24
17 6 9 10 7 16 9 6 14 11 7
8 10 6 5 12 11 5 18 7 17 13
3 0 2 6 2 7 3 3 3 6 2
12 17 0 10 3 13 7 14 10 14 2
5 6 6 11 0 7 7 12 3 7 28
8 9 1 5 14 9 3 4 12 3 15
14 4 31 4 4 10 13 0 2 1 6
1 7 5 6 1 13 7 12 1 19 6
10 6 5 3 3 10 1 6 8 4 4
2 20 4 1 1 4 11 10 10 10 2
3 21 12 3 12 0 24 3 8 7 0
6 3 15 9 7 5 7 15 11 6 7
4 22 11 2 1 3 21 10 1 4 1
17 3 9 2 6 9 6 6 11 12 0
2 10 21 2 5 6 6 2 2 26 14
16 2 2 2 3 13 5 13 4 0 19
7 7 9 6 0 0 7 14 13 4 8
3 3 2 0 8 1 9 1 1 4 1
1 19 24 5 0 14 7 1 1 12 13
4 5 3 4 0 4 2 1 5 4 8
3 2 7 3 0 0 1 2 3 6 15
11 12 5 6 0 12 1 13 21 15 5
1 15 6 5 3 2 2 4 5 0 4
2 1 5 1 1 0 5 8 4 3 4
10 4 2 6 4 2 7 1 2 3 2
1 15 4 10 2 6 13 7 10 11 1
4 3 2 6 11 22 12 10 6 4 5
6 18 0 8 15 14 10 0 4 3 2
4 3 6 3 1 8 5 5 3 0 3
8 10 12 0 2 9 4 12 1 6 0
9 3 11 3 10 9 5 3 4 5 1
1 26 1 6 13 4 10 6 2 19 12
5 5 6 7 15 2 1 2 16 9 1
5 1 20 8 11 2 8 14 3 0 5
2 11 9 14 6 9 6 1 5 2 2
0 6 3 3 2 1 2 3 1 5 10
4 2 1 7 2 13 3 5 3 2 6
8 1 5 7 3 10 3 8 11 13 9
9 6 4 1 10 1 3 6 12 4 6
1 5 9 1 16 7 3 7 14 5 14
10 2 18 12 8 2 4 8 6 1 3
13 2 11 5 12 0 1 7 8 7 28
4 1 5 0 6 6 4 1 1 5 5
21 4 0 5 7 6 19 11 4 7 3
6 5 5 5 8 10 15 21 9 6 5
0 3 4 1 6 4 3 8 2 9 1
2 7 3 7 1 2 7 1 3 2 2
5 7 8 1 1 8 8 8 5 10 1
6 3 2 1 5 2 1 5 1 5 1
6 18 2 2 7 7 6 5 9 7 6
2 7 2 1 6 5 3 7 1 2 7
9 1 8 6 4 5 9 15 3 0 9
4 6 5 14 10 4 4 6 3 5 2
2 12 3 20 6 0 4 1 19 7 13
3 6 1 2 13 10 8 7 13 0 1
2 1 2 0 2 2 6 3 1 6 5
11 10 1 10 11 2 2 4 21 11 12
9 2 12 3 4 2 9 3 2 0 1
3 9 3 3 6 7 11 3 2 4 5
7 3 0 15 9 1 12 5 10 9 6
6 10 1 8 2 1 3 2 3 1 8
5 3 5 3 1 13 2 2 2 3 4
8 16 8 4 7 6 11 25 3 0 4
14 0 21 2 3 7 4 7 14 14 6
9 5 2 0 2 8 7 9 1 10 2
8 1 9 0 5 13 10 9 13 12 13
12 2 12 2 22 3 6 9 5 8 10
5 2 3 5 1 1 7 2 6 3 1
4 1 9 2 8 6 11 6 14 3 11
10 0 0 6 3 6 11 6 6 7 4
0 6 5 1 2 6 4 0 2 2 0
10 2 2 9 16 7 3 2 0 3 13
4 6 5 7 18 0 11 5 1 4 0
15 12 7 11 0 1 6 0 19 6 6
7 7 1 6 4 6 3 4 15 2 9
10 11 1 0 3 6 4 6 1 5 1
3 3 1 0 7 2 2 14 6 1 2
1 4 6 1 3 2 3 2 0 5 3
3 1 11 2 3 9 0 4 6 9 7
4 5 3 1 7 0 0 1 2 5 2
6 8 2 0 5 5 1 4 0 2 4
20 13 2 11 19 3 0 13 13 7 5
1 6 5 1 10 8 4 2 4 2 5
8 3 0 0 4 3 2 3 0 1 0
15 7 7 25 7 3 6 7 7 10 7
1 5 3 3 2 2 1 6 5 0 0
11 14 11 6 4 4 13 5 5 2 0
1 7 11 11 3 14 3 9 2 9 13
3 8 9 2 2 0 4 0 8 3 5
7 6 7 7 18 4 6 20 1 4 8
5 1 5 2 1 2 5 7 3 3 2
6 14 6 5 2 4 6 6 2 1 9
1 6 2 2 2 8 3 4 9 2 1
12 5 0 11 2 12 7 3 4 0 6
3 0 1 3 6 3 5 1 4 1 1
10 12 4 1 12 2 3 3 6 15 17
10 8 3 5 3 3 1 5 2 2 6
4 2 4 7 6 5 3 6 0 5 3
3 2 5 3 10 1 4 1 6 0 8
0 2 3 9 5 8 0 8 3 8 11
15 3 3 4 5 2 6 4 7 1 11
11 5 2 11 20 4 13 11 6 3 9
0 2 25 9 8 2 7 3 7 8 1
2 2 4 2 0 3 7 6 5 5 8
0 2 1 3 4 11 11 0 6 5 8
3 4 8 4 0 5 4 5 6 2 0
9 16 8 14 3 3 3 11 10 11 4
13 4 1 2 1 5 1 9 6 5 9
17 1 21 4 0 1 3 18 9 0 8
10 4 3 4 7 8 5 4 5 2 2
5 20 15 5 6 2 5 3 19 8 15
5 5 1 1 3 7 4 2 4 7 1
8 1 8 14 13 11 7 25 8 2 14
8 3 19 3 4 15 13 7 1 9 7
8 3 10 4 3 1 1 6 12 2 10
6 1 1 4 3 2 5 8 8 3 3
1 17 2 1 5 4 11 4 3 4 4
0 4 1 4 4 2 5 2 5 0 5
6 11 14 2 1 11 7 6 13 3 9
12 22 7 10 5 1 13 14 17 0 5
1 0 3 2 5 12 6 4 2 2 2
5 2 1 1 4 0 2 4 1 5 5
1 1 6 15 9 1 11 9 2 11 2
7 3 5 5 0 1 5 3 4 1 8
2 9 5 7 9 0 9 4 2 3 7
10 14 4 5 11 15 10 5 11 9 0
16 1 4 7 3 2 26 9 7 4 20
4 6 8 4 1 2 1 5 6 1 1
8 4 9 20 8 15 10 0 17 4 17
11 12 22 9 3 17 12 8 9 0 4
20 17 15 10 12 14 1 7 9 4 2
10 6 17 0 8 14 4 10 4 1 5
6 6 7 3 7 24 8 5 2 5 21
12 10 21 3 2 2 2 9 4 2 3
2 11 0 9 1 4 2 11 4 7 7
2 5 13 11 4 8 4 7 11 1 6
11 0 2 10 5 19 12 6 18 10 5
4 11 4 10 8 2 0 1 1 15 1
10 2 9 12 4 26 2 5 2 2 9
4 15 6 20 5 5 3 11 12 5 14
2 15 12 7 5 6 4 6 8 15 1
4 3 6 5 15 4 0 4 12 4 7
10 2 2 2 8 2 1 6 9 6 9
0 1 5 13 3 2 2 0 6 2 3
6 10 8 4 12 3 15 2 1 4 0
4 8 6 4 4 9 11 14 6 1 3
5 7 8 4 3 7 6 8 5 1 5
2 3 2 6 5 0 4 5 2 4 1
7 10 14 2 11 5 2 9 2 11 5
9 6 3 2 8 6 1 9 11 5 8
7 7 19 5 4 5 14 3 9 2 8
16 21 12 0 14 5 13 12 2 4 13
10 5 2 11 2 0 11 3 0 14 16
8 3 4 9 7 15 0 13 4 21 13
3 14 11 14 14 8 11 11 3 5 5
14 2 22 8 8 3 9 6 7 10 3
7 9 6 3 0 3 7 3 2 1 7
5 2 14 3 1 6 8 8 3 7 5
7 9 4 8 1 11 3 20 11 4 5
11 0 1 25 7 9 13 2 2 19 2
4 8 5 1 1 3 3 1 1 3 1
3 4 4 13 5 4 0 1 4 12 0
3 5 1 2 2 1 4 1 7 5 1
6 0 1 8 25 2 6 12 6 10 6
1 3 4 4 0 0 5 2 4 7 6
2 1 3 3 6 2 2 7 2 5 4
11 16 22 7 14 4 2 3 7 17 1
2 0 0 1 2 7 20 4 12 1 11
11 4 16 13 9 16 5 1 8 20 13
11 0 7 9 4 6 2 9 1 6 1
14 26 6 11 8 9 17 4 1 3 5
3 4 3 2 5 11 0 13 8 6 7
4 3 3 4 6 2 7 2 4 1 1
6 10 16 21 8 3 6 4 4 1 13
15 8 7 13 3 1 9 11 6 9 21
6 3 2 2 3 2 4 9 8 1 4
3 2 3 4 2 0 3 2 1 1 11
0 9 5 13 0 3 3 5 8 3 5
5 19 3 7 4 1 4 17 7 3 6
4 5 3 3 2 4 1 2 0 11 1
7 15 9 3 1 2 11 3 13 8 6
9 3 9 3 2 10 0 7 22 14 13
1 1 5 0 1 2 11 4 0 4 2
2 4 7 2 0 13 3 7 0 3 8
9 7 2 16 13 7 10 1 1 1 18
6 2 6 13 4 1 5 13 5 6 6
10 15 2 7 2 3 4 12 19 19 12
6 0 5 9 15 6 8 3 6 3 5
4 4 6 2 1 2 5 1 4 1 4
8 1 2 10 3 22 1 4 3 3 7
1 3
1 63
1 82
1 88
1 94
2 15
2 71
3 35
3 36
3 41
3 96
4 36
4 97
5 24
6 69
7 39
8 22
8 103
9 13
10 80
10 97
11 58
11 63
11 101
11 109
12 61
12 96
13 96
13 112
14 26
14 31
14 47
15 18
15 39
16 112
17 84
17 102
19 45
19 97
19 103
19 108
19 116
20 32
20 78
20 94
20 98
21 56
21 79
23 112
24 51
24 52
24 103
24 106
24 122
25 44
25 52
25 68
25 123
26 45
26 71
26 81
27 89
28 69
28 97
29 30
29 42
29 50
29 57
29 81
29 122
31 86
31 126
32 52
32 84
33 37
34 73
34 82
34 119
35 75
36 39
36 72
36 99
38 54
38 85
38 127
39 47
39 73
39 93
40 79
41 110
41 128
41 138
42 48
42 49
42 57
43 62
43 126
44 57
44 69
44 79
44 82
44 116
44 134
45 144
46 55
46 117
46 130
46 140
47 94
47 141
49 69
49 134
50 55
50 90
51 127
52 85
52 115
52 144
53 61
53 96
53 116
53 149
55 73
55 79
55 81
55 114
55 124
56 133
57 117
57 121
57 150
58 107
58 130
59 115
59 126
60 150
62 66
62 85
62 120
62 126
62 150
64 83
64 105
65 93
66 113
66 131
67 101
67 133
67 136
67 163
68 75
69 77
69 96
69 106
70 145
70 150
71 151
72 111
74 106
74 112
75 89
75 164
75 173
76 87
76 115
76 148
76 171
77 80
77 168
78 101
78 112
78 136
78 145
80 125
80 178
81 132
81 156
81 160
81 162
81 163
81 170
82 116
82 159
83 121
83 167
84 104
85 101
85 121
85 141
85 172
86 142
87 160
88 111
88 138
88 156
89 104
89 120
89 167
89 180
90 112
90 145
90 179
91 112
91 135
91 176
92 93
92 141
92 143
92 147
92 170
92 180
94 105
95 127
95 173
96 97
96 103
96 120
96 147
96 162
97 127
97 132
98 185
99 149
100 117
100 131
101 129
102 116
102 162
102 166
102 186
103 115
103 135
103 174
104 105
104 142
104 170
104 184
105 155
105 192
105 198
106 108
106 171
107 184
107 194
108 117
108 132
108 138
109 201
110 120
111 192
111 209
112 138
113 150
113 204
114 174
115 130
115 141
115 182
117 163
117 202
118 192
119 135
119 170
120 195
121 129
121 152
121 183
121 197
122 149
122 170
123 200
123 221
124 151
124 190
125 202
126 190
126 204
127 136
127 171
127 176
127 178
127 188
127 203
128 196
128 209
128 221
129 160
129 177
130 178
131 156
131 182
131 205
132 139
132 164
132 170
132 184
132 214
133 144
133 149
133 193
133 203
133 226
133 233
134 173
134 203
135 205
136 139
136 193
136 230
137 161
137 202
138 162
138 170
138 206
139 171
139 209
140 146
140 148
140 166
140 186
140 215
140 220
141 192
142 171
142 187
142 235
143 203
143 232
144 203
144 208
144 237
146 212
146 223
146 232
147 171
148 225
149 191
149 205
150 183
150 243
151 201
151 206
151 251
152 203
152 224
153 203
153 222
154 224
154 228
154 232
155 212
155 213
155 219
155 232
156 171
156 172
156 200
156 230
156 243
156 248
156 255
157 195
157 242
158 191
158 247
159 160
159 197
159 231
159 258
160 197
160 216
161 252
162 165
162 259
163 186
163 196
164 222
164 262
165 188
166 190
166 191
166 210
166 220
167 193
167 210
167 222
168 177
168 213
169 186
169 214
169 228
169 229
169 257
170 177
170 234
170 235
170 268
171 187
171 193
171 233
172 232
172 236
172 254
173 186
173 226
174 267
175 199
175 246
175 268
176 193
176 207
176 239
176 250
177 258
178 195
178 197
179 196
179 255
180 228
180 241
180 267
181 257
181 260
182 252
182 264
182 278
183 226
183 249
183 283
185 205
185 250
185 252
185 254
186 219
186 285
187 234
188 207
188 238
188 255
188 259
188 285
190 192
190 222
190 286
191 199
191 201
191 213
191 231
191 242
191 245
192 213
193 230
193 280
194 204
194 215
195 220
196 213
197 217
197 283
198 199
198 276
199 236
199 244
199 282
200 205
200 239
200 290
201 247
201 255
201 263
202 226
202 241
202 244
202 299
203 219
203 231
203 247
203 264
204 228
206 230
206 257
206 273
206 303
207 228
207 253
207 298
208 209
208 271
208 290
208 304
209 263
209 284
209 307
210 246
210 248
211 215
211 224
211 293
211 300
212 264
215 251
215 280
216 225
216 260
217 222
217 248
217 302
217 304
218 284
218 287
219 232
219 290
219 315
219 317
219 319
220 227
220 272
220 281
220 290
222 262
222 281
222 303
222 308
223 233
223 243
223 252
223 313
224 237
224 294
224 300
224 306
224 320
225 238
225 241
225 312
226 255
227 293
227 296
228 250
228 314
228 320
229 261
229 276
229 327
230 280
230 328
231 288
231 293
231 325
232 302
233 258
233 294
233 317
234 294
234 318
235 259
235 275
236 248
236 269
236 301
237 290
237 291
237 307
237 320
238 249
238 294
239 314
239 331
240 288
241 272
241 291
241 320
241 328
242 251
242 279
242 297
244 259
244 317
244 328
245 308
246 299
247 296
248 290
248 321
248 335
250 266
251 304
251 305
251 312
252 282
252 316
254 292
254 330
254 353
255 261
256 275
256 284
256 318
256 320
257 309
257 356
258 291
258 325
258 341
259 279
259 313
259 340
260 262
260 298
260 300
260 332
260 357
261 263
261 266
261 324
262 263
262 266
262 281
262 306
262 310
263 276
263 293
263 310
264 298
264 340
264 354
265 318
265 357
266 275
266 284
266 286
266 334
266 343
266 365
267 291
267 330
267 355
268 275
268 286
268 301
269 352
270 278
271 328
271 358
272 284
272 300
272 333
272 366
273 301
273 313
273 322
273 343
274 305
274 320
275 354
275 373
276 326
276 340
276 371
277 298
277 307
277 328
277 365
277 368
278 294
278 295
278 297
279 286
279 318
279 319
279 332
280 326
280 328
280 330
280 363
280 372
280 380
281 325
281 339
281 349
281 364
282 302
282 333
282 369
283 341
283 349
283 357
283 365
284 309
284 350
285 291
285 304
285 336
285 376
286 355
286 368
287 288
287 301
287 377
288 291
288 299
288 308
289 301
289 316
289 318
289 379
290 319
290 322
290 326
290 330
290 331
290 348
291 322
291 323
291 357
293 356
293 370
293 373
293 389
294 358
295 311
295 377
296 318
296 345
296 350
296 351
296 372
296 376
296 395
297 298
297 346
297 359
298 344
298 347
298 387
298 389
299 315
299 330
299 392
300 336
301 351
301 394
301 401
302 339
302 365
303 328
303 333
303 338
303 348
303 359
303 366
303 368
303 372
303 376
304 332
304 344
304 357
304 363
304 386
305 308
305 311
305 313
306 328
306 346
306 393
306 404
307 317
307 322
307 331
307 345
307 350
307 361
308 381
308 387
309 381
309 408
310 324
310 330
310 361
311 405
312 401
314 361
315 317
315 337
315 345
315 369
315 397
316 382
317 326
317 372
319 351
319 408
319 411
320 327
320 352
320 374
320 377
320 378
320 380
320 414
320 417
321 393
322 343
324 359
324 398
325 403
325 406
325 415
327 362
327 413
327 425
328 393
329 338
329 363
329 398
331 399
333 335
333 387
333 409
333 412
333 415
333 424
334 349
334 355
334 379
334 381
334 397
334 422
336 355
336 372
336 395
336 400
337 368
337 395
338 341
339 360
341 349
341 354
341 403
341 438
342 358
342 360
342 421
342 426
343 389
343 408
343 425
344 387
344 415
344 428
344 434
345 364
345 366
346 363
346 402
346 426
347 416
347 429
347 433
348 378
348 400
348 410
349 420
349 446
350 352
350 360
350 436
351 356
351 386
351 388
351 445
352 380
353 362
353 430
353 438
354 401
356 379
356 403
356 407
357 387
357 389
358 402
358 441
358 442
359 380
359 411
359 423
359 429
359 439
359 453
360 383
361 395
361 401
361 406
361 446
362 440
363 369
363 404
364 431
364 445
365 380
365 456
367 382
367 415
367 465
368 378
368 407
368 420
368 423
368 449
368 454
369 412
370 390
370 413
371 379
371 388
371 440
371 457
372 449
373 393
373 401
373 424
373 453
374 386
374 391
375 386
375 402
375 424
375 429
375 468
376 392
377 463
378 432
378 434
378 443
378 445
379 432
379 449
379 450
379 472
380 450
380 464
381 416
381 467
382 388
382 423
382 433
383 389
383 424
383 462
384 443
384 469
385 397
385 445
385 461
385 471
385 472
386 429
386 460
387 397
387 448
387 457
388 401
388 419
388 467
389 443
390 420
390 431
390 435
390 467
391 397
391 422
391 438
391 478
392 475
393 489
394 408
394 428
394 457
396 437
396 466
397 402
397 446
397 472
398 452
398 482
399 408
399 478
400 418
400 500
401 403
401 414
401 438
401 471
401 501
402 410
402 444
403 473
404 419
404 448
404 475
404 490
405 408
405 427
405 450
405 494
407 411
407 442
407 471
407 488
408 485
409 467
409 473
410 440
410 454
411 509
413 420
413 463
413 492
414 495
414 511
415 417
415 458
415 475
415 490
416 502
417 443
417 488
418 431
418 505
418 512
419 465
419 468
420 457
420 478
420 497
421 432
421 442
421 507
422 432
422 503
424 441
425 448
426 435
426 443
426 479
426 486
427 430
427 480
427 519
428 445
428 453
428 454
428 496
429 442
429 460
429 468
429 486
429 493
430 434
430 494
430 512
431 491
431 530
432 525
433 474
433 532
434 453
434 502
434 524
434 528
435 488
436 501
437 534
438 492
438 503
439 452
439 515
440 493
441 459
441 492
441 531
442 470
442 488
442 525
442 533
443 480
443 482
443 486
443 532
444 504
444 508
445 468
445 515
445 520
445 525
445 529
446 517
446 539
447 459
447 489
447 506
448 498
448 502
449 494
449 510
449 547
449 548
450 515
450 550
451 454
451 476
451 485
452 453
452 468
453 485
454 464
454 466
454 517
454 522
455 474
455 525
456 472
456 489
456 529
456 536
457 466
457 471
457 547
457 555
458 462
458 468
458 470
458 479
458 503
458 515
458 540
459 470
459 478
459 495
459 534
460 462
460 500
460 547
461 489
462 479
462 494
462 496
462 526
463 503
463 558
464 490
464 514
465 478
465 555
465 560
466 520
468 496
469 476
469 502
469 518
469 532
470 474
470 482
470 499
470 506
470 508
470 519
471 515
471 550
472 503
472 513
473 513
473 572
474 493
474 506
474 509
474 524
475 528
475 553
475 557
475 572
476 500
476 520
476 567
477 523
477 533
477 573
478 503
478 571
479 487
479 490
479 549
480 576
481 581
483 513
483 515
483 520
483 541
483 568
483 571
484 500
486 487
486 523
486 526
486 536
486 558
486 576
487 519
487 525
487 576
487 584
488 493
488 499
488 540
489 527
489 534
489 537
490 585
491 523
491 527
491 550
491 585
493 534
493 542
494 498
494 593
495 511
495 532
495 545
496 510
496 519
498 505
498 511
499 503
500 586
501 506
501 557
501 560
502 511
502 550
502 573
503 547
503 556
504 533
506 549
506 557
506 559
506 565
506 606
507 539
508 549
508 588
509 549
509 583
509 591
510 515
510 526
510 566
510 568
511 522
511 570
511 599
512 536
512 559
512 563
512 571
514 566
514 587
515 535
515 551
516 551
516 576
516 580
517 543
517 547
517 595
518 534
518 539
518 590
519 522
520 616
521 539
521 561
521 570
521 575
521 592
522 548
522 554
522 570
522 587
522 605
523 531
523 561
523 566
523 620
524 563
525 544
525 584
525 596
525 611
526 580
526 615
527 567
528 563
528 579
528 628
529 550
529 551
530 579
530 581
531 585
531 603
531 612
532 555
533 579
533 582
533 586
533 592
533 608
533 618
534 588
534 606
534 616
535 559
535 564
535 569
535 628
536 573
537 606
537 631
538 569
538 577
538 599
538 609
539 544
539 549
539 627
540 632
541 565
541 603
541 634
542 548
542 562
542 587
542 592
542 639
543 549
543 592
543 594
543 600
543 602
544 642
545 572
545 637
547 614
548 567
548 627
549 601
550 566
550 569
550 588
550 620
551 647
552 582
552 583
552 597
553 565
553 636
554 605
554 612
554 637
555 568
555 611
555 641
556 561
556 564
559 620
559 659
560 624
560 651
561 563
561 573
562 579
563 580
563 603
563 657
564 593
564 640
564 648
564 664
565 614
566 597
566 662
567 577
567 600
567 603
567 617
567 633
568 580
568 590
568 649
568 651
570 594
570 635
571 653
572 623
572 627
573 589
573 638
574 601
574 603
575 584
575 588
575 609
575 643
575 670
576 581
576 597
576 640
576 642
577 596
577 601
577 635
580 597
580 618
580 619
580 636
580 671
581 584
581 585
581 626
581 656
581 678
582 602
582 625
583 587
583 607
583 614
583 648
583 649
583 651
584 593
584 648
584 667
584 679
585 600
585 650
586 658
586 669
586 671
586 674
587 653
588 608
588 612
588 641
588 679
590 637
592 656
593 595
593 644
593 665
593 684
594 614
594 626
594 646
595 623
595 637
595 668
596 618
596 669
597 598
597 608
597 611
598 660
598 695
599 633
599 634
599 677
600 666
601 615
601 666
602 612
602 616
602 653
602 659
602 670
602 677
602 688
603 623
603 661
603 664
603 683
603 699
606 635
606 660
606 662
606 681
607 646
608 658
608 686
608 693
608 701
609 639
609 704
610 666
610 707
611 623
611 626
611 701
611 707
612 653
612 710
613 623
613 682
613 704
614 669
615 619
616 632
616 665
616 679
618 634
619 631
620 630
620 690
621 641
621 655
621 677
622 666
622 715
622 722
624 633
624 659
624 678
626 627
626 680
626 711
628 636
628 687
628 692
628 704
629 680
629 702
629 709
631 649
631 676
631 692
631 715
631 717
632 645
632 671
633 640
633 708
633 713
634 677
634 719
634 722
635 641
635 654
635 665
635 679
635 695
635 698
636 675
637 640
637 658
637 661
637 703
637 727
638 670
638 715
639 650
639 661
639 693
639 710
639 713
639 733
640 649
640 712
641 649
641 732
642 660
642 672
642 716
643 685
643 694
644 648
644 708
644 718
645 678
645 683
645 739
646 659
646 700
646 724
646 726
648 717
649 721
650 731
651 655
651 665
651 689
652 694
654 677
654 728
655 681
655 738
655 752
656 690
656 727
657 680
657 699
658 685
658 724
659 660
660 744
661 701
661 736
662 669
662 700
662 703
662 707
662 709
662 762
663 669
663 678
663 703
663 705
663 750
663 753
664 726
664 748
665 681
665 704
665 709
665 762
666 697
667 702
667 749
668 754
668 768
669 736
670 704
670 718
671 675
671 732
671 742
673 722
673 746
674 697
674 707
674 710
674 755
675 687
675 710
675 717
676 677
676 737
677 686
677 762
677 766
678 682
678 686
678 719
679 681
679 725
679 741
679 753
680 697
680 717
681 731
681 755
682 710
682 768
683 735
684 735
684 738
684 779
685 775
686 702
686 773
686 785
687 732
687 736
688 707
688 722
688 734
688 765
689 706
689 723
690 699
690 712
690 735
690 759
691 703
691 708
691 741
691 749
691 759
691 770
691 773
691 774
692 704
692 783
693 721
693 722
693 726
693 761
694 708
694 765
694 786
695 702
695 754
696 724
696 733
696 768
696 780
697 771
697 795
698 769
698 774
699 728
699 782
700 703
700 711
700 712
700 737
701 737
701 750
701 781
701 785
702 721
702 723
702 732
702 739
702 801
703 748
703 752
703 754
703 771
704 715
704 716
704 718
704 763
704 764
705 709
705 788
707 723
707 800
709 726
709 753
709 755
710 787
710 792
710 793
711 807
712 713
712 784
712 808
713 762
713 771
713 809
714 715
714 792
714 802
714 811
715 806
716 764
716 789
717 721
717 746
717 806
718 740
718 770
718 794
718 808
719 733
719 751
719 794
720 756
720 793
720 795
722 804
723 759
723 798
724 772
724 804
724 816
725 816
726 818
726 826
728 730
728 737
728 757
728 769
728 792
729 784
729 802
730 780
731 762
732 802
734 754
734 758
734 768
735 738
735 755
735 768
737 757
737 811
738 742
738 807
738 816
738 827
739 792
739 801
739 807
740 803
740 811
741 753
741 758
741 786
741 819
742 755
742 773
742 799
742 815
743 778
744 776
744 778
744 829
745 756
745 767
745 773
745 837
746 770
748 750
748 756
748 801
748 818
748 822
749 821
750 761
750 763
750 818
751 782
751 789
751 815
752 773
752 783
752 811
752 814
752 831
752 845
753 784
753 799
753 817
753 819
753 848
754 760
754 793
754 810
755 761
755 769
755 806
755 820
756 804
756 815
756 844
756 849
757 821
757 856
758 769
759 808
760 789
761 775
761 798
761 815
762 808
762 811
762 812
763 784
763 830
764 805
764 838
764 855
765 858
765 865
767 788
767 808
767 847
767 858
768 778
768 816
768 854
769 792
769 812
769 854
770 795
770 822
770 839
770 850
770 856
770 866
771 776
771 790
771 797
771 856
771 858
772 826
773 845
774 788
774 862
775 806
775 830
775 836
775 839
775 843
775 862
775 865
776 803
776 829
776 872
777 784
777 825
777 873
778 784
778 832
778 852
778 856
778 861
778 869
779 804
779 812
780 805
780 834
780 853
780 875
781 785
781 868
782 802
782 805
782 868
783 867
783 871
784 806
784 821
784 849
784 881
785 797
785 800
785 821
785 844
786 839
786 862
787 802
788 791
788 810
788 844
788 845
788 852
789 812
792 831
793 825
794 844
794 850
794 882
795 834
795 847
795 850
795 864
795 876
796 822
796 861
797 884
798 847
798 864
798 883
799 819
800 813
800 830
800 862
800 883
800 896
801 802
801 809
801 833
801 845
801 851
802 820
802 854
803 807
804 833
804 842
804 853
804 870
805 816
805 848
805 893
805 899
806 815
806 861
806 903
807 838
808 817
808 834
808 877
810 811
811 846
811 874
811 875
812 865
812 892
812 894
813 840
813 846
814 825
814 826
815 827
815 833
815 869
815 886
816 823
816 865
816 871
817 848
817 860
817 873
817 913
818 842
818 845
818 853
818 889
819 841
819 891
819 906
820 824
820 846
821 857
821 893
821 895
821 915
822 874
822 882
822 911
823 855
824 852
824 875
824 898
825 907
825 915
826 915
827 843
828 831
828 872
828 874
829 862
829 892
830 836
830 846
830 860
831 853
832 874
832 884
832 931
833 846
834 892
834 915
834 920
835 877
836 847
837 886
837 895
837 921
838 897
838 899
839 874
839 928
840 842
840 849
840 927
842 845
842 871
842 876
842 929
843 855
843 856
843 892
843 893
843 923
844 849
844 910
845 846
845 878
845 885
845 934
845 941
845 943
846 856
846 880
846 929
846 945
848 928
849 867
850 919
851 856
851 917
851 924
852 854
852 914
853 917
853 931
853 938
854 898
855 858
855 879
855 885
856 879
856 891
856 920
857 911
857 928
858 878
858 892
858 901
858 941
859 959
860 870
860 880
860 902
860 947
861 913
862 938
863 867
863 927
863 935
864 887
864 947
865 907
866 914
868 924
868 942
868 961
869 901
869 909
869 934
869 957
870 894
871 941
871 957
873 879
873 888
873 912
873 917
873 938
873 961
873 963
873 969
874 938
874 950
874 956
874 966
875 879
875 940
876 965
876 970
876 973
877 913
877 919
877 923
877 931
878 933
878 953
878 975
879 916
879 920
879 965
881 886
881 950
881 971
882 901
882 931
882 938
882 947
882 968
883 921
883 922
883 963
883 969
884 887
884 899
884 939
885 912
885 934
886 928
886 931
886 939
886 960
886 986
887 904
887 973
888 896
888 948
888 970
889 906
889 937
889 946
889 956
889 969
889 980
889 986
890 903
891 900
891 905
891 987
891 988
892 958
892 959
892 988
893 942
893 988
894 959
895 923
895 928
895 954
896 907
896 917
896 951
896 975
896 981
897 942
898 943
898 963
898 965
898 973
899 936
899 948
900 946
901 919
901 952
902 907
902 953
903 904
903 953
904 993
905 918
905 937
907 925
907 981
907 988
908 948
908 956
908 962
908 967
908 987
910 913
910 919
910 993
911 928
911 938
911 979
911 991
912 949
913 988
914 976
914 995
914 996
916 943
916 967
916 991
917 954
917 990
917 1000
918 963
918 964
918 973
918 974
919 974
920 921
920 934
920 951
921 979
922 971
923 930
924 974
925 948
925 976
926 933
926 946
926 964
927 967
927 976
928 993
929 943
929 956
930 993
931 970
932 942
932 958
932 961
932 974
934 990
934 996
936 970
936 998
937 943
937 986
937 988
938 954
939 993
940 987
941 960
942 963
942 991
943 960
944 946
944 990
945 974
947 956
948 981
949 950
949 987
950 974
950 996
950 998
951 952
951 954
953 962
953 975
954 968
954 985
955 988
958 996
959 966
959 979
959 981
959 995
960 980
960 998
961 963
962 978
963 970
965 980
965 983
965 992
966 986
967 988
969 984
969 997
970 979
971 981
972 981
972 1000
975 989
976 997
979 993
982 991
985 992
985 997
986 995
14 4 4 8 4 9 11 9 22 6 7
17 5 1 5 4 17 3 5 21 38 10
9 22 27 7 21 32 12 12 8 16 0
36 8 9 1 2 5 18 31 22 9 4
8 8 6 5 1 7 8 1 0 11 2
6 8 10 6 1 23 12 10 5 15 7
10 6 6 19 1 18 17 18 6 0 11
11 7 11 12 27 6 8 12 2 3 2
6 4 1 13 4 4 16 10 18 10 14
6 13 5 2 5 12 2 0 9 10 19
17 10 22 6 18 13 0 1 2 12 7
12 9 5 10 4 4 7 10 6 2 7
10 18 8 2 6 6 30 20 5 9 18
6 15 16 11 8 1 12 13 11 2 6
6 5 10 1 13 8 5 8 10 1 1
3 3 18 7 7 3 14 1 4 3 4
2 22 10 3 18 8 1 17 8 4 4
9 23 11 10 5 8 14 2 15 9 1
11 15 10 1 14 6 5 20 9 19 7
26 4 10 2 13 2 8 20 35 15 3
10 14 2 7 14 7 12 1 13 13 6 9 4 1 2 2 5 4 1 1
2 7 8 3 23 8 12 17 6 13 18 10 5 9 17 28 16 12 2 3
22 27 1 17 28 17 27 12 26 19 15 21 2 11 17 28 1 8 2 15
1 1 1 2 10 3 6 6 1 3 8 5 3 6 5 9 1 1 1 4
29 34 22 31 36 21 26 25 23 25 28 28 13 24 42 42 37 22 25 36
6 1 5 5 10 5 14 10 1 6 7 10 1 10 13 11 8 5 4 1
7 7 5 9 11 9 16 7 6 7 6 11 4 9 11 7 8 7 3 3
40 48 5 31 46 35 45 17 47 48 19 44 26 31 41 41 35 28 22 30
12 13 6 16 20 12 16 6 13 11 4 12 6 9 14 17 8 14 1 8
26 18 21 26 39 24 32 34 20 33 35 30 32 25 42 44 39 21 19 23
44 43 21 43 57 42 33 33 32 45 38 40 20 32 56 63 35 37 20 35
30 30 19 27 44 28 25 22 23 20 27 26 5 20 32 41 14 34 11 25
12 14 9 10 31 18 19 12 20 19 14 16 11 9 11 24 13 11 3 6
24 40 12 26 46 27 19 17 22 47 35 27 22 19 37 39 33 26 21 20
1 1 6 6 9 3 6 5 2 1 2 4 1 7 8 9 8 5 1 7
1 6 3 5 7 1 1 1 4 10 7 1 4 1 7 5 9 4 5 4
24 37 11 30 41 23 18 18 27 34 25 26 23 15 29 31 22 17 21 29
5 13 9 15 20 9 12 8 7 17 13 7 8 8 19 13 16 10 9 13
1 1 1 1 1 1 1 1 1 5 6 1 1 1 1 3 5 1 1 1
39 26 22 43 51 34 37 37 44 30 20 47 28 53 51 62 44 45 30 37
7 11 2 6 9 4 8 5 10 8 9 2 2 1 11 10 5 2 3 9
4 11 10 10 20 12 14 14 7 14 18 9 13 4 15 10 14 6 11 8
15 25 3 1 21 3 12 14 12 23 22 16 1 7 27 25 17 13 5 7
4 4 3 5 10 8 7 1 11 10 4 2 1 8 10 16 10 4 1 7
49 59 17 42 64 42 45 45 52 56 44 46 32 29 58 52 30 34 33 48
39 30 36 34 68 35 44 59 39 43 50 60 37 51 60 73 49 49 37 33
35 38 10 25 49 33 44 24 44 42 15 37 22 28 40 46 30 30 14 21
21 14 15 20 45 21 31 42 30 41 41 42 33 43 41 58 47 29 23 17
45 56 3 37 56 33 45 35 45 54 29 51 30 33 46 43 36 34 31 38
1 3 7 8 13 5 9 9 5 4 8 6 3 9 11 10 7 6 4 9
25 24 8 31 35 20 31 22 20 41 30 33 25 27 36 35 38 22 18 22
22 13 6 18 34 18 36 26 21 25 20 32 22 18 23 26 21 13 7 6
10 12 3 5 17 5 13 5 13 9 6 9 2 2 6 8 2 4 1 2
34 13 22 42 52 31 45 45 38 34 28 48 42 43 44 54 38 34 22 30
1 4 7 6 8 1 3 5 3 10 9 1 4 4 9 6 7 8 5 7
35 36 38 35 60 38 30 51 18 51 56 46 31 37 61 54 58 35 43 41
1 1 2 4 5 1 2 1 1 2 1 1 1 1 4 3 6 1 1 2
15 23 6 9 30 14 16 18 16 19 29 11 5 4 20 28 7 14 3 15
28 23 3 27 37 15 22 23 37 23 14 29 22 19 25 31 20 18 16 26
11 18 6 16 19 12 11 5 10 19 16 4 8 1 19 15 14 6 11 15
39 54 32 39 63 41 22 30 29 57 45 39 24 28 54 44 54 41 40 41
1 7 10 13 19 8 8 13 1 12 14 4 9 5 15 12 18 9 9 11
1 1 1 1 5 1 7 7 1 2 6 5 1 5 6 7 5 1 1 1
13 18 14 17 33 15 22 21 19 22 18 21 21 13 25 29 17 8 16 22
6 14 16 2 32 15 18 21 14 28 30 18 18 13 21 31 17 15 15 9
41 18 24 43 46 28 41 47 36 25 32 45 24 43 50 55 40 37 20 41
38 25 40 36 53 39 36 48 39 44 30 47 44 56 65 64 61 46 44 36
15 13 13 18 30 15 13 13 9 12 14 12 4 11 15 22 9 22 7 14
1 2 1 3 5 1 4 1 1 9 4 2 2 2 9 7 5 2 3 2
25 31 32 26 46 28 20 40 14 30 46 33 14 29 43 36 44 30 36 39
37 42 21 38 56 23 30 36 31 52 44 43 29 32 53 48 45 33 29 37
36 51 14 29 54 30 26 24 43 55 34 41 24 23 37 40 30 36 23 26
7 11 4 1 7 1 12 11 7 10 13 13 1 14 15 16 20 1 7 8
25 36 12 17 38 14 15 21 21 33 27 25 9 12 31 24 27 27 20 27
34 40 37 43 60 37 17 45 26 45 51 43 27 44 60 56 60 39 49 54
40 48 22 33 57 29 33 42 31 44 43 45 14 33 53 51 40 34 30 41
1 2 1 6 6 2 4 1 1 4 1 1 2 1 7 1 1 1 3 3
4 15 5 7 17 2 4 2 5 20 15 3 6 4 15 12 8 10 7 9
5 6 7 8 17 6 12 13 7 6 10 7 3 8 15 14 8 7 3 8
12 15 8 9 17 1 16 13 15 17 10 18 7 16 17 21 9 13 6 11
26 35 20 22 41 22 19 28 23 35 31 33 10 23 35 31 37 26 28 33
4 6 4 9 11 5 6 6 6 9 8 4 8 7 10 8 7 1 9 12
34 34 26 29 54 30 30 35 38 48 32 37 26 36 54 58 45 37 25 30
2 2 7 4 18 11 6 7 7 10 10 2 3 7 9 13 12 7 1 2
13 12 15 16 30 20 17 16 20 16 11 11 9 14 24 28 18 19 8 13
15 28 15 11 46 29 25 23 23 48 38 28 25 15 32 36 34 21 23 9
3 5 3 8 9 3 7 7 4 8 8 5 7 7 12 7 8 1 8 9
28 35 15 32 43 39 33 8 38 50 23 32 35 34 39 44 38 29 32 27
27 23 16 30 38 24 36 32 28 37 33 37 30 29 39 38 42 18 20 23
26 37 22 23 59 39 31 31 27 47 43 40 22 27 41 53 33 36 21 16
1 1 4 1 11 4 8 10 1 1 7 5 3 5 8 8 4 3 1 2
1 4 5 7 12 3 4 5 3 13 11 3 6 7 13 10 13 6 7 10
2 1 5 6 12 4 4 3 3 5 4 2 1 4 6 10 4 6 2 7
25 32 11 25 43 20 14 17 27 32 30 24 24 15 26 38 18 20 20 27
29 33 21 28 59 38 36 29 30 40 33 40 26 25 32 46 29 35 19 19
47 52 17 54 61 41 50 41 44 52 27 57 40 43 55 46 46 43 40 45
4 7 7 6 7 1 3 5 7 6 2 3 3 1 9 4 6 6 4 6
1 7 3 4 7 5 7 1 1 9 10 3 1 4 6 1 9 1 5 3
43 40 20 46 65 41 40 35 46 59 41 48 44 48 58 71 47 49 27 34
27 17 2 21 32 9 28 31 31 22 21 34 23 27 28 38 29 13 14 20
14 14 3 9 15 8 19 9 15 11 6 13 4 8 14 17 9 6 4 7
23 14 1 20 28 2 17 25 26 29 26 30 19 31 30 38 28 26 12 17
9 16 9 14 23 7 12 10 5 20 16 10 6 6 24 16 21 9 10 11
38 42 8 31 45 29 39 26 37 48 26 39 26 33 46 43 41 21 21 26
4 8 5 1 8 4 7 5 7 6 9 4 1 6 6 4 6 4 1 4
28 30 27 23 53 36 24 27 32 39 32 31 14 34 38 50 25 43 12 18
37 43 13 31 64 27 31 39 44 55 47 52 34 36 46 57 32 40 29 29
12 21 6 10 23 11 4 2 7 27 24 5 8 1 21 22 12 13 10 12
39 48 38 36 69 40 35 52 21 59 59 53 37 35 64 54 61 38 46 39
18 22 6 23 21 19 20 9 18 16 13 12 12 6 22 20 12 5 11 22
1 9 5 8 15 1 8 7 6 15 13 7 7 10 13 14 7 10 8 10
28 40 10 25 46 30 26 13 32 43 34 31 20 25 29 39 14 35 16 18
23 25 27 15 39 34 21 24 29 35 27 22 32 24 37 40 37 22 28 16
28 28 16 39 60 26 37 44 28 48 40 49 39 39 48 57 48 37 31 31
5 8 3 2 8 3 9 3 8 5 5 6 1 4 5 2 3 2 1 1
19 16 25 26 57 30 21 33 28 41 33 29 34 30 47 59 39 33 30 30
13 15 5 11 14 7 14 7 19 12 6 11 6 10 14 17 4 6 7 16
42 39 28 36 67 39 38 39 48 56 33 49 33 44 57 64 45 48 23 25
39 44 21 45 56 28 21 37 37 44 42 40 25 27 52 51 44 30 38 53
18 28 7 19 30 10 18 15 17 32 23 24 15 16 32 30 30 10 18 22
26 40 10 24 49 30 39 29 32 46 36 38 25 21 39 45 37 16 23 25
2 2 1 8 12 2 4 9 10 4 8 8 9 9 8 16 8 1 7 12
5 13 1 9 16 1 4 1 13 17 8 9 8 6 6 15 7 6 7 10
39 52 31 43 67 53 37 41 41 58 50 47 41 32 56 61 49 31 37 43
25 23 22 24 46 25 21 34 25 30 32 33 10 38 45 52 37 38 17 21
13 10 5 9 9 5 15 12 16 17 7 12 8 15 26 25 22 9 6 9
18 16 14 20 50 19 30 41 27 34 40 40 33 37 36 51 32 31 29 21
34 40 23 33 57 36 32 34 27 43 37 46 15 45 49 55 43 42 30 35
48 44 22 45 61 35 49 39 39 41 33 49 27 36 46 49 37 49 24 29
16 18 12 18 31 18 28 24 17 20 16 24 19 11 27 22 27 10 14 14
7 15 6 8 25 8 6 10 7 19 23 4 10 3 17 24 9 11 7 15
13 16 5 19 29 16 23 17 7 26 25 18 18 13 23 25 24 12 12 10
9 13 11 12 27 11 16 19 14 12 20 15 7 14 17 30 15 14 5 15
4 14 3 4 24 8 10 10 4 20 26 9 5 5 17 21 10 11 6 6
8 11 5 21 18 11 11 7 11 13 9 14 15 13 17 14 15 6 15 18
35 31 21 44 50 27 24 34 31 44 39 41 38 39 45 51 42 37 36 40
10 17 11 17 25 17 14 13 14 20 21 12 15 13 23 26 22 8 13 19
28 24 13 35 30 18 23 25 27 29 20 34 29 32 36 34 37 20 25 28
13 21 8 12 25 14 19 18 21 26 17 20 14 14 26 20 26 11 13 14
36 40 22 30 56 38 43 37 40 55 26 40 32 34 56 45 54 43 35 25
13 20 11 18 22 10 15 14 13 19 15 20 6 13 25 13 21 11 15 19
10 13 6 1 24 9 10 13 9 15 20 11 1 7 17 25 2 15 1 2
44 59 15 43 63 38 35 36 42 63 41 53 38 32 52 47 48 38 40 40
26 39 17 30 50 29 29 28 29 45 39 38 34 20 37 38 35 17 34 33
14 19 4 12 19 11 14 13 19 13 18 11 6 7 15 20 8 4 6 17
1 3 2 1 10 1 1 4 4 1 4 1 1 1 2 7 1 2 1 1
1 9 4 7 10 5 7 7 9 8 12 6 4 9 6 8 8 1 6 8
44 53 14 43 65 49 54 34 44 55 51 50 35 35 50 63 26 33 31 39
8 12 8 4 15 1 6 6 11 12 9 5 2 5 9 14 5 12 1 9
16 17 11 21 43 20 14 19 31 31 17 19 21 22 31 41 24 29 18 20
36 26 40 44 60 40 40 54 32 47 48 52 48 48 58 63 54 38 37 40
2 2 4 11 16 7 11 7 4 9 3 6 3 5 14 12 11 8 1 4
13 15 8 26 27 16 19 15 18 15 4 21 15 22 23 27 18 16 10 18
22 16 24 29 37 22 18 37 16 20 25 31 29 29 43 48 37 19 27 35
4 10 5 9 7 4 11 10 11 10 10 13 7 16 15 13 13 5 10 11
8 23 5 15 26 12 11 3 15 30 17 12 8 8 20 19 21 11 11 13
1 11 4 9 16 5 8 6 1 20 19 6 7 6 14 8 14 7 12 9
27 22 4 20 25 13 32 21 26 21 12 25 16 14 26 21 19 12 8 12
8 9 1 1 4 1 10 7 7 11 10 9 1 10 12 15 11 6 1 2
1 1 1 1 13 6 7 4 1 3 10 2 1 1 1 5 2 1 1 1
25 30 22 28 49 30 28 30 23 38 31 27 31 12 36 31 35 21 28 29
55 50 17 42 72 40 52 58 58 51 45 62 32 37 58 66 35 42 22 38
27 33 21 18 57 37 32 29 42 46 31 36 26 27 37 55 25 29 16 15
40 33 27 41 52 23 34 52 36 35 42 51 24 48 57 55 57 39 38 43
42 38 34 38 67 44 49 54 33 38 50 51 27 37 60 67 40 45 27 30
2 1 9 10 13 4 6 9 3 5 6 7 2 11 13 15 7 10 5 12
43 43 12 52 58 29 32 42 48 44 40 45 30 37 56 57 44 34 37 52
29 41 42 36 66 44 40 52 23 45 61 47 32 40 64 65 56 38 46 44
37 39 1 43 52 23 35 34 44 48 25 45 38 33 42 35 39 36 36 37
19 25 13 19 32 16 19 25 18 34 23 29 9 26 38 32 38 20 19 23
10 14 6 10 16 12 12 3 19 18 6 6 10 8 16 15 18 5 9 10
10 9 1 15 21 2 17 16 10 23 20 17 12 20 23 27 21 15 7 10
7 9 1 5 13 7 14 4 9 12 9 7 1 6 12 20 10 8 1 3
6 14 9 3 22 10 5 16 1 17 23 11 2 7 16 7 17 6 13 11
1 3 7 5 12 1 1 5 1 10 10 1 2 4 8 9 6 10 3 7
1 1 1 7 11 5 9 7 1 5 7 4 6 5 12 7 7 1 5 5
13 8 6 19 23 9 21 15 8 22 16 16 14 14 26 21 20 16 8 9
16 18 10 13 18 17 22 15 30 22 8 18 13 21 28 30 23 9 13 19
10 15 4 12 17 11 17 5 17 20 11 15 6 13 13 19 14 10 5 8
14 14 4 16 29 9 9 20 21 26 21 25 11 25 28 28 31 15 20 22
39 50 19 37 57 35 25 20 30 51 35 37 29 22 42 36 35 31 33 37
1 3 1 2 4 1 1 1 2 13 9 1 1 3 6 10 12 1 4 4
12 15 14 15 32 17 27 23 14 21 17 23 18 10 24 20 21 8 13 11
4 5 4 8 12 3 11 10 4 16 10 9 6 14 21 22 20 10 5 9
22 28 17 27 37 22 20 19 16 26 26 19 13 14 33 34 30 21 18 23
20 31 18 23 41 21 13 21 18 31 35 20 10 17 37 38 23 26 17 25
12 13 2 15 21 12 13 9 13 11 10 7 7 2 13 15 3 6 5 13
38 47 12 39 55 30 26 25 42 55 33 41 31 35 51 54 40 35 34 42
30 39 31 39 65 44 38 43 27 48 44 54 39 41 53 51 47 33 44 38
5 8 12 13 25 11 13 20 13 15 18 17 19 15 18 23 15 10 16 16
1 7 2 6 10 3 6 1 2 14 12 1 3 4 9 7 10 5 6 5
6 10 6 14 29 9 16 20 12 14 18 18 14 16 19 29 16 13 11 14
4 19 7 13 23 8 4 5 6 23 20 5 7 3 17 11 16 9 13 14
16 22 14 20 31 15 18 16 15 24 22 18 8 13 23 24 20 23 12 14
17 22 5 8 12 4 18 19 15 16 14 19 4 10 29 17 19 6 10 14
8 18 3 9 23 10 16 10 10 19 21 11 5 7 12 17 11 12 5 1
7 12 1 16 13 9 11 1 14 12 1 11 10 9 7 8 2 5 6 9
2 10 8 12 14 1 6 13 9 15 14 12 6 14 21 17 18 11 12 16
19 31 19 26 51 35 32 26 18 47 37 34 30 24 41 43 41 22 26 19
28 34 24 17 45 26 27 32 28 44 28 30 23 25 53 40 49 20 30 26
1 1 2 1 3 1 1 1 1 1 2 1 1 3 3 5 1 2 1 4
4 14 6 12 22 8 7 5 7 19 16 4 9 7 13 17 11 12 10 12
37 43 28 35 66 40 41 44 31 65 56 51 42 38 58 58 58 35 34 29
15 14 10 28 36 22 18 18 23 20 13 21 20 23 26 36 22 19 13 23
44 35 23 44 57 23 33 54 36 38 44 53 33 41 62 57 56 32 38 49
5 9 8 11 19 8 10 9 10 11 13 7 4 8 10 13 10 10 5 10
46 37 18 43 44 33 51 27 45 42 25 44 34 41 48 47 36 40 19 31
40 43 24 34 70 42 35 38 44 52 39 51 35 33 41 53 30 46 25 28
31 40 35 28 55 38 28 39 35 55 44 42 27 44 63 62 54 44 32 32
14 17 3 15 23 11 23 11 13 22 13 18 10 17 17 23 16 18 3 3
36 49 30 31 52 35 26 30 28 45 45 35 16 27 52 50 39 41 26 31
31 33 14 19 46 27 40 39 37 48 28 41 30 29 47 42 48 28 27 21
2 1 8 12 19 10 9 15 2 7 8 7 5 13 22 18 18 7 7 12
29 30 24 26 57 43 52 43 40 40 33 43 28 30 49 55 34 21 22 21
10 20 1 9 12 7 12 3 14 20 12 7 5 4 21 17 17 1 8 12
1 3 1 1 9 2 8 4 3 3 5 3 1 3 4 5 2 1 1 1
1 7 8 10 15 5 4 7 1 15 14 1 9 1 13 9 14 8 10 10
40 38 19 29 64 42 51 35 46 54 25 46 35 32 51 63 36 41 18 18
28 34 12 24 37 22 29 28 25 38 33 35 23 25 40 39 41 11 24 28
1 5 4 5 7 1 3 4 1 9 6 1 1 2 14 4 10 4 4 5
34 28 7 43 50 27 30 38 38 31 35 36 31 29 44 51 28 18 31 45
39 49 29 46 63 43 36 32 31 40 45 38 29 32 47 58 35 42 31 42
24 23 9 28 39 23 34 18 26 43 21 28 24 33 38 45 33 34 11 14
28 24 36 39 50 33 17 37 30 41 33 36 34 45 55 55 55 41 42 42
13 20 6 14 26 10 10 4 15 23 14 9 7 1 15 18 8 19 5 9
25 30 14 27 33 23 18 16 23 28 20 23 24 14 28 20 23 14 22 25
39 36 20 38 54 34 40 38 37 59 46 50 31 45 52 55 51 40 30 34
27 27 10 30 32 32 33 3 37 31 10 27 26 32 28 38 20 25 18 25
1 10 2 1 8 2 7 6 2 9 12 7 1 3 11 4 14 1 6 3
24 31 28 23 53 39 36 38 18 33 39 43 22 31 40 40 36 29 29 22
4 13 11 6 25 9 15 23 4 19 26 17 9 10 23 19 21 9 13 12
24 21 21 29 46 26 27 30 13 30 33 27 22 22 42 49 37 28 19 23
18 31 18 20 36 14 8 22 17 33 34 24 8 19 35 34 31 27 23 27
16 16 19 10 39 21 20 24 23 26 22 15 12 21 32 42 24 26 12 15
33 33 22 39 52 34 35 40 37 40 22 41 31 40 54 46 53 35 37 41
1 5 5 5 7 1 5 4 3 7 7 3 1 6 14 10 8 4 3 10
18 21 17 17 49 30 23 29 31 40 34 33 23 30 35 50 30 31 19 13
24 32 14 18 48 31 19 19 37 39 29 27 17 28 25 47 19 35 7 12
26 30 18 22 35 17 17 25 25 31 26 26 18 25 42 47 24 27 17 27
27 31 22 34 43 23 30 33 23 28 34 37 14 34 43 44 36 37 25 29
2 5 9 4 16 6 10 15 5 1 9 7 5 5 11 11 6 7 1 5
1 7 1 12 20 1 1 7 9 13 13 6 9 9 9 16 8 9 10 13
28 33 18 28 47 36 37 27 26 33 25 34 33 11 36 34 28 15 25 23
3 2 5 4 18 5 12 12 2 6 11 8 1 10 11 15 6 8 1 5
22 30 3 21 33 26 32 12 25 27 21 30 21 18 19 26 16 17 14 11
11 14 1 16 23 8 10 8 19 15 10 15 10 12 7 15 7 12 7 9
9 5 11 14 11 4 14 17 7 10 8 15 8 19 24 18 19 12 8 15
18 16 21 19 32 29 26 20 30 30 13 25 28 30 34 35 32 23 26 16
36 39 21 34 58 30 26 33 17 50 44 41 21 31 52 46 41 40 25 27
11 9 1 15 24 21 24 10 15 17 6 17 15 17 17 24 15 11 4 3
14 22 11 10 28 13 8 11 16 23 20 8 5 7 25 24 7 20 6 13
1 10 6 16 22 8 5 8 11 19 14 6 7 10 19 20 21 9 11 16
21 30 28 24 45 29 24 41 20 42 46 42 36 34 50 50 51 19 41 34
37 37 31 40 64 44 28 31 45 57 35 41 46 44 49 60 46 50 39 32
5 11 5 5 17 5 11 16 1 17 20 13 4 8 21 10 19 4 12 8
17 19 11 16 24 14 16 14 24 18 8 11 7 8 28 26 17 11 7 20
38 48 30 29 55 44 43 43 45 50 36 42 27 36 62 50 50 30 36 35
27 30 27 31 46 27 22 32 22 36 34 32 31 20 39 35 35 26 28 30
1 1 6 1 16 8 12 12 4 7 14 10 7 10 8 16 5 6 1 6
4 1 1 5 14 5 12 10 1 8 11 8 1 10 10 12 6 6 4 4
36 45 21 41 62 42 49 33 32 50 43 45 37 30 53 56 39 34 32 37
17 9 10 21 37 13 20 31 22 14 20 25 18 22 26 40 19 20 14 26
39 24 20 36 50 37 45 40 41 31 21 40 24 41 50 58 38 35 13 26
24 30 11 13 43 15 10 29 30 39 38 31 14 29 37 44 35 26 25 29
42 35 21 38 51 32 44 51 34 26 44 41 15 35 51 56 32 29 21 36
22 29 20 25 50 32 25 23 33 41 28 32 18 34 37 50 29 40 16 17
37 44 24 38 55 37 26 38 45 44 43 35 21 34 56 62 28 31 27 45
30 47 21 21 47 28 20 26 28 45 40 28 11 14 45 37 30 30 20 26
7 10 4 6 12 6 11 2 10 7 2 7 1 3 6 1 1 5 1 2
10 9 5 15 15 12 19 7 9 14 6 14 10 11 14 12 8 10 7 6
36 41 9 32 45 30 36 34 37 35 25 34 17 17 43 34 34 25 23 35
1 8 7 7 10 6 8 5 5 10 10 1 4 4 10 4 8 6 6 5
1 6 3 4 11 4 4 4 9 14 13 6 3 12 8 17 13 6 4 7
1 1 1 1 10 1 2 1 1 3 7 1 1 1 1 4 1 1 1 1
16 16 9 22 36 20 22 30 31 27 25 28 26 28 36 42 36 14 26 26
6 7 3 17 21 5 6 8 11 16 12 11 12 13 12 19 12 13 13 16
27 36 24 19 41 24 6 21 24 39 39 21 19 17 37 37 21 30 19 22
19 37 13 13 41 24 12 21 20 43 40 26 7 20 35 34 29 21 20 20
15 9 13 19 38 15 24 35 19 22 28 31 23 27 33 41 31 18 22 22
1 8 1 9 12 6 6 1 5 14 9 1 4 1 7 7 12 3 5 4
30 31 3 22 30 22 35 20 32 22 6 28 16 14 24 19 15 14 12 21
29 29 27 36 39 24 29 32 18 29 36 30 19 29 48 41 44 32 29 30
31 34 18 30 61 39 44 42 47 52 31 50 42 36 48 50 47 33 37 30
4 6 4 3 10 3 6 2 7 6 5 2 1 1 5 8 5 5 1 2
16 31 7 17 32 8 14 16 17 28 26 14 6 1 31 24 16 11 11 22
41 31 11 40 51 26 42 46 50 40 30 45 29 38 55 58 42 27 22 39
1 6 1 1 6 1 1 2 1 8 11 1 1 1 4 1 6 1 2 1
8 9 6 10 23 6 6 7 9 10 8 6 1 1 7 11 3 12 1 5
7 3 13 12 21 11 13 21 10 7 10 16 3 26 25 29 26 14 7 14
11 18 4 20 36 13 13 13 15 24 22 16 15 11 22 34 16 20 10 18
23 23 21 26 38 24 27 23 17 17 21 26 8 24 26 35 22 32 14 19
31 27 18 32 45 35 46 42 28 37 42 40 31 30 51 50 38 14 23 29
23 38 15 25 53 32 35 25 24 46 37 33 29 21 37 41 28 27 26 24
26 29 18 15 48 19 25 41 25 41 43 41 17 33 46 55 44 27 20 24
10 12 1 5 16 3 10 5 14 13 9 7 7 3 8 13 2 2 4 10
7 15 3 3 8 1 5 1 10 14 9 7 3 1 7 3 11 2 5 1
12 19 5 14 33 11 19 12 19 19 12 19 10 12 9 26 6 17 1 8
7 11 15 21 33 18 13 17 8 21 24 14 19 9 18 24 18 12 16 20
1 5 13 11 28 14 11 20 11 18 22 14 14 15 16 30 20 13 11 14
37 39 34 34 61 34 38 46 28 45 54 48 30 38 57 63 48 38 33 33
34 41 16 39 55 32 26 23 42 50 26 39 34 35 48 46 42 31 35 40
16 19 22 8 40 23 12 20 23 29 24 17 5 20 30 36 21 31 7 7
17 17 27 7 41 31 37 37 24 40 33 31 30 33 43 46 45 26 26 4
15 20 7 19 31 14 16 17 19 17 20 14 5 9 17 28 10 15 4 20
12 16 1 13 26 16 16 4 13 26 13 16 8 15 20 28 13 17 3 5
38 30 25 46 56 36 29 31 41 33 26 40 27 45 42 60 36 49 30 41
22 34 20 30 54 30 27 27 24 45 37 34 26 22 41 45 41 25 26 27
26 36 33 31 58 42 33 34 23 45 43 40 31 25 49 44 51 26 37 28
5 10 1 3 11 2 9 1 10 8 5 7 1 3 1 1 4 1 1 3
1 5 1 5 7 1 1 2 7 9 7 1 3 4 6 10 9 1 4 8
12 7 13 20 27 9 6 20 13 5 13 16 7 20 18 23 16 20 14 22
44 53 11 33 51 34 43 41 39 49 34 46 20 25 53 35 45 23 36 42
4 8 5 9 18 11 16 12 8 7 11 12 8 8 11 11 7 6 3 6
1 1 2 2 11 1 1 4 2 5 9 1 1 3 3 8 2 4 1 4
33 30 16 20 52 38 40 37 35 40 39 39 17 30 44 62 28 28 7 15
6 1 1 10 24 9 10 15 14 11 15 14 11 16 13 31 15 8 8 13
32 37 15 31 46 32 33 32 32 34 30 30 27 8 38 35 27 12 25 34
35 37 28 43 55 31 16 29 38 46 36 35 33 34 45 53 43 40 35 43
9 14 4 14 18 6 15 10 15 16 9 16 12 14 15 15 10 3 11 14
8 12 10 13 30 18 17 6 16 29 12 11 13 16 21 26 18 22 9 8
27 31 6 22 43 20 18 19 33 33 28 28 17 23 26 41 13 31 11 18
18 27 4 20 27 15 20 6 23 30 12 21 15 9 15 13 16 15 12 13
6 12 1 7 13 8 15 4 7 14 11 11 3 7 9 9 10 6 3 1
3 6 5 6 11 6 9 3 5 8 9 4 1 4 7 6 5 6 3 1
3 6 1 1 4 1 3 1 6 5 2 2 1 1 1 1 1 1 1 1
13 14 2 12 19 7 18 13 11 17 11 16 14 12 19 18 17 3 9 10
9 22 2 3 27 8 12 12 10 24 25 15 7 2 10 10 14 5 9 7
1 1 9 9 18 7 9 17 6 6 12 11 8 12 14 21 14 6 6 12
30 41 30 19 53 33 22 31 31 54 39 31 25 27 51 43 48 28 36 30
9 19 9 12 19 10 11 12 15 19 16 10 6 7 25 15 24 8 13 15
7 10 3 3 8 8 11 6 14 9 6 5 1 8 15 18 14 2 1 7
6 10 10 6 18 4 10 12 9 12 13 8 1 10 13 15 12 12 1 9
24 23 11 23 34 23 33 24 25 23 16 31 18 27 26 36 26 22 6 12
26 30 16 25 45 23 22 17 22 25 24 25 10 21 19 32 14 33 10 18
41 36 24 27 56 38 46 35 42 41 20 42 26 37 44 52 40 43 21 21
1 1 1 6 2 1 1 1 2 3 1 3 4 6 7 3 2 1 5 8
24 30 16 25 33 22 21 16 24 32 18 20 16 15 37 34 32 17 15 23
26 28 17 18 41 21 23 24 30 31 22 23 10 21 41 44 24 26 11 23
11 21 9 16 30 17 17 10 22 28 19 15 10 18 18 28 18 20 7 10
24 30 27 20 47 33 25 41 15 26 41 33 12 18 41 35 34 18 28 30
22 30 11 14 35 12 11 26 23 34 34 31 12 26 36 37 29 24 24 26
3 8 8 5 15 1 9 12 4 12 15 7 1 9 15 13 12 11 4 6
4 6 5 3 6 3 3 3 10 7 2 2 1 4 12 11 8 4 2 5
25 27 19 24 42 23 30 34 19 28 28 30 21 18 39 35 33 20 23 29
3 2 9 7 10 3 6 9 1 6 8 5 1 6 14 10 10 8 4 8
5 10 2 3 10 2 5 1 9 11 11 2 2 5 6 17 7 7 3 8
34 34 20 36 45 23 32 28 25 31 31 33 16 29 42 47 38 32 20 30
13 19 10 27 24 16 17 10 21 18 6 18 18 17 18 19 12 17 12 19
16 17 13 21 22 14 17 20 9 9 17 14 2 11 32 25 23 12 13 24
3 2 8 15 23 8 12 18 8 7 12 13 10 14 16 19 10 10 8 15
4 8 4 7 15 5 6 5 11 8 7 7 3 8 3 12 3 7 3 7
43 49 16 44 66 42 42 34 41 46 38 39 29 18 42 51 26 32 23 38
1 3 1 5 10 4 8 6 6 5 7 7 3 10 5 9 1 3 3 7
1 1 2 1 11 6 9 8 1 1 8 5 4 1 2 6 1 1 1 1
21 10 12 20 23 5 14 27 18 8 11 29 10 29 28 28 25 20 15 23
9 1 8 16 27 9 10 21 16 13 16 17 14 21 20 29 18 17 13 18
21 22 14 17 41 19 32 27 29 36 26 27 17 28 34 43 34 28 9 10
30 39 16 24 53 34 33 33 33 41 40 39 23 27 42 58 29 27 16 21
9 5 12 18 22 7 4 18 10 8 13 14 8 18 18 19 18 16 14 20
14 13 26 17 37 26 22 28 17 24 24 19 13 27 37 35 37 27 22 15
1 1 3 2 5 1 4 6 1 1 3 2 1 2 10 2 4 2 1 2
32 27 20 41 46 29 34 41 26 24 33 38 27 30 48 52 42 24 22 37
31 18 24 33 42 28 32 34 30 35 28 28 26 34 52 48 48 27 19 30
5 5 7 7 14 4 13 13 5 11 13 12 3 15 16 17 14 9 5 9
25 23 40 24 53 44 31 38 27 41 35 30 39 32 49 51 49 29 36 26
19 22 11 25 35 18 20 18 18 18 19 16 8 9 26 29 14 21 9 21
30 32 23 35 59 23 23 46 22 40 50 45 28 35 55 57 50 34 40 41
1 2 2 9 12 4 8 3 5 10 6 6 4 9 11 16 9 5 5 9
32 47 19 31 60 42 35 24 35 59 40 39 35 30 49 55 41 37 30 25
6 9 8 8 14 1 4 10 6 14 15 1 5 5 16 14 12 9 8 14
15 14 7 24 26 6 8 17 23 18 6 19 19 15 25 20 24 15 19 26
38 32 8 39 48 28 38 36 43 31 27 42 23 35 39 52 18 26 20 37
44 48 38 45 79 51 41 48 43 54 54 56 43 39 58 71 41 46 38 42
1 5 7 5 15 4 10 11 1 12 15 7 4 8 13 13 12 9 5 5
42 36 15 43 52 19 23 41 38 43 41 42 29 35 61 64 45 38 28 44
38 41 15 39 55 40 46 32 38 38 23 42 33 21 41 37 26 27 24 32
18 17 21 29 33 22 22 24 11 11 19 21 10 18 30 22 24 23 20 23
21 24 17 17 42 26 29 26 23 28 27 26 15 14 29 36 29 17 13 15
25 30 19 28 45 32 31 35 25 46 39 42 33 34 47 45 52 16 30 24
11 11 9 18 26 6 19 23 15 17 18 19 10 22 24 30 20 18 8 15
32 32 34 31 57 38 34 42 24 27 46 33 19 27 44 55 31 38 27 35
2 5 6 1 14 6 11 13 6 6 14 10 6 9 8 14 8 4 2 4
19 25 19 24 45 32 27 26 15 28 31 30 17 20 28 35 31 25 19 17
1 1 5 4 8 1 5 7 4 2 5 6 2 9 7 8 6 4 2 8
39 30 29 38 54 39 35 34 49 40 19 43 37 48 49 57 42 46 35 33
28 40 20 25 57 29 32 33 19 45 41 36 23 14 46 43 40 20 27 27
1 1 2 1 5 3 7 3 1 4 5 3 1 6 6 6 9 1 1 1
9 15 10 18 21 14 14 7 8 17 12 11 13 9 20 12 15 9 12 14
45 60 22 35 66 48 30 25 47 73 38 47 36 32 51 49 49 42 38 36
16 26 9 22 31 18 15 2 14 30 17 14 17 9 16 19 14 19 11 12
51 41 29 49 63 35 38 52 47 49 49 55 29 50 69 70 51 55 30 44
22 26 4 28 34 26 31 10 23 27 14 26 25 22 24 29 17 19 16 16
1 1 4 6 9 1 1 3 1 7 5 1 3 1 9 2 6 4 4 6
1 4 4 5 11 1 1 8 7 5 9 4 2 7 6 12 9 5 3 8
10 17 3 8 12 6 11 5 16 10 8 8 1 5 11 11 9 4 4 10
20 34 3 13 33 11 17 15 20 29 29 17 5 2 22 22 16 9 12 17
13 17 3 14 24 11 14 9 18 18 9 14 10 4 10 8 11 9 7 11
8 9 5 10 19 11 12 4 9 11 7 8 6 5 4 9 4 12 1 2
30 36 16 30 44 23 31 33 24 29 35 28 8 22 44 42 27 22 19 33
1 4 1 6 5 1 2 1 4 6 5 1 1 3 3 5 7 1 3 5
33 37 12 29 50 36 32 28 42 42 27 39 23 34 39 49 34 28 25 33
1 3 1 6 9 4 6 1 3 6 4 1 1 1 3 1 1 2 1 1
33 43 16 40 54 30 30 30 37 40 33 34 30 18 43 44 36 26 28 41
2 1 3 7 14 5 11 12 5 6 9 11 6 13 10 16 4 4 5 8
20 12 23 22 41 30 36 42 15 21 29 32 19 27 45 50 34 19 19 23
18 26 33 25 50 34 29 32 22 41 40 33 37 25 36 41 40 23 32 21
35 40 35 44 68 34 18 48 30 52 60 47 42 40 56 61 54 44 50 48
4 13 7 11 18 6 12 10 1 22 19 9 7 8 24 16 21 10 12 10
34 45 34 20 64 41 32 45 27 47 56 43 18 27 51 52 36 38 27 26
9 12 1 8 20 11 13 7 12 13 14 9 8 1 4 14 7 4 3 4
1 1 1 3 6 1 7 1 1 4 3 2 1 1 6 4 2 1 1 1
34 30 17 36 44 28 36 24 38 44 18 36 32 31 45 46 41 30 20 27
6 5 15 12 26 16 20 23 3 11 19 17 10 11 20 20 18 10 9 8
1 4 1 2 11 2 4 1 1 9 10 1 1 1 2 6 2 6 1 1
29 12 17 34 35 12 23 37 23 22 24 34 21 38 44 49 41 32 25 36
44 48 12 31 61 28 31 40 44 53 43 54 23 34 46 48 39 38 34 36
18 25 9 21 24 18 10 10 17 20 20 10 12 7 23 24 20 6 13 23
16 19 9 23 28 10 13 15 23 19 12 19 14 14 17 18 16 15 13 19
8 1 6 15 20 7 11 17 11 6 4 17 4 22 22 26 21 12 7 14
14 16 17 19 22 12 10 16 9 6 14 9 6 13 27 19 18 14 16 25
30 41 23 19 54 35 31 33 33 49 48 39 28 23 43 55 32 24 23 24
7 1 1 11 12 2 16 13 4 7 5 11 8 10 16 11 11 3 2 1
22 30 15 27 42 12 12 28 19 31 31 27 16 22 42 40 36 22 28 37
1 5 1 4 1 1 5 1 4 5 1 3 3 2 8 1 4 1 4 3
35 27 26 41 46 21 24 43 36 21 34 39 25 42 41 43 39 40 36 44
5 9 2 11 16 7 9 1 7 15 10 4 6 1 7 8 6 8 5 5
20 25 5 24 30 20 21 20 21 21 22 15 9 5 26 25 14 7 12 22
40 38 12 41 45 31 40 25 35 49 24 41 37 28 41 35 43 31 24 25
1 1 2 2 8 1 3 2 2 5 5 1 1 1 7 5 1 3 2 3
34 36 26 40 63 48 50 49 46 39 41 49 38 38 44 60 26 28 31 36
1 9 1 2 16 3 9 5 1 14 17 6 1 2 8 9 8 6 2 1
41 49 11 38 60 27 35 46 44 49 44 47 25 30 55 49 33 26 36 49
38 43 25 28 57 31 32 43 32 47 44 41 13 33 66 58 52 37 27 33
14 10 15 19 27 9 7 20 15 7 13 17 7 21 20 29 18 23 15 24
2 1 7 7 13 1 2 11 7 2 7 6 2 10 10 16 9 7 3 13
10 14 14 16 27 9 1 8 2 22 22 6 10 7 25 23 17 19 13 19
4 14 8 6 25 7 8 16 3 24 29 11 10 1 17 17 17 11 14 11
19 15 15 27 31 12 15 24 15 13 13 25 17 24 33 28 25 16 20 27
21 32 23 18 47 28 16 23 25 41 34 25 8 20 40 37 32 35 17 14
37 42 29 35 58 43 23 30 34 46 43 30 15 27 53 58 35 37 21 37
9 9 1 4 15 8 16 4 13 13 2 12 1 10 11 15 11 4 1 1
41 38 21 48 52 26 26 35 40 36 31 41 32 32 49 48 41 31 34 48
4 14 2 7 13 3 11 4 7 17 10 9 2 4 15 4 11 4 7 5
23 28 11 23 37 22 18 17 16 27 26 19 11 8 36 34 14 18 12 23
19 16 19 26 47 24 29 43 27 34 34 41 29 38 45 50 47 24 30 27
1 3 1 3 9 4 8 4 6 10 7 4 1 10 12 14 12 3 2 3
8 12 6 12 23 9 11 6 15 17 6 7 6 4 15 11 14 7 5 7
34 30 27 37 54 37 35 41 37 57 41 47 41 47 58 55 61 36 38 32
22 20 23 38 44 30 18 20 23 26 21 25 21 30 36 42 36 32 26 32
20 36 15 19 47 21 12 21 21 41 36 23 13 11 34 31 28 24 18 21
5 10 4 5 12 6 8 3 8 10 12 3 1 3 6 8 7 5 3 4
1 1 3 4 2 1 7 5 1 5 3 5 3 6 12 4 7 2 4 3
17 26 18 24 37 16 11 14 16 30 26 16 16 15 28 29 20 22 17 25
11 19 15 20 27 12 14 17 4 26 24 15 14 15 33 23 30 16 18 19
27 23 24 21 33 26 30 28 33 27 13 27 18 25 43 37 35 24 21 24
21 22 26 13 46 27 21 29 25 34 27 25 13 27 41 44 30 35 18 12
42 48 31 36 58 34 35 39 31 42 49 41 20 31 55 53 41 40 29 32
36 43 31 33 60 43 41 42 30 45 43 47 25 39 55 56 54 29 34 36
38 29 24 34 49 25 31 49 39 39 35 46 23 48 62 60 56 37 31 42
21 23 22 26 38 27 27 28 13 28 28 26 26 18 37 35 32 17 21 23
37 29 17 29 59 23 33 50 42 53 46 54 34 38 55 61 49 39 25 29
30 33 8 30 52 21 25 39 46 45 37 37 29 31 48 53 41 26 33 39
36 51 20 25 51 31 20 28 39 56 43 40 22 32 53 52 43 28 30 35
9 13 7 15 18 10 11 11 11 10 11 5 7 5 19 14 10 5 8 20
10 23 10 15 30 7 1 14 15 28 25 16 8 12 27 27 22 21 16 20
3 3 2 5 10 3 9 11 5 10 8 7 5 10 18 17 17 3 4 3
20 18 9 17 31 28 34 20 26 24 12 24 19 25 27 38 24 16 7 11
37 39 18 35 63 34 35 39 50 51 31 46 39 35 52 54 47 31 35 36
43 53 39 40 67 42 30 50 24 53 61 50 24 40 63 56 57 44 44 46
31 31 26 40 51 30 33 47 29 23 42 40 20 35 51 54 42 32 34 47
1 1 1 1 5 1 6 1 1 2 3 1 1 1 2 1 2 1 1 1
26 23 18 28 52 26 41 46 32 38 41 43 35 37 49 59 39 29 28 26
23 27 30 33 38 27 11 30 20 28 36 25 29 25 36 37 35 25 30 38
13 16 11 20 25 15 19 11 9 21 13 15 14 10 24 23 19 15 12 13
20 32 6 6 38 21 22 20 25 32 31 24 3 14 31 39 21 16 4 9
37 35 10 34 46 31 45 26 43 39 10 36 25 24 43 44 29 29 12 23
5 1 5 6 10 3 12 10 2 7 5 8 4 9 16 11 8 5 5 6
8 13 5 19 23 13 16 11 15 17 14 15 14 14 15 20 11 9 11 15
28 30 23 26 37 27 28 29 34 43 25 32 28 35 51 50 46 25 29 30
28 20 38 38 61 44 38 50 32 50 46 48 44 49 59 65 61 37 33 31
30 44 31 26 57 37 30 38 32 61 50 42 38 34 52 52 56 30 40 30
15 13 19 22 37 22 25 28 12 18 23 24 16 20 31 35 22 18 17 24
25 24 21 24 38 29 30 23 26 23 19 26 11 31 32 41 32 30 12 18
1 4 7 9 9 3 2 3 1 9 5 1 7 3 13 7 10 4 8 11
15 27 1 12 31 16 21 18 17 22 31 17 2 5 25 30 8 8 6 13
14 16 11 17 37 24 22 16 30 30 14 23 25 18 20 33 25 13 16 13
30 29 23 40 42 19 9 30 27 33 33 32 27 33 43 42 46 32 38 43
1 1 2 1 9 1 1 4 1 2 7 1 1 1 3 3 1 2 1 1
12 17 7 16 21 3 11 15 16 17 12 14 8 14 26 31 21 11 10 23
8 13 3 7 10 5 12 10 8 11 13 8 4 6 18 11 12 1 9 11
1 4 1 1 4 1 1 1 1 8 9 1 1 1 1 3 6 2 1 1
4 8 9 11 17 7 4 10 6 11 12 1 10 5 14 10 10 7 10 13
27 40 10 31 45 32 32 12 42 48 25 31 28 31 36 45 31 30 26 29
2 7 5 2 15 3 9 12 4 12 18 9 3 11 12 17 12 8 3 6
20 18 22 15 40 36 44 33 28 30 24 36 29 32 35 47 33 23 16 4
12 16 1 10 20 9 18 3 15 16 6 14 6 5 7 8 3 8 3 3
46 46 26 24 60 29 31 48 35 54 50 49 18 36 60 51 45 43 24 31
1 1 1 2 1 1 5 3 1 2 2 6 1 9 7 6 4 1 1 4
39 42 20 44 62 32 42 41 37 52 39 52 42 33 51 53 47 34 32 36
16 15 8 16 24 3 16 20 14 23 19 15 10 18 31 33 28 18 7 16
7 20 4 11 24 5 5 12 9 26 23 16 7 14 23 20 19 12 19 20
9 17 5 13 22 10 10 9 9 22 22 7 9 6 17 17 17 9 13 15
6 15 1 9 15 7 12 9 8 15 15 10 6 6 16 12 17 1 9 8
21 23 9 24 32 12 21 22 23 20 17 25 9 18 31 30 22 16 14 25
16 9 1 16 16 3 19 15 23 20 7 24 15 24 24 27 23 10 8 11
30 36 13 24 46 25 32 39 27 34 44 34 11 26 46 51 24 21 18 34
20 30 16 26 35 24 14 11 23 36 24 21 20 21 28 33 26 20 21 24
16 21 14 24 31 23 15 14 12 25 24 17 22 11 22 21 19 14 17 17
7 1 11 12 15 12 18 16 14 13 5 16 12 25 26 25 23 11 11 13
24 15 11 28 43 19 22 29 31 40 31 30 27 36 44 52 40 30 17 23
25 32 28 35 54 47 38 28 32 44 33 41 45 35 39 49 36 31 34 26
25 37 23 25 58 32 27 29 33 52 37 33 26 25 45 44 43 31 30 28
40 48 23 40 59 44 36 32 44 49 40 36 31 26 47 54 32 27 28 37
15 24 11 13 35 4 4 24 17 28 29 22 8 19 28 30 27 22 20 25
7 12 6 14 21 10 14 6 7 20 14 9 9 8 14 12 12 13 8 9
16 25 19 16 38 27 27 24 26 43 28 29 22 30 39 35 41 23 29 18
9 14 5 12 25 11 16 9 12 19 17 12 14 3 12 11 10 6 9 8
23 21 6 15 35 10 29 29 23 23 17 26 16 15 29 33 21 21 6 16
22 27 19 22 31 17 21 34 14 21 31 28 12 22 43 34 41 19 25 28
36 45 20 34 51 31 26 30 34 53 40 38 25 31 57 56 46 35 25 33
39 18 27 42 55 38 51 44 39 44 34 48 40 39 46 53 45 38 21 25
1 2 7 11 10 3 6 6 2 7 3 4 5 8 16 11 8 5 6 14
1 2 5 8 15 3 5 6 2 4 5 1 1 1 8 4 3 6 1 4
9 8 3 8 14 9 17 15 10 12 12 14 9 13 17 19 18 3 6 5
5 10 9 7 14 1 8 9 8 12 12 5 3 9 16 18 9 13 4 12
38 38 17 41 52 36 39 43 41 27 29 42 23 25 43 43 33 23 27 44
11 15 6 9 27 15 20 16 11 14 23 12 6 5 14 24 10 9 3 10
34 44 24 8 43 31 26 37 38 48 42 40 8 40 52 57 42 32 23 27
38 41 21 38 66 34 30 46 44 43 45 44 20 36 55 62 44 39 32 44
3 3 3 7 10 6 12 6 3 5 5 7 3 9 9 7 4 1 4 5
37 26 23 37 56 38 34 32 44 39 21 39 33 45 46 58 39 45 31 33
1 3 1 5 7 1 1 1 1 5 5 1 3 1 4 1 4 1 4 3
31 44 20 33 51 30 25 23 20 43 34 34 18 25 42 37 33 32 29 32
2 15 4 7 19 8 9 15 3 21 24 13 10 7 21 15 25 1 15 11
28 26 12 29 48 28 38 27 36 33 19 40 34 29 29 45 19 23 21 23
11 16 1 12 17 8 10 1 17 19 9 7 9 6 13 17 14 1 8 15
13 13 19 26 36 18 14 24 18 22 21 20 16 29 36 41 33 24 21 29
3 5 6 12 23 10 10 16 12 16 17 15 17 15 15 27 17 8 14 14
1 8 1 5 8 1 8 9 1 12 14 8 4 8 14 6 14 1 9 6
31 36 17 24 40 23 26 27 21 32 24 36 10 22 37 24 32 22 23 25
9 15 1 8 11 6 16 11 9 14 13 11 4 10 21 17 20 1 10 12
33 37 17 21 48 31 33 27 33 41 33 40 19 36 35 47 19 39 12 16
11 8 8 13 26 5 19 25 6 20 23 19 7 19 28 23 26 17 7 11
13 11 8 16 27 13 27 25 9 20 20 20 16 12 31 26 25 9 10 10
3 5 4 5 9 6 10 3 5 6 7 5 1 7 6 7 6 4 1 4
46 52 44 51 61 45 33 42 36 42 52 39 31 38 61 59 47 49 43 54
13 24 4 12 22 10 14 1 17 30 20 11 9 8 16 20 19 11 11 10
19 18 6 19 29 17 25 10 17 19 8 18 10 15 20 31 10 23 3 13
22 33 19 32 43 26 21 22 12 31 30 28 16 22 37 28 32 24 25 28
3 5 1 7 12 6 7 1 6 10 9 6 2 6 1 8 5 5 1 5
34 44 17 23 45 20 24 28 22 53 41 38 19 25 49 37 45 28 30 28
27 39 20 29 41 27 18 21 20 42 36 26 23 16 39 30 34 22 30 31
6 8 5 5 14 4 12 10 7 11 12 9 3 8 13 12 8 8 4 3
8 8 1 8 13 9 15 12 10 6 8 10 5 12 13 16 12 1 5 6
1 4 1 3 11 6 10 7 1 9 11 6 1 6 12 10 13 1 2 1
35 43 23 30 66 39 41 43 35 59 41 47 32 31 61 53 57 35 34 33
3 6 5 5 11 6 6 4 5 6 8 3 1 5 4 4 6 4 1 4
39 31 22 42 43 23 28 36 31 26 21 41 27 34 51 44 42 31 34 45
26 24 29 22 44 30 28 31 29 36 22 31 29 32 46 42 42 26 28 24
5 11 7 6 25 14 21 21 6 19 25 24 10 14 19 22 21 2 13 8
18 25 15 11 22 19 14 18 17 29 24 17 4 18 32 23 32 12 22 24
10 14 12 14 15 6 8 10 12 14 10 6 9 7 22 16 12 12 11 18
12 14 3 16 29 13 19 22 18 14 23 19 12 13 19 35 12 9 9 21
4 3 7 9 23 16 23 22 9 10 16 20 15 16 19 28 15 1 12 12
23 14 19 21 31 19 28 33 21 26 21 26 14 30 48 42 43 25 17 20
17 14 5 29 30 10 10 15 23 23 17 19 23 20 23 28 22 17 24 28
25 36 14 9 45 20 12 26 25 38 35 25 6 14 36 37 29 24 14 23
1 1 1 1 5 1 5 5 1 4 3 3 1 9 11 11 11 1 1 1
17 26 7 10 31 11 9 18 26 31 25 21 8 21 33 36 27 20 16 23
1 1 1 7 12 6 5 5 2 7 8 1 6 2 6 10 9 1 5 5
37 45 22 37 59 37 32 33 32 56 36 44 34 31 51 47 50 32 28 29
30 48 27 22 59 38 18 27 30 60 48 33 24 22 46 42 42 33 31 24
42 54 40 32 71 48 30 43 35 58 55 44 20 38 66 63 56 47 41 42
39 28 11 36 43 22 39 40 49 43 26 45 31 37 56 50 48 26 24 37
17 26 9 21 32 14 20 16 13 30 22 21 14 13 29 24 25 15 15 17
3 3 4 7 14 6 7 2 3 8 5 3 2 1 5 4 1 8 2 2
1 1 4 4 7 1 6 4 1 1 1 1 1 1 9 4 4 3 1 2
20 29 8 18 30 13 23 17 24 21 15 23 7 12 24 20 16 12 9 19
5 12 11 13 26 10 3 10 1 20 24 4 10 6 22 25 22 12 12 17
4 5 6 6 21 5 13 18 5 11 17 15 8 15 15 25 7 11 5 9
30 41 8 29 44 21 31 21 28 38 25 28 18 11 39 37 30 21 17 28
6 9 13 5 29 14 16 17 9 16 20 14 12 5 11 19 13 8 8 3
30 30 33 26 59 37 30 42 20 46 45 40 30 30 52 55 37 37 23 20
25 18 27 26 49 30 29 35 33 32 21 36 24 42 42 54 39 42 26 24
25 38 16 22 45 25 26 19 31 47 27 29 16 18 40 35 32 31 15 15
25 28 9 28 34 24 31 27 35 33 7 31 26 28 39 29 35 24 24 30
42 40 35 54 77 59 49 49 45 48 46 52 42 47 60 77 50 43 41 50
11 15 9 15 18 7 10 9 14 17 12 14 13 14 23 22 15 8 14 21
13 10 10 20 27 12 18 16 6 14 11 18 7 18 23 25 15 20 8 14
19 19 7 13 27 6 24 26 18 23 19 25 13 17 28 24 29 14 8 12
37 35 24 18 52 38 47 45 45 46 26 43 36 37 48 50 50 36 29 23
17 26 15 15 33 17 13 17 16 24 27 23 1 18 26 31 18 27 8 13
9 19 26 13 45 36 33 31 27 38 32 32 28 29 33 40 38 23 25 6
37 33 16 27 46 30 34 29 45 50 33 42 24 41 44 57 37 38 10 19
1 1 7 3 12 1 5 10 1 5 9 4 1 7 11 11 9 8 1 6
3 7 1 5 11 3 6 5 7 6 8 1 4 2 9 9 4 1 3 9
6 12 13 11 39 23 27 20 10 30 29 25 20 18 22 34 18 20 12 5
6 8 4 7 10 3 8 7 6 7 7 2 4 4 15 8 7 3 5 13
14 12 10 18 30 11 17 20 14 11 14 22 5 18 19 27 17 16 8 15
1 11 6 7 14 1 9 8 6 17 16 7 6 7 14 13 11 11 7 6
19 24 8 13 40 13 13 21 26 28 31 26 14 17 22 35 18 23 12 15
17 15 14 28 36 13 7 23 19 19 20 20 20 19 26 28 27 17 22 29
18 23 6 15 36 19 27 12 21 25 16 23 16 9 13 25 11 16 3 6
1 1 1 1 4 1 3 1 3 1 1 1 1 1 4 7 2 1 1 1
2 3 4 8 19 10 12 15 9 6 14 14 12 12 7 19 14 3 8 9
4 5 5 7 7 4 11 8 5 8 7 8 6 8 14 8 10 4 7 6
6 10 3 8 18 9 14 8 13 13 6 10 7 8 15 12 13 2 4 3
4 14 3 13 21 6 7 5 10 18 14 7 9 9 12 16 6 9 10 13
11 21 11 16 30 11 10 6 10 24 19 10 12 7 19 18 12 14 12 16
38 40 19 49 55 34 32 44 30 33 40 44 22 33 58 51 37 22 38 53
1 7 1 5 19 5 12 11 2 12 16 8 7 6 12 17 9 6 4 3
9 11 1 18 21 4 13 17 13 18 16 20 13 20 25 22 25 10 17 17
4 6 9 15 15 12 8 9 16 16 6 10 16 19 20 21 21 9 16 17
30 25 32 38 51 32 25 43 29 27 33 42 30 41 51 56 49 30 38 42
21 15 4 23 35 17 19 29 27 13 22 23 13 18 24 35 8 12 13 29
18 20 16 17 26 14 14 15 14 9 16 16 1 11 16 15 19 16 10 14
35 43 25 33 47 31 28 30 33 38 30 43 15 32 35 32 36 31 30 34
29 32 7 28 48 30 28 15 38 33 20 30 18 28 33 51 13 34 11 24
39 51 13 24 58 34 36 28 32 55 40 48 23 27 43 42 28 34 23 20
11 20 14 10 40 17 15 23 4 27 34 20 7 7 23 26 23 19 13 13
32 32 5 23 33 16 34 29 35 29 14 34 19 23 34 35 22 24 14 27
24 25 41 34 58 43 29 40 18 32 46 37 31 33 47 52 44 34 39 35
31 30 21 23 52 21 28 49 25 36 44 43 19 35 51 56 42 33 27 35
3 16 4 5 26 2 8 15 10 18 22 14 3 10 17 23 11 13 5 9
4 9 10 9 17 7 9 8 6 10 12 5 1 5 12 9 12 11 4 7
10 15 15 13 37 19 22 20 16 25 24 23 18 12 14 25 14 14 11 9
28 28 19 20 47 36 34 21 34 44 20 33 23 32 38 47 24 39 15 8
1 1 1 2 5 5 9 3 4 3 1 4 1 6 10 8 10 1 1 1
20 22 18 20 34 23 23 29 29 29 17 29 16 29 42 36 37 21 25 29
32 36 32 34 74 38 23 50 37 61 55 46 38 42 63 65 61 45 48 43
1 4 2 1 7 1 7 2 3 7 8 2 1 5 9 11 6 4 1 5
3 5 4 1 9 1 8 6 5 7 8 5 1 5 10 12 7 7 1 2
35 36 19 44 54 30 22 33 40 47 40 41 41 36 42 49 43 34 37 39
8 2 10 13 12 8 11 16 7 5 4 14 2 21 24 26 20 10 7 15
10 6 6 11 21 11 19 15 12 13 7 14 5 17 20 23 17 13 1 4
9 15 8 13 21 12 14 13 14 17 17 16 18 10 14 16 14 1 14 15
29 46 28 26 62 44 42 40 35 54 56 44 33 27 52 56 36 32 32 24
1 6 1 8 12 1 4 10 9 6 11 10 7 10 11 14 13 1 10 11
18 25 11 11 39 19 25 27 22 29 31 23 10 13 34 45 22 14 6 17
14 7 10 20 22 8 14 25 27 19 8 24 20 33 34 34 30 21 20 23
2 3 9 13 15 6 10 10 1 8 6 6 6 10 19 10 13 8 8 13
9 16 7 14 22 9 16 11 11 16 13 8 7 7 23 21 11 13 8 15
18 13 5 17 26 13 26 19 19 16 12 21 12 20 21 32 19 17 1 8
27 31 21 19 42 27 26 30 31 33 22 27 14 18 44 31 39 21 25 25
6 11 5 10 18 7 13 9 8 16 9 9 5 9 20 19 16 10 6 7
19 30 2 10 30 10 22 24 19 27 31 26 6 11 30 32 18 6 10 21
39 53 32 42 65 44 29 39 33 45 52 40 20 33 58 59 50 37 37 50
26 23 1 25 40 11 25 34 28 28 31 34 18 28 37 48 32 24 18 27
8 16 10 10 32 17 18 15 12 26 26 15 14 11 20 28 18 13 11 8
1 5 2 1 4 1 1 1 2 6 7 1 1 1 2 2 5 3 1 1
4 5 10 11 24 11 13 16 9 11 14 11 6 15 15 25 13 13 4 12
30 26 20 30 41 21 26 31 32 15 19 31 13 28 34 40 27 26 21 35
7 8 7 10 20 13 13 7 17 15 9 11 6 17 13 25 12 11 5 11
40 42 27 47 64 49 47 48 38 36 47 43 24 35 54 63 36 31 32 46
3 8 1 11 16 8 7 4 6 10 9 3 7 2 6 4 5 3 6 6
27 33 2 24 38 25 35 28 31 35 28 31 13 19 41 39 29 9 14 22
23 26 29 35 64 43 28 38 26 49 37 43 39 38 49 53 52 32 40 33
37 36 27 39 56 37 36 43 24 49 43 48 34 38 52 47 50 34 30 35
21 21 26 19 40 23 27 34 17 15 32 30 11 26 29 37 27 26 18 23
5 10 16 3 29 22 28 31 7 27 32 29 18 22 33 32 38 9 21 2
5 7 10 9 18 8 9 10 17 11 6 9 4 16 16 22 14 10 4 12
22 25 11 20 42 22 35 27 26 30 26 37 24 24 21 36 23 20 13 13
11 22 21 19 40 32 35 29 14 37 36 33 31 23 35 32 38 16 29 13
25 34 5 19 38 18 20 19 28 31 28 19 10 7 32 35 9 13 11 22
5 13 3 5 17 3 11 10 8 16 15 10 9 2 14 10 11 2 6 5
26 33 20 32 37 24 23 20 24 37 26 30 24 25 33 37 32 26 21 27
8 9 1 12 29 11 15 18 16 17 18 19 10 21 19 35 20 13 7 10
22 28 17 26 38 30 29 23 32 36 25 25 20 26 44 47 34 17 23 29
5 5 1 7 16 10 10 6 5 7 10 6 5 3 1 6 4 4 1 2
1 9 3 1 6 3 3 1 4 10 11 3 1 1 5 4 11 1 5 1
6 5 14 8 28 23 27 24 12 25 19 20 20 21 28 32 33 8 16 5
19 34 13 18 49 24 28 34 25 44 35 36 28 19 32 32 32 25 29 23
7 17 4 5 20 6 12 8 10 17 16 11 1 5 11 6 10 7 5 5
14 23 14 16 40 23 21 19 17 32 34 23 17 13 21 35 18 23 13 12
23 12 21 24 44 18 29 45 18 23 34 37 23 36 41 55 36 29 21 26
15 17 8 12 26 10 15 10 18 13 7 11 7 4 10 13 6 11 2 10
22 29 17 37 37 29 18 12 23 33 19 24 25 25 30 34 29 25 23 29
6 19 1 11 17 7 9 4 9 24 19 7 8 4 14 10 17 8 13 9
23 26 22 32 43 25 28 27 15 24 30 27 13 27 35 37 31 33 21 26
17 27 5 25 40 20 21 10 22 32 23 22 18 19 22 34 12 28 12 18
32 29 15 20 53 33 42 39 27 48 46 44 25 28 45 56 40 29 14 14
29 25 22 36 37 25 27 26 18 26 24 30 21 29 40 44 36 27 22 33
1 4 3 6 10 6 10 6 7 10 7 7 4 12 12 15 11 4 5 7
35 52 17 34 61 41 29 26 37 63 38 38 35 25 42 40 47 32 36 34
45 46 23 48 63 46 46 31 41 39 32 47 34 30 39 42 36 45 32 36
21 17 18 8 42 19 25 34 18 27 32 28 12 23 34 44 21 29 2 6
1 1 1 1 4 1 2 1 1 7 9 1 1 3 5 8 8 1 1 1
5 7 8 13 14 6 14 12 6 8 4 10 6 13 21 15 16 7 7 13
4 9 2 3 11 7 7 1 10 14 11 3 1 7 6 14 12 5 1 3
26 40 15 9 41 21 18 23 24 45 34 33 5 20 39 30 30 24 18 18
22 23 25 34 42 30 20 25 11 19 30 25 18 22 33 35 32 25 24 30
9 8 7 11 22 5 16 21 10 15 16 18 11 20 20 28 11 16 7 11
19 34 21 22 50 26 22 37 17 41 48 35 27 23 48 48 36 18 33 35
13 25 10 20 38 23 18 12 15 36 29 15 18 12 27 32 25 19 15 14
15 26 10 20 31 14 16 7 18 29 20 14 13 10 20 23 14 17 11 18
38 46 31 46 63 50 38 39 31 40 46 41 28 29 54 56 48 32 34 43
20 29 7 14 29 12 16 17 24 30 22 27 13 16 22 18 23 12 21 24
1 2 8 7 20 5 4 12 1 10 15 3 7 1 10 17 14 8 5 8
27 35 24 16 50 31 28 34 31 38 37 36 22 29 39 49 27 33 18 23
15 19 6 14 21 7 11 14 21 17 7 16 10 9 15 11 15 12 10 19
11 15 15 17 27 10 8 13 7 18 17 11 9 9 24 19 16 15 14 17
16 25 5 16 25 18 18 5 24 26 14 17 10 16 18 25 17 16 8 13
1 1 1 1 12 7 8 6 1 1 8 3 3 1 1 7 4 1 1 1
11 6 1 21 25 7 10 11 17 14 7 16 15 15 14 18 9 14 11 16
49 39 32 55 70 45 45 48 43 51 46 57 45 50 57 75 54 49 31 44
13 25 17 11 39 15 10 25 6 29 36 21 6 10 28 24 28 19 20 19
11 12 6 11 22 8 15 16 11 10 13 9 1 4 21 25 7 10 2 15
11 19 6 18 30 9 10 17 19 22 20 19 12 12 18 19 19 15 16 18
1 2 1 4 6 1 1 1 2 7 4 1 3 1 7 5 3 2 4 6
18 17 11 19 36 23 25 22 34 27 17 26 21 30 27 42 28 23 16 16
33 31 16 26 46 25 34 37 25 35 32 43 19 33 37 36 35 28 16 21
28 25 17 30 33 15 26 23 23 33 23 29 24 26 40 34 35 21 18 27
27 28 31 26 68 43 42 44 43 58 44 50 48 45 55 67 52 37 42 23
23 25 26 36 54 36 23 40 27 46 47 44 47 36 44 46 50 28 47 34
27 26 6 17 32 26 36 22 36 30 5 30 19 25 31 27 32 19 15 17
22 17 19 29 40 29 33 35 25 41 36 36 35 36 46 49 51 20 26 27
30 25 9 29 43 12 27 43 33 30 32 44 29 34 41 42 41 26 30 33
23 29 29 27 53 44 40 32 32 49 40 36 39 34 39 50 41 32 30 10
13 19 13 22 28 21 17 14 16 20 19 18 20 13 21 23 20 11 15 19
1 8 3 7 18 9 11 8 2 15 19 8 7 1 10 8 12 3 8 3
12 25 8 9 29 6 13 11 15 25 23 11 5 1 18 17 14 14 9 11
31 38 12 35 35 31 28 1 29 38 20 28 30 23 29 29 21 24 23 26
30 25 15 34 40 25 30 25 31 24 14 38 20 37 32 45 25 34 18 26
6 5 13 15 20 8 9 13 1 13 11 9 8 13 22 18 16 15 12 17
1 2 1 1 1 1 3 1 3 1 1 1 1 1 6 1 1 1 1 1
1 12 1 2 12 3 2 3 1 15 16 5 1 1 7 3 10 2 7 4
41 36 22 38 62 44 52 42 42 58 45 48 43 36 57 62 55 29 28 32
44 32 33 47 52 33 33 46 28 40 46 41 31 37 61 58 49 41 29 45
34 43 22 25 48 39 29 32 41 53 44 30 19 30 54 56 31 29 24 30
24 32 17 24 37 27 26 23 22 31 30 26 27 16 31 34 31 9 23 25
5 10 4 9 15 7 13 6 5 19 15 9 4 8 17 17 18 9 8 5
17 24 14 26 34 20 17 16 19 25 21 19 16 15 21 21 20 18 15 20
1 1 4 6 10 1 3 3 1 10 7 1 3 3 13 7 8 5 4 8
8 18 1 11 28 6 10 12 12 21 21 14 6 8 17 21 10 13 10 15
26 39 12 5 36 17 15 24 25 42 32 35 5 21 35 31 29 23 16 17
8 18 19 16 42 23 21 25 9 33 37 23 20 17 32 37 24 19 18 16
18 24 2 26 36 13 13 12 23 34 21 25 20 20 22 33 22 26 19 21
19 23 22 18 46 27 28 31 15 27 37 32 14 24 30 44 28 27 14 16
23 23 17 26 45 20 21 38 22 22 33 33 15 26 37 40 31 24 24 35
6 7 6 11 18 13 14 11 10 5 12 12 9 9 6 13 7 6 5 8
33 41 22 34 54 24 20 34 29 39 37 40 18 28 43 36 40 36 36 40
43 50 22 23 58 34 29 50 31 42 54 45 5 32 58 58 33 30 23 36
15 18 23 23 44 27 27 33 10 18 32 23 15 18 37 40 24 19 21 26
26 16 33 32 59 43 45 49 35 38 30 49 40 50 54 66 51 37 35 28
34 18 29 39 61 47 59 54 45 45 34 54 45 49 59 70 48 35 26 31
17 27 18 20 45 25 17 18 18 33 31 21 19 9 26 33 15 23 14 17
27 29 23 33 59 34 31 31 38 43 29 34 34 30 41 55 40 30 27 30
37 37 38 36 66 41 22 47 30 42 53 42 31 35 55 66 39 42 34 43
13 22 2 16 24 14 20 12 16 21 14 16 16 2 19 8 17 5 14 12
6 12 7 12 16 8 7 5 7 12 9 3 9 1 13 5 8 3 10 9
5 1 12 9 16 5 4 12 4 6 10 6 1 10 12 12 8 12 6 12
19 24 11 21 27 8 19 18 20 31 22 23 19 21 32 35 30 18 17 22
2 3 5 4 8 8 4 2 10 9 2 1 5 8 10 12 12 4 5 4
19 30 3 15 30 17 23 9 19 30 23 20 9 13 21 28 13 20 8 10
7 11 12 12 26 20 17 14 17 20 15 11 15 10 18 20 21 10 11 7
21 24 14 16 40 15 15 28 28 20 25 23 14 16 26 44 15 25 10 24
20 33 13 33 47 27 17 14 21 43 31 25 26 22 33 41 28 30 22 26
20 25 24 11 42 24 18 24 30 39 24 23 18 28 43 48 30 30 18 16
12 25 11 15 41 23 26 17 15 38 30 25 24 9 20 24 26 14 19 7
2 10 6 1 14 5 2 2 10 17 13 1 1 6 11 19 13 12 1 3
17 25 7 12 31 17 15 21 25 22 30 18 9 11 19 40 14 13 5 19
1 6 11 7 22 8 11 16 4 15 21 10 10 8 14 22 16 11 7 10
9 17 4 9 17 5 10 6 9 21 14 11 8 11 19 21 11 10 9 11
24 13 4 26 29 4 22 26 28 16 8 32 19 27 28 27 21 20 14 20
9 18 12 19 31 15 10 8 8 25 22 7 13 5 20 22 19 17 13 14
1 4 1 8 7 3 3 2 5 6 6 3 3 5 4 5 8 1 4 7
19 30 20 15 49 31 24 26 28 47 40 33 25 25 36 48 31 21 20 16
1 5 1 1 1 1 5 1 5 2 2 6 1 7 3 4 4 1 1 1
28 37 39 26 57 35 32 53 22 42 57 48 13 42 52 56 49 35 42 41
12 20 1 13 19 10 15 1 15 24 11 11 9 6 6 13 11 10 5 4
1 1 2 3 4 1 5 1 2 3 3 3 1 6 6 4 1 1 1 4
25 31 3 15 33 15 25 18 27 24 24 20 6 8 22 29 7 11 7 18
6 11 4 15 24 6 13 10 13 13 8 14 6 14 14 24 10 17 3 10
22 21 8 21 33 13 22 16 19 20 13 24 8 21 23 36 14 24 5 15
6 9 14 20 19 10 8 14 5 7 11 12 7 16 23 19 16 11 15 22
8 11 7 5 11 5 9 6 11 10 11 1 1 5 11 12 6 9 4 9
12 24 6 12 32 15 15 17 19 27 30 22 8 16 23 34 19 18 11 13
7 14 11 7 25 12 1 9 7 20 22 6 1 10 19 25 18 20 4 8
32 28 17 30 46 23 20 31 33 26 27 35 13 31 39 50 20 39 16 29
8 9 1 7 16 9 12 4 11 8 9 7 4 6 4 15 6 5 1 6
16 26 6 10 24 7 15 12 16 28 25 14 9 11 26 26 17 14 11 14
43 45 14 40 60 32 30 42 51 49 39 46 23 36 52 54 38 28 33 48
30 25 11 32 35 20 31 29 26 25 22 26 16 20 43 39 31 15 10 28
33 39 10 29 48 32 38 23 35 41 34 42 27 34 33 50 23 36 16 18
1 5 3 7 18 3 5 4 5 11 10 3 1 6 10 18 5 10 2 8
19 15 24 27 37 30 15 16 20 27 12 19 21 24 34 35 31 25 21 24
15 17 20 13 32 19 20 35 8 20 31 28 8 23 37 34 41 17 18 17
39 37 21 33 62 35 38 47 41 54 49 53 26 47 55 64 53 43 30 33
1 1 1 1 13 1 3 1 1 6 8 1 1 1 1 6 1 6 1 1
1 1 6 4 13 4 6 9 1 7 12 4 5 5 9 8 6 6 4 5
41 40 15 48 61 43 51 40 40 47 23 53 46 37 47 50 43 35 33 37
10 17 4 13 19 1 9 9 18 22 17 15 12 14 14 20 17 11 14 15
36 45 33 35 67 44 31 39 43 53 45 38 32 37 57 65 49 46 37 36
8 18 2 11 23 10 17 12 14 18 21 12 8 9 16 25 11 9 6 12
19 17 15 32 39 23 22 23 28 33 16 28 28 32 39 40 39 25 24 26
35 35 18 31 43 20 32 34 26 26 29 32 12 21 46 44 28 27 18 32
19 15 32 16 47 33 36 42 20 27 33 33 20 35 47 56 43 30 25 18
36 19 16 38 57 23 37 43 34 31 29 49 30 38 38 55 37 38 17 26
3 5 4 8 12 6 8 2 4 10 8 3 3 1 7 4 5 6 4 3
1 1 3 1 11 4 5 7 1 6 11 2 6 1 5 5 6 1 3 1
4 5 9 7 13 5 11 11 5 3 3 7 1 9 14 10 8 8 2 6
14 24 1 16 20 14 12 15 22 21 22 12 5 10 25 26 17 1 12 23
15 17 13 14 23 14 17 25 16 9 20 15 5 13 27 29 21 12 7 19
7 6 9 6 18 8 10 17 7 3 12 6 5 4 12 19 9 6 1 13
48 55 20 49 67 41 38 35 44 58 37 58 44 41 56 50 47 39 45 50
15 17 14 26 25 16 15 18 14 22 17 22 19 23 31 31 31 15 19 24
30 42 15 17 45 26 19 31 28 43 47 28 10 16 42 40 22 24 19 27
13 13 10 15 25 12 14 14 15 10 12 10 1 9 16 23 6 14 1 19
11 16 15 18 33 26 22 17 13 23 20 19 22 12 27 30 26 9 15 12
13 17 5 17 25 12 22 13 16 19 12 21 10 20 16 25 13 18 3 9
25 26 10 31 51 28 24 20 25 34 26 30 31 20 31 47 17 26 20 26
28 34 11 30 39 27 30 12 28 46 23 30 26 30 35 44 34 28 15 17
4 8 1 5 11 2 8 5 6 13 9 6 4 9 13 17 13 4 5 7
5 12 4 5 13 4 9 6 8 14 15 6 3 5 10 7 8 5 6 3
5 11 1 6 18 4 9 5 8 13 14 4 3 7 11 18 2 9 4 9
1 11 4 3 14 1 3 7 1 17 20 6 1 4 10 9 15 7 9 6
5 7 1 3 9 4 6 1 8 4 1 2 1 1 2 6 1 4 1 1
7 2 4 10 8 5 16 10 3 6 2 11 6 11 17 12 14 5 5 4
4 10 6 9 24 10 9 10 9 18 16 12 16 6 9 18 9 1 12 11
26 37 18 34 48 23 10 24 25 40 36 27 24 19 42 41 33 30 30 39
20 14 5 19 31 14 30 28 16 19 23 24 12 14 31 33 24 15 3 13
27 26 28 24 55 36 41 44 28 52 43 40 36 33 60 56 58 26 31 24
1 1 1 5 11 5 3 5 1 4 8 1 8 1 5 4 4 1 5 5
13 4 24 14 43 25 29 43 28 29 26 37 31 41 42 51 44 25 27 17
8 22 3 1 24 5 8 14 8 21 28 11 2 1 17 20 12 8 6 7
41 34 30 46 53 38 35 42 36 41 42 40 26 42 65 63 56 36 27 44
22 24 19 26 38 21 18 23 12 25 26 24 16 16 32 27 28 19 18 21
8 7 6 7 15 9 10 8 10 8 9 4 1 7 11 16 9 6 4 8
14 22 1 13 23 13 16 6 17 19 16 9 7 5 10 18 6 10 4 7
41 39 22 44 50 32 30 36 44 29 32 42 20 37 43 53 40 38 30 42
25 22 22 28 55 28 33 40 35 46 31 41 36 37 51 57 52 28 32 27
44 36 20 39 58 33 35 44 43 41 38 47 24 43 52 68 38 46 15 30
1 1 1 6 6 1 6 4 3 7 5 6 4 9 10 8 7 1 5 8
32 30 12 32 52 30 33 39 36 43 41 37 27 33 54 66 40 26 22 32
34 43 34 38 48 30 26 34 28 38 47 35 22 35 52 54 46 40 36 43
23 19 19 32 44 31 29 28 23 22 24 30 21 27 30 46 26 26 18 28
32 42 18 36 50 35 35 38 46 49 24 42 35 35 49 36 52 34 41 41
22 16 7 23 29 4 18 25 25 29 23 26 19 27 39 41 29 28 12 23
5 7 6 9 23 10 9 14 17 12 13 11 9 16 16 28 11 11 7 13
19 29 2 11 32 15 26 29 17 25 36 25 6 14 31 38 16 8 10 19
45 54 10 32 54 39 46 39 42 46 41 49 15 25 43 41 27 17 27 34
21 35 15 22 49 25 26 24 23 41 33 28 21 11 34 34 29 25 17 19
34 48 8 18 40 22 27 27 31 42 40 33 5 18 38 35 21 13 23 31
13 11 8 9 33 19 29 24 25 27 17 28 17 26 23 38 29 14 10 4
50 32 23 45 50 34 51 47 44 37 27 50 29 41 55 46 47 39 26 42
21 19 26 24 48 26 15 31 27 26 30 27 13 34 38 49 37 40 24 26
15 25 16 10 37 15 16 21 17 33 33 19 14 9 30 36 24 20 13 13
6 13 3 8 11 9 13 4 7 13 11 10 4 4 9 4 11 5 6 3
55 47 16 54 52 34 48 56 53 41 28 58 34 45 66 54 48 37 41 57
1 1 6 5 9 1 2 8 1 1 4 1 1 5 11 8 6 5 2 8
8 8 12 10 15 5 8 14 4 2 8 11 1 10 18 12 11 11 7 10
25 20 21 23 53 28 37 46 36 39 37 42 33 39 55 68 41 33 23 24
15 17 6 14 21 11 13 15 18 12 15 9 5 3 19 18 5 7 6 17
1 6 1 1 10 1 1 1 1 8 11 1 1 1 2 4 1 6 1 1
1 3 1 4 5 4 3 1 2 11 4 1 1 3 11 5 14 1 4 1
17 27 4 16 31 15 22 26 14 27 33 24 12 12 34 35 25 4 15 25
22 28 5 32 48 11 18 28 26 40 34 32 26 26 35 37 31 32 28 30
29 33 2 38 39 25 28 22 34 30 22 33 22 23 35 37 23 16 23 35
1 6 2 4 8 1 1 3 8 9 9 4 2 6 3 9 5 4 3 6
15 22 1 7 21 7 15 8 24 21 13 17 5 12 17 30 12 10 3 13
13 18 1 16 23 13 19 7 24 21 9 20 11 16 11 19 14 7 6 9
46 38 16 49 55 36 49 44 37 45 40 48 26 39 57 56 36 33 23 40
14 15 6 16 30 23 30 17 14 22 14 26 22 17 19 28 17 8 11 5
27 42 7 27 45 25 23 14 29 46 23 26 22 8 29 22 25 30 19 17
22 30 11 26 29 18 17 14 25 24 20 19 18 13 25 24 19 9 19 28
6 4 11 9 13 5 7 11 5 5 8 7 2 8 17 14 9 11 6 11
6 4 8 18 22 4 5 14 11 14 11 11 14 14 19 19 17 15 15 21
14 12 15 24 37 16 23 33 18 24 26 27 22 28 34 44 34 23 17 22
7 10 9 9 30 18 18 14 13 17 17 13 10 7 13 27 14 13 2 4
27 28 22 28 52 33 36 29 26 30 30 39 23 30 26 45 21 31 17 22
22 32 9 26 42 26 20 12 25 40 21 19 23 8 25 22 28 21 19 18
37 38 32 40 61 43 45 38 39 39 34 43 28 38 45 53 41 43 28 29
3 7 5 6 9 5 10 5 8 4 4 7 1 8 8 7 7 5 1 6
23 31 24 13 47 31 28 30 26 50 37 34 17 34 46 43 44 32 30 20
20 33 15 13 46 22 16 30 23 37 39 33 11 21 35 40 27 26 16 19
8 11 4 7 17 8 17 9 8 13 13 12 1 13 11 17 10 10 1 5
2 9 1 5 4 1 2 1 4 10 8 1 4 1 11 3 9 1 7 7
9 15 1 2 13 1 11 10 12 15 16 14 1 13 12 24 14 5 3 7
1 1 1 1 7 2 7 1 1 3 3 2 1 2 2 7 3 1 1 1
21 23 10 23 36 23 31 30 24 19 28 26 9 17 29 40 18 13 9 25
7 9 9 9 19 7 10 7 9 11 11 5 1 7 11 17 7 14 1 12
9 21 9 9 29 10 2 9 13 29 23 10 1 9 24 24 20 18 8 11
13 20 7 19 24 15 12 3 11 23 16 11 14 9 17 20 15 12 11 14
30 31 38 37 55 44 35 46 21 33 44 40 33 30 54 51 44 28 36 37
11 16 5 16 33 19 18 14 16 24 24 22 18 15 9 30 14 14 11 9
1 3 4 1 6 1 6 5 1 6 7 3 1 4 9 5 7 4 1 1
22 16 27 27 51 39 39 37 19 33 30 34 29 31 48 55 42 26 23 20
5 14 1 4 12 5 6 1 11 18 8 6 2 1 8 5 14 1 5 1
7 16 5 10 16 6 12 10 12 14 13 11 2 8 19 14 12 6 9 16
19 27 19 26 43 26 24 28 11 37 36 29 24 16 38 35 40 20 25 23
6 7 8 12 15 5 5 9 5 8 7 1 5 1 18 15 14 6 7 16
4 3 3 9 10 1 2 8 12 3 2 9 7 12 11 12 8 7 8 12
37 51 19 19 50 33 27 30 43 48 44 36 10 22 44 47 27 30 17 29
24 22 16 22 49 29 42 40 34 41 23 40 31 33 41 46 43 29 20 18
7 11 4 6 14 6 13 11 11 19 17 14 5 20 18 30 21 11 6 9
21 22 17 22 47 19 27 39 21 29 34 39 18 32 38 49 41 26 21 22
32 37 15 31 53 33 38 19 36 44 25 35 23 33 37 45 32 38 17 20
1 8 3 6 9 3 5 6 4 12 14 3 6 3 10 7 13 1 8 5
14 23 18 16 42 21 22 25 15 28 33 28 13 15 24 28 26 18 17 16
1 9 4 6 20 6 8 12 5 22 19 10 4 13 23 20 23 7 10 11
4 7 1 2 4 2 4 1 9 3 5 3 1 6 3 7 4 1 1 7
18 19 15 32 32 27 19 11 19 24 12 21 17 25 28 31 24 23 16 24
18 30 1 23 28 19 22 5 21 33 17 21 18 13 22 21 17 17 17 16
12 19 24 13 38 29 28 30 21 31 27 23 25 18 43 42 38 13 22 17
8 6 19 16 32 19 18 23 9 19 24 16 17 16 25 33 25 13 16 20
4 5 1 2 10 6 9 3 10 9 7 4 1 9 11 22 9 2 1 8
8 12 4 5 25 11 7 6 7 16 19 7 2 2 7 15 2 15 1 1
1 2 1 1 1 1 4 1 2 1 1 1 1 1 3 1 1 1 1 1
12 12 9 13 25 6 18 20 17 12 9 20 9 18 19 22 13 11 7 14
2 3 1 3 6 4 9 1 4 1 1 4 1 1 3 3 1 1 1 1
8 8 7 6 12 7 11 6 10 7 7 5 1 7 10 16 7 8 1 11
37 40 25 32 68 52 48 33 41 53 34 42 39 33 55 68 35 40 27 26
8 11 4 11 17 8 10 6 15 8 6 9 5 8 5 12 3 8 1 9
1 1 1 1 4 4 3 1 1 4 3 1 1 3 1 6 6 1 1 1
32 37 32 34 53 37 31 35 34 48 37 33 33 35 52 54 50 36 30 32
1 2 1 1 10 1 1 2 2 6 8 1 1 1 1 7 1 3 1 1
18 29 2 14 31 15 18 14 24 31 23 16 7 8 28 24 24 4 13 21
29 27 19 33 43 16 21 27 25 29 25 32 22 29 42 44 33 28 27 37
7 10 3 1 13 2 9 8 10 4 8 5 2 1 8 8 3 2 1 4
28 38 13 23 43 27 21 12 30 42 24 26 14 22 33 40 18 35 9 16
3 10 4 3 11 1 5 3 6 12 14 3 1 4 6 10 9 8 3 1
13 17 8 14 20 8 9 13 14 14 16 7 2 5 21 24 15 11 6 20
1 1 1 3 13 4 5 8 6 4 12 6 5 6 2 15 2 1 2 7
4 7 10 16 23 9 1 10 12 20 13 6 14 14 24 25 27 11 16 20
5 7 4 9 12 8 9 5 5 9 10 5 4 5 5 1 8 4 5 5
37 27 20 35 46 32 40 38 33 22 26 36 15 35 43 52 36 33 12 24
7 8 10 10 17 9 9 8 13 15 8 1 6 9 20 21 15 12 7 14
3 9 4 11 14 7 11 4 7 14 10 7 6 8 13 11 10 8 7 9
11 14 11 17 24 14 12 13 13 12 12 10 9 7 12 12 11 15 6 9
7 10 12 20 27 10 11 16 6 14 14 14 8 17 24 25 16 15 13 20
7 8 18 14 31 20 12 19 13 20 19 10 10 16 24 26 27 19 13 11
29 42 19 36 59 37 26 19 27 54 39 30 28 28 46 48 39 38 29 33
26 34 1 28 37 25 33 22 26 36 18 29 26 14 30 18 29 16 23 20
1 5 5 2 13 1 2 8 1 8 13 1 1 4 11 9 8 8 1 3
2 7 7 13 21 4 7 19 6 9 15 14 6 14 21 15 17 9 13 17
5 9 1 4 13 2 5 5 9 13 13 5 4 5 5 10 6 4 4 6
32 36 16 27 47 30 32 32 28 38 38 31 22 21 46 53 32 21 18 29
1 3 12 5 25 9 7 14 7 15 14 6 3 16 20 29 16 18 4 8
31 34 24 20 57 36 26 36 40 49 29 34 27 24 43 44 36 42 22 19
6 10 6 14 20 13 11 8 16 18 14 10 8 14 12 20 16 9 8 11
38 37 25 36 59 43 52 51 33 36 41 49 25 28 53 51 39 23 31 35
3 2 2 4 8 3 10 8 5 5 8 9 2 12 7 14 10 1 2 7
41 50 31 37 68 44 25 35 38 52 49 44 29 37 48 61 41 48 29 34
29 33 11 30 44 18 28 36 34 41 24 41 24 31 45 36 45 29 31 35
7 8 12 9 29 12 12 16 9 16 17 12 9 5 15 22 15 11 7 7
1 2 1 1 15 2 4 4 1 10 15 1 2 1 4 11 6 5 1 1
15 23 5 13 25 14 20 18 16 18 23 16 1 8 25 20 11 6 9 20
1 1 3 4 10 1 1 4 1 5 7 1 1 1 5 2 4 2 1 2
19 22 12 18 38 15 21 28 25 22 24 26 17 14 27 36 25 16 16 24
28 45 20 24 63 42 31 38 32 55 54 34 23 18 54 55 36 18 30 30
3 5 1 10 13 3 5 5 10 7 8 8 5 10 7 11 8 6 7 9
1 1 8 6 13 6 11 8 1 7 8 6 1 6 11 11 9 9 1 5
19 32 10 23 31 17 19 14 13 37 28 24 18 14 32 26 29 19 20 16
4 8 10 10 14 4 3 10 7 12 12 3 5 5 14 12 17 10 7 10
12 22 8 18 23 11 15 9 15 21 14 9 9 4 23 15 16 13 11 16
23 23 1 26 40 23 29 30 32 29 26 35 20 25 35 48 31 14 17 25
30 42 41 31 63 42 31 47 29 49 53 39 15 41 60 53 59 45 45 40
9 11 4 6 15 4 6 7 12 13 12 6 6 4 7 13 6 6 6 7
35 39 37 46 65 43 30 48 33 44 49 53 40 42 57 57 59 36 49 45
33 41 6 35 58 27 25 37 44 49 32 38 34 24 48 46 45 28 35 44
44 43 16 42 67 46 47 38 58 51 28 48 42 34 49 61 36 33 32 37
22 24 3 21 40 15 16 16 33 30 13 23 16 15 21 29 22 25 12 20
36 32 20 42 48 20 27 38 37 29 36 42 22 40 45 49 44 40 36 42
25 31 8 18 37 22 26 19 34 34 14 19 18 14 30 29 24 24 16 20
14 19 12 17 29 10 15 18 11 21 21 11 10 12 32 31 16 18 11 23
11 19 11 19 36 15 14 15 15 26 22 16 20 5 17 24 17 11 15 20
20 21 22 30 56 28 30 45 24 47 45 43 38 40 55 56 57 27 40 33
24 20 6 26 22 16 29 18 21 19 10 21 18 16 31 27 22 11 11 17
27 23 14 38 46 17 15 26 33 36 26 29 30 32 41 43 40 31 32 39
33 39 29 37 58 38 26 38 24 34 47 34 23 23 49 56 34 30 27 41
27 24 1 24 34 15 34 25 28 25 22 29 16 16 30 34 18 9 6 20
15 18 13 22 36 23 26 18 18 23 15 22 21 16 19 27 13 20 10 13
9 9 14 15 33 20 19 20 12 16 18 16 9 15 21 29 19 19 6 9
4 10 7 11 15 8 2 4 2 9 11 1 10 1 13 6 9 3 10 9
19 29 1 12 21 13 18 8 18 24 13 19 5 8 18 15 16 5 10 13
11 25 5 9 28 8 6 14 18 26 28 14 6 9 21 27 14 15 12 16
10 18 8 10 22 5 9 10 16 20 19 9 6 9 13 22 13 13 8 15
1 2 1 6 9 2 6 1 1 9 6 1 2 1 6 3 4 1 3 2
28 29 5 20 33 17 33 17 29 26 10 27 13 17 26 34 18 22 5 15
9 13 13 14 35 19 19 19 15 19 21 17 10 15 20 36 17 19 6 13
22 31 11 20 39 20 22 27 23 33 24 26 18 12 33 22 34 16 23 29
51 60 24 40 72 50 49 40 54 60 44 53 24 39 59 64 40 42 30 41
23 23 23 29 33 21 22 30 14 31 31 28 16 28 50 40 50 25 27 28
33 19 19 42 53 24 27 39 31 36 32 40 27 40 52 56 43 42 23 34
35 52 12 37 53 29 31 20 36 48 34 37 25 19 41 43 25 26 22 35
29 38 12 30 49 34 41 31 36 50 24 37 32 27 45 35 46 29 29 23
6 12 6 5 9 1 3 6 10 10 8 1 1 3 14 14 13 6 3 10
11 21 5 9 21 4 15 11 15 24 16 17 7 10 19 17 18 13 9 11
20 27 19 17 43 22 16 30 28 32 35 26 19 22 37 49 24 27 16 24
34 32 25 42 46 34 31 36 33 51 39 45 37 44 56 48 58 30 34 38
3 5 1 1 1 1 3 1 6 1 1 1 1 1 3 4 2 1 1 3
15 15 9 21 20 14 19 15 9 17 12 17 17 18 26 20 22 9 15 16
3 3 3 3 10 5 9 9 3 5 11 6 4 5 7 9 7 1 3 3
28 34 11 33 48 29 34 15 23 42 30 31 27 26 38 44 29 36 19 21
3 7 8 7 11 1 9 12 5 9 10 7 4 7 16 9 12 7 5 7
5 9 7 9 18 8 13 7 7 12 11 8 4 7 12 11 5 12 5 5
49 42 2 45 55 41 56 37 53 47 19 48 36 34 49 50 37 29 17 32
16 21 26 14 40 23 14 35 10 28 40 29 11 23 30 31 33 21 26 28
47 31 23 55 64 38 41 48 45 47 33 55 45 46 60 58 60 43 33 44
6 16 7 13 22 13 13 5 15 25 15 10 10 16 21 26 20 11 10 13
36 49 22 38 54 42 33 36 44 52 40 40 25 32 57 51 41 21 38 48
10 14 11 16 36 13 15 23 16 16 21 20 11 18 23 34 12 23 9 16
1 7 1 6 9 4 5 1 3 9 9 1 1 1 4 1 8 1 4 1
44 49 30 47 56 39 29 33 36 44 35 36 32 22 47 40 45 36 36 45
34 42 35 32 56 36 31 38 29 44 46 34 22 35 61 60 55 40 36 36
1 8 6 4 22 7 7 10 3 13 20 4 5 3 7 17 9 12 3 3
7 6 14 13 15 8 5 12 5 8 11 7 5 8 16 11 14 13 10 13
14 19 14 17 27 14 11 15 12 20 23 9 17 8 25 24 16 13 15 22
20 28 8 18 40 21 17 23 21 27 32 16 5 6 33 36 9 17 7 20
5 1 1 3 1 1 11 7 3 3 1 8 2 11 11 12 8 1 1 3
17 25 10 10 31 15 26 30 19 23 28 26 9 9 33 33 25 5 11 17
23 17 30 24 53 30 39 49 28 35 37 47 31 45 47 60 45 34 28 22
2 13 3 1 7 1 5 5 5 14 15 7 1 4 11 5 11 4 7 4
9 9 9 14 20 2 5 14 16 12 11 14 8 16 16 22 12 18 10 17
32 39 28 43 44 37 22 24 27 35 32 33 23 32 43 44 44 32 33 40
12 24 14 17 33 14 10 13 9 29 28 12 12 7 28 28 23 20 13 15
29 20 24 28 57 35 40 48 25 41 47 40 26 34 59 66 46 33 18 27
11 22 5 21 27 16 15 5 15 24 15 13 15 11 17 19 16 13 10 13
1 4 1 1 3 1 1 1 2 2 4 1 1 1 1 1 3 1 1 1
12 8 7 27 30 5 6 19 18 21 15 16 21 22 30 30 27 19 22 29
