1000 20 10 2684
3 10 1 4 3 0 1 9 10 3
4 5 3 4 3 0 8 3 5 0
0 1 4 3 16 2 2 10 3 1
3 4 2 8 1 6 1 5 1 3
8 18 4 4 4 3 16 5 1 15
13 7 9 7 6 4 17 13 1 1
10 3 3 5 1 3 3 7 7 4
7 13 5 8 7 5 3 8 3 18
6 18 2 17 7 18 6 6 0 15
11 8 9 18 9 14 1 19 8 13
8 7 13 6 0 16 8 2 1 10
4 19 10 11 20 22 1 7 1 8
10 6 3 4 5 10 18 10 20 3
13 7 3 9 14 7 3 3 11 1
5 7 3 1 4 5 8 1 5 10
9 4 0 10 4 9 2 5 11 7
3 1 3 7 1 3 1 5 5 8
2 18 4 3 2 4 0 13 1 3
2 4 23 8 4 1 1 16 7 16
2 10 11 3 3 12 3 3 6 9
8 11 14 5 18 11 12 7 3 5
7 4 5 6 4 1 2 10 19 16
11 2 17 5 31 7 6 2 9 6
1 0 3 6 5 6 2 3 3 5
6 0 4 0 0 16 6 6 1 6
8 7 4 1 5 3 11 8 8 8
6 1 14 3 11 10 2 2 5 3
7 2 6 0 1 11 0 0 5 4
8 8 6 5 17 12 6 15 5 4
9 2 12 1 5 3 6 4 6 5
12 17 5 1 1 12 22 11 16 9
3 5 11 20 1 8 1 13 18 4
5 9 5 3 1 11 0 0 11 15
7 1 4 5 4 4 2 4 7 5
18 6 1 15 12 13 1 2 7 7
8 5 6 16 16 11 1 5 2 7
5 4 8 1 2 4 5 2 2 0
11 3 0 6 12 2 9 7 1 2
1 5 1 14 2 5 1 15 1 6
2 4 13 2 6 6 16 1 2 1
6 6 2 15 1 17 6 1 2 7
9 7 5 3 2 4 1 3 0 7
1 4 6 10 20 1 7 16 8 19
2 3 1 8 1 9 2 9 2 1
12 6 7 8 2 9 14 1 8 18
15 6 1 13 13 9 8 6 5 4
0 4 2 7 1 13 2 0 1 10
13 15 1 15 15 4 12 10 6 18
4 2 8 13 1 4 13 9 0 9
11 5 0 12 12 3 0 10 7 4
6 14 6 1 2 3 1 1 0 8
5 4 11 1 5 3 3 0 1 6
11 3 12 15 6 13 18 4 1 7
9 17 6 0 6 19 24 5 8 3
2 16 4 6 23 4 3 1 4 8
6 9 5 4 18 6 7 11 12 0
2 2 5 2 6 14 5 6 2 1
3 1 6 1 4 6 2 4 2 1
17 22 9 0 6 20 1 7 7 10
6 4 2 7 3 7 5 6 3 5
1 5 0 1 3 2 5 5 11 5
15 24 5 15 7 2 4 1 1 0
0 3 4 2 8 0 3 0 13 0
1 15 2 0 1 24 4 7 3 7
6 2 1 0 9 4 1 1 2 1
9 3 3 0 1 16 4 2 4 8
1 0 0 7 3 7 5 2 2 4
4 6 4 15 3 3 2 22 7 8
1 21 2 2 15 8 15 4 2 15
1 5 11 19 4 0 1 21 9 10
5 6 5 3 2 1 4 4 9 3
1 4 6 7 6 4 8 2 3 3
17 9 9 8 26 1 3 6 9 14
4 5 10 2 0 2 7 16 1 10
24 4 0 6 1 1 3 9 20 6
9 9 5 9 4 17 8 3 3 2
1 3 4 6 7 5 3 1 11 4
9 4 12 0 0 3 3 9 11 10
12 11 1 2 9 10 9 1 4 1
10 4 11 19 4 9 6 1 11 3
1 3 3 8 9 25 6 15 15 0
0 1 0 5 8 3 0 0 3 3
1 1 8 5 5 3 6 8 4 7
9 8 9 4 3 13 3 4 3 7
4 9 3 0 3 6 3 2 4 6
5 9 5 6 3 1 0 3 3 4
15 14 8 15 11 6 4 13 2 20
7 0 1 4 2 3 4 4 4 2
2 1 0 4 9 8 0 2 6 2
7 1 4 3 5 5 5 2 7 6
8 20 8 16 7 11 3 8 20 2
2 1 0 9 7 0 6 6 3 13
13 3 9 7 9 10 11 3 13 1
1 5 6 3 3 6 6 10 4 5
1 5 4 8 0 1 0 4 3 2
3 14 1 3 17 7 11 11 9 1
5 4 2 5 6 8 8 2 18 2
14 14 7 11 3 4 12 4 1 1
1 13 6 7 1 16 15 11 8 5
2 13 17 7 1 7 3 3 3 2
4 1 3 17 9 0 4 9 0 1
10 6 3 7 7 4 4 1 9 3
10 7 11 11 5 18 16 11 1 14
2 8 1 3 1 3 2 4 4 6
3 2 2 7 3 18 6 17 1 2
6 0 10 3 5 1 9 4 2 9
11 8 7 12 1 4 1 3 8 1
22 10 9 3 10 8 5 3 5 12
2 1 1 16 11 10 7 11 16 22
1 4 4 2 7 8 7 0 5 0
7 7 10 2 14 2 17 7 3 4
5 5 9 13 7 8 3 3 1 3
12 8 3 12 13 2 13 12 14 12
1 11 2 7 7 6 4 0 9 1
5 5 3 1 2 3 3 5 5 3
10 11 3 1 0 2 2 4 11 0
0 16 18 8 4 4 5 0 13 3
1 5 14 17 4 2 18 6 5 3
4 5 4 4 12 3 4 3 9 1
9 9 5 15 1 7 11 8 10 4
4 2 6 0 2 10 3 0 1 5
11 2 9 2 9 12 3 11 8 3
13 5 2 5 12 3 0 9 17 0
6 10 9 5 17 3 0 27 6 2
9 5 2 5 7 2 2 4 12 8
3 4 6 11 5 2 3 0 1 5
0 3 9 1 12 13 7 12 15 8
16 9 10 4 4 2 2 1 14 0
21 6 2 5 4 7 1 1 7 15
10 13 14 18 11 20 1 2 7 11
2 15 11 2 1 25 6 4 4 8
2 9 1 4 18 6 8 4 0 6
22 8 3 5 7 10 10 13 22 0
12 5 9 17 14 5 11 12 21 8
5 9 13 8 1 5 2 0 2 1
7 7 2 8 6 0 0 21 0 6
14 11 8 13 11 5 24 2 9 1
9 10 25 12 5 20 7 1 12 2
2 9 2 1 6 2 9 8 6 7
1 7 1 4 4 1 0 2 2 5
6 5 1 6 0 14 1 7 7 2
3 2 10 6 3 18 11 14 15 24
3 2 0 1 5 1 17 0 9 3
7 17 3 2 1 1 3 2 12 12
2 5 11 11 1 4 3 0 8 14
11 7 7 11 8 10 8 10 14 17
20 9 2 8 8 2 7 11 15 16
5 19 10 8 2 5 1 4 5 8
1 5 0 4 2 12 2 2 9 2
3 2 5 9 2 6 17 8 1 8
2 0 1 9 7 4 16 6 9 5
6 6 19 5 0 13 1 12 3 12
7 4 6 8 8 3 9 4 8 11
9 2 2 11 3 5 6 5 8 2
14 1 16 11 3 1 19 9 19 11
8 17 8 3 11 12 10 8 9 3
14 2 4 10 10 19 17 4 6 5
3 13 2 18 10 18 5 2 1 14
19 7 9 0 14 7 1 11 6 26
4 1 4 4 5 1 5 5 5 7
8 6 12 10 17 0 28 9 9 4
1 10 11 9 11 14 7 5 4 7
4 18 19 6 5 3 8 17 21 2
2 7 9 6 8 7 1 19 7 3
9 17 4 4 8 8 3 3 4 3
2 2 4 2 7 14 5 11 2 4
2 8 16 4 5 5 2 7 12 1
5 6 14 14 5 4 5 5 2 17
2 11 4 1 7 1 1 4 5 13
3 6 4 5 0 1 1 7 1 1
1 3 8 2 0 5 7 2 3 3
14 25 10 2 6 4 13 2 17 2
16 12 0 1 8 17 6 1 2 15
4 25 5 6 6 5 6 9 2 0
3 8 4 3 13 3 1 4 6 0
8 9 3 11 0 1 2 29 1 7
8 24 11 10 3 18 10 7 6 12
4 1 7 1 9 1 1 4 5 8
4 2 1 4 2 7 3 4 4 6
0 7 5 4 2 1 5 3 1 2
4 2 20 2 4 2 5 3 1 1
3 0 6 8 0 3 1 5 2 14
2 0 11 6 1 6 2 10 7 9
10 1 20 5 17 2 4 12 6 15
0 3 1 9 12 9 2 6 9 4
2 17 1 6 10 14 17 17 6 2
8 13 0 7 6 1 3 2 4 2
6 15 16 2 0 4 9 5 6 7
13 7 7 4 9 4 8 1 2 13
3 2 3 1 1 4 0 2 9 7
6 7 4 3 5 5 2 7 3 1
4 10 9 7 7 0 5 6 2 8
1 9 8 6 1 12 3 6 6 3
19 7 24 1 11 1 5 6 17 0
6 5 3 1 3 9 2 0 29 13
3 5 8 3 3 5 7 7 5 4
11 19 11 6 5 6 4 2 4 6
11 30 3 4 14 1 3 8 7 13
6 2 1 0 2 9 0 5 13 0
10 2 2 16 0 13 2 4 3 5
6 3 9 1 3 3 5 1 2 8
9 9 7 16 5 15 5 10 11 15
2 5 0 4 4 9 3 4 1 0
10 1 1 2 10 0 2 7 4 5
4 1 1 3 6 1 12 1 13 4
6 9 1 8 17 0 10 11 8 20
4 3 5 3 8 14 3 3 7 11
3 5 1 1 4 7 12 1 8 4
8 19 0 11 1 3 3 8 11 13
6 0 4 10 4 2 2 1 21 2
2 2 0 13 10 0 1 3 7 4
6 32 14 5 12 2 12 4 4 1
6 1 2 10 11 2 4 13 11 5
2 4 2 7 10 13 1 2 10 2
7 13 14 9 6 5 4 7 9 10
0 3 9 9 11 2 18 13 9 5
2 3 6 2 3 0 1 5 4 0
8 7 2 3 16 0 2 0 7 2
10 3 6 4 4 1 6 4 1 12
13 0 19 12 2 2 4 2 13 6
7 12 7 1 4 14 1 5 11 6
8 4 9 5 2 2 3 6 3 3
8 11 13 4 5 7 7 7 0 2
10 3 6 7 12 0 1 14 7 6
1 14 11 2 12 13 8 3 16 13
6 17 7 3 12 4 0 14 17 2
1 8 11 1 3 23 3 4 11 5
1 1 2 15 4 2 2 12 0 2
10 0 5 8 17 1 7 8 2 10
1 4 8 2 6 3 5 6 8 3
0 6 9 4 16 4 7 4 10 16
2 24 23 4 4 12 0 0 2 4
5 10 14 4 8 2 0 1 11 6
4 6 7 0 1 4 2 6 5 2
2 5 9 20 12 20 5 6 1 4
17 15 7 11 2 19 1 17 10 11
3 4 0 3 0 5 0 7 1 7
1 5 7 4 3 2 2 1 4 6
5 6 4 18 5 6 1 5 12 10
0 13 2 5 14 9 4 19 21 14
1 5 4 1 8 6 6 1 11 6
4 4 6 11 8 4 3 5 0 5
4 1 9 4 1 7 8 2 2 10
2 2 11 13 1 4 7 9 10 18
7 14 14 4 4 2 2 14 13 3
2 1 10 2 25 8 3 2 4 2
11 7 16 9 5 1 10 9 17 5
9 5 1 1 6 7 2 3 3 1
3 13 0 7 9 3 6 7 3 7
1 2 1 2 3 6 6 5 2 12
3 6 6 27 8 3 0 5 4 16
9 5 9 3 23 12 5 9 9 17
12 14 9 2 3 7 3 23 20 0
19 14 14 3 8 19 3 16 0 1
3 1 2 13 9 1 15 3 3 0
6 1 7 9 10 32 15 5 7 4
14 1 3 0 2 1 7 5 3 7
2 0 6 12 2 2 1 15 5 8
9 3 4 17 4 8 2 1 2 0
11 8 7 18 4 4 8 8 19 17
21 2 1 14 12 17 0 9 4 5
0 7 8 2 1 4 7 0 1 1
13 11 2 1 8 9 12 19 4 4
7 7 13 1 1 4 18 7 9 1
21 1 1 9 4 11 6 13 19 5
3 2 6 0 1 7 1 4 3 3
2 6 11 1 0 2 7 2 0 4
3 2 5 3 4 8 8 7 1 2
10 1 10 9 9 2 12 3 22 22
2 10 5 20 15 14 1 0 11 0
11 2 3 9 10 4 5 5 11 11
8 2 1 18 7 5 10 6 13 5
15 4 3 9 10 0 4 4 1 2
12 1 9 7 8 8 3 3 1 6
6 3 9 5 10 6 2 5 2 7
1 8 3 8 1 2 1 9 4 5
6 8 12 5 0 8 11 6 5 2
15 1 2 3 5 3 5 13 11 17
3 3 9 1 4 8 13 6 10 3
8 31 8 8 8 4 1 9 4 9
8 4 11 1 1 2 22 12 4 5
3 11 4 19 20 11 6 2 20 6
15 4 9 13 3 6 6 5 14 18
2 11 3 0 2 2 1 9 14 8
18 1 2 1 7 5 7 22 9 3
6 0 11 8 5 9 22 12 3 7
9 7 1 3 8 1 5 8 3 19
8 6 5 10 5 1 7 7 4 8
10 13 0 0 1 3 10 19 3 5
12 8 4 4 5 6 7 5 2 1
2 4 2 4 0 0 1 10 2 3
7 6 7 8 11 2 2 1 6 7
13 9 15 11 10 2 4 14 1 10
1 16 1 4 3 4 9 3 27 1
1 2 2 15 4 6 4 7 3 8
5 9 7 6 13 26 4 6 16 3
19 6 3 5 6 3 5 0 3 1
4 5 3 1 4 4 0 1 5 6
12 12 5 8 5 14 1 17 15 6
3 6 2 16 6 21 8 10 1 12
8 2 17 5 3 5 6 2 3 10
5 4 4 4 1 3 4 2 1 1
1 5 6 3 6 8 12 3 4 2
4 0 4 4 3 6 5 1 6 7
6 7 1 9 2 7 10 11 1 10
0 4 4 4 1 9 1 10 12 2
2 6 5 0 9 4 1 6 0 1
3 4 8 9 0 10 2 0 12 2
7 10 1 14 5 19 6 1 7 2
3 3 0 7 8 10 1 7 10 5
3 6 4 2 5 2 14 0 3 10
9 10 9 11 2 14 12 18 16 12
8 1 10 12 15 4 25 17 7 8
2 5 3 22 7 9 4 13 7 16
6 1 7 15 3 5 1 15 11 4
17 9 20 10 12 14 8 0 10 11
4 7 3 8 13 11 16 1 3 5
2 5 6 1 2 1 3 8 7 1
13 5 4 1 13 2 19 19 5 5
6 21 7 2 2 14 0 23 8 3
0 4 2 10 2 3 4 3 3 4
24 16 12 2 4 5 0 0 10 7
3 7 6 13 0 8 1 10 0 14
5 14 17 11 10 3 3 3 4 4
5 9 16 18 5 8 20 12 0 8
12 10 6 3 17 12 7 17 20 4
3 12 8 4 3 2 2 9 7 4
4 10 1 12 10 0 26 2 5 10
7 1 6 3 6 6 2 7 1 3
1 7 2 11 3 19 2 1 12 15
4 1 13 10 7 1 19 13 1 3
8 8 3 4 9 0 5 11 2 2
5 3 6 6 23 13 2 8 10 19
6 1 11 2 9 5 10 7 4 4
8 5 9 3 5 0 3 1 5 2
3 3 3 9 0 2 4 5 7 1
9 6 12 2 2 5 2 9 8 6
2 5 5 2 15 5 6 2 7 10
7 9 7 3 8 3 14 11 8 8
9 2 3 10 5 7 1 12 6 5
8 2 2 10 4 3 7 3 14 10
12 17 10 3 2 0 3 2 3 8
3 6 3 5 4 2 15 3 12 10
12 8 8 13 5 0 10 23 10 1
1 4 6 3 2 5 6 2 1 7
0 5 0 5 5 4 0 3 2 3
12 5 11 9 4 6 14 2 20 5
18 11 2 1 6 4 5 17 7 10
21 12 11 6 2 10 6 12 5 9
3 7 1 4 7 11 4 6 1 4
4 20 10 6 12 7 5 0 10 7
0 6 3 32 3 7 14 1 2 5
5 5 5 14 1 2 7 2 2 5
5 17 9 7 3 1 1 7 7 5
11 1 2 15 30 2 7 2 5 5
6 11 9 8 11 21 5 7 10 5
1 20 0 12 0 12 0 3 9 10
2 6 8 14 5 2 5 4 3 0
9 27 7 15 1 7 6 4 4 4
5 3 6 3 17 7 1 7 4 5
14 2 4 14 10 8 5 1 4 7
5 1 8 15 0 3 12 3 6 1
14 7 5 4 7 11 2 1 2 15
7 5 10 18 5 9 3 1 25 3
14 10 14 8 12 6 7 25 6 1
5 5 15 18 4 3 1 11 12 3
0 2 1 3 0 5 3 7 3 3
0 1 0 1 3 4 16 7 9 11
20 5 13 11 13 0 2 3 3 5
3 8 12 12 4 7 14 1 6 15
11 5 6 9 2 2 0 6 4 1
6 2 4 0 5 4 3 1 1 5
17 11 9 16 20 7 10 10 5 4
5 8 1 3 11 22 6 5 3 1
8 12 3 12 1 10 7 26 5 18
3 2 2 2 4 1 7 4 0 2
9 8 2 4 12 11 5 2 1 5
2 1 0 5 0 8 6 0 9 10
3 1 1 5 0 3 0 5 14 8
4 5 9 4 0 3 1 6 6 4
3 3 3 13 1 9 0 5 25 8
27 9 2 5 13 7 16 9 9 10
1 5 5 1 1 4 4 3 5 0
8 0 0 3 3 3 2 6 2 2
6 1 0 6 11 9 11 8 20 6
5 2 17 17 5 8 14 14 13 7
2 11 18 12 7 13 11 10 13 7
8 12 0 11 1 6 2 1 10 4
1 5 1 5 7 3 4 2 1 2
19 0 11 1 5 13 14 7 8 6
6 21 9 4 12 12 14 1 7 0
0 4 0 11 19 13 1 13 6 2
3 2 3 5 7 2 1 9 10 1
10 14 1 13 15 22 5 10 7 5
12 0 8 5 1 9 0 6 4 9
19 9 10 15 3 11 16 16 5 1
8 6 3 7 9 4 0 6 13 12
7 2 4 2 0 6 2 3 0 0
0 12 8 17 13 14 15 8 0 0
2 4 9 3 8 7 5 7 6 11
2 1 7 2 3 1 1 6 0 5
4 20 3 15 14 7 4 10 8 0
2 8 2 13 11 10 8 4 24 3
5 8 2 1 7 7 3 16 1 15
9 1 2 12 17 20 11 5 3 19
1 6 8 6 4 2 1 4 9 0
4 1 3 3 1 4 3 7 2 3
2 2 1 4 1 2 9 1 4 1
7 14 9 7 3 20 6 18 18 9
4 3 18 7 5 8 3 4 6 15
2 10 5 6 0 21 1 13 2 8
3 3 1 9 4 1 1 4 1 1
1 13 11 0 2 6 13 6 0 16
13 5 19 7 2 14 24 5 10 7
8 2 12 29 3 4 1 3 3 12
10 2 0 8 7 3 2 3 2 5
9 2 6 1 2 4 2 0 7 8
1 3 1 2 0 6 7 3 0 1
2 2 7 4 6 2 4 6 1 4
7 0 1 5 2 9 2 3 0 4
16 10 8 11 7 4 11 19 0 9
7 7 15 0 4 15 2 5 3 2
4 1 1 8 5 2 2 2 2 0
16 1 19 1 3 23 2 3 13 5
8 6 1 2 2 1 0 4 3 3
2 6 1 13 6 1 1 0 2 22
17 0 1 18 13 4 3 13 2 15
21 1 8 19 1 0 8 6 4 13
4 3 2 9 8 16 1 4 3 3
0 1 1 17 22 6 4 9 9 4
7 5 10 12 0 8 9 1 9 8
4 9 6 5 13 17 18 9 3 7
7 3 1 1 15 6 23 2 6 11
9 8 7 6 1 1 12 5 3 18
6 5 6 4 10 4 22 20 14 5
3 1 0 3 6 2 5 11 3 2
3 14 8 14 2 8 1 4 18 9
3 4 5 1 11 5 7 1 1 5
12 8 17 8 7 2 3 9 9 11
9 2 3 2 4 2 2 2 2 4
13 17 19 9 3 4 6 6 4 4
9 10 1 2 3 16 24 4 11 1
10 5 0 6 2 10 20 22 13 8
8 7 1 3 8 17 2 8 8 28
2 0 3 9 2 19 8 2 3 2
4 11 3 24 10 0 5 17 3 20
1 7 4 3 12 10 3 5 8 5
5 2 1 11 1 5 9 8 11 1
2 11 7 4 6 11 3 7 3 7
18 1 10 4 7 5 13 3 21 0
15 4 20 10 4 2 9 15 8 13
7 5 2 12 10 9 5 2 11 2
5 8 1 15 3 5 20 8 3 14
6 15 1 18 5 1 5 8 9 18
5 4 1 8 1 3 5 3 4 3
6 16 1 1 18 10 23 4 3 6
2 13 14 1 12 8 8 9 26 1
2 4 24 8 5 15 12 5 3 12
1 3 3 5 7 3 1 5 9 1
3 10 3 8 4 2 4 5 2 2
0 17 2 15 6 1 6 2 2 20
13 0 3 15 22 12 4 3 2 7
4 1 4 7 4 0 0 4 1 2
4 7 6 6 3 13 10 0 25 2
12 1 3 7 6 2 3 8 10 1
4 1 2 7 3 1 5 0 8 7
2 2 1 1 0 3 2 6 1 7
2 0 5 0 0 12 7 19 1 3
3 7 8 17 8 10 1 3 15 21
3 3 1 9 6 7 13 4 9 2
6 3 5 1 6 5 4 5 3 4
1 11 0 4 15 0 4 15 7 4
5 5 14 19 1 6 1 6 22 3
3 10 9 1 8 5 9 16 1 4
8 8 9 6 2 3 3 2 4 5
2 4 1 3 0 3 0 7 1 4
2 3 16 8 6 1 21 13 7 18
11 1 4 12 1 5 2 1 0 12
4 7 0 10 4 6 6 7 14 1
1 11 7 8 1 3 3 5 9 5
7 3 3 16 25 5 3 5 14 10
5 16 7 19 0 9 11 16 10 9
2 2 2 1 1 7 6 14 3 4
15 2 4 0 3 5 6 9 6 7
3 3 2 9 4 1 10 2 6 3
4 6 4 10 11 25 14 11 1 3
2 1 2 1 1 5 2 3 4 8
4 1 9 9 6 1 1 6 7 5
12 1 4 1 0 1 1 12 6 1
9 6 12 12 1 4 0 7 1 6
3 7 0 6 1 6 1 1 4 4
12 13 7 5 2 6 9 5 2 15
4 10 3 6 3 3 1 13 7 1
8 5 3 5 1 13 15 25 11 10
3 0 5 1 2 1 5 10 4 2
8 14 3 14 7 15 10 13 17 6
3 5 8 10 2 6 11 4 5 0
9 4 2 10 3 11 5 10 3 6
5 3 4 0 10 3 4 3 8 3
6 2 6 6 4 4 9 2 7 6
6 2 9 15 4 1 7 2 6 8
0 8 21 19 13 1 14 9 8 4
13 5 16 8 23 7 3 1 7 4
6 5 5 17 16 2 3 17 12 18
2 3 3 0 2 4 10 2 0 1
6 16 8 18 4 5 7 9 6 20
5 3 11 1 2 2 1 5 1 2
6 6 0 0 13 19 11 6 21 6
8 0 16 12 2 10 7 1 6 10
13 7 6 6 11 11 11 7 8 14
8 0 18 4 4 1 24 5 9 2
7 3 2 1 2 3 6 0 4 12
24 6 1 10 13 5 3 13 2 19
9 3 4 7 5 8 1 3 5 2
10 11 9 1 4 1 13 3 5 8
15 6 11 3 4 0 5 0 6 12
8 13 5 7 2 5 10 2 15 4
4 8 5 4 3 1 8 1 2 4
5 9 3 12 14 5 11 12 21 10
15 7 5 10 2 12 14 1 4 6
1 10 9 14 13 14 5 2 3 8
5 2 5 7 4 9 9 15 8 9
3 9 6 4 4 14 12 6 0 8
1 8 1 9 10 7 3 3 3 5
3 9 9 21 5 6 16 4 13 8
1 6 4 2 2 4 4 4 6 1
20 2 7 5 13 2 3 7 7 24
1 3 10 7 5 0 12 9 1 5
6 10 13 1 4 5 10 5 3 7
0 13 2 1 4 1 0 5 10 1
12 2 16 1 10 7 3 2 2 7
0 1 2 17 4 12 10 3 1 7
7 17 15 21 9 11 6 2 11 9
2 3 5 5 5 4 3 2 2 1
2 11 7 4 4 1 4 9 3 1
5 18 2 0 3 13 14 4 29 5
6 3 17 19 11 4 6 5 6 12
1 3 2 9 1 0 3 5 0 12
13 11 21 11 9 4 9 19 0 10
4 17 6 12 8 0 3 5 13 14
12 1 14 6 13 6 4 1 1 2
12 8 3 14 6 0 4 4 6 2
1 6 5 7 20 11 18 4 4 1
14 10 13 7 3 7 4 6 5 10
9 17 7 15 7 6 17 4 10 19
0 4 0 3 2 5 2 2 6 0
10 1 4 3 6 2 4 9 1 0
7 7 6 1 7 3 1 3 4 8
3 5 3 5 4 1 12 10 3 9
3 6 6 9 18 4 8 9 5 10
3 3 5 4 7 1 3 2 16 5
0 2 5 10 5 0 0 8 1 1
2 2 2 10 6 1 9 1 0 6
3 13 6 0 5 4 5 0 2 5
8 7 7 4 7 6 8 1 0 12
5 17 0 8 3 10 6 1 6 19
16 0 1 14 3 10 6 6 3 19
12 4 11 9 6 9 7 7 7 5
14 1 3 10 4 5 8 2 5 7
2 15 2 8 2 12 5 6 8 2
4 3 21 8 5 13 2 8 2 2
16 4 1 6 1 4 4 4 0 10
3 10 2 10 6 0 15 2 4 14
6 14 4 7 16 13 1 7 3 6
7 5 10 5 20 2 6 15 8 4
2 4 1 2 5 0 2 2 8 2
1 9 7 1 5 2 3 9 1 1
0 8 5 1 5 0 4 3 0 1
3 8 1 5 0 6 0 1 1 1
0 10 1 5 4 4 3 6 0 4
2 1 7 1 4 4 13 3 4 2
4 9 11 1 4 2 8 5 3 12
3 9 3 5 1 14 20 8 8 11
8 11 8 6 11 11 14 6 3 1
2 6 2 1 1 1 10 1 1 1
9 22 6 18 13 2 6 15 1 7
4 2 2 12 9 4 11 3 0 3
2 7 8 2 4 6 3 3 8 3
4 16 1 13 8 5 2 17 2 3
3 0 5 4 0 5 4 1 3 0
11 9 4 1 2 6 2 9 11 2
4 6 5 1 3 1 2 1 4 0
5 5 3 3 6 0 3 2 9 2
2 10 5 9 11 2 1 3 4 1
6 15 20 0 1 12 11 17 2 3
6 18 19 4 19 2 4 1 0 15
10 14 26 11 10 13 5 3 13 0
3 3 7 0 14 3 6 9 5 10
21 18 9 2 5 7 5 17 7 2
11 5 5 1 2 5 8 3 3 4
3 5 11 1 5 4 4 1 4 4
6 12 4 1 3 2 9 8 2 3
1 2 18 5 2 15 6 4 12 0
3 2 9 14 9 14 4 10 1 12
3 6 19 18 9 4 9 16 12 11
12 12 8 9 10 8 10 15 5 1
1 0 13 14 11 22 5 10 17 4
15 16 11 13 6 15 8 2 2 5
14 4 8 0 2 4 6 14 10 2
3 9 10 3 13 6 9 12 11 7
15 1 16 8 16 8 18 0 4 4
14 8 10 9 0 9 9 10 19 15
15 7 9 0 4 2 15 5 1 20
6 9 3 2 2 2 7 1 2 9
16 19 1 9 3 18 4 18 8 5
9 3 2 2 4 6 8 4 3 1
4 18 9 2 15 7 8 0 12 6
1 3 1 10 4 1 2 3 4 7
2 0 9 10 1 7 11 0 0 6
17 2 2 6 13 18 10 7 1 23
2 3 1 6 10 12 10 5 4 19
5 14 8 20 12 14 5 14 3 9
9 5 24 17 13 2 2 12 1 4
1 21 3 2 5 0 5 13 6 25
5 2 7 2 8 3 5 2 0 4
7 13 1 8 12 1 9 16 8 16
5 7 0 3 4 11 6 7 5 7
4 5 10 2 11 1 2 6 1 4
16 3 8 12 18 2 9 2 15 12
1 3 1 10 4 2 11 11 4 3
8 2 2 5 10 2 2 10 1 18
4 1 3 1 9 1 13 11 8 4
8 5 12 18 2 5 15 11 8 1
10 0 0 3 1 5 7 3 1 5
3 12 7 3 5 12 8 1 1 3
3 4 0 6 1 9 8 6 3 11
0 5 19 5 2 3 15 6 14 20
8 7 5 8 1 7 8 4 14 2
9 3 8 1 7 15 12 4 12 3
23 9 14 16 4 14 8 5 11 3
10 1 4 3 2 4 20 15 2 15
5 8 2 1 6 10 21 10 2 3
6 21 6 20 8 8 5 1 13 6
0 11 17 3 7 9 13 6 4 5
18 1 0 0 19 12 12 11 5 2
1 2 2 7 8 3 5 4 4 4
1 1 2 1 4 2 3 7 3 3
7 3 20 5 9 12 4 19 12 14
7 8 2 1 4 0 8 10 9 4
1 6 6 0 3 1 3 2 1 5
2 5 5 2 1 0 15 8 2 3
8 5 3 7 2 11 13 17 8 1
1 0 0 2 6 0 4 7 2 2
3 14 19 2 5 23 1 8 5 8
12 5 9 10 4 4 1 7 8 10
3 0 26 4 13 8 8 2 0 2
14 3 7 2 5 6 7 1 1 8
14 25 10 3 8 6 5 7 17 7
9 1 3 8 11 21 12 10 2 0
7 13 3 4 6 13 3 21 8 8
1 8 2 9 1 20 3 9 10 4
7 3 9 2 16 5 1 8 9 7
26 17 15 12 2 3 0 9 6 10
5 2 10 9 2 3 4 12 5 1
14 1 2 0 4 12 4 24 14 6
9 3 4 5 12 3 3 10 1 7
5 21 3 10 4 8 14 1 19 9
5 1 2 2 3 1 10 8 7 14
4 6 1 32 12 1 6 9 14 10
2 3 4 4 1 1 1 6 4 3
2 11 2 11 4 10 5 7 12 5
5 1 0 7 6 3 6 14 10 12
7 6 4 6 2 2 11 6 9 12
10 7 12 7 9 2 16 20 9 5
2 1 3 4 0 8 3 1 8 12
12 5 13 11 4 15 2 8 5 0
1 9 5 1 15 6 6 7 0 2
7 4 1 4 8 2 6 16 7 1
7 2 13 8 1 19 1 11 3 10
1 3 3 2 1 4 15 8 4 4
1 9 27 14 8 20 1 10 5 3
10 8 2 9 4 19 4 8 3 5
11 6 9 3 3 3 6 4 17 3
5 13 0 6 3 15 14 9 10 5
2 4 1 9 1 2 2 3 6 6
5 2 6 2 2 5 7 8 5 4
8 8 3 13 2 3 16 3 3 5
10 8 4 8 3 10 1 3 28 1
1 15 3 10 1 8 17 18 7 13
19 7 3 14 5 2 15 10 5 6
7 3 21 10 16 1 8 20 12 2
10 0 13 13 3 3 14 1 2 10
11 3 5 7 5 24 6 3 18 19
1 6 3 11 1 0 1 2 5 0
15 4 8 3 20 3 3 2 3 4
9 5 14 12 0 7 12 1 2 9
1 1 4 1 23 7 1 8 0 2
4 0 1 1 6 1 6 4 0 1
11 2 14 3 2 11 3 18 3 5
7 3 1 4 1 12 7 6 2 3
6 18 10 4 2 2 15 13 14 12
11 7 15 1 4 9 4 15 14 15
0 2 3 3 13 11 5 16 2 4
17 9 9 4 3 6 7 20 1 3
9 4 4 7 11 7 22 18 0 7
8 2 5 13 12 6 5 2 3 17
16 3 15 13 12 3 6 7 19 7
9 4 0 24 2 2 3 0 7 25
4 9 2 3 3 4 1 0 0 0
2 2 2 13 6 1 6 10 9 5
2 1 4 0 1 1 2 10 2 2
3 10 6 1 1 6 1 8 5 8
5 2 4 4 0 9 9 7 1 0
1 5 10 23 9 3 8 23 3 2
8 0 8 11 5 9 3 8 1 11
3 7 6 2 0 8 4 13 1 1
1 4 8 1 6 0 4 6 2 2
5 10 3 1 6 10 22 25 10 2
7 2 3 0 13 1 11 21 8 8
15 4 16 8 16 14 8 3 6 2
2 3 8 1 2 9 8 1 15 0
2 3 0 1 9 1 4 9 14 1
5 28 1 4 1 7 10 11 1 18
4 0 0 3 4 6 0 2 3 4
7 8 2 13 5 26 1 14 10 0
7 10 5 0 12 5 9 12 6 10
2 2 9 2 8 2 4 7 11 5
4 20 8 19 13 10 11 4 2 1
1 7 2 1 4 15 4 4 1 6
17 8 3 4 0 16 14 15 18 0
9 6 1 4 0 0 1 6 9 8
2 2 10 3 12 8 20 5 6 16
15 4 3 10 7 1 6 11 14 6
3 8 15 8 13 3 5 6 4 1
4 7 3 14 2 11 5 9 11 1
5 8 11 0 4 4 15 1 8 3
1 1 7 1 15 19 9 1 8 1
13 15 1 4 9 6 13 5 5 4
4 2 21 19 2 8 10 5 3 9
3 2 2 2 8 6 2 1 5 0
25 14 2 4 7 14 1 16 7 11
1 5 17 7 7 14 14 2 4 12
3 1 6 2 2 2 7 6 0 4
20 4 2 6 2 8 4 16 6 1
17 13 6 8 5 20 3 15 9 7
4 6 0 5 3 4 1 6 5 2
8 10 11 1 18 9 11 3 8 9
13 4 17 8 8 3 8 18 10 7
18 10 9 15 7 6 13 1 5 13
17 1 2 3 3 22 3 13 5 8
1 3 22 7 0 6 28 6 10 4
1 15 2 2 1 7 7 3 7 3
8 1 3 0 8 18 0 10 8 16
16 3 5 0 10 21 13 15 1 4
1 1 4 2 4 2 3 7 9 4
1 6 14 14 6 8 3 2 11 0
10 7 6 2 1 0 4 1 6 4
8 3 1 2 4 2 5 8 4 3
5 2 5 3 7 11 5 2 4 1
18 16 11 10 5 5 14 1 16 11
17 1 1 6 12 16 21 4 17 6
1 13 15 5 5 5 12 2 6 20
17 2 4 7 1 15 2 2 1 10
1 13 2 4 11 6 8 12 8 18
5 0 10 2 4 1 6 4 1 4
3 3 14 5 1 15 3 7 16 28
2 7 1 7 6 12 1 2 6 3
1 3 5 0 3 6 3 4 2 2
7 1 3 2 10 7 5 7 12 4
1 1 5 10 18 6 8 13 4 4
0 11 0 5 8 5 9 3 2 1
0 4 19 2 11 3 22 7 15 1
1 3 1 1 2 12 1 2 9 10
16 9 5 4 13 2 16 13 6 9
12 15 4 8 12 6 2 11 15 21
5 2 4 1 7 6 3 5 3 0
18 4 4 2 5 5 8 14 11 3
5 0 4 6 2 1 1 7 1 3
5 1 2 4 10 2 0 9 3 3
11 8 0 0 2 3 6 5 4 5
1 2 4 8 2 9 14 6 22 3
10 5 4 5 11 9 0 6 2 4
2 2 4 2 5 6 6 0 6 8
2 3 3 1 7 4 1 6 4 3
16 11 7 10 5 2 4 24 5 8
15 0 12 14 12 13 10 0 9 14
10 9 8 4 2 4 4 3 8 4
4 6 9 14 30 10 0 2 1 0
2 6 9 25 14 0 2 3 4 1
12 10 12 11 2 4 23 13 3 1
8 2 2 2 2 3 2 2 5 4
13 3 12 3 6 4 2 6 6 14
10 1 4 4 4 1 6 5 5 6
17 5 10 12 10 4 1 2 9 6
6 6 3 8 5 7 10 3 4 2
2 4 2 6 2 2 0 2 4 8
15 3 1 2 30 19 2 7 1 6
1 25 6 7 11 1 15 5 13 6
4 4 0 4 1 2 2 4 4 6
16 11 2 16 3 3 5 5 6 5
6 2 6 14 6 6 3 9 5 19
6 3 2 5 4 7 3 7 1 15
7 1 1 3 0 0 2 4 1 7
11 10 10 1 1 10 1 10 9 0
10 13 7 10 13 9 5 26 7 1
13 11 3 30 10 0 5 10 2 12
2 14 2 13 5 8 5 14 15 7
3 2 4 3 5 0 2 2 4 4
4 6 4 6 22 7 8 6 9 1
8 3 14 6 19 4 17 1 6 12
2 7 1 4 0 1 15 4 9 8
6 1 2 4 4 22 19 4 12 14
1 3 4 2 0 5 4 5 2 10
7 8 6 6 4 17 0 15 9 0
15 8 2 3 7 4 20 3 1 16
1 2 3 2 0 0 2 6 8 3
2 0 2 4 5 6 1 0 10 2
5 9 2 3 4 6 17 14 9 14
2 2 8 19 2 14 4 14 16 2
5 14 4 4 0 2 5 6 1 3
2 7 2 5 1 5 11 7 2 4
1 2 3 4 0 12 9 3 10 12
12 9 5 19 11 11 1 9 11 13
4 8 0 3 7 17 5 10 18 19
1 14 4 6 7 3 7 17 1 11
8 4 15 1 5 1 14 4 13 3
4 2 1 2 0 8 7 7 3 2
7 3 5 2 5 1 7 3 3 3
4 16 5 7 8 3 12 15 9 3
24 8 20 10 6 7 6 1 11 5
9 3 3 1 3 1 6 10 4 9
8 2 6 0 8 7 5 6 3 4
1 1 15 6 3 1 3 3 7 6
2 4 3 1 2 5 4 6 6 2
1 1 18 0 0 13 2 0 18 14
2 2 2 4 1 6 2 7 0 10
6 0 5 0 7 8 5 5 2 3
7 2 5 13 0 1 3 4 6 2
1 1 3 0 3 3 12 7 11 17
3 8 16 9 2 4 23 4 14 1
5 10 1 18 12 10 5 11 11 4
7 4 2 3 12 7 1 4 1 3
6 0 11 5 1 11 16 11 3 4
5 5 1 3 1 8 5 4 4 7
9 19 13 18 0 16 6 6 16 4
1 3 2 18 1 3 1 2 30 1
0 17 13 4 1 0 13 3 18 3
17 10 7 5 16 5 9 7 7 5
1 1 7 5 4 2 11 14 7 1
0 2 2 2 0 1 2 0 8 3
16 17 17 11 11 10 5 4 2 2
26 5 4 12 6 1 1 11 6 7
5 3 8 6 0 14 1 7 8 2
11 18 5 17 9 8 17 6 1 3
8 12 6 3 5 7 7 5 1 17
12 3 13 21 4 22 2 9 7 8
18 5 9 11 5 2 10 10 7 14
5 13 16 11 5 1 7 5 5 4
5 13 9 4 2 3 8 8 12 14
8 1 10 9 1 10 0 1 2 9
5 0 5 12 14 7 4 9 13 3
5 2 1 4 3 6 5 8 6 3
12 9 8 8 14 8 6 0 1 4
9 1 13 6 4 6 0 3 3 6
1 1 7 6 6 4 13 3 0 17
4 19 1 3 12 24 1 4 1 3
2 8 2 7 8 21 1 4 6 13
9 9 20 7 20 5 18 7 10 0
10 4 11 4 5 1 19 9 21 15
10 18 6 6 4 4 3 10 1 14
3 11 15 5 2 3 11 8 7 14
4 3 6 4 2 2 2 4 7 0
5 1 0 10 0 5 5 10 0 16
1 7 0 3 4 1 1 6 3 2
3 5 8 6 14 5 3 4 1 1
5 14 4 1 1 3 10 3 0 1
3 6 1 2 7 6 10 1 5 10
11 4 4 5 4 21 3 3 1 14
2 8 7 2 6 5 1 2 2 3
4 12 9 4 5 1 5 0 15 2
9 6 7 10 1 2 7 4 5 7
12 1 10 2 15 5 13 12 27 4
2 7 0 6 2 7 6 5 4 2
6 1 1 15 2 5 3 3 1 2
7 8 11 18 18 14 0 5 12 15
8 5 2 1 12 6 3 8 11 6
11 9 2 9 3 13 1 1 23 4
5 15 14 12 10 0 9 2 9 5
2 11 4 1 7 3 5 0 0 7
19 4 16 9 9 13 2 5 12 6
3 6 4 6 8 1 1 8 0 6
1 9 3 24 17 7 6 3 18 0
7 7 0 3 4 1 3 1 9 4
5 1 3 2 0 13 4 4 1 2
5 13 6 15 17 7 4 6 4 8
2 2 16 18 6 1 12 16 0 5
3 1 6 3 5 3 2 2 4 16
2 1 1 23 8 10 3 5 0 0
2 10 19 1 2 11 6 9 4 15
6 4 6 10 5 18 9 6 18 3
0 5 11 5 8 8 8 7 3 24
3 2 0 5 2 11 6 0 3 6
7 6 4 2 16 14 6 3 5 7
8 8 5 6 1 2 5 2 6 5
10 16 0 1 1 3 9 5 21 6
4 4 9 4 5 1 1 0 1 2
2 1 2 15 7 10 2 15 6 6
0 1 3 9 5 3 1 13 7 7
5 9 1 2 15 7 9 2 7 1
7 19 9 18 8 16 19 2 2 3
2 4 15 4 1 1 0 1 8 4
1 5 7 0 2 7 4 6 5 1
2 2 4 1 2 6 6 3 2 1
4 1 17 9 5 1 16 10 17 1
2 0 17 4 0 10 1 22 1 6
18 3 20 11 4 9 12 4 0 0
3 4 5 0 2 1 3 13 5 3
4 1 6 3 12 10 12 7 5 1
5 7 0 6 9 5 5 7 4 1
11 8 2 2 6 4 0 6 4 5
0 5 4 14 4 5 9 14 6 4
1 6 8 5 11 6 11 0 12 7
8 7 10 6 5 3 10 8 6 1
0 2 1 0 2 1 6 4 5 5
1 11 1 2 3 3 3 4 11 4
8 1 12 21 14 4 3 3 18 15
7 7 3 10 3 2 10 3 3 1
3 6 5 9 7 4 7 1 6 6
5 6 5 15 6 18 2 10 2 3
2 7 1 15 2 3 1 1 2 6
11 18 15 1 15 8 9 8 1 9
5 3 2 23 1 5 3 17 1 8
6 9 4 4 14 2 3 17 0 13
7 5 7 9 2 1 2 0 20 3
5 14 10 7 5 10 3 3 8 3
2 11 11 0 1 7 9 6 2 0
1 2 4 3 3 6 5 2 2 1
17 2 9 7 3 11 1 5 9 15
1 8 2 1 2 2 1 1 14 11
3 1 11 4 12 0 7 11 2 4
9 5 9 3 0 1 5 12 1 10
8 2 1 0 3 1 5 1 10 2
4 0 4 0 4 3 1 2 8 10
6 3 0 7 6 3 5 2 4 1
2 11 5 11 6 9 1 2 2 2
6 12 3 11 1 12 7 4 3 12
5 8 1 8 4 4 3 7 0 3
6 0 2 4 2 4 4 4 3 5
3 1 4 6 6 3 3 2 4 1
2 5 8 5 1 0 5 11 10 5
7 26 12 11 13 0 9 1 2 4
8 7 0 1 2 7 9 3 5 6
5 2 6 5 2 0 3 1 2 4
11 2 8 17 13 9 3 1 0 11
3 1 9 8 2 4 2 3 5 6
5 10 5 4 12 20 3 18 14 1
3 12 6 26 8 11 2 12 1 8
1 5 2 4 1 3 6 6 3 5
1 4 7 3 8 2 1 12 4 1
4 3 1 7 0 1 0 6 3 3
2 0 1 3 5 16 9 24 3 12
27 3 12 19 1 7 13 0 5 0
11 3 7 11 6 14 13 17 12 10
6 2 3 2 16 3 1 18 8 4
7 8 2 1 8 6 0 3 2 1
2 7 6 2 7 5 0 3 1 11
7 27 4 11 3 12 6 14 8 2
3 6 7 2 4 1 1 9 16 29
1 0 11 7 5 3 6 1 1 6
14 12 3 6 8 8 5 1 10 24
1 1 3 7 11 1 3 7 10 12
12 1 0 2 10 19 5 8 0 7
0 3 3 1 1 5 2 10 18 11
3 4 7 5 11 5 7 5 4 5
7 15 2 13 4 26 19 6 7 2
3 6 7 4 5 5 0 3 0 4
7 9 5 5 4 3 9 2 3 6
8 5 16 26 8 9 17 4 6 2
5 6 1 5 2 2 3 1 2 3
8 8 1 19 7 11 1 6 7 9
1 10 8 0 1 2 8 1 4 3
6 15 5 5 2 5 19 22 9 0
2 9 1 9 2 6 3 1 4 6
4 6 0 13 5 0 18 12 12 7
13 2 11 5 6 5 3 27 8 19
1 6 21 7 3 12 4 11 10 12
11 3 20 5 12 9 8 2 7 2
3 2 5 4 21 8 2 2 10 13
3 0 8 5 5 2 0 1 0 1
1 9 17 14 2 8 14 4 2 4
4 1 11 2 9 0 16 7 27 17
7 6 4 2 3 1 3 3 2 5
3 7 3 0 2 8 0 2 1 1
5 5 16 19 0 2 11 5 1 1
4 19 5 9 1 0 10 2 16 7
3 6 2 2 1 3 1 7 0 1
1 20 21 10 2 2 6 11 3 11
1 10 0 7 8 4 14 4 19 1
1 4 7 10 7 5 0 1 8 14
2 2 8 7 5 3 10 0 5 0
4 3 5 1 4 2 10 5 1 2
3 8 14 19 0 9 1 13 3 6
7 7 4 22 11 4 5 6 7 1
1 4 0 6 4 3 3 5 1 3
11 2 8 1 2 14 9 1 1 0
6 2 25 8 3 18 3 13 4 4
3 16 9 23 3 12 14 3 9 3
7 3 1 1 5 1 2 2 7 9
10 13 5 1 11 1 1 13 12 6
3 2 4 3 3 3 3 5 3 1
1 10
1 20
1 41
1 69
2 24
3 14
3 101
4 5
4 62
4 70
4 82
4 101
5 23
5 45
5 87
6 13
6 30
6 73
6 95
6 104
7 9
8 90
8 105
9 33
9 84
9 102
9 105
10 46
10 55
10 56
11 22
11 62
12 31
12 52
12 55
12 59
12 67
12 71
12 72
12 84
12 110
13 76
13 80
13 110
14 68
14 76
14 79
15 36
15 92
15 108
16 22
16 29
16 106
17 27
17 44
17 99
18 44
19 75
19 83
19 119
20 38
20 56
20 82
20 98
20 112
20 116
22 51
22 110
22 115
23 40
23 41
23 93
23 105
24 25
24 54
24 69
24 90
25 60
25 68
25 116
26 29
26 34
26 62
26 64
26 101
27 63
27 72
27 109
28 56
28 59
29 70
29 76
30 66
30 67
30 83
30 128
31 44
31 56
31 58
31 63
31 121
32 60
32 95
33 60
33 108
34 72
35 127
35 130
36 47
36 49
36 52
36 65
36 91
36 100
36 124
36 125
36 133
37 112
37 120
38 75
38 80
39 94
40 49
40 50
40 84
40 103
40 113
40 123
40 126
41 60
41 137
42 52
42 110
42 118
42 135
43 48
43 56
43 71
43 127
43 136
44 102
44 125
45 60
45 75
45 86
45 93
45 115
45 137
45 145
46 88
46 96
46 108
46 112
47 53
48 135
48 136
48 148
49 95
50 108
50 114
51 91
51 148
52 150
53 88
53 132
53 136
53 150
53 152
54 108
54 116
54 153
55 82
55 113
55 116
56 142
57 81
57 88
57 89
57 129
58 98
59 104
59 115
59 155
60 66
60 158
61 97
61 105
61 113
61 136
62 94
62 97
63 65
63 100
63 117
63 149
64 141
65 82
65 85
65 99
65 118
65 121
65 146
66 100
66 106
66 118
66 122
67 143
68 73
68 83
68 115
68 135
68 150
69 105
69 167
70 71
70 116
70 125
70 141
70 158
71 151
72 90
72 131
72 159
73 94
73 104
73 139
73 142
73 167
74 75
74 134
74 147
74 169
75 81
75 138
75 151
76 81
76 98
77 112
77 156
78 97
78 110
78 128
78 132
78 141
78 156
78 168
79 84
79 141
80 145
83 163
83 177
84 181
85 89
85 97
85 155
87 128
87 139
87 147
87 148
87 179
88 168
88 180
89 135
89 139
89 145
89 163
89 184
90 112
90 126
90 143
91 162
92 134
93 98
93 115
93 119
93 127
93 134
94 106
94 163
94 165
95 142
96 117
97 110
97 115
97 119
98 115
98 125
98 188
99 100
99 138
99 177
100 138
100 164
101 166
101 180
102 169
102 172
102 201
103 105
103 121
103 178
103 185
103 198
103 203
104 125
104 154
104 172
105 117
105 139
105 151
105 178
106 140
107 185
107 198
108 128
108 155
108 206
109 172
109 203
111 135
112 189
113 114
113 127
113 172
113 208
114 132
114 161
115 142
115 206
116 121
116 133
116 144
116 163
117 119
118 127
118 128
118 144
118 150
118 180
118 189
118 207
118 211
118 215
119 129
119 166
120 137
120 146
120 166
120 220
121 128
121 170
122 160
122 165
122 169
122 172
122 176
122 212
123 128
123 140
123 195
124 220
125 153
125 170
125 182
126 146
126 152
126 179
126 194
126 225
127 155
127 168
128 146
128 164
128 216
129 181
129 197
129 201
129 206
130 168
130 187
130 196
131 156
131 220
131 224
132 151
132 188
134 150
134 167
134 180
134 182
134 184
134 191
135 158
135 171
135 183
135 190
135 208
135 224
136 191
136 203
137 143
137 203
137 227
138 142
138 177
138 236
139 192
139 214
140 213
140 227
141 185
141 201
141 206
142 178
142 196
142 206
142 218
142 240
144 163
144 204
144 222
145 154
145 164
145 194
145 215
145 222
145 244
146 214
148 159
148 233
148 246
149 179
149 186
149 193
149 235
149 249
150 153
150 209
151 168
151 184
152 167
152 188
152 224
153 206
154 162
154 167
154 200
154 201
154 229
154 232
155 168
157 182
158 219
158 231
159 163
159 222
159 227
160 197
160 202
161 166
161 169
162 191
162 220
162 223
163 171
163 197
163 203
164 189
164 215
164 223
165 213
165 259
166 186
166 200
166 235
166 263
167 198
167 232
168 170
168 217
168 240
168 266
169 235
169 267
170 210
170 213
170 256
170 267
172 176
172 206
172 208
172 222
172 246
173 208
173 222
174 190
174 209
175 268
176 190
176 205
176 272
177 225
177 228
178 217
178 275
178 276
179 235
180 230
180 246
181 236
182 196
182 260
182 265
183 184
183 189
183 202
183 208
183 262
183 270
184 259
185 206
185 233
185 266
186 211
186 228
186 256
186 262
187 196
187 200
187 231
187 287
188 269
189 232
189 258
189 266
190 286
191 219
191 287
192 227
193 206
193 208
193 233
193 268
194 200
194 220
195 250
195 283
196 216
196 221
197 267
198 236
199 221
199 227
199 277
200 225
200 254
200 285
201 230
201 253
201 256
202 274
203 227
203 272
203 276
203 288
204 226
204 228
204 288
205 220
205 222
205 283
205 285
205 304
206 259
206 260
206 285
207 248
207 254
208 228
208 232
208 244
208 283
208 307
210 226
210 255
210 267
211 256
212 216
212 217
212 240
212 286
213 237
213 274
213 300
214 231
214 242
214 248
214 267
215 240
215 243
215 256
215 309
218 231
218 257
218 286
218 299
218 315
219 241
219 290
219 303
220 233
220 236
220 249
220 264
220 309
221 232
221 236
221 293
221 311
222 231
222 260
222 282
222 291
223 275
223 283
223 291
223 320
224 269
224 306
225 251
225 311
227 257
228 240
230 323
232 243
232 255
232 268
232 300
232 329
233 262
233 273
233 292
234 236
234 310
235 239
235 258
235 261
235 278
236 333
237 281
237 305
237 317
238 241
239 273
239 337
241 272
241 291
241 295
241 297
241 301
241 313
242 243
242 263
242 299
243 279
244 252
244 320
245 296
246 270
246 335
247 323
247 326
248 307
248 333
249 258
249 280
250 305
250 323
250 342
250 345
250 349
251 268
251 307
251 310
251 318
251 347
252 256
252 267
252 295
252 332
252 351
254 305
254 316
254 343
254 353
255 285
255 317
255 334
255 349
257 289
257 307
257 308
258 289
258 346
259 311
259 330
260 333
261 347
262 302
263 280
263 283
264 283
264 315
264 326
265 270
265 282
265 288
265 313
265 330
266 267
266 292
266 317
266 330
267 279
267 285
267 318
267 336
267 365
268 301
269 273
270 338
272 329
272 336
272 344
274 275
274 338
275 335
275 354
276 309
276 318
276 332
276 372
277 297
277 351
278 287
278 296
278 355
278 373
279 285
279 376
280 298
280 324
281 299
281 315
281 343
281 344
282 302
282 306
282 365
282 377
283 327
283 345
283 369
284 285
284 310
284 314
284 357
284 376
284 382
285 292
285 306
285 319
285 337
285 359
285 374
285 375
286 302
286 329
287 323
287 331
287 351
288 331
289 321
289 354
290 295
290 303
290 322
290 361
291 347
291 356
291 365
291 369
291 384
293 318
293 381
294 318
294 336
294 384
295 347
295 390
296 326
296 335
296 337
297 367
298 309
298 340
298 345
298 356
298 366
298 383
298 390
299 336
299 392
300 323
300 365
300 378
300 382
300 388
300 399
301 318
301 365
301 378
301 391
302 319
302 320
302 345
302 347
303 312
303 393
304 339
304 343
304 381
305 352
305 371
306 317
306 330
306 348
306 350
307 342
307 388
307 395
307 398
308 318
308 358
309 311
309 354
310 350
310 362
310 404
311 336
311 340
311 407
312 387
313 337
313 349
313 355
313 366
314 331
314 359
314 414
315 350
315 403
316 374
316 378
316 387
316 389
316 409
316 410
317 321
318 334
318 382
319 354
319 377
320 339
320 355
320 357
320 359
320 376
320 392
320 404
321 372
321 416
322 332
322 363
322 368
323 392
323 409
324 333
324 344
324 347
324 380
324 401
324 405
325 339
325 344
325 349
325 393
326 389
327 344
327 382
328 401
329 330
329 334
329 343
329 374
329 401
329 405
331 417
332 347
332 352
332 362
332 381
332 416
332 418
333 392
333 431
334 336
334 341
334 402
334 417
334 427
336 355
336 377
336 386
336 396
336 406
336 428
337 387
338 342
338 358
338 377
338 408
339 341
339 374
339 383
339 389
339 394
339 425
339 439
340 394
341 354
342 424
343 406
343 435
344 394
344 412
345 402
345 419
345 441
346 356
346 377
346 387
346 421
347 354
347 355
347 356
348 394
348 424
350 372
350 393
350 397
350 450
351 361
351 437
352 354
352 360
352 388
352 412
352 433
353 381
353 390
354 387
354 427
354 438
354 442
355 399
355 421
355 454
356 357
356 390
356 401
356 433
357 371
357 384
357 391
357 392
357 427
358 392
358 393
358 435
358 451
359 366
359 403
359 407
359 416
359 417
359 453
360 366
360 443
360 445
361 421
361 432
362 415
362 418
362 422
363 420
364 405
364 409
364 454
365 407
365 411
366 384
366 411
366 446
367 370
367 396
367 442
368 370
368 377
369 392
370 372
371 404
371 407
371 439
372 376
372 378
372 412
372 433
372 448
373 392
373 393
373 459
374 381
374 399
374 441
374 445
374 449
374 459
375 392
375 405
375 442
376 394
376 406
376 407
376 411
376 426
376 453
377 396
378 417
378 420
379 395
379 419
379 424
379 434
379 435
380 424
380 426
380 448
381 397
382 420
382 422
382 434
382 470
384 440
385 395
385 400
385 448
385 472
386 400
386 406
386 417
386 423
387 390
387 410
387 431
387 473
388 393
388 408
388 445
388 454
388 466
389 394
389 439
389 450
390 427
390 430
391 418
391 421
391 438
392 420
392 446
392 463
392 478
393 417
393 424
393 468
393 475
394 423
394 445
395 413
395 417
396 399
396 441
396 443
397 476
398 447
398 461
398 480
399 440
399 498
400 458
400 488
400 490
401 436
401 458
401 478
402 405
402 463
402 465
402 471
403 436
403 466
403 479
404 451
404 452
404 474
404 475
405 480
405 500
406 477
407 437
407 443
407 472
407 504
408 454
408 479
409 456
409 468
410 435
410 454
410 497
410 498
410 503
411 475
412 431
412 479
413 481
413 507
414 467
414 488
414 511
415 466
415 467
415 477
415 489
416 434
417 452
417 463
417 471
418 488
418 515
419 442
419 456
419 467
419 505
419 506
419 508
420 427
421 482
421 508
422 440
422 488
424 509
425 456
425 469
425 483
425 498
425 500
425 520
426 512
427 447
427 483
428 429
428 439
428 472
428 522
429 447
430 450
430 510
430 519
430 520
431 437
431 446
431 466
431 518
431 529
432 443
432 479
432 528
433 448
433 503
434 510
435 460
435 464
437 451
438 449
438 456
438 466
438 480
438 489
438 525
439 457
440 451
440 538
441 460
441 469
441 473
441 525
441 529
442 470
442 526
443 469
444 481
444 528
444 529
445 473
445 515
445 534
445 545
446 464
446 474
446 533
447 501
447 518
449 463
449 522
450 465
450 483
450 503
450 544
451 529
451 533
452 490
452 520
452 532
453 485
453 501
453 531
454 463
454 490
454 504
454 541
455 473
455 487
455 546
455 553
456 474
456 478
456 501
457 462
457 498
457 516
457 521
458 487
458 492
458 504
458 516
458 522
458 557
459 559
460 517
460 549
461 476
461 495
461 502
461 520
463 470
463 512
463 551
464 532
464 542
465 481
466 515
467 475
467 494
467 517
467 537
467 550
468 527
468 561
468 567
469 481
469 511
469 529
469 535
469 548
471 561
472 495
472 549
472 550
473 501
473 549
474 531
474 558
475 477
475 493
475 522
475 545
475 568
476 478
476 487
476 499
476 559
477 522
477 523
477 528
477 561
478 535
478 548
479 500
479 522
480 500
480 510
480 513
480 552
480 567
481 501
481 507
481 558
481 562
481 578
482 523
482 554
483 490
484 516
484 520
485 491
485 517
486 496
486 529
486 582
487 522
487 533
487 539
487 570
488 500
488 517
488 534
488 550
488 573
489 512
489 531
489 561
489 584
490 569
491 501
491 503
491 562
491 576
492 517
492 555
493 500
493 536
493 561
494 544
494 569
495 580
495 587
495 595
496 526
496 548
496 551
497 555
497 575
498 585
499 503
499 504
499 512
499 530
499 541
499 566
499 576
499 582
500 518
500 546
501 518
501 525
501 527
501 532
501 534
502 583
503 538
503 543
503 558
503 596
504 526
505 601
506 551
506 560
506 571
506 579
506 582
507 546
507 561
507 587
507 590
508 520
508 571
508 580
508 603
508 607
509 532
509 589
509 599
510 527
510 531
510 564
510 590
510 599
511 519
511 524
511 584
511 595
512 523
512 563
512 592
512 600
513 524
513 547
514 527
514 597
514 603
516 517
516 543
516 545
516 551
516 593
517 577
517 608
518 546
518 590
519 522
519 556
520 542
521 523
521 578
522 566
523 571
523 582
523 618
524 531
524 537
525 546
525 617
526 550
526 552
526 575
527 572
527 601
527 603
527 604
528 578
529 604
530 535
530 540
530 597
530 604
531 542
531 549
531 601
531 603
531 604
531 625
532 547
532 589
532 617
533 535
533 558
533 579
533 586
533 590
534 564
534 574
535 551
535 558
535 573
536 544
536 551
536 565
536 595
537 611
538 542
538 572
539 540
539 610
539 636
540 558
540 603
540 640
541 580
541 597
541 630
542 551
542 555
542 565
542 586
542 619
543 557
543 569
543 622
543 640
544 562
544 563
544 594
544 627
544 629
544 639
545 625
545 628
545 639
546 552
546 576
546 585
546 593
546 618
547 572
547 647
548 582
548 592
548 595
548 605
548 607
549 586
549 593
549 617
549 633
550 595
550 625
550 630
550 632
551 576
551 589
551 595
552 607
553 557
554 581
554 594
554 625
555 567
555 573
555 616
555 624
556 564
556 650
557 584
557 594
557 597
557 649
558 578
558 620
558 641
558 656
560 570
560 617
561 563
561 658
561 661
562 573
562 606
562 614
563 582
563 594
563 644
564 585
564 625
565 594
565 643
565 646
565 649
565 661
566 586
566 608
567 635
568 610
568 622
568 625
569 599
569 660
570 604
570 623
570 627
570 666
571 630
572 586
572 590
572 612
573 592
573 601
573 606
573 618
573 620
573 625
573 627
573 649
573 654
573 667
574 605
574 617
574 641
574 653
575 589
575 656
577 642
577 667
578 585
578 586
578 619
579 590
579 647
579 661
579 677
580 618
580 645
581 602
581 603
581 609
581 614
581 631
582 599
583 595
583 610
583 615
583 629
583 661
583 680
584 605
584 621
585 647
586 681
587 651
587 670
588 594
588 596
588 598
588 612
588 619
588 622
588 627
588 635
588 659
589 640
589 643
589 653
589 660
589 675
589 676
590 617
590 647
590 689
591 596
591 605
591 615
592 683
592 687
593 599
593 625
593 668
593 670
593 675
594 627
594 639
594 668
594 681
595 597
595 631
595 640
595 676
595 677
596 647
597 638
597 678
598 609
598 637
598 647
598 658
598 675
598 692
599 614
599 631
599 683
599 693
600 613
600 614
600 622
600 672
601 649
601 688
602 626
602 656
602 701
603 634
603 700
604 634
604 636
604 695
605 644
606 650
607 618
607 645
607 692
607 693
608 632
609 652
609 699
610 636
610 653
610 656
611 624
611 661
612 629
613 616
613 621
613 670
614 619
614 689
616 697
617 658
617 686
618 668
618 700
619 690
619 696
619 707
620 644
620 649
620 710
620 712
621 697
621 707
621 710
622 645
623 630
623 635
623 662
623 720
624 627
624 630
624 705
625 633
625 695
626 627
626 663
626 682
627 631
627 695
627 711
627 720
627 721
628 672
628 686
628 687
628 695
628 698
629 656
629 676
630 662
630 713
631 651
631 693
631 695
631 726
632 643
632 655
632 660
632 679
632 682
632 694
632 718
633 634
633 700
633 714
634 654
634 670
634 711
634 724
635 640
635 643
635 650
635 672
636 676
636 708
636 715
637 693
637 694
638 645
638 684
638 686
639 683
639 709
640 719
641 647
641 660
642 646
642 686
642 687
642 727
643 652
643 653
643 723
643 725
643 730
644 704
645 654
645 691
645 697
646 659
646 686
646 705
646 707
646 716
647 688
647 725
648 649
648 668
648 684
648 715
648 728
648 739
649 665
649 666
649 725
650 680
650 688
650 742
651 672
651 690
652 661
652 676
652 745
653 677
653 734
653 751
654 693
654 707
654 726
654 733
654 738
655 713
655 749
656 676
656 680
656 693
656 714
657 670
657 677
657 741
657 745
658 671
658 691
658 754
659 709
660 679
660 708
661 682
661 714
661 716
661 746
662 675
662 682
662 708
662 710
662 711
662 715
664 715
664 723
664 752
664 754
665 699
666 689
666 724
666 731
666 757
667 714
667 737
668 702
668 717
668 732
669 670
669 688
669 708
669 768
670 685
670 698
670 702
670 727
671 676
671 715
671 734
671 762
672 704
672 725
672 736
672 757
673 698
673 729
673 739
674 760
674 763
675 702
675 733
675 746
676 746
676 747
677 678
677 735
677 768
678 735
678 742
678 750
679 680
679 759
679 762
679 779
680 705
680 710
680 750
680 765
681 690
681 721
681 730
681 736
681 756
681 781
682 683
682 692
683 708
683 722
683 726
683 756
684 710
684 752
685 704
685 725
685 726
686 689
686 765
687 716
687 736
688 694
688 731
689 733
689 768
689 777
689 783
690 691
690 718
690 764
690 779
691 694
691 759
692 695
692 702
692 755
692 792
693 737
693 754
694 710
694 728
694 744
694 767
695 708
695 723
695 747
696 775
697 756
697 793
698 793
700 765
700 769
700 794
701 766
701 787
702 759
702 767
702 802
705 706
705 728
705 738
705 764
706 708
706 719
706 737
707 736
707 744
707 760
707 790
707 797
708 730
708 752
709 754
709 767
709 784
709 804
710 727
710 733
710 788
710 791
710 793
710 799
711 774
711 805
712 715
712 755
713 716
713 731
713 743
713 749
713 768
714 791
715 777
715 814
716 752
716 775
716 801
717 754
718 724
719 749
719 764
720 731
720 763
720 772
720 793
720 795
721 733
721 750
721 769
721 801
722 726
722 785
722 805
723 730
723 770
723 788
723 812
723 817
724 749
724 759
724 776
724 788
724 806
725 729
726 732
726 746
726 748
726 760
726 762
727 741
727 788
727 790
727 793
727 824
728 747
728 773
728 812
728 826
729 782
729 800
730 791
730 826
731 794
733 765
733 773
733 774
733 780
733 829
734 755
735 737
735 741
735 750
735 824
736 822
737 771
737 808
737 817
738 768
738 783
739 779
739 813
740 828
740 840
741 817
741 841
742 754
742 791
742 808
742 840
743 779
743 800
744 753
744 757
744 782
744 799
744 802
744 807
745 748
745 800
745 801
745 824
746 751
746 756
746 795
746 832
747 793
747 812
747 814
747 839
747 842
748 815
748 833
749 778
749 833
750 797
750 802
751 810
751 813
751 838
752 765
752 779
752 791
752 825
753 755
753 782
753 808
754 803
755 788
755 803
755 807
755 834
755 840
755 842
756 787
756 797
756 804
756 809
757 827
757 832
757 847
759 805
759 809
759 834
760 815
760 826
761 774
761 838
762 770
762 817
763 781
763 851
763 859
764 772
764 859
765 803
765 822
765 823
765 848
767 771
767 787
767 795
767 796
767 812
767 830
767 861
767 864
768 834
769 831
769 856
769 861
770 775
770 865
771 798
772 784
772 794
772 800
772 812
772 824
772 834
773 802
773 830
773 851
773 865
773 867
774 814
774 852
775 823
775 832
775 836
776 780
777 781
777 785
777 825
777 832
777 854
778 846
778 848
778 857
779 843
779 865
779 877
780 801
780 826
780 827
781 841
781 870
783 792
783 797
783 814
783 819
783 829
783 860
783 873
783 882
784 832
784 845
784 879
784 884
785 816
785 838
786 796
786 798
786 817
786 868
786 880
787 813
787 840
787 867
788 852
788 862
788 868
790 797
790 822
790 824
790 848
790 858
790 865
792 811
792 820
793 854
793 873
794 814
794 840
794 850
794 858
794 879
796 838
796 844
796 890
797 812
797 817
797 829
797 889
797 892
798 816
798 856
799 867
799 887
800 826
800 833
800 887
801 827
801 832
801 834
802 828
803 826
803 863
803 871
803 878
803 899
804 884
804 898
805 842
805 898
805 904
807 848
807 867
807 900
808 848
808 871
808 894
809 893
810 826
810 837
810 847
810 849
810 862
810 866
811 896
812 862
812 871
812 876
812 892
813 817
813 909
814 822
814 835
814 839
814 907
815 838
815 846
815 860
815 866
815 906
816 844
816 855
816 882
816 884
816 915
817 886
818 895
818 917
819 898
819 909
820 833
821 824
821 831
821 858
821 867
821 911
822 831
822 861
822 889
822 899
823 849
823 857
823 859
823 868
824 915
825 868
825 890
825 897
825 918
826 840
826 876
826 883
826 887
826 913
826 921
827 839
827 858
827 890
827 925
828 911
829 830
829 840
829 856
829 892
829 899
830 859
830 909
831 859
831 891
832 902
832 910
833 837
833 851
833 852
833 857
834 856
834 866
834 872
834 880
834 905
834 913
834 934
835 861
835 903
836 868
836 882
836 930
838 884
838 911
838 923
838 925
838 927
839 892
839 938
840 882
840 901
841 890
841 897
842 856
842 863
842 893
842 900
843 872
843 889
844 895
844 933
844 941
845 856
845 865
846 875
846 902
847 857
847 942
847 947
848 898
848 925
848 941
848 944
849 893
849 895
850 862
850 892
850 921
850 929
850 945
851 858
851 866
852 884
852 917
853 864
853 872
853 933
853 948
854 863
854 875
854 889
854 898
855 876
855 921
856 864
857 865
857 909
858 896
858 944
859 940
861 945
862 863
862 866
863 906
864 895
864 913
866 867
866 889
866 917
867 932
867 940
868 884
868 898
868 948
869 870
869 892
869 895
870 923
870 940
870 941
870 950
871 880
871 911
871 967
872 935
872 942
872 956
873 880
873 885
873 891
873 947
873 951
873 963
875 917
876 918
876 950
876 966
876 967
876 968
876 973
876 975
876 976
877 922
877 945
877 956
877 973
878 930
879 907
879 925
879 961
879 972
879 976
880 938
881 899
881 902
881 910
881 911
881 968
882 885
882 890
882 922
882 971
883 905
883 906
883 945
883 970
884 896
884 958
884 976
885 925
885 972
885 977
886 954
886 962
887 920
887 966
887 974
888 910
888 928
888 965
890 913
890 920
890 940
890 958
891 894
891 922
891 927
891 972
892 951
892 989
892 991
893 904
893 923
894 938
894 944
894 968
895 903
895 915
895 938
895 944
895 956
895 973
896 925
896 963
897 905
897 927
897 930
897 947
897 957
897 970
898 949
898 959
899 937
899 973
900 927
900 932
900 938
900 955
900 971
901 906
901 911
901 927
901 944
901 975
902 922
902 971
902 983
902 984
903 943
904 936
904 938
904 956
904 977
904 986
905 924
905 989
905 995
905 996
906 919
906 996
907 991
909 931
910 957
910 971
910 991
911 930
912 914
912 930
912 951
913 918
913 928
913 960
913 1000
914 937
914 956
914 998
915 921
915 946
915 972
916 930
916 933
916 974
917 985
917 988
918 921
918 1000
919 932
919 947
919 952
919 970
921 923
921 966
921 975
922 942
922 953
922 957
922 971
922 972
923 942
923 996
925 968
926 929
926 937
926 938
926 949
927 962
928 934
928 979
928 995
929 940
929 945
929 971
929 985
931 963
931 965
932 999
933 973
934 997
935 936
935 990
936 944
937 951
937 952
937 978
938 994
939 992
940 969
940 992
941 949
941 970
942 947
942 978
942 985
943 997
944 975
944 991
945 953
947 988
948 978
948 994
949 954
950 961
950 984
952 966
952 978
953 992
957 989
958 964
959 968
959 980
960 985
961 991
962 969
962 979
967 984
968 989
968 1000
971 987
971 988
974 976
976 980
978 988
981 982
987 999
990 993
990 996
995 997
996 997
24 16 21 3 8 3 7 6 0 3
0 1 17 1 15 20 14 6 1 5
5 10 15 3 3 6 7 8 13 13
7 49 4 3 5 22 7 18 0 9
12 7 12 6 18 18 7 9 21 11
9 1 2 14 7 6 18 7 5 8
8 17 6 7 6 19 15 4 21 9
1 4 4 11 36 23 13 28 11 2
6 12 9 9 11 2 2 3 10 6
18 16 6 1 8 4 5 1 7 0
6 5 5 6 6 3 12 3 15 7
29 19 1 17 2 19 18 4 6 5
11 4 16 12 2 3 21 10 4 20
32 5 12 2 5 19 22 5 28 12
13 4 3 9 2 13 7 1 3 7
1 24 5 18 30 18 1 15 11 4
18 16 15 12 13 18 3 24 36 6
9 17 1 10 9 19 4 16 2 9
18 24 1 15 2 14 8 16 13 6
11 1 4 16 1 8 6 11 9 5
17 30 5 14 6 19 8 12 9 20 14 13 16 14 25 5 1 11 4 15
5 13 1 5 1 3 1 2 4 6 1 1 1 1 5 8 3 7 1 6
14 8 14 13 1 13 15 1 11 19 16 22 13 16 23 1 2 10 16 14
8 12 4 5 1 2 1 2 5 15 6 1 2 5 3 1 1 1 1 2
24 39 23 17 23 25 8 36 33 34 28 15 15 17 37 32 23 21 21 39
20 32 27 24 13 20 16 21 31 31 27 18 10 13 32 29 11 22 18 28
10 22 6 11 1 5 4 10 9 13 7 5 2 4 9 10 1 7 1 1
26 42 18 19 14 25 14 31 22 32 29 25 15 24 33 21 11 13 20 31
41 47 39 20 24 37 18 36 44 51 49 16 37 32 43 19 17 15 19 42
60 65 48 43 27 52 41 39 51 65 62 43 43 40 58 29 15 33 30 46
27 26 19 18 4 31 10 29 32 40 30 19 18 9 23 30 11 19 20 32
51 45 52 32 25 57 32 32 47 63 64 38 54 45 60 18 18 28 39 62
42 44 31 34 11 28 10 25 44 46 29 24 27 7 41 34 14 34 21 33
24 34 23 29 1 22 12 12 14 21 21 16 25 15 22 11 1 17 11 20
14 19 1 6 1 8 1 14 12 13 6 8 7 1 10 16 8 9 7 15
29 34 16 21 5 13 6 14 16 30 16 11 16 9 16 13 2 10 4 12
12 14 2 7 1 1 1 6 3 16 2 4 1 3 5 4 1 3 2 1
11 28 13 1 15 25 10 16 18 19 24 12 18 22 27 1 2 4 3 20
36 44 24 37 24 42 36 33 36 54 41 47 17 31 49 31 17 33 33 40
21 22 6 13 3 26 5 21 16 26 22 15 18 6 22 14 3 14 14 26
28 25 28 31 8 35 20 24 34 44 38 29 28 23 42 25 11 28 30 43
37 46 15 28 4 29 11 27 25 40 19 34 15 11 36 25 8 26 20 26
38 38 36 51 15 44 36 24 39 48 43 46 36 31 47 27 20 46 42 42
13 10 7 8 1 3 1 5 6 16 5 7 8 6 7 4 1 5 7 6
20 10 14 4 1 15 5 12 24 27 19 9 16 4 12 15 6 8 8 12
20 27 10 14 5 13 5 17 20 23 11 16 11 6 25 22 11 17 12 19
15 12 13 21 2 20 13 16 13 23 21 22 17 9 23 15 1 18 22 22
15 13 8 8 1 11 1 11 11 12 11 6 10 1 6 8 1 9 6 7
37 36 34 24 9 37 24 17 36 42 40 33 36 30 40 15 9 20 22 35
10 17 8 18 1 14 9 21 14 17 13 16 7 1 20 23 5 19 16 15
55 63 44 40 30 51 21 49 61 57 51 32 40 21 58 45 26 42 27 52
47 49 28 41 17 39 26 27 36 54 37 33 30 25 46 16 7 35 19 25
31 35 7 18 6 29 6 23 19 28 20 19 20 8 23 15 9 19 13 24
15 20 8 12 1 7 1 12 7 15 6 9 9 6 13 11 1 11 8 6
34 42 38 34 12 26 21 25 28 32 35 10 32 18 25 17 1 19 8 27
37 33 36 31 12 26 22 22 28 43 35 24 29 27 31 13 10 20 23 28
1 6 1 3 1 6 1 5 2 1 1 4 1 1 3 8 1 5 4 5
12 20 21 18 3 10 13 11 18 22 16 14 11 14 19 19 7 11 12 17
27 29 19 13 15 13 19 9 21 35 23 13 11 23 21 3 3 5 1 11
12 7 10 19 8 12 6 11 20 20 13 14 5 1 21 22 11 22 22 25
35 31 27 17 12 20 11 19 29 38 27 6 22 17 15 16 10 11 8 19
6 20 5 4 1 10 2 18 7 12 7 7 5 4 8 12 2 5 6 11
55 51 40 44 23 45 41 21 43 60 46 53 30 43 56 25 26 37 38 46
18 17 11 9 4 9 8 3 15 23 16 7 8 12 10 4 1 1 1 5
44 47 30 40 19 32 18 36 40 44 33 24 16 16 32 43 26 37 27 35
31 39 37 35 14 23 25 23 34 37 36 16 28 24 30 24 9 23 14 27
20 12 9 4 1 10 1 6 13 23 12 4 8 3 1 5 2 1 3 11
47 60 46 45 28 38 34 40 48 52 51 29 29 41 55 34 23 33 26 46
27 25 18 21 14 11 14 17 27 40 21 17 3 16 26 24 15 20 16 17
23 34 24 25 5 14 18 12 15 26 22 15 12 20 25 8 1 10 8 13
4 21 4 1 6 16 1 22 4 7 10 7 9 8 13 9 1 4 6 18
2 7 1 6 1 10 3 13 2 9 4 12 1 1 9 12 1 8 11 13
40 35 41 39 22 24 22 34 45 54 40 19 19 16 35 39 21 34 28 36
45 45 47 33 31 45 14 38 52 46 49 21 43 18 55 36 26 34 33 55
30 38 31 27 16 35 19 21 23 30 32 29 36 35 38 9 14 21 28 42
33 38 22 29 6 35 21 14 28 34 29 35 35 27 44 14 11 28 22 32
10 2 8 1 1 9 1 1 15 14 11 7 12 1 9 2 1 2 5 10
6 5 2 5 1 5 1 5 6 7 6 8 6 1 9 5 1 6 8 6
41 53 44 27 25 57 25 50 50 44 59 28 51 24 55 31 15 31 25 57
10 14 3 4 1 1 1 5 8 16 5 1 2 3 3 7 1 1 1 2
13 15 1 11 1 10 1 4 6 13 2 7 9 1 14 5 2 10 1 8
23 54 42 26 31 35 25 41 31 24 40 16 34 36 37 19 14 24 11 36
15 17 7 18 1 15 4 4 6 9 4 18 17 5 19 6 1 16 11 15
31 26 25 7 16 34 10 19 34 35 37 13 34 19 30 14 10 9 14 34
5 9 8 7 1 4 4 6 3 3 5 8 9 5 8 6 1 1 8 10
20 15 12 4 1 11 1 12 19 19 15 3 11 1 4 13 1 2 4 11
10 7 4 5 1 1 1 1 7 13 4 1 4 4 1 3 1 1 1 1
43 51 29 26 25 28 29 18 31 46 33 29 24 34 39 18 8 22 15 24
39 34 35 26 26 37 19 32 42 45 42 26 35 29 49 25 28 28 30 53
46 50 29 35 24 37 34 23 33 54 39 38 25 32 49 18 10 31 24 31
7 18 1 8 1 10 1 6 1 8 1 5 5 1 11 5 1 9 2 5
9 12 8 11 2 7 1 3 8 13 3 9 5 6 9 8 5 10 9 12
43 60 41 55 20 52 40 38 38 49 51 46 40 34 57 32 21 45 40 53
19 25 9 9 8 24 18 19 24 33 22 27 8 12 27 22 9 14 14 22
28 54 29 39 11 34 20 35 34 37 28 19 28 7 35 35 5 32 12 27
27 30 26 16 9 25 6 17 27 31 27 9 24 14 19 18 8 12 12 26
16 17 6 15 1 9 1 1 4 13 2 12 13 5 13 1 1 11 7 9
24 33 8 25 1 26 16 27 22 31 22 29 10 7 31 26 7 24 18 21
14 26 20 15 6 19 7 18 21 13 22 7 22 10 17 19 6 10 8 24
31 39 23 35 11 25 17 23 26 34 27 17 20 15 26 19 8 29 14 17
50 36 37 25 13 40 19 4 42 50 37 33 43 24 43 14 8 21 20 35
8 9 10 11 1 4 5 4 4 10 5 9 9 9 9 1 1 4 9 10
14 14 6 12 1 9 8 11 13 23 10 18 5 8 18 13 6 13 13 12
18 23 12 11 1 21 4 22 17 25 21 11 15 5 14 17 1 9 10 21
10 16 1 4 2 9 1 12 5 9 7 4 9 4 8 7 1 4 3 11
7 20 3 7 2 11 1 12 1 11 4 5 6 8 10 4 1 5 5 11
44 65 46 43 32 48 42 50 47 53 61 40 32 44 57 36 18 31 30 48
7 15 5 7 1 1 1 8 7 10 4 1 1 4 6 11 3 4 1 3
15 12 11 13 1 7 5 3 8 13 10 9 16 8 13 3 1 6 9 10
15 19 7 10 1 7 1 13 10 13 6 11 11 4 12 15 5 12 9 8
50 66 45 43 26 51 22 44 45 53 52 34 52 37 60 24 11 37 23 46
16 17 7 12 2 2 6 9 11 24 10 12 2 8 13 12 7 4 9 11
28 32 25 35 5 26 10 18 26 30 21 21 24 8 28 27 7 29 17 27
10 11 1 3 1 8 3 3 12 16 8 9 2 3 12 4 1 6 3 5
7 13 4 7 1 5 1 1 1 11 2 2 1 5 4 1 1 3 2 3
34 36 29 28 16 35 21 15 33 36 35 28 38 31 48 15 15 25 21 37
24 27 11 20 1 16 1 9 18 23 6 15 21 2 19 16 3 19 8 17
16 38 27 25 20 24 12 27 26 23 27 8 16 19 27 27 10 21 12 28
42 34 30 24 19 35 9 18 38 46 36 16 29 21 40 18 14 24 16 33
10 21 9 19 11 27 10 22 14 23 24 15 13 17 24 14 1 16 15 24
16 21 19 16 9 6 16 7 14 24 18 12 10 21 21 4 4 7 9 7
11 26 10 15 1 8 1 9 5 8 5 7 10 5 10 9 1 7 4 8
52 45 43 36 22 41 27 37 57 67 54 32 25 22 50 43 24 32 36 49
7 15 1 4 1 7 1 9 2 11 4 1 4 4 8 4 1 2 1 8
31 21 25 5 9 23 13 2 34 39 30 15 23 17 22 9 3 4 7 19
10 13 5 10 2 9 4 18 12 22 8 16 3 1 17 23 9 14 16 17
21 39 18 27 10 20 12 21 13 19 20 11 12 16 21 15 1 19 9 13
18 41 23 30 11 35 21 39 28 26 36 20 28 8 35 34 9 26 23 38
63 54 40 48 23 39 34 31 50 67 46 43 35 36 54 30 24 38 29 37
12 11 8 9 1 9 3 1 13 9 8 10 13 4 10 8 6 11 10 12
21 20 23 28 10 21 17 21 24 33 25 24 15 13 38 27 15 28 30 36
13 18 13 15 4 10 7 10 8 21 14 10 9 10 15 7 1 8 10 12
51 58 39 47 19 37 29 31 43 56 39 38 30 30 53 36 18 37 27 42
14 23 7 13 3 12 1 5 4 9 9 7 18 11 16 1 1 6 4 14
3 11 1 3 1 3 1 4 2 5 1 1 1 1 5 4 1 3 1 3
10 29 5 13 3 17 1 15 5 6 10 6 13 5 17 9 1 11 1 11
18 34 14 31 16 38 12 28 20 27 26 25 25 22 38 18 4 28 18 35
32 31 28 42 26 21 25 25 34 47 31 19 11 20 42 28 22 39 29 32
15 20 11 18 1 16 7 5 5 13 7 17 17 10 21 7 2 14 14 16
34 43 22 30 16 20 14 21 29 38 26 13 19 21 32 19 12 25 8 16
10 5 4 3 1 9 1 8 9 11 8 5 7 1 3 7 1 5 5 6
25 27 23 23 4 27 18 18 26 29 31 26 23 12 30 18 1 18 17 20
28 42 26 34 3 29 18 21 24 28 23 29 28 16 35 20 1 25 17 27
35 44 33 31 18 44 34 13 28 41 41 43 37 39 53 18 4 28 31 43
19 31 10 18 1 11 2 16 8 20 6 15 14 5 19 14 2 11 8 16
13 18 12 13 7 9 6 9 5 17 8 10 5 11 10 8 1 8 10 11
39 24 21 26 2 35 16 14 32 44 29 37 32 13 39 17 5 26 21 33
14 39 13 29 5 31 11 28 14 13 18 18 21 5 27 23 1 27 11 26
28 49 25 32 16 30 22 38 32 28 31 17 24 10 27 34 15 27 18 31
48 49 43 41 20 50 27 42 40 54 57 29 42 31 52 25 11 30 34 50
28 25 21 11 12 39 8 24 32 36 37 16 30 13 33 20 9 17 20 38
16 15 15 13 1 17 10 8 16 25 18 15 22 17 23 8 8 11 14 26
40 60 43 43 18 47 24 35 53 45 43 31 47 15 51 40 10 40 21 44
60 63 50 60 20 47 35 41 53 67 49 48 42 33 63 41 18 51 37 47
9 21 5 16 5 19 8 18 7 16 16 12 7 11 15 13 1 12 12 17
21 34 21 7 12 18 16 11 17 31 21 21 16 23 25 12 1 4 8 20
38 51 42 50 27 32 25 34 34 38 40 22 27 22 47 36 19 41 29 42
43 49 40 45 25 54 27 38 48 56 52 35 44 30 51 38 17 41 34 51
17 22 8 12 7 13 7 14 16 21 12 14 14 11 24 15 10 13 10 21
5 11 2 3 1 6 1 6 1 9 2 2 5 4 6 1 1 1 2 9
20 20 10 8 1 12 1 4 14 21 13 2 13 4 10 3 1 3 1 8
67 51 39 44 23 55 30 35 61 75 49 49 36 26 60 42 27 45 38 53
16 12 9 16 7 2 1 4 12 14 2 3 5 1 16 15 11 17 9 13
25 45 12 18 14 31 6 33 18 23 21 18 24 15 31 20 10 18 11 29
27 31 8 27 7 21 13 20 14 29 18 20 5 10 22 18 7 21 17 19
50 58 33 43 15 41 26 36 45 55 42 40 28 26 48 37 18 35 26 39
35 62 30 40 16 39 26 39 39 42 36 31 29 20 46 38 13 32 18 39
21 38 15 17 15 27 8 32 15 27 26 13 19 21 29 14 6 15 12 29
18 15 6 9 1 13 1 1 9 15 8 2 14 1 7 1 1 6 1 8
26 19 15 17 12 4 7 12 25 36 16 10 2 9 19 21 15 16 14 16
26 19 18 25 11 3 5 6 18 30 11 9 10 9 24 16 12 18 12 15
31 33 19 24 12 39 25 33 37 50 40 34 18 19 35 28 11 23 25 34
26 33 17 25 7 17 8 20 18 29 14 22 13 12 26 25 14 21 20 24
16 25 10 16 3 2 4 6 12 17 10 3 5 7 10 11 1 8 1 1
51 57 38 61 24 40 32 49 55 66 46 42 20 18 58 58 23 56 39 47
26 35 26 22 12 36 10 24 29 32 35 22 35 21 42 18 7 21 17 37
45 34 48 37 19 27 17 22 44 48 40 13 31 15 35 33 17 28 27 37
44 41 38 26 21 37 20 30 37 48 46 19 38 31 39 16 16 16 24 42
45 57 43 50 25 55 47 51 50 50 59 49 37 32 60 45 23 45 42 54
11 14 4 7 1 3 2 9 7 15 3 10 5 3 11 11 4 8 8 7
51 50 47 59 26 42 39 35 45 62 48 45 30 32 63 42 30 51 47 52
25 20 19 20 3 27 10 15 19 36 29 19 23 15 26 12 2 14 17 32
41 62 38 43 30 63 30 45 51 58 50 52 47 39 71 39 14 46 33 59
30 35 23 22 13 32 23 13 24 35 31 33 28 26 40 12 1 19 20 29
10 30 18 9 9 20 2 21 14 12 21 8 23 16 22 9 1 4 8 22
16 7 12 1 1 12 5 1 20 22 17 12 14 5 14 2 1 1 5 10
18 26 6 27 7 30 15 20 18 28 22 29 19 13 37 16 3 27 20 28
30 38 19 33 18 28 26 36 30 44 33 31 10 22 37 32 17 28 29 33
14 23 4 10 5 16 4 18 7 15 13 15 12 8 23 9 6 9 14 23
6 15 4 5 1 9 5 6 6 13 7 8 4 8 11 4 1 5 5 7
5 6 1 7 1 8 2 5 8 10 5 7 2 1 6 9 4 11 7 7
30 52 34 34 23 46 15 43 39 32 34 27 39 18 51 34 16 43 20 50
26 36 29 18 11 35 14 34 36 27 39 14 31 11 27 29 10 13 16 40
20 38 23 8 19 30 14 26 27 25 29 20 28 30 36 10 13 15 10 31
9 15 8 12 1 14 5 4 2 8 9 12 15 10 20 1 1 9 12 17
33 48 29 18 24 28 26 15 28 42 34 26 21 34 32 22 3 13 13 25
51 55 41 29 27 51 23 46 53 61 57 28 40 31 54 32 23 32 25 55
10 10 5 11 1 6 3 11 2 12 6 15 7 3 16 8 1 8 14 13
12 12 2 5 1 2 1 7 7 15 5 1 4 2 4 7 1 2 1 3
1 6 1 1 1 6 1 1 1 4 1 1 1 1 4 1 1 2 1 5
1 6 3 14 5 16 11 16 11 15 12 18 3 5 18 19 4 17 18 17
20 22 8 16 7 12 9 18 13 27 14 17 1 10 16 15 10 12 15 13
20 18 2 14 1 12 8 12 13 27 15 18 3 6 20 10 1 12 10 8
38 43 35 48 18 45 44 41 44 56 50 55 26 36 57 41 22 41 46 46
28 20 20 24 5 16 12 4 13 30 20 17 23 17 23 3 1 12 12 16
47 45 47 27 31 41 22 21 49 51 49 24 44 36 54 22 18 22 21 51
8 29 13 10 7 12 1 16 4 9 11 4 13 14 15 9 1 2 4 17
12 27 8 19 13 28 10 32 21 25 23 17 13 13 32 26 7 23 16 30
18 33 18 23 6 24 15 31 24 23 23 23 15 11 23 32 14 20 22 31
15 15 1 10 1 7 1 8 4 11 2 8 7 1 8 6 2 10 4 4
8 19 5 5 1 10 5 10 9 12 10 11 10 7 15 8 1 6 8 12
12 24 9 14 5 17 7 21 9 23 16 19 12 14 24 16 5 10 16 24
15 16 6 10 1 18 1 7 11 20 16 6 13 6 15 2 1 8 4 13
25 50 37 57 21 56 38 49 43 39 46 47 43 23 60 49 14 53 39 54
48 49 23 36 13 40 15 38 36 43 29 37 36 5 37 36 10 36 29 38
7 12 1 7 1 8 3 7 10 15 7 9 3 1 13 9 2 11 6 9
19 41 23 21 15 32 13 39 23 25 31 17 24 21 31 24 7 19 16 33
42 61 40 27 27 49 34 49 41 45 51 40 43 42 57 29 24 33 29 52
19 19 4 13 1 12 1 7 12 15 8 8 15 1 14 7 1 11 1 7
25 25 22 16 7 8 8 14 20 29 22 1 11 11 7 8 1 6 1 3
8 13 2 8 1 10 4 17 7 12 6 13 2 1 9 18 5 10 12 13
55 59 35 38 20 43 26 37 46 58 49 33 34 29 49 28 18 31 23 37
8 9 5 2 1 7 1 2 9 11 7 2 9 2 6 3 1 1 2 8
7 13 10 10 1 2 7 10 6 12 10 9 6 5 13 9 1 2 6 7
20 19 9 20 6 9 1 8 14 20 1 12 14 3 20 17 10 20 9 16
45 48 31 37 16 35 28 26 34 50 36 37 23 34 49 28 23 29 29 41
28 22 15 15 1 21 6 15 20 27 19 19 22 6 21 14 7 13 17 24
20 16 9 15 7 10 1 7 17 17 6 6 13 1 15 15 11 16 8 15
34 56 20 24 19 30 14 33 26 37 32 17 22 27 38 18 10 16 7 28
25 32 14 25 1 15 1 12 9 22 7 17 16 5 19 13 1 19 10 12
21 22 18 23 8 7 11 6 5 21 12 10 13 17 19 2 2 10 9 11
28 41 36 25 29 45 26 40 34 40 40 33 35 36 55 30 22 38 32 55
28 30 19 22 6 14 15 6 12 31 17 22 17 20 28 7 1 10 8 12
29 23 21 22 4 21 7 4 14 26 18 16 27 13 19 4 1 13 12 21
25 41 14 27 11 30 14 33 20 35 30 28 20 20 39 24 5 21 21 32
40 31 32 39 20 25 24 15 28 48 30 31 19 23 46 24 17 33 29 33
7 11 1 9 1 9 4 6 5 8 6 10 4 1 12 5 1 10 9 9
16 24 17 20 1 18 11 11 8 13 15 17 21 15 22 9 4 14 16 22
10 21 6 9 1 10 4 20 14 18 10 13 1 1 12 22 8 10 12 13
24 38 20 42 13 28 22 33 24 36 26 25 13 16 29 32 4 34 17 22
22 26 10 11 2 27 1 18 13 22 20 12 25 4 24 7 1 12 5 23
4 16 4 10 1 9 4 12 5 14 8 9 1 3 10 12 1 8 7 8
8 24 10 13 7 24 12 25 22 25 26 20 16 13 28 23 6 17 17 26
24 31 22 21 4 19 16 13 14 27 21 25 15 19 28 10 1 12 13 17
39 36 22 33 8 48 13 31 33 44 36 36 40 15 48 25 10 33 28 51
31 48 27 27 15 45 17 27 26 33 34 37 41 29 54 13 1 24 20 41
31 19 15 17 4 37 7 12 24 34 28 18 30 5 32 12 3 21 18 31
16 19 15 10 10 4 14 2 13 25 16 9 5 18 17 1 1 4 1 2
27 29 26 26 4 19 21 20 26 37 27 30 17 23 29 23 14 19 25 25
10 14 5 15 1 14 6 7 9 14 8 17 10 4 21 9 4 16 13 14
32 28 16 33 4 33 19 20 22 37 25 36 22 17 40 21 16 32 31 37
26 38 33 25 31 53 27 45 39 43 49 32 41 35 45 22 19 32 27 52
13 26 4 23 3 26 8 22 4 19 14 23 17 10 29 13 1 20 17 27
6 13 1 8 1 10 3 8 5 8 7 8 4 2 13 6 1 9 6 8
40 25 40 30 16 36 25 18 36 51 44 24 36 27 40 13 12 23 29 36
54 68 48 34 28 59 30 40 53 57 63 30 47 32 55 29 7 27 18 49
7 10 1 1 1 2 2 6 7 15 5 4 1 2 5 4 1 1 1 4
9 13 2 9 1 10 2 9 1 11 3 9 3 3 8 6 1 9 8 11
34 40 14 25 9 17 10 19 18 35 18 16 19 14 28 8 7 19 10 16
56 55 36 35 16 53 25 28 45 58 48 49 50 33 61 24 7 30 29 52
14 13 2 11 1 10 1 2 6 10 2 12 14 1 13 4 1 11 6 11
8 14 10 10 2 5 4 5 4 16 8 9 4 9 12 4 1 3 8 9
15 13 3 10 1 10 4 16 15 23 11 13 4 2 11 20 9 13 12 12
40 41 17 37 15 28 26 27 32 49 32 33 9 22 39 28 18 34 23 24
22 43 14 24 14 40 18 29 22 33 30 32 25 22 46 18 1 24 15 33
29 19 27 33 10 31 26 10 25 32 32 35 31 23 35 11 15 30 35 33
30 43 22 41 9 35 19 33 32 45 28 33 18 16 43 36 7 37 23 33
6 14 7 5 1 4 1 8 7 5 6 3 8 1 6 8 1 1 3 8
11 24 11 9 5 12 4 14 9 19 14 10 14 17 20 8 2 1 6 20
16 13 1 7 3 7 6 12 18 22 12 11 6 1 12 15 11 7 9 12
41 48 32 40 26 31 30 36 31 46 36 33 23 33 43 24 25 31 33 36
49 45 34 41 10 47 33 28 44 54 48 48 35 27 51 28 22 37 39 46
43 64 36 37 23 57 28 37 46 44 50 44 47 29 58 36 1 38 25 46
29 47 47 28 27 61 36 41 54 45 65 34 49 29 57 34 5 26 28 57
25 21 27 28 18 5 12 9 20 28 16 11 11 18 24 19 16 19 18 20
56 36 51 42 28 39 24 24 48 60 46 32 43 28 50 38 29 39 42 48
8 19 10 11 3 7 8 19 17 14 11 6 4 1 6 23 6 12 4 8
25 26 13 13 9 9 13 7 14 30 17 16 3 17 20 3 1 7 4 7
18 25 18 15 8 6 8 11 14 17 16 2 9 12 8 6 2 7 4 3
49 64 30 47 17 39 24 44 44 54 39 35 25 24 50 37 19 42 25 36
35 38 45 33 14 28 28 23 39 43 46 12 33 20 33 18 2 18 13 28
2 7 1 5 1 12 2 7 7 6 6 7 4 2 8 9 4 10 7 11
26 36 30 16 17 27 19 18 37 31 34 19 27 20 34 24 6 15 11 31
21 25 12 28 11 20 12 22 26 28 21 17 8 4 35 30 14 32 21 26
41 53 38 38 15 36 23 30 46 47 39 23 37 14 37 33 5 30 10 27
9 8 3 7 1 8 1 7 8 11 8 7 6 1 8 5 1 8 7 5
4 10 1 10 1 17 8 15 10 15 10 13 5 4 14 16 7 16 13 16
5 4 1 1 1 3 1 1 13 14 6 6 4 1 8 6 2 5 3 4
54 57 41 60 21 43 26 47 44 60 38 50 28 22 56 55 26 52 46 51
49 43 40 42 20 43 25 20 31 43 42 28 48 36 44 6 13 32 25 39
31 39 22 31 6 19 15 22 21 32 22 25 19 15 27 24 10 20 18 21
35 38 25 34 15 13 14 19 28 39 20 15 22 19 32 19 13 25 10 17
10 27 24 21 7 14 14 15 13 16 18 11 13 13 14 18 2 10 11 17
14 20 19 19 2 14 10 21 14 22 19 16 13 9 15 20 1 12 15 15
10 12 7 11 1 9 5 12 4 19 10 16 8 5 15 10 1 6 14 15
16 23 8 11 5 12 8 9 8 22 13 9 6 15 15 3 1 6 4 9
17 22 10 20 6 20 9 18 22 28 19 14 11 8 25 23 9 22 15 21
34 48 23 29 15 29 26 31 37 37 31 32 19 16 37 33 15 27 17 26
23 16 11 23 8 18 7 10 22 28 15 18 15 3 28 20 12 27 17 20
37 58 38 20 29 43 27 48 35 44 47 37 37 42 52 25 21 26 26 48
25 26 20 25 16 19 18 24 31 36 25 20 1 5 33 33 17 28 22 25
60 57 47 52 20 51 27 31 43 59 47 39 57 39 55 20 18 44 33 48
44 58 28 48 19 37 28 42 41 49 38 33 21 19 41 42 18 42 24 34
20 29 1 12 2 20 3 15 10 21 11 16 15 8 25 6 1 12 3 17
28 43 32 27 20 29 30 19 40 30 35 28 32 20 38 31 5 27 13 26
36 28 27 27 17 18 18 23 36 49 30 24 9 10 34 32 17 26 25 28
20 34 14 17 7 18 16 27 23 27 23 23 8 15 27 26 14 11 18 26
19 31 14 15 6 10 8 18 16 27 14 15 7 13 18 19 8 11 11 16
19 35 20 8 17 23 15 19 28 26 26 13 16 20 28 21 5 9 3 22
9 26 13 11 4 15 8 18 20 15 17 10 14 8 15 20 7 12 9 16
5 11 1 1 1 4 4 1 5 13 5 5 1 5 7 1 1 1 1 1
16 24 13 18 1 13 5 14 1 16 9 15 11 11 16 10 1 10 14 18
26 44 29 32 16 37 33 36 32 44 44 37 19 30 43 31 5 21 26 38
31 45 23 30 17 37 6 28 30 30 24 22 37 13 41 24 6 30 16 38
21 19 10 12 6 1 8 7 15 27 14 6 5 12 12 4 3 4 2 4
46 38 35 33 9 49 16 20 36 49 39 35 50 23 50 21 8 30 31 47
5 30 19 18 7 16 11 20 17 6 14 6 14 5 12 22 3 14 7 18
12 16 4 8 1 8 1 11 5 9 4 8 8 1 8 8 1 8 7 11
42 53 32 23 12 42 15 25 34 44 37 27 38 22 39 16 1 18 7 33
44 33 32 17 14 27 18 17 43 54 39 18 26 21 34 18 16 14 17 30
12 18 5 18 3 16 10 26 19 26 17 20 2 6 17 28 7 18 19 19
5 14 4 5 1 8 1 7 6 8 1 6 1 5 5 10 4 6 6 6
14 10 10 12 5 10 1 3 16 17 6 9 10 2 16 12 9 15 13 17
12 12 1 5 1 1 1 6 6 10 1 4 4 1 3 8 1 6 3 2
26 30 14 11 8 13 10 16 25 36 20 12 8 15 19 20 11 7 6 16
24 22 7 14 2 19 7 2 17 25 14 16 15 8 20 2 1 14 4 8
3 8 7 6 1 11 6 5 6 8 9 14 11 7 17 2 1 5 12 15
23 23 8 20 1 18 2 5 8 21 11 11 13 5 12 5 1 15 5 10
36 37 30 20 14 26 9 17 29 33 32 6 32 19 26 14 8 13 10 26
26 23 15 19 3 14 7 7 14 28 16 15 21 12 21 5 1 10 8 14
14 13 6 8 4 6 1 10 13 17 3 8 2 1 13 18 12 12 13 19
63 64 40 41 25 52 27 36 56 70 51 41 39 29 57 41 17 38 25 50
56 48 49 49 30 33 39 30 49 64 49 44 26 33 60 40 24 42 40 46
53 52 35 36 26 33 33 28 43 55 43 34 29 35 45 21 22 27 25 31
33 37 18 24 13 18 18 12 20 36 23 21 16 21 31 5 1 18 5 9
38 49 39 50 17 52 31 43 44 51 52 36 39 24 47 42 12 41 31 53
33 22 30 26 12 19 10 13 26 36 24 14 23 17 24 20 14 20 22 32
11 16 1 11 1 13 6 6 8 10 8 12 6 5 17 6 1 12 7 9
39 41 43 34 25 31 33 24 44 44 39 32 26 24 47 37 18 34 30 41
42 52 36 17 29 53 25 27 42 44 50 30 46 35 50 16 6 24 14 43
13 16 9 12 6 5 5 4 6 17 6 3 1 10 5 5 3 4 3 6
15 50 25 34 20 44 21 47 28 23 37 18 34 10 40 32 6 33 19 41
29 33 14 16 10 20 16 20 24 38 28 19 8 19 25 12 8 12 12 16
15 31 21 30 17 31 19 29 14 29 30 24 19 28 37 18 2 20 24 35
47 48 40 43 37 38 37 44 54 68 53 35 24 34 58 41 29 42 38 47
48 53 41 37 9 55 26 28 49 52 49 45 52 28 55 27 6 36 26 48
13 27 5 13 6 22 8 17 7 18 17 15 13 14 27 7 1 13 9 18
41 44 34 38 27 21 20 30 30 44 31 20 19 23 41 33 26 28 29 42
4 9 4 3 1 3 2 8 8 12 8 11 6 3 12 7 1 4 8 6
47 37 22 25 9 32 9 16 29 44 30 17 27 13 28 13 9 17 15 31
27 25 28 31 21 18 24 19 32 45 30 27 8 19 40 29 16 27 28 30
6 21 10 5 1 11 7 8 10 13 13 13 9 12 18 8 1 1 6 12
53 42 33 40 10 43 28 20 38 55 42 45 34 29 47 18 20 34 36 43
10 9 8 16 1 9 9 12 15 21 13 18 7 4 23 18 5 16 17 17
5 18 5 11 1 11 3 13 3 7 6 11 5 1 12 13 1 11 11 13
11 17 4 11 1 3 1 1 2 11 3 2 1 5 6 3 1 5 1 1
13 23 2 15 1 17 9 19 12 20 16 16 5 2 21 15 1 14 8 12
24 19 13 20 1 20 11 12 16 22 15 24 20 11 25 13 10 19 22 25
24 31 16 20 10 20 9 20 23 30 19 23 15 13 37 24 12 21 19 28
25 30 18 15 7 9 12 11 18 28 20 13 11 15 18 9 1 6 5 6
25 33 9 20 1 9 1 15 14 27 6 13 9 5 16 19 5 14 5 12
7 33 12 12 8 25 6 34 13 14 22 10 12 11 20 20 1 11 9 25
31 31 13 25 10 17 3 17 21 33 9 17 14 6 28 25 18 26 17 27
37 54 34 34 22 34 28 18 35 42 36 30 25 29 45 28 5 31 16 30
10 11 1 6 1 10 1 10 11 15 6 10 5 4 7 12 7 10 9 11
3 7 2 2 1 2 1 1 1 7 1 1 3 1 4 1 1 1 1 6
37 42 27 44 9 30 10 31 33 42 24 25 22 6 35 39 10 40 24 33
23 47 23 17 15 30 21 29 32 23 33 21 26 16 36 26 3 15 7 30
28 52 30 30 18 43 27 43 42 41 47 23 29 19 40 37 10 28 17 37
9 10 8 2 1 9 1 5 12 17 12 5 14 5 11 3 1 1 3 13
32 42 26 29 16 41 16 33 22 33 33 29 39 29 43 18 10 27 23 42
44 37 37 38 33 25 25 27 40 48 33 18 27 31 33 28 31 34 26 31
15 23 11 14 8 7 7 12 10 21 8 4 3 12 9 11 6 11 4 6
17 36 13 18 13 27 8 27 11 23 23 15 19 21 32 11 3 15 11 25
38 41 42 43 18 23 32 14 32 41 35 26 29 35 34 14 21 32 26 27
39 34 30 26 9 41 14 20 26 44 39 26 40 22 43 17 5 21 24 39
36 42 23 17 17 29 7 23 23 35 31 7 28 23 28 4 6 11 2 26
14 22 13 18 8 11 9 10 9 18 13 10 7 13 18 8 4 13 10 13
33 53 35 22 30 34 21 41 35 38 42 15 31 36 38 19 18 26 10 30
20 15 15 18 1 17 14 9 15 25 20 23 19 15 25 6 4 15 20 20
28 35 31 29 12 15 19 23 25 28 27 15 20 19 18 22 7 18 14 17
22 23 16 26 13 7 9 11 16 25 11 6 4 12 20 17 11 23 10 9
21 32 19 17 4 24 11 28 24 23 25 17 17 7 17 23 7 13 16 27
48 54 36 48 18 41 21 37 36 49 36 34 39 18 44 29 8 42 29 35
38 55 41 43 26 51 43 30 46 49 56 45 40 41 56 39 6 38 33 49
29 39 16 35 14 29 24 22 23 41 27 27 15 22 40 12 3 29 16 20
4 4 1 1 1 1 1 1 6 10 4 1 1 1 4 1 1 1 1 1
28 17 9 20 9 7 6 12 25 30 13 13 7 2 26 22 18 21 14 18
18 36 33 41 14 32 30 32 22 31 34 23 21 18 33 29 2 29 25 34
37 35 19 35 17 25 16 28 31 43 29 22 11 15 35 32 19 32 27 35
11 27 13 17 4 11 8 14 9 15 13 8 2 9 11 12 1 10 6 8
4 7 3 1 1 3 1 8 3 5 1 6 4 1 4 8 1 3 6 5
44 57 51 53 27 46 43 37 49 53 58 34 42 42 58 31 20 44 31 46
22 15 21 6 2 24 6 5 23 26 26 10 29 10 23 10 4 5 14 28
57 68 42 33 36 46 37 33 54 63 57 38 33 45 50 39 19 30 25 43
1 3 1 1 1 1 1 1 4 6 1 1 1 1 3 6 2 2 1 3
13 16 16 8 1 14 4 12 13 17 17 8 19 9 12 10 1 2 8 18
22 18 3 11 1 7 1 8 13 20 7 7 9 2 8 11 6 9 3 4
19 21 1 14 1 7 1 9 7 21 1 10 8 1 14 7 1 10 1 6
11 19 4 15 1 15 8 14 7 18 10 13 6 6 18 10 1 15 11 12
46 44 25 35 11 26 11 24 30 47 26 25 28 11 31 20 3 28 16 22
43 58 46 50 27 42 34 43 53 53 50 26 42 20 57 48 27 44 34 52
8 11 1 8 1 9 1 4 6 4 3 6 5 1 9 5 3 9 6 7
3 12 4 4 1 1 3 8 7 10 6 4 2 3 7 9 1 1 2 3
41 33 26 33 4 23 9 18 31 45 21 28 31 13 37 26 8 27 19 28
51 44 33 47 28 36 31 31 49 66 41 38 27 29 55 34 19 44 28 36
46 44 32 44 23 46 26 32 45 62 45 39 35 31 55 31 14 39 28 48
21 37 12 18 9 15 3 16 7 18 16 3 16 15 16 7 1 8 1 11
2 8 5 4 1 3 1 1 2 6 1 4 5 4 6 2 1 1 4 9
31 30 32 36 16 31 21 32 44 39 37 21 27 4 37 41 14 38 22 35
33 35 35 27 21 40 13 28 32 32 37 21 39 25 44 22 16 30 24 48
42 29 36 28 10 29 26 1 31 44 38 26 32 31 34 1 6 15 17 28
18 23 10 17 1 12 9 5 9 19 10 19 14 12 23 5 1 13 10 11
49 47 49 30 19 43 26 24 44 51 55 23 46 38 49 18 9 19 21 41
21 26 15 18 1 16 11 25 22 28 23 16 10 7 16 22 6 15 13 13
45 58 49 45 35 42 37 37 57 54 57 23 33 29 52 40 18 40 20 43
30 40 15 27 4 22 10 23 18 32 18 27 21 13 31 19 8 18 17 26
4 10 3 1 1 4 1 7 6 6 5 4 4 1 4 8 1 4 4 2
43 33 45 37 27 38 26 23 43 53 50 25 38 36 51 20 20 32 30 46
20 20 7 17 1 17 11 16 18 26 19 24 13 7 26 17 8 16 20 22
1 1 1 1 1 2 1 4 1 9 2 6 1 1 7 1 1 3 4 2
35 45 33 26 20 32 22 20 28 34 40 20 36 39 45 3 6 18 11 29
45 44 34 41 12 34 14 21 33 47 32 28 41 20 42 21 6 32 21 36
29 34 17 11 14 26 21 23 30 35 31 30 21 21 34 20 11 9 17 30
61 41 54 43 23 38 32 29 57 68 54 35 35 33 48 38 30 33 41 50
10 17 2 14 1 13 1 4 1 10 3 10 7 3 16 1 1 12 7 10
2 6 1 1 1 1 1 2 5 9 3 3 1 1 4 3 1 1 1 1
8 10 4 8 3 2 1 2 8 9 1 1 1 3 4 10 7 8 2 5
59 61 41 29 21 61 20 37 53 65 54 42 52 30 60 34 10 31 27 54
27 28 13 30 11 28 18 30 26 40 28 30 12 14 32 29 12 27 29 30
35 28 23 6 10 33 11 14 31 42 34 18 27 19 29 8 5 6 13 28
8 14 8 8 4 3 3 3 2 13 5 3 3 8 6 3 1 1 3 6
21 23 11 19 16 28 13 29 30 35 29 22 11 12 36 29 19 25 24 37
47 47 42 53 27 45 29 45 55 63 48 32 27 15 47 53 27 51 36 50
40 47 30 42 25 31 32 44 34 49 39 32 20 28 38 34 24 35 33 32
12 22 17 15 5 5 7 15 8 17 10 8 8 11 10 14 1 4 8 10
12 18 3 10 1 6 1 15 6 7 5 8 3 1 7 13 1 9 6 6
1 2 1 1 1 1 1 1 7 6 1 1 1 1 1 4 2 1 1 1
4 7 5 7 1 7 4 7 6 14 6 13 5 5 14 7 2 7 11 10
11 13 9 4 1 5 1 10 10 17 9 1 8 5 4 9 1 1 1 4
34 54 40 30 28 37 32 34 44 47 45 33 28 32 47 39 13 27 23 43
18 18 15 17 6 31 13 23 25 29 30 20 20 8 26 20 1 18 20 30
5 10 5 5 1 1 1 1 1 6 1 1 1 4 2 2 1 1 1 2
32 30 29 35 13 46 22 32 41 42 41 27 35 8 39 35 6 37 25 38
2 15 2 3 1 4 1 9 2 6 3 1 1 1 4 6 1 1 1 5
28 34 19 23 15 16 16 22 17 31 20 18 6 20 22 16 14 13 17 24
43 53 45 42 26 32 43 37 45 50 50 32 28 36 45 30 16 27 24 33
30 49 32 42 24 27 32 42 40 43 39 18 16 18 35 39 21 37 20 26
19 13 18 9 1 10 1 1 12 23 16 4 16 7 9 1 1 1 6 14
43 33 33 39 14 23 30 7 30 45 35 27 32 35 41 2 14 26 21 21
27 30 12 23 5 15 6 17 17 30 15 12 8 7 17 20 5 20 9 13
43 28 36 27 14 32 16 21 41 51 39 24 31 20 43 25 17 25 31 46
42 31 32 36 18 21 21 27 37 41 30 26 22 13 39 37 29 33 35 41
26 36 17 25 13 22 12 31 27 35 21 20 4 13 28 35 21 24 22 29
47 46 35 37 24 35 25 21 41 51 31 39 29 20 55 34 17 38 30 43
10 14 8 6 4 6 9 4 13 16 10 13 7 10 16 8 4 4 6 7
42 52 24 35 17 37 11 35 27 44 33 25 33 23 42 19 7 29 17 33
10 8 10 10 1 12 7 8 10 13 9 15 13 8 13 11 6 11 15 17
24 42 18 35 7 33 23 36 25 38 33 34 15 19 40 31 6 27 25 32
2 11 4 3 1 1 1 9 2 5 2 3 1 1 2 8 1 1 3 3
13 42 25 31 21 37 22 42 31 32 40 21 20 27 36 31 8 26 19 35
38 36 28 27 17 28 7 22 38 37 31 9 27 4 35 28 18 26 16 36
55 54 37 34 24 32 23 23 52 59 37 28 27 19 44 39 17 32 18 37
47 46 32 29 15 40 23 34 42 49 44 33 33 23 44 30 20 23 29 43
26 12 20 10 5 14 2 1 23 29 19 2 16 7 8 9 6 7 7 14
52 63 43 38 37 44 43 39 44 59 53 43 32 51 57 29 26 29 32 46
22 17 14 16 1 21 8 7 13 23 18 17 25 11 24 4 1 13 14 20
22 25 7 18 4 5 5 1 15 24 9 6 6 9 16 9 3 12 1 3
18 21 11 9 5 21 5 17 16 25 21 16 20 12 22 9 2 8 12 24
30 41 32 47 12 33 15 33 38 32 27 29 31 4 43 44 10 46 27 38
34 52 30 43 23 41 37 39 45 53 44 40 17 25 47 44 16 38 27 39
29 33 22 26 7 17 10 9 16 26 18 15 23 16 22 11 3 15 10 17
42 44 25 32 25 16 21 30 39 50 33 15 9 20 37 32 27 26 20 31
39 58 26 31 25 31 22 37 30 42 36 22 23 33 45 21 18 23 16 31
8 17 4 8 1 2 1 4 3 11 1 1 1 5 2 7 1 2 1 2
38 35 41 31 24 34 19 30 40 42 41 21 36 24 46 28 24 28 30 51
40 43 30 45 15 55 25 36 42 48 46 49 47 22 63 33 6 45 37 53
34 25 27 33 17 35 20 28 43 56 37 31 20 15 37 36 21 32 34 44
10 14 5 12 1 6 1 1 2 10 2 10 9 4 14 1 1 8 6 7
4 17 3 4 2 7 1 5 1 10 6 2 5 8 9 2 1 1 1 9
32 46 29 26 28 29 19 35 29 37 34 20 20 34 37 21 21 19 19 36
40 36 44 36 13 26 28 20 36 44 40 23 33 29 27 17 13 23 22 28
6 11 6 6 2 3 1 4 2 12 3 6 3 6 7 4 1 4 6 4
39 37 23 31 5 35 2 20 32 37 21 23 33 4 30 25 5 32 18 33
15 28 13 19 1 9 7 10 11 16 11 13 10 8 17 12 1 12 5 6
17 20 5 13 2 4 1 9 5 15 2 7 6 6 7 11 4 9 4 5
4 4 1 1 1 1 1 5 4 11 2 3 1 1 4 4 1 1 1 2
24 16 18 4 11 22 16 4 32 32 26 20 19 15 21 12 5 11 8 15
53 54 32 47 20 42 25 37 35 54 38 37 32 28 49 25 19 38 31 41
22 18 13 19 6 4 1 1 14 23 6 4 10 5 16 11 7 13 6 11
3 7 1 2 1 2 1 5 4 6 1 6 3 1 7 5 1 2 5 5
25 29 21 18 10 28 20 9 18 28 27 25 28 28 38 3 3 11 13 28
42 49 26 49 17 39 24 36 35 52 36 34 30 21 47 26 8 43 27 31
16 22 15 11 12 26 17 15 23 27 26 26 20 19 35 15 6 13 15 29
8 22 5 12 1 13 2 18 3 13 8 7 3 6 11 13 1 9 7 12
1 5 1 1 1 1 1 1 2 9 1 1 1 1 3 1 1 1 1 1
46 42 31 46 29 35 33 35 46 61 41 43 8 23 56 44 29 44 42 47
18 27 13 14 5 6 9 19 15 22 16 8 1 8 7 17 4 8 7 5
24 32 8 20 3 14 5 8 16 25 12 12 17 11 22 10 2 13 2 13
17 27 7 18 7 20 4 14 5 20 13 11 13 13 22 6 1 14 7 14
50 49 35 45 14 31 27 19 33 51 34 36 36 31 45 14 17 34 28 33
52 61 37 33 33 43 25 34 46 57 47 28 37 39 54 23 18 30 16 37
16 13 7 3 5 9 10 3 20 21 15 11 8 9 13 6 3 4 1 4
16 27 12 15 4 13 13 20 24 18 18 12 10 5 16 23 5 16 6 10
14 17 9 14 5 2 1 2 7 16 2 2 3 6 8 10 6 10 4 8
48 31 47 27 23 37 24 12 47 58 45 28 37 30 45 26 21 24 32 43
14 11 1 7 1 1 1 10 8 14 6 7 5 1 7 9 5 6 6 6
17 20 11 21 5 11 9 13 5 23 12 17 9 11 21 10 1 15 14 12
10 21 9 9 1 9 10 9 13 10 13 9 3 5 13 9 1 8 1 1
12 24 10 17 3 12 12 20 12 26 19 12 1 10 17 14 1 10 8 11
10 16 2 6 1 5 1 6 3 10 4 1 5 5 3 1 1 1 1 5
20 38 15 19 11 26 11 35 28 29 28 16 12 13 26 31 14 19 15 29
14 28 5 7 4 15 6 6 8 15 12 10 10 14 20 1 1 4 1 10
58 52 38 31 25 39 23 19 54 62 41 34 34 24 45 38 18 33 23 40
10 12 4 7 3 8 8 5 12 13 9 12 1 7 14 8 4 9 6 4
56 61 46 37 25 44 20 33 50 60 47 31 48 34 54 27 12 30 17 44
19 20 11 20 8 10 5 7 15 22 11 7 5 8 16 15 8 17 10 14
25 28 18 12 5 11 10 12 23 31 22 9 9 13 11 14 2 3 2 9
13 17 10 16 1 13 7 8 6 11 7 16 15 8 19 10 4 13 14 14
13 16 4 11 1 4 1 8 6 13 1 6 3 1 9 13 3 12 5 7
23 29 14 23 9 10 11 20 13 28 14 13 7 13 19 19 9 20 12 13
42 41 42 58 32 44 41 34 44 62 49 42 33 43 65 32 26 51 43 49
29 35 32 45 9 38 30 24 29 36 38 34 28 25 36 22 8 35 33 37
59 61 41 46 25 45 41 29 41 62 45 49 34 43 60 23 19 37 32 42
1 1 1 1 1 1 1 1 7 4 1 1 1 1 1 7 4 5 1 4
46 64 34 39 33 43 32 49 44 53 50 33 27 42 55 33 27 36 29 43
3 9 1 10 1 13 8 13 6 13 10 13 1 1 14 12 1 12 12 12
47 30 34 31 3 38 7 19 40 49 31 27 44 8 44 26 7 28 25 44
29 29 17 29 10 21 16 28 29 39 29 20 9 14 22 30 9 25 19 21
36 39 27 32 6 30 16 27 35 40 32 26 24 14 35 31 14 27 23 35
30 33 28 45 26 29 25 35 38 45 32 32 15 13 47 46 27 47 38 38
15 21 4 9 3 8 5 18 14 15 8 10 1 1 8 21 11 10 9 12
41 62 49 46 30 45 47 44 50 54 56 36 33 34 51 42 21 31 32 48
11 18 9 8 1 3 1 5 6 11 6 3 6 2 5 5 1 3 3 3
17 28 14 20 11 19 6 28 18 22 17 14 11 7 27 30 13 22 18 29
14 33 10 23 3 24 14 32 19 18 20 18 9 1 21 31 7 23 17 25
22 37 12 21 7 22 1 20 16 22 10 10 19 10 24 17 4 20 5 21
6 16 3 6 3 11 1 11 7 11 4 6 6 6 9 11 6 9 6 13
56 56 37 45 16 40 23 29 43 60 39 43 39 31 57 31 14 37 30 45
31 35 31 28 15 22 11 24 33 33 27 6 17 11 17 30 12 23 11 26
35 28 29 27 11 30 17 20 24 40 36 22 30 25 31 12 6 18 21 35
37 34 19 17 11 21 13 14 31 41 23 25 19 17 29 19 11 17 12 19
19 14 12 5 4 17 1 12 24 30 17 9 15 4 19 15 8 10 10 25
14 15 11 11 1 8 3 4 3 17 11 5 13 12 11 1 1 1 5 13
49 49 30 46 27 31 19 34 37 54 33 26 30 24 50 31 25 43 28 40
9 14 1 8 1 10 1 4 7 7 5 5 7 3 11 5 3 9 5 8
35 50 37 47 20 40 37 43 38 41 43 39 26 24 48 42 19 40 36 43
17 14 14 18 8 14 11 11 19 32 14 19 5 11 25 19 11 19 18 20
15 22 8 18 10 23 11 28 21 27 20 20 13 9 28 28 11 22 20 30
13 24 7 13 9 20 4 12 6 11 13 11 20 11 25 1 1 12 6 19
15 19 19 27 7 25 21 31 23 26 28 28 16 12 25 30 5 22 27 28
29 16 22 16 12 7 8 9 25 36 18 3 14 13 13 10 11 12 6 12
48 60 41 47 31 53 29 50 44 56 54 37 47 41 58 32 19 39 33 52
2 6 1 2 1 2 1 1 1 3 1 4 1 1 3 1 1 1 4 4
4 17 1 4 1 14 3 8 5 10 11 10 6 9 18 3 1 4 5 13
47 47 35 33 23 45 6 37 46 47 37 22 47 11 48 33 10 36 21 49
33 36 25 42 17 29 30 34 30 47 36 33 18 26 43 29 16 34 33 33
15 18 6 9 4 6 6 10 9 24 10 9 1 7 9 10 6 4 7 9
31 54 41 38 30 48 42 43 49 57 56 46 30 41 56 45 15 33 34 52
37 55 25 35 22 38 16 36 25 39 33 31 31 30 49 21 12 26 22 41
12 17 20 27 2 21 19 21 19 22 25 24 15 14 22 23 1 20 24 23
16 36 20 22 8 11 10 17 13 17 17 5 12 15 18 13 2 12 5 12
42 27 40 38 17 29 20 11 38 45 34 25 31 24 40 20 25 34 35 43
23 41 17 29 10 31 19 39 29 34 35 23 18 15 31 33 8 24 20 31
51 64 42 48 36 37 22 48 46 54 47 28 29 33 59 40 30 41 32 50
10 12 1 8 1 6 1 1 5 6 4 1 6 3 6 3 1 6 1 6
4 15 9 5 1 5 7 9 12 10 10 12 4 6 13 12 1 4 7 5
11 21 8 10 1 12 3 19 6 12 8 15 10 6 17 13 4 9 14 19
19 20 9 9 5 8 5 9 19 28 8 13 2 7 18 17 11 10 10 16
34 32 24 29 5 25 21 15 26 40 28 32 21 26 36 17 15 23 26 32
22 26 11 23 1 19 4 14 10 21 5 22 20 7 24 13 1 21 15 19
12 14 11 11 6 7 9 3 8 19 11 13 5 13 15 1 1 6 9 8
15 16 15 13 9 4 6 8 11 22 7 9 7 12 10 14 9 9 9 13
8 19 8 7 9 19 1 19 9 8 13 11 16 11 18 11 5 9 11 21
15 25 10 12 3 16 6 24 19 22 16 19 12 7 19 25 12 14 18 25
38 50 25 24 23 35 14 37 33 37 36 18 26 28 32 27 20 19 17 37
39 47 34 35 22 24 29 37 45 46 42 19 17 22 28 37 20 26 16 25
25 33 22 29 6 23 17 24 27 34 28 21 17 13 25 27 7 24 17 21
22 32 21 23 10 9 12 21 22 24 17 9 11 11 11 26 9 17 8 13
24 32 18 15 12 25 5 14 21 25 26 7 26 19 23 7 4 10 3 21
19 20 20 24 11 29 20 20 28 40 33 27 18 18 28 20 6 20 23 28
13 31 16 15 6 14 11 25 21 20 17 7 8 6 11 26 7 10 6 15
33 37 22 28 21 18 11 25 25 37 22 17 13 19 31 29 23 22 23 35
31 32 31 20 10 33 15 21 24 37 36 23 36 29 33 9 5 13 19 36
34 38 30 33 10 38 31 17 29 42 34 42 30 30 47 18 12 30 29 35
5 10 1 5 1 3 1 1 1 2 1 2 4 1 6 1 1 3 1 4
2 10 1 2 1 13 4 6 5 8 10 12 6 6 18 2 1 4 7 13
1 10 5 4 4 13 1 8 5 6 6 10 10 6 14 6 4 7 10 15
6 14 2 3 1 7 1 6 4 7 6 1 7 6 4 2 1 1 1 7
1 10 1 1 1 6 1 5 3 10 6 1 6 6 10 1 1 1 1 9
11 5 7 13 6 5 1 4 13 13 4 8 3 1 15 15 10 17 13 13
16 24 5 17 7 24 12 28 19 27 20 23 10 7 28 27 14 21 21 30
44 36 23 25 15 26 11 23 40 48 32 16 20 10 35 28 22 26 19 34
27 28 30 27 14 28 12 22 29 35 32 21 27 20 36 26 14 23 25 38
1 4 1 1 1 2 1 1 5 3 1 1 1 1 2 7 4 4 1 6
41 59 49 29 34 44 36 41 42 51 53 34 41 52 56 18 17 25 21 44
15 16 19 17 10 3 8 5 14 23 10 8 8 14 16 13 8 10 11 14
14 19 4 15 1 18 5 12 8 14 11 14 15 5 20 9 1 16 12 16
27 45 32 17 26 28 23 20 27 34 38 21 30 39 40 8 3 6 9 30
4 6 1 3 1 1 1 1 3 2 1 2 1 1 1 3 1 3 2 1
18 33 8 16 3 21 9 16 17 17 19 14 16 9 23 12 1 15 4 12
6 14 1 7 1 10 1 8 1 1 3 7 5 3 8 6 1 8 7 10
12 22 6 13 1 12 1 8 4 10 1 12 13 5 15 9 1 12 9 12
14 23 15 18 7 17 8 9 1 15 14 14 16 19 21 2 1 9 14 21
23 32 27 19 25 45 24 30 44 44 45 29 28 27 45 29 10 24 20 42
26 42 32 36 23 53 33 47 35 44 48 45 34 39 55 33 22 35 44 60
38 54 42 51 26 56 30 43 42 49 53 40 47 37 55 36 13 40 33 53
23 19 14 20 1 20 17 15 20 28 21 30 15 15 31 17 10 19 24 25
23 55 35 25 27 48 29 38 42 29 49 24 40 24 50 29 6 27 14 41
6 16 6 8 1 8 2 13 13 9 6 3 2 1 5 16 4 10 3 7
6 10 2 11 1 13 5 12 6 9 7 13 5 1 13 11 1 12 13 15
6 20 5 4 7 14 4 14 12 14 12 8 9 10 19 13 6 8 5 16
25 17 13 27 5 32 11 14 28 35 25 22 21 8 28 18 5 28 17 25
40 31 30 27 13 28 25 23 35 51 41 31 23 24 36 20 12 18 24 30
52 57 38 53 31 50 44 39 51 69 51 53 36 42 67 36 24 46 37 50
31 45 35 29 18 34 24 24 33 37 41 27 29 30 41 24 8 21 18 34
54 35 40 42 13 45 27 19 45 63 48 40 42 26 55 21 7 36 32 40
29 45 41 31 22 41 20 40 40 39 47 16 35 25 36 30 8 25 17 42
20 35 16 22 8 27 19 18 26 22 24 22 15 10 27 22 4 23 8 16
31 31 16 27 7 33 19 18 25 39 28 35 28 20 44 18 7 27 22 34
32 28 40 49 18 29 29 31 41 44 41 27 21 19 39 40 17 42 37 41
52 64 33 49 16 50 27 47 51 60 47 41 31 21 50 48 18 45 28 43
25 36 25 32 19 30 21 41 37 36 32 25 8 9 37 47 25 35 30 41
10 22 3 4 4 12 1 19 10 14 8 8 7 6 9 18 9 7 7 16
45 60 47 22 27 50 25 32 49 47 56 16 47 33 45 21 3 16 6 41
4 11 3 3 1 1 1 5 11 7 4 1 2 1 3 12 2 3 1 4
32 37 25 31 15 43 16 30 26 33 33 31 42 26 46 20 12 32 24 45
16 18 9 12 5 3 4 6 3 19 5 5 3 9 7 5 2 3 4 8
16 10 10 14 6 6 4 8 13 25 10 7 2 6 9 15 6 13 9 9
50 44 52 41 22 44 35 39 60 60 55 35 37 27 47 46 26 35 37 53
40 29 28 28 14 25 18 21 36 46 30 26 20 19 31 28 23 22 26 36
51 53 46 33 28 48 33 36 45 59 58 36 45 45 54 20 15 24 27 47
30 42 41 45 26 40 44 37 37 54 49 42 27 42 52 28 14 34 36 38
41 55 31 23 33 46 30 41 42 44 45 37 31 38 54 26 27 28 25 47
2 8 6 7 1 8 4 10 5 8 5 13 7 4 12 11 3 8 13 12
40 52 30 27 20 35 24 27 31 45 37 33 27 34 48 25 14 19 19 40
16 18 4 3 1 9 1 10 16 21 12 5 12 3 11 10 2 3 1 12
7 11 10 15 1 18 13 14 6 19 15 22 12 9 24 11 1 13 20 22
44 52 38 54 12 39 29 33 37 47 35 38 31 22 46 37 16 45 31 43
18 18 13 13 8 4 8 1 16 26 10 7 1 12 16 8 6 7 3 8
25 31 20 19 9 18 20 24 22 34 25 29 9 20 29 23 13 12 22 24
18 13 12 15 5 7 7 2 16 21 9 15 9 7 25 12 7 14 11 12
41 45 32 43 25 28 27 28 41 49 37 24 17 25 45 31 21 39 24 27
4 11 4 3 1 1 1 11 11 11 5 1 1 1 1 15 3 3 1 1
12 17 12 6 7 23 2 15 17 18 19 10 21 9 17 12 6 11 10 25
20 18 6 8 1 8 3 10 20 28 12 7 5 4 9 15 9 6 4 11
40 38 21 49 23 41 25 38 44 58 32 42 13 18 53 46 29 51 39 48
25 35 12 23 4 20 2 15 19 26 12 13 18 9 21 18 6 21 6 15
28 21 21 24 4 23 3 13 28 30 19 17 24 1 28 22 8 24 16 27
38 58 43 53 28 52 35 45 52 54 55 23 43 22 51 40 16 48 23 45
39 40 29 26 25 22 26 31 47 48 35 28 8 16 38 41 28 28 26 31
30 27 26 20 19 20 15 20 37 37 29 17 18 12 34 27 21 21 21 32
40 55 33 32 25 38 16 36 29 37 35 21 42 34 44 13 12 28 13 35
19 16 17 26 16 29 15 24 30 37 30 24 20 16 39 26 13 28 27 38
34 30 42 34 13 30 29 16 47 37 41 23 34 19 38 27 14 29 20 34
8 10 8 10 1 1 1 1 4 12 3 6 5 7 9 3 1 3 6 7
3 3 1 2 1 1 2 1 4 8 3 5 1 1 7 1 1 1 2 2
48 49 33 40 21 53 37 35 50 64 51 56 37 31 58 39 14 37 37 50
17 28 8 12 5 16 8 14 16 20 13 14 13 10 24 15 7 14 5 14
1 4 1 1 1 7 1 5 1 4 1 4 1 1 5 2 1 3 4 7
10 9 6 9 6 6 2 4 16 19 6 6 1 1 16 13 10 13 9 12
35 34 25 17 13 21 11 6 34 37 24 15 18 15 26 19 8 16 6 19
1 2 1 1 1 1 1 1 4 7 2 5 2 1 8 1 1 1 2 3
32 31 27 21 19 48 21 33 40 48 49 32 37 23 49 25 11 25 32 50
27 41 18 29 7 22 17 28 20 32 25 23 12 13 27 24 7 21 17 21
17 15 25 32 15 32 27 24 31 38 33 36 26 24 36 30 16 33 36 36
11 22 13 13 4 14 9 24 21 16 16 14 11 1 11 27 8 16 13 18
36 61 35 35 22 52 25 53 43 42 46 39 48 28 57 34 14 40 23 52
35 20 37 18 9 21 13 6 37 41 33 17 25 17 29 20 10 12 20 27
36 44 26 10 15 34 14 18 31 38 35 25 35 24 36 15 1 10 10 32
40 31 24 19 9 31 11 9 28 42 32 14 30 18 29 7 5 13 10 23
23 21 13 23 1 21 15 14 13 27 20 29 19 12 31 11 2 20 21 22
28 66 38 46 33 51 38 58 45 47 57 24 30 29 55 41 13 38 26 48
14 21 7 14 3 11 11 7 10 21 14 14 1 11 17 9 1 9 6 6
47 49 36 30 20 40 29 23 48 47 41 35 41 22 40 33 4 29 15 32
12 18 14 9 1 9 10 10 11 21 13 18 7 12 17 10 1 3 11 12
51 58 36 35 27 40 9 39 42 50 35 25 41 26 47 32 21 35 21 47
24 24 5 16 7 10 10 17 22 28 13 17 5 6 23 24 16 18 13 16
59 63 42 53 28 43 39 39 44 63 44 45 44 44 59 33 29 42 34 44
8 13 4 8 1 7 5 5 6 14 6 8 1 6 10 4 1 8 6 5
28 32 12 18 7 19 5 10 17 30 20 10 22 15 24 5 1 11 1 16
34 38 16 21 10 19 16 17 25 38 20 28 17 18 32 20 12 16 13 19
27 34 11 21 7 17 7 20 21 32 12 17 9 8 25 26 16 22 14 20
36 43 33 36 18 33 25 23 35 47 35 34 22 23 50 34 10 32 27 38
21 17 1 10 1 8 1 9 11 18 8 9 7 1 8 9 4 9 6 5
30 35 28 30 9 31 22 24 33 38 39 21 20 16 29 23 1 22 18 27
10 9 11 10 1 18 11 5 15 17 19 19 20 15 25 4 4 11 16 22
19 30 17 12 8 16 15 7 19 21 17 20 16 17 26 13 4 8 7 16
37 28 24 19 7 32 17 24 35 50 39 25 18 14 30 22 6 15 22 27
15 9 7 11 7 3 3 3 19 21 8 5 1 2 15 13 11 14 8 10
45 42 46 44 30 53 39 34 50 64 62 41 44 42 60 26 18 36 40 52
26 26 22 9 2 19 5 13 25 32 28 4 19 10 16 11 1 1 5 18
18 35 11 27 1 27 7 25 19 23 14 21 17 3 27 26 4 28 14 21
36 33 22 19 12 27 4 16 31 40 27 9 27 15 33 17 10 17 7 29
12 16 3 9 1 1 1 2 1 13 1 1 1 4 2 1 1 1 1 1
13 16 1 10 1 9 7 11 16 18 11 12 6 6 15 14 7 14 8 8
26 33 24 25 19 10 9 21 23 32 18 4 7 16 21 25 16 20 12 20
43 54 32 39 13 40 13 33 33 40 32 29 39 12 36 29 1 33 22 33
54 56 37 31 36 38 26 29 50 58 48 28 30 35 52 31 24 29 23 43
30 47 36 35 23 19 23 29 37 38 32 11 16 18 35 33 14 29 12 27
42 48 41 50 25 50 44 24 44 61 48 56 37 43 62 35 14 45 38 48
29 31 25 35 18 17 19 32 32 41 27 21 5 15 28 39 19 30 26 27
58 53 40 38 14 48 17 35 51 58 41 37 37 16 44 42 21 38 34 45
11 18 6 11 3 4 2 1 1 9 4 1 1 8 5 1 1 4 1 3
15 26 26 29 4 27 22 19 19 20 25 24 21 15 25 18 6 24 24 29
24 27 17 26 11 16 12 25 27 36 22 15 3 10 20 31 10 21 18 22
18 8 18 15 2 17 18 1 19 24 23 25 22 18 26 1 7 14 21 19
1 1 1 1 1 1 1 1 2 2 1 1 1 1 4 5 1 1 1 2
23 26 19 15 9 29 23 21 33 37 35 25 14 14 26 23 1 16 13 20
14 15 11 5 1 10 4 9 21 23 15 4 11 5 7 14 6 5 1 9
40 53 23 31 23 43 16 39 39 49 35 32 26 22 56 34 19 35 22 46
43 51 22 37 15 50 31 42 47 52 45 47 28 20 52 39 12 36 28 42
23 11 20 7 4 19 16 1 24 30 25 22 22 17 23 2 1 4 10 18
19 42 25 19 18 36 28 27 37 32 39 25 25 21 35 31 4 23 13 31
39 37 39 24 22 22 24 19 41 50 35 29 19 21 39 32 17 22 26 35
31 32 23 27 10 15 17 22 22 33 25 23 11 20 24 21 11 17 22 22
41 54 39 59 17 44 35 44 43 54 44 45 34 26 54 44 8 49 34 44
53 64 40 49 35 35 37 47 41 51 42 31 23 38 40 40 34 38 31 35
1 13 1 1 1 7 1 7 1 1 4 1 6 4 5 2 1 1 1 9
28 30 18 23 11 11 15 9 18 32 17 17 13 20 26 10 7 16 8 9
8 9 4 4 3 7 8 3 9 13 9 11 1 7 12 4 1 5 5 1
15 21 1 7 3 14 4 16 11 17 15 12 10 8 19 7 2 8 7 14
11 10 6 4 2 6 3 4 18 18 10 6 6 4 9 12 6 8 4 5
45 49 45 42 35 42 45 22 45 57 48 44 35 46 55 28 19 37 34 42
28 29 19 19 8 16 15 23 25 38 28 23 12 15 24 22 8 13 18 18
14 18 8 4 5 19 10 8 19 19 19 15 12 11 19 7 2 6 6 11
1 3 1 5 1 7 2 2 3 7 4 11 2 1 12 4 1 5 9 10
51 50 39 33 34 41 28 19 50 52 44 35 39 26 56 35 20 37 29 47
37 33 29 23 16 25 24 12 32 40 27 35 26 24 41 26 10 24 23 31
28 28 35 40 7 38 25 23 36 39 40 26 28 18 33 29 6 33 26 39
21 17 5 19 1 20 1 8 17 17 8 15 16 1 17 14 4 23 8 15
15 17 5 15 1 12 5 1 9 14 6 17 14 5 23 4 1 9 5 12
38 50 28 11 30 39 24 41 46 48 43 26 26 34 45 28 28 23 15 41
6 7 1 2 1 1 1 4 3 8 2 1 4 1 2 2 1 1 1 2
51 49 40 24 21 39 23 15 40 50 45 25 41 30 44 14 9 19 16 33
29 34 19 19 10 27 17 23 27 32 28 29 24 21 39 22 12 19 21 32
13 14 4 18 1 14 7 8 6 18 9 21 12 4 25 8 1 16 13 14
41 45 47 37 33 43 27 34 41 48 49 24 44 43 52 20 22 33 28 48
15 7 9 1 1 14 1 6 15 19 14 3 16 1 9 4 1 1 3 16
49 54 43 37 20 48 21 29 58 50 45 26 43 16 48 37 12 37 16 43
18 31 8 15 1 12 6 19 11 21 11 11 10 7 17 15 5 10 5 11
44 30 30 42 21 30 26 31 41 52 38 36 20 15 49 40 30 42 44 46
29 46 25 31 9 23 18 21 26 33 22 23 20 16 29 24 3 22 8 19
12 18 13 26 4 24 17 15 13 25 23 25 13 19 31 14 1 19 23 28
36 39 20 25 11 23 15 12 27 36 27 15 23 21 27 10 7 19 5 15
20 23 12 26 12 22 8 21 20 22 16 17 14 6 30 27 15 30 22 29
30 5 24 20 1 26 7 1 25 26 24 18 30 7 27 8 6 20 22 28
19 36 28 24 17 22 11 27 29 24 28 10 26 18 32 26 12 18 14 33
35 35 29 41 27 30 30 37 43 57 40 29 19 28 39 36 25 38 31 32
9 10 6 9 1 3 3 3 5 4 6 8 11 4 9 4 1 5 8 9
41 66 48 33 30 54 35 46 54 49 60 28 52 27 54 35 15 27 21 53
36 22 26 34 15 32 16 26 39 50 33 29 19 13 36 34 20 32 34 45
4 7 1 5 1 7 5 9 11 15 7 10 1 4 11 12 7 11 8 7
24 43 28 22 15 26 24 19 35 27 32 13 22 15 25 23 3 16 3 18
41 52 40 23 18 47 19 29 41 43 48 22 42 22 43 21 1 18 12 39
5 14 1 4 1 2 1 2 2 8 2 1 2 2 7 1 1 1 1 4
33 30 24 32 6 35 16 26 29 37 32 31 31 17 42 27 15 31 31 42
33 47 32 39 19 40 34 31 39 49 39 43 24 28 46 38 9 35 26 38
39 56 38 48 29 34 29 46 43 43 44 24 28 24 45 45 23 41 28 45
39 38 36 18 16 33 24 25 47 43 44 20 33 15 32 29 9 18 15 30
37 34 29 50 29 34 28 32 43 56 37 34 19 19 49 41 29 50 38 40
10 21 5 6 7 16 1 11 12 10 13 1 17 9 16 5 3 8 1 14
42 32 27 21 8 30 17 23 37 42 37 29 27 14 36 21 12 17 24 30
40 31 49 25 22 41 28 21 55 48 48 28 39 20 44 33 16 26 27 44
13 13 3 11 1 8 5 4 7 15 6 13 9 4 17 4 1 12 7 5
30 32 19 36 13 28 18 18 21 33 26 25 23 19 34 14 5 29 20 25
6 21 4 10 1 11 1 15 5 4 6 4 4 1 8 12 1 9 4 7
9 19 7 8 1 6 7 11 13 14 10 9 5 6 13 14 5 6 5 8
12 11 9 7 1 9 1 5 12 11 9 9 13 3 9 8 2 7 9 11
41 64 39 51 27 48 21 52 46 45 43 30 37 20 54 49 17 46 28 55
56 48 54 53 21 40 23 36 55 58 44 27 44 13 50 46 20 45 31 51
30 35 17 33 21 36 18 36 32 40 31 30 14 20 44 35 21 35 33 46
21 26 22 13 3 19 7 21 25 25 24 5 15 2 8 20 1 9 5 16
35 40 20 23 15 32 20 23 30 39 34 31 25 27 44 19 15 20 20 36
1 3 1 4 1 5 1 9 3 10 3 8 1 1 9 11 1 8 8 6
56 48 29 47 19 54 30 43 51 66 47 49 32 23 53 42 22 46 39 49
17 17 11 9 1 11 1 3 8 16 10 2 16 6 9 1 1 2 2 13
5 4 1 3 1 5 1 1 6 7 4 5 4 1 6 2 1 4 5 5
21 21 11 18 1 13 8 10 16 22 14 20 21 8 24 12 3 15 11 13
31 21 26 24 7 18 22 1 26 38 27 27 20 27 31 5 8 17 18 20
11 18 13 12 9 14 5 10 13 15 13 9 18 15 20 11 9 8 10 23
31 26 26 48 19 35 25 25 37 46 30 40 21 12 55 36 20 48 40 47
26 17 7 11 1 15 2 9 15 22 13 9 15 1 11 7 5 9 5 13
31 42 33 31 16 29 22 28 36 37 34 25 23 19 44 32 13 28 23 39
52 70 41 46 24 53 32 47 44 54 51 47 40 40 60 35 17 36 32 50
7 9 5 6 1 4 3 5 8 7 7 10 9 3 11 7 1 5 9 8
23 41 23 24 13 28 21 19 34 26 26 22 24 10 32 25 6 26 7 22
4 10 2 3 1 1 2 4 3 13 3 5 1 5 6 3 1 2 2 1
11 15 11 11 1 7 11 7 8 18 12 16 10 13 18 6 1 5 11 11
5 20 5 7 1 8 3 16 11 9 9 1 3 2 8 15 2 5 1 7
40 30 24 34 10 23 4 13 34 44 20 21 24 7 32 24 11 33 18 24
15 20 19 14 1 15 10 13 15 22 19 15 17 11 17 10 1 7 13 16
12 10 1 4 1 2 1 5 8 10 2 7 6 1 6 8 3 7 6 6
3 5 2 4 1 1 1 1 3 6 3 7 4 1 9 1 1 2 5 6
35 60 37 30 27 39 32 31 36 41 44 32 30 33 44 33 3 24 19 38
47 44 40 50 16 37 30 36 44 52 46 32 30 20 41 39 16 41 30 40
12 29 7 17 3 19 5 21 9 13 13 10 11 7 18 16 2 15 8 14
38 34 39 39 17 36 31 10 29 42 41 33 36 35 39 4 16 30 33 38
32 34 33 40 19 30 29 22 19 36 32 28 27 33 39 13 14 30 30 32
33 47 34 38 26 31 29 33 42 45 43 23 11 21 43 38 18 33 24 36
5 13 2 5 1 1 1 8 2 5 1 1 1 1 2 7 1 3 1 1
16 29 10 24 2 21 16 30 21 25 23 24 7 3 26 28 6 22 21 24
12 21 10 12 1 6 6 16 13 17 9 10 6 5 12 19 6 12 8 7
24 41 28 39 11 27 22 28 17 26 27 21 21 15 30 23 1 27 17 26
16 21 12 12 5 7 1 7 13 19 7 5 9 7 11 14 7 10 7 13
9 13 1 4 1 1 1 4 1 11 1 1 1 1 1 2 1 1 1 4
45 37 52 36 18 46 36 20 51 52 55 34 50 29 44 20 20 29 35 49
41 46 36 34 28 41 15 32 32 45 33 30 40 32 56 21 22 38 23 51
7 13 1 4 1 2 1 6 1 11 1 1 1 1 3 5 1 1 1 3
19 44 23 26 16 18 16 28 21 22 26 1 17 18 23 18 4 17 1 15
41 44 25 32 19 21 25 30 32 45 33 31 13 27 37 26 18 25 25 25
20 23 7 9 4 10 9 18 19 28 16 16 6 8 16 18 9 7 12 15
5 11 2 1 1 1 1 11 3 12 2 2 1 1 3 10 1 1 1 2
17 29 9 16 1 27 10 19 18 18 26 15 15 7 25 12 1 15 6 14
47 59 48 38 29 50 37 23 43 48 56 42 47 47 56 28 6 29 29 45
46 66 47 45 33 43 43 50 46 54 55 38 37 46 52 38 28 33 33 44
42 51 26 25 19 32 16 22 32 44 32 25 34 29 42 12 4 18 7 28
7 11 4 6 1 5 1 6 1 9 1 8 5 3 8 5 1 7 8 7
30 28 23 29 4 26 17 4 24 32 23 27 30 22 34 9 13 26 22 27
37 31 29 44 11 28 23 28 35 45 32 34 17 17 43 37 23 40 42 45
26 26 12 21 11 13 1 15 19 29 10 9 11 7 24 22 17 21 12 21
53 34 30 28 17 28 10 22 46 55 32 20 27 5 40 36 26 32 28 40
12 11 1 4 1 7 3 9 12 17 8 10 3 1 9 10 6 5 8 8
32 33 21 11 4 31 8 9 25 31 28 18 27 14 30 4 1 9 7 22
30 43 32 33 24 25 22 41 41 37 33 21 16 12 37 47 29 32 30 44
7 9 1 7 1 4 1 1 2 9 2 5 3 1 9 1 1 7 1 1
17 17 6 14 1 8 1 4 7 13 6 11 15 5 13 4 1 12 7 8
38 40 15 21 17 22 14 22 35 42 27 22 16 13 40 27 19 23 17 31
52 45 34 37 19 39 25 19 42 55 40 30 35 27 43 14 9 31 15 26
1 19 3 1 5 13 1 13 6 9 10 3 8 10 14 6 1 2 1 11
11 13 5 7 3 5 2 5 15 20 7 3 4 6 12 10 7 7 3 10
34 24 12 19 6 20 6 13 26 35 17 16 18 5 19 19 15 21 12 19
54 62 40 46 20 44 33 39 42 56 51 36 40 35 51 24 17 34 27 39
51 47 27 29 9 44 16 30 45 53 39 36 36 17 48 28 14 26 25 44
25 38 22 10 17 30 18 21 29 36 30 29 24 29 38 17 11 11 16 34
17 20 9 29 7 21 6 19 21 27 12 21 9 1 32 29 8 32 20 27
9 9 2 3 1 3 3 3 15 15 9 3 5 2 6 9 4 4 1 2
6 15 7 7 1 8 1 11 9 11 4 10 6 1 10 15 7 11 10 11
29 44 29 24 23 33 15 19 29 34 28 26 30 31 47 16 11 21 16 35
22 51 33 50 23 45 31 44 38 40 42 26 34 18 43 42 12 43 27 41
17 25 9 9 4 10 10 18 20 22 15 16 4 8 16 21 9 9 9 11
5 8 6 6 1 4 1 8 10 9 9 10 7 1 11 9 1 4 8 7
11 11 1 19 1 13 7 13 5 20 8 15 2 5 17 12 1 17 13 12
9 11 1 7 1 6 3 2 9 9 6 5 5 2 9 5 2 7 3 5
42 31 19 40 12 45 20 36 39 49 36 41 29 11 40 34 14 41 33 40
9 9 1 1 1 1 1 6 9 18 7 6 1 1 6 5 1 1 2 3
9 9 9 7 1 7 4 9 13 13 10 12 12 4 13 11 4 7 11 9
15 24 11 16 6 4 5 8 6 16 8 3 2 10 11 7 1 10 3 1
30 23 8 23 10 15 10 14 26 33 13 22 7 6 29 23 19 26 17 21
34 37 21 45 21 32 17 28 32 44 27 25 14 12 44 35 18 43 28 39
40 43 28 30 14 29 21 16 27 42 35 20 34 31 40 5 5 18 10 23
12 15 15 11 1 12 9 10 11 18 15 14 17 11 16 9 1 7 14 17
31 22 23 24 14 21 16 20 36 44 29 20 12 12 30 29 16 26 21 23
15 18 4 6 1 8 1 12 13 18 8 4 8 3 7 13 5 5 3 8
51 62 44 45 28 57 26 49 53 61 57 28 49 35 58 29 15 41 23 47
48 52 35 48 24 34 23 29 33 45 30 29 35 21 40 22 9 40 24 28
27 37 20 35 18 41 8 31 29 36 25 25 28 16 47 28 12 38 23 42
24 38 29 35 10 33 23 28 30 29 34 24 31 21 40 27 9 31 21 36
22 20 14 17 10 15 12 4 21 26 14 20 10 13 28 13 9 19 12 15
7 8 1 7 1 3 1 1 1 4 1 2 3 1 4 1 1 6 1 1
18 40 37 35 21 43 25 38 34 33 49 22 32 29 41 28 2 24 22 43
28 55 38 37 24 30 32 34 34 38 36 18 25 19 37 30 11 28 18 28
26 23 14 18 1 22 8 11 19 29 21 15 18 9 20 10 1 16 10 15
35 49 48 36 34 31 23 38 45 45 47 15 33 35 48 28 23 29 24 40
18 32 11 11 10 24 8 31 24 27 25 20 14 12 27 26 14 15 18 29
53 49 44 40 21 44 34 37 51 62 56 31 35 28 47 32 16 35 31 38
36 54 32 42 21 34 31 38 40 44 38 30 17 19 43 43 18 37 24 36
13 30 13 24 14 25 14 26 16 29 25 18 12 20 32 20 4 21 17 28
30 45 9 27 13 36 15 34 26 38 27 30 20 18 42 29 16 30 19 35
19 19 11 13 1 11 4 18 12 25 17 11 5 5 7 15 1 7 10 10
32 28 19 29 3 18 15 6 19 34 21 25 22 20 32 6 1 19 13 15
15 19 4 10 1 6 7 8 15 18 11 8 9 8 14 11 5 8 4 6
18 27 25 24 4 26 15 22 19 24 28 19 23 19 22 19 4 17 19 26
13 18 9 18 2 12 9 22 12 23 15 16 6 6 15 19 1 14 15 14
23 17 15 20 11 13 8 17 23 32 13 21 4 9 25 26 20 22 25 26
26 25 33 7 15 38 10 17 28 32 39 12 43 24 36 6 6 7 17 42
40 31 26 19 9 31 10 18 29 41 33 19 32 16 32 15 12 13 23 37
40 45 41 58 24 44 35 34 46 55 49 44 35 34 64 40 27 52 47 56
47 52 29 48 14 37 20 43 47 57 35 42 18 7 55 52 23 49 39 47
23 46 21 15 16 32 15 38 29 31 34 23 18 25 36 23 11 13 16 32
26 34 8 29 14 32 18 32 29 40 28 28 10 17 41 32 16 31 25 36
9 16 2 11 1 9 1 6 2 7 3 7 4 3 11 6 1 11 6 6
27 30 13 15 11 12 17 19 25 36 23 18 3 18 20 21 13 9 11 12
6 14 4 6 1 9 5 6 6 12 8 7 8 7 13 1 1 4 5 12
13 13 15 18 1 18 11 8 9 19 15 20 16 14 22 8 2 13 20 22
5 20 9 5 12 17 1 16 13 10 11 5 12 11 18 15 9 11 7 19
21 21 10 14 6 10 5 15 19 21 11 13 14 6 18 20 14 13 14 23
33 29 26 13 7 29 11 23 34 38 31 17 21 8 21 26 12 13 21 29
4 11 3 6 1 12 1 9 3 7 7 10 10 4 13 3 1 6 10 15
14 30 5 19 3 26 1 18 6 14 9 18 20 7 27 13 1 20 11 24
18 31 13 19 6 12 7 20 13 24 13 10 5 11 14 21 7 14 9 13
52 48 46 57 18 49 34 38 54 59 47 54 44 20 64 47 15 55 44 50
12 17 5 8 1 8 2 5 12 16 9 2 8 7 9 7 4 5 1 8
18 23 16 16 12 4 11 12 13 22 14 1 8 16 11 10 6 8 1 4
60 55 42 53 17 53 35 38 44 66 55 44 45 35 59 24 20 43 38 52
24 26 13 20 1 17 11 13 15 24 17 22 22 11 27 12 1 14 12 19
37 46 26 30 4 32 4 26 26 34 27 16 32 8 23 19 1 21 9 26
22 36 21 33 16 31 15 27 16 31 27 22 22 25 40 20 4 26 20 34
1 11 2 1 1 9 1 10 2 4 4 7 9 5 10 5 1 1 6 15
31 41 33 45 13 42 26 34 34 43 41 29 32 14 38 32 1 34 22 39
11 19 11 9 1 12 9 11 8 21 11 17 11 14 19 7 1 6 12 16
53 52 42 52 21 44 29 26 39 50 41 37 51 39 53 19 20 43 32 42
12 25 5 11 1 12 1 13 4 10 5 7 12 5 13 10 1 9 4 11
9 4 5 1 1 6 1 2 12 13 9 1 8 1 1 5 1 1 1 3
34 39 30 30 15 28 21 25 25 39 37 25 31 34 40 12 10 20 22 33
34 32 34 35 30 30 35 25 41 56 38 34 18 34 48 27 18 33 28 33
15 17 3 11 3 10 5 16 9 17 8 17 1 3 15 14 8 12 16 15
26 23 28 22 16 13 18 12 24 31 27 12 23 23 23 7 10 12 13 15
24 26 9 22 11 37 21 32 35 41 38 30 14 16 36 28 13 25 24 35
41 34 28 28 5 31 4 14 34 45 25 21 31 8 33 20 5 25 17 30
36 33 24 34 17 35 28 33 39 49 37 41 19 23 42 36 26 33 37 42
17 12 8 6 1 7 1 7 14 19 9 2 9 4 1 10 4 4 1 7
30 22 25 18 1 26 12 15 25 31 25 21 30 14 24 16 9 17 20 30
9 23 4 9 1 9 1 13 3 9 3 2 4 5 8 10 1 7 2 6
25 45 20 25 10 31 2 34 28 27 22 16 28 10 35 28 5 24 8 30
1 8 1 5 1 8 1 6 1 6 2 9 1 1 7 5 1 6 9 10
39 33 29 22 17 16 22 11 28 42 31 20 24 27 30 6 5 12 8 15
27 26 16 16 10 12 14 8 15 30 16 20 12 18 22 6 4 10 9 11
17 17 12 16 1 16 6 6 13 14 14 11 22 11 22 9 5 13 11 22
44 47 52 36 35 40 21 39 47 52 52 15 39 32 51 27 24 32 29 52
11 16 2 21 4 20 10 15 7 18 11 17 5 6 18 12 1 21 15 15
11 11 3 10 1 12 5 6 12 12 11 10 8 3 14 7 3 11 8 10
4 3 1 1 1 2 1 1 7 5 2 2 2 1 2 5 2 4 2 1
37 35 26 46 19 31 21 26 37 51 29 37 18 18 50 37 16 44 32 36
30 24 23 21 20 36 31 20 37 49 40 37 22 26 37 24 4 24 24 29
19 33 35 40 24 32 28 33 43 39 39 21 19 17 34 43 14 37 25 35
13 18 6 7 5 13 10 5 12 16 11 14 5 9 17 5 1 8 5 8
23 12 19 20 6 14 10 6 24 27 19 19 19 11 27 16 10 20 20 22
11 20 9 11 1 8 6 7 10 14 11 10 12 12 17 8 2 3 7 14
9 24 11 11 3 11 7 19 12 13 14 9 11 7 16 13 1 7 7 14
32 32 22 21 17 16 19 8 28 37 23 17 15 23 29 10 10 18 8 15
28 23 14 28 4 22 7 12 16 29 12 24 22 10 29 17 9 26 20 29
16 28 13 21 5 18 10 18 19 24 16 18 10 11 28 23 9 21 16 22
7 5 1 5 1 1 1 3 5 9 1 1 1 1 5 6 3 5 1 2
15 25 4 14 7 19 1 12 7 15 10 9 18 9 22 5 1 12 4 17
57 57 41 62 21 46 36 47 42 62 46 51 38 33 60 39 21 51 45 47
14 25 13 14 8 8 4 10 11 18 8 4 5 11 11 16 8 10 6 13
14 20 8 13 1 7 1 7 5 14 4 8 8 8 10 8 2 9 7 12
35 31 31 18 12 26 16 14 31 42 34 16 26 22 30 7 5 11 14 23
19 26 14 16 11 9 10 14 9 22 13 3 8 17 11 5 5 7 1 10
26 35 31 29 17 45 27 43 43 43 50 36 33 30 51 34 14 29 32 50
39 43 29 21 25 21 29 22 34 47 34 23 20 33 31 17 13 15 12 18
30 38 24 16 14 34 27 23 27 40 34 38 26 30 42 20 10 15 25 37
28 40 17 31 5 26 5 22 13 27 13 22 19 9 24 20 1 26 15 21
18 30 13 17 7 27 3 20 11 21 21 13 23 13 26 10 1 14 11 24
6 11 2 9 4 18 5 13 15 15 17 10 9 5 20 13 4 13 9 18
7 7 1 4 1 5 1 1 9 8 5 6 6 3 5 6 4 6 6 5
31 40 21 32 8 30 17 32 29 35 32 21 18 6 27 29 7 27 16 25
25 30 4 19 4 22 5 19 12 21 10 18 17 6 22 13 8 18 10 22
14 13 14 18 3 19 19 12 17 29 21 28 12 16 29 15 5 17 21 20
13 25 7 8 2 17 12 21 18 25 18 20 2 7 20 21 5 9 11 14
12 20 5 13 1 8 1 9 7 7 4 7 9 1 10 13 4 11 3 6
18 19 4 12 1 10 4 14 8 15 6 15 9 1 15 12 7 13 12 11
10 19 10 11 3 4 1 7 6 10 3 6 6 8 8 11 4 5 6 9
18 25 17 14 11 18 6 11 11 20 19 10 19 18 18 3 1 7 10 19
26 33 14 11 8 19 4 20 21 32 24 6 14 13 15 16 7 7 5 20
5 18 4 3 1 5 2 7 5 14 8 3 5 9 10 4 1 1 1 8
7 11 2 4 1 1 1 8 5 11 2 1 1 2 3 9 1 2 1 1
4 8 3 5 1 1 1 1 1 4 1 4 1 2 4 1 1 2 4 2
19 24 5 16 2 19 9 9 11 24 11 18 8 9 23 9 2 16 7 9
25 40 35 25 23 38 23 35 26 36 38 26 30 35 43 20 13 27 22 45
17 22 9 11 5 10 1 17 17 18 11 4 11 5 12 20 9 11 4 14
3 9 1 4 1 3 1 6 1 6 1 3 1 1 1 5 1 3 3 2
35 36 35 34 13 26 26 31 30 41 38 26 24 25 30 24 12 24 27 27
13 14 4 14 1 6 3 10 1 17 6 8 1 5 9 8 1 10 7 6
45 39 32 20 11 48 18 11 36 45 40 34 48 25 50 11 1 19 20 42
45 50 41 31 30 40 31 35 39 53 50 33 40 43 48 18 18 23 26 39
4 8 1 2 1 2 1 2 6 12 1 1 1 1 4 4 1 2 1 2
13 18 12 13 6 17 14 6 12 18 16 23 11 14 25 5 1 11 15 17
7 14 4 7 1 2 2 4 3 14 4 2 1 6 5 3 1 1 1 2
48 34 33 17 21 34 26 14 51 56 42 33 33 23 39 29 15 20 23 38
32 49 43 53 32 34 35 40 48 42 44 11 26 15 39 44 24 48 27 34
58 53 43 38 22 39 25 25 53 63 44 37 33 25 48 36 17 33 23 40
28 27 23 18 8 24 23 6 20 30 24 31 25 23 35 7 2 16 17 22
2 12 4 2 1 5 1 7 2 2 6 4 10 3 9 3 1 1 4 11
14 18 7 10 1 16 6 18 11 18 13 19 13 7 20 12 8 10 18 23
47 61 42 19 33 47 27 32 46 49 51 27 44 43 48 17 17 25 10 38
43 49 19 37 16 42 24 37 33 46 30 45 23 20 49 32 21 38 32 40
10 10 8 14 3 11 7 13 9 20 9 16 5 7 13 15 5 14 15 14
39 58 32 38 20 41 23 43 35 36 39 31 32 26 39 37 20 31 26 41
29 26 14 25 4 16 13 12 13 32 17 27 17 15 29 12 8 17 19 20
25 18 28 11 2 21 13 17 33 33 32 15 26 9 22 20 5 6 15 24
31 28 6 19 1 21 7 15 22 31 15 25 15 4 27 14 4 19 11 16
13 13 10 15 1 12 7 8 10 20 11 16 11 9 18 11 4 13 15 17
49 47 47 30 32 34 16 25 49 52 48 11 37 26 48 29 22 28 23 45
5 12 4 5 1 11 2 10 4 12 6 10 8 4 12 5 1 7 10 13
8 20 5 6 2 9 1 14 7 13 3 5 5 5 10 14 4 8 5 14
42 42 42 52 31 32 30 36 46 54 44 27 26 28 50 39 26 45 38 42
1 12 1 1 1 2 1 4 1 4 1 1 1 1 1 3 1 1 1 3
37 43 28 26 14 20 15 26 27 39 32 14 27 23 30 13 10 14 12 23
5 13 1 9 4 15 2 11 6 8 8 7 6 5 13 10 5 13 7 15
39 51 32 26 31 35 20 21 40 40 36 24 28 28 50 28 14 30 19 38
19 25 9 13 8 11 5 13 8 19 13 4 11 14 9 8 1 5 1 13
41 42 25 31 19 15 15 16 30 46 21 17 14 17 38 22 15 25 12 25
47 58 36 41 25 46 41 34 48 54 49 51 27 31 53 45 14 39 36 43
35 35 17 32 11 41 23 27 36 52 38 37 22 19 41 25 11 29 25 34
19 25 25 36 8 31 22 25 29 32 31 29 22 17 32 31 9 32 28 31
37 28 19 30 3 28 17 12 21 35 24 33 28 17 33 10 13 26 28 29
1 4 1 3 1 3 1 3 1 4 1 7 1 1 5 2 1 4 7 5
26 23 22 33 22 25 18 24 32 44 32 16 13 21 34 25 15 30 22 30
51 45 32 54 20 41 25 43 47 60 38 52 29 10 63 52 23 54 49 54
4 14 2 2 1 7 1 11 2 8 2 4 3 1 6 9 1 3 4 7
4 7 1 1 1 7 1 3 4 4 5 1 6 1 2 1 1 1 1 5
22 28 22 34 22 24 24 26 29 40 27 19 9 22 33 27 17 32 23 25
35 50 24 29 21 35 7 32 25 36 21 19 30 24 37 23 14 29 13 35
1 7 1 1 1 2 1 1 2 5 2 1 1 1 5 1 1 1 1 2
27 46 26 29 28 45 30 42 38 50 47 34 22 38 49 28 18 28 25 43
29 32 20 31 9 22 1 13 22 29 14 17 26 11 36 19 9 25 16 32
26 27 10 23 5 15 8 13 10 24 14 20 9 10 20 10 6 15 17 19
9 10 6 13 1 4 1 2 6 10 1 7 1 2 10 10 4 13 9 10
4 6 4 5 3 5 1 4 10 11 2 7 2 1 11 12 7 10 8 10
38 41 27 32 23 36 32 31 35 52 44 28 23 33 40 17 10 26 20 27
31 41 30 33 17 23 23 21 23 31 29 21 27 30 36 15 13 24 20 23
6 11 6 6 1 5 3 3 6 14 4 5 4 6 8 4 1 1 4 8
14 12 16 11 2 17 5 14 24 16 19 7 11 1 8 21 6 14 8 15
36 32 33 30 19 42 29 28 43 56 47 34 28 27 41 27 10 26 29 36
43 46 37 39 31 39 17 31 38 47 41 16 36 30 46 22 20 36 21 39
14 20 5 8 1 6 1 14 5 11 4 9 7 1 11 13 4 6 7 11
26 42 22 23 11 34 17 25 18 27 28 30 30 23 42 13 1 18 14 30
5 10 1 5 1 5 3 4 6 9 4 7 3 3 8 6 1 6 6 5
