1000 20 13 1751
10 3 7 4 7 1 8 7 5 1 6 9 2
7 17 16 0 1 11 6 3 1 5 5 21 1
4 3 2 0 2 1 4 3 6 2 1 1 3
6 6 5 18 13 2 6 3 7 2 2 2 14
7 2 7 3 1 2 0 5 4 9 3 3 2
5 10 5 11 3 7 9 12 5 14 5 8 9
3 4 1 2 1 2 1 4 1 2 12 1 2
0 13 15 1 4 13 11 1 7 1 5 13 6
4 2 7 1 4 9 4 11 2 4 5 11 1
17 12 7 3 8 11 3 19 4 14 8 0 9
6 5 4 7 7 10 10 2 3 6 3 1 11
9 5 1 12 6 4 3 5 20 7 11 14 4
5 13 3 1 3 18 6 6 15 7 2 21 1
7 4 8 6 0 7 2 10 4 6 0 9 5
13 1 16 1 16 11 4 3 5 9 3 6 13
10 1 15 1 11 12 6 3 4 7 1 3 20
0 10 6 3 3 22 8 5 7 5 14 8 11
11 5 1 10 12 6 11 11 15 5 9 19 8
1 9 1 1 1 12 4 5 1 0 6 4 5
10 7 1 7 0 1 1 5 7 11 4 11 6
6 0 4 1 5 5 2 7 0 4 1 2 2
19 2 1 5 1 23 4 8 3 16 4 7 1
1 5 2 0 4 0 5 1 4 3 2 1 8
1 0 3 0 4 2 2 6 3 2 5 2 3
1 0 0 1 2 2 5 4 6 1 3 0 5
8 10 7 16 5 12 7 7 14 1 3 14 1
5 1 2 17 17 3 9 8 12 0 11 3 1
6 3 3 0 0 5 1 4 3 0 1 5 2
2 2 8 5 9 1 3 9 3 8 7 10 7
5 12 10 0 12 0 6 4 1 13 3 14 8
5 1 1 2 4 7 7 8 7 12 2 11 3
1 5 14 4 3 11 3 1 1 5 10 9 14
8 2 5 9 19 10 4 7 9 1 6 1 13
0 0 3 12 9 15 9 7 12 11 0 1 6
1 5 4 6 2 3 5 0 8 1 9 1 6
2 23 0 0 19 13 1 5 9 0 0 5 4
4 10 9 10 6 1 6 6 0 13 1 9 3
12 15 2 6 7 13 20 2 10 4 7 2 1
3 2 20 4 4 13 16 14 2 1 2 13 14
7 2 5 4 3 3 7 1 0 4 5 7 1
4 3 5 4 6 0 2 3 3 8 2 1 6
0 16 8 2 14 18 13 3 3 2 7 5 6
6 2 3 1 5 3 4 1 4 4 1 5 7
0 5 6 2 5 3 10 19 2 10 8 7 15
5 5 1 9 2 5 3 0 3 11 12 1 4
8 16 6 7 10 2 0 2 3 1 19 2 5
8 5 2 1 6 3 3 1 1 6 7 2 3
7 9 7 1 17 13 7 8 7 10 0 15 10
8 14 1 1 14 9 0 4 5 1 6 20 1
1 2 2 3 10 0 4 0 6 3 2 1 3
3 2 7 1 9 12 4 5 4 4 2 2 1
9 13 4 2 2 10 8 6 4 9 7 10 5
6 9 5 4 11 0 1 11 8 6 5 18 4
0 7 16 3 5 5 4 7 6 23 5 1 15
5 1 9 1 1 1 7 5 0 5 3 2 0
21 5 11 4 9 3 7 6 1 3 0 5 9
1 5 1 4 0 7 3 1 3 4 0 2 4
6 1 10 13 2 14 3 9 2 9 15 4 1
3 7 9 10 5 9 1 5 6 9 0 1 1
6 5 7 2 3 6 2 11 10 6 6 14 1
0 3 3 1 0 1 4 12 3 0 7 3 1
12 1 3 12 0 16 4 5 4 12 19 6 15
5 5 7 15 5 6 2 4 7 6 7 0 3
3 6 10 16 3 2 18 6 6 4 5 5 9
1 10 4 10 7 1 7 1 2 2 10 2 5
11 11 1 23 11 6 7 8 5 1 13 2 5
0 2 4 22 2 6 5 5 6 3 8 10 1
8 9 9 5 7 4 2 9 20 6 10 7 3
13 6 3 2 3 5 1 4 5 7 1 3 6
5 8 3 1 8 3 2 1 4 5 1 3 7
4 1 7 1 8 3 12 5 1 7 12 5 12
11 5 2 10 3 7 4 3 7 2 15 3 3
1 3 0 6 2 9 2 4 6 17 9 8 6
10 9 8 12 12 10 1 5 13 12 1 11 11
4 1 1 2 2 6 1 2 1 14 0 3 5
8 8 27 7 5 6 4 1 11 3 7 17 3
1 4 7 11 2 5 2 9 2 9 4 1 1
5 2 3 0 2 3 5 5 1 1 6 3 3
9 7 1 10 4 1 5 0 1 6 5 5 9
3 7 3 16 9 2 10 6 19 10 14 3 10
3 3 3 1 7 0 6 0 4 3 3 1 5
3 5 2 3 3 4 2 2 3 3 3 4 2
10 26 10 1 0 20 9 10 1 2 4 2 7
2 1 18 4 5 1 22 8 2 10 17 2 0
3 4 3 5 3 3 6 3 1 2 2 4 2
5 7 1 4 0 10 5 1 4 0 2 1 3
3 5 6 6 9 0 2 6 6 1 1 3 1
1 2 4 2 4 2 0 5 6 2 5 1 5
3 3 1 0 3 1 11 5 5 3 4 0 1
11 6 5 1 8 23 2 22 11 13 1 0 3
0 5 1 2 6 1 4 0 1 2 8 7 1
9 15 3 15 8 10 7 3 6 1 5 3 2
8 16 2 5 3 4 20 10 15 2 1 2 12
3 7 0 1 3 3 2 3 0 4 2 3 2
7 5 3 19 7 3 4 13 4 5 18 9 1
2 6 6 2 6 3 8 4 7 1 10 10 1
7 2 0 1 2 5 14 7 2 10 9 3 9
11 15 3 12 9 1 16 0 6 5 9 10 9
16 6 9 2 8 1 1 7 22 7 4 1 18
5 1 2 9 2 0 9 8 12 4 1 3 3
22 13 1 2 3 1 6 11 18 11 14 1 1
7 5 6 7 13 17 9 2 4 19 8 6 4
23 2 8 4 5 5 8 9 7 15 10 1 12
1 6 3 1 5 6 3 5 6 3 0 3 3
3 2 12 10 10 3 4 4 8 13 2 1 14
5 3 6 2 0 7 3 0 7 12 5 0 2
5 2 1 20 8 10 8 21 5 2 3 2 6
5 4 7 7 3 1 8 16 4 1 8 5 5
7 7 4 0 13 14 16 13 2 2 8 15 14
17 12 1 0 3 5 3 0 12 2 9 12 4
11 6 7 10 1 20 4 11 1 1 14 1 11
10 5 1 4 15 2 2 3 7 0 3 2 2
5 16 12 5 2 5 2 3 10 9 0 12 4
1 6 4 7 1 1 4 5 1 6 8 5 4
1 3 4 11 6 1 2 6 10 2 10 2 2
2 2 4 10 9 5 5 2 2 8 0 2 7
8 18 2 6 4 6 13 16 8 9 0 15 16
0 2 5 2 6 6 7 4 2 3 4 0 2
9 19 10 11 6 7 5 2 1 5 3 4 4
1 2 1 4 1 1 2 7 0 3 6 2 4
3 6 3 3 5 4 0 6 9 5 0 1 7
3 5 0 6 18 6 12 5 3 4 0 7 3
16 6 6 2 1 12 0 3 4 1 0 4 2
4 1 17 3 16 22 6 1 4 7 4 3 6
13 10 3 0 0 11 5 15 3 3 11 9 3
0 4 3 0 5 1 0 5 3 4 4 2 2
5 4 6 3 9 3 4 6 7 2 6 12 10
2 8 1 19 1 2 2 2 2 5 2 3 1
14 6 8 14 2 6 3 2 7 7 6 3 8
2 3 4 5 8 2 0 2 2 6 4 0 2
8 20 4 12 12 7 17 2 5 10 4 8 2
9 6 0 13 6 10 8 10 3 9 2 7 6
5 6 0 9 1 2 1 2 2 4 4 6 1
4 4 15 16 8 12 3 6 15 7 2 12 6
0 2 0 15 1 7 1 10 3 2 2 9 4
2 15 1 6 10 2 0 7 6 11 21 11 6
7 5 6 2 5 17 5 5 2 6 4 1 8
14 10 10 2 7 4 8 4 2 8 8 7 4
8 5 26 2 2 3 3 6 2 11 0 6 6
4 4 5 12 13 11 4 10 4 3 3 9 4
16 2 7 9 5 10 17 12 9 1 6 6 5
0 2 1 9 1 7 8 2 0 24 8 2 21
10 9 2 6 10 9 5 12 2 2 3 0 5
4 2 2 7 6 1 7 6 8 10 4 3 5
11 3 8 9 3 4 6 12 5 20 6 8 16
25 2 14 2 4 1 4 0 2 7 4 14 9
1 6 5 2 5 5 5 0 2 9 2 7 1
5 4 14 3 20 4 3 8 14 5 8 2 0
1 1 13 4 0 7 1 9 3 6 2 8 2
2 4 1 4 3 2 3 4 2 6 4 3 1
4 4 4 7 3 6 4 4 8 3 1 3 0
5 10 11 12 10 6 4 8 0 0 13 1 0
4 3 2 17 3 2 3 6 4 5 9 7 10
5 9 16 0 7 1 7 17 10 3 3 10 2
1 2 12 10 7 11 15 8 3 3 16 11 10
7 4 14 7 1 10 18 1 2 3 10 2 20
14 1 6 6 6 2 0 4 1 10 2 1 2
2 2 11 4 6 3 1 15 8 9 11 0 1
1 1 1 3 8 15 17 0 4 6 8 1 4
4 6 3 3 4 1 5 5 3 0 10 2 10
5 3 13 8 8 3 11 6 7 14 9 14 5
9 2 1 1 0 4 7 2 4 2 8 3 6
0 4 6 3 9 0 9 2 14 6 2 17 5
18 7 5 2 2 9 5 10 9 2 6 6 11
15 2 4 1 6 2 0 5 22 4 0 12 2
4 9 12 3 8 5 1 11 11 11 9 2 16
3 8 3 2 2 5 3 1 5 5 4 2 1
2 1 4 16 2 4 1 2 7 4 1 9 5
12 11 6 11 16 3 15 1 0 4 11 9 1
4 17 14 12 12 4 2 5 0 2 1 4 7
1 1 0 19 1 3 4 3 3 9 8 3 7
2 19 2 1 4 2 2 5 2 3 9 10 8
6 4 2 6 9 2 7 5 2 9 1 5 6
15 8 5 3 3 5 0 6 2 2 9 2 10
4 9 4 1 14 4 13 10 7 9 5 6 2
8 18 7 2 5 7 6 3 7 2 10 7 7
4 6 8 9 4 5 1 7 7 3 2 2 4
9 6 2 7 10 10 20 11 4 1 9 21 11
4 4 2 0 4 3 7 7 3 8 3 2 6
5 3 7 3 4 5 2 1 1 8 6 14 0
6 5 0 1 3 5 3 1 3 3 3 1 2
7 3 13 2 14 8 11 4 4 6 10 6 10
1 1 10 3 5 6 0 7 6 4 2 2 2
11 17 8 2 3 6 14 2 4 2 4 1 13
3 2 5 2 3 8 4 7 17 1 12 12 1
0 4 7 5 5 1 15 9 2 6 7 26 11
1 9 6 7 4 8 4 3 7 10 7 3 26
3 10 10 9 2 1 3 1 9 0 7 9 2
19 8 15 6 10 5 9 5 10 3 2 9 12
5 7 4 4 8 15 12 0 6 11 11 5 6
7 6 13 27 1 10 4 0 3 5 0 7 6
2 1 1 8 0 12 1 5 6 5 1 4 4
17 2 6 14 3 2 5 0 12 12 7 17 12
10 1 3 4 1 2 3 2 3 1 6 4 8
10 1 1 1 5 6 11 3 18 8 13 9 3
5 19 4 4 5 3 6 5 14 8 10 8 1
0 10 6 2 2 7 11 3 9 2 19 16 8
7 0 7 4 9 7 5 7 8 6 5 5 0
8 0 3 11 9 7 15 14 1 9 2 16 3
5 21 5 8 7 5 10 2 15 13 17 2 7
7 7 0 6 0 6 2 3 7 4 2 3 1
4 9 0 5 15 6 2 1 6 2 6 6 12
2 11 7 13 13 15 2 6 6 10 11 6 9
6 1 0 0 4 1 3 3 8 2 0 6 4
2 4 15 11 0 9 7 2 4 11 8 1 1
6 8 8 0 2 13 6 5 6 4 1 2 5
7 5 4 4 1 9 5 11 6 7 2 2 3
2 3 3 11 4 9 3 7 11 1 4 5 6
2 2 3 2 3 1 4 2 2 3 0 5 3
3 0 0 5 4 2 4 2 3 3 8 1 1
5 3 1 1 0 5 5 2 4 2 5 6 6
4 4 2 1 6 0 2 4 2 4 4 4 5
5 10 10 16 21 13 2 13 3 5 6 7 3
18 10 8 1 7 6 6 6 8 0 8 2 8
1 1 3 5 10 2 3 5 0 2 3 1 8
21 2 21 3 3 2 4 5 8 4 3 0 12
14 3 16 0 4 5 6 11 10 0 27 3 6
4 1 4 7 6 1 2 3 1 2 1 1 7
18 1 8 6 4 18 7 13 12 13 7 12 2
4 3 4 1 2 4 4 3 1 3 4 1 0
1 8 2 6 12 5 18 0 5 6 9 9 10
2 0 2 3 5 10 3 9 3 3 16 0 3
6 2 5 2 3 1 2 6 4 2 2 8 7
1 3 6 0 7 10 8 3 2 13 3 5 23
3 1 10 10 2 6 3 2 8 13 8 15 17
0 4 7 2 5 11 5 3 2 6 12 5 7
1 1 1 2 0 7 1 1 0 5 7 1 1
2 2 4 0 3 6 4 5 6 4 7 0 0
9 3 15 9 0 4 3 17 4 3 17 4 15
2 0 3 3 1 2 0 4 7 3 3 8 0
6 6 1 8 6 3 1 7 2 10 10 8 9
2 9 9 1 7 11 9 3 7 5 5 15 6
5 5 3 5 5 4 4 2 8 4 0 3 0
3 2 3 3 13 6 3 4 3 7 10 5 17
4 4 0 30 2 6 9 0 6 2 4 0 19
4 7 4 2 5 1 6 7 8 1 0 1 3
9 1 12 6 9 2 12 2 6 4 4 6 10
6 6 9 3 1 8 4 9 2 2 12 4 3
1 10 17 0 5 2 14 11 5 5 2 1 5
7 15 6 7 7 4 3 4 0 10 29 7 4
6 5 10 7 8 8 1 0 0 11 9 10 1
12 3 2 2 0 3 17 10 11 22 7 8 6
4 6 19 19 2 7 3 4 2 7 0 0 6
1 1 9 4 2 20 8 13 5 3 5 2 4
6 19 1 5 8 3 15 1 2 0 12 3 8
3 3 3 9 11 1 8 2 5 0 17 0 2
4 0 3 4 3 3 6 3 3 2 2 1 7
2 1 1 3 0 6 5 2 4 5 6 5 12
3 1 7 12 17 6 8 6 1 6 13 13 0
1 4 4 4 8 3 4 3 1 3 1 4 5
13 7 2 5 7 22 1 7 0 3 13 2 1
7 2 5 4 2 8 3 4 10 6 8 3 13
2 6 8 2 2 2 18 1 24 6 8 3 11
6 6 5 1 1 0 2 3 3 0 4 2 0
2 9 0 0 2 9 1 2 0 1 5 5 3
4 2 0 3 0 5 5 3 5 1 7 3 1
3 3 3 15 9 6 12 2 2 18 19 8 4
5 4 6 4 1 2 6 3 1 2 5 2 0
11 3 12 8 15 5 1 4 15 6 24 9 6
10 4 5 3 4 8 3 2 10 2 2 4 6
6 13 16 13 2 7 3 19 7 6 4 19 8
8 7 6 12 5 4 0 1 10 17 10 4 12
6 1 10 2 1 8 1 5 1 11 5 4 8
1 8 3 17 0 12 14 0 15 12 7 7 15
8 1 9 18 6 2 2 5 3 11 8 3 16
5 17 3 9 7 9 2 15 6 18 9 7 15
0 15 7 20 5 1 12 12 10 12 14 3 8
6 4 14 8 13 0 16 9 3 7 2 12 1
1 7 14 4 0 20 15 3 4 3 4 0 8
1 1 3 3 11 0 1 10 4 5 6 8 3
4 8 15 5 8 10 8 8 11 5 11 4 11
1 9 6 8 3 14 8 4 14 10 12 5 17
12 7 8 0 1 9 1 7 10 2 5 7 12
4 2 7 4 3 2 1 1 2 3 1 2 0
7 5 4 4 2 6 2 7 5 0 6 1 7
8 12 10 2 2 3 7 10 6 9 12 16 1
11 8 16 4 2 12 17 6 14 9 9 7 13
10 9 7 8 13 7 2 20 2 0 12 1 22
6 2 14 12 2 9 0 12 0 4 1 5 6
3 8 13 9 18 11 1 2 11 14 4 7 19
11 11 12 10 18 5 12 12 7 1 1 11 7
6 4 7 2 3 1 9 3 5 7 3 6 9
7 0 7 5 11 5 1 3 12 5 11 9 6
2 7 2 1 2 1 4 7 2 2 3 1 5
1 4 2 9 4 4 1 7 5 12 9 7 0
5 1 4 4 4 5 12 8 1 6 6 2 9
22 2 13 1 8 3 0 6 5 6 5 5 21
19 9 10 9 12 15 8 2 2 6 5 1 5
4 1 3 2 2 2 1 2 6 9 1 8 1
23 12 3 2 5 6 15 3 6 2 22 5 3
2 6 28 0 2 7 0 2 1 0 3 8 13
9 3 7 13 4 9 4 16 4 8 0 12 11
4 2 5 10 8 1 2 1 1 5 1 3 3
5 15 1 9 5 4 18 1 0 9 17 3 2
5 6 7 7 1 9 6 3 4 8 1 2 6
4 14 4 19 14 1 3 6 1 3 7 13 1
8 0 1 8 6 2 1 1 0 3 7 1 2
3 7 9 2 5 3 8 1 7 9 1 7 4
5 13 6 2 8 1 12 14 8 5 7 4 1
3 5 3 0 2 5 1 4 1 7 7 1 0
11 1 11 9 4 9 1 2 2 5 5 6 4
4 1 2 2 1 1 2 3 5 2 1 4 4
0 6 3 3 10 12 12 6 10 13 3 13 22
5 7 11 9 8 7 11 9 9 2 0 7 16
2 3 4 2 5 5 2 2 2 1 1 2 3
14 5 1 11 5 3 7 1 3 6 2 1 12
14 1 5 3 13 2 3 1 1 0 1 3 9
8 1 8 10 1 2 3 16 8 3 4 15 6
10 16 1 9 3 13 1 12 8 24 4 9 4
14 13 0 3 1 0 5 10 16 4 8 9 7
0 10 10 0 7 1 4 4 1 8 5 15 1
2 13 0 1 0 1 4 8 5 4 4 5 2
4 1 6 14 4 1 1 9 4 5 6 0 8
2 7 0 15 7 12 4 12 9 11 1 6 2
6 10 2 10 8 10 5 4 11 3 24 3 11
16 3 1 22 1 20 3 0 2 7 3 13 2
11 7 4 5 2 4 8 2 4 4 10 11 4
8 4 15 1 9 4 8 16 7 16 1 1 3
19 10 2 17 5 8 8 10 14 3 15 2 7
0 0 9 2 3 6 10 3 11 1 9 2 0
3 6 0 0 8 10 6 16 2 8 3 3 1
8 1 16 8 4 7 2 19 16 3 9 1 18
1 5 5 4 2 14 3 12 8 2 4 14 13
1 1 2 2 7 3 1 3 3 6 0 2 5
1 2 0 2 2 1 3 0 6 5 3 1 4
21 6 10 9 11 5 1 14 7 2 7 9 7
12 8 2 1 1 12 9 7 1 4 0 2 0
2 0 3 3 9 3 1 1 5 6 8 1 4
2 1 1 0 2 6 3 1 4 2 7 4 1
10 10 1 4 8 10 5 8 7 2 5 7 3
5 4 7 2 6 1 1 6 1 2 1 6 4
6 10 9 15 12 12 12 6 5 17 4 13 8
0 2 5 1 6 1 0 5 1 2 7 0 10
4 8 4 1 2 4 3 1 4 4 4 8 8
9 3 2 8 7 0 3 1 3 4 1 5 8
8 3 11 12 3 0 9 6 0 6 2 6 6
5 2 1 4 4 3 3 5 3 4 1 1 2
16 12 0 8 11 2 4 8 6 11 23 5 5
3 3 1 2 2 4 1 6 7 2 6 13 30
9 9 16 3 7 1 5 7 0 3 12 8 7
14 4 8 2 14 6 1 12 0 2 3 7 9
8 10 12 1 6 3 13 1 9 4 9 3 19
3 2 3 5 7 12 6 2 17 7 2 8 3
4 2 6 3 1 5 0 3 1 1 2 3 4
4 19 5 1 8 2 4 1 11 2 12 4 6
10 0 10 2 11 9 1 6 5 2 4 13 2
2 7 2 4 3 1 3 2 3 3 0 3 1
2 3 6 0 1 4 2 4 5 1 0 0 5
4 5 5 13 1 1 6 2 6 1 7 2 8
3 18 2 12 7 17 2 15 1 2 15 1 10
2 0 5 3 5 7 1 3 1 2 3 2 7
2 7 7 0 3 21 3 23 6 8 0 2 4
19 5 8 3 2 2 8 10 5 22 2 3 8
1 11 2 0 7 1 14 7 6 11 4 1 16
5 4 2 2 4 2 3 3 2 3 7 7 0
9 4 1 9 4 2 2 2 9 8 7 21 6
3 12 6 3 5 22 12 5 23 2 6 5 6
6 15 10 11 6 1 21 12 10 3 5 11 1
6 5 1 3 13 0 8 3 2 6 0 9 8
4 2 2 20 2 13 7 19 6 7 3 9 10
2 11 5 5 13 8 14 3 6 2 11 5 10
0 7 7 5 5 2 5 8 4 7 0 4 7
4 0 5 2 13 7 3 1 5 1 4 13 0
5 9 1 2 9 5 4 13 5 1 3 2 4
2 2 1 4 1 0 2 12 2 4 14 6 3
10 1 2 2 7 5 7 4 7 0 3 2 2
1 3 0 7 13 9 0 9 6 0 8 8 1
3 3 1 4 5 1 0 0 5 3 3 3 2
6 4 0 7 3 2 1 2 14 16 6 8 16
5 5 5 2 1 9 6 3 2 1 0 9 14
5 1 6 5 10 1 10 5 3 9 8 8 4
10 1 12 1 16 8 8 2 1 3 4 12 18
4 0 1 4 8 0 0 6 7 1 1 3 3
4 5 8 10 22 8 18 13 6 11 4 12 4
5 4 7 1 7 6 6 1 2 7 7 6 0
21 4 8 2 12 7 9 2 1 2 15 13 19
3 5 14 17 18 3 5 9 5 15 6 3 6
13 2 2 9 4 25 3 2 5 1 20 3 11
2 3 8 6 3 5 8 9 0 0 6 12 3
1 4 4 6 6 2 5 0 1 1 0 3 3
2 11 7 2 20 11 5 4 6 2 13 24 3
11 6 1 5 10 5 7 5 3 2 4 4 5
3 12 8 8 6 2 4 8 0 9 6 1 4
1 1 7 2 1 1 2 8 3 3 1 2 7
3 5 4 5 2 2 2 10 5 4 0 6 3
0 4 13 8 3 9 1 14 3 9 2 1 3
0 4 2 5 0 3 7 4 1 0 7 9 10
1 12 1 20 21 8 2 1 5 1 10 2 6
12 11 2 7 0 3 3 1 4 6 1 0 15
4 3 12 13 12 12 8 1 7 7 9 3 1
3 10 12 5 30 5 9 9 6 10 2 1 4
3 8 12 12 9 8 12 2 0 4 11 10 5
0 10 7 0 10 4 3 10 14 12 5 6 8
8 0 3 5 1 1 6 9 1 5 2 1 3
1 2 17 6 10 8 2 9 19 17 5 10 2
3 2 1 1 5 5 2 3 4 1 2 7 0
5 1 13 4 1 3 16 9 11 1 16 0 11
0 3 5 5 4 2 6 0 4 0 0 1 11
6 9 6 4 7 6 2 5 3 11 2 5 5
12 1 7 8 18 5 21 4 15 10 4 3 2
10 8 0 7 8 0 3 17 4 5 9 8 3
14 10 9 1 2 2 9 4 12 23 11 2 6
2 9 7 4 13 7 10 14 5 3 9 11 8
1 4 3 10 4 7 2 2 4 5 3 5 2
1 1 4 5 0 4 2 5 5 2 2 3 4
6 7 2 2 1 0 3 3 7 6 4 1 7
7 2 6 3 1 2 8 2 1 4 6 5 1
15 0 1 3 3 7 4 2 10 5 12 4 16
1 7 11 26 7 15 9 1 6 7 10 5 12
11 13 3 4 3 6 5 4 1 12 7 12 11
4 0 1 3 4 3 3 0 0 4 4 2 2
5 2 11 12 15 3 5 4 18 1 3 2 5
7 18 10 9 4 6 8 9 1 5 11 21 1
7 0 6 6 6 2 6 4 6 7 8 6 1
11 3 22 1 0 11 9 6 16 9 3 14 11
5 8 3 4 0 9 7 1 2 1 14 8 3
0 10 1 2 3 5 15 10 3 8 6 1 15
3 1 2 1 4 1 6 0 4 0 7 0 4
14 1 3 8 12 7 1 11 6 14 6 0 5
5 8 1 5 1 15 3 15 10 6 15 7 15
3 1 1 3 1 9 6 1 3 13 1 4 8
3 4 11 5 6 8 15 1 3 11 1 9 11
7 1 1 2 1 2 22 10 2 16 6 6 18
7 2 3 7 5 0 6 2 2 11 2 3 3
0 3 9 3 5 5 6 0 7 8 2 6 5
7 12 1 8 13 3 7 5 6 7 14 1 13
4 1 2 1 7 1 0 3 5 3 5 5 1
9 4 17 7 12 12 6 13 5 12 2 3 9
2 8 6 3 1 1 1 7 3 10 4 2 1
7 2 7 1 1 10 0 1 1 2 0 7 1
3 2 1 4 4 4 1 5 2 1 0 3 1
5 12 6 5 6 7 7 1 4 8 3 0 11
3 11 6 0 5 0 7 5 9 4 6 1 1
8 5 0 2 8 4 4 2 8 11 0 1 2
4 0 7 1 4 12 1 2 0 1 5 6 1
13 5 1 6 0 9 7 13 11 7 9 9 6
12 8 12 16 8 14 7 2 16 1 14 9 6
3 8 2 9 6 3 10 5 2 10 3 13 2
2 1 5 7 9 5 6 8 5 5 8 8 7
1 1 2 2 4 1 7 7 0 0 5 4 5
20 10 11 3 13 4 10 7 19 13 0 4 0
17 5 13 5 8 14 11 11 1 8 2 3 17
14 9 3 10 5 1 15 2 7 3 3 1 8
6 9 7 16 3 2 4 2 4 9 0 6 4
10 5 2 13 5 1 2 5 0 7 26 6 1
17 2 1 6 0 5 8 9 6 5 5 7 5
4 7 7 11 2 2 2 3 4 2 5 1 1
1 2 8 2 1 5 9 1 0 1 0 1 1
1 5 13 3 2 8 0 1 6 5 1 10 3
3 1 3 2 6 8 13 7 6 0 1 8 4
4 3 7 1 8 5 3 1 3 0 1 3 1
6 7 7 2 6 3 2 5 11 18 11 4 21
1 6 16 6 5 4 5 1 1 11 18 10 5
1 1 5 3 3 4 7 6 1 3 0 5 2
1 4 2 1 1 4 6 4 4 2 4 1 3
11 2 3 0 5 4 13 8 8 1 2 1 1
1 6 7 13 6 3 11 3 13 7 2 10 1
1 5 3 2 9 4 1 4 10 3 5 1 3
1 11 1 8 4 7 6 10 4 9 1 10 4
2 2 2 7 1 9 3 2 14 6 3 6 0
5 7 0 9 1 1 1 1 5 5 2 3 4
3 13 8 15 7 7 17 7 1 2 3 20 3
3 7 7 3 4 0 3 5 6 2 0 11 3
3 4 4 1 4 3 9 0 4 8 6 6 6
4 0 3 0 2 1 5 2 0 1 4 1 8
18 9 11 5 7 4 1 8 2 4 6 0 1
2 0 4 10 4 5 4 5 3 5 9 0 0
15 16 2 13 6 7 14 20 7 13 3 5 2
18 16 1 4 8 5 10 6 10 5 14 3 2
13 11 7 8 1 20 4 6 9 2 8 15 8
4 7 6 4 8 5 1 1 4 2 3 4 2
2 2 4 0 0 1 1 5 3 2 5 7 0
8 3 15 7 2 9 9 5 3 11 0 2 7
6 1 4 2 3 0 5 1 1 1 3 6 0
5 1 4 14 3 12 7 2 10 2 1 9 5
1 6 5 3 0 6 6 4 0 5 0 3 0
1 9 4 8 2 5 3 4 9 7 24 5 6
7 9 1 2 1 0 9 16 9 4 6 15 7
1 3 2 2 3 2 2 8 2 3 1 0 4
2 2 6 10 9 0 1 7 8 6 15 2 4
5 1 2 1 4 4 7 10 1 4 5 3 4
2 19 2 3 8 4 2 1 19 4 10 9 9
5 5 1 1 6 3 7 11 4 7 11 8 5
14 4 12 14 10 3 5 2 3 12 11 0 9
10 8 17 8 9 8 5 10 9 4 8 3 2
1 12 9 6 4 10 1 4 5 5 4 2 10
2 2 1 1 5 2 4 7 4 3 0 0 1
2 1 2 11 9 4 7 14 21 16 4 5 2
11 4 1 3 6 1 14 10 1 1 5 22 4
4 2 9 1 1 5 9 5 6 10 4 0 4
1 1 2 3 6 1 0 3 2 1 1 7 0
14 1 16 2 18 9 4 20 8 9 3 1 11
16 4 1 1 4 16 4 7 1 3 14 2 9
0 3 2 9 0 13 4 10 2 0 9 1 1
10 6 10 4 7 3 7 8 6 19 7 4 10
2 4 9 5 7 0 11 2 5 10 14 4 6
0 2 22 6 11 1 5 21 8 8 13 3 3
8 11 4 1 6 7 6 4 22 0 11 4 2
5 4 11 9 5 11 3 4 3 7 0 2 4
7 11 8 7 6 8 1 3 6 9 1 3 5
6 12 3 11 8 9 4 5 9 0 1 2 4
17 4 14 6 2 1 6 1 6 1 9 6 17
0 1 5 1 0 6 10 1 1 1 8 6 13
3 2 3 2 1 1 2 0 2 3 9 5 2
2 0 0 4 6 3 4 1 2 7 2 3 3
3 10 10 9 15 5 5 2 17 10 2 4 6
1 8 13 9 12 2 1 12 10 2 11 0 13
18 0 10 1 4 24 6 1 15 5 3 9 8
4 7 19 3 6 9 15 5 6 0 2 2 5
10 5 4 6 1 10 0 23 10 2 12 15 1
10 7 0 12 16 13 4 3 9 2 15 16 0
15 3 21 3 7 3 5 3 2 9 3 10 1
6 4 12 3 3 13 5 6 4 4 9 16 24
1 4 4 0 2 0 6 8 5 2 0 5 0
0 5 3 1 7 6 5 0 2 5 7 5 13
5 8 1 7 5 4 2 4 3 6 4 2 6
2 4 7 6 1 4 3 0 2 3 7 5 1
3 8 6 4 2 5 7 13 5 17 5 8 5
0 2 0 5 7 5 1 5 5 8 3 10 6
0 3 12 3 2 3 3 4 3 1 9 3 10
8 3 3 5 2 1 5 7 3 4 7 2 3
3 3 9 8 6 2 4 1 8 10 3 13 5
8 2 0 3 4 8 10 11 8 1 4 5 6
0 2 6 2 6 5 15 4 6 17 2 4 5
5 1 2 8 1 6 1 4 4 2 2 0 2
6 1 3 4 7 1 2 1 16 12 2 1 2
3 5 5 4 2 10 7 3 2 18 4 11 8
0 9 3 9 9 8 1 2 4 6 2 2 8
0 3 3 0 0 3 7 7 17 8 3 6 3
3 3 2 3 2 3 1 10 5 2 0 1 1
2 3 1 15 6 2 12 4 9 11 14 3 13
5 2 1 7 2 0 3 2 4 2 1 2 1
1 3 3 7 0 1 0 3 4 5 1 4 5
3 9 0 2 1 1 2 3 5 6 2 6 6
17 10 8 0 4 3 2 13 8 1 7 10 11
10 3 0 8 1 7 6 4 6 8 4 7 6
1 9 5 3 10 2 8 6 11 0 1 1 1
4 2 5 5 1 1 1 1 0 3 3 1 3
2 1 4 1 1 7 4 0 5 1 2 0 4
5 11 12 16 2 7 3 17 4 0 5 15 1
1 3 1 6 6 12 8 4 2 3 5 8 8
2 7 4 4 0 11 14 3 2 7 8 16 11
7 19 9 11 7 4 10 14 12 6 0 4 1
15 1 4 5 19 12 4 8 18 12 2 0 3
6 4 0 6 10 6 4 2 13 4 2 5 7
8 20 8 5 11 0 4 12 7 7 15 5 9
3 8 13 2 7 5 5 5 2 8 12 5 12
23 22 11 7 1 12 5 8 2 10 4 8 0
17 4 6 3 0 13 6 10 14 12 14 2 10
7 10 19 1 18 9 2 1 8 11 10 17 8
11 5 18 11 10 3 10 0 14 3 13 14 11
6 5 9 9 4 4 17 2 2 11 6 4 12
2 2 6 7 4 0 2 3 3 1 8 7 5
13 20 6 6 0 14 9 1 11 8 5 7 12
5 6 9 6 5 1 6 2 3 3 4 1 7
4 2 4 2 9 2 8 5 4 5 9 4 2
8 0 1 5 7 1 7 10 4 4 1 3 3
12 23 13 9 9 4 2 6 5 12 2 16 5
9 6 1 9 5 12 7 1 11 8 7 22 0
5 3 5 4 11 4 4 8 6 6 2 1 1
9 11 8 6 9 15 3 7 19 2 2 9 2
7 1 5 2 9 18 0 4 14 8 6 2 1
9 11 8 1 6 4 11 15 9 15 5 4 3
4 4 16 1 2 1 5 8 0 2 1 2 8
0 1 5 1 2 3 0 0 2 5 1 7 2
3 11 3 3 6 4 1 2 0 9 1 0 1
8 3 1 2 0 7 1 0 2 3 1 1 3
4 4 1 2 5 3 4 2 4 8 2 4 8
5 8 3 8 5 3 4 5 0 6 1 2 3
2 2 3 14 7 3 4 4 16 1 7 2 17
7 5 10 4 5 2 6 11 6 5 6 1 5
5 7 6 1 5 3 3 4 5 9 2 6 7
1 2 0 11 2 2 1 1 7 4 1 9 8
4 2 4 1 3 4 4 3 12 1 0 4 2
18 6 1 3 6 1 0 6 13 0 1 6 1
8 6 0 6 4 3 7 3 7 14 6 3 8
4 1 1 3 2 1 5 2 2 0 7 0 5
6 13 2 5 13 3 0 7 8 14 8 2 3
3 0 2 8 9 2 4 10 5 2 14 11 1
19 8 23 5 6 7 6 3 10 12 8 1 0
2 3 2 6 6 7 2 2 1 2 3 2 4
5 3 6 2 6 5 1 1 1 6 4 1 3
6 6 11 16 12 11 2 8 3 4 18 11 2
2 1 3 0 1 2 1 1 4 1 1 7 5
1 6 1 1 2 1 2 5 2 14 0 1 2
4 1 0 6 1 9 9 3 17 6 5 5 8
11 2 3 4 11 3 3 0 0 6 2 2 3
1 6 5 3 1 0 2 1 2 2 1 4 6
14 1 5 1 7 8 4 8 6 7 4 2 7
11 7 8 5 8 7 5 5 7 2 10 6 10
4 0 6 5 2 8 2 3 1 8 6 9 9
10 4 13 15 9 3 14 6 1 8 5 5 11
5 3 0 2 5 6 4 1 5 3 6 1 0
16 15 4 13 4 3 2 3 8 3 3 7 2
4 2 10 13 5 4 10 7 1 6 3 1 0
4 4 6 15 8 14 11 5 4 17 10 1 3
1 4 0 1 0 5 3 2 7 3 6 2 9
0 5 0 3 1 8 3 11 3 1 1 6 2
11 1 11 3 12 7 6 13 15 2 11 4 9
0 2 9 10 18 3 3 1 16 15 0 3 9
5 8 9 6 3 2 6 5 14 1 0 1 4
4 4 4 7 8 21 8 2 2 1 1 8 3
4 10 3 10 11 8 17 10 17 4 5 1 3
13 18 9 3 18 4 7 0 15 0 3 10 14
4 7 8 2 6 1 14 7 3 3 4 3 6
4 4 5 0 9 1 2 0 0 2 0 0 2
3 6 4 3 14 9 8 2 18 6 5 10 4
2 4 6 2 2 4 2 3 2 1 7 2 0
4 7 4 0 1 6 4 13 12 2 1 15 5
7 15 21 2 1 11 3 0 10 3 11 9 5
3 5 10 11 5 8 0 9 4 8 6 2 1
7 4 2 1 8 0 10 1 1 1 1 5 2
6 9 10 4 10 3 13 1 13 13 20 10 4
1 2 4 8 1 6 8 5 6 12 6 4 14
1 3 2 5 3 2 1 3 4 1 4 2 2
6 2 5 14 10 4 10 6 17 9 17 11 10
9 4 1 3 8 6 5 0 4 0 1 3 1
4 8 10 13 0 11 8 3 4 3 2 11 1
1 0 1 2 0 1 0 3 2 6 6 3 3
0 3 11 5 15 1 9 15 0 2 6 6 9
13 11 9 16 13 5 3 5 2 5 7 2 7
6 13 10 1 8 5 0 8 13 6 7 0 9
5 3 2 2 9 15 15 13 14 0 15 3 9
7 0 6 6 0 2 0 7 1 5 6 6 7
4 10 5 7 7 5 11 1 4 8 4 1 8
2 25 7 11 6 0 9 10 9 9 11 8 2
4 3 10 3 6 1 11 5 6 10 8 2 5
1 2 2 4 7 6 0 5 4 5 1 2 1
11 15 5 12 3 17 2 6 4 5 20 3 15
2 6 19 16 12 8 11 3 6 1 2 10 14
6 7 14 7 8 3 0 4 1 4 13 15 3
0 2 1 11 6 2 3 4 3 0 4 8 1
13 24 7 4 2 10 9 2 4 2 1 3 5
6 2 6 2 8 7 2 6 6 7 4 5 1
3 3 6 1 4 1 8 8 4 3 14 0 9
3 5 14 9 4 3 6 15 8 4 16 1 1
4 3 6 6 2 1 4 3 7 3 0 3 12
6 6 16 1 1 9 5 10 9 4 6 0 6
2 4 8 2 7 5 3 1 3 2 0 0 0
3 1 7 7 17 0 1 2 10 5 14 26 10
2 0 0 5 12 2 4 4 2 1 2 5 4
6 2 5 0 0 7 3 5 2 8 3 15 2
4 8 7 7 4 2 1 12 10 3 4 3 8
6 1 0 3 0 4 6 3 9 4 0 4 4
15 22 3 11 5 5 11 6 6 13 5 1 7
1 3 8 13 7 3 1 5 13 1 7 5 5
4 3 2 10 1 4 0 10 12 15 11 14 2
9 13 11 10 1 7 10 7 2 15 10 9 12
8 4 5 6 1 6 5 3 8 9 10 5 1
6 1 2 1 2 7 2 8 1 3 12 2 3
1 4 1 7 6 3 2 2 4 8 0 2 10
0 6 1 7 8 7 8 9 2 9 2 1 12
0 6 3 3 3 1 2 4 2 2 1 3 3
15 11 4 4 8 10 1 6 0 5 9 1 3
12 5 14 13 6 5 4 3 3 1 14 11 3
8 6 6 4 4 14 7 1 8 14 8 2 2
8 1 1 2 11 1 4 3 4 7 2 0 0
10 3 6 4 12 12 3 6 7 3 3 0 5
3 7 2 18 6 17 2 0 5 7 17 10 11
21 2 14 10 4 20 8 11 0 7 6 0 2
1 8 1 6 9 1 1 0 12 2 11 6 9
1 5 10 16 6 11 5 5 5 6 1 15 12
2 4 11 4 13 7 2 0 14 9 17 0 14
18 7 1 15 11 11 20 2 10 5 4 9 1
15 7 3 16 4 3 4 12 1 2 9 6 15
1 8 8 7 5 15 17 2 10 5 8 5 1
2 2 2 6 1 7 3 2 2 0 7 0 4
10 8 2 8 4 11 2 24 14 1 2 11 16
4 1 10 6 2 17 1 6 2 12 7 1 10
9 12 5 6 3 2 3 2 3 9 6 8 3
15 11 20 19 4 2 4 0 1 6 4 3 1
12 2 12 8 8 12 4 1 1 2 1 13 3
14 9 5 6 4 0 6 7 5 6 6 13 3
9 7 16 10 4 0 16 21 2 4 0 16 3
2 6 6 9 1 8 1 1 0 4 10 7 3
0 3 15 11 5 8 20 2 3 2 4 7 3
2 16 6 9 11 8 0 11 3 4 27 0 8
3 8 18 1 5 7 2 3 1 7 8 7 5
3 3 1 10 13 3 7 12 0 6 6 3 4
1 5 6 2 2 10 2 3 5 3 7 11 1
3 2 7 1 4 2 0 3 3 3 5 2 4
9 13 7 2 0 7 4 6 8 6 11 1 0
3 0 10 1 3 4 8 6 5 2 7 6 5
6 2 3 2 2 3 4 9 6 6 1 4 2
2 13 2 7 3 6 3 9 0 4 3 2 2
4 14 5 10 1 2 11 15 6 4 5 3 1
11 2 2 2 14 17 3 13 3 2 7 1 7
4 4 6 10 7 12 3 10 2 2 1 8 2
3 12 2 8 0 14 13 8 9 4 2 4 7
4 7 10 22 4 6 4 12 1 10 5 0 4
4 10 11 7 3 26 2 10 13 1 2 10 4
2 3 4 1 12 3 5 6 9 12 8 4 1
1 10 5 1 2 9 5 9 6 10 10 8 26
0 1 2 1 8 0 8 0 7 3 0 1 0
1 3 8 4 1 0 5 3 4 3 6 6 1
4 1 8 0 3 4 6 20 1 5 15 21 9
0 3 4 12 2 7 2 1 2 0 9 1 2
4 1 10 5 17 1 4 7 3 2 7 5 2
1 5 1 2 2 4 3 3 0 4 1 5 4
7 4 1 3 5 4 6 1 6 3 15 2 6
4 5 5 3 15 9 14 3 1 8 0 5 2
8 1 10 3 3 3 6 2 11 17 2 2 3
2 6 2 1 4 14 5 4 3 8 1 16 5
4 9 7 8 1 10 8 12 4 1 2 6 15
6 2 1 6 3 1 0 2 1 0 4 1 1
4 5 0 7 5 10 1 3 19 0 12 0 9
12 22 2 2 6 21 6 4 6 1 1 1 6
6 13 5 2 6 5 5 3 11 8 11 2 4
2 1 7 0 3 1 3 6 1 1 5 0 5
1 7 2 2 0 5 0 8 6 1 4 3 4
6 4 3 12 17 3 7 1 15 4 3 27 6
3 2 5 1 3 4 10 4 1 1 7 2 5
3 0 7 4 4 0 1 6 5 7 1 8 4
8 1 13 12 5 7 13 5 3 7 3 8 2
3 10 8 14 8 26 5 5 9 5 6 4 2
1 3 1 2 2 6 1 1 3 5 2 8 1
7 1 3 2 6 1 5 7 0 2 3 1 4
12 8 15 5 1 7 2 4 2 12 19 12 12
0 1 3 0 3 7 3 2 2 7 1 2 1
4 4 1 6 0 8 10 0 1 2 1 3 1
5 2 4 0 7 4 1 3 5 5 5 6 4
4 16 15 2 4 4 4 5 6 3 8 2 5
7 2 5 9 2 12 4 0 2 16 6 1 13
11 9 8 4 18 1 1 21 9 9 10 9 3
4 10 7 17 4 7 9 10 1 5 2 13 12
1 1 4 1 5 4 9 6 0 2 5 4 2
6 4 5 1 9 4 4 2 9 16 0 6 2
9 3 13 6 2 6 0 7 2 8 7 4 3
5 3 0 0 4 2 0 1 4 1 2 3 4
4 6 0 1 4 9 2 4 1 13 3 5 9
16 6 8 0 3 5 6 3 3 3 9 2 1
10 1 5 1 3 3 0 3 0 8 3 1 6
1 5 1 0 3 5 3 1 10 0 4 5 6
5 3 15 15 4 4 1 10 4 4 3 14 2
0 13 5 4 8 1 5 7 11 4 15 5 4
4 7 4 10 17 4 10 3 7 7 7 7 25
6 1 7 8 12 11 7 16 8 5 3 1 10
14 6 10 1 3 0 9 3 3 2 2 10 9
0 0 1 4 7 2 1 3 1 5 10 2 3
7 9 1 8 0 3 15 14 5 4 15 15 20
8 1 2 8 9 8 2 4 3 26 4 16 13
1 4 0 3 0 1 1 2 5 7 2 4 2
3 3 1 1 2 5 1 0 4 0 2 7 2
0 3 2 4 4 7 15 6 5 6 8 3 5
8 3 2 4 4 6 3 10 7 8 3 4 11
5 13 18 13 11 14 16 7 1 9 5 12 4
1 11 1 9 7 11 2 0 7 23 3 20 12
8 8 7 2 4 4 6 1 11 3 15 1 4
2 11 6 2 5 10 7 9 15 15 14 1 13
3 5 1 2 1 2 5 0 2 3 5 0 1
2 5 6 15 6 9 2 1 14 8 7 6 6
8 4 11 13 10 1 7 3 13 10 3 4 7
13 4 5 2 2 5 1 1 1 3 5 3 6
9 10 10 3 5 2 20 20 2 11 10 5 2
6 4 2 0 1 1 2 3 5 0 0 2 3
8 16 7 5 13 6 1 1 3 5 9 4 8
5 5 2 3 11 2 1 3 7 2 8 6 5
11 2 5 12 6 2 6 1 9 8 11 10 5
1 11 3 15 5 3 7 6 5 3 3 7 3
1 1 9 3 2 1 7 2 5 1 2 9 8
1 3 9 4 7 19 5 10 1 6 5 18 2
0 7 1 7 1 9 4 5 3 2 3 4 6
6 2 10 1 11 11 2 5 9 12 8 0 14
5 1 3 11 7 1 4 4 0 8 9 1 10
3 3 15 1 1 4 5 3 5 4 1 4 2
3 9 2 17 1 3 7 10 6 3 3 9 10
4 1 3 8 13 14 4 5 10 12 7 4 1
5 0 1 0 1 11 1 3 1 6 3 1 3
10 13 17 2 6 7 12 13 5 6 4 5 2
7 5 8 1 19 8 15 7 6 11 2 3 11
0 8 4 1 7 10 7 3 15 0 9 14 2
3 6 7 12 4 1 4 10 4 11 5 0 1
14 1 2 1 5 10 16 14 11 10 5 14 12
0 2 5 2 0 3 2 1 6 0 1 7 5
10 1 3 2 11 7 15 18 11 6 0 13 14
0 13 5 2 3 5 9 1 3 7 4 12 1
5 3 1 1 4 1 0 4 4 5 6 0 4
1 5 6 7 6 2 15 3 2 3 0 1 1
11 2 9 6 3 5 7 4 4 4 5 6 19
1 15 3 2 10 16 3 7 2 2 7 20 3
6 10 7 5 10 1 2 3 8 3 1 9 4
6 6 18 5 5 2 1 1 11 4 11 1 8
3 3 8 9 2 2 2 3 4 0 8 1 5
8 3 9 2 1 3 16 16 16 9 7 4 14
9 7 1 8 4 6 7 10 10 0 2 6 14
3 3 5 10 4 1 1 7 12 22 0 3 0
9 2 7 6 11 2 0 1 7 3 7 5 5
4 1 1 16 6 26 1 4 0 2 2 0 12
12 2 8 7 7 4 0 5 8 9 28 1 3
4 4 8 3 10 3 5 13 0 15 2 2 2
13 13 0 13 2 5 21 4 1 12 0 3 0
4 2 5 1 4 2 5 9 2 1 4 0 11
4 4 4 10 9 12 4 4 3 0 1 3 3
2 5 4 15 0 12 3 0 1 3 4 15 16
3 2 1 3 1 16 10 1 10 6 1 3 11
13 9 12 9 3 15 7 1 4 5 10 11 5
23 3 3 13 12 7 7 6 0 5 5 5 4
19 2 9 20 14 4 1 3 14 6 8 2 3
13 11 3 8 11 1 4 7 11 4 8 4 12
1 4 1 2 4 3 5 3 4 8 10 0 0
5 2 8 4 1 5 17 14 2 2 8 3 2
1 4 0 3 4 1 1 9 5 3 1 1 13
13 5 17 14 1 2 10 8 6 6 10 11 16
7 4 2 1 2 2 2 11 6 2 1 0 6
3 3 17 4 10 9 2 16 13 2 8 3 3
5 4 1 3 4 10 2 7 2 1 1 1 6
3 12 2 1 2 22 8 12 14 4 0 2 1
7 0 2 2 5 2 2 1 2 4 1 3 1
11 3 17 4 0 15 14 7 8 2 1 6 2
2 11 17 9 9 8 2 11 6 6 12 1 1
3 0 6 4 6 12 7 1 9 7 18 1 4
2 11 9 5 3 8 9 6 3 10 8 4 5
3 12 6 6 7 10 5 5 11 14 14 12 8
17 3 5 4 0 5 1 5 12 3 16 13 12
4 7 7 4 1 10 2 4 2 3 7 12 6
4 7 12 0 2 0 8 6 0 4 7 8 2
10 2 4 2 0 4 1 0 1 12 5 9 5
3 3 8 1 1 1 1 1 2 1 2 3 1
1 9 3 11 4 6 9 1 0 13 4 12 0
3 1 4 1 2 5 2 1 9 5 2 4 3
7 3 11 1 17 6 23 11 8 11 9 2 9
2 6 10 8 4 5 10 26 0 4 16 8 2
14 3 2 6 2 6 7 9 11 7 14 4 13
6 3 1 2 0 6 2 2 3 2 1 7 0
5 6 1 1 9 4 8 7 10 1 4 5 1
1 11 4 1 5 4 0 6 1 11 8 10 3
1 1 9 2 1 7 16 3 15 22 14 13 11
5 0 11 4 6 2 1 9 3 7 11 0 4
2 1 19 1 6 0 4 17 8 12 5 4 0
12 14 5 3 1 5 7 1 4 5 11 1 7
6 2 2 8 15 5 8 11 8 0 10 1 3
2 8 0 3 4 4 11 13 9 4 4 8 5
4 2 5 2 1 0 2 2 8 3 4 2 3
2 6 18 3 13 4 12 4 8 11 15 3 7
15 1 11 6 6 17 12 0 6 2 6 11 4
16 15 1 11 3 3 6 20 9 9 2 7 8
1 2 7 7 5 1 4 8 12 2 6 2 6
2 3 4 0 1 4 4 8 5 3 2 3 0
3 6 0 1 3 5 5 8 10 3 0 4 2
5 7 6 4 7 6 8 4 4 3 3 15 4
3 5 5 1 11 4 2 8 13 7 10 3 5
9 5 2 2 2 12 2 7 8 1 4 11 12
1 9 0 4 9 8 7 1 0 3 3 3 5
13 2 3 9 5 5 3 3 2 6 1 3 11
5 11 4 7 5 8 1 11 6 4 5 13 5
1 9 3 2 7 5 3 4 6 6 6 7 3
5 0 1 8 3 3 1 4 7 1 9 0 5
8 4 6 17 1 0 5 10 3 7 10 19 1
9 5 8 9 14 6 5 7 15 7 5 0 9
8 15 5 0 7 8 1 8 12 11 7 4 0
3 4 2 4 4 1 6 5 1 1 3 3 5
6 11 3 4 14 3 5 7 4 3 1 8 2
11 3 15 2 6 1 6 8 4 9 11 4 10
8 2 7 6 5 0 0 2 3 1 5 17 21
5 1 19 4 5 3 1 14 0 15 4 11 2
3 2 0 2 8 1 5 6 10 4 7 2 1
0 3 3 2 1 2 7 14 3 4 2 2 10
4 14 1 3 12 3 10 19 5 1 3 8 11
3 5 2 4 6 4 3 1 9 7 3 2 8
3 2 1 3 9 7 9 6 5 9 9 7 6
6 3 0 4 2 6 1 5 1 2 5 0 4
11 7 8 0 1 3 7 4 1 4 4 6 1
2 1 3 5 3 5 2 1 6 3 5 1 3
12 15 6 11 1 7 9 9 2 9 0 19 14
8 2 7 17 2 2 13 10 2 5 23 2 7
8 5 6 5 2 2 22 6 5 3 3 12 18
7 10 1 7 3 5 4 1 4 3 12 6 0
2 8 1 4 9 7 7 1 6 9 4 1 3
2 4 11 4 10 2 5 6 1 5 0 3 3
1 15 8 13 3 14 9 0 2 6 6 4 15
0 1 2 2 6 10 6 5 1 6 2 1 3
3 5 8 6 0 6 0 1 7 3 0 1 4
9 5 2 0 16 2 11 6 6 19 14 2 14
10 5 1 7 2 6 23 4 2 6 8 15 4
5 0 0 2 2 2 0 12 1 1 2 2 0
1 1 1 7 4 8 7 9 7 2 11 3 6
3 7 7 10 1 0 3 2 3 2 10 3 2
3 13 3 1 3 5 9 5 13 2 6 1 16
3 9 0 7 6 1 7 4 2 4 3 4 2
2 14 13 11 7 6 6 2 15 7 2 8 1
3 6 6 6 18 11 16 15 9 7 7 7 1
9 3 9 6 7 9 6 6 7 11 7 0 5
2 0 2 8 0 2 4 0 4 1 3 1 5
12 1 3 6 4 6 7 9 4 16 9 16 9
8 2 2 1 5 3 8 2 3 5 3 0 4
4 11 2 4 4 3 2 1 2 3 4 3 8
18 14 1 1 6 3 9 4 11 8 7 9 4
15 1 13 1 8 4 16 1 5 5 6 4 1
19 4 1 5 11 13 2 5 7 7 3 1 3
5 8 1 8 14 3 8 6 0 7 21 14 17
4 1 1 19 3 4 5 3 7 7 8 0 2
17 2 5 2 2 13 15 14 6 14 9 3 3
1 1 1 4 2 4 3 4 3 2 4 7 0
15 5 15 4 22 6 4 7 2 8 7 13 13
6 2 7 3 6 1 12 1 6 1 10 1 9
1 13 0 29 14 4 6 0 12 1 8 2 0
0 5 6 1 1 2 0 4 2 2 3 12 7
6 9 1 6 0 13 1 9 5 3 1 5 7
3 2 3 2 4 3 5 2 1 4 1 9 2
10 12 6 2 8 10 8 6 11 2 3 1 3
1 4 4 2 5 3 3 1 4 5 2 6 3
1 5 1 8 2 12 4 13 9 1 2 2 1
0 1 11 0 3 4 5 10 7 4 11 14 5
4 1 1 6 3 7 8 6 8 1 5 10 4
2 3 3 8 4 3 2 8 8 7 1 1 1
5 16 1 1 16 16 11 16 2 12 1 7 3
1 2 10 3 0 0 3 9 0 2 5 2 0
4 10 8 10 13 8 15 4 15 2 14 3 5
5 1 6 16 9 9 2 14 3 2 18 15 15
12 11 2 3 2 6 7 20 7 10 3 5 1
13 5 5 1 7 6 8 7 8 6 3 11 3
16 3 4 7 1 0 15 6 5 3 4 6 6
6 3 8 0 3 3 1 2 2 6 2 2 1
0 5 7 3 7 3 2 3 10 2 5 12 1
1 5 2 4 0 0 11 10 1 9 11 5 3
2 10 12 4 11 6 2 2 6 14 8 10 5
0 3 7 4 1 6 2 0 0 2 0 9 2
11 4 9 3 15 2 2 2 6 17 4 4 2
1 6 0 5 2 4 0 0 2 5 3 10 9
3 6 3 1 4 12 4 4 8 2 3 9 7
0 4 14 12 7 1 12 4 11 1 21 3 5
15 17 8 10 11 9 9 3 4 8 7 6 5
2 4 2 2 1 4 4 5 9 9 1 7 1
5 4 2 1 0 3 1 3 1 5 3 2 1
5 13 1 12 4 2 3 7 9 1 8 1 1
5 5 2 2 3 14 11 18 7 10 3 18 4
10 5 4 3 4 2 12 9 4 3 11 9 3
6 3 1 0 2 11 10 5 1 1 1 2 8
16 4 10 7 5 6 2 10 3 10 2 5 6
1 9 4 4 0 1 1 2 2 6 1 5 1
4 0 2 3 3 4 3 2 3 4 7 3 7
8 3 3 4 8 4 7 9 2 10 3 8 0
4 3 5 1 11 11 5 22 12 4 17 7 2
1 2 2 2 2 1 2 1 0 8 4 1 3
6 2 3 1 0 6 1 1 1 5 2 0 3
5 13 4 10 9 10 15 2 14 1 2 7 4
1 6 8 11 9 3 7 6 9 0 10 6 4
13 3 14 1 19 8 7 1 5 17 6 18 3
7 5 7 6 1 12 8 1 12 10 8 1 17
10 0 3 3 7 6 1 2 12 5 3 1 0
8 2 3 8 0 4 1 3 2 3 5 0 7
0 2 1 3 2 1 3 4 1 1 9 1 0
2 3 1 1 4 8 2 15 7 2 1 1 2
2 7 14 2 4 3 13 11 0 2 20 7 14
1 3 2 3 3 0 0 3 3 5 3 4 1
9 1 8 5 4 4 7 11 3 4 4 11 4
1 14 3 3 16 8 4 3 7 16 5 6 9
5 16 12 3 22 4 4 6 5 12 3 6 2
5 2 15 8 8 2 8 9 2 1 2 16 11
0 3 6 5 5 4 4 3 3 4 0 3 1
4 22 10 2 12 6 17 9 0 15 9 3 9
15 11 7 12 5 5 24 1 0 14 4 6 2
5 8 14 12 3 1 10 9 3 19 9 8 7
12 4 1 13 10 1 5 3 6 7 16 11 3
11 9 4 1 0 3 4 1 2 5 9 3 1
6 3 9 11 7 13 8 1 7 15 14 12 7
8 5 14 9 8 2 2 14 4 3 6 9 9
7 0 2 0 6 6 7 14 4 5 2 4 6
1 3 7 0 2 5 10 10 7 5 19 24 0
14 5 18 1 12 6 6 5 7 17 3 2 10
1 4 3 6 16 3 17 8 18 1 3 6 7
0 4 3 2 11 5 1 9 2 5 1 7 8
11 2 4 1 8 12 6 13 7 6 18 3 1
7 2 8 4 13 2 8 3 0 2 3 2 8
6 12 16 16 4 14 13 10 5 4 2 1 8
2 1 2 11 8 5 8 2 9 7 5 5 9
1 2 10 1 5 6 2 8 3 7 3 6 12
8 2 13 1 17 11 10 1 1 5 21 5 3
2 8 2 1 1 3 2 2 1 6 4 4 1
3 5 1 5 3 5 5 8 4 4 6 1 0
5 1 12 2 1 6 2 1 2 3 6 4 0
5 9 4 10 6 9 11 5 6 5 7 4 3
2 2 4 1 2 4 3 6 2 3 2 4 0
8 19 6 7 3 8 3 3 13 16 5 2 12
2 1 8 5 1 0 5 6 1 12 2 5 0
3 5 3 6 2 7 0 3 4 4 2 1 6
5 2 2 1 4 1 4 0 2 6 4 5 7
1 9 4 19 0 0 5 4 2 2 11 9 8
14 5 11 0 9 4 2 1 3 1 2 10 18
11 0 11 6 4 13 11 4 8 9 20 4 1
5 5 0 3 8 3 13 3 4 4 6 17 5
6 8 7 6 3 1 12 14 9 4 10 3 3
3 15 2 14 4 20 10 1 4 0 3 0 5
1 3 2 2 6 3 0 2 2 5 4 5 8
6 1 0 8 1 3 3 3 0 6 8 7 11
4 2 1 1 4 0 3 2 6 0 0 6 2
4 7 7 3 5 1 8 13 6 4 5 3 7
3 5 7 2 5 0 1 4 4 4 4 3 0
2 1 6 2 8 3 4 3 7 10 1 0 4
4 9 7 3 5 11 2 7 11 2 2 0 4
3 6 6 1 2 5 7 7 2 5 3 7 1
0 3 0 4 4 0 1 1 2 1 0 6 5
4 7 2 4 2 0 2 2 0 2 0 1 7
10 15 1 13 2 14 5 2 5 4 15 15 7
3 3 20 3 6 9 15 11 7 9 9 5 6
16 5 9 2 1 14 2 4 15 8 15 5 11
3 9 16 22 14 18 2 1 5 3 0 4 2
5 6 4 0 3 3 3 0 4 6 7 3 3
1 5 2 2 1 2 0 6 3 3 3 2 2
1 24 5 3 5 3 12 19 6 1 4 17 1
1 63
1 65
2 40
2 71
2 94
3 36
3 59
3 72
4 26
4 36
5 32
5 85
5 97
5 105
6 21
6 49
7 63
8 33
8 87
9 94
10 30
10 32
10 41
10 58
10 66
11 25
11 48
11 63
11 72
12 26
12 35
12 101
13 41
14 108
16 49
16 97
16 114
17 103
17 106
17 108
18 40
19 47
19 98
20 119
21 51
21 62
21 68
21 91
21 110
22 75
23 102
24 38
24 61
24 123
25 59
25 123
26 38
26 48
26 70
26 72
26 114
27 34
27 108
27 122
28 72
28 84
29 73
29 115
30 73
31 98
32 69
33 120
34 109
34 113
35 117
36 62
36 77
36 107
36 114
36 119
37 50
38 55
40 96
40 119
41 63
41 106
41 140
42 44
42 80
44 53
44 74
45 97
46 53
46 103
47 108
47 145
48 77
48 101
48 105
48 127
48 135
49 97
50 69
51 74
51 86
51 124
51 132
52 74
52 81
52 92
52 110
52 134
52 135
53 136
53 144
55 95
56 70
56 87
56 116
56 152
57 74
59 124
59 138
60 76
60 81
60 84
60 148
61 71
62 91
62 112
62 119
62 127
62 135
63 67
63 155
64 112
65 85
65 120
66 79
66 163
67 96
67 163
68 87
68 157
70 135
70 153
71 139
71 158
72 84
72 137
72 156
73 90
73 100
75 111
76 106
76 165
77 79
77 113
78 101
80 149
80 172
81 90
82 108
82 117
82 133
82 145
82 152
83 150
83 165
84 110
84 184
85 96
85 112
85 166
86 96
86 97
86 100
86 153
86 163
86 168
87 112
88 134
88 138
90 163
90 166
91 127
91 135
91 160
92 123
92 177
93 126
93 176
94 143
95 151
95 195
96 184
96 187
98 161
98 176
98 198
99 197
100 120
100 182
101 182
102 161
102 190
103 117
104 155
104 182
105 114
105 135
105 151
106 159
106 187
107 108
109 110
110 112
112 145
113 160
113 175
114 193
115 152
115 179
116 134
116 139
116 181
117 178
118 132
118 198
120 143
120 152
120 158
121 140
121 162
121 209
122 147
122 168
122 174
122 189
123 152
123 170
123 177
124 185
124 193
124 222
125 151
125 192
125 206
126 128
126 147
126 200
126 206
126 220
127 147
127 203
128 167
128 187
129 210
130 228
131 132
131 156
131 175
131 198
132 138
133 158
133 171
134 143
134 191
136 214
137 201
137 225
138 141
139 189
140 182
140 227
141 222
142 165
142 231
143 237
144 161
145 207
145 244
146 177
147 245
148 151
148 227
149 161
149 224
150 151
150 164
150 214
150 220
151 163
151 171
151 198
152 175
152 241
153 159
153 225
154 161
155 158
155 161
155 196
155 197
156 207
156 238
157 186
157 228
158 163
158 197
159 170
159 203
160 162
161 207
161 258
162 189
162 223
162 228
162 248
162 258
163 193
163 203
164 192
166 187
166 189
166 228
166 256
167 194
167 266
168 192
168 248
169 228
170 263
170 265
171 183
171 204
172 200
172 221
172 234
173 184
173 232
173 243
174 254
176 193
176 205
176 222
176 223
176 256
178 221
179 221
179 246
179 270
180 233
181 213
181 250
181 280
182 196
182 200
183 260
184 231
184 232
185 284
186 197
186 266
187 195
187 278
188 284
189 208
189 237
189 259
189 286
190 246
190 280
191 209
191 245
192 245
193 232
193 249
193 253
194 286
195 239
196 205
196 257
196 263
196 264
197 282
198 274
199 263
200 216
201 202
202 248
204 207
204 233
204 288
204 292
205 233
205 236
205 243
205 272
206 214
206 306
207 292
208 292
208 296
209 217
209 225
210 235
210 304
211 213
212 255
212 287
212 307
213 258
214 248
214 309
216 225
216 263
218 235
218 267
218 313
219 221
219 250
219 282
219 301
222 241
222 296
222 308
223 230
223 265
223 283
223 313
227 243
228 254
228 303
228 304
229 270
230 232
230 266
231 306
232 264
233 297
234 290
234 311
234 333
236 255
236 258
236 284
236 297
237 248
238 275
239 277
239 337
240 279
241 291
241 328
241 341
242 293
242 334
243 274
243 277
243 329
244 303
244 333
245 311
246 327
246 338
247 296
248 298
248 311
248 320
248 345
249 261
249 266
249 285
249 292
249 336
250 267
250 326
250 334
251 291
251 337
252 292
252 298
252 323
252 337
252 345
254 288
254 314
255 348
255 349
256 337
257 283
258 348
259 267
259 355
260 303
260 325
261 265
262 297
263 344
264 297
264 298
264 342
265 271
266 303
267 284
268 351
269 322
269 366
270 295
270 323
270 356
271 350
271 357
271 361
272 293
272 352
274 288
274 323
275 299
276 321
276 363
277 282
278 292
278 338
279 281
280 363
281 343
281 352
283 296
283 378
283 380
284 293
285 319
285 369
287 383
288 378
289 305
289 354
289 375
290 301
291 324
292 372
293 322
293 351
293 388
294 305
294 306
294 325
294 361
295 297
296 379
297 303
297 395
299 384
299 393
300 346
300 381
300 383
301 305
301 313
301 316
301 347
302 321
302 397
303 306
303 351
303 353
303 380
305 377
305 383
306 366
306 394
308 363
309 317
309 333
309 368
310 338
310 369
310 370
312 330
312 340
313 318
313 346
313 365
314 358
314 384
315 331
315 364
315 397
316 369
316 382
316 410
317 379
317 397
318 373
319 320
319 408
320 327
320 382
321 349
321 374
321 381
321 418
322 332
322 420
323 325
323 361
323 384
324 348
324 368
324 376
325 366
325 397
325 420
326 334
326 365
326 383
327 334
328 381
328 385
328 419
329 412
329 422
331 337
331 414
331 428
333 418
335 359
335 367
335 395
335 422
336 338
337 388
337 412
338 436
339 343
339 348
339 405
340 347
342 376
342 377
342 413
342 416
344 386
344 418
345 353
345 408
345 411
345 427
345 428
345 444
347 374
347 398
348 385
348 404
349 360
349 371
349 424
349 437
350 370
351 368
352 441
353 388
353 420
353 422
353 427
355 381
355 403
356 359
356 438
357 370
357 398
359 420
360 423
360 457
361 389
361 407
362 412
363 374
363 379
363 384
363 390
363 461
364 398
366 381
366 398
366 412
366 429
367 420
368 387
368 441
369 370
369 396
370 391
370 455
371 440
373 418
373 420
374 413
375 376
375 392
375 442
376 400
376 457
377 379
377 455
377 475
378 439
380 411
380 454
380 470
381 457
381 469
381 473
381 480
382 430
382 462
382 482
383 393
383 448
383 454
385 428
385 443
385 478
386 421
386 468
387 452
387 474
388 396
388 415
389 399
389 408
392 412
392 432
394 410
396 403
396 436
396 485
397 403
397 427
397 429
397 469
397 476
398 447
400 422
400 497
401 444
401 453
402 415
402 421
402 450
403 412
404 491
405 432
405 440
405 494
405 498
405 502
406 436
406 472
406 494
407 411
407 465
410 487
411 496
412 482
413 433
413 471
413 474
413 501
414 471
414 472
414 511
415 465
415 483
415 514
416 490
416 498
417 484
418 486
418 489
420 436
422 454
422 484
422 498
423 456
425 434
426 511
427 428
427 463
427 492
427 505
428 456
428 466
428 505
429 469
430 463
430 488
430 495
431 463
431 473
433 478
433 501
434 461
434 476
434 499
435 451
435 461
436 477
436 529
437 439
437 520
438 520
438 530
439 504
439 535
440 470
440 484
440 538
441 517
442 497
442 507
443 448
443 460
444 446
445 494
446 508
446 523
447 458
447 461
447 496
447 518
448 488
448 504
448 508
448 531
448 541
449 481
449 487
450 499
450 519
450 540
451 516
452 506
454 551
455 500
455 549
456 531
457 512
457 543
457 546
458 517
458 543
458 545
459 494
459 505
460 519
461 514
462 480
462 502
463 537
464 530
464 551
465 560
466 518
466 538
467 517
469 500
469 542
470 537
470 548
471 529
471 536
472 473
472 491
473 536
473 550
474 562
475 532
476 503
476 522
476 554
476 560
477 511
478 491
478 501
478 516
478 549
479 532
479 573
480 563
481 573
483 544
483 562
484 500
484 511
485 532
485 565
486 557
487 545
488 506
488 585
489 554
489 561
490 587
492 515
492 525
493 532
493 541
494 536
494 538
494 581
495 504
496 509
496 549
497 504
497 546
498 528
499 545
500 545
500 549
500 597
501 559
503 504
503 527
504 519
504 575
504 591
505 506
505 509
505 522
505 560
505 592
506 568
507 519
507 604
508 518
508 608
509 582
510 536
510 597
511 540
511 566
512 604
514 527
514 585
514 603
516 519
516 572
516 609
517 585
518 520
519 606
521 534
521 619
522 585
522 602
523 551
524 533
524 555
524 601
524 606
526 570
527 579
529 610
529 627
531 569
531 608
532 604
532 605
532 613
533 574
533 586
533 633
534 545
534 566
534 580
534 627
535 577
535 587
536 608
536 629
537 593
538 554
539 635
539 636
539 638
540 564
541 568
543 595
544 593
544 625
545 624
545 632
546 551
547 579
547 597
547 598
548 573
549 574
549 586
549 616
549 622
549 623
549 649
550 554
550 586
550 634
550 643
552 580
552 581
553 570
557 598
557 641
558 646
559 570
559 603
559 605
560 594
560 607
561 629
564 568
565 583
565 634
566 589
567 601
567 647
567 654
568 640
568 650
569 575
570 620
571 620
572 643
573 598
573 633
574 594
575 599
575 624
576 636
576 648
577 617
577 630
577 659
577 664
578 617
579 590
579 612
579 667
580 630
580 672
583 592
583 618
583 673
584 604
585 607
585 610
585 644
585 645
585 671
586 625
586 668
587 608
587 641
587 652
587 678
588 665
588 684
589 627
589 678
591 599
591 622
591 636
591 655
591 678
592 648
593 604
594 599
594 618
594 654
594 658
594 662
594 667
594 681
595 664
596 611
596 628
596 683
597 630
597 632
598 642
598 665
601 667
601 673
601 676
602 679
602 702
603 661
604 620
604 662
604 683
604 690
604 697
605 674
606 629
606 676
607 628
607 646
607 671
607 685
609 615
610 654
610 667
611 616
611 703
612 654
612 665
612 670
612 672
613 630
614 621
614 630
614 658
614 671
614 675
616 631
617 636
619 637
619 698
620 643
620 654
620 710
620 720
621 711
622 670
622 680
623 632
624 657
624 666
624 674
625 633
626 662
626 696
627 715
628 665
628 709
628 710
628 713
629 637
629 652
629 690
629 706
630 685
630 687
631 669
631 716
632 675
632 712
632 722
633 715
634 719
635 644
635 654
636 674
636 675
637 674
637 685
637 698
637 716
637 732
638 644
638 690
638 697
638 719
638 732
639 646
639 719
640 667
640 683
642 738
644 645
645 657
645 675
645 695
645 729
645 735
646 688
646 719
646 735
647 682
647 691
647 692
647 738
648 689
648 736
648 741
649 693
650 663
650 690
650 701
651 653
651 664
651 677
651 683
651 705
651 728
652 727
652 730
653 663
653 671
653 721
655 739
656 681
656 686
657 737
658 703
658 756
659 666
659 715
659 727
660 686
660 703
660 717
660 731
663 684
663 689
663 712
663 713
664 753
665 682
665 728
668 753
669 716
671 733
672 712
673 691
674 700
675 748
676 734
677 701
677 769
678 682
679 758
680 772
681 697
681 708
681 734
682 713
683 742
683 770
684 703
684 712
684 721
684 784
685 699
685 705
685 746
685 761
685 777
686 754
690 705
690 741
691 692
691 748
692 756
693 719
693 753
694 697
695 731
696 726
696 727
696 775
698 721
698 722
698 764
700 701
700 726
700 759
702 727
703 704
703 779
703 799
704 707
704 734
705 714
705 717
705 746
706 714
706 785
707 710
708 745
708 759
708 795
709 772
711 775
712 740
712 777
712 781
712 803
713 770
713 779
713 780
713 781
714 730
714 798
715 805
717 723
717 728
718 735
718 738
718 756
719 734
719 800
720 731
720 739
720 770
722 728
722 740
723 744
724 808
725 745
725 816
726 774
727 784
728 761
729 775
730 777
731 766
731 791
732 733
732 775
732 776
732 778
732 794
733 740
733 744
733 792
733 830
734 745
734 783
735 795
736 738
736 786
736 798
736 823
737 755
737 801
737 812
737 833
738 743
738 761
739 785
739 811
741 778
742 787
742 789
742 794
742 835
744 746
744 754
744 796
744 814
746 810
747 765
747 829
748 790
748 811
749 751
749 821
750 833
751 762
751 772
753 756
753 790
754 776
754 788
754 853
755 774
755 777
756 792
757 811
758 836
759 856
760 786
760 828
760 834
761 773
762 769
762 836
763 827
764 812
766 830
766 836
766 842
767 799
767 809
767 846
768 861
769 775
770 798
770 806
770 808
771 809
771 813
772 843
772 844
773 782
773 818
774 816
774 843
775 784
775 864
775 865
776 809
776 830
776 849
776 859
776 870
777 823
777 846
777 859
778 829
779 791
780 860
781 832
782 798
783 813
783 846
783 864
784 829
784 833
784 865
784 879
785 790
785 825
785 845
788 793
788 827
788 867
789 826
790 808
791 855
791 872
792 806
792 841
793 818
794 868
794 874
794 888
795 840
795 875
796 831
796 835
797 832
797 856
797 857
797 882
798 804
798 845
799 810
799 821
800 894
801 886
802 819
803 809
803 854
804 861
805 859
807 821
807 824
807 844
807 870
808 887
809 813
809 873
809 898
809 902
810 875
810 896
811 911
812 825
812 884
813 834
813 840
814 819
815 902
815 913
816 914
816 915
817 882
818 836
818 893
819 824
820 839
820 850
821 904
822 856
822 912
823 827
823 848
823 861
823 905
823 915
824 863
824 881
825 834
826 834
826 910
826 924
827 832
827 878
827 899
828 877
830 837
830 861
831 860
831 888
832 853
832 861
833 877
834 842
834 867
834 880
835 882
835 891
835 902
836 859
836 923
837 919
837 929
838 892
839 900
840 937
840 939
842 885
843 870
843 873
843 891
843 916
844 851
844 876
844 903
844 912
844 940
845 895
845 913
846 927
847 856
848 879
848 915
849 939
850 868
851 864
851 884
851 895
851 912
852 876
852 887
852 918
853 873
854 886
855 864
856 866
857 867
858 868
858 875
859 884
859 902
859 903
859 929
859 950
860 898
861 889
862 892
863 865
863 924
863 926
864 893
864 912
864 948
864 960
865 937
866 915
867 916
867 967
869 941
871 872
872 905
872 925
872 942
872 955
872 971
874 928
874 940
875 896
875 905
875 910
875 913
877 888
877 972
877 973
878 935
878 959
879 880
880 970
881 963
882 954
883 910
883 934
884 914
884 949
884 978
884 982
885 918
885 965
886 976
886 985
887 927
887 973
887 983
888 911
888 931
888 972
889 910
889 934
889 956
891 892
891 938
891 939
892 908
892 936
892 944
892 947
892 951
892 976
892 989
894 920
895 921
896 946
896 957
897 952
898 901
898 936
899 952
899 962
900 909
900 930
900 940
901 933
902 979
903 975
903 984
903 994
904 994
904 996
905 918
905 948
905 971
905 996
906 971
906 979
906 987
907 982
907 994
908 942
909 945
910 912
911 924
911 926
911 933
911 954
912 927
913 967
914 976
914 999
915 935
915 950
915 991
916 980
916 982
917 953
917 956
917 970
918 997
919 934
919 959
919 987
919 994
920 928
921 931
922 935
922 959
924 972
924 976
924 998
925 975
926 947
926 976
927 936
928 959
929 963
931 932
931 959
931 977
933 941
933 955
933 971
933 997
935 936
935 940
935 947
935 989
936 939
936 943
936 956
936 965
936 989
938 947
938 963
939 961
939 969
940 994
941 994
942 985
942 996
943 950
943 980
944 976
945 968
945 969
945 983
948 969
949 952
953 965
955 981
956 976
957 993
957 997
965 990
966 982
966 997
968 979
969 977
969 990
972 975
974 980
980 986
980 999
983 993
992 997
3 20 5 3 9 11 2 6 6 0 7 10 8
2 2 2 3 1 9 2 3 6 12 10 8 7
5 21 3 19 12 4 17 2 1 3 21 4 16
25 2 17 5 5 10 6 8 11 32 3 6 8
7 1 5 15 2 17 9 5 17 8 4 3 8
1 2 5 2 10 3 3 1 10 4 11 9 3
16 15 6 17 13 19 1 3 8 6 1 12 2
8 8 2 3 5 2 9 5 13 1 2 16 4
5 0 2 7 2 10 7 3 9 4 12 1 5
5 3 5 18 5 8 8 7 3 4 7 14 6
1 4 3 8 3 0 9 8 2 6 3 8 4
13 14 16 13 14 13 11 8 16 23 1 16 16
0 12 17 3 13 3 9 11 24 6 7 7 15
11 3 6 4 6 8 7 12 4 2 26 8 22
23 11 9 6 0 0 16 11 9 4 2 13 3
13 6 18 6 19 8 13 13 8 21 21 18 12
26 8 10 8 2 11 19 10 10 19 9 5 26
11 8 10 19 0 16 3 13 7 11 5 3 8
12 10 7 7 8 1 15 15 25 6 19 9 15
5 8 17 7 3 1 4 16 8 1 10 1 3
21 35 26 14 25 28 20 19 34 14 28 8 16 8 15 1 12 22 1 24
35 53 42 33 46 58 30 44 55 38 58 12 34 43 37 17 31 37 38 47
3 4 4 1 1 5 2 1 1 1 6 1 2 1 1 1 1 1 1 1
33 48 9 29 23 42 17 35 40 22 44 4 19 25 36 12 19 20 15 36
12 9 15 1 1 15 5 11 15 7 14 1 7 5 6 1 1 1 1 10
41 47 37 29 33 61 39 49 53 31 47 11 30 32 38 12 14 23 21 46
6 5 1 10 10 7 11 10 4 5 12 10 7 1 12 1 2 7 1 3
28 48 38 30 39 48 30 38 50 34 53 6 21 38 33 14 24 34 29 42
16 24 28 11 21 25 17 25 28 8 26 8 15 8 17 2 10 14 11 23
44 58 52 29 52 69 40 66 64 54 73 20 40 38 48 17 17 29 27 51
27 35 16 17 16 41 23 33 27 19 33 5 21 18 32 6 8 20 12 36
47 50 42 38 33 47 33 37 49 33 55 16 33 39 43 20 31 38 16 50
39 54 52 37 32 57 25 35 54 41 57 10 35 48 39 26 33 38 32 56
20 24 29 8 17 32 13 25 29 12 24 2 16 10 11 1 4 6 7 23
44 50 45 17 40 55 32 57 56 47 64 4 27 33 50 4 21 33 31 54
45 53 39 22 36 56 35 55 52 45 62 6 27 25 51 14 17 33 30 53
35 45 37 39 35 51 35 50 47 40 55 23 28 29 47 19 23 34 22 51
59 70 50 48 49 67 48 51 66 46 69 16 39 45 49 14 34 50 24 66
3 14 11 12 11 23 13 16 16 10 21 5 10 10 19 7 2 5 11 17
22 21 27 11 18 33 12 18 30 18 27 1 21 20 12 1 4 6 5 26
6 12 7 1 3 11 3 8 9 1 11 1 6 1 8 1 1 3 2 9
53 47 60 18 37 64 31 57 55 45 56 22 54 41 41 24 17 29 42 60
5 9 2 2 5 9 10 5 9 4 7 1 1 2 8 1 1 5 1 8
4 9 8 4 6 7 11 8 9 1 8 6 3 1 11 1 4 6 3 6
5 6 8 1 1 8 11 3 2 4 8 3 2 3 8 1 1 5 2 5
40 62 43 33 29 59 21 34 54 27 57 5 37 40 34 24 27 29 25 49
42 51 21 35 26 40 30 38 37 26 47 16 26 33 42 14 27 33 20 37
3 7 7 1 4 11 1 4 10 1 11 1 8 1 5 1 1 2 4 9
18 26 26 14 26 25 24 32 37 15 27 8 10 15 24 1 13 19 6 27
34 48 32 28 45 49 30 39 59 35 48 5 22 39 33 9 26 35 24 48
25 22 33 8 19 31 21 21 28 15 28 3 21 18 21 1 10 19 16 33
22 26 22 17 29 31 28 41 34 23 38 6 12 14 36 2 7 21 14 30
33 49 31 26 28 47 30 46 39 32 55 10 27 25 46 7 18 28 22 41
37 40 34 19 11 45 24 40 34 27 41 1 25 36 42 16 16 19 24 46
8 11 5 7 6 9 13 12 5 6 16 5 3 5 12 1 1 6 1 3
15 45 27 35 38 43 16 37 46 42 53 11 26 40 42 20 31 35 33 46
27 36 23 15 27 38 17 28 42 19 27 1 18 26 18 6 10 17 10 28
43 61 32 40 41 59 30 49 48 48 65 19 42 45 37 26 18 40 25 55
51 65 49 36 51 71 55 57 67 44 62 17 34 36 43 14 27 45 31 52
16 18 10 6 9 14 12 13 16 4 15 6 10 4 11 1 5 13 4 18
7 9 7 1 3 12 5 11 12 2 10 1 4 3 10 1 1 3 1 10
25 50 22 39 37 48 23 48 50 37 54 12 21 36 42 17 24 35 27 50
12 14 9 1 9 13 11 11 16 6 18 1 9 5 15 1 6 11 5 19
43 46 34 34 43 50 52 49 56 36 44 21 17 23 43 12 17 35 13 43
28 19 14 19 18 28 23 32 17 17 29 14 26 19 31 6 7 12 14 22
23 45 7 36 39 37 21 38 38 33 48 19 27 19 36 10 25 31 8 30
13 16 7 9 13 13 10 13 16 9 19 7 9 7 17 1 5 9 3 15
42 59 51 35 45 63 32 48 65 44 65 4 34 42 46 9 29 37 32 63
19 42 30 36 43 41 13 28 47 30 53 7 28 31 35 9 31 36 27 45
6 11 5 5 9 2 5 7 10 8 11 1 1 7 10 1 8 11 2 9
7 19 17 4 8 16 5 20 17 9 24 1 10 8 19 2 6 8 10 19
21 33 30 21 26 44 22 31 37 22 40 6 23 22 26 9 10 21 16 41
24 42 33 27 36 34 17 24 46 25 38 6 15 26 19 1 21 25 9 30
42 46 42 12 43 55 49 53 55 44 55 2 17 35 49 4 11 29 28 38
13 14 8 1 1 14 10 9 9 2 8 1 2 3 1 1 1 2 1 5
33 49 28 8 34 45 25 35 47 30 42 7 21 20 19 7 7 26 15 38
9 8 9 6 7 13 7 12 9 5 12 1 9 7 11 1 1 1 9 14
40 38 30 23 20 47 27 53 35 25 45 14 36 24 40 11 12 11 23 34
18 24 23 8 12 32 6 27 25 15 29 1 17 21 21 4 3 3 14 19
27 35 41 20 29 33 22 27 39 21 39 11 19 22 20 5 14 21 13 29
9 14 13 10 13 14 19 14 16 6 11 11 2 1 8 1 3 4 1 3
57 49 37 37 35 68 43 68 53 46 67 22 53 28 60 18 21 28 27 65
20 26 14 14 9 27 7 28 21 7 30 5 17 18 24 6 7 4 10 17
41 51 21 32 28 53 37 44 48 26 43 16 27 36 29 17 11 23 18 39
16 27 1 22 19 21 17 22 20 11 21 8 10 13 21 7 9 17 2 15
43 60 21 43 42 58 31 50 48 33 59 21 39 32 46 21 30 29 24 46
26 29 20 26 19 30 18 33 30 8 32 16 26 23 30 16 19 17 21 32
36 47 40 26 34 41 31 37 48 38 51 13 13 30 31 14 18 29 4 33
15 17 17 2 10 25 4 15 21 14 23 1 14 9 12 1 1 3 4 21
7 17 5 9 13 15 6 12 20 11 21 1 5 10 16 2 6 8 2 17
31 35 14 24 27 33 38 38 35 25 38 14 15 15 35 1 11 32 5 38
28 29 16 20 20 32 18 29 20 20 37 14 30 11 27 4 9 14 9 23
20 9 28 8 19 28 23 33 23 17 30 6 22 18 32 1 1 15 17 32
48 61 50 34 42 66 27 54 68 49 72 1 39 49 51 19 27 34 30 66
17 7 15 1 8 21 13 20 15 12 20 1 17 14 22 1 1 7 15 24
46 59 50 31 48 51 37 39 55 39 63 16 33 44 39 13 31 41 31 39
23 23 20 11 11 29 15 31 25 11 18 5 15 17 20 6 4 3 12 17
6 10 3 3 3 10 12 6 7 1 10 5 5 1 9 1 1 5 2 5
24 28 9 14 15 32 16 22 27 14 23 5 17 15 21 6 5 10 4 25
56 62 32 48 35 61 51 56 58 46 63 22 31 48 59 25 32 42 18 58
5 11 1 1 5 6 8 5 7 1 7 1 1 1 8 1 3 8 1 8
5 8 4 5 8 10 5 7 11 4 10 4 6 5 10 1 3 6 5 10
41 66 42 41 42 75 40 58 62 51 65 25 42 42 43 33 28 29 39 54
59 56 37 34 50 57 61 60 55 47 53 32 34 38 45 12 25 47 25 41
10 14 3 4 7 14 8 7 11 3 7 3 7 4 8 1 3 9 4 10
3 10 6 2 3 17 3 6 4 4 16 1 10 3 7 1 1 1 6 7
2 19 9 5 10 12 1 9 18 7 13 1 3 6 6 1 4 6 1 5
3 8 10 3 5 7 10 8 9 4 12 5 2 3 12 1 3 5 2 6
15 18 10 10 8 18 18 9 13 8 12 6 8 9 9 1 4 14 1 12
52 60 65 32 41 63 33 57 62 57 70 22 47 46 51 25 29 28 34 52
3 8 1 8 14 2 8 6 13 2 8 5 1 1 11 1 4 12 1 8
26 48 18 31 25 49 12 37 38 26 49 9 33 31 36 22 22 21 24 40
43 62 27 37 36 64 43 38 53 48 56 12 25 37 30 23 14 39 13 47
5 9 3 6 8 10 3 5 11 5 9 2 4 7 7 2 2 4 3 8
47 54 25 44 43 49 34 50 52 28 50 30 40 25 44 15 34 29 16 42
9 20 14 15 20 12 14 11 22 9 23 6 5 6 14 1 7 20 1 15
29 23 15 14 15 36 35 30 26 18 30 10 19 14 25 1 1 17 7 32
38 57 18 44 44 53 29 46 56 38 55 13 34 38 33 17 22 40 12 54
48 60 46 26 38 56 38 48 60 52 62 11 17 33 39 20 15 35 7 48
30 31 21 11 6 29 21 15 18 14 18 1 14 20 11 10 6 16 5 19
58 61 51 32 48 63 47 52 57 60 66 27 35 44 34 26 20 42 18 48
46 50 40 28 34 55 30 55 51 40 57 11 39 40 53 10 18 34 34 57
56 53 49 14 44 62 50 59 54 47 64 20 38 31 38 10 4 35 25 51
3 11 9 3 7 10 4 6 13 5 13 1 3 5 10 1 2 4 4 10
38 40 28 16 27 41 30 45 42 34 46 1 17 31 40 6 12 22 19 35
19 12 23 5 10 20 14 25 17 15 29 6 17 15 20 1 1 3 14 19
40 50 28 31 26 55 32 46 40 21 47 20 37 29 44 22 27 20 26 39
27 36 23 20 24 36 32 28 29 15 26 16 16 11 19 5 8 17 2 11
48 69 39 54 56 69 49 56 70 46 70 20 38 36 50 14 29 49 27 65
29 40 34 25 38 36 19 26 41 34 51 14 28 29 22 16 16 33 16 39
42 52 33 34 31 61 33 56 44 37 57 21 40 20 43 14 15 16 20 38
17 29 17 15 22 23 7 16 26 23 31 5 15 16 20 1 15 17 10 21
26 38 34 20 32 41 15 31 43 32 45 2 21 37 22 12 17 24 21 34
16 17 11 14 14 20 17 20 19 9 12 10 9 13 15 4 1 10 1 13
19 25 16 17 15 17 17 23 20 13 25 11 14 15 23 9 10 16 6 13
21 23 11 12 11 25 14 29 24 12 23 1 16 18 29 7 12 14 13 29
50 67 40 46 53 76 45 49 69 50 65 11 38 42 39 16 25 45 21 60
6 12 5 1 3 8 8 10 8 1 10 1 1 1 12 1 2 8 3 11
26 47 15 23 29 47 15 38 42 26 42 6 27 29 29 17 17 19 21 36
8 8 8 6 8 12 15 12 10 1 7 8 5 4 10 1 1 5 1 7
10 18 16 6 11 20 11 13 18 13 22 1 6 13 16 3 5 9 5 16
26 36 17 24 27 33 19 26 34 19 28 5 17 23 24 1 18 31 15 37
13 22 23 3 13 28 1 19 23 17 31 1 22 9 10 4 1 4 12 22
40 47 41 22 29 48 28 54 46 39 56 13 25 38 52 12 30 30 38 45
28 38 34 26 37 43 26 37 39 29 45 16 30 16 23 8 12 19 10 31
7 12 9 6 9 9 8 9 14 4 8 6 1 6 11 1 6 8 1 9
10 28 19 15 23 22 17 19 32 12 32 3 8 9 21 1 12 20 4 25
18 19 1 17 8 23 1 17 20 4 15 4 15 20 14 12 8 1 10 16
34 37 26 16 17 44 16 41 36 24 45 7 29 26 28 9 6 6 16 34
6 10 3 3 6 6 1 12 11 3 8 1 2 5 12 1 4 6 1 9
41 60 21 45 44 61 27 53 62 43 59 14 41 49 42 23 28 42 30 63
35 40 29 18 21 52 22 35 40 18 36 3 29 22 31 9 11 15 18 43
15 16 7 12 11 19 6 14 16 6 13 6 14 13 11 6 5 7 6 14
47 60 53 31 33 60 30 53 61 36 63 7 35 51 51 24 35 33 35 55
17 19 17 14 11 26 9 22 24 2 17 4 17 11 17 8 10 6 13 23
34 46 28 45 55 49 36 51 57 44 56 24 34 35 48 12 36 44 20 52
17 27 22 8 5 34 12 27 25 15 31 4 18 12 28 6 6 5 13 28
33 43 29 20 36 42 25 35 46 30 43 10 20 24 25 7 11 26 12 38
41 41 44 15 36 49 37 41 51 36 44 13 25 34 35 11 20 24 29 35
21 38 24 21 23 35 12 35 37 14 33 2 21 19 30 7 17 18 18 34
48 59 43 24 37 60 37 49 49 37 57 20 40 30 28 15 9 32 19 47
50 38 29 24 34 55 51 57 42 36 48 13 35 28 55 15 6 35 32 54
25 42 24 20 29 44 21 31 34 25 38 9 23 16 26 7 14 16 13 28
22 21 18 5 8 25 19 18 17 12 19 3 12 15 18 1 4 11 4 19
55 54 46 22 44 65 49 59 61 42 56 9 35 26 44 7 8 29 21 52
42 45 43 7 39 45 30 39 53 32 47 12 30 30 21 9 12 32 23 43
10 12 11 3 11 11 6 12 21 6 12 1 4 8 13 1 3 9 5 19
42 53 43 28 40 42 38 46 49 42 56 16 17 39 44 10 29 37 25 34
16 16 27 1 15 22 12 24 25 10 17 1 5 9 11 1 4 6 10 16
10 9 8 5 6 12 8 10 12 5 6 5 5 7 11 1 3 5 3 10
13 18 13 5 5 18 5 13 11 7 17 1 12 10 11 2 2 6 6 10
27 47 15 29 34 40 24 42 37 24 44 11 22 23 34 9 18 21 15 21
27 28 14 24 19 34 23 34 31 10 30 14 22 18 33 13 14 15 13 30
36 55 43 23 43 43 34 32 52 36 46 11 14 31 23 9 24 32 12 22
42 53 29 35 42 54 46 57 51 31 53 17 33 26 44 7 20 40 18 51
49 51 23 33 37 59 50 57 43 39 57 18 33 24 42 14 3 35 22 43
25 25 21 2 14 27 6 23 25 17 25 2 21 13 14 1 4 9 7 22
34 33 37 19 32 31 33 42 35 32 42 20 17 22 32 5 15 19 12 17
28 30 19 26 20 32 27 37 26 25 37 17 24 25 35 13 12 27 18 40
12 21 8 16 18 24 26 18 20 13 24 12 10 6 23 1 6 16 1 13
45 48 41 26 41 49 41 44 51 30 50 8 29 38 37 2 18 37 22 43
14 12 7 6 7 17 17 12 9 6 21 7 11 1 13 1 1 7 3 16
28 37 31 22 24 26 22 15 39 22 30 1 9 28 21 5 22 35 8 39
32 44 40 15 32 49 30 39 43 34 52 14 26 19 25 10 3 22 16 39
32 40 42 16 25 31 14 20 42 28 42 6 18 26 19 14 21 32 5 40
38 47 36 26 42 50 43 51 53 46 61 10 13 29 44 9 10 26 14 36
4 8 5 5 5 9 3 8 9 6 13 1 3 7 8 1 1 1 2 7
21 21 16 17 10 22 6 24 23 7 24 6 21 21 21 13 15 11 15 28
46 61 20 46 49 48 27 49 56 38 55 16 35 37 33 12 26 44 15 52
23 50 13 28 35 47 17 42 50 30 46 2 18 35 36 16 26 25 25 33
29 19 10 20 10 30 21 35 23 9 27 14 22 23 33 14 12 6 18 29
8 28 13 30 35 31 24 27 38 23 34 16 17 22 29 16 21 29 14 32
23 27 15 11 16 30 18 20 27 14 21 1 15 16 22 1 10 18 8 29
18 30 18 14 24 35 19 28 31 21 37 10 19 9 22 4 1 13 7 23
31 43 25 27 34 39 27 34 46 32 40 8 13 30 26 3 14 28 12 37
16 35 19 23 32 37 22 31 36 27 48 12 20 18 30 11 15 26 13 33
12 23 14 5 9 23 6 16 18 7 19 1 9 11 10 1 1 1 4 8
53 70 44 54 60 73 55 56 67 47 71 27 49 40 50 15 28 54 30 66
12 13 9 1 4 19 15 10 13 2 9 1 3 4 12 1 1 5 1 14
17 19 21 13 20 20 12 20 28 7 26 6 17 14 19 1 12 17 12 26
6 9 3 2 4 9 3 5 6 2 11 1 7 2 8 1 1 2 3 6
35 41 26 22 33 42 34 45 43 30 50 7 16 21 41 1 15 33 17 42
9 15 19 1 9 14 8 16 16 7 18 1 3 7 11 1 2 4 7 10
33 53 19 32 37 56 34 42 48 40 54 12 27 26 30 16 13 31 16 44
20 27 33 19 19 23 25 23 27 17 38 10 16 15 27 7 16 28 8 27
45 54 37 39 47 54 50 44 59 31 43 21 27 33 34 10 24 45 17 51
38 42 33 33 36 52 39 53 46 39 54 18 27 26 49 20 5 28 24 45
17 31 22 21 25 24 15 23 30 20 31 8 13 24 14 10 9 16 7 15
50 69 46 24 49 61 37 47 65 50 65 9 28 40 33 12 19 44 23 53
32 35 26 27 27 42 30 43 37 32 50 13 30 29 42 8 12 25 19 45
41 45 31 25 27 53 22 47 45 23 48 12 36 36 38 21 22 15 33 42
9 8 16 3 1 20 2 17 8 6 15 1 14 11 14 4 1 1 10 18
60 57 50 31 40 60 38 51 62 41 66 14 46 45 44 18 23 39 29 63
7 9 4 1 3 14 10 9 10 4 16 2 8 1 9 1 1 1 1 11
45 40 38 28 27 39 38 34 38 36 51 17 28 28 38 13 22 41 10 50
25 40 25 28 31 37 27 30 41 33 45 13 18 31 32 18 21 35 12 36
30 40 24 36 37 40 36 32 40 30 50 15 24 21 31 2 20 38 10 43
16 25 22 3 11 21 10 22 21 12 28 1 9 9 18 1 4 11 4 21
46 52 33 32 34 54 31 38 51 25 43 8 38 32 29 5 22 32 18 50
46 59 25 44 42 61 48 57 54 52 68 21 37 46 56 22 29 47 21 57
11 13 11 5 5 19 1 9 10 9 19 1 12 10 5 1 1 1 4 11
17 32 14 26 32 32 20 32 36 27 43 8 13 20 36 5 17 26 14 35
34 47 33 38 36 54 25 62 55 40 62 11 31 41 55 18 25 25 29 53
5 7 8 1 2 5 1 1 6 3 10 1 3 1 3 1 1 5 1 6
34 27 27 13 19 39 26 43 27 20 36 6 21 26 32 5 7 11 24 24
18 29 26 11 12 35 14 23 23 19 34 1 18 18 19 9 4 7 15 23
18 20 24 4 8 30 13 20 19 13 23 2 13 8 11 1 1 1 7 16
19 26 24 11 11 30 19 25 24 12 29 6 19 18 28 12 9 13 15 26
6 6 3 1 5 4 5 4 9 1 3 1 3 2 5 1 2 7 1 7
9 9 3 6 7 8 11 11 3 2 12 8 7 3 13 1 3 9 2 5
8 8 7 4 7 14 13 10 10 2 16 5 8 1 12 1 2 6 5 15
4 9 3 3 7 9 7 6 11 1 7 2 3 2 9 1 3 6 1 10
45 65 42 46 47 64 28 65 65 39 64 19 37 46 51 20 35 27 36 50
27 48 33 17 35 46 27 37 43 35 55 14 24 23 26 11 9 25 14 34
5 15 2 4 7 11 11 13 14 6 12 1 2 4 17 1 7 9 2 13
49 54 48 11 39 54 40 47 50 46 57 18 28 34 30 14 15 33 27 36
54 62 46 27 50 58 54 55 54 50 68 29 35 19 44 8 26 40 22 39
6 12 1 2 3 13 5 10 8 1 10 1 7 2 11 1 3 5 1 7
60 62 71 25 41 68 36 59 62 49 70 20 49 44 40 18 20 34 33 60
3 5 1 1 1 5 3 5 2 1 6 1 2 1 5 1 1 1 1 2
30 38 12 35 37 36 31 38 42 30 41 13 17 28 33 5 12 37 9 45
15 17 14 13 18 21 23 27 12 12 27 15 17 2 28 1 9 15 8 18
6 13 15 3 9 15 11 9 20 4 14 2 8 1 9 1 5 9 1 14
34 34 28 19 29 44 36 45 43 30 42 8 22 15 46 12 4 30 23 52
46 41 41 31 38 51 41 53 50 35 58 11 34 35 47 12 15 32 29 51
14 16 15 10 16 21 19 30 19 12 27 9 11 7 30 1 4 14 8 26
3 1 3 2 1 3 4 12 1 1 9 4 3 1 11 1 1 1 4 8
4 6 10 2 3 7 9 12 5 1 14 4 3 2 12 1 1 4 3 6
51 54 31 32 44 58 51 59 51 41 58 22 29 17 43 7 18 26 12 31
1 1 9 1 2 2 1 1 6 1 5 1 1 1 1 1 1 3 1 7
24 25 19 19 26 34 25 32 34 18 30 10 20 16 32 3 9 18 8 30
20 35 31 22 28 36 20 26 38 20 41 2 16 26 25 4 14 24 16 39
9 14 5 1 4 10 1 5 8 4 14 1 5 6 6 1 1 4 1 7
25 27 14 25 30 30 29 41 35 26 41 11 13 13 45 6 13 30 14 40
45 48 18 39 26 55 38 46 40 27 48 20 35 28 47 28 19 27 29 47
10 24 14 6 12 18 11 5 17 10 17 1 5 9 7 2 4 10 1 5
30 39 19 12 22 34 26 30 35 24 37 2 13 18 21 1 8 23 5 32
21 27 21 16 24 31 26 30 25 17 33 14 18 8 21 1 5 12 11 16
37 50 32 22 38 47 39 36 47 35 39 11 9 32 21 8 16 28 14 24
39 50 22 41 48 51 34 52 53 42 55 26 38 24 47 15 31 39 19 48
22 25 23 15 27 28 14 35 33 17 36 5 22 19 29 1 8 16 13 29
58 51 51 23 45 60 55 49 58 48 58 17 40 41 35 11 10 40 23 59
42 45 29 23 26 54 26 49 43 24 45 12 30 39 41 17 23 14 34 32
33 39 40 22 19 44 30 42 33 27 39 19 24 22 31 15 15 14 24 30
24 47 3 39 39 44 36 38 40 35 48 21 27 28 35 16 21 39 12 40
22 30 2 25 22 21 21 26 19 16 27 14 17 10 28 1 16 26 3 19
9 11 4 1 2 15 12 8 5 2 11 2 6 1 11 1 2 7 3 10
9 5 5 4 5 15 16 17 10 5 17 2 2 1 17 1 1 6 2 20
41 49 28 39 38 43 29 48 46 23 46 16 32 31 43 7 32 41 24 49
7 15 3 6 11 10 7 11 16 5 11 1 3 5 14 1 7 11 3 15
33 44 31 29 33 47 19 44 38 34 51 21 40 23 40 15 20 23 22 39
19 19 19 7 7 25 20 27 18 16 35 4 11 7 26 1 1 10 4 25
50 52 35 40 34 50 54 47 51 48 56 25 15 43 40 24 17 43 8 49
1 8 3 2 2 8 1 2 8 1 8 1 3 1 1 1 1 1 1 1
3 10 8 11 13 17 7 13 15 9 19 6 10 9 16 6 3 7 10 15
8 8 9 7 7 13 13 11 7 5 18 9 9 4 13 1 1 7 7 10
54 50 24 41 44 54 45 60 54 36 54 23 48 37 58 11 29 46 28 63
8 12 2 2 3 12 7 7 7 1 9 2 4 1 4 1 1 2 1 3
61 67 49 45 55 60 46 65 66 57 76 27 42 38 61 15 42 53 25 63
17 24 23 5 12 24 12 17 22 16 33 4 18 10 19 5 5 11 10 25
54 70 58 44 53 77 44 62 73 47 71 17 41 54 48 21 39 35 38 49
43 42 29 23 31 46 32 47 46 37 57 9 32 33 46 9 8 24 19 43
22 18 26 5 13 34 24 34 28 18 34 7 19 16 28 1 1 5 18 29
56 54 35 45 33 67 46 60 59 45 65 14 36 51 55 29 18 34 28 68
44 44 22 27 27 51 33 51 48 26 51 12 30 26 46 16 14 17 20 43
45 58 42 43 58 73 49 71 68 54 72 19 41 43 63 21 23 41 30 59
56 65 31 47 46 67 49 64 64 47 64 24 35 48 49 23 27 33 22 52
45 57 32 28 41 50 29 40 56 30 38 5 22 36 21 3 20 37 16 39
32 40 28 22 21 49 29 42 37 32 44 11 22 30 29 12 10 17 23 34
14 21 20 16 24 15 16 23 29 14 18 10 5 11 19 1 15 20 6 22
36 50 34 20 35 49 41 47 43 37 56 8 15 28 42 5 12 30 15 35
46 49 36 36 30 57 43 54 47 45 59 12 27 34 53 21 11 33 19 53
21 32 32 10 23 38 20 29 36 26 44 2 16 12 21 2 1 11 7 31
4 7 2 1 1 4 1 5 6 1 6 1 2 1 2 1 1 1 1 1
5 15 13 5 7 23 14 15 14 6 22 4 10 2 15 1 1 2 4 10
41 49 43 34 46 50 37 38 52 37 53 15 27 32 27 8 20 32 19 39
59 65 52 33 45 75 56 61 66 59 76 13 33 45 48 16 12 41 24 59
53 73 40 55 63 72 52 71 67 57 76 31 42 28 62 24 27 44 26 50
29 33 27 9 17 42 19 38 32 14 33 2 20 17 24 5 8 6 18 22
52 61 49 36 51 66 42 68 69 59 75 9 33 50 65 17 22 42 39 64
49 74 44 41 54 69 35 51 71 47 65 8 32 42 34 8 30 39 24 52
17 19 13 3 7 23 16 14 22 10 16 1 4 7 11 1 1 10 1 20
28 33 29 21 27 25 22 34 32 27 47 13 20 22 35 7 20 31 10 37
3 10 4 3 6 13 10 3 9 2 4 1 1 2 4 1 1 1 1 1
21 15 21 13 20 24 18 28 26 13 21 8 16 17 26 3 5 13 11 23
22 26 11 10 11 32 28 26 22 10 22 6 11 9 21 1 2 15 4 25
45 54 43 17 46 53 38 54 60 46 60 17 27 24 37 17 8 36 23 50
47 62 37 28 37 62 22 56 52 42 59 13 38 42 39 20 17 27 31 52
7 1 12 1 3 6 1 6 11 5 9 1 5 6 6 1 1 4 1 13
52 63 30 40 58 62 45 53 58 54 69 37 49 33 34 21 22 54 23 59
28 37 32 22 38 43 35 41 47 33 44 14 18 25 39 11 21 30 27 34
42 48 42 25 30 58 27 47 53 25 49 7 36 24 36 10 19 19 19 44
11 17 2 6 5 10 1 15 15 2 11 1 9 9 12 2 6 6 1 12
41 47 5 41 38 49 34 45 41 35 46 22 35 33 36 15 17 37 14 43
17 17 15 3 4 30 9 22 14 8 22 1 14 11 15 1 1 1 7 18
32 57 19 49 46 48 18 44 58 24 49 15 32 43 39 24 40 35 29 46
15 18 5 10 10 15 8 15 10 6 18 8 15 7 17 4 6 10 4 12
21 25 22 9 19 23 16 17 30 18 25 1 7 19 15 2 6 15 8 24
30 50 26 32 37 41 30 35 45 33 43 15 14 28 22 10 17 29 5 27
8 8 8 8 8 14 9 16 11 6 14 7 7 8 16 1 1 5 6 11
22 24 21 3 13 29 8 29 23 11 28 1 20 11 20 1 2 5 11 24
1 1 2 1 1 3 1 1 1 1 4 1 1 1 1 1 1 1 1 2
43 52 43 35 43 57 43 48 61 45 59 6 29 35 49 13 14 45 28 68
41 59 31 29 38 57 38 44 53 36 52 3 20 27 35 11 12 33 15 43
1 6 2 1 4 4 1 4 8 1 8 1 3 1 9 1 2 4 3 6
31 34 11 11 15 37 14 25 27 16 28 1 19 13 21 3 3 13 5 31
16 29 11 8 18 22 8 21 29 19 31 1 13 9 20 1 10 16 7 27
39 45 43 26 30 45 30 33 44 24 43 14 31 27 22 10 21 20 15 29
44 55 54 26 45 69 30 56 61 50 62 7 48 47 45 18 20 28 35 56
30 41 35 23 31 43 28 28 43 34 44 7 15 25 17 13 12 26 2 35
19 31 24 20 31 26 16 21 41 18 28 3 9 24 17 3 16 21 10 26
9 19 13 13 18 21 12 14 23 14 16 4 4 14 6 8 6 9 4 13
20 26 14 12 8 29 16 30 23 6 23 6 14 12 22 7 7 4 6 16
35 40 36 23 24 47 18 41 43 28 43 6 29 34 36 15 16 13 24 39
40 53 21 39 37 54 39 50 42 42 64 22 36 24 53 15 25 37 16 49
54 53 46 37 33 62 14 54 56 32 57 23 61 47 43 33 33 25 45 65
23 27 17 18 23 27 17 19 25 13 29 8 20 10 14 1 6 19 4 26
45 50 45 13 37 49 37 42 50 40 49 5 21 32 33 1 15 24 20 28
56 66 36 36 39 69 39 54 53 41 69 23 43 37 43 24 21 34 21 54
17 19 16 7 8 14 20 16 11 13 25 5 3 10 15 1 1 15 4 12
20 28 24 13 20 33 20 28 29 19 27 8 15 15 26 3 10 12 10 23
56 62 50 32 40 64 56 61 54 50 70 18 27 31 54 19 20 36 20 36
21 34 36 22 24 39 24 32 39 22 40 5 18 15 27 4 11 16 15 34
7 7 7 3 6 7 4 10 10 5 10 1 2 6 15 1 6 8 3 15
9 5 10 1 4 5 9 8 6 7 8 5 4 8 9 1 1 5 1 8
44 62 49 29 53 58 33 56 64 44 64 22 36 35 34 14 20 32 23 45
21 29 20 10 13 37 11 18 23 16 26 1 20 13 12 5 1 7 10 26
6 8 6 8 10 4 8 16 9 8 17 6 2 7 20 1 6 11 2 13
5 4 7 6 6 6 10 12 6 3 15 8 7 1 15 1 1 7 7 11
13 31 23 11 23 32 11 20 29 19 34 1 15 11 18 3 7 13 6 26
6 18 10 3 13 14 6 8 21 4 12 1 5 2 8 1 5 9 1 10
56 72 49 44 49 80 41 67 77 47 75 9 50 60 56 20 31 42 43 75
2 11 3 5 8 9 14 14 14 3 14 4 1 1 17 1 2 8 1 9
9 16 12 12 15 18 14 16 23 11 22 6 9 10 16 5 6 10 6 21
16 21 8 6 11 20 8 15 20 8 17 1 14 7 14 2 5 9 1 21
32 36 19 10 13 39 20 25 33 11 20 1 16 18 15 5 6 12 8 25
5 7 3 1 1 7 1 2 3 1 6 1 3 1 4 1 1 1 1 3
53 61 35 41 58 63 40 60 62 55 65 27 44 36 48 15 29 43 22 56
26 33 31 31 35 38 35 32 41 26 43 17 23 14 35 16 10 33 20 41
32 46 29 23 44 43 37 38 48 32 46 14 18 21 32 6 21 31 12 28
30 46 33 19 39 44 23 41 52 32 46 9 21 16 30 3 18 24 16 40
42 54 23 32 40 47 43 42 48 43 59 12 17 25 34 11 7 36 10 40
24 27 31 11 10 27 16 24 27 22 33 1 15 23 29 12 15 24 11 38
2 5 4 1 1 9 2 6 7 1 10 1 5 1 6 1 1 1 3 6
17 40 14 31 35 28 27 32 36 34 49 18 18 27 35 18 23 34 12 31
17 32 32 12 26 28 9 25 35 17 40 1 20 14 21 1 15 19 16 32
4 8 1 4 6 8 1 2 9 3 5 1 2 4 3 1 1 2 1 3
5 9 12 4 6 12 8 10 11 6 15 1 6 4 10 1 1 4 6 8
16 23 7 15 7 26 17 22 18 7 24 6 14 13 19 7 5 6 6 14
37 61 27 54 46 68 39 67 56 47 67 30 45 37 62 30 37 33 30 49
2 7 6 1 3 12 7 13 9 1 15 2 6 1 17 1 3 5 6 14
38 45 52 31 31 53 29 49 49 42 50 23 34 37 41 24 24 18 30 36
49 49 48 5 36 60 40 45 54 42 49 7 33 32 25 5 1 24 23 45
30 38 16 26 31 44 37 34 43 34 37 4 10 25 28 8 6 27 5 38
6 9 5 7 12 8 8 7 12 1 11 6 5 2 11 1 4 10 1 10
37 37 37 28 31 40 26 29 40 25 43 14 34 33 32 10 22 29 20 42
44 64 50 46 36 65 43 51 60 51 69 25 28 50 52 38 34 46 26 61
48 72 37 45 50 62 38 47 65 43 58 18 33 46 26 23 23 41 19 45
22 30 15 19 24 29 16 20 34 18 24 1 11 18 23 1 18 27 8 36
49 51 43 37 30 65 38 57 52 31 53 22 44 38 50 27 29 23 32 54
27 43 15 36 38 42 32 44 42 34 52 14 19 26 38 7 17 38 14 44
18 26 19 7 17 28 18 21 30 14 19 1 5 13 16 3 5 10 4 19
8 21 17 14 19 12 4 16 24 8 29 1 12 11 20 1 17 21 13 26
13 31 17 17 24 28 18 18 28 19 29 8 10 12 19 4 12 12 6 14
17 13 13 14 20 16 23 22 17 11 15 16 10 1 13 1 7 12 1 11
15 23 16 5 10 20 11 10 15 13 25 4 14 6 15 1 7 13 6 19
9 20 19 16 23 20 10 26 24 12 26 5 10 10 26 1 11 18 10 22
1 4 1 1 2 2 1 1 5 1 5 1 1 1 4 1 1 2 1 3
39 33 31 20 27 42 35 36 41 35 44 5 22 28 40 11 8 29 12 43
11 19 12 10 14 27 15 18 23 9 25 1 11 2 19 1 2 14 6 27
23 27 17 15 19 24 22 25 29 13 24 6 12 14 22 1 10 24 4 28
45 57 35 33 46 54 38 50 58 38 61 10 29 25 47 9 26 45 29 60
4 14 10 3 7 10 4 5 11 7 13 1 5 5 8 1 6 8 1 7
57 66 49 46 53 69 45 62 70 45 63 20 43 50 45 9 29 43 33 62
18 23 16 11 19 20 16 25 25 11 26 9 12 11 24 1 9 18 9 25
52 64 33 39 59 59 44 57 64 46 70 22 40 23 45 12 21 56 25 67
50 56 37 29 41 58 38 61 60 36 56 11 28 46 52 8 26 26 35 44
51 54 36 42 39 62 39 62 48 48 69 34 57 28 61 23 31 36 31 58
19 30 23 16 23 29 23 22 30 7 21 8 14 11 14 1 10 20 10 21
8 16 2 5 8 9 6 7 13 3 7 1 5 4 9 1 5 9 2 8
36 56 44 51 58 50 36 50 58 45 68 24 38 42 51 13 42 52 36 56
16 29 10 9 16 27 12 15 23 12 25 1 13 6 17 1 6 13 4 24
24 37 20 20 27 38 23 34 36 22 29 8 14 25 24 11 11 15 11 21
5 8 10 1 3 11 10 11 12 2 7 1 1 1 4 1 1 1 1 5
11 17 17 6 13 18 10 13 20 8 12 3 6 7 5 1 2 6 2 10
30 31 35 11 22 40 23 40 33 22 29 7 17 22 26 4 8 7 18 17
11 16 9 14 16 21 23 16 20 7 16 8 6 5 17 1 6 16 4 22
35 49 20 50 43 49 27 55 48 34 60 25 36 43 57 24 38 33 37 48
27 32 13 18 22 39 15 28 30 27 34 1 16 16 18 9 3 11 3 29
37 43 26 25 23 40 21 49 36 26 49 7 25 33 43 10 17 22 26 37
50 63 47 37 50 63 44 55 62 51 58 18 28 50 45 15 32 40 35 48
32 45 18 33 36 41 28 43 42 22 45 9 25 29 35 6 18 31 17 39
30 41 38 22 34 39 34 40 53 40 49 8 9 34 37 12 17 25 13 41
21 21 14 3 7 24 15 13 13 8 11 4 12 6 5 1 1 6 1 11
51 55 65 23 46 54 46 60 65 50 64 11 25 51 54 13 31 44 33 52
4 8 11 4 11 9 5 6 14 4 14 4 8 1 13 1 8 12 7 15
48 52 29 29 36 51 57 47 41 42 56 23 24 25 34 8 13 37 11 33
7 15 3 2 5 13 12 10 12 4 12 1 1 1 12 1 1 8 1 10
13 21 17 6 16 28 9 20 29 14 27 1 12 13 19 1 3 7 7 24
62 65 44 35 36 60 40 54 58 52 64 16 39 50 43 16 22 44 24 61
31 41 30 29 39 38 26 33 42 28 36 18 24 19 24 8 17 22 3 23
52 51 45 17 39 55 44 45 50 50 61 8 32 41 35 8 7 33 19 45
28 47 30 35 43 45 34 42 51 30 49 13 16 23 34 3 21 33 12 39
12 13 9 7 7 16 3 18 15 3 12 2 12 10 17 4 4 6 9 18
2 4 6 1 1 7 4 5 5 1 6 1 2 1 3 1 1 1 1 5
11 11 11 6 6 18 10 10 12 12 17 3 6 11 9 1 1 1 1 10
12 12 4 2 3 11 9 8 10 1 11 2 4 1 4 1 1 6 1 11
33 29 21 14 23 33 27 35 24 30 47 10 22 10 32 5 1 24 7 37
51 58 33 44 37 62 39 66 58 40 65 21 37 45 61 25 26 29 35 58
26 33 24 21 33 47 23 34 44 26 43 3 24 21 29 4 10 22 14 44
9 9 4 4 5 7 8 9 6 1 11 6 7 5 12 1 5 7 5 10
39 51 30 24 21 40 27 36 40 31 48 5 16 36 38 16 26 29 18 33
44 64 37 46 53 63 39 50 60 36 57 20 40 41 39 18 31 43 30 49
19 21 17 6 11 19 13 19 18 10 23 6 11 8 16 1 4 14 1 18
60 64 69 28 41 73 53 54 68 52 72 10 36 48 48 17 29 43 35 65
14 18 8 18 20 23 18 19 16 11 26 11 18 4 19 1 6 16 6 20
30 36 14 27 28 45 39 36 38 28 34 9 8 19 26 7 1 23 4 34
1 5 1 1 2 3 10 2 1 1 7 3 1 1 8 1 1 6 1 1
41 42 40 19 34 50 27 51 43 36 51 12 34 30 40 6 14 22 24 43
41 45 37 36 37 55 41 52 45 44 59 21 29 24 46 14 15 25 12 42
15 5 15 1 4 24 16 21 14 10 21 1 14 10 22 1 1 5 13 28
35 37 27 18 31 45 33 41 46 27 41 4 23 25 31 2 9 28 16 47
54 47 33 31 41 61 59 51 55 43 50 20 33 29 40 15 4 39 21 56
24 19 12 3 8 23 13 16 18 10 14 2 17 13 14 2 4 9 6 19
15 15 18 1 10 15 12 16 20 10 19 1 2 10 14 1 2 9 6 20
35 47 13 36 35 47 31 43 39 37 50 11 18 25 42 7 18 33 9 40
5 9 7 5 9 6 5 8 11 5 14 5 5 4 12 1 6 10 1 11
52 60 52 21 42 69 42 63 61 49 64 9 32 39 51 7 23 26 33 47
10 12 15 5 10 19 9 15 21 10 13 1 4 11 8 1 1 1 2 8
5 8 12 1 4 12 1 11 12 3 17 1 11 1 8 1 1 2 6 15
1 6 3 1 2 8 1 2 7 1 6 1 4 1 7 1 1 3 2 5
18 30 11 12 16 35 16 28 27 18 33 1 10 13 24 3 5 14 7 28
11 26 13 11 14 18 12 12 18 13 22 3 1 13 7 4 4 13 1 10
17 17 15 3 11 17 5 12 18 17 25 1 11 14 16 1 3 7 5 18
8 16 17 7 11 18 8 21 17 9 25 7 16 8 22 7 7 10 14 20
39 38 43 19 29 48 32 38 37 30 46 13 29 21 26 4 8 20 10 39
57 73 48 46 44 68 39 61 64 50 81 19 47 47 59 28 36 41 29 62
25 31 18 20 22 34 16 17 35 12 21 1 18 24 17 3 11 21 10 32
15 23 18 12 18 22 21 29 25 9 24 6 9 9 25 1 9 19 4 26
5 11 4 2 5 11 16 5 9 1 4 3 1 1 9 1 1 8 1 8
62 73 57 28 50 69 40 54 74 63 72 10 29 57 38 22 23 47 27 62
55 67 44 24 42 74 41 62 65 50 63 7 33 31 41 12 10 31 25 57
38 49 18 24 27 49 25 31 39 31 41 10 30 30 19 13 9 24 8 36
30 34 17 19 17 37 10 28 36 16 30 4 23 27 22 14 12 9 14 27
43 43 19 34 35 45 29 42 43 29 42 25 40 16 40 12 26 29 14 40
29 28 28 5 18 36 19 25 26 16 27 7 20 12 9 2 1 13 7 30
16 24 11 16 12 24 9 20 19 10 22 7 15 15 15 9 6 5 8 9
11 13 6 3 4 11 10 9 10 4 10 1 3 4 6 1 1 7 5 9
16 20 30 10 22 22 11 24 29 17 28 1 12 19 18 1 11 15 17 23
15 25 21 13 18 27 21 17 26 12 24 5 16 11 18 1 10 24 10 30
7 19 10 7 13 11 6 14 19 8 21 1 9 6 16 1 9 11 7 14
44 46 37 26 42 48 47 49 53 48 63 14 27 27 51 12 6 36 19 47
39 38 27 24 43 39 39 46 45 32 44 17 24 26 41 1 23 33 18 35
5 10 4 1 1 8 6 5 9 1 3 1 1 1 4 1 1 6 1 9
3 4 2 1 1 6 7 2 2 1 4 1 1 1 4 1 1 1 1 3
22 30 17 5 13 26 16 11 21 15 24 1 14 8 7 1 1 14 1 18
32 39 24 21 17 31 15 22 38 19 30 1 14 30 20 9 14 24 7 35
5 15 9 7 10 5 6 10 13 11 19 2 1 10 15 1 5 10 2 11
19 27 23 15 22 35 14 23 32 14 21 1 13 18 16 4 7 14 9 28
17 11 21 3 2 17 8 16 12 12 20 1 10 16 17 6 3 9 6 22
11 12 4 7 4 16 1 8 10 5 10 1 9 11 5 2 1 1 1 7
44 68 30 49 48 65 34 47 66 31 55 15 42 47 35 23 33 44 32 57
3 17 16 7 15 13 3 3 23 6 14 1 4 7 1 1 5 9 1 9
17 17 13 10 12 19 21 18 22 9 18 7 7 11 20 1 5 16 6 25
5 8 1 1 1 11 13 7 4 2 9 3 4 1 10 1 1 4 1 6
27 43 27 10 33 39 15 34 39 26 39 8 19 20 15 6 5 15 11 22
17 17 10 12 8 18 14 24 11 4 18 9 14 10 22 5 5 10 8 13
60 71 46 41 52 80 38 62 71 54 68 19 52 53 42 25 25 38 31 61
42 59 31 34 46 53 32 45 49 48 61 22 35 36 34 19 21 44 18 50
37 55 49 34 36 61 23 46 53 38 64 12 42 37 34 18 20 26 26 50
5 19 7 8 14 13 2 13 20 9 21 2 7 6 14 1 6 9 4 13
1 3 8 2 5 4 5 5 11 1 5 3 1 1 3 1 1 3 1 6
36 33 32 5 15 49 28 36 32 22 36 1 22 23 28 1 4 12 20 30
10 14 7 1 7 10 9 6 13 4 9 5 9 1 7 1 5 11 1 10
26 32 24 16 8 33 12 26 23 12 34 2 28 22 27 15 13 17 19 35
6 9 5 1 2 12 3 8 10 1 7 1 1 3 4 1 1 1 2 10
34 35 21 32 31 38 33 42 34 33 43 24 27 21 38 10 17 27 12 35
31 40 34 28 31 42 33 20 40 24 37 11 18 24 14 5 15 24 5 28
8 11 10 4 9 12 11 8 12 4 5 1 4 4 9 1 4 6 4 7
27 32 20 23 24 25 22 37 28 22 32 16 19 19 31 6 17 22 6 23
17 20 11 7 10 21 21 15 14 5 15 8 8 4 14 1 4 10 5 15
18 37 21 36 36 32 29 35 44 38 52 14 12 33 41 21 28 40 9 44
24 26 21 19 27 27 29 25 28 16 27 14 12 8 24 1 11 22 4 25
51 51 30 26 38 52 34 59 51 38 59 13 36 35 48 10 19 26 25 45
36 52 37 17 35 46 27 43 42 33 52 7 18 27 30 2 11 20 16 23
11 25 17 11 16 33 12 31 26 19 32 1 8 17 22 5 3 7 10 23
6 10 8 1 6 8 7 4 9 1 7 1 2 1 7 1 3 6 1 5
53 52 47 29 31 52 44 49 52 42 51 15 25 44 48 20 26 36 19 49
36 48 31 30 40 46 35 22 48 24 36 14 30 21 19 4 20 35 12 40
25 21 25 7 10 29 25 24 22 17 26 6 13 18 18 1 1 10 13 22
3 7 7 4 10 5 1 3 13 3 6 1 3 1 9 1 8 12 1 11
58 65 61 25 50 68 46 68 65 59 75 16 34 42 54 6 29 36 34 49
35 41 31 23 30 49 30 46 37 33 51 22 39 18 41 14 15 23 22 43
19 23 21 19 15 31 21 32 18 13 25 13 21 13 26 11 6 8 17 17
43 49 41 15 40 55 44 48 54 40 54 8 26 29 40 1 7 26 20 44
34 32 19 22 29 33 36 38 34 27 35 15 19 21 30 1 12 27 8 32
57 60 51 36 53 51 54 64 57 53 60 32 27 43 51 13 37 43 27 32
26 41 27 26 25 35 27 26 34 32 50 13 13 23 32 16 18 31 4 32
24 30 25 9 14 36 13 32 26 15 30 1 22 21 27 8 7 8 19 24
23 32 26 15 21 40 11 32 33 25 40 1 22 25 25 9 10 12 15 30
19 40 20 22 20 39 11 26 30 23 40 1 23 27 27 16 16 18 17 28
41 46 30 17 38 47 36 43 44 37 50 12 23 18 28 8 4 30 13 32
14 16 5 13 12 19 26 22 19 9 22 6 4 2 21 1 1 17 4 25
8 5 5 9 11 5 12 13 10 5 12 11 8 4 12 1 1 10 1 9
12 10 7 3 6 9 8 11 11 6 10 3 6 7 14 1 6 9 5 15
43 53 36 30 32 50 30 46 53 44 56 5 19 48 43 18 25 32 22 47
39 55 30 35 45 45 40 51 50 44 56 15 13 30 43 9 19 30 14 27
51 57 61 21 31 57 31 51 55 49 67 18 41 42 42 28 24 36 32 63
27 43 28 16 29 46 32 31 38 29 44 7 17 27 26 4 12 26 19 26
41 48 51 35 43 50 34 42 45 36 58 24 43 28 34 12 24 31 21 38
49 62 42 51 50 57 28 50 55 44 72 19 52 43 54 16 40 45 35 60
43 47 45 14 42 45 27 41 54 36 47 12 28 32 31 8 24 34 26 41
41 51 45 35 44 58 45 50 54 35 61 14 34 22 48 15 14 38 31 51
9 15 13 3 9 13 11 7 16 5 5 1 2 3 3 1 1 8 1 8
11 17 4 12 17 17 19 23 22 10 22 4 1 4 27 1 3 16 3 26
14 20 9 11 12 26 11 17 18 9 20 5 12 14 19 5 5 7 5 16
8 10 5 6 9 9 8 16 12 2 12 5 5 4 9 1 1 4 2 8
31 33 37 16 31 44 34 36 42 27 36 9 20 22 27 2 6 17 15 32
10 12 19 6 13 17 10 17 23 8 18 2 9 11 20 1 10 14 7 27
13 17 13 9 16 19 25 24 21 13 25 8 2 6 22 1 2 10 7 11
18 21 14 8 11 22 18 16 15 6 16 9 13 6 11 1 1 9 1 11
27 29 30 13 23 27 17 25 34 17 30 3 19 25 20 3 13 19 13 29
22 28 25 9 14 34 25 18 24 15 30 7 15 8 18 1 4 15 8 25
32 29 26 11 23 34 31 32 36 26 34 6 20 26 27 3 5 26 16 40
11 11 9 5 1 18 4 12 5 3 14 3 15 6 11 4 1 3 8 9
25 21 24 6 8 20 15 17 22 23 29 1 12 22 22 7 10 16 5 23
22 22 29 7 19 38 24 32 32 17 32 1 24 20 30 1 3 18 20 41
13 24 11 16 16 28 8 28 26 16 27 2 12 19 28 7 10 11 11 28
27 24 30 10 9 24 26 18 27 20 22 5 4 21 18 11 10 19 6 28
9 13 15 6 10 16 10 10 13 8 13 5 6 4 8 1 1 5 5 6
46 40 16 32 25 45 40 45 38 30 46 14 27 28 44 9 14 29 12 45
10 10 4 3 2 11 3 6 4 2 7 1 10 4 4 2 1 3 1 3
7 4 4 1 1 9 1 8 6 1 2 1 3 4 3 1 1 1 1 7
9 11 13 10 14 19 9 11 20 13 16 4 6 14 10 6 5 8 1 17
28 48 39 22 43 46 27 36 53 36 53 13 20 20 20 6 10 23 7 32
22 17 21 4 7 31 13 21 19 10 23 1 19 10 17 1 1 6 7 28
11 32 15 13 16 18 12 9 25 18 24 1 1 17 13 5 9 19 2 15
6 7 2 1 1 6 3 8 5 1 6 2 6 2 3 1 1 1 1 2
4 5 9 1 1 8 7 8 4 3 13 2 7 2 10 1 1 3 7 8
42 61 44 43 46 63 32 49 61 30 58 19 39 41 36 22 33 26 32 36
13 20 15 11 12 27 18 23 21 7 21 4 14 8 26 4 8 16 11 32
33 37 29 35 34 50 37 39 44 27 45 13 30 30 34 8 14 33 21 52
41 65 31 33 35 58 28 42 56 41 52 8 24 41 29 20 22 29 15 39
52 56 57 22 32 58 31 53 53 51 64 9 37 45 47 15 25 35 30 57
18 25 15 8 11 21 12 16 21 16 30 1 10 16 22 3 9 17 5 27
35 59 27 39 51 55 39 55 59 50 61 22 26 31 41 12 27 35 13 42
27 35 20 20 33 37 35 40 40 29 43 10 11 18 38 1 10 24 11 30
45 62 50 24 50 74 32 63 66 51 62 18 48 48 32 28 16 32 39 57
52 49 52 21 33 62 44 57 49 50 67 17 38 30 43 13 9 26 21 53
50 59 57 41 62 62 44 62 71 57 83 17 38 55 61 6 40 49 43 60
64 76 46 45 55 63 52 57 69 52 77 16 36 47 54 13 38 56 26 60
46 46 19 28 31 54 42 48 47 32 45 14 29 32 35 10 6 27 17 45
8 12 10 9 13 12 12 16 15 3 13 8 8 4 14 2 5 12 1 10
40 57 38 32 34 65 31 53 56 50 65 10 36 41 40 22 17 31 25 62
16 25 8 6 12 24 16 17 18 8 20 3 8 9 12 1 3 8 2 10
15 21 10 13 15 14 18 18 19 9 21 9 7 8 20 1 8 20 3 19
18 24 13 3 9 21 12 10 15 7 14 1 8 2 6 1 3 9 1 13
42 65 46 37 58 68 31 53 74 49 67 8 43 53 43 18 35 40 36 59
45 50 47 33 34 52 29 37 46 33 56 14 43 41 42 16 25 36 30 55
16 26 17 8 15 20 10 21 23 13 23 2 8 12 18 1 10 13 7 17
32 57 47 29 31 50 19 38 54 41 58 5 25 37 33 22 26 29 16 46
25 32 36 16 8 30 12 33 30 29 47 8 22 27 38 14 16 17 18 37
47 56 44 26 42 56 41 44 57 46 56 13 27 37 30 10 14 28 16 40
19 28 19 2 17 30 25 22 27 15 21 1 4 11 15 1 6 10 9 8
6 5 9 2 5 2 1 9 12 2 6 1 1 4 7 1 3 7 3 13
9 16 6 10 15 19 3 15 21 14 19 1 7 15 15 5 7 9 7 17
9 8 8 2 4 13 2 8 7 4 15 1 13 2 8 1 1 1 7 12
10 10 7 1 6 15 11 11 16 7 15 1 5 6 16 1 2 6 3 18
18 26 9 12 13 26 9 15 21 10 16 1 13 16 15 7 6 9 6 14
34 42 19 30 19 38 34 37 37 27 46 9 16 24 45 22 18 29 12 37
26 35 27 11 22 34 27 26 29 19 31 10 10 13 17 1 6 11 6 15
10 15 14 2 11 19 9 13 24 10 21 1 5 9 14 1 1 5 2 18
13 12 12 9 7 14 6 15 17 6 15 1 11 13 14 5 7 8 5 21
8 12 11 1 1 7 5 2 9 7 16 1 3 6 8 2 1 8 1 8
20 33 29 5 22 28 8 10 33 25 32 3 16 17 9 8 6 20 4 24
31 28 24 12 19 39 28 28 29 25 36 8 22 23 29 1 5 15 13 32
7 9 4 7 6 12 16 9 4 1 12 9 7 1 13 1 1 9 1 6
27 37 25 24 35 38 20 37 40 35 46 7 18 34 34 7 16 25 18 32
18 27 16 22 27 20 20 24 24 13 26 12 16 8 22 1 15 24 2 20
55 57 54 16 47 60 38 55 54 52 69 18 36 45 40 13 15 35 33 42
4 8 2 2 5 11 4 10 7 1 10 1 8 1 14 1 3 5 5 11
7 11 5 1 5 8 2 13 11 2 14 1 5 2 13 1 2 4 2 10
44 60 33 44 48 56 29 61 58 33 63 21 43 35 52 14 35 35 30 51
1 1 4 1 2 1 1 1 6 1 4 1 1 1 3 1 1 3 1 7
12 7 13 2 9 16 9 11 16 11 9 1 7 13 11 1 1 3 6 11
26 22 24 10 1 33 25 24 18 18 31 3 11 20 26 8 5 17 6 34
15 19 6 3 11 12 1 14 18 11 18 1 9 6 13 1 6 8 2 19
1 4 1 1 3 5 2 3 10 1 3 1 1 1 1 1 1 1 1 4
25 31 33 6 18 36 20 34 32 22 39 7 23 14 27 4 8 14 13 34
24 38 25 17 30 38 25 34 37 27 48 9 20 12 30 1 8 20 7 31
11 10 16 5 8 22 13 26 18 6 23 3 13 6 22 1 2 8 7 26
50 60 25 29 33 60 38 53 59 33 51 9 29 35 40 10 17 28 19 50
5 8 4 2 5 7 6 8 4 1 16 3 6 1 13 1 1 5 3 7
28 44 23 22 29 41 3 31 42 28 42 6 29 31 19 19 16 21 17 35
32 37 16 13 13 36 20 30 29 10 23 3 17 21 21 8 9 13 13 23
46 48 33 31 27 55 33 57 45 31 54 12 43 39 52 15 17 27 32 49
6 6 7 6 6 11 14 14 9 8 18 5 3 5 15 1 1 2 4 13
8 13 18 7 14 20 11 13 19 7 14 4 6 3 10 1 3 5 8 13
41 52 39 22 34 46 41 46 46 41 62 12 18 20 41 4 18 29 11 38
44 44 36 21 26 40 31 47 49 41 51 1 18 43 46 9 21 29 23 47
20 33 20 8 10 28 16 9 21 18 26 1 6 18 9 6 3 11 1 8
19 32 20 19 15 31 7 25 28 14 27 5 24 17 27 11 16 20 17 33
44 61 29 40 32 55 37 45 48 39 54 13 24 43 35 21 20 37 15 45
41 72 38 42 54 61 36 48 71 58 74 8 26 43 45 19 34 53 23 64
22 36 14 17 22 33 28 22 33 16 26 8 11 16 14 4 6 19 3 22
2 14 1 5 9 4 1 7 13 4 11 1 3 3 9 1 6 8 1 6
27 38 32 26 24 33 22 29 39 28 43 4 11 31 36 9 23 35 13 46
4 9 7 8 9 9 9 13 11 4 14 8 5 3 13 1 1 6 5 6
26 37 39 23 29 37 26 19 39 23 39 8 20 23 19 8 18 22 14 29
33 47 42 30 44 46 33 48 47 45 65 17 29 39 41 18 25 35 30 39
25 31 27 14 19 37 18 38 32 15 32 7 19 20 28 6 7 7 17 22
10 19 1 6 9 12 6 1 16 5 9 1 5 3 5 1 3 14 1 14
51 57 33 39 50 49 46 47 59 51 65 18 31 39 43 5 25 48 13 54
26 19 17 11 11 34 29 33 25 16 27 2 12 14 29 1 1 12 9 32
6 8 7 5 6 9 6 7 8 4 8 6 6 4 10 1 4 6 4 5
55 61 35 44 34 56 47 55 59 40 65 17 35 39 56 16 34 48 16 64
9 19 9 5 11 16 4 8 16 9 21 1 12 3 14 1 6 10 5 17
23 34 22 19 17 39 9 26 31 11 32 1 23 23 16 9 8 10 18 29
7 1 6 4 3 5 7 10 5 3 5 6 2 5 8 1 1 2 1 8
34 48 27 26 38 42 40 42 49 29 37 14 9 21 33 3 21 30 12 30
39 57 24 34 37 55 20 53 54 32 57 11 30 37 40 17 24 22 24 45
24 44 30 21 30 41 27 37 43 35 51 6 9 29 33 12 14 22 10 31
45 58 37 42 37 57 53 52 49 48 67 27 35 31 52 17 26 41 17 52
17 19 17 7 11 25 17 23 21 8 20 8 13 8 14 1 4 7 4 19
21 32 10 17 15 34 20 28 28 18 30 2 13 20 23 4 6 16 5 28
44 61 36 47 50 57 42 55 61 46 54 25 33 46 41 27 31 44 24 48
29 30 25 15 22 33 33 30 31 22 33 10 14 21 25 1 7 20 10 25
7 10 11 3 7 11 3 12 12 5 13 1 6 5 15 1 6 8 6 15
45 62 27 48 40 71 33 68 58 48 71 21 47 29 58 24 26 30 24 59
47 64 33 40 46 63 37 56 65 39 63 8 28 43 52 14 33 43 34 55
31 43 26 29 42 35 25 34 42 24 44 12 24 26 30 2 24 32 15 28
7 13 6 8 8 10 4 9 16 1 8 1 7 5 13 3 8 9 3 13
26 48 24 25 31 54 21 37 41 35 49 10 33 28 27 20 16 26 24 43
11 18 21 4 11 18 8 21 23 11 26 3 11 9 20 1 6 10 7 22
18 24 10 13 17 23 30 24 19 11 23 11 8 1 21 1 5 17 1 15
44 50 33 28 38 44 41 47 38 34 46 23 23 25 34 6 20 26 12 17
12 16 7 3 4 18 10 14 13 8 17 1 4 3 9 1 1 4 1 10
26 33 34 7 21 38 29 33 27 23 41 5 10 19 22 1 4 10 15 15
6 15 8 4 11 8 4 12 15 6 16 1 4 4 12 1 5 7 5 9
46 53 40 45 50 43 40 51 53 43 61 24 35 40 50 9 39 52 24 54
7 15 3 6 11 10 6 8 14 6 11 1 3 6 14 1 9 14 4 14
19 19 28 11 15 25 13 18 28 8 25 4 22 15 16 1 12 14 16 30
22 36 25 15 20 34 23 26 32 23 33 9 11 18 18 7 6 9 3 15
11 8 8 1 1 10 5 2 2 4 13 1 4 4 2 1 1 3 1 11
42 57 29 31 39 69 34 52 56 43 58 12 42 45 40 21 18 31 28 55
20 31 20 16 14 23 17 24 29 14 32 5 10 20 27 11 12 16 8 22
44 36 44 28 35 43 35 40 43 30 47 15 35 36 36 11 18 30 23 41
53 58 41 37 49 73 49 63 65 45 63 12 39 41 47 14 16 36 28 58
27 21 24 12 15 27 18 28 21 19 33 11 22 16 22 1 3 13 10 23
10 9 7 6 8 14 15 17 5 4 18 8 12 1 16 1 1 6 3 9
15 15 9 8 10 20 12 20 19 12 17 1 8 11 22 2 5 9 5 21
27 33 18 17 21 41 28 33 32 20 27 3 12 17 31 2 7 18 10 33
1 6 1 2 4 6 1 1 9 1 1 1 1 1 2 1 1 1 1 1
20 36 23 18 30 38 12 36 33 26 43 10 25 19 26 9 9 19 13 31
42 52 32 31 43 47 28 45 49 29 54 16 38 26 38 10 27 32 22 37
31 31 33 13 18 38 20 35 29 28 45 7 28 24 33 5 4 14 20 33
18 20 13 8 12 16 7 14 18 15 21 3 11 12 17 1 11 14 6 19
21 36 29 13 20 34 13 32 30 24 42 5 23 17 30 7 14 15 18 32
40 46 26 46 35 54 27 58 51 33 61 24 45 34 60 21 32 28 28 59
60 65 55 22 36 71 34 65 56 43 60 22 45 41 39 23 17 27 38 48
17 27 14 22 26 19 22 23 28 26 35 11 9 19 29 7 13 25 2 24
39 51 38 32 33 56 26 47 55 25 51 6 33 36 44 16 25 27 31 54
43 45 30 32 39 43 42 56 47 48 64 15 19 29 57 7 23 38 17 47
53 65 36 37 40 60 23 51 58 43 64 16 48 50 36 24 18 41 29 66
42 52 20 31 37 55 31 46 51 28 48 15 29 18 35 14 11 21 12 38
34 43 26 27 25 40 25 39 36 31 45 13 24 34 28 14 5 25 15 37
7 7 7 8 7 14 13 16 5 1 15 9 12 5 17 1 1 6 9 10
51 68 57 45 50 74 46 51 67 54 71 20 44 40 51 31 29 41 26 57
29 28 34 14 15 46 27 49 32 26 43 10 27 25 40 9 6 8 25 34
22 29 21 19 25 31 14 26 35 21 30 8 19 21 18 9 11 16 9 27
48 58 27 24 36 55 19 48 54 33 50 12 31 42 31 19 23 19 27 34
30 43 34 16 30 39 12 34 41 22 43 1 33 23 26 7 18 23 22 38
29 42 33 19 32 40 17 25 42 20 33 7 24 22 11 5 12 23 7 31
63 76 50 43 57 72 48 48 72 43 55 18 42 48 28 16 32 44 26 43
17 17 14 19 19 21 13 30 21 10 25 12 19 13 23 6 7 13 12 21
36 42 22 21 28 41 30 39 40 20 36 10 22 27 28 10 12 29 22 34
35 57 22 48 51 57 38 65 54 43 62 28 34 23 54 16 34 38 23 47
20 26 25 12 30 31 23 33 35 21 36 8 9 21 31 1 12 19 17 22
29 36 15 23 23 33 23 33 31 16 25 10 12 18 29 5 16 19 11 27
8 15 24 15 19 18 10 22 22 10 27 9 15 12 20 5 9 15 14 24
7 11 9 4 8 9 9 12 12 4 14 6 5 4 12 1 4 6 3 8
19 28 22 16 21 30 14 28 24 24 39 7 15 16 17 4 4 10 6 18
13 20 17 6 13 20 23 18 18 7 21 6 4 6 15 1 2 13 6 15
17 17 19 4 9 19 12 14 18 11 16 4 9 9 10 1 1 7 5 14
11 23 9 13 16 27 9 20 20 11 16 2 9 14 12 7 5 7 7 13
27 42 18 28 23 42 23 31 35 22 31 8 16 25 14 11 10 14 5 19
27 39 32 23 26 42 22 42 37 29 49 13 26 16 40 7 19 15 20 36
17 32 24 15 19 32 9 29 32 11 26 2 21 12 23 8 11 12 14 26
27 39 24 23 18 49 23 33 32 27 37 3 22 31 20 14 6 16 15 37
41 46 27 26 28 53 29 48 45 22 42 15 29 32 36 15 16 6 25 29
38 58 56 34 37 59 28 44 56 44 58 16 34 44 37 28 27 29 30 42
25 26 25 16 25 22 24 31 32 25 35 10 12 24 32 4 13 24 15 30
40 43 43 39 47 56 50 58 56 45 58 23 29 25 51 22 9 37 26 53
13 17 9 8 9 8 10 8 11 10 13 1 1 10 11 1 9 16 1 14
11 12 12 5 11 11 12 14 15 5 11 6 3 4 6 1 2 8 2 9
48 52 43 41 50 53 55 51 54 36 55 32 37 27 45 11 34 43 22 45
10 12 4 13 6 14 8 22 9 1 17 7 14 7 21 5 3 5 10 10
22 35 21 17 28 26 22 31 33 18 31 10 11 17 25 1 16 23 13 20
8 8 6 6 9 10 7 8 12 5 8 1 5 7 10 1 1 7 6 14
18 19 6 13 16 19 22 18 13 13 29 13 15 3 24 1 8 17 2 19
26 33 16 20 23 34 16 31 35 22 33 3 18 24 27 1 12 27 16 40
39 33 37 1 19 34 28 28 32 32 40 4 22 29 25 6 5 19 19 30
19 23 30 17 19 33 13 19 31 14 29 1 23 22 26 5 15 18 21 38
28 43 25 23 27 53 31 37 40 25 39 5 17 14 26 10 4 17 10 32
4 7 1 1 1 8 1 3 2 1 5 1 7 1 4 1 1 1 1 1
24 31 25 23 18 36 29 33 22 28 47 14 20 22 42 14 15 25 9 30
24 50 30 30 32 56 17 38 44 41 57 14 38 33 39 27 26 27 30 47
25 34 22 22 25 30 23 30 30 30 45 12 17 25 31 12 14 25 11 29
7 14 11 5 8 13 16 13 13 5 12 7 5 4 12 1 4 6 1 5
3 10 12 6 9 15 10 8 14 8 13 3 3 6 8 1 1 1 4 7
57 67 46 49 44 56 40 44 61 41 62 18 41 54 52 24 48 55 36 66
8 14 3 7 5 14 18 11 10 1 13 5 4 2 13 1 1 11 2 11
13 16 23 5 13 18 10 16 23 10 14 1 9 10 11 1 8 12 4 18
43 46 32 19 24 49 27 39 44 22 39 7 30 29 29 9 16 26 21 41
39 57 39 38 29 54 20 53 50 37 59 18 36 46 46 30 28 25 32 47
6 3 11 4 8 6 2 9 12 2 8 2 6 4 10 1 4 8 6 17
10 18 7 1 6 15 12 6 12 3 10 2 7 1 9 1 4 8 1 8
49 48 40 30 52 63 43 58 60 46 66 16 39 28 46 1 20 33 21 51
8 4 8 1 1 8 3 12 7 3 8 1 5 5 13 1 1 3 7 13
14 15 4 7 4 21 9 11 9 3 12 1 13 6 8 1 1 7 7 16
7 11 10 4 10 9 6 13 15 5 18 4 6 5 16 1 6 10 3 17
19 38 22 21 33 37 27 34 36 29 44 11 12 27 29 12 17 23 19 19
35 31 27 15 17 46 30 48 32 26 44 6 33 24 44 9 3 15 24 41
51 62 55 43 60 55 39 56 68 56 67 26 35 42 42 12 33 40 20 44
39 55 25 35 33 60 27 42 55 19 44 6 27 30 31 14 20 25 19 48
8 15 4 4 5 11 14 8 13 1 8 3 1 1 11 1 2 11 2 13
22 24 24 4 19 20 12 22 30 22 32 1 15 21 23 1 6 18 12 29
28 29 29 8 20 36 22 35 31 18 32 8 19 17 23 1 5 10 15 21
3 7 3 1 4 6 3 1 7 1 9 1 5 1 7 1 2 4 1 5
12 10 15 2 12 28 15 22 23 13 24 1 14 12 26 1 1 6 12 28
27 32 22 12 25 31 17 28 27 21 36 13 22 13 17 5 3 17 11 22
18 16 16 1 7 21 11 19 18 12 21 5 15 9 17 1 4 6 7 20
2 7 8 1 4 5 8 4 9 6 14 1 1 5 11 1 1 5 1 10
36 45 34 21 30 43 20 36 46 14 38 6 25 28 25 9 23 20 24 28
23 40 20 27 34 28 28 31 36 30 39 15 11 22 28 11 19 32 4 28
50 60 30 49 47 59 44 57 60 45 60 19 29 36 56 19 20 48 27 61
38 51 36 23 26 51 31 49 39 33 50 11 25 26 40 9 17 23 17 36
25 36 24 11 25 36 19 19 38 20 29 1 16 13 9 1 5 19 5 29
10 8 4 10 12 6 11 16 8 7 14 10 5 5 19 1 7 13 2 11
59 66 34 58 58 71 60 54 63 47 64 28 42 30 40 16 21 48 14 56
50 51 49 26 47 63 43 54 61 41 63 9 50 42 59 11 28 45 39 70
9 4 10 4 6 9 4 8 12 8 7 3 4 9 6 1 1 3 3 11
1 4 8 3 7 6 2 4 10 2 10 2 6 1 8 1 3 7 5 11
20 20 13 14 14 27 26 24 19 11 22 10 11 12 20 1 1 18 5 26
20 21 21 3 11 31 19 22 25 16 27 1 11 6 20 1 1 5 4 24
54 75 42 46 52 77 38 67 75 46 69 10 41 60 50 21 35 44 41 63
42 50 47 32 49 61 36 53 62 46 63 4 43 51 55 13 26 41 39 67
29 36 19 20 25 27 27 24 25 28 43 16 19 16 26 7 11 23 5 22
47 53 44 33 42 61 54 58 53 52 68 16 27 36 56 17 18 40 21 54
7 8 2 6 6 8 9 6 6 3 8 5 4 4 7 1 1 4 2 5
26 29 25 18 12 32 16 36 33 17 41 5 19 27 38 13 13 15 15 37
41 45 28 15 18 42 24 34 42 29 43 1 19 33 32 9 14 19 13 37
13 17 11 4 10 19 8 18 18 9 23 4 15 4 13 1 1 4 5 19
60 65 45 44 59 68 57 58 69 54 63 33 40 44 39 21 20 41 22 46
1 4 4 1 1 7 1 1 4 2 7 1 4 1 1 1 1 1 1 1
23 43 17 31 38 41 19 45 45 34 53 13 22 28 40 13 22 29 19 41
6 15 7 12 18 11 8 12 17 11 24 5 4 8 19 1 8 15 2 15
35 35 26 19 22 29 20 32 32 20 40 9 28 20 28 6 14 23 8 36
20 34 11 21 18 31 12 21 32 10 22 4 13 21 18 14 15 16 11 26
10 15 15 4 10 15 16 11 19 8 15 1 3 5 8 1 4 12 2 16
34 45 46 28 34 45 24 42 50 26 43 14 29 29 36 11 26 27 29 45
5 10 7 4 4 21 8 12 10 2 12 1 7 5 12 1 1 1 5 12
35 39 38 21 32 45 36 53 43 41 62 10 24 30 51 9 12 26 25 45
27 27 10 19 15 31 25 34 24 15 29 11 20 17 34 8 11 17 9 25
20 21 21 4 16 21 16 21 22 15 24 1 7 15 14 1 8 12 14 13
26 36 16 25 21 42 21 28 37 14 30 6 17 21 21 12 12 12 10 31
30 32 31 18 18 35 18 41 31 28 44 6 25 32 42 9 13 20 24 39
6 3 9 1 1 14 1 13 1 3 13 1 11 5 13 1 1 1 8 13
42 59 41 24 44 59 35 46 58 42 54 10 20 32 29 7 19 29 19 36
44 52 35 28 37 58 40 50 56 42 57 9 28 35 41 1 16 33 23 55
17 32 29 24 25 26 20 18 31 20 41 5 13 22 28 8 16 31 11 33
28 31 23 15 18 35 20 32 32 16 25 6 17 21 21 6 6 5 10 16
57 59 55 31 45 68 50 51 62 47 68 17 43 38 40 11 18 42 22 67
1 1 8 1 3 1 2 3 9 1 8 1 1 1 3 1 1 2 1 8
52 62 44 36 45 59 43 46 62 45 62 12 31 33 38 10 24 46 14 61
14 25 15 19 20 23 10 17 31 12 21 1 7 19 13 5 11 21 9 29
8 9 8 5 7 11 9 9 8 3 12 6 6 4 12 1 3 6 1 7
18 26 2 12 12 20 11 14 18 8 12 1 8 11 6 1 1 15 1 14
38 42 27 18 28 46 34 40 39 27 43 10 23 10 30 10 5 24 13 40
23 50 37 45 47 46 24 42 56 34 53 17 33 39 45 22 38 39 36 52
16 34 21 19 28 24 7 19 35 23 33 1 13 22 15 7 17 22 5 24
30 36 26 12 27 30 30 33 30 30 46 11 12 24 31 2 13 22 11 16
13 18 12 13 12 20 16 22 14 8 21 10 13 10 18 6 4 8 7 8
55 55 41 31 33 59 57 49 56 47 59 16 20 32 34 13 9 32 6 44
33 46 28 20 27 49 31 28 39 29 41 6 20 17 27 10 6 23 9 35
33 32 34 4 17 34 21 30 35 24 31 1 23 31 27 6 6 17 16 28
14 23 12 8 16 14 7 20 21 13 29 3 9 9 17 1 6 12 1 18
35 43 24 32 18 52 19 47 38 25 48 17 40 30 51 28 27 20 34 47
49 49 36 30 40 47 36 53 44 44 59 28 42 21 44 9 25 33 17 41
28 33 26 10 27 32 24 32 38 24 30 4 13 19 24 1 9 14 12 23
53 55 26 36 36 67 29 48 54 41 51 12 46 47 31 24 14 30 28 55
13 23 12 7 12 23 24 18 21 9 19 6 6 1 18 1 4 11 3 13
14 30 16 16 13 29 8 26 24 12 28 1 23 17 28 11 13 13 18 25
27 34 17 30 21 42 19 37 39 14 39 2 29 22 35 14 15 17 23 45
23 21 21 10 2 30 17 24 19 21 31 1 14 18 25 7 2 11 12 35
42 51 41 30 37 55 25 49 47 34 56 12 39 33 36 14 17 26 25 45
43 52 28 19 32 51 22 46 46 26 45 14 37 30 31 17 15 30 27 51
56 61 39 31 37 52 23 57 55 42 67 19 38 48 44 25 27 32 30 52
31 49 21 24 33 42 24 36 43 34 47 4 16 25 28 7 10 26 3 35
11 5 6 6 8 7 12 13 7 6 12 6 3 4 16 1 1 8 1 8
31 35 18 21 24 37 35 33 30 19 32 18 19 13 15 4 3 18 6 19
13 19 13 10 16 23 19 17 22 14 17 3 3 5 17 3 4 11 1 15
63 67 45 38 50 72 50 62 68 45 64 13 35 39 44 14 22 40 24 52
10 15 15 4 8 20 12 8 14 9 16 2 6 2 6 1 1 1 1 6
34 47 45 21 37 41 38 46 45 38 56 16 16 29 42 9 24 29 21 23
5 14 13 3 8 24 10 13 12 4 18 1 13 4 18 3 3 5 10 14
35 48 42 31 23 51 25 35 40 39 48 13 23 36 31 26 21 24 23 39
10 11 6 1 5 8 3 5 9 4 12 1 9 4 9 1 5 7 3 12
44 52 47 16 30 56 30 42 47 38 52 8 31 31 25 10 14 24 26 38
35 49 36 30 44 48 32 56 46 39 54 16 19 34 41 9 23 27 22 26
27 28 21 17 17 27 25 36 17 24 41 15 23 12 36 3 12 23 10 31
25 31 24 18 24 42 29 36 34 21 34 8 15 23 26 6 5 17 15 30
35 46 41 30 42 52 36 50 51 41 63 13 33 37 47 11 22 38 22 54
43 47 41 29 41 48 36 43 49 39 62 22 38 23 34 11 20 39 16 52
10 20 22 16 21 29 14 24 26 9 31 7 18 13 20 4 8 13 13 26
19 28 19 14 23 26 23 20 29 12 20 7 6 14 11 2 6 17 6 15
18 10 19 4 14 19 12 20 24 12 23 3 18 10 16 1 3 6 8 28
6 10 8 3 7 8 5 8 13 5 10 3 5 4 4 1 1 3 3 4
29 30 19 22 23 36 17 27 37 15 26 2 23 29 25 7 12 21 18 38
6 5 10 1 1 3 2 7 5 5 13 1 3 6 6 1 1 3 2 10
60 64 47 40 52 66 59 67 65 56 73 26 35 45 52 10 21 44 31 57
51 57 37 44 51 55 51 55 54 38 48 33 35 30 41 15 28 40 19 38
46 43 32 20 29 50 40 44 36 36 50 15 28 17 35 5 6 28 8 43
4 4 7 1 5 9 1 4 9 1 11 1 8 1 5 1 1 3 4 12
16 31 17 13 18 22 18 12 25 16 27 5 8 15 18 4 9 21 6 21
13 21 20 19 29 24 17 25 36 17 27 8 12 20 23 6 12 19 11 28
65 56 55 38 51 64 67 64 64 57 75 21 44 51 55 14 24 58 32 73
23 25 21 10 21 24 24 30 22 16 28 11 11 10 23 1 7 13 6 12
40 39 46 13 35 39 39 43 46 37 42 15 15 31 32 4 19 22 19 19
21 29 13 19 23 33 19 30 25 23 39 8 18 13 21 6 6 16 6 27
27 36 18 22 23 30 24 29 23 20 35 10 15 15 27 1 12 23 9 19
25 33 26 21 26 33 29 20 33 22 28 10 10 19 16 5 10 21 5 26
9 10 12 4 4 7 8 10 9 8 15 6 7 8 6 1 1 5 1 6
45 47 30 28 43 47 45 52 50 46 58 14 17 37 47 1 22 38 21 40
40 51 43 23 31 50 23 43 46 33 55 12 39 30 30 11 17 30 25 49
50 61 45 31 43 68 32 50 61 48 57 16 38 43 33 24 22 30 22 49
19 27 22 7 12 21 23 20 21 13 23 6 6 13 18 6 6 13 1 12
4 7 8 1 2 8 6 6 9 1 6 1 1 1 2 1 1 1 1 4
9 16 13 1 7 14 8 5 13 8 14 1 2 7 6 1 1 6 1 9
15 30 18 15 21 27 12 11 29 6 26 1 14 11 14 1 12 21 8 27
22 30 25 19 23 23 25 30 32 26 38 10 9 22 33 6 14 23 8 27
16 28 31 15 20 37 18 23 32 21 39 3 22 13 25 4 7 15 13 34
8 20 3 11 14 19 10 15 17 9 19 1 6 9 19 2 7 13 7 22
26 27 14 7 13 33 11 27 26 15 27 1 21 11 23 3 4 10 7 31
18 35 29 23 30 39 16 28 36 15 37 7 20 20 19 6 15 18 12 29
6 15 13 12 18 13 8 15 23 12 20 4 2 12 17 2 7 12 3 19
14 15 11 12 9 18 15 17 6 9 22 11 15 10 20 5 4 10 6 8
46 47 35 36 34 49 28 40 49 19 41 18 38 30 29 12 24 24 21 38
39 51 34 21 23 48 28 42 44 34 51 2 18 31 39 8 16 23 13 40
21 36 31 17 27 38 17 33 41 31 48 4 18 27 31 10 11 19 14 35
6 13 3 2 5 15 12 3 10 1 5 2 4 1 8 1 2 7 1 7
14 33 13 18 27 26 7 17 34 17 26 1 7 15 15 3 16 22 7 25
41 43 35 14 36 45 42 45 46 34 47 12 20 18 36 1 13 25 13 32
30 40 26 26 34 39 28 28 44 22 41 9 26 11 29 8 14 31 13 38
42 43 48 15 42 47 37 45 54 33 45 13 25 32 35 3 23 28 26 31
11 18 14 7 11 9 15 12 13 10 20 6 3 10 15 2 6 15 1 12
22 24 18 13 16 28 29 22 24 14 18 10 6 7 16 4 7 11 4 18
26 50 22 36 43 48 33 34 53 36 44 10 13 25 32 11 25 36 11 38
14 17 14 6 10 18 14 17 18 16 24 4 8 14 21 3 6 10 6 21
20 21 22 16 21 28 28 29 28 16 31 10 14 15 33 1 11 25 12 36
6 9 6 3 3 16 8 9 6 1 13 4 10 1 12 1 1 2 5 8
20 26 16 7 16 25 12 15 25 13 22 3 11 8 6 1 1 8 3 19
3 3 4 1 1 4 4 9 1 1 10 2 4 2 9 1 1 1 2 4
50 64 40 40 45 76 34 51 68 39 58 3 40 38 37 15 22 35 26 64
57 57 20 41 34 60 47 56 48 31 51 30 42 23 41 13 23 30 15 45
45 56 31 37 41 58 44 39 56 36 49 17 33 26 28 17 12 42 16 52
18 23 8 19 21 23 14 21 18 15 28 11 18 11 19 5 7 16 4 17
13 18 12 10 13 20 11 18 18 15 24 1 8 15 21 1 5 11 8 21
14 25 12 5 16 17 11 18 25 11 16 1 1 11 13 1 7 11 5 13
34 49 17 36 26 56 26 53 47 31 47 5 23 33 44 23 14 23 23 49
9 11 11 1 3 15 8 13 8 4 12 1 6 5 17 1 3 8 8 18
11 15 14 5 8 17 5 16 12 10 20 1 10 11 8 1 1 1 7 9
51 52 30 33 47 56 51 52 54 50 61 12 31 32 53 1 16 44 19 56
46 47 32 38 39 54 37 37 45 28 44 21 42 34 29 13 16 39 21 51
6 10 7 1 4 12 7 4 7 2 7 2 3 1 2 1 1 1 1 1
20 21 18 13 14 26 27 27 13 11 26 12 15 7 26 2 5 15 8 19
13 17 4 15 12 16 10 19 15 7 17 7 11 9 11 3 1 4 1 4
22 38 14 25 21 39 32 24 32 29 40 3 5 19 29 14 7 27 6 31
10 20 1 8 10 18 6 7 14 4 8 1 4 8 6 1 2 9 1 10
36 50 34 26 31 45 21 39 50 36 48 1 17 42 34 20 25 32 20 41
43 57 41 38 43 54 37 54 54 42 56 19 28 39 38 6 20 38 19 47
28 31 32 7 19 39 24 36 28 21 41 5 22 18 29 1 4 11 14 29
8 7 3 3 1 10 8 7 1 1 6 2 7 4 7 2 1 1 2 4
45 42 44 20 38 55 41 43 48 29 50 9 39 25 38 1 13 32 22 52
14 14 5 1 3 13 9 4 8 2 11 1 6 2 9 1 1 8 1 14
3 14 1 8 10 17 8 11 16 8 17 1 3 7 12 3 3 5 1 13
34 46 34 22 36 43 23 29 47 37 48 10 23 33 23 15 14 36 13 47
38 44 25 15 31 36 26 37 40 31 45 11 22 25 20 4 8 29 12 36
32 40 38 13 26 43 12 39 37 35 47 10 34 30 30 13 13 21 25 42
53 64 22 56 58 63 50 55 63 43 61 22 36 30 57 10 34 56 20 63
27 22 9 17 7 26 12 28 15 7 27 11 21 21 27 11 10 6 14 20
54 50 52 25 38 62 44 59 52 47 62 23 47 36 36 13 7 29 26 51
6 6 9 4 6 8 8 8 10 1 8 5 5 1 10 1 4 8 5 12
56 69 55 37 63 70 46 66 77 51 73 17 37 43 54 7 34 50 37 64
18 24 8 13 15 21 26 20 19 15 30 8 10 6 19 1 3 19 1 16
44 61 24 51 43 49 30 49 52 41 61 24 32 52 53 35 41 41 35 49
4 11 13 8 13 13 7 8 22 3 12 1 4 5 7 1 6 9 3 16
15 25 23 13 15 39 12 25 26 18 31 2 20 16 18 9 4 4 13 25
10 12 9 6 12 8 7 8 16 1 10 1 8 6 10 1 9 15 5 18
23 46 30 17 24 40 18 26 35 30 46 4 19 23 24 13 13 23 13 33
4 7 6 1 7 1 2 5 13 1 6 1 1 2 7 1 2 6 1 11
16 24 24 10 9 28 12 20 16 15 22 3 14 13 15 4 1 2 9 11
25 28 32 17 29 24 30 28 30 16 33 11 11 15 20 1 12 22 11 22
13 20 20 9 10 23 16 12 15 5 20 4 14 9 14 1 6 16 7 20
16 17 17 4 7 18 7 16 15 9 12 1 8 13 12 2 2 5 4 10
45 61 43 45 50 68 34 57 67 52 61 15 38 49 50 21 35 40 36 60
11 15 14 3 11 14 16 16 17 7 10 5 1 4 4 1 1 1 3 2
43 59 23 42 36 52 37 48 46 41 62 14 26 38 42 14 22 41 13 46
46 59 30 49 48 60 42 62 59 31 67 23 43 22 58 12 35 39 21 55
37 41 39 20 32 51 27 34 43 36 43 12 26 26 22 10 11 17 13 33
23 35 31 9 22 30 11 19 35 16 31 1 17 14 13 1 8 20 5 33
34 38 23 14 22 42 25 28 34 21 29 11 27 19 8 7 2 22 5 33
11 12 9 1 5 11 2 11 13 5 12 1 5 5 7 1 1 2 2 8
9 21 21 12 20 10 7 11 26 12 25 3 4 13 13 1 11 18 4 19
24 18 12 15 18 24 28 22 22 14 13 9 8 10 11 1 1 13 1 17
26 34 34 24 43 37 26 44 49 35 51 8 19 35 39 5 19 29 23 40
4 7 10 3 9 7 1 10 15 1 10 1 5 1 6 1 3 6 4 13
32 34 31 10 31 33 17 35 43 34 43 1 21 27 29 1 10 19 18 35
6 9 7 7 11 14 7 12 18 5 11 1 5 7 12 1 3 8 2 20
6 17 21 8 12 22 10 15 21 12 26 1 13 11 20 3 6 11 10 24
51 59 26 38 40 49 49 49 48 41 54 24 29 33 45 12 29 43 17 38
38 57 30 32 41 60 22 54 55 39 59 10 34 39 40 17 20 34 26 56
16 11 22 5 10 16 11 12 19 14 17 1 8 15 12 3 4 10 8 20
7 5 3 2 3 9 2 6 6 2 7 2 5 4 5 1 1 1 2 7
20 36 15 25 22 33 16 24 26 19 34 9 18 25 22 16 13 16 11 15
45 48 53 34 37 59 39 39 52 36 50 15 40 39 37 11 25 31 29 49
29 36 23 23 31 32 30 24 35 20 31 14 21 11 17 1 10 27 3 28
11 18 10 5 2 29 16 13 13 7 20 1 14 5 17 2 1 8 9 22
34 37 36 4 27 46 19 38 42 24 37 4 25 19 20 2 1 10 14 32
6 9 5 6 9 11 1 8 16 7 6 1 1 9 2 2 1 2 1 9
3 2 1 1 1 7 10 10 2 1 12 3 2 1 13 1 1 2 1 9
26 29 24 10 22 31 20 23 34 16 23 5 17 12 21 1 11 19 9 32
42 53 44 38 45 44 43 53 49 43 62 30 33 28 51 16 33 43 20 45
10 3 7 3 3 6 9 11 8 6 6 5 5 8 11 1 1 4 4 9
11 8 8 1 4 12 5 12 8 5 14 4 12 6 10 1 1 1 8 13
30 52 22 32 28 47 22 32 43 33 49 4 25 38 30 20 19 36 15 46
20 35 17 20 23 24 21 26 29 17 31 7 10 18 24 4 10 21 6 20
57 60 60 29 58 60 41 57 68 48 72 10 44 47 52 1 32 49 44 65
40 39 31 21 19 49 36 44 34 35 53 6 24 24 40 11 1 21 15 42
21 24 23 6 11 20 9 17 18 20 32 5 16 15 21 7 10 15 8 25
16 15 8 8 6 23 12 19 12 7 19 7 17 8 16 5 1 1 7 16
2 1 1 4 4 2 9 5 1 1 5 6 1 1 8 1 1 4 1 1
14 19 25 10 16 23 15 19 19 14 24 9 13 8 18 4 9 8 9 11
43 53 20 36 50 52 56 49 55 40 50 21 16 15 38 1 17 40 7 37
3 1 3 1 2 3 1 3 6 1 1 1 1 1 3 1 1 2 1 5
29 37 31 13 24 35 24 25 34 14 29 9 19 11 14 1 12 19 9 28
30 40 33 29 43 48 30 50 53 44 56 9 24 41 51 11 24 35 32 55
37 54 39 32 51 54 31 51 63 48 58 13 26 47 44 14 32 38 35 47
33 49 29 19 34 45 33 29 47 19 36 1 16 21 26 1 19 31 14 31
11 15 9 3 8 11 5 13 14 3 12 1 5 5 11 1 5 8 5 12
48 68 30 47 62 73 58 72 74 59 73 24 37 53 56 21 25 50 36 64
59 64 35 35 47 68 35 57 66 46 60 18 49 50 36 24 16 39 30 62
52 53 40 26 43 63 49 54 59 36 49 9 31 41 41 8 12 31 25 40
42 45 26 35 38 40 23 41 44 30 47 17 38 27 37 9 28 34 13 45
18 21 11 14 18 20 12 19 21 16 26 9 14 10 12 4 2 7 3 16
50 50 44 33 39 57 39 59 52 37 65 15 47 39 54 12 24 36 32 60
33 49 35 24 39 46 33 42 52 29 45 12 20 22 32 5 20 22 11 28
20 24 19 6 12 28 20 18 20 10 23 5 11 3 17 1 6 10 3 21
46 48 41 41 46 45 47 43 49 34 49 28 33 26 36 6 29 44 19 46
48 54 46 10 42 58 37 53 58 49 63 2 26 38 45 1 15 31 30 47
39 52 28 31 31 44 40 35 49 37 42 11 14 36 33 13 22 43 11 46
7 17 11 7 17 16 9 19 27 9 15 1 1 6 19 1 8 12 4 24
37 43 34 24 32 42 31 46 37 35 52 21 32 13 39 3 18 23 10 38
20 31 9 10 15 26 17 21 26 15 27 2 8 10 21 1 11 18 7 24
49 68 37 34 34 75 36 59 58 39 62 9 34 46 41 22 23 24 33 45
25 26 14 14 10 27 20 28 23 15 29 4 13 20 30 6 9 18 9 34
21 25 26 7 22 30 26 33 36 18 28 5 8 12 28 1 7 15 12 30
49 55 29 36 46 49 42 57 50 44 62 24 36 28 53 4 31 46 28 53
6 6 3 7 8 10 4 8 13 7 9 3 2 9 8 2 1 2 2 10
13 18 13 8 12 21 16 17 13 6 15 7 9 7 14 1 3 8 6 10
13 14 13 4 11 15 13 21 15 8 23 6 9 8 15 1 3 6 11 11
22 34 15 21 17 37 18 28 27 14 33 5 19 21 24 7 6 17 10 28
7 10 9 1 6 10 9 10 13 1 9 4 6 4 9 1 1 6 6 11
39 51 37 28 35 62 36 52 52 49 65 10 35 43 49 20 16 30 27 52
20 14 19 1 10 22 16 20 22 11 12 1 10 13 9 1 1 6 7 16
9 11 10 6 6 20 7 16 9 5 16 3 12 8 14 1 1 4 8 14
12 10 7 3 7 13 13 12 14 5 12 5 7 6 15 1 4 9 1 16
26 33 10 33 26 35 24 34 36 14 31 17 24 23 28 17 19 16 13 30
29 46 28 22 42 40 24 36 53 34 50 5 22 16 31 8 14 31 15 43
51 49 37 25 31 54 37 53 40 42 59 18 41 26 41 4 15 29 19 46
27 36 21 30 33 33 28 20 36 17 35 11 22 24 24 1 21 36 13 40
37 45 27 27 29 40 35 32 34 29 38 17 19 23 16 5 7 21 1 16
30 49 21 38 22 55 17 41 39 29 46 13 37 39 41 31 26 24 33 44
2 4 1 1 5 5 6 9 12 1 8 1 1 1 14 1 1 5 1 15
16 11 5 9 8 20 15 21 14 6 17 4 9 5 19 1 1 8 1 20
1 3 4 1 3 1 1 1 6 1 5 1 1 1 1 1 1 4 1 3
19 31 20 13 19 31 26 21 29 15 26 8 5 10 14 1 5 9 1 14
7 15 11 5 10 11 6 11 17 6 13 4 4 6 8 1 4 6 1 8
16 16 19 5 11 14 11 19 19 16 23 1 8 15 20 1 8 11 8 19
13 31 28 10 17 31 14 20 26 21 36 3 14 19 21 11 7 12 12 20
13 20 16 7 13 21 13 15 22 6 13 3 6 7 10 1 3 11 5 18
1 3 1 1 5 3 1 1 8 1 1 1 1 1 4 1 1 5 1 6
1 6 1 2 3 12 3 2 6 2 6 1 2 1 3 1 1 1 1 2
37 49 28 43 37 58 23 47 46 32 61 13 47 34 43 19 28 30 27 55
45 47 44 23 41 55 51 55 51 39 56 19 23 33 41 5 15 34 24 40
51 51 52 29 36 60 40 59 54 55 73 21 40 36 49 19 17 32 24 58
42 60 33 38 37 56 14 58 58 39 63 11 35 51 52 26 37 24 44 46
9 12 7 8 9 10 9 13 13 6 16 6 5 7 13 1 1 5 2 9
3 6 6 3 5 8 5 4 9 2 4 2 1 3 4 1 1 1 1 4
37 66 42 53 59 60 46 42 69 45 57 28 36 46 37 26 42 52 30 49
