1000 20 10 2571
5 4 4 13 9 8 7 2 6 9
5 3 1 7 3 3 2 0 8 9
3 8 8 5 6 13 6 7 1 1
3 1 1 10 15 1 19 2 6 11
2 23 14 11 3 5 7 7 16 1
12 5 7 1 15 13 4 20 2 1
0 1 2 9 1 7 9 4 5 0
9 8 12 4 1 4 7 4 11 5
0 6 2 7 5 8 12 9 0 30
3 9 1 0 1 5 5 6 1 1
5 7 5 2 9 9 2 20 12 8
3 3 3 2 1 4 3 5 2 5
11 9 16 6 1 2 7 8 1 8
7 14 10 1 6 3 3 0 2 7
9 3 2 5 22 14 13 4 9 6
0 14 13 5 12 8 8 5 13 19
11 10 9 3 6 0 3 2 9 1
3 9 2 1 10 9 5 3 2 1
11 9 12 13 11 27 0 6 9 4
13 8 9 4 9 2 3 1 0 8
4 1 10 4 9 0 10 5 2 1
12 8 7 7 6 7 4 10 20 10
2 1 1 5 3 5 3 3 1 7
1 4 2 0 0 4 0 4 1 7
1 5 5 2 5 4 2 1 4 1
10 14 8 1 3 4 0 16 3 1
1 8 0 6 9 6 4 2 4 5
2 5 2 2 9 1 3 6 3 2
14 7 14 4 6 7 3 10 13 9
1 0 2 8 1 2 6 3 3 2
2 0 6 2 8 4 1 2 2 1
6 5 1 4 3 0 12 7 0 8
3 4 9 3 6 10 20 3 2 3
1 3 5 1 9 4 1 1 14 1
5 5 9 5 1 6 2 3 1 2
7 3 3 22 6 2 2 4 21 3
3 5 5 4 4 7 7 1 3 0
4 2 14 13 9 7 4 1 11 15
1 8 9 4 1 10 3 3 8 4
8 8 1 3 2 2 8 4 4 5
2 3 7 8 0 1 1 7 0 7
3 15 13 7 18 2 4 5 13 8
0 10 13 8 4 3 4 1 8 12
4 4 6 0 1 1 5 1 11 2
1 11 5 4 5 9 5 3 4 14
5 5 10 4 12 6 4 5 2 4
10 11 2 5 1 1 1 1 5 4
4 0 7 4 2 3 3 2 4 1
1 4 7 2 4 11 1 4 10 6
8 27 14 9 5 0 1 3 10 6
6 5 9 9 1 4 1 3 2 9
6 9 11 16 9 13 16 17 3 16
13 9 2 2 4 7 2 4 4 4
0 2 6 8 1 13 1 4 4 9
5 5 4 3 8 4 1 0 5 1
0 1 6 2 1 5 5 6 5 4
19 7 6 4 3 6 8 4 1 15
0 1 11 0 9 3 6 2 10 7
0 7 4 10 0 3 4 2 4 7
14 8 3 3 2 1 6 2 3 6
4 1 5 0 3 18 3 4 16 18
10 20 5 4 5 1 5 3 8 2
10 12 14 0 10 10 10 5 6 12
6 4 7 4 4 5 12 10 3 4
2 2 0 12 3 1 2 2 12 11
0 7 2 9 2 8 5 1 20 2
7 4 6 0 10 1 12 10 14 8
3 5 3 1 0 0 1 7 6 5
3 6 0 4 1 11 4 0 4 2
16 10 2 18 16 15 3 6 4 11
2 2 5 5 6 1 9 18 4 0
1 2 2 7 3 0 7 0 7 5
4 14 10 8 9 2 21 4 8 2
28 2 7 4 7 4 2 10 6 12
6 1 7 8 8 8 7 11 16 2
14 2 5 3 20 0 0 8 1 4
9 3 12 1 2 1 9 14 1 13
2 4 3 2 8 2 2 8 7 3
3 7 4 3 5 7 0 4 2 7
6 13 6 3 2 7 9 2 15 30
6 1 11 8 17 7 5 5 5 14
4 19 8 16 3 11 5 11 16 17
5 1 2 1 10 6 2 7 13 5
9 10 2 4 9 6 2 13 13 7
20 8 15 11 1 5 15 9 3 4
5 13 12 16 10 8 15 5 7 6
2 6 17 20 18 5 9 15 7 8
4 8 6 4 15 5 7 8 8 10
2 1 2 1 12 5 2 1 0 1
10 3 7 2 7 3 4 5 9 1
8 1 10 11 5 7 11 12 2 2
3 8 2 2 4 1 3 2 3 6
5 7 3 2 3 8 0 1 1 3
2 32 6 16 11 0 10 3 2 4
17 9 16 13 2 6 9 5 7 15
4 6 8 13 6 0 19 24 3 1
3 1 4 7 10 12 18 14 5 7
1 18 6 1 12 5 0 4 2 6
3 5 0 2 5 4 1 1 6 4
6 9 0 11 9 4 23 5 0 10
1 6 3 2 2 2 7 1 1 2
7 2 1 4 1 0 4 4 6 10
1 23 4 11 9 3 6 20 16 1
1 13 3 2 2 3 4 3 10 2
19 3 6 14 22 7 2 4 8 5
5 1 2 10 8 1 6 3 7 2
1 5 5 2 9 3 0 1 1 6
1 5 7 16 4 3 5 3 7 14
1 3 2 1 1 5 1 8 4 6
19 13 5 9 4 2 2 11 1 13
6 4 2 8 6 13 1 22 17 7
14 23 5 10 0 5 16 0 16 15
7 8 3 3 2 6 2 13 3 14
4 11 10 9 5 0 12 14 8 27
5 6 2 9 3 2 1 1 1 12
0 8 13 13 7 8 3 1 1 4
11 1 8 5 1 2 4 8 4 7
1 8 9 10 4 18 14 8 2 18
4 14 10 17 7 8 7 13 10 13
5 11 1 1 20 7 1 0 7 4
4 2 6 6 7 7 6 0 9 3
21 24 7 2 6 10 11 2 14 3
3 4 17 11 18 2 6 9 2 2
14 5 20 4 20 1 13 0 3 11
29 11 1 0 6 2 4 7 13 18
6 6 15 6 13 20 6 24 8 2
9 12 11 1 4 1 8 5 4 1
6 11 9 6 11 3 10 5 4 7
5 2 6 20 8 6 1 7 5 6
5 1 7 2 14 11 5 4 8 5
1 0 2 3 5 3 8 0 2 6
4 12 1 1 2 5 0 6 6 7
2 5 2 4 7 5 1 3 6 6
0 4 2 0 1 2 8 1 2 0
8 0 9 0 2 4 1 10 5 7
14 2 7 0 16 2 10 7 13 15
6 2 5 2 7 6 7 1 1 1
5 4 10 4 1 6 8 8 4 5
5 2 10 7 13 16 15 14 8 6
3 3 2 16 7 8 12 8 9 2
4 0 4 5 1 3 8 2 3 6
6 11 7 10 23 10 3 17 3 15
3 3 10 14 6 18 6 2 8 4
2 10 8 0 8 5 10 4 12 1
15 3 14 3 6 13 24 13 7 9
6 3 1 2 2 1 4 2 3 4
10 10 13 5 5 18 8 17 1 9
1 0 4 12 8 4 2 0 1 1
9 7 1 2 3 1 25 0 5 5
7 9 8 11 2 5 20 17 16 8
2 10 6 19 9 3 13 5 9 1
0 6 2 5 8 4 2 4 1 1
4 4 1 3 3 2 7 4 2 3
4 0 6 5 4 5 20 3 1 9
3 7 11 9 10 1 1 4 8 6
3 9 4 9 6 3 2 5 8 4
12 5 7 11 19 0 3 13 12 1
0 4 1 9 1 3 2 10 5 2
3 4 8 2 11 7 6 22 10 11
2 2 2 15 4 10 8 5 4 6
13 1 21 11 10 3 7 13 9 5
5 5 12 3 4 8 1 18 6 5
5 6 0 2 11 8 6 2 7 7
4 1 1 2 6 1 1 2 2 6
3 3 7 2 4 1 3 0 3 6
0 4 10 7 5 2 7 1 1 6
5 5 3 3 1 2 1 6 3 0
11 0 0 1 11 2 1 2 12 8
5 4 8 0 5 8 5 0 15 2
12 18 6 6 3 16 1 26 3 10
1 3 5 1 1 0 2 0 6 6
10 4 2 3 7 6 10 12 4 1
16 5 11 6 3 11 8 2 6 4
3 7 5 11 5 11 16 11 6 2
10 2 6 12 0 10 17 26 10 1
0 6 1 3 2 2 12 7 8 10
4 3 10 3 10 2 2 9 3 0
3 5 1 3 8 16 6 4 1 5
2 5 6 5 3 3 2 13 4 2
9 0 6 9 17 3 8 10 7 9
4 1 12 2 3 6 5 9 9 3
4 3 14 12 4 18 3 3 13 4
2 1 5 11 4 12 13 13 8 12
12 8 8 4 5 17 17 2 1 8
5 3 9 9 5 15 5 8 3 4
8 0 26 11 11 8 8 12 1 9
0 1 3 5 5 5 2 5 4 1
5 4 1 19 3 1 2 13 5 1
2 8 5 3 0 3 5 2 9 3
1 6 2 13 16 5 1 5 7 5
3 4 1 5 1 4 7 9 8 8
6 6 16 2 11 12 19 2 11 4
1 1 3 5 7 3 4 3 3 2
7 4 2 8 7 6 0 1 4 4
13 5 8 5 12 3 1 4 3 18
4 0 8 1 8 15 8 15 4 3
8 5 3 4 6 1 19 4 16 25
2 9 7 14 9 0 6 1 9 7
13 2 22 5 11 4 5 11 13 11
8 3 4 13 7 13 9 4 3 7
4 16 13 10 6 6 0 2 4 0
14 7 11 14 5 7 6 20 1 5
11 16 12 11 12 8 2 8 2 12
10 3 9 2 13 8 3 5 1 20
11 1 22 5 7 3 2 12 11 3
11 3 0 2 6 4 8 2 1 3
9 8 6 2 10 5 12 1 3 3
12 10 18 2 19 13 0 14 5 4
9 1 1 3 4 1 0 3 3 2
2 5 0 1 18 14 24 4 10 1
1 7 7 1 0 7 12 5 3 4
10 2 2 4 3 4 2 2 2 6
5 9 7 7 13 13 2 1 5 10
1 4 1 4 8 10 2 3 1 2
1 1 3 0 2 7 6 3 1 2
4 5 5 3 14 18 9 0 6 3
17 8 2 25 8 7 4 16 11 9
2 1 6 5 9 3 1 10 6 4
2 5 3 1 7 6 5 3 1 7
14 2 2 4 3 3 14 3 20 3
11 15 18 6 1 6 4 5 17 6
10 5 8 4 3 21 2 14 13 1
4 16 4 8 2 28 4 18 0 5
9 19 9 20 1 4 9 1 23 6
3 12 2 0 3 7 3 4 4 9
3 9 8 3 24 17 13 6 6 2
5 9 7 16 6 5 3 9 7 10
4 3 2 1 1 10 4 1 5 1
3 5 9 20 5 14 11 1 14 5
16 5 3 23 2 10 4 9 9 4
9 0 3 5 9 4 0 2 8 0
1 4 1 4 0 3 1 4 13 2
11 7 13 7 5 9 8 3 7 12
1 2 6 6 2 7 3 2 2 5
5 7 3 6 6 0 1 2 2 6
2 15 6 6 2 10 7 1 10 1
5 8 3 7 3 1 3 7 18 16
26 8 2 3 4 8 0 12 3 7
1 16 10 22 6 10 2 5 20 10
6 11 7 4 10 12 6 3 0 6
1 0 5 3 9 16 6 0 6 1
1 3 6 6 5 10 14 6 12 18
2 18 3 0 3 2 0 6 7 5
4 3 3 15 16 0 2 11 13 17
11 6 12 0 18 5 11 14 2 6
4 5 24 8 2 11 4 0 21 11
2 6 12 7 1 7 2 6 8 12
1 9 5 9 2 1 3 13 5 13
2 0 7 13 4 1 21 14 6 11
11 3 5 12 0 3 17 5 8 9
4 5 1 4 3 9 1 3 6 4
14 0 4 2 6 1 12 10 14 6
2 9 10 5 0 14 3 6 0 8
4 6 9 5 4 0 4 1 8 1
16 2 16 4 4 19 1 2 18 17
10 8 1 3 21 8 9 8 17 7
3 1 2 7 1 2 19 3 13 9
2 10 9 2 0 11 7 1 1 5
10 2 14 3 11 10 15 16 19 0
4 6 1 1 12 1 10 1 6 5
20 12 7 15 1 4 12 6 9 12
6 8 5 4 8 2 1 9 5 2
3 5 3 22 23 6 6 6 2 11
6 9 2 14 1 3 18 7 1 24
11 3 7 7 9 2 10 2 20 5
12 3 4 1 3 9 17 3 7 2
8 8 9 0 1 9 13 4 1 13
20 9 1 5 12 4 3 18 6 3
10 2 5 16 6 18 3 3 21 1
19 0 4 15 2 8 11 11 15 6
8 0 2 7 5 9 2 7 22 3
0 0 0 13 11 12 10 1 3 10
3 2 6 7 3 0 8 7 2 10
1 10 3 1 6 3 13 6 3 7
3 8 5 1 2 2 3 1 0 1
10 6 1 2 8 4 18 6 9 4
7 14 10 2 13 17 3 3 6 3
1 31 1 2 7 2 12 8 9 10
16 10 10 12 9 13 4 5 10 0
2 0 7 0 1 4 4 2 6 1
8 3 10 1 9 5 4 2 3 6
6 11 5 14 7 17 17 7 18 4
5 0 0 4 4 2 4 5 1 2
18 7 0 7 7 7 30 4 5 3
7 2 5 3 2 9 1 3 8 4
5 5 9 26 0 15 11 10 2 9
6 9 15 20 4 6 5 11 1 12
15 17 10 4 8 1 14 5 11 2
15 15 20 20 10 9 2 9 3 6
2 2 5 2 0 3 6 3 4 4
2 3 4 1 1 14 8 17 3 0
11 8 3 19 5 10 13 12 11 6
8 1 6 2 7 5 9 3 5 1
8 5 15 4 4 9 11 4 7 11
10 9 8 2 7 1 0 16 1 5
3 10 4 8 4 14 10 11 6 3
1 5 4 2 6 2 1 2 5 13
6 6 5 3 0 10 9 4 5 1
11 2 13 7 2 7 11 5 6 4
13 11 5 8 5 8 2 9 2 0
6 6 5 1 6 5 23 17 5 5
1 0 6 4 4 1 0 3 4 1
20 12 5 14 2 7 2 9 12 3
2 3 18 8 4 10 25 9 13 10
8 3 2 6 9 5 7 25 5 12
21 14 3 3 10 9 7 16 13 0
5 3 15 0 8 0 2 1 6 22
6 2 8 14 4 4 9 1 11 4
14 1 10 6 11 5 4 5 9 12
1 8 2 6 13 2 6 9 4 1
2 7 15 7 4 7 13 8 2 1
1 6 4 5 9 9 4 8 5 7
2 1 14 6 9 4 3 11 3 1
7 19 10 3 22 4 6 9 13 2
17 5 16 0 19 19 5 9 7 6
12 5 0 2 3 5 3 3 27 16
9 6 9 2 5 2 15 19 12 3
2 3 3 12 4 3 8 0 2 1
1 7 7 0 6 9 5 5 1 6
1 3 8 4 2 2 1 7 3 6
12 6 4 1 6 3 2 2 6 4
4 3 3 3 9 6 1 11 2 7
11 20 10 0 7 16 8 14 3 7
7 14 3 2 9 12 8 14 5 1
9 14 21 4 4 3 6 3 19 6
11 7 2 8 6 7 2 2 1 5
9 1 2 1 7 15 16 4 4 23
1 4 1 7 3 10 4 5 6 4
5 9 12 1 3 2 8 9 9 6
2 4 4 8 1 4 1 6 3 2
7 1 0 3 1 2 3 14 8 2
7 1 3 4 9 3 1 5 3 1
4 2 1 1 9 2 3 13 13 3
10 1 10 1 5 8 4 6 1 7
5 6 1 4 1 6 1 17 4 10
6 7 6 1 2 6 2 4 6 1
0 6 4 6 1 10 11 0 1 4
3 3 2 31 6 14 3 7 0 4
10 2 12 6 12 6 12 14 13 1
3 15 11 13 7 4 13 24 7 8
23 2 3 6 11 2 0 0 20 5
3 3 7 1 4 0 4 0 2 12
10 7 4 2 4 5 3 3 1 5
6 7 8 7 5 6 3 2 0 5
6 18 4 1 1 22 5 2 18 3
2 10 2 2 8 5 9 8 11 0
10 11 4 1 10 1 8 5 4 11
7 3 2 5 5 4 3 6 4 5
2 10 6 9 15 4 12 9 1 7
12 4 3 1 1 16 2 12 8 7
2 1 4 5 2 4 3 3 0 6
3 2 5 3 9 7 3 7 10 1
2 5 1 9 8 1 20 21 6 1
17 5 14 2 2 18 2 24 4 9
5 11 9 6 2 18 8 0 4 2
3 10 4 10 6 8 1 2 2 12
14 4 9 8 8 5 12 18 2 10
7 2 8 7 4 4 2 10 2 6
10 0 3 9 3 2 3 19 6 6
2 10 1 5 1 0 7 1 8 5
6 5 2 5 3 4 1 1 5 6
17 3 9 4 4 1 14 11 8 11
8 14 16 6 1 4 2 3 1 15
13 8 4 6 7 5 2 7 4 19
12 7 9 10 6 11 5 6 5 6
8 6 3 2 2 14 0 14 6 1
2 10 1 4 3 6 2 4 6 1
4 8 4 2 9 1 2 4 0 5
7 10 5 6 1 6 5 4 27 1
8 6 2 2 28 8 6 4 8 4
1 4 9 5 0 2 2 3 9 15
17 16 4 3 15 2 1 16 0 2
2 7 6 15 11 13 16 8 1 8
3 0 1 0 1 4 9 3 4 3
23 2 13 1 14 8 7 2 0 9
13 11 8 4 10 2 2 0 0 14
0 4 17 8 16 21 4 1 4 8
2 4 8 4 21 22 10 5 12 2
5 5 5 3 5 3 7 2 6 4
10 4 5 8 12 4 5 18 4 4
4 0 12 0 8 1 19 2 3 7
20 2 11 6 9 9 5 13 3 19
5 5 0 3 6 7 7 1 4 0
17 6 4 2 0 6 3 13 4 12
9 8 1 11 3 7 26 1 12 5
4 3 9 3 2 6 2 1 1 2
3 9 4 1 4 1 7 5 2 3
26 5 2 1 2 5 1 18 12 2
2 14 8 7 25 3 4 21 3 3
5 9 7 9 8 9 3 1 12 9
7 11 2 2 4 11 9 2 5 6
2 2 4 9 7 6 11 11 5 3
5 11 3 1 5 3 8 5 2 6
6 5 8 0 9 2 1 5 10 2
1 1 2 4 1 10 12 6 14 1
17 7 4 17 1 15 10 3 3 9
1 4 1 6 8 10 8 6 13 10
5 1 3 4 2 2 5 3 2 2
0 15 1 15 5 22 2 11 3 0
0 3 9 4 4 3 7 4 6 2
1 9 9 5 15 11 2 4 19 7
10 5 4 9 13 2 3 3 15 3
7 0 12 16 4 17 12 5 2 6
0 8 8 7 3 9 7 10 4 6
1 2 0 3 0 6 4 0 9 4
2 6 6 1 3 1 4 10 10 2
1 1 7 10 7 11 6 2 7 9
4 0 24 2 12 1 5 4 1 6
5 4 0 0 8 7 2 2 2 1
11 0 0 3 3 4 6 2 4 1
9 1 3 5 15 8 11 12 7 20
4 4 7 0 4 1 6 3 8 1
3 15 9 14 12 6 8 18 21 2
1 4 1 1 11 8 1 6 9 11
13 4 5 1 9 3 9 0 12 26
6 10 9 5 1 12 14 8 2 7
2 5 2 11 3 9 2 5 2 12
23 13 10 8 8 5 7 1 12 5
7 4 5 2 19 3 10 1 1 12
1 0 3 10 2 4 5 4 0 1
1 7 2 14 6 3 4 3 10 3
4 2 4 1 16 5 1 7 8 17
4 13 3 5 19 15 6 11 9 3
13 1 11 7 3 10 5 3 11 1
3 4 3 5 3 3 1 2 7 1
0 2 1 15 4 8 11 9 8 8
6 11 0 3 8 3 5 7 19 11
1 2 1 7 1 1 1 9 1 3
9 4 9 6 8 3 3 5 0 7
8 5 2 1 0 3 1 2 3 3
2 6 11 1 7 10 3 9 2 3
3 1 3 1 2 10 3 7 7 10
8 12 0 10 18 3 12 11 7 8
6 11 10 7 12 10 4 18 10 12
0 23 5 20 3 20 7 5 8 6
5 13 9 28 14 3 0 8 3 6
3 3 3 9 13 3 16 3 10 13
7 2 2 2 8 2 5 9 6 2
4 6 9 19 1 10 1 8 9 10
3 7 5 16 17 15 2 11 21 1
3 0 2 0 1 8 4 5 5 1
4 23 8 2 19 4 1 0 3 2
5 7 10 17 7 9 3 15 12 10
2 1 14 2 5 9 5 4 2 7
1 2 9 8 7 0 2 12 2 1
2 0 0 4 1 5 8 3 1 3
12 10 8 13 17 4 8 5 0 1
5 10 5 18 11 23 7 7 14 3
3 7 5 0 6 4 0 4 5 3
15 0 9 2 0 6 1 0 2 6
7 0 5 18 10 4 2 2 8 5
8 12 7 7 4 0 4 6 6 1
0 20 3 3 2 14 23 1 5 9
7 1 10 4 4 4 1 2 5 17
7 4 13 12 12 2 13 13 26 1
2 9 2 1 10 8 11 2 6 14
10 11 13 3 18 18 17 0 9 4
3 0 7 2 2 4 2 4 2 6
3 10 4 3 10 3 13 19 0 1
0 18 1 24 16 1 8 11 11 7
25 3 7 12 7 6 12 5 9 21
1 6 10 9 18 6 7 8 1 13
2 16 12 1 2 1 8 2 0 7
16 11 11 4 16 5 3 11 5 17
4 2 2 8 8 5 4 4 1 7
9 5 11 1 5 17 0 2 10 4
3 2 5 5 15 2 7 7 8 1
20 1 6 3 0 3 2 3 5 9
10 2 9 6 2 1 10 3 1 7
0 6 6 0 4 2 8 5 5 6
10 3 15 5 3 2 1 3 3 10
6 1 5 0 6 0 0 9 15 6
13 1 12 2 2 18 4 15 10 13
17 3 1 2 5 15 1 8 4 24
5 1 1 6 3 1 2 10 1 3
5 16 1 17 9 8 25 2 7 9
13 0 2 1 3 7 0 3 16 18
7 11 8 1 3 13 15 9 3 5
17 15 9 7 7 19 6 2 17 7
3 7 0 2 3 2 0 1 1 6
4 15 14 5 2 10 2 1 27 13
16 4 5 1 6 9 5 1 6 9
3 7 3 10 4 2 5 3 12 5
1 0 0 10 4 1 5 9 11 9
3 12 1 6 3 7 21 12 7 11
6 6 4 7 5 16 10 4 13 1
2 5 1 14 5 9 1 10 13 3
12 12 12 8 10 0 24 6 6 5
4 5 1 1 3 4 1 12 2 0
1 2 6 0 1 5 5 2 1 5
11 13 20 11 5 13 5 11 11 3
2 4 0 5 6 1 1 3 6 3
3 8 1 3 5 4 3 1 10 7
5 4 14 4 3 13 7 2 0 12
7 0 6 25 15 1 12 10 0 1
3 0 8 6 2 5 4 3 13 1
3 13 15 3 2 15 4 0 13 4
20 13 3 2 5 16 11 1 10 4
10 7 6 17 2 8 14 1 13 5
4 20 1 7 8 0 4 10 27 11
3 14 8 5 8 4 2 9 5 10
3 16 2 10 1 10 10 2 8 8
10 4 5 1 6 12 13 9 4 6
7 9 14 2 6 6 7 1 13 4
1 2 5 1 2 1 19 2 29 15
11 8 8 1 6 10 5 6 4 15
8 1 7 9 2 6 4 14 3 2
4 4 17 14 24 10 12 9 2 6
13 4 12 3 9 6 8 2 20 10
7 7 8 3 11 2 8 4 17 24
3 4 3 1 4 0 1 1 3 6
3 4 1 0 3 6 0 3 3 3
6 1 4 6 4 3 1 3 6 0
3 2 0 4 7 5 0 3 2 2
5 11 16 0 6 5 6 11 29 9
11 4 19 18 2 4 6 16 9 2
3 1 6 1 4 1 15 2 0 0
4 6 15 13 9 11 10 10 12 19
4 9 5 5 2 8 3 2 6 1
10 10 9 6 11 2 14 2 13 1
9 5 10 3 2 3 2 2 3 6
0 3 3 3 5 2 5 4 8 0
5 7 7 8 6 15 8 0 1 5
8 2 5 21 1 0 2 11 6 1
5 11 5 2 1 4 5 5 5 11
17 15 2 11 2 1 6 12 19 5
9 1 2 1 3 0 13 5 4 8
5 14 3 3 30 4 4 11 4 5
4 3 7 0 1 5 3 0 9 4
12 1 15 11 10 4 2 4 20 8
3 8 3 11 2 2 5 1 4 1
0 2 4 9 2 13 7 7 5 4
16 23 12 7 1 6 8 6 6 12
10 6 7 5 8 6 4 14 11 18
5 7 3 14 10 7 0 3 2 3
2 1 2 4 3 11 4 11 2 2
0 3 4 15 5 10 12 9 4 7
10 11 0 23 5 4 7 25 3 4
9 9 3 10 5 8 5 12 3 10
7 7 4 5 4 1 3 0 2 3
5 1 13 7 0 2 9 0 12 13
13 5 10 1 6 12 2 0 6 11
7 3 2 4 2 0 1 4 3 5
0 1 5 5 3 2 4 8 6 5
6 2 11 5 1 2 9 10 5 7
2 1 13 6 13 6 27 4 2 5
8 6 11 16 10 12 2 0 19 3
12 4 17 9 7 9 4 20 16 7
12 9 7 1 1 13 11 3 3 4
17 20 1 2 18 0 6 6 1 7
2 16 10 3 20 8 8 9 11 2
6 5 2 7 19 3 18 8 22 1
11 3 7 3 4 19 1 11 11 12
12 1 3 2 2 8 1 2 2 2
10 6 3 8 1 4 18 7 15 11
4 8 0 10 6 2 3 0 1 1
6 0 3 3 5 2 2 3 5 3
5 2 6 9 9 8 10 2 0 0
1 3 8 1 1 4 1 2 3 0
4 2 10 2 0 3 0 7 7 1
5 2 4 4 0 10 2 3 4 6
12 13 20 3 14 7 9 0 12 4
1 12 16 0 6 13 3 1 19 10
1 5 0 4 7 5 0 5 7 6
3 1 1 6 6 3 1 6 4 2
2 6 8 7 3 0 1 8 17 6
24 13 11 10 2 0 10 3 1 3
5 11 4 9 6 0 3 4 2 2
15 15 1 2 18 9 1 3 4 11
16 12 7 6 7 2 9 4 7 4
0 6 13 3 7 6 4 9 4 4
5 3 5 8 7 3 6 5 5 3
6 6 11 2 1 3 6 1 1 2
1 8 14 3 13 11 13 0 1 8
13 4 2 0 6 2 7 6 30 18
3 1 1 22 4 3 15 21 6 18
7 4 2 16 2 7 4 5 5 2
5 17 4 2 9 11 12 14 26 3
5 5 8 28 8 6 14 1 8 5
7 4 4 4 2 4 2 2 1 1
6 1 2 7 1 7 1 5 0 1
6 12 5 4 8 9 6 2 9 7
5 2 8 10 1 4 0 4 9 6
4 2 1 5 2 1 9 1 1 5
0 8 12 7 1 26 22 3 5 12
11 12 0 11 9 2 3 9 10 0
10 11 7 6 4 3 8 17 0 8
2 10 4 5 12 4 27 4 2 9
6 11 2 3 0 2 7 10 0 1
1 3 4 6 2 5 0 5 12 11
2 4 12 10 1 9 1 10 2 20
8 1 7 14 21 4 1 12 20 14
3 2 8 2 2 1 2 7 2 1
7 2 3 0 1 3 8 1 2 2
2 17 8 7 4 5 13 12 6 16
27 12 0 7 5 5 8 2 0 8
0 3 14 1 8 20 5 1 0 4
8 0 13 9 3 15 7 9 5 11
4 2 7 8 7 1 10 2 3 5
10 2 13 0 0 5 2 2 10 2
5 13 4 3 4 9 9 3 19 0
2 6 8 16 6 13 17 3 0 19
6 1 5 9 6 1 11 2 16 11
3 6 4 24 10 8 3 7 21 6
20 1 10 18 4 7 19 14 8 2
13 14 2 3 3 7 4 2 9 5
6 13 7 3 11 11 14 10 1 19
5 1 15 5 3 5 8 4 7 21
14 2 3 8 2 7 5 9 8 26
4 3 3 2 4 4 5 18 3 9
2 7 4 7 12 1 5 3 14 2
8 15 9 2 1 10 0 21 7 6
8 9 8 24 10 4 4 15 21 1
9 0 3 7 4 1 5 4 6 9
1 2 4 15 6 3 9 12 1 8
1 2 2 1 6 6 3 1 4 3
8 8 4 2 9 1 2 2 1 5
10 5 19 3 12 6 7 25 9 13
7 10 2 1 7 10 5 5 3 7
0 1 6 3 1 7 4 3 6 9
14 2 3 2 17 3 6 2 5 2
4 6 9 14 0 14 16 9 17 3
2 6 1 16 14 13 8 20 14 7
11 2 7 4 5 8 10 5 2 6
1 12 5 4 9 7 0 11 9 1
1 2 7 3 11 4 11 16 8 3
12 2 3 13 22 17 6 16 6 6
4 6 3 13 5 14 7 11 0 1
0 3 5 1 14 2 7 6 3 3
1 3 2 4 1 5 8 3 0 5
6 3 3 7 18 0 0 4 6 8
2 2 21 18 0 13 0 4 10 0
8 17 4 4 4 10 6 1 10 4
0 1 2 6 1 6 0 7 0 2
5 6 4 9 0 2 4 4 9 2
1 4 4 3 9 2 2 3 2 1
8 1 25 1 4 6 2 10 1 13
6 3 2 2 1 2 7 7 3 2
5 4 13 3 7 7 19 2 27 4
5 5 8 9 1 3 6 9 6 3
2 10 7 6 11 9 4 3 12 8
6 17 2 1 12 12 7 1 0 16
18 16 6 10 8 12 16 9 3 14
8 3 2 13 2 4 11 1 5 21
1 10 11 7 1 18 16 3 5 13
4 0 2 6 0 4 5 2 1 12
11 10 4 1 7 11 3 18 5 3
8 10 6 0 9 13 6 10 2 0
4 7 1 16 12 14 11 7 7 8
6 2 2 2 0 20 0 10 5 1
9 2 12 15 4 8 2 7 1 10
14 8 1 7 10 2 1 6 1 9
4 9 7 2 21 3 7 16 1 12
20 14 5 0 1 2 10 6 5 5
5 11 15 26 13 5 5 0 6 4
5 8 1 5 2 5 8 3 5 9
14 20 2 4 7 1 18 4 7 8
7 4 5 1 3 1 3 1 6 2
2 3 3 7 1 5 18 6 6 0
8 10 0 5 15 1 6 3 2 2
7 9 1 4 5 9 2 2 3 7
3 5 5 5 7 12 0 5 2 2
10 11 8 1 2 5 0 6 5 12
6 4 17 24 14 12 14 3 11 4
4 6 7 6 1 4 12 17 10 3
0 5 7 7 4 20 16 5 3 26
12 1 7 8 5 20 2 2 0 19
0 10 5 7 3 14 5 4 11 5
18 12 26 15 8 2 8 2 1 9
1 5 6 9 11 1 2 18 12 5
17 20 13 0 12 4 8 4 1 7
22 7 23 5 6 7 7 7 9 4
2 9 2 9 11 9 3 21 9 7
1 0 6 0 15 6 8 5 7 1
6 6 9 1 18 12 22 6 15 5
10 9 3 20 7 5 4 7 27 3
12 2 8 0 7 0 2 18 2 3
7 1 4 2 11 7 14 19 15 21
4 4 14 20 1 2 7 9 2 10
21 11 4 7 9 20 4 7 2 0
4 4 11 4 5 5 12 4 5 16
1 7 0 7 0 4 3 9 7 11
26 20 3 5 3 6 11 13 5 2
4 9 7 2 1 4 2 2 3 1
5 5 13 15 4 5 1 6 3 10
17 2 10 11 12 7 13 5 10 8
2 7 0 2 3 6 5 4 0 1
4 1 4 1 1 7 0 15 16 2
8 7 11 1 3 7 16 6 4 21
4 4 6 6 13 8 9 1 1 5
2 2 2 17 17 3 21 4 5 6
7 4 18 11 10 8 9 16 4 10
3 3 11 8 9 11 4 11 6 6
12 3 4 18 4 7 6 1 12 0
12 11 2 2 4 2 19 5 3 5
17 4 5 6 0 0 8 5 13 11
0 1 4 2 0 0 3 6 2 7
3 1 3 2 3 5 4 7 6 4
10 2 2 4 3 1 2 5 2 5
3 5 9 4 13 2 20 25 1 7
8 2 9 3 18 9 13 1 22 2
0 9 0 7 2 1 1 0 7 0
16 6 15 8 1 8 7 3 8 9
9 2 5 3 19 7 2 1 6 12
5 4 3 0 3 5 9 11 2 1
1 3 4 9 2 15 12 2 8 8
2 11 8 12 4 12 9 19 2 2
8 9 11 1 8 6 3 12 23 1
2 4 3 2 5 14 5 4 4 10
4 0 6 2 3 3 1 0 8 7
4 7 1 0 11 11 12 3 1 17
12 2 11 4 1 4 9 28 6 2
9 2 19 8 15 13 3 12 8 1
18 1 15 10 12 4 7 3 3 8
1 13 14 22 0 4 9 3 8 4
2 1 1 7 1 1 1 3 7 1
16 2 5 21 4 9 16 3 15 9
1 1 2 4 5 3 2 3 4 10
3 9 2 15 6 7 8 7 5 1
3 19 7 7 13 12 1 13 6 20
3 11 11 3 12 6 10 1 1 1
0 4 1 2 6 7 2 0 4 5
2 1 6 6 1 5 1 4 6 3
6 4 5 2 4 4 0 0 3 3
2 13 19 19 4 10 6 2 10 4
5 25 0 1 6 3 4 24 1 9
8 9 10 7 3 12 6 4 5 2
5 15 5 5 27 7 3 11 13 8
3 2 4 1 0 2 2 6 2 5
5 1 12 2 4 0 3 13 5 13
2 8 24 11 1 5 5 16 2 0
11 5 4 4 0 2 16 6 10 4
6 1 2 5 5 4 7 3 2 1
10 7 3 8 3 0 5 1 5 1
1 1 11 2 2 0 1 7 6 11
1 9 0 2 1 4 2 7 4 12
3 1 3 5 2 9 5 4 2 2
8 9 1 7 10 13 8 4 2 4
5 4 6 10 1 0 4 1 9 8
2 1 1 7 2 8 13 0 15 7
10 4 21 11 1 10 4 8 6 4
1 5 2 0 5 4 4 6 0 1
7 0 1 5 1 5 3 0 6 4
4 12 26 7 4 10 0 13 10 2
1 5 2 5 3 9 7 0 5 1
4 6 11 13 8 9 10 11 10 1
2 12 5 5 2 1 1 7 2 1
11 5 3 11 22 1 16 10 15 4
5 8 1 3 4 1 5 5 5 1
14 12 11 2 3 17 19 1 1 14
11 4 0 14 28 4 3 7 1 6
7 6 8 3 16 9 0 0 15 6
3 3 12 21 4 1 7 23 12 15
19 0 3 6 17 0 12 3 5 5
1 2 6 4 7 2 7 4 9 3
3 7 2 0 2 6 6 2 1 4
6 7 13 9 7 5 12 6 8 6
2 14 10 4 15 1 17 7 13 17
9 0 3 1 13 9 7 8 13 10
4 5 1 0 6 3 4 1 3 0
5 9 7 3 6 2 4 2 4 10
3 8 2 6 3 2 5 5 1 6
1 4 0 4 0 7 4 1 3 1
4 12 3 3 2 5 5 4 6 18
5 0 5 4 2 4 1 4 4 2
1 1 9 1 12 3 4 4 12 10
9 5 4 5 2 8 6 8 0 4
6 5 7 7 2 7 6 1 1 3
3 0 1 1 6 2 0 7 3 1
5 8 15 4 15 7 20 10 7 1
3 11 0 1 10 2 11 2 0 8
4 6 3 0 7 4 8 3 3 1
5 1 8 0 3 4 1 10 1 1
4 4 0 13 27 2 4 4 8 3
6 9 8 3 7 3 2 0 0 2
1 15 11 0 1 4 10 11 12 4
7 9 2 5 6 3 1 3 4 6
5 0 5 4 8 6 1 6 10 5
16 6 5 8 1 6 9 4 9 4
5 18 8 10 6 1 1 2 4 8
8 9 5 5 1 0 2 13 4 9
4 5 10 3 7 9 1 3 10 5
5 6 14 2 9 2 4 1 24 6
4 3 4 2 7 0 1 4 1 2
1 11 0 4 5 5 16 6 5 8
15 21 8 12 17 4 5 12 2 9
1 0 8 9 3 7 5 3 5 1
7 5 9 3 10 10 6 2 5 3
2 0 3 2 3 10 0 2 8 5
2 2 2 3 3 6 8 4 6 6
17 11 2 14 16 14 0 7 13 10
9 4 17 16 7 1 2 2 11 5
3 13 15 9 2 16 5 2 1 2
5 7 2 13 4 9 20 8 2 2
7 1 2 3 10 5 4 5 5 4
1 9 4 2 3 6 5 3 2 9
1 0 5 1 4 1 6 2 3 3
3 16 4 7 5 14 7 3 11 4
3 6 4 14 11 8 6 0 6 1
1 2 3 1 4 4 5 7 7 2
3 0 9 3 1 4 1 1 2 2
5 5 26 7 7 0 6 5 1 11
7 0 16 17 20 2 8 16 11 2
7 18 17 0 3 1 5 5 0 4
4 1 4 5 0 0 13 11 5 6
5 3 4 4 7 2 5 1 5 0
0 0 1 14 0 7 2 3 10 2
5 5 5 4 5 4 14 2 9 17
6 2 6 7 5 4 3 14 3 8
13 2 5 8 2 5 1 4 12 1
5 10 0 1 1 6 2 1 2 4
30 4 4 8 4 5 15 2 9 8
7 5 3 6 1 11 10 2 6 11
1 0 2 4 2 2 7 0 1 8
7 10 8 1 6 15 5 1 4 4
12 2 10 3 14 31 1 4 9 3
1 3 3 21 5 4 18 1 9 11
5 2 15 0 1 8 2 2 1 5
11 18 4 8 2 7 12 2 5 2
1 13 2 12 10 19 2 5 9 15
17 3 2 23 15 8 2 12 10 9
1 3 1 8 6 2 3 10 6 0
3 2 7 10 8 2 2 1 6 12
20 12 10 3 5 8 3 2 13 4
0 16 9 6 5 8 4 2 4 13
0 2 5 3 1 0 7 7 1 0
1 16 1 4 4 5 12 8 8 1
10 25 17 8 14 0 9 0 7 11
5 6 3 1 1 1 3 4 3 10
2 18 8 3 2 1 3 7 6 8
3 4 10 14 10 8 3 23 3 13
3 4 2 2 14 14 2 6 3 12
1 10 14 10 11 12 5 7 9 16
7 1 5 7 12 6 9 3 3 9
0 6 0 6 6 5 6 3 3 7
19 7 4 1 2 25 2 13 11 14
2 7 1 16 9 23 8 0 5 10
1 0 5 6 5 5 7 0 11 3
6 11 1 8 5 7 2 5 9 0
16 1 5 7 7 19 5 2 6 8
11 9 0 1 17 5 3 10 19 12
3 15 2 5 1 6 1 5 1 2
5 0 21 18 19 2 3 0 3 6
17 8 1 12 2 9 15 5 10 1
6 1 3 1 3 5 2 2 0 4
5 9 5 14 10 8 0 16 7 2
3 14 3 1 2 2 13 14 14 10
9 0 3 4 6 4 4 7 6 2
8 0 0 5 1 9 14 6 5 2
1 0 17 4 4 4 2 3 6 5
4 5 4 0 1 8 1 1 9 3
2 14 4 8 7 15 2 5 1 2
8 14 10 11 1 3 23 1 4 0
1 3 4 5 4 1 5 4 5 6
3 23 7 6 17 4 9 6 14 8
3 10 7 10 14 7 6 5 3 19
4 0 6 10 13 0 20 10 18 12
3 3 9 1 10 4 2 3 4 5
1 22 2 1 10 10 15 6 7 4
6 30 8 13 8 1 1 9 16 1
3 1 2 3 2 3 7 3 0 5
5 8 6 4 4 1 5 4 1 10
2 3 8 5 3 5 2 5 4 6
4 18 6 5 1 14 5 1 1 2
7 0 7 4 5 1 2 3 2 6
9 4 6 8 2 5 1 13 2 22
2 2 11 2 11 5 6 11 16 14
5 21 12 1 7 21 6 10 12 5
7 8 2 12 9 12 5 4 4 6
4 17 2 12 17 3 13 9 18 1
5 7 3 2 13 5 8 11 4 4
1 11 3 5 3 6 20 1 8 13
8 5 11 1 8 11 12 11 9 18
5 1 2 3 11 1 1 7 1 1
3 21 13 6 1 4 7 12 17 4
3 1 7 7 5 3 5 4 7 3
13 9 9 20 0 9 8 9 6 8
5 12 15 14 11 7 4 10 5 9
16 11 6 6 0 13 13 13 7 23
9 4 1 10 14 6 7 1 4 2
15 2 6 10 8 4 8 9 4 15
9 5 8 0 1 2 9 4 6 6
9 10 5 4 8 19 3 10 5 9
8 7 10 1 9 7 5 10 13 26
4 9 9 14 20 18 10 3 7 4
9 4 6 3 5 1 2 2 17 6
3 17 10 4 13 7 2 18 7 11
15 1 22 13 16 15 8 1 2 9
5 9 3 10 8 18 9 4 8 15
1 9 3 2 4 1 4 10 1 4
8 2 0 5 14 12 5 8 5 2
0 1 5 6 3 5 0 4 2 1
11 1 2 9 15 0 1 7 20 4
8 14 2 1 10 4 4 6 9 10
8 14 10 3 10 12 7 13 4 5
2 17 9 9 11 2 8 3 9 24
11 11 6 9 4 5 2 10 17 0
0 1 12 9 3 7 7 7 9 1
13 11 10 20 23 10 9 2 5 9
18 3 9 5 17 18 4 10 7 6
8 2 0 6 0 10 2 1 3 1
11 0 2 28 6 6 4 6 5 10
3 2 6 7 11 3 1 15 2 3
1 5 3 8 14 1 3 4 8 4
5 4 2 4 9 1 11 2 5 1
3 9 8 3 6 2 11 0 8 20
8 2 1 5 13 6 4 6 16 8
0 5 11 1 1 10 3 1 6 1
11 11 16 9 4 11 13 12 1 1
12 4 12 5 11 6 12 21 5 0
3 1 1 10 2 2 7 3 18 3
5 2 17 4 1 6 11 10 15 17
4 7 1 9 6 8 1 2 5 1
2 5 6 4 11 6 3 5 8 5
4 8 12 3 11 5 21 1 4 2
3 18 2 12 2 11 13 6 2 9
7 7 7 6 1 9 14 13 0 22
4 14 29 12 4 10 12 1 1 5
3 0 4 1 7 6 2 4 8 3
15 9 7 1 4 5 10 8 10 3
4 4 1 6 1 5 8 9 4 1
11 3 5 4 9 12 17 2 2 7
19 10 11 8 9 10 10 19 1 0
3 19 3 3 6 18 11 7 7 11
10 11 0 10 8 9 10 1 2 2
4 8 4 6 9 10 10 3 13 11
5 5 6 4 8 2 5 11 6 1
2 1 7 2 3 6 6 0 6 6
1 9 5 1 9 9 7 18 5 7
7 13 9 2 5 10 1 12 5 18
14 13 2 12 12 3 6 6 5 10
11 14 2 10 5 4 20 8 6 4
0 3 2 5 2 2 0 6 7 1
7 8 19 12 3 16 6 1 10 8
11 13 5 1 8 0 12 1 7 6
7 3 13 3 5 19 15 0 8 0
10 0 6 5 12 6 11 2 6 5
19 10 4 8 13 3 1 17 4 3
6 10 7 5 6 1 2 1 4 2
9 15 15 1 10 7 26 10 3 6
27 15 6 4 14 0 10 9 6 2
3 20 1 0 3 0 19 5 10 9
11 12 6 10 11 11 2 9 6 23
2 6 17 12 2 4 7 18 5 11
15 2 24 15 15 4 6 10 10 8
10 8 11 4 7 25 8 8 8 14
18 22 5 0 4 12 6 9 9 18
6 2 6 15 5 13 2 18 16 5
5 8 8 2 4 12 10 4 3 0
15 8 1 8 3 8 9 4 5 4
8 2 4 9 7 3 5 5 2 3
22 12 18 16 7 4 2 7 11 6
2 10 21 6 1 7 18 5 15 20
2 6 12 4 11 16 13 1 10 12
4 16 3 15 10 19 14 9 5 4
1 0 0 3 12 3 9 1 6 7
8 6 6 7 7 25 6 2 5 2
6 6 6 1 6 2 3 3 8 8
10 3 3 3 10 1 3 6 10 2
6 7 14 0 15 3 1 16 28 2
20 7 1 13 9 16 1 18 0 6
4 6 1 6 6 4 11 8 5 7
13 2 4 0 11 4 1 1 12 1
9 7 3 1 13 3 2 4 2 6
10 3 8 4 18 10 19 5 9 5
8 5 9 11 3 1 7 27 3 16
5 2 3 2 3 0 3 6 19 9
18 2 4 6 3 12 13 2 6 5
2 8 9 8 7 9 2 8 2 11
5 4 1 1 0 1 6 4 1 2
1 6 5 1 11 1 3 6 0 6
6 6 10 2 10 3 6 11 1 16
11 21 8 10 2 12 0 6 12 1
5 3 10 12 5 17 13 7 2 2
1 9 15 7 15 11 22 14 7 12
7 1 17 3 6 3 1 6 13 0
0 8 4 3 4 6 12 4 10 7
5 3 6 6 6 5 1 5 12 1
5 2 5 2 5 4 1 5 6 0
12 8 9 8 7 14 16 0 18 19
13 9 1 10 9 12 10 3 0 4
1 2 1 5 7 1 5 3 2 3
1 5 6 6 8 2 2 1 1 6
2 10 2 1 2 0 10 1 5 0
7 30 3 15 4 3 3 16 1 3
7 11 3 8 6 0 18 20 8 6
3 9 4 0 2 5 6 5 4 7
11 1 1 6 15 2 7 1 2 8
9 10 9 3 8 3 4 6 4 8
19 17 3 16 6 3 0 0 3 20
11 4 9 4 14 3 8 7 6 18
0 16 9 4 2 25 9 3 9 6
5 6 4 3 2 17 7 7 6 3
1 5 2 7 4 5 1 1 2 0
11 11 13 11 6 14 8 3 9 17
8 0 26 3 1 1 11 5 3 8
2 3 16 5 5 20 2 3 16 11
4 1 1 1 5 7 2 3 4 3
15 1 12 10 5 14 5 14 2 0
11 18 3 4 6 12 15 10 11 5
1 44
1 46
1 77
2 16
2 26
2 57
2 100
3 4
3 10
3 24
3 67
4 41
4 48
4 99
5 21
5 72
5 76
6 42
6 55
6 93
6 104
7 57
7 70
8 54
8 56
8 83
9 67
9 85
10 11
10 21
10 110
11 57
12 60
12 78
12 101
12 103
13 55
13 70
13 92
15 18
15 36
15 77
16 43
16 44
16 50
16 65
16 78
16 94
17 56
17 71
17 113
18 65
18 71
19 62
19 66
19 72
19 76
19 108
20 96
20 104
22 84
22 105
23 36
23 115
24 83
24 106
25 38
25 47
25 70
25 107
27 30
27 105
27 116
28 121
28 128
29 44
29 80
29 89
29 129
30 47
30 86
30 110
31 110
32 129
32 131
33 51
33 80
33 107
33 111
34 85
34 96
34 132
35 74
35 78
36 89
36 111
36 116
37 56
37 61
37 80
38 86
38 130
38 131
38 132
39 54
39 62
40 44
40 49
40 81
41 94
42 100
42 106
43 44
43 51
43 54
43 98
44 64
44 89
45 73
45 88
45 103
45 133
46 83
46 97
46 101
46 118
46 135
46 139
47 97
47 120
47 127
47 134
48 68
48 84
48 87
48 119
48 121
49 58
49 80
49 99
49 131
50 77
50 126
51 89
52 86
52 92
52 132
53 87
54 69
54 71
54 98
54 127
54 133
54 137
55 120
55 147
56 115
57 69
57 72
57 99
57 125
57 152
58 74
58 139
58 157
60 64
60 129
60 136
61 62
61 104
62 78
62 86
62 108
62 133
63 81
63 144
64 83
64 94
64 129
64 162
65 88
67 106
67 133
67 167
68 71
68 87
68 144
68 162
69 141
70 100
70 117
70 128
71 153
71 169
72 79
72 155
73 127
73 133
73 149
74 81
74 92
74 110
74 123
74 158
75 94
75 96
75 114
75 128
76 91
76 101
76 169
77 89
77 100
78 104
78 142
78 148
78 155
79 131
79 170
80 96
81 155
81 156
81 163
81 169
82 111
82 120
82 135
82 176
83 86
83 128
83 161
84 143
84 151
84 172
85 150
86 111
86 132
86 170
86 178
87 128
87 151
87 163
88 102
89 91
89 94
90 153
91 103
92 104
92 159
92 173
93 124
93 159
94 117
94 130
94 131
94 132
94 140
94 147
95 120
95 142
95 169
96 109
96 111
96 188
97 111
97 114
97 139
97 155
98 121
98 146
99 127
99 171
100 101
100 130
100 170
101 117
101 161
102 131
102 140
102 147
102 191
103 110
104 108
104 162
104 193
104 203
105 189
106 118
106 122
106 185
107 141
107 164
107 167
107 180
108 193
108 198
109 197
110 120
110 162
110 206
111 125
111 134
111 191
112 133
112 148
112 173
113 144
113 147
113 158
113 164
113 177
113 197
115 126
115 147
115 180
115 185
116 137
117 135
118 191
119 126
119 145
119 161
120 124
120 149
120 175
120 195
120 210
121 167
121 168
121 210
123 209
124 159
125 136
125 163
125 193
125 210
126 156
126 178
126 218
127 174
128 174
128 187
128 192
128 212
129 152
130 170
130 174
130 183
130 223
131 134
131 167
131 193
132 140
132 193
133 197
133 199
134 155
134 183
135 222
136 185
136 209
136 210
137 152
137 172
137 177
137 236
138 186
138 214
139 141
139 164
139 172
139 187
139 198
139 212
139 239
140 237
141 158
141 189
141 203
141 225
142 152
142 169
142 171
143 187
143 235
144 160
144 178
144 194
145 161
145 202
146 153
146 155
146 164
146 186
146 202
146 233
147 172
147 177
147 217
147 226
149 151
149 199
149 216
150 166
151 168
151 184
151 218
151 232
153 171
153 242
154 189
155 250
156 197
157 230
157 233
158 209
159 171
159 172
159 211
159 216
159 245
159 247
160 168
160 211
161 204
161 249
161 250
161 257
162 240
162 246
163 189
163 211
163 238
163 241
164 177
164 247
164 256
164 262
165 190
165 254
167 266
168 186
168 195
168 211
170 176
170 191
170 232
171 174
171 215
171 218
171 229
172 180
172 212
173 205
174 204
174 213
174 255
175 200
175 223
176 179
176 232
176 241
177 197
177 217
177 267
177 276
178 179
178 200
178 257
179 199
180 250
180 258
181 230
182 186
182 220
182 242
182 247
182 277
183 252
184 209
184 229
185 235
185 240
186 228
186 245
186 260
186 282
187 205
187 251
187 260
187 266
188 237
188 273
189 192
189 197
190 203
190 226
190 235
190 240
190 260
190 271
191 195
191 283
191 284
192 245
192 264
193 209
194 211
194 221
194 238
194 260
195 226
195 231
196 239
196 268
196 295
197 265
197 287
198 253
198 264
198 267
199 270
199 296
200 238
200 248
200 262
200 266
200 273
200 293
201 256
201 298
202 266
203 207
203 266
203 284
203 289
203 293
203 298
204 255
205 207
205 249
205 278
206 237
206 247
207 213
207 299
208 250
208 252
208 269
208 284
208 301
209 300
210 239
211 221
211 268
212 228
212 266
212 274
212 300
213 238
214 266
214 272
214 310
215 231
215 246
215 269
215 289
215 298
217 227
217 246
217 250
217 258
217 274
217 277
217 291
217 303
218 255
218 282
218 310
218 314
219 275
219 280
219 282
219 304
220 275
220 293
221 302
221 308
222 240
222 268
222 278
223 253
223 266
223 317
224 227
224 236
224 273
224 286
224 315
225 240
225 249
225 255
225 293
225 317
226 233
226 235
227 258
227 267
227 302
228 232
228 274
228 302
228 316
229 247
229 252
229 273
229 280
230 289
230 300
231 232
231 235
231 245
231 309
232 238
233 301
234 239
234 246
234 300
235 264
235 275
235 318
235 332
236 242
236 267
236 271
237 324
237 326
238 278
238 319
238 336
239 263
239 321
239 331
241 249
241 273
241 280
241 286
241 309
241 330
241 337
242 252
242 307
243 293
243 300
243 313
244 249
244 266
244 341
245 246
245 253
245 259
245 282
246 298
246 317
247 277
247 302
247 307
248 298
248 308
248 348
249 290
249 299
249 308
249 331
250 263
251 275
251 277
251 284
251 318
252 255
252 257
252 292
252 351
253 295
253 347
255 266
255 323
256 291
256 306
256 350
258 262
258 263
258 302
259 271
259 308
259 323
259 330
260 299
260 309
260 317
261 277
261 328
261 339
262 265
262 285
262 361
263 325
263 336
264 331
264 338
265 277
265 279
265 290
265 307
266 325
266 354
267 310
267 318
268 285
269 274
269 291
270 290
270 303
270 306
271 287
271 352
271 364
272 328
273 274
273 303
273 313
273 356
274 303
274 315
274 329
275 289
275 299
275 320
275 326
275 332
275 345
275 349
275 353
275 370
276 295
276 309
277 303
277 311
277 312
277 344
277 371
278 285
278 329
278 341
278 373
279 316
279 328
279 364
279 367
280 286
280 303
280 315
280 320
280 324
280 380
281 284
281 287
281 314
281 318
281 376
282 286
282 317
282 346
282 370
283 301
283 308
283 330
284 328
285 311
285 320
286 292
286 313
287 304
287 310
287 315
287 373
288 330
289 377
290 308
290 350
290 383
291 374
291 380
292 307
292 324
293 324
294 299
294 374
294 386
295 302
295 303
295 304
295 348
295 376
297 306
297 316
297 321
297 369
298 387
299 309
299 370
300 329
300 397
300 398
301 313
301 395
302 364
302 375
303 348
303 398
304 316
304 396
304 404
305 360
305 381
306 315
306 317
306 348
306 360
306 390
307 312
307 331
307 379
307 404
308 323
308 336
308 390
309 353
309 370
310 311
310 347
310 382
310 393
312 346
312 368
314 411
315 318
315 323
315 403
316 323
316 368
316 383
317 341
318 325
318 329
318 336
318 349
318 378
318 384
318 387
318 409
319 333
319 334
319 342
319 365
319 390
319 395
320 351
320 365
321 374
321 382
321 393
321 421
322 380
323 420
324 343
324 364
325 333
325 388
326 375
326 384
327 390
329 385
329 422
331 375
332 369
332 376
332 381
332 402
332 422
333 347
334 389
335 403
335 407
335 422
336 358
336 416
336 423
336 428
337 352
337 357
337 406
338 398
338 423
339 353
339 369
340 342
340 372
340 413
340 440
341 372
341 412
342 399
342 415
343 355
343 360
343 374
344 398
344 424
345 358
345 361
346 395
346 415
346 445
347 392
349 401
349 423
351 356
351 390
351 449
353 361
353 369
353 399
354 367
354 411
354 436
355 364
355 386
355 446
356 398
356 399
356 413
356 417
356 420
356 425
357 451
358 394
358 398
358 419
360 368
360 372
360 400
360 401
360 407
360 419
361 385
361 389
361 412
362 415
362 446
362 453
363 395
363 400
363 418
363 422
363 423
364 384
364 399
364 445
365 372
365 383
365 406
365 428
365 430
365 444
366 396
366 423
366 424
366 455
367 398
367 408
367 422
367 441
367 447
368 375
368 400
368 408
369 376
369 394
369 425
369 454
370 431
370 451
370 454
370 465
371 389
371 449
372 379
372 452
373 422
374 443
374 455
374 465
375 376
375 384
375 407
376 427
376 454
377 386
377 422
378 448
378 474
379 408
379 448
379 450
380 402
380 412
381 389
381 455
382 402
382 406
382 464
383 412
383 471
384 411
384 422
384 467
384 482
385 401
385 428
385 470
386 417
387 412
387 477
388 398
388 419
388 455
388 485
389 403
389 410
389 473
390 392
390 418
390 487
392 401
392 415
394 463
394 474
395 409
395 434
395 471
396 484
397 398
397 414
397 474
397 482
398 407
398 422
398 437
398 498
399 408
399 413
399 451
399 465
399 469
399 489
400 446
400 456
400 490
401 441
401 485
401 493
402 445
402 454
404 487
404 493
405 470
405 481
405 504
406 418
406 482
406 484
406 497
407 420
407 429
407 467
407 482
408 429
408 444
408 460
409 433
409 434
409 446
409 456
409 459
409 487
409 495
409 501
410 414
410 418
411 422
411 494
411 498
412 423
412 503
413 461
414 418
414 457
414 499
415 443
415 499
417 443
417 448
417 456
417 482
417 509
418 488
419 435
419 448
420 427
420 494
420 518
421 458
422 423
424 469
425 426
425 437
425 483
425 493
425 497
426 428
426 477
426 478
426 510
427 437
427 500
427 507
428 436
428 487
429 499
430 443
430 523
431 452
431 506
431 515
432 435
433 436
433 453
433 455
433 457
433 489
433 505
434 438
434 474
434 530
435 475
436 456
436 479
436 485
436 511
437 441
437 461
437 463
437 509
437 528
438 445
438 478
438 513
439 454
439 506
440 448
440 465
440 467
440 487
441 450
441 524
442 459
442 487
442 492
442 496
443 457
443 469
443 487
443 499
443 512
444 470
444 479
444 480
444 534
445 524
445 532
446 495
446 525
446 531
447 452
447 485
447 504
447 516
448 502
448 509
448 538
449 481
450 467
450 479
450 503
450 512
450 514
450 520
451 465
451 517
451 522
452 465
452 483
452 485
452 491
452 521
453 490
453 491
453 527
453 546
454 487
454 549
456 465
456 469
456 479
456 531
456 549
456 552
457 463
457 469
457 478
457 482
457 500
458 460
458 513
458 515
458 521
458 550
459 519
460 556
461 462
461 470
461 528
461 534
462 517
462 536
463 520
464 480
464 535
464 560
464 564
465 489
465 511
465 520
466 468
466 510
466 538
466 539
467 498
467 561
468 480
468 492
468 517
468 537
468 541
468 564
469 556
469 565
470 502
470 521
470 531
470 533
471 542
472 552
472 568
473 481
473 493
473 494
473 536
473 556
473 568
474 488
474 490
474 515
474 524
474 528
474 559
475 511
478 482
478 542
478 575
479 506
479 526
480 486
480 509
480 530
480 546
481 497
481 534
481 540
481 544
482 489
482 510
482 546
482 550
482 552
483 548
483 561
484 544
484 554
484 566
485 494
485 500
485 546
485 553
485 558
485 570
485 575
486 519
486 540
486 563
486 578
487 490
487 561
488 519
488 524
488 535
488 566
489 537
489 548
489 555
489 558
489 566
490 582
492 561
492 583
493 569
494 506
494 557
497 537
497 592
498 569
498 589
499 533
499 554
499 565
499 592
501 583
502 528
502 536
503 513
503 545
503 585
503 592
503 602
505 542
506 568
506 585
507 529
507 546
507 552
508 542
508 550
508 606
509 524
509 553
509 572
509 586
510 529
510 584
511 527
511 585
511 599
512 532
512 542
512 553
512 602
513 547
513 566
513 579
513 601
513 612
514 546
514 578
514 599
515 545
515 570
515 571
515 613
516 551
516 600
516 615
517 528
517 591
517 597
517 599
518 528
518 543
518 577
518 608
518 617
519 617
520 546
521 540
522 568
523 526
523 587
523 604
524 550
524 597
524 608
525 535
525 542
525 555
525 595
526 555
526 560
526 587
526 591
526 597
526 598
527 532
527 593
527 623
528 554
529 565
529 574
529 605
530 598
530 601
530 616
530 622
532 586
533 559
533 584
533 592
534 606
535 556
535 596
535 611
535 635
536 598
537 549
537 581
537 592
537 595
538 546
538 553
538 576
539 540
540 566
540 569
541 584
541 588
541 594
541 632
542 563
542 608
543 568
543 592
544 554
545 549
545 566
545 599
546 630
546 633
547 562
547 595
547 611
548 580
548 593
548 600
549 572
550 619
551 565
551 567
551 570
551 582
551 587
551 613
551 621
551 648
552 598
552 650
552 652
553 557
553 566
553 574
553 600
553 633
554 605
554 621
555 563
556 577
556 588
556 604
556 627
557 561
557 586
557 597
557 632
558 572
558 636
559 573
559 579
560 570
560 604
560 628
562 596
562 654
562 656
563 599
563 610
564 565
564 663
566 581
566 614
566 650
566 656
567 610
567 656
568 622
568 638
568 658
569 632
569 645
569 651
570 598
570 610
570 617
570 641
570 659
571 573
571 645
572 610
572 628
573 574
573 575
573 602
573 604
573 626
574 580
574 607
574 624
575 625
575 653
575 669
576 612
576 652
577 599
577 601
577 605
577 627
577 633
577 649
578 614
578 617
578 662
579 595
579 639
579 674
580 617
580 632
581 589
581 621
581 643
581 671
582 629
582 663
582 665
583 586
583 649
583 666
584 606
584 619
585 591
585 615
585 663
585 672
586 626
587 643
587 658
588 628
588 658
588 676
589 676
590 618
590 622
590 635
590 690
591 633
591 639
591 646
592 614
592 623
593 665
594 624
594 672
595 615
595 635
595 638
595 639
596 632
596 637
596 644
596 663
596 665
596 668
596 691
597 603
597 663
599 612
599 665
599 671
599 681
599 686
600 618
600 662
600 691
601 650
601 678
601 685
601 690
601 693
603 604
603 615
603 638
603 642
603 656
603 686
604 622
604 624
604 662
604 689
605 637
605 658
605 681
605 687
605 688
605 693
605 696
606 634
606 670
606 676
607 620
607 651
608 642
609 610
609 612
609 667
610 616
610 638
610 695
610 699
611 622
611 661
611 694
612 634
612 636
612 665
612 705
613 689
613 711
614 631
615 701
616 624
616 687
617 696
617 703
618 665
618 683
618 699
619 630
619 637
619 670
619 672
619 685
619 699
620 645
620 680
620 691
621 673
623 628
623 657
623 689
623 709
624 633
624 679
624 710
625 637
625 638
625 642
625 682
626 665
627 686
627 709
627 721
628 677
628 704
629 688
629 709
630 680
630 699
630 705
631 690
632 655
632 695
633 701
633 718
634 635
634 647
634 664
634 713
635 640
635 641
635 693
635 708
635 731
636 653
636 682
637 696
637 713
638 647
638 665
638 695
638 732
639 725
640 699
640 727
641 721
641 736
642 670
643 664
643 698
643 699
643 728
644 666
644 708
644 722
645 660
645 679
645 709
646 680
646 692
646 693
646 701
646 702
646 705
646 712
646 728
646 734
647 714
647 720
647 745
648 708
649 653
649 674
649 685
649 688
649 690
649 718
649 746
650 674
650 697
650 715
651 716
652 668
652 728
652 741
652 743
653 664
654 674
654 687
654 690
654 719
654 722
655 689
655 698
655 735
656 716
656 718
656 751
656 756
657 667
657 729
657 747
658 674
658 716
658 730
659 666
659 742
660 677
660 723
660 728
661 690
661 717
661 750
662 696
662 756
663 664
663 715
663 753
664 676
664 681
664 683
664 709
664 728
664 732
664 754
665 713
665 737
665 739
666 689
666 736
666 744
666 764
667 713
667 755
668 673
668 677
668 724
669 679
669 707
670 730
670 742
670 768
671 715
672 675
672 740
673 755
674 711
674 752
674 762
675 704
676 710
676 719
676 739
677 712
677 738
677 747
678 708
678 753
679 681
679 696
679 756
680 705
680 743
680 745
680 752
681 702
681 709
681 719
681 778
682 685
683 688
683 747
683 766
684 713
684 736
684 738
685 763
685 780
686 696
686 704
686 732
686 734
687 728
687 750
688 698
688 729
688 772
689 714
689 777
690 702
690 779
691 704
692 694
692 735
692 779
692 792
693 703
693 742
694 720
694 773
695 704
695 710
695 716
696 743
696 757
696 763
697 732
697 797
698 708
698 726
698 759
698 785
700 731
700 759
700 783
701 702
701 708
701 762
701 769
701 775
701 801
702 706
702 714
702 717
702 739
702 767
703 712
703 728
703 737
703 746
703 795
704 758
704 762
704 786
705 712
705 719
705 786
705 795
706 752
706 798
707 719
707 758
707 793
708 713
708 723
710 786
711 720
711 783
712 722
712 735
712 779
713 730
713 732
713 795
714 724
714 750
714 769
715 736
715 761
715 783
715 794
716 732
716 748
716 766
716 800
717 729
717 764
717 777
718 739
718 742
718 749
718 789
718 811
719 752
719 773
719 791
719 809
720 736
720 766
720 772
720 782
721 724
721 778
721 793
721 798
722 723
722 731
722 753
722 816
724 763
724 774
724 802
725 740
725 783
725 808
726 761
726 764
726 802
727 825
728 742
728 799
729 772
729 817
730 780
730 814
731 806
731 810
731 831
732 736
732 779
732 785
732 798
732 825
732 826
733 802
734 735
734 781
734 799
734 823
734 827
735 736
735 808
735 811
735 812
736 765
736 774
736 783
736 819
737 749
737 805
739 740
739 801
740 750
740 811
741 744
741 766
741 792
742 754
742 818
742 824
744 759
744 789
744 800
745 778
745 837
746 750
746 820
747 805
748 834
748 842
748 844
749 763
749 766
749 808
750 782
750 845
751 807
751 825
751 839
752 779
752 781
752 797
752 816
753 775
754 774
754 800
754 834
755 772
755 784
755 832
756 786
756 812
756 851
757 789
757 820
758 814
758 828
758 846
759 812
759 828
759 831
759 842
760 850
761 766
761 771
761 837
761 854
762 814
762 845
762 862
763 830
763 846
763 860
764 769
764 851
766 804
766 825
766 844
766 855
766 865
767 791
767 802
767 829
767 851
770 798
770 836
770 842
771 798
771 809
771 810
773 811
773 825
773 858
773 864
774 836
774 861
775 782
775 863
776 785
776 788
776 844
776 859
778 822
778 854
779 787
779 823
779 836
779 840
780 866
781 805
782 839
782 843
783 833
784 802
784 853
784 855
784 866
784 881
785 804
785 813
785 816
785 819
785 840
785 863
785 874
785 879
786 837
787 797
787 830
787 846
787 882
788 800
788 846
788 872
788 877
789 818
789 854
789 859
789 879
790 872
790 888
791 814
791 879
792 794
792 815
792 831
792 884
793 823
793 838
793 883
794 811
794 823
794 856
795 797
795 836
795 840
795 884
796 819
796 835
796 864
797 805
797 841
797 859
797 863
797 869
798 816
798 864
799 826
799 871
800 836
800 875
800 897
801 871
801 885
802 886
803 845
803 860
803 878
803 891
804 806
804 878
805 853
805 862
805 874
805 876
805 879
805 882
805 904
806 835
807 872
807 896
809 856
809 886
809 890
810 830
810 883
810 906
810 909
811 819
811 821
811 823
811 858
811 859
811 876
811 885
811 900
812 893
813 815
813 836
813 844
813 884
815 823
815 834
815 850
816 875
817 818
817 819
817 823
817 848
817 853
817 866
817 900
818 841
818 885
819 872
819 896
820 859
820 869
821 895
822 867
822 900
823 824
823 832
823 852
823 901
823 904
824 851
824 856
824 918
826 846
826 868
826 888
827 863
827 917
828 839
828 846
828 870
828 881
828 888
828 900
829 872
829 878
829 887
830 848
830 869
830 870
831 891
831 894
831 900
832 881
832 884
833 843
833 925
833 931
834 859
834 871
834 918
834 926
835 902
835 908
836 863
836 887
836 903
837 844
838 848
838 865
839 876
839 924
840 853
840 864
841 851
841 917
842 876
842 909
842 932
842 941
843 930
844 913
844 918
845 870
845 896
845 910
845 926
846 879
846 942
847 900
847 921
848 851
848 881
848 933
848 941
848 946
849 902
849 926
849 932
850 874
850 899
850 937
850 940
851 887
851 909
851 941
852 854
852 876
852 891
853 900
853 906
853 921
854 886
854 914
854 920
855 869
855 900
855 914
855 941
855 951
856 913
856 923
857 863
857 923
857 928
857 942
857 955
858 883
859 867
859 869
859 880
859 920
860 864
860 881
860 929
860 938
860 945
861 875
861 885
861 893
861 894
861 924
862 872
862 885
862 901
862 943
862 949
862 952
863 892
863 900
863 910
863 957
864 903
864 921
864 940
865 872
865 896
865 899
865 907
865 928
865 934
866 908
866 946
866 949
867 885
867 888
867 914
868 881
868 919
870 917
870 938
870 955
871 881
871 909
871 947
873 951
874 912
874 968
875 886
875 926
875 943
876 891
876 915
877 895
877 912
877 923
877 945
877 953
877 970
878 924
878 938
878 962
879 887
879 893
880 898
881 945
881 953
881 958
881 970
882 894
882 956
882 958
882 978
883 888
883 968
884 976
885 914
885 926
885 939
886 898
887 904
887 921
887 977
888 931
888 939
888 972
889 940
890 918
890 954
890 965
890 974
893 911
893 916
893 958
894 913
894 989
894 992
895 908
896 906
896 917
896 927
896 942
897 926
898 905
898 914
898 921
898 934
898 973
899 910
899 947
899 949
900 907
900 911
900 951
900 992
901 954
901 974
901 980
902 920
902 944
902 949
902 954
903 944
903 945
903 995
905 926
906 970
906 1000
907 936
907 942
907 943
908 917
908 977
908 984
909 961
909 993
910 966
910 968
910 977
910 989
911 977
912 987
913 927
913 959
913 980
913 985
914 986
914 999
915 981
916 950
916 996
917 984
917 988
917 989
918 975
918 984
919 934
920 945
920 965
921 933
923 934
923 964
923 975
923 989
923 993
925 929
926 972
926 982
927 965
927 971
927 978
929 1000
930 952
930 968
930 969
930 986
931 948
931 966
931 999
932 971
932 999
933 954
933 963
935 972
935 995
935 999
936 960
936 967
937 945
937 985
937 999
939 946
939 960
939 987
939 1000
940 962
940 976
940 981
940 998
941 953
941 984
941 991
942 993
943 949
943 954
946 995
947 991
950 994
953 973
954 964
958 980
958 998
964 969
965 977
967 982
967 991
968 991
968 996
970 979
970 984
971 980
971 996
972 978
974 981
978 994
979 981
980 987
981 996
984 992
987 995
990 993
5 11 2 17 6 4 5 4 3 16
39 14 4 2 19 3 12 5 18 1
1 4 6 6 5 8 14 1 6 10
6 18 26 11 10 12 4 23 4 26
0 1 1 6 10 13 4 6 0 9
7 13 20 7 3 2 13 8 11 0
12 14 15 5 2 0 2 3 9 8
6 7 14 17 4 7 10 3 2 35
17 15 18 13 20 5 14 21 29 3
8 29 13 8 8 6 9 8 4 2
1 9 3 0 12 1 1 14 6 4
13 2 6 7 11 12 1 3 12 7
13 7 8 2 8 0 1 11 1 2
11 1 5 0 2 14 1 13 2 10
11 24 14 18 21 7 24 31 4 1
7 4 12 5 1 4 10 13 11 17
3 10 1 0 1 9 15 15 3 23
12 9 4 0 4 3 0 8 11 9
3 28 2 11 6 24 0 27 7 23
1 5 5 12 6 5 15 5 6 1
13 23 15 6 26 26 28 9 8 16 35 15 37 32 10 19 28 29 15 18
3 11 5 2 14 8 5 4 4 9 19 2 21 15 10 2 14 7 3 12
20 20 21 4 22 16 26 14 9 8 30 19 23 25 7 19 22 28 13 19
23 22 20 19 32 29 36 21 10 27 37 26 45 43 9 25 28 39 25 22
46 35 52 23 65 26 40 37 11 19 60 50 60 66 15 38 55 52 31 43
46 28 47 12 43 41 45 40 8 30 40 29 33 31 7 36 39 41 27 45
11 13 8 8 16 9 21 6 4 5 25 13 28 22 3 9 14 24 11 4
22 13 24 11 39 7 10 12 1 9 34 17 28 31 9 4 27 18 25 25
27 40 28 9 36 36 48 7 27 31 48 41 49 43 27 24 16 44 16 34
1 1 10 1 11 2 9 3 1 1 8 12 9 10 1 4 1 5 3 5
33 26 34 5 38 31 33 31 6 27 30 21 34 30 14 21 27 26 12 38
1 2 3 1 6 4 4 1 1 1 7 2 7 3 1 1 1 3 1 3
26 26 32 8 40 12 14 14 5 12 40 29 28 31 9 14 29 25 29 35
11 10 19 1 29 10 6 8 2 3 24 16 18 23 4 13 21 15 13 24
42 21 35 29 41 37 44 37 12 34 51 25 53 44 16 34 42 45 35 39
40 34 43 14 53 36 40 28 18 31 55 41 62 62 27 29 41 51 30 50
22 9 27 13 40 11 8 20 1 11 28 16 18 32 8 18 33 17 23 25
11 8 17 3 17 17 22 12 6 7 17 13 20 23 4 21 13 20 11 16
52 47 61 28 61 47 47 44 23 39 61 37 57 57 28 50 66 52 30 56
19 15 24 8 29 21 12 14 6 13 30 13 16 27 10 19 31 19 24 30
17 8 15 6 21 7 17 7 1 2 23 15 15 25 1 8 22 25 22 11
35 25 38 19 48 31 32 31 6 28 48 25 40 39 23 25 41 29 28 43
1 9 1 1 1 8 5 1 2 3 13 1 13 6 4 1 5 8 1 5
1 6 2 1 5 8 4 1 3 4 5 2 8 2 5 1 1 1 1 5
5 3 2 1 14 6 8 4 1 1 9 5 9 13 1 6 12 8 6 1
28 18 38 6 45 17 20 27 1 12 27 29 20 24 1 20 24 21 15 34
7 12 10 1 13 16 17 9 4 5 16 10 22 26 5 16 16 19 8 12
8 5 14 1 13 11 15 12 1 4 8 11 9 19 4 12 14 13 9 9
42 31 43 19 52 30 28 30 10 28 50 28 39 41 22 24 45 31 34 48
3 9 6 4 11 5 11 3 1 1 16 8 17 16 3 5 11 16 8 3
9 6 8 1 12 11 13 7 1 1 12 1 8 12 1 10 17 13 10 7
12 12 13 9 20 9 16 7 6 10 25 20 20 21 8 6 10 17 16 15
25 20 13 13 29 18 29 12 8 13 36 21 30 30 2 18 19 34 24 15
19 4 14 12 23 14 18 19 1 13 16 5 20 24 12 13 26 14 16 13
10 13 11 1 19 7 7 1 2 1 22 8 12 15 2 4 16 16 12 11
26 25 41 29 48 31 36 28 9 32 45 27 44 48 23 32 51 36 32 33
11 10 6 6 20 9 17 4 5 4 23 12 20 20 1 10 14 19 13 7
25 38 31 8 41 31 32 13 13 27 51 24 50 46 20 20 42 41 25 36
19 18 14 5 25 13 12 11 7 11 24 12 26 24 11 11 19 20 12 18
7 5 14 6 23 6 9 6 2 3 19 14 17 19 4 6 10 11 13 14
7 16 9 1 12 7 7 3 3 4 15 6 11 11 5 2 13 11 5 10
39 23 46 18 52 28 30 36 6 26 47 35 52 60 17 34 52 43 34 47
18 28 21 6 36 17 16 11 11 16 36 26 39 40 17 15 30 27 18 28
9 1 5 5 21 1 3 6 1 4 12 3 12 14 5 1 11 4 11 7
12 25 17 4 28 26 24 12 18 18 33 23 37 30 18 19 17 27 11 26
17 14 20 2 22 17 20 10 2 6 23 13 20 26 3 14 26 25 20 19
5 4 14 3 24 5 1 9 1 3 14 7 12 16 2 8 14 6 6 16
5 4 4 1 13 1 3 1 1 1 14 2 9 9 1 1 12 9 8 4
19 16 11 6 20 16 15 13 9 15 22 4 24 17 15 10 20 14 9 17
40 37 49 19 62 27 23 33 17 14 53 37 48 57 16 36 57 41 23 49
10 23 16 1 25 15 11 1 8 10 30 12 22 19 10 7 22 18 13 19
49 65 61 21 70 57 70 37 29 49 74 63 73 66 24 46 47 73 39 61
14 9 22 9 28 18 13 14 5 10 23 11 17 19 7 19 19 11 14 23
15 27 11 2 13 22 19 10 15 15 29 6 30 13 15 13 19 22 6 18
9 5 11 4 20 11 13 10 1 4 14 6 12 19 4 11 20 12 10 9
7 6 3 1 9 5 9 4 1 1 11 5 13 8 2 1 7 9 7 3
21 19 27 15 39 29 26 12 13 22 46 25 32 30 20 17 25 28 26 34
21 14 15 9 23 15 16 14 5 13 23 11 27 27 13 9 26 19 22 20
5 16 10 1 19 13 12 4 6 9 21 13 24 23 8 10 16 16 8 10
13 8 20 12 30 15 9 12 5 12 25 14 17 21 10 14 19 13 20 23
29 30 31 15 35 36 35 23 25 37 45 21 48 26 37 19 26 30 13 40
19 7 26 8 39 11 10 21 2 3 29 19 24 33 2 20 31 19 13 24
34 25 35 9 46 27 29 21 11 19 46 31 44 40 13 25 32 36 30 42
23 18 18 11 33 13 27 13 4 10 31 24 25 26 6 9 19 26 23 18
12 23 18 12 26 20 18 13 11 24 30 13 35 29 21 13 26 20 11 20
22 16 21 18 32 20 27 20 4 20 35 20 39 38 19 22 29 29 19 21
35 15 29 20 42 21 32 29 6 24 33 24 34 36 18 15 30 26 32 32
4 3 6 1 13 2 1 5 1 2 1 4 5 6 3 1 3 1 1 5
5 8 4 1 9 8 10 3 3 2 16 4 16 11 2 6 4 13 1 7
37 40 58 27 53 58 54 40 24 45 62 40 60 53 24 55 55 53 34 58
25 20 22 8 31 16 30 22 1 13 23 26 25 28 1 13 21 30 15 17
5 8 1 5 13 4 7 4 1 5 14 5 19 19 6 3 13 13 6 4
33 20 33 19 51 16 30 28 5 15 44 36 43 57 3 30 39 43 32 27
40 24 43 26 50 43 38 38 22 36 49 31 39 38 32 29 46 36 35 48
33 20 30 14 37 21 36 26 2 16 39 19 34 35 13 18 36 34 25 28
27 6 32 15 29 25 22 26 1 17 23 12 13 22 3 23 34 19 25 30
30 31 32 10 42 23 26 16 12 20 37 34 29 24 14 6 21 30 27 38
12 6 13 4 17 9 14 15 1 5 7 9 11 18 6 8 16 9 6 10
6 12 9 1 15 15 12 3 7 7 16 7 15 13 7 11 11 9 3 13
40 36 44 20 64 39 42 19 29 40 64 45 64 57 40 30 34 47 31 54
27 30 32 9 36 34 36 18 13 23 46 25 45 40 14 22 39 42 28 37
41 52 59 18 68 48 54 37 26 42 70 53 70 62 31 39 49 58 25 61
21 11 24 11 22 20 24 23 5 16 21 8 26 23 15 15 25 16 16 24
29 20 38 13 40 27 28 33 6 22 30 21 33 33 16 21 30 23 18 39
47 35 49 28 66 30 41 31 8 29 63 49 50 55 16 35 45 51 48 42
34 34 39 18 55 29 41 24 9 24 56 41 57 61 8 37 44 53 35 35
53 53 59 28 69 49 60 40 15 45 62 59 69 71 18 45 60 68 48 55
23 16 24 10 33 23 28 21 5 17 29 22 34 35 11 17 27 25 20 28
10 5 11 5 8 16 18 11 1 7 10 5 13 15 1 15 16 16 11 10
15 1 16 6 24 6 9 13 1 4 20 4 11 18 2 6 24 9 16 12
29 28 28 10 38 19 35 14 3 11 42 28 31 30 2 16 30 38 25 23
1 4 6 1 13 6 3 1 2 3 7 7 9 13 4 6 5 4 2 9
4 6 6 1 13 8 8 1 2 2 12 4 8 8 2 8 7 6 2 10
37 39 49 28 59 42 48 34 23 19 54 50 56 68 13 51 55 60 30 43
36 39 47 20 64 34 35 21 12 32 66 44 57 55 24 29 46 47 38 47
42 43 45 20 61 34 52 35 10 33 51 53 46 57 1 37 41 56 30 33
39 35 29 15 34 35 49 33 15 29 41 28 48 36 12 28 27 46 24 31
21 16 27 5 30 26 23 23 9 11 22 21 28 32 8 29 28 25 13 28
4 5 4 3 14 9 8 6 2 5 8 4 12 14 6 6 10 6 2 6
25 32 34 21 41 34 44 24 18 28 49 40 48 50 11 34 32 43 31 31
6 4 5 6 15 5 10 1 1 1 12 13 11 16 4 6 8 12 11 5
3 9 7 1 13 8 3 4 5 8 17 5 16 10 9 1 9 7 6 13
46 32 56 18 62 38 52 51 7 27 48 50 57 65 11 44 52 52 19 45
10 1 15 6 25 3 6 14 1 6 15 14 21 25 7 10 15 10 8 13
44 27 50 34 56 50 46 40 11 41 57 29 52 54 19 47 63 49 44 47
6 8 13 4 18 9 15 8 1 4 19 7 19 25 3 11 23 19 9 7
3 3 2 1 7 10 7 2 1 2 5 1 5 10 2 6 11 5 3 5
12 33 22 12 37 28 28 8 17 26 40 27 42 40 19 18 32 32 18 23
4 8 5 1 8 7 8 5 1 2 5 4 10 3 3 1 1 2 1 6
27 27 44 14 49 32 29 28 13 27 45 35 34 36 21 29 36 31 22 45
40 37 43 12 43 40 45 40 11 37 45 26 49 37 23 30 40 39 12 45
48 37 52 36 77 45 48 43 21 39 78 51 72 68 28 42 51 55 38 55
12 23 24 1 29 21 20 11 10 15 23 22 23 14 11 5 8 16 5 29
39 46 47 11 66 35 45 22 22 37 55 55 57 60 28 26 31 52 24 49
1 17 10 1 17 13 10 1 8 10 21 10 18 16 10 7 13 12 2 15
16 28 20 2 27 20 22 5 4 9 32 21 29 35 4 23 31 33 17 19
15 14 17 3 22 9 7 10 2 6 25 8 14 11 4 2 19 11 16 20
36 50 36 16 48 39 52 21 28 35 60 47 58 48 28 31 30 53 21 40
31 43 46 12 58 36 43 26 14 30 55 45 57 54 16 29 41 49 23 47
19 6 25 11 30 24 23 23 1 16 20 16 29 32 4 27 25 22 15 28
15 12 8 7 21 12 17 10 2 7 26 5 25 25 7 10 24 21 14 12
57 22 53 38 71 42 47 50 18 30 68 43 59 63 25 49 57 52 41 56
32 26 38 9 41 21 35 22 1 17 38 34 35 46 3 27 43 44 32 30
47 28 42 25 59 33 38 32 8 36 59 41 49 56 17 36 51 51 54 50
37 17 55 30 60 43 41 42 25 44 53 42 51 52 42 35 40 34 34 58
65 54 63 20 65 48 59 52 20 43 62 51 63 62 21 47 62 67 32 62
20 8 26 8 39 5 12 13 1 2 28 25 20 30 1 14 24 20 24 22
20 15 25 7 35 16 23 15 4 9 33 23 32 40 6 18 29 30 25 26
13 27 24 7 28 25 28 11 8 14 31 14 29 28 5 21 33 27 15 20
24 14 21 8 23 24 26 20 7 17 28 8 30 25 11 19 29 27 20 25
6 9 1 7 11 12 15 4 6 7 17 10 19 16 8 7 11 15 11 8
10 12 19 5 24 13 11 15 7 10 17 16 23 19 11 13 11 9 4 20
2 6 3 1 10 10 7 4 1 3 8 1 13 14 4 5 11 7 1 4
3 1 1 4 10 1 8 1 1 1 8 9 10 10 1 1 1 8 8 1
19 18 20 4 26 13 12 13 5 9 20 11 15 8 8 3 17 10 14 23
42 19 43 29 53 37 41 35 12 37 49 29 45 45 26 24 42 35 42 48
11 6 9 5 17 11 18 5 3 1 22 8 14 16 1 10 17 18 16 9
17 17 14 3 26 8 16 6 2 2 27 17 22 20 3 1 15 20 17 16
54 43 43 24 51 40 55 42 17 37 54 37 58 49 20 34 44 58 35 45
23 24 25 19 36 22 40 19 7 19 40 27 42 42 8 24 30 37 21 18
2 5 1 1 11 4 6 1 1 1 17 4 16 10 2 1 6 10 8 5
41 47 57 12 58 54 57 40 19 42 56 48 59 54 18 43 44 58 27 60
26 34 26 13 35 28 33 17 13 22 45 21 44 38 16 26 40 41 16 25
24 7 22 15 37 11 24 19 1 10 27 21 29 38 9 16 24 23 24 18
60 46 48 30 61 44 50 43 21 42 66 44 57 47 18 35 47 54 45 54
3 5 8 1 13 6 5 3 3 4 12 6 10 10 5 3 8 8 9 10
44 45 46 12 50 37 40 31 17 28 55 42 47 38 17 30 37 46 24 53
6 13 11 3 13 15 19 6 1 6 19 8 17 21 1 16 24 21 9 4
29 20 25 28 44 22 28 24 16 24 38 32 35 39 9 25 25 30 34 27
49 41 49 28 69 35 49 40 10 40 61 50 61 58 18 31 42 50 38 46
26 22 33 24 49 22 39 24 8 23 43 36 46 57 8 33 40 42 32 22
1 1 5 1 4 5 8 2 1 1 6 3 5 14 1 6 10 9 1 1
1 1 4 1 10 1 7 1 1 1 11 7 9 11 1 1 4 8 6 3
23 26 14 19 29 23 29 13 15 21 42 24 37 30 11 17 22 32 28 20
18 19 23 4 30 15 14 13 3 11 23 13 24 35 9 16 33 23 15 21
10 12 19 6 27 12 15 14 3 9 19 14 24 30 9 16 24 15 7 13
46 23 53 26 58 35 40 44 1 34 44 31 38 50 12 34 56 41 38 43
6 11 10 1 13 5 12 8 1 2 10 10 13 14 1 2 9 11 1 4
43 38 39 12 47 41 46 37 14 36 42 35 47 43 19 25 36 42 23 46
13 27 18 10 23 25 32 9 12 17 36 19 39 29 10 21 23 32 14 16
48 38 52 15 57 29 39 37 5 31 53 35 46 50 18 30 56 47 42 47
33 33 30 4 40 24 27 22 7 19 30 26 30 27 9 15 27 29 15 33
11 8 11 3 17 18 18 10 4 10 19 6 24 23 7 13 15 17 10 17
1 6 6 1 7 10 6 3 4 5 8 1 7 7 6 6 9 6 3 9
7 10 5 1 16 9 6 3 5 6 14 6 11 13 7 5 13 10 10 11
8 14 3 1 15 6 10 1 1 2 21 10 17 22 3 4 18 19 13 8
1 1 8 1 12 1 3 2 1 1 6 4 3 6 1 1 5 2 2 3
17 4 20 11 21 18 11 19 2 17 19 1 19 17 12 12 25 7 16 25
22 10 15 12 31 14 20 15 3 13 29 11 26 26 13 12 25 19 21 20
50 51 56 11 59 50 45 48 24 38 60 44 54 40 17 45 46 48 12 64
4 4 1 1 11 4 1 2 1 4 4 1 8 6 5 1 6 2 3 3
20 9 20 8 28 14 26 16 1 5 24 18 18 20 1 9 16 21 16 16
33 22 25 16 40 22 23 18 7 17 46 18 35 33 14 20 36 33 30 30
33 31 27 16 43 25 44 25 10 22 42 34 42 41 9 28 27 42 21 20
56 45 49 27 65 39 56 45 13 42 65 44 60 51 9 36 45 56 32 42
16 13 11 13 24 11 19 13 8 16 24 23 30 26 14 6 10 17 14 15
20 14 23 1 24 11 19 16 1 6 18 15 13 23 1 12 25 21 18 19
15 18 17 6 13 24 27 14 13 13 26 13 25 20 13 20 17 26 8 19
12 12 12 1 20 6 12 10 1 3 10 12 10 12 1 1 11 12 4 9
33 23 34 18 40 31 37 29 7 24 41 25 40 38 12 23 41 35 30 35
22 16 19 5 27 7 15 12 1 6 25 15 22 20 6 3 21 18 17 19
34 36 34 14 41 26 30 20 12 26 50 21 48 40 21 26 46 40 21 33
30 36 23 10 35 29 42 21 13 29 44 28 49 30 17 17 23 39 14 26
37 31 29 23 43 33 34 24 19 28 55 29 41 36 17 32 33 39 31 37
24 32 26 6 28 23 32 17 13 14 39 20 33 26 13 21 31 34 16 26
48 52 50 8 51 39 51 32 18 33 61 43 54 49 22 36 52 58 43 52
5 6 5 1 7 7 11 6 1 1 11 4 13 12 1 6 13 11 4 1
16 28 32 12 36 21 29 18 9 20 27 28 28 30 5 19 28 29 15 22
8 3 8 5 22 3 5 7 1 5 14 9 17 20 6 3 12 8 9 8
15 16 24 10 26 26 28 18 1 18 22 16 32 36 6 25 32 27 12 16
13 16 13 8 21 12 16 13 6 12 23 16 27 21 12 1 11 15 9 16
50 31 38 23 53 28 41 32 13 31 54 32 53 54 17 33 45 49 45 41
3 5 5 1 7 8 11 5 1 1 11 4 12 15 2 7 14 13 7 3
9 15 13 4 20 16 17 9 5 5 22 6 20 21 6 14 23 17 8 14
19 21 30 6 35 31 22 14 12 22 35 15 25 30 16 16 30 25 20 35
35 29 30 8 31 29 40 27 11 18 32 25 31 23 11 21 24 37 18 31
39 32 41 28 60 39 46 27 26 44 59 43 58 58 35 28 34 45 35 44
12 18 19 7 32 17 17 11 2 14 27 17 30 40 8 19 31 25 16 18
49 37 51 17 56 33 38 40 11 37 56 32 48 49 28 27 55 43 45 56
19 27 24 10 28 29 34 13 12 17 44 17 39 29 12 24 31 35 19 23
18 21 27 1 38 12 16 12 1 1 34 23 30 38 1 24 34 30 11 22
37 41 47 12 54 37 41 25 4 27 52 39 39 43 6 32 43 45 28 43
36 39 50 8 52 39 36 29 14 23 54 37 47 47 13 38 48 45 27 52
26 27 32 5 33 37 32 14 18 25 41 21 32 29 18 20 27 33 22 40
45 32 46 14 51 20 28 36 6 26 44 28 35 39 19 22 50 34 37 44
10 4 13 10 19 13 15 8 1 5 23 9 13 16 3 10 16 14 17 13
23 9 20 14 35 18 26 16 1 10 31 20 25 33 5 21 25 27 29 21
60 39 64 20 63 45 47 51 12 39 51 43 49 49 18 48 55 51 41 65
2 1 8 1 10 3 1 2 1 1 9 1 2 4 1 3 10 1 4 7
48 23 38 36 45 39 54 44 19 39 48 36 56 52 13 42 39 50 39 35
13 7 5 5 21 6 16 2 1 3 19 16 19 18 1 5 4 17 14 6
8 11 13 7 17 14 8 7 6 9 22 4 15 10 8 8 17 10 12 17
21 25 22 3 27 29 26 18 13 19 33 13 36 30 14 26 31 30 14 32
8 10 7 1 5 15 16 7 5 4 14 3 13 14 4 13 12 17 4 8
6 6 3 3 7 8 12 1 3 2 12 6 13 6 2 5 4 11 8 4
30 17 21 15 30 28 35 23 11 19 33 18 37 33 13 26 31 36 19 24
46 47 63 33 66 56 57 47 21 50 63 47 61 60 29 48 57 51 39 61
17 14 15 3 18 14 18 17 2 8 12 8 15 18 6 9 22 16 9 14
6 11 8 3 12 17 16 5 7 7 16 9 17 16 8 11 11 14 9 11
34 7 28 33 45 20 28 29 1 27 45 21 38 39 20 21 34 28 37 28
46 30 51 21 62 25 26 37 7 28 61 38 54 54 25 33 53 42 41 53
51 36 48 25 53 34 40 43 19 35 49 30 42 35 26 29 45 39 24 47
42 47 51 13 48 42 47 42 23 32 51 46 53 42 22 42 38 51 8 51
47 40 58 38 78 42 46 40 15 37 75 53 70 72 27 45 64 58 48 57
6 13 14 1 20 15 12 9 9 9 19 16 25 17 9 14 7 11 4 20
50 27 42 30 51 38 53 42 16 33 50 42 53 55 16 44 44 54 37 41
12 29 27 5 37 23 26 12 7 17 34 25 34 34 9 19 30 25 12 25
7 6 4 1 11 8 11 5 4 4 15 3 16 8 3 5 5 11 4 7
37 38 34 28 51 35 46 24 18 35 60 33 59 53 23 34 48 51 34 35
38 38 49 30 54 41 43 35 19 38 56 34 50 45 24 38 49 42 35 44
10 1 12 4 16 7 8 11 1 3 15 1 12 15 1 7 23 8 8 10
12 5 12 11 19 7 10 14 1 11 15 6 19 20 12 4 16 9 9 10
26 28 24 9 41 22 21 10 10 16 48 21 39 35 13 16 32 31 24 33
10 17 4 1 12 13 12 1 7 7 21 5 20 13 7 8 15 18 10 10
1 7 7 1 13 7 3 1 1 2 10 3 7 14 3 7 13 7 2 9
24 15 19 10 35 12 19 20 6 11 36 20 38 36 10 20 26 29 15 22
22 25 36 17 44 26 29 24 16 31 40 30 43 42 32 18 31 27 20 39
30 16 37 17 40 34 30 29 13 26 35 25 28 25 19 27 27 23 20 41
42 46 53 27 62 48 48 39 22 42 66 47 69 65 32 49 60 56 34 54
22 22 27 5 27 26 27 18 13 15 36 18 32 32 13 27 29 33 21 32
24 17 14 10 18 23 29 20 13 15 27 11 30 23 13 22 27 30 14 16
33 34 22 19 40 31 43 22 21 34 52 29 55 44 29 18 26 41 24 31
16 11 23 5 30 12 12 21 7 8 15 21 24 25 9 18 18 11 3 22
30 36 48 20 50 44 46 32 17 43 44 35 50 51 26 28 44 43 25 46
42 21 41 17 49 31 38 28 1 22 38 35 34 36 2 23 33 38 38 41
48 48 44 18 57 36 41 34 21 43 68 39 66 55 42 35 54 53 42 54
19 28 18 3 29 16 15 8 10 14 33 18 33 27 14 6 22 23 12 24
15 29 24 2 33 21 22 16 11 19 23 28 30 26 14 11 17 23 7 25
34 42 30 21 48 32 44 26 15 34 45 42 49 43 12 23 31 45 28 29
29 26 27 25 46 25 30 22 11 28 51 28 45 38 14 20 33 32 32 24
7 10 6 1 13 10 9 5 4 6 14 2 17 12 6 7 9 10 1 9
36 11 32 27 44 22 30 32 4 26 38 22 31 33 19 18 33 24 33 32
23 31 24 5 23 23 21 15 17 17 35 22 32 23 17 18 22 28 14 30
10 6 8 2 23 1 2 4 1 2 17 8 12 23 2 3 20 12 11 8
59 49 59 34 67 54 47 43 31 56 78 39 67 54 52 41 63 55 42 71
43 14 44 30 49 37 44 40 5 32 47 31 49 49 17 34 41 37 38 47
24 20 17 24 33 17 26 20 11 26 40 21 44 36 17 13 22 28 25 21
18 19 15 5 25 16 18 9 10 10 29 19 26 23 10 15 14 25 16 22
69 36 57 34 68 40 58 52 9 42 64 45 60 59 21 40 54 61 54 55
11 1 9 7 20 11 16 9 1 7 11 11 19 26 3 10 13 16 14 11
37 30 48 32 67 36 40 32 15 38 67 46 59 58 26 34 47 46 41 47
10 5 17 1 22 5 11 11 1 1 9 9 6 17 1 8 17 8 6 12
25 35 40 23 41 47 51 24 18 35 49 39 53 50 13 39 43 49 32 38
23 41 40 15 52 35 46 12 24 35 56 50 54 51 21 27 20 45 23 37
39 17 34 30 49 27 33 31 5 27 49 22 42 48 23 26 49 37 42 36
28 10 16 20 35 16 23 18 5 16 36 15 29 24 5 17 19 22 26 17
24 25 22 12 38 22 27 10 15 19 43 29 35 27 15 14 14 29 26 31
36 17 46 16 46 35 36 41 1 27 31 30 33 41 11 32 37 33 24 42
41 34 48 33 52 43 47 37 17 40 62 27 55 47 29 44 60 48 33 42
43 27 44 33 56 37 46 34 8 38 60 33 53 44 23 30 45 43 39 42
28 17 29 18 31 22 29 27 2 20 37 13 35 29 20 21 34 25 20 29
19 30 18 10 19 35 40 14 15 24 40 19 46 33 15 27 27 41 18 23
9 17 8 3 17 9 14 3 6 7 24 13 20 16 8 3 13 17 11 13
14 11 15 12 27 14 24 15 7 12 22 26 28 30 9 17 11 20 17 15
4 2 7 1 15 2 4 2 1 1 9 9 6 11 1 6 7 6 7 6
29 12 27 24 39 20 30 27 6 19 35 25 32 38 9 21 26 26 30 23
33 19 36 8 39 26 26 28 9 16 36 22 36 37 11 32 39 36 19 38
35 26 36 23 48 29 38 38 20 15 42 45 50 52 18 32 32 37 15 39
38 25 47 17 49 30 35 33 7 25 53 25 43 48 16 38 52 41 31 39
8 4 3 2 14 3 6 4 1 2 11 4 12 9 2 1 9 8 9 3
17 15 18 4 24 18 16 10 5 7 26 10 19 21 7 12 25 20 22 22
51 40 55 38 67 44 62 47 20 44 70 50 71 67 30 52 56 61 41 48
3 5 10 1 8 5 10 4 1 1 14 7 9 11 3 5 11 10 8 7
45 30 43 40 57 41 50 40 20 35 60 41 52 58 17 46 46 51 47 40
15 11 11 5 20 11 9 9 5 9 21 1 19 10 9 6 17 11 9 15
42 57 47 28 55 46 56 28 32 41 68 50 61 48 27 37 45 59 38 48
27 50 46 11 53 34 39 15 18 28 55 47 48 47 15 29 41 46 31 46
43 13 42 25 60 19 28 37 1 18 50 35 39 56 11 31 46 38 39 38
48 49 66 17 67 43 46 40 15 35 67 48 57 62 18 55 64 59 44 63
7 6 5 4 15 7 9 4 3 4 14 7 15 12 5 1 9 11 11 6
29 24 24 7 27 22 35 23 10 18 27 25 30 16 8 15 12 30 11 23
42 40 48 32 62 39 52 36 17 40 60 42 58 53 19 38 45 47 37 45
17 6 13 10 25 11 19 10 1 3 26 10 19 21 3 10 22 20 21 11
29 27 21 10 40 18 22 10 10 17 47 25 41 34 14 12 28 32 27 30
21 16 30 1 33 17 16 19 1 10 16 19 8 18 1 14 20 14 11 29
26 24 25 9 34 19 34 21 8 14 33 27 37 31 10 21 21 32 11 23
7 15 9 4 20 19 14 8 13 15 16 12 20 19 16 9 15 12 6 15
17 10 13 7 26 10 19 8 6 6 28 14 24 20 5 9 14 21 16 12
27 18 19 11 35 10 17 9 1 7 40 16 31 27 2 9 28 28 27 20
22 18 31 9 36 18 23 21 5 10 34 19 22 26 5 26 29 23 17 27
40 32 35 22 52 32 46 34 13 29 40 42 42 41 7 27 27 40 31 32
2 1 1 1 7 1 1 1 1 1 4 1 3 6 1 1 10 3 1 1
36 23 49 25 58 30 33 35 6 29 51 31 44 45 19 35 47 34 30 42
58 54 44 31 62 36 54 40 24 44 71 49 71 61 27 36 50 59 48 50
33 38 38 9 42 40 45 33 14 30 43 35 45 39 13 24 33 41 16 42
54 19 59 28 63 40 49 55 9 36 52 41 51 55 22 44 48 47 37 56
25 33 29 3 41 28 21 10 20 25 36 27 34 36 25 16 27 31 20 38
18 19 19 14 37 13 23 8 1 14 39 16 35 36 9 11 34 27 24 17
28 21 30 12 34 28 23 22 7 22 42 13 34 33 17 17 40 28 28 35
15 9 21 6 22 13 25 19 1 7 14 20 21 32 1 18 21 23 14 15
31 27 24 12 39 10 30 12 5 10 41 34 35 40 4 20 27 38 29 21
13 15 11 1 13 17 20 12 5 7 17 9 22 20 6 12 15 17 6 14
24 23 25 1 25 14 23 16 1 7 25 20 21 27 1 13 29 30 20 21
49 20 56 24 63 31 42 47 5 23 50 43 49 61 10 37 55 46 39 52
66 40 64 34 65 53 54 54 20 47 64 45 59 55 31 51 64 57 49 67
35 29 44 32 53 43 36 34 16 44 55 32 50 44 42 28 40 33 35 50
46 25 39 23 59 22 38 36 2 28 43 38 38 45 11 21 34 36 34 36
1 7 4 2 15 5 15 1 1 1 19 10 18 20 1 7 14 17 7 1
12 15 11 2 16 17 19 7 8 8 19 13 18 17 8 14 12 17 11 14
10 14 9 1 15 7 7 6 4 5 13 8 11 11 6 2 13 10 8 11
11 2 14 7 25 12 6 11 1 7 15 4 10 15 5 11 20 4 12 14
10 13 14 1 12 17 18 10 2 6 11 6 11 9 3 7 11 12 3 16
46 37 50 12 54 39 41 39 17 21 50 41 45 37 12 36 37 44 22 54
32 18 37 6 39 24 36 32 7 14 31 30 34 33 6 27 25 35 16 34
44 26 49 21 64 21 26 35 7 29 58 40 53 58 28 33 54 41 44 52
9 14 17 5 21 18 14 7 4 7 26 7 17 19 4 18 22 16 10 18
33 36 33 16 40 43 48 21 30 36 55 33 52 35 28 29 20 44 21 40
9 14 6 1 10 11 16 8 5 7 18 6 24 17 7 9 12 17 3 7
21 14 23 6 37 4 12 12 1 7 24 23 24 28 7 4 19 15 19 24
2 7 6 1 11 3 8 2 1 1 11 4 10 10 1 1 9 8 1 1
19 13 23 7 25 10 16 20 1 12 16 15 17 14 7 3 14 14 10 20
8 3 15 2 13 9 13 10 1 2 13 3 9 13 1 9 19 11 10 10
22 10 26 9 25 16 24 26 1 16 14 13 20 22 11 10 20 16 13 23
22 21 21 7 23 21 19 12 10 12 33 13 21 15 10 14 24 20 22 27
14 24 20 1 24 21 20 14 6 15 20 19 23 13 7 6 7 16 1 25
13 8 14 5 26 8 10 8 4 5 18 10 15 16 5 9 16 11 12 12
17 17 7 10 19 15 23 7 9 11 29 17 29 24 9 13 13 27 16 12
27 45 40 22 33 43 49 27 28 33 48 33 47 39 23 41 42 47 23 35
50 24 42 23 53 25 42 36 1 24 47 30 44 47 9 22 45 45 41 39
46 47 51 15 68 38 50 40 8 34 59 58 63 66 10 39 47 59 25 47
44 13 45 37 50 41 37 45 11 40 47 21 44 49 35 39 58 36 42 48
3 12 3 1 14 11 6 1 7 8 16 8 12 10 9 1 8 9 7 13
8 6 14 4 20 12 8 4 2 5 19 7 10 12 4 10 15 7 12 15
6 13 9 1 17 8 9 1 1 1 22 6 13 18 1 8 18 15 9 12
45 27 48 27 56 37 40 44 22 33 55 38 57 48 33 41 45 43 23 51
21 7 24 14 32 10 27 23 1 9 23 23 28 36 9 16 20 20 17 18
16 10 26 8 33 21 20 18 8 13 27 22 26 29 10 19 22 19 21 29
3 7 9 1 12 7 9 5 1 1 15 4 13 12 2 2 13 8 5 9
26 21 29 14 37 25 38 23 5 18 35 32 38 44 7 27 29 38 26 27
36 29 35 17 37 33 28 33 18 30 36 19 33 17 23 20 27 23 16 40
3 10 4 1 6 9 6 1 4 5 15 3 14 8 6 2 10 10 6 7
16 5 13 3 16 9 17 14 1 5 16 3 17 18 3 8 19 13 9 10
37 31 34 18 46 28 47 36 6 27 36 42 42 50 2 30 30 46 22 24
62 55 61 21 64 54 48 48 25 48 65 48 55 42 28 42 52 53 31 68
27 27 26 12 38 20 27 19 15 14 44 27 39 35 14 25 30 38 19 30
5 23 15 1 23 23 20 5 11 13 28 15 29 24 11 19 17 21 2 20
40 35 38 16 50 36 43 29 7 27 52 36 40 40 12 25 37 44 32 41
17 23 21 4 25 14 18 11 6 9 27 13 18 17 8 8 24 19 15 22
21 23 27 3 31 19 21 21 1 17 25 17 25 19 4 12 24 20 8 25
7 7 9 7 22 5 5 9 2 7 16 14 22 26 8 6 10 13 8 12
2 8 5 1 15 7 4 2 2 4 14 2 14 12 5 2 12 6 3 9
41 26 33 26 53 27 32 30 9 31 49 34 38 39 21 18 35 34 37 39
20 31 34 2 43 19 13 11 12 16 46 31 37 36 16 16 30 32 21 41
22 29 36 10 41 35 30 20 19 25 42 26 34 35 23 23 29 27 18 39
25 27 30 8 36 26 26 18 9 16 43 18 32 32 11 25 36 30 21 29
24 17 25 3 27 17 22 21 6 13 19 14 19 9 6 12 15 16 3 23
7 7 12 4 19 7 10 10 3 4 14 12 19 21 4 12 11 12 4 9
7 6 16 1 16 13 11 9 4 6 10 10 9 19 6 14 16 11 10 15
30 16 35 24 47 20 28 29 1 22 44 27 42 43 22 24 37 31 31 32
38 20 40 29 45 39 42 37 15 31 42 30 45 47 18 37 43 40 37 41
10 19 10 2 24 12 6 4 9 15 24 11 25 22 16 1 16 15 8 18
37 12 50 13 47 32 32 41 1 21 30 32 25 37 4 36 38 32 23 45
31 37 31 16 36 36 49 22 15 28 48 33 48 44 11 36 33 48 27 29
5 3 4 5 12 5 11 2 1 1 13 8 16 10 2 1 1 10 9 4
46 25 42 27 46 45 40 31 18 33 56 31 45 43 24 37 49 46 49 52
21 22 33 10 38 30 20 20 14 22 38 22 26 35 18 25 34 27 25 41
41 42 35 13 37 39 40 29 19 31 51 30 54 47 22 38 50 53 27 43
53 27 42 34 49 40 53 43 17 37 54 34 56 55 23 38 52 54 35 42
8 5 6 5 22 7 11 5 1 4 17 9 17 20 5 5 16 12 12 7
29 24 35 7 38 29 35 29 1 18 30 23 30 32 3 22 34 33 21 31
28 23 20 17 35 20 26 16 11 17 35 26 32 34 8 18 25 33 34 24
46 45 52 17 54 52 51 34 25 40 62 40 51 45 31 31 43 54 36 60
9 8 9 6 19 11 19 7 5 4 22 12 20 22 1 12 14 19 12 9
23 19 29 8 36 28 23 20 7 21 31 22 24 16 14 11 17 18 16 34
35 29 33 31 53 28 39 28 14 31 55 33 54 52 12 32 37 40 35 32
12 13 9 1 18 9 9 1 4 1 21 8 12 13 4 6 16 16 13 12
2 1 8 1 16 1 7 1 1 1 7 12 8 14 1 5 4 5 6 5
43 14 47 26 53 33 35 43 7 34 38 29 34 33 22 26 36 27 27 43
45 33 54 15 56 40 48 47 5 31 43 49 48 58 6 44 48 54 29 50
22 25 24 9 35 25 25 19 11 20 39 15 39 38 19 23 34 27 18 31
17 15 19 9 30 18 22 14 11 12 32 19 33 27 12 19 17 23 15 25
21 19 17 9 27 17 33 16 2 9 27 21 29 29 4 14 21 30 15 12
2 2 12 1 20 6 11 4 1 1 15 15 16 18 2 8 7 9 8 12
19 6 21 7 28 9 13 16 1 8 16 8 13 23 8 10 26 11 17 17
24 8 13 16 22 10 26 18 3 15 30 14 34 25 11 9 15 24 17 12
27 32 36 23 45 39 38 17 17 32 59 30 49 37 19 33 37 41 29 38
25 23 19 15 24 27 34 23 14 23 37 18 43 35 23 18 26 30 18 26
3 5 8 3 12 4 7 1 1 1 15 6 11 10 3 3 11 11 10 7
26 36 41 11 37 32 41 30 16 23 40 37 43 39 12 40 34 43 3 33
9 5 3 2 16 1 8 2 1 1 15 8 14 19 1 1 15 13 11 2
36 20 34 17 38 33 32 32 7 29 38 20 45 45 22 31 42 36 27 39
27 10 33 19 39 23 25 27 1 21 33 13 32 40 14 25 44 26 28 28
30 38 32 16 39 28 39 12 15 23 57 30 48 36 12 26 39 47 28 31
20 25 17 3 26 15 24 12 7 9 28 21 28 26 7 13 17 26 13 20
10 9 5 7 13 10 10 9 4 9 16 5 22 16 10 4 11 12 8 9
16 7 15 5 25 3 11 14 1 7 11 13 12 18 6 3 14 8 10 12
17 26 11 4 19 24 25 11 11 16 34 10 36 26 14 17 27 29 11 17
29 26 32 4 32 20 25 20 10 20 33 25 30 36 16 24 38 36 35 34
8 7 11 1 13 14 16 7 5 4 14 6 12 13 1 13 12 13 9 11
8 2 11 7 17 7 9 7 1 3 21 5 13 11 1 6 14 10 14 10
39 33 39 17 46 43 50 29 19 36 49 35 52 42 22 23 30 46 26 46
8 1 5 3 20 1 4 3 1 1 11 5 10 15 1 1 12 6 10 4
51 35 60 23 69 41 56 47 1 34 56 52 62 70 15 45 56 61 35 51
20 19 18 9 19 28 26 21 14 22 21 12 31 24 19 17 20 19 11 25
37 26 38 20 54 40 39 22 23 38 53 29 47 47 35 24 35 35 33 46
27 26 23 8 35 16 27 15 9 14 42 27 36 29 9 16 17 32 22 28
9 29 17 1 20 26 25 7 16 19 32 18 33 22 16 17 17 25 5 19
40 16 44 26 59 29 31 35 6 24 56 30 47 57 22 35 54 41 40 45
24 13 23 17 34 30 33 17 10 23 37 25 34 34 12 19 29 32 31 31
1 7 5 1 6 4 11 1 1 1 15 6 14 12 1 4 11 14 4 1
7 14 18 9 26 14 19 10 1 13 23 15 28 35 8 17 27 20 10 10
24 22 31 12 33 35 34 24 16 29 30 21 37 31 22 18 27 26 17 35
38 20 43 16 42 32 41 41 7 26 38 32 46 44 12 35 38 42 20 42
33 21 29 17 38 17 21 21 7 18 47 11 34 31 14 18 40 29 30 30
3 1 2 1 13 1 2 3 1 1 8 1 10 12 1 1 11 4 1 1
23 32 22 18 31 27 38 17 13 25 41 28 47 37 15 21 26 35 19 22
22 14 35 16 39 25 29 29 8 24 36 28 39 41 25 22 30 24 22 38
2 8 6 1 4 1 6 3 1 1 4 3 4 5 1 1 4 6 1 3
12 13 16 1 18 13 11 7 2 4 25 7 13 19 4 8 25 16 16 18
4 3 10 3 17 6 4 4 1 2 11 4 7 7 3 3 8 3 7 10
23 22 22 1 24 18 24 14 7 8 23 19 19 21 7 16 20 24 15 22
16 20 13 5 16 20 19 14 14 17 23 11 28 10 17 9 11 14 6 21
32 19 41 19 49 29 40 34 3 25 42 38 47 51 8 31 36 40 27 38
39 39 46 5 50 36 41 35 11 31 46 34 51 47 17 28 39 44 21 52
42 50 51 29 58 47 52 40 33 34 65 50 71 61 24 52 55 59 20 48
33 40 55 22 57 40 44 34 19 31 49 44 49 58 16 46 55 48 35 49
25 22 23 20 38 28 37 22 11 29 41 25 49 47 17 21 30 37 26 25
9 2 14 1 16 5 14 12 1 1 10 7 8 14 1 4 14 9 8 10
28 44 36 16 45 33 34 20 21 31 49 30 47 38 21 25 38 36 22 38
51 37 60 33 59 51 62 49 14 47 56 42 60 59 26 52 61 58 36 51
10 8 9 4 12 10 15 9 6 6 15 8 18 9 5 7 6 12 7 8
33 17 40 16 47 32 32 34 10 13 36 33 35 47 3 39 43 39 23 40
33 45 44 13 52 38 43 26 14 34 50 35 50 46 18 28 42 43 24 45
20 25 16 4 21 19 19 7 11 12 32 16 28 21 11 14 22 27 20 23
19 21 21 1 23 13 20 15 1 7 18 17 13 22 1 12 25 25 13 15
5 7 4 5 8 7 12 1 1 2 17 8 16 12 3 2 5 15 9 4
27 15 41 18 45 27 34 23 1 17 44 30 33 47 1 34 44 39 35 30
44 41 57 32 59 46 59 43 23 41 61 42 65 63 28 51 59 57 31 50
2 1 6 1 15 5 6 3 1 1 4 3 6 10 1 5 8 1 1 3
20 14 18 10 26 19 10 10 5 12 30 6 15 11 10 11 23 15 21 25
18 25 29 15 34 28 28 17 10 22 36 15 36 36 11 25 43 31 24 25
16 11 24 6 34 5 11 16 1 4 26 19 20 31 4 16 28 19 16 19
40 37 31 24 46 38 42 36 29 30 54 44 61 47 16 40 31 48 24 40
14 26 19 3 30 21 16 5 15 17 34 15 28 22 18 4 23 21 14 28
60 37 59 36 73 36 58 47 1 40 62 52 61 70 23 38 63 63 55 49
15 16 14 7 27 25 29 12 12 18 27 22 37 33 14 17 12 26 13 23
61 34 53 37 68 43 50 48 18 40 67 46 65 65 20 50 58 61 50 57
8 12 9 1 14 11 8 4 6 7 17 6 13 8 8 4 12 11 10 12
27 14 29 7 35 18 36 26 1 15 24 34 27 36 1 22 17 32 17 23
45 41 61 33 64 48 57 50 21 42 55 56 67 74 22 51 58 59 38 55
47 36 51 33 68 52 56 33 27 48 76 46 66 64 39 39 52 58 43 51
28 31 32 11 36 34 41 19 11 22 42 34 42 44 12 25 35 43 27 34
21 19 23 7 35 13 12 12 8 8 31 30 29 33 9 16 22 27 21 28
44 36 58 20 63 48 44 40 17 38 55 45 49 54 25 35 48 48 38 62
5 16 13 1 11 18 19 7 6 7 23 7 21 20 8 13 19 20 9 13
31 22 26 12 35 21 19 20 11 18 35 11 29 23 17 18 34 21 16 31
24 8 22 14 27 15 26 23 1 13 23 16 27 33 6 16 30 26 22 17
21 11 21 15 30 23 12 17 9 20 33 10 23 17 18 13 27 15 23 28
16 14 13 9 25 9 9 3 3 7 32 11 19 19 5 4 21 20 23 18
12 9 8 7 21 9 14 7 5 7 15 15 19 20 8 7 12 12 14 9
20 25 22 6 32 15 7 8 9 14 35 15 24 21 12 10 30 20 23 30
19 8 21 9 26 12 14 19 1 14 16 7 16 15 14 7 22 6 12 21
50 45 49 19 52 42 39 38 23 41 57 33 49 31 31 23 40 41 27 58
35 37 43 13 41 48 43 26 30 39 51 29 43 29 36 31 27 35 15 51
8 13 15 1 12 7 12 9 1 5 13 10 9 10 4 5 12 12 6 13
39 46 47 33 62 49 56 38 28 41 68 53 73 71 16 54 50 62 39 48
27 22 33 20 40 35 27 22 18 35 44 16 39 27 32 18 28 21 20 42
29 22 26 10 38 16 30 20 8 14 38 29 33 27 7 20 16 30 22 28
56 35 58 35 67 48 46 51 20 42 74 39 65 63 39 52 66 56 40 64
1 2 2 1 7 3 1 1 1 1 4 2 3 6 2 2 1 1 1 6
45 41 47 22 61 38 33 35 14 38 64 42 64 56 37 35 49 49 34 59
23 16 18 14 31 29 22 19 11 21 36 12 29 22 18 20 27 20 22 28
12 14 19 11 30 12 17 12 4 15 26 14 30 34 14 14 26 18 13 16
12 19 16 7 19 13 19 14 5 16 23 14 29 24 14 7 20 15 8 16
29 31 27 17 43 25 37 27 14 26 42 40 49 41 10 22 17 37 18 32
29 17 25 18 36 18 33 21 10 19 43 18 41 36 17 21 33 32 20 23
18 22 24 9 28 20 29 18 2 18 27 15 31 29 10 18 25 23 7 18
44 29 45 26 60 27 34 36 10 24 53 41 46 60 5 37 49 47 45 41
5 5 12 1 13 3 11 6 1 1 4 9 3 3 1 1 1 4 1 7
5 8 1 1 9 8 8 1 2 3 12 4 12 6 4 1 5 9 9 5
49 42 57 13 63 26 39 40 9 30 62 41 54 53 20 39 56 49 34 53
2 4 3 1 10 5 4 5 1 2 5 1 9 15 3 4 12 7 1 2
10 11 13 9 23 14 12 13 7 14 20 11 25 26 15 11 17 11 9 18
24 34 21 5 28 24 24 7 18 19 46 23 38 26 18 14 26 35 22 33
33 27 41 25 45 30 48 26 9 26 45 37 39 47 4 33 45 49 40 31
14 7 10 6 20 3 9 8 1 6 24 3 21 20 6 2 21 15 13 9
34 25 32 10 42 17 19 24 9 20 43 25 44 38 19 24 35 34 21 38
40 13 37 28 51 30 34 36 12 29 51 29 47 43 24 36 39 36 29 42
33 29 31 30 56 28 37 21 10 31 58 30 52 49 15 30 41 41 38 32
39 33 52 23 55 39 42 47 11 32 50 45 54 59 31 39 47 44 25 54
16 19 23 1 30 17 16 18 5 8 25 22 25 29 8 15 23 21 8 27
20 23 22 9 36 21 24 17 10 16 42 26 48 39 13 22 22 33 10 26
30 20 22 13 33 23 33 22 10 17 37 20 31 22 10 19 21 27 23 25
27 15 26 12 43 12 18 15 1 11 36 21 33 39 11 15 33 25 28 29
43 33 34 40 56 39 45 36 17 48 55 43 60 52 39 28 36 45 44 41
19 24 27 4 34 28 25 14 15 18 38 21 29 24 15 17 21 23 17 34
19 22 23 1 27 14 22 13 1 6 27 16 20 15 1 8 20 24 13 19
48 43 48 22 55 40 56 31 10 35 62 47 60 59 11 42 52 64 46 46
41 21 35 25 50 33 31 28 6 28 54 24 44 45 25 23 47 36 42 44
36 26 43 17 55 36 40 22 19 36 51 35 49 55 34 24 37 41 32 48
4 8 5 1 14 10 5 4 6 7 8 5 9 10 8 6 9 5 5 10
1 3 2 1 7 5 5 1 1 1 5 1 7 3 1 2 1 1 1 3
4 2 5 1 13 1 4 2 1 1 12 1 10 10 1 2 16 5 4 3
2 5 6 1 6 9 10 3 1 1 10 1 8 10 1 7 10 9 1 4
51 41 57 29 68 38 45 45 8 40 58 53 59 59 37 37 51 47 46 60
41 42 51 17 63 25 36 29 4 30 55 42 47 48 9 26 50 46 38 43
13 4 3 10 18 2 15 4 1 5 19 13 14 17 1 7 8 17 18 2
43 50 49 13 59 40 52 24 19 38 65 44 64 60 28 28 44 57 31 50
11 10 10 3 23 8 10 8 4 5 20 10 21 20 4 11 15 15 8 11
38 13 34 26 53 17 30 31 1 21 45 27 40 54 11 28 43 37 41 32
9 9 11 1 22 6 1 1 1 2 20 5 10 11 2 1 16 8 13 15
9 4 8 8 16 5 12 11 1 7 13 9 17 21 7 7 17 12 10 5
22 28 21 10 29 25 31 13 15 15 41 20 34 31 15 25 30 36 18 25
23 29 35 17 42 22 27 21 11 21 34 26 28 30 8 20 36 30 23 25
8 14 18 4 29 15 14 11 10 12 26 21 27 22 13 9 13 15 12 22
42 23 57 29 65 34 37 46 3 35 53 43 50 54 26 37 49 41 33 51
13 7 11 11 22 9 13 9 4 10 24 14 20 15 6 6 10 13 18 14
33 20 46 17 46 35 39 40 9 25 34 39 40 46 10 36 38 39 28 44
11 7 6 4 20 6 5 6 1 6 15 3 16 12 7 1 12 7 10 10
39 28 45 20 49 33 28 30 3 31 54 22 46 47 23 30 58 38 39 44
5 12 14 4 25 8 14 6 1 6 21 17 22 27 1 14 18 19 9 8
21 25 17 8 19 20 29 16 12 14 31 16 35 22 13 17 22 29 12 16
45 39 50 23 65 37 36 35 20 22 67 47 58 56 20 34 49 49 33 55
33 34 40 10 48 35 36 27 15 30 44 29 40 38 23 15 32 33 21 45
6 16 20 1 21 20 22 4 1 8 22 10 21 26 1 22 25 22 8 14
16 19 16 1 12 16 24 14 8 10 20 13 19 10 7 11 11 21 6 16
24 33 22 15 32 29 42 17 14 23 42 29 45 36 12 25 27 39 21 21
32 43 55 19 60 42 50 36 13 34 52 51 51 53 6 42 43 49 24 47
16 28 27 3 33 26 29 16 9 16 34 25 32 25 9 19 21 25 11 30
2 3 7 1 16 2 2 1 1 1 12 5 6 13 1 4 13 6 7 8
22 24 19 11 37 12 17 8 8 17 43 19 40 34 18 2 28 28 25 28
28 26 24 10 35 31 21 19 16 23 40 13 30 23 20 21 32 24 21 35
1 4 7 1 11 3 1 1 1 1 9 1 5 5 2 1 8 3 3 8
7 8 4 1 9 2 7 6 1 2 9 5 13 10 3 1 11 7 4 4
24 23 21 8 33 11 18 12 6 10 32 22 27 25 9 1 22 25 23 24
44 37 34 28 44 35 46 29 18 28 52 38 52 53 9 35 44 56 47 35
42 35 48 24 54 40 43 32 12 34 58 28 53 55 24 41 61 50 39 46
59 49 59 20 66 44 48 47 10 43 66 41 59 56 26 39 60 54 40 61
28 17 25 15 37 21 23 17 10 16 39 20 30 24 11 21 21 26 26 29
38 15 52 25 49 41 36 43 11 26 45 39 39 50 14 45 45 40 34 52
50 23 48 24 57 32 45 44 7 25 48 43 52 60 12 38 48 49 37 47
53 21 51 44 62 37 59 51 7 41 57 46 60 68 21 43 54 54 52 43
42 38 40 20 45 38 36 35 24 37 49 23 41 26 31 23 39 30 19 49
12 6 12 6 16 13 8 7 3 6 20 1 9 3 3 10 14 8 11 15
32 23 31 27 49 24 34 27 10 29 51 31 48 42 19 18 30 31 32 32
1 7 11 1 15 6 11 2 1 1 15 10 12 22 1 13 15 14 3 5
7 6 10 4 16 8 8 7 1 5 13 4 12 13 6 7 17 9 9 10
19 17 15 9 23 17 30 9 6 8 35 14 28 30 4 19 27 34 22 14
9 8 6 1 16 5 7 4 1 1 12 6 9 10 1 1 11 10 10 6
15 8 14 3 22 2 7 9 1 3 15 8 11 13 3 1 16 8 9 11
8 13 7 1 12 13 9 4 7 7 20 1 19 7 7 5 10 12 5 13
54 27 52 26 67 29 37 41 8 31 60 39 56 64 21 42 59 50 52 56
43 35 40 19 50 35 34 35 18 36 52 36 57 48 35 37 45 42 32 51
8 10 9 4 13 14 13 11 4 8 12 6 18 19 9 9 15 10 2 8
3 6 8 1 7 6 11 7 1 1 10 3 10 12 1 6 12 9 1 4
23 16 23 12 33 11 15 19 2 16 25 15 24 30 17 11 29 17 16 23
34 16 42 23 56 22 24 23 6 19 53 38 37 49 14 31 44 42 39 38
3 9 19 1 24 8 11 8 1 2 19 15 15 26 2 17 21 17 8 12
29 14 39 14 40 40 29 32 9 26 40 23 38 36 13 38 34 31 22 47
29 13 33 21 48 20 23 27 4 16 41 26 33 45 14 27 40 31 31 32
19 19 18 1 23 12 18 10 1 2 20 19 19 25 2 10 21 22 15 17
5 6 9 1 17 6 14 5 1 1 18 6 16 20 1 6 19 15 9 4
13 10 14 4 26 5 9 1 1 1 24 16 13 20 3 4 17 17 20 15
31 24 20 9 31 24 30 14 8 18 38 26 39 39 8 25 27 40 29 29
40 29 49 35 58 45 45 39 15 46 56 39 52 50 44 30 42 37 39 53
34 53 44 21 57 47 60 29 22 48 58 55 65 55 20 31 31 56 23 42
5 16 17 4 23 13 19 3 2 7 28 13 25 22 1 12 21 21 10 10
60 32 59 32 68 45 61 58 10 40 58 53 64 63 30 48 49 58 40 58
37 41 36 33 58 38 49 27 20 34 60 41 57 62 20 39 51 55 44 34
6 5 9 3 16 5 6 3 1 1 17 5 9 10 1 3 14 9 10 8
8 12 13 1 11 9 14 5 5 4 21 5 15 10 1 8 14 15 7 10
17 13 19 5 30 17 17 16 6 11 31 13 32 31 11 18 24 22 14 25
10 16 14 3 24 9 8 6 1 9 25 4 22 19 8 3 23 13 8 13
3 6 2 4 10 4 7 1 1 2 16 7 14 13 3 1 6 13 9 6
50 56 40 32 57 44 51 34 37 43 69 51 70 58 30 39 43 62 33 48
21 12 38 10 39 14 22 28 1 13 30 21 27 38 5 25 35 22 16 27
26 26 33 8 41 22 26 22 5 17 37 32 30 31 7 18 25 28 20 36
27 24 27 22 38 31 38 26 16 26 39 35 45 47 8 31 28 39 32 29
12 9 24 6 27 6 17 14 1 5 20 25 16 22 1 10 11 17 13 19
13 16 11 8 20 15 14 12 8 17 24 7 29 19 18 4 19 11 7 16
25 46 31 1 37 32 33 9 21 25 44 31 40 30 21 13 21 38 11 36
46 38 59 30 62 53 56 44 11 49 59 40 59 55 27 37 60 52 40 58
7 4 8 1 12 1 3 2 1 1 8 5 1 5 1 1 8 6 6 5
5 1 5 4 15 2 8 1 1 1 14 6 10 7 1 1 5 7 12 6
30 35 32 9 52 26 38 24 13 22 47 45 50 48 15 20 25 43 17 36
28 15 37 26 44 34 32 28 16 26 52 33 43 45 24 36 38 37 33 41
33 33 26 12 26 30 32 20 19 20 38 24 35 31 19 28 35 40 22 32
31 39 30 6 35 25 31 16 15 18 50 25 43 26 16 16 33 37 20 36
8 10 6 3 19 7 14 1 1 1 22 8 18 23 1 6 18 21 14 7
22 10 19 8 31 6 4 10 1 6 26 6 18 16 5 3 24 11 21 20
31 10 31 22 46 18 30 27 6 20 43 28 44 44 19 27 32 32 27 31
31 52 36 20 48 47 55 16 31 41 66 45 61 54 25 37 35 60 29 38
25 20 23 21 40 23 30 19 10 26 45 22 44 40 24 17 36 32 28 27
39 38 49 31 52 47 53 38 18 42 54 37 59 59 30 45 55 49 37 45
56 43 55 40 72 44 58 41 15 43 70 51 60 59 14 42 56 61 52 48
23 12 29 15 39 20 14 24 7 17 36 18 32 32 14 24 29 20 19 33
37 36 41 10 49 38 49 27 21 31 53 43 50 47 21 31 26 50 26 48
28 38 30 9 44 26 28 9 20 26 52 33 49 41 26 12 29 40 25 37
36 42 44 16 51 43 42 23 28 39 58 34 52 41 35 26 33 40 24 49
12 19 17 1 21 19 22 13 3 14 18 19 21 13 5 5 8 15 4 21
19 6 22 13 29 14 21 20 1 14 21 12 27 39 11 19 32 23 20 18
38 31 41 2 49 27 26 33 5 21 37 31 36 30 8 23 28 30 9 45
46 37 63 29 68 42 54 45 8 39 55 47 54 64 20 43 60 53 43 52
11 16 15 9 22 15 13 11 9 13 27 10 25 20 13 10 24 15 15 19
14 27 21 9 26 24 33 11 7 17 30 26 31 28 7 15 23 30 15 17
3 5 1 1 7 10 11 4 1 1 8 2 12 10 2 7 8 9 3 3
8 4 16 2 19 12 8 8 2 4 12 7 7 17 4 13 18 9 12 17
62 54 63 19 72 49 55 49 19 48 65 54 64 62 25 39 58 60 42 68
9 12 19 1 20 18 19 12 8 8 23 13 23 19 8 17 12 16 9 22
12 17 4 4 13 16 12 6 10 12 22 7 25 13 12 5 13 15 10 13
27 4 29 21 34 27 27 27 1 19 30 15 25 32 8 26 36 26 32 28
44 35 40 27 55 29 48 31 9 33 59 39 56 50 19 30 40 50 34 34
46 44 53 23 52 52 63 44 14 47 54 42 66 58 21 44 48 58 27 50
20 14 14 10 25 17 20 8 5 9 35 11 23 18 5 11 21 22 22 19
26 16 28 8 33 18 25 28 5 13 21 21 26 32 8 22 27 23 11 24
35 20 26 14 36 23 37 29 1 20 26 26 33 36 8 16 27 35 24 24
54 45 60 30 57 60 63 52 18 49 60 41 62 51 20 51 58 60 35 57
17 25 25 4 24 21 35 13 6 13 32 23 28 24 4 21 22 32 8 17
12 1 11 4 13 11 19 11 1 4 9 10 14 19 1 10 15 16 15 8
5 9 3 5 9 9 12 1 3 4 17 9 18 14 5 2 6 15 9 5
14 9 19 7 22 20 16 16 2 15 19 7 23 26 6 16 29 18 13 21
39 46 43 17 48 26 37 26 19 34 56 31 54 46 22 34 52 48 32 38
28 18 29 13 42 21 23 26 11 15 41 23 41 38 15 26 33 28 19 34
6 11 7 1 3 7 12 5 2 1 12 5 11 7 2 4 8 10 1 5
11 11 18 8 28 7 12 11 1 9 24 13 23 27 9 9 23 16 13 12
3 1 4 1 7 5 7 3 1 1 4 1 4 12 1 6 12 8 5 1
32 39 36 1 39 24 28 18 16 23 43 31 33 25 21 17 31 31 28 43
9 6 14 6 19 5 14 8 1 1 17 14 13 14 4 1 9 12 13 11
53 33 40 38 62 35 47 37 8 36 62 42 59 62 26 35 51 54 53 43
17 19 20 6 32 9 19 12 1 7 27 20 23 27 6 7 23 22 16 15
21 17 20 6 27 21 21 19 6 17 30 10 36 36 14 20 28 25 16 27
23 27 35 5 35 39 38 23 22 24 43 31 46 39 20 32 26 40 16 45
46 40 52 22 63 48 55 41 20 36 71 48 61 57 23 47 45 58 35 54
19 35 28 15 45 33 37 9 21 30 53 34 51 42 24 18 25 40 21 31
35 42 28 18 46 31 38 22 24 30 56 39 58 46 23 27 28 49 24 36
1 16 6 1 10 14 12 1 9 10 24 9 22 12 11 1 8 15 6 14
32 23 38 6 40 30 32 33 6 20 29 25 28 25 7 28 25 26 14 37
24 15 29 3 28 18 29 21 6 8 26 19 21 20 4 22 20 24 16 27
29 34 36 19 38 38 48 25 17 31 47 32 54 47 17 36 37 46 23 34
23 20 24 7 22 19 25 21 13 15 24 13 22 10 12 14 17 19 1 23
19 35 27 5 31 25 24 6 10 16 44 20 32 24 8 17 33 29 20 30
17 16 30 10 25 25 20 20 8 17 28 14 20 27 13 24 29 18 18 31
34 27 42 14 46 39 44 32 10 31 36 42 39 42 11 28 30 40 28 46
33 9 37 24 51 22 24 30 8 20 40 34 35 37 17 26 30 27 33 36
36 43 51 24 62 39 43 30 17 32 56 46 59 68 17 47 61 58 45 47
8 15 12 7 23 14 14 6 8 10 27 17 29 24 11 8 12 17 12 17
37 22 40 28 56 32 32 39 15 25 51 39 47 54 14 38 40 39 31 41
6 1 4 1 18 1 1 3 1 1 9 2 6 9 1 1 12 3 8 5
22 16 13 18 29 10 28 17 6 13 31 23 34 32 4 13 17 29 21 7
16 7 28 12 29 18 21 19 1 10 24 20 23 35 4 24 27 26 23 25
6 13 12 1 17 15 11 6 7 7 21 7 20 16 7 13 11 12 5 19
14 15 14 1 14 17 20 11 8 7 21 6 17 15 7 16 19 19 5 12
16 18 25 5 35 18 12 14 9 13 29 19 23 19 12 12 19 12 13 30
56 49 54 34 68 43 59 38 19 46 74 46 74 73 24 49 67 70 57 52
30 20 24 12 42 12 28 22 1 17 32 28 33 34 6 7 20 29 19 22
43 54 37 20 50 48 58 22 40 45 67 48 66 53 38 37 31 60 24 43
30 43 35 13 36 44 36 19 30 34 57 22 43 29 31 29 37 40 15 45
24 24 24 13 30 20 26 23 14 21 36 18 42 33 21 23 29 28 15 26
45 45 60 22 70 41 44 35 19 39 73 54 59 69 29 52 66 60 55 60
32 26 33 9 38 26 32 32 2 25 24 21 33 39 12 21 36 31 16 29
40 21 48 18 54 34 31 32 8 17 49 37 41 49 11 37 46 41 38 50
53 32 52 25 64 31 39 39 14 33 62 42 51 58 29 38 58 48 50 52
32 34 38 5 38 36 40 35 7 29 32 28 45 42 12 31 31 37 9 38
24 6 16 13 23 18 28 19 2 11 20 14 27 27 4 17 24 25 22 13
60 30 50 38 61 44 58 48 18 44 61 42 62 61 21 44 52 56 53 51
41 36 60 39 65 45 52 44 10 41 60 45 58 64 30 49 62 48 45 50
29 20 33 7 35 23 21 25 1 16 22 19 11 17 4 17 26 20 19 31
50 37 47 20 58 47 60 38 17 47 56 43 61 51 28 28 32 51 30 53
24 43 35 14 45 26 32 11 16 24 49 40 43 40 13 19 36 41 31 35
37 21 47 20 42 35 41 38 16 25 49 29 39 40 20 44 45 41 24 43
19 26 17 9 37 21 27 7 13 18 42 28 39 36 16 7 21 33 22 24
12 23 17 6 23 17 19 14 11 16 23 20 29 24 16 8 14 17 6 20
52 23 55 32 68 39 48 49 17 28 58 53 53 55 19 42 46 51 37 52
5 4 10 1 21 3 4 3 1 1 13 9 9 14 1 5 9 8 8 9
16 36 28 6 36 24 24 6 11 17 41 26 35 32 11 18 34 30 20 27
44 26 39 27 52 35 41 31 6 32 59 27 52 52 18 32 51 46 43 39
4 5 9 3 11 7 13 3 3 1 14 12 12 15 1 9 6 12 7 6
28 14 26 11 31 18 25 25 1 19 21 15 25 16 12 9 17 16 11 25
33 35 32 13 51 29 37 12 21 26 53 41 46 41 19 18 19 39 29 38
18 14 10 7 20 20 26 9 4 9 28 11 27 28 4 16 23 30 20 17
27 27 32 29 42 37 48 26 12 33 45 35 53 54 4 37 40 49 36 26
41 46 41 4 50 33 45 25 8 26 53 40 51 46 12 26 41 52 31 44
27 30 24 1 26 23 29 19 7 13 31 16 31 28 9 16 29 33 14 26
22 19 28 22 42 22 28 16 6 22 46 16 38 37 8 24 41 28 28 24
23 12 28 22 42 18 24 23 8 18 36 30 30 35 6 25 21 24 29 26
30 16 29 25 44 24 22 25 9 28 46 21 37 35 26 14 35 25 32 34
7 10 8 1 8 10 7 6 7 8 11 8 11 7 9 1 8 8 8 10
11 10 11 5 15 10 15 11 4 7 14 10 18 13 8 6 12 11 8 10
9 9 16 7 17 11 7 9 5 8 18 6 11 10 7 8 17 9 12 16
50 41 44 21 54 41 53 41 14 38 47 49 48 54 6 35 39 55 34 44
55 19 41 38 57 37 50 42 5 36 59 33 55 57 22 38 53 53 53 45
6 7 9 5 18 1 5 9 1 5 10 9 16 22 5 10 14 10 3 7
37 32 34 19 50 27 23 20 11 25 57 27 46 42 21 23 42 37 36 41
27 18 25 15 33 36 29 23 12 26 36 15 36 29 14 24 35 29 25 35
13 8 14 5 22 7 21 8 1 3 16 18 14 12 1 3 6 14 12 10
22 23 10 12 24 20 26 13 12 20 38 15 43 26 16 15 21 30 12 16
31 36 36 4 43 27 42 23 5 19 42 38 41 39 4 29 28 45 14 30
41 19 45 18 52 24 33 35 1 20 37 31 33 41 16 24 40 31 32 41
13 21 11 4 15 25 24 12 17 17 27 13 30 15 17 15 15 21 7 20
11 10 7 6 19 10 6 8 6 11 17 1 17 12 12 4 17 7 9 14
22 26 26 11 30 36 41 15 22 28 39 28 42 35 22 24 15 37 20 34
47 34 43 18 56 29 36 35 7 26 48 38 39 39 4 20 39 41 28 41
55 41 54 16 52 34 46 43 12 32 54 33 50 47 18 38 58 54 39 51
37 30 42 20 47 36 33 25 9 27 55 28 45 47 18 33 53 46 44 43
26 32 35 18 53 19 26 15 8 19 48 40 51 55 9 26 41 44 31 30
5 6 6 4 11 2 4 6 1 4 10 1 13 13 4 3 12 9 2 3
43 35 41 40 60 44 49 32 17 46 72 34 64 54 26 40 51 49 47 43
3 13 4 1 9 15 10 5 9 10 15 6 19 12 11 6 12 10 4 11
12 20 24 10 32 18 32 12 5 10 31 27 34 38 2 24 24 30 13 14
42 47 51 4 53 49 50 38 26 34 49 41 57 50 24 38 38 53 11 57
23 12 22 9 33 15 25 13 2 6 30 25 28 39 1 21 26 34 26 22
7 11 4 1 10 16 14 7 7 7 13 6 17 15 7 11 11 13 5 9
10 12 6 4 15 8 9 7 1 5 16 3 17 13 6 4 16 13 7 6
6 6 7 1 18 8 8 3 1 3 14 4 9 10 4 5 14 6 8 9
38 45 46 19 60 28 38 27 16 32 61 44 63 63 21 42 54 54 37 45
36 40 51 10 50 43 44 43 21 25 43 51 46 45 11 39 34 41 8 53
24 23 26 7 35 15 22 15 9 9 39 19 32 31 9 20 30 30 21 26
46 28 52 24 56 42 44 48 12 36 49 39 55 55 20 40 50 45 33 55
5 6 8 1 10 6 6 4 3 4 8 5 8 4 5 1 5 4 5 8
22 29 26 2 33 20 19 14 11 18 27 25 24 20 14 4 21 23 16 32
37 44 45 3 52 21 38 26 8 24 45 47 43 46 12 28 37 48 29 36
31 13 25 26 43 14 23 25 6 21 38 24 33 34 12 14 26 23 32 22
2 3 6 2 11 4 11 1 1 1 18 5 13 13 1 3 12 13 9 4
5 3 11 3 23 2 4 4 1 1 18 7 11 19 1 8 18 10 10 8
18 22 15 5 23 14 10 11 11 14 20 16 20 16 15 4 19 15 13 21
6 16 15 1 19 16 14 10 11 12 16 19 22 17 13 7 5 10 4 19
4 8 4 1 6 7 11 1 2 1 17 3 15 7 1 4 6 14 4 5
16 15 23 4 20 20 27 14 6 8 30 13 29 27 6 23 22 28 14 23
7 14 8 2 23 8 4 4 2 10 24 6 22 21 9 2 20 13 9 12
23 16 10 19 26 16 26 16 6 21 38 14 43 31 17 13 19 28 20 18
39 41 40 8 48 22 31 25 11 23 52 31 44 39 17 26 44 41 32 38
3 3 7 1 7 6 13 5 1 1 7 10 8 11 1 6 6 7 5 2
8 10 8 5 15 9 8 7 3 6 19 4 19 13 7 3 14 12 9 11
50 46 53 9 61 25 39 41 16 31 52 43 52 52 25 36 49 47 31 52
6 6 1 1 11 5 12 2 1 1 16 6 19 16 1 5 7 15 4 1
38 33 38 17 50 25 43 25 7 21 48 35 44 50 11 25 41 46 30 30
4 3 12 1 17 1 2 6 1 1 8 11 7 13 1 6 9 7 1 7
49 21 50 37 62 37 51 46 2 39 52 40 52 60 12 39 52 48 46 41
3 1 12 2 18 2 8 6 1 1 11 12 11 19 1 7 10 8 7 7
47 42 45 29 61 43 44 33 29 40 71 47 57 49 27 40 40 53 40 56
30 28 46 25 41 43 43 32 11 32 46 31 41 44 11 39 48 41 35 40
32 13 28 15 37 27 26 25 4 23 34 11 33 35 15 23 38 26 25 35
46 61 58 23 71 48 56 36 24 51 66 57 68 65 27 32 54 60 34 58
35 8 32 29 41 31 33 31 4 27 41 23 37 43 13 31 42 38 40 33
14 7 9 9 20 8 14 12 1 7 18 8 20 25 8 7 22 17 15 8
6 9 9 5 16 11 13 1 5 5 15 13 16 14 6 9 5 12 9 11
27 23 26 11 42 14 26 13 2 11 42 27 38 44 8 16 34 34 27 23
46 31 48 27 64 36 46 40 17 39 56 51 62 69 25 33 43 53 40 51
33 18 31 18 33 31 36 30 11 26 37 17 40 29 20 21 31 26 27 38
1 1 4 1 10 3 8 2 1 1 7 5 7 11 1 5 5 5 4 2
6 13 12 1 24 13 10 6 7 8 21 14 19 22 9 10 17 13 11 19
1 6 7 1 10 3 6 1 1 1 12 9 12 15 2 4 6 8 2 7
1 3 1 1 4 3 6 1 1 1 10 2 11 8 1 1 1 9 1 1
7 19 21 2 32 20 18 9 14 17 30 25 35 29 18 10 11 21 6 26
7 8 10 1 16 7 8 6 1 1 16 4 12 9 4 4 15 10 9 8
25 17 22 13 27 24 24 22 10 23 27 14 33 31 20 15 32 23 25 28
17 16 18 7 22 14 19 11 6 7 28 15 20 16 6 10 17 18 16 19
10 14 8 2 20 8 13 1 2 2 27 9 18 18 2 7 17 20 14 11
3 2 9 1 7 4 10 7 1 1 4 4 4 6 1 5 6 3 1 4
49 29 42 23 57 26 44 34 7 25 48 44 48 57 3 33 42 51 43 38
7 4 12 4 17 12 16 8 2 7 17 17 21 26 4 14 8 17 12 16
3 1 7 2 16 5 13 2 1 1 11 9 11 16 1 6 7 10 9 3
13 11 16 1 18 6 13 8 1 3 13 10 5 5 1 3 12 9 10 13
26 21 37 23 39 33 38 30 7 29 37 28 43 50 12 34 45 40 29 29
10 8 16 1 23 9 10 7 1 1 18 12 9 22 3 13 21 14 14 16
33 17 31 13 47 11 23 25 1 13 31 34 36 38 10 11 23 27 23 30
3 8 14 1 20 10 7 7 3 4 15 7 15 19 5 10 16 8 5 15
14 9 14 4 17 12 14 13 1 7 18 1 18 16 8 7 22 11 9 14
26 13 25 20 41 18 21 18 2 15 41 17 33 33 13 16 31 25 27 23
11 20 23 1 34 16 11 12 5 5 29 19 26 33 4 21 30 23 6 24
19 23 27 5 34 18 14 19 9 15 23 23 21 19 11 9 18 16 13 30
24 20 20 9 30 19 18 16 9 15 29 10 27 28 15 15 29 22 17 24
38 23 38 22 49 27 28 29 5 28 43 29 41 50 27 27 48 36 40 42
5 3 10 1 12 8 8 6 1 1 8 4 1 11 3 8 14 8 7 7
16 16 14 13 28 16 25 17 7 14 29 28 36 35 8 18 12 25 16 15
43 35 60 19 62 48 47 43 10 29 58 47 50 56 10 46 56 52 33 57
14 18 10 5 20 11 18 6 5 6 27 11 25 23 4 12 23 25 14 8
21 14 17 3 25 17 21 12 4 7 28 10 23 26 5 15 26 26 20 20
13 12 7 5 13 14 12 10 8 12 16 1 21 10 12 9 13 10 3 13
10 11 6 8 16 12 16 7 6 8 20 10 25 18 9 6 11 16 10 9
46 35 62 32 59 55 53 50 18 49 63 36 63 56 32 54 61 48 34 62
28 31 37 15 49 20 21 18 5 23 45 23 38 46 14 24 52 34 33 34
24 29 29 2 34 15 20 13 8 10 43 27 37 34 8 26 31 39 15 29
24 29 28 18 39 23 42 17 10 19 44 35 40 40 3 29 24 39 24 20
13 9 18 5 16 17 20 15 4 8 19 8 20 20 7 13 22 18 15 16
7 14 10 4 18 16 14 5 10 10 20 16 23 18 11 12 10 13 10 16
7 6 4 5 13 7 10 4 1 4 11 8 12 12 5 6 11 11 12 5
29 23 30 14 39 23 30 28 13 19 43 24 48 42 19 30 35 35 15 32
12 14 15 5 25 19 27 9 1 10 26 13 30 34 1 22 27 29 13 10
8 4 7 4 13 5 13 9 1 3 9 8 14 13 4 3 10 7 6 4
6 7 4 1 12 3 3 1 1 1 13 2 6 6 1 1 10 9 7 6
26 36 32 1 39 20 26 16 15 21 45 33 36 42 21 22 39 39 32 35
52 39 61 27 67 36 53 40 3 38 58 48 58 64 9 37 63 60 49 52
23 18 33 1 39 7 11 15 2 4 31 31 25 32 4 19 28 25 22 32
17 13 11 8 24 7 17 12 1 10 21 18 21 18 4 1 9 19 14 12
2 1 3 1 13 1 7 3 1 1 11 2 9 15 1 3 14 9 7 2
7 14 11 6 15 11 14 5 1 10 22 5 26 20 4 9 18 17 5 6
16 19 13 12 37 19 25 9 11 22 39 23 39 35 18 6 17 26 18 20
16 25 20 1 25 19 22 14 6 13 25 15 23 17 8 8 20 21 11 23
19 7 21 13 30 10 11 16 1 11 30 1 20 19 8 10 30 12 17 16
3 7 11 1 17 9 7 4 3 3 13 10 14 12 4 9 4 8 5 14
41 15 33 37 55 35 38 33 16 36 60 32 53 50 28 32 44 40 43 36
18 22 12 9 27 20 23 9 14 17 38 16 38 24 16 9 17 26 15 22
2 9 1 3 6 8 7 1 5 6 15 7 16 10 7 1 6 11 7 7
17 16 19 2 27 17 19 13 8 8 28 14 24 21 8 19 21 22 12 24
53 34 50 31 50 45 41 45 23 38 53 24 46 43 29 42 59 45 32 52
21 33 20 26 42 31 39 17 17 33 48 33 54 48 15 25 33 40 28 22
15 18 12 1 19 9 6 1 3 5 23 8 17 10 4 5 14 16 15 19
25 13 25 12 44 15 22 19 3 6 43 26 37 37 1 25 28 31 20 24
25 37 40 10 38 41 40 30 23 34 46 31 56 47 28 37 38 43 6 40
46 41 58 34 58 57 55 46 19 50 59 37 58 53 26 46 59 50 40 58
6 8 9 1 12 3 14 10 1 1 8 8 12 17 1 5 13 12 1 2
8 20 10 1 21 18 15 6 7 12 24 8 24 24 11 10 24 20 7 15
41 18 42 26 56 30 27 35 10 28 51 27 42 47 25 34 48 34 37 47
17 28 19 1 31 24 21 13 14 13 38 26 39 36 13 21 25 32 11 30
9 5 7 4 11 1 10 5 1 1 12 11 8 11 1 1 8 12 11 3
25 12 24 15 37 11 27 25 4 10 31 33 37 41 7 21 21 28 16 19
51 41 55 24 71 39 39 41 19 25 66 51 63 71 18 46 64 59 40 61
4 12 12 1 19 13 8 5 10 11 16 13 16 12 12 5 8 8 9 17
18 17 22 1 32 12 9 18 7 7 23 24 25 28 8 14 21 18 8 25
35 53 44 3 47 48 51 28 16 36 50 41 51 46 13 32 40 53 18 46
19 22 23 5 17 34 32 20 17 23 27 15 32 20 17 22 20 27 9 30
31 41 40 4 43 34 38 23 17 28 49 33 55 51 22 28 39 46 21 43
16 16 15 7 21 21 25 9 6 10 32 10 31 25 7 14 25 27 21 20
2 12 5 2 10 13 14 3 4 5 18 9 21 21 6 9 11 16 6 7
53 42 58 32 62 53 49 49 32 53 59 41 55 39 45 36 44 41 24 65
24 40 30 18 35 43 46 21 25 32 49 32 54 45 23 38 37 47 13 34
14 9 5 10 19 8 16 10 1 8 23 6 26 24 9 6 22 17 14 7
8 7 18 2 24 5 12 11 1 3 22 10 23 26 2 14 19 14 4 13
34 30 31 21 35 39 34 30 20 30 51 16 43 31 27 33 44 37 23 38
42 21 53 29 54 45 44 46 11 41 45 36 48 47 28 36 43 34 36 56
7 8 17 1 19 8 9 10 1 1 18 15 17 19 1 13 11 15 1 14
35 40 47 18 51 36 41 26 13 35 54 38 52 56 14 42 60 55 46 46
38 22 39 32 54 28 40 32 8 31 57 34 50 50 17 35 37 41 36 30
1 3 4 1 6 5 4 1 1 1 9 1 6 1 1 1 6 3 4 6
26 29 37 5 41 29 37 26 3 20 29 26 34 37 4 29 33 33 11 29
35 21 35 21 52 22 33 35 9 30 37 42 47 41 21 20 21 31 23 39
11 6 15 5 18 9 14 13 1 3 18 7 14 15 3 7 20 11 11 11
24 16 16 16 26 14 27 17 7 12 36 19 32 24 7 13 15 28 22 16
19 21 14 3 24 9 9 8 3 10 24 13 25 24 10 9 27 21 18 17
15 10 10 8 23 12 11 11 6 11 17 6 20 14 11 8 13 9 9 14
20 21 28 5 25 23 27 22 12 11 32 21 31 30 11 32 29 32 7 24
36 29 38 24 61 20 33 27 12 20 57 45 49 56 1 33 41 48 39 32
3 7 2 1 11 6 6 3 2 4 11 5 15 15 5 2 12 9 6 4
47 27 49 29 59 39 46 46 15 27 56 44 62 67 19 41 54 51 34 51
23 35 37 8 43 40 43 18 20 28 47 36 50 50 20 31 31 46 21 39
44 31 41 30 54 38 51 39 12 41 53 39 56 56 22 31 45 50 40 41
13 11 13 1 18 15 13 9 3 6 15 6 15 19 5 10 20 16 14 15
40 25 35 21 44 33 45 40 17 20 41 40 52 52 12 41 31 45 22 34
49 38 64 29 71 38 47 50 18 22 57 49 53 68 21 49 66 52 28 53
5 8 7 6 10 9 11 1 5 6 17 9 16 12 7 4 8 13 10 9
5 14 12 2 21 12 10 3 8 9 22 15 17 19 10 8 15 13 12 18
6 11 4 1 12 6 5 1 1 1 15 3 13 11 2 1 12 10 5 6
18 18 20 1 26 16 18 15 9 5 34 19 29 24 5 21 21 29 7 24
6 9 8 1 14 7 3 1 2 3 16 1 8 9 4 3 17 9 10 12
27 42 37 6 44 36 35 16 22 29 44 31 37 27 24 15 23 34 14 41
38 30 38 17 44 35 41 31 13 32 42 31 45 43 27 18 37 39 31 43
57 45 60 25 65 42 50 51 27 31 61 49 61 58 29 44 55 54 27 62
15 25 28 4 27 28 31 16 11 16 36 17 36 33 11 28 30 32 14 25
46 19 55 32 65 34 55 49 3 33 55 51 62 72 15 47 53 55 38 43
22 13 27 9 31 22 32 21 3 12 20 24 24 30 5 18 21 26 20 24
25 28 20 22 43 26 32 22 19 28 44 36 52 46 18 23 22 36 24 28
43 38 40 15 53 36 45 27 21 32 54 38 49 43 26 19 31 44 30 47
10 5 18 3 11 11 16 13 1 5 9 6 7 14 1 12 18 13 10 13
43 29 46 17 59 22 32 36 5 17 48 44 50 53 14 23 41 43 26 45
7 8 6 2 16 4 10 5 1 2 18 4 17 19 3 4 19 14 8 5
33 39 42 21 55 34 36 23 15 28 56 36 47 44 14 30 40 40 33 42
33 43 47 8 51 34 38 26 12 25 50 41 51 53 13 36 47 48 30 46
51 46 52 22 67 47 53 37 27 47 69 50 64 51 35 34 32 55 29 60
15 10 19 8 25 20 26 13 1 7 29 12 27 31 1 20 28 28 19 16
23 27 32 11 40 32 35 19 10 21 46 24 35 34 16 18 33 33 24 33
17 9 14 10 31 8 10 8 3 7 24 14 19 19 7 3 16 13 21 16
29 29 34 8 34 32 31 29 17 21 37 23 34 26 18 27 30 28 11 39
42 39 49 11 57 41 45 24 24 36 53 39 49 49 33 25 35 41 29 55
47 39 50 31 59 47 56 37 18 39 61 44 65 65 20 50 58 63 38 47
21 7 19 15 33 15 11 18 2 17 27 7 22 25 17 11 31 13 21 24
42 38 46 6 52 40 39 39 12 28 41 41 49 48 13 33 39 45 17 52
54 49 55 24 57 51 54 37 20 45 76 41 65 56 28 52 67 66 52 60
23 34 33 12 40 36 41 21 22 28 49 30 53 44 26 28 32 41 12 36
6 7 13 1 15 6 11 8 1 3 4 16 7 14 2 7 6 7 4 11
25 16 27 8 21 24 32 25 7 13 29 12 29 25 7 22 28 29 18 26
4 7 3 1 6 4 8 1 1 1 12 1 10 7 1 4 12 9 3 1
32 11 40 23 38 28 29 35 1 26 33 15 32 37 16 28 46 27 28 35
17 10 29 6 31 20 18 24 6 14 27 20 31 31 13 19 25 17 14 32
41 31 45 8 47 32 38 35 12 19 43 35 41 40 12 31 37 44 27 47
35 38 45 10 58 38 40 24 23 31 55 44 60 66 28 34 41 52 23 48
28 13 37 15 47 15 23 28 1 16 37 21 30 35 10 22 37 22 21 30
26 23 20 10 29 10 23 13 4 9 35 20 34 32 7 11 30 30 21 16
49 44 59 36 70 57 56 40 22 45 75 49 69 70 19 57 66 65 54 62
56 34 53 29 52 50 49 49 18 41 57 32 50 46 27 42 58 51 38 57
10 12 10 3 13 11 12 7 6 5 24 2 18 10 4 9 13 16 8 13
24 40 39 24 41 43 41 25 24 33 53 31 48 39 21 35 45 39 30 38
23 22 26 4 25 22 29 22 1 14 18 15 20 23 5 17 25 27 13 23
15 10 18 9 22 17 19 18 2 13 15 11 25 33 8 18 29 22 14 14
13 4 11 10 23 9 19 11 1 6 20 14 20 29 3 11 19 22 18 9
23 26 24 13 46 25 29 13 19 26 41 34 42 46 25 16 22 33 20 32
24 11 27 14 25 25 26 25 3 20 32 10 35 31 16 17 32 23 22 30
20 16 10 4 22 11 13 9 7 8 22 12 22 19 7 9 17 20 14 13
40 32 41 11 52 18 35 24 3 17 53 39 40 41 3 29 35 45 32 37
48 28 41 14 53 28 41 34 1 22 46 35 39 45 1 25 41 46 34 38
18 11 21 18 29 14 22 17 1 18 32 16 35 33 17 14 27 25 19 17
44 41 42 20 58 29 41 26 17 36 61 43 58 49 32 14 36 47 38 49
6 12 11 1 18 12 16 6 3 4 19 7 19 22 2 16 17 17 2 8
19 13 16 7 22 19 20 17 5 12 20 9 25 28 10 15 26 21 15 16
33 21 26 18 44 21 33 21 7 15 39 32 37 48 1 26 32 41 37 25
26 34 32 12 40 30 39 23 17 22 52 40 54 43 14 34 26 44 16 32
36 44 35 11 49 35 46 17 23 33 55 44 48 39 23 18 16 47 23 43
43 46 44 12 60 29 43 27 18 30 67 51 62 62 22 45 49 61 41 45
10 5 9 4 14 11 12 10 1 5 12 2 15 13 6 8 15 9 6 8
31 9 30 20 46 14 23 23 1 14 35 23 27 33 11 16 28 18 29 28
8 8 9 2 16 3 16 6 1 1 18 13 17 16 1 1 6 15 7 5
29 20 19 15 29 28 31 19 11 20 43 14 34 26 8 24 26 33 28 25
55 37 58 22 63 41 54 43 10 31 61 48 49 56 14 44 50 59 41 54
38 35 38 19 47 38 45 37 27 28 52 43 58 47 26 37 34 45 14 44
14 12 21 7 29 17 25 11 1 5 35 18 28 32 1 24 22 29 16 19
23 18 20 12 32 24 30 17 10 21 39 17 43 38 19 18 26 29 19 28
13 7 15 1 23 6 16 13 1 2 13 12 10 20 1 5 18 15 10 10
8 8 1 1 13 7 8 1 1 3 16 3 17 11 4 1 10 11 8 6
27 24 25 2 31 28 34 25 6 18 22 26 32 28 7 21 16 28 11 28
32 39 42 5 50 35 35 26 23 28 44 37 41 35 24 23 27 36 15 50
20 18 38 12 41 30 29 26 5 21 40 27 39 43 11 32 38 31 22 35
29 21 35 21 51 21 33 30 5 18 45 37 43 47 3 31 33 35 26 28
7 5 7 4 11 2 6 9 1 4 8 5 12 13 4 2 12 6 1 3
36 42 38 11 50 24 30 21 14 29 59 31 55 46 24 29 47 43 28 42
24 6 23 16 42 15 16 22 3 13 31 22 27 35 8 22 27 22 25 26
46 32 30 26 49 24 38 28 18 26 56 32 49 44 19 28 41 47 34 33
28 14 19 17 32 23 27 19 5 15 35 13 33 32 8 19 33 31 30 23
39 22 52 18 53 38 40 43 4 28 36 33 35 44 12 39 44 37 28 46
6 6 12 1 24 4 4 6 1 1 15 9 10 22 1 10 19 12 9 12
57 42 56 27 68 39 49 44 19 31 62 56 57 61 10 46 48 58 51 57
49 8 52 31 63 34 40 47 8 27 48 43 42 58 17 42 52 46 44 48
32 22 32 24 48 23 29 33 17 24 41 41 48 47 15 28 24 31 23 34
41 47 55 11 58 51 49 34 29 40 59 39 57 52 31 43 43 50 22 58
32 46 37 4 50 27 35 20 7 27 46 44 48 43 13 19 33 44 22 36
56 47 65 27 70 45 52 46 14 47 70 46 63 66 28 45 72 59 57 62
45 44 47 22 55 41 44 34 28 34 61 40 54 47 32 31 45 46 24 54
50 40 59 24 67 51 49 46 31 39 66 48 62 51 35 42 44 46 27 66
40 41 45 16 48 40 47 35 11 38 50 28 51 39 21 32 46 44 21 43
22 16 20 9 31 14 26 11 10 10 34 21 27 27 8 18 20 28 21 20
20 14 23 15 34 19 23 15 4 12 37 18 31 31 9 21 24 25 21 23
5 7 14 1 16 9 15 5 1 1 21 6 14 17 1 9 21 15 11 8
48 38 66 30 74 38 41 43 13 40 68 47 59 68 29 48 70 51 49 60
49 47 46 22 68 32 47 30 23 44 71 55 73 68 34 31 38 58 42 52
41 34 28 19 43 33 40 26 19 32 52 30 55 48 25 26 38 47 30 39
43 42 50 24 56 43 59 42 20 33 58 50 64 61 18 52 47 61 26 44
14 8 8 10 15 18 21 13 5 12 17 10 27 26 9 12 18 21 16 13
29 27 27 15 35 27 33 23 17 17 43 19 36 34 17 29 38 37 14 28
7 6 9 1 21 8 4 5 2 7 15 4 14 16 8 4 16 5 8 13
18 2 22 9 23 11 13 20 1 9 17 5 14 22 6 11 27 11 17 18
60 33 64 30 69 41 49 51 1 41 46 47 49 58 26 40 57 48 47 60
41 39 55 17 45 52 51 40 14 39 50 34 43 39 20 46 45 47 20 51
13 15 14 9 24 13 24 12 5 9 26 20 28 29 8 10 15 21 13 14
27 4 27 19 33 21 20 27 1 19 25 1 21 25 13 20 35 14 26 26
14 7 24 8 24 21 17 15 5 12 17 11 16 21 7 19 23 14 18 24
50 24 38 32 51 37 45 39 12 34 55 30 51 50 12 35 46 48 46 40
37 53 50 11 61 42 47 29 21 38 57 51 51 49 17 26 40 51 21 50
19 10 22 15 27 17 16 20 6 22 26 14 27 23 23 10 24 13 18 26
37 21 25 26 40 29 34 27 13 28 51 20 44 34 21 28 35 37 33 31
20 33 24 1 28 26 28 14 15 15 34 23 31 29 15 21 25 29 13 29
1 1 6 1 10 1 5 1 1 1 9 7 5 8 1 1 2 6 7 4
9 6 12 1 10 13 13 9 2 6 6 8 9 16 4 11 14 11 10 11
22 28 33 3 36 28 32 15 14 20 34 31 27 32 16 12 24 31 22 37
42 30 49 17 55 28 31 38 14 20 55 28 46 44 14 37 50 37 20 44
33 35 30 16 39 25 43 19 13 20 52 32 43 38 12 28 36 47 25 25
59 53 51 25 64 47 60 45 22 45 61 56 71 66 18 43 47 67 43 56
32 18 33 13 39 9 19 23 1 16 35 18 28 33 15 15 41 24 29 29
20 12 13 16 30 14 22 14 7 16 29 20 35 33 14 13 18 20 19 16
18 11 18 11 27 11 18 17 1 11 26 6 23 26 11 11 30 17 15 14
4 1 5 1 13 1 6 4 1 1 8 1 6 7 1 1 12 3 3 1
57 47 54 37 73 54 59 42 30 53 83 48 74 68 43 46 55 63 47 62
21 17 28 10 28 26 30 16 5 14 39 16 31 33 7 29 28 32 20 26
2 6 5 2 6 8 10 4 1 2 10 5 11 16 3 7 12 14 7 4
6 11 4 1 11 11 9 4 3 4 13 4 11 18 5 9 18 14 8 8
5 1 5 5 21 1 6 4 1 1 10 15 14 20 1 5 3 10 8 4
31 39 53 14 55 35 42 34 14 14 45 48 44 48 5 39 42 44 11 44
40 35 44 22 60 30 43 41 10 32 46 47 50 55 12 33 36 45 27 40
7 9 12 3 21 11 12 7 5 6 16 15 21 16 7 8 6 9 9 13
15 9 18 11 19 22 19 14 3 14 28 9 24 23 5 17 26 22 22 24
18 16 27 5 32 18 16 17 7 9 29 20 22 29 9 17 27 19 21 29
28 39 55 21 64 52 43 29 27 40 63 46 56 58 30 47 49 47 25 56
29 23 33 12 43 31 32 20 12 24 42 27 37 39 16 15 33 33 28 38
43 36 37 23 49 32 34 34 24 28 54 38 57 49 28 34 41 47 19 43
21 17 19 8 25 16 24 16 10 12 28 17 28 19 12 14 18 22 9 19
1 7 2 1 9 4 9 1 1 1 11 3 11 13 1 7 11 10 1 1
36 44 47 15 59 39 38 24 22 33 68 38 61 53 27 32 47 50 28 51
33 29 30 8 42 14 22 17 12 20 46 32 37 34 18 15 32 35 39 34
43 42 36 20 44 36 34 30 23 38 56 28 56 43 37 29 48 44 25 47
7 9 8 1 11 13 13 6 5 5 14 4 15 10 5 10 10 11 6 10
38 34 41 10 40 29 37 26 7 21 48 26 34 27 9 26 40 42 25 37
43 24 41 20 53 28 39 41 10 24 51 34 49 45 13 33 35 38 25 41
