1000 20 16 1078
3 5 3 3 12 5 8 4 3 11 3 3 2 3 0 5
5 7 2 4 5 4 5 1 7 8 6 3 2 10 0 0
2 5 2 1 2 2 7 9 5 5 6 6 10 1 4 2
3 6 4 8 7 4 1 2 9 2 8 2 8 9 5 0
5 4 4 3 12 19 4 5 9 1 4 6 2 3 3 2
3 3 3 6 2 6 6 3 11 6 5 1 7 10 10 4
3 2 1 1 1 2 8 8 1 1 4 4 3 2 5 2
3 3 2 2 2 0 0 2 1 0 7 3 1 4 1 2
0 9 12 1 2 8 2 4 6 3 0 7 7 2 4 9
1 1 4 1 1 8 2 1 1 5 3 2 3 4 3 5
7 8 11 13 2 1 3 18 9 12 5 1 8 14 0 8
5 8 2 5 10 7 3 12 0 3 2 1 5 3 1 0
1 5 5 0 2 5 1 0 2 7 4 3 2 9 0 3
5 8 3 4 10 0 3 2 0 9 3 7 7 6 14 5
1 3 10 2 2 11 16 2 8 5 2 7 1 4 1 11
4 2 1 1 9 1 1 3 1 6 0 5 1 8 5 1
8 1 2 6 10 5 5 1 8 1 6 7 2 10 5 3
1 6 5 7 7 1 2 9 6 7 2 2 9 1 2 1
4 1 9 3 3 1 5 4 1 3 2 3 10 3 5 1
1 3 1 5 5 5 2 7 8 1 0 5 3 1 6 0
3 3 2 1 8 3 3 6 2 2 6 1 5 6 2 1
5 4 11 2 17 3 1 6 5 2 3 24 10 11 1 10
8 7 7 12 4 3 5 16 8 5 0 2 23 8 14 7
0 3 0 1 7 2 3 6 1 8 5 5 6 3 1 5
3 2 12 2 1 13 4 7 1 6 12 3 0 5 2 5
5 0 5 9 3 6 1 7 6 1 1 2 5 3 6 0
17 9 1 6 4 12 3 6 1 2 1 13 5 2 4 4
2 0 8 5 10 11 3 10 9 3 4 1 18 4 11 13
1 1 0 10 3 3 3 1 7 4 1 6 3 4 9 7
9 18 2 1 9 5 6 5 0 1 3 1 15 7 13 1
17 2 1 2 2 0 6 1 1 4 4 3 6 9 3 6
5 2 6 0 6 2 5 12 2 8 4 0 12 1 7 5
7 18 1 1 15 5 1 2 1 1 7 13 5 2 11 8
12 5 7 14 5 8 4 7 11 9 0 4 7 11 6 6
1 2 6 8 5 10 2 7 1 8 5 10 6 3 2 3
6 2 3 2 10 4 4 5 1 10 0 6 4 3 11 3
1 14 2 17 6 2 8 3 1 9 8 3 1 4 4 15
4 6 2 12 7 1 14 7 9 7 5 4 5 3 12 6
12 2 14 2 6 7 6 5 2 2 1 2 8 4 4 1
2 8 2 3 14 6 10 8 2 2 8 6 4 3 0 3
0 3 1 3 2 4 0 3 6 4 6 0 5 2 2 1
1 1 4 2 6 4 5 3 7 2 3 7 5 2 5 1
1 8 0 1 3 0 1 4 0 2 2 2 3 1 4 2
1 3 6 0 8 5 11 10 2 1 5 7 7 7 8 3
0 3 1 0 3 4 2 4 4 11 7 2 6 2 4 5
10 13 9 3 3 4 3 8 1 4 4 8 11 12 1 4
16 11 5 2 3 1 8 4 2 1 6 9 11 17 3 9
6 12 0 5 7 5 8 11 19 4 13 5 8 3 5 2
1 13 6 4 9 2 6 6 13 2 1 3 6 11 21 5
4 2 5 1 0 5 1 4 2 3 2 2 2 8 1 1
17 6 1 3 5 5 1 18 5 5 2 4 8 4 11 4
26 10 9 10 7 10 3 4 1 1 12 5 5 5 5 7
1 2 1 2 3 2 4 4 2 2 2 5 1 0 4 5
7 1 7 1 5 3 10 1 2 6 2 3 14 2 2 6
2 0 5 0 2 19 13 9 1 8 7 2 1 3 1 7
12 5 5 23 3 10 12 2 8 2 11 4 7 4 8 8
3 0 7 4 2 9 3 3 9 7 7 6 3 8 13 6
2 8 3 8 4 10 0 3 11 3 0 1 7 4 2 12
7 0 0 1 6 1 1 1 1 9 2 0 5 2 0 4
11 0 1 1 10 2 1 0 2 4 1 0 6 2 2 1
8 1 5 3 5 1 7 5 2 3 3 3 1 2 1 3
4 1 3 4 2 3 0 4 2 4 4 4 0 1 0 3
11 2 6 2 6 5 8 20 9 4 13 11 3 1 3 7
2 5 7 1 1 8 3 3 9 1 4 1 4 2 2 8
13 9 2 6 9 7 4 3 2 3 4 2 4 5 7 10
8 3 15 10 1 0 3 5 7 7 14 2 4 4 13 11
8 9 1 5 5 3 6 2 2 2 2 1 1 8 3 4
11 3 1 7 2 3 0 6 5 1 4 13 2 4 6 3
2 7 5 4 1 5 4 3 1 5 4 4 8 6 1 17
3 1 1 4 4 1 0 2 12 1 1 1 1 3 7 3
7 6 11 2 13 4 2 4 9 3 12 12 5 4 15 0
1 0 2 4 0 3 8 2 6 3 2 1 6 3 6 4
1 4 4 5 0 5 1 3 4 2 4 2 2 3 6 5
2 20 2 6 1 2 9 12 3 14 5 5 0 7 8 12
0 2 6 0 4 8 2 7 3 6 6 4 1 1 2 2
16 18 4 3 2 3 1 7 2 10 14 10 6 5 3 1
8 1 2 2 9 3 4 2 3 9 6 5 4 8 1 3
11 5 21 12 8 0 5 8 7 7 8 13 1 9 9 1
9 5 1 2 7 7 4 1 2 6 5 3 1 4 8 9
2 3 2 9 6 0 2 2 3 1 0 4 0 5 0 3
3 12 1 2 5 3 3 2 7 5 13 5 7 1 4 2
3 2 1 4 2 8 8 9 3 6 0 3 3 1 1 5
6 2 7 0 12 4 11 12 8 3 2 8 8 10 0 11
5 4 3 8 2 9 13 6 1 9 7 5 4 6 20 9
1 1 13 12 1 3 2 8 4 4 9 2 7 5 6 1
1 5 3 2 4 1 1 5 1 0 2 3 2 4 2 2
4 0 1 2 5 5 2 2 2 4 0 5 1 2 1 5
7 6 13 12 9 6 1 0 4 1 4 8 7 7 7 3
3 0 4 11 1 8 3 10 1 5 2 6 5 0 2 0
4 4 3 2 2 1 3 2 0 1 2 3 3 3 4 0
7 5 9 11 4 7 11 0 2 15 1 8 5 0 4 2
3 4 1 3 3 10 1 0 0 7 12 0 0 1 6 1
8 13 3 8 2 12 4 4 12 1 5 7 23 13 1 8
10 12 7 3 0 0 0 20 2 15 5 4 4 6 6 6
9 2 5 5 5 3 3 4 5 3 3 4 3 2 2 6
8 13 11 12 5 2 1 7 6 8 0 14 1 17 8 5
16 4 3 7 7 8 15 3 0 10 3 9 10 6 1 13
1 0 4 4 1 5 2 6 1 2 5 0 1 2 5 1
1 2 12 16 1 8 1 5 2 6 2 1 17 8 5 6
3 1 2 2 2 1 2 2 7 1 1 0 2 1 5 4
1 1 1 2 6 5 5 0 5 2 2 2 3 1 5 1
2 7 3 9 2 3 7 1 10 6 2 3 3 9 1 2
2 4 2 4 2 3 5 1 4 7 2 6 12 3 1 0
3 3 15 3 3 8 9 11 1 0 7 2 1 7 2 1
4 9 0 7 1 1 4 4 1 9 2 5 2 5 3 8
12 3 2 4 3 6 2 3 6 0 3 4 5 5 4 3
6 2 2 3 2 8 6 2 4 4 3 1 2 1 2 4
4 0 15 11 5 4 12 7 14 4 3 0 18 12 6 5
3 6 5 3 6 5 4 12 4 1 1 2 1 3 6 1
11 5 6 0 0 0 8 2 4 0 4 2 4 10 3 1
25 6 13 1 9 9 6 6 9 3 2 5 4 4 11 8
6 0 1 7 2 2 5 5 1 3 7 8 5 2 8 6
0 2 1 2 1 4 3 0 1 0 1 4 6 2 3 3
10 0 9 9 2 1 20 6 2 4 6 13 5 4 6 4
14 6 6 3 1 7 1 3 3 8 5 4 5 6 5 7
8 0 1 12 6 4 3 3 7 1 2 16 6 4 1 8
3 1 2 0 6 4 6 2 1 10 0 2 9 2 1 0
0 2 4 3 20 9 12 0 14 11 7 3 15 2 2 14
8 2 3 6 2 10 5 1 13 3 5 10 5 6 2 2
2 5 7 4 5 0 4 4 4 3 1 1 3 7 1 5
2 2 0 3 4 4 2 1 4 1 2 3 7 0 1 2
2 3 2 4 1 2 2 1 5 0 4 0 2 1 4 6
1 11 1 5 2 5 1 1 3 1 3 2 2 1 7 4
22 1 5 13 15 1 1 8 8 0 3 10 4 12 5 13
5 5 8 2 3 15 3 3 3 0 0 2 2 7 8 5
5 5 3 3 4 8 1 3 1 2 1 1 4 4 1 3
1 4 2 0 10 1 14 5 0 6 14 2 2 7 1 8
16 2 0 4 11 13 6 4 4 7 8 1 8 3 3 8
4 1 3 14 3 10 2 6 2 2 1 2 6 4 7 1
2 7 17 8 2 3 2 0 1 3 4 6 0 1 6 0
16 7 9 2 5 4 9 11 1 9 3 6 2 1 14 2
5 9 1 11 6 1 12 23 7 12 7 9 5 2 2 1
2 5 2 5 4 2 11 4 10 1 4 2 14 3 4 7
1 2 7 6 5 2 2 4 4 12 6 4 3 2 3 10
3 3 2 3 4 2 8 2 6 0 2 2 2 7 4 0
0 14 11 3 12 10 14 9 3 6 5 2 4 1 10 1
7 5 6 9 8 0 9 7 3 0 5 11 15 2 2 10
0 1 3 2 3 4 3 1 3 1 1 4 3 5 0 0
1 7 1 5 1 3 1 2 5 1 2 1 4 1 0 4
3 2 4 5 1 23 16 10 3 4 3 8 10 10 5 14
3 9 3 2 5 4 1 13 3 18 8 5 10 16 8 5
3 10 10 16 8 8 8 4 12 5 14 9 3 1 5 16
2 3 1 4 5 2 1 9 7 6 1 4 9 30 2 13
7 10 5 6 3 19 1 11 1 9 3 8 13 3 0 9
1 1 4 4 5 9 9 2 5 5 4 3 3 7 5 9
4 1 4 0 1 3 1 6 5 2 3 2 1 6 5 4
2 11 5 5 6 14 6 0 6 11 2 0 11 2 16 0
2 2 1 5 0 1 5 0 3 8 0 1 0 3 0 3
3 0 5 2 2 1 2 4 4 4 0 8 7 2 1 3
4 2 5 2 4 4 7 11 8 5 3 2 8 6 8 2
3 1 4 7 2 0 3 12 3 3 10 1 4 8 11 6
0 3 2 1 1 5 5 3 5 1 1 2 1 3 6 6
1 4 9 17 11 5 7 0 9 3 12 4 3 15 10 16
1 16 1 8 3 3 5 14 0 2 7 2 7 13 0 1
1 4 7 11 3 7 1 14 4 13 5 14 8 10 3 2
5 1 7 0 4 1 0 1 6 2 6 2 9 5 4 4
12 3 1 7 1 8 18 0 2 1 13 5 9 7 4 7
6 2 0 2 3 5 7 0 1 5 3 5 1 8 5 3
1 5 1 5 1 9 7 8 2 6 5 0 4 1 2 7
5 0 2 1 1 6 2 3 2 5 2 2 2 2 2 4
13 2 7 1 11 19 10 11 2 4 8 6 7 11 3 4
2 0 4 6 4 4 1 3 6 3 9 3 3 4 6 0
0 11 15 1 4 1 9 2 2 3 1 10 9 6 16 18
12 4 1 5 16 17 1 6 2 4 15 4 2 4 1 7
18 0 5 6 0 4 18 5 5 0 2 6 6 15 1 3
2 19 10 13 16 1 5 10 4 5 5 2 15 8 6 10
0 1 3 4 1 1 4 3 10 0 3 7 3 2 1 1
11 0 5 3 3 4 10 0 15 2 2 2 7 7 10 10
11 12 7 2 1 8 1 2 4 2 2 1 1 2 1 3
4 3 1 2 4 3 2 5 2 6 3 4 0 3 6 1
4 6 1 5 1 13 3 16 3 1 4 7 7 7 2 10
8 4 3 3 3 3 7 10 7 6 2 11 0 5 9 2
12 5 5 5 4 7 7 9 3 2 1 3 9 4 17 8
7 8 6 8 2 1 12 3 1 5 4 2 2 1 4 1
0 2 3 2 7 4 4 6 3 4 1 2 6 4 3 4
2 4 2 0 1 4 5 3 1 4 1 4 3 5 3 5
3 5 6 1 5 1 3 1 3 0 0 5 1 1 5 2
3 3 5 3 3 5 2 1 3 3 5 5 0 2 4 4
6 16 4 16 5 13 3 5 9 14 2 2 18 2 3 2
1 12 8 9 10 1 0 6 16 12 13 7 5 18 2 2
12 10 7 5 8 16 2 5 9 5 5 10 7 6 8 2
1 4 10 9 12 1 5 0 6 7 9 8 0 5 0 10
2 4 6 4 0 20 5 3 5 20 4 2 0 7 0 9
11 2 7 1 8 5 6 20 10 4 12 6 7 7 6 3
9 3 0 7 6 3 8 22 17 4 16 2 4 3 10 1
4 2 2 3 10 0 7 3 2 4 5 0 1 3 4 4
3 8 18 6 7 10 6 6 11 5 8 1 8 1 1 3
5 5 18 2 12 2 5 12 1 12 7 17 1 14 14 8
11 8 12 14 21 5 11 10 3 3 3 11 5 6 2 2
0 4 11 3 4 5 13 4 0 12 11 0 12 0 16 9
12 8 11 21 3 1 10 10 4 15 6 3 6 6 0 11
4 2 7 3 16 6 2 1 5 1 4 6 12 1 10 4
7 6 1 3 3 5 8 3 1 3 4 5 5 7 6 4
2 9 3 1 8 2 1 1 0 13 8 14 20 11 1 9
4 0 4 8 7 11 9 2 4 12 4 5 1 8 11 7
3 2 3 3 1 4 1 1 4 2 1 3 7 2 8 4
17 2 10 11 11 1 5 8 1 2 2 10 2 4 2 4
0 5 0 1 5 4 7 11 11 8 6 12 1 2 5 8
5 3 4 6 0 5 7 0 6 9 1 3 16 3 2 1
2 1 4 0 6 8 2 7 3 3 5 1 2 4 5 7
4 0 0 15 13 6 3 1 8 7 6 18 9 11 2 5
3 3 1 8 3 1 3 2 0 1 3 0 5 7 13 11
3 7 4 2 4 4 5 1 1 1 1 3 4 14 6 3
5 4 1 8 3 3 8 2 14 3 6 5 2 15 13 4
9 10 9 5 2 8 10 14 8 8 0 7 5 0 5 3
7 1 1 9 2 4 0 4 9 4 5 2 2 3 2 1
1 1 4 11 3 9 12 7 6 0 7 3 1 4 13 7
3 9 2 1 4 1 4 5 1 1 1 1 2 3 4 13
4 4 3 1 1 4 4 2 3 2 6 7 8 1 4 6
1 3 1 5 8 13 8 2 2 14 6 1 8 4 3 11
9 4 3 4 7 3 2 3 1 2 1 7 4 3 3 3
0 8 2 1 4 3 9 10 3 2 5 1 14 0 6 5
11 14 23 3 2 8 1 8 8 8 5 1 10 11 3 7
10 7 3 10 2 1 4 0 1 4 7 0 2 0 4 1
4 1 5 5 2 7 0 4 1 4 2 3 1 1 5 1
6 27 3 5 7 14 5 7 12 6 3 8 4 5 9 3
1 2 9 3 0 2 1 0 7 5 0 5 5 7 7 3
2 20 7 4 10 11 5 17 8 4 13 13 6 2 7 7
3 10 2 2 4 11 7 8 5 2 13 10 1 5 14 0
0 8 9 3 5 8 13 5 7 0 2 4 2 4 5 9
5 1 0 1 3 0 2 1 3 3 1 1 3 5 1 1
2 1 5 1 5 3 5 5 16 7 5 1 1 0 0 0
2 7 7 3 0 4 8 4 7 1 5 2 3 8 0 7
2 9 9 13 7 4 6 4 4 11 1 3 13 13 3 8
0 0 6 9 9 3 2 1 1 9 9 2 2 0 3 0
0 0 4 5 6 1 4 2 3 4 3 1 2 2 0 5
2 3 6 9 6 4 2 0 5 1 1 1 3 1 3 7
24 9 4 9 2 17 9 13 8 3 5 4 5 7 7 5
8 1 1 3 4 9 0 5 2 5 6 3 9 0 4 0
2 2 2 5 1 1 5 4 0 2 0 2 9 3 3 2
5 7 4 8 5 5 13 7 4 4 4 3 0 3 2 4
1 1 5 6 1 2 4 7 7 4 1 6 6 7 2 2
0 3 8 3 2 0 8 8 0 1 1 5 5 6 4 2
3 2 12 2 6 3 5 6 4 6 3 7 11 2 7 1
1 10 3 7 1 7 2 16 0 8 5 9 3 5 2 15
3 2 3 2 2 1 0 4 1 0 1 0 5 1 5 2
4 4 5 2 4 4 1 4 2 3 3 4 3 3 4 0
3 6 4 1 3 0 1 1 0 1 4 1 0 3 5 1
8 7 4 3 10 0 6 9 6 1 2 2 3 4 8 6
9 2 4 18 3 5 7 5 9 2 9 6 1 17 7 16
5 3 2 5 1 2 5 17 6 7 3 13 1 1 3 6
6 4 2 9 2 3 1 2 3 6 7 1 3 3 1 1
8 4 1 6 3 12 9 6 1 2 6 14 1 5 15 9
4 2 1 2 4 2 12 1 3 6 0 11 2 1 5 2
2 4 9 5 2 3 2 3 1 4 7 5 3 2 5 3
4 0 7 2 1 2 3 1 5 1 7 3 1 3 17 4
2 4 12 6 1 4 1 6 3 14 7 9 9 2 23 8
2 1 13 0 9 5 1 7 4 4 8 3 7 9 1 7
4 5 5 12 3 5 18 10 4 3 14 10 7 13 1 13
4 6 9 4 16 0 14 13 3 1 19 3 11 8 1 3
4 5 6 0 14 3 3 4 5 7 8 11 23 5 8 1
3 2 4 5 5 4 1 3 1 3 0 5 2 5 6 5
2 6 3 0 0 0 0 1 1 3 5 5 4 1 1 7
8 2 2 3 6 3 10 7 2 18 2 15 0 1 6 14
5 6 7 8 3 3 13 6 11 3 7 2 2 13 11 17
10 3 3 12 5 10 11 1 4 4 6 4 9 1 6 0
5 2 9 9 7 1 8 11 2 8 5 1 11 5 10 2
11 16 6 7 12 4 14 8 3 10 0 2 8 1 19 9
2 10 2 0 7 3 2 19 3 17 6 1 10 12 1 2
15 1 5 8 5 14 2 1 11 1 8 11 4 14 1 5
6 6 5 3 2 0 11 3 2 5 2 3 4 5 12 5
5 15 5 2 5 15 5 0 4 0 6 0 3 4 24 4
6 7 10 4 0 4 2 1 8 4 5 1 4 8 15 1
14 7 5 7 1 3 1 1 5 5 1 5 11 10 5 8
10 1 14 3 2 4 7 11 17 15 2 7 10 9 4 17
5 1 3 3 5 2 6 11 3 11 8 5 13 13 2 8
12 6 11 9 3 7 17 12 1 1 3 7 21 8 5 11
11 18 5 4 10 5 11 6 2 6 17 1 3 6 6 6
4 7 5 18 9 2 5 3 10 15 6 10 1 6 3 18
3 4 4 2 2 4 3 1 4 2 2 0 0 2 8 6
12 0 7 15 18 2 5 3 13 6 15 8 8 6 3 8
9 5 12 14 0 13 8 6 7 18 7 1 6 1 5 5
1 6 2 4 5 2 2 6 3 0 3 4 2 3 0 1
2 1 7 11 5 1 5 11 2 11 0 5 4 4 2 6
8 10 11 2 8 8 0 14 2 6 10 16 10 6 6 17
16 1 8 6 5 6 15 1 16 8 1 2 4 11 1 8
10 3 8 5 9 8 9 1 12 8 17 15 3 2 8 5
2 0 1 1 0 5 5 9 5 3 3 6 3 2 2 7
0 3 19 4 9 1 10 3 4 3 4 10 2 7 7 10
4 9 8 1 17 16 1 10 14 0 5 5 0 6 18 7
1 3 0 6 1 4 1 2 3 2 4 0 1 4 3 7
6 2 6 4 3 2 4 5 2 7 4 10 12 7 4 12
5 3 6 4 3 21 9 5 4 9 0 1 1 3 9 7
6 6 9 9 5 3 14 9 15 9 7 6 8 17 1 0
1 9 8 5 3 14 2 7 7 10 17 9 8 15 17 9
9 10 13 3 1 11 3 1 11 5 13 16 15 5 7 1
2 3 3 2 0 1 6 1 4 2 0 4 2 4 3 1
2 0 3 6 4 9 6 3 6 1 16 1 10 7 1 11
2 3 3 6 5 6 5 3 4 5 5 8 9 6 1 3
17 6 4 2 6 2 11 9 0 9 4 13 6 2 1 4
1 8 7 8 4 1 9 1 6 20 1 3 11 5 7 0
4 3 5 3 4 6 4 9 2 6 4 3 6 3 7 8
2 3 1 8 4 11 4 5 3 2 1 6 4 4 9 10
0 5 3 1 8 5 0 3 3 1 2 3 1 1 0 3
2 2 6 5 10 4 0 5 6 8 2 6 0 4 5 2
2 14 5 5 3 8 2 11 4 4 11 2 2 4 9 5
2 5 1 7 1 9 3 8 3 7 7 4 2 17 1 10
4 5 8 3 8 13 0 4 2 3 8 10 11 14 9 1
5 7 2 6 1 2 4 1 3 2 3 1 5 0 2 1
4 4 4 5 10 4 2 9 7 6 7 2 3 2 9 6
3 9 0 2 3 3 4 6 8 2 0 1 2 0 0 4
1 2 3 12 3 8 1 21 13 1 16 3 1 6 5 15
1 10 4 7 2 4 1 2 14 1 9 9 14 3 3 7
6 5 2 3 7 3 7 3 1 6 2 4 5 6 3 5
2 3 0 1 5 2 4 7 4 2 1 6 4 3 2 6
1 4 3 4 1 6 5 2 9 8 14 1 6 10 8 4
2 1 5 1 1 1 1 2 2 12 4 5 6 3 2 3
1 1 4 1 7 2 2 11 6 1 3 5 5 4 4 2
7 4 12 0 0 5 2 6 20 3 1 16 13 6 1 4
11 1 3 0 2 10 8 3 2 9 0 9 9 10 5 9
8 7 0 13 3 20 3 4 4 5 4 1 3 10 10 5
3 3 5 2 4 1 4 2 1 5 2 1 6 0 3 3
3 7 0 11 11 3 3 3 1 0 6 12 4 0 3 1
6 0 5 9 4 2 2 6 14 4 5 4 7 1 8 8
3 5 5 1 1 2 3 0 0 1 3 3 3 1 1 2
2 5 0 6 2 1 7 7 4 2 1 1 4 1 2 1
3 6 1 4 4 4 4 2 3 0 1 2 0 2 1 0
3 8 3 21 7 17 7 5 1 8 7 0 4 3 8 1
4 2 2 7 4 9 3 1 2 3 2 0 2 10 4 5
7 1 6 13 4 14 1 2 0 1 0 1 4 2 3 0
2 1 0 2 4 1 3 2 2 3 2 1 1 8 1 2
2 5 2 5 5 1 2 1 1 3 9 0 5 2 2 6
5 2 7 11 5 4 0 2 0 3 8 5 3 2 2 0
3 1 5 7 5 2 7 11 8 3 1 4 4 7 3 1
1 2 0 3 1 4 0 1 3 2 5 1 0 3 1 6
3 1 2 5 1 7 7 4 1 2 9 1 5 0 2 2
3 1 2 2 1 4 2 4 4 2 4 4 2 1 1 0
2 6 1 0 7 2 11 3 2 2 9 10 8 7 1 5
7 12 7 4 2 5 6 6 3 16 5 8 1 12 1 12
16 7 5 12 1 5 7 4 1 8 7 3 8 4 13 7
1 2 5 1 2 0 2 4 4 0 8 2 2 4 1 3
1 5 6 6 1 2 7 6 8 10 4 3 8 4 5 8
3 6 1 4 2 7 4 5 3 2 5 10 1 3 3 10
2 11 4 18 7 13 3 9 4 7 3 7 8 3 5 5
3 4 7 15 7 11 11 1 9 3 14 2 21 3 3 9
1 4 4 0 11 0 6 9 1 2 3 8 1 7 1 6
2 1 5 2 6 4 3 12 3 13 9 1 1 8 3 16
6 5 11 6 3 4 6 2 8 1 4 2 7 4 1 0
10 4 4 6 7 4 5 2 2 23 13 0 5 2 2 11
14 5 2 3 12 5 8 0 0 17 5 11 7 14 7 4
2 4 5 3 10 3 8 5 1 2 3 8 2 1 7 2
4 5 8 2 0 3 8 15 0 7 0 2 3 6 4 7
2 2 2 7 0 8 3 10 3 3 6 3 9 8 1 2
1 5 7 0 0 12 6 4 2 1 5 1 1 5 3 0
1 3 2 3 9 4 3 5 3 2 4 1 2 12 0 5
2 5 2 8 6 1 0 1 5 2 2 2 11 1 3 1
0 0 3 3 1 3 5 2 1 2 0 0 3 2 5 7
0 25 2 7 5 0 0 13 1 8 4 8 8 8 7 0
3 8 2 11 1 7 8 4 15 6 15 6 16 8 4 1
2 1 3 5 3 5 3 3 5 1 1 4 2 2 1 3
1 10 8 3 11 0 4 2 10 5 1 19 7 9 1 13
10 4 1 1 3 7 8 2 15 14 13 0 3 6 12 2
3 2 10 3 2 0 3 2 1 8 1 5 2 5 2 1
11 7 13 8 9 5 3 8 2 7 3 4 1 9 6 14
2 2 0 1 4 1 1 0 1 3 0 6 3 2 0 4
2 1 4 1 2 5 2 2 12 0 6 2 6 4 2 5
0 12 5 1 5 5 8 2 7 7 4 8 4 3 13 4
22 9 3 1 6 13 2 5 10 10 2 11 6 4 16 8
5 3 6 8 16 1 4 3 2 11 7 5 4 0 7 1
2 1 3 1 8 2 2 4 11 17 3 4 6 4 2 9
1 13 4 3 16 4 1 1 13 5 2 9 3 2 7 7
4 12 7 0 4 0 3 21 7 6 5 5 10 3 5 3
2 4 4 9 16 2 3 0 4 5 2 5 1 2 6 12
9 2 8 7 5 14 14 17 3 7 1 19 2 14 0 5
2 0 1 2 2 1 4 5 8 4 4 7 5 8 6 3
0 16 4 3 16 9 5 7 7 5 3 1 7 8 1 12
5 2 3 7 7 0 6 7 15 6 2 2 6 1 3 2
5 4 2 2 4 0 1 7 5 1 1 3 1 3 2 7
2 7 8 6 2 5 8 1 5 3 10 2 5 7 6 7
19 9 11 7 7 2 7 1 2 5 3 9 9 4 12 5
7 2 0 14 9 4 2 4 5 2 12 14 3 6 6 20
2 3 14 8 4 17 7 8 9 11 9 6 4 3 3 4
0 2 3 4 5 3 2 3 3 2 1 0 2 2 4 2
2 10 5 4 6 7 11 1 7 0 1 14 11 12 0 5
3 3 7 3 0 5 2 0 8 2 2 2 1 1 10 1
3 10 13 6 13 13 1 11 1 8 6 5 11 5 3 7
8 1 6 1 10 2 4 3 2 3 6 4 6 1 3 1
6 4 0 5 3 0 3 0 3 2 6 1 3 1 4 1
3 6 2 4 6 4 1 2 2 1 1 2 2 6 2 4
9 8 7 5 5 2 6 2 1 2 2 2 8 15 2 5
7 7 13 4 2 5 10 4 1 4 1 1 2 4 10 0
2 2 5 2 1 0 3 0 7 7 17 6 7 2 5 5
2 6 4 3 4 8 3 9 5 4 3 4 1 5 1 10
1 0 1 2 3 3 4 0 2 1 5 0 6 0 2 6
3 15 6 3 11 3 13 14 15 0 4 1 8 17 12 0
5 0 1 4 8 6 6 0 1 3 2 2 4 1 9 2
1 3 1 2 2 2 2 1 3 1 6 1 6 5 4 3
0 3 6 6 4 3 0 3 3 0 4 3 1 1 3 0
3 3 5 1 2 1 0 3 2 2 2 1 1 1 6 3
0 5 17 8 10 7 8 13 1 1 11 2 2 1 4 1
8 2 2 4 1 15 10 2 2 3 8 9 1 5 10 1
6 7 1 1 8 11 2 9 3 6 4 7 1 5 3 5
4 2 5 8 5 4 5 4 11 3 5 8 2 11 5 11
7 3 1 1 7 1 19 10 5 5 11 1 2 3 1 3
2 2 7 3 3 1 3 4 2 0 1 1 4 8 9 1
3 4 3 2 2 1 1 0 2 2 0 2 8 6 7 3
11 4 1 7 2 2 11 5 6 13 6 6 3 5 9 12
7 4 3 7 18 3 3 15 1 0 5 15 6 5 2 0
1 5 0 2 1 2 1 6 2 7 1 3 6 2 3 0
1 3 3 9 2 3 4 1 3 0 4 3 2 4 9 13
3 6 3 11 13 6 2 0 13 1 5 4 2 4 14 6
15 5 2 9 12 6 3 20 5 12 1 3 1 10 5 7
14 3 3 7 13 8 5 15 9 3 7 18 2 9 1 2
4 19 4 8 6 5 15 5 7 15 8 13 0 6 1 6
5 8 6 13 5 4 8 2 6 6 3 6 4 5 9 0
1 3 19 10 7 9 11 13 2 5 3 1 4 10 2 4
7 5 3 4 16 5 1 18 8 0 5 14 1 0 3 5
4 3 3 1 6 0 9 2 4 5 0 3 2 5 3 8
0 1 12 5 4 4 12 1 16 16 1 13 7 10 17 9
2 9 2 4 1 3 2 1 5 4 0 6 5 7 3 0
1 7 6 3 10 11 0 1 4 5 4 3 2 1 6 10
7 10 1 11 3 8 3 6 13 3 2 6 1 10 1 6
2 7 3 1 10 3 2 8 5 7 2 1 2 10 2 2
8 2 7 9 6 1 2 0 1 2 1 4 1 3 0 3
4 3 4 4 1 4 3 2 1 7 1 3 1 4 5 3
4 4 9 1 3 2 2 3 4 4 2 2 2 3 2 1
2 2 2 2 3 7 2 4 0 5 1 2 6 4 3 3
5 6 2 3 9 14 12 3 5 11 1 7 2 1 7 15
2 2 7 7 7 1 7 6 5 6 13 1 6 11 5 2
2 3 4 5 1 7 0 4 3 9 6 14 3 1 4 4
3 14 11 1 3 4 9 1 1 9 2 0 3 5 0 5
2 2 12 3 15 12 5 4 4 6 8 5 13 7 11 7
5 6 3 8 7 3 9 16 5 4 12 5 1 5 4 16
2 4 7 17 16 8 1 8 1 5 10 8 1 14 10 18
4 21 5 13 10 2 8 5 4 3 7 8 7 5 6 9
2 4 0 6 3 1 6 2 2 1 1 4 2 1 3 0
3 3 4 4 4 5 1 5 1 5 3 2 1 1 1 3
5 3 9 2 14 3 5 4 14 8 7 2 1 14 3 4
2 5 1 11 1 3 7 0 3 2 3 5 5 2 7 4
7 8 3 0 2 2 4 3 5 4 7 3 2 0 3 7
9 1 3 5 3 1 4 0 8 6 1 1 3 7 4 1
2 8 3 1 5 8 6 2 3 17 3 2 3 4 6 10
10 2 2 6 12 3 6 3 6 1 1 6 0 0 5 1
8 2 11 5 0 5 3 2 5 0 15 2 0 1 2 12
11 2 3 8 5 7 9 4 2 13 4 0 6 5 10 8
2 0 4 1 8 7 4 0 0 3 9 3 1 2 0 4
1 4 3 4 2 1 0 1 1 2 2 5 3 3 4 8
6 6 2 2 1 2 2 3 3 7 0 3 2 4 6 1
2 2 8 14 1 4 4 11 12 11 11 8 15 4 3 4
7 8 1 0 10 8 0 3 16 4 16 9 4 6 7 10
1 4 1 9 9 6 0 2 9 1 19 2 8 11 3 1
4 3 0 6 1 3 4 9 3 5 0 6 3 4 0 1
10 4 2 3 8 3 9 8 2 5 14 3 3 7 3 1
0 1 1 4 1 2 1 6 3 1 2 2 5 5 0 1
7 2 8 3 6 8 20 8 6 12 12 11 11 5 1 18
12 1 15 12 2 4 0 6 3 6 0 10 14 8 9 4
5 3 7 7 2 15 0 6 12 5 6 1 18 1 9 10
2 4 0 4 3 2 9 1 3 3 0 3 0 4 0 2
9 3 6 13 0 3 3 2 6 25 9 5 0 0 10 13
4 7 0 4 3 2 2 10 5 1 2 2 7 0 3 10
7 4 1 2 3 3 5 6 9 3 3 1 3 2 2 8
0 13 11 2 1 11 10 2 24 6 12 1 2 5 3 3
4 0 7 6 5 5 1 2 1 8 6 6 1 1 3 4
6 13 15 0 3 12 14 7 6 7 6 7 20 5 11 1
1 0 5 3 2 2 4 3 3 3 1 6 7 0 4 0
15 7 5 7 2 0 10 12 8 3 0 8 3 19 11 11
17 4 4 3 5 11 8 3 2 1 3 2 3 17 2 6
1 1 2 4 2 1 11 2 1 6 3 3 6 1 1 1
9 1 6 1 8 14 11 3 5 24 10 17 7 1 2 4
4 1 9 3 4 2 5 3 5 7 0 0 2 4 8 4
0 8 8 0 0 14 4 8 9 5 2 1 4 1 7 11
7 3 7 3 13 6 23 3 17 6 17 4 0 2 9 7
4 9 3 8 25 2 12 4 2 3 10 6 7 1 16 6
3 1 3 4 2 2 0 2 2 4 2 4 1 1 5 3
20 7 2 6 16 11 2 5 3 3 15 1 1 12 7 0
0 7 2 6 2 5 3 7 6 11 5 1 0 10 4 0
1 2 9 9 13 9 8 7 2 0 3 9 1 18 2 12
5 1 7 0 0 2 3 5 6 5 2 3 5 2 1 1
8 4 1 14 1 7 0 1 2 3 8 1 1 8 0 1
4 1 3 3 0 2 1 3 0 6 1 5 4 8 2 0
2 5 7 8 1 3 4 5 3 0 0 3 8 1 1 8
3 7 11 3 1 16 4 14 7 2 6 4 6 7 6 4
2 6 6 2 3 3 1 9 0 0 8 3 12 6 2 2
3 3 1 2 2 2 5 1 4 7 6 2 3 2 4 1
12 1 15 1 3 2 6 1 1 9 1 12 1 3 9 13
1 9 4 2 3 8 0 6 0 11 0 5 12 7 8 8
6 7 5 2 2 1 5 4 2 0 4 5 4 8 5 3
3 5 10 5 0 4 18 13 11 17 8 6 10 1 9 3
5 11 6 8 2 4 9 5 6 2 4 10 1 1 0 4
4 4 0 1 7 5 3 2 2 3 5 4 3 2 7 0
6 12 4 8 8 11 9 11 16 16 8 3 9 2 5 0
0 4 5 1 4 19 3 5 1 13 13 6 4 18 2 7
1 6 11 4 15 8 16 2 0 6 15 7 3 4 11 8
2 6 0 9 5 0 5 1 3 2 11 4 1 4 1 3
3 0 3 6 2 4 2 2 3 4 2 5 0 0 2 2
3 11 1 0 4 1 0 2 3 8 2 3 5 2 2 4
0 8 1 2 5 4 14 5 2 10 2 2 6 8 1 3
0 0 7 6 5 1 1 7 0 12 2 6 2 8 5 2
3 7 1 1 4 3 5 1 1 0 4 0 4 6 2 3
4 0 1 1 3 1 0 1 6 2 1 4 1 3 3 4
3 14 6 14 19 5 14 1 1 2 4 0 6 16 3 11
5 11 11 5 1 15 3 2 8 5 9 17 11 4 1 5
5 0 6 18 8 4 17 2 2 7 2 17 2 2 2 1
23 8 4 0 3 1 5 4 1 10 8 5 6 11 11 1
2 12 0 6 11 1 1 8 1 1 5 2 9 6 1 9
4 4 1 8 3 6 2 13 8 3 0 7 9 3 5 1
11 1 11 0 5 4 1 9 1 0 8 6 4 4 7 2
3 3 7 5 7 15 10 8 1 7 2 6 2 3 0 10
7 9 14 0 11 5 5 6 4 9 7 7 2 5 2 2
2 5 2 4 0 2 1 4 5 4 6 5 10 4 3 6
0 8 4 5 16 13 11 7 6 15 9 12 7 4 3 10
2 1 11 3 6 5 13 6 13 3 6 16 3 4 2 1
5 2 4 2 1 0 4 3 3 5 4 2 0 1 10 11
3 3 4 7 10 6 1 10 12 10 2 4 2 4 2 4
3 3 5 1 7 3 8 14 5 3 3 8 1 1 5 0
4 6 4 3 11 0 2 8 9 0 8 1 8 5 10 17
8 3 2 2 1 3 3 5 0 7 3 3 2 4 4 3
7 2 7 6 9 10 1 7 14 3 4 6 4 1 11 2
0 4 5 5 3 1 4 6 1 2 3 2 3 3 9 9
1 6 11 2 12 2 3 10 7 7 9 1 12 7 5 13
3 2 5 3 0 6 2 1 4 12 4 8 2 5 2 1
3 11 0 3 12 8 0 3 0 4 6 2 10 3 6 3
5 1 14 2 4 8 3 2 4 5 1 0 3 2 4 4
9 6 9 1 3 0 3 1 17 0 2 5 3 4 2 3
3 0 18 3 8 9 7 9 9 9 9 7 15 14 4 5
4 12 2 3 5 2 4 2 5 8 6 6 11 1 3 0
2 0 4 8 5 4 6 9 4 5 8 3 6 8 14 11
9 6 8 1 2 4 3 2 3 4 7 3 2 9 4 5
4 3 3 1 4 4 3 1 3 1 1 5 0 5 7 1
3 3 4 8 8 13 12 7 7 25 1 3 4 3 4 6
4 2 0 7 4 2 5 14 0 2 4 6 6 1 6 1
2 1 1 0 2 3 11 13 2 12 11 11 4 8 4 18
10 5 9 9 7 5 1 8 7 8 12 1 10 4 3 2
3 8 7 8 4 12 7 7 8 3 0 0 1 2 0 4
0 2 1 1 2 3 1 2 9 4 3 2 1 6 4 1
5 1 17 4 4 2 5 1 12 10 6 1 7 3 12 7
3 2 3 6 1 1 6 5 3 0 4 1 4 5 2 2
4 7 1 1 1 2 2 3 4 0 8 4 1 2 6 0
3 6 9 2 0 6 6 3 0 1 2 1 3 5 1 2
2 3 1 3 1 2 0 2 2 4 6 4 5 1 3 1
5 7 12 1 4 6 1 3 1 1 4 1 3 0 3 0
1 15 7 4 13 3 7 10 5 3 9 2 2 18 4 1
5 6 3 2 3 6 4 9 1 0 7 5 1 1 5 2
15 4 6 12 3 1 6 6 11 2 0 1 2 6 13 1
4 3 1 3 4 7 1 3 8 3 3 18 8 13 8 9
2 3 4 1 5 1 1 2 5 4 5 2 1 5 2 0
6 3 2 5 4 3 2 1 3 4 5 3 3 6 3 7
2 18 5 5 1 8 7 1 0 1 5 1 4 12 13 14
13 11 12 9 4 9 10 7 4 5 3 8 21 6 1 7
8 21 1 4 4 1 4 4 2 1 2 2 18 2 4 7
13 9 2 10 3 5 9 5 7 10 6 16 6 2 3 1
24 2 14 7 0 1 0 5 7 8 10 7 1 7 5 7
17 15 10 4 9 3 1 9 4 12 9 0 0 2 6 7
1 2 9 11 4 4 3 3 3 2 0 6 0 11 0 2
4 16 1 0 9 14 16 2 6 4 5 8 3 10 10 2
1 14 1 3 2 2 4 4 5 2 12 5 7 9 23 8
8 1 4 10 0 8 1 3 0 7 7 2 5 7 4 3
2 5 2 7 0 6 3 9 16 5 1 5 1 8 7 1
4 9 7 4 0 14 4 2 6 2 2 8 1 9 1 1
1 7 3 4 2 3 3 1 4 6 2 10 16 3 7 7
1 10 7 8 0 4 1 5 8 0 4 2 1 8 5 2
1 2 3 1 3 3 1 0 0 8 5 1 4 3 6 1
2 6 8 3 3 1 8 1 9 3 5 5 5 6 7 4
3 8 11 12 7 15 8 2 5 1 17 2 4 7 3 4
7 6 5 6 7 11 9 1 6 5 6 1 7 0 2 1
2 3 3 11 0 6 1 15 9 21 5 2 9 11 1 10
5 6 2 9 4 3 11 18 10 3 3 7 1 2 8 1
6 16 4 13 2 13 0 0 12 5 11 1 8 11 3 1
9 10 2 2 2 3 7 14 0 13 18 8 4 11 4 6
12 3 5 6 7 5 5 7 6 3 9 9 4 7 8 10
0 13 11 6 11 22 4 3 4 0 7 1 3 8 2 11
9 4 11 7 11 9 2 7 12 13 13 1 1 1 9 16
6 5 1 1 2 6 11 7 5 4 6 4 11 4 7 4
3 2 3 2 3 3 3 2 7 4 5 1 3 1 8 10
3 11 1 1 7 0 2 2 0 22 18 11 5 5 5 7
10 11 0 3 1 0 2 7 2 3 4 1 3 1 3 3
2 4 8 1 9 0 2 4 6 3 2 3 7 1 1 2
5 1 3 1 4 5 2 3 0 2 0 1 4 1 1 0
1 3 2 2 8 1 3 7 4 8 3 4 5 4 3 3
1 3 7 4 1 8 8 3 4 2 5 2 7 2 2 2
0 3 2 1 1 5 5 7 4 3 4 6 3 4 0 0
1 6 6 6 5 9 3 1 15 21 12 2 2 13 11 2
15 2 10 3 2 1 2 8 5 12 5 3 15 11 4 7
1 2 1 5 11 4 13 8 0 7 6 9 3 9 9 7
9 4 10 4 5 14 11 14 5 14 1 17 7 12 3 8
1 0 5 5 3 3 3 2 0 1 0 1 3 2 3 1
3 4 17 4 7 10 5 3 1 12 13 9 10 2 9 19
9 19 1 5 2 7 0 12 7 7 10 0 1 7 10 3
6 10 16 4 7 7 7 4 9 5 0 4 14 12 12 6
1 2 2 0 2 1 0 1 5 7 4 4 0 1 3 3
1 7 2 0 4 5 4 3 1 5 7 4 3 14 3 0
6 10 5 12 1 8 2 8 10 7 0 8 10 3 16 9
10 3 8 7 8 2 8 1 8 19 3 2 3 11 6 17
3 5 1 2 2 7 1 2 0 1 0 5 2 4 8 5
3 0 3 6 5 7 4 3 4 0 8 2 1 12 3 6
10 1 3 2 6 3 11 0 3 5 10 8 4 4 11 12
1 0 1 4 1 7 0 8 2 4 1 6 1 1 3 0
2 5 4 9 10 1 11 4 8 1 1 10 14 7 0 0
4 5 3 1 3 9 4 3 2 6 6 1 9 2 6 4
0 1 2 0 1 4 5 2 2 0 1 5 5 3 1 1
1 1 3 10 4 2 3 3 0 1 0 5 4 4 1 0
4 5 4 1 4 4 0 4 1 6 5 4 2 3 4 1
0 2 2 6 3 4 1 6 1 2 2 1 1 4 5 6
7 3 4 7 11 11 8 2 3 4 6 6 1 2 12 15
3 2 4 2 7 6 4 8 6 6 5 1 7 5 3 5
3 1 4 0 4 2 0 1 7 3 11 10 4 2 3 5
1 5 2 9 12 9 21 5 2 5 7 6 2 5 8 4
6 1 1 1 2 2 0 1 4 3 3 5 3 7 2 0
8 4 2 4 2 3 5 16 7 1 4 5 6 5 5 3
4 3 4 0 2 1 3 4 2 1 7 5 8 9 4 9
15 3 2 8 2 2 8 6 0 1 5 7 5 7 4 2
0 2 5 6 3 3 0 4 1 7 2 4 7 11 6 6
9 4 7 3 9 19 11 5 5 4 3 3 1 11 7 6
4 3 11 2 8 1 1 14 7 10 3 0 8 16 2 3
1 2 5 1 1 5 6 4 2 2 1 1 9 2 2 6
10 11 5 4 1 2 18 11 3 2 13 9 1 13 11 14
2 2 12 7 3 4 1 2 3 7 4 3 2 4 3 7
2 1 3 1 2 4 2 1 4 5 0 5 1 4 1 0
10 14 5 4 5 16 16 1 1 4 0 19 9 15 1 1
10 16 4 5 3 12 18 5 8 10 1 8 12 7 3 6
6 6 10 4 5 15 2 1 3 10 13 5 2 1 3 2
1 1 4 0 2 5 1 4 1 5 3 2 4 4 5 0
5 5 3 0 2 1 3 2 5 1 2 2 5 3 0 3
11 1 10 2 4 6 2 8 3 1 1 3 4 2 9 4
8 13 3 8 1 7 3 7 5 18 1 3 2 6 7 0
7 1 0 9 7 8 2 17 5 14 16 2 1 1 9 8
4 4 9 2 2 6 5 4 0 4 1 3 5 0 2 1
3 6 12 9 12 7 1 6 9 12 16 1 9 3 10 0
7 1 13 3 8 6 1 8 2 3 3 12 2 7 2 4
1 8 5 24 4 9 11 5 9 2 2 3 12 15 0 13
16 7 8 1 1 2 7 4 14 8 22 2 3 13 5 2
8 6 9 14 4 9 14 8 4 8 4 3 2 8 13 1
9 10 6 0 1 14 6 9 8 1 2 21 15 3 4 7
1 2 4 5 11 5 3 2 3 4 4 6 4 2 2 5
6 3 5 1 13 1 9 7 1 2 5 12 1 6 7 13
3 4 4 6 4 7 15 4 17 13 7 2 1 5 5 4
2 6 1 5 1 14 3 9 1 8 2 10 3 6 5 2
2 4 4 8 4 2 4 2 4 7 11 15 7 7 1 7
2 7 6 2 6 4 1 0 4 4 3 0 1 2 3 0
10 6 1 4 12 9 12 12 11 3 5 4 5 3 1 1
3 8 2 5 2 4 1 1 6 6 2 6 4 9 13 3
0 8 2 5 6 2 10 5 10 8 13 0 5 2 4 9
5 3 2 3 0 2 1 1 4 1 2 6 4 0 7 1
8 1 10 1 13 9 6 5 14 4 4 12 1 1 17 0
4 4 6 7 6 14 18 11 11 1 4 11 9 4 2 6
7 19 3 12 14 10 7 8 6 17 2 3 2 3 13 1
7 9 7 10 8 5 3 7 8 10 4 10 8 13 4 2
10 4 1 6 1 2 2 3 2 1 4 1 4 2 9 5
1 4 6 3 5 1 1 0 5 7 1 5 3 11 1 5
2 1 2 2 1 9 10 1 1 4 2 3 8 13 19 6
5 1 7 2 1 2 2 1 4 1 1 6 2 2 1 1
5 3 1 3 5 1 3 5 5 2 6 2 9 3 1 5
0 2 1 6 3 2 8 2 2 5 4 2 3 4 7 6
3 10 2 5 15 7 3 9 3 2 7 2 14 13 2 4
10 1 7 1 1 3 3 16 5 5 4 10 5 1 5 5
3 0 5 1 5 0 1 0 3 0 5 2 1 2 1 5
10 4 1 6 13 2 11 1 2 8 2 12 2 2 5 0
3 3 9 3 3 2 1 6 1 5 3 3 8 5 5 6
3 3 2 4 0 5 5 2 1 1 3 1 4 4 2 2
1 13 1 8 5 3 6 4 10 12 8 1 2 0 9 13
1 4 14 1 11 1 6 5 4 21 2 1 14 15 6 5
6 2 12 6 17 4 9 15 7 11 10 5 13 10 8 8
3 15 9 7 10 11 5 4 0 1 4 1 6 7 7 0
5 7 2 9 5 5 2 0 3 3 3 5 1 0 3 1
2 8 4 3 5 1 4 1 2 4 1 2 2 8 4 3
1 6 3 8 1 7 1 11 12 5 5 1 5 3 11 14
3 3 3 6 1 0 2 4 11 1 1 4 5 2 2 2
2 4 1 5 2 8 6 0 3 5 1 1 4 3 2 4
6 14 5 6 9 2 3 15 8 6 2 2 12 19 15 2
11 0 0 12 9 7 0 20 3 8 18 6 9 10 2 10
5 5 4 5 13 3 26 11 6 3 2 5 4 8 3 19
6 0 6 6 0 1 0 1 3 9 0 1 2 3 1 1
3 8 8 14 2 0 14 6 5 9 12 1 15 2 6 7
3 4 1 7 10 6 1 9 3 1 8 2 1 8 1 6
1 1 2 1 6 1 4 4 7 4 1 2 0 2 3 2
6 5 8 5 8 4 5 4 21 3 1 21 1 15 1 4
9 1 5 7 1 1 5 5 2 5 2 7 4 1 14 6
4 5 5 7 4 9 1 5 6 0 1 18 6 5 6 6
4 3 3 4 1 2 3 1 1 3 5 4 1 3 3 1
1 0 9 14 8 6 11 18 10 0 9 5 9 4 6 0
2 7 8 11 0 9 3 5 5 5 5 2 3 1 9 7
3 3 3 0 6 4 5 1 2 2 12 7 1 1 3 4
8 6 1 1 8 0 2 3 6 2 11 4 2 8 13 10
10 8 2 5 18 7 7 9 12 21 1 12 12 2 3 4
2 1 7 2 3 3 1 6 2 6 2 2 0 1 5 3
5 3 2 2 2 8 2 2 6 2 5 4 1 4 9 3
2 0 19 4 4 6 11 3 3 1 11 2 9 12 18 13
12 8 2 4 8 3 0 3 2 12 21 13 11 9 10 12
3 1 5 1 1 0 5 0 1 0 7 8 3 1 9 1
10 18 2 1 7 12 1 10 13 6 9 4 2 12 7 6
5 14 9 7 6 2 3 3 12 6 4 8 8 10 2 7
1 11 6 6 7 6 2 2 6 13 10 15 3 9 4 3
12 5 13 16 14 0 15 10 2 7 11 1 0 11 11 3
1 0 20 7 0 0 8 4 5 2 7 4 4 5 9 10
10 2 6 7 0 4 5 1 3 5 9 4 1 2 5 4
8 3 12 13 7 2 3 2 8 2 0 8 0 3 10 9
4 3 3 1 6 0 1 1 2 3 2 0 1 0 6 1
4 2 2 1 4 5 0 2 2 7 8 4 6 1 1 1
3 4 5 5 17 2 2 3 4 2 20 3 9 2 16 10
12 3 3 5 15 4 7 11 1 6 20 4 13 2 1 5
1 2 3 12 0 7 4 8 3 1 3 2 16 1 6 7
17 6 0 9 6 3 7 1 15 4 3 6 7 15 5 6
2 3 0 8 1 6 2 4 4 2 1 1 3 5 4 4
4 1 5 0 5 6 6 3 9 7 11 2 16 7 2 12
4 1 4 3 2 1 5 3 6 0 2 6 1 5 1 0
2 1 3 3 1 1 5 7 7 1 6 2 4 2 1 1
7 5 2 4 3 4 5 6 8 0 2 4 1 4 1 4
1 2 3 1 6 3 6 1 4 2 9 1 1 0 4 2
14 15 9 22 5 2 3 1 5 12 7 3 2 6 2 8
4 8 2 2 4 10 5 12 3 3 9 2 3 0 3 8
3 15 2 0 5 6 0 6 2 2 5 2 4 6 6 3
15 5 8 13 2 2 18 3 5 6 8 2 4 6 12 5
3 5 2 7 6 2 2 2 7 5 2 5 1 9 1 5
5 3 4 5 2 3 1 2 2 4 1 6 0 8 4 2
2 5 4 1 1 11 6 18 6 4 9 6 11 7 13 6
2 1 5 1 3 4 3 4 2 5 12 3 2 1 1 3
1 6 10 2 6 9 15 8 2 10 6 10 1 4 14 6
12 1 7 8 4 9 8 0 5 5 3 7 2 11 9 11
11 3 6 6 13 13 9 7 1 13 2 14 5 1 8 2
9 3 7 1 9 7 3 0 10 2 5 9 2 7 1 8
10 7 5 12 7 9 9 3 6 1 3 0 16 7 6 17
6 2 2 5 7 2 15 10 9 11 2 3 8 9 4 6
18 14 6 4 6 20 5 8 0 1 5 2 2 9 6 9
4 5 12 11 9 1 9 8 8 1 2 5 1 5 2 9
1 5 2 0 2 1 2 0 5 4 3 2 1 1 1 0
4 1 1 10 8 1 4 4 3 4 10 10 10 11 21 17
3 8 17 10 5 4 0 5 7 3 10 2 5 14 7 9
2 1 12 3 2 1 1 5 2 3 1 2 1 4 3 2
10 0 10 1 2 8 4 5 9 0 2 2 0 2 1 3
1 2 7 6 5 1 3 1 3 1 0 1 3 9 2 2
0 3 8 2 6 1 2 1 1 2 4 1 1 1 2 1
10 1 2 4 4 6 4 10 3 2 8 1 0 1 5 0
6 8 6 1 7 9 1 7 1 9 3 10 15 2 7 7
4 6 10 5 2 8 3 9 12 2 0 2 9 12 1 5
5 0 0 2 4 4 6 5 1 3 0 4 0 0 5 1
8 4 4 9 9 5 4 2 1 1 7 7 11 10 3 0
10 13 3 2 11 11 12 2 10 7 1 11 8 1 4 3
4 2 6 11 9 0 7 12 3 1 16 3 1 8 11 11
1 3 6 4 4 4 7 12 0 3 4 3 8 7 7 11
3 2 5 3 3 1 0 1 2 4 1 3 4 2 4 3
12 1 2 9 3 23 4 8 0 7 5 14 4 10 2 2
5 2 10 11 0 4 1 17 9 6 7 12 1 3 1 2
2 3 3 2 4 4 7 4 4 6 7 10 4 5 6 9
4 6 6 1 2 3 2 4 2 1 1 2 4 3 0 0
2 2 0 2 2 4 4 0 1 4 4 6 3 0 2 1
0 5 10 5 2 9 6 2 7 1 2 9 3 6 13 3
0 6 9 1 4 4 5 7 13 13 16 5 17 11 1 15
16 15 15 4 3 16 10 2 2 7 9 1 6 2 2 3
3 6 6 3 6 8 2 7 2 9 6 1 3 2 3 6
2 6 2 1 3 6 4 0 2 1 2 3 1 11 3 8
4 18 3 6 5 11 5 0 0 16 2 5 4 6 6 11
3 13 4 8 8 4 2 10 3 1 0 3 7 6 6 2
3 5 9 8 14 2 3 12 9 5 7 4 15 5 13 7
4 3 2 6 0 5 0 8 0 1 5 3 2 0 11 4
5 1 2 8 0 9 4 4 6 0 4 1 0 6 2 6
3 3 9 11 4 5 2 13 0 8 1 1 2 7 1 5
1 0 8 4 1 4 2 10 3 5 6 8 4 8 8 2
7 0 5 4 1 3 14 6 2 7 3 6 4 3 1 7
1 3 6 1 13 6 5 20 8 6 4 5 14 6 21 5
1 1 4 1 3 5 2 5 0 1 0 1 5 2 1 6
6 3 4 5 6 1 0 3 8 2 0 2 5 4 3 3
5 3 1 4 3 2 1 7 2 4 3 2 0 6 1 1
1 5 4 2 6 6 12 6 1 1 0 2 5 3 4 6
1 3 4 9 2 1 15 12 3 1 12 5 17 1 5 10
5 5 7 6 6 9 9 1 1 16 20 7 4 16 3 8
12 7 10 5 5 13 1 0 0 14 16 11 0 1 9 7
5 9 2 11 1 4 11 6 9 4 0 0 8 11 8 1
3 6 12 3 3 8 11 5 6 1 2 6 6 1 9 2
6 16 12 14 6 8 2 3 4 14 11 2 5 2 12 10
3 3 1 17 5 7 2 10 7 3 0 4 8 2 12 2
4 1 2 1 3 4 3 7 6 3 5 9 4 8 4 7
7 6 3 2 6 3 5 20 18 4 2 4 19 4 11 6
9 2 4 11 5 6 3 5 7 3 6 2 6 3 3 5
9 1 2 9 10 8 1 7 1 2 1 10 19 1 17 17
5 4 2 1 1 1 6 4 0 3 2 3 1 1 4 3
4 1 0 1 1 0 7 7 2 1 13 4 3 3 10 5
1 3 4 8 0 4 7 6 3 6 7 6 3 3 2 1
14 5 11 3 6 7 5 2 1 1 5 3 12 9 5 2
6 12 2 14 14 2 2 2 10 9 0 9 11 3 4 10
1 16 20 8 6 15 9 6 4 4 17 5 7 8 1 4
1 2 3 5 1 5 2 1 1 2 4 2 4 7 8 5
3 3 1 12 1 5 7 0 8 1 3 4 0 6 21 19
0 5 3 2 1 5 2 5 8 1 2 1 1 0 1 5
5 0 2 3 7 3 15 16 4 9 1 19 16 1 2 10
4 5 13 5 11 2 11 11 1 1 11 0 12 4 8 7
2 7 2 1 0 5 1 11 1 2 1 0 1 2 5 3
2 12 2 12 9 1 6 5 3 0 4 10 14 9 0 8
7 1 13 1 6 19 3 2 6 11 3 8 16 5 2 16
6 1 9 5 4 19 18 7 8 1 4 15 4 7 11 7
1 7 15 8 10 2 12 0 2 8 9 6 17 9 18 8
3 3 3 9 3 3 7 1 1 15 3 8 7 3 6 11
1 1 5 5 3 6 9 7 2 1 9 13 7 20 1 5
5 1 7 6 5 1 3 11 6 8 4 2 9 1 3 1
9 1 5 1 7 5 2 1 6 6 4 7 4 14 1 6
1 4 0 1 3 6 1 3 1 1 2 2 5 5 4 0
4 0 4 9 0 3 7 0 7 7 0 6 8 3 2 3
2 3 8 9 1 19 9 12 15 1 4 6 1 12 8 19
1 2 7 1 7 3 1 8 8 3 6 5 5 2 0 5
12 9 1 3 1 3 1 3 13 2 3 2 2 15 3 0
5 1 1 3 0 2 3 9 2 1 0 6 8 1 4 4
2 7 5 4 4 7 7 16 4 2 12 6 2 8 11 21
10 13 9 15 6 5 4 12 1 1 14 2 2 4 5 6
0 2 3 2 2 1 3 2 4 0 5 2 1 2 4 0
2 5 1 0 8 7 8 3 0 0 1 1 7 5 2 5
14 8 4 0 1 3 0 5 10 11 9 0 11 4 1 3
3 3 0 2 0 5 7 6 8 9 2 4 4 0 2 5
1 3 1 3 4 8 5 4 4 2 2 1 7 6 6 1
1 15 5 11 2 12 10 4 17 5 6 5 2 15 3 17
4 6 1 2 0 6 4 1 1 7 0 0 2 2 4 4
3 3 3 1 3 3 4 1 1 1 0 2 5 6 1 2
5 2 5 23 2 10 6 1 3 4 6 0 6 3 5 14
6 3 1 1 1 1 3 3 5 8 5 1 3 1 0 2
0 3 1 2 10 6 7 5 5 12 12 4 1 2 2 1
2 0 2 2 2 5 2 4 5 3 4 2 2 0 2 2
7 12 11 9 2 3 5 3 5 8 12 4 2 9 4 8
6 6 1 0 4 5 4 4 3 3 1 4 1 5 2 1
1 3 4 11 0 7 4 2 4 10 2 12 7 4 4 1
6 6 11 3 20 8 4 7 12 4 11 2 12 3 14 1
1 0 8 2 3 5 2 5 2 6 1 4 2 3 4 1
1 9 5 2 16 9 11 2 5 8 3 5 4 17 8 12
10 3 5 2 1 4 1 8 5 1 1 6 6 4 2 1
6 5 5 2 3 3 1 8 0 14 0 9 4 8 8 3
6 4 1 6 0 4 4 7 1 3 3 0 4 1 5 2
1 10 12 1 2 16 11 7 2 2 19 3 12 2 0 4
6 12 0 6 10 1 13 2 3 8 0 11 8 5 1 9
2 6 1 14 13 15 3 6 12 15 1 2 18 1 15 1
13 20 8 3 6 6 1 14 4 8 1 0 11 14 2 3
1 13 9 1 2 7 9 3 10 6 11 0 5 12 6 2
2 1 5 1 1 6 2 5 1 2 8 3 6 3 6 5
1 8 2 3 10 5 8 4 10 17 11 9 4 3 1 7
14 18 7 4 2 11 3 7 4 5 4 0 8 20 13 1
18 6 13 11 4 5 6 5 2 6 10 10 1 8 1 1
0 9 4 2 8 12 1 18 21 1 7 16 5 4 10 6
10 8 2 11 5 2 24 9 2 7 1 1 18 5 2 4
6 13 1 8 3 12 0 4 9 6 1 1 11 2 0 6
14 7 3 4 6 14 7 4 3 1 4 5 7 6 15 17
2 3 1 0 5 5 4 2 3 0 0 1 3 1 1 2
1 8 2 5 4 1 3 1 6 1 10 3 7 4 2 1
1 7 15 7 9 9 5 1 8 0 1 3 9 7 2 4
10 11 5 0 2 8 10 6 12 9 6 18 5 1 1 7
9 6 4 7 1 3 10 3 11 3 3 0 5 9 3 12
6 1 1 0 1 4 6 1 1 2 0 3 1 1 4 3
1 2 8 10 12 20 3 6 11 3 11 2 10 10 3 8
2 1 4 0 3 3 6 4 1 4 4 4 1 0 4 9
5 11 6 7 8 3 6 9 1 6 19 7 4 13 1 7
12 3 1 2 8 4 4 4 4 1 2 1 3 8 10 3
11 2 10 4 7 2 10 0 0 8 2 17 3 12 2 4
5 4 3 1 2 3 12 5 1 7 1 1 2 0 1 2
1 5 7 2 6 5 4 4 4 0 1 4 0 1 2 7
2 2 1 5 0 1 1 3 4 4 0 1 4 9 4 3
3 1 5 1 18 5 0 7 3 12 2 10 4 11 4 11
1 10 1 3 3 2 12 5 15 1 3 12 14 1 4 9
16 5 9 0 14 8 4 3 6 2 5 1 8 6 4 9
8 3 1 0 1 8 2 1 0 0 4 2 0 3 1 4
8 2 4 8 2 7 4 10 0 8 7 5 1 0 7 4
10 7 1 1 6 6 3 0 3 3 1 4 5 1 0 1
3 3 2 5 1 5 1 0 5 2 3 5 4 4 4 5
5 1 6 1 2 1 7 2 2 1 3 1 3 1 1 3
5 1 1 9 14 11 8 3 21 5 3 9 4 13 4 15
6 7 2 7 5 3 4 1 6 4 2 7 3 5 2 1
20 7 9 2 9 3 8 8 5 6 9 5 11 6 3 7
0 0 0 3 3 4 0 6 2 2 2 3 0 2 4 1
13 10 1 4 3 6 7 17 8 13 13 3 2 12 11 7
1 1 5 5 1 2 1 5 11 5 1 22 12 7 21 2
5 6 2 15 2 7 9 17 1 3 4 5 11 1 7 4
1 13 19 1 10 2 3 2 11 3 5 4 8 4 3 6
10 1 10 7 3 4 7 6 14 0 1 21 7 12 2 3
10 6 5 11 8 9 9 6 2 1 3 4 1 6 4 7
9 10 5 3 4 2 9 14 1 2 12 0 6 12 5 3
5 9 6 3 19 6 17 0 5 6 19 5 3 4 15 2
0 4 3 2 11 2 6 11 7 10 10 7 7 4 1 9
4 6 2 2 6 12 6 7 1 11 9 11 19 9 1 3
6 1 13 11 5 5 5 8 5 8 13 2 1 5 6 8
4 5 2 6 8 1 3 6 7 7 2 5 1 1 3 2
4 8 7 6 0 6 2 3 4 1 7 1 1 1 10 1
9 1 9 9 16 3 10 2 16 7 15 5 0 8 2 5
3 1 2 2 6 5 11 23 1 5 3 7 4 3 4 3
1 2 0 2 2 3 2 6 1 2 4 2 0 2 6 1
1 6 0 5 1 3 10 9 4 5 1 3 4 2 3 7
7 10 4 1 3 4 2 6 13 1 10 1 4 2 6 5
7 2 1 3 1 3 3 1 1 2 1 3 6 5 1 3
2 3 3 7 5 7 5 3 4 1 1 2 2 4 11 0
1 3 5 1 9 5 6 4 1 0 0 1 8 2 2 4
6 5 4 0 5 2 3 0 1 7 2 4 1 0 8 5
4 16 8 15 14 7 8 3 4 3 7 1 1 8 1 4
8 16 7 21 5 15 18 0 5 11 2 0 1 2 3 3
2 5 6 14 7 19 9 7 5 7 2 2 10 5 4 15
4 1 11 11 4 5 6 5 5 8 13 1 2 3 2 15
0 10 8 9 1 5 5 1 8 6 2 1 10 5 4 3
2 2 1 2 4 5 11 0 9 7 6 3 3 1 6 3
7 3 12 5 9 8 6 6 2 18 5 6 3 14 0 14
1 5 8 16 9 5 2 7 5 5 8 10 11 3 1 7
2 13 2 0 6 2 6 8 8 7 5 17 2 2 5 2
5 11 0 9 1 1 8 1 5 5 8 1 3 7 8 3
5 4 2 13 2 12 12 4 10 9 4 2 10 6 9 14
7 6 7 0 5 7 4 4 2 5 9 5 0 1 1 9
1 4 0 0 5 3 18 1 13 8 2 7 2 1 2 3
6 7 2 12 14 19 12 12 2 1 8 3 14 3 6 2
2 3 10 3 10 13 1 3 14 2 7 7 11 13 4 10
1 6 4 0 0 2 1 4 0 1 4 3 3 3 2 5
0 5 3 4 6 3 3 1 6 14 5 1 7 8 5 5
6 8 10 5 7 1 7 1 3 8 1 5 4 5 6 1
7 7 12 5 5 5 11 0 13 4 8 10 3 3 3 9
2 4 6 1 5 5 4 4 2 1 5 0 1 0 2 2
8 4 5 12 8 4 5 9 1 0 13 8 1 8 13 1
3 10 15 6 18 6 9 9 2 5 9 6 1 8 9 13
5 0 7 7 9 5 14 9 7 0 13 2 2 16 14 4
5 1 6 7 4 19 20 11 2 11 6 3 15 9 7 3
4 10 8 7 9 2 6 6 1 1 5 5 3 3 1 9
13 1 1 5 4 0 9 7 3 2 4 0 0 2 7 0
10 3 3 2 4 8 12 2 1 5 7 1 1 4 1 0
12 6 5 4 0 7 7 7 2 5 8 2 7 4 1 2
7 5 1 1 2 1 4 0 0 8 4 5 5 7 4 1
5 6 1 1 6 2 1 3 3 6 1 10 4 1 5 7
0 3 0 5 3 4 4 1 1 1 0 1 1 5 3 0
1 1 6 2 6 1 1 1 6 5 4 6 1 2 4 3
1 4 8 4 6 1 1 3 4 6 4 11 2 4 12 4
20 7 14 14 3 5 11 8 4 8 3 9 11 3 0 2
8 16 4 8 3 1 5 4 0 7 4 6 4 9 14 12
7 3 3 8 6 8 2 3 6 1 6 1 1 2 8 1
10 2 1 0 3 1 6 5 5 1 4 1 4 8 2 7
21 1 19 1 1 0 5 9 8 0 2 18 3 10 2 4
14 4 3 3 3 4 4 5 3 5 3 5 5 5 6 2
9 7 11 3 7 8 7 5 2 3 5 3 7 1 10 13
1 5 3 1 3 4 9 3 1 4 4 5 0 3 1 2
2 6 4 1 5 6 4 2 9 10 2 2 3 7 3 2
3 1 5 6 3 4 4 2 4 9 0 6 6 8 4 8
4 9 1 1 14 6 2 5 6 19 2 5 10 21 6 13
7 13 14 16 5 0 2 3 14 5 0 8 14 1 10 9
5 0 1 4 5 11 5 1 4 3 6 8 6 2 3 5
0 3 3 1 3 10 7 3 4 2 1 2 6 2 2 9
1 7 1 4 1 4 3 2 1 1 2 7 6 5 0 9
5 14 8 3 4 12 17 4 2 12 12 1 11 1 16 4
0 14 12 11 1 21 5 5 8 14 1 9 8 2 8 9
0 8 18 3 17 3 17 2 2 7 2 10 7 2 2 8
4 5 1 6 2 1 1 11 3 2 13 1 4 3 5 13
4 1 7 9 6 2 11 7 9 0 0 2 2 1 8 3
4 16 6 10 0 13 3 11 1 4 4 6 3 7 9 8
11 5 3 2 2 14 4 8 13 1 11 13 2 3 5 7
2 4 10 11 4 14 7 3 8 1 2 13 6 2 9 6
11 17 7 11 13 13 7 17 1 0 5 8 5 1 2 8
9 3 6 2 12 4 2 7 0 4 6 7 12 1 1 7
12 9 9 6 4 12 13 4 9 0 10 6 1 5 1 6
1 3 3 0 3 1 0 2 6 4 4 3 7 2 0 1
8 7 3 3 17 2 2 7 2 5 9 4 3 8 11 1
1 0 8 8 8 4 9 7 12 1 6 9 2 4 8 1
2 1 1 4 1 2 11 5 2 2 3 0 2 8 6 1
14 9 2 2 19 14 6 12 6 6 2 1 10 7 11 9
1 7 12 7 12 11 9 10 12 14 2 10 10 9 6 9
4 2 12 1 14 9 7 4 10 13 2 0 2 8 3 12
8 7 6 14 5 11 4 9 13 3 6 19 6 6 8 5
5 3 1 6 1 3 8 3 5 1 1 3 5 4 7 4
6 10 11 5 6 22 0 5 9 11 7 0 6 0 1 14
2 10 1 1 11 1 4 1 7 15 5 17 12 14 18 5
9 1 5 3 1 5 0 11 0 8 5 0 4 5 1 5
4 2 6 11 5 0 4 2 2 2 1 21 6 8 5 9
4 9 14 2 1 3 10 18 18 2 6 11 8 2 8 2
0 2 3 6 2 5 5 5 1 0 1 9 0 1 1 2
1 18 3 2 8 2 2 5 12 6 4 13 4 4 17 13
2 3 4 1 1 2 2 2 2 1 4 4 6 1 0 1
6 9 4 5 5 1 3 6 4 3 8 10 1 7 8 1
3 2 2 0 1 1 1 2 3 2 1 3 1 4 1 6
4 6 5 9 17 15 3 0 5 2 12 4 12 2 11 6
7 3 15 2 3 6 12 1 13 3 2 3 1 9 8 0
8 6 18 2 5 3 0 7 7 6 8 1 17 5 5 2
9 7 2 3 10 2 4 4 5 4 7 12 2 1 4 1
5 10 6 16 20 16 5 1 8 0 3 8 3 8 5 7
8 1 3 3 5 0 7 4 0 3 2 3 2 6 0 2
0 4 1 3 3 7 0 1 1 11 11 10 1 2 13 4
6 2 16 11 1 6 17 17 3 6 3 6 3 10 16 5
1 0 5 12 3 4 0 13 1 14 1 4 16 3 1 1
2 2 5 2 2 4 5 3 1 5 1 2 3 2 4 5
4 4 9 6 2 3 6 0 3 3 11 11 5 3 19 14
1 3 6 3 6 2 4 0 4 5 1 1 3 2 0 0
4 1 2 2 2 5 3 1 4 3 4 2 0 2 0 1
13 11 11 7 6 11 3 1 9 0 9 4 2 10 3 20
6 1 3 11 4 12 3 1 7 3 0 2 2 6 2 8
11 4 5 5 17 7 8 2 2 5 12 5 10 5 9 18
1 3 3 3 0 2 1 1 2 2 2 4 3 2 3 7
5 1 4 4 5 4 3 11 9 13 4 1 15 5 2 6
2 7 5 8 14 2 7 11 6 4 6 12 20 3 1 17
6 6 4 8 3 1 9 4 5 1 13 7 1 2 14 4
3 1 4 0 2 0 0 0 3 8 3 4 1 0 1 5
5 0 8 6 3 4 0 0 2 0 1 1 1 8 4 4
0 2 1 1 7 0 4 0 0 4 7 7 5 6 7 2
7 3 1 0 3 6 6 6 3 1 10 5 5 0 1 8
12 13 13 15 8 0 1 9 3 4 7 2 6 6 10 7
3 0 9 5 4 3 11 7 6 10 0 11 2 5 1 11
4 2 2 8 2 9 14 5 5 0 6 11 5 11 8 2
2 0 1 2 5 2 2 3 2 8 1 2 2 3 7 3
11 3 13 2 6 9 2 5 7 9 11 5 3 18 3 1
1 18 9 16 15 1 8 0 11 4 10 12 7 6 2 8
6 12 3 17 1 10 10 3 5 8 11 13 10 0 1 5
1 2 0 6 1 3 2 4 2 2 1 2 8 1 4 3
13 13 10 3 0 9 11 10 11 1 4 2 16 14 4 10
2 5 7 3 0 4 0 7 2 14 3 0 8 3 0 13
2 3 4 2 6 3 3 1 1 4 3 3 6 3 2 3
6 5 3 1 0 4 3 4 5 11 6 13 10 5 11 20
1 11 3 4 1 4 6 4 1 3 0 13 0 4 0 6
1 6 1 3 6 1 3 5 2 4 5 9 4 4 6 3
6 1 6 1 0 3 11 1 2 4 7 6 0 1 1 1
1 3 3 1 3 0 1 3 2 7 1 3 0 3 2 5
10 1 8 12 14 5 6 6 4 17 3 1 11 5 3 1
3 10 0 2 9 6 10 11 3 8 1 5 17 5 1 10
11 3 4 6 9 8 18 6 9 15 2 9 5 5 3 19
0 0 0 7 1 10 6 1 9 5 3 10 5 1 8 0
13 14 4 2 3 2 16 1 1 18 8 5 16 5 13 1
8 4 7 3 2 3 0 6 5 2 4 1 5 3 4 2
14 9 5 14 9 1 1 1 14 0 3 20 5 6 2 6
11 11 2 2 6 17 11 19 8 0 3 14 9 1 0 11
1 39
1 65
2 100
3 64
3 93
5 74
5 76
7 29
7 34
8 22
9 84
10 84
11 48
11 68
12 93
12 95
12 103
12 109
13 35
13 53
14 98
15 25
15 54
15 73
17 72
17 80
19 49
20 52
21 84
23 37
23 104
24 74
26 43
26 94
26 110
27 90
27 107
28 39
29 107
30 47
30 53
30 77
30 127
31 107
32 53
32 76
36 106
37 114
37 119
38 76
38 110
39 128
41 112
42 48
42 61
42 138
45 84
46 47
46 93
46 125
46 128
48 59
50 66
50 105
50 119
51 108
51 129
54 59
55 73
55 110
56 60
56 110
58 117
59 105
61 81
61 127
62 101
62 106
63 78
66 100
66 126
69 91
71 157
73 98
75 155
76 85
76 97
77 96
77 132
78 119
78 143
78 173
79 136
80 87
80 149
80 163
82 110
84 92
85 131
85 150
86 147
87 105
88 123
91 166
92 160
92 179
93 126
93 137
94 107
94 157
95 127
97 128
98 106
101 162
101 180
104 163
104 190
106 118
107 164
107 185
107 201
107 205
108 182
110 206
112 153
112 182
112 189
112 210
115 133
115 184
115 197
117 154
121 205
122 140
123 182
125 217
126 206
127 130
128 163
129 152
129 167
130 203
131 228
132 144
132 220
134 230
135 197
135 224
136 191
137 151
137 152
139 169
141 157
141 210
141 234
141 239
142 171
142 198
142 212
143 215
144 228
145 194
148 149
148 176
148 192
150 174
150 203
152 171
153 195
154 243
155 195
155 236
156 170
156 225
157 201
157 249
158 214
158 218
158 248
159 172
161 224
162 253
165 191
165 218
167 220
168 210
170 178
174 175
175 207
176 179
176 194
176 208
179 236
180 202
181 215
181 222
181 239
181 263
183 268
184 199
185 234
185 248
185 251
187 241
188 226
189 275
190 194
190 199
190 208
190 214
190 247
190 251
191 262
191 268
192 227
193 224
193 246
193 277
193 278
195 219
195 250
195 290
196 216
196 229
198 223
198 288
199 287
199 293
200 210
200 285
201 274
202 204
202 221
203 256
207 235
207 270
207 305
208 233
209 218
209 232
209 236
209 269
209 272
209 281
211 213
211 262
211 300
212 311
213 239
213 274
215 247
215 263
216 240
217 228
217 254
218 238
218 254
219 223
219 272
219 287
221 243
222 295
223 251
223 316
224 279
226 291
226 293
227 256
228 306
230 256
231 253
231 268
232 240
232 275
232 330
233 273
235 269
235 327
235 331
236 285
236 311
238 336
240 262
240 289
240 324
241 339
244 254
244 258
244 314
245 333
245 338
246 286
247 310
247 316
247 341
249 274
249 329
249 340
250 253
250 326
251 273
253 267
254 341
256 268
256 351
257 262
257 291
257 303
257 330
258 270
259 312
260 295
263 286
263 336
264 354
266 334
267 341
267 348
268 337
268 339
269 338
270 361
270 362
271 327
271 364
273 316
275 302
278 350
278 352
279 336
279 353
280 284
280 337
281 319
281 323
282 290
284 354
284 383
285 339
285 373
288 323
288 354
289 315
289 345
290 368
291 355
294 304
294 390
295 363
295 386
296 297
297 370
298 390
299 323
299 383
300 320
300 364
300 392
301 359
303 348
303 390
307 335
307 372
308 312
308 391
309 329
309 341
309 394
310 386
310 409
312 356
313 351
313 380
314 324
315 394
317 349
318 345
318 397
320 407
321 396
322 366
322 399
323 362
324 398
324 407
325 412
326 336
326 345
326 412
327 336
327 363
327 407
328 333
329 330
329 376
330 335
330 351
333 384
335 345
335 378
335 418
335 421
335 427
336 359
338 431
340 367
340 437
341 433
344 441
346 437
347 437
350 421
351 401
352 442
355 436
358 406
358 456
359 362
359 390
360 367
360 403
361 445
362 376
364 376
364 423
364 446
365 447
365 450
366 413
366 448
371 382
375 435
376 387
378 442
381 409
382 443
384 482
385 457
386 407
388 431
388 487
389 447
389 457
389 460
389 474
391 396
391 402
391 429
391 477
393 459
393 461
393 486
394 424
394 446
395 431
397 460
398 462
399 431
399 444
400 496
401 445
404 465
404 491
407 412
407 486
408 431
409 425
409 451
410 421
410 451
410 485
411 489
413 471
413 512
414 458
415 432
417 434
417 446
417 460
417 479
419 478
420 428
420 453
420 514
421 448
422 504
422 521
424 504
424 517
426 495
426 509
428 447
429 526
430 464
430 515
432 480
435 478
435 528
437 438
437 468
437 502
438 455
438 538
439 486
441 450
441 486
442 518
443 452
443 512
444 532
445 512
446 470
446 489
450 460
450 471
450 488
450 501
452 508
453 531
455 469
457 461
457 462
457 486
457 529
458 470
458 496
459 513
460 476
460 496
460 499
460 509
461 462
461 465
462 544
463 551
464 541
464 562
464 564
465 541
468 561
469 474
469 547
470 471
470 554
470 560
471 566
474 513
474 563
475 481
475 513
477 559
478 486
478 532
478 555
480 565
480 569
483 517
483 536
484 540
486 494
486 544
488 546
489 496
489 535
489 539
489 550
489 563
490 491
490 578
491 498
491 577
492 499
492 577
493 511
494 512
494 550
494 578
495 513
495 514
496 510
499 526
499 529
500 533
500 562
501 509
501 532
502 543
502 553
506 576
507 537
507 560
511 534
512 532
513 573
514 527
514 536
517 610
519 528
519 596
520 531
523 545
523 562
524 558
524 567
525 609
526 570
527 540
528 603
530 534
530 565
530 588
530 613
532 574
536 617
540 630
541 603
541 636
542 576
542 635
543 575
544 559
544 603
544 614
545 575
545 600
546 613
548 604
549 554
549 592
549 611
550 579
550 594
551 579
552 617
553 583
553 603
554 575
554 588
554 654
555 602
556 610
556 621
557 566
557 627
558 588
558 650
560 586
562 623
562 626
564 658
566 623
566 635
566 647
568 611
569 629
570 653
571 602
571 646
574 671
576 670
577 615
578 593
578 649
580 633
582 622
583 593
583 619
583 629
585 622
585 650
586 614
586 630
587 612
588 603
590 592
590 657
591 626
591 636
592 661
595 653
596 639
597 685
598 651
599 624
600 611
600 634
601 640
602 646
602 669
603 694
604 634
606 646
606 677
607 633
608 677
610 615
610 669
610 676
610 697
610 702
611 624
612 618
612 644
613 678
615 634
616 655
617 642
617 674
617 705
618 667
621 670
621 713
622 686
622 691
622 707
623 664
623 691
624 634
626 650
628 669
629 688
629 690
633 658
635 647
635 667
635 711
636 718
637 644
637 670
638 685
639 694
641 741
642 683
642 730
642 741
643 693
647 672
648 718
651 676
653 672
655 662
656 756
657 713
659 706
659 723
659 741
660 666
660 688
661 677
661 732
662 735
663 721
664 666
664 712
666 724
667 686
668 716
671 719
672 750
674 691
675 684
678 695
679 688
679 693
679 749
680 727
681 764
681 768
682 768
683 719
683 779
685 694
687 704
688 781
690 704
690 706
690 775
691 788
692 703
692 782
693 702
694 743
694 768
694 780
695 723
696 698
700 704
700 718
700 774
701 711
701 787
702 708
704 732
704 734
704 764
707 774
707 777
708 713
708 778
709 766
709 792
709 793
710 722
712 732
712 744
712 762
713 725
713 787
714 788
716 745
718 802
719 728
719 729
720 755
722 767
729 792
731 817
732 800
735 741
735 819
736 752
738 799
739 753
741 788
742 784
743 778
743 786
744 821
744 844
746 757
746 832
748 760
751 813
752 789
752 791
752 849
753 790
753 852
754 763
754 847
755 823
756 759
756 826
759 842
762 793
762 837
764 806
764 849
764 850
765 847
766 781
766 790
766 835
767 865
769 785
769 842
771 869
774 787
774 850
774 852
775 827
776 863
778 816
778 863
779 795
779 802
780 783
780 838
781 794
781 809
781 849
783 818
783 842
784 807
786 795
786 809
786 814
786 860
786 864
787 812
787 829
787 854
787 873
789 868
789 886
790 820
790 881
791 801
792 807
792 824
795 849
796 836
797 860
798 812
798 816
798 869
799 866
800 848
801 832
802 852
802 871
803 806
805 888
806 888
807 860
807 863
810 886
810 894
810 901
811 818
811 838
811 866
811 873
811 880
811 895
811 911
812 827
812 904
812 907
813 825
813 858
813 871
815 838
817 909
819 906
821 827
821 864
821 867
821 869
822 901
823 862
823 864
823 880
824 906
827 913
827 914
828 831
833 857
834 864
834 894
834 898
836 926
837 916
838 877
838 929
839 844
840 865
840 884
841 865
841 941
842 853
842 890
844 907
844 921
845 884
845 893
847 886
847 902
847 944
848 866
849 874
849 892
849 946
850 886
851 911
851 940
854 924
855 875
856 867
857 869
858 867
858 879
858 880
860 954
862 962
863 892
864 919
865 885
865 952
865 954
870 929
871 891
871 943
871 967
872 951
872 966
875 887
875 958
876 887
876 896
879 933
879 941
880 978
881 917
881 926
881 967
881 979
884 908
885 900
885 957
890 893
891 951
893 917
893 929
893 934
894 932
895 968
895 969
895 971
895 986
896 949
896 973
898 991
899 925
900 955
901 980
902 913
902 959
902 963
902 969
902 987
904 997
909 915
909 943
910 939
911 922
912 931
913 985
915 928
915 992
916 935
916 966
916 995
916 1000
917 918
917 967
918 993
920 948
921 971
921 990
921 997
923 944
923 964
923 967
923 976
924 940
924 956
925 969
928 932
928 963
929 958
929 983
932 978
934 958
934 980
935 973
936 977
938 941
938 964
938 992
939 959
939 971
941 987
943 972
947 949
947 971
948 973
953 954
955 973
958 989
962 1000
968 992
970 973
973 980
973 988
973 990
977 978
994 1000
11 2 2 3 17 9 21 11 8 16 1 4 0 8 21 10
6 3 7 2 9 9 0 1 4 5 3 5 1 8 4 2
8 1 14 9 6 8 1 1 8 3 7 6 15 11 6 1
4 5 17 10 11 9 3 0 30 13 7 10 7 2 7 7
2 21 15 11 6 1 19 14 15 12 0 3 1 9 10 31
7 7 1 9 14 11 10 7 8 4 1 4 8 11 17 10
5 6 2 8 6 3 4 7 3 6 8 4 1 0 5 7
7 7 6 2 4 4 2 7 10 1 9 3 7 6 2 2
2 11 7 6 4 11 8 11 3 12 5 8 16 2 15 3
7 9 2 21 2 2 3 10 6 0 4 1 13 6 13 13
26 15 10 7 10 22 7 4 14 4 3 5 9 28 11 2
19 4 10 11 1 2 5 11 3 6 17 25 6 7 5 18
16 14 20 11 9 7 2 5 16 1 17 1 6 9 5 16
1 7 4 0 1 1 10 0 4 3 4 9 9 5 8 8
1 3 6 2 10 1 5 2 5 6 1 7 6 9 3 4
4 2 11 9 3 10 12 28 12 10 9 6 3 17 3 6
18 5 5 7 3 10 5 17 8 7 10 3 4 11 5 5
6 8 21 6 17 8 5 6 20 3 8 15 21 8 0 3
11 2 1 7 13 7 2 5 19 3 9 5 9 5 10 11
3 9 2 5 11 5 7 1 3 6 5 1 0 10 0 3
9 28 33 12 16 12 23 30 13 33 14 24 22 33 25 14 17 14 20 18
12 20 12 11 11 7 17 14 14 21 4 15 10 28 20 5 2 4 16 10
18 29 19 14 17 11 17 17 1 14 9 8 20 17 21 9 9 9 15 28
25 27 6 9 17 8 23 14 19 19 3 17 1 31 26 12 8 5 9 26
20 29 27 17 33 15 34 28 24 37 3 32 20 44 34 19 20 12 18 37
24 41 25 20 21 14 38 33 21 27 9 26 19 38 35 15 15 20 18 34
7 20 17 14 10 5 10 12 2 10 7 4 13 13 18 3 5 11 10 20
9 6 5 5 9 8 5 1 6 6 5 2 3 11 9 2 1 2 3 8
29 35 23 12 19 18 36 29 16 27 13 20 12 28 31 19 24 13 23 44
7 7 7 3 12 6 13 12 4 14 4 6 6 11 10 1 1 7 6 14
48 71 47 38 25 39 60 52 43 38 34 33 31 67 65 19 29 37 51 64
17 29 26 19 21 10 24 23 13 20 10 21 13 39 31 18 13 9 17 23
9 6 7 4 6 7 13 8 4 15 2 5 5 11 7 1 1 2 12 5
18 35 31 15 22 11 32 35 13 23 11 24 24 31 27 28 26 20 20 34
17 37 34 23 16 21 44 42 26 43 21 26 28 36 36 12 27 25 32 45
2 5 9 9 7 3 12 17 13 19 2 9 9 21 6 8 8 8 6 13
16 27 12 16 27 11 30 28 27 30 7 21 12 39 27 15 12 10 12 26
21 30 19 12 11 11 19 18 7 16 8 15 14 29 21 14 10 10 16 29
20 23 9 12 15 13 22 17 7 17 3 8 13 20 18 11 12 7 14 30
5 17 7 5 6 1 10 9 4 11 1 11 5 22 16 4 3 5 1 22
10 14 10 9 14 5 11 5 9 10 4 7 2 20 12 7 5 1 4 12
49 62 49 45 54 40 68 59 57 58 41 31 42 65 57 49 55 23 46 69
44 74 49 52 34 32 64 60 36 35 37 42 43 69 69 42 37 37 50 76
13 22 20 8 15 10 13 17 7 19 12 9 14 21 13 9 10 9 9 21
27 34 29 22 27 28 31 30 22 40 21 15 19 44 39 9 14 19 29 39
15 23 7 10 14 5 19 14 11 11 6 11 5 31 26 7 5 11 9 32
36 49 41 32 44 25 42 43 25 39 15 21 24 51 51 36 21 24 31 52
32 57 36 32 33 24 57 52 24 31 24 39 28 58 57 35 37 25 26 63
11 26 12 4 7 2 17 26 13 11 8 10 12 19 20 7 11 17 5 29
35 53 39 47 36 25 54 45 26 30 14 45 27 52 54 51 41 29 34 49
14 26 19 22 22 11 26 23 23 20 3 2 8 23 20 14 2 18 13 26
17 34 23 17 16 18 23 27 5 17 16 13 22 29 28 14 12 17 20 37
34 51 44 28 38 25 45 46 33 39 24 35 26 46 52 48 43 25 25 51
34 57 37 30 30 25 53 49 40 43 20 32 24 66 56 26 23 34 35 64
27 32 22 10 27 20 28 29 7 34 17 15 22 38 30 10 15 13 22 38
7 26 26 13 18 10 25 30 11 27 9 21 23 34 23 18 19 18 13 32
37 56 49 33 13 31 34 51 31 29 32 25 20 48 51 31 35 40 37 43
24 59 45 28 17 17 37 47 28 31 26 33 32 47 51 25 31 36 31 52
18 27 11 16 21 15 33 23 18 29 2 14 5 36 29 17 14 8 15 37
22 41 37 26 30 15 31 31 19 37 21 29 25 38 37 21 25 10 23 29
14 15 8 6 16 8 13 7 7 11 6 9 6 18 14 6 4 6 5 16
9 14 4 2 11 5 14 10 3 16 1 8 7 13 7 5 5 2 5 21
7 8 8 4 1 1 2 1 1 1 1 3 1 5 6 4 1 1 3 8
19 35 28 24 21 16 37 29 12 30 15 20 24 27 28 16 22 18 24 38
13 23 18 4 15 13 14 15 5 18 14 10 11 20 18 6 6 14 9 24
41 48 31 37 34 30 48 36 24 35 13 24 23 47 45 28 26 19 37 48
49 64 47 50 46 38 59 50 39 44 19 29 29 47 55 37 34 36 44 60
42 61 46 31 33 31 48 42 31 45 21 36 22 59 61 32 32 21 25 56
30 60 49 40 23 20 58 48 34 42 15 48 26 55 47 39 39 32 38 55
6 5 4 10 9 5 14 5 8 12 1 4 3 16 10 1 1 1 7 11
28 52 43 41 36 25 46 43 30 34 19 28 31 53 53 34 17 39 28 58
57 65 49 42 54 45 58 58 49 55 19 29 20 72 72 45 33 43 43 71
1 7 8 2 2 1 1 7 1 5 1 1 4 6 3 1 1 3 1 11
17 26 14 15 19 12 25 23 8 22 11 15 20 22 22 13 17 11 19 30
22 45 44 32 27 29 37 42 22 44 26 30 37 43 47 13 22 34 38 44
42 68 46 38 46 32 59 55 46 39 32 36 30 58 70 35 31 45 36 72
21 37 25 18 27 21 41 38 21 35 17 27 25 44 40 13 18 24 23 47
22 34 22 11 12 5 30 23 18 16 8 21 3 33 34 14 15 12 10 34
9 15 12 7 14 9 14 15 11 16 10 11 11 22 13 11 9 11 9 16
6 12 8 7 20 4 17 13 15 16 1 9 4 22 11 17 9 8 1 16
8 17 14 15 11 9 13 13 9 18 4 8 11 22 17 8 6 7 11 18
3 5 4 2 7 3 1 5 1 7 1 1 4 13 10 1 1 1 1 6
37 61 50 40 43 43 51 48 42 57 39 27 35 61 59 21 25 36 38 67
16 22 16 4 14 10 22 12 11 15 7 13 2 20 23 6 6 7 11 27
16 35 28 20 24 9 28 34 23 20 6 17 4 36 39 28 14 19 9 31
37 60 36 26 24 31 46 48 39 31 32 16 14 56 58 29 29 35 29 65
8 17 14 16 7 1 13 14 11 9 1 9 2 22 17 10 4 5 11 8
17 27 17 16 24 14 21 22 17 16 10 3 12 29 31 16 9 10 8 35
27 35 29 21 16 15 29 26 18 19 17 8 12 25 30 21 19 17 20 31
6 15 8 3 2 4 14 10 11 9 1 14 2 19 15 5 7 7 1 18
39 54 38 28 46 31 56 42 38 50 25 34 28 58 55 41 41 21 30 63
11 25 14 11 12 5 19 19 8 12 6 11 12 13 15 9 9 13 10 21
9 12 7 2 7 4 8 10 2 6 2 3 1 10 14 3 1 6 3 14
31 68 64 47 12 38 50 63 29 41 39 34 42 53 64 35 40 52 49 56
7 9 9 4 11 9 7 7 1 20 5 6 8 21 14 1 1 3 8 17
47 58 48 41 41 47 50 42 34 49 27 19 23 56 57 39 28 36 42 60
10 18 15 13 22 13 21 21 18 27 9 13 14 32 17 11 10 9 12 19
48 66 44 35 35 46 59 62 51 57 35 30 29 73 64 40 39 26 49 70
6 21 20 10 17 6 16 26 16 20 9 13 10 26 28 18 9 18 6 23
10 14 9 8 4 4 9 14 11 11 6 8 6 20 11 7 9 6 7 11
27 29 20 12 21 16 20 16 12 23 8 15 7 28 26 18 14 12 14 28
5 25 24 15 11 5 15 23 4 20 12 11 19 27 23 1 4 13 15 21
20 48 38 34 26 16 53 42 35 41 24 28 29 45 40 21 30 20 28 50
18 58 48 35 32 19 45 56 26 40 33 33 40 52 61 24 31 42 35 59
36 40 15 16 19 25 31 26 21 23 19 9 11 38 38 13 18 17 22 45
5 6 7 5 1 1 4 1 1 3 1 2 1 8 4 2 1 1 3 9
4 8 9 4 10 3 7 12 7 16 5 9 9 18 10 4 6 6 3 12
37 34 15 10 28 21 42 35 27 30 12 21 10 41 39 27 29 13 25 44
19 27 16 12 18 13 20 25 7 19 13 7 17 33 28 5 9 14 18 33
5 5 4 1 4 1 4 1 1 2 1 1 1 6 4 1 1 2 3 10
26 41 30 13 23 25 39 44 17 43 21 23 29 43 42 18 28 27 38 47
14 17 14 6 22 14 14 20 8 24 12 12 10 28 28 8 3 16 12 19
62 76 47 51 55 41 71 61 46 51 28 55 37 71 75 43 46 29 48 73
33 55 50 40 27 43 49 47 29 41 34 28 34 55 57 26 24 44 45 60
11 20 13 10 16 9 14 15 14 16 5 8 7 26 20 8 5 9 6 26
51 65 48 43 29 42 60 63 47 51 27 35 36 70 64 35 44 40 56 69
31 61 49 39 39 33 58 62 39 50 29 29 34 56 59 37 36 38 37 61
5 9 3 3 6 4 3 4 1 5 1 1 1 12 13 1 1 2 1 10
42 47 23 28 31 31 48 49 26 29 27 26 23 51 47 25 31 22 36 54
1 7 2 1 1 1 3 2 3 1 1 2 1 7 3 1 1 3 1 10
6 11 6 4 10 3 10 12 6 14 1 12 7 14 9 7 5 7 5 13
18 27 17 13 5 6 23 19 16 20 3 15 11 26 21 4 7 9 20 17
15 19 8 6 15 8 16 16 1 12 4 7 17 13 11 8 8 2 11 17
18 29 18 19 12 21 31 23 14 29 15 14 12 38 35 2 11 8 28 31
12 26 24 10 4 6 11 23 8 11 8 5 11 19 21 6 8 13 12 20
10 19 11 14 23 8 22 13 16 13 1 9 3 27 23 12 2 10 3 27
6 13 13 9 17 5 13 16 8 15 4 11 10 21 18 4 3 7 9 15
54 74 38 41 31 40 69 63 48 53 32 50 34 71 69 31 48 29 50 73
7 19 17 13 4 7 13 13 4 13 6 11 9 25 21 8 3 10 15 21
19 25 18 25 20 15 31 18 21 21 5 11 11 22 22 14 7 16 22 26
37 61 50 39 43 34 64 59 48 57 12 40 29 65 65 45 36 38 39 73
21 35 19 12 23 12 17 27 12 17 14 6 17 24 30 13 12 14 8 36
3 6 2 1 7 1 5 1 1 2 1 1 1 2 1 1 1 1 1 9
32 57 37 34 29 35 47 50 34 45 30 17 35 47 52 26 33 30 38 61
18 28 22 16 26 18 27 25 18 26 9 7 8 32 33 17 5 20 16 36
25 39 21 15 27 14 31 30 30 21 19 9 14 37 34 22 23 12 14 42
12 23 16 10 15 11 20 20 6 23 9 18 20 22 16 12 15 12 15 19
34 68 52 31 41 39 67 64 42 61 42 56 42 63 63 38 52 30 37 66
22 29 14 9 28 15 35 23 19 29 4 16 14 33 32 8 10 3 11 35
15 19 17 13 6 9 18 15 12 16 6 9 7 21 12 8 7 6 16 18
6 7 1 1 9 1 6 1 1 5 1 5 1 9 5 3 2 1 1 9
10 14 11 4 9 7 7 11 8 1 8 5 1 11 13 5 4 10 5 14
14 17 13 6 7 5 10 14 1 6 1 12 2 14 20 12 7 10 8 12
42 68 50 48 46 36 66 64 64 47 30 28 28 73 64 47 37 43 39 75
15 20 19 14 16 9 27 22 13 20 1 17 11 29 27 12 9 15 19 31
9 11 9 7 15 3 14 8 6 12 2 11 3 21 16 7 2 2 7 14
19 41 43 31 21 22 31 37 33 39 29 20 21 35 32 20 25 26 27 31
23 45 37 25 44 19 39 43 31 41 13 24 18 51 45 28 17 26 17 43
20 29 15 14 21 8 26 25 13 14 10 16 12 35 33 13 12 18 14 36
30 26 10 2 11 21 20 26 12 24 10 13 8 25 30 14 19 8 23 29
24 52 48 39 29 31 46 48 19 44 19 26 36 53 55 31 27 40 43 57
41 69 53 36 27 39 49 54 31 48 42 37 45 60 61 18 34 39 50 60
27 47 28 23 21 16 33 29 18 20 18 28 21 29 38 20 24 17 21 40
19 32 26 10 13 22 22 30 13 28 22 14 17 34 28 11 18 22 18 36
3 12 9 11 4 1 14 9 8 8 1 8 6 14 9 2 3 6 9 11
32 56 51 36 25 31 53 56 23 53 21 46 35 58 57 33 40 35 46 52
42 58 37 31 37 26 43 45 26 32 32 24 31 45 50 35 39 21 34 57
1 2 1 1 4 1 6 1 1 5 1 1 1 5 1 1 1 1 1 4
15 18 13 7 10 4 10 8 6 5 5 9 1 13 13 9 5 4 8 11
37 66 53 52 38 33 64 66 37 49 29 36 47 55 63 33 41 46 48 68
41 64 50 44 39 42 55 53 32 48 35 44 46 60 61 32 36 44 47 61
63 78 62 39 40 51 66 72 53 61 43 39 27 76 78 43 55 44 52 77
36 56 44 45 32 27 50 48 43 37 20 34 36 55 46 29 35 40 35 56
41 57 44 36 41 33 51 50 18 37 24 33 38 56 60 33 32 29 41 60
12 27 23 18 17 10 29 33 18 29 14 20 18 27 27 10 13 21 19 30
3 8 6 8 5 3 8 4 7 4 2 1 1 11 11 1 1 4 3 16
29 50 37 25 29 20 50 49 7 36 12 47 35 47 49 36 34 32 38 47
1 11 11 2 1 3 5 13 1 9 4 1 9 10 5 1 1 4 7 1
13 14 8 3 11 7 15 8 1 13 3 2 10 10 5 5 7 1 7 21
11 30 20 19 13 9 30 18 9 18 6 15 19 28 27 9 8 15 16 34
23 43 29 28 18 20 29 32 20 18 22 12 19 37 39 13 10 26 19 41
5 17 16 9 8 4 12 15 9 10 7 9 8 12 13 7 5 12 8 18
51 70 51 41 36 38 67 68 59 52 34 40 29 69 66 38 48 47 43 66
37 49 31 35 16 21 34 30 20 25 13 22 18 43 41 15 14 20 32 33
40 50 35 26 29 36 52 47 22 44 32 21 35 55 48 18 25 26 43 56
20 16 4 8 18 13 22 9 12 13 6 10 6 16 16 10 9 6 7 27
26 50 33 34 38 25 45 44 36 39 24 20 22 42 53 25 23 31 23 52
7 12 14 15 16 7 18 21 13 22 5 11 16 21 18 7 7 12 13 16
11 28 25 10 14 5 12 22 2 16 11 8 13 23 26 3 2 12 14 19
1 4 5 1 8 1 3 5 1 7 1 1 2 12 8 1 1 2 1 8
38 58 48 49 55 35 65 57 43 65 21 39 41 68 58 32 32 38 44 64
14 17 2 5 12 9 12 8 7 14 4 7 3 21 19 2 1 5 1 21
42 64 48 37 19 30 62 58 28 40 30 30 31 38 51 46 54 35 46 64
31 51 48 39 55 29 45 50 46 54 27 32 26 67 60 39 30 30 26 53
29 53 37 47 35 30 55 44 41 45 14 25 29 51 47 23 22 33 38 53
57 80 59 54 34 45 70 74 47 48 42 47 40 74 71 56 58 40 57 73
10 16 6 2 7 7 13 6 5 10 1 5 6 11 8 1 4 1 4 18
17 46 31 24 19 15 48 35 34 29 11 26 15 35 43 24 24 26 13 50
19 19 19 18 20 18 27 18 13 22 3 17 4 31 30 19 11 12 19 25
1 7 8 4 6 2 2 8 1 10 1 3 7 16 11 3 1 7 2 12
27 44 36 28 29 16 37 34 20 24 22 18 24 39 44 15 15 23 25 45
13 37 32 26 20 18 32 32 18 27 16 15 31 35 36 19 16 22 25 40
21 56 43 39 35 15 47 45 22 30 20 29 30 47 55 37 26 36 27 58
23 31 25 21 13 15 21 26 14 22 11 15 18 28 32 13 15 19 27 28
9 18 16 11 12 4 14 13 8 16 6 10 9 20 9 9 8 7 8 19
5 13 14 8 7 1 9 11 5 11 3 2 9 8 7 2 1 6 7 13
7 4 5 1 1 4 4 5 1 9 1 3 3 8 4 5 3 3 7 12
9 7 6 1 12 9 8 10 2 15 4 5 6 14 12 2 2 5 5 12
56 72 52 43 45 46 67 62 35 49 33 61 43 79 75 50 50 40 56 74
58 66 50 33 33 48 64 55 46 64 24 45 26 74 58 29 45 31 46 64
42 52 39 31 46 32 59 46 32 50 10 38 27 60 58 41 33 27 33 61
31 43 33 14 23 27 36 44 34 42 27 18 22 42 34 20 29 18 26 38
22 42 43 27 28 30 44 45 27 43 21 31 33 47 43 22 25 32 39 41
35 54 39 39 41 37 56 41 40 52 26 28 28 61 53 21 21 30 31 63
46 74 56 47 40 43 58 57 49 54 37 41 35 74 74 31 33 44 34 72
2 12 14 5 8 2 7 16 7 14 1 8 6 17 9 5 6 5 4 6
44 52 32 16 29 29 44 37 26 46 17 37 14 57 52 22 28 6 33 47
47 78 68 45 44 53 72 80 52 71 52 44 55 80 74 47 57 43 65 79
43 67 53 45 44 39 66 61 47 55 34 36 39 69 66 42 48 27 51 65
35 69 51 36 34 37 55 59 24 48 40 40 41 54 63 35 46 44 45 66
44 78 61 47 32 46 63 62 46 39 45 30 37 68 72 37 42 48 55 71
25 35 22 17 38 20 42 37 20 32 16 35 26 39 35 32 34 14 16 45
13 24 17 17 19 4 21 19 11 17 4 11 13 20 24 12 8 11 12 23
51 61 45 37 47 45 58 57 36 52 44 40 44 53 53 46 49 24 48 55
14 38 33 20 20 15 38 52 19 40 17 33 32 44 43 16 25 33 28 42
10 16 8 4 13 4 16 12 5 9 4 9 9 11 14 11 8 11 4 22
33 47 37 28 32 31 43 46 37 42 18 12 21 54 42 29 26 23 32 51
17 43 38 15 15 21 26 33 16 33 24 16 26 33 37 12 17 19 23 40
21 31 14 14 22 15 30 26 6 22 11 20 24 28 27 14 15 9 21 30
10 19 15 11 15 9 14 18 10 18 12 13 7 23 24 8 7 12 8 24
46 59 38 30 52 32 59 59 50 51 36 36 40 64 53 37 41 26 35 55
12 30 20 15 9 1 21 26 14 1 10 8 7 22 25 16 14 21 6 28
15 19 13 15 11 4 21 14 11 17 1 14 9 18 15 8 5 10 18 16
29 49 32 28 24 17 41 43 32 34 10 34 27 46 47 16 25 27 23 45
28 53 40 31 22 27 47 45 19 43 20 28 31 52 52 18 20 28 41 56
16 22 8 11 17 8 17 13 18 14 7 12 7 33 29 6 6 10 6 25
16 46 32 24 17 12 33 39 19 23 22 26 23 39 48 12 20 30 23 47
10 24 25 15 1 4 11 15 10 2 10 6 1 16 19 14 11 13 10 18
21 24 15 6 24 12 15 16 8 16 11 6 13 13 19 11 11 9 10 27
23 46 40 21 31 20 41 48 21 40 25 33 29 44 42 25 30 32 26 40
8 13 8 6 15 4 12 11 8 14 1 4 4 20 11 10 5 3 3 19
21 40 25 23 17 12 21 23 1 10 15 18 19 20 32 18 16 13 21 30
48 65 41 40 38 42 66 53 44 50 27 43 18 70 68 37 34 28 48 67
24 28 16 12 19 15 13 21 17 15 10 7 8 27 31 16 8 16 16 24
4 4 1 1 7 2 5 9 1 11 1 3 2 18 14 1 1 3 2 14
44 61 54 40 32 34 58 56 35 54 18 51 38 65 63 41 40 35 42 63
16 18 9 8 10 13 28 20 14 21 5 9 13 19 14 9 12 12 15 30
58 77 66 44 44 49 69 68 42 68 40 46 42 74 73 44 43 42 55 79
32 52 46 38 38 26 46 43 19 40 25 34 34 48 56 32 31 31 37 51
13 34 28 19 8 10 31 29 17 27 11 23 12 29 34 11 19 16 23 37
2 3 1 4 5 1 6 1 5 3 1 1 1 7 3 1 1 1 1 5
16 25 20 7 8 19 18 16 14 27 8 19 9 31 22 6 10 4 11 22
17 28 22 17 10 10 25 15 14 18 8 13 7 21 24 6 9 7 20 21
44 59 40 34 25 30 53 55 31 39 25 37 31 56 49 30 39 32 47 52
22 22 14 5 17 20 15 23 14 29 15 14 11 35 22 8 13 15 15 23
9 13 10 4 5 6 6 14 5 12 4 6 6 14 7 4 4 4 7 8
14 17 9 1 6 5 11 15 11 11 7 9 1 21 14 5 8 10 8 20
46 75 57 55 47 37 67 63 45 52 17 38 39 70 78 39 26 50 51 74
15 19 8 12 29 9 18 16 8 20 6 14 12 31 29 13 7 10 5 30
11 19 9 9 8 2 12 10 1 5 1 3 8 10 9 6 5 3 4 16
13 30 26 19 9 7 16 22 12 22 11 17 16 29 32 7 11 13 21 23
14 23 11 13 10 6 21 13 9 15 4 4 12 21 12 3 5 4 12 27
13 21 17 17 7 9 22 14 5 16 5 4 13 17 13 4 9 9 18 27
27 32 16 13 21 22 30 30 10 30 11 17 23 31 26 18 24 11 23 41
34 52 46 31 20 31 39 45 21 31 34 17 25 44 50 19 21 31 33 47
7 9 6 5 7 3 7 4 2 2 1 2 1 10 7 5 2 6 3 15
7 4 3 2 8 3 6 2 1 10 1 2 2 13 9 1 1 1 3 14
9 6 5 3 5 6 5 3 2 4 1 4 1 6 10 6 1 5 7 7
11 34 30 21 14 7 26 24 20 16 9 19 13 30 29 21 14 17 16 33
46 70 48 50 40 39 60 60 59 43 35 34 30 69 71 30 38 49 39 70
21 40 38 23 20 25 25 37 20 28 28 10 33 37 35 9 11 21 29 41
15 15 5 3 13 7 5 10 8 8 6 1 3 23 19 2 1 5 6 12
22 52 43 34 37 15 42 50 22 35 25 24 35 45 58 29 29 29 27 54
6 18 18 8 9 8 14 23 6 24 10 7 22 14 14 5 13 12 16 20
19 16 7 1 11 13 10 13 2 17 3 1 5 19 17 2 4 4 9 21
11 22 15 11 16 11 21 18 9 14 11 13 14 22 24 13 13 17 13 30
39 68 48 28 41 41 55 60 25 49 42 35 45 55 64 40 48 41 44 73
26 30 17 15 21 19 32 24 26 34 16 18 8 38 28 13 19 8 19 35
48 76 57 50 37 41 63 61 50 50 48 27 37 63 69 31 41 44 52 70
46 70 57 55 44 44 65 55 47 58 44 39 39 67 63 40 46 31 53 63
45 54 38 30 51 38 53 48 31 49 33 39 43 50 48 45 43 15 35 59
9 14 9 8 9 6 13 17 9 16 5 9 9 19 15 7 7 10 5 20
12 11 9 1 8 5 4 7 2 7 5 1 4 1 9 4 3 3 4 12
18 56 53 35 28 32 41 57 34 46 42 24 42 51 54 35 41 40 39 57
34 63 45 40 15 24 49 49 42 37 25 30 23 55 62 22 32 37 35 59
29 42 23 23 36 18 38 42 23 35 15 27 26 42 48 24 23 28 24 47
29 49 30 28 20 24 40 43 15 28 19 22 30 46 45 21 27 27 30 48
30 81 72 53 34 31 66 73 39 55 35 54 46 73 75 56 55 57 50 74
36 55 45 41 31 37 49 43 27 41 32 41 37 55 50 26 28 34 45 44
46 54 32 33 52 37 58 47 49 56 17 33 24 65 58 25 23 28 33 61
10 29 27 20 9 5 24 25 10 16 7 14 20 18 25 14 12 20 19 30
32 49 45 37 38 27 50 46 25 39 17 47 30 50 55 41 35 38 41 50
21 30 16 18 19 12 36 23 17 20 5 20 12 34 36 19 16 15 22 34
26 35 18 23 25 13 34 32 25 21 6 11 11 31 33 24 11 20 18 40
45 81 58 45 33 55 81 71 55 63 45 40 39 78 74 41 52 44 51 88
28 52 34 35 31 29 40 42 24 35 30 24 36 48 44 17 24 27 33 49
45 77 50 56 40 43 71 69 43 50 41 36 40 69 77 40 45 37 53 82
37 60 55 46 34 36 50 52 42 52 27 31 19 61 60 39 33 40 40 51
43 65 57 30 27 43 55 60 49 45 44 32 33 64 59 39 47 40 46 62
8 15 15 5 9 7 12 15 8 9 7 10 8 12 17 10 7 14 9 17
52 75 55 41 56 48 69 65 64 61 41 35 32 76 66 47 49 36 38 78
42 68 46 29 40 40 56 58 36 50 33 36 33 69 70 30 33 41 49 70
7 11 9 6 4 1 2 2 1 4 1 4 2 13 10 4 2 1 4 8
16 35 27 14 3 18 24 32 9 24 20 7 21 36 25 4 13 21 25 37
57 70 55 48 46 52 69 64 47 57 46 27 35 73 75 48 47 37 50 80
31 59 44 37 28 35 63 57 52 60 22 39 25 65 57 26 29 36 38 58
41 59 47 27 47 43 60 60 43 67 31 30 30 64 62 33 38 30 37 66
4 19 15 8 9 3 10 13 3 10 8 2 11 13 14 1 2 6 5 21
33 47 38 23 22 30 49 54 37 47 29 28 24 38 40 30 42 22 37 51
33 65 62 44 45 34 69 61 45 55 29 61 41 75 74 47 52 37 43 72
10 14 11 6 9 5 7 13 8 6 8 4 3 13 15 4 4 9 3 12
29 40 28 24 28 24 36 36 21 24 24 10 24 34 34 23 24 18 23 47
19 41 42 27 23 20 38 46 20 39 13 33 33 44 45 20 24 36 33 46
51 72 47 41 33 42 64 55 47 61 27 45 41 72 67 20 42 33 51 69
57 84 65 53 57 44 79 73 43 65 41 50 47 77 81 45 52 55 60 86
64 68 38 37 58 53 74 57 41 60 32 38 36 66 74 47 47 24 49 78
6 9 9 8 4 4 11 9 5 11 1 4 10 6 4 3 4 6 9 12
33 48 30 30 36 23 43 36 30 30 26 21 13 44 45 23 23 22 21 44
25 28 17 14 26 15 27 25 9 26 10 15 20 26 22 14 15 6 15 26
30 53 48 34 35 33 42 43 26 45 25 16 34 44 45 30 24 28 40 51
29 48 31 22 17 24 44 41 15 33 19 33 33 35 38 27 31 28 37 45
15 31 26 14 18 13 21 25 10 20 16 11 17 29 29 13 10 20 16 35
11 30 21 12 14 1 21 31 8 16 8 13 13 27 29 11 12 18 6 35
7 6 11 4 9 4 7 7 5 14 2 12 3 16 9 9 6 1 6 7
12 18 18 10 15 15 23 25 14 30 9 19 16 35 19 12 15 13 14 26
30 44 37 29 20 26 34 34 15 29 19 24 16 44 49 21 15 27 27 43
25 42 34 27 26 17 30 39 26 32 20 20 24 46 44 8 13 26 26 37
43 42 25 27 46 28 52 44 26 47 12 35 31 50 48 29 32 20 32 54
12 13 6 2 8 1 2 4 1 1 1 1 1 9 12 5 1 1 5 7
17 36 29 13 20 15 23 29 19 25 17 21 17 41 35 17 14 20 14 35
6 19 16 8 1 1 6 4 4 4 1 10 1 17 14 4 1 1 7 10
47 68 53 45 32 45 57 55 54 44 49 30 21 72 73 23 31 47 37 73
47 52 27 17 31 31 40 31 22 28 20 28 16 36 45 25 29 11 20 50
8 19 19 12 13 3 14 18 12 18 4 9 12 22 14 10 7 9 12 17
6 17 15 8 7 1 8 10 5 10 7 4 9 13 8 3 5 5 5 20
27 42 27 21 26 21 38 32 25 33 18 19 15 37 34 16 12 23 23 36
14 17 13 4 12 17 19 15 2 20 11 7 16 15 11 6 10 12 14 23
8 16 11 11 9 8 17 9 6 11 5 7 8 19 12 5 5 7 7 26
52 58 37 28 43 43 64 43 43 48 30 32 32 55 55 37 44 7 34 69
15 39 28 25 30 14 43 43 21 36 14 18 26 32 36 18 17 26 23 45
33 47 36 34 33 17 43 47 32 28 10 33 25 53 54 29 22 36 31 46
13 13 12 5 10 8 10 10 3 13 4 5 8 14 5 7 5 7 11 15
32 35 25 10 28 17 22 29 20 25 17 16 16 35 31 24 25 10 19 29
24 40 20 8 15 12 25 25 21 19 10 16 9 35 38 14 17 15 6 47
12 8 8 1 8 7 7 2 2 7 1 2 4 6 8 4 1 2 9 10
13 25 19 14 7 1 11 13 4 9 6 8 11 18 17 7 5 8 13 17
3 8 7 2 3 1 1 2 1 4 1 5 1 12 8 3 1 1 4 1
42 56 45 32 37 30 44 53 27 35 22 41 34 58 59 34 33 38 41 48
8 13 7 8 13 1 16 21 12 15 2 12 5 26 19 1 1 9 8 14
26 25 14 16 26 15 30 25 18 22 9 20 12 42 33 16 15 20 21 36
1 3 3 7 1 1 7 4 5 6 1 3 2 10 1 1 1 1 3 2
16 19 10 1 11 7 5 8 6 9 8 3 1 14 14 5 2 4 2 12
27 20 8 8 21 19 17 18 15 24 12 9 9 34 27 8 13 10 13 29
12 30 17 21 8 9 26 21 14 21 8 12 17 33 23 4 6 12 18 31
1 4 3 1 5 1 1 3 1 2 3 1 1 5 7 1 1 1 1 1
14 22 11 9 19 8 11 11 4 15 5 6 5 21 22 1 2 4 5 15
6 8 5 5 11 5 5 3 3 8 2 4 5 12 11 1 2 2 2 11
24 35 26 18 23 13 27 23 17 28 16 14 19 18 24 15 20 8 18 28
31 53 48 37 26 34 48 49 29 44 29 28 30 54 53 27 32 33 45 47
35 61 43 32 35 25 44 48 27 31 19 20 24 48 59 35 23 39 31 56
14 14 10 9 11 13 11 3 8 10 8 4 3 13 11 1 1 3 6 16
24 45 32 17 15 17 31 31 15 25 18 17 22 29 34 15 16 22 24 42
18 30 27 13 21 12 18 26 13 20 18 10 14 24 31 14 15 12 13 28
45 56 46 31 36 30 47 54 23 35 26 37 34 56 54 35 34 36 42 58
56 70 45 40 50 40 65 62 43 52 42 46 35 66 70 39 47 33 46 71
8 21 25 14 10 8 19 21 12 21 10 8 15 18 12 9 12 5 15 19
19 42 40 29 13 32 34 37 27 34 37 16 20 50 41 16 20 33 30 42
23 26 8 7 15 11 26 11 13 17 1 11 4 27 25 7 8 1 15 26
34 58 49 32 42 40 44 50 40 48 40 27 27 60 55 38 32 41 34 53
33 61 51 35 53 37 63 64 43 63 28 41 45 59 56 44 40 41 44 55
13 22 22 10 15 10 19 24 6 26 5 15 17 21 18 15 17 10 15 24
16 34 35 24 7 18 27 29 15 25 20 10 23 31 30 5 8 24 31 35
15 25 10 15 18 7 21 16 5 12 6 7 11 27 26 3 2 3 8 24
19 19 19 16 19 14 24 17 7 23 5 15 12 22 24 8 8 11 21 22
11 18 17 16 15 6 18 18 18 18 6 16 6 27 15 8 8 7 11 11
18 17 2 3 10 3 11 12 4 5 1 11 5 16 13 12 9 3 5 18
3 14 10 3 3 1 5 12 3 5 4 1 3 6 7 2 1 8 4 13
44 56 44 40 20 36 48 50 24 39 27 34 37 50 50 36 34 37 43 54
52 64 37 35 39 36 56 50 33 45 27 34 25 58 61 30 36 21 36 58
7 13 8 5 9 4 10 9 4 11 3 9 6 18 11 1 3 3 5 13
41 53 46 29 27 30 57 48 42 46 26 25 26 48 37 39 44 19 38 50
24 54 44 29 33 32 53 44 34 46 23 37 26 56 58 28 27 35 26 54
12 13 10 6 6 15 18 16 8 21 5 4 13 20 10 1 9 8 16 20
26 45 35 28 17 23 39 48 37 36 20 18 11 58 50 28 25 28 30 48
5 6 4 1 5 2 6 7 1 10 3 3 7 5 1 1 4 1 1 9
14 19 7 1 12 9 19 3 11 11 3 10 1 16 15 1 3 1 1 21
24 41 35 21 19 19 38 37 8 32 12 31 27 29 33 25 25 25 30 38
36 69 60 41 50 34 67 62 39 55 21 43 39 66 70 51 40 47 42 77
23 37 28 12 27 23 27 39 21 39 20 24 27 45 34 23 25 19 22 40
11 34 29 10 15 18 31 27 23 30 18 24 17 34 26 16 23 20 14 38
27 42 39 14 23 23 41 42 29 42 16 38 21 39 38 33 36 18 23 43
37 46 35 29 22 31 39 32 15 30 20 26 27 40 41 17 19 24 34 49
13 28 26 8 13 8 21 38 23 23 17 15 15 30 26 22 23 18 12 30
46 72 63 61 48 49 74 77 52 76 42 41 62 82 73 28 39 48 67 75
9 20 9 10 10 4 19 14 9 13 3 6 10 15 11 4 4 5 6 24
25 49 47 34 25 17 50 44 34 38 19 38 19 52 44 35 32 20 31 43
21 36 26 13 13 14 24 25 21 27 8 21 14 40 28 13 16 11 13 35
1 11 12 6 1 1 2 2 7 2 5 2 1 14 10 2 1 4 2 16
27 35 21 15 17 15 28 25 16 24 12 12 9 25 32 11 11 14 20 30
47 61 44 36 41 36 57 60 33 46 13 27 33 51 57 47 38 36 41 61
42 56 42 34 36 33 47 51 51 36 40 15 19 59 57 39 39 33 26 61
39 56 36 21 29 36 48 47 25 55 23 33 31 62 54 12 26 26 40 60
3 6 4 2 3 1 3 5 1 6 1 4 1 12 5 2 1 3 1 8
36 48 31 31 30 21 53 42 26 40 17 35 29 38 39 26 32 13 38 41
8 13 7 3 7 7 18 12 6 13 1 13 7 18 19 8 7 10 7 22
44 58 43 30 39 35 55 56 27 50 28 40 33 65 60 33 39 25 40 59
14 16 8 7 22 10 16 12 12 21 2 8 7 24 13 13 10 4 6 23
11 11 4 1 11 4 3 6 4 4 2 1 1 13 14 4 1 3 2 10
8 11 10 8 7 2 9 7 9 9 3 10 2 18 11 8 5 4 7 8
30 36 23 28 24 15 36 27 24 26 4 20 15 35 30 19 17 16 27 31
20 34 24 22 12 13 33 30 16 26 7 21 17 32 38 18 21 18 27 34
28 33 21 10 26 25 27 24 18 29 21 6 13 24 24 14 13 20 18 39
11 26 27 18 13 9 21 22 14 19 15 15 14 29 29 11 10 14 16 29
8 13 6 1 10 2 3 4 1 3 4 1 1 5 6 1 1 3 1 9
48 78 64 56 30 40 78 62 48 55 21 65 41 72 71 40 52 45 53 69
7 17 12 7 16 2 16 22 8 18 1 17 12 22 20 14 11 11 5 18
11 10 4 3 11 4 9 2 3 2 3 1 1 6 6 4 1 3 1 10
12 7 4 3 6 8 5 5 1 9 1 4 2 16 10 2 2 3 6 13
5 4 5 2 2 4 4 5 1 4 1 1 1 7 6 3 1 5 4 11
37 48 34 22 24 32 38 42 26 45 26 27 16 56 50 19 24 19 36 46
23 39 29 29 37 21 39 41 22 39 15 26 34 36 47 22 24 27 24 44
14 23 28 18 24 10 22 26 13 27 13 19 19 35 30 14 12 14 18 29
27 42 25 21 20 18 35 37 32 33 17 20 16 42 38 13 19 20 19 43
10 37 35 31 15 20 27 27 25 30 25 19 23 39 35 14 16 22 24 33
12 18 12 15 7 9 23 15 9 11 1 10 8 20 14 10 9 12 13 24
10 12 5 4 7 1 15 7 4 3 1 4 5 5 8 10 5 6 4 16
16 55 42 28 20 21 39 48 28 30 26 19 28 42 51 22 24 38 21 53
36 53 43 36 45 32 47 43 37 41 34 25 37 57 50 35 32 17 33 53
11 17 15 8 9 5 10 9 1 11 7 4 11 15 10 8 4 9 10 19
14 27 18 10 5 6 15 25 13 3 12 4 6 17 25 12 12 20 7 26
26 46 35 15 26 15 40 42 32 31 18 39 18 48 49 30 33 24 16 44
22 56 50 37 29 27 48 59 44 47 30 33 30 71 57 25 18 43 37 54
39 62 49 46 52 40 63 58 53 63 33 32 39 77 64 35 28 25 39 63
40 71 61 41 27 47 56 62 43 63 42 46 44 66 68 35 47 39 55 60
31 40 28 22 20 19 36 37 20 28 13 25 25 38 38 23 25 25 30 40
34 49 36 30 19 28 51 53 32 48 27 32 23 59 48 14 26 24 47 48
26 47 42 29 38 28 40 40 36 41 33 30 32 56 50 26 24 17 29 50
1 14 17 9 1 1 11 17 11 15 6 7 10 10 8 3 7 11 9 15
39 80 59 37 34 43 82 77 48 70 43 54 52 67 68 41 62 46 55 81
18 19 13 13 12 8 21 15 10 14 4 11 11 17 14 12 11 8 15 18
16 20 24 8 19 9 24 30 14 28 10 23 12 29 27 20 17 18 16 28
25 39 26 21 16 11 34 31 29 25 9 25 9 47 43 12 16 12 19 37
8 17 20 15 7 4 18 14 13 18 4 16 8 28 13 9 6 7 16 12
10 10 2 3 6 5 10 12 10 13 1 3 2 22 13 5 6 3 6 16
3 8 9 2 4 4 6 11 2 11 2 1 7 14 9 1 1 7 7 11
11 7 6 3 5 8 11 5 5 12 1 2 3 15 9 1 3 2 10 15
7 12 10 7 13 3 14 10 3 13 3 8 6 18 10 4 3 6 4 16
21 51 53 29 27 23 46 60 31 49 29 40 37 51 51 32 40 42 38 54
33 41 26 28 24 23 35 34 26 37 17 17 16 45 32 16 16 22 28 37
24 27 23 9 26 24 23 30 9 32 20 9 22 30 29 11 14 12 20 33
25 33 31 19 8 23 33 30 14 32 11 22 15 29 30 12 21 18 35 24
36 55 38 31 45 30 58 59 32 52 25 42 38 59 53 36 42 24 33 62
36 59 52 43 24 31 39 51 41 40 40 22 27 56 59 25 27 40 36 56
52 72 62 52 46 45 69 78 58 59 50 42 43 83 76 48 54 51 50 77
48 63 48 33 26 31 49 54 36 40 27 33 26 49 54 41 44 34 37 57
8 14 10 6 4 1 5 11 1 9 1 4 8 12 8 3 3 5 7 11
10 11 13 8 11 9 8 11 4 16 6 9 8 23 16 5 4 6 9 12
25 38 32 20 23 25 41 36 39 48 12 32 19 55 35 13 23 13 25 38
17 25 14 3 9 3 13 22 4 9 4 4 10 12 20 9 9 13 10 21
13 21 17 8 12 7 6 10 11 9 7 5 5 15 20 8 3 7 9 20
7 18 8 12 11 7 20 16 18 15 3 8 8 25 16 7 1 11 10 20
10 33 33 14 14 15 28 35 12 28 18 24 20 29 33 19 19 25 24 30
8 26 19 16 23 9 21 28 22 26 6 19 15 36 25 20 16 13 9 27
29 38 25 21 27 29 31 29 33 27 25 8 4 43 43 18 20 22 20 41
18 52 39 27 28 21 42 50 25 35 22 28 27 47 52 27 26 39 23 50
12 13 11 4 18 12 12 14 10 25 9 13 7 21 16 6 6 3 6 13
6 8 7 1 3 1 5 10 3 4 3 1 2 3 6 2 2 6 1 14
5 11 11 7 5 3 7 9 5 8 2 3 8 14 13 8 1 9 8 15
50 68 40 30 36 48 56 50 27 43 40 28 37 62 59 22 35 28 41 71
39 53 45 26 43 30 54 47 48 49 28 35 16 55 58 40 38 25 21 60
39 41 21 25 37 20 43 32 38 37 19 27 8 51 40 24 23 21 21 40
10 20 16 13 10 6 11 16 5 13 8 2 16 23 17 2 4 6 11 19
20 37 33 34 30 21 30 29 29 36 20 14 18 45 38 20 15 23 24 35
4 9 2 6 4 1 6 1 1 1 1 1 1 8 5 1 1 1 1 8
42 79 62 51 42 54 75 69 50 67 57 39 49 75 77 43 55 46 55 85
46 58 29 34 37 39 59 57 36 41 29 25 31 60 57 39 39 28 40 70
40 54 32 26 37 27 48 46 24 33 20 36 26 56 61 29 31 23 24 65
5 14 14 11 3 1 11 13 5 14 4 8 13 11 11 4 6 6 11 6
38 65 52 35 37 46 50 61 46 43 46 32 38 65 67 41 42 55 39 71
16 34 27 17 13 6 17 16 13 5 16 10 9 25 28 15 12 16 12 32
5 22 17 9 9 1 11 8 13 7 5 6 3 20 20 4 1 5 3 22
54 62 54 30 35 48 64 53 42 64 29 48 28 61 63 30 41 30 47 59
17 16 10 3 16 18 13 21 6 27 11 10 13 30 20 3 9 10 13 22
52 73 48 48 42 45 74 64 29 58 31 56 48 65 75 44 52 31 59 79
11 13 4 3 10 5 10 9 1 11 1 1 9 8 4 4 5 3 6 20
39 78 61 60 34 33 68 67 50 48 26 36 43 62 70 36 35 54 49 77
23 37 32 35 35 18 42 37 31 39 2 23 17 45 41 15 10 28 30 38
10 21 15 11 9 7 14 17 4 17 7 8 17 12 11 4 9 11 14 15
44 66 57 40 62 51 68 63 44 76 43 44 54 69 64 42 48 41 53 74
7 18 13 6 2 9 17 19 7 16 3 7 10 21 13 4 6 11 13 22
27 45 40 24 21 19 39 37 21 30 17 27 21 39 45 23 22 28 30 50
34 70 65 41 42 47 66 68 60 74 44 53 39 76 73 46 54 45 40 73
41 75 61 45 49 30 55 65 40 52 40 50 47 60 67 49 54 41 42 65
5 6 5 3 6 4 3 11 2 9 2 2 7 12 9 3 2 7 4 12
37 55 45 47 55 30 54 54 49 55 18 34 21 72 66 44 25 34 34 52
12 27 20 15 8 10 19 20 9 17 10 16 12 32 27 5 4 13 20 17
32 50 42 34 32 23 52 57 39 49 22 32 30 57 49 19 38 28 37 51
11 13 8 6 10 8 14 6 6 12 2 3 7 17 11 3 3 3 9 22
18 17 6 13 20 10 18 17 20 12 9 6 2 32 30 8 4 7 9 17
4 6 3 7 7 3 11 8 6 11 1 1 7 14 4 1 1 3 6 12
22 30 19 9 10 7 15 17 8 10 9 5 7 20 22 11 11 9 13 29
36 49 34 30 29 28 48 37 25 38 17 27 26 49 50 18 19 24 38 55
26 27 14 19 20 17 22 6 6 11 12 10 11 25 25 12 9 4 16 30
11 14 12 5 12 10 9 13 5 14 8 5 12 15 12 4 1 10 10 13
28 49 39 25 23 37 48 55 35 44 30 17 29 44 47 33 36 34 36 58
19 35 27 19 17 14 35 33 7 22 15 24 22 29 34 21 21 19 22 41
19 21 18 19 16 11 21 14 13 14 5 8 10 19 19 13 7 8 18 25
38 78 56 38 29 50 64 60 32 59 41 45 53 64 72 29 44 43 52 77
31 40 32 21 20 21 28 30 15 28 15 20 20 33 38 17 22 13 30 34
12 15 11 5 18 7 12 16 8 18 5 14 11 20 19 13 10 10 6 18
45 75 58 36 39 42 63 61 34 61 31 56 39 77 78 38 42 38 46 73
42 54 48 36 46 41 53 51 36 60 25 37 38 59 52 21 30 41 46 58
33 61 53 34 37 35 57 65 39 63 36 39 37 56 58 36 47 36 42 60
18 21 12 7 9 7 6 13 9 14 8 3 4 19 18 5 4 4 8 12
3 4 1 1 5 1 1 6 1 8 1 1 4 12 7 1 1 1 1 6
12 15 16 5 4 6 10 10 1 11 3 9 6 13 10 9 6 8 11 12
15 36 35 27 12 14 32 28 15 31 17 26 24 31 27 15 21 19 30 25
13 21 16 13 6 17 22 25 7 27 12 11 18 32 19 6 12 15 21 30
9 11 9 6 7 1 8 1 2 2 1 4 1 7 8 4 1 1 6 3
1 3 2 1 3 1 5 4 6 5 1 4 3 8 3 1 1 3 1 11
50 73 62 54 40 38 71 71 58 55 36 55 36 69 67 46 58 47 56 59
58 60 39 30 50 43 59 49 33 52 25 31 34 57 61 34 38 18 44 63
34 48 42 31 31 37 46 54 36 48 35 28 43 54 46 30 42 31 46 50
34 52 39 39 36 31 47 42 30 41 8 21 28 46 47 33 18 35 35 51
25 39 30 22 17 10 27 25 17 14 13 20 8 32 32 26 23 12 13 27
18 33 14 13 16 7 25 22 9 16 9 13 16 32 31 8 7 11 10 39
25 33 17 22 29 28 32 23 22 30 15 12 14 40 39 17 16 18 18 47
17 36 37 23 20 15 33 42 16 40 17 23 28 42 37 12 22 23 29 38
27 34 27 15 23 26 35 30 22 41 15 23 17 44 35 19 24 7 29 34
19 24 12 8 17 8 15 14 7 9 7 6 10 14 18 9 8 6 5 25
35 73 65 36 47 34 63 64 38 64 43 47 48 63 65 39 48 33 46 67
33 47 31 23 24 34 47 37 31 52 22 26 28 46 44 14 34 10 32 50
6 22 22 12 7 8 12 23 11 9 11 5 12 16 22 13 11 20 7 25
15 33 30 13 15 18 31 31 21 34 15 27 19 49 33 9 16 16 17 36
16 28 27 21 14 19 24 28 11 30 16 17 26 29 26 11 14 18 25 34
26 50 37 24 19 16 38 30 32 19 22 22 10 41 44 32 28 23 13 48
4 12 13 10 11 6 8 10 7 10 4 1 8 19 15 5 1 9 6 17
24 35 24 15 28 17 40 34 21 36 5 33 18 52 45 20 23 15 13 52
11 26 21 11 4 5 13 19 6 7 8 5 8 15 20 10 7 14 8 26
36 56 40 30 27 31 48 43 35 33 32 25 21 53 47 31 32 24 31 55
15 18 16 7 19 22 26 22 8 29 15 14 21 24 21 7 13 14 19 25
25 30 22 15 30 12 30 29 12 26 8 30 14 35 34 29 23 11 13 27
17 17 10 5 15 16 24 23 14 27 9 16 8 32 22 8 12 9 19 29
24 26 18 8 14 20 31 15 24 24 3 17 5 29 26 13 15 4 12 35
49 67 38 36 46 46 70 62 40 66 35 49 39 74 63 26 41 25 51 72
27 32 19 13 21 19 22 23 6 21 9 20 18 27 25 19 19 11 20 28
24 52 37 33 23 17 37 43 24 27 27 21 26 46 46 24 24 33 24 50
21 22 16 17 20 17 23 18 21 24 9 9 8 29 26 12 6 13 19 27
1 4 3 2 6 1 8 6 3 8 1 5 5 9 8 4 3 5 2 11
23 56 51 31 30 26 49 57 32 54 32 46 42 61 54 24 33 42 43 58
19 33 19 17 16 13 18 24 7 16 13 8 20 29 28 8 8 16 14 34
33 65 59 45 26 42 53 58 37 50 53 19 42 51 57 25 35 46 46 63
35 45 23 22 32 27 38 30 27 33 18 18 12 56 48 21 17 19 23 49
23 36 29 20 15 11 29 28 13 29 9 27 17 42 38 12 14 13 28 31
6 9 6 8 7 5 14 7 12 11 1 10 6 15 11 3 3 7 4 15
31 51 29 9 19 30 44 41 27 36 21 30 19 46 46 21 31 22 27 53
13 20 13 13 10 7 13 10 6 6 4 3 6 15 15 3 3 5 8 14
15 17 12 8 14 9 7 7 8 9 7 7 6 14 21 10 6 8 7 19
14 14 12 9 9 8 18 8 5 14 1 6 3 16 15 3 5 1 15 13
13 11 6 4 14 7 7 8 3 11 5 1 8 12 10 5 4 6 4 15
22 16 9 7 15 15 17 10 9 18 4 13 1 25 24 9 11 4 17 22
41 54 47 46 30 34 51 46 37 50 17 41 29 60 50 27 33 30 44 45
13 20 17 12 17 11 8 11 5 14 9 8 10 25 27 7 3 8 12 24
24 48 33 32 18 19 43 35 31 23 9 20 15 49 46 26 18 29 25 51
29 43 27 25 36 17 47 41 33 35 19 23 27 39 42 26 28 21 21 51
9 6 5 6 6 8 10 5 7 12 3 7 5 12 6 4 3 4 6 10
11 15 11 8 14 6 10 13 13 11 8 5 6 20 18 6 4 9 5 16
40 58 47 44 24 27 56 55 31 34 22 38 24 48 58 38 36 43 42 48
51 68 44 44 44 38 64 61 32 51 28 37 35 63 69 38 42 24 51 70
38 50 34 35 24 25 36 36 21 22 19 31 21 40 45 40 32 22 29 46
39 61 43 30 39 33 47 47 29 44 26 22 31 54 57 30 29 27 38 54
41 54 35 32 35 45 48 50 47 50 22 14 20 60 56 27 21 34 35 65
38 59 53 36 31 47 47 53 38 51 26 30 20 69 65 40 31 43 43 59
23 23 11 16 11 15 27 25 19 26 8 12 12 34 21 6 15 11 23 24
32 52 48 42 31 26 60 58 34 55 15 54 39 52 54 37 42 38 44 50
35 62 49 44 35 26 50 47 33 34 28 35 27 45 52 42 38 40 35 57
17 21 6 9 21 11 21 20 14 18 8 4 5 33 28 5 1 11 10 27
16 32 24 14 8 12 28 28 19 24 7 20 14 38 34 10 11 12 13 35
23 22 18 17 20 14 33 24 13 28 1 20 15 31 26 11 13 7 27 26
28 36 21 11 24 17 27 32 6 18 17 16 25 17 27 25 23 12 21 36
21 23 13 15 6 11 22 14 12 12 2 13 1 28 27 9 7 8 17 24
8 10 5 1 9 9 9 10 1 11 5 5 7 10 10 3 1 10 6 12
21 29 17 11 11 13 29 20 12 23 5 15 14 18 22 10 13 11 18 30
49 53 38 32 36 33 52 47 37 47 22 29 15 59 54 26 32 28 44 50
23 29 18 12 27 9 27 24 12 29 5 24 15 35 33 15 12 11 20 28
37 67 47 39 31 36 59 55 41 42 43 37 37 65 63 25 30 44 42 63
24 49 36 28 15 19 33 38 22 31 21 28 32 42 49 11 19 28 30 48
54 53 33 33 37 32 57 43 41 42 15 40 17 62 61 29 28 30 38 54
39 66 57 48 38 43 53 54 36 51 41 25 36 60 61 29 27 45 51 59
26 49 34 29 34 23 40 40 34 36 22 16 19 47 47 27 19 24 18 54
48 56 48 37 37 36 57 55 43 50 17 44 21 64 57 38 42 31 43 51
37 67 54 28 33 42 58 62 49 57 37 37 21 82 76 37 41 42 34 73
21 40 27 25 28 11 31 28 15 23 16 23 26 28 39 19 18 18 19 41
6 21 14 4 8 4 12 16 10 7 8 8 5 15 19 7 6 14 2 22
42 57 52 30 40 44 46 51 35 51 42 28 30 48 50 42 42 39 41 54
15 25 21 19 14 10 13 12 8 8 5 7 4 23 26 15 6 11 11 21
17 16 12 5 12 9 20 10 10 19 1 13 6 21 10 13 13 2 10 23
3 5 1 2 8 1 5 1 1 6 1 4 1 13 7 1 1 1 1 8
11 20 22 12 13 10 16 18 10 20 11 13 16 24 12 11 11 12 13 23
16 18 10 6 16 8 21 12 1 18 1 9 8 16 17 3 6 3 12 20
11 17 14 13 15 8 14 11 5 15 7 6 14 14 14 3 5 3 10 17
38 56 43 27 32 39 58 52 37 57 24 49 31 66 60 28 32 36 39 57
32 52 29 34 32 35 50 43 29 36 23 20 25 53 48 25 21 29 35 59
19 50 44 30 25 20 40 52 28 44 29 30 37 43 41 22 31 31 29 42
45 78 65 53 48 48 81 77 50 75 44 43 60 79 74 36 47 50 68 85
7 8 2 1 3 3 6 4 1 5 1 2 1 11 4 1 1 2 4 9
56 74 55 30 42 53 68 74 40 66 48 37 37 69 72 48 55 42 51 80
32 54 45 44 25 33 47 44 32 36 25 34 25 63 64 32 21 38 33 52
42 62 36 37 31 27 65 58 35 47 17 51 30 63 60 39 43 25 44 63
4 6 8 2 6 8 5 10 3 11 6 5 10 8 5 1 2 8 6 10
18 20 14 16 17 9 17 15 12 23 3 14 12 22 18 4 5 9 17 15
38 67 48 34 34 24 57 55 27 33 30 38 35 58 66 40 40 38 37 73
31 60 47 39 27 36 61 64 51 53 33 35 31 66 58 37 38 49 44 61
6 12 11 5 10 1 13 14 5 10 3 10 7 13 16 8 5 10 3 19
16 23 12 15 18 10 18 21 19 21 9 15 6 32 25 2 4 10 11 20
21 46 36 29 30 23 38 44 30 36 26 19 27 35 44 28 28 35 20 49
4 10 8 8 10 3 8 13 1 14 5 5 11 19 14 1 3 6 5 18
30 45 24 23 24 15 44 36 23 31 15 28 26 35 31 24 31 8 28 40
17 23 15 5 23 9 17 19 3 17 6 13 12 21 24 11 5 10 11 24
5 9 4 4 9 1 9 4 1 7 1 1 6 4 2 1 2 1 3 10
15 18 7 7 8 6 13 13 8 10 5 5 7 19 12 5 8 7 8 19
13 11 12 7 14 11 9 10 5 18 6 8 10 20 17 7 4 9 11 17
4 14 10 7 4 1 4 11 4 4 5 3 1 16 15 1 1 7 1 14
25 47 42 28 34 18 43 57 29 41 23 32 30 52 53 34 35 36 25 50
13 25 19 12 18 10 21 17 12 19 11 14 11 29 20 8 7 10 11 25
21 21 11 4 22 18 19 14 14 23 15 6 10 17 18 7 8 7 9 29
16 46 39 25 24 18 38 51 27 45 24 35 33 46 46 23 30 28 27 42
6 2 1 8 12 3 12 5 10 8 1 2 6 11 8 2 2 2 2 13
18 36 24 25 21 15 28 21 18 16 14 11 18 33 33 11 4 17 17 39
22 28 18 17 21 13 24 19 20 16 14 8 10 19 22 13 13 14 12 33
22 36 23 27 27 16 28 27 20 22 8 4 13 33 33 16 9 18 18 36
14 21 10 10 10 5 19 21 9 17 4 7 10 22 15 4 3 13 11 25
24 42 40 38 34 20 51 51 38 51 10 40 31 55 49 27 27 35 37 50
30 41 30 28 20 29 48 36 30 39 17 29 26 53 36 10 22 24 37 46
12 21 14 9 13 5 17 12 3 11 4 7 8 10 12 6 7 6 8 20
43 83 71 69 36 49 70 71 52 54 47 35 44 67 81 47 48 60 58 78
22 24 15 7 11 20 20 26 15 25 14 10 11 30 25 5 12 15 18 28
2 1 2 2 4 3 7 5 2 11 1 3 7 8 3 1 1 2 3 7
53 68 55 59 52 44 78 68 48 71 22 49 52 67 68 48 52 41 63 67
38 73 57 51 37 39 72 65 38 59 30 53 46 66 69 40 44 43 54 73
33 31 26 15 33 31 32 33 19 46 15 22 20 49 43 16 20 21 31 41
11 11 8 9 13 9 14 11 5 14 4 7 8 14 13 6 1 10 8 18
12 14 11 6 11 5 12 4 8 5 3 6 4 10 9 8 3 1 8 14
13 28 18 18 19 15 28 21 14 22 7 12 10 36 32 16 11 18 13 41
19 43 34 26 18 21 36 37 20 29 16 28 22 49 48 25 20 30 31 44
28 60 48 33 34 35 43 57 37 45 44 32 31 70 68 26 26 48 33 64
11 12 8 3 9 5 12 8 1 16 1 2 5 18 11 1 2 1 11 18
46 64 40 24 38 37 58 53 36 53 30 41 24 71 66 37 42 31 35 65
22 25 17 17 24 22 34 28 24 35 15 13 15 42 31 15 21 5 23 38
53 75 53 53 39 33 71 62 49 38 35 52 38 65 69 37 47 41 52 68
51 65 52 48 43 49 63 50 54 61 23 29 22 66 64 34 28 41 48 64
28 55 44 41 26 27 54 55 30 41 26 37 38 63 64 27 32 41 48 60
48 66 48 45 52 38 64 52 31 45 30 31 42 55 65 44 40 27 48 74
15 19 16 4 21 10 18 23 11 25 8 15 13 24 14 11 13 7 8 18
17 39 39 26 22 16 35 39 29 31 25 15 24 33 36 27 30 19 21 42
24 52 43 20 18 33 44 45 30 50 27 40 28 53 53 17 27 27 29 48
18 30 28 16 21 13 26 30 6 26 11 13 25 32 32 11 10 16 24 33
34 40 27 14 27 24 28 31 22 31 24 3 20 31 29 16 17 11 23 37
15 8 10 5 9 10 12 9 6 17 1 14 6 17 13 11 9 7 14 12
20 50 41 32 34 19 47 39 32 45 19 38 29 56 53 23 24 21 25 47
14 25 17 15 13 5 26 25 9 14 4 18 16 25 23 15 12 15 16 23
29 54 43 25 20 22 32 36 27 34 27 25 17 40 44 21 24 27 26 41
10 11 5 4 14 6 10 11 6 8 3 5 9 11 13 9 7 9 5 21
23 47 38 23 38 24 55 51 32 54 15 40 33 59 54 33 40 19 27 60
36 64 48 35 34 33 59 51 33 51 28 40 41 57 61 25 37 29 41 68
33 72 66 47 35 33 66 72 39 55 33 62 49 82 77 52 51 52 54 69
41 51 33 26 33 26 51 43 31 42 18 32 27 59 50 26 30 23 39 53
15 28 18 14 19 9 17 20 13 7 7 7 7 23 29 18 7 18 5 28
12 13 10 8 6 8 20 17 13 22 5 10 11 19 5 3 4 9 16 17
17 44 34 35 33 9 49 48 23 36 18 37 38 35 42 24 29 37 32 45
7 2 1 1 7 6 9 2 2 9 1 1 3 9 4 1 3 1 5 14
15 23 12 9 17 6 13 9 10 8 7 9 6 19 17 10 7 3 2 22
10 24 18 10 8 5 13 24 6 13 8 8 14 14 18 5 7 16 9 18
35 51 33 36 40 21 45 40 26 33 21 39 25 55 48 31 29 13 29 38
23 36 28 21 26 27 31 30 18 28 21 7 24 34 34 13 9 22 24 49
6 4 2 1 4 6 3 2 2 6 3 2 1 7 5 1 1 1 2 6
16 36 33 19 28 17 32 44 24 41 18 20 31 38 34 26 26 20 23 34
18 21 14 10 12 11 19 16 9 15 7 4 9 21 19 8 9 10 12 30
11 14 11 9 14 6 13 9 6 9 1 6 6 15 13 5 1 5 8 10
27 57 44 21 8 23 30 43 22 28 22 29 16 46 51 25 28 33 24 44
44 64 46 39 38 44 67 65 42 58 34 51 44 62 51 41 50 37 55 62
45 83 57 51 47 47 77 76 52 67 49 53 53 82 78 39 49 41 53 83
32 36 26 20 21 16 40 35 16 31 1 28 8 44 38 25 23 15 27 34
15 13 7 3 12 4 5 14 7 13 2 10 6 21 21 8 8 6 8 14
9 11 12 10 1 3 12 12 6 12 1 8 5 13 7 8 4 4 14 8
27 53 39 24 16 19 38 40 23 20 23 22 16 45 53 22 22 31 19 52
14 21 11 5 8 6 16 7 10 11 1 9 4 20 15 4 6 3 4 24
6 13 11 2 9 1 11 15 1 12 1 6 7 14 11 1 1 4 7 8
44 68 51 54 35 32 66 59 36 42 18 53 41 72 64 41 39 42 50 66
51 74 56 56 58 47 68 71 60 60 52 35 36 85 76 38 39 54 43 77
29 69 66 57 28 36 64 66 57 55 48 42 45 68 63 44 49 47 49 67
9 9 6 4 5 10 12 12 5 13 5 3 8 20 12 2 3 7 11 14
52 75 50 40 33 43 53 58 32 39 44 35 37 56 66 35 43 40 51 67
14 25 21 16 18 9 17 21 20 20 14 14 6 39 29 9 8 8 9 20
1 8 6 3 1 1 4 6 4 9 1 7 4 12 2 1 1 2 2 9
46 53 45 29 37 38 58 51 51 60 22 33 33 64 50 31 40 13 38 55
13 34 23 17 18 9 22 32 9 17 9 7 20 27 28 16 12 21 13 40
28 36 24 14 29 16 35 31 20 27 16 13 18 36 36 20 18 12 20 47
11 10 7 5 12 9 7 10 6 11 5 1 9 13 13 4 4 6 7 12
48 67 41 39 36 40 61 52 40 49 34 41 36 64 64 22 36 36 40 71
23 33 23 7 12 11 22 30 9 17 10 13 9 31 37 11 12 18 18 36
19 20 17 10 22 18 13 18 13 27 15 9 12 21 18 10 11 10 13 21
19 40 33 30 27 14 34 33 35 24 21 24 15 40 41 32 24 28 15 44
41 83 69 47 59 47 76 73 48 69 45 61 58 82 76 56 58 35 52 78
6 9 10 6 4 9 6 10 1 14 5 3 7 19 11 2 2 8 10 16
5 12 8 6 15 4 15 13 7 11 2 13 8 19 21 7 4 8 2 21
47 75 49 49 42 38 72 66 47 54 42 46 32 64 71 42 52 44 49 73
52 76 61 51 56 50 69 71 52 57 47 35 38 71 74 62 54 49 45 76
14 17 7 2 13 12 13 13 1 13 5 2 12 6 13 6 7 7 8 22
35 57 47 41 31 32 53 49 43 51 18 44 24 69 65 30 26 37 34 60
45 51 33 23 22 29 46 41 33 40 12 30 17 49 43 25 32 19 33 49
38 44 35 21 29 36 45 42 24 49 25 27 24 51 41 25 27 18 37 43
44 81 64 59 40 48 72 78 61 62 45 46 45 87 80 47 48 54 60 73
31 49 27 19 15 24 38 41 27 30 22 18 13 33 41 19 27 19 24 50
20 26 17 14 24 20 17 24 17 27 12 5 13 32 30 11 5 17 13 30
24 41 23 14 14 19 37 42 32 26 17 19 15 43 40 25 30 24 21 51
5 4 3 2 5 4 3 9 5 9 1 7 4 11 8 8 5 7 4 10
12 12 6 2 19 10 8 7 4 18 7 6 8 20 14 3 3 4 4 15
37 63 51 38 49 29 53 54 40 43 39 36 30 56 58 52 47 37 29 63
40 68 54 49 58 41 54 57 41 54 41 31 38 70 63 45 37 34 38 61
30 45 23 22 27 18 29 36 12 14 23 19 20 35 42 22 22 20 21 46
40 57 36 31 34 24 50 50 47 45 7 30 20 54 52 28 25 31 28 54
6 12 6 4 5 1 8 10 4 3 1 2 1 15 12 1 1 4 1 13
31 47 27 28 32 27 44 34 28 34 27 25 20 44 42 22 23 18 23 47
9 14 9 11 10 9 16 10 11 12 4 7 11 15 10 1 6 4 10 18
12 23 12 11 11 9 13 6 7 10 8 6 8 18 16 3 1 4 9 20
5 20 15 12 10 1 12 7 12 9 3 9 6 24 20 5 1 2 7 19
13 15 12 9 14 13 8 12 10 19 9 11 8 17 15 7 7 9 9 14
49 63 50 37 31 49 54 56 47 40 32 33 25 67 64 41 38 46 49 61
16 33 30 18 19 12 16 21 9 20 17 13 13 32 36 6 4 14 17 30
20 24 20 19 13 12 21 16 9 16 4 19 4 26 29 18 12 12 15 22
32 62 46 40 27 34 51 53 40 38 26 24 29 55 59 32 27 44 40 61
12 18 13 10 7 5 15 20 18 18 5 13 9 27 15 7 6 8 11 16
7 6 5 9 9 5 12 13 9 14 1 3 8 18 10 3 3 5 9 14
34 58 43 39 38 26 53 47 21 36 28 33 41 46 55 21 21 33 35 63
17 18 15 10 17 17 11 10 8 22 12 5 8 23 18 4 3 8 11 19
25 56 52 31 26 33 50 58 21 54 34 38 46 51 57 26 40 38 48 60
21 40 27 27 27 17 46 51 30 39 13 22 23 45 45 20 20 33 25 49
30 59 54 33 48 33 59 64 30 64 28 39 49 66 60 41 41 35 42 66
18 24 19 10 27 18 36 25 29 34 11 19 9 34 29 16 18 8 13 35
44 65 42 45 38 29 63 59 42 35 31 37 24 61 67 47 42 37 40 66
15 52 41 34 17 20 45 44 32 38 27 33 34 51 44 18 26 32 33 50
40 59 52 51 39 35 55 54 41 48 11 34 21 66 65 43 26 43 45 59
26 45 34 22 11 18 37 39 34 32 21 22 16 45 41 17 29 21 30 46
3 2 3 1 1 1 1 1 1 2 1 1 1 1 1 1 1 1 2 2
42 71 48 44 43 29 58 67 46 43 41 31 37 61 62 47 49 45 36 69
46 55 28 23 23 28 46 42 41 37 23 28 8 55 55 23 28 23 33 54
13 13 7 9 3 13 16 12 9 16 5 5 5 20 13 3 9 5 13 21
12 23 14 14 19 16 28 16 19 24 4 15 6 36 30 8 8 7 14 32
13 11 5 9 3 7 17 11 9 13 1 7 2 19 6 3 5 4 12 12
12 5 4 2 5 11 8 6 4 13 2 6 2 13 6 5 7 3 9 10
7 24 14 17 20 13 11 15 10 15 10 6 7 34 32 8 1 12 7 24
32 42 31 19 36 25 40 41 12 35 23 30 31 42 46 32 31 18 31 54
31 43 24 22 20 17 44 28 26 29 8 26 14 46 41 10 16 10 26 44
1 8 6 6 4 1 1 7 1 10 1 3 6 14 10 1 1 3 1 11
33 34 12 20 36 17 35 30 25 29 11 20 15 41 32 22 20 11 19 35
30 52 46 28 38 24 56 50 30 55 15 44 33 52 49 36 37 26 36 53
28 54 45 38 20 26 42 49 36 32 32 16 18 55 52 26 29 38 30 53
21 42 32 28 16 16 35 32 16 22 20 14 22 31 35 18 18 25 22 42
7 5 4 1 5 4 8 7 1 10 1 2 5 10 4 2 1 5 5 13
42 57 43 44 53 37 54 56 40 54 22 28 42 68 60 31 27 35 44 59
36 44 28 20 23 36 37 35 28 38 28 12 26 53 48 7 17 18 33 51
20 34 28 15 22 18 25 30 16 29 20 11 22 23 27 15 17 19 18 34
10 9 7 4 6 3 8 1 1 5 1 2 1 11 8 3 1 1 7 11
11 11 8 4 15 8 8 11 1 15 5 6 13 11 10 1 6 6 7 13
22 34 23 15 21 15 41 34 12 28 7 22 22 31 33 16 20 15 26 41
58 79 56 47 41 53 71 59 47 61 47 40 35 72 69 40 49 36 53 77
54 65 50 41 44 48 62 56 38 63 19 39 25 67 68 39 34 38 54 61
13 22 20 5 13 12 13 17 4 22 12 13 8 31 25 4 5 10 15 23
10 17 16 13 10 3 16 17 15 15 7 13 7 16 17 7 5 12 14 14
26 48 44 25 20 25 44 53 23 41 21 35 28 48 50 31 31 37 36 47
24 34 24 21 11 11 27 22 12 16 6 19 8 36 32 22 17 16 20 32
39 67 42 33 36 29 54 55 32 38 32 39 38 63 61 38 40 28 33 68
8 21 15 10 11 4 8 15 1 5 6 7 9 23 27 7 4 12 4 23
7 19 11 9 14 3 14 16 14 7 5 9 3 26 25 1 1 7 6 19
20 32 26 19 7 20 28 30 17 24 20 10 15 45 32 4 10 20 28 32
23 30 20 20 20 23 31 27 11 27 16 9 22 31 29 11 14 17 23 38
10 31 26 19 14 13 22 26 14 25 16 9 22 25 27 5 12 17 20 32
33 68 55 50 49 35 70 64 36 53 41 55 56 67 60 41 43 41 45 73
8 15 11 6 9 4 11 6 4 8 6 6 1 13 10 3 3 5 4 16
9 13 5 6 7 2 15 7 12 10 1 9 1 21 11 7 3 2 3 20
3 8 8 11 6 1 5 4 6 5 2 1 5 19 13 1 1 2 4 9
8 25 23 14 7 3 18 18 8 19 9 15 10 18 19 7 10 12 15 24
42 70 46 45 33 37 47 54 29 36 46 26 38 48 60 30 37 38 40 68
48 65 55 42 52 48 64 69 47 73 42 42 43 70 66 31 43 49 58 66
39 56 46 24 45 45 51 59 33 60 31 27 30 61 67 38 36 40 42 64
29 52 31 33 17 9 43 37 28 24 12 30 22 41 47 22 24 26 31 42
26 40 26 19 21 18 40 33 15 34 11 28 22 34 39 17 26 18 29 47
53 74 56 36 36 48 63 69 43 52 40 47 30 78 80 49 52 52 51 77
25 46 29 25 25 13 38 38 19 17 19 30 27 48 46 27 26 29 20 52
13 25 17 13 19 10 20 18 16 17 14 8 13 22 22 6 8 9 11 30
47 74 56 47 41 40 63 58 42 46 37 54 48 66 69 43 43 33 39 78
22 34 15 13 24 13 25 22 22 19 12 13 5 39 34 13 9 14 9 37
36 67 44 42 49 25 59 67 35 39 39 38 38 67 68 55 53 36 32 76
4 11 13 8 5 2 3 9 3 8 1 1 8 9 10 4 1 5 7 12
16 35 27 22 19 13 19 22 14 18 17 8 16 23 31 12 12 21 12 34
16 23 13 8 12 10 10 16 2 19 7 1 13 20 18 1 3 6 12 19
30 34 14 24 32 23 41 30 23 32 4 18 9 42 37 25 15 12 24 40
36 58 43 23 29 23 49 52 36 33 27 36 26 53 50 41 44 26 28 56
66 73 54 47 43 48 69 65 46 70 31 46 25 74 71 42 50 32 61 70
9 15 7 6 10 4 15 14 6 7 3 5 4 11 15 5 2 9 3 15
21 55 44 36 21 18 48 53 38 27 32 28 28 47 56 35 38 45 31 52
8 17 15 7 8 5 10 6 9 9 6 11 1 17 16 5 1 5 7 16
39 75 62 53 43 46 62 70 40 57 57 39 63 64 65 41 52 42 55 75
36 60 39 29 28 29 46 46 28 35 29 27 24 48 54 28 34 24 33 54
8 19 20 15 7 7 11 12 1 8 10 8 9 19 22 9 4 12 14 18
45 57 39 34 30 26 46 49 28 28 25 30 24 43 44 38 41 19 36 44
46 58 37 33 43 44 67 60 37 53 31 40 37 63 59 40 49 32 45 73
35 67 52 46 40 36 68 62 43 57 28 42 48 64 70 35 45 38 49 77
54 81 53 45 44 43 73 79 43 63 46 55 50 66 70 50 63 42 59 75
21 43 31 11 19 19 31 43 15 28 24 15 27 30 35 19 26 30 24 41
41 53 36 36 41 30 47 39 30 46 22 24 33 44 44 14 26 21 36 48
19 30 16 13 14 17 22 20 6 17 11 11 17 34 26 8 9 12 17 35
19 24 15 18 28 17 33 27 28 33 9 19 16 35 23 11 12 16 18 30
5 5 2 3 8 1 9 1 1 4 1 3 1 8 6 2 1 1 1 10
21 31 15 9 17 11 26 26 13 23 10 13 21 24 22 8 14 14 18 30
48 74 58 49 26 40 72 71 50 56 30 41 38 71 76 29 44 50 50 79
13 19 10 5 12 10 16 9 8 19 7 9 6 23 15 3 6 1 6 26
26 35 25 30 24 20 38 24 35 27 1 26 10 42 39 18 15 19 20 34
8 20 11 9 12 2 10 10 2 4 6 1 10 15 14 5 5 6 4 26
37 62 54 48 22 34 53 53 34 42 38 26 30 55 62 29 29 42 40 61
49 64 49 44 34 44 47 50 41 39 34 25 17 69 69 36 31 41 44 62
6 6 4 2 5 6 4 3 1 3 2 2 2 6 5 1 1 4 3 9
12 23 21 13 17 1 23 18 11 18 6 19 9 19 17 14 13 9 11 18
31 45 30 25 32 30 39 22 24 29 16 21 14 41 45 24 15 17 21 44
7 27 24 11 12 7 17 19 9 22 11 14 18 25 21 3 6 13 14 25
12 20 12 13 18 4 23 16 8 15 1 15 10 21 18 12 8 9 9 23
59 77 64 49 29 43 72 72 55 62 30 50 31 73 76 34 49 48 53 72
6 12 15 3 8 3 7 14 3 12 5 7 8 15 13 5 1 9 10 10
8 9 7 7 8 3 12 3 6 7 1 4 4 10 5 4 2 2 7 9
40 50 37 28 36 28 43 50 34 24 32 23 23 49 53 29 29 38 32 52
6 11 10 3 9 6 6 6 4 7 4 2 6 14 10 1 1 3 5 10
15 31 32 16 24 21 26 30 17 41 20 25 22 41 29 15 19 19 20 28
3 6 3 2 7 2 3 1 1 5 1 4 1 11 8 1 1 1 1 8
41 51 36 30 23 32 40 44 36 39 24 19 15 53 50 21 24 29 39 49
2 7 8 8 7 1 5 3 4 9 1 5 4 13 11 4 1 1 3 9
30 35 24 11 26 23 35 37 15 32 20 14 26 32 30 17 22 19 27 41
45 69 48 40 54 37 67 55 43 56 31 55 38 76 73 48 49 25 39 75
5 6 5 3 4 6 9 8 1 16 1 2 5 17 7 1 1 4 7 16
27 54 53 39 33 23 61 63 40 54 23 49 39 52 50 31 41 38 42 52
9 16 8 13 17 7 20 4 9 11 2 1 5 21 15 7 2 5 6 29
18 34 32 21 20 23 35 32 16 32 22 19 30 37 33 21 19 24 31 44
10 18 12 9 12 1 5 10 3 5 2 1 5 20 21 6 1 5 5 18
57 67 50 46 47 44 60 50 30 54 32 39 33 56 65 36 43 31 54 63
28 51 46 28 23 19 43 49 28 39 23 29 31 38 39 33 39 24 32 41
46 82 62 43 53 37 74 76 38 56 39 73 57 86 80 59 62 45 50 81
44 58 45 52 30 41 63 51 37 49 20 41 30 70 59 36 30 38 50 59
41 50 35 33 26 31 52 38 30 47 14 34 18 47 47 20 24 27 40 45
13 18 7 4 15 8 12 7 3 12 6 2 1 14 17 3 1 5 1 24
26 54 48 19 31 30 42 42 28 50 29 35 29 46 44 25 32 23 31 43
48 63 50 55 45 35 68 57 36 47 8 46 34 69 70 43 35 47 50 67
47 54 37 34 38 43 48 48 41 54 23 14 21 63 57 29 23 25 44 53
55 73 63 36 47 48 70 61 45 60 40 52 43 69 73 42 45 32 41 79
36 72 53 55 33 37 56 58 37 40 41 41 45 63 64 44 43 39 51 61
30 41 27 20 25 12 34 32 17 23 8 31 14 45 44 22 19 16 21 39
36 65 55 50 45 26 61 59 38 42 23 36 31 59 68 52 41 48 37 67
6 9 9 5 8 1 7 6 3 9 1 9 4 13 7 5 4 3 5 7
25 27 13 10 17 12 18 7 11 12 8 12 5 19 20 13 8 5 10 20
31 36 18 12 20 15 44 32 25 34 7 31 10 41 32 21 23 5 26 38
38 62 52 31 38 37 53 47 32 53 29 29 33 51 60 28 33 24 40 61
25 47 33 30 18 14 40 34 36 25 15 20 12 37 42 19 19 24 22 42
2 8 8 7 8 1 6 9 5 10 2 4 8 10 11 4 2 6 5 11
50 64 42 35 47 33 63 55 50 55 23 45 27 71 61 32 39 30 34 66
5 16 16 8 6 5 5 16 5 13 7 3 9 10 14 3 5 11 7 18
50 62 52 45 40 39 48 53 40 53 33 27 28 64 55 31 33 35 48 53
9 25 23 25 22 9 29 25 24 20 4 19 10 35 27 24 13 19 10 29
27 40 31 28 29 29 47 47 34 51 18 15 31 44 35 19 27 21 38 42
8 23 26 18 10 10 14 19 10 21 12 13 19 22 21 6 10 15 21 19
10 16 18 7 8 8 11 14 9 18 7 12 7 20 14 9 10 8 13 20
6 10 5 9 2 1 12 11 7 6 1 2 2 13 5 1 1 5 4 10
17 40 39 25 29 22 45 47 32 46 31 28 31 49 37 26 31 24 29 46
41 64 47 32 28 30 50 46 28 35 28 37 31 38 52 34 44 21 32 59
29 45 35 28 43 23 51 41 41 40 15 27 13 50 47 37 25 22 23 51
6 9 8 8 19 6 13 9 10 10 5 8 4 17 19 7 1 6 4 13
13 31 20 13 19 16 15 29 9 22 15 8 18 38 37 6 4 19 14 36
7 12 7 5 16 1 11 8 7 14 1 9 3 17 15 13 4 1 3 13
9 10 5 1 12 3 11 11 6 8 2 4 4 11 12 2 1 5 1 15
6 8 6 4 5 4 7 3 1 6 1 1 2 7 5 1 1 1 7 8
40 64 52 31 41 26 66 71 56 61 30 47 34 71 63 34 46 31 31 65
17 20 12 10 15 6 16 16 13 16 3 12 12 23 19 11 9 5 12 20
40 57 45 40 43 35 50 44 38 47 19 22 26 55 52 35 27 29 36 59
1 6 5 6 5 1 3 4 1 7 2 4 4 14 10 1 1 4 1 11
37 80 66 57 40 43 66 66 47 57 39 45 42 78 81 35 27 58 51 71
40 62 43 43 45 36 65 54 35 45 34 32 49 54 54 45 48 32 41 71
38 58 40 35 33 25 41 49 21 26 29 30 37 46 58 24 25 33 35 56
40 44 29 12 19 28 44 33 30 38 12 34 6 39 35 28 35 8 27 44
49 64 40 40 42 39 66 49 49 55 22 26 33 65 57 30 38 22 41 67
20 37 33 26 24 13 32 38 28 31 15 22 15 45 45 21 19 24 25 41
32 50 36 42 25 25 41 31 25 31 19 18 17 45 46 19 12 27 35 42
32 62 59 46 46 37 63 62 42 63 38 50 43 64 64 48 51 41 48 60
24 51 44 23 28 26 39 38 26 39 32 22 30 43 36 21 25 24 26 46
41 55 40 35 47 34 50 47 21 51 32 37 43 56 52 30 33 16 43 52
31 48 30 22 20 30 34 42 33 36 30 14 14 55 51 16 21 27 30 51
7 17 16 4 6 4 7 16 8 16 3 11 10 27 15 6 5 5 8 18
18 20 11 6 11 10 14 13 2 10 1 11 2 23 29 10 7 7 9 21
39 62 48 36 40 41 61 60 60 68 34 39 28 74 61 31 42 29 37 61
24 42 40 35 27 27 37 42 22 42 30 29 40 42 39 9 22 32 35 43
2 9 6 5 5 2 2 4 1 3 2 2 3 10 11 2 1 5 1 11
11 33 31 18 7 4 15 24 8 16 15 10 19 19 24 7 9 18 19 26
25 36 24 14 18 17 24 11 19 17 9 18 1 33 38 14 8 10 10 36
5 10 4 6 12 1 11 3 7 4 1 1 3 11 8 5 1 1 1 12
10 22 15 13 11 4 20 23 7 15 1 18 12 26 23 13 10 14 9 24
15 21 19 11 17 7 22 16 9 19 5 17 9 21 12 15 14 7 12 20
6 13 15 2 7 6 6 17 6 14 5 8 12 13 15 11 5 13 10 19
36 45 38 30 24 25 45 46 34 40 17 36 16 56 48 28 33 19 36 35
42 63 58 44 29 45 63 67 40 52 31 56 43 72 70 41 48 53 63 62
41 61 50 38 30 26 54 58 34 39 26 35 32 58 57 35 38 41 42 62
33 48 33 21 17 30 34 40 31 33 30 9 8 52 47 13 23 27 28 45
28 32 15 11 12 12 30 24 9 17 3 15 9 26 26 13 13 9 21 27
9 26 18 8 12 10 20 21 10 27 11 20 18 22 24 4 9 16 13 23
31 53 43 33 33 35 56 59 41 56 30 33 30 68 55 24 37 31 43 54
48 53 36 21 39 33 42 44 30 36 32 26 27 51 47 31 36 20 32 55
29 44 39 25 20 27 31 35 17 36 20 20 28 37 38 26 25 18 34 39
25 36 24 20 13 12 24 29 16 17 10 15 13 27 34 15 14 19 21 25
34 67 49 36 29 24 58 59 37 34 30 38 34 56 67 30 38 44 35 66
15 21 20 10 19 13 13 17 13 25 11 8 7 28 28 9 8 8 11 26
12 34 32 15 8 20 30 31 20 39 17 29 28 28 26 11 24 19 24 32
47 73 53 50 53 33 61 62 38 49 33 52 47 72 77 45 46 37 47 69
45 52 32 26 42 32 63 51 43 54 17 43 24 60 51 28 40 22 29 63
11 12 11 5 6 5 6 2 2 4 3 1 1 4 9 3 1 3 6 13
17 31 22 9 16 17 27 27 16 24 16 21 16 30 24 17 14 19 21 27
22 27 20 14 12 16 28 30 14 30 5 16 18 30 25 17 19 14 26 28
35 49 32 14 23 27 42 38 33 45 20 25 18 41 49 16 30 14 28 49
11 10 10 5 9 9 6 4 1 13 2 7 2 17 12 4 3 2 9 10
31 48 35 35 33 26 41 42 30 32 25 19 23 56 51 30 26 29 31 52
36 65 54 40 27 34 57 65 41 54 36 38 30 66 66 37 46 29 43 59
31 61 46 48 35 29 57 54 42 48 27 42 33 68 62 24 34 41 41 60
38 72 50 53 41 45 69 68 31 60 36 52 58 74 73 35 42 47 58 74
25 34 29 16 14 14 22 27 15 22 10 14 8 33 31 16 20 10 19 28
5 27 18 20 13 7 15 20 10 14 4 7 10 25 29 12 5 17 9 23
10 22 19 20 23 15 24 22 17 30 11 17 16 31 30 9 9 15 17 22
22 34 24 22 29 16 26 18 14 26 8 9 12 34 36 15 5 11 17 31
9 12 9 6 12 5 13 11 7 11 2 1 10 12 11 6 1 7 9 16
13 20 19 4 14 7 9 21 10 18 11 6 13 17 16 15 12 11 11 25
7 10 8 8 6 1 9 9 6 8 1 7 5 14 9 4 1 6 6 7
10 6 4 1 7 11 11 12 5 18 4 8 9 14 5 4 7 6 8 17
20 25 21 10 14 18 25 30 9 25 11 12 21 24 21 18 20 15 19 33
56 73 50 44 45 48 66 62 40 54 30 31 40 66 71 41 41 36 58 72
33 57 45 40 20 23 45 53 29 29 20 26 25 48 51 36 31 40 35 53
10 17 4 4 15 4 13 15 10 11 1 14 1 30 28 9 4 8 2 23
4 21 15 17 12 3 17 11 17 7 4 3 1 17 16 5 1 8 4 20
50 66 48 49 46 52 70 56 58 59 32 22 33 66 59 40 35 29 56 74
17 27 22 22 27 16 25 23 18 24 5 8 14 31 29 20 7 19 14 34
26 46 32 23 24 17 39 39 22 30 13 22 14 42 49 30 28 23 21 49
8 14 16 10 9 6 11 12 2 18 3 9 14 10 13 3 6 6 13 10
10 19 17 8 8 10 23 15 11 24 5 19 11 26 17 5 6 9 17 20
13 24 16 9 11 10 23 26 12 22 11 8 14 24 16 5 9 14 15 28
41 71 62 49 50 37 71 70 54 57 35 60 47 72 67 51 57 49 46 69
62 77 46 34 30 45 67 66 44 42 31 48 31 67 71 53 60 36 45 83
15 20 10 3 26 6 18 21 5 23 6 11 13 22 20 6 7 5 7 25
10 23 21 11 16 3 22 20 8 18 8 14 11 17 18 8 9 13 12 25
15 23 17 8 13 3 16 13 8 8 8 4 6 9 14 11 11 5 7 18
41 74 61 47 40 42 66 65 24 58 34 55 45 68 76 45 50 50 57 72
57 83 62 36 38 47 74 77 39 62 30 51 45 69 76 48 57 51 61 86
38 64 56 29 33 40 60 63 42 64 41 45 41 52 51 44 57 25 53 59
25 42 32 24 18 19 21 27 21 12 28 2 7 35 41 17 11 25 15 39
11 32 18 13 1 5 21 23 13 18 7 17 12 31 29 5 14 15 16 34
38 54 45 35 24 27 47 52 24 34 20 28 28 52 59 27 29 38 40 58
35 55 45 29 44 34 45 40 38 45 25 24 24 54 60 27 22 25 27 64
37 51 32 16 28 22 48 47 22 39 14 24 26 44 47 23 31 23 33 58
52 75 65 49 46 43 66 69 43 59 34 45 38 77 76 44 43 45 52 73
27 37 26 20 39 21 32 29 22 32 20 21 22 41 34 28 26 12 16 43
34 54 40 35 34 31 50 41 35 48 18 32 21 56 60 20 24 25 34 54
9 7 1 1 7 2 9 1 1 5 1 3 3 4 2 2 1 1 1 11
20 41 36 34 34 18 36 34 32 35 20 29 26 50 44 34 26 20 22 42
29 44 27 18 20 23 38 35 23 39 15 27 22 41 41 15 28 17 23 47
2 17 11 16 2 1 14 15 6 9 2 5 8 12 15 1 4 9 9 13
32 75 68 59 53 31 73 71 48 51 30 53 46 75 74 58 44 47 45 72
41 76 57 32 34 35 75 73 39 65 33 51 44 70 68 35 50 34 51 76
20 48 45 25 25 28 58 54 43 55 28 42 27 63 49 24 38 28 36 52
55 72 51 38 48 40 65 57 45 50 34 34 38 70 73 41 41 32 44 79
9 24 15 11 10 1 16 17 8 9 3 8 10 16 18 8 6 11 7 23
52 66 52 35 40 45 59 56 43 55 28 46 28 76 72 40 45 39 47 68
45 76 61 46 53 41 75 74 42 59 41 57 60 64 63 58 61 44 56 68
14 28 23 22 22 21 26 21 15 21 19 8 16 36 32 9 4 19 18 31
32 40 27 20 23 21 36 40 30 29 24 2 20 35 30 24 28 19 27 46
55 73 51 31 31 47 65 52 36 53 33 41 38 54 68 30 43 25 46 74
7 15 11 5 9 5 8 12 1 12 3 2 9 14 11 1 4 1 7 13
38 64 59 37 25 32 56 56 37 42 30 40 31 53 56 48 50 38 36 64
14 11 6 4 13 8 10 3 1 8 3 1 5 7 7 6 5 1 6 14
24 30 21 18 18 17 22 22 15 21 11 12 15 28 32 19 15 8 18 31
1 5 6 3 1 1 3 4 5 3 3 1 2 3 3 1 1 3 1 7
39 56 37 24 49 23 49 52 31 41 22 42 30 55 58 40 37 25 27 59
22 35 21 21 12 22 48 35 34 42 10 33 17 42 41 14 25 17 29 44
45 49 23 28 36 37 45 33 30 37 27 31 19 55 52 34 30 12 35 57
22 30 25 15 30 18 22 26 22 30 12 15 18 34 29 25 19 9 17 31
46 61 52 39 49 34 65 65 51 52 29 52 37 69 63 46 47 34 49 64
1 11 7 13 6 1 11 7 8 11 1 3 6 16 10 3 1 1 5 10
20 33 30 12 28 24 29 37 10 34 25 21 28 34 37 20 21 26 21 38
37 72 54 51 28 40 69 75 44 57 44 42 49 73 73 27 41 51 61 76
33 49 30 29 26 34 43 42 14 32 34 28 38 52 45 23 28 28 38 53
7 13 14 6 7 6 10 13 3 14 5 4 9 14 8 2 1 9 10 16
39 59 44 29 37 32 48 53 30 39 35 18 31 44 55 36 39 35 35 61
5 4 4 1 1 3 6 6 1 11 1 3 3 10 1 1 1 1 7 5
6 7 5 4 13 7 8 7 6 10 4 8 7 14 13 1 1 1 5 6
52 64 45 44 36 42 64 57 56 55 28 36 16 76 72 39 36 40 43 67
13 24 14 11 15 4 25 25 22 17 9 16 8 34 30 8 9 15 12 30
35 63 50 42 47 32 60 62 45 52 33 30 30 60 63 49 42 36 27 64
8 11 10 3 8 5 7 11 6 8 7 1 6 7 8 4 5 9 5 16
21 46 27 22 24 26 38 31 16 25 26 27 27 46 42 17 20 19 25 46
50 75 55 43 40 37 59 62 36 45 45 32 42 60 62 47 50 22 44 66
30 49 37 29 28 21 32 38 21 29 23 22 25 38 46 25 25 29 28 48
8 9 12 1 8 12 7 14 6 16 10 6 13 11 10 1 5 11 11 14
8 5 1 5 5 5 13 10 9 9 1 3 1 20 12 1 1 3 8 13
16 19 11 7 18 11 18 19 11 21 8 10 15 14 12 13 13 10 8 22
14 27 20 14 24 8 13 13 13 17 13 5 7 23 27 7 5 8 5 28
47 64 43 37 28 37 52 53 41 34 25 28 17 64 64 43 38 38 38 65
17 43 36 21 10 21 36 39 21 36 26 15 28 37 35 9 26 21 30 43
28 48 30 30 33 20 46 45 28 38 21 29 32 43 48 17 25 26 31 49
1 9 8 1 1 1 5 11 1 9 2 5 7 13 6 3 2 9 2 11
38 46 30 34 43 41 56 45 45 61 19 35 25 70 54 18 25 30 38 60
63 78 60 38 39 47 71 65 56 60 38 45 36 64 65 48 59 33 51 70
58 72 55 40 52 43 58 62 36 49 40 38 43 60 70 39 43 36 52 67
10 16 6 4 9 1 7 8 1 3 1 2 3 11 10 5 3 3 1 16
47 76 51 57 41 40 77 60 44 49 24 45 30 69 78 36 40 38 52 77
22 37 34 17 16 22 31 28 14 22 25 14 18 34 35 20 22 23 25 38
9 7 5 1 8 3 8 5 1 11 1 4 4 10 3 5 3 1 4 10
40 62 50 34 35 37 54 53 34 37 39 24 39 46 58 44 43 38 35 67
19 30 29 17 12 14 21 25 9 22 11 9 17 18 23 15 17 6 22 20
16 22 16 7 13 8 12 17 4 16 7 7 12 14 15 13 10 6 9 21
14 18 13 13 18 16 17 17 11 27 11 9 19 18 21 4 12 10 18 21
1 6 10 2 1 3 3 7 1 9 4 1 6 8 1 1 1 6 5 8
32 56 40 34 42 34 57 54 37 47 29 38 35 67 55 38 40 31 37 57
25 53 46 38 27 20 46 48 18 35 29 35 35 45 46 31 36 24 34 45
26 71 63 44 33 41 70 70 52 65 44 42 42 72 68 42 48 48 45 76
21 32 18 8 25 12 31 34 11 30 8 20 25 27 31 13 15 16 16 37
44 78 59 58 48 54 73 68 36 58 39 55 55 64 76 58 55 54 58 76
16 16 10 12 17 11 18 7 10 10 4 5 3 24 21 10 4 7 10 27
52 59 46 32 41 41 60 50 54 43 25 26 21 60 56 45 41 26 36 62
46 79 67 57 51 41 71 65 46 56 36 48 48 68 78 44 45 43 51 78
