1000 20 13 1720
23 16 5 1 3 7 13 14 0 7 4 5 3
8 9 2 6 8 10 8 7 3 4 3 3 7
12 3 2 16 14 2 6 20 1 13 5 9 15
12 20 2 3 1 14 3 9 0 11 2 15 7
5 1 0 1 5 4 4 12 5 1 3 10 8
4 5 5 5 1 4 8 5 7 4 2 7 2
1 8 5 3 2 3 1 0 1 13 1 9 1
13 8 3 4 13 3 16 10 9 2 9 6 2
0 6 5 5 11 0 4 3 2 6 9 2 4
6 11 10 8 7 1 6 13 8 15 9 5 19
9 4 1 6 2 8 4 3 6 13 3 2 1
1 5 1 3 4 4 3 1 3 1 2 3 2
3 1 11 4 5 4 6 9 6 9 0 24 2
5 10 12 3 4 7 3 12 0 8 0 7 7
2 6 7 0 6 5 20 10 18 1 6 1 4
7 3 4 3 1 8 2 2 3 5 1 1 0
4 5 11 8 7 8 4 9 4 11 4 16 9
10 12 11 2 13 6 1 1 2 21 15 8 4
2 1 1 2 9 8 0 2 22 15 23 6 4
13 12 1 10 1 7 9 10 12 21 4 2 6
7 3 6 5 2 6 8 26 1 7 4 0 4
1 0 2 2 1 1 4 2 6 2 4 2 4
4 19 18 11 6 1 8 1 7 1 2 7 11
3 6 2 6 2 8 2 4 8 8 9 9 4
16 7 8 2 4 8 6 18 0 2 3 5 7
2 14 13 11 8 12 8 3 8 5 2 2 11
1 6 6 8 1 4 2 4 0 5 12 1 7
3 1 0 0 3 3 1 0 1 0 2 8 1
8 2 6 5 1 10 20 12 5 6 10 1 3
5 5 2 7 1 3 12 0 8 12 7 2 5
6 1 9 14 2 4 7 5 3 5 3 3 0
5 1 8 3 5 2 2 2 11 2 2 8 3
6 11 6 1 18 8 6 9 22 4 1 12 11
0 1 1 8 5 5 18 5 4 8 4 2 4
5 7 5 5 6 2 7 6 3 10 15 1 3
12 12 1 5 2 8 1 10 5 10 7 0 4
16 6 10 1 7 5 11 5 4 1 14 9 3
15 1 3 17 8 7 5 16 3 12 1 2 4
3 5 3 2 4 10 4 26 10 7 11 1 4
6 5 1 7 9 5 4 16 12 2 2 4 2
2 4 5 1 1 4 3 4 4 11 7 5 2
7 4 2 2 1 6 6 1 2 3 0 1 4
5 6 3 2 6 2 2 4 2 2 1 11 3
4 1 1 7 2 1 2 2 1 1 2 6 2
4 2 5 2 5 5 0 1 1 1 10 11 0
5 1 2 16 3 0 3 6 2 3 2 8 9
7 9 9 5 1 8 2 8 11 0 5 1 3
17 7 12 4 7 11 3 6 7 2 2 15 10
16 5 9 18 9 4 1 9 3 6 16 8 5
4 1 2 5 6 1 5 4 2 3 8 1 2
1 3 18 6 12 15 10 2 6 11 19 9 13
2 1 11 5 6 15 14 8 11 0 11 3 10
7 8 3 19 4 7 6 2 2 2 2 5 9
5 5 2 2 7 0 3 7 0 3 6 5 1
12 4 6 3 6 4 13 4 3 11 9 5 18
2 5 1 7 1 6 2 5 1 1 4 1 6
4 13 4 3 4 14 11 1 5 5 20 14 13
0 6 8 4 16 3 16 5 5 1 4 7 3
4 2 7 7 8 2 2 1 2 4 1 0 2
16 2 7 13 12 5 3 0 7 0 2 16 10
0 1 2 1 1 2 1 1 5 0 3 9 1
8 10 8 3 12 5 16 5 5 9 10 10 9
17 1 6 11 15 13 9 5 9 2 10 6 9
8 9 8 7 2 8 12 4 6 7 7 2 21
2 3 2 4 6 1 2 6 6 1 3 8 3
2 4 2 1 4 3 4 3 3 4 2 0 2
9 5 1 5 3 2 16 3 1 4 7 1 7
0 2 1 3 0 1 4 6 2 7 2 5 0
3 1 3 3 4 0 7 0 4 6 3 5 4
7 2 15 1 3 3 1 14 6 0 13 3 10
6 6 11 11 10 4 5 9 6 4 1 2 1
5 1 5 4 6 5 6 6 3 17 2 2 5
9 15 3 6 2 21 3 10 4 6 3 6 12
2 4 7 1 4 2 19 19 10 3 17 9 9
6 1 1 6 3 1 1 1 1 5 3 3 4
8 0 2 8 1 3 1 4 2 2 12 2 5
8 4 1 14 5 6 2 2 14 7 8 0 1
6 1 9 7 7 6 6 13 8 12 1 1 4
13 2 11 12 15 1 14 16 15 3 2 6 0
11 13 8 2 1 0 0 10 3 4 18 1 11
5 3 3 10 9 12 6 7 14 12 1 17 3
6 11 3 4 12 14 8 3 11 23 3 10 0
5 3 1 3 1 1 6 10 2 4 6 2 11
7 5 7 3 5 3 3 11 5 14 7 1 4
7 1 12 10 16 5 16 7 2 7 2 11 0
2 21 0 1 9 4 7 0 5 20 11 10 1
10 3 8 1 3 3 0 3 3 2 7 5 6
3 3 0 2 4 4 4 3 2 7 5 4 3
3 11 7 5 22 4 20 6 9 4 1 9 7
9 4 9 14 7 5 4 15 3 16 6 11 3
4 0 10 3 7 3 2 1 8 5 1 6 6
4 5 17 3 11 0 5 3 12 16 12 10 1
6 13 3 3 0 8 7 0 4 13 6 2 11
9 4 8 1 10 7 0 8 7 7 14 7 5
3 27 13 10 9 6 0 1 7 6 8 6 13
6 15 2 13 2 7 5 3 8 1 10 17 4
7 16 13 4 10 1 10 5 3 12 0 9 10
0 4 2 1 9 8 7 1 1 4 2 3 7
10 7 5 3 10 2 14 3 10 1 7 12 2
2 1 23 5 3 3 4 12 4 17 12 3 18
8 6 25 12 16 2 1 8 2 7 6 14 5
5 12 1 2 1 5 10 3 3 6 10 13 0
8 0 9 11 3 10 7 4 4 9 3 9 17
4 1 1 12 9 24 8 2 3 7 4 8 2
8 4 4 2 11 4 9 3 5 10 4 0 2
4 4 6 3 6 21 14 10 2 1 6 9 7
0 5 3 0 2 2 1 6 3 7 3 6 8
3 0 1 5 8 2 0 0 1 4 0 12 7
3 0 2 4 5 3 5 0 3 1 0 3 2
5 4 6 0 4 4 4 0 4 1 7 6 0
3 7 3 17 10 10 4 3 3 12 5 1 1
1 3 3 3 5 2 3 3 1 4 2 2 3
2 5 1 5 0 1 1 1 1 4 6 2 2
7 1 2 1 6 3 7 0 17 22 4 9 13
1 10 9 21 5 17 6 9 7 11 10 2 7
0 4 1 1 3 6 5 5 3 2 12 15 3
9 16 9 15 7 7 5 2 7 13 12 11 11
7 4 1 10 14 10 3 12 14 13 7 6 4
11 14 4 4 5 18 2 16 2 8 9 18 10
4 4 3 5 2 0 0 1 3 4 3 4 1
1 14 5 12 5 7 19 14 12 4 1 4 5
9 6 2 2 4 3 9 2 2 4 6 4 2
26 4 2 2 8 1 0 0 2 12 4 5 2
5 7 2 10 5 15 4 13 12 11 13 12 1
4 10 0 4 1 2 4 0 6 8 7 7 9
6 7 6 12 3 10 6 4 11 9 1 15 21
6 2 2 2 6 5 5 2 5 6 3 1 7
9 9 18 11 11 9 2 7 17 3 0 7 14
2 3 4 0 9 7 5 4 8 6 3 4 8
11 6 15 9 3 3 12 6 10 8 8 10 12
9 2 3 0 0 3 4 6 2 1 4 0 3
5 16 20 2 9 8 10 4 12 8 15 7 7
6 9 17 3 3 6 13 4 6 3 5 12 8
3 5 3 1 1 3 1 1 15 9 6 4 3
7 10 3 6 2 10 10 7 9 4 4 4 8
12 3 7 9 3 3 8 5 2 5 3 2 3
12 5 2 13 0 1 9 14 14 3 2 5 4
4 12 18 10 11 6 5 1 10 5 4 12 3
6 2 8 4 7 11 6 5 5 9 1 12 19
1 0 1 2 1 0 10 1 3 2 5 1 1
2 1 3 9 0 12 2 2 2 0 4 1 2
1 7 1 1 2 4 2 2 5 1 1 5 1
8 6 12 5 5 10 3 12 6 8 2 13 25
4 6 9 8 7 6 9 0 3 12 14 6 1
4 1 9 0 4 3 3 4 2 6 3 4 1
3 3 1 3 5 1 3 8 5 4 4 0 4
3 1 3 2 4 1 2 1 1 7 0 4 2
3 2 7 4 1 9 1 3 3 7 2 4 6
4 1 4 25 7 0 13 10 8 10 3 19 4
5 7 3 2 4 4 2 2 2 0 1 1 2
4 5 11 5 0 2 7 2 5 1 9 5 5
1 9 3 6 5 8 2 0 4 2 1 1 4
5 6 3 7 4 0 10 2 4 9 6 3 1
8 3 9 10 1 4 7 3 23 10 11 3 21
0 6 6 4 4 2 5 7 3 4 2 2 6
3 6 2 3 1 6 4 0 3 1 0 6 2
5 17 23 12 1 9 3 5 16 4 4 9 4
2 21 6 12 16 12 10 3 4 2 8 5 7
1 3 2 3 3 1 0 4 3 6 3 5 1
7 1 0 0 5 11 9 2 0 6 14 2 4
0 6 0 3 4 14 3 10 5 9 9 0 0
2 7 1 3 9 3 7 3 1 4 1 5 1
18 4 4 6 14 6 15 5 8 2 2 9 4
12 0 16 4 1 1 7 11 7 9 6 7 3
14 6 12 12 12 7 10 8 1 13 4 5 13
3 6 1 2 13 4 6 3 1 4 17 3 7
1 9 8 0 7 14 2 2 14 3 9 12 2
0 0 13 23 15 4 1 2 7 7 7 5 9
4 0 10 1 4 3 2 4 2 5 0 3 3
12 2 9 10 12 0 12 17 4 4 12 2 2
12 10 3 6 9 4 10 0 7 3 6 16 6
4 3 1 6 1 1 0 3 1 0 4 5 1
3 4 9 6 10 5 1 7 11 4 5 0 8
3 0 3 3 1 4 1 0 7 4 1 3 4
10 14 21 6 2 5 5 2 6 3 8 4 1
4 1 1 4 2 3 5 3 4 6 1 4 1
3 3 9 6 7 13 14 5 4 0 10 9 2
3 7 3 15 5 11 5 7 4 9 4 22 10
6 4 1 2 2 4 2 1 2 3 2 0 5
1 1 1 2 3 3 6 5 1 7 1 5 5
4 5 5 5 3 3 2 2 2 4 5 6 0
6 3 14 13 1 7 19 13 4 9 14 11 7
4 4 4 0 19 2 5 4 9 1 1 3 9
9 1 14 10 12 12 17 13 5 7 9 9 15
6 13 7 1 1 12 5 1 14 4 1 20 16
5 4 4 1 0 3 7 2 4 2 5 11 4
5 15 1 3 2 14 5 18 8 13 5 7 4
2 10 4 1 2 5 0 2 0 5 4 6 1
8 9 6 14 19 12 1 6 8 1 3 4 7
0 13 4 4 8 3 6 8 1 10 5 17 3
0 16 11 4 7 1 5 7 3 3 4 0 4
9 5 12 20 5 9 2 6 14 5 10 8 3
1 3 8 1 6 4 1 1 5 4 1 2 9
3 1 11 11 6 12 2 2 7 10 13 1 9
11 0 7 1 7 3 5 0 1 5 8 4 0
2 3 2 0 6 2 14 8 3 5 7 5 8
5 8 0 3 7 2 2 3 8 6 10 14 15
7 5 7 0 4 3 7 2 5 5 2 1 2
12 11 5 8 10 2 4 16 1 8 2 11 2
7 2 3 5 6 1 1 2 1 14 2 1 6
1 0 1 4 11 3 8 6 2 2 3 3 4
8 5 11 9 1 16 3 12 10 3 12 1 1
5 2 3 11 1 0 6 2 7 0 4 1 3
5 3 11 14 19 6 14 5 1 5 5 10 6
2 10 15 3 3 4 2 3 11 2 1 8 14
6 6 11 6 3 15 5 13 16 5 4 5 3
0 3 8 3 4 3 8 4 7 2 3 2 9
9 4 0 2 4 7 5 9 8 1 7 10 3
11 5 4 6 17 6 9 9 5 11 15 19 10
10 5 0 2 4 8 4 11 14 7 12 1 0
10 0 8 9 2 3 18 4 19 9 0 23 0
2 7 5 5 5 1 2 0 5 1 1 2 3
2 10 9 5 1 1 12 11 17 3 2 10 2
18 1 10 8 6 2 17 5 5 5 16 7 2
0 13 11 19 14 5 3 14 11 9 10 1 11
3 5 4 7 21 15 11 4 18 7 16 7 0
7 2 14 5 5 16 15 2 7 4 7 7 9
3 3 4 3 1 4 1 4 3 3 2 8 1
7 3 4 14 9 2 1 9 1 3 1 22 4
1 5 3 2 0 2 2 5 3 0 4 0 4
5 6 3 1 2 1 4 0 4 3 0 4 8
2 7 1 3 6 1 1 7 4 4 1 7 3
4 6 7 1 3 2 8 0 5 1 2 10 1
20 3 3 2 1 12 12 11 6 21 7 4 0
25 2 9 5 8 14 0 7 5 5 1 4 3
2 4 9 9 4 4 1 3 8 3 2 1 4
1 3 6 2 2 5 1 1 5 3 1 2 2
4 2 0 2 6 2 2 1 2 7 0 6 1
8 0 5 9 4 3 3 1 4 0 4 2 4
6 18 0 10 5 11 11 18 10 4 5 10 5
6 7 8 4 9 4 6 25 2 3 9 2 8
0 7 2 3 5 6 3 3 1 2 3 2 0
6 5 2 8 18 3 8 1 5 8 9 3 13
0 3 3 8 7 6 3 2 7 0 0 5 4
3 13 8 19 3 8 21 5 3 8 6 4 11
3 13 3 8 3 29 4 1 9 10 10 5 10
8 5 3 0 4 0 5 5 3 1 5 6 11
4 6 1 9 4 4 2 9 16 1 13 12 1
9 11 13 5 18 2 13 0 3 8 11 5 9
23 2 5 7 10 16 10 4 10 5 3 4 12
4 6 2 4 7 3 1 6 2 0 6 4 7
5 10 4 26 6 0 11 4 14 5 10 7 8
3 7 6 7 5 0 9 7 2 13 2 6 11
6 20 9 11 0 8 1 4 0 2 8 11 10
2 0 1 7 2 4 0 6 2 4 2 2 4
7 2 4 15 3 9 8 6 7 1 3 0 7
8 10 10 7 5 13 6 2 10 17 10 1 10
6 13 18 0 4 18 2 1 13 1 10 6 7
5 1 5 4 1 3 3 1 2 4 6 9 6
0 8 27 5 6 5 0 6 15 3 17 2 6
0 3 0 4 3 2 1 1 0 0 1 10 6
4 13 13 7 0 12 1 1 8 5 3 0 21
1 2 7 0 0 21 11 15 5 2 7 9 7
3 6 10 2 6 4 2 0 17 0 14 7 11
8 7 2 11 6 1 2 3 2 1 3 6 4
4 0 6 0 0 1 3 3 2 5 1 6 1
15 7 3 2 12 5 2 7 20 8 5 6 2
8 1 11 5 18 6 8 16 1 1 17 5 6
0 11 30 0 7 4 2 6 3 9 9 12 6
16 15 3 7 8 16 8 1 7 7 13 1 8
5 3 4 4 6 7 1 2 1 3 3 5 1
3 1 4 7 8 4 12 3 1 1 6 0 3
1 13 7 10 6 5 12 15 2 9 10 7 15
11 8 5 10 10 4 20 22 10 3 5 2 3
0 9 1 2 0 4 0 11 11 8 7 6 3
0 9 3 5 4 7 8 1 2 3 8 8 4
1 10 6 14 6 5 3 8 6 0 6 1 9
3 2 3 4 7 0 5 0 1 2 0 4 4
6 1 9 2 9 12 4 7 10 7 3 1 11
1 1 6 1 2 5 4 3 3 3 7 5 4
8 2 3 0 7 1 15 5 6 9 1 11 8
5 4 3 8 6 12 3 4 5 5 6 4 1
18 11 2 4 3 3 3 2 12 9 3 16 2
4 0 3 2 2 7 2 6 1 7 6 4 10
2 3 10 7 3 1 7 7 2 8 8 4 2
7 4 1 3 3 8 6 6 1 13 5 1 4
4 8 6 0 11 2 2 2 14 9 18 11 1
12 2 9 4 7 1 2 8 5 1 3 12 8
12 7 6 5 4 7 11 7 6 2 10 4 7
10 8 6 8 1 10 10 18 1 4 1 8 9
5 0 21 2 1 1 3 12 9 10 4 6 1
6 6 15 4 10 0 12 5 10 11 9 15 11
1 10 4 13 3 15 11 8 1 9 1 0 8
6 7 6 2 1 2 3 3 5 3 3 1 0
0 2 4 5 2 4 9 3 8 0 0 1 0
2 9 0 1 4 7 4 7 3 1 6 7 1
7 4 1 10 5 4 5 3 2 1 1 0 5
6 2 4 5 2 1 2 6 2 0 1 0 3
3 5 5 14 1 2 23 9 5 0 10 5 4
0 0 6 4 0 6 1 9 1 5 2 2 5
10 7 3 9 0 7 2 8 10 4 4 4 2
8 8 6 7 2 2 4 4 3 5 3 4 11
1 8 5 6 9 14 12 6 4 4 2 2 1
5 8 12 2 8 6 10 1 1 8 7 9 1
4 0 0 5 2 2 7 11 3 4 1 0 11
16 3 13 2 3 4 4 10 9 1 8 8 3
2 6 0 3 0 2 3 4 4 2 1 1 3
4 0 5 7 4 10 2 3 0 0 2 3 2
5 7 10 5 4 6 11 4 3 9 4 14 19
2 11 3 3 5 4 3 3 6 5 4 1 11
1 5 7 2 7 0 2 2 4 1 4 3 0
11 2 7 17 11 23 5 5 3 13 7 10 2
12 4 14 7 1 6 0 4 9 14 11 23 12
2 6 2 10 15 2 3 15 4 11 6 4 14
12 5 11 3 11 4 7 4 6 11 3 0 5
8 25 9 7 9 5 2 9 4 1 9 2 2
1 18 0 3 15 0 8 0 15 2 0 7 6
0 3 1 1 1 2 0 6 4 3 6 3 1
7 6 4 6 3 1 9 5 3 5 4 6 4
16 9 15 2 7 3 3 1 9 4 4 2 5
5 3 2 5 3 1 3 3 0 0 1 1 4
8 0 0 2 3 3 3 3 3 0 7 7 3
5 12 1 7 7 8 3 3 4 5 3 5 4
23 6 4 9 9 1 8 14 6 10 16 7 1
1 4 0 6 7 3 4 2 2 0 6 3 1
10 1 12 0 15 16 0 12 4 2 5 15 5
3 5 0 6 2 3 1 6 3 0 11 4 2
1 1 3 2 4 4 0 6 9 0 1 1 1
5 1 4 7 1 1 6 0 5 7 0 1 5
6 8 14 14 10 16 16 7 10 4 6 10 10
2 4 6 10 10 4 7 2 3 5 2 1 6
0 2 13 5 2 10 1 1 8 9 1 14 4
1 3 6 4 3 0 1 0 3 5 5 9 1
19 11 2 1 10 11 9 4 3 0 2 6 5
1 6 5 2 4 5 3 9 6 3 2 0 4
10 2 2 4 5 0 6 3 1 1 4 1 8
24 15 11 4 3 10 4 3 1 2 7 8 4
23 3 11 5 11 11 1 24 0 3 5 2 7
2 6 4 10 7 9 3 5 0 7 4 1 1
5 10 2 6 4 5 5 5 1 6 3 3 1
4 6 0 4 1 3 1 11 0 6 1 3 1
7 7 7 5 2 4 8 2 15 1 12 4 4
1 3 2 4 5 6 5 1 3 9 2 0 3
2 3 1 3 8 2 2 0 2 0 1 2 2
4 5 0 1 2 3 2 0 3 1 1 0 9
12 7 10 3 8 2 4 5 0 9 16 4 9
2 0 4 3 4 8 0 2 9 8 8 1 0
14 12 0 3 6 14 10 6 9 8 14 18 13
1 6 1 5 1 5 5 1 8 1 5 7 1
3 7 6 1 5 0 6 10 6 1 2 10 2
10 6 14 4 3 1 7 19 4 0 11 7 9
5 2 9 5 1 0 5 6 1 2 5 15 10
6 2 4 6 6 13 12 2 11 1 0 6 2
7 4 3 5 4 6 3 14 1 3 6 0 3
4 1 6 6 3 8 4 1 7 8 0 2 8
4 10 2 4 7 4 5 12 2 6 8 4 7
2 3 9 13 11 2 3 8 0 6 8 7 1
6 10 9 5 2 8 5 10 2 4 6 5 17
5 4 1 1 0 2 0 6 0 7 0 4 1
8 5 20 10 2 0 0 7 18 3 0 5 13
0 0 5 0 2 1 1 8 3 1 0 2 2
6 9 8 14 3 11 8 4 14 4 6 7 12
12 1 14 1 4 5 2 11 7 10 10 3 1
3 0 18 7 9 4 10 4 12 11 9 4 24
1 2 1 5 12 6 10 2 3 1 1 7 1
0 8 3 1 6 2 2 10 5 12 1 2 5
11 1 8 3 11 8 3 15 10 6 9 5 8
6 5 14 7 6 3 13 2 10 16 9 15 7
9 13 4 11 7 14 1 1 9 4 6 8 1
3 6 9 4 6 9 3 3 3 1 2 1 4
7 11 0 7 2 1 0 6 2 2 2 4 10
8 13 2 0 0 2 8 3 1 3 1 2 5
10 10 16 3 2 2 6 2 2 2 7 5 2
10 1 4 2 2 5 10 22 7 12 11 7 7
4 2 11 2 9 24 17 12 2 11 9 6 5
1 4 7 10 0 1 9 1 10 7 4 2 3
6 9 11 25 7 8 10 8 10 6 14 12 1
0 4 1 4 0 4 6 2 10 8 1 2 4
2 9 7 7 5 18 8 13 3 3 5 5 3
13 12 6 4 3 16 2 15 12 11 16 0 7
2 3 5 1 2 1 4 3 4 11 1 2 3
1 8 4 4 2 8 3 5 2 2 1 3 9
4 4 6 0 6 3 5 1 1 1 11 0 1
14 2 4 12 13 12 5 22 5 12 13 3 6
3 20 9 0 1 6 10 4 13 6 13 10 7
0 1 4 7 4 0 2 1 2 3 4 3 3
3 0 1 0 2 0 1 8 13 3 3 4 9
9 2 6 2 12 11 3 2 7 3 5 13 10
15 5 17 3 1 6 7 4 18 14 4 1 8
2 12 1 4 16 8 8 2 11 1 1 8 14
11 1 8 4 1 2 4 7 2 11 3 3 2
1 2 1 3 2 4 2 3 6 1 5 1 3
10 0 1 2 7 1 7 12 17 8 3 8 11
8 7 12 6 5 0 5 4 5 11 13 11 8
2 2 1 7 4 3 1 0 0 5 0 0 5
8 2 2 4 14 3 12 0 5 7 2 11 12
3 11 4 7 1 3 2 8 6 2 1 10 3
1 4 10 0 0 8 7 6 7 4 9 8 2
5 8 2 11 4 7 3 2 3 0 4 6 0
3 7 15 14 11 4 6 1 7 13 3 8 3
0 6 5 11 3 10 4 0 10 0 1 12 2
12 5 2 12 13 3 10 5 8 8 8 3 3
1 10 0 5 2 4 5 13 17 13 4 6 0
0 1 3 0 2 1 1 7 4 1 3 3 9
24 3 5 12 6 11 8 2 9 2 11 5 5
16 19 7 10 9 2 13 3 1 4 8 10 12
1 5 12 7 3 12 8 7 1 1 5 4 5
9 9 5 3 13 10 16 7 0 11 1 8 11
1 6 3 17 3 20 2 17 11 2 10 3 9
4 9 1 11 9 1 3 12 5 19 22 7 1
14 5 2 9 13 8 0 4 3 7 3 2 8
8 13 5 1 6 13 5 1 20 10 11 20 9
1 8 2 1 7 3 0 4 5 0 2 5 1
4 1 0 8 3 2 4 4 12 1 2 4 5
12 11 6 13 5 5 7 5 8 1 15 2 5
1 3 6 1 1 3 16 3 4 2 12 8 4
4 3 11 11 20 9 1 24 1 5 11 1 10
3 1 2 2 1 1 2 2 5 0 2 1 7
12 17 3 2 1 3 0 4 13 8 10 4 12
1 1 7 3 1 11 4 4 3 5 7 7 6
11 3 1 15 3 11 10 9 2 23 4 0 10
2 2 2 2 3 1 3 1 6 3 2 4 4
11 4 2 1 6 1 4 9 3 3 0 10 3
5 5 0 5 4 17 3 16 1 5 8 9 4
0 10 7 12 5 8 5 5 13 7 1 14 0
6 4 2 3 3 3 9 0 2 6 6 4 4
13 5 5 2 11 16 4 9 2 16 2 12 7
3 2 9 17 4 9 2 14 9 6 3 6 1
6 0 3 2 4 1 7 5 2 7 5 4 5
11 7 8 8 1 7 15 15 5 15 15 7 4
17 9 7 0 3 2 2 6 10 2 9 20 2
0 5 1 2 6 11 4 1 14 11 5 8 2
2 9 14 9 8 5 11 6 2 1 1 0 11
0 2 4 3 2 4 2 0 3 6 4 8 0
3 13 3 17 4 13 5 8 10 1 5 3 12
2 3 0 1 2 7 5 22 7 7 4 1 4
2 3 7 3 1 2 0 1 0 2 1 4 5
3 5 1 9 4 4 10 5 2 1 8 4 5
1 2 8 10 1 7 3 1 3 14 14 4 9
6 1 6 0 3 0 1 3 0 4 0 2 3
13 12 1 8 3 8 10 2 5 13 17 1 7
5 1 5 3 6 5 4 3 5 1 2 2 4
6 6 6 5 1 2 10 4 1 3 7 12 5
2 2 2 6 1 6 1 7 1 4 4 1 4
3 1 10 3 5 2 7 3 11 13 15 12 4
10 2 4 0 6 3 7 11 2 0 1 3 3
0 9 13 6 1 16 5 7 4 2 12 9 4
23 7 7 2 4 15 2 3 8 1 11 4 5
2 2 4 1 1 14 0 10 11 10 13 8 7
0 8 0 3 9 13 1 4 13 3 13 12 9
3 3 0 2 3 12 5 2 3 0 2 3 2
1 13 4 8 7 3 9 4 1 1 13 12 8
3 5 9 1 6 5 5 7 6 17 0 10 12
9 5 2 3 12 2 1 5 6 19 6 16 5
12 15 11 1 4 7 3 0 16 6 17 4 14
6 9 5 3 1 5 19 17 5 16 2 14 18
3 8 7 10 3 3 2 10 0 2 4 6 3
4 6 3 8 2 0 2 26 13 2 6 6 16
1 1 2 1 2 0 13 3 11 15 2 9 15
2 23 3 1 2 4 6 0 1 6 13 1 13
4 1 5 4 5 2 3 3 1 0 6 0 1
2 2 0 2 0 5 4 1 2 2 2 2 7
6 8 3 6 4 2 3 7 4 1 2 1 11
3 1 11 2 11 3 3 1 11 1 5 1 2
6 11 3 21 0 2 1 2 7 17 10 3 5
17 1 6 1 13 5 13 7 2 7 2 3 2
9 5 1 3 2 3 2 1 4 0 2 2 2
4 8 6 2 2 5 19 0 17 2 3 1 21
2 9 5 5 2 1 0 6 17 4 13 6 6
0 4 1 3 3 1 0 1 1 4 1 2 8
3 5 6 1 14 1 3 4 3 3 2 5 2
4 2 3 1 5 1 0 4 0 3 5 0 0
6 2 2 4 2 1 2 2 6 3 1 0 3
17 14 3 5 1 1 20 1 8 3 12 15 12
3 8 4 10 5 5 2 16 3 8 7 5 3
2 3 1 4 7 3 3 7 5 1 0 3 9
17 7 12 3 6 5 12 2 7 4 13 5 13
6 3 5 4 4 3 1 1 1 2 4 1 4
13 4 4 3 6 4 5 5 2 5 11 5 2
0 3 4 3 2 2 7 1 4 1 8 1 6
4 2 5 9 4 1 6 1 12 2 0 1 2
0 0 10 19 10 3 6 3 1 6 2 16 4
12 15 1 6 4 1 3 9 4 1 24 1 12
3 1 5 1 5 5 4 1 0 6 0 5 3
4 10 11 4 6 12 6 1 5 5 2 1 1
3 3 2 1 1 3 2 3 7 5 11 5 7
24 8 1 16 0 11 10 13 5 13 5 3 9
2 2 7 3 5 9 7 8 1 8 3 1 2
10 2 2 5 1 8 5 11 11 19 11 6 8
11 3 2 2 4 12 7 4 2 6 2 2 2
14 14 11 2 8 8 14 3 8 9 3 3 4
4 5 4 5 14 3 5 1 10 7 3 4 7
5 7 6 8 8 6 4 17 0 1 11 4 3
2 4 0 2 8 4 2 1 3 4 4 0 3
1 1 2 9 13 10 15 13 10 2 10 0 7
6 9 10 4 12 2 2 1 6 3 7 0 2
13 7 3 6 2 11 4 5 5 8 3 12 7
1 2 11 15 8 1 0 4 6 2 16 5 4
7 13 4 4 6 3 1 13 13 10 9 6 1
9 15 4 1 9 2 1 0 2 7 8 1 2
8 1 11 8 5 3 2 0 12 2 5 5 2
2 6 0 0 6 8 3 7 10 3 2 2 4
11 13 15 17 7 4 0 4 4 9 11 0 4
2 1 1 6 3 3 1 5 6 2 6 9 2
0 0 4 1 2 2 2 3 2 4 2 9 1
3 8 2 4 10 6 0 7 8 2 14 8 8
6 2 4 6 2 4 4 1 4 6 17 8 8
1 19 7 5 2 2 1 4 6 2 15 13 8
4 3 5 1 8 8 2 1 3 1 10 6 5
3 1 13 5 8 9 6 1 3 7 1 16 12
4 2 2 3 3 2 3 2 8 0 4 0 1
5 1 4 19 5 8 6 9 1 12 2 7 6
3 1 3 1 7 6 9 0 6 10 2 5 1
1 8 3 2 11 1 18 2 6 3 12 3 1
10 2 0 1 9 10 0 3 0 1 5 1 1
3 3 1 2 6 1 0 5 2 3 2 1 1
0 2 1 13 2 2 1 12 7 1 6 9 0
7 2 3 2 1 2 3 2 6 1 6 1 3
0 21 9 2 4 1 5 4 7 4 6 9 17
16 8 8 0 6 6 9 1 9 11 6 1 2
3 2 7 6 3 6 3 3 16 15 4 1 5
7 5 13 4 1 13 7 1 7 4 5 3 11
1 7 6 1 0 18 4 15 13 3 6 5 14
0 2 4 3 2 4 4 4 1 3 2 6 1
3 1 10 5 1 6 18 13 21 0 13 4 5
19 7 2 8 9 6 1 8 3 9 5 0 4
2 13 11 13 1 11 12 9 11 8 7 4 13
3 8 7 3 4 8 4 9 5 1 2 3 14
1 4 7 6 0 0 0 3 0 2 0 1 2
3 10 4 11 9 4 3 3 8 10 8 9 2
8 5 10 2 8 1 0 7 9 1 20 6 6
11 2 5 2 6 22 14 4 7 9 0 21 2
1 9 2 10 10 6 12 7 7 8 1 5 11
1 3 1 5 1 5 3 6 0 5 6 3 19
7 22 16 1 5 9 2 9 5 8 19 3 6
7 3 6 6 1 4 1 13 6 6 14 5 3
5 9 1 1 7 0 8 1 4 9 2 9 1
5 6 8 12 6 10 1 3 0 22 11 3 3
0 2 3 11 8 10 5 7 1 3 4 13 2
4 9 11 3 1 3 18 1 1 2 12 3 8
2 11 17 17 5 7 17 1 15 8 9 3 3
7 1 1 8 1 12 2 12 5 4 19 5 10
5 8 5 4 1 17 1 5 5 8 10 11 12
18 0 3 8 1 10 0 23 0 18 2 5 1
12 10 1 1 2 5 4 6 15 6 4 1 3
4 3 2 2 2 3 0 3 0 3 3 5 6
6 1 2 4 2 4 3 0 3 0 4 4 3
3 4 1 3 1 2 4 6 3 1 2 1 0
3 9 7 14 6 2 7 10 5 12 7 2 15
8 5 12 2 1 1 9 3 14 5 12 12 3
5 1 9 0 11 3 2 14 6 8 3 5 3
1 4 4 2 3 3 6 0 1 8 7 0 7
6 3 1 8 6 18 14 23 5 1 6 4 1
8 1 1 3 0 17 1 10 16 1 2 2 16
2 5 2 8 8 4 4 9 2 2 7 3 0
2 0 3 7 8 2 4 2 0 1 1 1 6
5 10 9 1 2 4 0 3 13 3 9 0 7
6 11 2 7 7 19 8 6 9 12 1 15 6
10 1 6 1 11 2 5 1 2 2 6 4 2
3 6 4 20 9 16 11 2 2 9 0 15 2
3 9 16 6 7 8 9 10 10 11 9 2 9
4 3 1 13 5 5 0 12 8 12 1 6 10
5 5 2 4 2 8 1 13 1 3 2 1 2
3 5 3 4 1 4 3 3 6 8 0 4 2
10 5 0 4 3 9 2 3 5 18 10 7 1
4 9 8 5 5 4 4 12 10 4 6 3 0
2 1 0 6 2 5 1 7 5 1 4 2 5
2 12 15 8 0 1 8 2 13 5 4 6 6
4 6 11 10 18 0 0 7 3 1 5 6 13
18 4 18 2 4 2 3 12 2 15 12 6 13
8 3 6 14 8 2 0 1 4 8 0 10 13
12 5 12 15 0 9 4 9 17 11 1 11 0
9 5 7 3 2 6 7 1 1 4 4 1 4
4 10 9 3 2 3 1 6 4 5 1 0 1
2 2 0 3 4 3 7 2 6 0 8 4 1
5 5 10 6 3 3 1 8 5 5 18 8 5
2 2 15 8 17 8 5 7 6 11 18 2 8
6 6 2 5 9 6 4 4 5 3 5 11 16
13 1 2 2 3 5 0 3 5 0 4 0 5
0 3 2 3 0 1 5 11 9 2 5 3 2
0 1 4 0 2 4 2 5 0 11 10 9 17
2 12 6 3 7 3 4 3 1 6 3 3 3
4 2 6 1 4 3 7 1 1 13 9 8 9
6 6 1 6 4 4 2 3 5 2 3 1 6
1 6 10 6 8 5 7 6 0 3 4 1 7
16 4 1 4 2 10 8 13 14 2 4 3 10
14 3 6 4 8 1 6 4 10 2 16 9 8
3 2 9 10 7 6 10 2 2 10 3 2 8
4 4 1 0 3 7 0 1 6 6 1 5 4
7 7 6 2 1 6 17 5 4 9 5 3 3
4 4 3 3 10 11 5 16 0 5 1 2 4
1 3 5 1 9 1 5 4 1 4 0 2 2
4 0 13 10 1 3 6 4 12 2 7 10 8
11 2 2 2 3 3 2 0 3 11 10 4 7
5 11 4 7 21 7 1 6 5 10 1 0 1
3 15 6 1 9 3 8 3 2 3 15 9 7
3 2 1 6 21 21 9 3 1 13 14 8 7
5 8 15 10 2 3 11 4 5 14 3 18 2
6 1 5 0 1 4 12 2 2 2 2 3 5
3 1 1 0 7 14 1 2 2 2 1 0 7
13 9 2 3 9 3 3 2 2 8 3 4 8
1 4 7 2 3 3 9 7 2 3 0 3 1
7 1 7 0 0 8 1 5 11 6 0 1 2
7 6 0 6 5 16 12 9 13 8 6 12 7
2 4 0 8 1 2 1 4 6 7 0 6 1
6 2 3 5 11 4 0 1 2 1 5 2 3
12 6 6 8 5 0 4 0 0 5 5 4 7
3 0 7 1 2 3 1 8 2 0 2 6 7
7 3 7 2 8 3 9 4 10 13 9 1 3
2 2 2 0 3 9 2 1 1 0 2 7 1
6 3 7 4 1 10 5 3 9 16 6 6 6
1 8 1 1 7 2 5 4 4 3 4 6 2
13 2 0 1 5 2 3 2 1 6 9 4 7
5 10 6 13 8 3 1 4 0 5 3 2 3
4 5 3 3 8 2 7 7 5 5 12 11 14
9 6 4 4 10 7 4 8 7 2 4 7 0
15 2 5 10 7 1 5 9 4 8 13 2 3
1 9 7 8 5 8 0 15 3 12 10 9 2
4 5 7 15 9 6 2 1 5 18 5 5 6
2 1 2 8 9 2 7 10 18 16 14 1 6
1 7 6 14 6 7 10 1 6 4 14 7 5
25 6 3 10 2 0 4 6 10 6 15 8 17
5 3 1 1 4 3 4 2 2 2 2 4 5
2 4 10 7 3 7 3 6 6 3 4 3 12
3 3 1 1 5 2 16 8 18 4 1 3 6
5 3 4 2 8 3 2 3 1 7 0 8 5
4 0 7 2 4 1 10 3 6 4 0 1 2
5 14 19 10 0 9 1 3 3 4 17 10 18
0 9 33 7 3 10 11 6 2 2 9 0 5
3 4 1 1 1 5 6 2 1 2 4 3 1
4 2 3 1 3 3 1 0 1 2 5 6 3
1 7 5 0 10 5 23 11 19 2 8 4 2
26 2 1 1 10 10 5 7 6 1 12 3 5
1 6 8 16 5 1 4 1 3 14 14 9 1
9 1 7 7 6 11 9 5 1 8 5 1 5
1 0 22 12 2 2 1 4 10 1 13 3 9
4 2 7 12 9 0 8 2 3 2 10 4 14
20 4 16 1 2 9 2 6 16 16 3 6 4
5 9 4 5 5 2 6 3 6 4 3 1 0
1 0 3 2 2 2 5 1 2 6 1 4 4
4 0 8 0 6 4 4 6 4 5 7 11 8
10 2 0 10 2 12 8 8 8 8 9 5 24
2 2 5 4 5 1 5 7 1 8 1 4 1
11 4 5 10 9 3 10 10 6 16 15 7 5
2 5 3 1 2 1 2 4 4 9 1 0 7
0 2 12 0 11 1 1 2 1 4 1 5 5
16 5 4 0 5 4 7 10 3 1 2 7 4
6 7 0 0 3 12 6 6 3 0 15 6 2
1 1 5 2 3 3 2 0 3 4 2 5 11
2 14 9 20 6 9 6 6 6 10 8 2 7
12 7 21 9 2 0 3 2 19 11 13 10 4
8 4 14 3 2 1 2 2 6 1 8 6 6
13 4 1 22 8 11 1 9 8 2 5 1 4
0 16 2 14 7 14 3 21 4 3 6 7 6
24 10 6 0 6 4 8 8 4 4 16 17 7
8 8 10 17 8 5 6 10 0 5 5 2 11
3 5 10 3 3 18 4 7 8 0 20 10 3
3 2 1 5 3 5 2 2 1 3 0 1 6
3 9 6 14 1 4 4 4 0 14 3 21 3
4 8 1 8 3 11 5 3 4 6 3 5 16
4 11 14 6 5 1 9 9 20 6 11 8 12
8 7 5 5 5 15 2 2 3 9 11 8 4
2 4 21 13 22 2 4 6 14 8 2 5 3
3 2 21 9 10 5 1 2 4 6 7 9 16
2 2 0 2 7 10 0 1 1 1 8 3 8
8 7 20 9 7 1 24 1 8 1 8 9 4
9 0 7 11 11 15 3 14 12 2 3 16 9
2 16 1 5 10 3 8 1 9 4 3 1 3
10 4 2 5 3 0 0 3 3 3 2 2 6
14 0 11 1 2 1 10 1 5 1 5 9 3
10 1 1 2 13 5 1 4 3 4 2 11 9
5 1 1 9 17 12 3 8 1 9 7 15 7
3 7 10 3 16 5 7 15 17 18 3 2 5
14 12 0 11 11 4 5 3 17 12 11 6 3
7 14 5 8 15 2 3 17 5 10 20 6 12
8 15 14 9 1 6 1 11 5 5 1 13 6
3 4 3 13 6 7 8 9 1 12 10 3 6
5 1 3 0 1 0 1 2 6 2 1 4 3
6 7 2 18 0 5 1 6 0 3 17 8 6
4 5 5 2 3 8 6 4 2 2 1 1 0
12 7 4 12 7 8 19 9 10 12 4 14 8
6 8 8 3 0 5 10 10 0 1 4 1 11
3 5 5 0 22 7 6 9 6 18 14 4 2
0 0 2 2 1 0 3 2 2 4 7 2 3
10 7 2 2 4 0 7 7 10 4 5 2 4
1 3 3 4 0 4 11 15 7 4 14 5 6
1 4 3 6 4 10 8 2 4 1 1 11 1
2 1 1 5 6 0 7 5 0 1 5 4 7
1 10 5 11 8 5 4 7 2 4 9 3 4
16 13 3 4 1 4 10 10 3 2 4 7 3
10 1 2 2 1 16 5 5 16 7 3 6 0
2 4 4 2 4 2 8 7 1 6 2 5 4
0 7 6 2 10 6 4 6 5 4 13 1 9
5 4 6 17 5 5 2 5 1 6 1 0 4
9 2 6 1 6 3 7 9 3 8 9 6 1
4 7 0 2 2 7 9 2 3 6 2 6 0
1 1 8 2 6 9 9 9 16 0 26 2 9
8 10 4 16 4 2 3 4 3 8 4 12 6
4 2 7 2 3 5 3 5 8 2 3 3 7
5 17 2 8 8 6 7 10 11 15 19 1 2
5 4 3 1 6 3 2 2 3 5 6 9 17
1 2 9 1 5 15 5 10 9 0 3 4 9
9 3 2 7 8 2 4 8 16 14 9 15 1
1 6 0 3 14 7 3 0 11 4 5 3 5
3 2 12 16 9 2 10 6 19 13 4 8 15
8 10 4 6 7 7 9 5 2 3 2 3 5
8 4 0 16 6 3 20 0 1 8 1 22 7
2 7 2 1 6 5 0 2 1 3 1 3 3
6 9 0 2 6 12 1 11 9 4 6 2 7
3 3 16 9 4 14 15 4 7 5 7 7 21
10 0 0 10 0 2 4 4 4 5 3 2 2
0 9 10 1 0 1 11 9 0 13 15 9 7
2 4 3 12 0 2 3 6 5 10 9 1 0
1 0 5 4 6 3 2 3 5 0 5 2 1
11 0 2 6 15 11 1 10 6 10 8 1 20
3 0 6 7 6 2 7 1 8 5 3 3 6
7 7 10 1 3 6 1 11 1 3 9 13 3
9 0 4 8 4 5 4 1 13 9 7 0 8
10 0 4 9 2 4 1 11 12 5 9 7 7
11 10 20 6 5 2 22 8 1 2 5 16 1
1 2 9 2 8 1 2 3 1 8 0 2 2
14 4 2 5 1 6 5 2 8 7 3 10 9
10 10 11 1 21 1 15 10 10 5 4 2 16
5 2 9 2 4 10 6 6 6 11 5 16 0
5 5 14 5 5 3 16 4 10 6 8 18 10
15 12 18 2 17 13 10 7 2 5 11 7 8
2 7 1 2 5 1 1 2 5 1 3 4 2
17 3 7 11 0 9 5 2 13 3 3 6 17
3 3 7 6 0 7 8 4 4 3 10 3 4
3 3 6 0 5 0 1 0 7 8 2 3 1
9 3 6 7 5 11 4 2 3 9 19 17 7
7 5 5 5 9 3 4 5 12 9 6 0 4
12 4 7 4 16 2 10 5 1 7 20 15 8
7 3 4 10 2 5 7 5 1 6 1 1 8
7 0 12 5 6 2 2 10 8 5 10 4 4
14 3 0 1 1 2 1 6 3 2 1 5 4
2 8 6 0 16 4 1 8 2 0 7 6 8
15 1 12 4 3 1 8 12 3 6 6 10 5
6 3 3 1 5 10 4 2 10 4 3 0 2
13 4 6 1 5 10 9 17 2 0 21 11 14
4 2 1 4 4 7 7 2 3 0 2 1 2
1 6 6 7 2 4 4 6 2 4 2 2 2
4 4 3 1 3 5 14 1 2 1 1 4 2
6 7 6 2 2 0 5 13 4 1 2 10 3
2 6 4 1 3 1 5 5 1 5 0 4 5
5 3 2 0 2 3 1 4 2 1 3 4 1
0 1 2 3 4 3 8 2 3 3 4 1 6
1 2 2 7 8 4 7 9 2 3 11 2 2
2 15 3 3 5 8 4 8 13 2 3 1 3
3 5 11 9 4 9 9 9 2 2 6 5 3
3 8 1 2 3 9 4 0 1 0 1 9 6
7 2 6 3 0 5 2 1 2 9 1 8 1
5 6 1 4 0 2 8 4 2 3 3 16 13
7 10 5 3 3 4 1 9 7 0 5 3 1
11 8 6 1 15 1 12 3 1 5 5 10 2
1 14 7 21 10 12 2 5 16 0 0 1 3
5 13 6 4 5 8 12 8 15 0 4 2 4
5 3 8 1 3 3 8 3 6 13 4 7 8
3 5 2 4 4 3 3 3 0 1 2 1 3
1 11 8 15 1 1 4 18 17 13 16 4 8
1 6 8 17 1 19 15 8 4 4 1 6 2
7 0 6 8 24 2 7 3 3 12 6 12 3
1 9 10 4 3 9 6 10 18 7 9 12 1
13 0 13 8 0 6 1 12 14 1 1 10 9
4 1 11 8 19 4 10 1 13 12 4 13 18
1 6 2 1 2 2 6 7 10 2 0 2 1
4 5 1 6 10 7 9 13 2 27 6 11 9
10 8 12 9 9 3 5 8 12 7 15 11 15
1 3 3 3 1 4 0 2 4 1 1 6 5
9 4 1 3 0 1 1 5 5 4 6 10 5
4 7 5 6 17 9 6 1 4 24 4 9 1
2 3 0 6 5 0 10 2 0 11 1 1 2
9 11 6 3 6 3 2 16 13 1 2 0 11
3 4 6 9 5 1 6 4 2 11 5 4 2
2 2 16 13 0 4 3 10 2 8 2 4 4
3 4 2 6 2 2 0 8 10 1 3 9 1
5 10 18 1 0 14 18 7 1 1 15 4 18
6 4 17 7 5 3 2 1 3 5 4 16 5
1 5 4 1 0 2 3 3 0 2 5 6 2
2 4 5 6 3 13 4 3 10 13 0 13 10
4 10 3 12 7 1 4 5 11 12 2 15 6
8 5 5 8 4 5 5 4 1 5 6 7 7
11 3 19 4 5 6 11 10 16 15 1 3 4
8 9 3 5 2 7 2 16 0 7 4 2 4
10 8 7 12 22 4 0 7 13 0 7 11 14
1 11 5 0 3 3 3 4 3 0 1 1 5
5 12 15 2 1 11 7 2 3 1 4 11 7
4 4 9 2 1 0 7 3 6 4 1 0 9
5 13 9 3 5 1 2 10 8 13 5 4 0
1 0 10 1 4 2 1 3 0 4 7 9 7
5 15 11 14 2 2 13 14 17 5 0 10 1
2 32 4 1 6 19 9 4 2 4 3 2 4
6 21 5 4 12 23 4 2 11 3 9 6 11
2 1 4 0 0 2 1 1 1 2 3 3 7
1 2 17 0 6 5 26 6 8 2 3 5 10
16 3 1 9 6 8 12 5 1 7 3 9 3
2 2 1 1 0 11 14 3 22 1 6 17 11
7 1 3 9 0 8 7 0 2 8 2 2 3
8 7 7 11 0 3 3 11 6 10 7 4 8
5 11 2 12 6 5 5 6 15 4 0 10 7
6 1 17 4 4 11 4 2 15 17 9 1 2
3 4 3 1 2 11 2 13 9 12 7 6 2
1 3 8 5 5 9 6 0 5 2 8 2 3
7 3 6 5 3 2 11 5 4 5 5 8 9
6 0 4 1 14 7 7 13 12 9 3 13 12
5 17 17 15 1 6 0 7 15 1 18 9 2
2 2 0 4 10 0 2 3 6 2 4 1 2
1 6 10 5 18 2 3 8 5 1 5 14 15
1 12 1 2 0 9 6 19 8 1 16 11 10
1 0 2 7 1 1 3 7 4 3 0 4 2
10 5 1 2 16 4 1 11 21 10 9 8 14
2 6 1 8 9 8 3 7 3 10 4 7 8
3 4 13 17 1 3 17 13 1 10 4 12 6
1 3 2 7 8 1 17 1 4 0 2 2 5
10 20 10 10 10 13 6 2 12 19 3 2 5
2 2 2 4 3 3 1 0 4 1 18 5 11
3 2 12 5 4 16 4 10 0 20 4 0 5
1 2 5 3 3 4 1 7 1 3 4 1 1
2 7 3 3 0 10 3 3 9 2 2 2 14
4 10 1 12 11 4 8 7 19 7 3 19 3
2 12 7 2 2 9 10 6 11 8 6 7 3
5 5 1 3 4 1 0 5 6 5 4 3 2
8 9 10 8 9 6 6 12 2 7 6 5 4
7 4 1 2 7 4 4 5 1 4 4 11 9
7 4 3 17 2 7 1 7 3 1 3 7 7
7 6 9 1 0 8 1 8 2 1 2 0 1
9 6 1 3 7 13 8 1 1 5 11 10 2
5 15 12 4 14 1 11 5 12 2 7 13 1
16 4 18 8 21 2 4 10 13 6 11 3 8
4 5 4 19 17 5 3 11 5 6 9 3 10
4 3 7 12 11 15 12 1 1 14 10 8 4
1 5 3 0 7 7 7 3 6 2 2 5 3
10 0 3 18 2 4 13 3 7 8 3 1 1
0 1 3 4 4 2 3 0 5 2 1 4 2
5 5 8 12 4 12 5 2 14 7 14 3 7
1 1 2 1 3 4 2 3 6 2 0 1 7
7 7 5 12 9 24 3 3 2 24 6 0 4
2 0 7 4 1 6 9 1 4 13 4 11 14
9 6 5 5 12 10 7 4 5 5 7 11 0
9 12 10 8 6 10 7 6 2 10 4 10 7
1 2 8 6 7 5 4 12 5 0 4 2 2
3 6 7 2 5 10 8 8 3 1 6 2 18
0 7 11 5 4 12 3 5 3 3 3 1 5
3 1 1 5 10 2 1 5 11 0 2 5 6
11 2 2 4 1 5 4 1 1 0 3 2 5
9 2 4 3 6 9 18 4 5 10 14 2 5
12 10 11 2 8 6 9 17 10 10 1 6 5
20 8 12 2 9 1 4 12 5 4 5 6 3
7 7 1 9 15 7 2 8 6 15 5 1 2
5 4 7 8 6 6 0 5 4 7 6 8 8
2 1 1 3 9 5 10 9 5 12 7 2 6
1 5 6 1 2 6 2 1 1 4 2 1 1
3 1 0 3 4 3 5 2 5 4 2 0 8
1 4 4 1 0 3 0 5 0 6 0 0 1
6 2 0 12 10 5 9 2 12 3 3 5 4
2 7 1 1 8 4 2 6 5 1 12 2 1
8 13 19 0 2 7 0 11 4 9 10 13 3
4 0 4 3 0 3 1 2 1 4 5 7 4
6 1 3 5 3 4 6 1 0 9 6 2 6
6 1 3 2 5 0 2 1 3 1 1 6 5
0 20 5 8 5 8 1 18 10 2 3 8 1
9 4 11 6 11 25 19 3 5 14 1 1 2
18 7 5 4 6 2 6 1 24 4 3 5 2
3 5 1 4 4 1 3 4 1 5 0 1 1
7 16 0 14 13 1 9 13 3 6 6 17 17
2 6 8 10 7 5 2 1 2 3 16 1 8
10 1 4 1 5 6 3 1 7 9 3 0 7
6 14 8 8 11 8 2 7 4 4 9 16 4
0 5 11 5 4 14 0 7 3 5 4 11 5
3 12 13 16 7 18 3 12 3 1 12 1 3
1 7 11 15 14 0 12 9 3 5 3 13 3
8 15 14 8 19 2 1 7 6 3 18 6 3
12 5 9 3 5 10 13 7 16 7 11 0 1
5 9 10 4 21 1 2 6 8 2 4 5 4
12 4 6 3 12 2 9 4 5 13 8 1 9
13 3 18 8 5 14 1 1 10 1 2 2 14
1 2 2 7 11 0 2 5 2 1 9 2 3
2 2 0 6 1 2 2 8 9 3 1 7 0
5 1 4 3 2 4 5 5 4 1 14 0 5
6 9 2 2 0 4 2 8 3 4 10 5 0
14 0 1 3 4 12 3 17 9 1 10 4 5
10 1 3 3 2 1 0 4 5 2 1 4 0
4 2 12 8 10 1 5 0 9 1 9 8 17
3 2 4 5 0 3 0 4 6 4 7 6 2
0 2 5 3 2 3 1 2 6 2 4 1 3
2 11 1 0 1 14 3 11 11 7 6 8 1
17 6 16 10 7 10 13 3 13 4 7 8 6
1 1 6 6 8 8 0 18 15 21 3 6 9
7 9 7 0 14 6 6 11 4 6 8 6 0
8 9 2 11 3 12 13 7 16 8 11 12 4
4 1 1 1 0 3 8 2 4 6 0 2 2
5 4 4 9 14 6 3 10 12 4 11 5 3
5 3 1 5 1 0 1 0 0 7 1 3 3
19 8 7 16 0 12 15 0 6 9 7 1 3
4 9 0 3 6 3 1 3 1 1 3 1 3
14 6 6 1 5 4 3 1 6 10 14 1 10
6 0 4 10 16 7 6 3 14 8 3 10 7
6 11 3 3 4 9 5 11 9 1 1 2 0
16 11 18 13 3 4 14 6 1 1 16 4 11
5 17 0 13 2 6 14 3 10 10 23 6 6
8 6 1 6 1 4 2 9 8 8 2 0 11
1 3 5 2 2 3 1 11 5 1 4 0 0
5 5 9 10 7 4 1 2 9 4 3 5 3
4 1 3 1 3 6 0 2 3 3 3 1 1
17 12 6 2 5 7 14 9 18 10 5 3 0
2 6 4 1 12 4 2 4 1 3 11 2 8
8 15 15 18 3 6 3 1 10 11 3 9 2
5 1 11 0 4 5 3 6 3 2 4 5 8
7 9 0 3 8 2 3 2 5 10 7 1 1
1 1 8 3 3 2 3 0 2 1 0 2 1
1 6 8 6 3 7 0 2 7 4 10 8 12
7 9 9 0 1 12 6 1 0 1 2 0 2
4 7 2 1 2 1 0 1 4 2 5 1 0
5 1 2 6 1 3 3 5 7 3 2 1 3
16 13 8 4 7 3 3 1 9 8 2 4 19
5 6 5 6 4 12 2 7 1 3 2 12 1
11 5 6 9 15 7 3 4 2 3 6 5 3
4 2 1 2 6 6 5 2 2 2 4 3 4
6 6 1 7 4 3 7 17 1 2 3 1 5
3 1 6 10 2 4 9 8 3 3 1 1 11
6 1 5 2 0 3 2 2 0 2 2 1 3
8 10 3 14 3 9 10 6 7 4 6 9 4
9 4 4 8 6 3 5 5 5 10 3 7 0
3 11 22 4 4 11 11 0 11 2 12 5 18
3 2 6 9 3 4 2 2 2 9 6 4 6
3 0 2 6 1 4 1 2 3 1 3 5 3
8 2 4 7 2 3 2 3 1 5 6 3 0
5 10 1 0 9 3 3 4 2 0 1 2 0
2 2 1 2 1 5 7 0 6 3 0 0 1
10 3 7 2 2 11 1 6 7 7 8 11 4
3 11 3 1 1 3 10 7 9 5 2 8 13
11 6 2 8 5 12 7 0 1 2 6 1 3
0 11 8 3 11 4 1 4 13 3 12 4 11
17 6 5 6 7 3 2 1 7 2 5 10 4
1 4 8 1 7 10 1 11 4 8 3 2 2
2 14 6 8 24 8 5 3 2 8 16 5 6
2 3 9 6 9 11 6 7 7 12 4 1 0
10 2 1 1 4 13 6 6 1 6 2 7 4
15 1 8 13 10 4 10 27 5 8 8 6 0
24 8 9 0 0 2 14 8 9 3 7 0 22
23 6 3 2 8 15 9 18 17 1 4 1 3
4 8 7 1 4 4 1 4 5 2 5 1 6
11 1 9 1 7 5 2 3 10 1 3 5 11
4 5 3 4 6 7 8 3 7 6 1 5 8
0 4 1 7 9 13 17 13 3 10 4 3 1
7 6 11 8 20 2 19 13 2 12 5 2 5
2 1 0 9 4 4 1 2 3 1 4 1 2
1 1 3 7 3 9 9 5 15 13 16 8 0
4 15 6 5 10 5 2 12 7 4 4 7 8
5 3 19 3 2 3 11 1 7 9 10 12 16
1 23 8 0 7 6 1 3 2 2 4 11 5
1 2 4 3 0 1 3 2 2 1 2 4 10
1 3 2 5 8 7 18 1 4 6 2 8 10
7 1 9 15 5 1 8 2 10 0 8 0 3
19 12 7 5 10 4 6 3 7 24 10 4 2
3 3 1 7 4 11 9 18 16 8 18 9 4
25 8 1 6 11 11 12 8 11 2 2 10 2
3 1 3 2 4 5 1 6 4 1 5 1 1
2 1 5 2 14 3 2 17 3 6 2 1 14
3 1 0 1 4 7 8 5 3 1 2 1 0
2 9 4 8 11 1 10 1 8 8 1 2 11
1 9 26 6 0 0 10 1 4 3 14 9 3
1 7 6 2 1 5 1 4 5 4 3 3 3
2 4 0 1 7 1 7 1 1 4 1 0 3
0 1 4 3 6 2 6 3 1 1 0 7 2
1 3 4 2 5 3 15 4 2 10 0 1 0
7 4 7 6 4 3 3 2 3 1 1 1 9
11 6 2 3 6 8 1 2 3 6 3 0 1
1 7 4 1 5 6 2 5 2 1 8 0 4
5 2 7 0 10 13 17 8 10 8 12 17 2
10 6 0 6 8 3 10 3 3 3 2 7 2
0 5 2 6 13 4 1 9 8 1 6 2 11
3 3 3 6 5 7 18 2 14 18 5 12 5
14 7 5 2 9 13 3 8 5 2 7 5 3
4 1 0 7 2 1 1 10 11 5 0 1 3
2 4 13 5 10 5 8 3 1 2 2 1 4
12 9 4 2 6 7 12 2 6 5 6 2 10
0 1 4 4 7 7 2 4 7 9 5 1 1
6 4 11 0 3 3 2 2 25 2 0 6 0
1 5 4 26 3 4 8 20 16 3 2 0 4
6 1 0 8 4 6 2 1 6 7 5 4 8
2 5 3 6 5 1 0 0 1 3 0 0 1
1 6 4 4 3 4 4 2 7 9 4 5 5
7 9 1 10 6 1 2 1 3 5 13 11 7
4 3 2 4 11 11 4 7 5 2 10 1 1
2 18 7 11 14 0 1 5 3 4 8 7 7
2 8 10 7 13 4 9 3 9 7 7 15 18
7 5 11 12 2 18 0 0 1 4 3 10 3
3 11 6 0 0 7 3 7 3 5 4 6 7
0 1 5 2 4 3 2 2 8 3 1 2 0
2 11 6 5 4 9 2 5 1 2 6 11 12
1 8 3 6 8 1 8 10 5 5 4 1 3
6 13 5 9 4 3 0 7 1 1 7 2 2
2 1 3 1 0 1 7 3 3 6 6 4 0
6 10 1 6 17 3 2 1 3 3 5 1 7
3 1 1 4 7 8 2 11 6 6 5 4 5
8 11 1 12 9 12 12 5 1 7 13 4 11
6 2 5 0 2 6 1 3 9 3 6 1 7
13 13 11 3 2 17 1 2 1 4 2 4 9
0 1 4 3 4 2 0 7 4 4 0 0 2
0 24 1 7 1 14 7 14 5 2 17 5 4
0 7 2 2 8 9 5 10 3 4 1 18 2
1 5 2 4 1 4 1 1 1 6 5 6 2
2 1 0 3 3 2 9 3 2 4 2 7 12
6 19 13 9 5 8 9 11 22 2 1 3 5
6 13 1 2 9 20 5 15 6 7 1 2 11
20 15 6 15 10 1 14 6 5 4 1 4 15
9 1 2 1 2 18 5 9 8 9 3 3 17
5 10 2 1 0 7 11 1 6 4 5 1 8
4 6 17 6 9 11 16 5 21 3 3 1 5
1 40
1 43
1 50
2 6
2 16
2 30
3 30
3 86
6 24
6 84
6 97
8 24
8 37
8 49
9 51
9 90
10 41
11 21
11 25
11 76
12 51
13 48
13 103
14 48
14 96
14 106
15 46
15 50
15 103
15 107
16 49
17 47
17 51
17 62
17 93
17 115
18 23
18 30
18 49
19 34
19 65
19 68
19 115
22 43
24 48
24 84
24 90
25 104
27 30
27 104
27 105
27 115
28 38
28 128
29 121
30 52
30 83
30 84
30 91
31 107
33 56
33 101
33 121
33 133
34 86
35 42
36 110
38 53
39 44
39 109
39 125
43 61
43 67
44 45
44 59
44 120
45 123
46 87
46 101
46 110
46 126
47 69
47 131
47 143
48 105
48 113
48 119
49 62
49 84
51 96
52 65
52 139
53 58
53 74
54 78
54 125
57 72
58 67
59 101
59 134
59 139
60 130
61 81
61 140
62 97
62 98
62 116
62 128
62 143
63 106
63 140
64 114
64 162
65 112
65 151
67 156
68 93
68 107
68 109
68 161
69 140
69 141
70 129
70 139
71 151
72 124
73 101
73 170
75 104
75 112
76 104
76 144
76 163
77 91
78 166
79 87
79 139
79 141
81 97
81 137
81 142
81 162
81 169
82 100
82 141
82 150
82 165
83 104
83 165
84 120
84 121
84 147
85 111
85 168
85 174
86 149
86 157
86 183
88 175
91 133
91 144
92 144
94 98
94 140
96 144
97 100
97 129
97 181
98 120
98 128
100 109
100 182
101 124
101 186
102 172
102 174
102 180
107 198
108 142
108 167
108 186
108 190
109 120
109 146
110 127
110 131
110 145
111 147
111 158
112 142
112 152
112 174
112 176
112 179
112 200
113 159
113 186
113 195
114 200
115 119
115 203
116 200
116 202
117 120
117 163
117 209
118 143
118 207
120 159
120 175
120 199
121 124
121 163
122 212
123 128
123 160
123 187
124 127
124 155
125 217
126 151
126 190
127 131
128 167
129 146
130 138
130 184
130 203
132 167
132 231
133 201
133 204
133 212
134 158
134 210
135 147
135 177
135 196
136 202
137 144
137 161
137 173
137 188
138 234
138 235
139 146
139 198
139 205
139 209
139 219
140 196
141 161
141 197
143 164
143 215
143 230
144 237
145 168
145 178
145 241
146 158
146 159
146 179
149 211
150 171
150 174
150 176
150 198
151 155
151 215
151 231
152 227
152 231
153 188
154 213
154 217
155 229
156 200
158 164
158 201
158 207
159 204
159 244
160 217
160 258
161 202
161 207
161 229
162 208
163 227
164 209
164 255
166 220
166 259
167 233
167 234
167 265
168 187
168 198
168 245
169 207
169 254
169 258
170 214
170 231
170 259
172 199
174 193
174 272
175 228
175 235
175 252
177 243
178 179
178 198
178 235
178 278
179 187
179 188
181 233
181 276
182 235
182 238
183 231
184 246
184 283
185 210
185 235
186 225
186 230
186 256
188 190
189 210
189 234
189 249
190 196
190 248
190 270
190 282
192 219
192 290
193 221
193 237
193 239
193 260
193 280
194 279
195 241
195 279
195 281
196 221
197 231
197 255
200 263
201 288
202 204
202 296
203 279
203 280
204 210
204 215
204 271
204 282
206 239
207 256
207 262
207 297
208 246
208 308
209 258
209 296
211 215
211 262
212 236
212 282
214 283
215 227
215 296
215 303
216 236
216 278
216 296
218 232
218 303
218 309
219 314
220 257
220 264
221 222
221 269
221 279
223 272
224 306
227 229
227 239
227 243
227 301
228 325
229 246
229 289
231 241
231 256
231 283
231 322
231 330
232 306
234 263
234 294
234 323
234 328
235 268
235 274
235 319
235 333
236 263
236 278
236 319
237 256
238 259
238 287
238 296
238 332
239 278
240 289
241 259
241 289
241 326
243 292
243 306
243 329
244 323
245 269
245 336
246 249
246 311
247 251
247 256
247 266
247 272
247 335
248 254
248 274
249 259
249 264
249 279
250 313
250 315
250 349
251 324
253 298
253 299
253 314
253 324
254 265
255 311
255 312
256 335
257 259
257 303
257 330
257 353
258 315
258 356
259 262
259 331
260 286
260 301
260 326
260 334
260 344
260 349
261 272
265 267
265 276
265 311
265 358
266 325
266 346
267 366
270 276
270 351
273 304
274 296
274 347
275 312
275 335
275 344
276 362
276 366
277 323
277 336
277 376
278 338
278 352
279 340
280 308
280 337
282 307
282 310
282 349
285 290
285 328
285 338
285 346
285 361
285 362
286 300
287 357
287 364
287 377
287 379
287 384
288 335
289 344
289 359
290 343
292 306
292 335
292 387
294 375
295 305
295 340
295 344
295 356
295 363
296 308
296 335
297 319
297 333
297 367
298 309
298 354
298 395
299 339
300 372
301 309
302 329
302 331
302 364
303 357
303 397
304 335
304 380
305 329
307 312
307 317
308 358
309 318
309 339
310 311
310 315
310 367
311 313
311 349
311 358
311 381
312 350
312 379
312 401
312 411
313 393
313 404
314 347
314 413
315 318
315 325
315 343
315 386
316 374
316 380
317 321
317 351
318 392
319 321
321 323
321 362
321 383
321 398
322 354
322 393
323 329
323 357
324 357
324 414
326 406
327 373
327 374
327 382
327 384
327 392
329 371
329 376
330 414
331 383
332 410
335 349
335 389
335 410
336 392
337 366
337 393
338 425
339 409
341 352
341 355
342 378
343 350
343 375
343 389
343 404
343 405
343 410
343 414
343 442
344 352
344 430
346 375
346 416
346 440
346 444
347 379
347 400
348 440
349 373
349 403
349 427
350 398
350 407
350 417
351 371
351 402
352 366
352 399
353 401
353 422
354 411
354 447
355 381
355 396
355 412
356 357
357 404
358 372
358 396
359 402
359 431
359 442
362 364
362 424
362 430
363 442
364 367
364 369
364 384
364 389
365 398
366 409
367 383
367 398
368 393
368 435
370 412
370 427
371 412
371 423
371 441
371 464
372 463
372 470
373 391
373 436
374 419
375 397
375 428
375 455
376 404
376 469
377 390
377 406
378 427
379 416
379 468
380 390
380 434
380 437
381 478
382 428
382 475
384 425
384 460
384 474
385 481
387 388
387 434
388 473
389 431
390 454
390 458
392 432
392 459
393 456
393 470
395 440
396 476
396 485
397 399
397 473
398 426
398 446
398 451
399 412
399 464
399 490
399 497
400 439
400 461
402 404
402 502
404 474
405 422
405 428
406 451
406 477
407 436
407 456
407 464
408 504
408 505
409 451
409 469
410 489
410 491
411 427
411 432
412 455
413 508
414 462
415 515
417 470
417 505
418 444
419 423
419 443
420 464
420 502
420 503
421 491
422 434
423 438
423 443
423 472
423 505
424 511
425 444
425 454
425 467
425 516
426 432
426 456
426 461
426 513
427 428
427 469
428 432
428 499
428 518
429 443
429 461
429 516
430 460
431 446
431 527
432 472
433 510
433 522
434 448
434 502
436 470
436 503
437 480
437 497
438 481
438 485
438 497
439 478
439 520
439 528
441 454
441 497
442 496
442 524
442 528
442 541
443 471
443 540
445 482
445 533
446 482
447 450
447 482
447 484
448 467
448 474
448 519
449 456
449 499
451 464
451 521
452 461
452 543
454 477
454 531
455 470
455 506
457 497
457 518
457 551
458 494
459 499
459 554
460 505
460 515
460 530
461 483
461 502
461 525
462 504
462 527
463 502
463 550
464 483
464 519
464 520
465 555
467 476
467 478
467 488
468 490
468 525
468 535
469 549
470 475
470 479
470 508
470 561
471 511
471 552
471 553
472 529
472 531
472 561
473 480
473 482
474 477
474 507
474 538
474 553
474 566
475 486
475 570
476 559
478 547
479 488
479 532
480 515
480 529
480 555
481 531
481 554
482 490
482 571
483 500
483 510
483 514
483 545
484 581
485 540
487 492
487 502
487 506
487 518
487 546
487 581
488 528
488 572
490 537
490 543
491 540
492 514
492 573
493 554
493 557
493 570
494 525
494 540
494 543
494 585
495 568
495 584
496 570
496 587
496 593
497 517
498 549
498 555
498 598
500 512
501 531
501 552
502 566
503 528
504 599
506 507
506 593
506 602
507 606
508 512
508 529
508 537
511 555
512 529
512 543
512 558
512 590
513 516
513 549
513 591
514 546
514 571
514 607
516 538
516 575
518 574
518 607
519 533
519 547
519 617
520 543
520 566
520 613
521 560
522 554
522 596
522 606
523 554
523 607
525 572
525 615
526 550
526 603
528 566
529 557
529 588
530 575
530 579
530 608
531 591
533 612
534 583
534 602
534 623
535 563
535 602
535 635
536 544
536 608
536 624
537 541
538 578
538 586
538 595
538 614
538 629
539 573
541 576
541 585
541 632
542 612
542 620
543 602
544 546
545 631
546 574
549 589
549 613
550 556
551 597
552 584
552 585
553 570
553 613
554 572
555 563
555 624
556 616
556 620
556 626
556 636
557 567
557 604
557 624
560 574
560 599
560 606
560 647
561 658
562 634
563 634
563 650
564 623
565 608
566 571
566 609
566 647
567 631
567 656
568 594
568 666
569 623
570 610
571 619
571 658
573 651
573 666
574 604
575 591
575 595
575 618
575 665
577 580
577 603
577 607
577 640
578 616
578 626
578 639
579 626
579 636
580 600
581 653
582 628
582 634
583 655
583 664
584 600
585 600
586 587
586 644
589 626
589 628
589 634
589 661
590 601
591 633
591 641
592 616
593 639
593 642
593 649
593 660
594 613
594 656
594 668
594 693
596 601
596 658
597 652
597 693
599 655
599 667
599 670
599 676
599 698
600 611
600 647
601 674
602 663
603 615
603 643
604 608
605 646
605 697
606 647
606 701
607 612
607 635
607 695
608 618
608 654
608 699
609 628
609 633
610 639
610 680
610 707
611 621
611 675
611 682
612 641
612 650
612 678
612 704
613 669
614 705
615 635
615 645
615 680
616 639
619 667
619 714
621 626
621 628
621 657
622 689
623 683
624 718
624 721
625 710
626 646
626 678
626 705
627 679
627 686
628 699
629 642
630 637
630 642
630 665
631 645
631 681
631 687
632 637
633 651
633 670
634 662
634 678
634 696
635 680
635 710
636 683
636 699
637 653
637 713
638 724
639 673
639 715
639 717
640 656
640 733
641 662
641 712
641 713
642 724
643 651
643 711
644 729
644 741
645 702
645 735
646 660
646 678
646 741
647 660
647 735
648 728
649 668
649 677
650 667
650 682
650 727
652 722
653 682
653 704
654 659
655 711
657 690
657 724
657 735
658 661
658 698
659 693
659 706
660 698
660 710
660 734
661 677
661 749
662 734
662 747
662 760
663 683
663 700
663 724
664 687
664 698
665 681
665 712
666 696
666 720
666 739
667 673
667 680
667 744
667 745
668 671
668 727
669 679
670 764
671 679
671 692
671 758
672 682
672 715
674 698
674 739
674 740
674 756
675 760
676 701
676 706
676 721
676 736
677 693
679 697
679 738
679 769
681 775
682 697
682 701
682 710
682 734
682 736
682 756
685 690
685 713
688 743
689 708
689 752
690 714
690 736
690 753
691 736
694 704
694 790
696 795
697 701
697 719
698 723
700 716
700 747
700 749
700 787
701 787
702 712
703 718
703 732
704 747
705 715
705 741
705 742
705 798
706 782
707 709
708 745
708 790
709 717
709 722
710 766
710 768
711 747
711 776
711 808
712 753
712 785
712 795
713 732
713 735
713 748
713 763
713 782
714 783
715 802
716 761
716 788
717 720
717 758
718 789
718 792
719 762
720 734
720 736
720 742
720 767
722 730
723 797
724 809
725 800
726 775
726 798
729 787
730 732
730 797
730 824
731 767
732 832
733 816
734 798
735 738
735 802
736 758
736 759
736 783
736 801
736 805
737 751
738 804
739 752
739 764
741 817
742 813
744 756
744 759
744 783
744 835
745 758
745 783
745 838
746 780
746 799
746 812
747 754
748 761
748 789
748 811
748 823
748 834
749 752
749 793
749 823
749 834
750 768
750 843
752 765
752 840
752 847
753 768
754 794
754 833
755 778
755 799
755 810
755 828
755 836
756 811
756 816
757 796
757 828
758 762
758 777
758 792
758 818
758 825
759 771
759 776
760 822
761 766
761 774
761 853
761 855
762 770
762 860
764 819
765 813
765 819
765 821
765 846
766 775
766 785
766 839
768 805
768 836
769 806
769 833
769 857
770 808
771 849
772 803
772 812
772 824
773 822
773 830
773 856
774 844
778 875
779 792
779 849
780 818
780 850
780 868
781 789
781 812
781 857
782 799
782 804
782 817
783 818
783 868
784 863
784 868
784 875
784 884
785 791
785 849
786 835
787 790
787 814
788 885
789 800
789 807
789 813
789 831
789 847
789 889
790 845
791 817
791 865
794 831
795 826
796 822
796 826
797 822
797 825
797 827
797 848
797 850
797 893
798 854
798 859
798 889
799 805
799 897
800 861
800 873
800 874
800 891
801 815
801 845
801 869
801 873
803 873
803 879
803 890
803 891
804 830
804 879
804 889
805 818
805 882
806 822
806 827
806 848
806 854
806 861
807 865
808 896
809 811
810 853
811 852
811 854
811 859
811 867
812 857
812 885
813 859
813 903
813 908
814 817
814 858
814 869
814 912
816 836
816 877
816 878
816 916
818 839
818 885
820 830
820 902
821 918
822 872
822 901
822 919
823 885
823 913
825 856
825 874
825 889
825 904
825 911
826 867
826 878
827 896
828 871
828 899
829 866
829 868
831 866
832 898
832 911
832 919
833 889
833 916
834 916
834 924
835 867
835 931
836 905
838 852
838 904
838 919
839 840
840 908
840 911
841 908
841 916
841 925
842 919
842 941
843 867
843 897
843 922
843 934
844 895
845 865
846 908
846 940
848 895
848 938
849 892
849 905
850 877
850 941
852 920
853 879
853 895
854 875
855 953
856 934
857 882
857 888
860 870
860 925
860 940
861 911
861 934
862 906
862 943
863 904
863 951
865 922
866 934
866 941
866 946
866 961
867 878
867 882
867 915
867 936
868 942
870 927
870 948
871 915
871 923
871 950
872 952
874 875
874 941
875 887
875 896
875 922
876 949
876 964
876 968
877 884
877 904
877 940
879 894
879 971
880 904
880 907
881 885
882 935
882 959
882 968
883 963
883 972
886 903
886 934
886 943
886 955
887 934
887 953
887 978
888 963
889 905
889 911
889 939
890 906
890 915
891 911
891 920
891 972
892 934
892 970
892 984
893 913
893 968
893 984
894 917
895 906
895 975
895 994
896 905
896 929
896 994
896 995
897 917
897 931
898 919
900 949
900 973
900 984
902 912
902 965
903 941
903 995
904 910
904 973
905 938
905 981
906 910
906 950
906 953
906 976
907 916
907 954
907 958
907 962
907 984
908 943
908 978
909 953
909 954
909 977
909 998
910 983
910 994
911 931
913 940
913 985
914 925
916 985
917 953
918 930
919 921
920 959
921 965
921 984
922 987
926 957
926 977
927 1000
928 949
929 976
929 984
930 970
932 962
932 966
933 965
934 977
939 969
940 946
941 951
942 954
942 975
942 995
943 953
944 949
944 953
944 984
944 991
946 986
946 1000
948 987
948 996
949 974
950 984
950 988
950 989
952 1000
953 985
954 991
955 966
955 975
956 970
956 988
959 988
961 985
966 982
967 976
969 976
969 990
969 995
970 979
973 976
974 976
976 987
977 995
979 1000
982 999
2 10 11 7 6 8 1 1 9 1 6 10 5
13 25 3 13 3 1 24 25 3 21 18 6 2
2 24 16 15 1 5 2 7 35 23 15 10 12
14 2 8 0 7 5 3 9 7 12 12 10 10
1 10 5 8 4 3 1 1 1 8 2 1 15
5 12 9 15 14 10 3 3 14 2 6 3 15
6 11 2 13 10 10 4 13 4 6 2 3 14
8 4 14 20 7 14 17 6 9 4 4 23 11
2 2 11 14 11 7 18 5 5 14 10 9 0
6 3 6 5 19 2 4 2 3 37 1 1 4
10 7 28 1 1 6 16 18 5 26 8 7 6
13 4 1 12 4 15 1 15 5 9 16 8 2
1 4 5 9 3 9 1 0 5 3 3 14 2
0 2 5 14 12 12 2 2 8 4 13 2 10
4 20 4 6 17 35 32 7 6 6 6 8 6
25 18 19 25 13 1 8 20 11 18 3 3 13
18 3 9 11 2 11 23 0 3 11 0 26 11
8 8 3 0 9 1 7 10 5 0 13 17 2
7 8 11 16 27 8 11 11 5 0 1 10 1
6 13 5 4 7 2 9 6 2 10 4 1 2
60 21 45 43 65 52 42 40 49 65 27 41 68 68 30 16 39 52 43 44
30 21 26 26 38 16 9 9 27 35 21 24 40 29 7 11 24 28 18 24
73 31 44 44 69 45 39 39 46 60 43 43 79 60 48 12 48 62 45 64
53 27 27 35 59 46 36 30 52 60 34 33 57 60 23 27 31 48 46 48
22 19 16 7 36 19 11 8 21 31 11 14 29 27 12 12 22 15 13 28
14 8 6 11 25 11 12 1 7 20 4 12 17 19 1 5 11 15 6 12
14 9 3 12 15 19 18 15 9 16 8 15 16 25 11 10 10 22 15 14
43 15 37 29 62 31 35 21 27 49 21 31 58 44 15 16 38 27 23 39
18 12 12 14 21 8 11 13 8 13 15 18 27 9 4 6 24 17 17 13
56 34 28 40 61 38 38 39 45 61 35 51 78 59 44 15 54 57 50 54
26 12 15 15 32 18 15 12 14 20 11 10 27 25 14 9 14 30 20 21
1 3 3 5 6 1 1 1 4 6 4 2 4 5 1 2 6 6 2 4
37 35 26 25 53 40 38 10 24 43 26 34 42 48 29 25 18 33 26 39
23 19 11 17 31 19 13 13 23 34 7 21 39 37 14 7 21 32 15 26
34 25 23 30 53 25 36 17 25 48 19 41 52 41 15 23 35 34 28 37
8 5 5 4 12 2 1 1 4 4 1 1 8 6 1 4 1 13 2 5
34 36 20 23 50 30 28 10 25 46 26 33 43 42 26 20 22 40 27 43
44 25 19 32 61 38 48 42 34 41 24 39 64 50 35 23 46 48 43 49
50 41 21 38 68 43 53 47 38 54 45 39 62 43 44 43 57 55 59 61
59 21 25 45 66 42 40 39 48 56 27 41 71 61 39 14 44 61 48 50
44 12 33 30 45 36 26 24 32 37 14 26 48 43 26 13 31 40 29 30
3 3 1 1 10 1 2 1 3 5 1 5 7 1 1 1 7 5 7 5
32 29 12 41 46 22 32 16 36 53 31 49 52 43 22 2 33 47 29 43
13 15 3 12 31 14 17 9 11 31 12 8 23 18 6 17 19 24 20 27
39 21 35 24 50 31 26 23 40 49 13 26 50 47 28 9 27 37 26 40
33 38 18 41 44 14 22 10 31 51 36 43 51 29 19 9 30 54 29 41
19 13 1 14 18 12 16 13 15 26 14 15 26 11 13 14 21 26 24 22
3 6 5 1 11 7 7 1 4 11 5 1 4 11 1 9 5 4 3 10
45 13 32 28 55 35 29 15 19 45 12 23 49 37 13 26 22 37 28 37
25 9 12 19 31 19 22 11 13 25 8 21 34 25 10 9 14 31 25 21
26 11 11 20 32 11 13 2 5 25 15 17 28 21 16 4 12 29 8 20
7 18 6 6 26 4 17 1 11 17 12 15 18 16 9 5 14 17 10 19
55 60 33 46 72 34 42 35 57 61 51 62 70 59 33 33 54 54 37 62
28 8 19 22 29 22 17 4 3 27 12 19 31 22 3 14 12 32 20 20
34 9 15 19 36 26 25 22 19 27 18 19 44 29 17 15 31 23 28 16
34 14 20 22 41 26 20 28 33 40 17 14 45 39 19 14 31 35 31 28
39 25 31 21 64 38 45 22 27 54 22 31 55 47 29 26 31 29 27 43
52 16 33 27 54 34 21 23 28 39 26 20 55 40 34 3 27 47 26 41
45 22 32 33 57 36 32 34 40 53 26 26 55 39 31 25 50 43 44 47
30 20 24 26 45 17 13 17 28 35 22 18 39 32 19 7 37 27 17 32
18 8 3 5 24 15 17 12 6 18 1 10 21 19 9 11 15 19 20 14
9 4 7 5 12 3 1 1 8 5 1 5 11 10 1 2 1 9 3 4
6 7 6 4 18 6 6 1 9 12 7 8 12 17 1 6 9 3 2 8
1 1 1 4 7 1 1 1 1 5 4 1 3 5 1 1 1 5 1 5
6 12 6 2 23 11 18 5 3 21 10 7 12 12 7 18 13 8 10 18
23 10 5 14 25 8 6 1 13 26 19 12 24 16 12 3 12 24 10 24
16 23 10 21 37 8 19 11 26 35 15 22 34 28 15 10 28 27 14 26
41 51 36 30 64 34 40 15 47 62 38 43 54 50 36 25 27 47 36 57
52 29 29 31 67 40 42 29 37 61 41 27 64 46 42 22 42 48 37 59
14 4 11 8 20 7 8 5 5 11 10 8 20 10 3 6 17 9 12 6
59 54 34 47 74 47 57 32 38 68 44 50 73 47 38 36 47 68 54 71
42 44 31 36 65 31 43 15 31 63 34 42 62 36 25 31 40 51 38 56
29 21 19 31 33 12 13 5 26 38 27 26 36 26 20 9 20 35 15 33
17 7 13 8 26 10 9 7 12 19 10 10 24 20 4 8 23 8 11 10
52 26 33 24 50 36 38 24 31 47 23 38 62 47 31 22 26 47 44 41
6 9 1 11 11 2 2 1 9 16 6 6 13 8 1 6 11 17 9 11
53 40 35 48 64 43 47 30 50 74 47 45 61 51 29 46 42 51 53 59
26 21 26 27 43 18 28 8 9 29 15 34 37 30 1 15 25 26 8 27
7 9 8 7 10 1 4 1 3 2 12 10 12 5 3 1 7 15 4 5
38 41 31 25 54 23 32 12 33 47 43 37 43 32 34 16 17 41 26 56
1 9 1 4 16 9 11 1 4 15 5 5 4 10 4 10 9 5 5 14
47 31 31 29 61 36 41 22 25 54 24 45 65 49 20 26 34 42 34 45
53 43 43 37 73 30 43 22 37 60 46 38 65 36 29 24 35 55 37 62
41 32 27 35 44 23 29 19 34 53 25 41 56 42 24 21 28 50 35 42
9 12 8 8 25 11 11 1 9 19 13 9 16 16 1 8 19 10 9 15
7 2 4 3 7 2 1 1 3 3 2 3 8 6 1 1 7 6 5 1
27 3 20 18 27 17 17 2 14 24 4 18 34 24 4 10 10 22 20 16
16 1 4 6 15 13 5 5 3 11 4 5 15 14 3 4 10 12 10 6
10 2 7 5 14 8 5 1 3 8 3 8 12 11 1 1 4 9 9 6
37 28 17 17 50 29 31 21 35 49 15 26 52 33 35 15 40 31 32 46
30 24 21 26 42 16 15 11 17 31 23 26 40 29 19 6 29 31 8 29
31 14 14 14 32 23 18 15 14 14 10 24 37 28 15 6 20 32 24 17
48 31 28 38 51 32 23 26 51 59 35 31 56 48 14 23 37 50 41 47
57 26 37 40 74 53 56 32 41 73 29 45 70 56 37 35 49 49 51 64
8 2 6 6 8 4 1 1 8 5 7 2 10 8 2 1 5 13 10 6
19 7 8 10 24 12 14 10 15 23 13 6 25 12 14 13 18 17 20 21
25 16 8 21 35 7 17 9 15 31 23 10 32 16 20 10 25 32 21 29
33 22 21 17 43 24 19 15 19 27 15 24 45 33 22 5 25 38 20 28
61 32 46 49 80 40 48 29 36 61 38 45 72 59 40 15 46 57 28 62
44 16 17 23 45 30 31 32 46 51 25 29 59 41 33 17 40 35 42 38
46 39 28 36 63 32 34 15 30 48 41 33 47 43 27 27 27 42 33 49
49 35 29 46 68 37 42 32 36 43 34 45 61 53 25 24 46 52 39 47
29 12 13 12 27 15 9 9 23 26 10 17 35 22 12 6 19 19 22 19
32 13 15 11 37 24 21 20 19 23 7 18 42 33 20 7 29 27 24 22
50 34 38 40 64 40 41 16 18 46 31 44 56 52 22 26 29 49 18 47
45 16 14 35 59 44 45 43 29 45 29 42 56 51 23 24 48 38 44 42
14 12 11 3 26 9 18 6 16 21 3 12 24 19 12 9 12 17 17 21
10 3 4 2 13 5 3 2 3 8 2 2 14 10 1 4 8 11 11 5
46 39 39 47 63 35 43 24 34 50 39 59 64 53 12 29 40 53 25 50
50 23 26 31 66 41 37 26 28 49 25 29 58 53 41 17 37 49 32 51
12 25 11 9 27 10 18 4 14 20 14 23 26 17 11 8 16 27 16 24
46 38 19 33 69 40 55 34 27 47 29 47 63 50 40 20 51 45 43 52
31 17 12 23 32 17 17 20 27 33 15 30 42 32 14 10 19 37 33 23
33 27 20 11 53 27 30 20 24 42 19 19 47 30 21 22 36 28 29 41
44 41 17 49 57 31 42 36 46 68 49 56 65 48 33 25 53 66 51 62
34 26 19 40 58 26 33 19 34 59 39 33 44 40 26 29 34 34 32 48
43 25 19 30 50 32 32 20 28 41 24 48 61 52 20 5 28 43 28 32
17 21 19 15 21 9 6 5 13 19 14 20 22 11 4 10 14 20 14 18
31 23 31 27 55 26 37 12 23 43 21 35 44 40 16 20 29 22 21 34
64 42 25 40 63 51 49 46 45 59 25 52 76 57 56 23 56 65 61 64
49 44 32 43 65 39 44 26 39 53 30 44 60 54 36 21 45 49 32 56
29 12 15 23 42 26 26 17 18 41 15 23 35 38 11 24 23 20 23 24
40 33 22 27 44 22 24 10 25 47 28 29 44 37 28 18 14 49 29 45
40 31 35 38 52 29 26 15 21 43 38 21 41 31 7 29 27 43 27 40
30 14 23 14 33 17 17 10 10 16 11 19 34 24 8 5 19 20 15 11
38 33 37 32 58 34 34 12 29 53 24 31 49 42 6 34 30 38 27 43
16 9 3 5 15 13 8 6 14 19 5 11 19 16 5 6 13 16 18 14
13 20 13 11 20 14 12 4 14 17 20 16 16 16 8 13 9 18 15 21
8 7 11 9 14 5 4 1 6 7 10 9 11 10 1 5 6 10 5 7
4 5 5 1 19 2 9 1 2 12 1 5 10 11 1 7 8 4 4 10
36 23 22 34 41 16 17 18 16 32 32 25 41 25 20 14 30 42 22 31
5 2 3 2 4 1 1 1 2 1 4 4 7 2 1 1 6 7 5 1
2 1 1 7 5 1 3 2 4 7 3 1 6 4 1 2 8 8 9 3
48 34 16 28 54 35 41 28 38 39 26 46 58 49 38 19 35 48 49 48
55 44 31 48 66 38 43 29 41 70 46 43 71 46 36 26 52 66 47 60
20 15 11 11 37 22 23 8 13 34 14 12 20 21 13 26 19 9 20 28
53 37 20 38 69 36 47 31 40 68 46 49 71 51 42 24 43 61 48 62
49 33 29 35 66 26 30 30 33 47 35 27 58 41 28 20 45 50 34 53
63 41 44 45 72 54 46 37 63 78 44 38 72 64 36 39 47 55 59 63
4 1 2 6 8 2 2 1 4 5 4 1 4 7 1 1 4 8 5 4
46 22 30 52 58 32 31 23 34 63 33 43 58 48 20 19 39 56 32 48
18 2 16 11 24 12 12 4 12 19 3 10 24 21 4 6 12 10 11 8
37 18 31 17 40 33 30 27 28 28 24 21 40 39 28 4 20 32 35 27
50 31 27 38 70 41 38 30 38 65 39 21 57 47 33 34 46 45 41 57
17 12 4 13 22 12 13 13 20 27 10 17 29 23 6 9 17 23 25 20
48 46 27 43 54 28 33 18 43 60 44 43 52 48 38 27 27 56 40 57
17 15 13 5 20 8 4 3 12 12 8 13 23 12 4 5 12 18 15 12
48 56 23 48 64 23 35 24 49 67 43 52 66 50 41 17 46 63 37 66
19 25 14 9 29 9 10 5 13 23 15 22 28 13 5 8 20 23 19 23
49 36 22 35 62 40 48 17 37 66 26 45 65 56 38 19 33 55 41 56
17 5 11 3 21 10 8 3 13 13 1 8 21 17 7 5 12 7 10 7
55 46 27 49 78 43 57 39 47 74 36 58 80 60 36 28 60 60 53 60
34 36 23 34 56 32 40 11 31 56 16 46 49 50 23 23 29 41 28 44
15 15 1 12 24 9 20 14 17 23 10 14 24 20 12 10 21 23 26 20
31 24 22 31 44 19 19 10 33 47 22 30 44 34 11 16 27 37 25 32
30 10 21 18 31 20 19 8 17 25 15 17 31 28 17 5 12 29 17 19
45 14 25 35 55 28 25 19 36 50 24 23 50 44 31 7 32 38 25 42
33 45 23 45 59 26 39 21 33 55 37 49 50 46 29 18 42 50 31 50
41 44 29 24 48 27 27 13 30 44 32 36 47 40 26 25 21 45 32 43
13 1 11 12 17 10 12 4 4 13 4 12 15 12 1 7 9 10 9 6
7 10 6 15 15 1 4 1 6 16 13 2 7 1 2 11 6 19 7 14
5 8 4 9 14 5 6 6 9 15 4 7 9 12 1 8 12 8 4 12
53 54 38 40 63 42 38 27 52 67 39 46 63 61 44 32 41 58 43 64
31 15 16 22 44 27 33 20 11 36 19 24 41 32 21 20 23 34 25 30
13 10 7 2 18 7 10 3 4 12 4 11 18 16 6 4 10 15 9 9
14 7 8 5 19 8 4 3 10 12 7 6 19 12 2 2 18 10 11 8
11 4 7 5 9 9 6 6 6 6 7 6 12 11 4 4 6 12 11 6
12 17 6 9 18 7 8 4 10 16 7 11 16 12 5 10 6 28 15 18
58 35 39 44 70 49 46 13 33 60 43 46 60 55 37 19 35 47 36 53
6 5 7 8 9 1 2 4 11 7 5 7 12 11 2 4 10 6 2 3
15 17 10 18 34 14 25 9 13 28 8 23 30 24 13 12 20 21 16 25
1 10 5 14 8 1 1 3 10 12 11 9 8 6 1 5 9 16 4 10
18 1 11 15 21 11 11 6 5 16 6 10 24 20 2 2 11 16 11 7
63 50 22 45 65 37 53 39 49 67 47 54 75 54 56 33 46 68 61 65
17 12 9 13 17 11 8 6 15 16 9 18 23 16 5 4 17 19 13 11
1 2 1 6 12 1 1 1 4 9 1 3 4 10 1 5 1 6 1 7
45 47 16 56 71 32 48 30 48 73 38 52 61 58 38 25 52 67 44 62
48 35 32 56 64 26 38 32 38 59 49 50 62 40 14 28 48 58 34 54
7 1 1 3 9 6 2 1 1 7 3 1 6 8 1 1 7 8 7 4
30 14 22 14 37 21 19 12 17 29 15 11 36 17 11 22 19 21 25 23
29 17 17 18 35 22 16 17 17 34 15 5 33 21 10 20 30 26 24 25
11 5 10 11 15 5 2 2 3 10 7 11 17 13 1 1 12 6 1 4
44 33 44 34 64 34 40 18 29 47 32 39 53 46 18 20 26 43 25 48
41 21 21 20 57 39 39 20 28 45 9 26 53 49 30 9 30 36 30 38
63 39 38 41 66 40 40 29 37 60 37 49 76 57 42 14 36 66 39 57
34 21 22 23 39 19 23 24 24 32 26 25 45 21 15 20 37 25 29 31
24 42 20 28 53 20 39 18 31 53 34 32 38 32 22 34 39 34 33 46
36 43 19 33 48 18 34 14 23 43 38 40 50 23 29 8 39 55 29 53
10 11 5 3 15 5 8 1 5 9 3 11 17 13 6 2 7 16 7 9
55 16 41 33 66 38 37 28 27 50 26 29 63 41 33 13 40 39 28 46
30 26 31 28 50 27 32 13 32 47 28 35 42 41 16 20 23 26 27 38
7 1 5 10 14 5 7 1 7 12 8 1 10 12 1 6 10 9 6 9
18 30 9 15 32 5 16 6 18 28 21 25 34 16 11 5 28 32 20 28
2 7 1 1 9 1 2 1 5 6 2 4 5 2 1 1 3 12 7 9
33 27 19 35 52 27 38 25 34 50 16 37 49 45 27 14 38 42 32 39
12 2 5 5 14 6 1 1 2 6 3 3 12 11 1 2 4 11 5 5
31 29 30 30 58 29 37 9 13 49 25 28 42 34 13 34 26 34 21 41
49 41 28 42 57 35 31 11 38 62 44 37 51 44 32 32 25 49 38 54
9 8 7 6 10 4 1 1 13 7 4 6 12 10 4 5 6 13 10 7
17 7 8 7 15 14 7 5 7 13 5 10 19 16 3 6 9 16 13 10
7 4 4 8 14 5 9 2 5 12 6 6 10 11 1 7 10 13 8 8
62 28 30 45 79 55 50 24 30 74 27 40 71 59 40 36 35 60 42 67
25 30 22 17 34 7 16 11 24 16 24 32 37 19 7 6 28 23 12 27
73 52 52 54 86 52 51 28 42 82 42 54 85 62 42 37 47 72 49 80
42 52 26 42 54 24 37 17 54 62 42 52 52 50 33 32 27 49 45 55
11 10 8 7 26 11 15 1 10 19 3 13 15 20 3 11 8 7 9 15
49 23 29 40 64 41 34 35 45 58 24 29 61 55 23 21 47 51 45 46
2 2 1 6 8 3 4 4 6 15 1 6 9 12 1 5 10 10 7 5
39 43 33 43 56 16 26 19 39 46 45 37 53 31 21 20 43 50 20 51
33 20 19 26 40 31 27 19 25 39 26 32 40 42 14 18 29 23 28 22
18 13 8 22 28 12 16 12 19 26 17 30 35 27 6 1 30 24 16 12
44 43 23 41 71 30 46 17 35 67 41 35 58 45 42 26 47 56 36 62
4 17 2 1 8 1 4 1 7 9 5 13 12 2 4 1 5 17 9 13
28 30 10 19 40 16 26 12 17 39 28 20 42 12 24 18 23 46 33 41
21 11 19 4 29 15 19 9 10 19 8 14 28 20 13 9 14 16 17 16
28 10 18 12 34 22 17 6 12 30 7 22 37 25 4 13 19 19 21 21
30 31 16 19 38 19 24 16 32 44 30 30 42 31 22 21 32 26 36 38
19 12 16 10 22 12 13 5 13 14 6 16 23 21 9 5 13 14 10 10
41 14 30 28 45 34 21 27 33 41 25 23 48 49 24 8 33 32 23 32
20 7 10 7 15 14 10 10 11 4 9 13 26 17 11 1 11 23 20 10
17 11 15 12 22 7 5 3 4 12 12 15 22 11 1 1 17 12 6 8
41 33 26 35 62 30 36 21 36 58 30 22 52 37 32 27 43 45 32 52
14 6 8 15 22 4 9 1 9 16 13 11 18 10 8 2 11 15 8 14
47 40 36 44 65 32 41 16 21 48 36 48 59 45 22 28 34 55 19 53
18 36 3 25 31 10 24 11 31 43 21 38 38 33 23 8 28 39 26 39
35 33 22 35 57 24 28 15 35 51 24 25 48 42 22 19 37 45 27 44
15 19 9 9 21 6 14 1 12 21 10 23 24 12 8 2 13 22 14 17
21 18 18 10 46 21 21 8 21 38 12 11 31 30 13 18 25 15 15 31
66 40 41 35 77 52 51 32 44 61 42 43 72 56 35 35 40 45 44 62
40 21 22 20 52 27 27 26 31 45 21 15 49 35 27 21 40 30 32 37
59 38 36 47 72 51 60 16 34 63 39 51 60 66 42 38 18 56 44 59
1 6 3 9 7 1 3 2 7 6 7 9 7 6 1 1 9 8 2 5
28 21 11 32 48 25 32 16 26 48 19 36 42 47 19 14 31 31 17 34
53 21 39 34 70 49 54 25 26 60 31 34 63 52 34 29 30 46 40 52
56 44 23 48 64 27 38 35 43 66 48 51 78 44 42 10 62 67 43 61
62 50 42 58 82 45 59 41 42 65 57 45 72 51 29 50 61 62 43 67
37 38 31 32 59 30 40 3 26 53 21 36 52 36 16 28 24 50 33 50
5 5 1 3 14 6 6 1 2 11 2 2 5 11 1 7 5 9 3 9
37 27 27 29 46 28 23 5 27 38 36 26 36 35 27 20 20 26 18 39
6 4 1 6 10 3 4 2 8 9 2 7 11 8 1 3 12 6 7 4
9 5 4 4 11 1 1 1 13 9 1 11 13 11 1 1 2 8 8 9
6 3 2 5 15 7 1 1 7 13 4 3 13 14 1 1 14 5 3 7
10 12 11 11 26 13 18 3 9 21 6 18 15 25 6 9 9 9 3 15
62 19 37 34 73 53 46 35 36 51 16 31 65 57 34 21 32 51 44 51
40 38 38 26 55 31 31 19 34 43 33 24 47 38 25 13 25 46 30 44
3 14 1 10 13 1 8 1 6 14 11 10 11 6 7 1 10 23 7 16
1 8 1 2 7 1 4 1 2 5 1 4 1 2 1 3 3 11 3 7
8 3 6 1 11 7 3 2 2 4 5 2 11 10 1 3 4 9 6 4
13 11 13 12 19 6 10 1 13 15 14 11 17 12 11 6 11 18 10 16
50 27 35 53 73 41 37 29 49 74 38 39 64 58 24 23 49 55 38 56
47 23 37 33 55 33 30 32 40 49 24 39 62 44 32 17 48 39 35 41
8 10 9 12 13 1 4 6 8 15 9 10 13 10 1 8 16 13 7 8
45 33 31 33 42 22 25 26 30 34 35 37 54 32 20 16 35 42 31 40
2 12 5 7 16 1 3 1 4 12 12 8 9 2 1 4 8 14 2 16
52 26 28 51 56 31 37 18 31 66 37 51 65 50 23 23 29 66 40 50
49 44 31 48 58 37 43 38 50 67 50 43 63 45 19 39 48 65 60 58
21 11 13 7 26 11 11 3 21 25 9 17 30 23 10 6 15 11 17 19
30 24 10 26 52 25 33 22 29 53 33 19 38 34 27 28 41 25 27 45
47 30 32 37 55 32 41 27 32 43 28 49 67 47 22 18 36 47 32 43
55 49 47 40 64 34 38 21 45 59 47 43 64 42 29 16 31 61 45 57
8 9 6 6 17 2 3 2 12 17 8 9 21 12 1 4 18 9 9 9
52 36 29 50 65 32 45 25 41 68 47 51 69 49 36 19 52 54 43 55
34 15 13 21 30 25 20 14 20 30 16 31 43 36 16 5 19 35 25 23
27 23 5 31 43 17 27 17 32 54 30 32 41 36 18 19 26 43 28 43
9 6 2 8 10 6 1 1 6 11 8 3 11 7 2 4 9 17 9 9
26 18 15 22 36 8 11 1 16 33 20 18 30 16 12 6 16 31 10 27
41 34 20 34 53 27 38 24 36 48 29 40 63 39 32 17 36 56 46 48
36 49 23 41 63 27 47 28 49 66 33 44 60 46 29 30 50 52 47 57
8 10 3 3 18 7 12 1 8 15 4 10 14 12 2 10 6 15 13 14
44 50 21 46 64 37 54 39 49 67 32 50 66 46 46 33 65 57 53 60
1 7 1 3 7 5 5 1 6 9 6 4 3 7 1 6 1 7 3 11
33 47 20 44 39 18 29 22 46 55 38 45 50 37 29 21 36 62 43 48
43 36 35 32 63 40 39 21 33 61 20 30 50 43 16 35 36 42 33 53
23 36 5 20 44 15 36 19 31 48 28 34 44 27 29 23 35 33 34 46
13 5 11 16 22 6 6 3 15 20 15 9 21 18 9 3 14 14 7 16
11 4 4 1 15 7 8 2 4 7 1 8 12 13 3 4 5 9 6 7
41 29 21 23 55 26 33 29 35 44 29 28 53 42 24 15 40 36 33 39
55 35 44 40 74 43 46 37 40 54 33 40 72 50 35 29 54 46 31 58
42 45 23 34 58 44 48 34 39 60 19 49 60 54 37 30 50 47 47 49
53 34 39 41 62 38 41 35 50 63 47 37 69 43 25 26 42 54 53 51
9 13 13 10 19 6 8 1 8 14 12 8 12 12 4 11 12 17 8 12
19 13 21 20 27 12 17 6 7 21 16 22 28 17 4 13 18 21 12 15
53 25 26 41 52 37 33 33 36 66 31 41 67 52 31 21 43 55 42 48
60 21 52 53 73 44 43 32 43 66 34 47 72 58 32 20 48 54 39 55
21 13 5 16 32 19 18 20 23 37 10 13 33 28 13 11 33 23 24 26
10 10 10 18 24 12 15 8 10 28 10 15 20 18 1 15 16 17 13 18
17 18 4 19 26 2 8 7 18 35 22 22 33 14 11 4 28 28 13 26
5 4 8 4 10 1 1 1 3 2 7 9 10 6 1 1 3 6 3 3
34 40 22 18 43 14 18 8 28 35 26 31 47 24 18 12 26 41 29 35
5 6 1 1 16 2 8 1 1 11 1 7 10 5 1 7 7 10 9 11
36 17 25 12 43 31 26 4 16 32 12 28 42 37 11 14 13 23 22 27
20 19 19 20 34 10 12 6 14 29 21 9 24 16 6 18 21 27 17 25
34 23 22 25 46 30 34 22 38 44 30 27 40 48 28 13 20 32 36 35
20 15 6 5 21 10 8 6 14 24 8 12 26 14 6 11 13 24 22 19
20 6 6 13 27 17 19 8 4 23 7 14 28 23 10 5 16 21 15 15
29 11 16 14 31 21 15 12 15 20 8 13 33 28 12 11 17 27 22 15
33 26 14 22 51 25 40 30 26 41 32 29 47 34 26 25 43 27 34 39
21 21 16 4 39 18 21 3 21 31 15 19 31 29 17 6 15 18 14 29
33 18 24 20 48 24 28 14 25 45 14 24 46 34 15 17 26 30 23 34
44 21 32 35 50 34 24 18 39 54 16 28 50 47 24 16 24 44 24 44
38 27 17 23 53 35 36 22 28 42 8 30 49 46 33 9 37 39 31 37
52 44 28 36 69 42 51 19 34 59 31 56 69 56 37 22 38 47 44 53
40 20 21 38 34 24 16 13 26 44 27 25 45 31 12 16 22 48 24 31
12 8 7 9 17 4 8 5 11 11 3 12 16 16 6 3 14 11 7 6
7 6 5 9 15 3 8 1 1 10 5 11 11 5 1 1 5 11 1 6
12 11 10 14 29 12 11 11 13 30 9 11 23 24 1 16 24 12 10 18
15 9 13 15 18 5 3 1 13 13 14 9 20 14 8 4 9 18 6 13
10 2 5 5 12 4 2 1 8 4 5 5 13 10 2 1 7 7 2 2
40 6 22 35 52 30 32 14 15 50 20 29 46 35 13 23 24 33 22 40
11 10 2 4 12 8 3 3 8 13 2 7 14 8 3 4 10 19 9 11
25 16 14 22 39 16 17 11 26 39 17 14 31 28 17 11 26 29 19 30
23 14 10 16 21 10 9 6 24 24 14 22 31 24 13 3 13 26 19 20
29 23 28 33 37 19 16 7 16 34 23 25 34 24 2 18 25 31 13 23
26 25 22 24 43 26 32 15 14 38 14 32 42 40 16 20 25 30 18 27
27 10 12 12 21 14 3 5 19 19 10 15 30 19 9 1 12 20 14 16
27 22 18 11 54 27 34 13 26 44 11 20 43 39 26 10 26 26 22 40
4 1 1 5 7 1 1 1 5 4 1 3 8 7 1 1 7 5 2 1
8 13 11 13 16 1 4 1 8 15 14 6 10 7 3 10 8 19 5 14
41 37 26 33 46 31 35 15 31 51 26 44 50 51 28 25 22 46 33 42
18 20 8 16 18 6 8 11 24 27 19 25 31 18 8 7 24 27 25 18
2 8 5 4 13 1 6 1 2 8 6 10 10 6 2 1 13 6 3 5
59 41 41 41 76 43 47 27 30 57 46 35 64 49 30 32 40 60 39 60
54 49 24 35 71 50 60 22 46 69 37 47 66 59 56 33 31 61 60 72
44 23 22 29 40 20 14 28 29 37 28 27 53 33 22 5 38 42 30 40
37 28 28 20 46 26 30 19 22 29 18 33 51 38 23 6 26 38 26 29
34 15 15 31 51 23 28 29 33 47 31 33 52 40 18 15 46 33 26 35
32 29 20 40 46 17 31 28 36 39 37 46 47 38 9 10 40 36 27 36
10 5 1 5 17 7 7 5 6 15 1 1 12 9 1 7 16 8 11 9
23 5 16 18 29 18 15 5 15 23 9 17 28 28 5 7 15 18 13 13
21 27 18 17 38 16 27 11 31 34 16 31 43 32 23 1 25 33 26 29
7 2 6 6 8 1 1 1 8 1 6 5 11 8 1 1 5 7 3 3
10 3 8 1 23 7 10 2 8 15 2 2 16 14 4 9 10 4 8 13
14 14 13 20 26 5 4 9 18 25 19 15 25 21 2 9 21 25 14 17
62 18 40 35 72 53 45 42 39 61 35 26 69 56 40 14 45 41 42 51
2 3 5 6 11 1 1 1 1 7 8 3 9 3 1 2 11 5 2 4
41 47 41 29 69 34 38 17 38 52 30 31 51 45 24 29 37 37 26 57
10 1 1 8 20 8 9 7 7 20 8 1 16 11 4 10 18 7 10 13
8 13 6 7 17 6 9 1 9 15 11 9 14 9 6 6 18 12 7 12
15 7 8 11 14 9 7 4 9 8 7 12 17 13 4 1 3 19 12 10
53 50 35 53 79 35 45 10 37 77 42 53 73 51 27 30 43 64 36 68
18 16 13 18 19 6 6 3 7 13 17 20 23 10 5 2 12 25 10 16
14 32 8 18 34 20 27 3 15 31 17 21 19 23 18 18 9 36 21 36
3 5 1 4 13 8 12 1 1 11 6 5 4 10 2 7 5 11 8 10
38 28 41 32 53 27 24 23 37 46 29 33 51 43 17 16 25 33 25 36
10 10 4 4 15 5 3 3 11 15 3 9 15 11 1 2 17 12 6 10
17 7 15 6 18 7 7 1 15 13 8 12 25 14 7 1 9 12 13 9
36 32 31 36 58 31 41 30 42 57 32 37 53 52 28 18 31 48 37 46
53 38 51 40 67 40 39 35 49 58 36 38 66 49 41 13 42 59 42 59
18 14 12 19 21 8 6 6 8 22 19 11 21 14 6 10 18 27 12 14
18 7 11 18 19 10 4 10 14 21 13 13 25 24 3 6 19 20 12 9
15 1 4 8 13 10 1 7 11 13 1 1 17 18 2 1 13 11 4 6
23 19 10 21 42 13 30 15 24 36 17 26 39 27 19 15 28 24 23 30
15 11 11 11 14 12 7 8 7 9 10 10 17 13 6 8 9 22 15 9
6 9 10 8 11 1 1 4 6 4 12 8 10 6 1 4 10 7 4 5
5 7 1 2 4 1 1 1 12 6 2 7 10 5 1 1 1 9 7 7
43 22 22 18 47 31 34 27 32 42 24 28 60 39 32 17 34 36 39 36
10 15 6 8 21 8 15 8 5 19 11 7 18 7 7 12 18 23 19 17
67 48 45 46 81 54 55 32 62 86 54 47 81 65 42 43 46 56 64 68
4 10 3 12 22 6 12 3 8 22 7 9 12 13 2 10 14 13 8 17
16 13 13 11 33 18 16 8 16 28 9 18 25 30 8 8 23 7 5 19
47 23 30 31 63 42 41 27 42 60 15 35 63 53 39 15 43 36 35 51
24 24 12 14 35 18 24 2 21 33 17 28 30 30 18 15 12 22 21 29
20 21 24 24 41 13 20 1 15 30 20 19 28 21 4 16 13 28 11 27
22 7 17 13 28 14 7 10 19 23 7 5 27 22 10 8 23 18 13 17
16 21 10 11 20 8 10 5 14 17 14 17 22 12 8 8 7 33 18 22
25 10 14 15 30 16 6 16 22 31 11 17 40 27 6 7 30 20 20 18
27 16 12 19 38 15 18 12 5 30 22 18 35 21 15 10 27 28 13 29
29 25 16 24 35 13 14 15 32 44 18 30 45 36 18 13 26 36 24 33
17 4 6 6 15 12 5 6 10 11 1 1 17 19 5 5 10 12 10 6
43 43 12 39 51 25 36 19 46 56 30 44 55 47 43 10 37 54 38 55
6 1 1 1 9 4 2 1 4 6 1 3 7 5 1 1 7 2 1 3
42 41 21 44 58 17 33 16 39 65 40 43 57 40 31 23 35 57 36 55
40 23 20 12 54 35 36 24 25 44 12 20 52 40 34 14 35 36 32 39
57 54 30 44 65 38 52 33 38 63 39 61 76 52 46 23 50 67 55 61
17 16 21 19 30 12 13 6 3 17 16 18 21 15 1 12 14 18 2 19
20 8 7 7 20 16 7 15 15 16 5 14 29 21 8 1 22 16 15 12
40 31 29 17 59 25 27 22 31 47 21 25 56 33 26 13 38 40 32 48
45 36 24 37 66 44 55 18 29 53 25 51 61 55 37 24 33 51 44 54
26 28 24 35 49 18 27 14 32 51 37 21 39 31 15 23 33 41 28 40
3 16 8 10 17 1 4 1 8 12 8 13 15 10 2 5 9 18 3 11
19 10 8 18 18 8 4 9 27 27 17 17 29 24 10 3 18 22 17 17
18 2 10 14 18 8 6 7 20 17 4 18 27 24 2 1 12 11 11 4
24 17 16 25 39 21 30 16 26 36 9 29 40 39 22 10 26 26 22 25
57 16 33 23 67 51 44 34 36 57 13 30 65 52 35 21 39 44 45 50
63 42 51 45 80 56 53 32 33 66 31 47 77 60 22 43 45 61 48 60
20 14 9 23 26 13 21 6 12 25 16 22 25 19 14 4 15 31 19 20
56 45 35 53 85 47 55 26 40 81 51 50 73 60 46 30 57 57 37 66
15 13 5 13 18 10 11 6 12 14 9 13 20 13 7 4 12 23 17 14
29 22 27 34 45 24 20 15 27 46 22 21 40 35 8 19 32 35 20 33
60 31 32 39 70 44 46 45 59 69 38 28 76 54 40 28 54 61 60 58
17 6 5 5 15 12 10 9 6 5 3 12 18 15 8 1 7 17 15 7
14 18 8 16 17 5 5 7 19 24 13 19 21 15 6 10 14 24 13 18
13 10 12 6 21 9 16 9 8 15 10 13 22 12 9 12 19 8 13 11
71 28 48 40 80 48 42 44 44 63 41 30 77 46 43 22 50 61 50 67
39 28 8 32 61 32 47 29 36 64 28 46 59 48 20 26 42 43 42 48
3 3 3 7 6 1 4 1 3 7 9 5 5 1 1 1 7 12 8 6
17 16 2 5 24 6 10 5 20 25 11 14 24 15 10 2 20 17 20 22
26 38 25 13 46 13 23 4 25 35 26 27 33 19 14 19 18 29 23 41
53 42 20 34 63 39 51 30 43 53 22 49 68 57 46 13 36 62 51 51
30 41 25 38 44 11 22 21 35 43 39 44 48 34 12 15 36 41 23 42
28 6 11 5 29 20 17 11 13 16 4 12 31 29 16 1 10 24 18 12
1 5 1 1 10 1 3 1 2 8 2 1 6 1 1 3 9 7 6 6
49 31 26 22 55 34 30 22 40 49 27 32 59 47 31 13 36 37 38 43
32 21 11 16 47 30 35 16 22 41 17 27 48 38 26 15 26 29 30 37
1 3 1 4 1 1 1 1 2 1 6 1 4 1 1 1 1 14 6 4
37 28 28 21 40 23 22 9 21 30 24 33 41 32 12 13 15 31 20 34
13 13 4 18 27 14 13 11 20 31 16 17 22 28 6 11 22 19 10 22
17 20 8 11 41 18 26 5 8 37 6 17 26 23 10 18 21 20 15 28
10 7 9 19 23 3 5 4 9 24 15 7 16 16 6 10 13 17 3 18
32 29 13 32 48 23 31 15 13 37 24 36 45 35 25 6 30 45 21 40
15 27 14 29 36 13 21 6 20 38 29 21 16 21 17 21 15 30 13 37
44 18 30 29 52 24 27 19 21 39 28 24 53 32 20 9 32 37 25 35
33 14 7 27 42 26 23 27 25 40 17 23 43 42 21 10 37 35 29 30
7 5 1 1 9 1 1 1 8 12 1 6 11 3 1 1 8 5 8 9
42 33 37 34 64 30 40 21 35 57 40 29 53 33 33 18 28 48 38 54
54 27 32 42 61 38 44 29 43 65 43 52 69 56 28 18 34 53 43 52
20 25 17 28 37 17 22 5 18 39 16 24 32 26 11 16 21 34 16 30
51 30 36 33 53 33 29 18 30 46 24 42 61 48 14 20 23 47 29 40
47 35 26 45 60 27 31 24 44 69 40 27 56 32 30 23 51 55 41 63
53 10 20 37 62 43 35 43 31 48 31 25 62 48 36 21 54 39 39 48
33 24 27 21 35 15 13 16 26 29 28 18 38 23 16 7 20 39 23 33
54 52 29 42 72 42 54 30 56 72 49 51 68 56 40 43 42 52 61 61
6 10 8 9 16 5 5 6 9 17 9 10 14 14 1 6 20 5 3 10
15 16 9 17 26 6 12 6 17 22 19 16 23 17 11 6 19 23 16 23
39 20 22 33 55 25 33 25 35 55 35 29 57 35 31 19 41 39 33 43
25 11 15 16 39 25 32 9 8 34 6 23 31 25 9 25 17 20 22 29
57 40 41 46 65 36 38 38 43 56 44 42 69 41 40 26 54 64 37 65
7 9 3 4 10 1 3 1 10 8 4 9 12 5 3 1 8 9 9 10
42 22 10 25 44 24 33 32 45 53 29 33 58 42 27 12 39 43 50 41
17 21 10 12 31 13 17 6 12 28 9 15 23 15 6 20 13 28 21 27
62 20 25 38 58 39 31 23 36 44 24 32 63 45 37 16 28 60 40 48
3 4 2 1 10 1 2 1 4 6 3 5 6 4 1 1 6 7 7 8
21 7 17 3 33 20 11 5 18 21 8 8 25 29 10 6 13 7 8 18
34 21 27 26 48 30 21 18 30 45 19 8 40 35 12 26 33 33 28 39
25 29 12 33 43 18 25 11 20 46 33 29 32 34 21 18 25 38 19 38
16 3 12 10 20 11 9 3 9 14 3 10 20 18 1 6 7 14 13 7
56 38 40 29 65 46 38 29 41 47 32 34 60 53 29 26 34 49 41 52
34 28 20 32 52 23 24 13 23 50 29 21 40 32 29 14 34 48 20 47
23 7 15 9 25 16 12 7 12 17 7 14 29 22 6 6 15 15 18 10
62 17 33 40 76 57 52 38 35 66 17 33 72 64 40 30 41 55 45 60
36 30 27 23 59 35 46 20 41 56 30 33 47 50 35 24 29 25 37 45
23 28 15 21 41 18 26 16 20 35 23 19 31 26 15 22 25 34 30 32
30 31 18 34 35 18 21 8 24 41 24 43 47 34 20 9 26 41 17 31
9 9 4 6 16 12 12 5 1 15 7 7 8 11 1 12 7 16 12 13
37 33 17 42 48 12 19 13 40 60 42 34 52 31 21 13 40 49 31 46
34 15 24 22 41 29 19 22 27 36 11 18 39 32 20 12 33 33 29 31
2 9 1 5 7 2 7 1 7 6 3 10 8 8 4 3 3 14 7 9
15 4 9 16 24 9 10 2 6 25 8 10 23 16 2 8 14 16 9 15
28 16 1 14 32 19 25 18 11 31 17 19 34 16 25 16 16 41 33 37
8 3 5 1 8 2 3 1 6 1 1 5 10 7 3 1 3 7 5 2
51 16 28 36 55 39 39 37 38 54 31 29 62 46 32 25 35 51 47 44
11 16 13 7 21 4 7 1 10 11 10 14 18 11 5 7 14 15 8 12
22 14 15 19 35 21 25 6 17 30 10 24 29 32 10 17 15 19 16 21
12 10 4 10 15 9 5 4 9 16 8 6 15 10 1 9 14 20 13 12
35 27 13 20 56 35 48 23 20 42 25 33 49 39 32 23 33 35 39 42
24 7 22 6 30 17 9 7 17 19 5 12 30 25 10 2 16 7 5 13
29 33 16 33 54 30 36 18 28 56 25 27 44 36 18 32 37 38 29 47
33 34 31 24 55 26 38 23 40 52 29 23 49 33 26 20 31 39 38 48
38 32 15 19 54 34 36 24 31 53 24 18 47 30 23 31 37 39 43 49
32 43 20 30 54 23 34 21 37 58 41 30 45 26 23 35 43 35 40 53
9 10 12 11 19 3 2 1 8 13 8 3 10 7 1 10 5 12 5 12
31 22 18 31 42 27 32 21 28 51 34 36 44 34 18 25 35 28 30 34
37 33 12 17 46 31 31 19 26 37 18 39 49 44 27 14 26 42 32 41
42 27 25 25 56 37 38 25 30 33 24 33 49 45 27 19 35 32 38 42
46 37 17 34 58 27 44 37 52 67 39 44 68 49 41 24 46 56 55 58
70 32 41 50 69 59 48 37 49 69 26 58 74 77 41 31 39 61 53 62
14 6 5 16 22 9 9 7 14 27 11 11 21 22 9 5 19 18 6 18
45 25 26 41 51 27 32 33 51 62 34 38 57 47 38 17 50 48 45 56
38 22 13 21 37 27 30 15 20 36 16 37 44 37 22 11 19 39 36 37
40 16 8 31 33 27 28 34 39 47 31 39 51 34 19 20 37 38 47 34
8 7 9 6 14 1 9 4 5 8 9 9 15 8 3 6 14 9 7 4
9 12 5 6 11 4 1 1 10 11 5 11 13 7 4 7 6 16 12 12
16 10 6 11 14 3 1 3 21 18 12 15 26 17 5 1 15 15 10 12
8 24 10 11 28 1 18 5 7 16 15 23 25 11 10 2 23 19 10 19
39 15 9 34 44 25 30 26 29 39 27 30 51 35 32 7 39 46 39 39
46 21 38 20 49 31 28 19 21 31 19 30 50 39 16 9 20 34 21 28
11 6 11 9 16 7 6 5 15 12 6 5 14 15 8 5 9 9 7 10
45 40 29 45 47 25 40 24 42 56 33 58 57 48 28 29 32 54 44 48
27 23 4 26 41 21 33 25 32 46 27 28 42 29 22 22 42 31 37 37
8 8 4 7 3 4 1 1 12 8 8 8 10 4 4 1 6 15 13 9
19 17 18 14 27 7 13 11 12 12 16 21 24 18 5 6 23 15 8 16
6 1 5 1 9 1 3 1 1 5 3 2 10 5 1 1 11 3 6 1
10 6 7 6 14 4 4 1 10 5 7 6 12 8 4 1 8 11 8 7
55 25 35 42 67 47 54 28 49 73 40 52 66 59 31 30 27 46 55 59
29 9 15 24 35 23 15 22 22 38 15 12 37 31 17 11 32 31 22 29
13 15 7 5 18 4 1 1 12 15 12 12 21 10 3 2 14 14 9 14
45 34 30 27 59 34 44 22 38 60 27 43 65 44 35 19 31 46 41 52
4 6 6 4 6 1 4 1 8 3 5 5 9 6 2 2 6 11 7 2
25 4 16 4 34 19 18 10 13 25 10 6 31 22 11 10 18 14 19 17
11 9 8 10 17 8 13 6 9 15 5 15 18 8 4 8 12 12 15 12
11 10 7 15 18 1 11 1 9 13 16 14 15 10 8 1 10 18 8 13
34 34 23 33 44 25 29 5 16 38 36 37 37 31 27 15 22 37 19 41
53 21 28 36 54 37 35 42 56 61 43 34 68 49 37 24 52 42 50 48
9 9 7 2 12 7 5 2 4 7 4 9 12 10 1 6 4 14 8 8
13 22 16 23 27 8 12 5 14 25 15 21 27 21 5 9 17 28 10 17
13 9 1 1 22 8 12 6 10 21 4 7 21 7 5 10 16 13 21 20
73 35 45 52 76 51 41 39 53 75 40 41 79 63 48 16 40 70 49 65
23 16 16 13 26 17 13 8 9 21 11 15 26 21 8 10 16 25 14 13
52 23 20 25 65 42 39 33 37 49 19 29 62 46 37 21 40 48 47 54
24 9 21 11 27 14 7 2 14 19 8 4 24 18 4 8 6 19 13 13
43 30 36 35 60 33 40 24 34 52 26 45 63 53 24 15 32 52 35 39
20 23 15 17 27 5 13 9 17 16 20 25 31 16 3 1 22 27 17 22
29 13 22 23 42 20 17 21 23 38 16 17 41 29 19 13 37 24 18 31
3 6 4 2 8 1 1 1 2 3 5 3 8 1 1 1 9 7 6 2
45 31 36 39 60 26 28 20 25 53 32 34 55 28 18 23 41 45 30 51
13 19 14 17 28 3 16 12 14 18 16 23 30 17 8 4 27 19 11 16
34 25 24 22 45 29 24 14 32 44 22 19 37 39 18 21 16 36 29 39
21 17 5 20 40 12 26 10 9 36 27 17 34 13 23 12 32 28 18 37
36 16 16 25 49 27 28 31 33 46 23 23 52 44 23 13 46 33 33 30
20 5 12 13 22 11 13 18 19 19 13 16 31 22 5 3 24 15 21 8
11 20 9 15 32 6 23 3 14 27 17 18 24 20 18 6 18 26 14 27
8 16 6 7 23 2 3 1 13 20 9 10 19 11 1 4 20 14 9 15
43 26 17 35 52 28 36 25 32 51 32 33 61 42 37 11 43 51 36 41
3 6 1 4 20 6 10 1 1 19 8 1 8 10 1 9 13 9 7 15
8 7 3 3 14 10 10 1 3 12 5 7 7 10 3 9 7 9 7 10
20 22 8 14 40 14 18 15 21 40 22 17 37 18 9 18 36 19 22 34
28 15 11 14 36 24 24 17 21 33 20 15 34 22 17 24 21 28 31 34
25 18 1 25 41 24 35 23 32 49 30 30 37 32 16 21 35 29 35 39
7 15 10 4 26 5 12 5 7 19 9 10 18 7 3 15 15 12 12 20
27 40 19 23 39 22 24 2 21 36 26 36 34 31 21 18 10 37 24 40
6 7 6 5 16 1 7 1 7 9 8 7 12 6 3 3 13 8 7 7
38 19 18 23 42 25 18 9 17 36 22 21 41 32 20 9 21 41 19 34
22 15 18 11 30 19 17 9 6 20 10 18 25 22 7 11 13 22 15 15
31 11 26 27 42 22 28 17 10 35 19 31 41 24 6 19 31 19 22 27
18 18 24 11 29 8 10 8 15 20 15 8 24 14 9 14 18 16 13 18
4 1 3 1 6 1 1 1 1 1 3 1 7 4 1 1 8 2 1 1
17 8 6 16 34 15 13 8 9 35 17 4 21 17 14 10 24 19 9 30
7 4 5 1 17 1 7 1 8 8 1 5 14 7 2 3 10 5 8 7
31 27 9 29 40 20 32 23 36 52 31 45 49 40 17 14 38 40 38 40
32 22 27 17 46 26 35 21 26 37 16 30 49 40 24 9 22 35 30 27
23 22 2 16 32 12 25 15 15 21 15 25 33 23 19 8 22 41 30 27
29 37 20 27 43 17 26 4 31 43 19 32 42 28 20 16 20 43 29 39
45 45 28 39 56 27 32 28 51 65 31 37 57 43 28 28 48 52 46 58
10 6 5 6 14 8 7 1 3 12 5 8 9 10 1 8 8 12 6 9
48 32 23 41 72 40 50 28 32 66 26 44 65 49 33 35 44 49 40 59
35 18 26 20 38 25 18 23 28 33 23 16 44 34 20 6 24 34 27 28
47 35 17 47 58 25 33 21 36 71 34 46 66 46 29 17 38 64 39 54
21 26 13 17 26 7 6 10 26 34 16 25 33 25 13 8 23 27 15 28
5 6 1 10 6 1 7 1 6 6 7 8 7 8 5 1 6 14 5 6
22 17 9 21 37 15 21 17 13 35 25 20 35 25 13 13 29 29 22 28
31 26 20 20 55 27 38 21 33 47 26 28 52 35 29 22 44 27 32 43
58 45 54 41 74 55 54 16 40 61 39 41 58 59 25 45 23 50 44 55
37 25 20 31 38 21 15 13 22 43 27 34 47 31 12 11 26 41 22 35
25 21 8 15 19 10 9 11 21 29 17 19 30 18 13 13 20 31 28 25
52 29 18 39 67 43 45 41 50 67 32 41 71 55 33 27 58 53 50 54
29 9 10 12 40 25 20 18 21 34 11 6 35 25 18 15 29 23 23 31
21 10 17 15 28 20 15 12 13 22 12 18 29 32 7 8 17 14 13 12
38 19 13 31 47 25 31 27 22 33 23 25 47 32 32 21 33 49 36 41
26 24 21 25 41 20 17 5 14 38 30 18 23 22 13 23 20 26 15 32
28 15 17 27 37 22 32 13 18 42 11 37 46 33 14 20 20 32 27 31
51 41 26 61 69 36 54 27 33 73 39 58 71 55 40 27 49 71 46 61
45 24 23 27 54 32 25 23 38 56 30 14 49 28 29 31 36 41 38 53
35 35 16 25 44 27 29 18 33 52 27 23 43 34 17 31 29 40 38 44
61 17 40 40 63 54 40 44 45 52 27 27 59 59 47 17 35 61 47 56
30 18 14 19 38 17 20 19 33 36 17 21 42 36 18 10 30 29 29 24
10 9 6 6 13 6 6 1 12 13 5 8 13 12 1 7 9 14 13 12
3 1 3 1 12 1 1 1 4 5 1 1 6 6 1 2 1 5 2 4
9 1 3 6 12 4 1 1 4 6 2 3 11 11 1 1 9 5 2 1
45 24 17 31 41 22 22 24 28 47 29 37 59 38 30 7 37 45 33 38
36 29 17 26 60 32 48 17 29 51 21 36 49 45 32 24 33 30 33 43
32 23 23 13 42 22 19 19 19 28 14 21 41 31 18 7 32 27 19 29
12 5 3 4 7 7 8 4 6 10 1 10 16 8 1 3 6 15 17 6
47 19 47 44 65 38 31 20 32 57 26 23 53 45 17 27 39 43 28 47
39 40 22 28 44 17 20 16 45 49 31 24 47 32 24 21 33 42 35 47
18 10 13 15 27 10 7 10 9 24 16 11 25 17 7 9 26 15 10 17
6 9 8 8 8 1 1 1 5 3 12 12 14 3 1 1 8 12 5 7
14 22 2 14 28 2 21 13 24 32 12 25 34 21 15 9 27 26 25 25
48 43 37 44 65 42 38 22 44 59 43 42 59 56 21 32 37 51 42 49
17 11 20 6 28 7 14 7 9 12 9 15 25 15 7 4 15 10 10 13
50 39 40 51 60 39 38 12 29 54 46 37 48 45 25 31 27 50 28 49
39 35 17 31 55 29 34 21 30 54 21 42 63 42 27 11 41 49 35 42
38 22 14 21 41 25 16 17 26 40 26 19 44 30 27 10 27 45 28 42
15 5 11 12 19 9 1 6 15 18 4 1 16 17 5 5 15 15 5 11
11 5 1 6 14 6 5 4 6 10 3 5 13 13 1 3 7 15 9 8
32 10 13 16 45 28 28 22 17 30 9 10 35 32 21 18 24 31 30 33
18 15 11 17 35 10 14 12 19 32 13 19 35 27 11 4 32 23 14 22
3 6 1 3 13 1 1 1 4 13 3 1 9 4 1 2 10 11 5 10
25 27 7 37 41 18 33 15 29 46 21 42 44 39 21 7 32 43 30 35
34 37 23 34 44 16 26 20 31 39 36 40 50 35 22 13 38 42 20 45
67 36 31 30 69 56 53 44 51 63 26 44 80 65 58 16 45 59 60 63
31 27 15 20 31 17 17 8 22 31 31 25 36 26 26 9 14 38 22 37
51 39 20 39 72 38 45 24 36 63 36 36 58 58 47 23 34 60 32 61
15 10 13 10 20 9 12 1 13 15 2 14 21 18 7 5 6 18 11 10
8 6 1 9 12 3 4 4 9 13 3 11 18 18 2 1 12 15 4 4
10 7 9 8 23 8 13 5 3 18 7 8 17 10 3 9 16 7 9 13
27 17 10 18 44 27 31 19 23 42 19 16 39 32 21 23 33 29 27 38
51 42 25 36 64 36 44 33 30 49 38 42 66 37 32 26 49 58 40 57
27 32 20 20 37 13 14 10 26 37 26 28 36 29 15 18 26 27 23 35
15 11 15 4 24 10 12 7 18 19 8 6 21 16 11 7 12 16 15 18
15 6 7 10 27 10 9 6 13 22 6 9 21 15 7 2 22 10 11 15
30 21 5 6 26 22 23 18 16 34 15 21 35 23 20 19 20 29 35 31
10 7 5 11 12 2 3 7 10 12 10 17 21 16 1 1 17 16 11 2
26 14 9 5 28 22 25 13 10 23 7 21 34 24 14 12 13 25 28 23
10 11 8 11 15 2 3 3 15 14 9 8 17 12 3 4 14 16 10 12
14 18 9 14 21 6 10 1 9 21 10 23 27 16 4 2 17 22 9 13
46 31 32 29 58 26 26 20 46 56 27 27 54 42 30 13 29 44 36 47
35 23 22 14 55 27 38 18 30 44 29 25 50 32 27 17 31 27 34 42
27 21 16 19 29 15 18 6 9 25 17 27 35 21 15 7 10 40 19 22
9 13 8 6 18 8 6 4 11 15 6 5 12 13 1 10 9 17 12 17
35 12 23 24 41 27 26 11 15 34 4 27 42 39 10 18 17 32 23 22
31 18 28 22 36 18 5 13 22 25 15 14 35 23 8 9 25 26 15 24
13 8 11 6 13 5 4 2 3 4 8 13 15 7 1 1 11 7 5 3
23 31 6 23 46 16 33 6 20 45 21 32 38 30 24 14 24 37 24 43
27 8 12 3 28 21 20 17 17 22 8 10 32 21 18 11 12 24 31 23
30 24 22 29 34 15 15 24 21 20 28 25 39 30 7 11 33 36 10 22
34 22 18 27 47 27 34 27 29 46 29 37 50 36 16 23 40 27 33 33
59 43 42 43 69 46 49 38 34 49 46 38 67 43 18 43 46 57 43 58
44 28 21 41 57 42 45 15 24 50 22 43 48 58 34 20 23 43 29 43
15 6 12 7 19 8 9 1 7 12 1 16 19 15 1 5 2 13 6 8
10 20 14 7 16 2 2 1 13 13 13 6 16 3 1 11 9 18 12 15
24 11 17 9 22 12 8 13 23 20 14 16 35 24 10 1 15 22 21 16
18 8 11 12 21 13 12 3 7 17 5 16 19 20 5 5 11 15 5 8
15 18 7 6 26 7 12 3 13 18 7 11 21 16 10 6 12 22 12 17
44 35 31 35 63 35 36 14 37 60 30 29 55 48 16 30 33 44 35 49
12 6 1 12 16 11 8 5 6 16 10 3 12 15 5 6 10 19 10 15
12 15 17 12 21 4 8 8 10 10 17 13 20 9 5 8 18 15 10 13
18 8 14 11 20 10 12 6 19 20 12 14 26 20 11 1 9 23 18 18
12 13 5 3 19 10 10 4 13 19 4 13 19 17 7 7 12 14 9 17
32 17 17 12 42 21 29 14 12 23 12 26 45 28 18 7 26 27 26 20
1 8 5 3 13 3 3 1 2 13 4 1 2 6 1 11 3 7 1 12
26 21 10 16 43 18 26 12 18 27 9 23 37 28 16 13 18 39 30 32
11 7 10 10 21 8 7 5 9 18 8 12 18 17 1 6 20 6 8 8
22 6 14 1 24 14 13 10 16 19 7 6 30 16 11 6 12 16 24 18
15 8 7 19 16 1 2 5 11 18 19 14 24 14 7 1 19 23 8 11
34 23 15 14 41 23 21 13 23 41 23 26 43 29 15 17 30 19 28 33
25 22 24 17 45 17 17 11 19 33 18 19 34 29 10 14 30 20 12 27
46 13 27 17 49 34 29 26 26 39 28 17 51 32 30 13 31 31 33 34
28 14 13 22 42 30 25 26 18 44 17 14 38 36 22 18 33 35 25 36
33 24 12 28 43 19 26 19 17 30 23 30 42 28 25 10 29 47 28 40
49 23 13 29 55 34 36 34 27 41 31 33 61 35 32 16 48 40 44 43
27 20 15 30 45 21 29 13 15 47 26 25 38 21 18 23 29 35 22 40
61 36 31 39 65 44 47 39 55 72 49 39 71 54 49 21 44 55 59 66
6 4 6 1 10 1 1 1 7 4 1 4 11 8 1 1 4 6 5 5
15 25 4 14 25 4 11 1 15 31 15 21 25 16 12 6 16 33 17 28
35 21 19 25 43 23 25 10 23 36 16 32 44 34 12 15 26 31 26 30
17 16 13 7 21 13 11 7 12 13 12 14 23 19 5 10 12 18 14 15
19 11 16 12 24 12 16 1 8 14 8 19 23 18 6 5 11 17 9 10
46 42 16 48 59 33 44 33 49 74 41 45 61 50 43 32 46 62 50 65
44 43 34 53 59 39 46 30 39 64 21 51 60 49 34 33 47 57 40 50
5 1 2 3 11 1 1 1 1 8 1 2 7 7 1 2 4 4 2 2
1 1 1 1 8 1 4 1 2 7 1 1 3 5 1 4 3 3 5 5
49 29 34 42 67 36 44 31 32 61 30 49 62 49 20 33 47 40 36 49
49 38 44 26 68 36 36 33 40 54 37 30 60 38 31 22 41 37 41 52
35 15 9 27 45 30 37 24 13 39 29 25 42 32 33 19 31 38 29 40
28 19 24 18 34 18 18 5 15 27 15 18 37 24 10 12 13 34 20 20
30 33 6 29 45 20 36 17 27 50 24 32 45 22 37 13 37 44 36 50
30 20 16 21 33 8 16 9 14 32 27 28 40 16 19 7 21 29 22 32
50 41 21 32 69 42 52 31 43 54 23 41 61 59 46 14 35 61 49 57
11 5 9 13 16 3 5 3 9 12 9 13 19 15 1 1 16 11 6 3
6 1 1 1 5 4 1 1 1 1 1 5 7 5 1 1 1 8 6 2
16 20 7 1 32 13 16 1 10 26 8 18 27 20 7 12 15 16 16 23
59 39 36 38 62 38 36 27 44 67 39 33 65 44 37 31 37 58 50 60
16 3 6 5 14 12 6 4 2 8 6 8 18 15 2 1 10 13 7 3
54 14 25 26 64 44 40 29 26 47 23 26 62 45 31 17 38 39 36 46
17 9 4 7 12 11 7 9 13 11 5 12 21 15 7 1 11 18 18 10
10 20 10 8 19 7 13 4 6 11 10 21 21 10 8 2 15 18 9 18
27 10 24 8 38 24 17 11 24 30 8 14 34 35 13 5 15 13 12 23
29 13 19 20 46 23 22 16 24 41 17 10 36 27 13 28 29 15 21 29
12 15 4 5 9 6 7 1 13 15 10 16 13 7 8 6 5 21 17 17
40 31 17 39 52 22 30 19 28 55 35 39 57 37 25 12 40 55 34 41
54 42 19 42 74 49 65 42 49 68 35 47 70 62 57 29 49 60 57 67
15 19 8 12 35 14 26 5 19 29 5 20 30 24 17 9 20 21 19 29
43 34 36 35 59 25 27 15 39 53 42 22 51 33 32 15 40 47 30 50
48 27 33 52 64 34 29 32 46 70 42 33 59 44 25 24 55 56 40 57
61 40 45 37 77 58 57 39 57 75 44 48 73 66 46 33 45 40 54 61
39 26 19 28 42 16 16 8 28 45 26 33 54 33 26 3 30 39 18 36
34 36 23 31 65 35 45 22 34 60 34 26 48 39 24 41 43 38 34 54
8 10 5 7 8 3 1 1 9 7 8 7 11 5 1 6 5 18 10 10
41 26 17 38 46 35 35 18 26 44 32 37 42 47 34 24 22 43 33 41
26 23 15 26 24 8 5 9 26 36 23 20 31 23 10 13 16 36 24 31
50 42 15 42 65 37 47 31 46 71 38 54 74 58 37 23 54 53 48 56
31 25 23 23 44 28 30 19 27 39 24 14 40 30 16 30 27 35 33 36
49 47 25 48 62 29 42 28 33 44 39 49 61 46 36 14 51 60 27 54
36 48 20 32 46 25 33 21 28 50 30 42 49 35 33 20 36 53 38 55
8 19 11 7 19 2 6 4 11 21 13 9 18 3 4 14 14 18 17 20
42 30 37 47 69 42 55 19 32 63 26 53 62 56 27 27 34 48 36 56
49 49 38 38 71 30 34 14 44 63 45 34 55 42 34 25 36 49 34 66
17 13 12 26 26 8 12 12 18 23 23 27 31 20 1 1 28 23 17 13
11 2 8 5 12 4 2 1 14 8 4 3 14 11 4 1 5 12 10 9
24 18 24 14 46 27 36 10 18 36 10 25 35 38 21 13 13 23 17 31
29 29 24 12 38 19 18 11 24 28 23 22 34 25 15 15 20 26 20 34
45 39 33 31 56 30 29 20 30 43 39 27 47 35 17 31 31 42 30 49
53 38 26 42 66 35 42 40 39 42 26 51 71 55 34 10 55 56 37 50
50 24 22 34 63 29 39 38 35 53 41 33 65 46 34 17 44 48 44 48
68 30 36 47 69 45 43 53 56 65 47 45 82 58 41 24 65 58 53 60
32 27 12 32 49 30 27 15 36 53 20 31 42 49 24 13 29 40 22 44
39 14 17 23 43 26 20 18 14 39 21 20 46 28 20 14 28 37 27 32
3 2 1 1 11 1 2 1 5 4 1 2 6 5 1 1 4 2 3 6
31 12 6 25 41 21 22 13 24 46 24 12 38 26 22 20 31 30 23 38
9 7 9 9 15 2 3 1 4 10 3 8 11 11 1 5 6 11 1 4
59 31 40 41 75 48 46 19 37 70 36 45 67 61 32 28 29 57 42 60
28 18 15 18 30 15 14 8 26 34 8 29 41 32 14 7 19 25 14 20
58 33 33 34 70 45 47 46 33 41 32 41 66 47 31 30 58 44 36 51
8 2 2 3 11 4 6 4 4 8 2 5 11 2 2 5 10 8 13 6
22 8 14 12 32 13 14 6 22 26 7 15 34 25 8 1 23 13 17 15
36 11 17 21 47 32 27 19 23 45 11 18 43 28 17 19 33 27 28 36
9 14 13 17 26 11 11 1 6 23 14 10 9 16 1 15 5 15 2 20
13 9 11 10 20 8 8 2 8 17 11 14 23 13 2 4 15 12 12 11
18 10 6 18 25 7 7 10 11 28 18 16 29 14 6 7 26 22 14 18
34 6 23 23 45 28 23 19 31 43 13 22 43 46 13 8 22 24 19 23
38 29 23 25 52 26 29 15 29 43 23 18 41 36 18 24 27 38 32 38
19 6 10 10 19 16 9 4 9 16 5 13 22 21 1 4 13 14 11 8
29 27 15 16 36 16 19 18 21 34 21 27 41 15 15 18 36 25 27 30
22 14 8 18 21 7 7 1 11 18 19 13 25 15 13 3 15 31 9 18
32 9 20 6 40 27 23 14 13 28 7 14 39 31 15 12 23 16 19 20
14 4 10 13 21 11 6 3 5 18 1 9 17 20 1 8 6 14 5 9
51 47 32 38 70 37 50 35 45 68 44 48 67 42 42 40 55 51 48 60
30 16 13 26 35 20 20 10 25 38 26 23 37 35 20 11 22 32 21 30
14 21 8 6 26 5 13 1 15 22 10 19 23 14 9 7 17 23 16 21
57 19 23 44 67 42 42 46 41 58 41 39 72 53 33 21 61 49 49 46
23 25 15 12 26 13 16 11 24 30 20 23 32 24 15 17 21 25 28 29
27 38 23 20 45 18 23 8 29 44 23 27 40 25 17 18 29 35 24 41
50 31 25 29 67 42 45 29 32 49 36 34 56 52 38 27 42 37 43 49
18 31 19 23 34 5 17 15 21 26 25 26 30 15 8 12 31 30 21 30
62 52 23 49 70 37 51 27 36 66 49 62 77 57 49 21 49 71 47 64
24 17 24 25 32 15 12 9 22 30 18 26 36 30 7 10 22 26 14 17
56 30 43 48 58 47 43 8 33 56 41 45 55 55 32 34 12 50 37 53
1 6 3 4 6 1 1 1 6 7 3 5 8 6 1 2 9 7 3 4
21 23 18 18 37 11 9 10 31 38 17 14 38 21 8 12 32 26 22 28
52 51 35 50 65 38 48 16 37 72 36 50 64 49 32 36 37 69 48 67
19 1 8 9 20 8 3 1 8 13 7 1 17 13 8 1 6 16 9 11
42 16 12 23 50 42 42 29 24 50 13 35 57 47 27 22 34 34 35 38
26 5 3 16 27 16 15 13 5 24 14 7 27 17 15 9 21 25 20 18
2 8 4 3 12 1 6 1 1 8 7 6 8 1 1 3 13 7 3 5
57 44 41 32 57 31 30 35 44 50 41 33 66 39 31 25 44 55 45 55
13 17 12 13 22 8 13 2 11 17 15 21 23 12 6 2 14 24 16 17
24 21 16 15 44 26 27 14 24 43 10 19 33 38 22 22 27 19 17 34
28 23 13 16 32 14 23 14 24 30 21 21 38 22 21 11 21 38 33 31
33 20 14 17 46 24 26 17 29 46 19 16 41 30 24 15 30 34 30 43
52 29 43 50 71 53 56 22 40 69 27 54 65 73 31 30 33 45 37 52
9 8 4 1 9 3 6 2 1 2 5 10 15 7 4 1 6 13 6 3
30 25 19 14 41 26 25 12 30 38 20 21 36 33 21 15 14 36 30 38
62 47 48 48 68 37 45 33 52 60 38 66 85 63 34 19 54 57 37 57
31 29 21 17 51 28 32 8 15 39 18 24 34 38 19 24 16 29 24 33
44 41 28 37 63 39 50 7 32 61 27 52 59 52 30 29 28 46 42 54
66 51 48 49 84 49 56 39 54 73 40 56 86 64 33 31 54 63 47 65
1 3 3 6 10 1 2 2 6 10 4 3 7 8 1 1 13 2 3 5
46 44 30 37 55 23 36 22 46 59 42 40 52 42 42 20 24 61 43 61
15 11 7 12 29 9 15 4 4 23 6 13 22 13 5 11 13 20 13 19
10 11 7 3 14 8 11 6 7 9 8 10 14 12 7 1 11 15 13 10
44 32 30 29 58 40 42 21 36 51 37 26 48 39 34 40 24 41 45 53
23 18 12 13 31 9 16 10 16 18 16 19 36 21 10 3 26 24 21 16
62 36 44 36 71 50 55 33 42 55 43 45 69 55 36 36 41 44 44 55
25 10 10 14 19 11 5 1 13 18 11 14 26 17 8 3 5 26 12 15
22 18 11 9 41 18 22 9 16 30 12 17 39 23 18 7 30 23 19 28
21 7 15 5 27 17 13 9 21 19 7 6 24 25 13 6 10 15 15 18
23 27 18 17 35 13 20 20 24 30 20 29 39 25 8 15 36 21 15 30
39 20 28 19 56 40 36 19 29 46 15 27 51 50 28 12 24 34 27 39
12 16 13 9 25 2 6 1 13 15 11 9 17 9 4 7 13 17 12 14
63 35 47 37 76 52 48 37 56 77 37 37 72 60 48 38 46 48 49 67
12 10 15 13 19 7 6 1 7 12 10 9 15 12 1 9 9 13 5 9
14 9 6 15 15 9 7 5 10 16 10 13 16 15 6 6 14 20 9 10
18 7 19 17 25 15 15 1 9 20 5 18 20 23 1 14 7 16 8 14
17 6 11 10 31 17 9 7 18 24 2 12 24 31 9 4 17 7 3 17
10 2 3 5 10 6 2 1 7 9 1 10 15 13 1 1 7 8 7 4
6 2 4 1 12 2 2 1 5 8 1 1 8 10 1 3 7 3 3 4
8 4 6 5 9 3 3 1 3 7 2 9 12 3 1 1 5 10 8 3
26 11 17 15 33 19 15 14 10 28 19 14 31 16 11 14 29 16 17 20
18 18 8 24 33 7 13 15 26 34 22 24 32 26 6 7 34 26 19 20
21 18 17 25 40 16 20 6 13 39 14 20 31 29 12 14 21 30 10 28
7 16 10 14 20 8 7 5 16 23 10 13 14 19 2 15 8 15 7 20
15 10 6 4 20 15 14 6 7 12 4 7 16 20 9 10 3 20 10 13
27 20 14 20 29 18 16 2 25 33 17 26 28 32 14 12 10 18 21 24
11 7 7 9 24 6 8 8 18 25 7 10 23 21 5 3 24 10 6 12
34 18 32 23 46 25 31 16 21 31 18 32 44 40 10 14 25 22 14 26
38 44 22 52 54 14 30 21 38 54 53 44 52 33 28 16 48 55 28 48
29 25 20 34 48 15 26 16 31 45 24 37 47 39 12 15 36 35 21 27
24 14 8 5 31 17 22 6 10 21 2 22 32 27 11 4 10 26 21 20
4 3 4 6 5 1 1 1 6 4 5 4 9 7 1 1 8 7 3 1
60 25 12 47 67 39 46 46 47 70 38 43 76 53 52 18 60 63 55 63
44 27 29 46 56 32 32 8 23 56 28 31 45 40 15 27 26 51 20 47
44 31 34 30 55 34 40 26 23 28 34 38 49 43 23 23 31 39 20 39
32 33 12 31 57 29 38 23 28 58 26 33 45 45 26 27 39 37 29 45
32 35 15 22 54 26 33 14 37 54 23 28 46 43 36 13 26 45 25 55
59 63 40 50 70 40 58 34 43 58 54 69 72 60 44 32 45 71 46 69
12 7 4 10 20 6 7 3 11 17 5 12 18 15 3 1 16 8 6 9
58 32 32 41 68 50 39 37 38 45 24 44 67 58 34 28 46 53 44 54
53 43 23 36 66 36 45 30 46 70 43 46 73 54 45 24 50 50 46 64
4 10 1 7 13 6 7 1 9 12 5 8 8 9 1 9 7 13 8 15
15 10 8 6 30 16 16 4 16 25 6 6 21 23 8 11 15 12 16 21
43 32 28 41 57 35 39 34 27 27 27 42 49 46 21 26 39 49 29 44
20 2 12 14 15 16 11 7 3 7 9 12 22 18 5 2 6 20 12 4
31 24 18 23 37 14 16 19 43 41 21 30 50 36 25 1 37 33 27 32
18 2 6 11 20 11 12 5 2 13 9 10 21 18 7 1 10 20 13 8
30 19 5 23 34 22 18 11 15 33 13 21 36 29 25 5 22 40 18 32
7 9 1 9 25 9 11 1 10 23 11 5 13 18 4 5 17 11 6 18
61 44 36 54 70 45 52 30 50 81 32 56 80 61 36 41 48 61 54 65
18 28 12 21 35 22 27 1 21 31 16 26 26 32 21 13 14 28 21 32
6 3 2 5 13 4 9 3 6 13 1 7 9 11 1 7 11 6 8 7
28 33 12 21 39 22 26 7 24 36 26 26 31 27 18 19 13 43 32 41
31 22 12 27 42 22 23 13 25 39 31 31 41 38 21 9 26 33 28 34
20 13 12 13 26 13 14 4 16 27 11 14 27 22 8 11 14 24 17 22
57 38 29 38 71 46 50 30 39 52 19 48 71 63 44 13 41 60 41 52
31 11 21 24 33 24 12 21 31 34 11 14 39 35 17 10 29 30 23 24
51 54 33 45 68 27 44 33 52 64 54 52 69 52 40 28 54 55 32 69
8 9 5 11 10 3 5 9 16 14 8 18 18 15 3 4 16 12 9 7
24 34 17 32 47 21 30 11 32 48 18 38 40 41 18 21 23 36 24 37
17 16 7 9 20 6 12 1 14 16 5 22 25 16 8 1 8 20 13 15
30 15 12 20 42 22 26 25 24 35 17 28 47 41 20 5 37 32 27 23
8 17 3 3 20 10 19 3 7 22 6 15 19 14 9 11 13 18 16 21
51 27 21 54 70 38 43 27 38 69 36 48 65 64 35 18 44 56 28 53
44 28 31 48 52 35 35 30 43 53 40 44 54 45 9 30 45 49 41 36
51 48 33 50 68 29 43 36 55 65 55 53 69 44 15 32 57 60 53 60
2 6 1 1 3 1 2 1 6 6 1 7 6 2 1 1 3 8 9 6
41 35 29 32 57 35 43 11 27 56 21 53 56 43 18 23 28 49 36 49
37 17 32 24 47 33 26 11 19 41 23 18 39 40 17 17 12 37 21 33
43 48 24 40 64 33 46 14 39 66 36 47 50 44 29 43 27 44 45 60
20 8 13 16 20 12 7 4 9 16 10 9 18 16 8 7 2 25 11 14
36 16 12 19 40 22 20 18 27 40 14 20 46 34 24 8 26 36 26 34
27 26 9 29 43 13 17 11 29 45 32 29 41 34 17 13 29 36 21 36
39 34 13 30 56 27 42 24 26 37 19 34 52 37 35 17 36 52 42 43
32 19 17 18 48 28 24 21 24 41 13 13 38 32 19 20 31 33 31 36
7 16 10 11 24 3 13 2 4 19 9 12 14 7 4 11 11 19 10 18
27 14 16 14 34 20 20 2 15 28 10 22 33 28 8 11 12 25 17 22
48 41 30 25 59 29 28 20 35 47 30 38 55 43 25 15 35 39 31 48
47 35 7 53 76 35 55 36 46 80 45 44 66 56 44 29 62 58 43 66
5 7 6 4 14 1 1 1 1 4 10 5 11 1 1 1 15 5 4 4
35 46 26 31 48 21 32 20 34 43 37 46 47 40 23 21 39 36 23 49
42 26 22 35 62 37 35 33 47 71 29 31 56 44 31 29 49 38 42 56
13 4 4 10 17 9 4 4 7 14 9 6 12 12 4 4 11 13 7 12
64 51 32 37 71 41 46 46 55 63 45 45 78 58 43 31 60 56 53 66
24 20 12 17 31 16 10 11 15 30 19 16 32 23 8 12 21 31 20 26
53 26 26 44 62 47 43 13 25 61 22 42 59 58 34 21 28 56 31 52
17 8 21 22 23 13 12 1 5 18 13 23 24 16 1 8 9 19 10 17
55 36 27 54 70 35 46 37 47 54 43 54 73 55 33 14 48 71 50 57
15 9 2 8 21 11 15 11 16 27 17 9 22 8 14 16 17 18 25 27
41 28 20 30 48 35 32 22 27 32 17 29 51 40 25 18 33 52 36 39
7 4 1 2 8 4 4 1 2 9 3 3 7 5 1 3 11 10 5 2
17 28 9 20 22 1 7 7 27 32 19 24 27 15 12 11 19 31 23 29
52 43 29 52 67 37 40 26 41 63 52 48 60 56 33 29 45 46 38 53
25 21 12 26 44 19 28 15 21 45 15 29 40 37 9 16 28 35 25 27
13 6 8 8 19 7 6 4 11 15 8 4 17 15 3 3 18 11 12 8
31 19 23 25 44 22 18 17 23 39 16 25 48 39 17 9 31 31 17 30
22 20 15 7 30 16 12 1 19 26 15 17 28 24 10 13 16 17 17 21
23 16 10 21 34 12 11 1 19 35 19 12 26 22 15 10 17 29 10 32
12 13 9 9 23 7 8 4 14 20 2 10 20 21 9 7 13 15 2 13
27 18 25 18 44 25 24 9 19 38 19 12 34 27 10 25 20 20 21 28
40 37 29 45 69 28 49 25 33 56 38 55 60 55 22 20 49 39 27 44
66 53 41 44 80 44 55 43 55 62 46 54 84 58 49 19 60 64 47 71
51 36 28 35 55 23 24 24 33 47 40 35 59 31 25 15 48 48 27 52
46 29 31 37 59 34 39 20 14 44 32 30 53 35 20 29 27 52 33 48
11 15 14 10 25 7 9 2 8 20 9 15 17 14 1 9 16 11 7 15
40 12 23 28 41 24 25 6 15 35 20 22 40 30 21 8 17 39 19 29
4 5 5 5 10 2 4 1 3 6 7 5 4 4 1 3 6 8 4 7
35 30 13 30 49 14 29 16 28 48 33 23 47 22 26 22 30 47 36 47
3 8 1 1 6 1 1 1 5 6 1 5 7 1 1 1 4 9 6 8
59 39 37 53 64 41 43 40 44 43 40 43 67 49 31 35 50 66 51 54
31 28 12 18 35 26 28 13 17 35 16 34 36 34 22 17 12 41 31 34
30 27 29 24 51 21 25 12 17 37 23 23 36 30 10 21 26 25 16 33
32 26 20 27 47 25 26 13 27 47 23 31 48 45 18 15 22 42 25 32
18 18 16 13 32 13 12 9 12 25 14 16 26 19 12 8 26 20 8 21
33 34 26 27 39 16 20 16 32 45 24 35 46 32 19 20 30 36 28 35
11 22 10 19 23 6 11 2 14 24 12 17 22 14 6 10 16 29 12 20
10 18 8 10 24 2 7 3 11 16 17 14 22 10 3 1 21 15 10 19
9 4 8 2 14 4 3 1 11 9 1 4 14 10 4 1 1 11 7 9
44 16 31 23 54 35 35 17 17 42 17 25 52 33 16 28 23 37 36 35
46 28 35 32 64 40 37 29 40 55 18 39 68 60 33 9 40 48 32 44
41 27 35 26 59 35 33 27 37 48 22 33 57 51 31 7 38 32 27 41
37 20 21 26 44 20 19 24 20 26 23 21 44 31 15 9 36 36 20 30
19 23 11 13 31 14 17 7 15 31 17 16 29 23 11 15 19 32 21 29
32 15 17 11 38 23 17 15 9 26 9 20 41 24 8 9 25 25 22 21
3 7 1 4 4 1 3 1 3 6 1 6 4 4 1 4 4 12 4 4
13 12 8 6 12 5 3 1 10 10 8 11 17 7 3 3 9 16 13 11
9 3 1 3 4 6 2 2 3 5 1 3 8 8 1 2 6 10 6 1
25 20 18 24 40 8 14 4 13 28 25 21 32 18 12 6 21 29 13 28
13 9 6 6 26 8 10 11 8 23 10 7 24 10 5 11 29 4 11 14
45 34 22 32 65 46 45 33 41 64 19 36 58 61 38 26 45 41 40 50
7 7 3 4 14 7 10 2 7 12 3 6 11 10 1 9 8 13 12 11
20 9 12 10 19 13 12 9 12 14 8 13 26 17 7 8 10 23 21 12
3 3 6 1 12 2 2 1 7 4 3 5 10 8 1 1 3 4 3 7
32 22 20 43 52 30 31 31 40 60 34 31 43 44 20 16 50 46 30 46
59 39 51 50 70 46 49 25 27 48 34 47 67 55 17 32 32 64 39 52
39 32 25 33 52 30 40 28 42 45 35 38 49 46 33 16 33 40 37 38
13 4 8 10 10 7 1 5 8 7 9 6 15 13 1 1 11 12 8 1
70 38 43 59 72 43 37 36 55 74 56 56 79 65 38 23 53 53 45 62
21 20 8 19 28 12 21 15 19 33 26 20 33 13 21 18 26 32 26 31
19 16 13 1 22 11 12 6 16 16 6 12 26 15 10 4 10 24 21 17
31 31 21 31 54 23 28 18 28 49 34 33 43 38 17 24 35 32 25 41
18 31 14 22 38 22 24 4 20 39 20 18 27 27 11 23 21 35 20 35
45 36 28 48 64 29 34 27 39 65 43 34 63 41 31 27 55 52 32 53
43 30 29 43 58 31 35 15 21 49 34 44 50 45 24 16 35 40 14 45
50 34 29 47 70 38 50 40 46 57 46 45 69 53 32 27 64 49 36 56
50 32 32 33 67 35 46 25 33 58 28 35 63 48 31 29 38 48 39 46
27 34 25 30 47 15 29 21 30 30 30 39 47 35 15 13 43 33 14 33
42 19 25 14 43 24 28 19 19 25 15 29 52 30 19 4 24 33 30 26
33 47 26 33 45 19 31 11 43 51 33 33 48 33 35 12 26 57 37 55
11 7 8 9 19 3 6 7 1 12 15 8 19 2 2 4 21 9 9 12
7 5 1 5 20 7 6 1 4 16 6 2 11 11 1 2 12 11 4 14
18 7 6 6 27 11 14 9 11 20 8 9 26 11 8 13 19 11 17 16
17 1 3 7 26 12 8 11 12 25 3 5 25 20 5 10 22 8 12 13
36 20 31 18 57 28 26 21 36 50 19 10 48 31 25 17 34 33 33 46
15 5 12 6 22 10 10 5 11 14 6 5 16 17 9 4 10 10 8 13
28 40 20 27 45 16 32 15 25 45 34 41 47 29 28 16 33 39 31 49
10 8 3 7 22 9 14 5 6 19 7 6 14 11 3 11 16 15 14 16
1 5 1 1 5 1 4 1 1 4 1 3 2 1 1 1 6 8 5 3
29 25 16 26 48 24 23 21 31 51 21 17 41 37 12 23 38 32 29 37
46 43 34 43 74 34 50 17 38 69 32 45 64 52 34 22 32 60 39 62
49 34 21 36 60 38 39 36 40 47 27 41 59 46 40 17 49 62 48 58
38 24 30 23 53 25 24 26 24 39 18 29 51 40 15 17 41 25 17 33
55 34 30 48 74 43 47 26 41 74 41 37 64 55 32 40 41 52 44 60
17 5 10 8 17 11 6 4 6 9 1 9 17 14 1 4 5 12 9 6
37 29 23 27 55 18 27 23 26 42 33 25 46 27 20 19 45 34 25 44
8 1 2 5 5 4 1 2 6 1 3 1 8 9 1 1 1 12 8 3
51 26 36 44 60 35 42 21 32 58 30 34 58 45 30 20 20 59 36 49
3 5 6 9 7 1 1 4 11 9 8 7 14 11 1 1 15 7 5 1
39 23 20 10 40 28 33 27 34 38 22 24 51 30 31 17 27 36 43 36
40 42 27 33 55 21 32 20 28 40 40 38 48 35 21 21 33 48 27 48
19 14 17 21 34 10 6 11 24 31 15 16 31 27 8 7 27 19 8 19
65 33 34 53 73 48 54 34 51 82 40 53 83 63 51 26 45 65 51 66
58 20 24 53 70 43 49 38 41 72 42 43 72 54 32 33 48 62 53 57
28 17 8 12 24 15 8 9 28 28 13 15 36 24 15 3 19 29 23 24
8 4 3 3 14 6 4 3 5 13 1 2 10 9 3 1 15 6 2 7
13 22 11 18 30 6 17 3 15 26 21 19 24 18 15 7 20 30 14 26
7 7 7 4 12 3 4 1 5 8 4 4 7 6 1 7 8 11 7 7
59 33 38 42 72 44 50 39 45 66 34 48 74 67 36 24 44 57 47 47
23 22 14 13 27 10 16 17 17 25 19 23 34 11 10 14 31 20 23 24
40 33 14 43 59 31 43 21 35 58 35 42 54 53 38 12 38 59 34 50
12 17 5 1 25 5 11 1 10 21 3 16 24 17 8 5 12 18 10 18
18 6 11 9 22 9 9 13 11 13 9 10 29 19 6 3 21 13 15 6
2 6 3 3 7 1 6 1 1 3 4 9 5 5 4 1 1 10 1 4
15 27 4 14 29 11 22 9 18 39 19 21 27 16 15 18 21 33 26 38
17 20 19 21 27 10 15 8 22 26 11 21 27 25 11 14 13 22 11 18
3 1 3 6 9 1 3 4 7 9 1 4 9 9 1 2 11 3 6 3
14 10 7 9 19 6 6 1 11 13 10 9 17 12 5 5 14 17 11 12
41 37 28 28 41 23 31 29 48 48 38 45 60 47 34 9 32 53 45 41
20 22 17 21 33 18 16 5 20 33 21 13 20 26 8 22 17 24 12 26
26 21 25 21 40 10 19 13 18 26 23 19 33 23 11 12 24 30 13 30
9 11 12 6 19 3 4 1 7 11 7 9 16 9 1 7 11 12 9 9
24 3 19 20 25 16 5 10 22 24 6 10 31 27 10 1 22 18 11 15
28 16 11 18 24 13 10 3 16 26 16 23 30 19 13 5 10 31 14 22
10 8 7 5 10 4 6 1 10 5 4 9 12 9 6 5 7 12 8 5
33 20 22 35 53 23 25 10 25 54 27 26 43 37 16 21 29 37 20 39
23 7 13 10 29 18 14 5 7 20 10 8 25 26 9 4 13 20 12 15
50 56 33 55 67 35 53 34 53 79 39 62 72 54 43 34 52 66 55 67
12 8 1 7 14 6 10 5 5 14 8 8 17 9 6 5 7 26 17 15
5 7 4 9 14 5 6 1 7 12 8 5 8 9 1 8 8 14 8 13
15 5 9 9 18 8 10 5 8 15 9 6 18 13 7 7 11 17 13 12
12 9 13 11 17 2 1 9 12 12 12 14 23 17 2 3 20 5 3 5
9 8 6 7 15 6 6 1 3 10 3 8 9 8 1 5 4 11 5 8
25 25 16 10 46 24 28 9 22 39 13 13 32 29 16 23 18 29 26 36
30 22 11 23 34 20 18 12 30 44 17 34 43 37 11 10 26 30 26 29
18 11 22 20 27 9 11 4 18 26 15 8 24 17 6 11 10 22 14 19
26 34 9 22 39 8 26 22 29 44 32 37 47 21 21 14 42 35 34 39
19 23 22 14 39 20 28 13 27 34 24 21 31 30 18 12 19 26 22 32
22 21 17 12 30 16 11 11 15 26 12 12 26 21 12 11 23 26 15 21
48 36 31 47 57 33 41 44 39 49 48 44 63 42 24 34 53 55 35 50
31 29 21 22 44 21 24 14 12 30 23 26 40 27 15 14 26 39 23 28
30 18 25 14 37 24 15 6 21 30 12 9 32 28 8 18 14 25 20 25
69 23 52 44 81 54 49 41 37 68 37 39 76 61 48 22 49 59 41 62
64 46 47 44 69 46 55 38 59 74 37 62 82 67 48 22 45 59 56 61
60 41 53 48 78 44 45 36 58 68 39 39 72 59 38 19 51 52 45 56
8 15 6 8 17 2 10 6 15 19 5 15 21 15 4 6 19 15 12 13
20 30 15 6 36 8 21 4 25 32 17 26 36 22 21 6 18 29 22 33
16 16 12 11 25 8 7 1 12 21 10 17 25 16 1 5 11 22 12 17
42 15 34 34 48 32 19 12 14 40 19 19 44 33 8 19 24 39 23 31
62 30 48 49 68 47 45 34 33 46 30 53 77 62 28 22 43 59 31 49
1 2 1 7 6 1 1 1 1 7 9 1 3 1 1 2 6 11 3 6
43 24 16 32 60 37 45 29 20 53 32 26 48 38 29 33 38 45 41 47
29 25 16 24 43 18 17 20 32 42 25 31 45 33 10 9 40 34 24 33
49 45 25 34 58 42 52 24 36 60 25 51 61 53 41 27 33 53 48 56
17 21 7 22 36 18 27 18 27 40 25 34 32 34 9 18 31 29 24 29
6 7 1 1 5 1 1 1 8 8 4 11 10 2 2 1 2 11 9 9
28 21 24 23 34 23 18 3 10 33 18 29 33 25 3 20 9 35 22 32
25 19 16 25 42 10 27 6 15 33 24 26 39 21 24 6 25 29 15 30
57 27 31 38 69 44 51 48 41 44 31 48 73 58 41 17 48 54 52 49
54 28 30 43 73 47 46 36 41 69 36 26 63 50 36 36 50 52 48 61
51 41 49 45 75 41 42 28 44 65 44 41 62 57 28 20 38 47 31 56
9 9 7 5 18 6 7 4 6 15 7 5 14 10 1 9 17 10 8 9
38 26 24 20 29 17 10 22 28 26 21 28 44 24 18 3 33 35 25 31
10 5 10 6 17 5 2 1 1 11 2 5 13 10 1 4 7 7 1 4
29 24 19 29 26 14 16 14 22 29 28 37 42 23 12 3 23 36 23 26
35 29 19 41 54 40 49 28 30 56 16 42 49 46 32 27 40 39 35 46
6 10 1 7 13 3 6 3 8 15 1 9 10 10 2 4 13 14 8 10
13 8 14 10 13 9 6 1 8 7 9 13 17 12 1 1 11 9 9 4
9 8 11 8 17 9 10 1 4 11 9 12 13 12 1 7 9 8 4 8
27 6 18 16 22 22 18 7 2 15 6 20 28 24 5 10 8 24 15 8
9 11 6 5 10 1 3 1 13 7 8 12 17 9 6 1 3 17 6 11
16 11 18 11 22 11 7 8 16 17 11 6 21 18 8 8 13 20 13 13
5 8 3 5 14 2 6 5 7 16 2 8 16 7 1 8 18 8 9 8
56 41 43 35 80 48 53 18 29 65 36 42 63 50 26 44 37 40 43 58
23 8 23 18 32 17 14 5 14 23 12 15 28 28 6 8 14 16 8 16
23 29 16 19 32 8 13 14 25 32 27 25 37 14 11 8 35 28 21 33
41 26 23 37 60 38 47 19 21 45 24 43 50 48 22 28 26 51 42 49
33 26 32 19 52 22 24 18 31 43 22 18 43 32 15 20 32 27 24 36
16 8 5 11 21 9 6 6 15 17 12 6 21 15 8 1 17 18 12 16
15 22 14 19 25 8 14 2 7 16 12 26 27 18 8 3 17 24 7 16
28 18 24 17 36 16 19 9 25 37 13 27 43 27 9 10 18 30 24 26
12 14 7 5 20 7 10 5 2 14 11 8 18 6 3 7 17 21 14 10
21 30 4 21 40 15 31 14 24 32 20 29 32 33 26 17 26 30 20 33
56 34 34 56 62 38 40 30 47 63 42 45 60 50 45 11 55 59 39 56
14 14 7 8 19 6 6 3 12 20 12 7 20 10 6 7 10 26 18 21
5 5 7 12 5 4 4 4 7 6 12 7 7 8 1 1 8 12 6 5
9 8 1 6 15 7 9 4 8 14 4 10 16 12 1 3 11 19 15 11
22 12 10 18 33 19 19 14 23 36 25 15 33 23 17 17 23 20 24 31
24 20 20 16 39 10 11 11 10 25 20 11 30 12 4 17 28 18 14 23
31 21 13 34 42 16 26 25 26 41 35 35 46 30 11 10 40 39 27 37
40 49 28 40 54 26 41 21 34 57 41 55 58 45 29 23 38 48 37 54
22 29 18 30 40 20 25 4 22 41 26 16 26 29 17 23 14 41 17 40
15 13 3 10 24 9 8 8 18 28 5 18 26 23 2 9 18 21 16 17
2 8 1 1 8 1 5 1 1 5 5 6 5 1 1 1 8 10 4 6
16 27 8 21 28 10 16 10 25 41 24 26 29 26 11 19 22 31 23 31
22 8 16 19 26 15 8 10 14 23 13 18 30 22 3 1 27 13 10 11
17 6 8 21 22 8 11 14 20 28 18 14 27 23 8 7 27 20 14 12
15 1 7 7 20 11 11 6 1 14 1 10 18 14 1 6 11 9 13 8
21 22 21 25 25 6 11 18 26 17 26 26 35 20 4 9 29 27 16 21
17 16 13 8 31 12 5 7 13 25 11 7 26 15 3 9 23 21 14 21
50 23 28 38 52 26 22 18 31 57 36 29 62 33 20 23 32 44 35 43
11 19 7 4 23 3 13 3 16 20 7 14 21 9 8 9 16 20 19 19
33 33 26 31 41 23 28 19 43 48 28 30 47 39 21 19 24 50 35 40
6 1 1 1 6 3 1 1 1 3 2 1 6 2 1 1 7 6 2 1
54 20 26 55 70 47 42 44 52 75 43 32 64 51 26 38 60 51 49 59
25 23 23 21 40 24 14 6 21 35 20 20 25 30 11 21 19 13 12 28
4 2 1 6 8 6 5 3 4 12 2 1 6 9 1 7 7 12 10 7
18 10 7 9 16 10 7 1 10 19 8 16 21 15 4 4 5 18 14 14
46 38 19 54 67 31 39 30 49 66 40 53 66 59 31 17 51 59 33 52
50 35 36 37 52 29 16 27 48 51 33 31 62 43 14 17 43 46 37 41
68 36 44 55 65 37 39 32 50 68 52 60 79 60 38 11 41 64 43 57
48 36 30 23 47 28 22 18 41 48 26 25 53 37 22 20 29 45 41 44
18 14 13 18 25 9 11 6 19 29 6 23 30 21 2 10 15 23 17 17
48 52 32 55 69 33 47 20 38 61 35 58 65 51 29 29 45 62 40 55
