1000 20 13 1201
5 24 3 9 2 2 9 3 17 3 2 10 5
3 1 4 3 5 4 7 2 8 5 7 4 16
14 3 7 8 8 1 2 5 1 2 5 2 5
1 2 2 5 9 14 7 1 3 3 7 2 14
1 1 2 3 1 5 1 3 1 4 4 8 5
10 2 0 8 1 1 6 5 0 4 3 2 1
6 5 3 9 12 0 8 1 4 1 3 2 3
1 1 8 1 4 5 2 1 0 1 5 7 1
3 8 17 2 7 2 2 14 4 0 8 2 7
1 3 3 11 4 9 6 32 7 14 3 2 2
5 10 1 4 8 13 5 0 5 8 10 13 2
1 0 20 8 11 5 1 2 0 17 8 1 2
0 3 15 2 2 3 3 1 0 5 7 3 9
2 17 12 1 2 1 1 4 3 13 10 8 12
6 6 3 1 3 0 7 2 1 2 1 1 13
3 1 3 6 9 12 14 16 8 1 15 13 8
1 4 6 6 0 5 1 3 7 2 1 3 3
3 5 0 2 1 4 16 7 1 5 3 6 3
1 0 1 2 2 2 2 6 0 8 5 3 2
13 2 4 1 0 6 12 1 16 5 3 4 5
2 6 1 2 1 2 6 3 1 5 0 4 1
3 2 4 1 3 9 2 2 6 4 6 6 1
0 12 1 18 0 3 1 3 4 8 5 8 9
9 7 12 2 13 3 0 8 5 3 6 6 9
22 14 1 2 1 6 10 4 1 3 4 5 11
6 16 7 0 2 8 0 6 2 6 10 5 2
7 2 2 2 6 2 3 3 2 6 2 2 7
1 10 17 5 0 2 7 8 1 22 2 1 20
6 9 7 9 0 2 7 1 11 12 14 1 0
4 0 5 7 3 1 6 1 3 2 1 5 1
13 11 15 14 20 5 2 3 16 0 7 5 6
27 6 5 0 2 0 2 4 2 13 11 5 5
3 5 21 1 5 7 2 14 4 8 3 14 1
1 2 2 2 5 0 5 4 1 2 2 2 3
5 7 10 1 4 3 3 6 1 5 1 1 2
1 2 3 4 1 8 4 20 11 8 7 7 2
8 0 9 2 4 4 4 9 8 5 10 5 2
6 11 2 9 2 5 1 2 7 4 11 12 18
11 7 2 2 10 3 4 4 7 6 9 1 10
2 0 12 7 3 15 3 4 5 6 16 6 25
3 0 0 0 5 4 8 1 2 4 3 3 0
8 7 0 2 7 9 4 2 9 11 8 3 2
10 6 10 1 6 9 0 6 0 0 14 10 2
14 13 7 10 9 2 12 0 9 7 5 8 8
9 2 17 5 7 2 0 22 4 4 16 4 0
1 1 13 9 3 12 0 0 3 3 11 2 23
8 7 6 4 11 2 13 10 4 2 8 8 5
3 1 11 1 4 4 2 1 6 2 9 2 9
3 0 2 8 7 0 12 0 4 2 3 12 1
10 1 3 4 2 6 4 9 1 2 0 3 0
4 3 0 12 4 19 13 11 1 3 13 3 15
2 11 0 17 1 1 4 2 6 11 2 9 1
9 3 9 4 5 11 5 9 8 2 10 3 4
1 10 7 9 5 1 3 6 8 4 4 14 14
3 3 0 8 1 0 1 1 2 3 1 1 1
12 4 2 0 4 10 13 5 0 15 4 3 6
5 5 4 8 4 8 9 10 1 4 6 8 4
13 13 5 5 14 3 14 5 3 9 15 1 5
5 7 5 0 2 11 4 0 6 13 10 1 8
11 2 6 5 3 3 5 2 1 6 3 5 4
6 11 2 11 8 1 7 4 2 4 8 5 5
15 1 5 0 4 9 4 3 7 5 2 12 9
3 1 10 12 5 1 9 4 2 10 1 2 0
4 3 7 3 12 2 24 0 7 4 3 14 1
3 14 4 2 6 12 7 4 6 6 1 7 7
4 0 14 5 3 7 6 12 2 7 5 12 4
2 1 4 2 8 2 5 2 1 4 7 6 1
12 5 16 0 5 9 1 5 16 0 2 9 3
5 0 11 5 1 2 12 5 1 5 3 5 7
5 5 4 3 2 6 5 9 4 6 7 4 8
7 17 4 1 10 15 11 3 6 3 6 2 3
7 9 10 9 6 3 9 9 15 8 4 6 4
4 10 6 6 6 18 0 10 10 0 3 3 1
10 3 1 7 0 6 8 11 0 8 3 8 6
4 7 4 0 4 0 4 1 3 1 2 1 8
1 1 6 10 6 1 2 3 11 2 9 2 2
2 3 4 3 10 4 1 8 4 5 5 2 2
12 1 3 5 1 7 15 1 5 8 20 15 3
3 4 11 4 1 5 5 0 1 8 3 0 8
1 5 2 7 7 10 4 10 6 9 11 5 2
6 14 4 6 18 5 8 12 10 19 4 11 7
13 1 2 5 6 7 2 8 0 4 8 2 3
5 14 2 4 3 6 1 3 4 9 8 2 2
3 3 1 2 7 5 4 2 19 13 5 6 14
2 6 5 4 22 4 14 10 12 10 4 5 4
4 2 7 4 6 3 2 1 6 0 3 4 1
3 2 4 1 1 4 5 3 13 7 0 9 2
4 3 2 7 1 3 7 4 2 4 4 6 4
18 10 11 14 7 2 2 1 5 10 4 0 19
2 2 1 4 1 1 4 4 1 4 4 2 2
4 2 2 10 13 4 5 10 2 9 5 3 21
4 4 1 11 2 0 6 8 9 4 4 6 3
1 8 5 1 1 3 0 0 8 6 8 2 4
2 9 3 18 3 8 0 2 8 6 0 8 9
2 1 0 1 2 3 4 5 10 1 11 1 9
3 3 6 2 1 1 3 7 3 1 2 1 1
11 4 3 5 2 3 0 1 11 17 8 15 16
2 2 3 7 4 4 1 2 2 4 0 1 4
18 3 0 12 7 5 6 20 5 0 9 14 12
8 9 6 3 11 8 7 1 2 0 9 3 13
4 12 1 5 3 3 5 4 2 10 7 4 2
2 1 2 10 2 3 4 5 9 4 5 5 2
2 12 4 3 0 13 10 0 5 4 10 7 7
7 2 3 1 1 1 6 0 6 4 4 5 0
3 5 16 7 3 2 12 9 2 5 7 1 5
13 2 7 9 2 4 7 5 4 1 6 12 2
5 9 8 3 0 5 7 1 12 6 10 9 5
2 3 3 7 8 12 0 8 3 8 3 11 13
4 3 2 3 0 1 2 4 5 8 9 1 2
6 13 4 11 3 7 3 4 7 3 0 5 5
8 8 7 6 7 7 14 2 0 2 1 7 2
6 0 2 3 1 1 5 2 1 2 3 1 3
9 9 1 4 3 3 12 2 6 0 4 6 6
3 7 7 7 1 3 0 1 1 5 3 2 3
9 8 10 6 6 1 13 2 6 2 12 5 16
4 4 3 2 0 0 2 1 0 8 1 2 1
17 5 2 11 9 18 4 15 13 5 2 4 3
1 5 3 3 3 2 1 5 2 1 8 7 1
4 0 1 7 4 10 6 7 12 11 18 5 4
2 13 16 14 13 13 2 2 14 8 2 14 2
1 1 2 1 3 0 3 5 5 1 3 6 3
8 5 7 11 4 6 0 10 3 1 13 5 10
0 0 3 1 2 1 7 5 8 3 0 0 0
6 8 2 0 5 5 10 1 2 6 0 3 10
3 1 4 3 6 0 1 2 1 1 2 3 6
3 14 1 4 5 12 9 12 3 11 5 8 3
9 5 8 10 21 4 6 16 3 6 11 5 9
4 8 7 11 4 1 1 8 2 12 19 2 9
2 4 6 1 2 6 2 2 5 2 5 0 2
6 3 2 7 2 2 2 1 5 3 6 6 4
1 4 6 14 5 4 4 6 5 2 2 1 4
4 3 1 7 9 11 2 1 8 6 13 5 4
8 4 5 4 1 3 3 1 4 1 1 5 1
2 2 3 8 3 5 2 13 2 2 8 4 3
0 2 0 8 14 8 5 6 5 9 4 5 25
5 1 7 18 12 2 23 3 3 6 1 7 14
1 7 0 14 13 2 8 5 10 3 1 4 6
7 2 7 8 5 2 3 5 5 1 2 6 5
3 16 10 10 3 7 6 0 9 8 4 7 8
9 3 13 1 6 15 26 7 3 4 4 0 9
4 10 1 7 13 9 1 6 2 1 11 2 3
5 1 5 10 0 5 10 8 3 9 11 3 8
0 6 4 2 23 1 13 7 0 4 9 2 6
13 2 4 8 9 0 4 2 6 18 0 5 6
0 10 6 0 12 9 2 8 7 4 5 6 2
3 4 6 3 15 5 1 7 7 1 2 1 8
1 3 1 1 1 6 5 1 4 4 4 5 1
8 12 17 2 15 11 2 8 2 3 7 10 8
4 9 0 7 1 5 5 5 4 11 3 7 5
3 2 7 2 2 5 4 2 2 3 3 1 3
3 1 1 6 12 1 2 2 8 5 6 3 1
2 3 1 1 11 1 5 5 2 3 9 0 0
10 5 3 2 3 7 11 2 6 2 5 0 11
2 4 8 19 2 4 3 1 4 4 6 6 2
7 0 9 3 0 2 8 4 2 1 4 4 5
2 0 2 6 1 3 2 3 1 5 5 1 1
6 6 2 3 1 3 1 2 6 8 4 1 2
1 1 5 0 3 0 2 2 8 1 8 0 2
11 11 10 1 3 5 8 10 12 7 20 7 1
6 5 4 1 1 5 16 0 1 11 2 4 4
8 2 1 3 4 8 0 7 2 3 1 4 5
3 14 17 12 2 6 3 4 0 1 3 6 6
2 3 3 2 6 3 4 9 5 12 4 1 4
9 12 12 8 1 4 9 8 0 4 4 8 4
11 0 0 5 1 2 1 3 0 5 6 5 6
26 3 12 8 1 11 18 0 5 12 4 6 3
3 7 11 1 5 4 8 4 7 1 3 9 1
4 1 1 9 1 1 2 4 4 3 7 4 1
2 7 4 6 11 6 4 12 8 13 8 6 6
5 1 3 3 3 2 2 2 0 2 6 1 4
8 22 8 2 2 11 7 6 4 2 23 8 6
7 9 8 6 4 18 1 14 14 13 8 4 3
3 5 3 3 1 1 6 4 5 4 4 0 1
10 2 5 6 19 6 3 14 5 3 2 9 2
6 1 1 13 10 7 8 11 6 11 5 2 3
7 2 11 5 14 7 9 7 4 9 2 1 1
1 10 2 7 22 11 0 7 3 8 1 10 9
1 5 8 3 5 3 8 4 4 10 5 12 8
7 10 1 7 8 2 7 1 2 0 5 0 3
3 8 5 3 3 5 3 1 2 0 3 5 3
1 2 2 4 0 0 1 5 5 1 2 6 10
3 2 4 2 3 1 5 5 3 2 2 3 5
7 4 2 2 12 5 6 4 13 0 9 5 2
5 11 1 6 9 7 9 11 2 6 9 10 2
2 2 1 3 3 5 0 1 5 5 17 3 9
6 9 1 6 11 8 12 22 0 14 2 8 3
3 4 22 9 7 4 14 16 1 6 6 7 13
2 9 2 15 9 5 14 2 5 1 4 1 10
10 1 12 3 8 19 4 3 12 3 1 8 20
15 7 0 5 14 3 1 7 2 1 3 10 1
6 1 5 0 16 6 2 8 1 3 9 9 4
1 4 5 9 6 2 0 4 1 1 2 4 5
17 9 12 20 6 15 4 0 2 0 0 3 7
4 5 15 3 7 13 1 7 10 6 3 14 3
4 4 6 13 4 14 4 15 3 8 0 8 3
7 2 7 13 5 10 10 0 2 10 11 7 8
4 8 3 3 4 9 7 9 25 1 7 5 12
6 1 3 5 18 11 2 12 14 3 10 5 5
7 8 6 9 11 7 3 5 16 14 2 1 13
7 3 4 1 2 8 2 7 4 9 2 2 9
17 4 1 14 11 27 1 5 4 2 5 4 1
1 4 10 5 6 1 8 6 15 0 12 1 3
1 2 5 10 4 1 12 3 10 1 8 1 15
6 11 5 5 3 1 1 8 0 1 0 2 1
11 14 15 1 10 5 3 5 7 3 2 7 20
4 0 3 3 5 11 10 4 3 5 1 2 2
3 3 0 2 2 1 2 8 1 2 4 0 3
4 13 0 9 6 1 5 8 0 26 0 8 12
3 12 11 3 3 1 3 0 0 5 10 0 14
6 4 15 6 9 0 13 15 11 5 13 15 11
2 2 2 3 5 4 1 4 6 1 2 4 2
14 1 19 6 9 11 2 3 5 1 14 11 1
0 6 16 6 2 9 3 4 8 5 7 6 13
4 1 3 7 3 2 1 8 2 0 1 2 2
2 5 0 2 4 3 4 15 3 4 0 0 3
2 4 4 0 1 2 6 1 1 2 4 3 3
7 1 3 1 1 6 6 1 0 6 0 0 4
23 2 11 4 16 4 7 6 14 3 4 3 6
4 19 4 6 2 6 9 6 10 14 11 1 5
2 7 0 2 2 10 6 8 0 1 7 0 0
2 2 6 6 3 1 5 3 3 7 1 4 1
3 3 0 1 3 2 0 0 0 8 2 0 2
4 17 2 7 0 10 2 6 3 7 12 4 5
6 15 5 2 8 5 7 0 4 9 7 2 6
13 9 3 22 1 2 7 6 5 0 22 2 13
6 0 4 4 0 2 6 8 3 2 2 8 7
8 10 4 5 1 2 3 6 9 2 2 8 8
11 16 4 5 10 0 0 4 4 3 6 4 1
5 2 1 0 9 1 10 0 1 1 5 3 2
3 4 0 7 1 2 5 2 1 5 6 1 4
2 3 8 14 8 4 23 12 16 6 1 4 13
11 11 3 4 8 5 6 2 5 9 11 0 6
6 2 13 12 5 1 5 9 7 11 11 1 15
0 6 2 4 0 6 4 3 2 9 2 7 5
24 7 3 12 13 7 11 3 0 8 4 14 1
5 1 3 2 1 1 0 2 2 3 3 6 2
1 0 4 7 1 2 3 3 3 8 1 6 3
15 1 4 25 0 3 7 9 1 7 8 4 19
7 3 10 4 4 9 8 3 2 6 5 1 2
2 6 1 0 1 2 3 1 4 3 2 6 1
1 6 7 5 3 2 1 16 1 2 6 12 3
3 1 3 8 8 5 3 8 4 6 9 4 7
3 4 10 1 7 3 1 4 8 21 17 5 9
2 6 6 12 18 3 6 4 2 0 3 3 1
2 2 6 2 1 2 20 2 5 11 9 10 4
6 0 8 4 14 10 16 5 14 6 4 6 17
2 8 6 9 6 5 3 12 10 16 8 2 1
11 7 11 0 5 16 14 7 10 7 8 3 11
1 10 5 9 1 2 14 1 1 3 12 11 11
2 3 8 1 3 0 8 3 1 0 1 1 2
0 1 2 5 1 0 6 7 3 3 4 1 2
20 6 1 5 10 2 1 11 6 10 6 19 11
1 4 6 18 13 3 8 13 1 6 12 5 3
6 6 7 1 0 14 7 9 7 10 1 1 2
4 10 1 1 2 2 0 15 6 10 4 4 3
7 8 5 1 7 6 2 0 9 3 3 4 9
5 3 12 5 21 13 10 1 4 8 3 1 6
1 17 3 11 1 2 2 3 0 5 5 10 4
4 2 1 4 1 2 2 1 7 1 1 3 9
3 4 13 5 9 13 8 4 6 4 4 2 0
8 17 6 9 9 7 6 1 5 3 2 5 6
9 7 3 5 15 1 9 4 2 1 3 8 0
3 0 2 0 10 1 1 1 4 2 5 3 1
0 4 5 7 1 7 4 1 7 2 2 1 5
16 4 2 0 17 0 12 22 10 2 3 16 1
18 8 1 6 2 0 6 6 5 8 7 3 14
7 2 7 0 7 0 2 4 3 6 3 0 7
16 3 1 12 10 7 0 3 7 16 3 1 6
2 3 7 7 10 8 7 6 0 0 2 6 13
4 1 0 8 5 3 6 2 3 1 6 0 7
2 3 9 11 9 6 4 17 3 1 14 5 20
3 3 5 1 3 7 3 5 7 1 4 2 12
3 14 7 7 3 4 5 4 14 16 5 5 1
2 22 12 10 11 8 12 1 9 10 4 4 3
6 4 2 4 4 7 2 6 5 2 1 7 3
11 10 6 2 1 3 13 1 2 3 9 6 1
13 7 4 1 4 2 14 0 1 1 2 4 8
13 6 8 2 17 14 5 3 8 9 7 2 9
7 2 9 1 0 1 11 7 1 10 2 12 9
6 3 5 3 1 7 2 8 5 8 3 7 16
14 4 13 6 2 8 6 17 8 1 1 1 11
11 3 0 10 3 12 10 2 4 1 13 22 15
2 10 7 8 7 3 5 4 0 4 10 7 0
1 10 3 4 15 1 18 2 3 7 2 22 2
2 10 5 5 9 10 14 10 8 10 5 5 5
20 2 5 12 8 11 1 12 5 14 12 1 6
14 3 9 24 3 2 7 1 3 2 3 10 7
16 0 9 14 7 5 10 9 11 15 8 2 3
1 4 5 1 2 4 1 4 4 3 5 3 1
4 4 7 7 9 5 7 0 11 7 8 1 4
4 4 0 3 4 0 5 3 1 2 1 1 3
7 6 13 10 10 2 0 3 7 3 2 2 11
4 1 14 22 4 11 10 8 3 19 5 10 1
23 1 4 8 11 2 2 15 11 3 6 7 4
2 2 0 3 0 3 4 2 3 3 6 4 3
3 9 8 8 11 5 14 1 2 18 6 22 7
12 5 3 9 4 3 2 9 13 1 0 5 4
1 5 13 5 1 2 2 14 1 16 9 10 3
8 12 6 11 7 12 16 5 14 1 10 5 7
3 1 3 13 2 8 5 0 7 1 5 3 2
2 2 5 2 1 0 1 3 5 2 9 4 2
4 2 8 13 1 14 8 10 3 2 19 4 4
6 3 12 4 1 10 4 3 11 2 5 15 4
7 1 2 1 2 3 3 3 4 2 1 3 3
6 11 6 2 2 1 4 10 3 8 2 2 3
8 2 4 4 4 2 10 1 6 5 9 10 5
8 1 11 7 6 3 7 2 8 2 5 19 9
1 2 2 4 5 1 3 4 5 1 10 5 7
11 3 12 11 2 5 15 15 4 0 3 6 7
5 9 7 4 4 3 5 6 16 23 1 6 3
2 13 21 3 5 10 10 10 6 2 1 10 6
4 2 3 5 1 2 4 2 0 3 5 1 2
0 0 4 4 9 7 3 2 4 6 0 5 2
14 13 4 7 11 4 10 0 1 1 1 15 15
5 13 21 6 10 6 11 6 3 13 7 9 4
1 2 19 2 5 14 3 7 7 3 10 10 4
6 2 5 8 6 2 18 25 4 1 5 9 19
1 15 7 4 9 11 16 5 8 12 5 5 16
1 1 1 4 2 3 10 2 17 1 14 10 6
0 13 13 2 16 15 9 12 15 8 1 14 5
4 4 8 0 3 3 3 2 2 2 2 4 3
13 6 6 7 15 0 3 4 21 7 8 9 14
5 4 14 16 9 6 12 3 7 0 14 5 5
12 0 1 11 14 7 15 1 0 4 6 0 0
1 11 13 12 4 4 19 14 3 5 12 4 15
6 4 6 10 7 7 6 6 8 3 2 5 13
25 3 9 13 1 1 7 1 6 3 12 17 1
3 4 7 4 10 7 4 5 12 22 3 8 1
7 1 1 2 1 4 1 7 2 4 6 8 1
1 1 7 5 2 19 2 3 6 4 5 0 1
4 3 6 3 1 7 6 1 1 2 0 3 6
1 3 5 5 5 3 0 3 3 3 6 7 3
2 1 3 4 9 9 6 7 8 4 2 10 2
5 3 4 2 4 2 0 1 3 2 3 1 2
3 13 4 5 8 4 10 15 1 2 12 2 5
0 13 8 6 2 4 5 6 7 8 11 9 13
4 4 5 0 3 11 3 1 1 1 6 1 9
2 4 7 5 4 5 6 0 4 6 11 6 2
2 21 4 2 1 7 7 6 0 2 10 1 14
1 16 6 10 3 8 11 7 17 15 6 5 0
4 3 6 1 5 5 4 0 7 3 6 7 2
5 12 3 9 1 11 3 2 6 7 7 10 3
0 4 1 1 2 2 3 4 5 7 3 6 10
3 2 6 15 4 1 28 3 16 3 1 2 11
3 4 3 1 5 3 2 2 4 5 7 0 9
6 1 8 5 2 3 2 4 2 4 7 3 4
7 9 4 12 9 8 1 4 4 10 4 16 1
3 1 0 1 2 4 2 2 2 7 2 6 7
4 1 3 7 2 0 4 4 1 2 4 2 1
10 9 1 2 14 3 3 5 6 9 2 3 8
8 1 16 2 10 12 10 1 7 11 22 13 5
3 3 7 1 3 0 2 3 2 4 9 2 2
6 14 4 5 0 5 9 13 7 0 0 3 10
1 4 16 2 10 7 12 2 7 4 4 8 1
0 1 7 1 7 2 2 6 3 6 5 2 18
2 11 16 8 15 15 7 3 14 1 1 17 7
7 6 1 9 12 6 7 2 5 11 4 0 9
3 10 3 1 7 14 3 13 1 20 12 2 1
12 0 1 0 7 1 2 7 4 6 7 10 12
15 2 10 13 2 1 9 4 1 5 3 2 5
1 2 6 1 2 3 7 3 3 13 4 7 2
1 4 5 2 8 13 3 13 6 6 11 6 7
2 8 8 15 9 2 0 9 0 18 10 2 3
3 2 8 7 6 5 7 2 6 4 2 3 2
2 12 0 0 0 5 4 2 5 2 0 7 3
5 13 12 7 2 13 5 9 6 3 4 11 1
0 4 7 0 1 2 1 5 2 5 4 4 8
7 4 1 5 0 11 7 1 2 10 4 1 11
2 3 7 6 1 7 3 3 2 18 2 6 10
15 9 9 10 12 6 0 4 7 3 3 14 3
0 20 6 17 20 1 1 15 5 8 10 3 4
5 7 4 7 1 8 6 5 3 6 11 15 1
4 2 4 4 2 3 1 3 4 0 5 1 3
4 3 1 3 4 5 1 2 1 1 5 5 3
9 16 12 19 2 9 3 0 9 12 3 0 5
2 7 5 1 18 15 11 4 4 2 8 6 22
10 5 1 3 8 8 1 15 7 8 6 10 2
7 3 2 12 1 17 12 24 10 8 8 1 11
2 2 4 4 1 2 0 0 3 9 3 3 4
3 1 1 1 3 6 4 1 2 1 7 0 3
16 9 18 13 11 10 2 6 9 14 8 11 1
3 12 9 5 2 4 6 1 2 17 9 4 5
3 7 8 5 16 8 6 12 4 7 2 4 3
1 4 12 4 6 2 11 9 17 8 12 9 7
0 5 0 8 0 1 4 4 6 3 6 5 3
7 4 9 2 4 2 5 3 6 4 9 3 2
0 1 1 2 2 2 5 2 4 6 3 0 2
2 1 15 12 5 3 5 3 3 13 10 14 15
4 4 9 5 12 8 1 5 11 9 12 17 13
3 13 6 0 9 8 5 4 2 6 8 1 5
13 9 16 1 7 8 10 13 5 9 3 13 14
9 8 6 2 3 16 6 4 9 3 14 10 7
8 1 10 1 8 2 1 9 14 1 2 3 8
3 6 0 3 0 2 0 6 1 4 3 5 5
9 7 4 26 13 10 5 15 3 5 0 3 12
8 8 6 4 6 8 8 3 5 3 2 4 7
3 3 1 6 7 11 19 15 13 1 14 6 5
7 1 3 2 0 0 5 6 5 3 6 1 1
10 21 5 8 3 5 5 11 2 1 8 22 12
5 5 3 8 5 1 2 5 2 4 2 0 8
1 0 0 4 5 3 4 6 1 3 3 0 0
19 1 1 2 1 3 7 14 7 11 8 4 8
3 3 1 6 2 3 3 2 1 2 5 9 6
6 0 2 2 5 2 4 7 3 0 1 2 6
2 6 2 3 10 21 17 4 8 19 5 2 5
2 5 5 2 1 0 5 7 2 1 5 2 11
8 5 10 6 23 3 4 11 13 10 4 7 15
9 6 3 10 11 1 5 2 4 7 5 4 7
10 2 1 1 2 9 2 1 10 9 12 3 8
6 5 3 5 3 2 4 6 7 9 5 8 9
4 10 1 7 21 10 15 3 8 13 9 15 11
1 8 10 5 3 4 3 7 1 15 1 1 5
4 4 4 8 5 2 2 12 3 12 15 2 7
3 2 1 1 3 2 7 4 11 10 1 6 12
7 2 6 0 6 8 10 8 1 3 1 5 2
9 17 7 16 2 1 17 7 2 9 4 5 2
11 16 16 10 6 8 6 1 5 4 1 9 9
1 0 2 3 1 1 4 6 1 0 2 5 8
6 4 3 5 2 2 3 5 2 10 4 3 11
4 1 4 2 8 2 1 7 7 2 2 5 6
3 16 5 4 4 5 9 8 10 3 6 0 6
1 13 3 4 6 4 0 5 10 12 5 1 4
2 4 2 1 0 8 1 3 3 2 2 3 5
0 1 6 6 4 5 2 1 7 9 3 6 1
4 5 2 2 7 6 11 12 4 7 2 1 2
3 4 9 1 2 2 2 13 7 7 4 1 7
6 19 9 1 3 12 2 9 11 7 2 6 3
5 10 6 6 14 8 7 6 10 15 8 11 1
7 3 1 11 3 3 4 5 0 4 3 2 2
3 2 6 7 5 2 1 2 9 4 7 4 11
2 1 10 9 9 14 2 11 13 5 17 4 15
1 5 1 13 11 2 2 3 3 2 0 1 8
11 13 4 8 1 3 12 5 11 9 5 11 6
4 18 3 5 4 1 2 11 6 5 6 3 4
1 1 1 2 1 2 6 1 0 2 7 0 2
4 2 18 7 8 9 13 8 2 4 9 8 2
4 2 1 4 3 4 2 1 7 7 2 5 1
4 5 4 8 3 2 3 6 6 3 0 0 2
3 1 8 9 16 6 9 1 11 20 6 2 17
9 10 1 2 2 0 6 14 6 0 7 10 9
3 2 1 8 1 3 4 2 1 1 2 0 5
26 6 13 3 1 1 3 14 12 4 4 5 7
5 2 5 8 24 4 5 18 3 16 3 3 11
8 2 14 3 1 6 12 7 15 7 7 24 5
2 6 1 8 5 11 5 2 14 5 2 7 2
1 12 2 5 13 14 4 6 5 0 5 1 5
4 2 9 14 10 1 5 2 4 0 3 2 5
6 17 11 2 9 5 6 1 6 2 8 0 2
3 1 8 2 2 2 3 5 3 18 24 18 11
9 3 14 10 0 1 7 6 15 8 12 3 4
0 2 3 2 5 2 5 9 9 1 3 7 12
7 7 1 4 1 12 8 2 4 6 8 7 8
1 4 7 0 8 2 3 2 1 2 6 0 6
8 7 6 0 0 3 10 9 7 1 5 7 9
8 4 19 10 1 15 4 6 12 1 5 13 8
0 3 1 2 3 7 0 10 0 5 1 3 5
1 2 1 2 4 0 4 1 2 0 2 5 5
10 13 8 8 1 9 6 7 7 15 7 6 0
7 2 3 7 4 1 1 3 8 5 8 6 1
2 10 3 6 4 5 11 1 1 12 5 0 8
10 12 6 1 10 3 2 7 5 3 4 3 7
18 7 8 7 9 17 4 18 6 2 8 1 6
14 1 16 3 2 1 10 17 13 2 7 13 2
5 7 7 7 2 3 1 2 1 2 3 3 5
2 4 5 6 8 1 6 2 10 1 2 3 5
9 14 3 11 1 11 5 3 2 6 11 5 9
4 5 3 8 7 5 3 1 9 1 2 3 1
4 4 4 1 3 3 5 3 1 6 2 2 1
7 4 2 0 10 1 8 11 2 0 0 1 1
4 10 8 0 12 7 8 15 5 12 20 3 10
7 0 2 7 7 1 9 1 5 9 4 9 0
0 1 9 2 1 4 1 0 3 4 2 6 6
1 6 4 19 0 4 6 11 7 5 4 4 5
6 0 4 3 4 11 8 1 5 3 1 4 18
13 2 15 19 10 12 11 1 2 2 17 10 4
3 7 5 11 4 2 2 2 2 2 4 5 4
3 13 7 4 9 3 1 0 9 9 2 11 0
3 1 3 4 1 1 7 4 2 3 4 1 1
12 5 4 9 17 22 7 1 5 8 6 0 3
14 8 3 2 2 12 2 16 7 13 7 0 5
1 4 4 5 1 5 2 5 2 3 1 0 2
1 0 3 1 5 7 11 7 4 8 1 8 6
14 5 2 3 0 0 5 0 1 6 14 9 18
3 12 5 17 6 4 6 7 7 4 1 15 8
4 10 9 2 1 1 6 3 0 1 7 2 2
18 2 5 10 1 5 2 1 10 4 0 10 6
2 1 9 9 5 1 5 2 3 12 6 12 6
6 5 6 3 1 4 11 1 4 1 2 7 8
3 6 0 0 3 5 5 1 8 5 1 8 2
1 1 1 1 4 5 3 3 0 2 2 5 2
0 10 5 6 9 0 3 5 2 1 3 3 3
3 7 6 6 7 3 2 2 13 6 5 18 13
1 1 2 3 2 10 3 8 7 11 15 9 5
5 6 0 12 3 7 16 16 15 5 18 10 5
2 6 2 5 2 1 6 1 3 1 3 0 0
10 1 6 2 9 3 10 6 17 1 7 16 2
8 2 2 5 3 13 0 2 6 2 6 5 4
3 5 0 9 4 3 2 5 4 1 6 3 9
6 3 4 4 7 3 2 6 6 5 5 10 0
1 1 2 4 3 0 8 2 2 3 4 2 1
15 15 15 1 22 5 1 5 14 3 3 15 1
23 10 9 1 4 7 10 7 13 1 1 2 12
4 16 5 6 6 5 7 1 3 1 14 4 1
3 6 3 4 4 8 7 5 10 2 9 1 1
5 3 3 2 3 2 1 5 3 3 2 4 0
8 1 2 1 5 9 0 2 5 9 5 6 9
7 12 0 11 0 7 6 8 14 2 2 2 7
1 9 6 4 1 3 4 2 9 3 6 15 7
6 4 4 11 2 2 3 8 0 3 10 3 2
9 12 0 10 6 14 12 7 8 1 7 3 9
5 5 1 2 2 13 1 4 0 16 1 1 3
9 16 1 1 3 8 2 12 8 6 8 17 4
5 8 6 2 7 6 4 14 1 1 4 4 10
8 4 12 7 6 0 9 4 3 12 1 0 7
2 6 0 5 4 0 4 12 5 5 1 0 11
1 11 5 5 9 7 10 3 5 18 2 10 4
5 1 5 2 0 4 2 2 3 3 2 4 6
3 0 12 1 3 12 3 1 4 10 1 4 5
2 2 5 1 4 1 7 1 2 0 1 0 4
6 2 0 5 0 3 3 8 1 1 0 3 8
17 13 8 7 11 5 9 15 5 15 6 1 12
5 7 4 3 1 2 1 1 0 4 6 4 1
6 4 12 5 8 7 10 3 7 10 2 15 3
6 18 3 4 0 12 6 3 12 4 2 6 6
7 7 2 8 2 8 1 12 5 0 4 13 10
3 7 2 2 1 0 2 6 7 1 5 9 9
16 14 10 12 5 3 6 2 0 5 6 0 11
1 2 9 0 0 0 9 1 11 6 11 8 3
3 5 8 8 10 1 2 5 4 5 0 12 8
2 6 3 7 3 6 10 1 16 8 2 6 1
4 2 9 4 6 4 0 14 1 0 1 6 5
3 3 3 4 13 3 0 22 9 7 11 12 5
7 0 3 0 1 2 2 11 13 5 5 4 4
1 1 3 4 5 2 7 4 3 5 4 10 2
8 11 8 5 30 3 9 3 4 9 2 6 8
6 1 1 2 0 4 2 5 5 3 3 5 3
6 3 3 1 10 5 1 3 5 9 0 3 14
1 14 1 7 1 16 2 0 8 15 2 9 11
9 3 15 2 5 7 1 7 4 3 5 13 7
10 1 2 4 7 5 0 1 0 5 5 4 7
4 12 2 6 20 0 9 2 0 20 9 9 14
5 10 4 12 8 9 6 2 12 15 3 4 13
10 1 5 2 7 2 10 4 2 3 2 3 17
2 0 16 2 3 7 14 6 13 1 6 7 5
11 2 12 7 0 1 1 10 3 1 5 12 5
14 11 0 4 11 8 6 14 12 1 5 2 7
6 1 4 5 19 17 4 5 15 9 3 1 14
7 2 0 0 0 5 3 9 3 3 3 1 6
5 6 0 9 2 4 2 3 12 4 5 2 6
5 5 0 1 15 22 17 4 15 5 14 7 1
10 10 0 14 3 3 9 7 6 12 12 23 5
28 4 11 2 4 3 3 13 12 3 10 12 8
2 4 2 1 2 4 4 3 4 4 2 5 6
1 2 14 17 1 15 4 1 15 17 2 3 17
9 10 5 4 19 5 8 5 12 4 4 1 7
3 0 1 3 3 4 2 3 2 9 0 0 0
0 26 11 2 7 4 4 2 8 19 15 1 6
7 9 1 6 11 6 2 17 1 4 12 1 2
5 0 4 2 5 8 4 3 3 1 2 6 4
4 5 3 1 2 2 6 1 2 1 2 0 2
2 0 3 6 2 13 9 3 2 8 4 13 6
4 4 4 7 0 2 4 9 7 8 7 3 1
2 4 3 2 4 4 5 3 1 0 7 3 4
0 5 3 2 0 8 0 5 2 0 1 1 1
17 8 1 2 4 6 10 3 10 5 5 15 9
0 2 1 4 0 3 4 2 7 2 3 3 4
8 9 27 3 1 15 11 11 5 2 7 13 3
7 7 2 7 6 6 3 9 4 1 3 0 7
8 5 1 5 1 1 2 3 3 7 4 3 3
6 1 5 17 5 3 5 1 19 5 2 3 9
14 8 2 3 0 2 12 11 3 7 7 8 7
4 2 4 26 4 1 16 9 2 2 3 11 18
2 2 0 7 4 1 3 2 5 2 8 5 4
1 22 3 9 2 7 5 5 11 13 6 6 10
19 4 13 9 7 15 13 7 15 1 6 10 1
1 5 4 2 2 3 2 4 4 2 1 13 12
13 6 4 2 17 5 16 9 4 5 14 0 10
0 4 18 9 24 2 4 8 1 7 5 8 9
5 4 6 1 0 5 2 3 4 15 6 7 3
7 2 6 0 4 9 1 16 2 5 2 9 1
16 13 5 14 11 5 1 9 0 13 20 2 4
4 4 5 2 8 4 10 1 8 7 11 5 5
1 8 1 0 10 1 7 2 3 5 4 12 2
2 10 7 5 5 6 13 8 19 5 18 1 17
4 1 0 3 1 6 1 3 3 2 1 9 2
0 1 2 1 9 2 0 3 3 5 2 5 3
1 1 3 16 2 0 7 8 8 10 1 0 5
5 6 12 9 6 0 14 2 0 2 2 1 1
12 6 1 5 5 4 1 0 6 2 0 1 10
7 2 0 1 5 11 1 8 2 3 2 7 0
6 12 0 7 3 10 2 3 1 13 5 3 6
7 8 5 1 3 6 6 3 6 8 5 8 6
12 26 4 5 12 14 3 14 7 2 0 3 1
2 4 1 4 17 3 10 0 3 7 1 6 18
3 2 16 3 14 11 18 4 9 14 12 11 5
13 7 0 13 2 4 1 6 1 12 15 11 20
8 4 9 6 2 4 1 1 0 1 2 1 4
3 14 7 1 8 1 3 19 0 12 18 7 18
4 10 1 6 6 0 4 1 5 5 0 9 6
6 11 8 9 6 9 4 5 4 3 14 1 4
1 5 3 0 2 4 2 0 2 2 6 3 3
9 8 5 2 9 1 2 1 6 13 21 2 1
14 2 10 17 0 1 1 9 14 6 3 10 1
2 5 4 2 3 3 1 1 5 0 2 5 1
12 4 6 3 3 7 0 20 1 7 12 9 3
1 7 4 2 1 2 8 3 5 3 9 2 6
1 3 3 4 11 0 21 6 9 2 18 2 10
2 5 8 1 3 5 8 11 9 16 10 3 6
13 2 1 2 2 9 14 5 3 6 5 0 10
4 10 1 0 1 1 3 11 4 6 6 4 6
9 9 9 3 3 7 4 7 8 4 6 7 9
2 4 2 2 1 2 2 1 1 6 5 2 3
1 3 0 3 3 5 10 11 1 12 11 1 13
0 7 1 1 1 1 1 4 6 4 0 6 3
3 1 1 8 5 4 1 7 0 1 1 4 7
11 2 0 2 0 3 3 10 10 8 19 5 6
2 1 3 5 5 7 5 19 10 6 1 1 2
7 0 9 2 0 6 4 4 1 8 5 6 1
4 4 8 5 5 3 3 3 7 1 8 2 11
4 5 2 1 4 0 4 4 1 9 0 7 9
1 9 1 3 3 6 2 8 0 3 6 10 3
1 7 7 18 5 3 19 6 1 2 3 14 2
9 0 6 5 5 2 2 7 0 7 11 0 8
1 0 2 0 5 0 5 3 5 1 2 1 7
4 8 4 5 10 6 0 9 8 2 12 1 13
2 6 1 8 11 3 1 4 11 14 11 3 6
9 3 0 11 1 1 4 5 19 9 10 3 7
5 4 8 2 4 2 4 11 5 4 5 8 1
2 3 5 2 9 1 3 2 0 3 1 1 4
15 9 3 4 11 3 12 18 8 7 1 2 6
3 1 2 3 1 0 2 2 1 9 11 3 3
4 1 9 1 3 0 0 2 1 10 1 9 5
8 4 11 6 8 5 6 3 1 19 4 1 15
5 1 0 13 2 6 7 0 1 6 1 10 2
1 2 7 7 4 6 5 7 1 3 4 3 4
7 4 10 10 11 4 8 11 11 2 11 11 5
8 10 3 8 5 6 5 4 10 3 1 1 10
8 11 6 9 9 7 2 12 8 1 3 2 1
3 2 3 1 7 3 0 3 1 5 3 3 4
5 7 6 3 5 5 12 7 3 8 7 6 5
1 7 14 4 4 3 8 16 3 10 4 7 6
5 7 4 0 12 8 0 1 5 0 8 5 0
6 5 3 3 8 11 3 5 4 3 9 2 8
9 1 1 2 7 3 8 11 3 3 1 1 2
9 0 14 8 16 15 7 8 5 7 3 6 1
12 5 15 20 7 3 15 6 5 7 8 5 4
0 9 7 8 6 1 4 9 1 4 7 1 4
7 5 5 4 5 3 1 5 4 1 12 2 6
5 2 4 12 2 7 4 10 3 0 3 3 13
7 7 4 6 16 9 9 3 1 9 1 5 11
3 3 3 2 2 2 2 5 1 5 6 1 5
2 11 8 2 9 2 17 3 3 6 1 0 2
17 6 7 2 0 4 6 2 3 2 7 3 10
1 7 1 6 7 9 4 19 2 12 6 2 0
2 1 3 2 15 18 16 6 14 17 1 0 11
5 4 9 2 4 5 2 9 7 0 2 3 9
5 8 2 10 3 1 1 5 2 13 1 3 2
8 9 2 1 3 2 6 17 7 4 10 9 10
5 17 4 3 9 2 5 2 10 4 3 6 4
5 15 6 2 12 5 6 0 5 6 9 6 1
0 3 2 4 4 2 1 3 2 4 1 2 10
4 10 12 6 4 5 4 6 5 3 9 0 4
3 5 12 9 6 16 6 25 2 7 9 12 2
0 12 6 13 4 3 1 0 3 6 7 2 3
1 4 2 4 3 13 2 7 14 2 7 3 2
6 1 9 6 13 21 0 7 14 8 1 13 8
4 0 2 4 2 5 1 0 2 1 9 2 2
2 10 9 9 3 8 4 4 13 2 8 3 3
1 12 2 7 0 7 8 1 2 4 10 5 3
3 8 4 3 16 1 6 7 3 9 2 3 10
11 3 1 3 1 4 8 9 2 4 1 5 5
3 3 0 2 4 3 2 8 4 5 1 0 5
4 2 17 8 18 14 12 4 0 6 2 19 1
4 0 7 15 13 11 10 1 2 5 6 4 19
10 9 1 5 11 0 6 4 6 3 13 7 3
2 16 6 0 5 2 6 16 5 8 8 4 2
11 1 11 11 3 10 0 13 17 0 4 2 7
4 10 8 9 12 4 7 2 17 4 13 3 20
13 13 11 8 6 7 6 5 5 14 9 4 8
3 3 0 1 2 6 3 8 7 4 1 4 0
7 1 4 10 3 9 26 3 6 8 7 1 6
2 7 1 1 5 1 1 3 3 4 4 1 5
5 11 0 7 21 2 4 4 2 2 23 4 3
8 0 9 9 13 12 4 7 3 1 9 7 2
9 4 11 3 7 12 1 1 11 5 2 13 11
3 7 1 2 3 2 5 14 2 2 20 1 8
2 1 7 4 4 1 3 4 9 9 10 2 4
15 0 4 5 16 10 5 3 0 5 21 0 5
11 0 2 2 6 12 2 3 14 3 0 11 1
12 8 5 3 4 1 8 8 7 10 16 0 22
6 1 3 3 3 0 3 1 2 3 3 1 1
7 7 7 14 10 0 5 12 13 0 5 11 5
2 8 6 2 6 8 4 1 26 3 4 6 1
1 18 11 8 5 4 1 2 8 11 5 9 2
1 3 4 0 6 6 2 1 4 7 7 6 1
1 1 9 3 3 2 5 1 1 1 2 0 7
8 6 7 0 4 0 6 2 0 1 5 4 1
5 5 5 6 1 14 1 5 7 7 7 12 3
4 5 5 10 5 3 9 6 6 9 5 8 7
15 6 9 5 6 3 6 5 4 15 12 8 9
2 8 8 8 3 2 7 9 6 16 14 0 1
1 3 6 12 7 14 5 18 3 4 7 3 0
2 1 1 4 0 3 7 2 8 5 1 3 1
7 3 4 0 6 8 7 6 4 1 2 1 3
3 3 1 4 6 3 5 4 1 0 1 2 0
7 7 11 4 2 2 11 1 7 4 6 7 3
10 22 2 1 6 11 6 10 3 1 4 12 6
10 6 18 3 1 4 1 5 14 16 3 9 12
4 16 9 20 9 11 4 10 7 7 9 4 1
11 3 6 2 5 9 7 0 1 1 1 1 7
4 3 2 4 1 0 1 5 3 0 7 6 4
5 1 3 3 0 12 2 3 2 1 4 3 7
1 1 7 1 1 6 1 7 1 4 1 4 2
6 4 7 1 0 1 4 4 1 7 5 3 4
3 5 2 2 1 1 2 14 1 5 1 2 2
5 2 11 2 1 2 4 3 2 5 11 7 1
0 7 7 1 6 4 1 0 0 8 4 7 4
1 4 1 3 4 6 1 2 1 7 4 7 8
8 4 4 1 10 3 8 1 5 6 12 9 20
13 13 6 3 3 4 4 6 24 9 8 1 18
7 6 4 0 5 7 14 3 5 11 12 4 9
5 1 1 11 2 3 1 2 1 14 14 6 4
5 3 0 1 1 1 9 4 1 8 2 2 3
5 5 4 3 4 2 0 5 7 2 7 1 2
0 5 0 5 4 0 6 0 1 7 1 1 4
4 2 10 6 17 10 4 9 17 7 7 11 19
1 0 3 5 3 4 1 4 4 5 1 9 3
0 4 2 9 0 8 5 3 6 16 2 10 0
0 8 1 11 2 21 7 3 2 2 2 0 15
5 15 10 3 2 9 4 12 18 10 4 6 7
16 8 3 0 1 0 1 8 3 8 4 6 12
1 2 14 4 6 4 4 11 7 3 10 2 4
1 2 9 13 1 2 1 5 7 2 1 1 5
2 9 9 1 15 5 7 10 18 10 6 0 2
0 2 12 5 14 12 2 3 1 3 11 8 24
4 1 4 2 6 1 3 1 4 6 6 1 4
7 0 4 5 7 7 7 9 2 2 1 5 6
2 1 2 4 1 3 0 7 6 5 0 1 4
4 3 3 1 2 3 4 3 12 1 3 1 4
2 17 7 11 9 20 11 15 13 1 5 5 2
7 0 2 13 8 14 9 12 14 1 1 3 0
4 3 7 2 2 7 0 6 7 5 1 4 0
13 16 4 4 12 3 9 3 3 8 10 4 1
5 12 2 3 1 7 2 6 6 5 1 18 9
3 0 6 11 2 9 13 9 12 23 9 11 7
12 2 1 7 2 2 6 2 3 1 4 2 7
1 5 9 1 1 2 10 3 2 8 12 10 12
2 14 6 3 10 18 13 9 7 4 3 4 3
11 4 11 1 4 3 13 1 1 3 10 5 18
5 1 5 5 7 2 1 0 0 6 3 11 3
0 8 16 2 12 9 8 6 3 1 8 11 7
8 18 0 8 7 4 1 4 7 1 4 10 5
8 3 9 9 10 3 8 6 12 3 1 0 4
1 6 2 7 0 13 6 8 0 2 1 6 5
7 9 9 5 0 1 3 8 7 2 11 9 15
3 11 5 4 2 7 1 5 12 10 15 12 4
5 4 5 5 0 2 5 5 0 4 5 0 15
14 1 7 2 7 20 9 15 8 4 10 4 5
4 1 4 4 4 5 3 6 5 1 2 0 4
6 17 18 10 8 4 8 4 5 10 0 8 7
2 11 6 19 9 4 5 12 2 18 8 4 3
9 3 2 12 10 1 10 2 2 2 11 5 2
14 0 10 19 8 7 13 6 14 2 7 2 10
9 2 4 0 1 3 0 2 3 1 2 4 13
3 4 3 10 2 2 5 5 5 3 5 0 6
5 4 4 5 0 7 3 5 4 3 4 7 3
4 0 5 2 2 2 10 7 7 2 2 2 1
7 0 0 3 9 19 7 10 2 4 12 0 1
3 5 12 1 2 19 4 2 13 2 7 2 7
13 0 11 5 3 8 7 4 8 5 6 10 14
5 5 3 0 5 5 5 4 9 4 7 5 3
8 1 9 0 1 13 6 11 5 6 4 0 2
7 12 19 9 2 9 17 8 0 9 18 4 0
7 7 3 11 7 3 1 12 6 5 7 2 6
11 9 6 13 19 0 14 3 3 18 7 7 9
5 20 8 7 1 7 11 12 4 9 4 13 20
4 1 9 3 19 16 12 6 4 15 5 1 6
15 13 5 3 7 5 5 6 7 10 6 11 10
5 7 1 1 6 5 0 3 4 4 2 8 2
8 1 12 11 2 3 17 3 11 4 8 4 12
10 13 14 3 2 6 5 11 8 4 8 1 4
5 1 9 1 11 3 3 17 1 3 8 8 2
2 2 3 1 0 1 4 3 6 2 12 6 1
5 5 2 12 0 4 6 0 0 5 10 0 9
1 8 4 3 1 2 0 2 1 2 0 2 0
10 1 11 4 7 4 5 9 6 5 9 10 6
19 2 2 7 5 11 10 17 4 10 10 0 0
11 7 8 5 2 18 5 2 6 10 14 12 13
12 11 5 9 4 8 10 9 4 1 6 4 11
1 11 3 10 4 5 13 9 11 9 3 3 24
1 1 2 2 2 2 4 3 7 1 1 1 5
9 2 14 18 6 15 7 9 7 19 4 1 1
8 7 4 6 2 5 0 2 7 1 4 4 9
6 6 3 5 4 3 1 10 12 4 11 5 8
2 6 2 5 7 1 4 3 4 1 2 10 6
3 5 2 5 4 5 3 2 1 3 1 1 0
12 4 9 3 2 14 7 5 11 1 11 4 0
4 0 5 3 1 7 2 1 1 2 1 1 4
21 12 6 9 12 2 4 7 9 6 3 7 8
1 9 2 5 15 5 5 1 12 10 15 6 15
6 4 1 10 6 6 2 3 9 2 12 3 0
1 4 10 9 6 3 7 2 3 1 6 12 7
21 6 1 6 9 11 17 14 6 5 15 6 1
9 6 1 5 2 3 8 5 7 12 11 10 6
5 2 7 1 4 3 20 4 5 9 2 9 1
4 4 0 0 5 5 4 1 3 3 6 2 3
3 2 8 2 1 2 9 13 4 4 21 2 3
1 10 3 5 4 2 11 7 6 10 1 13 1
7 4 6 2 10 3 8 6 2 4 4 0 2
7 3 3 13 2 5 3 0 6 3 6 2 1
9 6 9 14 4 14 2 9 6 10 11 4 3
11 11 7 9 2 3 11 6 3 5 1 1 23
5 5 4 1 6 1 0 5 7 8 4 2 1
3 2 6 13 1 1 4 12 17 7 25 4 7
1 2 10 4 3 5 1 13 9 18 1 5 15
4 7 0 7 5 1 7 14 3 7 12 7 1
0 0 1 5 0 2 6 4 3 4 2 5 3
4 3 0 4 7 6 0 0 5 2 9 1 1
4 19 6 11 6 7 13 7 3 13 8 2 6
7 7 12 4 2 3 5 4 6 11 12 15 4
1 1 6 5 7 7 1 8 3 13 9 8 3
7 4 9 1 3 12 4 4 2 2 4 4 2
6 0 5 0 2 3 20 4 5 14 5 9 9
9 3 10 2 7 9 2 1 2 3 3 5 1
8 1 1 7 3 8 10 2 5 13 6 2 2
14 6 10 2 1 1 4 4 8 0 3 11 7
7 4 25 1 5 11 3 16 3 4 13 0 8
1 3 3 11 3 1 7 22 5 0 13 3 8
2 3 14 0 9 7 2 2 1 10 10 8 8
7 11 0 0 16 27 10 2 0 0 6 2 7
11 6 2 3 4 12 1 3 3 3 4 4 11
1 1 8 6 0 0 1 4 9 2 2 6 8
0 0 6 4 4 4 6 2 4 0 3 7 1
6 16 6 11 4 14 11 2 4 2 5 8 10
0 6 8 4 2 2 6 4 5 3 4 1 1
8 0 2 7 6 13 11 6 9 2 4 10 10
5 8 7 3 1 1 2 0 0 7 2 9 1
1 4 12 2 1 7 4 3 1 11 7 3 2
9 4 10 8 2 7 1 9 2 0 0 1 2
1 7 2 7 9 5 3 3 5 0 2 4 2
10 7 12 3 5 9 22 11 4 14 6 10 7
2 4 10 8 13 2 5 6 0 5 2 6 8
6 5 0 8 8 10 1 2 1 11 3 5 7
0 1 3 6 2 1 6 5 2 7 11 2 3
5 5 4 3 2 0 3 1 1 4 2 5 5
7 0 1 0 1 14 5 6 10 7 4 8 12
7 2 4 4 7 2 13 9 4 5 3 16 5
7 11 3 9 2 2 14 1 0 19 12 1 7
9 3 2 4 6 8 7 5 3 0 5 4 3
2 8 1 3 1 3 6 3 3 4 3 2 3
12 7 2 9 8 7 18 11 4 6 11 10 22
2 1 2 3 3 2 1 2 7 0 3 3 2
4 6 3 17 4 2 6 1 7 14 16 3 5
10 6 11 8 10 2 3 6 8 8 13 1 2
8 13 9 1 18 5 2 3 21 7 9 12 6
11 4 10 7 1 0 12 3 1 2 4 1 11
1 2 3 7 3 7 4 4 8 5 6 2 2
4 10 2 3 9 7 8 7 3 5 11 3 4
0 1 5 5 5 1 3 1 13 5 4 1 5
6 5 5 1 10 4 11 8 8 3 6 0 3
2 7 0 6 0 5 8 1 8 9 4 2 12
2 14 25 7 8 3 12 3 3 2 0 0 18
3 5 7 7 8 13 14 2 5 9 6 2 1
5 1 2 3 0 9 1 2 2 4 1 5 4
3 3 6 6 0 2 6 6 6 3 2 0 4
3 5 2 15 10 0 1 4 6 7 10 4 4
16 8 19 2 6 8 4 15 8 17 7 11 2
3 1 4 1 5 6 19 7 9 5 10 6 5
9 9 6 6 6 3 4 5 5 13 0 6 2
11 25 1 19 1 6 8 7 4 5 2 2 7
7 6 3 3 1 4 6 1 5 3 2 0 0
1 2 11 10 11 3 20 3 4 14 7 6 3
1 3 3 5 1 1 2 8 12 3 8 8 3
0 3 1 4 3 3 7 4 2 9 0 3 1
14 2 5 8 3 3 6 1 5 12 6 3 0
4 3 4 4 1 2 4 4 3 1 1 2 5
0 0 3 0 5 1 7 5 7 1 4 6 0
2 6 2 1 2 1 3 3 2 2 5 0 7
2 1 8 1 8 0 9 3 2 6 3 3 3
2 1 5 6 6 0 1 8 8 12 3 0 6
4 10 6 13 0 0 4 11 0 0 0 0 1
6 6 2 0 1 0 1 5 2 0 1 2 2
5 16 5 9 1 6 4 1 8 3 9 2 7
3 0 7 1 5 1 6 10 8 2 5 8 1
2 1 3 5 3 2 3 2 2 2 1 5 2
5 2 3 5 3 8 5 1 2 3 5 4 0
2 12 13 2 7 6 2 1 10 4 12 1 6
4 1 4 9 1 1 17 12 13 8 4 2 15
13 3 3 13 2 11 14 5 13 5 10 16 8
3 10 11 6 11 2 2 3 3 16 0 0 2
5 4 1 1 0 12 3 2 10 12 2 8 10
3 1 5 4 13 5 1 4 2 10 8 5 14
3 1 15 6 6 16 3 0 4 2 0 1 6
4 1 2 5 2 1 1 5 6 2 4 1 1
15 15 3 6 6 4 5 5 9 7 9 3 27
1 4 6 14 8 1 1 6 8 6 3 14 2
11 11 18 11 11 15 10 4 4 14 10 1 7
6 1 5 19 6 16 4 18 3 0 11 17 4
1 5 6 5 3 17 1 1 6 13 4 4 6
4 1 5 13 7 18 11 9 8 8 2 4 12
10 7 12 8 15 1 5 1 3 9 6 7 4
5 1 4 5 3 7 0 2 2 2 5 5 0
2 7 7 14 2 0 0 11 0 7 0 4 6
8 3 1 4 6 5 4 10 5 3 3 9 3
8 1 2 3 7 2 1 1 5 1 3 2 8
1 0 2 9 9 1 1 2 2 1 7 6 4
0 8 0 0 2 13 11 1 11 9 12 4 5
1 5 4 6 3 2 5 1 12 7 8 3 1
8 1 1 2 2 2 1 3 0 0 7 4 2
7 1 1 10 0 2 1 11 6 8 9 2 3
2 6 6 11 8 13 0 1 6 5 10 2 6
3 10 14 8 17 2 4 9 5 12 4 16 3
2 8 2 4 3 9 7 24 20 5 14 7 9
8 0 9 11 10 0 4 4 14 3 12 3 8
0 2 7 7 1 4 1 1 2 0 4 2 3
8 6 3 6 4 8 5 3 10 1 5 3 13
5 18 5 8 1 2 1 1 6 12 3 11 1
4 1 8 2 9 3 0 13 0 8 1 3 3
1 16 16 6 4 7 7 14 11 1 7 3 5
1 1 6 3 0 3 1 4 1 5 7 1 7
10 16 16 11 0 2 11 10 6 8 7 3 8
1 5 10 1 4 8 6 1 2 2 3 12 0
6 8 0 6 5 13 6 10 2 8 6 0 0
3 0 10 1 14 17 9 2 6 4 8 18 13
4 7 0 3 1 2 2 4 9 4 8 3 5
1 8 4 6 2 2 2 7 4 8 7 6 2
4 5 1 7 2 4 1 1 4 4 4 8 1
7 7 11 15 10 3 7 10 14 1 21 3 2
2 3 1 8 4 6 9 7 15 2 7 2 1
3 3 7 1 0 3 2 2 8 2 2 6 6
8 11 1 7 5 18 5 10 14 2 3 8 1
6 2 11 0 13 3 13 3 19 11 5 7 1
1 19 1 1 2 5 4 3 1 0 2 6 3
15 11 5 13 6 2 5 14 1 7 13 20 12
5 3 5 1 4 3 2 2 3 3 2 1 6
4 2 5 3 7 10 2 3 5 2 1 8 3
4 1 6 8 5 10 14 6 0 11 2 7 2
1 3 0 3 4 6 2 1 1 2 1 5 2
0 3 3 0 0 2 2 5 0 4 3 3 5
10 2 9 13 3 10 18 1 8 9 5 3 3
8 1 10 3 5 0 2 24 7 2 23 10 5
1 3 1 3 3 5 9 2 15 1 1 2 13
6 9 2 9 3 0 10 5 11 8 5 11 11
14 0 2 7 5 5 7 23 1 21 3 6 6
3 6 4 12 9 3 9 8 1 0 3 10 2
4 11 4 1 12 5 0 8 8 1 11 6 2
20 3 1 12 1 20 7 4 3 9 8 13 4
8 7 8 2 0 7 1 1 11 4 21 18 12
1 6 7 0 10 8 9 8 2 1 8 4 3
3 7 3 0 7 5 6 0 0 2 8 5 1
3 4 6 7 7 4 9 9 8 5 8 1 1
2 4 5 3 2 8 3 2 1 3 2 1 8
2 1 2 9 6 1 0 1 1 8 6 7 4
3 5 1 6 1 8 12 6 7 2 11 12 5
3 9 4 4 0 1 4 0 11 3 9 6 7
2 3 13 3 2 12 1 10 4 2 13 19 5
2 5 4 1 4 5 1 12 5 3 8 11 4
3 7 2 9 8 0 2 2 6 1 4 3 3
12 2 12 4 5 5 4 3 1 15 4 2 22
2 9 7 7 2 3 6 4 12 3 12 8 6
10 5 5 2 1 19 10 2 4 11 4 10 2
2 5 10 1 10 3 12 5 2 1 4 4 3
3 5 1 2 4 1 2 2 6 3 0 0 1
16 16 2 5 3 5 2 6 9 0 6 12 16
4 1 9 4 3 5 4 4 1 5 6 1 3
5 3 20 8 8 5 0 5 2 4 7 6 5
5 7 9 8 2 3 5 6 3 4 12 12 17
7 7 1 3 0 5 3 9 2 0 13 3 7
9 1 4 9 1 9 6 13 4 1 6 1 13
4 11 5 9 9 2 1 14 5 6 1 4 12
2 5 12 5 2 1 3 3 2 8 2 5 2
11 6 1 4 5 1 6 2 6 0 4 5 1
6 5 2 5 3 4 4 0 7 9 9 0 19
13 0 2 4 2 1 12 5 4 10 9 4 9
5 7 7 9 7 16 6 7 2 7 6 9 3
12 19 6 7 0 10 5 0 5 0 0 6 7
2 2 3 2 5 3 3 14 2 2 7 12 4
3 1 1 1 5 13 4 11 6 11 16 9 2
0 12 11 1 3 2 2 17 8 10 5 9 2
4 2 1 9 6 2 7 9 4 1 12 12 7
8 3 8 6 5 2 11 3 3 4 7 9 3
6 2 10 0 8 6 8 3 10 8 8 10 0
5 14 11 12 1 4 2 7 13 2 13 1 4
0 1 2 4 10 1 8 9 8 6 9 2 7
0 2 5 3 4 10 1 6 5 5 6 2 5
5 10 11 4 0 5 1 3 3 7 16 2 15
7 1 4 4 6 3 4 15 2 4 10 4 10
7 6 2 7 1 6 6 1 11 5 16 0 8
6 5 2 11 12 6 8 0 12 15 12 19 2
2 2 6 1 3 0 2 1 1 0 8 10 8
5 6 4 2 9 9 12 3 2 1 3 2 2
6 6 2 4 5 4 6 6 2 1 4 3 4
1 1 2 2 9 1 3 4 2 0 5 1 1
15 7 3 8 5 2 5 2 1 0 7 0 5
2 1 0 2 16 3 4 1 0 9 8 1 5
3 8 1 8 2 7 3 2 5 4 1 7 1
11 5 15 1 3 2 7 8 12 8 7 6 22
7 3 4 1 6 2 6 10 1 1 5 1 1
3 6 13 1 0 4 8 3 5 1 10 3 14
1 1 1 2 3 4 10 5 2 18 1 11 5
1 24
1 81
2 6
2 28
2 98
3 55
5 36
5 40
5 85
5 96
8 54
10 73
10 104
11 16
13 46
14 76
14 106
14 108
15 79
15 105
16 101
19 20
19 49
20 23
20 39
22 56
23 26
24 77
25 56
26 47
26 108
30 55
30 69
30 74
31 64
32 80
35 43
38 133
39 47
39 51
39 65
39 76
40 43
40 85
40 99
40 118
41 69
41 84
42 59
43 104
43 112
44 71
44 134
45 79
45 83
45 89
45 116
45 136
46 105
46 108
46 144
47 141
47 144
48 49
49 138
50 60
50 90
50 107
50 150
51 52
51 150
52 89
53 105
53 153
56 112
58 148
58 158
59 113
59 124
59 154
60 150
61 129
62 149
62 156
62 160
63 73
63 133
63 150
63 155
67 128
67 146
68 72
68 92
68 155
69 109
70 74
70 160
71 89
71 105
73 143
76 88
76 129
78 120
80 141
82 96
82 125
83 95
83 144
83 157
83 158
85 101
85 150
86 133
87 106
88 93
88 156
89 152
90 116
91 171
92 133
92 144
93 111
93 130
93 168
93 177
94 141
94 158
95 113
95 162
96 124
96 139
96 179
98 123
98 168
99 113
101 154
102 197
103 182
105 185
106 186
106 194
107 204
108 114
109 192
110 177
110 197
112 162
113 192
113 193
114 127
114 162
114 191
114 196
115 117
115 160
115 214
116 137
116 179
116 181
117 158
118 184
118 210
119 178
120 144
121 128
121 211
122 172
122 179
122 219
123 124
123 168
123 172
124 187
124 196
125 163
126 167
126 189
131 144
131 165
134 202
135 194
135 232
136 213
138 182
139 148
140 192
140 210
141 153
141 185
142 218
143 209
143 235
144 197
144 238
145 150
145 218
146 223
146 240
147 205
147 242
148 168
148 217
149 208
151 232
154 193
155 176
156 203
156 230
158 204
158 205
159 257
160 251
160 259
161 190
162 248
163 218
166 252
167 169
167 209
169 252
169 257
169 259
170 222
170 238
172 244
173 211
174 184
174 244
176 222
179 215
180 182
180 187
180 235
182 188
185 197
185 230
186 194
186 223
186 225
186 246
187 254
188 199
189 191
189 202
191 222
192 195
193 282
195 218
195 263
198 259
199 272
200 236
200 238
201 300
202 251
202 255
204 279
205 296
205 300
206 226
206 292
207 282
208 224
208 275
208 308
209 219
210 287
211 231
211 284
212 262
214 229
215 224
215 306
215 315
217 283
218 242
218 243
218 269
220 249
221 251
221 276
221 285
223 244
223 253
223 277
223 299
224 314
225 285
225 287
225 313
226 236
227 322
228 244
229 310
231 328
232 263
232 329
234 301
235 334
239 288
240 293
244 298
247 250
247 295
248 283
249 283
250 257
250 292
251 297
251 298
251 312
252 348
253 350
257 301
258 328
258 343
259 272
260 301
260 305
261 336
261 348
262 267
262 269
264 329
264 359
265 338
267 337
268 295
271 283
272 305
274 303
274 323
274 358
274 372
275 308
276 346
276 349
278 318
279 300
279 331
280 365
280 378
281 292
282 312
282 331
283 351
284 377
285 316
285 383
286 302
286 371
286 376
286 381
287 293
287 381
288 366
289 293
291 309
291 353
292 356
293 344
294 308
294 333
296 378
297 298
299 311
299 367
301 341
302 309
302 369
304 403
306 368
306 380
307 332
307 382
308 399
310 332
313 323
314 319
314 348
315 380
317 383
318 381
318 398
319 332
320 355
321 398
321 417
322 345
323 331
323 389
323 392
324 326
327 334
327 375
330 355
332 412
333 424
334 371
335 356
335 395
338 397
339 340
339 433
341 353
342 407
343 356
343 403
343 418
344 377
346 417
348 379
348 422
350 393
350 429
352 448
353 406
353 424
354 416
355 424
356 447
357 389
357 451
358 389
359 396
359 447
360 363
360 385
362 458
363 366
365 378
365 404
365 438
366 387
366 458
367 373
367 407
368 424
369 390
369 410
370 376
370 436
371 386
372 464
373 391
373 429
374 434
374 459
374 461
374 463
375 459
376 429
377 389
379 390
379 397
383 441
383 445
384 392
384 433
384 465
384 471
385 416
386 388
387 421
387 479
388 453
389 477
389 487
390 405
390 439
391 396
391 412
393 449
394 433
394 471
395 407
396 478
398 436
398 457
399 461
400 430
400 470
401 436
402 500
403 458
403 466
403 479
404 408
405 428
405 484
405 485
407 470
407 485
408 442
408 472
411 420
411 435
413 464
414 449
414 511
416 460
416 494
417 483
417 498
418 497
419 476
420 464
421 429
421 458
422 468
423 427
423 434
425 457
425 485
429 450
429 477
429 493
429 497
430 478
430 515
431 433
431 449
431 452
431 471
433 445
433 460
434 524
436 482
436 510
437 521
438 510
439 481
439 493
439 519
439 539
441 447
441 537
443 537
444 445
444 532
445 465
445 515
447 458
448 457
448 508
448 525
449 461
450 476
451 529
451 540
451 543
452 455
452 489
454 554
455 492
456 510
456 511
456 514
456 517
457 461
457 485
457 496
458 541
459 477
459 541
459 544
459 552
460 467
463 496
464 477
464 501
465 513
465 564
467 476
467 511
469 511
469 530
470 504
470 565
470 570
471 568
472 536
472 544
472 570
473 542
474 531
476 518
476 527
476 554
477 542
478 505
479 574
480 514
481 482
481 549
481 572
482 486
482 513
482 552
483 550
483 560
483 575
485 494
486 537
486 546
486 555
487 534
488 536
488 541
488 549
489 565
490 533
493 531
494 568
494 569
494 576
495 580
497 512
498 554
498 582
500 531
500 594
501 589
501 601
502 516
502 534
502 570
503 531
504 555
504 581
504 592
505 554
506 519
506 576
507 554
508 570
510 573
511 557
511 598
513 543
513 549
513 602
515 587
516 578
517 582
518 525
520 542
520 620
521 543
521 550
521 599
522 532
522 569
522 606
523 561
523 616
524 579
524 608
525 554
525 583
526 551
526 554
527 612
527 622
528 547
529 531
529 557
529 609
530 533
532 626
533 569
533 631
534 547
535 607
535 623
537 556
537 573
537 585
538 633
539 596
540 591
540 600
540 632
541 554
542 585
543 588
543 603
544 635
545 641
546 585
548 576
549 576
549 628
549 646
550 562
551 580
553 557
553 575
553 594
553 608
553 620
553 636
554 599
554 610
554 653
555 587
555 613
555 647
557 640
559 572
559 573
562 564
562 581
562 627
562 629
564 607
564 621
564 654
566 567
567 643
568 576
568 617
569 573
569 596
573 645
576 607
577 594
580 654
581 584
581 652
582 590
582 604
582 605
583 607
584 587
585 670
585 675
586 614
586 660
590 620
590 624
590 625
590 633
590 683
591 604
591 611
592 622
594 684
595 608
595 673
595 687
597 635
598 691
599 625
599 669
600 613
600 657
601 602
602 605
602 633
602 669
606 695
607 656
607 690
609 704
610 649
610 703
611 646
611 695
613 675
613 701
616 644
617 632
617 664
618 702
619 671
621 651
621 678
622 626
623 701
623 706
624 697
624 713
625 664
625 665
626 636
628 672
630 697
630 707
631 633
631 663
635 678
635 682
636 641
636 700
639 657
639 688
640 719
641 662
641 738
642 720
643 714
644 682
645 721
645 723
646 717
646 742
647 743
648 713
648 724
648 738
649 717
649 740
649 746
651 716
653 657
653 733
654 663
655 667
655 755
657 714
658 707
659 727
659 735
660 674
660 692
660 748
660 756
661 710
661 749
662 683
662 723
663 674
663 700
663 762
664 711
664 758
666 677
666 702
666 724
666 737
667 727
668 714
670 690
671 752
672 691
673 694
673 707
673 721
678 682
678 731
678 753
678 755
680 713
680 774
681 709
682 695
682 757
683 735
683 755
684 718
684 731
686 712
686 730
686 773
687 698
688 787
690 695
691 725
692 696
692 748
692 788
693 730
694 751
695 777
696 709
696 721
696 730
696 734
696 770
696 793
699 732
700 713
701 753
704 800
705 803
706 731
707 778
708 711
709 724
710 754
711 782
711 800
712 764
712 800
715 795
715 807
718 728
718 796
718 800
720 792
721 816
723 756
724 804
725 734
727 813
729 790
729 803
730 764
730 769
731 762
733 736
733 746
733 763
733 764
734 756
734 777
734 828
737 811
737 830
738 779
739 805
740 814
741 778
742 766
742 775
743 747
747 779
747 806
748 762
750 807
751 796
752 826
753 836
754 785
755 786
755 806
756 820
757 770
757 785
759 794
760 838
761 792
762 770
762 807
763 773
764 777
765 864
766 781
766 782
767 834
768 859
769 850
769 859
771 814
772 784
772 820
772 836
772 841
772 851
773 836
774 802
775 850
775 856
776 855
777 783
777 799
777 817
777 859
779 820
779 828
780 783
780 853
782 809
782 856
782 859
783 836
783 881
784 877
785 822
785 867
786 817
786 874
788 797
788 831
789 818
789 851
789 888
790 865
791 850
792 830
792 891
793 889
798 837
799 827
799 860
799 862
799 864
801 861
801 874
802 808
804 869
805 900
806 844
806 879
807 869
808 898
809 810
809 817
809 830
811 828
812 851
813 835
814 891
814 902
814 906
815 879
816 829
816 883
816 895
816 911
817 829
817 881
819 833
820 901
821 891
823 855
823 899
824 858
824 859
824 887
824 915
824 923
825 850
826 835
826 867
826 908
826 918
828 840
829 832
829 849
829 853
831 835
831 913
832 868
833 869
833 881
835 873
836 919
837 868
838 846
838 889
839 909
843 895
844 870
844 913
845 850
845 888
846 882
847 879
848 917
849 854
849 903
849 928
849 933
850 906
850 946
851 875
853 854
853 892
854 906
854 927
855 943
856 859
856 936
856 953
857 929
858 941
859 912
859 915
861 885
861 931
863 916
865 942
866 949
868 888
869 881
870 968
871 909
871 962
872 883
872 907
873 947
874 951
875 932
875 945
875 966
876 948
878 909
879 904
879 950
880 938
880 943
881 904
881 936
884 888
884 944
886 911
886 941
887 895
887 937
888 934
888 985
889 933
890 903
890 925
890 973
891 903
891 924
891 934
891 935
892 983
894 967
895 951
896 928
898 907
898 933
900 930
900 939
900 974
900 996
900 997
901 955
902 931
902 974
903 927
903 933
903 956
904 927
904 940
904 944
904 993
905 923
906 982
907 946
908 911
909 951
912 980
915 943
915 984
915 986
915 992
916 950
918 954
919 987
920 933
920 982
921 967
921 972
921 980
922 923
923 1000
925 980
926 950
927 955
927 980
928 973
929 945
929 987
931 942
935 964
936 999
937 950
937 992
939 946
939 952
940 948
940 990
941 944
942 973
943 994
944 977
946 999
949 999
951 975
951 994
953 963
955 960
957 984
958 998
962 988
963 976
964 990
965 979
966 988
970 975
970 985
974 980
975 999
978 982
999 1000
1 2 8 5 0 19 18 3 0 22 5 1 0
12 11 31 21 1 12 13 4 13 5 10 0 4
5 11 3 11 4 15 1 20 15 22 6 14 7
10 3 1 0 2 6 0 0 11 11 7 4 2
19 3 43 12 4 13 15 19 13 1 1 10 1
5 16 6 8 13 16 32 32 14 13 10 6 2
7 2 16 0 5 3 6 6 3 11 7 5 7
14 17 3 29 19 18 14 12 3 9 13 7 3
1 6 21 3 10 17 10 11 1 2 5 5 4
20 1 27 1 5 11 22 2 10 18 19 14 16
9 12 6 10 16 7 6 13 25 8 9 15 3
2 2 17 1 14 4 11 6 8 27 11 8 6
5 4 12 12 7 3 9 21 15 4 1 19 5
6 1 22 21 5 18 6 12 10 14 11 2 4
8 4 1 4 16 2 1 1 4 4 1 6 2
7 4 13 32 20 4 12 6 13 20 16 6 4
6 11 17 6 10 1 0 7 22 3 7 1 14
26 8 8 12 4 2 10 3 5 3 3 7 6
5 19 3 1 3 2 8 4 12 3 3 7 9
11 2 3 5 9 7 10 0 1 4 15 4 5
62 28 22 58 31 18 52 25 50 38 16 43 22 41 57 28 34 30 21 50
33 17 15 29 23 11 16 16 23 1 11 10 16 12 34 9 14 19 17 19
37 16 21 37 16 16 22 9 22 18 11 23 17 17 31 11 16 11 31 19
30 23 20 42 28 13 29 12 18 13 20 23 29 17 39 21 22 30 32 20
16 11 1 17 12 7 10 5 8 5 4 5 7 9 16 6 15 8 10 9
20 6 13 22 8 8 14 1 19 14 4 18 10 8 20 6 17 6 17 11
29 10 13 30 11 1 19 1 13 16 1 12 6 10 15 1 11 5 15 11
10 9 5 15 3 2 4 4 1 1 1 1 5 4 15 1 11 4 10 8
51 22 21 51 22 17 22 22 17 23 17 18 19 15 47 20 13 30 35 40
48 40 15 57 27 2 49 27 45 40 26 40 27 20 65 29 54 47 55 55
45 25 13 42 32 8 39 9 33 18 8 29 31 24 43 23 38 36 38 32
33 25 28 48 33 20 29 27 26 15 25 13 36 11 49 10 28 43 56 39
26 12 20 30 21 19 8 21 13 6 18 8 17 11 34 10 12 20 23 22
47 28 21 47 43 16 26 20 38 15 23 18 35 27 54 20 24 35 27 47
25 11 12 26 15 11 11 9 13 4 10 14 10 14 21 10 6 6 4 13
62 42 27 73 28 17 58 21 42 23 26 37 32 34 72 30 53 54 56 44
14 2 2 16 3 1 13 6 8 8 1 7 1 3 15 1 6 4 10 14
17 10 13 28 9 1 16 1 10 8 8 9 10 16 26 4 24 12 14 17
11 11 3 12 14 1 4 1 8 7 1 3 10 3 16 1 12 12 12 12
35 8 20 27 12 12 28 15 32 6 11 21 17 22 40 11 28 18 22 21
9 2 3 12 5 1 4 1 2 5 1 3 1 5 8 1 10 1 1 6
17 7 1 13 7 1 10 3 10 1 1 5 10 4 18 4 15 11 11 11
42 16 9 41 33 18 33 7 37 28 13 29 25 21 41 14 27 21 25 40
54 26 23 44 27 16 23 16 23 20 11 17 21 25 35 11 13 24 31 35
51 25 33 49 29 26 40 16 37 18 27 40 40 43 52 34 38 17 27 34
38 15 15 32 29 3 23 5 26 20 8 23 30 19 41 17 23 28 24 30
24 13 8 20 16 9 5 6 16 6 6 9 9 8 15 5 11 8 11 10
45 40 35 74 50 40 43 46 44 29 45 30 47 36 75 32 36 51 54 65
36 12 19 37 30 7 33 16 43 17 11 25 27 13 50 5 27 27 33 34
17 8 8 21 2 1 8 3 10 7 1 9 1 4 13 1 12 1 9 9
85 30 42 72 40 36 59 29 57 45 24 48 43 43 68 21 35 46 61 63
47 28 27 37 34 23 27 18 42 11 24 26 40 27 48 20 38 17 39 34
55 34 23 56 19 26 34 31 26 19 19 28 23 21 57 31 40 45 50 55
14 9 8 19 8 4 5 1 1 7 1 4 4 4 13 1 9 5 6 7
21 6 9 25 9 4 6 7 8 10 4 8 4 6 21 3 7 8 13 19
39 26 4 35 15 1 33 16 30 23 8 24 15 15 48 19 35 38 34 38
40 16 19 32 17 9 18 14 25 11 7 13 17 8 38 7 23 24 30 27
60 26 15 47 38 23 44 22 49 18 15 36 31 32 50 26 26 32 33 40
46 16 20 33 31 13 24 10 30 13 8 18 26 21 34 12 15 22 24 22
58 40 40 70 47 36 50 37 47 22 44 42 50 31 74 33 47 54 61 53
14 10 11 15 9 1 6 1 8 1 5 4 6 6 14 1 17 7 8 5
32 12 8 18 22 1 20 5 25 6 2 15 23 8 30 6 22 24 25 21
42 19 20 37 17 15 25 9 21 8 10 20 24 19 40 12 26 26 36 23
64 28 34 61 34 22 50 18 51 27 20 38 35 42 60 24 40 27 41 45
64 37 36 60 27 24 39 31 40 30 30 35 28 26 57 25 35 48 61 43
42 21 28 50 31 27 35 27 31 13 31 30 35 16 55 24 25 37 47 36
52 28 30 56 26 11 35 10 26 26 12 23 24 31 44 15 31 26 37 33
31 12 16 27 19 14 11 19 18 1 13 6 15 7 32 7 10 17 19 20
27 17 13 33 7 5 23 5 18 8 5 12 4 17 23 5 24 9 19 15
21 10 9 20 2 6 14 1 11 11 2 17 9 6 20 9 18 11 18 10
49 34 32 70 34 23 55 13 37 30 37 47 42 24 72 32 50 47 57 44
39 16 10 37 25 13 34 8 39 27 11 27 21 18 38 11 32 20 27 41
38 10 17 37 12 7 24 10 19 10 7 19 19 4 43 10 23 25 34 25
57 32 16 58 33 24 40 29 40 23 14 32 20 33 53 26 22 28 32 50
7 1 1 7 1 1 6 1 6 6 1 6 1 1 1 1 1 1 4 3
30 22 22 39 26 16 28 12 32 9 26 23 36 23 50 17 45 29 38 29
36 19 11 44 15 6 28 5 17 21 7 23 13 15 42 13 31 20 29 24
60 32 47 67 49 20 50 9 52 31 25 36 51 44 62 21 46 43 54 39
33 17 13 31 35 9 25 17 33 9 18 20 35 13 48 17 30 32 31 31
21 7 12 21 9 7 8 3 15 4 2 12 9 8 20 3 18 3 16 7
45 15 15 44 28 9 27 4 27 27 6 25 18 20 36 10 20 16 24 23
42 20 14 33 12 20 24 15 32 1 11 22 19 21 38 21 31 16 24 27
21 12 18 38 11 9 16 9 21 14 12 13 7 4 35 1 24 12 29 26
43 36 35 53 26 9 42 25 36 13 19 24 22 39 42 20 41 32 39 38
40 19 12 45 24 6 30 8 24 18 12 23 23 23 42 22 30 24 18 34
39 25 17 49 16 17 23 18 20 15 10 20 14 11 51 17 33 32 40 36
17 12 9 19 12 1 5 1 5 3 1 1 6 6 13 1 11 8 11 4
56 17 22 42 9 23 31 28 30 13 15 27 20 23 48 20 23 31 36 44
23 10 20 39 13 11 12 13 15 8 16 10 9 13 35 4 20 11 20 20
29 12 4 25 17 3 11 4 14 10 2 12 12 7 31 7 15 16 16 18
40 18 23 48 29 2 39 2 23 24 16 29 35 25 47 22 31 31 27 32
53 19 17 52 21 8 34 18 34 27 6 28 12 20 54 8 25 26 34 45
36 18 6 42 14 1 39 8 18 28 9 33 21 9 44 22 20 30 31 40
34 21 13 35 15 12 25 5 25 18 7 23 16 17 39 15 35 19 29 24
21 6 3 18 10 4 4 4 8 4 3 7 5 8 14 5 2 1 1 10
31 9 11 28 14 4 23 13 23 14 1 14 10 4 31 1 11 16 23 23
24 15 7 23 15 1 13 2 7 15 1 5 9 7 17 2 8 17 20 15
47 28 34 49 31 25 46 16 51 4 21 35 38 35 58 22 57 38 51 29
17 7 13 26 17 11 9 13 13 6 10 9 11 7 29 5 14 13 19 17
36 21 10 37 23 1 29 2 21 19 5 18 22 8 41 10 30 32 37 28
70 54 24 74 51 20 60 24 58 40 19 36 42 43 70 23 52 57 52 66
32 14 15 28 16 11 21 1 21 13 6 22 21 10 30 13 21 20 32 12
27 9 3 20 25 1 19 1 24 15 1 18 23 11 27 10 15 19 16 21
51 39 20 40 41 20 36 34 45 17 19 26 31 30 50 20 26 43 35 44
55 39 34 60 37 12 48 17 38 36 18 27 33 36 56 11 44 47 47 52
17 7 5 15 2 1 6 5 7 3 1 3 1 2 10 1 5 2 9 8
25 10 4 18 6 2 15 12 22 4 1 6 3 10 25 2 19 15 9 23
18 5 5 22 8 1 9 1 10 9 1 8 2 6 18 1 15 3 8 9
67 31 39 63 41 40 48 30 58 26 35 49 43 37 63 31 34 30 55 56
5 1 1 10 5 1 2 1 2 4 1 1 1 1 7 1 4 1 3 2
54 43 28 57 42 22 38 19 39 32 20 31 33 28 51 22 34 42 48 42
35 11 5 29 9 4 22 6 22 19 1 17 3 7 28 2 18 11 16 26
21 1 2 11 18 1 11 6 14 5 1 4 11 5 22 2 5 10 9 15
48 16 9 42 25 19 40 12 38 25 15 31 22 19 43 16 29 23 27 40
31 10 11 22 19 9 15 14 22 4 9 6 15 6 32 6 11 20 11 19
13 5 6 18 2 1 5 4 5 9 1 5 2 3 15 2 4 5 8 14
55 37 15 39 41 30 42 34 59 6 21 32 34 34 54 22 35 41 42 45
13 4 1 16 6 2 8 1 8 7 1 6 1 1 10 1 6 3 10 5
84 51 31 74 28 36 61 31 61 34 28 56 31 45 73 43 57 43 64 57
48 24 30 48 35 16 33 15 27 18 14 28 35 29 43 21 23 29 34 25
28 14 8 26 27 1 17 3 24 19 4 18 22 15 31 10 20 19 18 23
25 7 3 21 8 2 16 6 18 12 1 10 4 3 24 1 15 10 14 19
37 15 18 46 30 9 37 10 26 18 18 25 33 26 50 24 36 27 27 29
20 8 10 13 9 5 7 6 16 4 1 8 8 8 15 1 15 6 7 9
30 6 22 46 13 10 16 12 12 14 15 11 12 8 45 5 15 19 31 28
40 17 20 40 10 18 27 12 31 14 8 25 16 21 41 14 33 14 33 28
40 10 14 35 23 7 28 17 31 11 5 17 17 18 45 9 24 22 21 30
43 34 10 47 26 16 34 14 28 18 15 27 24 23 44 24 28 35 38 37
19 7 7 15 19 1 11 5 20 9 1 8 15 5 21 1 12 15 16 16
40 8 4 35 14 5 28 5 26 22 2 26 12 14 33 11 18 11 15 27
27 12 21 40 8 3 27 2 16 12 7 21 14 22 30 9 26 10 25 18
10 1 5 12 5 2 3 1 5 2 1 6 3 1 9 1 5 1 3 2
36 11 16 32 15 9 24 7 23 12 10 19 17 24 29 10 23 7 14 20
14 1 3 18 11 1 11 3 9 11 1 11 5 5 16 2 5 2 12 12
54 22 38 57 32 22 37 21 38 11 25 29 32 32 54 17 25 25 38 34
10 8 4 11 11 1 7 1 12 7 1 8 7 6 10 1 11 8 9 10
62 31 20 59 16 15 59 13 41 38 19 53 29 24 60 31 47 40 55 51
18 8 1 16 7 1 7 1 4 7 1 3 6 7 13 1 7 5 6 10
44 23 15 39 28 8 33 15 38 11 14 24 29 10 54 7 37 40 39 32
70 32 27 73 34 23 62 30 49 38 20 44 35 35 69 29 44 55 60 71
19 10 3 15 5 2 5 3 6 4 1 1 3 5 12 1 9 3 2 12
54 25 19 48 25 20 33 13 33 24 15 33 26 19 49 16 27 27 41 33
10 1 4 13 1 1 5 3 6 1 1 1 1 1 14 1 5 3 1 10
28 12 12 26 18 7 13 5 16 5 9 13 13 16 25 9 17 9 10 13
19 12 5 19 10 6 6 6 6 5 5 5 4 6 11 4 5 4 8 6
41 29 12 50 28 3 37 3 26 27 13 30 30 22 53 26 43 37 35 42
71 43 37 71 41 23 47 16 47 42 17 38 35 34 60 18 46 45 60 49
50 30 19 53 42 20 34 19 43 23 22 31 34 20 57 14 29 33 44 41
10 1 2 9 5 1 6 3 3 1 1 2 5 1 14 1 5 4 7 9
24 6 1 14 9 2 10 2 15 7 1 10 5 5 12 1 8 2 9 9
25 4 7 32 6 5 16 3 12 17 2 12 1 1 26 1 12 5 19 21
39 17 13 31 25 5 31 6 26 12 9 18 24 11 33 7 26 30 34 18
17 3 5 12 1 1 6 1 9 4 1 9 1 6 5 1 9 1 7 7
30 17 5 30 12 3 20 3 14 21 1 17 11 6 32 10 20 20 26 19
54 45 32 57 45 24 42 24 41 30 24 30 40 34 51 25 39 45 49 45
54 36 45 72 37 21 48 21 49 23 34 37 33 36 56 19 44 35 50 49
48 19 19 46 22 10 36 10 27 30 9 20 12 20 34 5 23 18 24 33
31 12 9 30 6 6 11 8 17 11 3 12 3 7 21 1 12 3 16 18
51 23 20 51 32 15 39 20 41 26 15 32 28 26 58 22 34 29 29 46
47 32 46 69 32 21 43 31 36 19 44 41 44 34 70 36 47 48 56 51
42 18 15 41 29 3 34 1 22 28 5 22 29 18 33 12 19 30 34 24
33 16 17 42 25 9 23 7 30 15 12 17 21 9 50 7 31 24 34 25
40 27 33 53 36 12 32 6 22 27 15 15 29 30 40 7 28 31 35 28
39 28 16 38 26 16 27 15 39 11 16 17 24 20 35 7 31 20 36 28
38 20 11 36 22 1 27 6 14 21 1 14 20 19 32 12 18 26 25 31
40 24 17 38 22 10 25 14 19 22 7 12 16 19 26 8 12 24 25 29
14 8 7 11 9 1 9 4 8 5 1 6 9 8 14 5 18 9 9 9
69 35 34 69 37 28 42 24 33 30 22 33 43 37 59 32 32 49 52 54
27 12 1 26 19 1 16 2 22 14 2 13 13 11 29 5 21 11 15 24
8 1 6 14 5 1 3 3 3 1 1 2 3 1 15 1 7 2 7 6
29 16 11 22 19 1 20 7 20 14 1 8 13 10 16 1 10 18 21 16
19 9 12 20 15 1 8 1 6 9 1 1 10 6 14 1 6 13 13 7
31 8 18 29 16 13 23 10 21 4 13 19 21 19 35 13 20 13 17 16
29 5 13 31 15 11 22 4 22 19 9 18 11 5 29 1 23 11 27 25
21 8 18 29 10 11 8 11 11 7 10 10 8 9 27 4 16 6 14 14
8 4 4 15 11 1 9 1 10 9 1 8 8 1 15 1 9 8 13 8
16 2 1 8 12 1 8 1 14 5 1 8 8 3 12 1 6 6 8 13
14 1 3 8 6 1 4 5 8 1 1 1 5 1 15 1 1 6 5 9
68 30 37 58 36 24 49 26 51 24 22 39 40 36 72 24 46 46 46 51
16 12 16 23 16 2 15 5 19 3 13 12 18 15 31 5 30 16 20 16
25 11 3 17 6 6 10 2 10 8 3 13 8 6 15 7 12 10 15 9
41 9 17 49 15 16 26 14 19 23 15 23 18 16 46 15 19 17 26 37
26 21 8 27 22 5 13 9 18 14 8 8 14 6 31 6 20 22 23 25
39 10 19 48 15 11 26 8 21 21 7 23 13 20 45 11 24 15 27 31
25 10 9 18 17 13 12 6 21 8 8 16 16 13 19 9 16 8 18 9
48 33 48 63 27 29 53 31 54 16 44 47 50 39 73 33 65 32 67 55
29 10 13 32 4 5 14 11 10 5 4 4 3 12 30 3 16 8 11 25
21 6 4 17 10 3 12 3 17 12 1 12 8 4 17 1 10 7 14 13
51 36 15 49 37 6 37 15 33 29 10 20 29 20 52 15 33 40 43 42
15 6 4 15 12 5 6 4 8 5 4 8 8 1 14 1 6 6 8 5
69 39 44 72 49 32 54 27 51 32 36 48 54 46 75 39 55 49 46 53
55 35 15 58 36 10 53 25 46 39 22 48 41 20 73 31 43 55 59 63
15 1 7 19 10 1 10 4 10 10 1 8 6 6 17 3 9 5 6 13
53 35 22 47 17 12 38 6 31 30 3 27 19 26 33 14 34 30 42 34
40 23 15 41 22 6 31 4 28 25 7 23 19 6 44 7 33 30 41 31
32 21 28 44 19 8 23 9 22 19 9 13 19 14 36 4 26 28 40 28
60 45 23 63 43 23 51 15 41 40 19 38 40 42 49 28 40 47 48 53
32 25 14 41 25 14 17 17 22 8 11 11 14 20 41 11 28 19 24 32
27 5 10 27 15 1 17 1 13 16 1 17 11 12 18 4 8 6 13 10
23 10 7 22 12 4 14 5 8 12 1 13 11 13 19 8 14 6 10 14
20 11 1 19 8 6 8 7 10 5 5 5 4 9 13 4 4 4 3 14
14 4 2 16 3 1 1 1 2 2 1 1 1 1 12 1 4 1 1 5
47 19 21 32 21 5 28 13 27 19 1 17 20 20 32 4 22 29 25 25
45 23 13 47 24 1 35 1 23 25 1 24 20 22 43 16 30 30 33 27
35 20 16 25 31 17 22 15 28 6 17 15 26 16 31 10 21 25 24 15
52 44 20 64 31 4 51 15 39 38 21 36 29 35 58 26 52 46 53 48
61 34 39 78 24 27 44 31 32 25 35 34 29 29 73 29 41 47 59 56
44 18 27 55 28 17 43 11 32 28 22 31 27 28 48 16 29 23 33 34
61 39 39 64 32 35 51 38 43 21 37 44 38 33 64 37 40 48 51 55
46 26 17 37 13 12 30 1 24 21 3 22 19 29 21 13 22 15 29 25
43 28 19 37 25 9 22 5 20 17 1 11 21 18 29 7 24 29 32 22
21 9 3 24 7 3 11 3 6 13 1 9 1 6 15 1 6 2 12 11
62 22 38 69 27 38 53 19 43 35 39 56 42 27 65 32 48 32 59 51
50 25 15 50 18 18 35 26 25 15 15 25 18 18 51 21 29 40 42 49
41 26 7 52 11 7 37 6 27 30 11 34 15 11 49 20 43 30 44 44
41 21 24 49 28 16 31 10 37 13 20 25 30 15 55 11 44 27 45 28
65 36 25 59 37 24 49 34 42 34 15 44 36 37 67 35 27 46 38 52
61 33 21 53 31 10 47 14 37 32 10 32 30 22 49 16 33 49 47 40
57 32 20 55 40 16 46 30 50 29 15 36 33 28 58 18 24 42 45 52
30 18 9 25 20 12 14 11 24 10 11 17 20 11 32 13 20 22 21 25
53 32 31 55 26 26 54 10 38 38 29 50 43 28 49 30 47 35 58 44
40 14 24 45 20 10 29 21 25 19 11 16 13 14 47 4 15 28 30 31
38 16 24 46 22 16 33 22 33 12 19 22 21 19 50 12 19 22 28 32
23 7 2 26 7 1 15 1 11 19 1 18 7 9 18 8 2 7 10 18
72 34 40 62 37 32 41 31 41 23 28 34 38 42 57 32 25 38 38 52
12 3 7 24 3 1 12 1 5 1 5 8 7 1 21 4 20 10 14 8
17 8 4 16 9 4 8 1 5 12 1 8 6 5 15 5 6 9 9 12
49 45 14 62 45 23 43 24 48 32 25 26 35 36 56 24 38 39 39 53
40 16 25 44 38 20 26 22 29 16 20 24 30 24 45 21 12 27 27 31
82 46 44 84 39 33 58 41 55 29 32 41 31 42 82 30 45 60 64 63
15 5 1 9 1 1 4 1 3 2 1 1 1 1 6 1 4 2 3 6
62 28 42 62 22 34 46 26 38 13 30 35 42 27 60 28 42 43 63 41
43 15 21 46 24 20 27 27 24 11 21 20 26 17 52 18 17 31 34 41
15 5 1 16 1 1 6 1 5 9 1 7 1 1 9 1 2 2 7 8
24 12 1 24 5 1 12 1 7 16 1 11 1 5 18 8 13 12 13 18
11 4 7 13 8 2 3 2 2 4 1 3 4 5 13 1 10 2 3 5
14 4 10 15 11 7 7 4 13 1 4 10 10 4 18 5 18 10 12 6
63 31 41 58 24 27 41 28 42 23 20 29 29 34 52 16 32 27 46 44
47 23 22 50 43 8 43 17 47 27 20 28 38 22 66 18 37 42 32 44
16 6 7 25 11 1 17 1 5 14 4 15 17 7 30 12 17 18 18 17
15 11 10 23 9 1 9 6 14 10 1 8 6 6 19 1 15 7 15 15
5 2 1 1 6 1 1 1 5 1 1 1 2 1 2 1 3 2 2 2
44 20 16 45 38 9 37 5 36 29 16 33 37 23 51 23 33 36 32 34
38 18 17 34 34 4 21 5 27 17 7 18 26 19 38 13 21 23 21 23
77 28 48 73 50 46 60 22 65 37 41 58 53 38 75 27 48 41 55 52
27 15 7 30 8 8 9 6 14 9 4 10 4 9 23 7 15 7 10 17
43 14 7 34 16 11 24 13 28 17 5 21 13 21 31 13 13 12 11 30
43 17 17 33 25 5 28 1 26 25 5 26 25 26 26 15 12 17 20 22
18 11 14 17 10 1 8 1 4 5 4 3 7 10 13 1 12 7 10 1
16 4 7 20 16 5 12 4 13 12 4 12 9 6 19 1 12 8 14 10
62 39 38 75 31 18 58 34 51 32 30 44 26 36 74 26 42 48 56 62
44 14 20 37 35 11 28 5 35 16 8 22 32 20 41 14 25 24 31 21
59 31 33 61 38 29 34 31 49 22 29 30 32 15 68 17 29 42 54 52
15 10 1 19 14 2 11 1 10 7 1 7 9 9 20 4 19 8 11 14
59 38 36 65 29 28 57 14 49 27 19 44 38 46 58 28 59 25 58 44
17 9 1 11 8 1 6 1 10 4 1 7 5 7 8 1 8 1 4 8
12 7 1 17 7 1 6 1 11 5 1 4 2 2 13 1 13 3 10 12
64 31 43 65 42 42 48 16 57 32 36 51 45 29 71 24 50 40 58 49
16 4 15 28 9 5 12 6 11 5 7 13 13 4 30 4 19 13 24 15
16 6 2 9 6 1 6 1 6 5 1 4 3 9 5 2 9 1 1 10
33 23 1 38 10 5 23 10 12 20 1 19 4 16 33 15 19 18 25 29
39 22 12 37 26 8 21 8 24 19 7 15 18 11 36 9 21 25 31 21
47 39 23 49 48 26 32 34 45 10 31 12 37 26 57 7 35 45 44 44
33 17 20 43 16 6 26 1 16 28 1 16 12 16 25 1 21 13 27 25
28 25 27 41 28 8 27 19 35 4 20 14 28 25 49 14 42 29 35 34
58 39 42 69 37 20 53 33 48 21 30 36 40 41 65 25 41 51 52 54
42 27 10 45 30 5 38 18 37 27 9 24 26 11 56 12 31 38 44 47
51 22 33 57 29 18 41 21 37 14 30 35 41 25 72 27 39 43 48 49
45 24 28 59 34 20 43 17 38 20 22 31 31 37 56 23 36 27 34 35
5 1 9 17 1 1 1 2 1 1 1 1 1 1 13 1 5 1 2 6
7 1 2 16 3 1 3 1 2 6 1 2 1 1 13 1 3 2 5 6
76 54 29 61 42 36 52 29 55 27 24 46 36 47 59 39 44 41 56 56
52 28 31 62 33 12 41 3 30 38 12 26 24 17 52 6 42 37 51 37
23 12 10 33 13 1 23 8 18 14 10 20 19 5 42 14 28 26 28 35
37 21 1 24 21 1 21 7 24 22 4 19 15 14 32 15 19 23 19 34
40 15 10 24 20 9 20 14 22 9 6 17 15 17 27 11 11 14 12 20
39 26 34 56 30 17 36 14 27 23 23 23 31 23 46 11 37 36 48 36
33 14 5 38 23 8 29 2 25 25 5 25 16 22 34 15 23 14 15 29
23 9 4 15 9 8 11 11 16 5 7 9 5 8 12 6 6 6 4 12
29 14 25 47 15 10 29 16 14 18 18 19 19 12 42 12 25 28 36 30
49 20 21 47 26 8 34 7 30 27 7 31 23 26 38 18 26 18 24 28
41 25 26 44 20 11 31 4 23 25 6 20 20 31 25 10 27 16 25 23
17 10 4 9 9 1 4 1 3 3 1 1 5 4 3 1 1 6 7 3
14 1 2 18 4 1 14 5 8 6 1 8 2 1 19 1 8 4 10 10
80 55 40 70 27 26 64 29 56 38 25 47 28 56 61 36 60 49 57 61
50 23 24 41 29 23 30 15 42 14 18 33 34 28 47 23 23 18 32 35
23 9 9 21 15 7 1 7 14 4 4 5 7 6 18 2 5 7 12 13
48 29 20 41 30 24 42 18 48 21 22 31 35 23 46 16 37 28 49 38
37 28 24 51 21 14 28 16 17 19 15 20 19 23 40 15 22 24 31 27
25 10 9 27 15 8 11 7 17 10 7 13 10 6 24 6 13 9 16 12
68 46 35 73 37 28 50 29 42 35 30 41 33 33 69 29 41 49 61 48
31 16 12 28 17 13 18 18 19 8 12 14 17 13 34 14 13 19 15 24
39 22 11 43 31 4 36 22 41 25 11 25 27 22 54 11 29 33 29 48
57 31 39 66 41 16 54 22 44 37 26 36 40 36 68 23 46 46 48 55
31 15 5 24 7 6 17 5 15 13 1 15 8 11 18 7 17 11 15 18
32 7 25 34 18 7 25 4 25 11 10 21 25 26 36 12 28 13 23 19
32 12 22 32 11 13 20 5 20 5 16 20 19 26 30 14 24 5 15 14
54 31 34 54 40 22 43 17 41 23 22 33 47 30 56 24 40 42 51 46
33 26 21 43 21 19 17 19 28 7 17 14 16 23 45 13 31 22 27 33
39 26 13 35 24 16 23 17 29 10 13 22 22 19 39 18 22 25 26 33
56 24 28 57 11 25 40 28 36 23 25 39 21 23 60 29 31 33 45 47
68 39 39 68 39 41 61 29 57 21 35 53 42 45 71 40 59 45 59 45
28 10 12 38 19 1 20 1 16 17 1 12 12 13 31 4 16 12 21 19
46 40 33 61 38 15 48 16 39 27 16 30 27 48 43 25 45 37 41 44
43 27 21 56 30 4 42 11 28 26 16 26 31 26 59 20 38 39 42 42
60 36 27 61 33 25 51 17 53 24 28 42 45 20 69 27 51 41 69 48
55 19 33 55 20 36 37 12 43 24 26 38 24 24 50 13 42 16 40 39
56 27 34 58 28 23 47 22 52 23 25 34 34 18 72 13 48 38 61 50
15 7 5 14 10 1 8 6 7 8 1 5 8 7 16 1 9 8 9 14
34 11 17 31 22 3 25 13 25 14 3 14 14 9 37 1 17 23 28 21
10 1 1 12 1 1 2 1 1 3 1 3 1 1 4 1 2 1 1 2
52 21 25 48 25 23 30 25 30 23 18 26 18 21 38 12 10 21 33 38
46 30 29 72 30 30 47 22 44 26 37 32 38 16 77 12 60 49 67 61
67 36 24 52 18 18 46 19 43 27 14 37 24 29 49 23 34 25 45 43
9 2 1 8 7 1 1 1 3 1 1 1 3 1 9 1 7 2 4 2
57 52 36 78 56 31 58 36 56 32 34 37 43 52 75 30 60 52 65 60
51 15 10 35 7 12 32 13 31 24 6 31 10 18 35 11 21 17 25 32
39 33 16 51 29 17 30 24 30 22 18 19 24 18 55 15 36 40 48 47
61 19 28 68 28 10 56 19 47 30 20 45 37 34 72 24 41 41 47 50
22 3 5 21 5 4 21 3 17 11 3 16 9 1 27 3 20 10 19 14
17 5 6 13 11 1 7 5 10 4 1 2 9 4 16 1 7 7 10 10
44 22 28 61 25 19 43 13 30 25 26 37 31 14 65 18 47 37 52 37
39 14 13 38 12 17 29 25 25 7 9 23 11 15 45 14 26 27 30 36
14 1 1 6 1 1 1 1 6 1 1 2 1 1 4 1 5 1 1 3
27 9 4 27 15 1 12 1 15 16 1 15 10 7 27 8 10 12 13 25
33 12 14 29 14 8 17 7 24 2 4 9 11 14 28 4 24 10 19 12
50 26 23 49 21 25 28 28 34 9 13 23 8 23 46 16 27 23 32 35
27 12 7 24 16 5 9 6 13 6 5 4 11 7 21 3 10 10 12 11
51 23 29 60 8 20 38 18 34 25 24 35 18 26 59 20 42 25 46 43
46 35 13 52 36 17 40 34 48 29 19 24 28 30 56 14 35 39 38 56
56 22 28 68 15 21 40 25 18 20 24 27 25 24 63 31 35 36 39 52
5 1 2 12 6 1 4 1 5 4 1 5 3 1 10 1 4 1 5 1
16 11 5 18 8 1 10 1 5 4 1 3 5 4 10 1 13 10 15 6
66 39 36 66 35 30 53 20 45 24 21 44 33 53 53 35 39 30 41 39
62 33 40 73 40 23 44 28 37 29 30 29 44 32 73 25 43 51 58 57
43 17 21 50 14 17 27 22 15 8 20 14 25 7 54 19 28 38 42 40
65 53 37 79 31 19 55 36 52 33 38 49 30 47 71 41 50 47 56 58
51 39 36 70 47 14 53 26 44 23 34 37 50 42 74 33 44 52 48 58
43 21 19 39 22 15 34 21 33 10 12 17 17 24 45 10 28 27 25 25
74 48 32 85 41 22 66 31 44 43 21 44 35 44 79 37 54 66 61 76
19 9 10 18 8 6 5 8 7 6 5 7 4 8 16 1 11 4 9 13
79 43 38 65 47 31 56 33 62 33 14 43 42 49 61 28 28 46 53 57
60 21 43 66 30 26 45 21 38 26 30 29 30 23 64 7 41 37 54 39
34 17 33 44 20 13 40 3 33 21 15 29 31 26 37 13 39 26 46 20
65 36 43 85 41 26 56 29 49 33 38 46 41 39 85 33 46 50 62 62
49 24 20 48 21 16 31 20 31 20 12 27 16 19 44 14 22 23 30 34
65 32 43 62 27 41 53 30 59 22 28 46 32 38 64 29 54 22 57 48
34 33 11 43 28 10 36 25 35 18 13 11 25 22 46 5 34 38 38 43
21 10 1 13 7 3 6 1 12 5 1 6 7 6 14 2 12 10 12 11
7 6 7 27 11 2 22 6 9 11 11 17 18 1 31 13 19 19 26 22
14 5 8 20 6 4 8 6 5 4 3 8 5 5 19 5 14 5 10 6
19 11 3 19 10 2 8 2 8 7 1 5 5 7 15 1 8 5 12 11
32 20 9 34 9 3 24 7 15 11 1 10 8 11 28 9 23 22 22 21
13 3 1 7 3 1 2 1 5 2 1 4 1 1 4 1 1 1 2 4
49 27 24 59 32 7 40 8 25 34 14 28 25 26 54 21 31 34 36 29
48 24 19 51 36 14 33 18 38 18 12 21 29 25 57 18 24 31 30 43
17 6 4 20 12 5 10 6 7 1 8 12 15 6 25 10 11 13 12 11
21 8 11 23 14 1 12 2 14 4 1 4 11 4 24 1 19 11 20 10
46 26 31 55 44 20 39 19 34 28 25 34 42 34 60 33 29 39 26 38
51 32 23 63 39 10 56 26 51 39 20 40 40 34 77 24 46 49 47 62
23 9 5 14 7 1 8 5 11 1 1 2 5 5 18 1 12 7 9 11
41 15 6 39 25 8 37 8 35 21 6 32 27 21 45 21 32 27 30 36
25 15 5 19 18 8 9 9 16 5 7 6 10 13 19 6 13 9 5 20
55 31 40 68 32 19 55 39 56 29 36 46 30 37 67 27 39 38 45 56
26 11 7 20 22 9 8 9 17 5 8 8 13 10 21 7 8 13 11 14
16 2 6 18 10 3 3 4 10 4 1 6 5 1 19 1 5 5 14 8
47 26 8 44 26 13 37 9 37 24 3 32 20 24 41 16 34 27 40 38
16 10 1 10 11 3 1 2 10 1 2 1 5 5 11 1 12 5 4 8
8 1 1 14 1 1 4 1 4 5 1 5 1 1 11 1 3 1 4 3
46 23 16 32 30 10 23 6 30 19 5 16 24 24 26 10 19 21 23 28
69 44 50 72 47 38 51 39 51 13 40 34 51 37 78 29 61 62 72 52
13 2 6 13 10 1 2 2 7 1 1 1 6 1 15 1 4 5 9 7
47 22 17 50 21 10 37 14 30 29 13 33 19 25 49 25 25 26 21 38
37 19 32 47 15 14 28 20 15 11 18 9 19 22 42 10 28 28 35 32
32 25 19 36 29 17 14 19 20 8 16 12 19 16 34 14 11 23 24 27
75 40 35 86 37 30 65 40 46 41 27 46 35 45 75 38 46 57 59 72
38 20 16 36 30 8 26 8 30 18 8 20 24 17 34 7 24 22 30 26
40 39 14 56 44 12 46 15 36 30 25 30 47 22 64 26 48 56 54 47
47 26 15 30 23 19 17 11 31 5 10 17 20 22 31 16 18 21 25 24
31 4 24 40 8 19 21 7 25 12 15 22 11 11 39 6 25 3 29 21
10 13 6 18 13 1 3 4 12 1 3 1 9 4 24 1 22 9 12 17
45 29 14 48 27 7 33 11 22 21 13 21 26 15 49 20 34 39 40 35
40 27 17 53 40 14 37 13 35 31 17 22 31 14 53 6 30 35 51 43
19 7 12 26 6 1 13 7 12 7 2 7 2 3 22 1 14 6 17 13
24 7 3 18 11 1 15 1 12 10 1 10 9 15 17 9 14 6 2 18
43 17 12 53 13 8 37 13 24 24 10 32 19 18 53 23 29 29 33 46
15 6 2 16 12 4 1 6 5 3 3 1 4 6 17 1 4 4 5 13
19 11 10 26 21 9 18 7 22 5 13 21 23 10 32 12 23 20 23 18
18 22 6 33 24 11 19 17 25 5 15 10 21 13 37 6 26 21 27 28
65 30 26 56 26 26 50 20 44 28 11 39 27 38 49 25 35 26 47 47
80 47 40 80 59 24 66 15 59 65 25 51 49 40 70 27 51 59 62 69
37 17 11 41 23 9 30 8 30 15 2 24 19 18 44 15 34 26 32 28
10 1 1 10 4 1 3 1 5 3 1 3 2 1 9 1 1 1 5 5
14 6 1 8 4 1 4 1 1 2 1 4 4 3 7 1 7 3 6 2
59 17 31 56 40 27 51 23 56 36 30 48 42 22 69 23 44 42 50 58
62 47 46 75 52 28 57 25 39 34 37 39 55 49 65 35 50 53 54 54
52 32 10 36 20 10 36 11 32 23 5 29 22 23 40 22 35 36 41 36
59 35 25 69 32 15 62 26 54 40 36 55 38 27 83 37 57 57 63 62
14 10 4 12 16 5 7 5 14 7 5 6 10 5 15 1 12 9 13 11
15 5 7 11 11 4 7 1 8 1 1 6 12 1 17 5 12 11 11 5
80 39 41 77 38 37 63 35 61 33 34 47 54 36 83 33 55 57 79 74
31 21 17 42 39 12 26 18 33 17 16 17 32 19 50 11 31 29 34 33
45 32 25 54 28 9 36 9 23 34 6 25 24 22 41 16 34 34 43 39
59 33 31 63 33 21 40 31 40 23 20 22 23 29 67 15 34 44 46 50
21 5 3 20 11 1 14 3 12 13 1 10 6 7 19 1 10 5 10 16
30 9 18 26 16 8 12 12 20 8 6 11 13 8 27 1 15 12 20 19
6 1 2 7 6 1 1 1 5 1 1 1 2 1 7 1 7 1 2 5
57 38 31 66 41 35 35 36 49 13 30 27 32 24 69 22 41 43 57 54
69 46 31 63 49 29 52 36 54 23 22 34 36 38 66 26 39 57 57 55
31 11 14 35 29 1 19 3 16 16 2 14 23 15 37 12 16 23 21 20
75 43 40 76 35 37 49 33 46 21 31 42 39 43 79 42 48 48 59 63
49 20 18 48 26 14 38 14 33 12 15 30 33 21 56 22 37 31 33 35
46 19 14 34 12 12 19 22 23 13 8 16 7 13 33 8 7 22 21 31
16 5 1 13 9 1 4 1 2 8 1 4 1 6 9 1 3 1 2 8
76 39 38 78 42 32 62 13 52 52 30 58 42 34 66 28 52 51 64 59
35 13 16 37 17 9 22 10 19 13 8 21 16 18 32 13 21 10 19 20
57 35 30 65 25 8 58 22 42 26 27 40 32 32 69 25 50 53 53 45
17 4 7 16 8 3 5 3 13 6 1 7 8 2 18 1 7 7 9 11
80 49 36 76 48 36 60 30 58 44 26 60 41 52 77 50 51 50 49 61
28 10 4 29 15 7 13 6 17 15 6 16 6 9 20 6 6 7 12 16
7 4 2 15 3 1 2 1 1 5 1 1 1 1 9 1 4 3 6 4
53 33 25 41 26 22 31 20 45 15 22 30 33 24 56 26 43 31 41 40
21 12 2 20 10 7 11 5 11 7 3 8 5 11 17 5 13 5 10 10
24 11 5 21 6 5 3 3 9 6 3 6 2 2 14 3 6 5 7 10
35 42 31 65 48 17 57 26 40 28 41 32 53 33 70 28 57 57 58 55
20 9 7 26 13 6 7 7 6 7 5 7 8 8 25 6 3 8 7 16
79 53 41 72 48 32 54 35 57 40 26 43 40 44 66 23 40 56 59 68
41 18 14 35 25 10 22 4 26 19 3 20 18 18 27 6 19 13 26 20
39 15 14 19 27 14 24 13 37 2 13 19 31 12 39 13 28 30 28 21
38 22 7 32 23 11 18 12 29 13 8 15 16 16 34 9 19 18 17 29
72 53 40 80 60 27 71 29 67 34 31 46 57 55 78 33 63 65 66 67
20 16 8 36 22 8 16 14 17 15 12 10 15 8 37 5 17 19 27 30
40 26 9 40 30 7 22 7 31 17 11 19 21 7 43 6 25 29 36 27
37 24 14 28 23 13 19 21 32 7 15 13 16 18 35 11 23 23 13 32
23 13 15 29 4 1 11 2 6 7 4 10 7 9 26 5 22 12 19 12
50 25 37 63 34 16 47 9 49 38 26 46 39 35 64 23 48 33 44 53
68 27 36 67 29 31 45 26 45 28 26 43 34 36 61 34 39 33 43 50
14 8 1 18 5 3 1 2 1 3 2 1 1 4 13 1 5 2 1 7
29 20 10 28 26 13 14 12 26 13 13 18 19 14 30 10 16 18 19 23
31 16 4 23 10 3 9 7 10 8 2 3 2 7 16 2 5 9 9 15
41 13 14 43 24 3 31 11 25 23 9 22 19 19 48 16 18 23 16 33
33 16 4 28 30 2 25 11 27 19 6 16 22 13 37 9 14 27 20 33
15 6 1 14 9 5 10 4 6 6 5 8 8 7 15 7 12 8 8 10
16 11 2 16 8 1 11 5 15 3 1 4 7 2 19 1 15 9 16 16
29 18 14 34 14 1 23 2 14 18 6 15 11 12 32 10 26 22 25 23
29 14 5 28 14 6 12 13 16 12 5 9 6 5 33 8 11 17 18 30
54 26 19 49 28 11 42 19 37 30 18 38 32 26 57 29 35 41 29 55
56 38 23 59 41 10 49 22 48 29 11 27 38 31 61 17 43 49 50 53
18 2 2 18 3 2 9 1 13 12 1 13 1 1 14 1 11 1 12 9
33 14 8 26 19 8 16 16 24 6 7 12 11 9 28 6 6 14 17 20
65 37 30 69 38 23 55 31 43 25 29 41 38 24 74 25 36 58 61 52
34 16 12 36 19 12 24 6 18 24 9 18 10 15 20 6 12 11 21 22
55 21 21 51 29 16 44 17 50 24 14 35 29 36 61 21 40 29 33 46
46 22 10 41 29 6 31 7 28 32 9 29 22 20 40 21 19 26 19 35
3 1 4 7 6 1 1 1 1 1 1 1 4 1 9 1 5 2 3 1
44 20 35 61 17 15 33 17 21 17 22 19 26 18 57 16 35 38 51 36
20 11 3 11 9 1 11 6 17 6 1 7 7 6 12 1 15 10 11 13
22 3 2 22 4 1 13 3 13 14 1 11 1 3 16 1 5 3 9 17
52 45 35 64 52 28 53 38 56 23 31 27 45 34 67 15 44 53 59 55
53 24 10 40 19 13 28 12 30 20 5 27 18 25 42 23 23 22 20 35
11 1 2 16 4 2 7 1 7 7 1 7 1 1 12 1 7 1 7 4
72 35 36 61 25 36 46 40 47 30 32 46 32 38 66 35 38 29 48 60
64 60 32 73 49 25 51 30 55 45 31 39 40 38 64 25 52 57 63 60
66 35 39 65 35 36 48 45 53 26 28 38 28 40 78 29 49 54 58 60
32 9 2 29 8 1 30 8 21 13 1 21 9 11 30 8 22 18 19 27
34 17 11 45 25 1 34 2 14 28 7 22 27 18 36 17 19 28 28 29
36 15 22 43 17 15 23 12 21 22 12 18 10 10 31 4 17 12 29 24
45 16 29 43 30 9 29 13 26 23 12 23 27 22 42 16 19 28 26 31
56 54 33 64 58 42 43 44 59 13 38 30 43 40 71 27 53 54 56 55
53 14 29 49 25 21 33 26 44 22 15 27 23 15 61 7 28 35 45 43
35 21 7 31 11 8 15 12 15 6 6 8 6 11 29 9 11 14 8 24
31 10 10 32 21 7 23 4 22 8 10 21 24 16 35 14 28 18 21 21
18 9 10 22 16 5 5 7 3 6 4 2 7 8 18 2 4 7 12 9
40 17 17 38 16 11 21 13 21 13 10 17 15 22 41 13 22 14 16 30
59 20 21 62 15 29 44 34 35 20 24 39 27 20 68 27 36 42 49 58
18 12 1 17 8 3 11 2 4 11 2 9 5 4 18 8 13 14 14 12
13 7 1 11 3 1 1 1 1 1 1 1 1 3 5 1 6 1 1 1
40 19 16 45 28 7 36 13 41 22 11 30 35 19 58 16 37 32 41 45
26 6 1 15 8 1 11 2 21 5 1 8 7 3 16 1 8 7 13 12
26 17 14 39 32 9 26 11 26 17 17 19 28 21 44 14 27 22 26 25
44 16 13 34 23 7 19 6 20 18 2 17 18 21 29 12 8 14 17 24
65 38 32 73 28 22 59 23 41 40 31 54 42 32 73 43 47 43 66 55
67 30 33 61 12 27 44 35 42 21 24 36 21 32 69 29 41 41 51 55
21 5 4 23 11 4 12 6 10 12 3 14 5 8 19 4 6 1 11 13
32 14 14 31 13 6 21 14 17 14 5 12 5 11 25 4 11 12 15 19
50 17 20 51 36 17 41 8 42 26 17 41 40 26 56 26 39 31 36 35
25 6 2 18 3 1 18 3 13 10 1 11 1 4 15 1 8 7 11 12
9 3 3 12 5 1 1 1 5 2 1 2 1 1 11 1 9 2 3 6
29 17 15 29 7 2 14 1 7 17 2 12 5 11 18 5 13 14 16 15
69 50 39 72 56 22 51 29 50 32 30 37 49 39 77 30 50 59 59 55
28 19 13 28 14 5 18 4 25 8 4 12 10 13 24 3 25 12 22 17
14 6 4 15 7 5 2 7 5 1 4 1 1 4 13 1 8 2 8 9
39 10 12 43 19 12 31 5 24 30 9 25 12 6 45 6 29 20 29 35
35 21 20 38 19 17 26 18 24 4 21 25 22 18 36 21 25 21 23 23
67 24 52 77 30 38 56 17 44 22 38 42 45 29 73 18 58 45 72 42
25 6 1 26 9 3 14 1 10 14 1 14 4 7 19 1 10 1 12 15
39 23 9 33 23 4 29 12 29 17 1 17 15 23 30 12 19 23 22 33
10 4 9 20 8 1 8 1 8 8 4 7 6 4 17 1 10 5 7 8
47 29 34 56 38 19 51 7 40 35 20 42 46 27 51 24 49 41 58 41
49 25 12 43 28 13 41 15 41 24 21 38 38 21 60 31 41 40 47 46
6 1 1 13 1 1 6 1 1 7 1 4 1 1 9 1 3 2 6 6
25 19 10 32 12 5 14 4 14 4 7 3 10 12 32 7 28 16 18 19
51 29 31 42 36 31 34 17 43 7 24 32 37 35 45 24 34 27 35 25
66 31 21 67 34 27 48 22 47 37 15 40 20 32 59 25 39 33 38 54
21 5 15 29 17 6 13 9 12 14 6 14 15 12 30 9 10 10 14 20
49 19 17 36 9 24 36 20 43 11 13 31 17 24 39 19 33 13 32 32
33 26 12 41 25 15 18 18 30 9 11 13 15 13 42 9 29 20 34 32
29 13 17 33 12 10 18 11 17 8 12 13 11 20 28 8 22 7 13 19
24 8 2 12 6 1 12 4 13 3 1 4 3 9 14 3 16 7 4 15
7 5 1 7 1 1 1 1 1 1 1 1 1 1 5 1 8 1 1 1
28 13 10 34 17 2 19 3 9 22 1 14 11 15 22 7 6 10 15 18
61 37 20 54 39 26 45 37 47 23 16 36 20 39 54 27 27 38 37 50
35 24 9 33 26 9 26 10 28 6 12 13 26 10 46 10 35 35 34 27
75 40 30 75 33 22 70 30 62 37 28 54 33 42 83 30 61 56 61 59
7 1 2 13 2 1 6 1 2 6 1 5 1 2 8 1 3 1 1 4
54 27 24 45 19 15 35 23 35 15 3 23 13 30 48 14 28 31 35 34
27 10 5 21 11 7 21 6 17 9 9 21 20 8 25 12 20 17 23 16
29 10 1 25 13 6 13 5 15 13 4 13 8 8 22 4 7 7 12 17
34 21 9 29 14 8 18 10 22 14 1 13 9 15 24 7 18 18 22 23
5 2 5 14 3 1 4 1 1 1 1 1 1 1 10 1 7 1 2 1
89 47 47 74 42 39 64 37 61 41 26 50 45 59 68 36 46 56 57 73
63 25 36 59 20 29 47 32 44 18 28 42 34 39 66 32 32 24 37 50
41 19 24 43 29 5 32 4 28 22 11 26 28 23 41 14 27 25 25 21
26 4 8 26 11 1 22 6 15 10 1 13 14 5 33 5 15 18 16 18
17 8 1 12 4 1 4 1 8 7 1 6 2 5 8 1 6 3 3 9
32 20 7 20 22 11 14 9 25 1 10 15 23 12 27 12 22 20 21 20
46 8 5 40 15 7 35 12 33 28 2 34 14 16 45 14 18 21 20 36
37 16 5 35 22 12 25 19 25 10 2 17 10 22 37 15 18 16 16 31
27 6 6 27 11 2 16 1 17 17 1 16 8 2 26 1 13 10 21 15
57 22 24 60 29 16 51 14 40 32 22 44 39 30 64 29 38 37 42 45
13 14 1 22 19 4 20 7 18 9 14 16 23 6 28 10 26 25 25 25
66 34 16 48 36 18 47 17 46 29 9 41 31 34 58 36 43 45 37 50
45 29 15 46 23 11 27 15 18 25 11 27 18 22 43 23 22 26 27 31
34 17 24 44 22 16 17 18 28 14 19 17 15 14 40 6 23 19 33 31
36 20 9 37 19 11 23 12 20 21 10 21 11 14 30 17 13 18 19 29
36 31 16 53 34 11 40 17 32 19 15 18 29 30 50 14 40 31 37 38
15 5 2 13 7 3 2 4 8 1 2 3 2 3 12 1 7 1 4 6
23 14 13 28 15 11 13 15 16 3 17 11 17 5 34 11 26 23 28 26
14 6 11 20 6 5 5 6 5 4 5 1 1 5 15 1 10 1 6 7
20 10 3 21 6 6 7 4 10 10 4 11 3 5 16 5 7 7 9 10
70 47 39 78 47 26 59 28 58 37 32 48 50 44 80 37 48 48 64 63
13 2 1 10 10 1 6 1 6 6 1 8 6 6 9 1 4 2 5 5
45 29 26 51 24 19 34 24 33 14 14 22 16 25 50 14 39 32 43 39
44 15 13 43 24 7 39 13 34 24 14 35 26 25 46 24 30 28 15 38
49 25 2 42 16 14 34 12 28 20 5 33 15 21 41 23 25 23 28 36
33 14 1 25 14 8 15 10 16 9 4 9 9 16 25 9 8 10 5 24
51 16 30 56 29 26 35 15 41 22 21 40 31 28 55 24 27 18 37 38
28 10 19 27 17 7 18 15 23 2 8 3 12 11 38 2 23 19 19 23
46 29 16 49 24 17 28 19 27 22 10 20 11 26 33 14 20 20 30 35
29 11 7 28 11 1 29 10 24 14 1 17 9 16 34 4 23 17 18 25
34 24 10 37 8 8 17 12 11 19 8 15 3 11 28 11 17 18 26 24
67 47 17 55 35 11 47 24 45 34 14 27 21 32 52 24 40 51 50 47
35 11 3 19 11 4 15 11 21 12 1 15 7 6 29 5 13 20 14 24
20 14 7 26 9 4 10 3 11 5 1 5 4 9 19 4 19 8 11 13
64 44 44 69 51 29 47 23 50 41 26 38 43 49 53 23 45 39 48 52
20 7 3 12 7 3 6 3 11 5 1 6 5 4 12 1 10 5 6 11
38 27 15 28 28 14 19 14 27 9 13 15 21 19 26 12 14 24 23 24
39 30 6 45 36 11 46 18 40 21 23 33 38 25 53 29 38 39 33 49
46 21 15 40 14 23 17 21 21 6 11 17 15 17 40 16 20 24 33 32
25 12 7 15 16 9 10 3 15 4 4 12 13 10 15 6 12 10 18 3
61 55 36 74 66 30 57 26 59 34 31 33 55 53 64 22 48 54 54 55
52 27 14 52 36 14 45 23 47 22 18 35 31 23 59 17 32 36 37 47
35 19 26 37 19 17 18 13 21 3 16 17 16 21 31 13 17 12 19 16
41 14 27 48 10 15 27 26 22 9 21 13 19 18 57 11 27 32 32 39
43 20 16 42 11 22 23 17 25 16 11 24 11 18 40 16 22 19 35 32
64 27 21 53 25 14 48 15 37 33 11 41 31 31 54 29 30 37 38 42
52 38 26 58 41 18 49 21 44 29 22 38 40 26 56 22 32 53 49 51
20 7 3 15 8 5 4 2 10 7 2 8 6 3 18 5 9 8 9 11
33 5 1 22 15 5 23 12 25 16 3 19 8 9 28 4 10 12 13 23
54 38 39 64 40 11 62 17 46 29 28 38 47 39 63 24 55 59 54 50
76 41 34 69 51 36 59 27 68 39 28 49 39 42 77 31 62 47 60 59
79 41 35 64 27 37 49 39 54 22 27 43 32 39 71 35 44 34 52 59
21 10 5 17 12 6 7 6 10 6 5 4 5 10 15 4 14 5 5 12
55 35 32 71 44 39 59 47 58 29 48 47 47 25 84 29 50 61 67 73
55 22 27 50 33 14 40 14 37 30 8 28 28 32 43 11 24 31 30 37
7 6 1 9 8 1 4 1 10 3 1 3 6 1 10 1 11 8 10 9
57 42 37 65 62 29 49 36 55 28 38 28 52 37 74 23 45 56 49 56
47 24 14 43 26 2 36 3 26 32 5 29 23 19 37 16 23 34 40 25
20 9 4 20 4 1 7 1 6 1 1 7 5 3 16 3 15 6 9 8
9 1 2 9 1 1 1 1 1 1 1 2 1 1 6 1 4 1 1 2
24 20 8 40 18 11 27 9 21 8 12 19 18 16 43 18 38 23 29 25
22 8 2 21 11 1 13 2 18 13 1 10 7 1 27 1 12 14 18 21
15 5 4 16 9 1 4 1 2 4 1 2 6 3 17 1 9 5 7 4
6 1 1 11 1 1 8 1 1 6 1 6 4 2 11 3 5 6 6 8
57 26 22 45 24 26 42 22 43 8 16 34 27 38 53 28 40 22 30 38
13 3 3 12 6 2 8 5 7 4 1 3 2 2 12 1 8 3 4 8
65 24 39 77 21 33 55 33 32 24 35 47 44 32 80 44 54 53 63 65
34 11 4 31 12 5 18 3 15 18 2 20 10 9 26 9 10 11 18 19
18 4 3 12 12 3 8 1 15 8 1 12 9 6 11 1 9 4 11 10
55 21 23 48 28 25 38 27 48 28 16 37 19 18 49 14 25 29 34 41
48 24 23 47 25 18 32 7 34 20 17 29 29 32 50 23 38 22 33 35
66 43 44 81 38 41 58 24 55 37 43 52 38 41 73 28 54 44 55 60
26 11 7 21 14 5 13 6 15 10 4 9 10 7 19 1 12 8 15 12
52 30 15 50 42 12 44 21 48 30 19 35 38 29 64 24 37 41 28 52
64 29 37 73 11 25 60 28 45 25 30 48 34 36 77 29 50 42 64 60
32 20 5 30 15 15 17 15 17 5 7 13 6 21 24 14 14 12 10 25
61 34 47 65 42 23 49 11 45 24 26 34 47 42 58 21 44 44 53 38
59 39 37 69 36 30 36 24 30 33 23 23 31 30 53 15 32 42 52 52
21 18 5 21 23 5 13 11 24 5 8 7 19 10 30 3 25 19 22 26
37 27 8 35 8 8 23 12 22 18 8 24 13 16 35 21 32 27 32 31
72 41 39 70 53 29 60 16 60 39 29 51 56 37 72 26 52 50 69 52
34 14 18 30 23 2 19 7 20 5 6 3 14 12 33 1 23 19 22 14
31 20 11 29 20 5 18 4 13 11 1 9 10 22 20 9 19 13 14 19
66 34 41 74 49 27 60 37 55 27 29 45 45 43 82 30 33 55 53 55
16 8 1 11 1 2 9 1 8 2 1 6 2 6 8 4 13 5 7 9
19 13 5 14 12 1 5 1 5 5 1 1 4 7 6 1 7 7 8 7
33 13 13 38 19 13 26 10 31 23 13 19 12 4 42 5 27 21 28 34
23 7 24 43 7 7 22 9 14 14 14 18 8 14 33 4 17 10 26 23
39 14 14 25 17 18 24 13 27 12 13 25 18 20 22 16 13 11 19 18
26 17 5 23 6 5 15 1 12 9 6 16 13 9 20 12 21 17 19 18
30 17 4 33 31 6 27 8 29 19 12 27 31 15 40 17 26 25 28 29
32 13 7 26 19 6 14 7 22 6 1 11 16 14 33 8 22 11 14 23
71 44 36 71 36 20 67 19 47 54 28 59 48 44 63 48 51 54 53 59
44 36 31 46 35 18 32 13 29 18 18 18 25 35 28 12 30 28 31 28
59 44 49 78 45 25 55 37 51 17 40 25 52 36 81 25 61 67 72 62
69 41 30 59 48 39 51 24 63 24 32 47 48 40 67 28 49 43 58 49
16 1 8 18 4 7 9 6 9 7 3 12 4 4 14 1 5 2 15 9
73 59 34 75 58 24 52 32 55 33 35 43 47 47 76 38 46 60 55 60
36 15 4 30 17 6 20 6 22 14 2 15 7 18 19 10 13 7 11 20
41 9 17 47 26 8 31 6 27 20 8 27 25 12 46 10 20 23 34 26
15 6 3 9 12 3 6 1 4 6 1 5 9 7 14 3 9 7 7 6
49 31 29 39 44 17 35 19 44 16 19 26 41 26 43 13 32 36 43 31
55 17 20 47 11 24 41 19 47 26 14 37 16 19 52 13 32 26 43 50
19 9 3 13 5 1 9 5 7 7 1 6 4 9 9 3 9 3 5 12
55 34 19 47 24 16 40 16 39 26 16 36 28 28 54 28 45 40 51 37
19 1 8 23 16 1 10 3 9 5 2 3 9 7 25 2 9 3 5 11
48 33 39 58 37 13 43 22 37 12 28 23 35 33 54 14 31 41 39 33
37 25 16 42 31 9 27 21 30 13 16 10 25 11 58 9 34 35 35 40
29 11 24 35 18 16 25 7 28 5 21 24 30 22 43 19 32 22 29 22
33 13 1 24 21 3 13 3 16 17 2 14 13 12 28 12 12 15 12 24
49 19 17 42 24 17 28 19 30 17 11 25 24 23 47 19 22 23 26 36
6 1 1 5 9 1 1 1 2 1 1 1 3 1 6 1 4 2 3 2
30 25 18 39 31 10 24 11 23 11 18 14 27 13 49 13 29 33 33 26
19 4 1 11 7 1 8 1 7 6 1 3 1 8 7 1 5 1 1 14
22 12 1 22 5 3 8 2 8 10 2 8 1 3 15 2 7 6 12 10
50 24 20 32 29 18 28 15 40 9 14 23 28 18 46 12 33 33 34 28
32 19 3 33 5 1 27 12 22 19 4 20 4 5 36 14 24 28 27 28
18 12 14 23 14 8 9 9 16 6 6 11 16 8 29 5 23 16 23 19
34 15 16 34 21 13 18 19 23 10 12 15 15 12 34 9 9 16 21 24
28 20 6 25 19 9 9 7 18 7 8 9 11 15 22 8 17 11 8 20
30 18 3 29 17 7 22 5 12 18 1 17 15 18 29 15 19 18 18 23
43 26 30 66 23 19 45 16 34 27 22 36 21 31 57 18 46 27 44 47
29 12 13 30 22 9 11 6 23 7 5 12 18 5 31 5 12 17 26 14
16 7 4 16 7 4 1 5 6 1 3 1 2 2 13 2 4 1 1 8
55 28 21 48 37 15 40 18 32 25 15 27 31 24 48 20 14 37 36 34
47 27 14 38 40 8 35 18 39 23 13 16 29 17 43 6 25 36 37 36
51 17 15 36 29 17 33 20 49 24 7 30 24 18 49 11 23 30 35 37
32 19 9 32 9 5 15 9 14 14 3 12 5 10 28 8 18 13 19 27
15 9 9 20 10 2 7 3 2 7 1 2 2 6 9 1 3 5 9 5
59 30 25 57 21 11 45 12 39 30 17 33 23 34 51 24 37 30 41 41
12 5 3 10 17 1 4 1 12 1 1 1 12 1 16 1 11 11 13 4
20 16 5 19 12 8 4 10 15 1 6 2 5 7 20 3 14 9 14 18
34 30 25 50 37 24 27 27 35 10 25 20 31 21 50 10 26 33 44 36
25 11 7 25 6 8 21 2 22 11 3 18 5 8 24 5 30 10 21 15
20 12 11 32 11 6 14 8 8 15 5 12 9 5 31 6 16 12 22 16
65 29 27 61 23 16 43 20 36 27 9 26 16 22 58 10 34 36 46 43
47 14 14 40 22 14 33 17 35 21 10 32 20 20 40 18 17 20 20 32
49 19 13 45 16 5 39 9 27 33 1 33 19 17 41 18 20 26 34 36
16 9 3 13 12 2 3 1 5 4 1 1 3 4 10 1 6 6 7 4
33 17 16 39 22 3 18 5 19 13 8 13 18 17 41 6 26 19 26 25
40 26 15 51 18 10 20 16 18 20 15 15 12 16 50 14 29 25 33 41
34 17 12 23 20 1 21 4 15 14 2 13 21 17 21 8 15 20 22 17
34 13 10 33 22 6 20 5 16 11 8 17 21 10 31 11 15 22 23 17
27 13 13 25 5 3 12 1 10 11 1 12 3 6 18 6 16 11 16 12
46 27 30 58 19 12 36 10 26 25 14 26 29 16 47 13 39 37 53 43
60 15 45 66 27 28 40 14 43 27 30 34 33 22 66 9 44 34 59 48
31 13 12 41 22 5 21 7 14 25 4 19 13 11 36 10 11 16 26 25
34 11 11 28 19 8 13 6 19 10 6 12 15 8 25 3 10 13 20 14
36 17 9 39 12 13 24 9 22 18 10 26 12 9 39 14 19 17 25 26
45 32 28 53 35 15 36 10 31 24 15 28 32 32 40 16 35 31 38 32
15 5 2 15 14 4 4 3 8 7 3 4 7 4 17 2 6 8 8 8
21 10 23 41 18 1 23 5 16 13 10 13 16 22 31 9 18 15 21 25
34 11 22 31 16 18 17 11 23 3 13 21 23 20 36 15 19 7 21 20
34 31 7 43 24 1 34 11 25 31 13 29 23 16 47 22 35 39 44 37
44 45 33 69 44 17 58 29 48 26 38 32 49 34 70 26 52 64 57 61
38 19 12 34 13 13 18 19 18 14 12 16 10 12 34 12 13 18 19 30
26 14 1 25 18 2 18 4 25 19 5 18 13 8 24 4 17 12 20 26
58 27 12 45 24 11 31 15 36 20 9 26 19 25 47 23 28 28 24 37
47 20 16 38 27 3 30 9 27 22 6 22 17 24 31 13 18 20 10 29
41 19 20 36 30 1 26 2 25 19 1 15 25 22 32 9 23 24 22 24
21 14 6 22 15 11 11 10 13 9 10 11 8 11 14 9 7 8 9 13
35 4 14 39 19 7 19 11 18 17 6 15 15 8 40 6 9 17 25 27
61 45 26 78 31 14 55 28 40 42 28 48 30 29 78 39 60 58 71 63
34 10 10 34 26 9 26 6 27 26 6 25 20 14 35 11 18 16 27 28
28 9 1 25 9 1 27 10 15 16 5 20 15 7 34 10 15 27 22 27
62 47 25 67 37 24 55 33 48 34 24 42 34 32 64 32 42 57 59 63
14 3 3 8 9 1 8 1 9 3 1 6 10 1 12 1 8 9 12 1
38 4 10 38 16 4 32 15 25 21 3 24 17 12 47 9 16 22 25 34
29 9 15 35 26 4 29 1 21 20 6 22 24 19 37 14 27 20 22 18
45 33 23 48 37 13 26 10 27 27 10 18 26 27 34 13 22 28 28 35
27 9 11 23 5 7 12 1 12 9 4 13 5 11 21 6 21 7 14 10
20 7 1 16 7 2 5 2 8 8 1 4 1 2 12 2 6 7 8 12
53 39 44 79 30 29 53 26 36 31 30 35 33 37 64 27 56 53 67 56
53 33 40 67 41 27 49 22 40 27 32 38 40 31 60 24 44 41 56 41
53 22 26 42 31 12 34 5 33 22 7 23 28 27 34 11 25 22 29 23
45 27 15 43 28 1 26 8 28 28 6 23 22 20 48 21 29 31 26 40
59 22 18 53 15 24 45 29 41 30 17 44 22 18 63 26 28 37 49 50
77 40 44 75 56 30 62 39 60 38 27 46 44 46 73 29 33 52 54 56
59 28 31 60 42 22 40 22 50 25 23 36 44 28 69 24 41 38 51 48
18 7 1 10 1 1 9 2 8 6 1 4 1 2 14 2 11 10 7 13
36 21 29 50 29 8 39 19 44 14 25 34 36 23 59 21 44 33 46 37
22 9 4 18 18 6 9 5 10 10 5 8 9 10 14 7 5 6 7 13
66 40 40 62 53 25 51 15 46 41 22 40 46 43 47 18 39 44 47 39
44 22 24 50 18 8 32 6 24 22 8 23 26 15 41 11 31 30 46 31
53 25 18 44 21 24 37 29 35 8 17 31 20 26 45 23 28 34 37 41
45 26 18 44 30 15 28 13 25 19 16 25 24 20 44 18 25 29 27 27
24 8 9 23 19 2 12 10 21 4 3 3 13 1 31 1 12 17 20 20
52 31 43 57 41 28 46 13 43 19 24 36 48 32 50 21 46 41 57 26
43 19 11 31 8 13 35 17 32 10 9 29 17 21 34 20 30 27 28 30
66 36 41 61 50 33 46 29 56 21 33 41 49 38 70 29 39 43 49 47
14 6 6 13 7 4 6 1 10 5 1 9 6 1 9 1 6 1 6 5
69 31 21 63 23 19 48 22 40 39 9 39 16 27 57 17 31 33 43 52
47 26 21 42 27 14 40 28 32 27 4 31 25 30 45 23 22 32 30 40
44 25 15 43 30 9 33 17 36 23 13 23 25 23 48 16 28 30 30 47
16 10 2 9 11 1 4 1 8 1 1 1 9 4 14 1 13 11 13 8
15 8 13 26 10 11 6 13 6 5 10 6 6 6 21 6 9 5 11 12
21 9 14 21 9 6 7 6 9 7 3 12 11 11 20 5 13 4 12 12
37 20 6 38 22 10 34 14 30 18 10 28 24 17 45 20 32 32 36 38
39 21 11 43 21 9 22 10 28 17 8 15 12 16 43 6 28 16 26 32
54 34 31 56 38 26 33 21 47 13 25 25 38 28 59 17 41 31 47 41
34 21 18 48 32 8 32 15 35 20 15 18 28 12 55 6 31 30 40 39
40 28 15 56 16 7 41 12 25 37 17 37 20 14 55 25 41 38 52 41
11 2 5 12 3 1 9 4 11 2 1 2 1 1 12 1 12 5 5 9
25 10 13 25 7 5 11 4 11 9 4 12 10 7 24 6 17 13 16 14
10 5 4 15 1 1 4 1 1 6 1 3 1 1 6 1 6 2 5 3
33 8 20 34 14 9 20 12 20 9 10 13 12 17 33 4 20 10 20 24
60 34 21 56 29 19 42 11 34 28 16 41 33 36 55 38 43 36 30 43
58 28 23 50 30 31 36 42 46 12 28 26 33 28 62 20 28 42 43 59
63 24 30 68 39 14 55 9 44 45 20 45 40 20 70 22 44 49 55 57
24 8 16 26 7 11 14 7 13 3 9 17 14 11 26 12 20 9 19 8
22 8 2 16 10 3 7 2 10 9 2 7 7 7 14 1 7 7 9 11
16 7 2 22 10 6 13 5 9 5 10 15 15 5 24 12 16 13 14 12
14 10 7 18 7 4 8 7 5 8 4 6 6 5 19 6 13 12 15 14
15 5 8 18 14 4 3 5 10 5 2 6 8 4 21 1 10 7 11 13
20 11 1 20 6 1 12 1 7 16 1 12 1 5 16 8 11 12 12 17
22 7 15 25 13 6 7 7 15 2 6 3 10 5 26 1 16 12 18 15
19 13 4 19 17 2 8 3 7 5 1 3 9 10 19 2 13 8 13 14
23 18 3 20 19 9 13 7 13 7 7 10 14 14 20 9 18 13 14 15
57 35 34 48 40 24 33 20 40 10 20 22 32 34 44 18 32 33 35 29
74 37 38 62 53 34 54 39 66 34 21 52 52 47 77 40 29 52 49 63
42 25 28 42 36 14 28 14 38 9 23 22 38 25 54 15 40 33 36 30
34 23 11 31 32 13 25 10 37 13 16 19 26 10 37 1 34 26 36 23
11 4 7 14 9 1 4 1 9 3 2 3 4 4 16 1 14 5 5 8
22 3 1 13 8 1 8 3 10 7 1 6 5 2 15 1 1 6 7 13
10 4 3 15 9 1 6 1 5 6 1 5 2 2 10 1 8 2 7 4
78 54 39 78 49 34 61 42 58 36 25 45 43 45 76 34 42 67 67 69
20 12 1 20 7 5 12 4 13 7 1 6 3 8 14 4 15 8 11 14
23 23 6 34 19 10 31 15 32 14 11 18 20 15 39 10 39 25 32 35
30 18 17 51 26 18 41 12 23 25 25 39 30 19 49 29 30 25 32 37
63 35 20 60 38 16 47 30 46 37 18 43 34 32 72 33 36 50 41 64
46 24 15 33 25 20 22 10 33 12 15 27 28 28 37 22 21 16 23 33
39 16 22 43 18 12 20 18 15 16 12 10 14 4 44 8 17 29 35 30
26 5 10 32 8 13 19 14 19 18 10 14 3 4 29 3 11 8 21 27
51 29 25 51 36 8 39 21 34 33 5 22 28 26 55 14 25 45 42 51
53 39 39 66 42 29 44 28 33 21 31 27 42 33 56 27 35 48 55 42
16 5 3 13 13 1 2 1 9 1 1 1 5 1 12 1 4 6 9 5
29 16 10 33 7 4 13 2 9 11 2 13 5 7 25 6 18 12 19 11
19 7 1 17 10 5 11 7 13 11 4 7 4 1 16 4 7 11 12 16
19 1 1 10 2 1 8 7 11 2 1 4 1 1 17 1 3 5 1 12
60 35 27 78 28 6 68 16 37 52 24 52 35 33 78 35 50 52 52 64
50 24 19 55 10 10 50 14 33 35 16 42 18 15 54 20 40 38 45 43
21 9 6 17 6 3 13 10 14 9 3 9 7 6 22 5 13 14 16 20
53 27 37 51 40 11 40 4 41 29 15 31 41 37 47 21 39 32 38 32
47 23 5 40 26 16 32 17 33 18 6 28 14 29 39 25 25 26 19 37
48 36 17 66 35 21 54 32 56 22 27 27 37 28 82 18 58 52 58 60
24 4 10 20 7 10 10 2 18 5 5 15 10 8 19 6 13 1 12 7
34 22 25 44 30 18 22 17 26 4 18 11 23 24 48 12 29 23 27 29
40 25 25 60 27 1 47 5 19 32 18 31 32 25 55 26 37 38 37 43
47 22 41 49 29 27 28 23 33 5 30 25 32 32 51 19 31 26 37 28
23 17 4 22 12 5 12 5 15 5 1 9 3 10 14 4 14 9 16 10
53 28 31 63 28 21 31 22 19 20 19 17 29 29 56 21 30 37 42 42
55 24 13 42 25 12 37 10 36 28 8 31 21 30 36 20 24 22 20 35
45 14 25 45 14 12 30 19 28 24 9 22 9 16 39 4 18 21 30 32
24 15 8 40 11 6 27 5 9 22 11 24 15 13 35 17 28 19 24 25
57 27 25 54 33 24 36 26 40 20 19 30 29 29 54 23 20 30 34 44
54 26 13 44 38 15 43 22 46 20 11 30 33 28 58 18 35 43 37 43
26 15 17 36 25 16 18 17 22 13 15 21 17 17 33 14 11 17 19 22
54 32 33 61 26 17 48 16 35 25 27 38 35 21 68 33 51 44 56 42
19 5 3 20 4 2 8 4 8 7 1 6 3 1 17 1 7 6 10 11
63 29 33 68 33 23 38 23 41 30 25 30 30 30 62 23 36 35 40 55
53 33 22 65 46 17 47 12 43 42 19 33 38 20 66 13 45 46 57 53
39 14 24 37 17 8 27 1 23 17 7 18 17 16 29 1 26 13 31 12
67 20 44 69 28 32 54 25 53 29 32 45 36 28 76 18 41 41 58 51
31 16 14 19 16 18 11 14 22 4 13 17 16 18 21 14 11 11 13 16
27 7 7 30 15 9 17 8 19 18 6 15 8 8 28 5 13 7 15 20
23 10 5 24 10 4 16 4 14 12 1 14 9 10 22 6 17 10 14 16
19 7 12 24 3 1 12 7 10 7 5 5 3 5 24 2 13 7 9 16
32 23 23 45 25 7 33 1 18 22 16 27 31 8 43 19 35 39 43 23
34 13 17 40 21 14 30 24 21 15 22 25 25 11 53 19 23 34 31 40
52 24 30 51 23 30 35 28 41 7 23 30 29 27 58 25 33 30 40 39
29 7 4 16 12 1 9 4 14 4 1 6 7 5 23 1 12 12 8 14
21 6 11 29 6 3 15 5 12 8 6 17 15 1 37 12 24 21 28 26
51 23 44 72 33 21 49 21 42 22 33 42 50 29 80 25 50 52 64 52
46 16 4 37 20 7 25 4 26 26 2 24 11 9 35 9 15 18 29 28
66 46 44 78 55 32 59 20 65 37 34 41 55 51 70 19 58 45 64 60
68 48 35 80 48 29 60 30 56 37 31 53 43 49 83 46 54 52 50 68
39 40 36 67 44 18 44 19 35 28 34 25 47 26 63 17 51 52 61 51
63 35 24 53 37 23 39 19 48 20 16 34 37 38 59 29 37 34 38 47
30 15 4 18 13 4 15 4 15 10 1 11 8 15 13 8 14 9 10 17
50 19 37 55 25 24 39 31 47 14 29 33 27 26 63 16 33 32 43 44
53 13 26 47 25 17 33 19 30 25 13 30 28 18 57 22 24 34 37 42
44 32 18 44 18 6 23 13 19 22 8 15 12 18 37 14 25 30 35 30
19 7 8 16 11 1 9 2 13 1 2 1 10 5 19 1 13 9 8 9
29 6 13 32 24 12 22 7 27 16 10 21 17 10 35 7 21 15 23 16
6 1 1 10 3 1 6 1 1 6 1 5 1 4 5 1 1 1 1 6
51 24 24 46 21 19 24 18 30 13 10 17 17 17 46 13 28 27 39 31
50 31 30 57 21 16 48 14 46 24 27 43 40 25 66 32 56 40 62 42
57 38 33 63 46 32 53 26 53 18 33 47 52 34 74 37 53 48 59 51
56 22 25 58 26 20 43 14 36 28 19 42 34 32 60 29 34 26 39 38
62 36 30 67 42 25 57 30 53 36 30 46 40 40 75 33 42 46 45 61
13 2 2 12 3 2 5 5 6 1 1 1 1 1 11 1 4 1 1 8
46 27 29 67 30 27 48 24 45 30 35 37 41 10 75 16 53 51 69 61
33 9 5 21 14 9 19 10 21 10 5 19 14 14 24 9 8 8 12 18
49 18 6 34 22 7 26 13 29 18 6 21 15 13 38 9 14 25 21 28
30 17 5 30 11 7 16 6 12 11 2 9 3 16 17 7 12 5 10 16
10 4 2 15 4 1 10 1 5 8 1 9 3 4 9 2 7 3 8 5
41 12 27 41 15 14 37 17 30 15 19 30 31 16 54 18 36 32 39 34
11 3 5 15 6 4 9 5 5 4 3 9 6 1 14 5 10 7 11 5
70 33 29 61 30 21 47 18 49 29 14 38 33 39 53 25 32 22 39 50
65 42 33 56 55 21 51 25 52 25 21 31 46 40 56 18 36 51 45 44
35 9 9 24 14 4 26 5 26 13 2 18 14 5 28 1 17 18 25 17
39 23 18 48 19 19 23 19 22 15 12 18 10 21 41 12 26 17 30 30
66 41 45 72 29 20 66 16 51 26 33 52 50 44 71 35 63 46 68 47
47 25 19 39 32 16 30 16 42 15 14 20 28 23 48 13 38 28 33 33
23 21 21 36 12 2 19 12 27 1 14 11 15 20 37 9 34 18 24 30
20 8 6 12 13 3 6 1 9 5 1 7 9 5 14 3 11 9 10 7
38 23 29 47 26 15 28 16 26 16 18 20 21 16 49 13 33 30 36 28
32 21 7 40 16 4 27 7 25 15 4 15 11 22 37 11 28 18 21 33
26 12 19 31 15 3 12 4 10 14 3 9 9 12 22 1 13 13 19 14
27 4 7 19 9 8 20 4 24 15 4 20 11 4 24 2 17 9 21 15
52 22 21 53 29 17 43 12 40 30 20 39 37 12 63 19 44 39 58 48
56 25 38 64 36 31 45 26 48 31 30 45 36 41 61 32 34 29 42 47
26 13 5 17 16 1 11 7 18 10 1 8 10 7 20 3 8 14 13 21
64 33 26 60 38 25 48 30 54 33 20 40 29 24 70 19 38 46 51 51
42 39 14 48 30 21 33 34 37 14 25 20 25 19 55 18 30 42 42 52
46 28 16 46 25 6 31 5 30 27 8 25 20 18 43 15 33 28 34 32
11 5 5 17 6 1 5 1 6 6 1 4 1 3 11 1 12 2 5 7
19 5 4 9 10 1 12 1 10 5 1 6 9 2 11 1 5 11 15 3
47 26 25 62 40 8 42 10 43 32 21 33 38 26 68 20 42 38 42 46
46 21 19 43 30 18 24 20 36 9 10 18 20 18 50 9 32 29 37 38
28 25 8 33 24 2 19 7 21 11 4 8 20 7 37 6 26 29 36 25
21 7 12 26 7 6 13 7 8 7 9 16 15 7 28 9 20 14 20 19
32 31 24 43 30 12 25 23 40 2 26 17 30 26 52 16 41 30 31 39
25 11 15 23 7 8 13 7 10 5 6 14 12 10 20 7 17 12 23 13
18 9 9 21 15 1 18 3 24 3 7 13 20 3 31 2 28 16 27 15
43 13 16 35 9 20 21 17 26 5 10 18 12 22 36 14 19 8 18 31
65 26 38 68 27 33 40 34 34 20 38 39 41 20 71 36 41 56 61 52
49 27 13 52 19 9 35 14 32 29 17 28 13 17 52 17 32 28 35 33
37 24 21 37 29 15 15 17 20 5 15 5 25 15 42 9 24 32 36 26
45 32 32 57 42 18 45 10 28 34 25 37 47 35 49 30 41 41 42 37
36 15 11 30 19 16 25 9 21 10 16 29 27 20 31 22 21 17 23 21
23 9 5 25 8 7 13 15 15 6 6 7 3 7 23 3 5 6 9 22
14 9 7 21 1 1 7 3 5 2 1 2 2 4 15 1 14 1 8 10
47 21 19 61 25 11 45 9 33 25 21 39 32 29 58 27 38 25 31 42
12 1 9 23 7 1 9 6 5 9 1 6 4 4 20 1 6 1 8 16
46 24 18 50 15 15 38 16 31 13 18 28 23 22 50 20 35 29 33 34
19 10 4 20 11 3 12 5 14 8 1 11 7 13 17 6 13 5 11 17
12 7 11 20 16 4 6 9 9 3 7 4 15 2 32 1 18 19 25 19
30 10 14 32 5 11 22 10 17 20 7 25 11 9 30 11 17 16 31 25
24 10 5 23 9 1 18 1 7 15 1 10 6 10 14 2 9 6 13 12
53 39 33 68 33 18 44 27 43 14 32 36 41 34 75 30 55 47 60 57
39 26 23 50 24 12 22 14 19 24 11 13 13 21 32 6 20 20 30 30
28 18 2 26 21 3 18 3 19 11 7 18 18 10 25 7 21 18 26 18
16 6 9 23 17 1 9 1 14 7 1 4 12 1 26 1 14 13 17 9
17 5 1 14 8 1 4 1 5 4 1 6 1 6 8 1 6 1 2 4
37 20 9 31 19 12 24 15 29 5 14 21 24 13 43 18 28 30 23 34
40 25 17 46 16 12 25 10 25 12 7 18 6 23 36 12 31 20 28 26
34 21 20 51 42 15 38 13 47 18 25 26 41 27 57 11 39 32 40 34
27 11 13 25 9 6 15 1 12 10 3 16 14 10 24 7 21 13 20 10
16 3 6 19 13 2 10 1 8 11 1 9 7 8 16 5 11 3 5 12
75 47 46 80 45 31 66 25 60 30 34 54 51 51 79 42 59 53 67 55
14 4 1 7 2 1 6 3 6 1 1 1 1 1 6 1 3 1 1 7
51 25 24 49 43 22 40 17 50 24 25 30 35 15 56 6 43 34 44 37
50 18 28 44 29 13 31 13 35 21 10 21 26 16 45 5 21 30 44 33
80 44 36 65 54 29 56 33 61 38 10 40 44 51 64 28 36 55 52 62
27 6 26 40 13 17 21 13 21 8 18 21 16 19 38 9 16 8 24 20
20 6 5 21 12 1 18 7 17 11 1 11 12 3 28 5 16 16 18 16
36 12 14 37 26 1 23 1 15 17 2 13 20 13 35 7 19 23 23 15
22 5 4 20 11 2 14 13 17 6 1 8 3 3 22 1 4 11 11 15
38 16 22 38 20 5 25 10 18 18 8 12 16 17 37 6 18 23 25 25
27 13 11 28 25 9 24 13 26 10 11 16 19 15 36 11 18 18 17 25
62 25 52 80 34 36 49 38 36 26 43 40 41 40 68 37 31 43 48 57
21 13 19 42 17 1 31 4 20 13 14 20 25 13 44 10 32 26 39 28
17 8 1 16 9 5 12 4 10 5 6 13 9 6 14 8 17 11 13 9
20 5 11 28 9 5 13 10 14 14 4 10 4 5 25 1 10 7 13 19
45 16 15 37 30 10 30 5 30 26 8 19 20 12 33 2 21 23 33 27
74 45 35 71 33 35 54 40 53 24 34 41 48 35 83 39 57 58 72 72
37 21 25 42 23 4 29 15 30 6 17 14 24 19 50 12 35 32 31 29
34 18 10 32 19 2 19 7 28 15 3 17 16 14 29 5 22 14 25 29
67 25 38 65 43 34 56 16 57 50 33 57 44 37 66 34 51 38 42 53
14 1 5 13 4 1 8 1 9 5 1 9 4 4 11 1 8 1 4 7
33 30 33 56 31 7 33 18 34 15 23 16 29 23 53 6 41 34 51 41
31 11 2 23 10 2 20 9 19 13 1 10 6 9 28 3 10 17 13 23
8 7 4 14 6 1 4 1 7 5 1 2 3 2 13 1 15 6 8 9
25 12 14 23 14 7 16 5 31 6 7 17 20 8 32 5 27 11 29 19
12 1 1 15 1 1 2 1 4 4 1 3 1 1 9 1 3 1 1 5
16 8 4 16 1 1 3 1 4 1 1 1 1 2 15 1 9 3 1 10
13 1 1 13 11 2 2 1 2 3 1 2 5 5 13 2 1 1 1 7
14 9 15 25 11 1 5 3 4 2 3 1 3 5 20 1 12 5 12 9
27 18 4 28 20 4 15 13 23 12 7 7 11 3 31 4 11 19 23 27
26 5 6 38 6 3 24 1 15 28 1 25 5 7 31 9 13 9 20 28
17 3 1 10 4 1 4 1 6 8 1 8 3 5 7 2 2 2 2 10
43 10 13 38 29 6 33 11 35 23 8 28 25 18 45 17 20 22 20 30
30 18 10 30 6 3 13 10 12 8 1 5 4 6 30 6 16 14 15 25
9 4 1 11 1 1 2 1 1 1 1 1 1 1 3 1 5 1 1 1
12 6 4 16 6 1 10 1 8 5 1 11 9 3 17 4 15 8 12 3
47 13 22 41 32 14 30 21 28 15 14 17 25 17 47 13 15 32 30 32
48 30 27 58 28 16 46 28 48 23 25 38 27 27 66 24 34 41 41 52
63 21 27 62 24 26 58 21 58 19 23 46 32 35 74 26 55 41 52 49
28 19 14 40 28 6 23 13 24 19 11 12 20 15 31 4 15 23 32 34
36 24 8 29 25 13 29 21 35 7 19 22 26 18 41 19 33 32 24 38
36 29 17 35 35 9 19 11 25 10 10 10 27 18 32 8 17 30 32 24
24 10 15 39 9 11 19 14 8 9 19 16 15 1 34 14 16 21 32 24
16 5 1 14 6 1 10 5 12 9 1 8 5 1 13 1 3 6 8 12
81 44 46 69 57 38 60 34 69 37 36 56 58 51 76 45 45 51 52 59
47 26 12 45 21 16 35 17 33 25 6 23 9 20 38 10 27 24 35 41
63 26 41 80 45 27 55 25 47 32 38 41 57 28 83 30 50 53 72 59
72 44 28 81 35 29 64 22 51 46 31 58 34 25 79 38 66 59 73 61
22 22 6 33 27 6 28 14 21 15 19 21 29 9 41 17 31 28 34 33
50 35 28 67 31 20 51 19 39 31 31 40 33 20 69 28 48 44 53 52
51 26 30 48 32 17 29 11 33 24 10 22 27 26 38 8 29 25 43 35
16 10 4 16 8 1 12 4 10 7 1 13 11 6 17 6 13 10 15 8
37 19 10 42 20 14 27 10 23 31 11 26 12 13 39 13 22 17 31 36
34 17 5 25 5 4 16 1 14 11 1 13 4 9 19 6 18 11 17 17
31 15 10 20 15 12 12 10 18 7 8 13 11 11 13 8 8 8 12 11
24 12 4 22 12 1 12 1 8 10 1 6 6 6 13 1 7 7 16 7
36 15 18 34 30 7 36 12 30 12 19 21 34 19 53 16 39 35 31 31
23 5 5 18 13 1 17 8 20 9 1 10 9 5 26 1 11 14 13 18
18 7 6 8 9 5 5 1 11 4 1 9 11 6 10 3 9 6 10 5
33 12 5 25 17 5 20 3 28 18 1 19 14 1 31 5 19 20 29 25
40 15 14 43 28 10 37 12 27 23 14 26 27 13 44 16 26 28 41 30
62 41 26 67 39 20 42 22 40 34 11 27 26 32 55 17 37 43 53 60
72 42 22 68 39 15 60 33 52 39 22 47 33 40 76 37 44 56 48 56
59 22 28 52 30 20 37 25 43 24 15 28 23 20 51 9 21 31 40 36
8 1 3 15 4 1 7 3 4 6 1 5 3 1 14 1 5 2 12 7
38 12 10 31 16 11 26 14 25 8 8 25 19 14 36 13 13 17 18 23
41 25 9 37 29 7 34 13 42 24 10 29 24 26 39 19 30 24 22 42
28 24 11 31 15 4 14 7 12 17 3 11 7 7 26 8 16 22 28 23
55 19 22 58 20 10 38 22 26 30 15 30 23 18 66 24 24 39 35 49
12 5 5 19 17 6 4 8 9 5 5 4 10 4 22 4 6 10 13 11
61 20 34 65 32 23 40 20 44 32 25 37 35 28 72 25 35 35 45 55
23 16 13 32 8 11 17 13 9 5 6 12 9 15 30 12 25 14 20 22
24 11 4 34 15 1 23 1 15 19 3 25 21 4 37 14 23 24 30 25
55 43 37 68 42 27 48 29 36 17 28 29 34 35 63 32 46 50 53 49
32 7 6 20 21 6 18 11 21 13 5 13 13 11 25 7 10 14 11 20
28 15 5 27 21 1 17 4 19 19 1 14 16 13 28 7 15 15 20 26
24 11 1 17 10 4 17 4 17 12 1 13 7 12 13 5 15 7 13 15
72 27 38 68 32 22 52 24 45 36 20 41 28 25 67 10 35 44 55 50
29 7 6 27 6 1 25 9 19 16 1 15 6 7 36 2 14 19 20 22
19 5 2 14 4 2 5 9 9 1 1 1 1 5 15 1 6 1 2 14
53 26 12 53 19 8 51 13 34 36 12 46 28 23 54 30 36 38 37 50
47 31 34 48 29 12 33 26 40 19 15 17 26 30 52 8 32 40 42 46
28 15 11 27 19 4 21 2 14 19 7 18 18 22 25 16 21 14 3 22
90 53 40 87 52 44 67 29 70 43 30 64 43 52 85 47 60 52 69 65
18 6 3 15 8 4 2 5 9 2 3 4 2 4 12 2 4 1 4 8
22 11 3 23 3 1 14 2 7 3 1 7 4 6 16 5 15 9 14 13
21 19 16 42 12 1 24 4 22 10 13 17 19 12 43 8 38 23 35 28
11 7 1 8 1 1 6 1 1 3 1 4 2 4 4 1 10 3 6 2
13 8 4 15 12 6 4 5 6 8 5 4 5 7 15 4 9 6 5 9
33 13 29 45 17 13 39 14 40 12 22 32 30 17 57 14 45 28 48 37
72 46 31 64 31 25 45 36 48 26 29 38 26 33 63 29 44 47 55 49
36 18 17 33 17 15 30 25 26 12 16 21 13 22 37 15 17 23 16 28
53 24 14 48 28 16 38 20 43 20 12 30 21 29 53 17 28 25 25 43
53 50 20 62 33 22 46 27 52 31 33 37 34 34 65 29 60 43 58 49
37 20 13 46 9 6 28 2 14 24 3 18 4 18 33 6 25 12 25 24
53 25 17 39 30 4 34 9 27 26 5 17 27 24 37 13 19 33 28 33
54 35 31 61 31 34 55 17 53 26 31 53 46 32 70 38 67 38 63 52
66 35 30 52 44 36 50 39 55 12 24 42 35 41 62 30 39 45 45 46
27 14 17 35 15 1 17 1 1 13 2 7 14 12 34 5 18 19 24 16
24 13 12 21 17 1 12 1 8 10 1 9 14 13 22 6 17 13 14 8
34 15 19 40 18 1 27 11 22 21 6 15 12 11 41 6 21 24 31 27
17 9 8 24 14 9 14 10 9 8 9 13 12 10 23 11 13 11 13 13
21 13 1 18 15 2 10 1 14 7 1 6 7 4 16 1 12 8 17 10
37 14 14 41 17 8 33 9 25 11 9 16 17 19 45 10 32 24 28 25
38 11 9 28 24 7 24 15 27 14 6 17 17 18 33 10 13 16 12 24
51 30 22 56 26 26 38 25 27 18 22 28 22 22 59 26 39 44 50 44
38 21 2 30 14 6 20 7 15 13 1 12 9 12 32 12 20 20 21 26
31 11 6 26 14 3 21 4 15 18 1 15 8 11 18 4 8 7 15 17
47 37 38 54 42 38 33 37 46 14 38 33 43 29 60 27 38 40 53 44
45 13 15 43 24 9 31 17 32 18 7 18 17 19 48 9 21 20 21 33
26 21 18 37 20 10 32 7 26 11 18 27 31 19 46 21 47 27 37 33
27 15 25 39 14 6 16 8 5 13 11 5 11 18 31 2 18 15 22 20
18 5 3 12 6 1 10 5 10 7 1 7 3 6 7 3 4 3 4 12
73 38 27 57 36 32 53 27 56 24 25 49 42 48 62 41 35 37 36 53
15 5 11 24 13 6 8 8 10 7 5 8 10 1 26 3 12 12 19 13
42 13 20 41 15 15 17 17 14 13 14 13 15 8 37 7 13 24 36 27
58 32 28 61 38 28 37 27 43 20 22 33 28 32 59 24 31 33 41 44
36 14 11 30 22 10 19 4 19 15 8 19 21 13 33 10 18 20 22 17
39 17 14 43 15 14 29 11 27 17 10 32 21 11 47 21 24 25 34 29
58 33 14 55 31 13 39 17 35 36 12 35 20 28 44 25 20 30 34 44
17 8 10 24 10 5 7 8 9 8 5 6 5 6 21 1 11 8 17 20
30 9 12 20 7 6 15 3 16 8 2 16 11 13 16 6 15 3 12 12
42 22 20 33 37 19 28 21 40 12 18 25 31 20 42 17 21 30 30 29
38 19 26 36 27 17 23 10 37 8 20 20 31 22 44 13 33 22 31 24
40 26 15 55 25 8 36 8 24 28 12 32 26 17 53 21 38 32 44 40
47 17 22 46 22 15 39 11 36 24 17 40 31 31 45 29 34 20 24 34
34 24 2 32 11 6 15 6 12 12 1 11 4 11 30 12 21 20 21 21
45 36 17 43 30 12 35 13 34 14 19 24 35 15 54 20 48 47 46 38
45 27 7 42 20 5 28 18 28 23 8 19 15 20 49 19 26 32 29 50
48 27 14 47 21 14 27 10 29 17 8 19 13 17 41 12 29 23 30 26
31 14 21 37 13 10 18 8 22 9 8 14 12 17 32 5 24 10 26 19
39 22 23 35 20 11 23 19 30 7 8 12 18 16 45 8 30 30 32 31
53 7 17 49 24 11 39 16 38 29 11 31 20 15 57 8 17 30 32 43
33 17 13 34 22 2 18 6 16 12 3 4 12 7 32 3 13 22 21 18
17 6 1 21 11 1 10 4 7 5 3 6 11 1 25 5 11 14 18 14
43 19 24 45 40 22 29 21 36 11 22 27 34 23 50 16 18 32 35 33
43 25 14 40 22 9 19 10 24 16 9 20 15 12 37 14 21 26 29 21
40 7 15 30 26 11 29 13 35 9 9 24 23 13 41 5 21 24 24 19
64 41 26 56 44 20 57 26 59 27 16 34 31 33 62 15 54 51 56 48
22 13 4 20 11 7 5 8 10 1 2 1 7 10 20 5 9 7 8 10
22 10 17 33 11 1 22 1 7 11 8 14 15 15 27 7 21 14 19 13
24 8 6 24 9 2 8 1 6 11 1 10 6 5 19 1 10 6 10 10
14 10 8 18 10 1 7 1 2 8 1 2 7 5 11 1 4 9 10 6
32 5 13 29 12 10 18 1 20 10 5 22 16 13 27 9 14 2 20 11
23 19 15 23 29 4 12 1 16 10 1 1 19 10 17 1 17 22 24 11
24 7 1 21 7 1 21 1 16 13 1 16 7 11 17 7 17 5 12 17
68 32 39 56 35 34 35 39 47 17 30 33 36 33 68 26 31 43 43 56
23 13 11 25 7 3 8 2 7 12 1 11 7 5 22 5 12 12 15 13
35 11 26 40 23 17 18 21 19 4 19 11 20 16 45 10 14 20 22 28
19 25 6 32 19 10 17 12 21 1 13 1 13 15 34 3 35 20 22 24
