1000 20 11 1046
0 8 1 14 9 16 4 0 0 0 9
7 14 0 2 15 9 3 15 3 2 6
16 15 10 5 19 5 15 13 4 2 9
1 5 3 4 1 3 3 3 3 3 2
1 11 14 4 3 3 3 4 7 13 1
2 1 6 4 16 19 9 13 7 4 11
0 1 3 7 1 3 0 9 8 1 4
13 1 4 1 0 5 1 4 1 1 11
13 2 4 1 6 12 2 3 0 4 1
5 0 7 2 8 2 6 1 14 7 8
3 13 1 22 5 5 1 6 12 11 10
5 14 9 3 5 17 5 11 11 7 9
9 5 10 4 3 7 3 16 22 1 13
16 1 16 8 0 0 8 0 3 2 7
4 10 3 0 1 0 3 2 4 6 1
4 6 1 0 28 0 14 10 9 2 9
10 20 3 5 4 21 4 0 7 13 0
7 5 10 8 0 7 7 2 8 10 8
0 1 5 0 4 2 4 4 7 2 3
2 6 0 3 3 1 2 4 4 7 1
0 7 5 9 13 13 6 5 0 28 7
10 1 21 22 5 2 8 7 9 9 8
7 2 8 6 6 3 3 8 9 12 2
12 6 2 6 4 13 3 7 6 6 7
1 0 4 8 1 7 9 8 6 2 4
9 4 31 13 1 8 2 8 11 4 9
5 8 5 2 1 2 1 3 7 4 7
2 17 5 13 9 10 18 23 4 4 0
7 1 8 3 8 5 1 1 3 2 7
5 3 10 16 9 1 2 2 10 1 9
9 10 7 13 12 7 11 6 4 7 3
15 2 11 5 2 17 3 6 5 5 9
4 2 0 1 2 7 5 1 2 1 0
1 1 10 0 5 5 9 2 3 3 0
0 4 3 4 2 8 8 1 2 1 4
6 19 8 17 4 1 6 15 11 15 8
6 12 20 2 13 6 7 1 5 5 19
1 0 1 5 3 4 5 4 0 6 8
6 0 8 0 2 1 2 8 2 2 1
2 0 6 0 2 10 5 3 6 0 6
13 4 13 1 2 21 3 10 23 3 3
4 10 0 5 4 6 16 6 10 4 10
2 8 16 9 5 3 2 12 0 13 18
1 2 11 7 5 6 4 3 2 5 2
4 8 1 0 3 6 6 1 0 2 8
11 11 15 6 15 9 2 8 6 13 2
5 4 3 11 2 9 7 6 3 7 6
10 3 3 9 10 12 11 7 7 6 6
6 4 8 7 2 3 15 14 22 15 0
11 1 4 2 7 1 5 5 7 17 4
1 6 3 1 8 10 0 6 1 2 4
17 3 5 1 14 19 3 10 10 7 12
2 0 0 4 2 6 2 2 2 1 6
2 7 11 1 11 3 4 12 10 12 14
1 7 4 3 5 2 0 1 3 0 0
11 5 5 14 12 18 6 6 11 12 11
3 8 5 2 15 3 2 1 11 6 2
5 5 11 5 6 9 13 17 23 15 5
16 0 10 1 6 8 8 8 7 4 2
7 3 0 2 7 9 4 15 5 13 6
2 18 11 4 10 6 8 11 11 19 19
2 22 3 4 9 19 7 3 4 12 5
1 17 19 6 7 5 14 3 16 11 2
4 11 6 9 6 1 6 8 5 6 13
1 2 5 6 0 4 2 9 3 4 13
10 7 8 7 6 7 1 7 2 12 5
7 4 16 8 9 8 1 1 10 0 8
12 5 2 1 3 2 5 16 2 8 4
4 2 10 8 6 8 4 10 6 2 6
2 2 4 7 6 7 2 2 6 0 0
3 5 9 8 0 7 17 3 6 8 2
7 1 8 6 1 0 7 15 5 6 23
4 3 1 1 4 1 0 1 7 2 3
13 20 6 11 10 7 7 1 7 2 10
4 0 9 7 12 2 13 1 6 2 1
0 1 1 10 6 9 3 0 0 3 3
15 11 2 11 13 0 18 4 14 16 3
2 5 11 1 2 1 4 9 10 25 15
12 7 7 4 12 7 2 7 3 1 1
10 6 5 3 9 10 8 4 0 14 8
4 1 9 2 1 1 0 4 0 1 2
7 16 6 2 9 3 15 2 12 2 18
4 9 0 0 3 2 3 1 3 3 7
7 2 2 6 4 4 1 7 2 3 3
6 2 0 2 6 2 5 0 4 2 4
4 21 3 1 13 7 2 15 3 8 10
10 16 1 6 14 9 10 0 3 1 28
4 22 14 4 5 8 12 5 13 2 4
5 4 6 2 6 2 7 0 2 4 4
9 19 9 8 5 6 7 9 11 2 1
13 3 18 8 2 6 4 6 13 5 5
5 2 1 6 0 3 3 13 1 4 1
4 2 14 6 7 5 17 7 1 11 4
10 1 4 1 8 8 4 1 10 7 10
16 2 6 3 17 10 9 4 3 5 10
6 3 5 8 3 8 7 7 5 9 13
7 1 1 0 1 5 5 3 8 1 6
19 8 6 5 1 2 6 5 15 1 7
2 2 1 4 7 4 4 4 1 2 1
10 16 4 9 3 7 14 4 16 0 5
9 2 20 25 9 0 7 0 10 9 6
9 10 21 3 2 7 11 10 7 3 20
12 2 13 15 3 12 6 4 15 18 1
4 8 1 4 2 6 19 5 10 2 3
5 1 3 4 4 1 1 4 5 5 3
6 2 4 2 0 4 0 5 5 5 1
2 5 2 7 5 8 8 0 2 6 9
6 3 0 3 6 0 0 0 5 5 1
5 7 8 2 7 2 1 8 7 2 9
3 3 4 7 5 3 0 3 4 2 0
5 1 10 2 12 3 1 1 5 2 0
10 11 0 1 11 2 3 8 12 4 4
0 13 4 8 1 2 13 1 7 5 18
2 10 3 3 5 2 6 6 3 2 3
3 2 0 1 2 5 2 1 5 6 2
1 28 18 4 5 7 4 3 2 10 15
5 6 10 24 12 15 16 2 11 8 1
10 5 0 2 7 4 5 1 8 7 9
3 20 16 12 3 9 9 6 16 6 12
3 10 2 4 7 31 1 4 4 0 18
2 0 3 1 5 2 8 3 2 0 2
15 1 5 2 3 6 7 0 8 0 10
1 4 8 5 9 4 4 4 4 1 3
1 0 3 3 4 10 3 3 10 9 11
9 4 4 4 2 4 8 0 8 7 2
4 1 1 2 15 6 8 1 10 5 9
15 9 1 5 2 3 7 3 2 16 4
3 7 11 7 12 5 3 8 5 1 1
3 1 2 4 1 8 0 6 4 3 8
19 5 7 11 13 21 13 7 7 4 4
9 4 4 10 8 9 6 11 21 2 3
0 10 3 6 6 9 8 13 9 14 3
8 5 4 3 6 5 4 7 1 2 11
3 8 3 18 5 2 7 2 9 9 2
9 2 12 4 10 10 10 10 4 6 16
2 20 13 5 5 5 1 14 3 19 2
6 4 4 1 15 10 6 4 3 3 2
0 11 9 23 4 13 6 4 4 1 1
7 2 4 3 3 1 6 10 14 4 21
26 7 8 5 6 1 5 9 2 9 8
1 1 6 17 10 8 10 4 8 1 1
2 5 4 17 7 18 11 3 0 6 11
0 3 1 0 5 1 4 2 6 2 3
4 11 4 8 1 8 9 7 2 4 3
6 4 3 2 13 7 2 7 2 4 8
13 0 7 1 3 5 1 1 0 0 5
3 10 5 5 4 10 0 12 3 4 1
3 7 2 5 2 4 2 5 4 4 3
5 6 4 7 11 13 9 7 3 12 11
13 10 11 13 1 11 1 3 24 0 2
1 6 6 8 10 1 8 2 8 3 1
2 3 3 8 9 2 6 6 8 2 3
4 2 1 6 6 4 18 17 7 5 10
1 0 2 6 2 8 9 3 1 4 0
2 4 10 3 9 4 13 3 18 12 15
15 12 5 21 0 16 6 11 3 10 2
7 11 0 7 14 2 5 5 4 12 17
3 6 5 6 2 12 12 1 4 5 6
8 3 4 2 5 1 1 5 1 1 5
16 12 23 2 8 16 1 1 3 10 8
1 3 4 4 9 7 9 16 7 14 22
10 3 1 12 9 4 1 2 8 14 10
2 10 8 2 3 8 4 1 2 4 7
1 9 15 9 12 10 6 8 6 4 2
1 2 11 5 3 10 2 3 2 0 1
8 2 12 6 2 9 5 2 2 2 4
15 1 14 0 4 17 3 3 5 28 5
3 21 8 12 22 2 7 10 7 6 8
1 1 4 2 6 5 1 2 4 6 4
11 3 3 6 1 7 5 5 9 1 12
0 9 5 1 8 5 7 1 9 0 9
9 4 5 1 5 0 1 0 1 7 9
5 2 3 4 6 1 0 3 3 6 1
13 10 20 10 7 11 6 9 9 6 4
16 8 7 23 21 2 9 1 3 1 3
4 3 18 1 0 2 10 6 5 12 5
11 12 9 3 5 12 11 12 14 12 0
5 4 4 2 3 0 5 2 1 4 4
0 14 4 2 21 5 10 2 2 2 4
2 7 1 5 3 0 6 0 5 3 11
9 4 21 9 19 10 6 1 6 8 7
8 6 3 4 6 3 10 0 19 14 2
1 7 14 8 8 23 10 11 4 1 9
12 11 9 13 5 5 3 8 1 3 2
4 6 10 6 12 3 6 13 7 9 6
5 12 4 9 3 8 4 20 11 15 12
5 9 6 4 1 10 15 15 2 8 9
16 5 4 8 26 5 1 16 11 9 9
3 10 5 11 2 0 6 1 17 23 3
4 2 12 10 25 9 3 3 13 1 8
1 7 6 3 13 11 0 5 0 0 10
11 23 3 3 10 7 1 7 7 1 9
22 7 14 8 10 13 6 9 12 3 1
12 7 0 1 9 4 9 2 20 10 12
18 18 3 1 13 6 10 7 8 16 0
14 13 6 6 2 0 2 1 15 12 2
5 4 5 4 15 4 2 2 3 5 8
8 12 0 6 13 14 11 12 11 16 16
5 7 7 11 8 10 0 1 8 9 4
10 0 3 6 12 11 5 4 7 5 1
6 7 3 1 3 2 2 10 1 8 9
4 0 2 3 2 6 3 4 1 5 3
4 3 7 5 8 6 2 12 4 12 0
9 0 1 7 1 20 1 4 2 9 4
6 1 1 19 20 4 16 6 5 4 5
2 3 7 6 16 5 2 15 8 4 19
12 1 12 2 5 13 2 8 4 23 5
2 6 2 6 6 1 0 11 20 15 10
8 19 0 9 6 4 13 5 8 8 4
4 7 1 1 0 5 7 6 3 3 10
1 5 15 1 9 5 1 2 0 3 4
4 2 2 11 3 8 7 4 4 7 2
7 8 4 1 7 10 12 17 5 6 12
3 3 1 5 1 1 1 5 3 1 6
8 4 10 4 8 10 7 2 13 7 5
19 8 2 4 1 10 10 9 2 8 12
4 1 2 2 1 8 2 2 5 1 13
1 2 6 3 1 3 0 7 5 2 1
11 13 13 3 10 17 17 15 3 5 0
5 3 6 2 0 0 4 1 10 11 2
13 15 12 3 5 18 11 20 3 8 2
2 6 0 6 7 7 14 15 12 5 3
1 6 5 6 0 8 1 4 3 8 14
5 2 8 5 9 0 2 24 8 3 24
1 8 8 2 4 0 1 1 10 6 12
6 1 10 7 0 6 1 1 1 12 1
11 5 4 3 9 6 5 18 3 5 4
5 3 6 2 6 0 5 1 4 7 2
3 5 5 5 14 6 3 11 1 4 11
5 1 4 6 8 12 8 4 2 6 8
9 14 1 6 6 3 3 8 4 3 8
2 4 0 4 8 2 5 2 4 9 2
19 12 4 6 23 8 3 3 11 2 3
10 7 12 2 19 3 6 5 8 10 16
4 8 10 7 5 11 14 5 11 12 3
3 1 1 2 6 6 1 3 2 1 4
4 8 22 1 2 14 15 15 3 10 5
13 18 10 5 6 9 5 18 6 11 10
3 6 0 3 0 1 1 7 0 5 1
2 0 8 6 14 18 0 17 4 7 12
5 1 3 1 1 1 3 1 6 4 3
5 10 7 13 13 16 3 9 12 0 7
1 2 6 4 7 3 5 5 3 2 0
11 3 8 1 5 1 11 11 10 3 9
2 15 2 11 1 8 4 11 3 4 10
1 2 3 8 4 4 3 3 8 5 4
2 3 10 4 9 10 0 2 3 6 5
7 7 6 16 13 11 9 11 4 3 16
9 12 4 4 12 15 14 0 19 3 4
10 7 0 2 2 4 3 1 16 1 0
3 6 1 9 0 3 1 2 1 3 4
11 7 2 10 19 2 17 3 1 5 17
3 1 3 1 2 6 4 0 1 4 3
11 18 4 16 3 6 1 3 0 5 9
10 6 3 11 3 3 17 0 11 0 6
4 3 8 3 6 6 4 5 7 1 10
0 9 16 19 22 7 5 7 14 7 1
6 3 3 12 5 1 6 6 6 2 2
4 13 12 4 8 11 21 0 2 7 3
1 5 15 2 5 12 10 0 4 5 7
2 0 2 7 11 6 4 2 2 4 11
3 5 1 9 4 4 5 6 2 1 1
17 15 5 18 8 7 8 14 10 11 1
5 3 2 2 5 2 4 2 3 6 1
14 14 16 6 6 8 8 8 6 9 2
11 5 4 18 10 21 5 2 9 1 9
10 0 15 12 6 0 5 8 6 11 1
6 1 2 6 15 14 11 11 11 7 9
4 2 4 3 2 2 1 2 1 7 2
11 0 1 4 2 6 4 5 4 1 11
13 22 4 4 3 7 12 11 20 10 9
11 7 7 8 5 1 1 23 25 0 10
3 13 8 2 5 0 0 5 5 10 8
2 1 1 5 3 4 0 3 8 6 1
14 24 0 10 7 9 10 1 5 7 2
6 0 5 4 6 3 4 5 12 4 3
2 6 4 4 6 1 10 7 8 7 9
3 7 1 6 4 7 18 11 8 3 6
24 1 10 21 1 0 5 10 1 11 2
3 4 1 6 5 14 5 1 7 0 2
4 9 2 1 4 0 4 12 5 4 4
4 7 5 1 4 9 13 16 16 17 2
0 2 7 1 0 3 8 17 14 8 12
4 1 12 8 11 5 2 13 5 2 4
0 15 4 5 8 5 15 8 8 5 0
18 9 6 2 6 9 6 4 3 8 4
12 8 11 11 7 2 2 14 5 22 10
19 4 3 5 1 0 0 5 3 6 2
8 1 5 1 2 18 2 0 6 2 10
10 5 3 4 4 0 7 6 2 3 8
14 8 3 1 10 3 3 5 9 6 12
1 8 12 5 7 9 14 3 7 10 3
8 6 3 2 4 8 2 3 0 4 1
17 2 10 27 3 5 0 9 2 9 3
10 6 9 6 12 5 4 14 0 22 16
1 1 7 2 2 3 2 4 4 1 3
5 5 7 3 0 12 6 7 8 1 5
1 18 14 17 9 0 5 12 0 1 16
12 7 23 4 10 8 11 7 2 0 14
5 9 8 20 7 3 2 3 5 3 25
1 1 7 2 7 2 2 1 7 4 7
9 4 14 9 13 15 8 9 19 3 7
12 9 2 2 12 5 6 4 3 1 18
6 10 5 8 5 10 4 6 8 1 3
0 0 4 9 12 10 27 6 9 18 1
2 0 3 1 2 2 5 1 3 4 9
12 3 3 1 2 3 5 3 12 5 0
4 3 7 3 4 6 1 5 2 1 3
6 10 15 7 5 12 14 5 0 15 4
6 0 4 4 6 1 0 6 7 2 5
3 5 6 10 6 11 4 6 7 3 0
19 5 10 18 5 4 3 15 4 9 1
4 1 19 20 18 4 11 12 11 8 1
6 5 4 8 2 2 3 4 2 3 6
12 8 6 9 0 2 5 0 1 2 7
4 0 4 2 8 0 6 3 7 10 3
6 1 11 3 1 5 3 6 8 5 3
1 1 1 9 5 5 6 4 8 3 3
1 1 4 2 2 2 5 6 3 1 5
8 4 14 1 8 2 3 1 7 0 2
4 3 2 1 1 6 0 2 0 0 6
1 0 4 8 18 2 1 9 7 22 5
1 3 4 5 1 2 9 6 1 9 0
1 9 7 1 9 0 0 4 1 6 8
8 7 1 10 0 12 8 3 8 9 5
5 14 15 6 2 6 9 23 2 1 9
4 4 10 4 13 15 5 14 4 20 9
1 1 1 4 2 2 1 0 4 1 8
5 2 1 5 18 6 18 16 6 3 3
0 5 6 5 7 5 12 3 5 7 13
5 4 18 4 3 9 11 15 3 17 8
2 1 4 0 3 6 7 5 0 3 0
0 11 8 0 2 5 8 2 4 4 8
6 5 2 3 9 11 1 6 6 3 6
4 8 15 3 1 1 5 5 5 11 2
11 1 10 11 4 2 5 4 6 5 4
2 16 8 6 9 6 4 1 1 10 1
6 5 4 4 0 4 5 2 1 1 2
2 3 5 2 9 3 3 1 5 0 1
5 4 16 1 7 11 2 12 3 23 9
2 0 6 17 4 4 8 0 0 10 7
5 14 2 4 5 3 5 4 6 10 10
2 6 3 15 8 8 17 12 20 11 9
7 13 1 14 13 8 6 6 9 14 2
4 2 1 5 2 4 0 0 6 3 1
12 3 19 7 19 11 5 15 1 14 5
1 1 7 5 7 1 1 3 8 5 7
2 5 5 3 1 2 3 2 2 2 8
3 9 1 4 5 0 4 5 6 1 4
1 7 2 6 1 1 3 8 5 5 3
7 7 0 8 0 6 10 14 1 10 6
3 0 2 7 1 6 12 1 0 1 7
11 2 4 2 9 4 7 0 0 1 4
4 6 8 4 4 1 1 1 3 7 3
1 6 2 0 1 9 2 2 0 3 4
15 4 10 0 25 5 3 4 12 11 2
4 5 3 1 0 5 3 2 2 5 2
14 10 12 5 3 1 1 15 18 16 11
2 0 10 0 2 4 2 7 1 2 5
18 0 8 5 0 0 2 3 5 2 17
7 7 4 10 2 2 3 8 1 0 5
3 2 5 0 2 4 6 2 6 0 4
3 10 6 6 9 5 5 7 8 3 1
7 4 0 5 9 9 3 8 6 10 17
7 7 4 4 1 2 7 1 1 7 1
4 5 7 0 7 6 1 2 6 9 6
8 2 8 12 11 3 0 9 4 14 5
5 0 7 4 2 4 5 2 3 5 1
5 13 22 8 10 12 1 1 19 9 6
3 1 1 2 1 3 11 1 4 2 1
1 8 1 9 0 5 4 5 0 3 8
4 8 16 5 5 2 4 13 1 1 1
3 5 2 0 4 9 3 7 0 2 0
4 4 2 9 3 2 2 2 3 9 11
0 15 1 23 6 7 12 9 16 4 9
6 5 1 0 4 5 13 1 11 11 7
6 3 9 19 2 2 29 7 0 9 2
16 1 6 16 4 2 7 7 8 24 10
4 10 9 4 5 0 8 0 2 5 7
2 15 8 6 16 3 10 6 10 11 6
10 2 7 3 4 1 2 2 5 0 3
2 4 2 1 0 2 13 0 4 1 9
4 5 1 2 2 7 6 2 7 1 3
2 1 1 8 2 3 5 5 7 2 2
10 31 7 8 3 3 3 0 2 3 4
3 1 4 1 2 9 2 12 16 6 2
16 6 4 4 8 4 14 3 6 1 6
15 10 7 2 0 7 11 5 7 12 12
4 4 6 2 9 1 3 5 6 1 1
6 9 10 6 13 4 4 14 3 5 20
19 7 5 17 1 7 3 18 16 8 2
5 7 1 9 7 8 2 0 4 1 17
3 0 16 14 1 5 5 7 1 4 10
9 4 2 5 8 1 11 7 8 5 1
6 14 5 4 0 1 1 2 1 3 1
0 2 5 6 2 2 2 8 1 1 0
3 10 6 12 11 4 1 15 20 11 20
8 13 3 7 7 11 10 19 5 1 11
2 1 3 2 3 6 3 0 4 5 1
4 3 1 4 4 6 14 2 4 8 2
4 6 7 3 1 3 5 3 10 4 3
19 6 5 1 1 1 8 4 7 15 2
9 9 3 0 9 18 1 19 2 15 2
4 5 2 4 0 2 0 1 8 0 8
5 5 16 1 10 4 11 11 3 4 3
14 17 10 8 9 11 4 11 13 10 2
11 14 5 8 1 2 1 11 3 6 15
2 2 3 10 4 4 1 8 11 7 8
7 3 7 2 5 1 2 5 0 2 2
1 6 1 1 1 4 2 7 5 8 3
0 5 4 4 11 0 11 0 1 6 6
3 11 1 4 2 7 6 12 11 21 7
8 1 5 3 2 8 10 16 4 7 9
2 3 2 2 5 1 8 0 0 1 3
3 7 3 3 5 15 8 0 8 0 0
1 13 4 5 20 0 13 10 2 12 16
7 7 15 24 4 5 0 10 7 6 5
21 0 8 2 2 6 18 8 2 23 1
6 4 2 19 2 11 7 3 10 8 2
3 4 4 7 2 3 0 5 7 3 1
11 2 12 6 0 6 1 4 2 3 25
7 5 9 8 5 4 5 7 2 5 1
0 4 12 1 1 1 4 1 0 8 5
9 7 10 3 17 8 6 3 3 13 6
1 8 0 4 3 5 7 2 5 8 5
1 12 4 11 4 12 18 1 9 6 1
3 1 2 6 3 1 1 0 2 1 6
8 3 1 1 4 4 5 1 8 0 7
3 6 3 23 23 17 6 3 4 2 1
5 9 1 1 1 1 1 12 8 6 11
13 1 13 4 7 16 3 5 8 3 1
3 9 3 5 11 1 6 1 4 10 0
16 11 2 1 15 8 9 8 20 4 7
4 3 0 2 4 2 7 3 2 1 4
8 1 1 3 1 9 4 9 1 4 5
10 5 24 3 3 11 2 1 2 7 15
8 9 1 10 8 11 8 5 4 4 4
2 3 6 2 3 2 7 4 1 2 4
23 14 2 11 6 18 3 4 6 15 8
0 6 9 4 21 2 5 15 20 3 3
2 16 2 9 13 8 13 2 9 2 3
17 4 2 4 1 3 5 3 3 12 12
12 23 4 12 4 7 15 3 4 3 18
1 2 5 8 11 7 9 12 5 10 7
8 9 13 4 1 0 6 3 6 1 5
8 1 1 3 7 24 11 8 3 10 5
3 1 1 11 4 3 4 15 1 9 13
1 5 15 8 17 2 12 5 12 4 10
6 4 4 1 1 1 1 2 16 5 5
3 1 4 4 1 1 0 10 5 6 4
12 21 12 1 5 0 6 13 7 17 4
6 3 2 3 2 3 17 1 0 6 5
6 2 5 3 4 3 8 8 14 8 3
4 1 11 1 4 18 0 14 10 4 13
5 11 6 7 2 20 2 11 1 5 12
6 3 6 4 1 0 2 2 1 2 2
18 10 13 9 11 0 3 1 5 9 11
1 5 1 12 10 17 4 1 1 8 11
4 7 0 1 6 13 2 20 4 3 7
5 5 2 9 9 1 7 0 8 14 6
2 6 7 1 4 4 5 4 1 2 2
8 10 6 8 22 6 2 11 10 4 22
12 1 12 11 4 4 10 5 20 1 15
6 1 1 5 4 4 3 5 2 2 3
6 5 2 3 2 12 8 10 3 6 17
2 0 7 1 6 5 9 5 1 2 0
9 21 6 5 19 11 3 16 8 5 8
5 2 2 1 8 10 2 19 2 12 10
8 5 1 0 8 6 1 5 5 5 2
0 5 7 6 12 0 9 1 2 10 2
25 2 4 13 8 4 11 4 15 1 2
5 18 7 1 3 5 2 8 5 2 3
13 7 14 5 20 0 23 1 3 2 5
14 1 5 10 13 9 6 22 7 7 16
4 12 3 8 4 1 6 12 7 4 2
2 3 1 3 6 7 2 1 5 0 0
5 2 11 1 6 11 3 13 1 7 1
14 11 4 7 13 2 10 1 2 2 4
4 6 10 4 6 3 2 6 3 4 7
0 14 1 6 4 6 1 4 6 2 0
11 1 3 0 9 1 30 1 5 11 0
1 6 5 8 5 10 9 2 5 16 12
3 9 6 16 6 10 20 8 5 9 4
2 4 1 20 5 10 8 23 1 4 13
9 10 10 5 3 2 3 2 9 23 3
2 1 0 10 3 4 1 1 0 4 0
7 10 4 6 14 1 9 6 8 7 0
3 8 4 3 4 4 10 8 2 0 2
3 9 16 1 8 10 1 2 9 11 4
13 4 3 4 14 4 1 11 0 18 4
20 24 1 18 8 3 0 1 2 3 9
3 8 5 3 8 6 2 6 6 0 6
18 10 14 2 8 11 9 7 8 8 3
11 1 3 5 15 8 22 14 3 13 14
18 11 1 15 4 4 4 22 12 3 10
0 5 1 4 6 2 5 0 2 7 1
7 2 2 13 9 4 5 10 6 13 3
7 1 2 1 1 2 6 1 1 2 4
6 1 7 8 14 7 16 6 11 11 0
10 4 6 8 13 2 13 7 11 9 4
3 8 4 12 17 5 20 1 0 21 10
1 5 6 4 2 5 8 5 3 8 17
3 3 6 5 3 2 10 2 10 1 4
1 6 1 1 8 5 3 5 1 0 4
4 4 7 1 1 4 5 4 14 4 7
0 1 11 1 2 1 3 3 3 2 4
17 0 2 5 1 3 6 2 7 6 13
8 3 1 2 6 2 0 7 5 0 3
16 14 1 4 5 4 2 9 12 1 4
2 6 2 11 21 5 1 9 1 9 4
1 8 1 13 20 1 11 3 4 3 7
1 15 6 10 7 2 9 2 4 1 13
11 2 6 14 0 10 2 12 9 4 10
6 2 4 4 1 2 3 6 3 1 9
2 6 4 1 5 1 1 3 1 5 2
2 3 4 1 2 1 3 1 6 1 6
3 1 0 0 1 2 4 10 6 8 5
3 2 9 10 0 4 9 11 5 8 2
10 6 1 5 6 1 4 1 5 4 0
5 21 6 4 2 9 20 9 8 3 5
2 12 4 0 4 2 10 5 1 9 0
0 8 1 1 6 3 4 4 2 7 6
7 7 3 1 3 9 12 5 8 10 1
9 1 10 2 9 13 3 5 13 5 4
1 2 11 2 4 0 7 3 2 6 9
9 4 2 8 0 1 1 3 6 2 4
3 0 2 3 3 4 1 11 4 9 3
1 0 5 5 8 0 4 3 2 3 4
2 3 2 11 8 17 1 8 8 12 5
17 15 1 9 5 7 9 15 11 13 4
5 4 3 3 6 7 1 8 4 6 3
9 6 3 0 12 7 2 1 1 10 4
8 8 10 8 4 5 10 11 2 2 0
6 0 4 4 3 4 4 3 5 2 4
2 8 16 8 8 15 1 11 4 3 9
6 8 7 2 3 2 10 5 3 15 1
0 2 2 1 4 2 0 5 6 1 4
4 8 11 6 5 4 9 6 1 5 4
2 4 8 3 7 2 5 4 9 2 9
0 13 12 2 20 22 1 4 15 6 7
17 13 17 2 4 13 1 4 14 7 4
20 9 4 8 12 17 7 1 15 4 8
3 12 7 0 8 17 0 20 6 13 17
5 15 2 2 1 23 2 5 11 17 1
3 12 3 4 1 16 13 20 8 8 1
4 7 4 5 18 2 2 5 11 7 6
0 2 6 2 4 3 1 1 1 3 8
6 12 5 14 13 3 8 4 9 8 5
6 0 6 14 15 20 10 3 5 11 5
11 20 13 13 9 2 13 8 8 1 9
2 3 10 1 1 0 1 1 1 0 3
14 2 2 20 5 13 1 15 6 7 9
11 1 5 12 6 12 2 8 4 0 2
12 12 26 1 2 1 5 5 1 5 17
1 10 14 2 4 9 1 2 4 3 5
6 15 5 4 2 1 1 1 14 18 4
2 10 3 9 8 3 4 4 3 2 11
4 15 5 2 11 2 5 9 1 9 0
0 5 9 6 3 1 3 4 3 4 1
4 18 5 16 0 13 6 5 11 6 8
1 5 4 6 1 2 14 1 6 5 2
4 19 19 2 4 15 7 5 4 4 6
4 11 10 16 9 7 8 3 9 1 3
1 4 6 5 2 1 0 1 1 7 4
4 1 4 0 5 3 2 3 12 1 4
8 4 9 9 3 7 4 14 12 15 2
6 11 4 6 16 13 21 15 3 5 3
6 5 12 13 2 0 11 5 12 2 4
11 7 12 12 3 7 10 12 1 2 3
4 10 7 9 15 6 6 7 2 12 3
0 5 8 4 1 2 6 6 6 9 6
3 2 1 9 1 1 6 5 23 1 0
13 23 9 0 5 7 1 12 5 20 8
15 7 3 18 18 5 0 1 2 4 6
17 4 15 5 2 1 4 13 18 6 12
3 9 0 5 2 6 2 1 4 1 3
3 7 2 5 5 11 3 7 4 7 0
2 21 8 11 17 2 10 3 7 2 2
5 6 6 7 6 15 7 14 6 11 5
7 5 1 6 8 0 21 10 4 12 11
5 3 3 2 2 7 3 2 12 3 4
7 4 12 14 6 20 8 8 6 13 11
1 2 10 2 7 1 9 3 9 2 4
1 4 1 13 8 8 19 1 15 1 7
2 0 5 1 3 13 14 18 10 2 10
1 4 7 4 1 1 3 1 2 4 4
3 1 18 9 7 18 10 3 5 14 2
1 10 7 16 4 7 10 11 13 14 6
6 1 0 6 2 12 4 14 8 5 8
1 0 7 1 3 3 3 3 9 8 10
2 3 1 3 1 5 5 3 7 3 4
3 5 1 1 2 2 7 2 4 1 1
0 9 19 4 6 8 8 3 13 4 10
9 5 11 0 1 2 14 2 3 8 27
6 3 5 8 2 9 6 5 2 9 1
6 1 12 14 7 22 7 1 3 4 1
7 6 10 3 20 10 3 10 2 6 16
7 20 2 1 1 0 0 3 2 6 12
9 19 11 16 7 11 1 0 11 13 8
5 3 1 1 6 6 1 3 7 2 3
10 10 3 1 4 21 3 4 10 2 22
4 3 5 1 7 4 7 3 7 1 2
4 3 6 4 0 1 3 6 3 0 1
1 8 5 5 7 7 3 5 2 6 7
6 2 3 5 0 7 12 26 8 5 2
8 10 4 9 8 9 5 6 2 10 6
17 11 3 2 14 17 5 6 2 14 6
18 1 2 14 0 5 8 3 1 12 10
6 5 7 4 2 4 3 4 4 2 1
9 6 4 5 21 1 3 4 13 16 2
8 7 12 3 13 4 14 8 13 0 8
22 12 1 7 8 11 3 11 12 15 4
3 10 9 6 11 1 8 6 6 27 0
16 8 0 2 11 4 14 5 12 5 25
2 2 9 12 17 5 1 16 1 3 16
10 2 1 3 1 2 4 1 2 3 7
3 10 14 1 5 1 18 17 6 10 3
1 2 2 1 6 3 7 6 3 1 5
6 2 5 9 2 6 1 1 11 3 2
9 5 16 2 6 4 19 6 3 8 4
5 11 12 5 16 9 10 4 1 4 19
3 9 2 2 4 2 1 1 4 1 1
2 2 12 1 6 6 0 0 3 4 2
12 2 17 13 16 20 1 14 1 5 8
5 1 3 9 5 4 7 1 3 4 7
0 2 7 17 5 2 1 6 1 0 3
2 3 5 3 1 5 3 7 4 2 0
1 4 9 2 10 3 3 3 1 1 2
7 2 7 5 15 3 5 18 4 9 11
8 9 13 6 8 8 10 1 6 7 1
2 1 2 3 16 7 16 5 1 5 5
2 1 4 2 7 2 1 1 4 1 7
2 5 10 8 1 8 4 3 7 2 4
8 5 5 18 11 9 8 13 13 1 6
5 10 1 15 18 6 3 5 10 0 4
7 4 3 2 10 2 4 14 1 4 10
6 10 5 4 9 7 10 22 8 1 3
5 4 4 4 6 2 5 13 5 3 13
2 6 1 6 25 8 4 2 19 3 16
11 12 15 1 0 14 8 4 3 6 11
10 0 2 7 9 5 7 2 2 14 13
1 12 8 11 14 7 10 3 1 12 4
12 15 19 24 2 5 7 4 6 3 6
0 8 0 5 14 18 1 2 5 6 17
3 12 6 19 5 8 2 7 5 0 3
14 12 5 2 2 1 2 7 13 1 7
10 5 12 3 16 9 3 18 1 21 9
2 2 8 4 9 4 3 6 7 2 3
7 0 0 4 14 17 1 6 1 8 4
9 4 14 5 1 1 3 3 5 3 4
1 10 5 0 11 2 7 1 3 3 2
2 13 1 6 4 9 6 7 8 20 18
2 3 6 1 1 15 1 6 4 4 5
4 4 10 5 6 3 1 1 2 2 2
6 2 14 27 8 5 3 3 4 8 0
12 7 3 0 7 7 2 18 5 4 15
4 22 9 1 6 2 13 12 10 6 5
1 16 0 3 9 6 10 11 1 10 20
2 5 13 8 8 10 11 0 2 4 4
2 10 8 4 3 4 5 0 2 2 2
8 12 9 4 9 6 7 1 2 12 9
3 5 15 2 1 9 2 6 5 11 4
10 5 8 7 12 1 5 2 10 12 16
15 8 17 2 9 1 8 8 1 10 9
5 10 7 12 4 0 4 15 3 8 4
0 4 8 0 2 3 0 7 2 3 0
14 14 6 0 8 9 5 2 9 5 3
8 5 2 3 13 11 0 5 14 8 10
6 0 1 10 1 5 8 1 3 4 8
5 1 7 0 4 3 3 8 0 0 18
0 4 6 7 3 0 5 11 6 6 10
1 20 10 5 5 3 7 8 1 6 2
8 4 1 27 4 1 12 7 10 10 2
4 14 1 8 15 22 12 3 10 3 0
1 1 0 9 3 3 4 8 2 1 7
12 4 14 15 1 17 5 11 15 9 5
1 2 4 2 2 3 1 8 3 3 6
1 5 4 4 4 8 5 1 4 7 0
2 2 6 3 7 13 9 11 4 4 1
6 7 2 8 2 2 3 2 3 5 1
3 1 3 1 2 9 4 5 4 13 8
5 5 12 6 3 9 22 7 22 2 1
9 0 6 13 9 9 1 27 5 9 8
10 7 10 6 7 5 18 6 16 18 14
5 6 3 3 3 5 7 6 11 4 7
1 1 2 4 3 1 14 4 7 12 1
4 3 5 6 4 2 2 2 3 1 4
7 4 1 0 5 1 4 10 5 4 4
3 9 5 4 9 2 4 20 2 1 11
11 3 8 5 11 3 4 19 9 5 2
1 2 7 0 1 7 1 3 3 1 0
7 7 3 21 15 9 7 5 2 6 19
1 3 4 0 12 9 9 2 6 2 4
27 1 4 13 0 6 21 0 5 2 3
3 0 3 1 1 5 2 4 6 2 6
1 4 3 15 0 8 2 0 3 1 13
4 0 12 13 7 13 5 2 12 10 15
5 8 3 5 4 1 6 6 6 7 2
11 13 4 20 12 10 0 3 14 17 6
2 2 17 23 12 3 1 2 8 21 1
15 12 4 17 9 13 14 9 1 4 14
4 8 6 9 2 2 0 9 1 6 0
2 1 2 6 9 8 5 10 11 12 6
6 5 3 2 8 9 6 3 2 4 8
3 2 6 2 4 3 0 1 12 10 5
16 11 15 8 13 11 10 2 5 17 3
11 11 7 2 18 1 1 6 13 2 6
3 2 7 1 0 2 1 5 4 15 3
4 9 6 8 23 9 12 8 5 5 14
4 2 1 5 1 6 11 1 1 3 3
11 3 3 2 9 7 15 0 7 2 6
3 9 5 2 4 4 1 0 2 4 2
1 6 4 7 2 1 6 8 1 15 6
18 0 1 5 3 7 8 10 3 0 17
7 21 9 11 2 3 19 1 3 0 8
13 14 8 4 10 10 1 9 3 2 7
14 7 15 0 5 9 6 12 5 10 0
29 4 13 1 3 5 5 12 14 7 0
10 2 11 11 9 21 13 6 2 6 12
1 6 6 5 8 0 2 1 6 4 5
6 12 4 18 3 1 8 12 12 1 4
3 6 4 3 3 1 2 3 9 3 1
2 6 2 1 3 5 1 0 2 4 1
0 6 2 1 5 5 4 1 1 2 0
17 7 2 3 10 14 7 17 5 15 8
2 3 1 6 5 7 7 3 0 8 1
1 3 1 0 10 11 7 1 6 3 7
7 6 5 23 5 3 7 6 7 18 11
1 1 3 5 9 4 3 4 2 3 6
5 2 1 5 3 11 14 1 4 2 3
3 4 1 3 2 6 1 4 4 10 5
12 13 21 10 5 9 4 13 7 6 16
1 8 11 9 3 13 1 7 19 3 10
4 7 6 1 11 2 4 4 6 3 3
4 3 2 5 0 0 1 3 3 7 3
7 15 1 16 10 8 12 12 9 2 5
2 4 1 4 1 11 9 6 6 1 2
4 7 0 1 9 5 15 5 13 12 5
0 15 4 4 21 10 10 4 1 9 17
2 5 1 5 5 7 7 4 1 4 4
12 16 1 2 3 6 13 20 10 9 1
0 2 8 2 1 3 1 6 1 3 3
9 19 7 3 12 13 3 9 4 7 5
2 4 0 10 2 3 6 10 6 1 14
6 3 1 1 0 4 4 1 1 6 3
5 9 6 4 14 6 3 14 4 8 11
5 11 7 13 3 7 6 1 1 6 12
6 4 5 4 7 1 2 1 9 6 2
3 5 6 6 3 1 3 0 10 11 8
3 14 7 13 11 22 14 4 9 12 11
4 1 3 4 1 5 5 12 5 2 2
12 12 9 1 7 1 6 2 3 1 1
7 1 11 2 7 0 1 3 0 20 3
3 3 7 6 10 5 4 9 6 14 2
2 2 4 1 6 1 5 2 2 6 1
3 7 1 5 4 5 2 12 3 11 9
6 4 3 7 3 8 7 5 7 5 5
2 6 1 2 0 5 3 7 4 0 8
2 9 5 6 3 2 9 1 6 0 4
7 7 4 5 3 8 8 7 3 6 18
1 4 4 3 4 15 17 1 1 12 1
0 24 18 6 3 8 8 18 4 5 0
1 4 0 15 6 8 0 7 2 11 4
7 2 2 9 10 7 9 7 1 0 10
1 6 10 1 4 12 4 4 3 5 6
7 9 12 3 10 11 7 3 1 15 0
1 1 6 12 6 8 4 20 15 11 0
3 1 3 2 6 5 3 3 4 2 7
4 5 0 8 10 8 9 1 0 3 4
5 2 13 9 7 5 7 7 1 4 5
14 10 4 9 16 14 2 0 9 10 8
5 3 9 5 13 14 1 5 2 16 16
11 14 2 0 2 6 2 6 10 5 4
3 0 16 2 4 3 1 5 9 18 10
3 14 9 3 9 11 3 8 5 14 6
3 15 4 4 7 10 2 3 18 16 6
14 9 5 4 9 1 8 8 9 1 11
11 3 9 9 5 4 10 15 5 1 4
5 1 6 12 1 1 4 1 4 4 4
6 15 8 12 1 8 4 11 17 7 3
6 4 5 5 2 1 9 5 8 1 3
1 6 13 3 2 7 12 10 3 1 8
8 2 4 0 11 2 2 8 7 12 5
10 12 2 15 5 4 7 1 11 1 1
2 5 0 7 0 9 0 0 0 5 6
6 8 4 20 6 1 2 13 8 25 6
1 2 2 0 0 5 0 6 5 0 5
0 6 8 12 2 8 12 7 5 16 9
8 11 16 2 7 5 10 23 5 10 10
7 20 7 2 11 5 17 4 16 15 4
6 7 5 3 0 3 2 3 3 1 6
4 7 8 7 8 2 12 16 17 8 1
3 1 13 2 1 7 2 1 2 3 8
21 4 2 8 0 1 11 6 9 1 5
4 4 24 4 8 14 12 4 0 4 5
6 1 3 3 2 3 7 1 2 6 3
1 5 1 4 7 0 18 9 2 11 5
8 11 8 3 1 2 6 11 2 6 4
2 12 7 19 5 5 20 8 10 2 8
2 14 9 15 7 24 8 0 9 3 6
1 1 7 0 1 2 7 1 2 3 1
2 6 3 2 4 7 7 12 15 1 3
0 9 19 1 7 3 10 5 3 1 2
2 4 4 7 12 15 4 14 6 1 6
2 6 9 5 5 1 1 4 3 3 3
8 4 2 7 3 5 1 6 2 2 2
12 12 10 6 8 1 4 7 8 5 4
2 16 21 11 15 11 10 12 4 10 6
1 2 5 4 4 12 4 5 16 2 5
5 13 9 17 14 2 4 1 2 4 13
3 13 5 12 2 10 3 9 4 4 11
6 19 2 2 12 8 18 7 4 1 2
0 5 3 0 0 4 2 5 1 2 6
5 14 5 8 12 1 9 13 3 1 0
4 5 0 0 4 5 3 5 2 5 4
2 6 1 2 11 1 4 6 12 4 7
4 5 7 5 11 4 1 2 5 6 4
1 1 6 3 0 8 2 5 3 1 0
7 7 5 2 3 8 13 11 9 6 1
0 2 5 2 1 5 6 2 1 5 1
1 1 24 0 10 14 16 4 10 6 7
2 2 7 4 21 15 4 3 9 2 16
3 11 12 18 2 9 8 15 11 0 4
10 5 4 3 5 1 2 9 2 0 1
6 3 8 3 1 5 6 5 6 3 3
5 7 4 1 6 2 6 3 7 6 2
2 14 5 12 9 3 12 15 19 3 18
2 1 3 4 1 5 0 2 7 6 4
7 2 1 9 2 2 3 3 4 4 5
4 2 5 1 2 4 0 5 4 4 1
9 7 8 3 13 11 0 13 2 8 1
19 6 9 7 17 7 0 4 6 11 9
7 2 0 0 10 3 5 10 6 2 5
1 8 5 1 4 9 1 3 1 5 13
5 9 8 2 6 11 13 4 7 9 5
9 0 2 11 1 16 9 2 8 2 12
8 4 11 11 4 3 6 1 2 1 10
4 1 1 1 13 3 1 5 10 6 8
2 5 0 3 2 3 0 2 6 8 4
2 2 0 3 5 4 4 6 10 12 4
3 4 0 2 4 9 5 2 5 1 3
9 4 3 9 5 6 3 3 12 6 4
0 2 2 2 6 7 5 4 7 0 3
1 10 3 3 3 4 3 4 2 2 1
6 7 4 10 3 15 0 14 16 12 8
5 2 5 7 4 8 4 3 1 0 8
8 11 8 3 21 6 4 1 9 12 10
0 9 3 10 9 6 1 1 0 5 7
5 3 0 11 7 1 3 5 4 4 8
4 3 12 2 0 3 3 5 4 7 3
3 3 14 3 2 7 12 1 7 2 9
5 15 2 13 9 6 23 6 21 1 1
1 1 4 7 5 1 4 1 6 12 14
2 2 2 1 4 7 2 0 3 5 1
6 2 3 7 0 1 5 2 2 0 4
9 4 1 6 1 6 6 4 2 1 2
12 5 7 7 6 2 15 12 7 2 9
3 3 14 3 10 17 6 7 5 11 10
4 7 15 18 15 8 19 7 6 5 7
0 8 1 5 7 3 2 9 5 1 4
4 1 7 3 2 6 3 3 6 3 4
6 2 10 8 4 4 7 6 7 10 1
17 9 6 13 3 3 5 12 7 10 13
5 1 6 3 6 5 5 4 1 4 2
1 6 14 1 10 9 10 15 6 0 25
2 3 1 4 2 1 2 2 6 2 5
6 3 5 3 0 5 4 5 4 3 6
3 3 2 3 2 3 2 6 5 1 0
2 6 8 5 14 4 3 10 6 6 7
0 8 23 1 10 13 5 4 18 7 2
1 13 5 7 6 6 2 4 30 0 17
9 4 18 6 7 5 0 4 15 4 7
2 4 16 7 4 4 18 5 5 5 18
7 8 8 16 4 1 10 4 20 4 7
24 2 7 6 16 6 7 0 6 7 2
0 3 5 17 7 5 10 13 6 2 11
9 6 2 15 7 7 14 6 3 17 12
5 4 1 9 3 16 6 10 9 9 0
1 8 1 2 3 4 15 0 1 10 3
8 5 2 1 2 7 5 8 2 1 14
21 9 5 9 10 4 11 10 1 15 19
5 5 5 5 8 20 12 12 1 18 0
2 5 3 2 7 3 1 2 2 4 7
4 5 5 5 5 1 1 3 0 1 1
4 4 4 9 3 1 0 1 0 7 7
3 9 7 8 12 14 26 11 5 8 6
9 6 4 13 2 12 10 6 4 2 0
16 6 1 7 14 2 12 16 3 6 3
3 6 4 8 3 3 2 12 2 7 0
4 4 1 4 7 2 14 2 2 3 6
2 0 2 4 0 3 2 2 3 6 6
7 1 1 4 5 1 1 2 1 7 6
3 4 8 10 12 3 7 6 9 1 14
10 0 6 12 2 5 23 1 3 5 1
7 7 2 0 8 8 5 3 14 9 3
1 3 4 11 11 7 11 3 1 3 6
12 7 2 3 2 4 14 10 1 12 20
6 6 2 9 0 10 7 2 2 7 3
3 7 5 10 2 8 10 13 0 5 8
0 1 2 4 6 4 5 2 4 14 8
3 5 1 4 8 5 2 7 4 2 1
14 10 6 11 14 15 11 7 0 1 6
5 9 3 5 9 4 3 14 4 0 3
7 10 5 4 1 12 9 9 3 10 2
7 6 4 2 1 7 1 3 3 0 4
0 6 1 8 7 11 7 9 4 12 3
7 6 9 1 18 8 0 8 21 14 3
3 1 3 4 5 6 0 4 7 8 10
7 10 7 5 4 24 4 6 5 4 5
2 3 7 8 3 7 3 11 13 9 18
7 3 8 4 2 13 3 11 5 5 10
1 10 1 6 7 4 13 6 4 5 5
4 5 2 8 3 5 10 8 7 3 1
6 8 3 5 10 4 9 1 11 15 3
3 2 2 1 16 6 5 4 2 1 0
7 11 5 3 0 14 3 5 0 1 3
1 19 7 3 4 9 10 17 15 9 3
8 1 9 4 6 17 9 1 13 5 10
17 10 10 11 5 10 16 16 3 17 2
21 7 3 18 3 2 8 5 6 1 4
2 13 5 0 5 19 13 6 0 2 5
9 5 9 6 9 15 10 2 7 2 4
5 6 3 23 17 4 0 0 9 3 3
2 3 6 5 5 9 1 1 3 6 3
5 15 2 2 2 4 14 5 3 4 4
1 4 4 3 4 6 3 7 3 5 6
1 4 1 4 5 4 2 2 1 3 3
13 2 0 2 13 3 3 6 30 10 11
0 1 0 6 4 2 2 5 8 6 5
7 9 14 17 0 2 8 9 25 3 6
0 5 3 4 6 10 9 3 4 6 3
1 5 1 2 3 5 0 1 5 2 3
6 20 20 2 4 6 5 14 8 10 15
1 4 4 9 0 9 8 5 13 0 7
5 3 3 0 0 0 3 2 3 0 8
10 11 15 10 3 3 5 4 6 1 13
4 8 1 6 3 3 2 11 3 17 2
5 1 1 10 6 0 3 0 4 7 3
7 2 1 4 8 8 2 4 6 6 2
9 4 7 8 10 18 3 18 0 7 2
20 15 3 0 0 5 2 0 2 7 16
9 19 12 3 4 9 4 0 8 10 2
4 14 7 4 18 3 10 1 3 2 5
4 4 6 3 1 15 3 7 7 3 6
8 4 2 7 1 2 1 5 5 0 2
9 1 3 5 3 9 2 3 3 3 5
1 4 8 4 6 17 1 10 4 0 1
19 5 1 1 1 1 3 2 9 7 2
5 1 2 1 3 3 5 1 1 10 1
8 8 9 10 12 4 1 17 9 16 18
2 15 15 0 1 2 10 2 22 11 3
6 5 5 4 0 6 4 9 7 6 3
2 11 1 5 4 3 8 4 15 3 12
2 2 2 4 7 4 8 2 1 7 3
2 1 0 6 9 8 14 2 1 17 5
14 3 8 5 5 18 4 5 6 2 3
7 2 3 4 9 8 3 6 5 0 3
4 5 4 1 2 0 2 1 2 6 0
1 3 15 1 10 5 3 4 7 0 16
11 15 17 2 12 11 16 10 0 4 8
7 3 4 5 5 0 15 6 5 6 8
21 4 4 18 4 1 3 7 4 5 3
12 7 11 6 5 0 5 14 10 22 13
1 9 6 18 8 23 5 4 3 1 3
11 0 1 7 10 6 0 3 10 0 0
5 4 7 9 18 4 14 4 0 15 11
20 6 5 1 4 5 4 8 12 5 17
1 2 6 1 1 10 1 0 2 3 2
5 9 3 18 11 7 9 12 2 20 13
4 8 12 3 4 13 28 14 9 2 0
1 1 4 2 11 1 0 5 0 1 2
7 9 8 10 21 10 1 6 26 4 7
4 13 16 13 10 11 1 13 1 14 12
0 8 11 14 6 4 8 1 3 5 1
5 14 11 4 2 6 4 0 2 3 5
3 1 8 5 6 1 23 4 0 14 7
12 3 11 4 20 19 3 13 3 1 13
7 18 2 2 24 3 3 5 10 1 16
14 5 14 1 1 6 14 5 13 4 7
4 8 1 3 5 4 3 3 8 10 14
20 1 6 4 1 10 2 3 0 10 2
1 6 8 3 9 10 10 2 1 7 18
9 6 2 6 5 7 5 2 3 4 2
3 12 1 6 2 7 2 6 4 12 12
5 8 11 6 17 19 7 5 17 1 0
6 4 2 13 4 3 5 8 8 2 7
4 4 1 2 6 3 1 3 4 2 3
1 14 3 9 3 0 6 2 3 5 1
5 2 5 2 3 1 8 4 7 4 6
1 8 3 8 10 4 4 6 6 0 1
12 4 4 8 1 2 11 12 10 3 3
7 8 5 1 0 2 3 12 10 1 4
5 2 5 1 15 5 7 8 7 0 1
1 7 7 11 0 4 2 8 14 15 3
2 8 5 2 4 7 19 7 2 7 12
4 6 5 10 14 1 19 2 11 8 18
5 0 19 5 21 6 2 10 5 19 3
4 7 1 3 2 1 0 7 0 8 2
23 4 1 1 9 5 12 5 1 14 2
2 9 5 2 1 5 5 5 16 3 18
1 53
2 86
3 64
3 79
5 51
6 45
6 76
6 87
7 76
8 91
9 40
12 61
12 78
12 91
13 42
14 50
15 78
16 59
16 93
19 33
20 37
21 29
21 116
22 71
22 85
22 114
22 118
23 105
24 54
24 110
25 33
25 124
26 39
26 48
26 98
30 111
31 38
32 84
33 117
34 45
35 95
38 85
39 74
39 108
41 51
43 52
43 60
43 122
44 62
46 101
47 107
47 108
48 58
48 128
49 79
49 121
50 79
50 92
50 137
51 89
51 92
52 60
52 62
53 57
53 88
54 143
55 136
56 149
57 88
57 145
58 76
60 88
61 117
61 138
61 151
62 156
63 153
64 145
65 143
66 85
67 85
67 140
70 127
70 140
71 87
71 138
71 159
72 120
72 122
73 143
73 152
74 93
74 132
75 154
76 156
77 112
78 161
79 139
79 148
80 166
83 94
83 140
83 183
84 110
84 156
84 167
86 138
87 128
88 100
88 103
89 173
90 92
91 171
92 116
93 123
93 162
94 122
95 111
96 134
96 150
98 139
98 184
100 148
100 166
105 106
106 147
106 204
108 144
109 110
109 160
112 121
112 168
115 180
115 202
117 158
117 183
117 197
118 181
118 217
118 218
119 120
119 164
120 135
125 172
125 206
127 146
128 132
131 219
131 229
133 170
133 215
134 147
134 159
135 166
135 184
136 187
137 155
137 172
138 218
139 233
140 179
140 207
141 188
143 204
144 171
146 176
146 198
148 245
149 218
150 184
151 208
152 201
152 237
152 244
153 191
153 234
154 162
155 190
155 248
156 184
157 244
158 219
160 184
160 192
162 203
163 198
163 216
164 240
164 259
166 196
167 188
167 194
167 224
167 266
168 236
168 265
170 174
170 230
171 218
172 242
174 177
174 190
174 255
174 262
175 212
175 249
176 252
177 244
177 251
178 249
179 189
179 273
180 263
181 229
181 264
184 190
184 272
185 222
186 202
187 218
188 233
189 275
191 223
191 225
191 287
192 292
196 246
196 281
198 217
198 285
200 231
200 281
201 223
202 249
204 235
206 258
207 210
207 261
207 269
208 288
209 222
209 284
210 304
212 259
213 301
214 251
215 263
216 246
216 260
216 303
217 302
219 241
224 314
225 298
226 236
226 257
227 267
229 278
229 315
230 231
230 233
230 270
230 308
232 290
234 279
236 288
238 249
238 262
241 295
241 314
241 328
243 332
244 251
244 267
245 287
246 284
247 301
248 275
249 277
251 281
251 286
254 329
255 281
256 319
256 348
257 278
257 304
257 307
257 331
257 346
258 300
260 291
261 344
262 353
262 362
263 266
265 354
267 311
267 352
269 329
271 309
273 307
274 344
276 314
277 296
277 356
278 291
279 312
279 362
280 291
280 354
282 313
282 351
283 299
283 302
284 301
284 306
284 372
285 288
285 380
286 288
286 291
287 345
287 355
288 304
289 294
289 379
290 302
291 317
291 318
291 386
292 314
293 320
293 382
295 305
295 330
295 385
296 377
297 367
299 363
300 364
300 378
301 335
302 328
303 397
304 323
304 397
305 355
305 359
306 324
306 401
309 408
312 327
312 390
312 403
313 367
314 330
314 333
315 345
315 408
316 338
316 391
317 347
317 395
318 329
320 321
320 383
320 390
320 394
320 400
320 409
321 344
321 368
321 394
321 399
325 347
325 357
326 357
326 370
326 376
327 392
327 420
328 410
329 342
329 351
329 399
330 371
331 333
331 387
332 384
333 406
335 363
338 352
338 363
339 416
341 361
341 403
342 385
342 419
342 434
344 398
344 416
345 365
345 373
345 434
346 352
346 355
346 390
346 437
350 377
350 382
350 422
351 375
353 396
354 439
356 455
357 387
358 373
358 380
359 394
362 389
363 372
363 458
364 444
367 451
369 438
370 404
370 431
371 417
371 427
373 473
374 410
375 397
375 434
378 385
378 435
378 443
378 446
378 450
380 459
380 468
382 431
383 397
383 470
385 405
389 435
391 444
392 436
393 414
395 480
396 420
396 442
397 414
397 451
397 467
398 413
398 430
399 407
400 454
401 405
401 439
401 497
404 412
404 419
406 493
408 443
409 455
410 470
410 482
410 487
411 489
414 467
417 469
418 471
418 497
419 507
419 517
420 428
420 514
421 447
422 506
423 441
424 426
424 429
425 454
425 489
425 491
427 443
427 471
427 515
430 513
431 479
432 453
433 519
433 531
434 499
435 528
436 458
437 449
440 472
440 515
442 522
443 464
445 447
445 457
445 466
445 476
446 449
446 454
447 523
448 453
448 495
448 534
449 531
454 498
455 460
455 497
455 503
456 502
458 481
459 494
459 522
461 561
462 557
464 474
464 536
466 542
466 551
469 530
470 539
471 545
473 566
475 568
476 504
476 557
479 517
479 535
480 532
480 551
482 564
483 544
483 576
487 541
488 565
488 572
490 589
493 512
494 522
494 549
494 582
496 514
496 528
497 531
497 595
498 550
499 599
500 504
500 541
501 537
501 561
502 542
502 595
503 506
503 512
505 534
505 548
505 568
505 580
505 601
508 548
508 575
512 522
513 598
515 570
516 529
516 612
517 549
517 615
520 542
520 552
520 553
520 589
521 576
522 529
522 551
522 569
524 585
525 574
526 534
526 604
527 555
527 562
529 593
529 625
530 535
530 583
531 587
531 620
532 613
532 620
534 555
535 570
535 618
538 554
538 600
538 605
540 584
540 617
541 584
541 610
541 626
542 597
542 616
544 583
544 606
546 593
547 563
547 569
548 591
549 587
551 581
551 588
551 644
552 585
552 602
552 627
553 589
553 638
554 570
554 578
554 615
555 628
556 636
560 599
561 634
561 638
561 639
561 651
562 579
563 650
563 660
564 569
565 636
566 597
566 618
567 571
567 598
567 642
568 656
569 575
569 662
569 663
570 576
570 577
571 572
572 627
572 670
573 648
575 614
576 652
576 666
581 606
581 652
584 639
585 586
585 604
585 607
585 643
585 676
586 610
586 656
587 624
588 593
593 649
593 683
594 693
595 690
596 647
597 604
597 641
598 654
599 691
600 611
600 644
605 613
605 645
605 685
605 694
606 674
610 681
610 693
611 654
612 668
614 689
616 641
616 667
617 655
618 629
618 706
619 698
621 706
621 710
622 628
623 649
625 720
626 631
627 701
627 724
628 644
628 719
629 663
631 710
633 707
634 635
634 659
634 676
636 686
637 667
638 670
639 659
640 662
640 680
641 652
641 667
641 689
641 706
642 694
643 654
644 733
645 651
645 717
645 721
646 715
647 670
648 747
649 725
650 724
654 739
655 752
660 760
664 689
664 717
664 761
665 693
665 705
666 686
666 726
668 735
669 677
669 717
669 735
670 764
671 690
672 759
673 724
676 716
677 681
677 744
678 685
678 687
678 739
678 773
679 726
680 739
680 745
681 690
685 724
685 726
686 700
687 725
688 689
689 699
693 711
694 736
695 767
696 724
697 726
697 730
697 745
700 709
700 719
700 773
700 789
700 798
705 706
705 734
709 757
711 746
711 805
712 774
713 806
714 735
715 734
715 771
715 784
715 815
716 781
717 718
717 722
718 720
719 786
723 737
724 802
725 774
727 774
727 809
728 827
729 742
729 826
731 777
733 814
734 755
734 789
735 792
736 833
737 778
738 805
738 825
739 778
740 762
741 814
742 794
742 797
743 818
743 830
744 790
745 830
746 836
747 809
750 767
750 794
750 832
751 849
752 843
756 815
756 825
757 832
758 803
759 844
760 771
760 772
760 802
760 852
761 769
761 848
762 780
763 850
764 812
765 797
765 853
765 859
766 790
766 838
767 826
770 842
772 839
772 848
773 793
773 799
775 777
775 790
775 811
775 851
775 869
776 814
777 815
778 795
778 811
779 840
781 813
783 823
785 816
786 828
786 836
788 833
788 857
788 874
789 800
789 820
789 884
790 861
791 799
791 835
795 879
796 886
798 804
798 885
799 858
800 858
800 888
801 883
802 808
802 864
802 872
803 865
804 898
805 864
806 852
806 853
807 846
808 811
808 812
808 870
809 836
810 821
812 911
813 829
814 846
815 889
816 866
817 874
817 889
817 908
818 886
819 918
821 839
823 901
824 916
824 924
825 840
826 878
826 922
828 902
829 835
829 881
829 883
829 892
830 854
831 921
832 919
833 849
836 837
836 924
837 841
837 881
837 883
837 896
837 928
837 935
839 937
841 894
841 940
844 884
844 893
844 944
845 909
846 854
847 887
849 880
849 903
850 928
850 940
853 895
853 934
855 918
856 945
858 917
858 921
860 934
862 866
862 892
862 944
863 928
865 922
865 951
866 897
866 948
869 905
869 922
869 962
871 891
872 879
874 884
874 966
874 972
876 953
879 899
879 907
879 943
880 906
880 964
882 929
882 981
883 933
883 941
884 977
887 899
890 904
890 960
891 915
891 938
891 977
892 900
892 924
893 945
893 987
894 897
895 977
898 979
899 937
901 953
901 960
905 930
906 912
906 928
907 924
907 981
910 989
911 913
912 989
913 941
916 999
917 935
918 945
921 955
922 952
922 975
924 962
924 970
924 979
925 983
925 989
926 966
927 998
928 977
932 982
935 964
936 978
937 956
937 999
939 945
940 973
941 969
945 962
945 991
948 992
949 965
955 968
956 988
967 996
968 999
970 994
970 998
978 997
981 997
990 996
18 16 4 38 6 1 2 20 7 1 32
5 1 17 14 1 2 21 17 2 0 7
3 11 7 1 4 10 1 4 15 1 6
5 12 21 7 3 6 2 4 7 7 20
12 8 11 22 3 22 15 3 3 13 17
20 25 4 2 2 8 26 22 3 4 13
14 14 16 11 9 10 19 14 5 25 9
0 6 12 1 18 3 10 5 7 15 3
3 17 5 16 22 2 7 10 16 8 15
9 12 0 0 0 8 4 9 2 5 7
11 1 1 32 11 30 2 11 16 9 3
1 2 6 11 9 18 12 10 1 17 19
14 8 13 5 15 5 8 4 24 19 13
6 6 1 4 6 1 2 3 16 5 5
3 1 12 15 6 12 9 21 13 16 2
19 21 32 5 6 4 1 0 6 10 14
3 5 19 24 8 8 10 2 8 4 7
24 3 2 5 3 6 16 5 16 18 9
7 22 17 9 1 12 7 25 9 21 1
18 22 16 1 2 17 11 0 6 10 10
19 30 29 24 5 26 8 33 13 33 14 8 19 35 20 26 13 29 24 19
22 42 36 34 33 17 10 38 19 30 28 34 24 43 33 34 37 39 22 32
34 49 63 49 35 24 10 48 29 60 54 48 26 70 50 38 49 41 40 35
2 6 4 1 1 1 1 1 1 6 4 2 1 2 1 2 1 1 1 3
26 32 25 8 12 27 3 12 16 35 29 24 5 31 13 11 18 21 3 13
40 45 49 42 27 33 20 37 23 55 27 18 25 56 26 47 34 40 34 34
4 9 12 7 12 11 4 13 2 18 4 8 8 14 3 14 8 8 4 18
2 14 13 6 1 1 1 21 11 11 11 10 1 19 17 3 14 2 14 3
11 25 15 14 1 5 1 19 17 16 3 9 4 18 8 9 12 8 8 4
23 27 20 16 16 23 9 18 4 34 15 18 1 18 11 16 12 10 19 16
22 54 43 32 22 42 22 49 15 51 24 38 27 46 30 34 29 34 32 40
37 53 40 32 27 32 16 48 25 47 33 33 28 52 30 36 40 40 22 24
27 41 39 32 31 27 22 51 27 49 34 41 13 45 29 36 39 31 28 38
16 11 35 15 6 15 1 28 22 33 27 24 5 34 19 7 10 14 13 4
7 18 9 2 4 4 1 9 2 8 13 15 3 9 11 5 9 9 1 3
38 44 49 46 39 33 24 32 15 50 41 37 26 46 41 49 38 34 43 43
35 61 43 34 14 28 16 43 31 44 24 33 25 48 32 21 41 31 12 11
30 31 34 16 8 26 6 27 19 36 27 23 8 36 17 19 14 17 10 14
8 13 7 6 9 10 5 1 1 17 9 9 1 11 4 11 5 7 8 10
5 15 8 1 1 5 1 3 1 9 4 7 1 2 4 4 5 2 1 6
48 54 51 42 24 45 7 33 28 54 36 17 19 57 28 45 36 35 23 39
35 39 64 36 23 52 21 50 32 66 32 44 29 61 30 35 22 41 33 40
23 31 32 20 17 29 7 20 15 37 15 19 8 28 8 19 22 16 9 25
18 36 28 19 8 16 4 33 20 25 12 20 12 29 20 19 22 14 15 14
13 10 19 12 7 8 1 15 6 21 10 4 9 24 1 21 5 8 4 14
44 45 56 33 36 49 26 61 41 59 42 50 36 61 38 29 32 46 33 43
5 16 7 1 4 5 2 12 2 13 15 16 1 9 14 4 6 8 6 5
36 44 62 56 39 23 14 58 32 64 48 40 51 72 30 57 44 55 23 49
11 15 13 7 5 11 1 15 10 20 11 10 1 16 11 4 4 11 13 9
12 23 29 18 13 34 10 29 7 45 17 23 11 28 15 21 7 25 24 28
33 41 47 34 18 31 8 34 20 46 28 28 20 51 27 36 26 34 26 31
25 34 35 21 5 19 5 37 30 35 19 20 12 41 22 18 25 18 19 7
6 5 2 1 1 1 1 5 3 1 1 1 1 6 1 5 1 1 1 1
19 11 14 9 2 9 1 3 10 21 16 6 1 20 1 11 1 10 6 5
12 10 9 7 1 1 1 8 6 12 11 2 2 14 4 11 1 3 4 3
28 49 59 45 33 39 17 53 20 63 43 44 33 61 28 41 44 44 19 42
35 49 48 14 25 34 16 38 24 51 51 35 16 54 44 19 27 45 31 24
8 8 12 1 1 3 1 8 1 9 5 1 1 9 3 5 2 1 6 6
7 6 12 7 7 6 1 11 8 12 9 10 6 14 5 11 11 11 3 10
11 10 1 4 1 4 1 9 6 12 8 3 2 15 1 10 1 5 3 1
48 55 45 46 30 42 29 53 44 55 25 46 22 54 34 46 46 39 32 31
26 32 30 21 15 13 7 33 15 33 31 25 14 33 26 28 22 11 23 22
23 33 48 15 14 33 6 35 19 49 39 16 17 51 24 21 30 38 18 31
21 17 21 7 5 19 1 13 13 26 16 9 6 23 4 13 5 16 8 15
9 15 8 3 1 1 1 13 4 6 15 8 1 13 13 7 4 4 8 1
42 56 51 33 29 43 9 35 32 53 34 41 16 58 32 29 39 42 21 31
21 21 28 16 5 15 1 27 11 25 15 10 14 30 11 25 12 14 10 18
29 37 41 32 15 25 5 33 21 40 16 17 17 41 19 34 21 20 21 24
47 40 54 46 31 38 16 40 31 62 37 36 18 51 20 50 44 23 21 44
19 33 32 23 13 21 1 14 16 32 14 15 1 25 11 17 23 5 12 18
13 23 8 12 9 9 1 11 9 15 9 5 8 17 10 15 8 15 11 13
40 67 56 49 33 37 28 53 34 58 28 35 26 61 44 42 52 38 45 33
5 6 4 1 1 2 1 11 4 6 3 2 1 6 4 5 1 1 6 5
32 46 43 28 26 34 14 26 15 50 35 26 11 47 25 28 34 35 26 33
1 10 2 1 1 3 1 3 1 12 8 6 1 4 5 1 1 7 3 5
41 60 58 47 18 47 20 50 26 63 22 27 22 60 31 45 39 36 36 36
24 40 21 19 23 27 15 13 4 35 18 27 1 21 19 19 18 23 20 23
54 50 57 52 37 44 19 46 40 69 44 40 20 59 21 54 45 34 27 47
22 31 32 26 16 14 4 24 25 33 20 25 9 37 13 20 19 16 16 13
20 30 31 25 15 14 1 24 18 24 12 13 12 30 8 24 24 14 8 21
48 72 67 44 43 48 23 52 30 74 61 38 26 75 43 45 56 50 32 47
43 60 45 39 21 29 17 39 26 49 33 25 28 51 34 30 38 39 19 17
53 53 51 35 35 45 18 40 28 68 49 46 23 55 33 31 33 37 24 31
11 30 32 13 13 17 4 30 2 33 29 16 11 33 22 17 21 26 17 23
8 15 22 6 7 6 5 22 3 19 16 3 7 24 13 12 14 13 13 18
19 31 28 15 5 19 1 23 17 27 16 15 5 30 14 12 20 16 10 17
23 26 25 12 16 30 3 29 19 40 21 25 7 31 18 13 6 24 14 17
14 24 35 26 16 8 5 27 18 23 18 24 15 30 18 23 30 16 13 20
16 18 23 14 13 19 1 24 12 29 15 12 12 30 6 20 9 21 10 21
7 16 10 5 7 13 2 13 6 22 5 7 5 13 2 9 1 9 6 13
33 21 32 18 5 18 1 21 19 37 27 18 14 36 12 25 12 14 11 16
12 25 47 19 18 20 13 40 18 42 34 19 20 44 23 29 33 29 20 31
1 11 1 1 4 5 1 3 1 10 1 9 1 1 3 1 1 1 4 3
22 51 46 33 24 23 10 48 19 50 38 37 20 53 41 21 30 36 26 20
25 18 31 21 13 24 5 14 12 42 21 16 8 30 12 22 9 19 18 20
9 13 13 8 1 11 1 13 5 16 1 1 7 13 1 10 1 9 6 11
44 59 62 55 33 42 13 45 30 68 39 45 19 56 39 47 50 25 39 45
34 44 43 26 23 35 9 29 21 48 42 24 11 46 24 30 36 26 18 31
17 33 26 22 15 17 5 24 18 29 16 24 7 31 23 19 22 23 18 22
32 41 36 28 8 21 1 24 22 34 25 13 5 39 21 24 24 16 19 17
7 3 6 1 3 7 1 7 7 14 10 8 1 11 3 6 5 9 3 7
29 52 45 33 27 26 21 46 20 56 51 37 23 50 47 32 39 35 39 31
7 17 9 4 4 4 1 14 4 7 16 15 4 10 17 6 8 9 11 5
5 11 14 6 5 6 1 15 6 12 2 7 4 11 6 8 9 4 5 14
4 10 10 6 3 4 1 7 2 10 4 7 1 3 5 3 2 2 7 4
26 50 44 33 36 16 14 41 16 40 36 34 27 51 37 27 43 42 22 27
21 60 55 36 27 29 23 53 27 52 48 36 27 60 54 34 43 44 43 32
38 42 34 29 29 23 14 37 24 50 43 41 21 46 27 26 26 33 14 17
11 12 14 8 3 6 1 7 3 17 14 7 1 11 7 6 2 8 8 5
23 41 36 28 27 22 11 40 16 41 31 38 20 44 24 25 30 32 8 24
28 29 34 16 18 28 7 35 24 40 22 34 8 35 18 18 17 17 13 19
5 5 20 9 9 3 1 17 5 10 3 6 9 14 2 15 12 8 1 17
40 21 45 26 13 26 1 23 26 46 32 16 14 45 15 27 20 20 19 24
17 33 21 14 9 13 3 22 10 24 9 15 1 22 14 11 12 7 17 8
31 43 42 34 17 19 9 30 22 42 29 23 8 46 31 27 28 21 34 19
19 27 32 12 4 13 2 28 8 30 19 8 7 34 14 18 17 12 12 16
10 14 10 8 7 7 5 15 9 11 8 15 1 11 10 12 7 1 7 7
14 33 25 25 19 15 13 35 15 35 26 36 4 28 28 17 27 7 22 17
6 10 9 5 4 6 1 5 1 11 2 1 1 6 1 7 1 3 5 11
27 41 34 33 22 21 13 47 19 45 32 40 20 41 33 34 32 20 23 26
32 41 59 35 22 55 20 44 28 66 25 42 24 53 29 30 13 41 32 36
33 43 53 19 25 28 17 50 35 51 54 37 27 63 43 29 34 42 29 27
52 55 56 47 23 56 19 50 40 69 30 40 20 61 18 47 39 30 22 39
26 22 24 21 13 9 5 24 17 30 24 25 13 26 19 29 18 8 16 20
7 14 12 4 7 10 1 11 5 17 5 11 1 6 6 7 8 5 8 12
8 13 10 3 5 4 1 9 6 10 5 10 2 9 5 6 8 3 1 7
18 22 22 10 2 10 1 19 7 21 17 5 5 22 11 13 4 8 13 9
4 16 11 4 5 8 1 8 3 12 2 10 1 1 5 1 4 3 5 6
9 23 17 10 15 15 4 18 7 26 21 19 6 21 18 12 14 19 16 17
1 8 5 1 1 6 1 6 1 15 2 3 1 5 1 2 1 3 1 9
17 19 17 11 13 20 5 8 10 29 12 17 1 19 10 9 8 19 13 14
18 42 26 26 28 21 12 27 10 26 15 34 10 24 27 24 29 22 22 26
15 32 36 12 9 15 10 31 8 38 40 17 17 38 31 20 22 23 22 18
3 13 8 5 4 1 1 6 1 11 12 8 1 11 7 8 6 8 3 8
6 11 3 1 1 1 1 2 1 4 1 3 1 2 1 1 1 1 1 1
44 56 54 25 30 31 23 49 32 57 60 40 30 63 47 18 39 51 26 23
54 59 66 57 23 60 30 53 40 80 32 45 40 69 35 61 30 51 43 48
13 31 23 12 8 12 2 18 8 20 12 18 1 16 18 7 11 5 16 8
47 55 53 36 35 41 23 59 25 67 52 48 31 65 38 38 37 47 27 32
28 54 36 26 15 33 27 50 29 46 23 23 30 47 42 33 38 42 39 31
4 1 5 5 1 1 1 1 1 10 5 1 1 6 1 7 1 1 3 3
14 27 25 18 10 9 7 29 18 30 22 23 4 30 22 12 17 6 21 6
12 16 13 8 8 15 1 6 5 24 12 7 1 17 7 10 3 13 10 15
18 29 14 8 5 14 4 18 6 25 8 6 2 19 6 12 11 5 11 9
15 22 21 10 4 9 2 13 8 21 11 16 1 16 8 8 8 2 4 4
24 30 24 18 16 18 8 14 3 29 13 15 1 21 14 20 10 9 21 16
25 39 40 27 10 18 4 27 24 31 28 25 5 34 25 18 32 9 15 16
18 24 24 14 16 24 3 15 9 33 18 19 6 30 12 19 12 27 11 24
11 14 11 6 6 5 1 19 8 12 8 7 7 16 8 12 7 5 9 11
43 56 62 55 23 38 20 51 41 66 30 34 33 66 40 48 40 38 42 34
26 39 35 37 28 30 13 41 16 43 12 28 13 36 17 40 26 24 21 38
30 43 37 31 23 26 5 26 18 41 25 20 17 42 11 34 29 24 9 30
9 23 23 13 9 7 4 24 10 19 19 12 5 23 20 13 16 13 18 16
19 34 35 25 11 33 14 27 6 43 17 26 16 31 13 27 12 24 17 28
33 38 49 28 15 25 7 36 24 46 32 17 15 53 25 30 28 32 28 26
37 48 50 34 35 32 8 38 31 53 46 36 24 58 25 26 44 42 7 32
25 31 22 22 14 16 7 14 12 26 15 16 6 27 16 25 15 20 16 18
20 35 31 27 6 33 14 36 21 44 21 26 28 48 18 35 12 40 17 27
17 38 38 23 25 24 24 42 13 42 29 24 17 34 28 33 35 22 30 35
20 39 46 31 20 19 9 37 24 39 33 30 14 42 32 17 35 16 28 22
21 24 30 27 12 29 9 22 10 44 12 13 16 37 6 34 3 24 19 29
33 40 48 36 5 33 17 43 22 51 25 11 29 51 25 41 19 35 35 27
4 13 6 5 6 7 2 1 1 11 5 7 1 3 4 6 1 3 7 6
16 19 21 12 6 5 1 22 8 17 19 12 12 29 11 21 11 16 3 13
16 26 22 15 14 11 4 18 8 19 12 12 5 22 19 18 14 15 19 19
5 11 8 6 1 2 1 15 13 13 8 11 1 15 11 1 8 3 10 1
15 27 17 15 14 10 1 27 12 22 16 16 17 29 11 20 19 24 5 20
5 14 8 1 2 3 1 8 1 10 6 9 1 7 6 5 4 3 2 8
37 45 47 32 14 29 9 33 21 46 28 14 16 49 24 35 30 28 25 27
32 46 34 34 22 40 20 52 31 52 27 48 14 46 28 34 33 35 24 31
14 22 21 14 11 20 3 8 1 33 15 11 2 18 8 17 2 16 9 18
11 19 21 15 15 19 4 12 1 29 9 10 6 18 7 20 6 12 11 23
20 18 43 29 21 10 3 34 18 40 27 19 21 37 16 33 25 16 22 31
15 9 14 7 1 2 1 9 6 13 6 1 3 15 1 14 1 1 1 6
44 48 44 32 20 38 18 30 18 61 39 24 6 44 27 32 30 22 36 32
32 56 63 51 18 37 20 63 37 53 27 40 42 71 36 47 45 47 28 34
20 46 44 19 14 27 10 29 7 38 30 20 7 39 34 21 34 26 26 29
29 26 25 19 4 14 5 25 18 30 25 12 15 31 15 24 11 16 14 10
1 12 10 8 6 5 1 13 7 13 9 10 3 9 12 7 10 6 11 11
43 59 50 29 23 37 13 50 45 53 42 42 25 61 45 13 37 43 31 13
27 47 55 33 27 30 15 36 24 56 39 14 22 56 23 41 38 31 29 41
23 43 43 27 15 35 8 33 18 44 17 21 10 35 23 21 24 17 26 29
15 20 8 3 1 4 1 15 8 12 21 11 4 21 13 7 4 14 7 2
30 32 33 20 19 30 1 22 15 41 24 21 13 43 14 26 13 36 9 23
13 8 6 1 1 10 1 9 11 18 8 3 2 17 1 7 1 10 1 5
17 11 17 6 1 10 1 17 16 19 13 11 2 23 5 9 3 11 2 4
52 57 53 42 22 45 9 44 54 57 37 35 21 60 32 34 44 32 25 21
36 53 59 44 43 40 23 43 7 62 48 43 33 63 42 40 41 55 31 42
11 18 10 5 6 9 1 7 5 17 6 5 1 10 4 5 4 7 10 9
9 24 22 11 6 8 5 29 11 23 14 17 2 25 18 14 15 4 13 13
14 27 13 12 12 13 4 13 3 26 23 15 1 22 17 13 7 14 15 10
9 22 18 8 4 9 1 17 8 17 15 12 1 15 18 1 13 8 16 5
4 12 11 2 2 7 1 7 1 14 2 5 1 2 2 2 4 3 4 9
39 49 52 32 29 41 10 50 35 55 36 43 26 59 31 31 30 44 20 31
25 48 59 51 22 42 25 42 23 63 34 47 26 59 43 41 28 45 46 41
35 19 35 16 13 25 3 14 22 36 33 21 10 37 14 18 14 18 9 11
44 56 46 44 27 33 12 44 33 53 33 39 23 56 23 41 45 32 18 28
6 9 10 3 1 1 1 7 2 10 10 6 1 6 7 6 2 3 5 4
26 36 29 26 22 17 10 13 4 33 33 23 12 36 29 25 20 29 24 20
4 16 14 2 1 4 1 13 1 16 16 8 1 10 13 3 4 4 10 4
53 52 59 34 32 53 19 41 33 63 42 43 24 62 39 32 28 47 33 34
36 46 37 34 21 33 15 24 19 46 24 30 3 27 18 27 28 11 21 25
40 37 48 36 16 36 11 41 32 55 31 20 29 60 27 42 26 45 27 28
13 28 33 21 11 20 3 35 17 31 21 26 16 39 20 20 22 29 15 24
25 30 38 23 22 28 4 19 10 42 23 22 9 37 15 25 21 28 15 28
24 48 47 31 28 24 12 49 22 48 37 31 24 54 20 38 43 32 12 38
33 28 42 31 15 12 3 41 26 37 38 22 26 51 25 37 34 26 18 24
33 60 62 50 45 40 24 51 24 64 35 48 25 59 41 42 52 38 41 49
37 48 39 34 26 43 12 35 16 53 32 32 12 38 21 36 33 22 15 35
45 48 43 38 36 53 27 40 21 63 35 40 22 51 30 44 29 43 39 45
21 32 19 18 14 19 8 21 12 30 22 11 9 32 23 21 18 26 23 20
15 48 32 26 28 11 10 40 17 34 28 36 18 40 39 15 33 29 20 17
38 53 51 43 32 37 16 48 36 59 31 43 22 57 29 36 36 34 25 31
35 56 42 36 23 30 18 36 19 46 28 35 1 36 35 27 35 17 37 25
36 66 56 48 36 26 13 35 29 53 41 42 18 59 38 31 48 26 24 24
24 50 33 26 22 29 13 37 19 43 26 41 9 32 28 17 37 18 18 20
14 23 20 9 9 14 3 11 1 23 13 11 1 16 17 9 8 13 18 15
50 74 69 53 36 46 23 58 34 66 45 35 30 72 43 55 60 44 38 47
24 37 25 17 11 31 4 26 14 39 14 18 12 30 13 18 12 25 13 20
25 37 31 24 16 24 8 25 18 33 8 20 9 30 15 25 19 18 16 22
8 19 20 8 7 5 1 18 3 13 14 10 6 18 16 11 19 10 10 11
9 9 8 1 1 1 1 8 4 6 1 2 1 7 1 7 3 1 2 5
18 24 26 15 12 18 1 15 10 29 9 7 6 27 2 16 16 14 4 21
30 34 33 23 4 25 13 36 28 28 4 14 20 33 19 25 28 19 16 16
37 37 60 49 26 40 22 39 20 58 28 35 32 52 34 52 28 35 45 50
19 40 43 23 30 30 19 34 12 51 31 20 17 46 27 33 31 37 31 43
43 48 47 37 20 37 4 37 43 48 29 27 17 53 21 32 40 28 17 26
28 47 38 32 31 37 17 34 13 48 24 26 9 31 21 32 37 19 26 40
25 42 43 29 21 20 8 35 15 40 30 32 21 39 29 23 29 23 15 21
11 16 15 7 3 1 1 15 4 9 18 10 2 18 15 13 10 6 9 6
23 21 18 9 13 21 1 10 16 28 22 15 5 24 15 9 4 24 14 12
18 18 23 11 2 14 1 19 7 23 7 6 9 23 2 20 6 8 5 15
23 35 40 31 18 9 4 37 22 37 33 21 20 46 23 33 31 28 20 23
1 6 7 3 4 5 1 12 1 10 7 7 3 6 8 7 5 1 7 11
34 39 27 23 15 29 8 26 18 40 19 25 5 29 13 23 15 18 16 18
26 43 47 33 14 9 9 45 28 34 34 26 18 50 35 25 38 17 27 16
7 16 10 2 2 2 4 20 7 14 11 7 3 16 12 7 7 6 12 6
3 5 4 1 4 3 1 3 1 11 4 2 1 9 1 5 3 4 1 7
46 46 60 49 26 26 7 50 44 56 41 39 35 69 36 46 46 48 26 29
20 24 19 12 10 19 8 12 9 25 14 17 1 16 7 12 14 7 5 10
43 56 65 53 30 28 17 57 49 61 47 45 41 75 34 46 55 53 23 28
31 34 39 36 28 22 11 33 20 42 24 26 23 36 15 42 26 22 21 37
18 30 23 6 4 13 8 25 9 25 23 9 8 29 20 12 17 17 16 16
16 44 55 33 41 34 30 52 30 62 44 34 33 53 33 42 44 48 33 53
11 28 12 3 7 14 7 15 2 27 22 16 1 16 16 4 11 14 14 9
20 15 21 4 1 17 1 13 14 22 10 7 1 22 1 5 9 8 1 7
17 31 39 31 23 11 6 32 22 31 20 25 17 36 19 29 28 25 17 29
10 15 14 5 3 9 1 5 2 18 9 7 1 9 3 4 4 6 5 5
18 29 31 19 19 16 7 24 5 30 20 11 8 33 21 23 19 24 23 28
26 26 29 19 8 18 4 26 15 30 16 7 10 31 12 24 13 16 17 17
6 30 27 15 16 10 1 31 8 19 20 24 12 25 26 12 23 19 15 18
13 20 18 9 5 13 1 4 1 18 5 5 1 9 4 7 4 5 7 10
29 62 42 39 37 31 23 42 21 50 33 50 19 47 43 30 40 32 36 33
36 54 52 29 23 38 19 26 17 55 42 36 7 52 39 26 37 36 35 30
43 41 37 29 12 33 7 28 26 51 31 25 15 45 14 34 25 22 15 24
7 12 5 5 5 6 1 10 6 11 3 5 3 7 4 7 3 5 10 10
50 33 51 33 20 27 8 41 42 51 45 32 33 63 26 36 34 40 17 22
28 55 57 40 31 23 9 54 33 54 46 44 27 65 34 27 49 42 19 26
1 7 6 1 1 1 1 4 1 1 2 3 1 1 2 4 4 2 1 6
38 46 52 39 29 37 22 46 29 58 28 21 30 60 27 43 42 48 33 40
6 10 9 3 5 5 3 7 4 11 5 11 1 5 5 5 4 3 4 3
29 43 35 35 25 40 17 45 16 49 20 28 24 48 25 42 29 42 27 36
8 10 11 7 5 8 1 3 1 18 8 1 1 12 1 9 2 7 5 12
18 25 32 27 17 14 5 27 16 35 24 23 10 33 19 25 22 14 21 18
15 31 34 21 18 12 5 42 10 26 27 20 26 42 25 27 25 30 14 24
7 15 11 2 4 12 1 9 1 19 3 5 1 8 1 8 1 3 4 12
26 28 19 13 9 22 1 17 16 30 16 11 8 25 11 14 8 21 15 15
30 47 58 42 21 36 19 52 20 58 35 26 30 64 34 48 34 49 38 45
46 59 42 46 29 35 22 47 29 54 31 41 20 47 39 43 39 32 36 29
13 29 11 15 13 13 11 22 9 19 7 29 1 9 16 13 17 4 11 12
7 12 13 5 1 10 1 15 4 13 9 9 7 10 10 9 4 10 6 13
36 48 66 43 21 33 21 46 23 59 47 33 25 57 53 43 43 37 52 45
8 7 4 1 1 1 1 4 2 4 2 1 1 7 1 3 1 1 1 1
11 38 37 21 10 16 9 47 13 33 26 31 22 41 33 16 25 28 21 19
18 19 30 25 7 15 3 31 15 37 22 25 12 28 21 24 15 8 21 19
11 20 14 6 9 13 3 16 8 25 18 12 2 21 11 11 7 10 14 12
50 58 58 45 40 63 30 42 19 72 37 51 30 64 33 52 32 56 36 53
5 13 23 14 8 16 2 18 3 26 8 12 9 17 5 18 7 11 8 20
46 36 43 31 18 23 4 34 32 48 43 31 25 52 29 30 27 36 24 20
36 27 28 18 9 22 4 20 25 36 32 17 13 37 15 19 7 25 15 6
18 25 27 13 11 17 7 22 7 27 14 7 6 25 17 17 10 15 23 21
8 12 16 10 6 11 1 15 4 17 9 8 8 16 6 16 6 10 5 18
31 64 69 58 38 40 19 62 32 68 38 52 38 72 36 47 48 46 31 45
8 13 12 4 2 5 1 6 2 11 5 7 1 5 4 5 4 2 4 6
36 49 52 31 27 31 4 42 33 50 40 43 20 58 31 23 34 37 17 20
27 50 47 42 11 41 21 52 27 55 14 30 27 51 33 41 24 37 37 32
26 27 48 26 17 37 4 29 22 47 21 26 15 42 12 22 22 28 13 26
44 48 52 44 31 37 19 42 23 54 23 25 23 51 26 49 37 30 33 37
8 10 10 1 1 5 1 7 2 12 5 4 1 7 3 3 5 3 3 5
10 21 23 12 6 6 5 28 15 18 13 16 5 23 20 13 18 5 18 12
43 65 58 51 39 25 22 62 31 59 46 51 26 62 47 39 57 31 31 29
22 46 47 44 42 33 28 60 30 60 38 51 21 48 34 43 49 40 31 50
14 31 18 8 12 16 1 17 6 26 26 20 7 25 19 6 19 19 12 10
7 14 7 1 3 9 1 6 1 14 1 6 1 3 1 3 1 1 1 8
28 52 48 36 21 16 7 44 25 43 31 36 24 48 33 21 31 30 17 14
14 22 16 13 15 17 8 15 5 26 7 17 2 11 5 15 11 7 11 19
18 28 29 18 15 17 6 17 6 33 25 15 8 24 16 21 14 13 19 19
27 25 33 28 19 13 5 33 19 35 27 23 22 36 21 36 21 17 21 29
23 35 62 44 17 34 18 47 32 53 25 35 30 58 25 34 34 27 28 35
13 21 11 10 3 14 3 16 9 21 3 7 7 15 2 14 3 9 4 7
2 15 12 8 10 1 1 12 1 10 10 13 6 12 8 12 12 11 3 11
43 45 40 44 29 28 11 34 27 51 32 28 19 47 13 48 40 20 15 35
26 28 34 28 26 19 16 29 12 41 29 22 14 39 13 33 31 21 18 28
17 17 30 17 20 24 1 21 13 37 13 17 11 33 7 22 14 28 12 28
25 36 35 27 23 16 5 25 12 38 31 24 19 38 23 28 23 23 16 25
18 39 27 21 8 8 1 26 20 27 22 23 6 33 22 11 23 13 16 6
29 47 61 39 25 40 1 46 32 59 40 34 18 59 30 33 44 37 22 40
5 23 25 14 8 4 4 22 15 20 12 21 5 18 18 4 20 1 12 9
21 31 21 17 5 16 12 32 23 27 13 14 15 30 21 17 20 18 19 3
7 16 22 13 4 4 1 19 7 16 16 13 2 17 17 12 12 5 13 11
14 44 31 20 17 16 8 27 12 32 22 28 1 29 32 14 27 16 27 18
41 38 37 25 12 30 5 20 26 48 34 23 13 43 17 26 18 25 18 19
13 24 13 9 4 5 1 17 14 12 10 14 6 14 13 11 10 10 7 9
21 43 59 42 19 40 22 52 37 55 19 40 33 60 31 35 32 37 35 39
37 54 65 40 28 39 9 45 32 58 44 27 16 64 37 38 50 39 29 46
4 4 1 1 1 3 1 1 2 12 5 3 1 8 1 4 1 4 2 4
19 21 14 14 9 13 5 21 14 22 16 15 10 25 9 22 11 15 4 11
18 38 57 33 28 35 17 51 14 59 47 32 34 64 38 33 33 59 31 41
40 42 56 31 24 31 14 47 38 55 50 36 21 63 45 26 31 42 38 30
9 45 47 22 15 41 25 49 20 56 37 32 28 49 39 31 25 47 41 42
11 18 12 7 11 15 5 9 5 24 13 10 1 13 9 7 1 12 15 11
50 51 53 47 34 50 22 50 31 63 30 39 19 58 31 50 35 42 33 40
13 41 34 19 11 14 11 32 14 32 29 22 5 37 38 19 29 23 32 22
14 30 17 14 13 18 4 27 12 27 16 21 13 27 14 21 15 21 7 19
60 51 62 56 36 41 16 39 39 71 39 28 31 65 27 60 43 32 32 52
5 6 8 1 1 1 1 6 1 8 9 1 1 8 5 3 1 1 7 1
16 28 19 17 11 12 9 19 12 22 10 25 1 15 13 15 17 3 11 11
9 11 5 3 4 7 1 10 8 15 9 7 3 14 5 8 5 7 6 10
50 41 50 32 14 36 4 35 39 53 44 26 22 58 24 35 32 32 16 24
1 10 8 3 7 7 1 9 1 16 2 8 1 3 3 4 4 3 6 11
17 27 20 16 11 22 4 22 11 31 12 12 14 27 5 23 8 21 7 21
22 42 61 44 25 34 16 50 34 58 29 43 32 59 26 33 37 38 28 39
49 43 70 49 39 60 26 42 26 78 34 45 34 69 26 53 28 53 35 54
3 8 13 2 1 5 1 15 2 13 10 8 2 10 10 8 4 6 5 10
5 14 21 10 1 7 1 24 8 17 18 15 2 22 19 6 10 11 9 6
13 20 18 10 7 14 1 3 1 24 6 7 1 12 2 9 6 5 7 9
18 16 18 6 9 15 4 13 13 22 12 18 3 19 5 12 9 11 3 11
10 15 15 8 7 14 2 11 2 22 3 6 3 13 1 15 1 5 5 16
2 1 5 3 1 1 1 3 1 8 6 1 1 8 1 8 2 1 3 5
12 16 16 7 10 18 1 8 12 26 15 21 1 17 10 4 3 16 7 6
2 3 1 1 1 1 1 7 2 1 3 1 1 4 4 1 1 1 2 1
33 43 46 35 33 43 10 20 13 51 24 19 13 42 20 36 34 27 21 44
14 9 20 9 1 6 1 4 1 17 10 1 1 17 1 12 7 1 1 8
11 23 12 6 8 12 1 9 2 19 19 8 1 17 17 7 10 17 15 11
26 34 31 21 5 22 5 30 17 29 14 19 12 30 14 25 17 15 7 14
23 24 45 25 27 13 6 45 28 43 49 36 27 57 24 31 31 40 8 25
51 54 59 47 31 45 11 41 37 61 39 25 23 65 27 48 45 41 25 40
3 7 7 1 3 5 1 11 1 12 7 5 1 6 8 1 3 1 10 5
34 28 50 42 33 21 11 30 22 48 28 29 25 46 24 46 33 27 29 42
25 31 33 16 8 17 6 20 11 39 31 9 6 33 21 18 14 16 25 18
49 34 57 35 25 33 5 40 42 55 48 27 25 63 22 39 33 32 16 30
14 11 11 8 4 3 1 7 6 12 10 3 4 17 1 15 5 4 4 8
20 24 16 9 7 8 1 15 10 20 31 17 6 28 19 13 10 17 12 5
16 30 16 15 13 15 3 21 13 22 9 14 9 19 15 17 12 15 14 16
23 20 25 7 7 20 1 10 13 28 25 21 2 26 10 9 13 17 1 7
17 21 32 17 8 24 4 25 16 35 16 22 9 29 13 17 14 18 15 19
26 40 31 18 17 24 5 23 12 35 28 20 13 37 21 13 21 29 11 16
4 6 8 2 1 1 1 8 3 7 8 6 1 7 5 4 1 2 1 3
7 14 8 7 8 10 1 3 1 19 7 6 1 10 5 6 1 9 8 9
44 43 48 32 27 38 1 37 38 50 38 25 20 56 23 33 35 35 15 29
17 15 30 17 1 22 3 20 4 33 13 4 9 31 4 16 3 14 15 15
12 33 24 8 10 12 1 21 3 24 23 19 4 23 21 6 20 12 11 8
48 51 61 56 34 44 20 55 26 69 36 36 31 61 30 60 40 34 43 54
35 55 50 39 27 41 13 37 18 49 25 34 21 50 25 40 34 34 20 39
5 11 7 1 3 6 1 9 3 12 1 8 1 4 2 1 1 1 1 4
51 49 68 46 34 47 12 43 40 64 40 37 26 71 31 42 43 47 26 42
11 19 14 7 11 19 5 12 4 27 12 10 1 12 8 8 4 11 14 16
4 7 7 1 1 2 1 9 1 10 14 5 1 9 10 4 1 5 7 4
2 17 8 5 8 8 1 10 1 14 11 14 2 7 10 8 7 8 7 11
2 11 12 2 4 4 1 7 1 9 5 6 2 7 4 8 6 5 1 10
24 24 41 26 13 14 1 32 19 26 23 17 18 38 17 30 26 18 10 23
15 5 18 10 1 5 1 18 9 18 15 2 7 21 8 16 2 2 11 8
9 16 18 15 4 5 1 12 8 18 8 8 1 17 12 7 7 6 13 6
9 15 10 1 1 10 1 6 3 18 11 10 1 8 6 1 4 9 4 5
8 13 1 1 1 1 1 6 5 2 5 2 2 7 5 6 1 4 1 1
45 61 48 42 35 45 24 29 26 57 33 47 11 49 34 33 42 31 36 34
8 11 6 1 1 1 1 5 3 3 6 6 1 6 4 4 1 2 1 1
33 55 53 39 34 38 15 51 32 61 43 48 12 54 33 32 54 30 27 38
10 5 8 3 4 6 1 7 7 12 11 5 3 16 3 8 5 10 5 7
6 29 34 14 9 14 13 37 21 36 29 24 9 33 31 8 27 15 28 15
2 9 19 10 5 8 1 22 4 16 12 11 9 18 13 15 12 14 6 17
5 5 2 1 1 1 1 2 1 10 7 4 1 8 1 4 1 1 1 1
17 31 21 15 19 20 5 19 6 30 19 19 8 27 14 20 13 22 10 23
24 47 42 22 17 27 12 37 18 37 22 16 15 39 28 24 31 24 27 29
14 17 21 9 1 7 1 13 6 16 16 13 1 15 12 9 11 8 1 6
15 25 10 4 5 14 1 8 6 20 11 10 1 15 8 3 4 9 9 5
23 30 41 27 15 33 2 24 14 41 14 14 11 38 13 24 24 24 17 32
14 10 14 4 1 7 1 10 7 16 10 8 1 13 3 7 4 6 2 6
51 60 44 28 37 55 21 51 31 64 37 48 22 53 36 27 33 47 27 33
13 6 13 10 2 2 1 6 6 14 10 6 4 12 3 12 2 1 5 3
8 14 16 5 2 7 1 18 3 11 14 6 5 18 13 13 7 9 7 13
15 12 27 13 17 18 1 22 15 30 26 22 12 31 12 16 15 29 4 20
10 16 6 8 5 3 1 11 7 7 6 5 7 14 4 14 6 8 3 9
11 21 25 6 1 15 4 22 4 25 14 9 6 19 15 9 12 9 14 14
27 52 50 46 29 37 23 55 16 56 29 39 35 53 34 50 28 37 38 45
31 33 28 23 11 19 8 21 17 31 23 21 7 25 18 22 18 5 19 13
41 26 62 45 18 30 18 45 33 59 37 34 38 59 29 49 32 36 34 43
30 47 62 45 23 41 9 48 28 62 35 32 19 59 28 38 39 23 29 38
18 21 22 11 7 14 1 18 9 25 30 18 5 23 18 10 10 19 14 9
34 46 40 30 27 33 10 20 7 50 36 29 10 45 26 28 28 30 21 27
4 13 11 7 4 9 1 13 10 19 8 15 1 11 10 4 8 7 9 7
9 5 12 8 1 1 1 8 3 13 18 4 2 14 11 9 2 1 11 1
12 18 9 7 6 6 4 11 8 14 10 14 4 12 8 13 3 5 5 6
7 10 14 6 7 11 3 10 2 18 4 8 5 12 1 14 4 4 3 14
22 40 37 25 22 15 16 42 23 37 37 39 25 41 38 14 32 35 16 16
22 28 15 20 22 16 11 25 9 26 4 19 12 21 3 28 21 12 9 22
18 31 34 29 13 12 4 28 23 38 29 27 9 32 30 19 20 11 29 16
29 46 41 26 11 15 6 34 27 39 40 29 9 50 33 21 34 16 23 11
8 18 12 10 13 14 3 7 4 23 11 12 3 13 9 12 7 13 10 15
24 44 53 25 27 31 17 43 21 50 43 29 21 54 38 33 40 47 33 42
22 48 53 47 32 30 23 59 27 56 23 49 30 53 24 42 43 30 25 42
6 29 23 6 3 15 6 31 8 27 18 10 9 24 22 11 12 20 20 18
25 13 39 16 12 27 7 34 17 38 28 18 18 44 15 24 11 29 17 23
17 26 32 23 15 16 4 18 11 29 14 18 7 21 14 22 14 9 14 20
5 19 13 5 8 5 1 19 5 13 19 19 8 14 18 4 14 16 1 7
2 3 10 4 5 5 1 8 1 13 5 1 5 12 1 10 6 7 1 13
32 62 57 40 41 51 29 58 19 71 40 37 26 61 38 47 52 50 42 59
22 43 49 39 30 18 11 54 29 47 41 34 33 58 31 41 40 41 23 34
10 13 7 1 1 3 1 6 4 10 3 4 1 8 1 4 1 1 2 2
21 16 21 11 1 6 1 11 9 21 11 6 4 17 5 14 6 1 8 7
11 15 7 3 4 8 2 6 1 17 11 14 1 8 4 8 2 5 1 6
24 41 39 30 16 18 9 21 26 38 31 30 7 36 23 19 32 8 16 13
32 51 46 43 23 26 11 39 36 40 22 23 27 52 21 39 47 37 15 30
5 14 9 4 8 10 6 16 4 16 13 16 1 8 14 6 5 5 10 9
28 17 34 20 17 17 1 14 17 34 25 18 10 36 14 22 11 26 12 16
36 62 51 43 34 37 11 51 27 57 30 44 24 59 29 33 46 41 19 31
4 31 36 13 11 8 3 41 6 27 26 22 15 38 31 12 33 26 15 20
14 24 22 13 15 22 7 25 3 30 9 12 10 22 8 19 14 11 14 25
6 12 11 7 6 8 1 10 8 16 10 10 3 11 8 8 9 9 7 11
7 15 8 1 3 3 1 1 1 6 2 5 1 7 3 5 7 2 1 4
16 17 22 14 5 10 1 4 1 24 16 2 1 16 12 12 3 9 16 9
34 46 37 31 28 27 6 36 20 37 31 27 15 42 20 36 36 19 9 31
19 18 34 22 11 3 1 29 17 26 20 13 14 37 10 26 21 13 10 15
8 9 11 10 4 5 1 5 3 15 11 4 1 9 5 9 1 4 9 6
18 26 12 15 4 13 5 16 11 25 11 11 7 20 6 17 6 13 5 4
38 54 63 42 31 34 20 37 13 58 53 26 26 63 46 42 50 43 42 44
23 38 49 29 21 44 18 46 28 53 25 42 30 51 28 34 19 45 25 39
53 47 66 55 30 27 10 47 54 59 50 38 29 69 37 45 54 19 31 35
25 35 35 27 7 31 14 35 15 40 9 24 20 34 10 34 13 20 13 25
3 12 8 1 5 8 1 8 1 17 5 9 2 9 2 7 2 4 1 11
17 34 41 13 12 26 18 43 31 40 36 25 16 46 34 20 30 29 30 26
13 15 23 9 4 13 1 15 8 21 13 11 4 21 6 12 8 14 2 15
15 9 13 1 1 10 1 1 5 15 16 6 1 14 4 2 2 9 2 1
39 45 40 29 13 30 7 19 21 40 31 26 4 43 26 25 26 27 22 22
13 20 13 3 1 6 1 7 1 13 11 7 1 11 7 6 4 2 3 3
35 38 36 30 15 24 7 37 22 46 31 25 28 45 21 36 23 27 17 24
1 4 6 1 1 6 1 12 1 12 5 4 2 5 5 2 1 2 8 7
10 19 13 11 9 10 6 17 10 16 12 18 1 13 15 10 8 4 13 8
36 53 52 49 20 50 31 42 21 60 21 33 36 56 33 54 24 51 39 44
6 24 20 9 15 7 5 24 4 17 17 20 9 19 19 14 22 15 10 15
28 36 32 24 13 28 8 30 31 41 14 25 11 37 15 21 20 24 15 14
16 28 23 13 8 17 1 8 1 26 13 12 1 18 11 9 11 13 8 12
36 60 42 46 38 27 20 43 22 45 32 46 10 47 41 40 41 26 39 32
4 4 6 4 1 1 1 4 1 7 6 3 1 4 3 7 1 1 4 4
13 14 18 13 6 2 1 22 12 6 4 7 9 18 8 17 13 7 5 11
36 42 43 13 13 30 15 44 35 44 39 31 19 49 36 10 26 35 26 17
23 35 32 25 11 20 3 31 17 30 17 19 15 33 19 28 17 23 15 22
10 7 9 6 2 4 1 5 2 15 14 3 1 13 5 11 3 5 6 7
34 69 58 45 23 37 15 58 40 57 35 36 31 62 42 32 50 29 33 26
42 49 47 48 50 46 31 32 16 62 37 46 20 46 31 51 42 45 36 54
30 44 37 33 26 26 12 32 14 46 31 30 22 43 29 34 22 31 22 28
16 34 38 20 5 10 6 29 19 29 25 20 3 31 27 9 28 4 21 10
30 55 62 40 20 20 21 66 33 60 56 41 38 68 55 35 46 42 39 31
28 29 40 28 19 24 2 23 11 40 18 8 14 42 11 31 19 22 18 28
16 19 22 10 9 17 4 20 16 27 29 29 4 24 20 11 13 20 8 9
42 42 47 41 11 28 14 37 33 40 12 15 26 45 23 39 34 25 27 22
13 20 40 21 14 17 6 34 8 33 17 8 18 36 12 25 25 22 18 31
43 39 49 33 31 43 18 27 17 63 43 33 14 49 31 38 23 35 35 36
15 25 10 12 15 16 13 19 5 22 10 24 1 5 14 14 14 5 13 14
7 11 16 8 11 8 1 14 1 16 6 8 8 13 4 12 12 9 5 15
34 54 56 42 35 29 10 39 33 54 48 46 23 59 33 27 50 39 13 25
23 12 27 17 3 4 1 18 15 22 21 12 10 20 17 18 13 2 16 10
23 26 23 20 17 19 9 18 5 31 11 18 4 20 6 23 19 7 11 20
33 40 36 29 22 29 20 44 30 48 26 24 26 49 21 35 34 38 25 27
28 42 39 24 14 23 16 51 25 37 27 19 30 50 33 33 38 40 23 25
5 7 10 3 1 6 1 11 6 13 9 8 1 7 7 5 5 6 3 7
22 47 50 25 19 31 7 38 23 52 36 37 9 48 38 11 31 31 30 18
26 37 36 23 4 28 8 31 12 36 11 2 16 36 19 25 16 26 24 18
12 28 24 24 19 8 7 32 20 23 17 19 22 30 11 28 24 27 10 22
21 31 33 20 11 28 2 16 7 37 17 13 3 23 12 18 12 11 12 20
7 9 2 1 1 2 1 1 1 10 11 3 1 10 2 5 1 6 1 3
26 61 54 32 38 41 28 51 15 58 41 38 26 58 47 42 47 49 41 51
30 37 46 32 19 36 19 46 23 60 34 34 9 49 28 33 30 25 36 34
2 5 8 1 1 2 1 8 2 7 1 3 1 4 1 4 3 1 2 8
24 35 38 21 9 13 12 38 18 30 27 12 19 40 24 30 29 23 20 21
15 10 12 11 5 7 1 4 7 19 13 2 2 19 1 14 3 8 7 9
39 66 59 51 50 34 26 57 29 59 47 53 38 67 48 43 55 57 30 42
25 36 40 32 24 19 9 36 26 36 23 17 23 43 16 33 35 27 19 30
13 28 16 11 11 11 1 13 11 14 6 16 4 13 13 11 11 9 11 13
24 24 29 18 8 22 2 4 5 34 18 7 1 25 9 15 9 16 13 15
27 42 46 46 29 32 21 45 26 59 25 38 20 44 27 37 30 14 38 36
7 24 12 7 14 3 1 19 5 17 20 22 11 24 17 7 18 20 1 6
49 41 63 49 32 34 18 40 38 66 56 52 24 60 52 40 40 43 48 38
29 55 69 48 36 32 22 60 32 66 38 36 31 70 34 48 50 46 36 50
7 23 25 14 18 12 2 24 3 25 18 21 15 25 12 21 18 21 4 22
9 18 8 7 8 10 1 11 8 16 5 9 5 9 5 8 1 7 8 10
26 24 28 20 15 19 3 23 22 29 16 14 17 35 5 24 21 27 7 19
18 34 37 28 16 17 5 27 15 36 28 28 8 36 32 20 23 23 26 19
11 16 16 5 6 12 1 12 7 21 18 13 2 16 11 7 6 15 11 13
7 27 10 4 12 10 2 17 5 18 14 18 9 17 14 8 12 14 4 12
39 35 50 42 21 18 9 29 32 47 30 30 20 42 30 32 34 19 33 26
33 42 38 24 8 27 4 26 19 45 33 9 10 43 16 26 21 19 18 21
35 33 46 38 14 27 4 40 21 51 30 24 31 54 20 42 25 33 26 34
20 36 55 43 21 23 21 55 25 51 30 24 38 58 20 50 28 43 27 47
29 42 34 20 15 32 1 24 23 40 30 31 3 34 20 17 28 17 5 20
8 10 14 5 1 11 1 14 4 15 1 3 7 11 1 8 1 7 5 13
19 34 32 20 18 21 5 15 3 34 19 23 3 27 18 22 19 19 12 22
14 15 18 16 9 6 1 14 8 20 21 12 9 24 11 20 12 14 10 15
37 43 25 17 19 35 6 22 24 42 28 29 11 37 18 16 16 31 12 14
29 45 48 38 26 29 6 28 24 41 21 22 8 42 26 28 40 20 23 35
16 55 56 43 29 22 23 61 27 52 38 49 35 54 52 20 38 39 39 28
5 19 6 4 8 8 1 11 1 17 11 10 1 14 10 8 4 11 9 11
35 50 44 33 23 26 6 34 33 48 34 38 15 53 27 24 30 29 20 14
46 46 72 54 28 24 12 50 36 62 42 30 26 70 40 49 53 33 44 47
16 52 58 49 40 26 26 69 31 57 39 55 37 59 36 43 50 39 34 46
10 16 15 6 3 9 1 3 1 14 7 4 1 6 4 4 3 5 5 7
21 30 43 29 16 30 3 25 11 38 9 13 14 35 9 28 22 19 14 32
5 3 9 5 1 1 1 7 3 5 5 5 1 6 5 5 3 1 2 1
42 36 44 35 20 33 8 25 19 53 22 22 12 44 15 38 26 18 21 33
35 40 48 38 24 34 12 29 17 52 24 28 13 42 25 36 30 22 28 34
54 51 68 52 28 43 12 42 30 69 54 30 24 68 43 51 43 37 42 48
16 24 26 5 1 9 5 17 4 27 26 2 2 29 16 13 14 11 15 12
17 16 16 14 10 16 8 14 7 31 19 15 5 18 8 18 5 7 12 14
8 16 8 8 8 7 1 5 4 11 8 5 2 10 10 11 5 9 11 12
18 20 8 9 11 13 8 15 4 21 15 18 1 14 9 15 8 5 10 11
7 2 5 1 1 5 1 1 4 13 10 5 1 9 1 3 1 7 2 1
14 33 38 19 12 12 12 34 18 33 24 25 6 31 28 11 25 7 25 13
1 11 9 7 7 4 1 9 3 10 1 10 1 5 6 5 8 3 6 10
8 41 26 25 27 14 9 38 15 29 19 38 13 27 28 16 33 17 19 21
26 36 39 28 23 32 11 21 3 37 16 16 16 36 21 30 25 30 24 37
22 28 38 29 15 27 10 19 1 40 26 19 13 33 25 32 14 27 30 30
12 30 32 18 13 17 6 30 4 40 37 17 14 38 27 17 17 30 22 20
15 28 36 26 14 21 7 46 18 36 13 22 21 42 16 30 23 24 17 27
1 5 12 3 2 1 1 15 2 11 10 6 1 11 10 7 8 2 7 8
1 11 2 1 1 1 1 1 1 7 5 2 1 1 2 1 1 4 2 3
4 11 5 4 6 6 4 8 1 14 12 10 1 8 9 6 1 5 9 4
8 10 14 7 8 5 1 8 1 7 2 5 4 11 1 11 10 3 2 8
25 17 36 21 13 22 1 22 12 35 19 13 16 38 4 27 16 21 7 23
6 23 20 11 6 10 1 15 8 17 8 18 1 8 13 5 9 7 9 10
37 38 42 37 30 11 12 47 28 45 46 39 35 53 37 36 37 34 19 24
20 26 22 15 10 10 1 11 7 21 25 14 10 27 15 17 18 15 9 10
12 22 13 7 6 9 1 7 3 12 14 9 1 12 13 9 10 10 12 10
27 32 24 19 6 12 2 16 17 26 18 17 8 28 12 22 17 7 6 8
35 42 28 28 21 32 14 30 25 40 14 27 12 33 15 29 24 24 21 23
19 14 21 8 3 13 1 10 8 25 24 8 1 22 10 11 7 12 13 8
2 14 15 6 4 10 2 18 7 15 6 16 4 9 12 7 8 5 6 11
13 17 19 11 11 10 1 14 6 18 3 8 9 18 3 13 16 8 6 16
6 9 12 6 4 9 1 5 1 17 6 1 1 8 3 7 1 7 9 12
30 42 36 30 15 37 10 32 19 43 8 9 22 38 12 33 23 25 18 28
29 57 58 48 34 27 11 53 31 54 36 44 28 58 30 38 49 29 21 34
8 18 12 5 6 5 1 11 4 12 2 6 3 11 3 8 7 6 4 11
24 38 27 20 12 19 6 17 16 23 13 18 5 25 22 14 20 17 19 14
20 19 33 21 10 15 1 26 18 31 25 20 13 38 14 25 18 24 8 21
4 8 8 1 1 3 1 9 3 12 4 7 1 6 3 4 2 1 3 5
31 35 38 23 20 33 6 40 26 46 29 22 24 50 24 28 22 43 19 25
24 24 26 16 2 13 1 7 13 27 25 12 1 27 9 17 18 8 3 10
4 12 4 5 9 8 4 4 1 14 6 8 4 7 6 8 6 4 9 10
20 17 24 10 4 14 1 13 10 26 24 13 3 26 9 14 8 17 8 13
14 22 16 11 13 18 6 14 5 30 21 15 1 19 13 14 7 13 16 16
57 71 43 43 37 55 34 42 28 64 37 47 28 58 44 46 46 54 42 38
36 55 34 26 27 32 14 46 35 49 33 49 18 47 33 19 36 31 20 14
41 68 51 50 31 38 27 58 33 62 32 44 23 55 45 40 43 32 43 30
33 63 51 38 29 34 22 52 34 57 44 28 36 67 33 41 53 53 28 36
44 63 40 37 24 38 22 43 34 46 25 34 28 48 30 39 48 31 15 26
36 44 47 41 28 21 17 46 32 47 35 32 38 56 21 48 42 37 12 29
22 38 26 19 24 29 14 15 1 37 18 26 3 22 22 22 21 20 23 29
6 9 5 1 1 4 1 6 2 13 11 1 1 10 7 1 1 5 10 4
27 42 42 29 23 36 13 31 7 48 27 32 15 41 26 32 24 33 24 33
47 46 55 45 13 47 18 37 27 61 20 19 25 56 23 46 29 38 33 32
26 39 56 39 27 29 8 48 22 59 45 42 26 61 39 30 32 42 27 28
4 1 1 1 1 4 1 1 3 10 9 4 1 7 1 1 1 6 1 1
18 44 54 42 19 32 14 59 31 51 15 32 34 55 25 39 34 34 31 37
9 20 25 21 6 17 1 31 15 28 1 11 15 30 5 21 15 19 10 20
31 45 51 18 23 29 20 48 34 45 56 43 24 56 51 14 39 43 33 24
22 26 12 6 9 16 1 18 18 25 26 21 9 27 16 9 8 25 9 7
25 46 27 22 23 28 10 29 13 39 28 32 7 26 22 17 33 15 9 20
7 24 21 9 8 13 2 22 1 25 21 11 6 24 20 13 11 19 17 19
17 32 29 20 20 14 2 17 1 25 20 17 11 31 19 17 25 26 9 18
6 8 9 1 1 7 1 2 1 16 10 5 1 9 1 4 1 7 1 7
30 48 41 33 22 32 20 52 15 47 32 36 32 52 28 37 30 38 19 27
20 16 25 15 6 11 4 13 10 28 22 13 10 21 12 18 8 8 11 12
37 39 34 20 20 22 10 37 27 41 41 33 25 50 30 19 22 40 10 8
22 32 30 23 14 32 8 29 11 45 24 28 15 40 15 29 9 33 17 27
6 9 8 1 1 6 1 4 1 13 7 1 1 6 3 1 1 3 2 3
4 13 1 4 8 9 4 7 1 16 1 11 1 2 1 7 3 1 7 9
33 39 43 32 23 34 8 35 26 47 23 28 17 45 9 36 33 23 8 35
47 45 60 53 36 26 15 49 35 57 43 39 39 65 39 57 49 48 34 46
24 19 33 23 13 29 10 26 15 45 26 28 13 32 12 30 12 21 16 24
25 23 44 30 12 21 3 36 27 40 28 26 21 50 18 33 22 31 16 26
33 40 40 27 19 32 7 22 12 41 27 20 11 45 21 30 27 31 17 31
20 20 22 11 9 17 4 10 7 26 21 13 5 23 11 14 12 12 8 12
17 20 19 20 19 24 15 24 4 31 9 21 2 15 8 28 15 8 11 27
36 62 53 42 35 25 8 50 38 50 48 44 25 64 41 26 54 38 17 25
19 44 46 36 18 32 17 38 17 45 22 36 17 43 37 27 24 33 39 34
27 41 50 32 32 29 17 50 27 54 36 45 12 46 33 26 40 25 29 29
5 16 5 1 2 4 1 13 4 9 8 12 2 9 9 4 4 6 3 5
19 30 19 13 9 15 3 20 11 21 10 12 11 22 8 18 15 15 6 16
28 41 42 33 29 30 15 25 8 54 39 34 21 47 30 28 24 42 20 27
31 38 41 31 17 28 6 34 23 44 22 17 22 44 13 34 29 30 12 25
32 31 55 37 19 19 4 36 22 46 34 21 20 44 31 35 35 20 31 34
17 24 10 10 12 12 10 19 10 20 9 19 5 12 9 16 9 5 10 12
45 49 62 42 12 48 16 48 35 64 32 24 28 66 24 43 35 42 29 32
19 18 18 15 12 19 6 7 9 33 20 14 3 19 6 17 4 14 13 14
36 32 37 40 23 31 14 41 20 52 26 27 24 39 24 44 18 21 37 38
32 30 38 39 25 17 16 42 29 47 33 23 31 51 17 47 33 27 23 29
10 10 11 4 1 8 1 8 5 15 14 7 1 10 8 6 1 9 6 7
53 40 52 33 14 48 10 32 38 62 30 18 24 57 14 35 21 36 17 23
33 41 41 36 19 36 10 36 14 52 28 24 21 51 12 42 26 28 19 36
18 24 29 20 16 14 5 35 17 24 10 16 18 29 9 28 21 16 8 21
14 20 12 3 5 13 4 9 2 23 13 8 1 16 7 7 8 5 10 6
12 16 11 6 7 8 5 10 6 14 9 11 1 10 7 12 4 1 6 9
7 9 7 6 2 2 1 4 1 10 10 9 1 7 5 9 1 3 2 3
36 38 30 16 21 30 11 30 20 46 38 31 9 38 22 20 12 28 20 19
27 37 51 24 10 25 18 37 31 46 50 28 20 51 40 28 34 29 35 22
19 18 22 10 1 11 1 17 9 20 8 5 6 24 3 16 10 7 1 10
40 34 47 35 7 41 17 40 32 53 18 22 28 50 16 37 19 41 23 26
32 46 45 27 21 29 15 33 15 43 34 23 16 50 34 31 35 41 31 33
8 31 23 9 11 1 8 29 6 17 28 24 11 23 32 2 26 19 10 4
37 62 51 39 23 46 17 54 28 62 37 45 28 60 32 27 36 45 24 28
5 17 4 2 6 7 1 7 5 12 1 10 1 4 4 5 2 2 6 7
27 63 39 29 18 33 31 56 35 47 33 34 29 51 47 37 46 39 39 28
12 18 12 11 10 12 4 7 5 23 13 12 1 15 6 13 4 9 9 11
2 2 7 2 2 3 1 7 1 10 7 5 1 8 2 7 4 4 1 8
14 24 16 7 6 11 1 15 5 18 16 7 3 20 13 11 8 13 12 14
27 27 44 35 28 13 15 38 29 39 28 28 28 42 12 42 30 23 7 33
19 33 29 18 7 17 1 27 11 25 16 13 9 33 17 18 18 19 10 17
40 64 51 46 23 31 15 41 35 46 32 31 20 58 41 35 49 32 33 23
21 31 50 31 6 20 8 40 23 39 24 20 13 45 23 22 27 10 26 18
9 13 10 3 3 7 1 11 8 16 12 13 1 12 8 7 6 8 2 8
34 53 41 35 29 41 17 20 11 49 23 33 3 32 23 31 36 20 24 37
36 35 40 35 26 30 12 30 21 50 36 36 10 44 29 35 28 27 31 31
33 66 51 45 35 33 13 51 33 51 27 40 24 53 31 35 50 24 25 35
39 47 46 33 27 41 2 22 21 53 38 27 10 47 22 33 32 30 14 34
29 63 58 42 31 31 27 51 32 58 46 42 21 54 53 40 49 29 53 39
20 30 48 29 25 31 16 37 12 52 31 17 22 53 24 35 30 44 32 46
7 11 17 9 1 3 1 18 9 8 9 12 1 11 15 6 9 1 11 5
34 26 46 33 26 21 3 28 28 50 44 35 25 51 20 33 33 34 16 26
5 7 8 8 4 2 1 2 1 11 7 1 1 9 2 10 2 2 7 8
15 22 16 10 11 19 9 24 10 28 8 18 8 17 7 15 9 10 7 17
38 23 44 26 14 19 1 25 30 42 36 29 15 43 25 23 22 22 21 18
37 48 48 24 20 32 17 36 23 52 50 26 16 58 40 33 31 44 36 31
3 16 3 3 5 5 1 9 1 12 11 14 3 7 10 3 6 9 5 6
14 13 8 1 2 10 1 3 9 18 10 7 1 14 1 1 1 11 4 2
47 48 70 51 31 52 21 61 44 68 32 38 39 75 40 49 44 60 40 45
12 12 22 10 3 11 1 19 5 22 12 7 5 18 8 12 3 8 11 13
1 5 16 11 2 18 3 14 1 26 4 4 11 20 1 15 1 17 11 22
4 6 5 1 2 1 1 5 1 8 4 2 1 10 1 7 2 2 1 6
10 12 9 6 5 11 1 1 3 19 10 4 1 13 5 7 1 13 8 10
25 34 50 33 28 25 12 32 16 47 29 24 14 47 23 31 36 32 24 36
34 37 37 20 13 27 3 24 24 41 30 28 9 40 19 19 14 27 13 14
37 28 37 32 19 19 10 19 17 36 25 15 15 36 23 36 21 17 31 29
4 11 7 6 7 8 1 9 1 17 9 6 1 9 8 4 1 8 14 9
13 14 11 2 1 13 1 12 8 21 13 11 3 19 3 11 1 12 1 8
23 37 42 43 25 34 14 45 15 51 16 31 23 47 18 47 22 34 27 43
20 38 32 27 25 35 17 29 5 41 17 33 16 34 24 34 21 31 26 38
10 21 31 21 18 8 2 24 8 23 17 13 10 26 19 21 21 19 18 23
21 35 38 35 32 15 11 35 23 43 32 32 24 44 18 39 29 34 13 34
9 23 32 18 18 11 7 29 8 31 24 16 12 28 19 20 22 21 20 26
44 66 47 40 40 48 39 46 15 60 39 41 19 46 46 46 40 40 51 51
37 42 40 22 11 21 8 41 33 36 41 33 17 54 35 23 31 34 19 7
27 38 46 25 9 24 6 30 18 39 23 12 4 39 23 20 26 14 25 24
38 42 43 30 16 34 6 23 16 47 34 18 15 50 23 32 23 34 22 28
28 46 58 34 23 42 20 58 36 60 43 57 34 66 45 32 23 50 30 32
32 57 40 25 15 35 23 37 20 45 26 17 19 43 38 29 33 38 37 28
10 30 25 20 13 25 9 35 11 34 17 25 25 38 17 27 13 34 17 29
6 32 17 17 19 10 7 32 10 24 21 34 6 23 26 14 27 13 17 14
50 58 68 53 40 44 14 46 45 63 49 40 24 72 36 49 54 47 29 48
15 21 17 12 16 20 5 10 8 29 12 12 5 20 8 15 8 16 13 20
31 38 33 27 14 27 12 26 19 30 4 11 14 31 19 27 27 23 21 21
13 13 21 5 5 15 1 16 15 23 18 22 1 18 13 5 7 13 5 7
15 24 16 14 11 11 3 6 1 21 19 13 3 20 15 13 9 19 12 11
32 59 46 26 23 33 12 43 22 47 42 22 19 53 32 34 41 28 20 34
18 20 9 10 3 9 4 16 13 16 8 4 11 21 7 16 10 13 6 5
11 13 13 5 5 15 1 10 9 23 14 12 1 14 6 3 3 14 8 11
23 34 48 27 13 45 15 35 25 53 14 31 22 45 19 29 10 38 24 34
13 43 42 29 24 12 13 45 25 36 31 31 21 44 32 27 38 32 28 31
28 37 38 32 30 15 10 32 15 44 40 35 24 43 26 26 32 33 13 19
23 48 49 26 23 19 11 37 13 40 39 14 23 52 35 29 38 34 28 28
33 24 31 20 8 24 1 20 21 39 27 13 12 37 12 22 4 26 15 14
8 12 6 1 1 4 1 7 2 13 16 9 1 14 6 1 2 10 1 1
30 41 37 20 11 23 1 27 18 35 34 22 6 41 27 15 24 23 18 14
26 22 19 6 6 18 1 12 17 25 18 15 5 28 6 10 9 16 1 5
25 47 45 23 14 35 13 30 13 51 29 24 3 39 29 20 28 24 28 28
33 39 53 31 22 28 4 34 29 47 42 33 11 52 36 20 32 31 27 19
9 18 31 17 12 16 1 28 6 30 19 18 17 32 10 22 21 27 6 25
5 5 3 1 1 1 1 1 1 7 7 2 1 10 1 4 2 6 1 4
19 46 24 22 17 14 2 28 17 28 22 31 8 32 25 14 21 21 14 9
28 48 26 24 20 27 12 29 11 36 11 24 4 27 22 24 26 15 24 23
16 13 27 13 1 11 1 25 10 21 14 10 8 22 12 17 7 8 12 13
7 16 21 7 8 11 10 24 9 23 23 6 10 28 19 15 20 19 21 19
7 15 23 7 8 10 1 16 1 24 15 5 6 22 8 14 11 11 8 15
24 32 34 21 21 16 8 24 11 34 35 24 18 39 21 16 25 32 7 17
19 37 51 40 14 37 18 38 20 50 11 31 26 41 20 41 20 23 26 37
47 60 49 46 27 42 25 45 28 58 29 36 32 54 38 50 38 44 32 35
5 5 17 9 6 9 1 17 2 13 7 2 9 17 6 16 7 8 9 18
43 46 54 44 21 47 19 56 33 60 20 38 28 59 22 45 37 38 24 32
6 9 9 6 7 1 1 10 3 11 9 4 6 13 7 10 8 7 8 11
18 24 15 8 4 10 1 11 8 19 12 8 5 17 6 11 5 9 5 8
24 23 25 24 12 13 2 19 14 29 12 4 15 32 2 28 13 20 8 17
6 14 16 3 1 7 1 14 3 13 8 12 3 8 9 7 6 7 1 9
22 24 18 12 3 11 1 14 12 18 13 5 5 25 6 16 14 4 8 8
54 38 46 43 33 35 22 47 39 62 43 46 24 53 30 52 36 32 32 42
28 42 56 44 32 33 15 54 32 55 26 31 35 59 21 43 39 43 23 46
52 58 62 46 27 42 15 49 35 71 50 39 13 61 39 43 49 24 39 44
14 21 14 9 9 8 4 16 3 19 14 16 1 14 10 16 8 3 8 12
26 22 30 20 8 18 5 11 14 34 19 11 9 24 8 23 17 1 12 17
4 9 9 3 3 9 1 12 3 18 9 8 3 9 7 6 3 7 8 11
5 16 17 12 11 5 1 13 4 10 6 12 6 10 9 13 12 8 7 13
8 25 33 25 25 11 9 33 11 34 32 21 18 37 21 27 28 33 19 32
18 32 41 32 29 22 10 30 20 42 18 31 14 37 14 29 29 27 14 34
12 11 1 4 1 6 1 8 10 12 10 6 5 15 4 9 4 9 1 6
26 53 59 36 15 40 25 49 19 55 32 27 26 59 41 45 30 45 43 46
24 28 19 21 14 16 6 10 11 28 16 11 7 26 12 23 7 16 18 14
37 34 60 50 26 23 20 56 45 58 41 44 38 60 40 41 38 21 43 34
3 7 1 1 2 1 1 6 1 7 3 5 1 6 2 4 1 1 3 2
7 18 22 10 1 13 8 30 6 25 15 8 13 28 14 15 6 18 18 17
35 42 43 25 11 43 15 40 18 58 24 19 15 48 13 28 21 32 25 27
11 22 20 8 8 12 2 13 3 21 14 16 3 15 10 12 13 9 5 13
36 70 51 48 27 52 19 54 27 63 25 44 23 57 35 43 40 38 34 45
43 50 61 41 30 67 20 37 34 75 31 39 25 60 26 40 22 46 26 49
31 55 67 51 20 29 16 67 32 59 42 33 38 74 47 47 44 46 46 40
11 17 22 10 9 14 1 21 5 21 15 12 12 23 11 16 16 20 4 20
27 34 30 25 20 26 5 23 9 34 9 10 9 30 6 28 19 13 14 28
14 21 15 10 2 4 1 15 7 14 12 6 1 16 12 12 3 8 11 7
16 23 8 7 8 17 5 9 2 25 7 11 1 10 2 5 8 3 8 8
51 61 62 44 26 45 6 40 43 66 46 40 17 69 35 34 39 38 25 26
22 46 26 29 31 29 17 27 10 40 26 41 8 32 34 25 33 29 30 30
18 18 15 9 5 15 1 3 9 20 13 6 1 19 2 10 14 5 2 10
42 53 55 39 29 35 20 42 16 57 47 29 26 62 42 45 38 45 41 42
16 8 17 9 1 3 1 12 9 14 10 3 4 15 5 13 2 1 6 5
20 25 26 23 7 8 1 21 18 29 17 17 6 27 20 18 11 5 22 10
8 18 5 2 3 4 1 9 3 12 13 11 2 11 9 1 5 11 5 4
21 24 32 19 10 19 1 16 10 28 24 7 9 29 12 23 21 13 9 22
9 28 40 23 10 5 9 42 20 31 24 16 13 41 27 20 30 11 27 19
29 26 46 32 17 14 7 46 25 48 50 37 30 53 40 25 30 34 22 19
16 39 28 24 18 14 1 37 19 29 24 27 14 41 30 17 28 30 19 18
34 41 44 31 21 25 1 33 34 41 31 35 16 51 22 24 32 31 13 17
40 51 50 42 39 33 24 46 39 55 37 52 23 53 31 35 45 24 29 32
44 42 60 41 7 36 12 49 36 58 29 17 27 64 32 42 33 38 37 29
10 23 15 8 11 17 4 10 4 26 15 12 1 11 13 7 4 15 14 14
12 30 37 32 23 27 15 43 9 43 23 36 26 39 20 39 25 32 19 37
7 20 8 5 9 11 7 10 1 20 11 17 1 6 8 10 6 8 5 12
4 11 1 1 1 1 1 1 1 3 3 3 1 2 2 1 1 1 1 1
10 17 8 7 5 6 1 5 6 11 11 7 1 10 8 8 4 8 7 7
36 58 61 53 30 28 11 48 40 54 35 33 25 62 32 42 51 31 28 32
15 16 16 6 1 8 1 8 2 15 4 1 1 13 1 10 2 1 1 8
23 29 18 19 12 16 5 15 11 23 13 9 8 23 13 20 7 14 17 11
28 51 60 41 18 46 19 44 25 61 34 32 23 56 31 42 30 32 31 44
12 16 16 10 10 13 1 12 5 20 9 4 1 15 10 12 6 10 16 18
23 16 21 17 1 8 1 21 18 24 13 9 12 23 9 21 9 5 11 9
17 23 14 6 5 11 1 13 9 16 9 10 4 14 9 9 11 4 8 9
35 57 65 30 34 41 17 67 39 63 53 49 37 74 47 32 45 57 32 40
35 45 30 26 22 38 20 44 22 50 29 31 17 43 24 35 29 33 24 31
11 22 12 9 11 13 2 4 1 21 12 14 1 14 12 11 7 15 11 12
3 7 8 1 1 3 1 5 1 7 1 3 1 1 1 1 2 1 1 4
25 43 50 44 30 29 12 50 18 49 28 36 34 53 30 46 30 40 26 40
18 18 15 15 7 9 3 15 12 19 11 9 10 21 4 22 8 8 4 10
40 43 35 34 21 28 11 23 19 42 27 26 11 33 22 35 28 13 27 28
43 64 55 38 29 35 24 39 17 57 52 28 27 64 48 40 45 47 42 36
17 20 17 11 6 9 1 14 8 17 13 7 5 16 9 16 5 8 10 14
27 48 51 43 32 13 13 47 30 45 36 45 30 53 28 38 48 28 14 28
8 5 6 2 3 4 1 2 4 11 8 2 2 12 2 6 4 7 2 7
33 55 42 35 29 25 13 42 23 40 30 34 26 51 36 28 41 43 20 23
3 14 25 10 7 9 3 24 1 23 15 5 9 25 12 17 12 13 12 20
8 9 9 1 1 1 1 5 3 1 2 4 1 4 4 2 3 1 1 1
24 40 40 24 25 22 8 32 12 39 29 24 13 43 28 27 33 33 24 31
16 26 28 9 1 15 3 33 7 29 27 14 11 36 20 15 13 23 15 14
6 20 12 4 7 13 1 8 1 21 4 12 1 3 4 3 3 5 4 9
13 23 16 5 4 18 2 13 1 27 14 11 1 14 7 5 7 4 7 8
55 67 64 52 22 52 23 57 34 76 43 34 38 76 43 54 46 51 42 40
5 5 14 8 8 1 1 13 3 12 3 6 5 15 1 14 8 5 1 12
9 25 19 14 7 9 1 17 12 22 23 25 3 24 20 7 15 19 10 6
28 29 32 20 12 29 1 14 23 36 22 15 2 28 11 15 22 16 9 20
25 31 31 20 16 27 1 13 10 35 14 9 5 32 5 21 18 16 9 25
8 12 11 6 3 6 1 2 1 13 7 2 1 7 1 6 2 5 5 6
12 24 24 11 8 10 1 21 6 20 13 9 6 23 11 13 19 10 9 17
18 24 22 11 8 13 4 21 11 23 14 15 8 21 11 20 9 8 8 15
2 8 5 1 2 1 1 9 1 3 8 5 1 9 8 7 4 2 4 5
9 14 13 7 4 9 1 11 2 23 20 13 3 17 10 10 4 10 7 7
15 31 32 10 2 8 6 31 11 26 27 10 8 34 23 19 21 16 17 17
42 33 36 32 5 20 7 24 29 40 26 9 21 41 16 32 24 16 18 15
36 37 51 31 36 18 13 44 32 51 50 42 36 62 26 30 33 50 3 25
18 27 30 21 8 25 5 24 10 28 7 8 17 29 6 23 13 19 15 27
16 19 32 21 10 14 1 27 10 28 15 6 9 32 16 25 13 14 19 22
25 26 14 11 4 15 4 15 17 22 21 12 9 26 11 17 10 20 10 8
44 46 41 30 14 34 5 23 30 44 33 23 10 47 19 28 28 31 12 21
30 39 43 41 33 36 18 41 21 55 19 26 27 46 3 45 33 32 15 46
3 9 4 1 1 2 1 7 1 10 4 2 1 6 2 3 1 1 8 5
19 21 23 16 6 13 1 16 8 22 11 6 6 21 10 19 2 13 13 15
23 15 32 15 11 22 1 21 14 33 21 12 8 32 9 20 8 22 11 21
35 64 48 38 24 40 16 45 26 54 27 37 17 52 39 29 39 35 32 26
42 53 49 30 17 42 17 36 29 55 34 15 15 55 29 32 39 34 31 34
11 36 17 12 15 7 4 26 11 15 14 30 8 21 22 12 23 11 8 9
34 33 33 16 20 35 6 21 23 46 32 22 5 38 15 17 22 17 13 20
35 50 35 28 23 31 4 30 22 41 33 24 19 48 23 27 32 35 16 24
35 59 28 30 28 35 13 36 17 46 28 31 11 35 23 28 34 23 19 28
9 34 32 24 17 13 3 30 9 35 26 25 2 32 28 18 24 17 23 19
17 19 40 30 17 18 2 32 23 41 24 24 18 42 14 29 22 24 15 27
5 4 17 5 1 11 1 15 1 19 6 6 5 13 2 9 1 9 4 10
32 46 40 33 32 34 17 50 17 46 27 41 27 47 25 39 37 37 16 36
11 14 18 12 9 11 5 13 7 25 16 16 4 16 9 17 8 6 7 13
22 11 24 14 6 7 1 17 15 26 29 10 9 35 12 21 9 17 10 10
16 30 27 19 16 20 3 12 8 26 8 14 3 22 13 16 21 12 14 19
15 36 32 27 17 27 13 38 12 38 20 36 17 33 21 25 20 24 18 26
14 18 12 5 1 9 1 19 9 10 9 6 8 14 10 9 4 9 7 8
25 50 58 45 30 48 12 49 27 60 31 38 30 52 28 46 38 40 25 53
4 7 2 2 5 2 1 6 3 5 4 4 2 8 4 7 4 1 4 6
39 36 47 32 12 31 4 30 25 49 38 14 20 54 18 38 25 23 20 28
38 45 60 38 35 27 11 46 38 57 54 44 28 66 32 35 42 46 20 30
51 60 49 47 35 33 16 38 26 62 44 44 18 53 38 38 47 28 27 32
6 13 9 4 1 5 1 15 7 12 16 15 1 11 16 7 9 10 8 8
32 34 42 36 30 31 12 32 14 54 27 30 16 39 14 40 30 27 18 38
20 12 15 4 5 12 1 17 16 20 20 13 5 24 10 8 4 15 10 5
17 30 40 33 21 16 14 37 25 39 28 33 18 35 29 27 27 8 25 22
48 33 43 26 19 34 12 34 37 50 38 23 24 49 26 27 16 36 25 22
12 9 16 6 1 3 1 8 4 12 7 6 1 10 4 7 5 1 3 3
28 22 39 30 14 15 1 19 15 33 25 11 16 30 18 29 23 13 22 26
12 17 23 12 9 5 1 20 7 15 20 18 8 26 15 14 20 18 2 11
31 36 48 41 25 32 16 51 23 58 42 39 36 59 34 48 28 39 37 44
41 54 47 42 20 47 24 52 29 62 32 36 37 60 32 43 28 52 32 31
8 1 5 2 1 1 1 1 1 8 8 1 1 9 1 4 1 2 1 1
18 26 14 22 21 13 9 21 6 27 12 20 9 21 7 29 17 12 10 23
27 20 26 14 16 21 4 11 19 35 35 23 11 35 18 16 8 28 13 14
22 32 32 30 23 25 9 32 17 39 15 15 22 40 16 36 23 32 19 30
5 11 7 1 1 9 1 4 2 18 11 8 1 8 4 2 1 10 4 9
2 10 11 2 1 3 1 14 5 9 1 7 1 10 5 6 6 1 1 10
14 35 31 17 17 21 2 26 13 32 23 31 7 30 23 14 21 24 14 19
56 57 70 47 43 52 17 52 35 73 55 44 41 82 41 46 42 65 31 43
22 28 9 17 14 20 11 22 8 29 7 13 6 17 5 24 13 8 12 18
17 36 43 22 14 30 13 36 5 45 33 28 15 45 33 22 20 42 31 30
17 34 31 19 15 17 6 43 11 31 28 20 25 44 24 27 24 33 17 24
34 41 42 40 30 13 10 37 24 41 38 36 29 49 38 36 36 33 25 27
3 7 2 1 1 1 1 3 1 2 8 2 1 7 7 5 2 2 4 4
16 28 39 30 27 19 5 30 9 39 29 26 21 41 23 32 28 36 15 32
9 15 8 3 3 3 1 7 4 4 6 7 1 7 7 8 5 3 6 7
13 27 15 15 18 16 7 11 1 22 9 16 1 10 13 18 10 10 17 20
19 28 20 11 13 22 5 13 8 30 14 16 1 19 15 10 9 18 16 18
6 5 1 1 1 1 1 5 4 7 2 1 1 11 1 7 1 3 1 4
27 30 30 25 15 11 5 26 18 30 22 22 16 34 15 31 22 16 9 19
11 7 8 2 1 1 1 1 1 8 7 1 1 10 1 6 1 1 1 1
62 45 51 38 32 46 21 40 43 64 44 35 31 61 33 40 28 40 37 32
37 52 39 31 24 40 28 35 16 55 32 22 19 48 33 37 31 39 38 34
24 29 38 33 22 31 12 44 20 50 30 37 29 54 13 43 21 42 14 35
1 13 16 12 8 4 1 16 7 13 7 13 5 13 11 10 14 10 7 14
17 16 17 9 8 11 4 13 12 21 16 16 4 20 9 14 9 9 5 10
7 19 11 4 4 7 1 3 1 16 10 12 1 7 5 6 4 6 3 5
29 52 58 45 40 38 24 59 16 69 48 36 32 62 40 52 46 48 42 54
10 15 9 1 5 9 3 9 4 15 4 8 1 8 3 5 3 2 4 7
2 7 14 2 1 5 1 14 1 11 1 6 1 5 5 6 2 1 2 8
10 13 8 4 6 5 1 8 6 13 8 9 4 12 5 8 7 6 4 8
30 41 37 31 22 25 7 30 23 36 19 25 17 43 21 29 33 35 16 28
31 55 48 31 23 33 12 33 26 53 33 36 9 50 37 19 35 25 34 25
8 17 19 16 15 9 1 12 3 14 4 10 4 15 10 16 12 10 11 16
16 31 14 7 4 8 7 22 10 20 24 9 7 25 21 11 15 19 18 11
35 38 29 23 11 22 5 24 23 39 30 22 14 38 19 26 21 22 17 14
22 29 35 24 3 20 10 40 20 36 15 13 16 38 18 28 17 17 19 14
13 14 28 12 1 18 1 25 12 31 24 15 6 30 16 12 8 18 15 13
20 31 21 17 22 23 12 15 5 28 10 19 4 18 17 19 17 13 23 23
8 17 8 1 2 7 1 4 1 11 4 8 1 4 5 1 3 1 3 3
22 30 22 17 15 22 8 13 9 26 10 13 5 18 6 18 17 6 11 20
14 20 8 10 6 8 1 13 10 14 9 11 7 14 7 14 4 8 8 8
13 28 19 11 8 18 4 23 7 25 4 18 2 14 8 14 10 5 9 17
11 18 9 9 10 10 4 7 7 18 7 8 4 13 4 14 4 6 9 12
4 14 4 1 2 1 1 7 1 8 11 8 1 10 8 5 6 7 1 6
33 48 40 36 23 36 15 50 23 50 19 28 24 44 20 41 40 28 19 35
12 13 15 7 3 10 1 23 10 19 14 6 7 21 11 14 6 10 12 13
42 62 46 33 30 41 20 33 19 52 42 41 13 51 41 29 39 36 33 30
9 22 16 6 4 13 1 16 1 19 11 4 4 18 13 8 3 15 12 14
8 18 26 13 10 18 1 23 5 24 11 11 10 17 14 17 9 13 18 23
20 15 19 5 7 15 1 8 12 21 17 16 4 21 7 10 10 13 5 9
28 18 25 12 8 16 3 20 20 35 32 18 8 34 15 17 5 14 15 6
46 51 56 55 45 39 26 60 30 68 44 53 36 59 44 59 46 42 43 55
12 26 28 8 4 19 5 17 3 33 18 4 2 23 11 7 14 10 16 15
7 12 2 1 1 1 1 3 2 5 1 1 1 4 1 1 1 1 1 1
6 5 16 7 1 8 1 16 6 14 10 9 5 11 9 11 6 6 6 11
6 9 13 5 1 1 1 14 7 7 4 8 1 12 6 9 5 1 1 6
16 23 41 29 14 14 1 34 19 42 29 24 15 40 24 27 24 17 24 25
47 46 47 32 19 40 12 33 30 53 31 19 19 55 24 33 29 36 26 21
49 40 64 46 28 45 15 46 32 68 46 43 33 69 38 52 26 50 42 46
3 18 13 9 12 10 1 11 1 16 8 10 5 12 10 11 10 13 9 18
8 9 4 1 1 4 1 7 4 13 5 6 1 9 1 4 1 2 1 2
21 20 28 11 6 22 1 13 10 33 14 13 3 27 2 14 11 11 1 14
17 45 55 33 20 25 12 50 21 51 35 34 21 56 34 26 41 30 29 30
11 11 12 5 3 6 1 8 5 15 7 3 1 12 1 8 3 6 5 9
31 44 53 35 34 35 20 42 35 61 53 30 31 66 36 45 36 52 37 39
3 11 7 1 5 7 3 9 1 13 6 9 1 1 7 5 1 1 7 7
7 9 9 2 1 1 1 11 4 8 9 7 1 11 7 7 4 1 3 5
3 9 6 3 6 4 1 7 2 11 4 8 3 7 3 8 5 2 2 9
18 27 26 15 18 21 3 13 2 30 17 14 3 27 15 17 14 22 16 23
57 58 40 32 37 52 26 36 33 60 36 43 20 50 30 35 31 44 28 33
31 61 39 29 38 43 35 56 22 59 46 42 20 48 46 38 44 42 44 47
31 35 30 17 25 36 13 35 23 45 25 37 7 31 24 17 16 23 22 26
33 25 47 16 12 25 7 34 25 53 47 21 19 50 30 26 21 27 29 26
27 35 37 32 18 36 19 40 13 51 29 37 12 36 24 37 20 26 29 34
34 49 49 36 27 30 17 31 26 52 29 35 12 47 31 23 31 18 32 24
14 23 42 30 16 23 8 33 9 46 23 14 22 45 14 35 14 28 26 34
34 43 59 40 10 30 6 42 26 51 34 19 19 55 27 39 32 21 31 36
30 36 36 27 14 28 11 34 18 36 8 15 22 36 10 35 25 21 7 23
23 19 22 14 1 5 1 8 10 20 19 7 5 21 12 12 12 3 10 4
9 21 21 11 5 1 5 26 10 13 19 11 7 26 21 15 18 11 15 12
34 62 75 48 28 34 18 55 35 66 53 28 27 74 49 40 56 35 45 43
50 48 57 49 20 37 11 39 38 55 29 13 28 59 22 50 41 32 21 35
6 15 8 4 4 5 1 7 1 12 10 5 1 7 10 3 1 7 12 8
3 11 8 4 4 9 1 10 3 17 10 8 1 7 7 5 4 9 6 12
4 10 14 1 1 9 1 14 1 16 8 3 2 10 7 3 2 5 6 8
53 47 58 50 31 31 14 49 34 63 42 32 38 68 37 55 43 47 37 43
20 24 32 26 4 16 4 31 19 31 16 17 19 37 12 31 15 20 10 18
27 39 60 47 31 22 12 38 27 49 31 35 23 49 33 40 41 30 32 38
6 13 20 7 7 8 1 15 1 18 7 7 9 18 3 14 12 13 1 18
14 10 20 14 2 5 1 12 6 20 16 6 4 13 12 14 3 3 16 11
7 8 9 1 1 4 1 8 1 8 4 3 1 5 4 3 2 1 5 5
6 13 14 4 2 8 1 13 4 12 3 6 1 4 8 2 7 2 9 8
18 29 33 20 17 28 11 25 3 46 26 16 7 37 20 25 15 26 24 31
28 14 41 28 5 10 2 33 24 38 23 20 19 39 18 28 18 15 20 21
29 44 22 23 18 24 11 22 13 29 12 26 5 21 16 23 20 13 16 19
23 21 30 23 9 19 3 20 10 34 18 4 12 32 14 28 6 18 22 23
25 40 54 29 9 15 10 41 26 40 39 18 18 51 37 30 43 19 31 26
17 18 20 9 1 9 1 18 8 15 8 7 6 19 6 15 6 8 1 7
22 21 35 24 12 12 1 33 14 30 27 12 21 41 15 33 17 24 14 24
19 24 24 13 5 17 1 9 8 25 14 3 1 19 6 10 11 3 12 13
9 20 14 10 12 11 1 12 5 17 6 10 5 12 8 13 7 11 9 18
31 43 47 43 17 28 8 44 27 48 30 24 22 58 35 40 33 37 32 27
7 20 23 17 19 11 1 22 8 24 14 18 11 24 14 19 19 22 10 25
25 29 28 20 5 10 1 24 15 22 18 13 12 35 10 22 23 17 1 9
4 11 3 1 1 1 1 11 7 6 7 10 1 8 9 4 4 4 1 2
29 36 35 27 13 25 3 21 15 33 15 9 16 35 9 30 21 21 10 25
51 63 43 44 39 49 25 29 25 56 30 42 10 47 30 43 44 35 31 43
10 22 13 1 5 11 1 14 2 21 7 6 1 14 6 5 7 2 11 9
30 42 29 24 9 25 13 38 27 34 18 24 22 39 27 28 28 31 18 18
26 42 38 20 21 32 19 42 14 48 26 18 19 44 20 32 32 26 25 36
24 30 31 20 13 17 7 36 22 30 20 17 18 37 18 25 25 23 14 17
17 22 24 15 8 9 1 15 6 23 20 10 8 22 15 18 11 11 14 16
16 19 25 15 11 13 4 18 9 26 15 14 11 24 8 24 9 10 7 19
32 43 35 27 17 30 7 17 14 42 22 22 1 29 15 23 22 13 15 23
16 19 14 14 12 12 5 4 2 18 8 8 1 18 9 18 8 11 13 16
17 27 15 14 7 10 6 27 18 16 17 17 15 28 19 19 21 21 6 9
36 48 38 40 36 22 16 40 20 51 36 37 28 51 20 38 40 35 12 28
38 42 35 30 13 31 16 38 26 47 22 22 13 38 18 29 23 22 26 15
43 49 69 56 25 31 3 55 49 66 49 38 34 77 29 48 52 36 24 39
11 34 44 35 15 22 16 41 22 45 26 38 22 42 30 28 24 19 30 27
28 32 24 26 7 12 6 28 20 28 26 11 23 40 23 30 23 26 18 10
28 33 30 24 7 24 4 24 23 39 18 17 10 35 16 24 11 22 16 12
16 40 37 30 19 40 22 28 9 48 11 34 18 33 25 30 11 34 30 38
16 21 11 6 3 12 1 13 9 20 8 5 5 16 4 7 4 10 7 9
20 24 26 18 11 1 3 23 13 22 30 23 16 29 25 20 21 14 13 11
10 16 11 5 5 4 1 11 4 12 10 4 4 14 7 11 6 6 8 11
4 11 6 1 1 4 1 4 1 9 2 1 1 2 3 2 1 2 5 7
43 65 54 48 42 45 32 47 28 57 30 46 9 46 45 40 52 28 50 44
10 18 15 6 11 16 6 11 1 20 5 10 5 9 6 12 8 5 10 17
40 42 54 44 35 50 29 56 27 61 42 54 23 56 35 50 35 46 33 47
19 23 16 12 2 9 1 8 8 21 11 4 4 17 3 15 3 8 7 8
7 16 4 1 4 5 1 6 5 11 6 9 1 6 7 4 1 4 6 5
38 54 58 27 38 31 19 54 31 59 57 48 32 67 43 23 45 51 20 28
18 19 15 16 10 16 6 23 6 27 14 12 7 24 6 26 7 8 9 18
1 3 5 1 1 1 1 9 1 4 9 6 1 5 9 3 2 1 6 1
19 32 38 14 14 26 8 40 21 43 40 35 13 46 34 16 24 33 21 20
19 29 31 18 13 19 1 20 13 26 16 13 9 27 10 21 27 13 4 25
9 16 23 9 6 18 1 16 4 23 3 9 7 11 5 9 7 10 10 15
11 23 14 6 6 10 1 12 7 15 1 8 1 9 4 8 5 4 5 10
31 40 49 39 22 30 13 44 32 46 17 20 30 52 19 41 37 41 18 34
13 49 39 19 16 7 15 45 22 29 39 34 17 43 46 6 40 21 29 9
30 47 32 20 17 22 7 30 23 37 31 37 14 41 23 9 26 29 5 5
27 35 32 26 22 22 10 18 8 39 37 28 12 37 31 23 21 32 25 21
18 23 14 12 7 13 6 22 14 21 11 10 12 24 10 20 12 15 7 9
1 7 10 2 2 5 1 12 3 11 2 11 1 7 6 5 6 1 1 9
12 19 15 9 1 7 1 23 15 15 6 12 6 16 11 11 10 6 10 10
22 27 21 22 13 22 9 25 20 32 12 9 20 32 10 25 19 28 12 19
12 34 26 19 15 11 11 23 18 24 15 31 7 18 22 9 22 4 15 8
12 11 13 4 1 5 1 3 3 10 3 2 1 9 1 3 6 1 1 1
33 59 66 41 35 48 21 52 31 70 46 36 25 67 36 43 53 49 32 55
47 47 40 32 32 39 20 31 24 53 46 46 13 46 30 30 33 33 20 21
16 23 22 11 13 12 5 19 10 18 13 17 9 21 11 18 15 12 5 16
16 33 17 13 15 15 11 26 1 30 23 22 1 20 20 18 18 10 19 19
15 15 18 9 3 9 1 5 2 18 7 1 1 12 2 9 2 3 8 9
36 29 37 28 8 22 1 18 20 35 20 1 8 34 10 28 16 7 17 22
25 38 31 27 10 24 10 34 31 38 15 22 15 38 21 23 25 21 20 14
13 22 18 15 13 13 1 18 12 21 6 12 7 19 11 17 11 12 12 18
8 14 10 1 1 5 1 7 4 11 10 10 1 7 8 5 6 7 4 4
17 25 23 5 13 23 7 16 11 37 27 14 2 32 20 11 10 24 21 16
46 45 58 43 30 26 6 50 38 53 50 41 31 70 46 38 40 46 31 27
21 21 35 22 10 13 1 25 15 33 26 17 12 28 21 23 19 8 22 20
10 35 46 34 17 23 16 42 22 42 19 34 25 39 27 26 26 21 30 31
31 50 58 37 26 36 6 44 30 59 43 36 11 55 29 32 46 30 20 38
29 42 38 36 8 39 20 41 24 49 16 21 32 50 25 42 21 45 29 33
12 27 20 16 14 20 6 23 12 28 1 20 3 17 12 15 13 9 14 21
44 41 56 37 18 37 11 26 20 58 42 18 13 55 31 38 33 27 34 37
20 53 41 29 25 19 23 46 24 43 36 36 16 43 39 24 41 20 37 27
12 11 1 3 1 3 1 7 8 9 5 1 4 13 1 5 1 7 1 1
37 53 68 48 25 41 13 51 25 61 39 26 26 69 33 51 41 42 33 51
46 34 46 43 29 21 13 44 41 57 44 40 35 59 25 50 37 41 22 35
5 11 9 9 10 9 2 2 1 17 3 2 1 10 5 10 6 10 11 15
49 65 47 47 44 55 32 52 24 64 38 51 20 55 44 51 44 49 43 53
41 51 61 37 30 46 9 54 32 63 45 32 33 73 33 38 42 57 26 41
18 18 28 14 1 22 1 14 7 34 21 14 7 29 5 15 2 24 9 16
15 20 16 3 5 8 1 20 11 18 26 21 6 24 17 4 10 19 4 2
36 19 41 29 11 19 2 22 23 45 35 13 13 39 17 28 23 14 25 26
40 53 59 47 27 38 24 51 35 60 35 34 28 67 43 44 49 51 43 39
28 63 47 36 42 34 33 44 11 53 47 48 25 50 55 33 49 45 41 40
33 29 33 25 14 17 5 30 28 39 33 35 6 39 24 24 20 11 21 12
17 39 26 10 10 19 11 24 8 30 23 19 4 23 23 10 21 15 20 17
20 31 28 20 6 10 4 28 26 27 13 17 9 31 15 9 24 6 12 6
31 40 36 19 8 23 10 26 18 42 36 7 13 43 26 25 19 29 29 20
15 26 22 13 5 10 1 21 14 18 12 17 6 18 14 13 10 10 10 13
16 35 25 7 7 12 2 27 8 22 22 14 8 30 20 12 23 14 11 14
49 54 40 41 28 49 27 36 24 61 27 38 16 49 29 47 35 41 29 36
10 19 28 19 14 21 8 29 7 29 14 19 15 25 14 25 12 16 16 27
4 14 6 4 5 6 1 6 3 12 4 9 1 3 6 4 3 5 8 9
7 20 19 7 5 8 1 16 1 19 18 13 9 18 12 10 9 15 1 10
10 12 13 6 5 6 2 9 3 19 14 10 1 12 7 12 4 3 8 7
9 22 18 12 13 17 2 12 2 25 11 12 5 20 11 16 9 17 9 21
14 20 35 27 15 12 4 29 14 33 16 23 13 31 14 28 21 12 11 22
5 17 13 13 15 7 4 19 5 16 13 22 7 17 12 17 18 14 3 15
16 20 20 18 18 15 5 7 2 26 11 13 1 24 9 22 12 15 11 19
25 33 27 21 16 32 7 21 9 38 16 17 8 30 6 26 23 16 7 29
32 29 36 24 11 8 5 31 19 35 39 17 18 44 29 30 27 20 28 22
38 47 58 37 25 39 21 42 17 68 45 30 22 52 41 43 36 35 46 45
51 46 58 34 39 52 13 29 29 61 36 33 17 58 26 35 36 39 22 43
6 14 12 3 3 4 1 8 1 8 5 7 2 7 6 6 11 5 1 8
37 48 52 44 22 22 11 29 36 44 32 26 16 47 31 30 38 9 32 24
16 36 18 10 14 16 17 29 3 31 27 20 4 26 24 21 23 15 21 21
