1000 20 10 1945
12 7 6 5 1 16 27 11 3 1
19 6 1 1 17 8 8 8 8 8
0 5 1 1 8 6 14 4 2 3
5 1 3 2 9 9 5 4 8 2
7 2 17 7 13 5 10 13 2 16
5 5 1 2 3 3 12 6 12 5
5 5 21 7 2 8 5 3 2 3
6 3 23 5 6 14 2 5 11 2
7 3 7 4 15 14 3 12 0 6
8 4 8 14 2 9 3 16 2 8
7 4 15 19 5 0 1 4 5 7
0 8 11 4 1 4 12 5 14 12
5 4 8 1 0 7 2 8 5 1
2 8 4 13 13 4 13 19 3 2
2 13 11 2 1 13 7 2 14 2
9 7 13 16 12 7 2 2 3 2
10 23 3 14 19 4 1 10 4 15
24 14 5 10 16 0 4 10 11 3
1 5 1 5 1 6 3 0 3 12
8 4 1 1 2 3 1 7 3 4
2 5 2 2 3 6 14 2 7 8
5 4 3 4 2 5 2 0 4 3
2 13 19 10 13 9 4 4 14 1
5 5 4 3 7 1 4 8 3 3
11 11 0 14 1 7 2 2 26 2
8 0 10 7 5 4 9 6 25 7
0 7 6 9 3 2 2 5 6 2
8 2 12 0 0 2 7 9 17 11
7 1 5 6 8 7 19 13 2 1
7 6 12 6 7 10 1 25 7 15
17 3 10 13 10 15 11 5 20 12
13 20 5 10 15 4 10 1 13 12
3 11 6 6 11 0 1 1 7 23
4 1 4 7 5 1 3 0 2 18
7 6 1 0 9 2 1 2 3 0
1 2 8 10 7 3 6 0 12 2
14 12 3 10 2 7 14 8 7 0
4 8 5 10 5 7 9 16 1 0
1 10 4 6 9 2 1 10 7 5
17 5 2 8 0 4 21 1 10 23
3 5 5 3 2 1 6 2 3 5
11 2 13 5 0 1 8 1 7 20
5 16 14 4 17 10 4 0 17 2
13 10 9 19 10 6 1 5 9 6
0 1 2 7 18 19 3 7 10 1
4 2 6 5 5 6 6 3 10 5
0 19 8 0 13 0 11 13 1 10
26 13 15 7 10 11 2 5 7 4
6 4 3 4 2 4 8 2 1 1
3 5 19 1 8 0 12 0 10 10
1 0 2 4 9 1 5 4 9 4
8 4 3 7 6 5 5 3 4 3
3 0 0 5 2 3 5 1 12 5
1 4 1 1 5 0 3 4 6 4
9 15 0 7 8 14 16 6 3 3
23 17 1 2 14 9 1 13 15 5
11 1 6 4 1 0 7 3 0 2
4 16 2 17 8 1 10 11 3 2
2 4 3 2 3 0 0 2 10 3
18 1 2 1 7 12 6 2 8 10
3 15 5 2 15 6 13 2 14 9
6 7 9 5 1 4 3 4 1 6
3 5 10 2 1 2 0 7 5 4
7 3 14 13 0 7 13 25 10 3
2 3 2 2 4 3 2 1 7 4
9 14 10 16 2 4 3 10 17 8
9 5 12 13 16 5 13 1 3 13
0 1 2 8 2 2 4 3 1 3
7 6 3 2 9 3 2 3 1 7
4 12 12 3 3 8 4 7 2 0
0 5 6 17 8 4 4 2 2 18
2 7 4 2 3 1 1 6 4 2
3 11 4 4 7 3 3 9 15 0
2 9 2 19 7 4 1 8 14 5
6 2 8 5 3 2 1 6 2 3
15 7 1 5 31 11 4 1 3 11
7 6 8 2 1 7 10 1 3 4
1 8 1 1 4 3 7 1 1 9
3 10 6 3 15 4 2 10 5 6
3 22 3 5 7 7 8 13 3 8
1 2 2 6 5 1 5 4 1 7
0 5 17 1 14 7 2 15 2 9
3 7 0 1 1 2 4 4 5 2
1 3 4 7 12 13 7 0 4 14
20 10 19 13 3 4 4 1 15 8
3 11 9 4 22 5 18 12 1 18
4 14 1 3 3 1 3 6 7 5
3 3 16 21 9 6 2 11 12 11
9 6 14 1 5 10 4 15 6 3
6 3 5 3 0 2 5 0 8 6
4 1 5 16 8 4 2 9 12 16
20 10 13 8 5 10 4 4 6 6
6 9 11 20 9 5 4 8 5 5
9 5 6 1 4 4 2 2 7 2
10 4 5 6 5 2 5 6 6 1
9 0 3 14 7 7 2 2 6 7
9 3 6 10 3 2 9 5 10 1
5 1 11 6 5 13 6 9 7 15
14 10 4 3 5 5 4 12 3 17
12 2 13 15 10 6 15 3 4 6
2 8 13 1 0 6 3 5 10 11
4 9 1 2 18 8 0 2 11 0
0 4 5 24 2 7 3 7 5 2
3 5 11 15 4 6 0 17 6 0
17 13 4 15 12 3 4 0 5 22
17 5 5 2 10 8 1 4 1 12
11 0 12 4 2 17 7 14 17 3
9 4 13 3 11 2 1 10 17 10
19 3 10 17 1 7 3 3 0 6
0 1 6 7 4 0 12 5 9 6
4 1 3 5 3 5 3 2 5 5
6 2 1 7 1 1 3 6 2 6
5 6 4 0 4 1 5 6 1 3
26 3 5 20 10 8 12 6 11 0
26 16 6 3 12 6 8 10 6 3
12 3 7 8 7 21 3 5 8 5
13 5 16 12 5 14 4 1 11 8
2 5 2 3 0 6 7 3 2 4
6 19 5 12 5 3 9 22 11 11
5 12 1 11 20 10 2 10 6 7
10 12 3 8 6 8 2 0 6 12
0 10 1 6 5 3 2 6 3 7
16 11 1 8 13 19 17 1 4 13
4 3 11 2 8 24 10 5 2 10
0 4 17 12 16 3 9 0 0 12
4 4 3 8 2 1 4 12 1 3
6 5 0 5 3 4 2 1 1 1
3 4 10 3 5 6 11 8 5 7
2 6 5 0 4 11 9 4 0 4
9 7 8 1 5 0 4 1 7 5
4 2 4 3 2 6 5 4 4 4
2 9 3 8 17 9 14 10 10 10
23 15 1 6 7 0 21 2 9 9
13 6 3 12 11 4 2 6 4 16
21 0 2 16 6 3 14 17 14 4
7 0 8 9 4 17 6 1 8 21
2 11 8 3 6 12 1 16 9 15
6 10 3 0 10 9 2 8 2 8
2 2 5 5 3 2 8 0 3 3
1 8 3 3 2 2 5 0 4 7
5 13 8 2 13 5 8 1 2 2
5 4 10 6 5 2 0 10 10 12
13 8 1 3 4 3 4 3 16 1
10 0 3 5 3 2 8 0 6 2
10 3 9 9 11 3 17 18 2 12
4 7 6 4 3 10 10 8 0 0
1 2 5 1 0 2 11 1 7 8
3 8 16 11 6 11 3 15 13 15
7 2 2 10 6 8 6 7 4 5
8 6 3 8 18 5 7 26 2 8
3 5 2 7 5 5 7 1 8 5
11 3 9 2 4 4 7 1 8 4
1 13 10 11 13 2 18 0 11 2
14 10 4 16 1 15 6 14 4 1
2 1 1 12 7 2 0 9 11 1
11 3 3 17 9 8 11 3 6 13
23 6 6 4 12 3 11 8 9 2
1 1 1 11 8 1 3 1 4 2
3 2 4 6 3 6 3 3 4 2
1 5 2 7 7 5 9 13 7 17
20 4 8 2 0 15 6 1 1 1
1 17 5 1 4 3 16 2 5 2
6 7 2 5 11 17 2 21 9 3
9 1 1 11 10 6 6 17 1 10
13 6 9 3 9 6 3 6 12 13
3 8 7 18 0 10 11 15 8 19
5 2 9 3 5 2 2 6 18 14
3 3 16 1 6 10 0 0 1 8
1 11 11 18 14 13 18 10 1 8
12 15 1 5 8 10 7 20 1 5
9 9 11 19 15 2 18 12 3 8
11 8 6 4 9 8 7 0 10 5
2 15 14 5 0 10 7 4 6 9
8 7 7 3 6 1 8 0 12 7
5 3 0 1 4 3 4 5 5 11
8 9 10 8 13 2 12 14 16 2
13 5 4 7 7 12 2 1 6 1
2 0 2 11 3 3 0 23 13 15
5 2 0 3 6 4 3 6 4 4
6 18 14 3 5 14 11 21 10 7
1 1 1 5 4 6 1 7 4 13
23 1 7 9 14 5 17 5 11 11
7 6 17 7 0 6 3 7 4 8
1 0 2 7 3 2 6 3 21 1
5 3 2 0 15 18 22 15 12 11
5 8 2 1 1 1 0 7 2 3
1 22 10 5 10 2 2 1 2 3
8 8 8 10 0 7 6 8 7 9
8 2 6 10 1 3 4 2 13 6
2 7 9 6 14 2 8 14 5 3
12 4 3 1 1 25 3 7 6 13
7 2 2 10 0 1 2 12 0 12
6 5 4 3 2 3 2 7 3 4
13 9 4 11 3 20 5 10 3 20
8 3 10 1 3 5 1 6 2 4
0 8 4 0 4 7 7 0 1 14
1 7 6 11 8 2 13 3 7 11
5 0 2 10 0 9 3 3 7 5
15 16 7 9 22 2 2 4 2 8
25 3 9 6 10 5 3 16 14 1
7 4 0 8 7 5 1 4 4 1
2 3 1 2 4 2 0 2 8 4
0 18 20 10 10 6 10 6 5 4
2 12 7 7 11 3 6 3 10 8
3 17 8 9 2 18 8 23 8 7
8 5 3 6 1 5 2 5 8 6
0 7 4 5 3 3 4 4 1 2
9 6 17 0 6 3 2 13 4 5
8 5 12 15 2 2 7 21 8 6
11 1 9 4 16 20 4 4 8 3
13 1 6 8 8 11 4 6 21 6
7 9 4 1 4 2 11 7 13 15
17 11 14 2 10 4 13 11 7 5
11 6 13 4 6 0 5 4 6 3
7 5 1 0 2 7 9 1 3 7
11 11 7 4 2 6 8 2 13 19
6 2 3 3 8 16 7 13 14 12
8 12 2 3 11 2 1 8 3 16
3 1 1 1 7 5 2 4 0 2
0 1 13 4 5 1 18 27 12 13
11 23 20 13 11 1 0 10 9 1
7 3 12 8 6 2 1 0 4 5
11 15 2 25 19 5 5 11 7 2
8 12 8 3 4 8 10 3 4 24
4 6 4 4 2 2 4 7 9 9
3 1 15 6 3 10 5 11 25 9
5 7 11 3 9 16 2 18 1 8
6 9 9 6 4 6 1 4 4 5
15 9 6 6 2 8 6 2 0 3
0 15 1 3 4 1 1 4 5 5
9 3 2 10 8 9 2 1 1 2
15 3 8 4 5 10 2 21 5 11
1 13 2 3 10 8 6 4 8 8
9 4 16 3 4 9 1 1 1 8
9 2 1 4 15 17 13 3 2 15
7 28 4 0 4 0 5 5 11 11
4 2 6 6 7 3 2 4 1 7
10 4 4 4 4 14 7 2 4 19
11 13 4 1 12 9 9 3 0 8
7 2 19 5 10 16 14 6 14 12
3 2 4 3 2 3 1 2 2 7
6 10 4 13 9 15 1 14 16 8
8 7 5 6 0 16 12 0 7 3
0 4 7 1 1 10 7 3 0 2
2 1 14 4 8 14 2 4 1 4
16 9 0 3 1 7 10 2 2 5
10 3 10 0 15 19 13 2 14 15
2 1 4 8 5 0 14 1 0 4
11 3 6 16 24 7 16 7 5 15
3 0 14 8 15 10 15 17 9 6
4 2 13 12 16 2 13 8 6 9
6 2 1 2 3 3 0 0 10 5
5 8 3 6 1 4 8 4 2 16
5 2 19 5 1 2 2 6 4 4
4 1 5 0 8 1 1 2 7 2
8 6 21 13 3 20 2 6 13 4
4 1 6 6 0 3 4 9 5 4
9 10 3 2 18 2 18 7 13 4
6 8 25 1 9 4 1 2 11 15
8 9 10 1 3 8 22 3 6 14
1 0 4 3 12 6 9 6 7 9
10 18 1 10 1 3 2 4 6 3
7 2 6 10 1 3 7 4 11 10
9 3 20 8 4 1 0 8 1 10
2 12 1 16 0 22 6 4 1 14
2 1 2 2 0 7 3 6 6 10
3 4 3 6 5 0 6 2 3 6
7 0 1 1 0 2 8 1 2 0
2 10 3 6 1 0 15 4 16 13
3 11 7 2 3 16 2 7 10 3
0 19 2 1 18 6 4 4 0 6
3 2 9 3 2 6 7 2 3 1
12 4 8 7 22 2 6 14 8 16
1 2 6 9 7 1 13 6 5 4
14 22 15 3 7 8 2 13 5 7
6 2 8 0 4 5 5 2 4 0
4 11 1 6 10 2 1 2 6 0
11 11 6 4 4 8 1 18 9 1
24 6 4 5 14 2 9 13 1 20
5 4 4 3 2 6 1 1 0 1
21 4 9 1 3 13 4 5 12 2
3 7 1 12 11 4 0 6 9 12
5 7 5 1 3 1 8 7 8 3
11 10 13 6 1 7 1 0 6 15
18 11 5 9 2 25 4 1 5 9
1 12 11 4 1 4 12 4 11 7
6 8 6 25 1 8 17 1 1 1
0 6 11 7 0 3 3 4 13 3
13 4 2 7 5 5 16 6 5 16
13 5 11 6 1 15 9 14 5 9
10 10 2 8 16 9 2 0 28 3
10 12 10 7 1 6 1 17 8 2
6 3 8 6 1 1 1 2 3 0
2 7 2 1 6 5 6 4 9 5
1 7 4 12 3 15 2 4 18 21
7 7 6 32 11 5 3 4 9 14
31 15 4 8 11 3 4 6 7 3
7 9 6 1 13 2 2 10 7 1
23 13 14 7 7 0 2 6 6 1
1 7 7 6 9 11 9 3 6 2
5 6 3 5 6 1 1 6 7 3
4 7 4 6 1 2 2 3 2 6
1 6 5 8 6 8 4 4 6 3
1 17 2 7 4 11 6 3 6 8
2 2 7 3 2 8 5 5 1 4
7 12 1 10 8 13 10 12 25 6
6 6 3 20 4 14 9 3 4 1
11 24 11 3 9 2 13 9 7 6
2 4 2 2 2 3 1 2 2 10
1 8 8 9 6 4 12 3 19 1
12 15 4 17 1 2 9 8 1 10
3 10 7 3 8 6 7 0 3 0
7 4 1 4 1 1 6 13 7 2
8 6 11 13 0 13 0 4 0 20
2 1 4 4 0 2 6 0 2 4
10 4 7 9 0 13 5 8 27 17
4 10 6 3 14 8 10 4 1 7
15 2 0 9 9 6 13 19 6 7
2 10 12 10 1 2 15 8 16 15
6 11 18 4 8 3 11 6 9 3
7 2 3 3 8 8 16 12 9 5
7 26 4 8 2 16 6 2 5 5
14 4 7 6 23 15 1 2 7 6
1 5 10 1 7 5 3 7 10 1
8 0 8 3 8 13 1 11 16 17
9 5 4 2 16 9 15 11 0 7
1 8 7 1 7 14 9 20 6 12
2 1 7 3 7 5 1 2 2 6
7 9 8 12 2 18 12 16 17 10
17 4 1 6 13 13 16 13 4 4
2 9 5 3 21 12 6 14 19 9
3 2 5 5 5 5 1 4 4 3
4 15 13 16 8 9 13 18 2 13
6 2 4 1 6 6 4 4 8 4
0 5 5 2 5 4 5 6 6 1
20 19 10 11 7 3 4 9 3 7
6 4 8 6 9 2 7 3 0 3
5 2 4 7 2 8 4 3 2 2
2 3 11 7 3 3 22 3 10 4
10 6 3 1 5 14 9 1 15 2
17 9 11 3 1 26 6 2 2 15
14 0 5 7 2 8 2 2 11 6
5 12 10 8 12 7 5 7 1 4
18 29 2 8 13 9 6 4 6 5
3 4 19 10 10 3 5 8 9 3
2 5 6 0 6 2 5 2 3 2
2 8 1 3 1 1 3 3 3 4
0 5 4 3 4 1 2 3 2 4
2 0 3 4 6 6 0 6 3 5
13 9 2 4 3 11 0 4 10 16
16 2 1 4 7 1 2 12 3 7
3 19 4 18 7 1 2 5 9 1
3 1 7 1 3 10 1 5 7 6
3 7 3 1 15 10 6 21 1 8
5 17 9 0 0 7 1 2 0 0
10 14 16 3 15 5 8 3 15 6
2 4 17 17 12 2 1 1 7 16
9 2 7 2 11 10 1 14 11 9
1 14 1 1 1 10 1 4 13 8
6 7 18 1 9 5 8 1 14 8
11 6 1 6 1 8 9 2 1 1
12 8 7 3 12 15 9 14 1 2
3 10 1 3 1 15 2 5 3 5
18 5 9 5 18 1 16 17 8 2
3 0 3 6 7 2 3 8 5 2
3 9 4 7 11 4 1 20 2 5
4 15 10 15 4 9 18 5 5 3
8 10 26 17 8 13 14 1 2 2
4 0 12 8 1 4 7 3 8 3
4 8 2 1 12 5 6 8 14 9
4 9 6 9 5 2 1 3 5 3
6 4 2 4 1 6 10 3 8 3
16 4 12 7 3 6 3 12 5 4
7 5 2 13 0 4 16 2 3 4
7 2 4 0 1 1 3 4 4 4
8 5 1 17 20 5 6 23 3 5
3 2 6 4 4 4 2 2 0 5
5 12 16 6 2 3 9 8 9 10
4 4 1 7 13 4 6 14 2 5
4 7 26 1 14 1 6 8 21 2
3 10 21 2 5 14 3 5 21 13
2 2 5 7 8 3 3 0 8 2
2 9 5 21 7 6 6 5 2 13
1 1 1 7 11 4 10 3 3 10
4 4 9 5 1 5 5 3 4 4
6 5 4 7 3 0 1 5 4 0
3 7 15 8 13 1 14 14 9 17
15 3 10 2 12 6 19 8 11 1
2 3 8 0 4 3 2 2 1 3
12 1 9 7 19 4 5 13 13 5
3 5 3 1 4 2 8 1 5 5
11 3 1 5 5 18 6 5 14 3
5 2 9 2 5 4 4 0 4 3
5 3 1 2 3 5 12 1 10 12
0 3 1 3 8 7 4 2 2 4
14 9 17 13 16 4 10 15 7 1
12 9 1 13 23 4 5 12 20 3
21 15 2 4 4 9 5 2 5 20
6 1 4 3 4 2 0 3 3 0
18 5 3 11 3 1 11 11 7 25
3 16 6 7 18 5 14 13 6 10
11 18 12 14 5 10 4 12 1 3
1 6 6 2 1 9 8 3 7 11
2 2 7 8 3 2 2 1 2 7
9 13 0 16 4 15 21 8 5 1
9 19 11 17 7 3 4 1 2 9
4 4 10 12 1 1 5 1 0 3
0 1 3 1 7 1 9 2 7 9
10 6 6 23 1 11 9 9 1 20
6 7 1 7 4 4 9 3 5 16
1 5 0 7 7 4 6 0 4 9
19 1 15 4 11 4 17 2 8 9
9 24 2 7 5 10 10 9 3 17
5 4 1 6 8 2 4 0 3 9
19 10 1 12 3 21 14 1 7 9
1 7 17 4 12 11 14 11 1 9
14 2 2 12 11 10 10 8 3 5
4 0 5 0 7 5 8 6 5 12
3 5 8 1 2 10 3 4 1 12
0 3 7 9 1 3 5 0 0 5
5 17 16 19 1 4 2 6 2 6
1 16 11 9 15 4 6 11 10 4
2 4 7 8 4 8 9 1 0 7
4 1 5 15 15 5 3 1 3 1
17 0 6 5 0 9 13 4 5 18
8 14 1 12 2 5 10 7 14 15
1 1 9 0 2 5 2 4 6 5
1 3 5 0 4 0 8 2 3 5
28 5 5 17 5 2 10 5 9 1
12 1 21 11 5 5 2 1 4 2
3 3 9 0 4 4 2 4 5 5
5 7 23 5 14 3 10 5 2 14
3 12 0 5 2 2 2 4 1 7
0 2 1 7 9 3 2 13 4 2
17 1 7 10 2 15 13 9 5 1
5 2 13 2 9 9 9 20 14 10
5 6 3 2 5 0 11 4 1 0
20 2 18 15 10 13 5 11 13 4
10 1 0 12 4 17 3 6 9 3
3 4 5 4 10 11 10 10 16 5
1 0 4 11 6 8 2 1 3 2
14 3 6 2 1 1 7 1 3 17
11 10 1 13 11 20 6 13 8 10
15 14 22 5 9 7 15 1 9 1
4 1 1 3 2 0 3 3 10 2
4 4 6 4 10 12 0 21 4 0
12 5 4 8 13 8 4 7 6 2
1 4 5 1 6 0 10 8 12 3
7 17 12 15 3 11 2 3 2 5
6 6 1 6 10 1 3 8 6 3
3 2 8 0 3 0 1 3 3 2
5 6 19 25 2 8 4 5 6 10
18 9 15 5 2 4 4 5 9 18
5 12 27 9 1 10 5 1 15 4
17 7 3 26 7 12 8 12 1 1
2 16 13 11 18 14 5 14 2 0
24 1 4 1 0 11 7 1 4 8
5 4 4 7 2 1 0 0 1 8
1 1 5 16 1 18 4 8 2 8
1 2 1 2 4 1 6 7 6 7
9 2 1 4 5 2 3 1 2 0
7 12 9 10 16 3 7 0 7 9
3 2 3 0 9 11 5 4 8 0
17 6 6 7 0 8 9 14 5 10
5 5 4 9 3 2 1 9 1 1
1 3 3 4 8 1 1 2 4 2
12 16 7 4 5 9 8 13 17 12
12 5 2 3 2 10 6 11 10 0
2 5 6 1 8 2 3 4 4 1
16 8 8 7 3 1 5 16 13 9
8 5 4 7 2 3 5 4 9 11
6 8 1 3 5 0 1 8 1 10
14 19 20 0 6 9 13 8 1 7
5 2 6 11 19 4 9 3 25 15
10 1 5 5 2 1 2 5 2 4
4 0 9 4 11 5 1 14 8 3
11 1 4 2 8 3 7 5 2 3
7 0 12 3 1 2 2 0 3 2
0 1 12 3 5 3 6 3 4 2
1 3 1 3 3 6 0 14 3 6
13 9 2 14 1 2 12 2 13 14
0 1 2 4 4 4 3 4 3 5
1 0 1 7 2 1 7 6 3 5
6 2 6 14 2 6 18 11 18 4
2 3 2 1 2 1 4 4 10 5
1 2 5 1 10 16 20 4 8 15
1 2 6 6 0 4 1 5 15 3
6 8 16 9 16 6 9 4 12 13
2 30 1 9 13 3 3 5 8 1
6 0 2 2 4 4 0 17 8 9
12 2 3 7 5 9 29 16 12 4
4 7 12 2 13 2 12 5 7 6
5 5 8 5 4 8 2 6 11 17
3 8 10 6 16 6 10 14 10 5
12 9 2 6 6 8 1 16 7 6
2 8 5 7 16 9 12 2 9 9
10 5 4 3 0 5 2 3 6 0
8 14 13 13 7 0 4 8 16 4
4 1 11 2 1 4 3 3 3 4
1 1 5 3 2 6 2 1 3 6
3 3 2 12 13 11 12 1 12 3
7 8 9 6 12 4 3 9 11 5
9 13 6 8 8 8 8 27 3 10
1 2 1 2 21 12 10 22 13 11
3 0 3 15 20 6 23 17 7 2
5 7 3 3 2 6 0 6 5 0
14 12 13 2 3 3 3 15 5 9
4 14 5 10 1 1 1 2 3 7
4 6 9 2 2 2 10 5 8 8
0 3 5 3 26 1 4 6 18 7
2 12 15 1 1 4 5 3 8 1
7 13 16 4 12 11 12 17 7 2
1 7 0 2 2 4 4 2 5 1
8 5 4 6 8 11 8 6 8 2
1 2 3 1 3 6 1 6 1 10
2 8 1 5 5 6 2 7 19 3
22 1 2 3 6 10 21 10 0 8
1 1 5 7 5 2 2 1 1 6
19 2 10 13 13 16 4 12 14 9
2 11 6 2 31 7 8 2 4 12
15 8 14 15 3 1 3 11 1 6
11 6 6 8 13 12 8 2 1 10
4 9 4 9 16 1 12 12 4 9
6 11 0 11 13 4 11 19 4 7
4 8 3 8 12 3 2 13 8 6
2 10 13 12 5 13 2 12 14 11
11 2 2 0 0 2 5 9 14 23
16 11 0 3 12 5 3 6 11 1
2 0 3 2 3 5 2 2 2 7
16 12 5 2 7 1 4 2 10 5
10 19 11 3 1 0 5 8 9 1
5 14 9 6 6 6 0 2 2 4
0 2 17 10 0 11 1 4 10 22
7 10 6 5 2 6 0 9 3 13
1 4 0 8 9 12 5 8 1 1
14 3 4 7 4 4 0 5 32 5
15 4 6 6 4 4 0 5 14 9
4 1 4 4 14 26 14 2 5 13
12 3 0 10 3 2 5 2 8 1
1 7 0 13 7 0 6 14 7 4
8 16 3 8 3 0 2 18 10 7
3 2 0 13 5 7 3 2 1 3
4 2 1 5 9 3 3 1 1 2
7 17 8 8 1 1 4 16 2 25
6 12 16 5 7 17 12 0 8 0
14 4 7 1 6 13 5 10 5 10
15 7 10 9 11 9 29 9 0 1
7 0 20 6 2 14 6 7 4 8
4 13 7 7 0 10 14 0 16 1
16 21 8 15 14 3 7 4 6 10
0 3 0 17 15 1 14 8 7 15
3 2 7 4 3 3 2 3 2 1
5 1 0 2 11 1 6 0 1 11
4 9 1 22 6 7 7 2 11 9
3 16 11 1 18 4 4 1 14 5
1 4 2 10 5 4 6 0 17 11
3 7 2 3 11 8 2 5 7 0
4 7 11 12 4 17 19 1 3 6
4 2 0 0 4 6 8 2 8 3
2 4 2 2 3 12 0 9 4 3
7 4 20 5 1 15 13 11 22 5
10 14 10 5 5 4 0 6 26 5
1 10 6 4 8 2 2 2 3 8
1 6 5 7 8 2 19 3 17 9
8 5 1 1 5 7 5 0 11 5
1 15 6 5 6 19 2 8 3 3
12 2 5 4 5 17 11 2 9 7
6 4 4 4 8 2 5 2 2 6
4 5 4 12 3 9 1 1 0 2
4 3 13 4 3 2 2 3 1 6
11 1 15 7 1 16 17 3 3 8
2 1 7 1 1 10 0 3 3 1
6 3 3 6 4 1 7 0 3 0
8 5 4 5 3 7 1 6 2 4
6 7 5 10 21 13 9 6 8 12
1 2 5 1 8 2 3 2 0 3
15 3 7 4 4 13 5 14 2 2
16 27 3 10 2 10 5 1 4 0
8 1 8 22 18 12 4 9 13 1
1 0 8 2 2 2 6 5 3 1
6 11 6 3 1 9 15 8 10 0
3 13 8 7 14 3 13 7 1 0
2 6 0 5 5 1 4 3 0 5
6 1 5 5 2 3 1 2 5 6
2 1 4 6 2 13 4 1 3 12
6 7 10 9 12 3 7 4 0 11
3 4 6 3 1 5 3 3 2 6
25 10 15 13 1 12 12 5 0 6
2 4 2 5 3 0 2 2 0 8
7 3 3 10 2 3 5 0 5 2
0 10 8 1 20 2 3 16 8 5
7 5 2 21 2 22 6 12 5 1
7 6 12 3 7 9 16 5 9 1
10 6 3 3 4 10 8 5 2 3
4 6 0 7 3 1 6 3 5 10
4 2 7 9 9 1 2 1 5 4
2 10 9 10 13 1 17 1 20 16
17 30 7 5 3 4 3 0 0 4
2 10 19 14 6 12 18 15 5 3
15 9 3 5 2 8 10 10 4 12
10 3 3 7 1 0 5 3 6 1
1 7 24 3 0 2 7 5 13 15
5 2 2 0 0 5 6 10 0 5
2 16 13 2 6 14 22 8 9 6
5 1 0 7 11 8 2 7 3 6
12 3 7 5 7 7 6 10 2 6
3 8 8 2 1 1 2 3 2 2
11 12 11 22 12 10 10 4 1 13
14 4 6 16 14 0 15 15 16 4
21 4 12 1 8 6 1 19 4 4
1 12 1 4 3 0 7 7 6 9
2 9 3 3 1 2 2 3 4 6
9 3 1 3 2 6 2 6 4 4
1 1 6 2 4 5 2 10 3 1
24 11 1 17 12 6 7 6 3 18
9 5 5 18 7 1 8 3 5 13
14 20 12 7 1 3 10 6 1 8
20 2 5 16 9 3 0 16 4 12
3 4 5 5 4 8 14 0 3 13
1 2 7 6 8 1 3 7 4 5
12 7 2 3 11 8 10 3 17 9
2 7 14 6 9 25 6 4 14 15
3 6 1 3 17 6 2 11 10 1
8 1 2 1 10 4 10 0 5 2
15 3 15 24 7 13 9 9 12 2
11 11 13 6 2 10 7 11 1 0
2 3 1 4 2 3 9 4 6 0
1 1 4 7 6 1 1 24 5 11
7 0 3 8 1 6 2 2 0 11
2 2 10 3 1 2 1 7 0 1
2 9 3 6 4 6 19 11 5 3
13 4 1 3 7 4 4 8 2 2
6 3 8 0 0 14 1 6 2 13
13 2 17 19 3 11 2 11 1 3
1 5 0 0 1 2 7 2 3 1
1 8 7 10 13 18 29 0 1 3
7 5 8 9 1 3 11 6 1 3
6 3 5 0 4 1 5 2 3 2
8 6 3 1 4 1 8 3 2 3
15 5 5 13 8 7 6 3 12 0
6 8 3 4 1 26 2 0 10 2
5 3 6 7 3 10 14 26 5 1
17 1 5 18 1 7 6 14 1 0
2 5 23 11 9 4 1 12 0 18
2 2 2 5 2 7 4 6 1 0
8 4 1 8 11 4 14 1 7 2
7 2 2 9 8 13 7 9 6 1
2 4 0 3 8 15 17 5 2 4
3 3 5 1 14 8 1 6 4 4
12 3 3 8 3 9 7 2 5 8
2 5 3 2 8 8 1 4 5 0
5 15 20 1 8 9 3 1 10 0
0 4 1 4 3 3 6 3 5 0
12 11 15 5 10 15 11 7 10 4
2 5 6 6 7 2 19 5 6 8
4 0 11 6 5 1 6 4 2 6
0 12 11 3 9 0 3 9 4 7
11 2 14 4 10 3 2 4 14 0
8 5 12 0 6 2 11 6 7 6
0 1 15 13 18 4 2 15 9 8
9 5 8 4 7 2 4 3 10 12
3 4 4 16 6 5 5 5 7 5
7 5 15 3 8 1 21 10 12 15
0 13 3 7 6 12 0 5 8 2
2 2 1 4 9 9 2 2 16 3
1 15 2 7 3 15 7 7 1 3
2 2 9 5 6 4 3 3 5 6
19 5 4 15 1 2 15 4 1 9
3 3 15 14 25 3 10 2 9 8
4 10 7 3 9 2 3 5 3 20
1 6 17 12 10 11 11 2 16 16
16 6 0 18 2 0 18 0 16 7
3 9 4 1 3 15 2 4 3 4
1 9 8 0 2 13 1 4 7 11
9 7 1 15 5 11 19 4 0 5
2 3 5 9 7 2 4 4 2 5
24 7 17 2 10 4 17 8 11 0
10 7 11 1 4 16 1 23 6 15
9 9 2 10 0 2 3 6 1 0
4 4 5 11 12 4 3 4 9 11
0 0 6 20 22 7 14 1 12 9
10 6 6 12 6 2 4 1 4 6
8 4 0 5 10 8 1 2 17 5
0 6 10 20 6 12 9 9 16 1
6 3 6 6 0 4 5 4 4 2
5 1 14 2 2 9 9 1 10 5
2 3 1 4 1 2 4 5 4 32
5 4 11 4 3 3 3 1 1 2
4 15 1 10 12 5 8 11 7 1
5 3 10 13 4 7 2 12 12 4
13 6 5 10 6 3 12 5 5 0
2 1 3 14 14 19 12 10 2 5
11 16 6 1 16 8 17 6 4 3
4 15 6 15 11 2 12 0 14 0
15 1 0 6 9 3 7 13 6 5
3 11 5 0 4 11 2 2 2 11
7 7 7 2 3 2 6 3 10 16
3 6 6 3 7 1 2 6 7 3
10 15 14 2 13 13 13 0 9 6
3 10 16 2 4 4 0 11 12 3
6 14 13 10 11 10 9 9 6 1
3 1 6 12 22 13 4 9 11 9
9 0 2 13 12 7 4 9 15 3
12 21 12 18 3 19 3 4 2 1
4 4 2 9 1 1 3 0 0 0
11 17 8 3 12 4 5 7 10 14
3 3 3 18 15 0 6 1 11 8
0 2 1 3 11 6 10 1 0 2
25 3 18 11 3 3 8 12 0 2
5 15 3 17 3 12 4 5 7 4
15 6 4 2 5 4 7 28 0 7
14 8 12 1 3 2 26 3 17 8
6 13 7 7 5 3 10 2 5 9
8 11 5 5 11 8 12 1 4 2
13 1 5 7 5 2 2 0 5 18
17 0 10 4 17 0 6 7 1 2
7 3 6 2 6 2 4 3 4 0
4 10 1 4 1 5 4 6 4 5
1 6 2 8 7 5 2 10 2 9
15 8 8 6 1 8 2 4 17 1
8 3 20 1 4 2 13 3 19 7
0 5 6 6 3 0 2 10 0 10
6 8 7 4 17 1 3 5 17 23
12 7 9 7 11 4 11 8 7 3
12 18 12 13 1 4 3 7 6 16
1 5 11 11 9 8 3 6 1 1
7 0 10 22 5 11 1 1 5 10
10 0 3 4 12 3 12 3 16 4
4 2 7 3 8 3 19 23 9 3
14 14 8 3 6 7 6 9 7 27
6 4 9 6 5 6 0 1 9 1
0 1 1 23 6 9 0 9 4 13
6 6 14 5 14 11 4 3 3 14
3 1 7 9 13 14 6 1 2 5
15 14 20 2 1 9 18 1 20 4
2 1 3 18 2 20 4 0 1 15
2 4 15 2 3 16 16 2 20 9
7 5 12 10 2 24 12 5 6 3
1 6 4 0 6 8 1 2 0 1
15 2 1 1 9 1 4 8 13 2
6 2 14 2 10 5 4 10 6 11
0 9 3 10 2 13 5 9 6 15
6 9 3 2 4 2 3 5 9 3
3 13 7 13 7 3 1 10 8 6
7 4 9 3 13 17 3 18 5 3
7 8 0 1 8 3 8 10 7 2
9 12 7 5 11 5 5 8 16 9
5 5 3 1 1 3 5 4 0 6
1 8 3 14 1 5 22 1 10 3
1 5 4 1 11 4 3 2 3 1
10 1 9 3 5 5 9 9 3 14
5 4 0 14 1 12 6 0 2 4
5 5 10 8 2 16 2 9 2 15
3 13 5 12 4 2 0 2 4 4
6 8 11 2 8 6 5 9 3 0
3 10 1 2 4 1 4 2 9 1
10 14 8 11 16 5 11 10 16 6
2 1 1 1 3 8 2 7 1 6
2 11 0 3 3 15 7 1 3 11
3 5 6 1 1 6 5 2 3 0
8 7 7 7 8 5 0 17 2 2
3 0 2 3 11 11 7 1 10 1
0 13 12 9 2 16 9 7 3 22
8 19 11 2 9 10 5 9 15 3
3 0 8 1 21 4 0 2 11 1
3 1 12 2 10 3 6 0 13 0
4 2 2 2 2 2 2 5 2 7
19 6 11 17 7 10 1 4 14 4
4 0 4 4 2 3 5 2 6 5
17 2 3 4 0 23 0 5 22 8
0 5 0 9 6 2 2 3 4 5
1 12 4 2 4 7 9 12 1 5
1 5 5 9 1 9 4 12 2 4
4 11 1 10 6 9 7 15 0 5
5 17 3 9 3 11 13 2 9 10
1 7 1 3 1 5 15 7 6 9
6 10 5 5 6 8 1 8 4 1
1 14 4 0 4 8 1 3 10 8
3 6 2 10 0 5 0 2 5 2
0 0 15 17 15 12 9 22 8 6
4 6 1 0 3 8 1 11 8 8
4 3 9 3 3 3 4 1 6 10
0 2 12 13 13 1 10 23 4 6
7 6 0 9 4 9 1 1 2 5
4 12 12 1 22 3 18 15 5 4
1 8 12 6 2 0 8 15 4 17
1 9 14 13 13 1 1 2 8 1
3 16 2 5 7 13 2 11 16 1
6 2 4 3 1 5 2 3 2 0
18 5 17 4 8 1 11 1 4 6
6 6 1 4 4 6 5 9 1 1
1 4 6 2 2 1 3 4 4 1
3 3 7 11 6 12 0 7 0 3
4 5 2 4 2 4 2 2 5 0
1 9 1 2 11 4 8 0 1 5
3 3 1 7 8 0 4 12 8 3
11 6 4 3 7 5 1 2 4 11
2 0 1 7 3 2 9 2 6 2
9 11 2 2 8 5 4 2 0 0
1 10 20 14 6 9 7 3 7 3
7 17 3 3 4 19 5 8 3 3
0 5 5 0 2 6 5 2 5 8
4 4 2 5 4 4 2 3 2 2
7 6 3 1 0 2 4 1 2 1
4 9 4 10 9 9 13 19 3 2
14 6 0 2 13 3 5 5 3 8
8 11 3 5 4 7 6 1 11 7
3 12 6 6 1 3 1 2 3 3
4 4 3 2 9 9 9 0 2 4
2 0 1 8 6 12 2 0 1 6
3 1 10 6 0 19 10 3 9 1
9 2 3 0 1 0 4 6 6 2
3 13 11 3 10 4 7 4 9 4
13 5 4 1 15 7 5 5 8 13
4 2 8 8 5 10 9 2 18 5
0 7 11 3 2 6 3 4 4 5
14 4 5 8 12 5 9 12 5 13
2 1 8 4 8 23 20 5 3 21
15 7 16 15 17 8 2 7 7 18
9 5 3 6 22 14 5 8 15 4
11 6 2 6 3 2 5 2 5 1
2 0 8 5 23 13 7 4 13 11
4 7 6 22 5 23 6 3 3 19
3 8 9 15 6 4 10 0 1 14
3 10 6 4 9 9 3 0 1 6
16 7 5 3 3 7 3 2 14 2
3 15 3 0 7 12 29 8 1 4
8 4 1 7 3 15 1 1 1 7
2 4 8 3 6 6 1 15 3 16
2 19 15 7 5 8 12 9 12 13
16 8 10 2 11 8 5 2 9 10
3 5 3 4 4 4 3 6 2 2
8 1 2 16 1 8 11 22 2 7
4 2 10 3 10 1 13 6 6 10
2 7 5 2 6 11 21 4 9 9
5 2 17 4 2 16 6 2 6 0
1 8 15 13 8 2 13 6 2 7
1 8 2 6 3 8 1 19 5 1
4 6 8 7 5 5 3 1 6 6
6 0 22 20 2 0 3 8 4 3
5 2 2 1 1 2 1 7 2 6
4 8 3 14 9 13 8 3 11 9
1 1 7 20 5 9 3 10 3 11
21 4 2 22 2 6 6 3 10 3
2 4 2 5 4 3 1 8 2 3
10 17 14 13 1 7 3 11 7 5
1 4 5 2 3 1 1 11 2 6
2 8 13 5 6 10 8 1 7 9
5 11 13 9 18 5 4 2 13 13
7 7 24 1 15 5 11 5 2 2
19 7 1 17 0 14 14 6 3 6
3 4 8 5 7 13 9 1 7 3
6 19 9 1 16 5 16 1 12 19
6 1 3 6 13 0 1 1 2 12
4 1 1 0 10 2 2 6 2 3
27 5 12 5 23 6 1 6 1 1
12 6 0 7 17 2 12 15 4 11
2 2 2 3 12 8 0 1 3 7
10 5 7 6 8 0 4 13 3 3
16 1 27 9 12 1 6 16 1 8
1 2 18 18 4 9 7 2 4 12
2 0 4 6 7 6 10 1 4 13
18 8 6 6 13 12 3 21 14 8
7 10 7 2 19 12 9 11 4 6
11 9 12 12 5 1 8 0 1 9
16 2 3 12 10 13 15 8 16 4
11 0 3 2 4 3 2 1 2 4
10 14 0 4 5 9 4 1 1 15
6 16 33 3 2 10 5 4 8 1
8 6 4 19 1 18 5 12 21 9
0 13 5 4 5 2 3 5 2 5
3 6 3 7 6 1 0 1 3 7
10 2 11 4 2 8 5 2 18 8
7 11 11 3 4 0 3 1 25 18
19 1 6 2 11 19 3 1 12 10
10 0 2 10 2 5 4 1 3 3
4 3 7 6 5 3 0 7 8 7
17 0 8 19 10 14 17 0 6 8
4 15 6 8 4 2 1 5 1 9
5 2 4 14 4 2 3 3 13 2
7 9 10 5 13 6 10 4 3 14
1 1 3 8 5 8 2 3 7 9
5 4 12 0 5 11 7 0 6 3
10 4 4 7 2 6 2 11 20 1
8 1 1 1 5 5 6 5 6 8
4 14 6 2 4 6 7 12 7 1
1 5 4 10 5 4 3 7 0 10
22 1 6 10 11 8 8 9 9 19
12 14 16 13 26 1 2 4 10 1
7 2 15 7 4 4 8 2 9 2
14 14 9 12 17 10 0 12 10 13
2 3 2 1 2 1 3 6 4 4
12 1 13 9 6 13 14 2 1 4
3 4 3 9 0 1 3 1 6 2
0 5 4 6 3 12 11 5 1 3
3 1 2 9 1 7 4 5 8 1
4 1 3 1 1 4 4 8 2 1
12 15 12 7 8 4 7 4 1 5
6 9 1 2 7 2 6 10 5 18
1 1 4 12 3 1 1 2 1 5
1 5 5 3 6 2 3 3 1 0
6 0 17 14 15 11 4 9 1 7
9 10 1 5 8 3 1 8 10 10
2 1 5 2 1 1 2 1 9 3
11 2 9 5 3 13 7 5 13 14
9 5 2 0 1 7 6 1 0 9
6 18 9 13 8 2 7 6 6 1
9 8 7 1 1 21 3 4 1 0
4 14 4 9 4 2 22 2 10 15
1 5 5 0 5 2 4 9 0 1
11 11 13 13 23 1 4 8 11 9
2 15 8 8 20 3 3 6 9 9
17 2 11 16 9 11 4 3 1 2
0 2 13 2 4 1 6 10 3 1
0 4 0 6 1 2 7 1 8 4
13 10 7 15 3 4 4 3 21 0
8 1 31 2 11 8 8 4 2 6
1 4 3 2 5 4 4 1 10 14
7 3 2 8 9 6 1 6 3 10
21 19 9 5 1 3 3 16 4 5
2 1 7 6 9 17 6 13 8 6
8 23 5 2 1 3 11 2 17 5
3 4 14 6 4 3 3 2 0 0
8 2 17 2 14 1 20 3 4 4
9 5 6 6 5 2 0 3 8 5
4 7 7 3 2 22 18 5 4 5
11 12 6 8 3 5 6 4 1 0
11 8 8 13 5 17 3 16 7 9
9 11 0 9 7 0 1 9 8 3
7 4 12 10 8 11 19 3 15 4
3 16 4 1 16 5 4 5 12 12
4 4 1 9 2 0 1 6 5 3
8 1 9 4 7 0 13 4 6 4
2 9 1 6 4 3 0 8 4 4
6 9 2 11 2 10 2 12 6 4
2 10 22 3 11 5 3 4 12 14
12 4 3 3 21 1 14 4 9 2
5 12 28 1 3 6 7 5 3 4
0 2 2 3 9 7 1 0 1 3
1 7 11 12 8 1 11 3 20 1
15 9 9 5 8 2 10 5 6 6
6 8 11 14 14 11 10 13 4 19
7 10 12 18 13 3 19 2 1 8
17 5 1 3 6 0 3 7 2 15
1 5 6 8 16 6 1 5 2 5
7 5 12 5 3 8 19 13 1 10
28 7 15 11 3 5 14 5 1 6
18 15 0 9 4 12 5 3 8 16
4 12 8 15 9 2 6 11 13 2
4 1 14 1 3 8 15 6 1 2
10 12 1 4 13 5 9 13 1 15
15 20 12 15 3 1 2 8 6 12
3 4 10 4 2 6 0 1 5 9
0 4 3 1 5 8 4 4 4 5
8 4 8 0 6 8 1 9 1 1
20 4 16 5 15 8 4 9 6 5
7 9 2 16 13 9 2 4 9 4
2 0 3 2 5 5 4 5 11 8
3 5 4 9 16 7 10 4 14 16
9 15 12 9 6 11 5 2 24 7
2 7 0 3 11 1 8 1 6 2
7 4 6 2 5 8 5 3 3 3
3 11 3 3 1 3 2 6 6 6
7 1 5 4 16 3 2 3 2 2
7 19 10 5 7 4 10 3 6 3
18 2 9 6 12 5 9 3 5 9
10 5 9 9 15 8 11 3 6 7
0 16 14 5 2 2 3 11 5 2
2 6 2 3 2 2 3 5 3 7
4 3 2 2 6 2 3 2 3 4
1 9 10 2 2 3 11 0 6 3
11 16 3 18 4 2 4 12 0 5
4 5 9 0 0 2 5 3 0 1
4 11 13 9 4 16 3 11 3 10
6 10 6 5 2 2 11 4 5 9
8 11 13 1 3 14 7 9 4 3
10 15 7 10 9 8 5 22 14 2
7 4 10 7 1 0 5 1 12 6
5 4 16 5 1 10 3 10 0 1
3 12 3 6 3 7 7 11 1 1
19 2 2 10 1 9 3 4 3 8
5 3 5 7 7 14 7 5 7 10
1 20 5 8 8 4 14 9 3 3
16 22 6 4 21 3 8 3 2 3
7 2 0 12 8 9 9 22 19 3
0 17 10 6 4 10 3 1 10 16
9 12 14 2 1 5 15 3 4 3
1 4 9 15 9 9 10 17 10 4
2 20 23 3 1 1 2 6 0 18
12 23 7 6 22 11 2 7 6 9
11 1 7 12 10 9 6 8 3 15
1 6 3 3 3 8 2 3 2 2
2 5 28 10 8 9 6 6 11 7
18 2 5 1 1 4 6 11 4 7
5 3 5 4 1 1 1 2 5 2
20 8 4 7 12 8 3 5 1 8
5 4 2 1 14 10 3 4 2 2
2 7 8 0 7 2 1 5 9 11
6 0 4 5 0 1 3 0 5 4
7 4 2 1 0 1 4 5 2 2
1 23
2 39
2 66
2 76
3 17
3 31
4 103
5 58
6 8
6 36
6 62
7 49
7 50
7 72
7 107
9 37
9 90
10 29
10 39
11 78
12 103
13 38
13 48
14 17
16 43
16 54
16 74
16 97
18 52
18 108
19 25
19 111
20 44
20 90
20 110
20 112
21 67
22 37
22 57
22 83
22 113
23 68
24 33
24 59
25 63
25 117
26 29
26 32
26 90
27 28
28 116
28 119
29 91
29 93
30 71
30 77
30 96
30 120
31 60
31 65
31 89
31 113
31 116
32 71
32 115
33 47
33 132
35 58
35 125
36 40
36 121
36 126
37 93
37 103
38 62
38 115
38 124
39 53
39 79
40 49
40 75
41 46
41 61
41 94
41 117
42 44
42 82
42 132
43 70
44 70
44 140
45 115
46 63
46 101
47 114
47 139
48 65
49 72
49 77
49 91
49 106
49 138
50 86
51 56
51 99
51 146
51 150
53 79
53 88
53 91
53 147
54 81
54 145
55 87
55 97
55 101
55 150
56 73
56 76
56 102
56 146
57 58
57 114
59 120
59 126
60 75
60 158
61 76
61 142
62 103
64 73
64 84
64 105
64 120
64 128
64 132
65 135
66 99
66 114
67 103
67 162
68 83
68 125
69 105
69 111
70 127
71 146
72 165
73 83
73 97
73 114
74 78
74 91
74 107
74 114
74 116
74 147
74 158
74 159
75 79
76 91
76 165
77 90
77 119
77 136
77 145
77 158
77 159
77 169
77 173
77 175
78 130
79 113
79 120
79 133
79 143
79 164
80 81
80 99
80 106
80 126
80 177
81 85
82 106
82 111
82 177
83 165
84 87
84 135
84 159
84 184
85 109
85 147
86 105
86 125
86 136
87 145
87 170
88 130
88 178
89 98
89 139
89 176
89 177
90 112
90 159
91 129
91 133
91 180
92 191
93 163
93 171
94 141
95 160
96 105
97 183
98 122
98 135
98 190
98 193
99 151
100 153
101 161
102 105
102 152
103 140
103 146
103 173
103 177
105 170
105 199
105 200
106 149
106 175
106 179
106 183
107 108
107 123
107 193
107 206
108 132
108 194
109 150
109 194
110 137
110 176
111 124
111 134
111 157
111 166
111 173
112 162
112 189
112 212
113 124
114 117
115 125
115 138
115 192
116 175
117 133
117 176
117 216
118 137
118 167
118 187
119 124
119 196
119 201
119 207
119 211
120 130
120 192
121 138
121 146
123 137
123 181
123 183
123 209
123 221
124 208
124 221
125 137
125 162
125 216
125 217
126 135
126 139
129 191
131 157
132 149
132 164
132 173
133 186
134 166
134 168
135 175
135 198
135 213
135 234
136 172
136 187
136 226
137 170
137 230
138 157
138 168
138 219
139 186
139 219
141 167
141 180
142 152
142 161
143 150
143 170
144 181
144 184
144 197
144 227
145 181
146 242
147 181
147 197
147 242
148 186
149 169
149 229
151 167
152 159
152 193
152 216
153 197
153 207
154 228
154 236
154 243
155 164
155 165
155 169
155 178
155 203
155 217
156 199
157 182
157 194
158 230
159 191
159 223
159 251
160 188
161 166
161 191
161 255
162 260
163 164
163 176
163 193
163 221
163 243
164 179
164 185
164 193
164 251
165 230
165 259
166 183
166 200
166 232
167 200
167 205
167 206
170 269
171 219
171 251
173 199
173 267
174 248
174 272
175 275
176 179
176 217
176 234
176 251
177 243
178 206
178 236
179 203
179 247
180 208
180 212
180 235
180 251
180 255
182 225
183 197
183 209
183 218
183 274
184 233
185 266
186 202
186 215
186 271
187 192
187 239
187 279
188 196
188 203
188 208
189 238
189 268
189 271
190 270
191 199
191 235
191 241
191 287
191 291
192 273
193 203
193 208
193 288
196 232
197 215
198 207
198 223
198 229
199 225
200 235
200 292
201 265
202 205
202 258
203 271
203 287
204 285
204 298
205 210
205 258
205 267
206 229
206 237
206 238
206 296
206 297
206 304
207 216
208 229
210 235
210 270
210 284
210 303
211 216
213 283
213 291
214 225
216 273
218 232
218 259
218 308
218 316
219 242
220 270
220 271
221 232
222 256
222 259
223 241
223 243
223 280
223 293
224 268
226 274
226 322
227 228
227 252
227 292
227 323
228 298
229 273
230 250
230 258
230 315
231 316
232 300
232 309
232 326
233 315
234 299
234 303
235 328
236 256
238 316
239 253
239 322
240 279
240 284
240 318
241 261
242 252
243 321
243 322
243 343
244 317
244 329
245 321
245 324
245 335
246 321
246 322
246 331
247 261
247 265
247 308
248 271
248 304
248 335
249 253
249 263
249 286
249 313
251 259
251 264
251 311
251 329
252 320
253 276
253 281
253 284
253 293
253 297
254 266
254 275
254 341
254 347
255 331
256 334
256 344
257 295
257 299
257 348
259 342
259 355
260 287
261 264
261 303
262 269
263 295
263 299
263 331
263 339
263 356
264 272
264 310
265 278
265 289
266 291
266 307
266 317
267 327
268 288
268 325
268 362
269 334
270 273
270 350
271 309
271 367
273 290
273 357
274 281
274 321
274 335
274 345
275 278
275 335
275 361
275 373
276 291
276 292
277 307
277 313
277 365
277 368
278 301
278 337
278 361
279 325
279 372
281 294
282 326
282 347
282 353
283 341
283 363
284 375
285 305
286 294
286 361
289 307
290 390
291 310
291 325
291 330
291 337
291 350
291 359
292 311
293 298
293 356
294 334
294 361
295 305
295 321
295 379
296 315
296 345
298 308
298 322
299 314
299 318
299 338
299 370
299 379
300 352
301 311
302 336
303 358
304 368
304 385
305 314
305 315
305 325
305 330
305 339
306 350
306 362
306 368
308 327
309 314
309 319
309 351
311 326
311 398
312 376
312 385
313 343
314 414
315 348
315 401
316 370
317 372
318 326
318 343
318 389
318 403
319 324
319 378
319 383
319 386
320 340
320 412
321 369
321 409
322 327
322 385
322 390
323 354
324 359
324 367
324 391
324 393
325 338
326 337
326 351
326 395
326 403
327 338
327 374
327 383
328 329
328 357
328 363
329 372
330 331
330 390
331 344
331 352
332 334
333 368
333 383
334 340
334 412
335 359
336 380
337 386
338 372
338 379
338 415
339 408
339 412
339 416
339 439
340 381
340 389
341 364
342 386
342 422
342 440
343 385
343 413
344 398
345 349
345 415
346 352
346 380
346 441
347 358
348 354
348 358
348 376
348 378
348 421
350 428
350 437
351 386
351 449
352 391
352 401
352 441
353 408
353 413
353 437
353 447
354 365
354 408
355 409
355 416
355 422
355 425
355 441
356 377
358 451
358 458
359 414
360 449
361 364
361 401
361 406
361 409
361 458
363 374
363 375
363 426
363 438
363 450
364 448
364 456
365 371
365 386
365 447
366 386
366 411
367 392
367 424
368 431
368 447
369 370
369 377
369 406
369 426
369 455
370 453
371 398
371 458
373 420
374 381
375 411
375 469
376 443
377 423
377 425
377 449
377 473
378 406
378 443
379 397
380 461
381 424
382 401
382 468
383 420
384 448
384 452
384 465
385 420
385 429
386 416
387 412
389 428
389 461
389 485
390 461
391 430
391 462
393 431
393 452
393 473
393 480
393 488
394 487
395 421
395 479
395 490
396 397
397 444
398 399
398 419
398 439
398 458
398 486
398 488
399 411
400 420
400 466
400 473
401 403
401 475
404 421
404 462
404 496
405 503
405 505
406 493
406 503
406 504
408 442
409 411
409 478
410 426
410 434
410 490
411 432
411 473
411 495
411 507
412 483
413 428
413 477
414 513
415 499
416 435
416 496
417 464
417 485
417 507
418 465
418 494
418 502
419 424
419 441
419 477
419 516
420 517
420 518
421 463
421 474
422 495
423 477
423 481
423 488
423 517
424 435
424 476
424 508
425 448
425 450
425 454
426 443
426 455
427 464
427 493
427 495
428 520
429 463
430 477
430 517
431 437
431 448
431 510
433 507
433 508
435 462
435 470
435 472
435 473
436 489
436 505
437 450
437 513
437 518
437 523
437 529
438 510
439 485
440 498
440 506
440 533
440 538
441 463
443 453
443 462
444 483
444 520
444 534
444 539
445 465
445 515
445 516
446 511
447 449
447 544
448 469
448 485
448 513
449 520
449 541
450 480
450 484
450 497
450 511
450 520
450 525
450 532
451 459
451 507
451 512
452 473
452 478
452 498
452 518
453 455
453 528
454 515
454 517
454 527
454 542
455 503
455 506
456 510
456 540
457 496
457 544
458 489
459 535
460 494
460 504
461 500
461 508
462 551
463 470
463 499
463 506
463 521
464 486
464 504
464 526
465 469
465 490
465 514
465 551
467 502
467 539
468 506
468 534
469 478
469 526
471 501
472 473
473 499
473 510
473 536
473 545
473 559
474 511
474 544
474 574
475 496
475 547
475 566
476 526
477 541
477 542
477 555
477 565
478 515
479 567
480 568
481 504
481 523
482 536
482 540
482 547
483 560
484 500
484 524
484 537
484 568
485 497
485 502
485 518
485 546
486 530
486 580
487 500
487 560
488 520
488 528
489 572
490 494
490 549
490 561
491 524
491 586
492 498
492 535
492 590
493 525
493 567
495 559
495 584
496 530
496 582
496 588
496 592
497 538
498 581
499 508
499 516
499 541
500 504
500 552
500 555
500 566
500 573
501 530
501 547
502 503
502 507
503 601
504 546
504 563
505 534
505 548
505 554
505 570
506 587
506 604
507 558
508 522
508 538
509 599
510 572
511 556
512 556
512 592
514 528
514 553
514 564
514 584
514 589
515 570
515 592
517 518
517 598
517 610
519 552
519 574
519 589
520 534
520 544
521 531
521 534
522 542
522 558
523 548
523 560
524 546
524 571
525 569
526 591
526 592
527 529
527 620
528 541
528 543
528 595
529 622
530 546
531 545
531 553
531 576
531 609
532 590
533 632
535 591
535 615
536 590
537 543
537 580
537 621
538 547
538 590
538 596
538 601
538 629
538 631
539 573
539 599
540 573
540 595
541 549
541 623
541 639
542 581
542 591
542 614
543 598
544 587
544 642
545 561
545 577
545 602
546 572
546 639
547 550
547 624
547 644
548 586
548 589
550 551
550 591
551 571
551 594
551 615
552 581
552 617
553 633
554 558
554 592
554 611
557 618
557 620
558 617
558 649
558 655
559 625
559 630
560 630
560 632
560 645
561 563
561 614
561 638
562 569
562 649
564 566
564 664
565 572
566 610
567 570
567 623
567 634
567 648
568 570
569 602
569 624
570 620
571 614
571 661
572 643
572 669
573 577
573 613
574 614
574 624
574 630
575 611
576 643
576 673
577 600
577 604
577 643
578 617
578 620
578 633
578 648
578 666
578 675
580 615
581 629
582 584
582 592
582 668
583 591
584 597
585 614
585 621
586 674
587 606
587 644
587 666
588 591
588 606
588 635
588 649
588 654
588 684
589 591
589 653
589 689
590 615
590 620
591 595
591 601
591 621
592 594
592 659
593 673
593 687
594 614
594 655
594 667
594 669
594 689
595 618
595 627
595 656
596 663
596 666
597 600
597 683
598 630
599 627
599 661
599 675
600 625
601 645
601 688
602 676
603 641
605 616
605 670
605 705
606 632
606 646
607 688
610 617
610 710
611 628
612 708
613 623
613 676
614 649
614 678
615 616
615 652
615 658
617 705
618 639
619 634
619 687
619 703
620 682
620 694
620 699
620 705
620 711
620 720
621 636
621 712
623 624
623 680
624 668
624 702
624 721
625 639
625 663
626 639
627 664
628 694
629 665
629 680
629 695
631 690
631 701
631 727
632 666
632 676
633 682
633 683
633 686
634 675
635 655
635 656
635 703
635 730
636 655
636 678
636 706
637 663
637 669
637 719
638 703
639 738
640 647
640 691
641 666
641 717
645 671
645 683
646 656
646 664
647 652
647 658
647 693
647 705
648 695
650 688
651 677
651 701
651 723
652 709
652 746
652 752
653 664
653 673
653 689
653 701
654 726
655 701
655 720
656 689
656 693
656 713
657 749
658 754
659 710
660 707
660 747
661 665
661 689
661 715
661 753
663 689
663 710
664 696
665 667
665 688
665 728
666 721
666 729
667 722
667 752
668 710
668 761
669 690
669 757
670 671
670 695
671 733
671 742
672 718
673 690
673 725
673 727
673 746
673 748
675 708
675 747
676 776
677 720
677 721
677 724
677 727
678 704
678 748
679 684
679 755
680 730
680 760
681 713
681 724
681 730
682 699
683 691
683 703
683 722
683 727
683 745
683 756
683 768
685 753
685 763
685 775
686 698
686 775
687 720
687 724
688 775
689 714
689 730
689 745
689 752
690 730
690 751
690 754
691 772
692 771
693 768
694 723
695 702
696 728
696 757
697 738
697 773
700 735
700 760
701 724
701 779
701 801
703 784
704 720
704 738
704 799
705 793
705 804
705 805
706 740
706 748
706 775
707 735
707 775
708 740
708 745
709 714
709 721
709 722
709 754
709 806
709 809
711 725
711 792
712 732
712 779
713 723
713 739
713 741
713 767
714 728
714 751
715 815
716 771
716 772
717 727
717 761
717 766
718 721
718 724
718 748
718 778
718 800
719 733
719 761
719 762
719 794
720 738
720 764
720 781
720 790
721 776
722 730
723 755
724 727
724 728
725 736
725 782
725 803
725 821
726 773
726 777
728 735
728 745
728 826
729 763
729 777
729 791
729 792
729 797
730 759
730 774
731 747
731 765
731 815
732 827
733 773
734 739
734 807
735 760
735 768
735 774
738 746
738 772
739 770
739 775
739 804
740 797
741 803
741 816
741 837
742 779
742 831
743 760
744 793
744 798
744 819
745 827
746 754
746 783
747 783
747 811
747 835
747 840
748 814
749 793
750 811
750 832
752 805
758 837
758 845
759 789
759 798
759 805
759 832
760 805
760 834
760 835
760 839
761 769
762 809
762 822
762 832
764 774
764 799
765 790
765 805
765 816
765 858
766 800
768 847
769 800
769 855
770 790
771 822
772 810
772 812
774 813
774 854
775 786
775 839
776 777
776 787
776 824
777 789
777 856
778 798
778 846
778 852
779 786
779 870
781 857
782 831
782 845
782 859
783 825
783 849
784 819
785 788
785 789
785 850
785 873
785 882
787 838
787 859
788 835
789 803
789 810
789 826
789 829
790 839
791 855
791 867
794 823
794 842
794 851
794 862
795 848
796 798
796 808
796 833
797 848
798 849
798 864
799 829
799 851
799 876
801 838
801 839
802 817
802 818
802 827
802 852
802 877
803 825
803 903
804 853
805 837
806 861
806 903
807 833
807 875
807 906
808 876
808 885
808 889
808 904
809 848
810 855
811 820
811 848
812 823
812 838
812 848
812 902
814 839
814 863
815 867
815 888
817 866
817 880
818 835
818 871
818 893
818 912
819 858
819 886
822 825
822 883
822 886
823 885
823 908
824 825
824 847
824 879
824 902
825 832
825 851
825 863
825 900
826 858
827 879
827 880
827 896
827 900
828 834
828 867
829 832
829 900
831 858
831 864
831 881
831 902
832 917
833 900
833 932
834 850
834 875
835 871
835 931
836 856
836 887
838 861
838 883
839 893
839 921
840 903
840 907
842 878
842 882
843 895
844 924
845 867
845 887
845 899
846 851
846 938
847 864
849 852
850 936
851 891
851 900
851 907
851 923
852 937
853 913
853 930
853 936
854 863
855 874
856 858
857 883
857 889
857 938
857 943
857 952
858 873
858 901
858 944
859 931
859 935
859 959
860 867
860 892
861 929
861 936
861 949
861 958
863 939
865 934
866 890
866 924
867 868
867 909
867 939
868 915
868 918
868 953
869 885
869 898
869 957
870 924
870 928
871 955
872 873
873 914
873 938
874 881
874 895
874 927
875 919
875 945
875 963
876 930
876 975
877 885
877 933
877 953
878 889
880 978
881 903
881 906
881 919
881 937
882 936
882 943
882 971
882 979
883 976
884 963
884 980
885 951
886 918
886 983
888 931
888 939
888 940
888 964
889 898
889 913
890 974
891 912
891 929
891 971
892 909
892 976
893 925
894 971
895 897
895 933
896 918
896 928
896 939
896 940
896 977
897 916
897 978
897 982
898 970
898 975
898 983
899 911
899 995
900 943
900 968
900 972
900 986
901 978
902 935
902 938
903 913
903 918
904 907
904 910
904 924
904 933
904 968
904 1000
906 997
907 991
908 926
908 977
910 930
910 935
910 968
910 981
911 964
911 1000
912 948
913 932
913 962
913 968
914 916
914 919
914 920
914 953
915 933
915 953
916 993
916 994
918 927
918 987
919 970
919 991
921 951
922 954
922 975
922 986
923 938
923 946
923 965
923 966
923 969
923 975
923 985
924 936
924 972
925 953
925 989
927 939
929 930
929 948
929 965
930 935
930 938
930 944
930 951
930 957
930 994
930 996
931 984
932 947
932 982
932 985
934 941
935 942
935 954
935 981
935 990
936 938
937 959
937 983
939 959
939 984
941 968
942 980
943 977
943 987
944 961
944 987
945 947
946 963
946 982
946 989
946 995
946 999
947 974
948 983
949 970
950 975
951 984
952 955
953 954
954 973
954 979
954 995
955 960
956 974
956 990
957 962
957 995
960 997
961 964
961 975
961 981
961 987
962 970
962 983
963 964
963 999
964 971
964 991
967 993
967 997
967 999
970 984
973 996
974 997
978 983
978 988
979 986
981 997
981 1000
983 985
987 999
16 3 2 21 12 18 26 21 12 1
26 8 5 29 11 38 1 2 9 17
13 2 4 4 1 20 7 6 2 3
1 20 3 18 6 16 4 2 8 21
20 24 16 6 6 26 19 9 7 23
14 5 18 2 6 19 11 10 2 22
0 1 7 3 23 5 25 8 20 0
10 12 10 3 7 3 10 5 8 7
25 5 16 9 13 34 14 2 19 10
1 8 5 15 7 2 1 1 9 1
3 3 7 1 1 11 12 9 10 17
20 32 8 6 15 11 33 12 3 18
13 26 13 3 1 18 16 4 1 10
0 21 1 11 24 16 8 0 27 0
8 31 1 42 0 16 4 5 12 4
1 6 14 11 14 11 2 10 3 26
2 22 3 7 2 7 4 14 18 7
12 1 8 6 6 2 20 1 26 6
6 9 5 6 19 28 6 12 3 10
13 12 6 15 3 3 19 10 19 17
8 35 33 45 9 22 36 39 23 61 38 4 21 47 38 42 44 36 27 21
18 19 40 39 12 23 35 28 11 55 35 7 33 35 39 32 38 38 20 25
4 15 17 14 2 5 8 8 2 23 11 1 8 13 18 12 16 13 8 8
4 8 16 12 6 11 13 10 4 23 13 7 17 15 14 14 15 15 7 14
28 31 48 41 10 12 40 33 15 60 33 8 33 51 52 17 42 40 22 23
7 19 23 21 6 12 15 8 5 29 10 10 16 21 14 24 13 11 16 1
24 22 25 25 7 9 34 21 7 35 26 15 15 32 24 15 24 27 18 21
25 27 38 34 14 20 40 32 13 46 35 29 31 38 31 28 38 36 29 34
12 17 26 28 11 12 28 26 11 45 26 2 22 30 29 12 28 33 2 25
15 20 33 27 16 19 44 30 20 42 29 13 26 43 25 18 24 36 18 15
21 13 40 22 14 21 42 22 13 30 36 23 27 41 23 18 33 28 27 16
24 22 36 22 4 15 21 13 5 36 13 11 14 28 26 20 18 19 22 3
7 10 11 15 1 3 12 7 6 20 4 2 8 21 10 6 8 15 5 6
8 30 46 34 23 32 31 33 23 39 39 13 38 32 38 24 31 40 20 19
20 20 28 16 5 18 26 16 6 34 19 14 11 14 14 24 15 25 20 14
14 8 36 22 14 21 36 23 7 28 40 13 24 28 23 12 34 31 19 19
43 32 68 34 23 46 61 49 43 62 60 14 44 43 40 36 42 64 33 29
27 23 57 45 22 45 48 39 20 53 57 16 48 40 40 42 40 47 34 25
11 1 12 1 1 2 18 8 1 15 4 1 4 11 7 1 3 12 1 1
2 3 4 10 1 1 13 1 3 15 5 1 4 17 2 5 4 8 1 1
8 12 21 10 1 7 14 7 1 25 6 3 7 18 17 16 11 10 11 2
4 1 5 4 1 4 12 3 1 10 7 1 5 10 4 5 3 6 1 2
30 31 56 32 21 36 38 35 14 44 47 26 38 25 33 26 32 44 33 30
3 6 9 9 1 1 9 1 3 13 9 1 9 16 10 3 6 9 1 1
25 23 45 30 29 44 44 36 20 40 47 33 38 20 20 43 26 26 40 13
26 32 41 39 18 27 26 22 9 48 32 24 33 30 35 35 27 10 32 12
11 7 20 8 5 15 16 8 7 9 16 8 16 14 10 6 8 15 9 1
22 25 31 32 7 12 23 16 5 43 14 15 19 36 27 23 19 15 22 3
5 31 31 38 8 19 20 27 18 44 29 3 25 38 37 28 30 21 17 14
33 32 58 41 19 28 59 42 31 61 41 23 43 60 51 27 43 53 32 34
25 26 57 46 21 33 51 47 7 70 49 27 42 45 48 45 55 40 44 25
38 32 65 37 22 46 54 40 23 61 56 17 38 35 42 48 43 44 41 24
37 13 51 15 8 24 42 26 22 35 32 12 35 35 38 14 32 35 23 17
16 1 19 1 1 2 23 12 5 19 9 1 14 22 19 1 14 10 6 1
2 1 12 8 2 4 11 1 1 8 14 1 9 8 8 5 11 8 1 5
4 8 23 9 7 16 9 8 1 10 15 10 21 7 13 10 12 4 13 3
12 25 34 31 6 25 36 24 16 44 34 10 21 32 25 37 27 31 29 7
9 23 30 25 12 18 29 23 19 32 27 9 24 26 26 19 18 32 12 13
16 13 32 15 7 20 23 13 16 20 24 7 26 22 21 11 11 24 8 9
22 24 50 34 4 25 46 39 17 58 35 11 33 52 43 39 46 28 45 10
10 6 9 7 1 3 13 1 1 13 6 1 4 15 10 7 6 6 1 1
30 18 33 24 1 8 40 19 10 44 21 11 18 44 35 20 36 20 29 10
37 35 56 36 22 40 36 36 16 52 49 23 35 21 36 34 33 41 31 34
20 10 48 28 20 34 48 27 19 39 47 21 35 41 26 31 38 37 32 18
5 13 27 20 14 23 17 33 8 35 29 17 32 10 22 18 26 34 6 29
8 8 17 11 3 11 13 7 1 20 9 7 15 17 13 14 10 7 8 5
30 35 49 28 9 22 32 23 23 49 31 1 19 31 39 23 24 39 17 20
39 22 56 47 14 37 63 40 15 63 59 21 38 52 45 40 51 54 42 41
5 10 7 12 1 5 14 5 1 18 11 1 5 14 11 14 11 9 5 4
31 29 48 33 11 15 32 20 6 41 24 21 25 38 43 27 37 24 30 21
5 8 18 9 7 14 8 6 4 14 13 8 19 12 13 11 10 8 8 8
3 4 11 8 1 6 17 5 1 17 16 1 11 15 8 10 10 8 3 4
2 5 12 5 3 11 8 4 1 12 5 7 12 7 2 12 1 1 7 1
5 5 12 3 1 5 9 1 3 9 6 4 10 10 6 5 4 7 4 3
15 27 34 27 4 24 40 27 17 51 39 5 16 27 23 35 33 35 21 20
30 29 60 48 23 45 53 46 24 67 57 16 46 41 41 48 35 54 38 35
3 6 1 15 1 1 12 1 1 18 9 1 1 19 10 13 13 1 5 1
14 26 43 20 15 30 38 25 28 34 39 11 30 26 21 28 24 38 22 12
7 4 15 6 6 11 11 5 1 8 7 10 14 12 8 11 4 7 10 1
12 6 25 21 3 12 36 21 1 43 23 7 19 32 27 28 32 23 18 19
28 28 52 28 16 33 27 25 12 47 32 11 27 23 35 34 27 31 24 18
18 10 16 15 1 7 24 5 6 23 15 3 4 26 13 9 12 14 6 6
14 11 15 15 1 4 15 3 6 17 7 5 8 24 13 5 9 13 8 5
18 45 53 51 26 36 48 43 27 59 40 33 41 55 42 41 42 44 44 27
1 1 7 1 1 2 5 1 1 3 1 1 6 5 2 2 1 1 1 1
32 30 56 33 22 39 49 32 25 49 45 27 37 42 27 37 25 39 38 9
25 21 49 33 14 21 38 29 7 48 38 9 27 38 43 20 48 32 24 18
1 3 4 1 1 5 7 4 1 6 7 1 5 6 2 1 1 3 1 1
9 1 15 9 2 3 18 1 1 17 15 1 7 18 13 5 11 11 1 5
16 16 18 14 1 5 20 6 9 26 16 1 3 19 13 8 10 24 7 8
20 2 37 2 10 14 33 24 13 24 23 8 27 28 24 5 27 29 17 6
8 5 10 7 1 5 11 2 7 8 8 2 8 14 8 4 3 12 2 1
15 20 33 20 11 24 17 14 15 24 24 14 28 17 19 22 9 22 16 6
12 12 44 15 21 34 31 26 20 24 34 24 39 24 14 23 17 31 24 9
5 4 4 11 1 1 10 1 1 12 7 1 4 19 8 2 7 3 1 1
34 24 48 40 26 33 49 44 22 61 51 17 38 35 46 35 51 49 23 39
9 9 10 14 1 1 16 1 1 23 6 1 1 18 11 11 13 7 5 3
10 3 12 1 1 1 14 1 1 12 5 1 1 8 9 4 4 8 1 1
18 15 33 21 9 17 19 13 14 29 23 1 23 23 26 8 16 28 3 12
28 33 42 21 6 26 42 26 29 48 34 2 20 28 26 28 12 42 17 22
8 8 12 5 1 6 14 5 4 15 11 1 9 15 12 5 6 7 1 4
27 29 44 35 15 13 32 30 15 47 31 12 29 40 45 8 29 43 15 31
7 7 10 6 1 7 13 1 6 11 6 4 6 11 3 9 3 11 4 1
15 7 28 10 7 13 29 26 4 35 19 4 22 18 28 8 27 28 7 19
38 25 59 42 18 36 59 38 12 53 55 30 39 49 40 44 42 39 48 21
42 46 67 48 19 33 38 44 37 72 44 8 40 51 65 33 52 53 29 27
17 14 23 9 1 17 24 5 15 22 18 6 12 17 7 18 5 20 11 4
23 23 60 33 24 32 46 42 21 48 40 31 47 49 36 23 38 46 35 25
15 23 29 30 4 8 34 19 12 42 24 10 19 38 27 16 23 31 16 20
8 4 11 8 1 7 14 1 1 14 5 5 7 16 7 13 7 2 5 1
20 13 48 20 19 28 36 34 22 36 27 21 44 40 30 19 30 34 27 9
24 12 36 28 1 18 48 22 4 45 38 7 18 39 28 25 32 32 25 20
18 15 44 23 16 27 39 24 20 35 39 18 32 37 22 20 31 37 21 17
4 1 10 8 1 2 12 1 1 11 8 1 6 15 7 9 9 4 5 1
6 10 15 18 1 10 19 6 6 20 19 5 16 23 15 17 16 10 9 4
6 1 23 8 8 16 28 14 4 20 24 10 21 22 12 13 18 15 13 7
5 14 22 22 8 17 20 10 5 23 18 12 20 22 15 23 20 11 19 1
22 17 32 20 1 8 35 25 11 47 16 8 22 38 31 13 29 30 14 16
24 14 33 23 2 8 43 22 21 47 26 1 21 45 33 20 25 35 15 6
18 25 44 39 15 25 40 30 10 49 43 17 26 46 41 31 49 27 35 19
29 17 34 19 6 14 30 15 10 33 14 15 14 33 22 14 17 28 19 13
13 11 34 19 17 26 16 20 10 25 27 12 28 7 19 19 20 28 9 21
9 8 29 14 19 26 29 28 21 24 26 21 30 27 9 17 20 33 21 14
10 20 38 24 16 23 32 27 20 27 30 19 32 33 25 15 21 35 22 15
33 13 58 23 14 32 62 39 25 50 53 14 42 45 41 30 48 48 37 18
16 1 25 23 3 6 35 19 3 38 25 1 14 36 30 15 30 27 12 15
14 30 29 41 12 18 35 33 9 58 32 23 25 37 31 36 28 29 26 21
23 21 44 37 13 18 27 21 5 43 30 16 29 38 37 19 26 23 22 12
19 11 32 29 14 23 49 30 12 42 38 16 23 46 26 28 37 32 32 19
6 12 20 12 1 10 7 4 1 18 6 4 13 17 16 13 10 2 11 1
8 5 11 6 1 9 14 7 1 16 10 5 11 16 9 9 6 7 5 5
8 9 9 12 4 8 20 8 7 20 12 4 10 21 7 9 7 10 4 1
4 5 4 7 1 1 10 1 2 12 5 1 2 14 6 4 4 7 1 1
15 19 56 50 30 46 50 49 18 59 54 30 53 51 43 54 58 47 50 32
31 27 51 48 15 36 49 35 22 63 52 11 37 46 46 46 43 50 35 31
11 6 22 23 3 14 39 24 2 41 31 16 21 32 22 26 33 27 14 22
21 14 39 26 8 17 50 31 1 45 38 23 24 36 27 26 38 31 30 21
7 9 6 7 1 3 13 5 3 18 6 1 3 12 6 8 5 12 3 5
31 42 66 36 24 46 59 41 39 59 49 25 43 46 39 47 32 52 39 22
24 23 49 27 21 35 39 34 25 46 42 14 39 23 29 20 29 49 13 25
21 5 32 9 2 17 41 15 9 31 28 5 17 24 18 18 19 25 14 8
12 6 18 3 1 9 18 3 8 14 15 1 10 12 8 3 2 15 1 1
21 20 49 37 8 28 57 45 11 68 52 10 27 41 45 43 56 46 28 28
22 16 27 28 1 5 37 24 1 52 24 14 13 37 36 22 40 35 8 29
28 22 46 26 14 17 31 27 6 38 34 13 27 27 42 10 40 32 20 21
5 14 14 14 6 9 20 13 11 20 14 3 15 22 12 8 4 17 3 3
1 1 3 2 1 1 10 1 1 5 8 1 1 5 1 2 2 3 1 1
16 22 26 23 1 5 18 8 7 35 11 5 13 31 28 14 19 18 13 10
12 13 14 13 1 4 20 11 6 27 9 1 6 18 16 11 16 20 6 12
15 7 21 14 1 8 22 1 3 19 16 5 11 23 15 16 16 7 11 5
6 7 5 8 1 4 11 4 3 18 5 2 5 16 7 8 5 9 2 4
19 27 51 30 15 30 29 33 14 49 30 9 34 28 38 24 29 39 15 18
30 30 61 44 11 44 52 36 20 61 55 12 35 50 47 59 48 34 47 22
18 4 36 20 10 17 42 26 13 38 33 6 29 37 30 13 33 33 19 8
13 36 59 54 29 46 50 49 25 62 55 30 55 57 47 58 48 39 52 22
23 9 33 11 1 10 44 31 8 46 23 14 24 34 28 18 37 30 20 18
26 18 45 19 7 18 41 27 23 44 22 9 28 38 33 17 22 42 18 18
16 10 25 16 5 10 28 14 12 33 20 1 15 25 20 10 16 30 2 14
2 4 3 4 1 1 5 1 1 7 3 1 3 6 8 4 4 1 1 1
11 3 12 1 1 5 14 1 2 9 7 1 3 9 7 5 1 7 1 1
20 19 30 22 9 17 22 11 10 31 28 1 15 17 26 19 25 24 11 17
18 12 33 19 2 10 26 13 8 28 14 7 22 34 25 9 16 18 12 4
6 8 20 18 6 15 18 8 1 22 23 10 15 14 10 26 10 8 17 1
5 10 11 16 1 10 17 5 1 20 16 6 12 17 14 21 16 1 12 1
17 35 51 48 16 25 41 34 20 61 40 9 33 56 54 31 46 34 29 18
10 18 16 20 1 6 18 13 10 30 12 1 9 21 19 14 17 23 7 9
8 8 13 7 1 3 8 1 1 15 1 2 4 15 13 11 8 1 7 1
31 27 59 30 14 25 52 42 20 53 35 23 41 45 40 19 32 49 31 23
3 9 15 12 3 9 22 13 5 26 17 4 17 19 11 10 14 16 5 7
20 35 48 44 29 33 42 38 28 57 47 17 43 42 46 30 37 47 17 31
3 3 15 2 1 8 13 3 1 12 9 3 12 7 7 9 4 5 4 1
12 12 18 21 3 8 21 4 1 27 16 8 12 26 20 22 22 7 17 7
19 30 55 30 15 39 25 25 13 35 41 14 31 21 35 30 35 25 33 14
6 16 28 25 12 22 50 35 21 44 39 14 24 34 18 32 29 44 19 15
1 8 25 11 10 19 12 15 9 10 17 13 29 12 10 9 9 14 13 3
10 8 37 18 11 19 40 26 9 41 29 11 27 35 27 25 37 28 24 10
14 17 39 44 10 24 30 23 6 46 36 8 33 40 41 36 40 29 28 18
3 4 18 4 9 15 13 11 4 6 19 8 20 6 10 4 12 9 8 7
1 1 3 1 1 3 7 3 1 8 4 1 5 8 3 1 1 4 1 1
15 16 37 14 3 11 28 21 15 36 15 3 29 30 31 11 17 29 13 6
12 9 14 27 1 7 36 23 1 41 25 5 8 30 22 28 34 25 18 22
19 25 32 15 1 21 20 12 15 28 22 3 8 18 21 28 17 19 21 7
8 22 40 33 21 30 44 39 23 49 41 23 39 34 31 31 32 48 17 35
8 19 33 28 16 19 36 28 16 44 32 9 29 35 30 18 26 32 12 16
19 10 34 26 5 12 31 16 5 41 24 7 21 37 29 19 27 23 20 9
29 28 59 27 20 31 57 46 35 58 31 22 43 54 39 31 40 55 37 19
27 19 37 25 12 18 23 19 9 37 19 17 28 34 31 20 20 16 24 6
19 9 21 13 1 1 25 12 1 26 12 6 6 24 23 2 20 18 9 18
24 35 61 36 19 35 46 45 26 61 49 15 34 44 45 28 50 53 30 27
19 34 40 37 16 28 53 33 31 59 46 11 28 40 34 38 31 46 24 28
28 41 69 53 28 43 52 44 33 65 60 19 45 60 54 41 58 49 37 26
12 7 25 20 5 15 26 10 2 29 23 6 17 20 20 23 22 15 13 10
32 24 34 17 1 17 39 18 12 42 23 9 8 28 21 18 19 34 19 18
12 9 25 16 2 10 18 1 1 22 15 6 13 18 16 20 15 4 12 1
13 9 18 10 1 6 21 7 7 25 8 5 12 24 14 11 12 15 6 4
23 41 59 52 26 39 35 33 19 54 47 22 45 40 46 40 36 35 33 21
7 4 19 17 5 13 32 19 1 26 28 8 18 21 18 19 25 20 14 16
15 23 47 25 23 31 38 37 26 40 27 24 44 39 32 22 20 35 29 11
1 4 6 6 1 1 8 1 2 14 7 1 8 13 5 4 5 6 1 2
34 50 62 45 16 34 60 41 33 74 47 26 32 51 45 48 40 57 40 39
10 3 15 3 1 3 15 11 6 20 5 1 12 19 13 1 6 15 2 2
24 26 58 53 18 39 40 42 8 66 47 14 42 54 55 45 56 34 42 24
22 16 25 22 1 5 32 14 4 34 20 8 11 35 19 8 17 24 12 11
7 16 22 14 13 22 5 15 1 17 17 17 24 4 13 20 4 1 17 1
13 41 57 50 23 35 38 53 24 76 41 19 43 48 53 46 50 48 29 35
4 2 4 6 1 1 12 1 5 9 4 1 1 13 1 3 1 10 1 1
26 17 33 10 1 21 27 12 14 22 32 1 9 12 16 13 12 24 15 18
20 15 30 21 5 17 35 17 11 36 21 9 18 33 18 18 19 27 14 7
13 11 25 18 13 22 25 15 4 25 20 17 22 24 12 22 15 10 20 1
18 29 40 34 16 24 25 22 18 37 32 8 33 30 38 17 25 31 13 21
20 6 21 24 1 9 47 31 7 53 23 16 17 42 26 28 33 38 11 21
12 12 22 17 8 11 32 20 14 30 17 5 18 33 17 9 14 23 8 3
4 3 4 8 1 1 11 1 2 13 5 1 3 17 4 2 2 8 1 1
29 16 38 26 6 15 66 46 24 63 41 16 30 50 37 27 44 55 22 20
9 7 8 16 1 1 15 1 2 21 8 1 3 25 11 5 12 10 5 4
18 4 18 2 1 1 21 9 5 22 6 1 5 15 18 5 11 18 3 3
20 16 42 17 9 22 28 18 8 28 24 11 24 27 31 18 28 22 20 7
5 4 14 6 5 14 22 14 3 20 12 9 14 15 3 10 9 14 9 7
35 24 50 36 19 35 44 31 22 50 54 10 30 33 39 32 40 42 24 26
20 27 53 56 25 39 43 42 16 58 51 23 51 52 50 44 41 40 40 32
1 2 14 9 3 9 16 7 2 12 18 3 14 12 7 7 11 12 4 6
1 1 8 1 1 3 5 1 1 2 1 2 7 5 1 3 1 1 2 1
34 36 52 29 10 28 40 28 20 47 44 16 27 29 34 26 32 44 32 28
24 16 42 18 12 28 28 14 11 30 28 11 26 22 26 21 19 25 16 12
25 37 50 31 15 35 58 41 30 62 42 23 30 39 33 41 29 55 29 32
8 4 14 10 1 10 21 5 3 20 12 5 11 21 5 12 6 11 7 2
5 3 6 1 1 3 8 1 2 6 8 1 2 7 4 1 1 8 1 1
19 21 30 30 2 3 31 12 10 35 25 8 18 40 29 12 22 24 14 14
19 34 49 40 24 32 50 32 27 47 41 29 39 52 36 34 35 39 35 19
14 13 25 31 10 18 31 27 4 48 36 15 24 29 30 27 41 31 13 32
15 17 32 31 15 24 28 28 3 45 32 17 31 27 27 29 25 16 25 12
26 23 41 27 9 18 33 19 17 44 19 13 26 38 31 31 26 26 24 4
28 36 53 52 9 24 45 27 18 62 45 13 30 54 51 40 46 40 36 24
18 16 24 25 1 9 28 7 5 29 27 10 13 32 24 18 26 15 18 12
11 11 14 14 1 4 23 7 1 28 10 1 6 19 13 16 13 13 7 7
31 17 40 22 5 18 41 21 14 48 24 10 22 37 30 30 28 27 29 5
12 20 33 25 11 16 33 31 11 52 23 15 29 31 29 27 25 33 13 19
23 9 35 17 4 13 34 15 18 36 25 1 21 32 26 12 23 32 10 7
2 4 7 6 2 2 6 3 3 11 7 1 7 10 8 3 7 8 1 7
30 54 66 54 24 37 40 45 33 67 40 30 45 63 63 43 47 39 48 27
39 39 68 45 20 44 60 43 35 54 65 26 42 46 39 42 43 56 48 34
11 4 19 12 1 5 21 4 1 14 18 4 10 20 15 4 16 5 8 6
22 26 60 38 32 50 50 44 39 55 62 25 51 37 28 44 43 57 32 30
37 23 42 21 1 11 46 21 21 53 26 6 19 43 36 21 36 36 26 14
13 8 19 10 2 10 19 6 6 20 8 6 13 23 12 11 5 14 6 1
35 40 50 42 21 29 37 41 16 59 33 30 39 38 43 30 28 29 33 24
17 20 34 28 9 11 41 27 15 48 31 11 19 38 33 15 29 42 9 29
18 8 22 14 1 11 26 7 7 22 20 3 10 24 14 10 13 17 6 8
9 4 11 16 1 6 29 10 1 27 21 1 3 22 13 18 16 15 7 4
17 10 22 3 1 15 20 4 13 15 18 3 8 10 6 12 3 18 9 5
1 1 13 9 5 9 23 13 1 17 21 3 13 12 9 7 17 14 6 10
15 22 36 37 11 16 47 32 19 55 31 10 28 53 41 26 34 37 23 23
14 9 28 5 2 16 21 7 7 26 18 2 13 11 14 13 9 24 6 10
22 11 22 21 1 1 33 13 1 33 21 8 6 33 24 10 25 20 14 17
17 17 32 28 9 13 38 34 8 59 30 6 21 33 37 26 47 36 15 26
37 29 46 22 8 32 45 23 27 46 33 8 17 33 15 39 19 36 29 17
10 4 14 9 1 5 15 3 2 15 12 1 9 20 15 3 10 7 1 4
24 11 26 16 1 7 45 27 12 49 22 8 19 37 30 21 36 32 18 17
21 17 31 25 8 16 37 16 11 46 31 1 13 28 29 26 30 31 14 18
33 39 56 49 17 26 48 46 12 74 43 30 37 52 52 42 56 44 39 36
11 1 8 6 1 4 14 1 1 13 6 1 5 18 11 5 5 7 1 1
20 21 52 29 24 37 49 42 21 49 45 26 43 33 29 32 27 47 23 22
8 10 17 16 1 11 30 17 1 33 18 8 8 18 11 26 24 19 11 12
7 9 5 8 1 1 10 7 1 19 1 1 1 11 10 5 10 13 3 8
17 14 20 18 4 6 25 19 4 32 22 11 11 25 23 6 26 25 11 26
11 11 16 22 1 8 32 11 5 36 22 1 5 26 17 27 21 19 15 8
25 23 48 40 13 20 41 38 4 68 34 18 30 41 48 37 54 37 29 29
5 13 16 12 2 9 11 9 1 17 13 2 9 16 18 13 15 2 10 2
27 31 60 45 25 37 41 48 27 66 47 18 45 48 54 38 60 47 35 23
20 42 57 49 21 33 35 42 18 62 39 19 41 46 53 29 43 41 31 34
21 29 48 36 14 24 27 27 10 45 32 13 31 37 43 18 40 30 22 18
7 4 15 10 6 11 15 5 1 14 9 10 14 14 7 15 8 5 10 1
19 7 20 8 1 5 29 11 9 29 10 1 8 25 17 10 14 20 6 1
18 17 17 22 1 4 22 10 5 25 16 10 11 31 18 8 17 15 13 11
3 1 12 6 1 6 5 1 1 5 7 3 12 11 11 6 9 2 3 4
28 25 44 38 18 27 56 44 14 54 48 39 36 44 29 35 44 48 35 32
9 13 13 15 1 9 14 9 9 21 8 4 14 24 11 9 7 11 5 1
17 34 48 43 17 34 21 25 18 50 39 12 33 31 37 41 36 26 25 14
41 21 55 32 15 21 45 28 16 45 34 24 34 46 43 25 40 38 32 25
24 25 42 30 1 16 33 21 14 52 23 2 14 45 37 30 37 25 27 9
11 14 25 17 7 13 12 12 5 31 14 5 20 21 27 12 19 19 8 13
16 12 25 10 3 24 36 12 15 25 30 6 11 16 2 23 10 24 19 5
10 8 21 14 5 14 22 10 1 25 11 9 14 23 12 16 14 10 12 1
24 18 30 28 3 5 36 18 7 36 26 11 16 43 30 11 27 24 17 12
28 13 37 13 12 26 59 41 22 49 37 23 23 33 20 29 35 54 19 22
9 6 11 5 1 4 14 8 4 22 1 3 7 19 8 5 3 14 3 4
9 7 14 6 1 7 17 5 1 15 12 1 11 15 13 8 8 6 1 4
1 10 4 13 1 1 10 1 1 16 7 1 4 11 7 15 12 1 6 1
26 27 44 24 11 29 29 24 13 41 23 15 23 30 29 33 19 21 28 1
16 13 24 14 4 15 28 18 12 32 17 13 15 20 12 20 16 31 12 15
24 20 34 11 9 23 22 18 18 34 30 1 14 8 18 16 13 34 7 22
10 13 10 14 1 5 11 6 1 20 8 4 6 17 16 10 13 10 8 9
32 31 57 46 23 31 42 39 27 62 43 15 48 49 56 32 46 43 26 25
7 17 23 17 4 13 12 10 4 21 15 5 18 21 22 13 19 10 13 4
39 37 53 40 6 26 59 33 29 63 51 11 23 50 39 36 31 51 35 33
9 10 12 14 1 5 11 5 1 19 10 4 9 18 15 12 15 8 7 8
6 1 22 5 2 16 15 4 4 8 21 1 15 4 8 9 8 13 3 5
14 22 35 32 13 25 38 23 24 39 33 14 28 37 27 31 21 35 22 16
34 25 55 48 16 25 56 44 23 69 48 7 45 61 62 33 53 51 32 28
4 1 4 6 1 2 11 4 1 9 7 1 2 11 6 5 5 8 1 4
14 13 27 33 6 17 36 25 3 46 27 13 22 36 24 33 32 28 28 21
17 6 41 14 15 26 32 23 13 26 27 14 33 24 22 12 22 32 16 11
12 15 19 18 4 11 17 5 10 22 11 8 15 22 16 19 13 15 10 1
33 11 36 21 1 14 47 20 11 40 27 9 14 39 28 18 28 29 23 12
31 9 38 31 6 29 66 41 9 57 49 22 26 44 33 43 43 48 22 30
27 28 38 24 7 22 27 11 12 37 20 14 14 29 25 27 19 23 26 9
13 17 39 28 19 32 39 34 22 38 37 19 23 36 19 36 39 32 31 15
12 11 22 12 4 14 13 7 1 15 13 11 13 14 8 8 5 10 14 2
18 21 36 30 3 15 38 27 14 52 27 5 22 46 38 30 37 25 28 6
17 24 29 35 3 9 47 28 10 58 28 9 15 45 33 27 32 35 18 19
30 28 54 40 34 48 40 41 18 50 55 29 48 16 36 41 36 31 33 29
18 24 36 31 10 25 40 19 22 39 33 13 24 38 24 27 18 34 23 14
8 5 10 12 1 7 14 5 1 11 11 1 7 17 10 7 11 5 5 4
6 5 17 4 1 7 11 1 2 14 7 4 11 10 8 10 4 10 4 3
32 16 49 13 17 28 47 45 18 46 33 28 39 30 29 21 29 43 32 16
30 6 61 29 31 42 54 41 29 47 47 30 49 49 24 33 47 49 36 25
32 20 51 41 19 44 54 35 21 53 58 18 42 44 39 46 41 47 38 30
8 10 27 21 5 13 15 8 9 21 20 1 21 20 20 10 16 21 3 7
30 20 45 39 6 28 48 24 13 43 50 14 29 44 37 33 38 37 35 24
7 8 21 10 1 10 15 10 1 21 14 1 13 10 17 8 17 17 5 12
3 1 12 5 1 6 12 1 2 8 11 1 12 13 6 5 4 7 1 1
8 1 7 2 1 3 16 1 1 8 7 1 1 13 3 1 1 5 1 1
9 6 19 5 3 12 18 11 4 15 16 6 16 13 11 6 9 17 6 9
21 15 30 3 1 21 35 18 13 32 23 4 12 13 11 18 9 30 12 14
10 11 7 11 1 3 12 7 5 22 5 1 4 19 11 6 8 13 4 8
25 37 56 39 25 40 46 40 22 61 47 26 44 25 34 44 31 37 32 21
1 6 24 10 11 18 35 25 10 29 28 15 20 19 8 22 28 30 15 14
35 41 54 41 3 30 45 23 26 59 44 7 19 44 37 43 35 37 37 23
7 1 7 1 1 1 12 1 1 9 1 1 1 12 6 1 1 6 1 1
18 25 42 25 15 28 16 20 4 28 28 19 29 16 28 28 20 14 28 6
21 19 35 21 9 23 48 23 22 42 35 9 16 38 20 31 27 34 24 3
9 7 16 8 1 6 10 1 2 14 13 1 6 6 14 8 11 12 1 6
5 19 17 22 7 13 21 12 14 27 15 8 19 25 14 20 10 18 9 6
29 9 35 15 5 10 53 32 15 44 27 12 18 42 24 9 37 41 23 16
7 7 3 6 1 4 9 3 1 11 5 1 4 11 7 7 5 1 1 1
39 32 53 41 25 34 53 50 23 69 37 31 45 43 42 40 42 38 42 21
19 17 30 22 8 14 23 12 8 37 23 1 13 22 28 15 24 27 6 16
4 27 40 41 14 24 39 31 15 54 37 11 34 44 40 35 34 31 27 18
34 35 57 34 12 30 37 32 17 51 29 20 30 42 40 30 30 32 38 5
28 32 43 36 8 19 33 15 14 42 34 18 25 37 35 31 34 30 28 19
3 23 29 29 5 15 18 18 10 41 18 4 21 32 28 26 22 18 15 10
29 23 34 15 4 30 53 32 21 48 40 9 10 22 8 37 22 42 22 27
20 12 36 32 15 24 34 33 8 48 41 14 30 26 35 28 43 34 16 32
12 15 26 17 6 11 11 8 7 19 13 11 20 20 20 10 14 18 14 12
29 22 47 34 16 21 40 38 19 58 28 18 39 46 41 26 36 37 28 21
15 29 36 40 13 16 28 27 14 55 30 2 23 38 41 25 36 33 13 21
19 26 42 26 10 16 39 29 21 50 23 12 27 38 39 23 30 43 16 24
10 2 12 6 1 2 8 2 1 12 8 1 7 16 15 1 9 5 2 7
29 40 60 47 26 39 59 52 24 72 47 34 41 50 44 50 42 52 37 26
5 27 38 45 10 23 39 39 12 62 41 3 30 41 41 35 43 37 22 26
36 41 62 46 35 44 35 48 27 65 46 28 51 32 51 39 34 52 23 34
5 2 8 6 1 5 9 4 2 10 8 1 9 14 9 3 6 7 1 4
32 40 66 37 18 33 61 45 33 65 48 18 35 54 48 33 45 59 37 27
5 5 12 8 1 6 12 3 2 18 8 5 12 17 9 12 9 8 5 6
5 8 12 7 1 4 5 2 4 11 7 3 11 11 11 6 6 11 3 3
35 27 52 35 7 32 58 30 24 54 53 8 29 46 36 35 35 45 35 23
11 12 18 19 5 9 18 7 3 22 20 1 13 21 21 12 21 10 6 10
1 1 1 3 1 2 12 6 1 13 6 1 3 10 2 3 2 7 1 2
10 27 35 28 5 22 14 17 7 33 20 9 19 31 29 26 25 9 28 6
6 12 21 19 6 12 24 16 1 34 20 13 16 14 15 29 21 15 17 11
38 12 36 36 1 15 65 39 9 67 41 18 18 54 43 38 52 50 22 32
8 3 18 18 5 14 27 16 1 28 19 9 16 26 14 21 15 10 17 6
20 19 33 23 8 19 30 16 12 36 32 4 19 25 24 13 22 32 10 17
31 28 52 35 12 43 58 40 24 61 58 3 28 34 25 45 37 51 35 36
19 23 40 29 12 19 27 22 9 32 30 20 33 31 31 15 28 29 23 19
8 6 12 6 1 2 9 1 1 9 8 1 8 12 13 5 9 6 2 4
5 1 5 1 1 2 10 1 1 5 4 1 1 6 1 1 1 6 1 1
5 1 5 1 1 1 6 1 1 4 5 1 2 8 5 1 1 4 1 1
6 5 9 6 1 4 10 6 5 15 9 1 11 16 11 2 5 10 1 7
23 6 32 18 5 16 46 25 14 43 23 9 20 36 23 24 27 33 22 10
8 13 22 28 6 10 31 16 12 35 27 1 22 37 27 19 21 20 12 11
21 18 47 11 18 41 40 26 29 24 42 21 33 22 13 31 21 38 31 17
10 5 13 9 1 5 14 7 3 21 2 4 9 20 11 6 9 12 6 8
18 31 42 35 24 25 38 35 26 53 33 12 34 37 42 22 30 48 12 33
22 14 21 11 1 13 26 10 13 24 19 2 1 16 9 16 10 24 13 13
35 34 54 42 16 31 37 24 11 56 47 19 30 33 40 37 37 34 33 25
34 16 60 24 21 29 48 38 18 38 41 27 44 44 43 17 46 42 36 25
16 19 39 35 17 21 33 28 15 48 26 13 33 41 35 23 28 33 18 23
16 9 25 4 3 17 24 12 8 25 11 7 9 10 3 15 1 23 12 6
26 22 42 30 9 14 28 16 1 39 27 18 23 29 33 24 28 21 23 17
2 7 7 14 1 4 22 8 1 24 15 1 2 14 8 16 14 11 7 4
12 24 31 39 12 15 38 29 16 54 37 7 22 36 37 29 38 40 14 27
14 9 14 8 1 10 30 15 11 29 16 7 6 16 5 13 12 29 4 15
17 40 56 61 20 36 36 38 21 63 51 13 43 52 59 46 52 38 35 29
1 5 10 6 1 5 5 3 3 9 8 1 14 12 9 2 3 5 1 1
11 18 35 25 16 23 31 23 21 31 32 8 30 30 29 14 16 34 8 18
21 31 46 26 8 32 39 28 22 44 38 12 21 34 26 33 34 35 33 13
29 33 54 39 20 30 57 42 20 55 55 28 32 45 40 40 58 48 40 34
9 11 15 13 1 9 14 5 1 19 10 8 9 18 12 10 12 7 12 4
16 18 38 24 14 22 21 19 10 37 22 12 29 23 26 21 17 27 12 12
10 1 19 5 1 12 19 4 3 7 17 3 12 13 8 6 8 11 4 1
3 10 11 12 1 8 14 4 1 22 7 5 8 15 8 18 10 9 9 3
11 16 25 31 1 9 34 19 7 39 27 4 18 40 26 17 21 24 17 11
8 18 26 21 10 20 28 20 9 30 25 10 15 27 16 25 26 17 21 4
4 3 2 8 1 1 11 1 1 13 3 1 2 17 3 7 5 3 1 1
15 34 54 43 38 42 45 46 35 55 55 26 53 41 40 35 44 53 24 33
8 2 7 5 1 2 10 2 1 11 6 1 4 15 10 2 6 4 1 2
31 28 42 28 1 17 37 15 12 43 25 13 18 38 30 24 23 30 22 9
6 19 27 24 13 16 22 20 12 33 25 3 27 23 25 11 15 26 3 15
40 47 61 55 32 37 32 39 21 56 48 36 50 39 53 38 42 39 39 33
47 35 58 36 19 27 49 41 18 62 40 34 36 41 43 35 38 45 38 30
1 1 14 2 1 10 6 2 1 3 10 3 15 5 9 4 5 2 3 2
18 6 38 9 13 21 39 24 19 30 29 12 26 31 19 15 26 36 15 10
9 10 24 12 6 11 15 12 1 26 16 1 16 16 23 8 18 14 5 9
8 6 8 8 1 2 12 1 1 16 5 1 2 16 7 4 6 6 2 2
3 2 9 8 1 6 13 3 2 8 12 1 9 13 5 5 5 8 1 1
35 38 69 45 17 30 46 41 22 61 39 18 45 55 60 27 46 47 36 24
5 29 40 48 7 21 19 25 8 52 32 7 27 41 43 36 42 21 32 15
9 5 9 7 1 1 9 1 1 10 5 1 4 15 12 2 8 5 4 4
18 30 45 46 23 31 27 31 16 52 41 16 42 37 41 31 33 28 21 22
4 4 9 3 1 1 9 1 1 10 2 1 4 8 8 7 4 1 1 1
6 15 20 25 9 17 33 26 5 44 29 20 22 23 16 34 27 24 18 19
9 7 11 10 1 2 11 1 1 15 9 2 7 16 13 7 12 4 5 6
9 10 23 12 1 7 17 9 1 28 3 5 11 20 17 19 15 9 13 1
4 4 10 3 3 4 9 6 1 14 10 1 9 7 9 3 7 11 1 10
22 37 59 53 21 32 47 38 22 57 57 21 44 47 51 37 50 49 35 28
24 35 59 48 37 49 34 45 26 55 59 29 56 26 40 44 37 42 31 21
33 11 41 18 1 19 57 31 17 55 36 2 23 41 32 31 34 42 30 18
4 3 6 9 1 4 8 1 3 9 10 1 7 14 9 7 9 4 1 3
26 24 50 34 6 19 55 38 23 58 36 13 40 56 46 28 43 41 38 11
32 40 61 38 17 38 37 36 27 59 42 8 35 37 47 34 33 47 21 24
28 31 45 30 12 28 57 35 29 52 49 13 24 41 27 30 32 49 30 24
14 6 17 5 1 3 18 7 1 24 1 1 4 17 14 7 10 16 5 3
13 5 15 7 4 8 17 7 1 12 11 4 10 18 14 3 8 6 6 3
12 33 47 33 14 37 47 42 30 56 49 18 31 38 27 47 45 45 36 19
35 22 51 19 14 32 56 26 24 41 50 16 23 37 25 31 34 39 32 20
14 12 19 14 9 13 25 12 6 17 19 11 12 21 14 10 18 14 14 7
6 5 16 3 1 3 6 1 1 14 3 1 9 11 16 8 9 2 4 1
31 22 50 32 20 25 65 48 35 65 38 22 38 60 36 31 52 56 38 22
19 9 29 11 1 10 32 14 9 32 16 3 17 26 21 15 20 21 12 2
9 4 19 2 1 7 17 6 1 14 13 1 12 9 13 4 8 10 1 4
27 29 52 51 9 27 40 32 6 62 45 15 30 56 57 42 56 28 42 27
39 34 52 27 3 27 61 39 35 67 39 3 24 43 32 36 33 53 32 23
6 1 15 3 1 4 17 3 1 13 12 1 9 11 10 3 8 5 1 2
18 12 40 30 3 27 59 39 5 57 45 17 23 38 31 46 46 41 29 21
28 36 48 40 10 15 37 34 13 58 33 10 24 44 50 18 41 44 21 30
5 16 28 31 12 17 35 28 10 46 33 7 27 32 29 23 36 30 19 17
16 13 22 16 3 6 18 10 8 31 9 4 16 28 26 13 20 17 8 8
16 4 14 6 1 1 22 9 1 26 1 1 1 23 14 1 11 18 2 6
6 3 8 2 1 4 10 3 1 8 5 1 3 8 6 1 4 3 2 1
33 25 45 22 13 29 52 29 26 41 43 21 22 40 19 25 28 44 32 20
29 34 55 31 18 37 34 29 23 44 42 14 37 27 34 24 26 43 24 24
10 8 16 8 1 4 18 8 1 21 9 1 6 15 16 6 11 10 5 5
5 5 26 13 17 22 16 21 7 15 28 8 27 13 18 8 24 20 8 13
22 16 31 30 1 11 41 29 10 56 20 2 18 49 37 29 40 27 29 11
27 25 49 24 13 31 45 29 22 50 32 17 31 33 23 35 25 37 33 4
14 10 15 11 1 7 11 5 5 18 6 7 9 21 14 6 9 10 10 8
8 8 10 7 1 2 9 1 1 13 4 1 6 13 14 7 9 4 3 2
19 16 48 41 23 38 49 35 16 44 49 27 44 48 37 49 49 37 45 21
17 14 27 26 7 11 33 20 4 29 34 16 20 32 26 16 32 18 25 16
12 8 15 11 1 4 13 2 3 17 6 4 8 21 14 5 10 9 7 6
42 35 54 43 17 20 45 31 19 58 41 17 33 50 54 24 50 44 28 30
16 8 17 5 1 11 24 3 10 17 15 1 4 15 6 9 2 16 4 1
2 13 21 15 9 14 13 15 12 18 19 4 25 16 18 5 8 19 4 10
4 19 24 34 2 14 34 31 6 49 27 8 19 36 28 31 37 28 24 15
20 37 50 44 19 23 36 33 16 60 30 22 35 46 47 30 34 37 28 27
2 10 10 11 1 1 8 1 1 15 8 1 2 12 12 11 11 6 3 1
22 28 56 51 21 33 57 52 15 65 56 29 50 54 45 41 54 51 44 35
2 6 18 15 8 17 34 25 7 33 27 18 22 21 8 23 25 26 16 15
9 21 32 27 11 17 17 22 5 40 17 10 28 21 27 20 18 22 14 12
1 1 11 1 3 8 12 11 1 6 13 3 13 5 7 1 8 9 3 6
20 7 19 19 1 1 33 14 7 36 12 1 10 37 28 18 28 15 17 1
16 16 45 30 15 29 58 41 18 58 48 20 36 38 32 35 40 53 17 26
32 38 57 49 12 32 49 34 17 59 54 21 30 46 49 50 51 39 47 31
1 2 7 4 1 7 4 1 1 7 2 5 8 7 1 9 1 1 5 1
2 17 27 26 13 16 25 26 16 34 24 8 27 27 28 13 22 34 8 24
4 8 22 22 7 15 24 18 3 31 28 3 23 22 20 14 22 23 9 13
9 21 26 21 8 13 10 10 9 24 11 12 23 21 22 20 15 13 16 6
29 19 39 17 10 26 52 28 20 39 40 14 16 31 16 22 28 41 26 20
7 10 23 17 6 15 19 11 9 21 22 5 23 19 15 11 14 18 5 9
9 6 9 10 1 3 9 1 3 10 5 1 6 17 12 4 9 5 5 4
31 18 50 28 20 27 55 37 21 48 40 31 33 50 24 26 39 47 34 26
35 15 44 30 1 15 51 25 12 51 32 10 24 52 37 26 36 36 33 13
41 37 53 37 23 37 52 38 19 52 45 35 35 37 32 39 34 42 41 29
14 20 47 42 27 35 61 49 32 58 56 24 44 50 32 44 51 56 36 33
31 40 56 37 23 37 47 47 31 58 55 19 37 29 41 26 39 63 23 42
14 3 15 24 1 9 35 20 1 42 18 2 11 33 23 26 28 20 17 16
11 1 12 6 2 6 21 6 1 12 11 2 6 17 10 5 6 7 2 1
12 11 22 12 12 16 37 34 15 36 24 19 20 30 16 16 25 37 12 18
3 7 9 4 1 1 6 1 2 14 1 1 8 12 8 4 1 5 1 1
1 1 2 6 1 1 9 1 1 8 11 1 4 8 4 7 8 1 1 1
27 18 46 24 13 29 35 17 10 37 38 9 27 23 31 22 32 29 16 15
1 3 11 5 1 6 7 7 1 17 5 2 12 6 9 7 10 13 2 11
18 22 34 37 7 17 46 29 14 54 29 6 23 48 35 30 28 35 21 14
1 4 10 9 1 4 14 7 4 9 11 1 10 15 7 1 4 12 1 1
4 1 12 4 4 8 8 4 1 5 12 3 13 9 12 3 8 7 3 7
36 38 55 41 16 33 51 37 26 68 42 17 34 45 42 46 30 42 36 18
1 13 15 22 3 8 22 15 7 33 14 5 15 22 13 21 13 20 11 6
8 7 16 10 4 6 9 3 4 10 11 3 12 14 15 5 11 11 4 7
20 25 45 40 14 27 45 28 17 49 37 15 33 48 36 36 25 30 28 11
17 9 25 15 6 15 30 12 6 28 17 10 17 29 16 19 15 17 13 1
17 9 22 14 1 7 26 9 12 24 17 1 11 27 17 10 13 21 1 5
40 44 51 45 4 18 56 33 24 71 46 12 17 53 46 43 44 47 40 31
40 36 66 45 38 47 36 48 22 61 47 33 57 31 55 40 49 34 38 25
7 5 5 15 1 4 17 3 4 18 13 1 6 24 9 10 11 5 5 1
7 14 27 24 9 15 14 14 10 27 19 6 26 27 26 10 15 20 9 15
4 9 7 19 2 2 14 2 3 24 16 1 9 22 17 15 19 7 6 5
8 5 6 12 1 1 11 1 1 12 8 1 1 17 9 3 11 1 5 3
12 14 15 13 1 4 8 3 2 17 12 6 8 17 19 6 15 8 9 9
4 11 14 11 4 5 15 11 11 21 8 1 13 20 13 3 1 18 1 6
21 17 45 26 15 29 47 29 14 43 33 19 28 38 27 39 34 27 36 1
2 2 4 1 1 1 4 1 1 9 4 1 4 8 4 1 1 3 1 1
6 12 9 9 3 8 12 7 6 17 9 3 11 14 9 7 5 8 4 1
11 34 44 39 19 34 24 36 16 47 31 21 36 37 31 38 26 21 34 2
4 6 12 5 3 8 9 2 2 12 1 7 10 12 4 10 1 5 7 1
19 23 43 26 8 21 30 36 15 55 24 12 27 38 43 30 45 33 26 23
11 12 19 15 10 19 10 13 5 17 12 14 20 16 10 14 5 9 15 3
38 32 63 42 21 33 45 37 14 58 45 24 41 42 48 30 47 45 32 29
28 29 51 21 17 45 38 30 28 36 47 8 30 17 13 31 21 44 29 28
9 16 27 21 10 14 25 16 16 32 16 11 24 34 23 18 12 22 11 10
8 46 51 55 24 40 38 47 30 68 46 15 45 56 48 54 43 34 44 25
18 21 36 28 5 13 19 8 3 34 21 6 17 28 32 16 28 19 15 14
23 9 33 15 3 11 31 20 10 36 12 7 23 34 24 11 20 25 17 7
23 34 52 41 20 31 30 28 20 49 35 14 39 35 43 27 30 38 20 26
11 15 32 25 7 19 40 21 18 38 32 8 26 35 24 24 17 29 14 14
20 16 43 22 13 26 26 24 6 37 26 8 27 21 33 21 28 29 13 19
2 1 5 9 1 3 12 1 1 13 9 1 3 14 3 10 7 7 5 1
28 29 52 31 16 34 40 25 18 40 45 24 34 33 25 31 26 32 34 12
13 10 10 13 1 2 13 3 2 19 7 4 3 22 12 5 11 8 7 7
11 4 9 5 1 5 11 6 1 13 6 1 6 15 11 1 5 7 1 6
3 16 36 21 18 28 23 29 3 33 25 15 32 13 22 22 29 24 21 18
16 16 38 28 10 22 25 16 10 33 28 9 29 29 25 17 21 24 13 13
28 37 53 41 21 33 57 36 32 62 47 16 36 50 45 37 37 51 26 27
24 46 61 49 37 41 37 52 32 71 41 30 54 39 55 41 45 55 30 42
11 47 63 51 36 52 28 54 38 59 53 24 58 44 54 45 50 47 37 32
6 5 10 9 1 7 13 5 7 14 10 3 8 14 6 8 4 16 3 4
26 25 38 34 4 13 45 17 18 48 33 8 16 48 34 25 24 34 22 11
18 4 22 3 2 16 29 7 8 14 19 2 7 15 6 9 5 17 7 1
18 17 25 19 2 8 20 2 5 28 9 7 10 28 21 17 16 13 14 4
28 30 46 35 30 36 11 29 16 41 34 25 43 18 39 28 25 27 21 22
21 18 26 14 1 12 21 5 7 22 16 11 8 19 15 15 12 21 17 9
27 45 57 50 16 31 48 37 25 66 47 19 36 47 49 38 45 53 33 37
2 1 7 1 1 3 6 1 1 4 4 1 3 2 1 3 1 7 1 1
2 8 16 15 1 9 20 10 1 27 16 2 16 16 13 15 18 17 6 10
10 4 9 4 1 1 13 7 4 18 2 1 4 19 12 1 4 14 1 3
15 17 30 18 13 24 16 19 9 25 23 17 28 13 15 20 5 18 17 6
12 27 36 45 4 18 36 35 14 64 35 1 24 53 46 39 44 29 30 20
11 4 14 5 4 8 14 7 1 9 13 4 11 15 14 1 8 4 4 5
21 24 56 47 23 36 56 52 13 69 54 24 48 50 46 39 51 51 35 34
42 31 53 33 25 33 34 33 26 53 39 17 35 28 48 30 41 47 20 32
24 22 41 36 13 20 52 29 20 42 44 17 26 51 33 24 35 37 29 13
18 11 31 25 10 15 39 25 2 45 32 4 18 29 32 18 37 30 11 20
19 26 45 31 15 25 30 25 16 42 32 4 31 31 38 20 28 34 9 14
12 29 48 33 19 30 39 27 22 47 40 10 35 32 34 26 28 40 17 17
11 13 37 20 13 24 27 18 14 27 28 8 32 25 24 13 13 28 8 12
30 26 55 27 16 29 49 39 19 49 37 24 35 38 33 21 28 47 27 21
21 19 32 23 4 10 33 24 17 46 15 13 28 41 27 21 23 23 26 3
8 12 32 28 10 24 27 17 10 35 35 8 26 23 21 29 24 28 20 14
10 4 9 4 1 1 12 5 1 15 6 1 6 16 11 4 4 8 1 5
15 7 29 19 3 17 31 7 6 27 28 6 17 26 19 29 20 16 19 6
27 29 35 27 4 24 35 14 22 39 31 11 14 31 19 33 19 30 28 14
20 9 24 9 1 12 27 7 8 21 24 1 8 18 13 11 12 18 8 10
36 20 46 19 8 16 46 39 16 46 24 24 32 42 34 10 36 42 35 24
22 9 25 15 1 8 32 14 14 32 15 1 12 33 19 9 13 27 5 2
1 10 16 10 5 9 17 19 6 23 17 3 17 10 13 4 14 25 2 15
25 25 39 40 25 34 36 32 15 45 41 29 39 31 33 41 28 16 37 15
18 12 32 29 10 20 33 20 6 37 28 14 25 37 26 28 23 18 24 7
23 15 38 31 7 22 38 40 3 59 33 16 28 37 45 31 49 39 12 33
1 2 13 10 3 12 20 7 1 14 18 7 14 13 6 17 13 5 13 1
6 16 33 14 12 22 26 18 17 20 26 12 31 20 17 14 12 26 12 7
23 29 47 28 17 36 48 27 30 43 39 18 33 38 24 35 15 38 27 15
3 3 14 3 8 12 20 15 5 13 17 8 15 11 6 6 11 15 8 7
1 1 7 4 1 4 7 2 1 7 11 1 8 5 7 2 7 3 1 4
44 37 55 29 11 27 62 39 41 60 41 13 33 55 40 25 31 52 33 21
26 29 43 31 5 21 43 27 10 49 40 22 21 29 34 37 43 38 28 31
13 12 23 24 1 1 35 20 6 46 18 2 14 38 28 18 28 27 10 13
18 43 56 61 21 36 43 47 27 69 57 8 39 58 59 45 61 46 43 33
22 22 24 27 1 5 37 24 6 48 23 13 14 38 26 17 29 29 14 22
19 27 38 25 10 30 26 24 8 38 25 14 19 17 20 35 19 21 28 9
35 27 61 34 17 43 59 37 25 57 59 12 33 41 38 42 45 49 38 25
14 20 51 22 17 29 28 34 18 41 29 12 40 32 36 20 38 35 25 11
8 7 8 10 1 5 9 4 4 11 8 1 7 16 12 5 9 7 5 4
13 8 21 14 8 8 19 11 4 26 16 1 14 19 23 11 21 13 4 11
13 7 43 11 18 31 40 26 15 31 32 22 32 24 12 28 24 31 23 12
33 28 51 27 18 34 26 22 15 40 37 16 29 18 30 28 24 31 23 24
15 12 34 10 13 22 21 20 1 24 20 17 27 12 19 17 11 13 18 2
3 3 19 9 4 12 11 8 4 16 15 3 16 8 11 6 10 20 3 12
15 21 36 24 3 18 38 30 7 44 33 12 14 31 29 25 39 27 22 17
5 10 13 10 4 9 12 6 1 20 7 8 13 12 11 17 11 9 10 7
3 7 9 8 1 2 16 13 7 21 5 2 10 15 8 3 6 21 1 9
31 47 50 53 19 26 43 45 14 71 39 33 35 45 44 45 41 36 40 28
40 35 52 41 22 39 42 27 23 51 48 28 36 33 35 43 29 25 40 19
17 3 22 4 1 9 18 2 4 12 16 1 9 15 16 3 9 13 1 4
16 24 45 26 10 28 16 22 4 34 27 12 27 25 34 28 22 10 25 2
7 7 19 12 5 10 20 8 1 23 13 9 15 14 8 19 11 10 11 7
19 15 24 12 1 14 34 24 16 35 29 8 14 20 17 17 19 38 7 22
10 11 21 23 3 10 34 20 1 44 23 13 14 30 25 33 33 19 18 17
6 2 10 7 1 2 14 1 1 14 12 1 7 15 12 6 10 4 1 3
2 1 10 1 3 7 20 12 1 8 13 3 8 8 3 1 8 14 3 3
15 9 14 13 1 1 18 3 1 18 11 4 2 24 16 2 12 8 7 6
18 25 28 34 1 10 40 29 2 57 30 11 7 43 33 29 42 24 25 20
4 2 3 5 1 1 7 6 1 12 1 1 1 11 6 1 6 9 1 7
1 6 7 8 1 5 11 3 1 11 11 1 8 8 9 10 9 2 1 1
5 2 5 10 1 1 18 5 2 18 11 1 5 19 5 5 6 12 1 2
25 20 47 29 18 29 37 35 15 52 36 15 36 27 37 25 42 45 14 26
2 1 5 1 1 1 2 1 1 3 4 1 4 7 9 1 5 1 1 2
3 15 14 28 2 4 31 22 9 42 22 1 14 34 24 20 23 26 10 15
23 21 35 21 5 32 52 33 21 44 45 3 13 23 11 38 24 40 31 23
13 23 52 39 33 42 36 47 24 52 47 29 52 35 29 34 46 45 30 32
4 9 4 8 1 1 1 1 1 10 1 1 2 12 9 2 5 2 1 1
14 27 31 29 5 21 22 18 15 40 18 9 15 28 22 32 22 26 21 8
20 30 40 31 11 25 22 19 16 38 33 3 22 24 34 22 29 30 17 16
5 2 9 1 1 2 12 1 1 8 9 1 4 8 4 1 1 5 1 1
5 1 6 4 1 3 11 1 1 9 5 1 4 15 5 4 3 1 1 1
13 3 13 2 1 5 25 18 2 26 8 2 8 18 13 5 12 17 2 10
21 13 34 22 8 14 31 14 4 34 28 4 17 29 30 10 29 25 9 12
11 5 8 7 1 2 13 3 2 16 4 1 2 18 9 4 5 9 2 3
36 28 50 49 14 30 67 43 14 68 52 22 27 58 44 44 56 52 45 32
9 2 11 2 1 4 16 4 1 11 8 1 5 14 9 2 3 7 1 1
1 1 8 4 1 8 15 4 1 9 11 3 9 8 2 8 6 4 4 1
25 30 49 33 22 31 23 24 26 39 34 14 38 28 39 22 25 38 14 25
7 16 33 28 19 28 52 45 23 49 42 29 36 38 19 36 37 51 19 28
13 25 34 32 3 15 22 15 6 39 24 10 15 32 30 26 33 21 24 16
9 13 11 19 1 5 26 10 7 33 18 1 8 23 15 18 20 20 9 11
14 8 21 8 3 11 25 9 4 21 14 5 12 19 13 11 10 14 5 1
9 4 21 11 7 14 16 9 1 12 18 6 19 16 16 6 16 8 8 8
36 33 70 37 22 42 34 39 14 53 43 20 43 34 52 35 42 29 41 12
35 25 38 29 5 30 51 27 24 46 46 1 11 35 17 40 27 35 33 23
23 43 58 41 14 30 48 44 27 57 47 22 36 48 45 34 44 49 37 27
21 21 32 31 4 13 45 25 17 53 27 4 19 44 33 29 28 35 19 10
4 8 11 14 4 12 20 7 4 18 16 7 12 19 9 18 12 8 11 1
39 30 46 30 12 18 37 25 16 45 24 24 27 42 36 24 30 33 33 16
4 13 6 14 1 1 13 7 8 25 3 1 6 21 9 8 5 13 1 2
31 45 57 38 7 31 40 36 27 64 40 16 25 44 43 42 41 43 39 30
8 9 21 17 9 14 21 18 8 29 21 4 22 21 18 7 16 21 4 16
8 13 16 24 1 2 24 11 6 35 18 1 13 32 24 13 19 15 6 7
9 2 7 5 1 1 10 1 1 6 4 1 1 12 5 1 3 6 1 1
32 23 60 37 23 34 64 40 26 65 54 20 34 52 41 36 58 55 38 29
15 39 63 57 34 46 42 48 23 61 56 27 54 51 51 50 49 38 45 19
20 25 42 49 14 21 46 32 18 54 42 14 34 56 47 31 40 41 31 32
18 16 24 9 1 14 23 6 13 25 15 4 12 18 14 15 7 21 8 1
12 3 12 2 1 7 16 1 5 10 8 1 3 13 5 5 1 10 1 1
3 5 5 12 1 3 16 4 4 21 9 1 6 19 4 9 7 11 4 3
3 9 9 10 1 1 3 6 7 13 4 1 10 16 13 1 4 11 1 2
31 13 58 34 19 36 65 46 24 63 55 13 46 52 44 37 54 58 38 24
15 6 36 14 11 18 39 19 11 30 29 12 26 34 23 21 33 24 20 5
35 33 39 33 2 21 51 21 20 55 40 6 8 42 30 36 29 35 32 16
18 14 49 38 20 31 54 41 23 49 47 15 45 57 44 31 43 44 31 20
17 14 26 15 1 8 25 18 4 34 11 1 11 27 28 15 23 17 12 7
6 6 14 8 1 5 7 3 2 12 9 1 13 16 14 1 7 6 1 3
16 17 38 31 14 22 29 21 2 47 31 13 25 26 31 33 27 21 23 12
41 23 56 36 12 29 55 47 11 64 44 33 39 45 48 33 48 52 27 38
10 19 35 26 18 24 15 23 16 30 25 11 34 17 25 15 18 32 9 20
2 10 16 18 5 8 11 5 1 23 15 3 14 14 18 18 21 7 9 9
15 26 53 47 22 32 55 47 20 62 51 34 45 52 35 44 56 48 47 32
22 29 29 35 5 14 41 23 18 48 33 8 14 37 29 24 28 36 19 18
1 13 11 11 1 9 8 4 5 16 7 6 10 10 10 14 8 9 9 1
17 24 39 25 18 24 34 29 25 35 28 17 36 41 37 18 21 31 18 19
11 1 12 6 2 6 24 12 1 22 11 2 6 22 10 6 10 12 4 3
7 9 6 12 1 1 6 1 4 11 4 1 2 18 11 1 6 8 4 3
8 27 31 24 1 19 19 20 17 35 22 1 19 28 26 23 16 21 14 4
4 11 12 21 3 4 20 9 8 27 21 1 13 25 17 16 18 16 9 7
15 4 12 11 1 1 28 15 4 34 4 1 3 29 14 5 19 23 3 10
14 19 32 33 13 15 49 37 17 47 39 19 26 48 27 21 39 40 29 21
1 3 1 1 1 1 3 1 1 4 1 1 1 1 1 2 1 2 1 1
14 30 47 36 19 34 33 45 17 52 48 9 30 31 44 34 52 41 27 34
11 18 17 23 4 8 22 9 5 28 16 4 9 27 17 16 20 14 13 3
7 7 9 11 1 4 13 1 1 14 9 1 8 17 12 11 12 6 1 4
4 6 6 10 1 1 14 1 1 16 9 1 2 14 8 11 10 5 2 1
7 11 34 27 16 26 33 26 7 32 37 18 32 26 23 31 31 25 27 13
16 3 21 18 4 21 38 27 4 33 27 23 19 21 14 30 24 32 8 24
11 40 40 43 20 29 37 38 26 53 31 19 34 45 41 36 34 38 28 25
4 17 27 32 17 23 40 35 21 42 36 14 29 42 25 31 30 35 25 15
41 30 59 35 19 20 53 43 28 52 41 21 43 55 53 13 43 53 32 28
1 10 5 8 1 6 10 10 7 17 8 1 8 12 7 6 1 14 1 7
1 12 27 21 6 18 17 13 1 26 24 5 20 16 20 22 25 11 15 8
1 13 19 18 5 13 24 21 7 32 21 8 23 18 16 16 22 25 8 15
2 17 18 17 1 7 17 18 4 36 17 2 8 18 19 18 25 20 9 15
7 6 17 15 7 9 11 12 4 22 12 1 17 16 18 2 15 20 1 15
7 5 14 13 1 8 30 13 1 31 17 3 10 23 15 17 17 13 10 5
5 4 15 7 4 7 11 8 4 13 12 4 13 10 12 5 9 17 4 12
33 28 47 28 12 25 39 25 17 40 37 22 26 28 30 30 31 38 31 31
1 4 5 1 1 3 2 1 1 6 4 1 5 1 3 4 1 4 1 1
27 32 47 44 10 24 49 32 14 63 45 21 28 43 40 40 48 43 33 31
15 24 36 25 3 19 19 15 10 33 22 5 20 33 33 23 26 13 19 6
11 10 13 12 1 1 14 1 1 19 11 1 5 21 16 4 12 3 3 4
25 20 35 19 4 14 24 8 15 29 24 5 17 27 27 9 16 27 11 12
17 20 34 36 14 21 23 18 5 35 34 20 27 31 31 24 31 18 28 18
16 20 27 26 1 4 22 3 3 33 16 7 12 33 26 19 25 12 17 8
24 29 56 36 25 33 31 37 20 43 41 24 46 37 44 16 34 42 24 28
22 11 33 20 7 14 30 11 6 31 21 10 21 34 26 20 25 16 18 9
6 6 25 6 9 18 23 14 9 17 20 13 24 20 10 13 15 19 13 5
29 41 61 49 10 23 36 34 20 63 35 16 36 59 55 35 48 32 40 16
13 9 26 4 3 20 26 15 12 21 23 8 18 10 9 14 10 28 11 14
7 9 23 13 13 20 12 18 1 22 18 14 25 8 14 15 10 13 14 13
11 15 16 5 1 12 29 18 12 31 21 2 6 9 6 15 9 31 5 12
10 5 15 6 1 4 11 1 1 14 9 1 9 17 14 2 8 4 4 5
15 16 34 32 9 22 44 28 9 43 35 9 18 46 31 35 39 26 31 6
34 34 62 41 30 39 35 37 18 49 46 32 46 34 50 32 51 41 35 32
28 9 34 10 1 7 30 12 15 31 18 1 18 32 28 5 23 27 10 7
35 27 63 31 18 27 45 43 9 55 37 26 41 37 47 24 45 42 40 24
14 25 52 38 22 41 44 38 15 49 47 26 37 41 32 52 40 23 48 7
13 6 13 7 1 7 27 14 8 25 14 6 6 16 8 11 13 26 1 14
22 6 25 7 1 9 29 14 7 28 10 6 8 23 16 9 15 27 8 12
10 22 36 27 11 25 40 31 17 44 37 11 21 35 24 32 39 29 27 12
8 6 16 7 5 9 16 7 3 12 15 4 14 16 13 4 10 10 4 5
28 37 60 64 14 32 41 39 13 66 52 22 40 58 59 51 58 41 50 31
28 26 47 37 13 18 60 39 27 64 36 21 31 57 44 30 43 53 28 31
7 8 14 13 5 13 25 9 10 17 22 5 10 17 4 13 11 18 8 1
15 6 37 15 14 23 27 20 6 26 24 12 29 24 24 11 23 25 13 11
21 27 61 34 34 46 27 45 19 49 43 29 48 29 41 37 47 37 34 27
13 5 25 13 7 14 31 10 5 19 27 8 18 24 16 14 21 12 13 4
7 5 26 17 11 19 18 16 1 26 23 11 24 12 13 18 12 11 13 9
14 26 49 28 22 32 33 37 18 42 36 29 41 28 27 29 33 38 34 20
8 10 10 14 1 9 16 7 5 19 11 4 9 20 9 12 11 10 5 4
16 18 23 22 3 8 21 12 1 33 11 13 11 25 21 18 21 13 19 14
28 18 29 12 6 11 34 23 22 36 15 12 24 36 26 7 22 29 20 12
8 5 8 9 1 1 12 1 1 11 9 1 1 15 10 2 9 4 3 2
15 27 44 25 15 33 32 26 23 38 38 11 34 19 25 26 22 40 19 18
10 18 35 24 14 22 29 24 13 31 24 17 31 31 19 16 17 26 20 10
3 11 21 22 1 10 22 9 2 25 24 3 14 23 20 21 25 12 16 1
9 23 35 29 18 22 35 42 15 50 36 17 33 30 34 23 40 43 15 28
24 35 44 41 11 30 33 28 22 58 42 3 22 35 39 39 41 37 26 23
16 22 51 23 19 39 28 25 14 29 39 18 33 15 24 35 28 26 31 9
5 18 26 32 8 16 29 19 12 40 30 5 28 34 29 26 24 20 15 12
20 3 20 3 1 5 29 11 6 25 10 1 4 19 14 6 12 24 2 8
23 8 30 14 2 9 28 10 8 30 10 6 16 31 22 17 20 17 15 1
11 8 19 12 3 10 13 3 7 13 13 6 16 19 15 8 11 13 7 6
30 30 51 37 9 26 45 27 10 59 42 14 21 34 39 37 45 38 32 31
23 25 38 28 7 16 27 17 14 32 24 17 24 32 25 18 16 29 21 13
23 30 47 33 10 27 40 28 18 48 40 13 28 30 33 24 35 44 24 25
24 26 51 33 28 37 32 45 21 52 37 25 47 29 38 25 39 46 20 31
7 19 38 30 23 32 27 32 13 39 36 21 42 26 23 26 25 28 24 15
30 25 44 27 13 33 68 45 28 57 60 25 20 39 22 43 44 57 38 35
1 1 6 2 2 6 12 5 1 4 9 2 5 4 1 3 3 5 2 1
36 26 53 32 12 30 45 26 24 56 39 10 30 42 38 34 35 41 30 20
12 12 44 17 26 35 29 28 12 28 33 21 40 22 24 23 29 26 21 16
1 9 13 11 5 6 4 7 1 18 12 1 10 5 17 8 15 10 4 11
26 30 43 53 15 22 52 38 14 57 48 20 35 56 48 36 47 42 39 26
14 11 32 5 9 28 42 24 19 31 31 14 21 20 3 24 17 37 19 12
15 29 33 41 16 17 44 26 24 52 36 13 27 50 41 34 31 35 23 20
29 43 58 56 19 35 37 34 18 64 46 20 31 56 53 55 47 25 51 16
22 15 32 14 1 15 30 6 7 30 22 2 11 24 21 21 18 17 12 3
14 16 30 24 7 19 27 15 8 34 29 3 17 21 25 25 28 23 13 15
22 4 28 16 3 10 37 20 10 32 23 5 22 37 30 16 29 16 20 5
12 18 24 38 8 13 20 17 6 40 33 1 21 32 36 20 36 21 13 19
1 2 7 7 1 1 6 1 1 9 7 1 5 12 8 6 9 1 1 1
12 10 13 8 1 10 20 5 10 21 12 2 7 16 4 11 3 18 3 3
13 11 26 11 6 10 24 16 11 23 19 4 20 23 20 1 10 25 4 8
17 15 30 31 11 24 31 23 6 36 31 15 22 28 21 31 20 20 27 10
29 36 45 43 14 19 28 22 3 50 29 26 26 40 40 38 33 15 38 13
17 12 22 13 3 6 21 13 10 22 12 1 13 27 21 1 9 19 3 1
40 25 58 32 19 30 35 34 21 51 38 19 45 38 45 23 37 37 27 19
15 22 36 37 8 19 29 17 10 42 33 8 26 36 35 27 34 24 22 14
37 21 48 22 4 25 57 29 25 50 38 11 21 45 27 26 31 43 35 10
9 10 23 13 6 10 19 15 4 19 22 6 16 16 18 1 18 24 9 14
17 4 37 16 15 22 44 29 12 35 31 19 26 37 19 18 36 30 23 20
5 17 28 29 12 20 12 13 1 35 24 10 24 20 25 29 23 6 20 6
11 43 48 48 20 33 25 31 28 51 33 19 39 49 49 41 38 28 34 21
41 29 52 31 2 18 56 32 31 64 38 11 32 55 46 28 41 47 35 20
9 5 21 13 3 12 17 8 1 14 16 8 16 17 14 12 14 9 11 9
17 10 42 15 20 26 41 39 27 38 30 21 39 37 22 16 31 42 24 20
32 18 42 27 10 15 42 30 9 50 32 8 24 38 39 9 40 40 15 29
11 10 23 16 11 15 24 24 1 32 24 7 20 16 23 10 28 23 6 23
38 47 58 55 15 35 47 41 16 71 51 27 28 47 47 59 46 33 56 23
15 1 25 3 10 15 45 38 12 37 25 19 21 28 17 17 30 37 15 18
28 34 46 35 11 21 31 36 1 58 29 27 21 33 40 36 36 26 35 21
23 24 34 37 7 21 48 35 7 55 37 27 23 41 32 35 45 41 24 30
4 1 8 1 1 1 9 4 1 6 7 1 4 6 8 1 5 11 1 7
1 12 22 27 8 14 17 14 5 30 22 9 25 24 19 25 19 13 18 7
20 18 33 26 3 6 25 16 7 40 19 7 20 38 33 8 25 26 11 15
23 14 35 10 6 18 41 31 19 40 20 11 25 28 22 13 20 42 14 12
11 8 19 11 4 13 19 3 9 16 15 8 14 18 8 17 8 14 8 3
21 16 43 16 11 27 34 17 21 25 30 13 30 28 21 17 17 31 19 7
14 27 37 39 19 22 40 36 19 55 39 18 33 40 38 26 39 46 16 38
5 14 22 19 2 9 17 5 10 24 16 3 18 18 16 17 14 18 6 4
29 26 49 35 17 32 34 24 16 50 38 16 34 35 34 33 26 32 24 14
6 4 4 5 1 1 13 1 1 15 2 1 1 15 4 5 2 6 1 1
8 22 39 20 14 34 22 27 16 27 28 15 26 24 21 32 25 20 31 5
5 3 15 7 6 7 7 6 1 10 13 1 13 8 15 2 11 13 1 10
17 16 23 24 1 1 24 10 8 42 12 1 12 39 31 13 26 17 12 4
1 2 10 3 5 9 27 17 2 19 14 6 9 9 1 9 14 18 5 6
21 10 26 15 1 3 41 27 9 43 17 6 14 35 23 6 25 36 9 14
16 5 26 4 6 20 28 10 11 11 24 7 15 14 8 11 10 19 11 2
11 14 21 20 1 3 16 6 7 25 17 1 11 22 20 7 16 21 3 10
8 6 19 4 3 13 14 2 6 9 12 7 12 7 5 15 4 11 8 2
27 36 60 44 22 39 37 32 19 58 48 16 41 33 40 38 35 37 32 16
5 6 6 6 1 1 11 7 5 19 2 1 5 15 7 1 2 12 1 5
21 12 23 7 1 11 36 19 10 36 19 7 8 17 16 18 19 31 7 15
4 3 4 4 1 1 6 1 1 10 1 1 1 8 5 3 3 7 1 1
8 15 27 26 9 14 27 17 15 28 28 4 23 31 24 13 17 26 8 13
1 8 19 13 9 15 11 15 1 23 13 8 20 7 16 15 18 15 9 17
38 27 45 17 1 13 53 36 22 58 31 13 21 38 35 16 37 52 26 22
28 32 46 31 9 28 37 26 19 52 37 13 25 28 25 33 23 38 28 23
12 12 30 22 16 21 2 15 5 21 19 11 27 10 25 14 22 15 10 18
8 13 25 19 7 12 5 7 1 19 15 11 18 11 21 13 17 6 14 10
4 2 3 4 1 1 10 1 1 12 1 1 1 15 4 1 1 4 1 1
22 15 51 37 21 36 53 39 13 47 51 27 41 45 32 37 45 40 43 26
4 2 5 3 1 4 8 1 1 11 3 1 5 12 5 7 2 1 1 1
26 18 34 42 17 31 49 45 8 63 43 33 34 41 34 49 38 35 32 29
3 1 14 1 1 6 12 3 1 4 12 1 11 5 4 1 3 6 1 1
18 25 26 19 6 12 26 14 20 35 19 1 14 25 23 18 11 30 9 10
11 16 19 15 9 12 26 22 13 27 16 6 18 24 15 7 9 28 6 11
13 23 32 20 11 20 38 24 21 38 30 8 24 25 21 19 16 36 11 15
23 20 41 13 4 27 42 25 11 43 26 8 15 23 19 31 21 32 23 12
11 18 23 15 1 10 15 10 7 30 8 2 7 23 18 16 12 17 11 1
10 8 19 13 1 10 21 10 11 20 19 1 14 19 13 10 11 22 2 8
23 11 31 7 6 20 28 13 13 25 17 10 15 18 14 18 8 26 15 11
3 1 12 1 3 11 16 8 1 6 11 5 10 7 1 3 3 12 5 1
24 44 67 48 36 44 51 55 32 66 54 36 57 51 55 35 55 60 41 46
9 8 21 11 2 7 22 11 9 25 7 4 15 22 12 8 4 22 4 5
15 6 18 8 1 4 17 2 1 19 6 3 6 22 16 7 11 7 6 2
20 41 56 45 30 35 39 38 27 51 45 25 46 46 52 26 43 43 32 31
10 1 17 9 6 11 30 15 4 20 21 6 13 16 8 9 14 18 7 10
30 50 61 53 20 36 29 33 31 62 46 14 36 42 55 38 44 44 28 28
28 24 40 23 3 11 37 22 20 41 19 5 22 41 37 11 21 33 17 8
17 10 42 16 13 26 25 18 6 15 35 16 28 17 24 8 26 27 19 16
15 23 38 18 10 28 30 28 18 37 31 13 28 14 16 26 10 35 18 17
2 2 1 7 1 1 7 2 1 11 5 1 1 12 4 5 5 6 1 2
25 23 38 41 4 11 40 19 2 46 38 11 21 45 44 31 44 22 31 22
3 11 10 13 1 3 15 8 8 21 12 1 9 16 9 8 7 17 1 4
2 2 4 2 1 1 2 1 1 3 1 1 1 8 4 1 1 3 1 1
8 8 18 12 6 10 24 20 8 23 17 7 17 20 15 4 19 24 8 14
4 3 9 5 1 7 11 4 1 9 9 4 8 9 5 7 4 9 4 3
7 5 17 6 2 6 11 2 1 15 14 1 7 3 13 6 10 12 1 6
3 14 24 15 8 16 17 13 11 20 17 7 27 19 16 12 8 17 7 8
15 1 20 12 1 5 27 7 2 24 19 1 10 27 20 11 19 15 7 6
3 10 13 8 3 11 10 6 1 13 10 6 13 9 10 13 8 4 9 1
9 7 17 11 3 9 20 4 7 20 23 1 8 13 11 16 14 17 6 8
28 25 45 22 13 25 42 28 16 35 39 25 30 30 29 23 34 39 30 24
15 16 18 13 1 11 37 21 15 42 28 5 7 20 10 25 17 37 6 19
15 7 16 6 1 6 16 7 1 19 6 5 8 17 14 8 7 14 5 6
1 1 4 2 1 1 9 1 1 7 7 1 4 8 3 1 2 5 1 1
7 6 7 9 1 4 16 1 4 12 10 1 4 14 5 11 8 8 4 1
8 29 40 32 16 26 35 31 21 43 34 10 31 32 34 25 28 39 17 20
13 11 25 26 9 11 29 13 6 37 29 1 18 29 26 18 27 23 10 13
16 11 27 13 5 19 30 10 7 29 22 9 16 19 12 25 11 17 13 6
13 3 13 3 1 10 18 1 5 9 12 1 3 11 4 6 2 11 2 1
4 7 12 10 2 2 14 7 1 22 10 1 8 10 15 9 15 12 2 11
2 1 9 1 1 3 17 11 1 14 10 1 7 5 5 1 7 9 1 9
9 15 18 20 2 11 24 20 1 35 16 16 12 21 18 24 26 21 15 20
4 9 6 14 1 6 14 3 6 19 8 5 9 21 7 15 9 8 8 1
20 17 33 18 4 18 21 5 8 28 23 7 15 19 21 18 18 22 15 12
17 9 31 24 8 13 30 19 6 43 24 3 23 32 31 19 30 28 13 14
13 17 29 20 10 19 18 19 1 33 18 14 23 16 21 22 16 9 20 8
20 13 20 13 1 8 19 7 7 22 14 7 7 22 16 6 11 19 10 11
14 17 38 34 9 15 37 27 11 50 31 2 30 42 41 22 34 32 16 12
32 30 47 35 4 19 44 47 21 70 36 16 32 55 56 32 58 43 29 33
40 24 67 43 20 32 63 51 25 65 56 23 50 59 55 28 61 61 41 32
18 26 41 37 23 32 28 38 14 54 41 21 41 22 31 33 34 38 17 29
3 4 11 11 1 8 20 4 1 15 18 2 9 15 8 15 11 6 7 1
27 26 45 32 22 30 23 36 12 53 31 19 36 23 40 26 38 35 18 31
31 8 48 19 15 26 65 50 24 56 43 28 38 48 33 30 52 57 25 30
24 12 40 13 8 15 37 19 12 29 25 9 20 30 29 15 31 26 20 6
15 4 20 7 2 9 22 8 4 20 17 1 8 13 15 6 12 18 1 11
8 5 21 21 5 15 24 14 1 27 23 9 16 22 15 26 15 14 19 5
19 41 44 34 11 29 32 34 31 57 36 1 23 38 37 39 36 41 29 26
9 1 13 9 3 7 34 18 1 28 20 7 8 18 8 13 17 20 5 14
23 17 35 20 7 8 31 23 20 38 16 4 25 41 36 7 20 32 13 14
42 43 64 33 7 31 50 38 25 63 37 18 30 43 41 35 31 48 40 24
23 10 40 30 8 18 40 20 4 45 33 9 22 38 36 27 36 30 22 21
5 7 7 7 1 3 11 4 5 13 9 1 8 14 8 4 4 12 1 3
7 30 36 34 23 26 45 36 27 51 33 20 32 46 29 33 31 38 27 18
20 24 35 30 7 14 21 13 7 40 19 8 19 37 38 20 32 19 18 14
13 20 36 21 2 17 21 20 9 39 17 4 16 30 30 25 27 20 19 11
16 18 19 21 2 7 29 22 2 37 22 18 12 24 21 20 29 26 16 25
26 28 45 29 11 20 35 22 13 36 35 16 24 37 37 18 35 31 26 16
3 15 24 15 8 17 24 20 18 22 20 7 22 20 16 11 5 29 7 12
16 7 24 10 3 12 22 8 3 18 17 6 15 20 16 9 12 11 9 8
20 23 37 30 18 22 39 30 21 36 36 27 32 45 24 22 34 33 30 19
8 8 7 12 1 1 15 5 8 18 5 1 7 22 9 7 6 10 1 1
14 10 40 14 15 27 39 28 9 35 30 18 29 21 20 24 28 34 18 16
14 11 35 13 14 18 34 31 19 34 23 13 29 36 22 9 25 34 16 13
9 7 37 29 20 35 47 35 14 41 41 24 37 39 18 42 36 34 38 18
6 9 11 10 1 6 13 8 9 14 11 1 13 17 11 4 5 14 1 4
27 26 43 26 6 26 50 26 22 45 39 14 21 38 20 25 22 41 29 15
6 6 10 8 1 1 10 3 6 12 3 1 7 19 12 1 1 10 1 1
25 16 34 16 1 12 32 15 4 33 21 10 14 25 28 14 24 24 15 18
37 24 60 30 20 35 39 32 13 48 43 20 37 31 39 24 36 40 25 23
27 33 40 43 14 14 29 22 12 48 36 13 24 37 42 24 43 35 22 29
11 16 34 31 10 25 53 38 13 54 40 13 23 42 23 39 43 40 31 18
11 13 22 15 3 11 22 14 1 28 16 8 16 17 21 17 24 17 12 18
46 41 73 38 16 40 46 41 29 69 45 13 36 43 52 44 49 46 43 28
14 3 24 13 8 12 22 15 3 23 21 1 19 22 24 6 21 14 3 11
4 7 11 13 6 6 9 6 6 16 12 1 14 15 13 5 12 11 1 9
35 25 49 57 25 34 41 42 17 59 58 20 41 46 55 36 56 50 33 44
18 30 47 43 18 25 39 32 19 56 40 7 35 42 46 30 38 36 18 19
5 1 15 6 5 7 12 9 1 17 12 1 12 10 15 1 10 13 1 13
12 19 26 29 9 13 28 15 14 32 28 4 24 35 27 17 21 21 10 12
34 44 59 63 29 32 60 48 27 71 61 28 48 68 65 40 57 51 41 41
28 20 43 19 15 19 45 35 14 42 32 24 29 40 33 18 39 38 30 23
15 10 24 10 2 8 20 13 4 27 12 2 16 22 26 11 19 13 9 8
19 27 57 50 24 39 54 47 20 66 52 19 48 50 48 41 41 50 31 33
26 31 43 39 17 23 34 29 22 57 35 8 30 33 40 27 38 44 10 29
24 15 34 23 6 14 42 14 7 33 34 10 13 32 28 20 32 21 20 8
7 26 44 43 18 33 37 43 9 59 43 20 39 37 37 43 43 32 37 19
2 1 2 8 1 1 13 1 1 13 10 1 2 16 7 8 9 1 3 1
25 9 28 9 1 11 43 17 14 39 25 1 10 26 18 19 21 29 14 10
42 40 48 36 16 31 51 32 28 54 43 28 26 41 33 40 36 49 38 36
24 28 52 37 32 41 58 55 25 64 49 40 46 44 30 47 38 50 35 25
15 8 16 3 1 8 16 1 9 13 15 1 5 12 8 6 3 14 2 1
11 1 18 3 2 8 20 5 2 9 15 2 12 14 12 3 6 8 2 4
23 20 30 29 12 19 28 19 1 43 24 19 20 31 26 28 20 14 26 11
46 27 56 30 17 29 43 28 19 49 36 24 34 35 40 33 32 24 38 12
14 3 32 30 7 17 40 33 1 51 34 14 25 35 33 33 41 30 20 27
5 6 11 12 7 12 23 12 4 20 20 7 13 18 8 14 14 10 11 5
11 7 21 12 1 10 16 5 5 18 10 5 17 24 16 8 9 10 7 3
14 19 51 39 17 34 51 45 13 61 50 19 35 49 43 45 61 36 41 28
24 11 28 9 2 16 32 10 13 23 23 2 9 23 14 12 10 23 9 4
2 5 22 9 12 21 17 14 4 11 19 16 24 14 6 16 11 9 16 1
27 18 40 27 6 14 34 17 9 46 28 1 19 35 37 16 35 31 13 16
9 2 19 1 2 11 18 12 1 17 11 6 15 15 12 4 7 13 6 7
12 12 17 15 1 3 21 9 1 27 11 6 8 18 18 11 21 15 10 15
9 19 27 29 14 22 20 23 8 33 25 16 29 23 19 25 9 16 20 3
6 7 12 11 1 3 15 2 2 25 8 2 9 20 10 13 11 8 4 3
14 22 27 18 2 15 22 11 18 30 18 3 16 21 18 21 9 27 10 7
16 10 24 9 7 11 25 16 9 22 18 7 17 24 19 4 13 23 7 6
31 20 57 44 16 31 55 48 20 68 43 16 51 58 56 36 55 49 41 27
38 35 65 47 29 47 47 40 27 51 65 32 46 35 44 41 52 50 42 34
17 20 28 26 6 15 25 14 1 30 24 17 20 28 25 22 26 15 23 14
38 30 69 45 26 43 63 50 32 68 57 19 49 51 50 37 50 62 36 32
6 9 8 8 1 5 11 4 7 14 4 4 9 16 7 6 1 10 4 1
15 22 28 32 4 11 37 26 1 48 33 11 12 37 33 26 43 21 26 21
4 3 12 3 4 12 15 7 1 6 10 7 12 9 3 7 4 7 7 1
3 10 8 8 1 1 14 10 1 23 7 1 3 11 10 7 11 15 2 6
1 6 11 5 4 13 12 10 3 14 8 8 14 10 2 9 3 12 8 4
2 10 3 10 1 1 6 5 7 16 2 1 6 16 7 6 3 10 1 2
29 25 36 30 6 20 43 16 15 44 42 8 14 35 30 28 31 29 24 18
24 16 36 17 3 9 35 17 21 38 19 3 25 35 29 15 23 31 11 6
8 1 14 3 8 12 17 11 5 7 15 8 13 14 9 3 9 9 8 1
6 4 10 4 1 2 6 1 2 5 10 1 6 9 11 2 7 7 1 4
22 24 42 33 16 19 39 36 13 49 38 15 32 39 36 12 40 42 18 29
17 10 34 19 6 19 31 12 12 30 25 8 23 28 19 20 17 24 12 6
7 3 10 6 4 9 7 3 1 6 3 8 10 12 7 9 4 1 8 1
18 14 27 24 3 11 35 22 4 49 18 10 18 35 25 24 29 22 21 10
11 6 10 11 1 1 25 7 1 27 9 1 1 21 11 13 12 13 4 5
25 27 44 23 12 33 39 21 24 34 42 14 27 26 23 30 28 35 27 17
11 4 8 17 1 3 30 16 3 32 19 8 1 22 11 19 23 27 3 17
28 29 56 25 10 36 39 31 23 47 34 11 30 39 37 39 34 29 37 7
8 13 14 12 1 1 10 7 10 14 9 1 12 18 16 5 8 15 1 5
38 34 66 46 28 43 46 38 26 57 57 28 46 42 46 36 48 49 34 27
36 27 55 27 20 39 33 27 23 42 41 15 36 26 35 25 28 41 20 24
13 12 33 30 15 22 45 33 10 42 43 15 27 39 30 25 45 35 29 26
8 18 14 17 1 1 7 5 5 19 8 2 8 20 20 1 11 12 5 5
5 7 12 4 2 11 11 4 1 10 7 6 11 6 5 11 4 4 7 1
24 23 46 33 26 40 38 32 17 38 47 30 37 29 26 43 30 26 40 7
31 32 38 43 17 15 38 27 14 55 37 20 26 45 44 27 45 34 27 35
16 5 26 3 4 9 19 11 5 20 7 8 18 19 18 10 11 14 12 4
9 4 21 13 5 10 25 14 4 26 19 2 17 24 17 6 16 20 3 9
33 32 46 41 9 33 57 32 29 58 48 8 26 51 35 42 28 45 35 25
9 17 28 21 7 15 27 26 10 41 22 11 26 27 27 18 22 29 7 23
34 35 45 30 12 35 37 23 20 48 35 16 18 26 20 49 18 26 37 13
15 13 19 15 1 6 18 9 1 17 18 8 9 20 19 5 16 13 11 11
18 33 40 44 8 17 21 22 7 48 35 8 22 41 44 27 46 18 27 21
13 5 22 15 4 13 24 6 4 18 20 8 17 25 15 16 16 9 12 5
19 24 28 32 1 17 34 29 11 52 27 14 13 38 31 34 37 32 17 22
11 10 16 15 1 11 25 6 7 24 24 1 5 18 11 18 14 17 9 1
17 17 42 28 12 23 56 36 19 51 41 19 30 44 30 29 35 45 21 22
7 7 26 13 2 17 26 7 10 18 25 5 21 18 9 15 11 19 10 1
18 33 50 41 15 32 33 35 8 53 39 21 32 37 38 36 43 25 38 20
27 19 45 17 12 28 27 21 16 40 27 7 26 20 24 22 18 35 15 16
6 7 14 10 6 13 19 10 7 13 14 8 16 16 6 8 7 14 8 1
13 21 25 28 4 12 18 7 5 32 20 7 15 32 27 24 29 8 19 10
10 8 18 8 1 11 18 7 11 14 15 2 14 15 8 6 3 17 2 2
10 13 27 16 9 20 36 23 17 30 24 9 23 24 11 14 12 33 9 10
40 26 57 31 16 25 40 29 17 48 36 23 34 41 42 23 35 42 31 26
14 27 38 41 19 28 19 23 12 44 36 14 30 28 39 38 41 23 24 20
36 34 36 33 10 16 40 19 20 46 32 18 18 39 31 27 30 37 25 23
4 1 10 5 5 6 8 8 1 11 12 1 10 6 12 1 9 11 1 12
19 26 47 28 19 30 19 22 5 28 34 24 33 17 31 26 26 17 32 9
20 19 34 33 4 16 35 10 9 40 33 6 19 38 33 30 33 20 22 12
34 31 64 38 20 28 58 47 29 66 44 14 45 53 53 22 53 60 29 29
22 26 56 34 16 33 41 30 16 48 49 13 27 43 40 31 49 33 31 16
18 8 26 22 1 5 37 18 11 39 24 1 19 40 29 18 28 25 17 8
12 7 24 14 10 14 14 15 4 20 22 1 20 14 20 1 16 22 1 14
19 34 38 39 2 12 34 27 14 56 26 3 14 50 41 24 32 28 20 12
35 29 51 53 14 29 57 38 11 63 52 21 29 60 50 42 54 42 46 27
29 12 45 19 4 27 61 35 17 55 39 9 27 37 27 35 35 45 32 18
18 26 50 28 21 36 34 26 23 33 39 20 40 29 26 29 25 34 26 10
16 30 23 32 1 7 19 18 8 41 16 9 8 35 31 19 29 20 21 16
25 26 44 33 12 20 43 26 24 57 36 2 28 40 40 26 33 43 17 16
40 28 58 31 11 35 65 37 31 54 52 18 29 52 34 37 38 50 43 18
18 6 19 10 1 6 21 7 1 20 9 5 7 23 17 5 11 13 8 8
8 7 12 4 1 4 13 7 4 18 7 3 9 13 10 5 6 14 3 9
8 11 15 20 1 1 18 10 8 25 13 1 11 26 18 8 17 18 6 11
26 25 45 48 9 22 43 35 9 59 45 11 36 49 47 27 45 42 28 34
13 9 42 19 22 35 39 29 16 31 40 19 36 24 17 23 30 38 20 20
10 10 20 9 6 11 12 8 5 22 8 10 17 19 13 13 6 11 10 6
27 23 53 29 22 31 33 36 13 50 31 17 42 30 41 25 35 37 26 19
39 32 56 33 19 38 50 34 14 56 49 27 33 28 33 40 32 31 39 24
2 4 17 7 2 9 7 1 1 10 13 1 12 2 12 8 10 8 2 5
9 8 11 13 1 3 18 7 3 23 12 1 8 20 13 11 15 13 4 9
12 6 14 4 1 9 17 1 8 15 8 1 5 15 4 8 1 14 3 1
5 4 13 16 7 9 7 7 1 17 19 1 14 13 17 5 18 10 1 10
28 28 39 23 3 24 35 12 17 39 35 7 15 26 24 32 25 27 25 18
19 16 36 37 8 19 35 22 3 49 35 5 25 41 42 28 41 24 23 21
16 17 37 30 10 18 30 18 1 43 31 5 23 29 33 20 35 24 17 18
26 28 34 20 2 18 29 16 20 30 27 8 15 26 21 14 11 31 18 13
7 3 8 2 1 1 12 1 2 11 4 1 2 13 4 1 1 8 1 1
2 1 7 2 1 1 9 1 1 8 6 1 6 10 6 3 5 2 1 2
17 17 23 15 1 9 16 2 5 20 12 6 7 17 19 16 15 12 14 5
19 22 40 21 16 30 51 28 31 40 45 13 27 38 18 32 23 39 25 11
7 7 6 9 1 1 9 1 1 11 3 1 1 14 7 4 7 5 2 1
28 22 39 22 5 15 50 31 15 49 33 13 18 37 28 15 28 46 13 22
18 14 24 16 1 10 25 4 6 28 14 1 6 26 18 19 15 14 8 1
20 23 24 26 1 7 36 17 12 45 23 8 9 31 21 20 26 34 13 17
20 37 57 42 26 44 49 39 30 56 52 24 45 39 36 43 31 47 36 26
15 13 25 19 7 16 24 9 1 24 17 13 16 24 14 19 14 7 17 5
17 23 21 27 3 5 29 22 10 36 19 10 13 33 23 9 21 30 13 19
9 18 18 13 1 11 22 12 15 26 17 1 11 16 13 13 4 25 3 4
13 7 21 23 7 17 42 26 6 40 28 7 18 35 20 22 26 27 20 15
15 12 26 16 5 14 33 21 6 38 20 11 20 27 23 19 26 27 9 18
24 34 43 23 6 29 31 25 24 40 35 4 21 25 28 28 21 35 23 16
34 33 46 40 15 36 41 31 26 56 55 6 25 28 38 44 40 43 28 31
10 38 50 44 33 41 38 44 23 55 44 32 52 34 37 42 32 37 36 23
40 20 50 12 6 27 46 29 21 43 28 12 24 29 28 22 24 39 29 20
26 31 33 34 1 16 33 14 12 45 29 10 7 38 29 31 32 25 28 13
10 28 48 31 22 30 34 33 20 41 32 21 41 35 34 25 31 38 28 21
57 38 54 27 9 23 57 35 36 56 38 17 22 50 40 26 33 53 39 28
45 36 60 41 18 44 54 45 34 69 57 12 34 38 41 41 43 58 30 41
21 15 37 28 12 17 41 32 16 50 30 8 31 43 37 17 40 35 20 16
7 4 8 3 1 4 13 7 4 12 9 1 5 10 7 1 4 15 1 7
34 34 53 37 22 29 45 36 17 50 40 32 41 42 41 27 38 43 35 33
12 15 18 31 3 8 30 16 10 41 18 2 16 41 27 24 21 21 14 8
6 1 7 8 1 7 12 3 1 8 7 4 7 15 7 8 7 5 4 1
21 9 35 32 10 23 45 28 9 46 42 4 26 39 34 25 34 37 18 24
7 10 18 17 11 11 18 17 6 28 19 1 17 15 18 8 21 25 1 21
21 7 31 12 4 11 21 6 7 19 12 7 17 26 22 9 15 17 11 7
7 4 7 8 1 8 14 4 1 12 9 4 8 15 5 10 7 1 4 1
1 5 1 8 1 1 11 1 2 13 4 1 1 14 1 7 4 6 1 1
