1000 20 14 1806
0 1 1 4 2 5 1 4 3 2 0 8 1 1
0 7 3 3 0 1 7 2 2 2 4 0 0 0
4 1 2 2 4 2 2 1 5 2 2 2 3 3
7 5 1 3 4 2 2 4 8 0 2 4 3 8
2 4 4 2 1 5 7 1 4 1 12 4 4 0
3 6 8 5 2 0 5 3 0 11 2 0 2 5
6 5 4 3 7 2 10 0 4 9 13 3 13 1
2 15 1 12 0 4 3 10 3 13 5 6 3 9
10 5 11 4 10 3 6 1 8 5 7 2 8 6
2 4 4 1 4 0 3 2 7 6 12 1 6 1
2 2 6 3 3 2 1 1 2 1 5 0 0 5
3 7 8 1 0 2 1 7 3 1 4 5 14 10
0 3 2 0 6 7 12 3 3 3 5 5 3 2
11 4 6 3 3 8 3 5 4 5 7 3 1 9
4 3 3 3 5 3 2 1 4 7 1 1 1 0
2 3 3 2 14 14 5 5 0 8 7 3 6 4
7 10 4 5 8 1 2 2 5 1 13 0 6 4
0 13 6 22 1 4 5 8 10 13 2 6 7 2
5 11 9 10 20 2 15 2 2 16 4 1 3 4
6 7 8 2 2 3 1 1 4 1 0 7 6 0
10 7 14 8 6 9 10 9 6 0 1 2 15 4
0 4 3 4 2 1 4 4 3 2 3 5 1 2
10 1 6 3 9 7 0 1 14 1 3 8 5 2
14 9 5 7 1 1 2 1 22 11 4 4 15 11
19 0 15 3 4 3 9 3 8 24 1 15 3 1
6 9 7 3 6 3 7 0 10 2 6 8 11 1
4 4 1 4 1 1 5 6 10 0 8 1 1 2
10 3 6 13 6 9 9 4 14 5 20 11 17 3
6 2 3 6 4 6 5 7 0 5 0 4 7 2
1 1 1 1 4 3 2 4 2 9 8 9 5 1
4 2 3 4 0 6 9 4 5 3 11 1 9 1
1 2 12 5 11 0 6 2 16 3 25 5 7 8
17 14 11 7 1 6 18 1 8 13 2 16 5 4
4 2 4 9 13 9 2 7 2 5 3 6 10 1
2 1 7 1 3 2 6 6 0 4 7 2 2 1
0 12 3 2 2 1 5 5 1 0 1 7 3 6
13 7 10 2 11 6 8 3 10 10 1 16 13 10
2 4 13 16 2 24 4 12 3 2 10 11 12 5
13 2 1 2 8 6 9 0 5 4 4 6 6 10
4 0 3 2 2 4 1 3 2 3 2 0 9 14
3 5 7 7 7 7 2 1 1 7 5 5 1 1
13 5 4 3 4 15 6 4 2 4 7 6 3 6
9 14 1 14 3 10 1 0 7 7 12 5 12 6
2 3 8 4 7 1 2 3 0 0 3 1 2 1
5 2 11 19 1 13 2 2 3 5 11 0 7 2
6 2 4 11 2 1 1 7 4 4 1 1 5 2
8 2 2 3 1 1 10 2 4 0 6 3 0 6
2 9 2 7 4 3 13 3 1 8 5 1 11 4
1 2 8 1 5 0 17 4 6 4 12 2 10 5
2 8 5 2 9 4 1 3 6 10 2 8 7 9
8 18 11 9 5 5 12 2 14 14 15 0 3 0
10 1 14 6 4 14 4 13 16 1 5 4 11 7
3 1 1 3 5 12 3 7 5 13 8 3 9 2
2 7 2 12 10 1 10 4 11 3 5 18 6 4
15 2 6 5 12 2 3 6 4 0 2 8 1 16
2 9 11 16 2 12 7 0 1 7 5 8 1 11
2 3 2 1 6 5 6 1 2 2 1 5 0 2
15 6 4 7 4 14 10 6 0 2 20 0 7 2
9 21 16 13 3 15 6 11 0 2 5 6 7 7
16 1 10 8 5 0 6 5 0 2 2 8 3 1
4 11 3 3 1 0 3 0 0 1 3 3 2 4
2 4 0 1 2 6 1 1 7 5 2 3 0 3
6 1 12 1 4 3 2 0 1 3 4 1 3 4
1 2 3 11 7 2 2 3 5 13 5 4 9 5
4 7 12 13 2 4 9 2 11 0 0 3 13 5
1 0 18 16 2 15 1 3 13 1 9 8 8 3
5 3 3 15 10 4 3 3 6 1 7 0 4 4
2 2 13 0 2 8 2 1 0 20 11 2 5 6
2 3 2 1 4 1 8 2 1 1 3 0 3 3
18 13 8 8 16 6 9 2 3 8 0 2 13 8
12 7 11 6 10 5 5 8 7 0 6 5 7 8
3 3 8 0 2 1 0 1 4 1 0 1 5 0
14 1 3 5 23 3 7 14 10 0 1 6 6 16
1 2 8 3 5 0 1 0 5 0 5 0 2 1
14 2 0 9 19 3 5 3 3 4 1 0 3 5
6 6 2 3 1 1 10 0 5 8 3 8 9 5
6 4 11 11 16 6 11 4 15 6 15 5 4 1
6 1 10 6 1 2 1 16 2 5 9 9 0 0
2 5 2 3 1 3 3 2 3 2 3 1 4 5
2 1 4 0 3 1 0 5 5 4 7 2 2 1
5 7 9 3 3 1 14 5 6 13 8 12 4 8
11 6 7 10 16 12 14 20 1 3 10 4 5 1
11 2 7 1 9 5 11 15 14 2 13 2 1 5
0 4 15 3 10 5 3 6 11 4 2 0 3 4
4 1 12 9 8 16 6 10 7 9 8 2 4 1
2 17 1 1 17 5 1 1 7 11 4 4 15 22
4 2 7 8 4 8 5 1 1 6 2 7 3 1
6 1 4 13 6 7 19 8 8 1 12 3 2 8
2 0 1 6 3 2 7 3 2 3 1 2 5 1
1 4 0 8 9 9 6 7 2 0 7 3 9 1
11 2 6 3 16 4 3 9 1 2 1 11 20 20
7 13 2 2 4 3 9 12 8 8 11 8 12 4
16 5 9 19 1 7 9 7 8 5 14 9 2 1
2 20 2 3 1 6 5 9 6 17 10 14 3 9
3 10 1 16 3 1 5 8 6 21 0 13 3 3
2 1 4 0 9 8 14 0 4 1 6 7 5 1
2 3 6 1 0 7 2 2 6 8 4 3 6 3
1 2 3 8 0 4 5 2 2 1 2 2 1 6
2 0 11 14 13 7 4 1 3 12 2 2 3 13
1 2 3 0 2 2 4 6 2 0 6 5 3 4
4 1 11 1 1 0 5 4 15 3 10 1 3 8
3 4 4 4 4 2 1 1 3 4 3 1 0 0
5 5 2 6 4 3 1 2 2 0 6 0 4 4
2 7 18 2 0 6 5 10 0 4 3 6 3 8
8 4 3 5 10 20 10 0 7 1 12 2 4 4
0 15 3 9 11 15 1 8 5 8 4 11 12 18
9 1 5 2 10 17 11 10 1 4 20 3 6 8
4 14 18 5 1 7 3 3 9 10 1 15 1 10
12 1 4 5 8 17 4 7 8 17 1 11 12 1
10 14 2 6 16 6 3 14 3 17 10 8 7 6
7 10 14 1 3 3 2 0 4 3 1 7 5 3
2 2 4 3 3 1 1 7 0 1 4 2 2 2
15 11 1 6 1 3 2 1 14 6 5 10 3 8
0 1 1 2 2 6 1 1 2 1 3 2 2 8
3 1 2 14 29 5 11 0 5 4 10 5 10 10
13 18 5 11 8 20 0 1 8 2 9 10 5 14
5 14 0 11 5 4 11 20 4 3 4 9 12 10
13 1 2 0 2 8 7 11 3 6 13 10 4 10
2 0 1 1 3 2 6 0 1 5 0 1 4 3
9 5 7 9 5 1 10 2 14 7 11 1 9 13
0 4 1 5 7 18 3 4 4 2 4 2 2 9
5 5 9 8 1 7 14 5 1 5 2 7 3 4
6 5 10 2 4 5 8 4 4 6 14 13 13 2
5 3 5 4 3 12 10 5 5 2 8 5 0 7
8 1 1 2 6 6 11 7 0 0 7 4 3 3
0 26 6 14 7 1 2 6 1 4 3 1 3 5
13 20 4 2 8 9 1 15 5 6 5 6 1 1
2 4 2 8 6 4 7 2 3 6 17 6 2 1
4 4 2 5 3 5 1 2 3 3 1 3 6 4
1 2 3 0 7 2 3 2 0 1 0 3 6 3
11 9 13 12 7 4 2 1 11 10 6 5 4 20
3 1 22 9 7 11 6 1 16 4 16 7 10 11
0 1 0 6 6 1 0 7 3 2 1 3 5 1
2 5 3 5 12 7 2 0 5 5 1 5 16 13
1 1 1 5 1 3 4 3 3 6 7 1 1 3
4 10 4 1 4 12 8 10 2 6 8 7 7 10
21 1 8 8 4 5 1 6 3 1 3 2 13 0
1 0 0 1 1 3 5 5 3 1 8 4 1 0
9 6 3 3 1 8 0 6 2 21 1 7 1 4
1 5 1 9 2 3 0 4 5 2 3 4 9 12
9 4 1 3 2 2 2 3 5 1 6 10 3 4
7 4 3 2 3 9 5 7 11 5 4 30 13 9
15 3 26 7 2 20 5 1 7 0 4 0 6 7
1 0 4 1 2 5 12 0 3 1 5 8 7 2
1 7 3 3 2 2 4 3 0 10 1 5 4 3
15 11 5 7 5 11 19 1 1 6 6 4 3 13
3 2 2 0 1 3 2 3 5 4 2 1 4 3
1 1 0 2 3 1 2 3 4 2 4 5 7 0
5 8 3 1 4 17 3 1 6 2 6 3 2 14
8 14 18 1 4 17 4 10 2 1 4 2 8 1
8 11 3 7 6 9 15 2 3 5 18 5 8 2
2 7 1 8 2 7 5 1 8 3 5 1 1 6
4 5 5 7 15 6 8 3 6 13 0 11 4 0
11 6 0 8 3 6 3 8 10 13 6 1 16 2
3 20 1 1 4 8 10 20 10 12 7 8 0 11
2 4 6 0 6 1 5 3 0 13 5 1 1 9
7 8 2 9 1 2 7 1 2 8 0 1 11 2
2 6 1 2 15 14 17 6 6 8 7 1 8 5
7 8 10 3 3 4 2 10 3 13 3 1 1 4
7 1 2 14 19 0 20 10 4 14 6 1 1 5
4 0 1 1 4 3 0 2 3 4 0 1 6 1
2 1 5 0 6 5 1 4 3 1 1 4 4 5
4 1 5 7 2 3 6 3 1 9 2 4 0 1
5 14 6 9 12 5 4 2 0 8 19 21 2 1
2 18 6 15 0 17 10 1 1 8 2 2 6 9
1 4 5 1 0 1 0 1 5 3 1 3 5 1
2 5 1 3 2 10 1 0 1 0 0 9 3 1
10 9 27 2 1 1 6 8 4 2 7 14 9 3
5 20 2 6 11 4 2 3 11 5 2 2 8 17
4 2 8 13 9 8 7 6 3 4 17 9 7 9
19 1 6 2 10 7 3 0 15 2 0 0 16 2
4 3 1 5 2 4 4 6 4 10 6 4 0 6
11 1 9 6 4 10 7 4 3 4 12 0 4 5
5 4 4 1 0 1 3 9 5 0 6 3 7 7
1 2 8 6 1 1 2 6 1 2 3 6 0 3
4 2 3 3 3 5 1 2 6 1 0 0 1 1
9 6 2 7 7 7 21 12 4 12 7 11 5 8
3 2 0 2 3 3 2 0 0 1 10 1 2 6
1 7 6 3 3 0 0 2 2 5 5 1 5 1
9 3 1 6 6 13 7 2 7 7 2 1 3 2
1 6 4 1 3 1 5 5 2 1 1 4 3 2
3 1 2 0 3 0 1 1 1 4 7 3 5 1
2 17 2 8 1 4 2 8 6 11 13 5 8 16
6 4 6 4 3 11 0 8 16 0 2 9 6 5
4 5 4 1 8 2 0 2 1 7 4 3 3 5
14 0 3 0 9 0 3 15 5 5 2 3 9 12
3 19 3 2 13 7 10 3 7 11 6 1 15 12
2 5 14 0 0 13 13 5 8 9 13 16 5 3
10 2 5 1 8 4 3 3 5 0 12 5 9 5
3 6 8 4 2 3 7 2 5 4 1 2 6 3
4 0 3 7 6 2 4 3 4 8 7 2 7 18
9 7 8 2 5 9 2 7 3 4 1 9 6 1
7 2 0 3 5 2 0 5 4 1 2 2 4 3
2 16 1 5 6 7 6 12 12 0 3 13 2 6
5 10 1 4 1 3 5 5 4 4 15 5 2 6
8 6 0 3 13 17 8 16 5 17 5 5 0 10
16 1 12 6 14 3 3 2 4 10 8 2 3 8
17 11 5 6 2 10 1 8 17 18 8 3 15 2
3 1 7 9 3 3 3 1 6 2 4 10 13 5
1 2 5 1 4 7 0 1 3 2 5 1 1 8
2 4 4 4 5 3 8 4 9 4 1 4 7 9
10 22 5 5 7 4 11 2 7 3 3 11 3 11
4 6 4 13 16 5 6 5 6 8 12 6 1 3
4 3 13 15 1 1 12 6 4 7 7 1 8 5
11 14 12 20 5 11 2 3 2 7 2 8 3 4
5 2 5 5 3 6 2 9 2 5 10 0 2 1
23 1 9 5 3 2 8 3 5 1 7 9 1 2
1 2 2 3 4 1 2 1 2 1 2 4 3 5
5 1 2 15 8 6 9 6 5 2 4 7 3 3
5 9 2 9 3 3 15 4 2 2 4 7 9 1
3 2 8 1 4 2 9 4 6 20 14 3 13 13
12 6 6 20 2 5 7 6 7 5 22 5 11 12
2 0 3 1 2 2 7 4 1 5 0 1 3 5
14 2 7 9 8 6 7 14 4 1 3 6 5 3
5 1 10 1 1 0 10 14 10 5 3 16 4 5
1 2 5 4 3 2 4 1 0 4 3 2 2 1
3 3 3 5 0 6 2 5 3 0 7 0 6 1
1 1 4 1 5 3 3 0 8 2 3 3 0 5
4 4 3 2 7 1 12 2 5 9 9 12 0 10
2 3 5 4 2 0 4 2 3 0 1 3 4 5
1 6 1 3 0 2 2 4 3 7 5 2 2 2
3 3 1 1 1 3 4 3 1 3 6 4 2 3
3 8 5 2 0 9 9 1 0 4 4 1 2 1
8 2 4 4 1 1 12 0 4 7 0 5 7 13
7 20 4 8 6 3 3 17 12 3 3 10 10 9
3 14 1 4 7 3 1 3 1 5 6 6 5 6
3 7 1 3 5 6 3 0 10 3 2 1 2 1
0 2 10 3 7 6 3 5 3 6 1 2 5 11
1 10 4 13 5 4 8 4 14 10 1 1 5 3
2 0 1 5 5 1 3 0 4 2 7 9 5 1
4 6 7 0 6 4 4 14 6 7 5 2 6 13
0 0 11 5 9 14 13 3 4 12 14 3 9 4
6 8 4 5 4 6 4 2 5 4 0 3 9 2
2 1 14 2 3 10 5 6 3 10 17 5 5 5
21 9 6 15 14 1 3 3 14 2 2 1 8 7
11 3 1 3 3 4 4 2 2 0 15 2 6 10
11 6 2 3 0 16 4 1 10 1 0 1 2 3
2 9 2 1 5 7 13 6 5 5 3 8 11 10
19 6 6 13 12 1 15 7 3 6 13 9 3 1
5 2 1 18 14 4 16 4 10 4 7 2 9 9
3 5 4 11 1 0 0 4 13 8 2 3 2 5
4 10 2 4 5 9 0 7 7 13 1 12 7 4
9 8 7 1 0 1 5 1 4 3 4 13 2 1
2 19 6 8 13 13 5 15 12 5 4 2 3 7
4 25 3 7 4 1 7 8 0 6 2 8 8 2
0 6 3 0 1 6 1 3 2 1 5 0 3 4
6 19 2 10 1 18 2 17 3 5 11 12 4 6
2 4 8 0 2 5 0 6 3 2 5 9 4 8
6 15 10 0 8 1 2 6 13 13 1 2 1 12
5 2 10 16 0 14 4 15 11 9 3 4 4 3
12 0 4 3 5 16 7 15 6 5 18 5 0 5
6 4 7 11 14 9 11 13 4 4 5 12 10 12
8 3 7 8 3 8 1 2 14 6 2 4 0 11
2 2 2 3 7 2 0 2 0 1 4 1 2 7
5 3 4 6 1 2 0 4 5 5 4 1 4 2
0 3 4 2 3 7 2 1 8 6 6 1 3 4
3 10 7 3 6 2 1 4 3 2 2 3 2 4
3 0 3 3 4 0 5 0 4 5 8 1 4 0
4 15 18 4 8 9 7 1 2 5 2 14 8 22
4 6 19 7 3 1 7 5 11 9 9 10 4 10
4 1 6 2 0 0 1 4 4 3 3 3 5 3
4 16 9 4 7 3 27 1 6 4 0 4 7 18
2 5 2 2 2 1 3 4 1 2 1 5 0 4
8 9 4 19 5 6 11 8 2 7 2 5 20 12
0 0 5 6 1 2 3 1 4 0 4 5 2 4
1 3 12 3 1 3 4 12 9 1 5 1 2 0
1 5 4 2 1 0 4 3 3 5 1 0 3 0
2 2 4 0 3 9 10 15 8 3 10 3 5 8
0 8 2 1 5 2 11 10 3 6 14 10 7 3
9 2 16 7 8 8 7 7 21 1 0 18 11 1
7 4 5 4 2 2 3 2 0 1 2 0 1 3
4 0 4 2 1 2 0 6 6 3 3 0 4 5
2 7 4 8 9 1 14 8 14 2 8 5 6 8
0 0 1 3 0 7 1 3 4 1 0 0 1 3
8 7 1 4 2 6 2 5 2 6 1 3 5 4
1 1 2 2 12 4 5 2 13 9 7 0 2 14
1 5 1 6 1 1 6 3 1 7 2 0 5 5
2 3 1 0 3 5 5 5 2 0 5 1 0 4
4 2 12 1 4 6 2 4 2 7 2 8 10 1
2 5 11 2 5 6 9 2 1 8 0 10 2 10
10 4 13 18 0 7 5 2 10 12 7 18 10 4
3 5 13 8 13 5 2 1 6 12 1 2 4 6
2 5 14 0 8 1 9 2 2 1 2 0 3 3
23 10 3 10 8 7 5 9 10 5 10 4 8 12
2 12 7 13 2 11 10 6 5 16 9 6 4 9
9 1 19 4 2 9 13 5 2 8 3 10 7 2
12 16 1 4 17 5 2 9 5 11 8 1 1 7
11 7 2 4 4 4 16 3 0 0 5 10 5 8
16 14 4 8 1 1 16 3 5 5 23 13 2 8
16 6 8 0 5 2 10 6 2 3 2 2 7 3
18 8 7 2 3 10 8 0 5 3 18 6 2 10
5 2 0 4 5 2 1 7 11 4 10 7 7 3
7 4 7 11 3 1 3 8 12 7 16 4 0 4
3 7 5 0 13 4 4 12 9 1 7 2 1 5
11 9 2 7 3 8 5 1 14 6 6 12 0 6
1 2 7 1 8 0 5 1 2 3 2 2 7 4
11 6 6 8 11 10 1 3 2 19 6 14 1 16
5 3 2 2 2 4 0 2 1 9 10 6 7 5
2 6 4 6 6 1 4 7 0 11 3 5 2 3
1 6 0 4 6 2 1 2 3 5 4 3 8 6
4 13 6 2 5 3 2 7 18 4 7 1 1 3
7 5 6 15 21 6 5 6 1 8 5 9 11 14
2 0 10 3 2 8 4 4 0 5 5 4 5 7
4 7 3 1 1 4 3 11 3 7 3 7 2 3
7 3 9 2 0 4 3 2 1 2 4 8 5 6
2 18 14 9 5 11 9 17 15 9 8 4 3 4
5 2 4 5 4 1 3 2 2 2 4 5 5 8
9 1 10 6 2 6 5 4 7 2 14 5 15 22
1 10 3 2 2 0 4 2 0 9 0 0 2 2
1 1 4 5 3 3 2 13 7 16 5 6 2 5
4 3 3 1 1 0 1 2 3 4 4 3 2 7
2 2 12 1 6 4 6 8 5 0 6 4 1 6
1 3 9 12 6 9 1 2 3 5 3 4 1 1
15 8 5 7 10 16 1 3 2 6 5 6 2 4
5 4 2 9 2 5 5 9 1 3 4 3 3 3
5 5 3 11 0 1 0 1 3 1 4 6 5 4
3 4 1 8 5 0 1 5 2 2 3 2 2 0
6 7 11 5 12 3 2 5 8 6 2 9 9 19
3 5 1 9 2 3 5 9 10 2 1 1 5 2
1 2 7 2 2 4 1 1 2 3 0 8 2 1
0 2 5 2 3 5 7 1 4 1 2 4 3 3
0 11 4 2 3 1 5 13 10 8 5 1 1 4
2 2 1 1 5 4 1 1 0 8 8 8 2 1
7 1 0 5 7 0 4 16 4 3 2 11 4 4
1 6 8 1 10 10 4 18 6 14 3 0 21 1
6 13 7 4 0 15 18 15 6 15 9 4 8 7
4 3 1 5 4 2 5 9 10 16 1 2 6 1
3 4 4 2 9 2 0 13 9 1 14 2 5 14
4 6 5 1 11 14 10 4 2 1 8 1 1 5
1 6 5 1 13 6 2 7 15 10 2 4 6 5
9 8 7 0 10 4 2 12 0 10 8 1 1 11
7 15 1 1 3 1 1 7 7 5 0 2 3 13
3 4 0 6 0 0 3 1 2 5 9 3 3 1
9 15 3 15 6 4 7 5 6 4 3 5 6 7
7 3 1 9 15 3 5 14 4 11 0 5 9 4
3 2 3 4 7 6 5 3 13 2 2 7 2 4
1 2 5 6 4 1 0 4 6 4 1 1 1 4
6 13 2 4 6 1 4 9 6 5 2 9 11 0
4 0 2 9 0 13 0 1 7 3 17 3 11 3
4 6 1 3 1 8 2 8 3 1 6 7 2 0
9 5 4 2 9 6 9 1 0 0 1 1 0 2
2 7 7 5 4 5 9 6 0 3 6 4 5 7
8 10 1 2 1 0 8 8 5 4 5 2 2 6
13 4 10 6 4 11 8 2 3 15 6 3 16 7
3 1 5 7 2 5 3 4 3 4 4 2 1 2
1 3 4 5 2 1 0 3 5 4 11 2 0 0
22 10 10 11 0 7 7 3 8 6 4 14 7 12
13 15 1 8 4 7 11 0 17 12 4 12 9 5
9 14 1 8 10 3 6 3 8 1 22 5 12 10
7 4 0 3 9 4 2 1 4 3 3 9 4 3
5 6 2 6 13 5 2 9 5 4 5 5 4 1
0 3 5 2 7 2 8 8 1 4 3 2 1 3
8 8 0 2 4 2 0 2 1 0 6 13 4 2
2 11 3 19 8 5 12 8 8 5 8 3 5 3
5 0 7 7 2 2 1 1 5 7 1 5 2 5
5 10 10 16 13 1 5 16 3 2 3 15 3 1
6 4 1 15 3 12 15 17 10 7 7 15 7 8
24 7 10 3 5 3 2 12 5 0 11 6 15 11
5 9 1 2 0 11 0 2 5 5 0 16 4 5
0 12 5 11 0 12 18 11 16 17 1 8 6 0
9 17 6 4 3 25 12 7 11 10 2 0 2 4
4 12 5 15 5 2 1 8 7 8 1 7 1 4
2 1 4 5 2 0 7 4 8 2 7 1 8 2
2 2 3 4 4 5 0 1 1 3 0 2 1 4
5 7 3 3 7 4 6 4 3 5 6 5 1 0
0 4 3 0 6 7 0 1 0 2 0 7 8 2
5 2 1 6 2 9 8 12 5 8 2 2 1 2
11 2 3 10 1 0 11 2 4 4 16 6 2 9
1 4 5 4 10 5 1 5 1 1 1 1 0 1
1 4 8 8 3 10 3 4 9 11 0 12 9 0
0 9 4 1 4 1 12 7 4 17 4 5 19 6
3 3 3 1 2 1 1 3 0 1 4 6 2 4
2 6 1 10 0 3 2 2 5 0 3 0 3 0
3 2 9 4 15 15 2 8 1 3 5 1 11 18
1 1 2 10 1 3 7 0 4 2 1 1 0 1
13 6 3 0 3 0 13 12 1 2 3 11 3 10
11 12 17 21 2 1 4 6 5 3 9 17 0 12
1 4 3 13 15 13 13 4 7 8 13 10 3 6
7 3 2 0 1 3 7 3 1 6 3 8 3 3
2 2 2 4 6 8 1 7 17 22 12 6 4 5
1 4 6 0 4 4 2 3 3 7 2 0 7 4
2 0 1 0 2 0 1 1 4 1 1 7 5 2
2 5 4 2 1 14 9 1 23 18 17 3 8 3
6 3 11 25 4 3 13 10 2 2 2 9 7 12
0 2 0 2 1 5 4 1 4 3 1 5 5 3
1 6 3 3 2 4 7 1 1 8 2 6 3 7
7 1 7 9 0 1 6 0 4 10 0 2 2 1
2 4 2 8 5 1 9 1 2 2 2 0 7 13
1 2 3 22 5 2 7 12 17 3 7 0 4 0
8 13 1 0 5 6 2 9 17 9 4 2 2 6
7 19 15 4 10 5 7 5 15 11 8 5 7 4
3 5 13 3 0 5 12 2 5 12 13 8 24 7
14 2 1 9 1 1 13 6 2 10 6 0 2 4
8 18 6 4 2 16 11 3 8 2 4 1 1 1
8 5 9 18 1 10 5 3 7 5 7 8 6 4
8 3 19 7 15 1 14 11 4 5 17 1 14 0
4 1 6 2 8 8 8 1 4 8 2 2 12 4
1 7 4 1 3 3 4 3 2 2 1 5 2 2
2 8 6 2 2 0 10 12 15 8 2 7 11 8
9 4 3 8 4 22 1 1 8 3 6 3 5 1
6 1 8 1 4 5 5 2 6 5 9 16 5 6
1 3 1 2 0 4 2 1 1 5 5 6 5 1
2 7 1 1 6 2 9 3 1 4 7 6 1 1
10 3 1 10 2 0 6 8 5 6 6 2 5 3
0 8 9 13 14 0 2 1 4 2 9 4 4 1
1 3 6 1 9 2 9 6 13 5 1 6 0 6
3 3 5 9 2 12 9 4 2 6 8 5 11 1
6 4 2 0 1 5 8 4 1 1 1 3 1 1
3 3 1 2 3 4 2 0 2 3 5 5 1 0
13 7 4 6 4 6 8 1 2 9 3 6 12 1
3 2 8 17 5 5 11 15 13 13 14 2 9 12
0 1 1 1 3 8 2 0 3 2 3 2 1 2
1 1 2 4 4 3 1 1 0 1 8 0 0 7
1 1 6 1 4 4 4 2 2 9 7 6 4 1
1 2 4 2 1 2 3 4 1 3 10 5 4 3
8 12 11 8 10 1 2 2 6 9 13 2 12 9
6 9 10 10 12 9 4 17 2 11 6 1 5 5
3 8 8 3 0 2 1 9 3 2 1 1 8 2
3 7 2 6 5 1 1 1 9 2 1 1 8 0
1 3 10 0 1 3 5 1 7 1 6 6 1 5
17 8 12 9 8 7 5 5 2 13 7 1 1 7
7 0 2 24 2 9 4 8 16 2 1 5 1 1
7 4 7 8 4 1 3 4 6 14 2 2 10 4
4 2 18 4 11 6 1 19 8 7 10 1 9 6
6 4 8 1 2 1 7 8 10 15 3 5 11 11
18 8 3 14 2 2 3 2 19 6 7 14 3 3
1 5 8 2 3 3 5 5 7 6 2 6 2 8
1 4 1 6 0 8 1 5 6 1 0 7 2 1
5 7 9 8 13 1 1 16 16 7 6 3 15 8
4 3 2 2 8 3 12 4 1 8 2 0 16 18
6 1 11 4 7 1 3 4 1 5 5 6 3 3
10 13 6 7 6 9 1 4 8 0 3 11 1 9
1 9 9 3 2 9 1 6 6 10 5 0 7 4
1 4 5 7 7 7 2 4 0 5 2 11 6 5
12 6 6 7 13 2 15 1 3 2 1 12 5 10
4 11 3 2 1 13 6 4 0 6 0 5 7 1
3 0 3 2 10 3 7 7 16 4 4 4 0 5
0 1 3 4 1 3 7 4 4 6 2 1 0 4
8 17 4 4 4 7 4 20 3 18 0 4 12 11
0 0 5 3 3 4 4 1 2 3 5 5 3 3
1 19 9 8 1 9 6 7 7 21 1 7 4 5
2 1 4 5 6 1 2 3 2 6 7 0 3 4
2 3 1 9 1 5 1 1 27 7 11 8 7 5
0 0 4 0 2 1 2 1 6 4 1 3 2 4
2 0 1 4 5 0 2 1 4 5 2 5 0 2
3 1 6 1 5 1 9 2 0 2 0 5 4 7
1 11 0 7 11 12 7 8 1 7 4 1 1 10
11 2 8 14 14 2 4 1 2 1 6 5 15 2
6 1 9 9 4 18 4 2 8 2 5 5 5 3
6 10 5 0 12 1 3 4 6 9 6 1 15 7
0 8 12 5 5 0 7 7 2 10 2 0 5 8
3 11 15 14 15 4 7 11 6 7 5 8 18 7
10 2 0 4 0 1 1 8 3 3 5 7 4 5
5 14 0 1 1 19 12 15 8 8 1 2 4 2
2 9 7 5 4 3 6 9 6 2 2 3 9 4
8 1 7 5 10 18 8 7 12 14 11 0 2 19
0 10 2 2 1 11 7 15 6 11 7 2 10 7
4 3 5 6 6 3 11 3 5 4 5 2 2 2
5 5 3 7 4 6 2 4 5 0 0 1 2 11
2 4 1 14 6 3 12 2 4 8 6 5 12 8
9 11 9 8 4 8 12 8 7 7 3 20 4 13
9 1 7 3 2 3 17 13 4 4 9 6 9 7
3 2 6 4 11 17 12 1 27 2 1 8 8 11
5 2 4 3 0 4 3 3 3 2 5 5 1 2
2 2 0 1 2 5 2 3 0 2 5 3 0 4
2 1 0 1 2 0 3 2 6 3 10 3 2 5
8 0 4 0 17 6 1 12 17 1 16 5 3 6
7 12 8 9 2 6 2 14 5 10 12 4 7 3
3 1 1 11 7 5 12 11 20 1 1 11 4 3
3 13 5 11 10 14 8 4 4 1 23 2 2 8
4 1 4 5 6 5 1 8 2 1 1 6 2 7
3 1 2 8 3 10 2 1 12 14 1 8 20 9
18 3 12 0 2 1 4 8 6 3 6 20 17 6
9 2 3 1 1 0 6 4 5 6 13 9 5 3
15 1 10 4 2 5 1 2 1 4 4 5 4 2
5 2 2 4 3 0 7 6 2 6 0 5 5 2
13 11 10 3 3 11 2 9 1 0 8 1 17 7
11 3 6 15 3 0 1 9 5 0 8 8 4 7
3 6 2 3 1 2 1 3 3 8 6 3 6 5
9 1 5 3 7 4 1 5 18 12 6 3 5 6
3 7 9 4 1 3 0 7 11 7 6 2 12 3
1 10 5 17 12 1 6 1 6 8 10 11 5 1
2 4 2 1 7 3 1 3 1 2 2 1 2 3
2 3 2 2 3 4 0 6 1 2 6 3 2 2
1 1 3 2 3 5 13 0 4 6 3 7 1 3
10 6 1 3 8 13 9 1 12 8 6 1 9 7
4 6 1 5 8 3 2 11 1 6 6 9 3 9
4 1 0 4 4 0 8 1 1 1 2 5 1 4
3 4 9 7 16 9 9 9 16 0 2 1 1 4
0 4 1 2 2 3 5 1 6 5 3 1 1 3
3 1 5 3 2 6 7 4 4 10 5 3 0 3
4 13 3 10 8 2 9 4 8 8 15 1 7 0
2 9 15 2 7 3 2 6 10 6 12 6 4 11
22 20 12 11 6 2 3 4 5 3 8 12 9 5
7 3 15 8 4 7 15 3 11 7 3 3 1 11
1 2 3 3 2 1 2 5 4 5 3 3 1 3
8 13 5 1 10 1 5 0 9 10 12 16 10 17
0 1 8 3 1 1 7 3 12 0 1 3 6 2
4 0 5 2 1 1 4 1 3 6 4 2 1 1
8 10 1 14 5 11 4 5 4 4 2 3 3 11
3 5 2 6 19 10 8 4 4 8 0 1 6 5
4 3 8 3 1 4 5 2 1 2 3 1 1 7
16 16 4 9 6 1 3 5 14 5 4 2 22 8
10 6 0 3 7 1 6 7 18 1 1 6 11 11
1 14 0 9 21 11 9 15 2 4 6 1 6 15
4 12 1 13 10 7 4 2 5 7 11 6 4 3
5 0 5 6 0 1 0 3 5 1 3 1 11 3
4 3 2 1 1 3 1 2 9 2 0 2 1 1
5 12 4 3 3 3 2 8 4 5 13 6 4 1
0 4 1 0 4 1 3 1 4 2 3 1 1 6
3 9 5 10 5 9 10 8 12 3 11 11 7 2
0 4 0 6 7 2 12 4 5 17 3 12 7 2
6 9 3 15 16 6 6 18 2 14 17 2 8 5
5 10 4 1 10 5 2 4 13 8 1 2 6 13
3 7 6 9 12 12 3 7 16 4 9 5 5 22
4 19 3 6 1 3 7 1 0 7 2 5 1 1
6 7 4 9 7 5 12 3 8 8 3 4 2 24
0 3 2 2 10 2 1 0 3 1 4 5 0 1
7 12 2 8 2 0 0 11 10 0 4 1 4 4
14 1 1 1 0 6 9 2 6 8 10 5 2 12
2 4 5 2 1 0 7 0 4 3 4 2 4 5
3 3 8 3 1 1 5 2 7 11 10 8 5 5
3 1 3 3 6 3 2 6 4 4 3 8 2 4
3 2 6 8 2 4 4 8 6 3 2 4 5 7
2 12 9 16 6 3 1 2 7 2 3 10 4 8
4 5 5 9 0 1 3 3 6 1 10 3 0 0
2 9 9 4 10 6 5 13 5 10 11 5 13 2
4 1 9 1 18 0 9 1 3 1 3 7 15 6
6 4 3 0 4 6 0 6 3 3 0 1 3 3
5 12 8 1 2 1 2 3 2 1 12 11 3 3
2 4 9 10 0 3 1 4 7 1 3 11 1 4
6 5 0 6 2 1 6 1 2 1 3 3 1 0
5 2 0 3 3 3 1 1 6 5 5 6 1 4
6 2 2 1 2 9 1 5 8 0 12 13 4 4
2 4 2 0 2 1 4 5 6 3 1 9 1 4
5 6 2 4 8 5 6 7 7 0 7 7 2 1
0 3 8 5 1 4 6 3 3 2 4 4 8 2
7 10 14 1 1 13 4 15 11 4 6 10 8 7
6 1 3 0 3 3 1 1 3 5 0 6 5 2
0 1 1 2 4 5 1 5 7 1 1 1 6 2
4 2 1 3 3 1 4 2 6 3 2 0 3 7
3 3 9 1 1 5 1 2 2 4 2 3 4 5
4 4 9 13 1 3 1 3 6 13 11 11 3 9
9 1 9 5 3 10 3 1 2 4 1 5 1 5
5 3 1 1 0 0 0 0 5 6 0 1 5 0
3 1 2 3 2 4 1 2 3 0 1 5 7 1
3 1 1 1 1 9 0 5 1 4 4 2 1 5
3 3 6 4 1 2 2 2 2 0 0 1 2 2
6 15 12 14 8 14 13 6 18 1 1 9 2 8
12 5 7 8 4 2 2 9 1 13 24 12 3 8
5 4 2 3 8 4 3 6 2 5 1 1 1 3
5 5 5 3 11 2 5 1 7 12 11 16 9 11
5 1 4 6 3 8 22 0 8 4 6 13 9 13
1 1 2 5 1 3 1 6 5 8 10 9 2 7
3 0 2 2 1 4 0 1 2 1 2 4 5 4
4 2 6 1 4 4 14 6 3 13 6 5 3 10
8 6 2 3 4 8 2 1 2 9 10 0 1 2
5 7 1 3 9 6 6 8 3 9 10 5 1 7
5 3 1 3 2 1 3 8 4 1 5 0 5 2
2 4 13 5 3 2 7 10 1 5 11 12 0 5
6 7 4 9 9 12 4 1 11 10 15 3 9 2
21 2 7 2 0 1 7 4 5 10 18 3 7 17
6 5 13 4 5 3 0 2 0 2 11 5 3 4
2 0 6 3 4 4 6 5 2 2 6 0 2 3
12 8 1 9 3 6 1 1 9 1 16 5 9 5
3 11 3 7 1 2 10 6 19 15 8 2 9 4
3 0 3 4 3 2 4 11 6 6 6 9 7 3
0 10 4 6 4 5 3 2 1 7 2 4 4 5
8 3 23 2 9 2 7 7 14 4 1 20 4 8
1 8 1 0 3 3 4 6 3 1 9 1 4 1
7 1 2 2 0 7 0 3 2 3 1 2 5 1
5 3 4 2 2 7 1 2 0 2 5 1 1 3
13 1 6 11 5 14 5 1 8 3 8 2 3 10
1 2 5 0 5 1 7 5 0 1 6 3 2 6
15 1 3 1 5 1 1 3 8 4 9 15 13 12
2 5 5 2 5 2 2 3 3 3 0 5 2 3
7 11 9 6 2 4 4 1 5 6 12 9 11 0
2 5 1 1 1 4 5 2 2 6 4 8 13 3
2 4 1 1 7 12 3 6 3 8 6 2 5 2
2 15 3 10 4 5 3 18 21 5 7 1 6 15
4 4 0 1 0 1 0 8 1 4 5 1 0 1
0 11 4 8 7 4 4 1 8 0 4 19 4 11
3 12 8 8 8 2 6 8 10 0 4 2 4 11
6 1 6 7 2 7 3 8 5 7 3 0 6 8
4 4 5 1 2 4 5 5 9 2 2 10 6 1
13 0 8 1 5 5 3 9 1 0 3 1 4 2
18 5 0 2 4 2 2 8 10 0 7 15 6 10
7 5 5 5 2 2 4 0 3 0 6 2 3 4
4 5 8 12 11 23 5 6 10 9 13 6 5 11
6 14 6 9 8 17 5 5 10 18 8 13 3 1
13 3 18 0 6 10 2 4 12 19 11 1 3 5
5 7 3 2 4 5 4 2 4 2 0 3 6 8
3 17 2 11 2 1 0 8 1 3 1 7 7 4
3 4 10 28 11 12 11 0 9 4 7 4 4 4
3 4 9 11 2 1 2 4 6 7 2 5 4 11
9 3 18 1 6 5 2 12 11 5 13 2 5 7
2 1 1 1 3 2 1 3 1 1 3 1 7 2
0 6 3 9 0 0 1 0 2 4 0 9 4 11
4 7 0 1 4 3 6 3 8 5 2 7 7 7
10 2 4 0 3 1 1 5 0 7 4 3 3 3
10 6 7 6 2 8 3 0 3 3 9 0 2 5
1 1 7 0 3 0 1 3 4 1 1 1 4 3
3 5 8 1 6 5 2 6 7 4 4 3 0 2
3 4 1 1 1 4 5 8 2 0 2 8 6 3
2 14 0 7 4 5 8 6 8 14 7 14 7 10
1 2 1 0 5 2 12 1 1 4 8 10 2 4
3 1 6 2 10 6 0 3 7 2 13 9 1 1
3 17 8 1 2 3 2 6 2 5 10 4 1 2
6 2 10 1 1 10 0 16 3 5 16 0 4 12
2 6 7 1 2 9 7 6 3 1 1 1 4 11
2 7 3 0 2 3 4 3 1 1 3 3 6 9
1 5 9 1 4 4 10 7 9 2 16 1 3 2
5 1 12 6 6 3 5 20 3 7 7 4 6 1
4 3 21 10 7 3 1 3 3 15 15 10 14 1
6 10 2 11 5 1 2 1 2 4 9 1 5 10
6 5 10 3 7 1 3 0 3 2 1 10 2 5
11 1 0 10 7 8 1 4 8 5 3 13 0 0
11 3 16 6 9 13 4 15 4 5 8 9 9 10
3 4 3 1 0 19 8 3 2 1 5 1 6 2
1 4 1 3 3 0 5 3 2 3 3 3 0 2
6 2 0 19 5 10 18 7 10 10 13 0 9 6
0 1 4 2 1 6 0 3 1 2 2 1 1 3
2 7 4 12 5 3 3 1 3 10 7 1 5 1
6 11 6 8 2 2 3 2 1 10 4 2 16 3
1 3 1 11 6 8 4 4 11 15 5 5 9 3
7 9 11 4 17 7 12 1 4 20 9 2 4 11
4 4 1 5 7 0 4 1 6 3 4 2 2 5
3 3 2 5 12 6 5 11 5 14 15 0 13 4
6 10 4 14 4 0 20 4 7 10 4 3 4 11
7 1 7 7 3 8 5 1 9 13 4 3 7 3
2 5 2 13 11 7 10 20 3 5 3 4 4 14
12 4 2 6 4 0 1 4 0 5 3 3 3 2
4 2 2 12 2 5 4 1 7 4 1 5 1 1
3 7 12 9 20 12 6 0 4 1 4 9 11 2
2 2 0 6 3 1 6 7 5 3 3 2 6 4
0 0 3 7 1 2 3 3 0 3 1 2 3 2
7 11 3 0 4 1 3 8 2 5 3 9 8 16
3 1 1 1 3 2 0 3 3 7 0 10 1 10
2 5 3 5 1 3 7 5 14 5 6 4 5 11
6 7 7 7 4 3 7 7 1 5 6 12 1 4
28 6 5 3 5 1 10 3 14 4 2 2 3 2
11 7 5 10 15 3 11 6 11 8 0 14 13 4
3 1 6 5 17 6 1 0 19 8 10 1 7 5
8 2 12 6 3 8 3 0 5 3 1 4 1 0
4 11 4 11 10 8 2 4 16 20 7 11 2 6
3 4 4 0 1 0 4 2 6 1 8 5 5 1
4 6 23 2 5 6 1 4 12 10 10 5 5 1
6 8 5 6 8 1 6 1 3 1 2 5 6 8
7 1 2 3 0 4 5 1 1 1 1 6 4 0
1 8 4 0 6 7 3 0 7 12 4 1 0 3
4 0 8 8 2 4 12 3 9 1 8 2 0 11
0 16 3 7 15 5 1 2 0 11 14 14 12 9
8 3 15 16 15 9 6 9 6 3 9 0 8 10
9 2 7 1 9 3 3 4 4 0 11 2 2 5
2 3 1 0 5 2 0 6 7 1 5 0 2 1
1 4 3 4 4 0 4 1 2 2 1 6 1 4
3 4 10 3 6 5 4 1 5 6 5 1 5 1
1 8 1 3 3 4 8 6 0 1 1 2 2 6
2 5 7 5 1 5 1 15 2 3 1 5 1 5
6 8 8 10 5 6 1 2 6 0 6 23 0 8
1 4 7 7 7 7 10 10 5 2 1 3 10 3
0 13 3 3 6 0 6 6 7 3 1 11 3 1
5 3 1 2 5 2 1 5 4 10 9 1 3 7
14 2 26 7 1 3 3 19 8 5 5 8 8 1
4 2 3 4 1 1 3 2 0 1 6 1 0 5
9 1 13 1 17 20 9 9 2 4 4 13 15 8
1 11 2 8 6 2 5 1 6 19 1 2 4 2
1 1 2 10 1 6 15 13 6 1 7 2 8 3
4 1 3 1 11 6 1 0 0 3 7 2 7 0
1 5 19 8 15 3 7 4 14 6 5 7 4 9
0 4 5 13 4 2 3 5 21 1 2 3 2 3
13 7 12 7 6 17 11 2 0 9 9 18 2 0
2 4 1 5 4 5 1 2 4 0 2 7 1 10
6 9 5 6 5 5 4 6 6 5 4 16 4 5
1 8 12 1 5 9 1 3 3 13 10 7 3 3
7 0 2 2 1 4 5 10 5 6 6 3 0 7
2 2 4 1 3 1 7 6 0 0 1 1 1 2
12 4 8 4 3 14 3 15 8 0 5 1 10 1
9 1 10 6 4 11 8 2 4 11 7 1 2 0
2 0 0 5 11 10 6 5 6 4 3 8 10 5
6 0 1 2 3 1 2 9 4 6 4 1 1 1
3 2 6 2 0 3 7 12 5 0 9 15 8 1
5 0 4 1 0 4 5 5 3 6 2 1 8 1
4 10 3 10 2 1 6 5 11 12 1 4 4 3
10 6 2 8 4 6 6 3 1 0 4 2 9 1
3 1 1 0 0 5 6 7 1 4 4 3 3 0
2 2 23 14 9 3 0 2 6 4 6 2 0 10
13 1 7 5 0 2 15 4 3 5 10 3 2 0
3 22 10 0 5 7 12 0 1 12 5 1 16 5
17 3 12 0 1 9 16 5 10 2 1 6 11 6
2 7 5 2 1 1 5 10 8 6 3 1 3 2
3 2 3 11 7 9 0 5 6 3 5 3 5 10
12 4 6 4 2 2 4 4 4 1 7 2 7 1
1 11 4 3 4 13 2 10 20 15 2 6 4 2
10 1 7 1 7 14 1 13 3 12 7 9 3 7
2 3 14 3 24 7 8 5 3 20 7 4 9 1
1 1 3 3 11 16 8 14 8 4 17 1 21 2
1 0 2 4 0 1 6 3 1 6 0 7 1 1
10 4 1 10 0 5 12 3 8 4 13 2 4 1
7 2 10 7 4 8 0 5 21 5 11 2 0 2
13 3 3 7 10 2 15 12 7 16 1 18 9 4
5 3 0 6 5 1 0 2 11 0 9 5 4 4
7 6 7 3 0 4 7 2 6 7 8 11 6 14
5 1 9 2 0 8 2 5 14 2 4 1 4 8
2 10 4 7 7 3 1 0 6 4 1 2 1 14
1 9 4 4 2 4 1 8 1 2 5 4 0 4
0 1 5 2 8 6 3 3 5 0 2 8 3 0
4 3 6 2 5 6 8 4 8 1 12 2 1 4
4 1 17 9 17 1 1 9 3 3 0 7 9 10
1 6 2 4 11 8 6 6 1 22 1 9 8 4
11 3 2 6 4 8 8 3 10 0 6 13 5 6
4 8 12 6 16 6 11 10 4 14 16 0 4 16
5 4 6 3 2 4 3 3 10 3 5 2 25 7
1 10 7 2 9 6 10 10 1 15 22 6 6 6
5 6 2 1 1 17 2 10 4 11 9 1 5 13
8 10 8 6 10 12 3 5 11 6 5 11 2 1
16 1 1 3 2 10 5 1 2 12 7 13 14 6
5 5 3 0 5 3 1 2 2 9 6 6 3 3
3 0 1 1 1 3 1 7 5 3 3 1 2 4
4 3 0 0 8 4 1 0 1 7 5 1 8 6
10 1 6 3 15 10 9 1 8 5 4 8 8 1
8 1 5 2 11 1 6 12 0 3 3 3 7 16
5 1 6 9 5 9 3 6 2 0 2 6 1 3
3 4 5 0 7 1 1 2 4 1 6 3 2 1
11 11 3 1 3 3 1 5 6 12 3 11 3 15
4 2 5 11 16 14 3 6 8 5 15 18 2 8
8 3 21 8 7 5 5 18 2 7 14 5 8 6
4 2 1 2 1 8 3 3 18 17 20 8 6 1
1 8 8 2 2 2 1 5 5 3 4 3 5 0
5 13 5 11 6 7 0 5 6 14 4 7 9 13
17 4 13 15 1 3 3 2 7 4 9 1 4 7
2 3 1 5 5 7 4 3 2 2 9 1 1 2
6 7 24 6 2 10 13 7 7 7 3 15 2 1
2 1 13 8 4 5 1 2 0 1 0 2 2 6
5 0 2 3 12 9 3 7 10 0 2 11 11 8
10 7 7 12 5 11 4 7 8 21 5 1 1 2
1 1 10 14 5 3 15 9 16 17 2 0 0 5
8 12 0 2 6 3 3 20 7 12 2 6 6 0
9 4 10 4 11 6 2 5 7 9 3 4 7 9
4 2 12 4 1 8 1 8 9 2 18 20 4 2
0 1 6 6 9 6 9 15 1 6 2 2 8 0
1 14 2 1 4 7 8 2 1 7 5 8 7 2
18 7 11 3 1 15 1 20 5 4 13 3 7 6
1 1 6 3 2 1 1 3 1 4 3 1 5 3
1 3 3 6 4 0 3 1 6 2 4 6 7 2
0 4 0 5 5 4 2 5 6 3 6 6 5 0
5 4 2 3 0 2 5 0 6 0 0 1 5 7
1 1 2 2 1 1 3 1 1 7 1 9 2 3
8 4 4 1 2 20 2 18 5 8 7 4 12 11
7 8 12 8 1 1 10 15 2 23 4 6 6 15
8 1 7 0 10 2 5 4 3 6 8 16 4 13
3 7 4 18 11 6 10 18 9 9 7 4 14 6
2 0 2 2 3 4 1 4 3 0 5 0 3 1
11 1 3 4 14 5 6 9 1 3 6 14 9 4
6 2 12 5 7 7 5 16 15 14 11 6 3 10
8 29 6 5 0 6 6 6 8 5 7 2 1 18
0 5 1 9 1 0 0 0 3 2 4 7 8 2
9 4 6 3 2 6 2 5 1 7 1 5 1 2
0 8 1 9 15 5 20 8 13 13 3 2 7 6
5 3 4 2 3 0 2 1 6 6 2 3 5 1
4 7 1 2 16 3 7 1 12 5 7 5 4 1
1 11 1 1 7 5 13 5 4 0 6 3 1 1
6 1 7 2 8 6 1 1 7 4 3 8 2 8
2 2 4 1 2 0 3 9 7 5 2 2 1 1
25 5 2 6 3 4 5 7 1 16 4 4 3 4
14 1 4 9 11 7 8 2 10 10 8 9 9 1
1 2 0 0 6 6 3 10 18 2 6 12 1 0
6 3 0 1 1 5 12 3 10 3 6 3 5 6
5 3 1 5 2 2 0 1 8 1 2 4 1 4
5 4 2 3 1 2 6 5 5 1 3 9 2 3
2 0 2 5 5 13 5 9 9 13 11 26 6 7
1 4 4 5 8 0 2 3 8 4 1 8 0 4
1 1 4 3 7 12 5 2 4 5 1 3 0 5
1 3 0 4 7 2 1 2 7 13 0 3 5 5
5 3 0 5 9 4 11 1 4 15 3 7 5 12
1 6 11 3 17 1 10 10 1 17 2 1 6 2
0 12 5 6 5 9 6 17 7 9 3 0 7 6
3 6 16 2 5 2 7 7 0 5 1 3 5 1
15 10 9 1 6 1 17 1 17 7 2 9 9 12
5 6 7 0 1 3 1 2 1 6 4 2 3 9
5 13 6 4 1 1 1 3 3 2 8 0 0 7
4 4 2 3 5 2 1 4 1 0 9 0 3 4
6 2 4 5 11 12 0 6 12 6 1 7 9 0
2 2 4 1 7 4 1 4 8 0 1 1 5 6
4 11 9 2 10 23 12 1 4 10 3 7 6 2
0 2 0 5 2 3 9 10 2 9 6 2 15 5
2 2 2 2 3 0 3 2 7 4 1 3 6 2
9 5 4 8 12 3 5 0 1 4 2 10 6 2
7 7 5 0 5 2 4 7 0 3 7 2 1 0
0 3 3 6 4 2 4 1 3 5 3 1 6 5
12 3 6 1 6 5 8 11 2 6 7 11 9 5
1 22 15 8 2 7 10 10 10 7 0 4 3 4
4 15 16 15 19 4 10 8 1 5 0 6 1 3
5 6 6 16 4 4 4 6 11 3 24 6 14 5
1 12 6 0 5 4 4 5 6 12 5 10 20 3
6 5 3 7 4 6 17 5 0 6 6 2 7 4
4 1 10 8 0 9 6 7 7 14 5 10 7 16
1 5 5 6 0 2 12 1 3 7 0 4 5 3
4 13 1 5 1 8 7 5 5 3 0 6 1 0
12 5 10 12 15 9 8 10 1 11 5 2 18 5
3 4 4 1 1 5 5 4 0 1 2 3 2 3
3 6 2 5 1 2 7 2 4 3 8 7 2 6
2 16 15 6 2 6 9 8 17 3 23 1 4 1
4 4 4 2 3 6 4 4 3 4 1 8 2 3
5 6 1 1 6 0 12 3 4 3 8 6 4 2
6 2 12 9 0 25 11 11 1 8 14 11 5 0
0 22 0 3 11 5 2 10 9 7 16 16 7 6
2 3 2 2 5 3 5 8 2 1 7 2 0 1
10 8 1 3 2 9 8 1 1 1 15 5 11 16
0 0 3 6 6 9 7 16 1 9 4 2 6 2
6 3 1 8 4 6 4 0 9 5 5 6 3 2
0 5 1 6 4 3 5 10 1 6 4 5 6 5
4 4 2 5 9 3 3 0 2 2 9 1 4 3
7 2 0 8 1 0 7 3 1 4 0 0 7 0
7 3 3 11 3 15 1 12 6 5 8 11 12 5
14 5 2 5 4 3 2 10 11 1 2 16 3 10
5 1 9 4 2 3 7 1 3 0 2 1 6 8
6 1 2 9 15 5 5 4 4 6 1 5 7 7
1 0 5 1 1 1 4 4 4 0 2 1 2 4
3 0 0 1 5 10 1 10 9 4 10 1 1 15
6 0 0 1 3 5 6 6 4 1 5 7 6 5
3 3 2 0 1 2 4 4 1 6 0 3 3 3
1 26 2 8 17 5 8 4 11 5 2 6 5 8
1 3 1 7 3 7 6 3 1 3 6 2 3 4
7 3 0 6 5 2 3 2 1 8 12 1 6 2
18 1 6 4 11 6 3 7 4 6 8 1 18 9
7 5 5 12 8 5 3 3 6 9 4 9 3 6
12 2 11 5 7 10 11 15 11 1 1 14 6 11
5 8 8 0 3 1 11 1 2 2 6 1 3 8
6 12 4 9 5 6 13 4 8 9 6 27 4 3
1 4 7 20 6 11 2 18 5 7 14 3 6 3
2 1 4 10 9 2 0 4 0 6 3 6 12 8
4 8 5 7 5 3 8 4 3 5 1 4 9 2
5 9 1 6 3 2 4 2 2 8 0 8 1 2
6 0 4 1 8 5 1 5 3 6 6 6 2 4
2 6 4 4 1 4 2 1 1 3 4 2 1 4
6 4 9 19 12 3 8 2 1 10 14 4 14 2
2 2 7 5 3 2 1 4 10 8 4 2 10 12
2 1 4 18 1 13 1 10 8 0 0 2 12 7
3 5 5 8 0 3 1 13 0 3 8 11 1 0
11 4 19 5 11 4 7 7 5 2 0 10 14 9
4 3 2 4 3 3 1 4 4 0 2 5 6 6
2 7 7 8 0 0 0 5 0 1 2 3 3 2
6 6 12 2 5 3 11 4 1 1 6 0 6 2
1 19 8 10 11 6 7 10 4 15 11 5 9 8
7 6 3 10 5 6 1 4 2 3 4 2 2 2
1 11 1 4 4 4 3 5 4 4 2 2 2 5
7 7 3 6 17 2 2 6 11 3 14 9 10 1
6 5 1 1 1 6 1 9 2 1 0 5 1 0
7 4 0 5 5 1 4 5 6 8 0 9 8 1
5 6 1 4 0 4 7 4 9 9 11 10 0 4
4 1 2 2 5 0 6 5 3 7 1 8 0 3
4 5 4 4 1 5 4 3 1 8 2 5 0 2
16 4 7 14 5 5 5 3 11 18 7 6 15 1
8 3 3 1 7 6 4 5 2 8 4 10 3 0
9 1 8 11 7 11 4 5 6 0 9 3 1 13
5 2 6 7 3 1 16 7 1 7 7 2 7 0
1 6 6 2 0 0 3 4 6 4 2 0 2 3
5 4 1 2 0 1 1 5 1 0 1 4 4 1
4 3 0 3 3 7 5 9 1 3 4 4 3 2
4 3 4 0 1 4 2 0 2 2 5 1 2 2
5 8 0 2 1 4 1 4 2 0 5 9 1 4
5 4 9 1 18 6 7 6 2 10 0 4 4 17
7 19 7 13 2 5 15 8 4 1 13 12 15 1
5 0 3 6 1 11 1 11 11 3 8 5 10 5
4 6 2 6 6 12 0 12 14 1 4 15 10 19
5 3 9 3 2 6 7 8 7 9 8 1 17 18
1 2 0 9 6 12 3 7 7 3 5 7 10 1
13 7 7 6 17 11 5 11 18 3 14 4 1 6
3 9 7 11 2 4 2 11 1 2 9 8 11 4
7 3 5 4 19 2 12 3 5 2 2 4 4 2
2 5 2 5 3 6 3 7 4 9 1 3 6 8
3 3 3 3 8 1 0 0 4 1 3 3 3 3
8 6 11 2 2 11 4 10 14 11 2 5 9 8
1 5 2 4 1 5 1 1 0 2 1 0 6 2
7 1 3 12 6 6 11 4 14 18 5 4 1 5
2 3 1 4 1 3 2 3 2 2 3 4 7 2
0 3 0 3 1 1 4 3 1 5 1 5 2 0
4 17 14 3 10 1 18 0 5 16 3 9 5 11
6 4 1 3 3 7 2 0 2 4 1 3 6 4
5 2 11 5 14 11 1 0 10 12 11 13 0 13
4 4 13 3 7 0 7 5 10 9 1 8 3 1
1 1 5 10 3 0 2 0 4 4 0 7 1 2
4 4 23 14 1 1 13 3 8 4 14 13 11 3
3 3 5 2 2 1 8 0 1 10 6 3 12 7
3 7 0 4 0 3 11 1 1 13 10 11 3 1
3 5 3 6 13 2 4 7 6 5 4 4 10 3
4 6 1 1 0 4 6 2 9 6 8 7 3 4
9 9 3 6 6 4 2 10 3 3 6 1 1 3
4 2 8 3 6 3 19 12 3 10 10 0 11 9
2 3 5 5 12 1 7 14 6 11 18 3 5 1
3 4 0 2 5 3 3 6 2 3 2 12 9 6
9 1 0 6 6 4 0 0 3 3 1 7 3 0
12 6 2 2 3 10 19 2 2 5 2 3 7 2
0 1 10 2 6 5 3 8 7 7 1 1 9 1
10 8 3 1 1 7 4 3 12 13 13 0 3 8
12 5 2 4 14 0 3 6 2 4 6 0 9 5
6 3 2 2 2 3 3 2 3 4 7 4 2 4
2 4 5 2 2 1 4 0 5 1 2 1 1 2
1 2 0 2 7 12 4 7 3 1 5 5 1 9
0 5 5 4 18 1 6 6 6 3 6 3 7 21
8 5 0 1 19 6 9 8 4 1 2 0 5 10
8 16 11 0 5 3 9 5 21 2 3 20 8 6
2 3 5 1 3 1 0 2 11 5 3 5 2 4
5 16 12 5 2 9 10 1 11 6 4 9 19 10
2 0 4 8 3 2 0 4 2 4 5 7 1 3
4 1 1 1 3 1 1 8 0 0 3 8 5 3
8 20 2 12 4 1 3 17 3 6 7 5 18 13
5 3 5 4 5 2 3 6 2 1 1 3 4 8
7 3 4 11 14 1 2 0 6 10 5 8 2 8
2 1 6 2 11 3 24 2 2 8 11 9 7 3
2 2 3 1 1 2 14 2 1 2 2 3 5 1
6 3 18 11 9 5 16 1 1 0 15 1 12 1
1 3 4 2 1 1 2 1 7 5 1 8 5 1
9 0 1 3 1 4 1 3 4 2 8 4 4 6
9 13 18 2 8 4 17 3 8 1 2 5 1 19
1 6 1 4 1 3 9 2 1 2 3 1 2 7
7 9 3 1 1 8 9 1 3 7 3 1 2 0
5 14 19 2 5 2 3 4 6 9 2 8 18 13
0 13 2 15 13 5 0 13 7 9 6 9 0 7
3 1 19 2 8 21 19 7 12 6 10 1 3 3
1 7 4 0 2 0 3 6 0 0 2 0 0 4
9 6 2 7 8 6 4 2 0 7 1 4 4 5
1 5 1 6 17 4 6 1 0 4 12 24 13 2
2 12 1 8 2 1 9 6 6 4 1 1 18 13
1 2 0 3 0 4 0 1 5 4 7 8 16 3
3 8 1 3 0 0 3 1 7 8 2 6 5 1
12 15 4 12 10 8 12 9 16 15 2 13 4 2
0 6 9 4 1 3 4 0 4 6 4 3 9 0
4 3 4 1 5 2 8 11 3 8 4 21 9 6
0 3 3 9 9 17 8 5 1 7 0 0 3 7
3 19 4 6 0 14 2 1 5 5 2 6 9 6
8 3 10 1 7 8 4 17 8 4 1 3 13 3
5 5 3 4 6 3 6 3 4 7 0 5 3 6
3 17 11 9 14 15 0 0 3 12 9 8 7 1
4 8 4 3 4 2 6 6 3 7 1 10 0 3
2 2 2 5 0 8 8 0 13 5 7 6 2 1
3 2 3 6 2 6 3 7 5 5 3 10 7 3
4 2 0 7 19 8 8 6 1 1 8 3 4 0
1 3 0 2 6 3 6 4 5 1 1 1 6 3
4 2 2 3 4 3 3 7 0 2 4 2 3 5
8 20 13 10 1 5 2 2 9 11 4 14 1 3
3 0 0 2 1 3 2 7 1 4 4 4 0 2
11 3 2 17 14 7 3 1 13 4 20 8 7 1
4 5 4 15 6 5 8 4 11 3 2 7 9 5
5 1 1 5 2 4 1 2 1 0 4 2 3 3
18 9 4 1 9 5 0 1 1 11 6 6 5 6
1 1 13 6 12 5 5 13 1 0 4 1 5 3
6 0 4 1 2 0 1 5 5 5 4 1 4 1
5 2 0 7 5 4 12 1 5 2 9 1 8 1
0 12 10 7 2 11 4 1 2 10 2 13 0 14
3 9 7 12 8 6 5 3 2 7 3 5 2 6
6 17 1 3 1 20 2 3 7 1 12 14 3 10
7 4 17 8 0 4 0 3 6 15 9 1 3 2
4 7 2 6 4 6 6 0 3 0 1 2 8 1
4 8 1 8 0 1 2 7 16 16 6 17 1 1
7 16 2 5 8 3 0 3 3 2 5 13 8 5
2 1 2 4 0 5 1 7 4 3 4 10 1 24
1 9 4 3 4 5 5 5 8 8 2 5 3 4
12 9 7 16 15 3 7 5 4 14 12 5 6 1
7 8 6 1 5 6 6 6 3 1 2 9 4 5
4 2 0 7 10 1 5 1 2 4 4 3 2 2
4 1 3 8 2 6 1 6 3 0 10 2 7 1
1 6 3 1 3 6 3 3 2 5 5 4 1 6
3 0 4 1 5 7 4 5 3 3 8 4 0 4
5 5 16 7 5 2 3 10 0 0 4 4 17 3
2 14 4 14 3 1 5 3 4 6 11 9 13 12
5 12 8 0 2 4 2 2 4 4 12 4 11 6
9 3 3 11 3 1 1 3 3 2 0 7 7 5
8 4 10 6 11 4 0 8 3 8 0 5 4 7
6 11 3 7 3 20 2 4 6 5 13 1 6 9
1 12 2 20 5 9 5 19 9 2 0 12 6 0
11 27 3 13 17 6 8 5 6 4 4 1 3 6
3 7 11 0 1 9 5 14 4 9 2 6 12 0
12 3 4 5 7 0 8 4 6 4 0 2 0 5
2 1 7 3 3 0 8 3 1 4 3 2 2 7
1 2 1 2 1 3 1 7 6 6 5 5 8 5
10 16 12 6 9 8 1 1 5 2 4 0 2 6
0 4 1 2 1 6 1 3 7 9 7 0 8 5
8 2 2 2 4 7 6 1 9 8 16 16 8 0
1 6 2 3 5 2 1 1 5 0 2 1 0 7
13 1 6 7 3 4 5 4 3 8 3 5 3 8
0 7 3 7 7 6 5 12 11 1 15 10 5 4
16 2 22 16 5 4 8 0 11 3 11 4 7 11
6 2 1 3 3 3 2 3 3 9 11 2 3 1
1 3 5 3 12 3 0 1 8 5 4 2 1 2
8 3 3 5 2 6 5 3 2 2 1 9 6 9
6 4 4 1 13 2 4 5 13 2 7 5 2 15
7 10 11 13 10 14 2 3 9 10 10 2 8 4
6 9 11 9 8 19 1 7 11 6 4 1 19 5
7 11 8 3 12 5 3 11 7 9 1 1 7 4
1 14 5 14 10 3 15 1 3 4 7 8 6 24
7 7 2 3 13 4 6 7 3 3 10 1 15 0
3 3 6 4 2 3 0 1 3 1 1 0 0 2
1 10 3 12 13 6 8 21 1 0 2 2 11 2
4 9 8 3 3 4 2 3 1 5 2 7 1 8
8 2 2 11 3 6 8 11 1 2 4 5 19 9
6 15 5 17 1 10 7 3 8 3 13 11 8 3
2 0 4 4 7 2 3 2 2 0 4 5 1 1
6 8 17 9 12 6 11 2 14 9 1 4 5 1
1 13
1 27
1 56
4 26
4 100
5 17
5 46
5 70
6 64
6 71
7 44
7 86
8 51
8 67
8 81
8 104
9 99
9 101
10 50
10 67
11 19
11 33
11 86
11 93
12 106
12 111
13 41
13 56
13 86
14 52
15 55
16 81
17 94
18 92
19 46
19 117
20 83
21 29
22 32
23 63
23 65
24 48
24 64
24 124
25 51
25 81
26 58
26 86
26 115
27 103
28 31
28 56
29 77
29 112
30 84
31 65
31 99
31 130
32 59
33 60
34 93
34 97
35 60
35 75
35 101
37 64
37 101
38 52
38 100
38 132
39 96
39 136
40 79
40 107
41 73
42 89
43 47
43 67
46 100
47 77
47 123
48 68
48 77
49 82
49 104
49 143
50 96
50 136
51 106
52 55
52 119
53 55
53 142
53 146
54 72
55 74
55 117
55 146
56 124
56 127
57 88
58 101
58 132
58 137
59 97
59 114
59 142
59 149
60 82
60 136
60 153
60 157
61 82
61 143
62 135
62 140
63 72
63 85
63 86
63 139
64 135
65 75
66 106
66 131
66 138
67 144
68 168
69 149
69 152
70 150
71 165
73 86
73 87
73 106
73 119
73 138
74 99
74 140
75 133
75 154
77 133
77 156
77 175
78 131
78 148
79 176
80 115
80 117
80 144
81 158
82 140
82 157
82 162
83 85
83 92
83 145
83 183
84 87
84 93
84 167
85 104
85 149
85 184
86 158
88 165
89 118
89 143
92 106
92 113
92 115
92 121
92 142
92 150
92 185
93 122
93 126
93 138
93 139
93 146
94 139
95 175
96 148
96 167
96 189
97 99
97 135
97 153
97 157
97 167
98 115
99 117
99 118
99 124
99 153
99 156
99 165
99 187
100 114
101 137
101 172
102 116
103 193
104 160
104 179
105 199
106 155
107 120
107 160
107 188
108 168
108 185
109 177
110 144
110 167
110 195
111 143
111 173
112 160
113 128
113 146
113 202
114 152
114 185
115 152
116 127
116 190
117 195
118 142
119 135
119 153
120 185
121 136
121 144
121 166
121 198
122 128
122 144
122 157
122 187
122 204
124 168
124 196
125 128
126 182
126 209
127 147
127 193
128 147
128 215
129 150
129 164
129 174
129 183
129 224
131 142
133 139
133 161
133 191
133 192
133 220
134 156
135 150
136 218
137 198
137 200
137 220
138 155
138 159
138 235
139 144
139 154
139 162
140 146
140 198
141 191
141 201
141 223
143 178
143 188
144 179
145 215
146 149
146 155
146 158
146 186
146 218
148 181
149 199
149 212
150 154
150 159
150 180
150 186
150 226
151 214
151 226
152 164
152 172
152 236
152 238
153 245
154 161
154 224
154 254
155 196
155 218
155 248
156 164
156 189
156 229
156 237
157 203
159 160
159 166
159 187
159 206
159 231
160 194
160 253
160 257
161 200
161 207
161 216
162 172
162 204
163 200
163 209
164 172
165 217
165 222
165 248
165 258
166 172
166 212
166 255
167 182
167 190
167 267
169 220
169 225
169 234
169 238
170 211
171 184
171 188
171 240
171 255
172 206
172 208
172 272
173 228
174 227
175 233
176 253
176 255
177 238
178 225
178 252
179 188
179 201
179 217
179 219
179 250
180 204
180 245
181 197
181 225
182 278
183 192
183 275
184 223
184 227
184 244
184 282
185 218
186 195
187 192
187 248
188 225
188 228
188 268
188 284
189 262
190 204
190 241
191 258
191 280
192 260
194 229
194 263
195 217
195 223
195 257
195 274
196 197
196 215
196 222
196 283
197 236
197 280
198 251
199 282
200 288
201 254
201 265
201 294
202 215
202 237
202 298
203 261
204 290
205 251
206 222
206 231
206 255
207 235
207 241
207 303
209 261
209 287
210 227
210 242
210 254
211 262
211 263
212 263
213 236
213 300
215 223
215 278
216 217
216 234
216 237
216 249
217 266
217 310
218 243
218 295
218 311
219 253
220 272
221 254
221 292
222 253
223 274
224 256
224 305
225 239
225 274
225 281
226 238
226 313
227 263
227 279
228 289
229 230
229 292
230 311
231 271
231 280
231 323
232 305
233 294
234 317
235 329
236 251
236 270
236 272
236 310
236 334
237 254
237 268
238 262
238 309
239 288
239 332
240 262
240 290
240 319
241 269
242 270
242 279
243 337
243 341
244 271
245 253
246 247
247 295
247 308
248 294
248 315
249 272
249 339
250 292
251 259
251 293
251 345
252 297
252 309
253 330
254 281
254 313
255 270
255 333
257 279
257 330
257 342
258 260
259 320
259 337
259 357
260 332
260 351
261 297
261 359
262 319
262 342
263 326
263 341
263 359
264 280
264 325
264 352
265 323
266 329
266 359
267 292
267 330
269 299
269 307
269 314
269 315
270 291
271 289
271 290
272 281
272 346
273 302
273 359
274 281
274 310
274 317
274 322
274 362
274 368
275 284
275 288
275 315
275 370
276 285
276 322
276 354
276 370
277 292
277 307
278 362
279 310
279 339
280 319
280 369
281 282
281 341
282 318
282 334
283 334
284 341
284 373
285 329
285 345
286 289
286 358
286 374
288 307
288 359
288 364
288 385
289 294
289 306
289 314
289 348
289 359
291 331
291 333
291 380
292 325
292 339
292 381
293 372
293 378
293 388
294 359
295 322
295 394
295 395
296 351
297 308
297 354
297 385
297 394
298 366
298 394
300 304
300 318
300 333
301 348
302 334
302 341
302 346
302 352
302 358
302 380
302 402
303 306
303 334
303 359
304 323
304 388
307 324
307 358
308 381
308 396
308 408
309 334
309 386
310 393
312 321
312 360
312 410
312 411
313 338
313 382
313 400
313 406
314 386
316 322
316 344
316 387
317 336
317 414
318 344
319 371
319 401
321 328
322 337
322 349
323 354
323 423
324 382
324 408
325 350
326 349
326 404
326 414
327 375
328 332
328 373
328 389
329 332
329 339
329 428
331 332
331 354
331 372
331 380
331 422
332 376
332 409
332 432
333 338
333 356
334 392
335 367
335 430
336 342
336 424
336 432
337 371
337 409
339 382
339 424
340 383
340 431
341 413
344 370
344 423
346 393
346 446
348 371
348 372
348 379
348 420
348 438
349 362
349 376
351 359
351 395
352 376
352 416
354 382
354 448
356 383
356 441
357 429
359 376
359 387
360 413
360 452
361 363
361 377
361 422
362 363
362 442
363 377
363 401
363 419
365 394
366 369
366 383
366 412
367 382
367 420
367 430
367 447
370 380
370 408
370 413
370 437
370 460
372 375
372 455
372 456
372 470
373 392
373 437
374 385
374 451
375 464
376 382
377 396
377 402
377 443
377 449
377 451
378 389
379 433
380 384
380 461
380 476
381 440
381 443
381 445
381 448
382 391
382 394
383 394
383 411
383 437
383 443
383 444
383 467
384 477
384 482
385 405
385 415
385 479
386 404
386 448
386 480
387 456
388 398
388 432
388 440
388 466
390 427
390 466
393 402
393 443
393 449
393 479
394 426
394 488
395 429
396 481
397 481
398 413
398 462
398 491
399 447
399 460
399 463
399 496
400 419
400 427
400 467
401 451
402 430
403 423
403 453
403 455
403 496
404 408
405 491
406 435
406 476
407 492
408 448
408 496
408 504
409 509
411 439
411 456
413 495
414 417
414 431
414 447
414 500
414 509
415 416
415 461
415 471
416 473
416 489
417 433
417 436
417 513
418 422
420 429
420 439
421 430
421 445
421 467
421 492
422 508
422 513
423 466
423 491
423 522
424 451
424 470
425 443
425 463
425 489
426 452
426 480
427 454
427 461
429 511
431 511
431 514
432 525
432 526
433 450
433 461
434 445
434 484
435 464
435 493
435 517
435 526
436 464
436 485
436 487
438 526
439 492
439 511
442 464
442 526
443 478
444 535
445 449
445 520
445 533
445 534
446 459
446 546
447 453
447 463
447 508
448 512
448 540
449 454
450 495
450 502
451 486
451 487
451 524
452 500
454 532
455 475
455 504
455 505
455 507
456 475
456 512
456 525
457 530
460 485
460 539
461 489
461 517
462 483
463 521
463 545
465 466
466 495
467 502
467 520
467 524
467 555
471 486
473 522
474 551
475 511
475 547
477 540
478 573
480 569
482 507
482 520
483 528
483 558
484 527
484 533
484 543
485 490
485 551
485 579
486 514
486 529
486 546
486 570
487 517
487 528
487 561
488 584
489 537
489 554
490 494
490 518
490 552
491 497
491 582
491 587
492 520
492 577
493 552
494 528
494 540
494 567
495 511
495 576
497 519
497 538
497 561
497 597
498 516
499 550
499 589
500 512
500 546
500 549
502 537
502 554
502 588
502 594
503 516
503 539
503 565
504 576
505 589
505 592
506 527
506 548
506 572
506 600
508 595
511 538
512 552
512 600
513 534
513 578
514 517
514 532
515 614
516 590
517 535
518 524
518 537
518 538
518 552
518 588
518 590
520 551
520 558
520 584
520 593
520 616
521 522
521 560
521 596
522 547
522 549
523 578
524 564
525 588
526 587
526 615
527 553
529 586
530 604
532 554
532 630
534 562
534 594
534 616
535 552
535 588
536 544
536 545
536 597
536 626
537 632
538 542
538 565
538 571
538 628
539 599
539 620
539 621
540 601
542 555
543 548
543 552
544 556
544 607
545 560
545 581
545 613
546 563
546 630
546 642
547 617
547 619
547 634
548 589
548 598
548 609
548 618
550 615
551 552
551 616
551 644
552 562
552 619
553 568
553 599
554 587
554 599
554 624
555 645
556 577
556 635
557 558
557 561
557 579
558 584
559 580
560 574
560 620
560 634
560 641
560 646
561 638
562 625
563 619
564 577
565 577
565 582
565 599
565 619
565 641
565 648
566 585
566 590
566 629
566 644
567 583
567 620
567 667
568 637
568 644
569 586
570 611
570 620
571 583
572 606
572 637
573 664
574 589
574 606
574 652
575 601
575 631
576 623
577 613
578 596
579 613
580 588
580 664
581 588
581 603
581 604
581 612
581 642
581 664
582 653
582 659
582 663
584 652
584 678
585 670
585 674
585 680
586 590
586 675
587 686
588 597
588 650
589 630
589 638
589 652
590 618
590 670
591 627
591 648
593 607
593 631
594 603
595 691
596 621
596 676
598 637
598 653
598 658
599 631
599 670
600 612
600 629
600 634
602 686
604 637
604 656
604 660
605 641
606 618
606 630
606 649
606 672
607 627
607 664
608 612
608 613
609 611
609 673
609 690
609 693
610 677
611 619
611 674
611 678
611 684
611 706
612 707
613 682
613 699
614 662
615 627
615 678
615 679
616 676
616 713
617 635
617 651
618 668
618 718
620 624
620 627
620 659
621 651
622 658
624 721
626 677
627 662
627 669
627 722
628 645
628 693
629 665
629 667
629 690
630 697
631 716
632 653
632 703
632 729
633 664
633 714
634 666
634 676
635 636
635 650
635 675
636 723
636 730
637 653
637 667
637 697
637 699
638 640
638 713
639 644
639 739
640 714
642 720
643 655
643 679
644 735
646 652
646 674
646 686
646 690
646 700
646 718
647 656
647 698
647 711
648 664
648 696
649 691
650 660
650 749
652 656
652 677
652 684
652 694
653 655
653 667
654 723
654 746
655 694
656 704
656 732
657 673
657 741
658 662
658 710
659 707
661 672
663 689
663 700
663 715
663 719
663 742
663 756
664 701
664 702
665 705
665 729
666 670
667 690
668 687
669 713
670 727
670 728
670 740
670 764
671 723
671 737
672 703
672 732
673 686
673 723
674 690
674 698
674 724
675 677
677 698
678 691
678 720
678 724
679 686
679 689
679 743
680 713
680 760
681 704
682 687
682 732
682 768
683 766
683 772
683 780
684 748
685 696
685 756
685 777
686 748
687 711
687 766
687 786
688 709
688 715
689 748
689 749
690 789
691 708
691 756
691 768
692 703
692 735
692 736
693 701
693 773
693 784
695 728
695 785
697 750
698 739
699 705
699 707
699 727
699 750
699 792
701 721
702 745
702 775
702 799
703 716
703 771
703 778
703 793
704 748
704 795
705 741
705 754
706 800
707 738
707 741
707 784
708 760
708 788
709 711
709 764
709 807
710 714
710 716
710 740
711 729
711 765
713 776
714 767
714 812
715 722
715 745
716 741
716 762
716 763
716 774
716 807
717 745
719 761
719 806
720 760
720 804
720 810
721 736
721 761
722 735
722 777
722 791
723 735
723 762
723 817
724 771
725 753
725 762
726 730
726 736
726 740
726 812
728 759
729 741
730 798
730 823
731 739
731 762
732 734
732 750
732 817
734 778
735 736
735 740
735 771
735 776
735 798
736 813
737 756
738 784
739 794
739 817
740 769
740 813
740 820
741 803
741 806
742 810
742 825
743 750
743 781
744 757
746 781
746 820
747 838
748 805
748 842
749 764
749 785
749 835
750 779
750 842
750 843
751 791
751 831
752 805
752 821
753 780
753 846
754 786
754 830
755 759
756 815
756 856
757 762
757 831
757 832
759 799
759 805
759 818
762 810
762 821
763 799
763 801
764 797
764 800
765 831
766 777
766 792
766 829
767 772
767 792
767 828
767 863
768 770
768 778
768 814
768 818
768 844
768 849
769 795
769 846
770 785
770 840
770 843
771 782
771 785
771 834
771 843
771 865
772 777
772 786
772 844
772 855
772 872
773 819
773 842
775 824
776 866
777 806
777 818
778 875
779 847
780 801
780 812
781 801
781 843
781 858
782 783
784 804
785 789
785 802
785 816
785 818
786 793
787 840
787 881
788 802
788 853
788 885
788 888
789 862
789 874
789 879
790 835
790 848
791 824
791 827
791 888
792 795
792 824
792 837
792 881
793 834
793 843
793 864
793 890
794 883
795 872
795 893
796 800
796 838
798 843
799 867
800 815
801 833
801 843
802 821
802 899
803 809
805 814
805 825
805 843
805 893
807 870
807 905
808 866
809 825
809 892
810 864
811 841
811 855
812 839
812 877
812 887
813 815
813 854
813 880
813 897
813 901
814 846
814 850
814 872
814 879
814 906
815 823
815 850
815 905
816 828
817 836
817 883
817 892
818 871
819 864
821 833
822 883
822 897
823 856
823 883
823 901
824 826
824 872
824 904
825 901
826 895
826 906
827 913
827 925
828 842
828 863
829 839
830 851
830 896
831 883
832 932
833 852
833 898
834 852
835 840
835 862
835 926
836 927
836 931
837 862
838 849
838 857
838 881
838 928
838 931
839 842
840 936
841 850
841 917
842 866
842 906
842 921
843 859
844 855
845 899
846 906
847 868
847 876
848 908
849 911
849 930
849 937
850 910
851 886
853 881
853 923
853 934
854 875
854 906
855 876
856 929
856 942
856 950
857 889
857 902
857 949
858 944
861 906
862 954
862 958
862 961
863 868
863 957
864 936
865 890
865 905
865 927
866 917
866 924
867 889
867 927
867 937
868 954
869 921
869 943
869 955
869 967
869 968
870 887
871 898
871 940
872 891
872 902
872 903
872 919
872 951
873 893
873 973
874 892
874 963
875 975
876 881
876 956
876 960
877 897
877 905
877 944
877 946
877 960
878 897
879 937
879 976
881 910
881 916
882 900
882 908
882 951
883 895
884 910
885 917
885 975
887 973
887 977
888 949
889 894
889 902
889 987
890 905
890 924
890 965
890 978
891 952
892 984
893 911
893 993
894 900
894 926
895 949
896 928
896 935
897 908
897 975
897 978
897 993
899 972
900 902
902 913
902 934
902 940
902 984
902 999
902 1000
904 958
904 995
906 936
906 980
907 929
907 944
907 987
907 995
908 979
909 976
909 1000
911 927
911 938
912 941
912 947
912 972
913 951
913 982
914 915
914 961
915 931
915 966
916 962
916 982
916 991
917 925
917 995
918 921
919 981
920 942
920 973
920 982
921 929
921 947
921 988
921 994
924 979
925 995
926 990
927 934
927 968
928 985
929 970
931 975
933 962
934 944
935 936
935 957
936 998
937 938
938 953
938 959
938 963
938 982
942 954
944 985
945 979
947 996
948 980
950 954
951 994
953 954
953 976
953 994
955 980
958 989
958 994
960 993
963 972
964 981
965 969
965 973
966 980
967 993
967 1000
970 999
971 984
972 995
976 983
977 987
981 999
990 1000
3 5 15 3 3 11 7 13 2 2 16 15 5 8
6 2 6 31 14 16 12 8 16 6 1 18 24 6
5 10 14 6 14 11 12 12 14 10 9 23 9 5
4 15 1 13 0 17 1 15 2 9 7 3 5 13
3 1 10 3 9 1 1 4 1 1 9 13 20 0
2 8 13 15 14 5 15 19 9 3 1 12 1 3
3 3 11 4 5 7 6 4 14 1 13 1 1 10
13 4 11 12 16 7 8 6 8 14 1 5 10 16
10 4 11 1 7 6 16 3 7 0 8 10 1 10
2 6 6 0 5 2 7 1 0 1 8 18 4 4
6 1 11 5 1 2 0 1 3 1 9 10 10 6
1 2 9 13 4 33 23 3 14 2 18 7 12 27
11 2 11 0 12 6 6 13 4 7 1 0 19 13
16 7 16 9 5 9 23 4 8 8 7 5 9 15
15 4 2 3 7 7 23 7 14 15 3 4 2 1
3 9 8 33 5 2 11 8 0 3 7 18 1 5
6 10 0 0 1 6 7 2 6 2 4 4 7 8
16 7 13 15 13 7 14 18 8 2 17 18 3 19
18 4 1 4 11 6 4 3 13 12 20 15 18 12
13 3 31 4 14 5 11 11 21 16 1 3 5 2
2 1 1 8 9 1 8 3 6 14 9 2 12 3 5 6 12 1 1 5
1 7 1 7 13 2 5 5 6 7 14 4 11 1 4 1 5 1 7 6
7 3 1 11 13 7 7 3 7 12 10 5 8 1 5 10 9 1 3 4
13 9 7 17 27 15 13 4 9 25 22 12 17 1 11 19 14 1 4 12
1 11 1 16 17 12 6 9 7 11 15 1 18 3 11 13 12 1 4 11
12 12 1 15 26 13 15 3 18 21 23 15 14 3 14 9 24 9 11 8
28 19 10 38 34 35 34 19 30 39 37 20 28 14 25 34 39 18 11 23
34 31 20 12 59 31 47 22 46 54 52 34 43 25 38 31 43 21 29 36
24 15 3 37 35 23 23 4 17 38 30 20 16 2 26 31 34 5 10 12
13 15 5 22 22 21 13 13 17 22 24 9 20 7 17 22 23 9 5 15
1 6 1 10 10 8 1 6 5 8 6 3 9 1 12 4 14 1 7 9
12 12 8 17 20 22 22 9 19 28 19 11 12 6 30 19 22 9 12 24
11 6 1 22 26 9 16 9 7 19 29 5 18 2 6 13 18 2 11 10
12 14 8 17 35 24 15 5 10 33 29 15 14 1 15 22 26 2 7 15
13 5 1 13 18 9 10 1 12 19 19 13 8 1 4 13 18 8 5 1
22 10 4 22 37 27 32 14 32 37 44 21 24 16 27 32 39 18 17 19
21 22 7 26 29 26 21 19 23 31 27 19 27 13 29 25 27 7 11 24
51 22 25 39 68 33 58 28 60 66 65 39 55 34 44 35 57 33 42 37
52 32 18 48 63 29 55 21 45 60 63 41 47 26 38 39 59 24 43 27
11 10 4 21 17 12 21 8 13 19 13 13 17 5 19 16 17 6 13 12
31 15 10 45 50 25 42 15 33 58 51 27 24 9 37 39 49 12 32 21
1 1 1 7 9 1 3 1 3 8 9 1 10 1 1 1 8 1 1 2
28 9 8 40 31 24 25 14 20 38 31 18 27 16 17 37 37 11 10 12
62 35 32 50 67 60 57 29 57 73 60 41 47 26 45 62 57 38 22 35
48 41 30 75 65 46 63 32 48 66 66 55 55 30 39 56 73 28 33 27
21 10 1 36 27 18 26 13 19 28 27 12 27 7 23 22 26 9 11 19
13 12 1 17 25 13 7 12 12 24 23 11 23 8 10 15 20 5 7 11
51 22 29 68 64 52 57 40 55 75 70 25 58 36 55 58 77 26 22 51
10 1 1 13 23 11 19 1 18 25 22 10 8 1 8 13 18 5 7 4
10 12 1 14 15 19 22 13 16 18 19 12 21 8 15 16 25 11 3 15
11 9 1 20 24 20 13 10 17 29 22 4 18 3 16 21 20 6 7 14
35 31 20 62 52 41 33 32 43 59 51 19 46 31 52 52 59 20 21 34
57 43 27 65 81 46 72 37 50 72 72 51 65 25 44 56 70 26 40 43
25 2 4 25 30 19 37 6 35 44 36 19 21 13 26 29 41 12 17 19
4 9 1 16 14 10 9 8 10 12 18 8 11 4 11 4 21 4 13 8
7 10 3 12 22 9 18 10 13 15 21 12 19 8 18 7 14 5 13 17
48 24 17 66 61 43 58 19 42 65 66 43 36 25 47 56 63 20 17 34
34 30 27 46 62 42 62 46 60 71 59 23 58 42 74 48 76 27 51 60
27 16 15 34 43 30 31 7 16 40 39 20 19 6 19 35 27 7 7 18
15 12 12 12 24 25 18 4 19 30 19 7 7 1 24 25 19 10 7 20
10 6 1 13 19 8 14 2 12 20 22 10 17 1 10 9 25 2 8 10
19 18 15 26 45 35 32 18 24 39 41 20 31 9 25 31 37 12 18 27
43 27 23 28 60 47 51 28 49 64 51 26 49 21 49 47 48 24 24 50
6 6 1 16 6 4 4 3 5 11 13 6 9 3 8 4 20 1 8 3
23 12 14 23 40 30 30 20 36 49 32 12 33 15 42 28 44 14 29 32
16 1 7 10 24 10 21 2 23 30 20 12 13 6 15 13 24 5 15 8
12 9 6 19 26 16 13 9 4 21 17 9 17 1 10 12 14 1 9 11
26 13 3 22 36 20 32 14 28 33 36 13 26 3 22 18 29 15 17 22
23 18 9 42 33 25 24 20 19 36 34 4 27 6 27 27 38 12 21 25
22 12 2 23 31 18 29 6 21 33 33 19 20 8 24 27 27 11 6 18
56 46 25 59 77 49 49 39 53 76 74 39 63 32 43 57 71 30 41 36
31 19 12 44 58 40 40 27 43 69 51 23 34 21 44 55 58 21 33 26
18 11 1 16 31 30 27 10 30 39 34 15 23 9 15 31 33 19 8 15
34 8 5 44 45 17 44 24 37 38 52 24 49 23 37 20 48 6 21 33
33 20 21 40 42 27 35 6 23 46 40 26 21 13 30 34 47 1 14 23
29 25 20 29 59 28 41 24 37 51 51 22 45 18 51 27 50 16 39 46
1 1 1 12 13 1 4 1 1 6 15 2 5 1 1 4 7 1 1 1
27 29 22 39 56 44 42 29 41 53 55 20 43 17 35 40 51 11 22 35
39 40 30 39 76 47 65 41 59 75 69 42 56 32 68 50 66 29 60 51
17 12 10 33 23 14 25 4 16 28 25 17 19 1 16 14 36 1 14 10
5 9 1 3 15 7 10 7 9 8 11 10 15 2 9 2 5 2 7 10
7 2 1 6 20 3 6 1 4 15 16 5 9 1 1 12 5 2 1 3
2 6 1 15 11 7 5 1 3 12 6 6 3 1 12 8 14 1 8 2
32 13 10 24 34 26 34 6 33 40 33 16 28 11 24 27 37 19 12 21
29 8 8 35 42 15 29 9 29 45 36 9 29 8 35 27 36 10 25 21
36 22 20 45 52 37 43 37 48 63 47 15 59 27 57 47 64 26 40 41
26 8 10 22 32 14 22 10 22 34 32 14 25 12 26 19 32 2 14 20
18 31 13 30 39 37 27 19 31 38 33 23 29 16 33 37 41 21 22 21
3 4 1 13 13 5 5 3 4 5 15 3 7 1 4 4 8 1 6 4
55 28 24 51 66 43 60 15 50 71 65 44 33 20 47 54 57 24 27 33
30 25 12 43 48 28 36 12 26 53 45 31 27 11 37 38 44 6 23 23
2 3 1 11 5 5 4 1 5 8 4 3 2 1 9 8 9 2 7 1
52 34 32 57 71 41 58 20 50 74 69 44 37 33 48 63 65 16 34 33
2 3 1 12 3 2 1 1 1 7 5 1 5 1 5 3 13 1 4 1
34 11 15 32 42 20 33 2 28 43 40 28 17 12 21 30 36 6 12 12
19 7 1 24 32 20 31 8 19 27 23 15 22 2 16 20 19 11 8 16
43 21 13 59 61 31 40 22 42 67 63 25 50 26 40 48 66 13 30 25
14 22 7 23 26 16 31 24 26 38 23 26 28 20 33 21 45 5 26 23
1 4 1 4 15 6 5 2 7 9 9 3 8 1 6 6 4 1 1 6
2 3 1 6 6 5 3 3 4 9 8 2 6 1 3 4 11 1 2 3
27 27 9 44 48 29 42 24 26 44 46 28 44 15 33 30 48 13 25 30
47 37 26 53 73 34 68 38 55 75 78 46 54 36 53 54 77 15 54 42
33 26 14 51 58 29 31 31 30 58 59 28 33 28 30 43 56 7 27 20
16 10 1 33 32 7 15 6 20 37 36 17 15 8 18 27 36 5 15 2
31 20 10 32 52 31 39 23 41 60 55 26 36 20 38 43 60 19 37 25
65 43 35 47 67 57 66 29 61 74 72 42 45 39 59 70 58 39 30 52
8 1 1 15 21 8 16 1 14 20 20 4 15 1 12 10 24 2 10 9
33 19 20 39 58 26 32 24 27 57 53 11 44 13 28 33 50 4 32 35
4 1 1 9 14 4 10 1 12 13 14 2 9 1 6 6 11 3 5 2
17 10 4 20 28 20 26 11 26 34 35 13 24 9 22 23 31 10 15 21
47 21 33 59 46 46 63 22 49 66 59 39 25 37 58 56 67 20 25 42
32 26 8 36 52 35 48 29 40 52 51 31 37 22 37 39 45 19 22 33
42 31 31 56 69 38 52 32 45 69 64 35 59 26 43 39 68 9 36 43
34 41 21 36 64 45 52 39 48 57 62 46 55 38 45 44 53 27 28 45
43 25 23 38 60 27 59 29 54 56 62 45 55 37 40 29 55 25 35 37
13 5 1 29 22 10 21 12 7 20 27 4 20 4 12 19 24 1 13 13
8 3 1 8 21 12 11 1 11 19 17 5 9 1 8 18 11 6 3 4
4 1 2 5 19 3 4 1 7 14 11 1 10 1 10 4 10 1 6 8
36 18 17 30 50 23 34 2 36 54 47 22 23 16 38 37 52 9 23 23
1 5 1 9 12 8 8 5 5 7 11 3 10 2 9 4 11 1 5 9
17 18 7 33 33 26 8 18 18 36 27 10 24 12 27 29 32 10 16 17
2 1 1 5 7 1 1 1 4 8 7 3 6 1 1 1 10 1 1 1
8 10 1 8 18 14 11 8 11 15 13 9 16 1 14 10 15 3 6 13
8 24 8 25 41 17 28 18 25 36 37 25 23 10 33 23 33 8 29 17
32 20 16 39 53 37 34 27 30 49 50 16 42 22 34 44 46 15 24 31
55 31 29 37 70 52 72 35 66 79 74 36 53 37 67 60 71 32 39 62
30 27 24 43 61 49 49 36 43 64 63 25 40 32 47 51 60 18 29 38
29 29 10 37 58 29 40 25 36 55 51 37 45 19 45 39 50 18 26 31
51 19 24 52 58 48 64 23 53 72 63 39 43 33 35 61 68 35 25 30
49 42 20 42 70 47 68 31 58 74 68 58 48 41 50 58 66 27 32 38
15 20 5 29 31 15 29 14 19 29 24 23 22 8 29 23 25 10 22 15
1 4 1 7 7 5 6 5 9 10 11 6 9 4 5 2 15 1 8 4
39 26 16 34 56 37 40 26 34 50 43 32 45 17 28 39 38 16 12 31
1 1 1 1 11 6 1 1 1 9 5 1 3 1 4 7 1 1 1 6
56 31 33 57 66 45 58 30 53 71 64 33 54 36 61 53 65 28 39 52
54 40 36 40 73 56 63 37 51 73 66 32 63 31 64 60 68 23 38 61
42 29 23 34 65 29 60 34 49 65 62 35 45 30 54 39 52 17 39 49
20 29 20 35 54 42 39 26 30 49 47 30 30 21 35 42 45 9 17 33
4 1 1 9 14 6 8 1 9 7 13 5 3 1 5 7 8 5 3 2
40 22 14 42 56 41 31 16 34 55 49 14 34 7 36 41 50 14 17 29
14 8 9 10 35 21 16 12 18 34 34 4 22 9 20 25 25 9 12 23
19 11 6 29 41 13 31 12 20 37 36 14 30 5 22 18 36 5 28 20
22 23 13 52 36 36 40 28 33 44 41 24 36 22 44 37 50 17 18 36
10 9 3 23 38 21 17 14 13 33 32 7 28 5 21 20 28 5 18 21
14 10 5 23 28 17 21 12 9 25 30 15 19 6 9 14 24 1 13 11
39 27 25 26 48 26 43 27 45 47 51 34 42 29 43 24 49 22 41 39
36 33 18 28 55 31 50 29 39 58 59 47 35 25 30 43 50 16 31 29
17 21 13 30 36 23 25 20 26 32 37 12 36 15 24 23 37 7 11 27
8 4 1 8 20 10 14 1 14 20 14 8 12 1 11 14 12 6 4 7
8 1 1 15 10 8 12 1 9 8 14 6 6 5 10 10 12 6 5 5
54 42 27 46 71 44 52 19 46 71 63 32 48 17 50 53 64 15 33 39
44 39 30 68 72 59 49 43 58 80 67 25 62 33 69 69 78 33 39 47
7 1 1 7 10 4 13 1 15 18 13 6 9 4 6 8 16 2 6 2
35 12 17 33 39 31 38 9 36 49 43 21 17 16 38 44 40 18 9 31
6 5 1 4 16 8 5 5 9 15 11 3 11 1 7 6 13 3 1 7
19 23 8 23 52 36 40 26 33 45 50 24 33 17 40 33 38 18 28 37
32 18 21 36 30 32 36 12 33 48 32 23 21 10 27 35 43 14 16 21
2 8 1 9 10 8 5 8 4 10 11 3 13 3 6 6 9 1 4 9
23 19 12 21 42 26 35 9 27 40 36 31 27 14 13 29 34 17 15 14
14 8 7 7 26 16 18 1 19 29 19 1 16 1 22 18 16 3 4 21
12 13 7 21 22 18 21 13 8 20 16 16 24 8 16 16 20 1 1 18
43 24 20 59 65 55 58 40 52 64 65 42 50 38 52 55 60 33 28 53
43 39 35 52 71 54 49 34 46 71 58 33 48 22 53 63 59 30 44 30
10 6 1 26 21 12 21 13 9 17 18 3 21 5 16 15 18 6 13 14
7 6 1 7 19 7 17 1 15 12 19 10 13 1 6 7 14 6 2 4
47 39 29 41 74 48 55 31 39 63 67 30 49 8 36 47 56 19 37 46
4 1 1 5 13 5 5 1 6 11 10 3 2 1 3 9 4 2 1 1
2 1 1 8 3 7 9 1 7 10 6 1 8 1 5 8 4 2 1 5
25 23 18 17 50 35 28 22 25 41 43 13 32 12 34 36 29 14 22 37
29 34 19 33 55 41 49 36 45 59 55 37 38 25 48 48 50 29 47 31
34 30 16 42 57 38 47 32 37 55 54 20 49 15 36 41 47 15 25 40
17 12 6 15 39 12 13 10 18 29 30 10 26 1 18 17 18 4 12 21
32 10 4 41 43 16 42 6 31 43 49 31 33 20 24 33 45 13 16 14
42 19 16 33 50 39 44 15 44 60 52 32 28 16 24 45 45 24 10 22
49 49 28 41 84 43 59 46 53 74 82 50 59 40 50 56 64 30 43 51
18 19 10 22 31 23 17 7 16 23 33 19 16 9 17 18 28 14 10 15
23 7 5 15 32 18 30 3 28 30 25 16 16 1 18 19 20 13 11 14
41 20 11 40 61 34 49 26 40 59 65 27 40 19 33 48 51 25 32 33
18 21 4 20 38 17 26 9 25 39 34 30 17 11 17 22 34 11 20 8
59 30 28 51 72 34 62 27 51 74 72 42 49 32 34 45 71 25 45 33
7 1 1 7 10 9 10 1 10 14 9 6 3 1 5 12 8 6 1 2
4 1 1 12 11 5 7 1 5 11 12 4 4 1 9 10 12 1 5 4
13 5 2 13 22 10 16 2 16 22 21 11 15 2 8 10 22 8 10 6
38 32 14 48 54 39 56 41 51 49 61 42 58 39 55 35 65 15 24 49
42 23 27 20 70 39 53 30 52 60 62 25 50 25 52 39 50 30 47 47
6 4 1 9 12 6 11 1 9 11 9 5 9 1 8 11 9 5 6 3
1 1 1 5 11 4 12 5 6 9 11 3 16 2 7 8 11 1 2 10
30 39 19 56 50 40 56 39 42 52 48 47 46 27 55 39 55 23 39 29
51 29 21 34 60 40 45 20 47 64 58 31 37 23 44 52 46 23 23 37
25 22 20 42 50 35 40 23 39 56 50 16 42 25 52 36 57 8 25 44
47 13 22 56 42 40 38 19 39 57 49 29 22 22 27 56 49 23 9 19
14 11 2 10 32 18 17 6 18 30 25 16 19 5 11 16 22 9 5 12
15 19 9 31 39 31 20 14 22 40 33 13 22 6 28 29 39 6 18 21
9 11 4 13 25 20 18 10 14 25 19 14 14 7 20 18 16 6 11 15
1 1 1 9 8 1 7 1 7 12 7 1 11 1 10 1 17 1 9 5
7 1 1 11 14 4 3 1 5 17 13 5 7 1 3 12 10 1 4 1
43 36 21 48 73 41 64 35 42 68 70 40 51 22 34 49 65 21 35 41
1 8 1 6 10 13 1 8 4 7 6 1 11 2 11 5 9 1 1 12
3 7 1 6 10 8 10 5 12 10 11 6 11 1 10 6 13 3 6 6
26 8 8 24 45 24 26 9 23 41 42 18 22 7 13 33 30 13 14 13
2 5 1 12 14 3 10 3 8 8 17 7 10 2 7 5 11 1 9 5
4 8 1 6 6 14 11 8 10 8 8 6 11 1 9 8 11 6 3 8
44 45 28 28 67 52 52 30 57 68 60 33 52 27 54 51 54 27 30 52
20 4 4 32 42 26 28 20 28 44 35 17 34 19 26 34 39 16 19 19
10 6 1 10 16 12 15 3 10 14 17 14 9 2 9 10 16 4 3 7
31 20 17 28 42 30 40 9 31 50 43 31 8 13 27 42 39 7 12 18
56 34 24 46 66 51 55 28 51 71 73 41 39 30 50 60 56 34 27 44
20 25 5 48 56 33 44 36 36 49 56 25 52 21 44 41 58 14 31 36
19 15 8 34 25 29 22 11 13 31 24 13 18 8 25 30 29 6 4 20
6 4 1 17 22 5 11 1 12 17 18 6 10 1 13 10 13 3 10 3
25 17 11 17 34 31 24 5 25 37 30 8 18 1 28 27 32 7 8 24
11 7 1 23 27 14 28 7 17 30 28 19 16 4 17 19 29 4 14 12
10 4 4 12 15 11 11 3 10 18 13 11 8 3 6 13 13 3 4 4
24 18 5 30 51 18 34 30 33 44 52 30 41 28 31 29 41 11 23 31
12 22 7 18 37 24 20 20 23 32 29 16 31 12 25 19 22 5 9 27
43 31 22 35 76 40 57 26 48 72 76 45 41 34 38 57 59 22 34 32
40 32 17 46 50 38 40 14 34 57 45 39 29 15 37 47 56 12 19 21
64 40 30 54 75 67 67 41 70 86 75 52 59 36 44 71 73 45 32 38
18 4 7 30 21 18 27 11 22 29 17 6 24 9 33 19 30 10 11 26
2 6 3 9 18 11 1 4 3 14 12 1 7 1 12 11 11 1 5 12
14 3 2 23 31 11 13 1 14 27 29 5 15 1 14 19 19 5 6 9
44 32 24 48 63 35 50 30 30 55 58 38 47 24 42 40 49 17 31 40
34 18 11 35 50 19 36 14 36 49 53 26 40 21 35 30 50 8 22 28
29 16 10 32 46 22 36 16 34 50 39 19 32 9 38 23 47 11 35 25
44 28 27 39 65 37 58 30 48 65 60 42 50 26 52 37 63 24 45 44
10 13 4 15 26 19 16 15 21 31 25 16 17 11 17 18 31 6 14 14
24 24 16 44 34 25 29 18 16 35 29 22 33 9 25 24 41 5 16 21
1 1 1 7 8 5 5 1 5 6 6 1 8 1 5 4 8 1 1 5
24 3 9 27 37 9 30 9 22 38 38 13 29 13 20 16 33 1 20 20
25 14 7 28 36 16 38 18 25 36 35 13 36 5 23 18 29 10 24 27
35 33 24 46 49 50 37 20 39 55 50 19 32 20 42 47 52 25 19 33
49 35 41 54 76 55 58 30 55 76 68 30 53 28 61 51 66 19 29 56
1 1 1 7 13 3 4 1 5 7 12 2 1 1 3 2 7 1 3 1
23 15 12 33 43 17 37 10 27 45 43 26 20 12 24 30 43 1 23 14
17 11 1 40 41 16 37 24 27 38 39 27 29 22 32 24 44 5 26 20
4 3 1 11 11 5 6 3 9 8 11 3 9 1 5 3 14 3 5 3
5 8 1 6 15 14 8 7 12 20 13 6 13 2 12 13 15 4 6 10
6 1 1 14 15 2 1 1 1 10 12 1 8 1 4 7 9 1 1 3
21 16 4 33 36 22 28 18 12 31 37 19 32 11 23 21 37 6 9 26
1 1 1 8 11 3 3 1 4 7 6 1 6 1 8 4 8 1 2 1
5 7 1 1 15 7 9 4 11 13 14 8 11 1 3 6 10 3 1 5
2 7 1 6 13 8 7 6 5 9 12 5 12 1 6 4 7 2 1 8
7 9 1 12 27 10 14 10 13 17 26 10 18 1 10 9 14 5 16 12
26 11 12 26 41 27 31 5 20 38 30 13 16 1 22 29 27 10 13 17
46 31 22 41 65 35 57 36 52 68 60 42 48 35 53 49 58 23 35 46
20 20 8 13 29 24 29 19 25 29 30 23 30 13 27 19 26 15 13 26
16 9 1 18 28 8 10 9 15 24 29 12 19 5 6 18 16 6 6 9
11 8 5 18 26 15 13 1 14 32 27 9 4 2 20 23 28 5 10 9
38 12 7 28 54 18 31 13 40 47 54 18 37 15 23 28 40 19 24 17
5 5 1 14 8 9 13 9 9 10 8 3 19 3 13 7 17 1 1 12
23 25 12 22 48 27 32 16 30 44 47 27 15 13 34 35 37 10 22 24
30 22 8 44 48 37 38 22 37 57 49 14 38 17 38 46 58 20 25 28
21 9 4 22 32 17 25 7 23 32 27 16 18 4 19 24 19 12 11 14
12 30 10 36 45 37 31 24 36 48 42 19 35 17 39 40 50 16 23 28
60 24 27 55 66 37 52 23 53 70 64 39 46 28 46 50 59 19 28 34
10 23 16 21 32 34 15 13 14 31 25 10 19 7 24 29 23 2 1 22
24 11 13 21 45 24 23 15 22 38 37 16 26 11 15 35 26 13 15 17
26 14 8 32 46 24 36 16 24 42 46 16 27 9 27 29 31 13 19 31
51 34 30 61 65 36 64 35 47 66 69 42 57 29 43 43 76 10 35 42
55 16 23 50 65 32 50 25 43 70 64 25 47 23 44 44 58 19 33 39
23 4 3 13 34 12 17 5 25 34 28 10 26 5 13 17 28 9 10 11
29 17 5 28 46 27 44 18 39 47 46 34 38 20 27 34 40 22 17 26
12 13 4 27 23 12 26 15 11 17 21 21 23 9 19 11 21 2 11 18
46 28 18 36 76 33 52 37 59 73 77 42 48 39 52 54 64 25 46 40
33 24 16 30 46 30 50 27 45 44 48 36 40 25 38 27 43 27 34 34
3 10 1 5 17 10 7 8 7 10 14 6 10 1 11 10 7 1 6 12
42 41 32 29 76 49 70 57 66 74 68 47 68 49 69 54 69 30 51 67
3 12 5 18 22 14 17 10 10 20 17 10 17 8 24 14 21 3 12 19
41 27 13 32 53 31 32 13 33 55 53 34 27 20 28 41 45 21 21 19
36 16 16 26 64 26 46 25 51 68 58 27 41 27 40 43 59 19 41 29
29 32 26 41 66 44 45 37 43 64 63 29 43 31 41 51 60 15 30 39
42 21 18 51 67 34 64 26 50 72 67 37 42 31 60 48 70 15 39 45
29 10 11 26 48 26 19 8 23 48 38 12 26 6 21 34 36 11 13 18
3 3 1 7 8 7 2 2 3 8 8 3 6 1 6 4 10 1 1 7
14 7 1 11 21 14 14 6 17 24 15 12 15 1 12 15 18 7 9 8
12 8 1 15 27 15 9 7 13 22 23 7 16 1 11 20 19 6 6 11
12 13 1 16 20 9 15 10 15 20 22 16 18 7 17 9 20 6 16 13
8 9 1 15 13 15 9 9 12 14 15 7 13 3 10 12 18 6 5 9
41 43 27 55 67 50 63 37 54 66 67 40 53 30 69 56 66 27 45 52
30 34 13 47 56 36 39 28 37 54 50 31 49 17 48 41 58 19 30 31
1 1 1 4 6 5 6 1 6 11 4 2 4 1 6 6 8 1 3 1
52 41 31 51 68 41 54 30 41 65 64 23 47 15 43 51 54 25 46 45
1 5 1 9 13 3 9 3 7 9 14 7 12 1 7 3 10 1 5 8
56 18 35 46 68 46 67 29 57 76 73 40 39 28 55 42 63 29 38 51
2 1 1 8 10 2 4 1 3 7 2 1 11 1 8 2 9 1 3 6
5 13 1 20 23 3 8 10 14 28 23 11 13 7 15 17 27 1 18 3
6 5 1 10 15 6 10 3 11 13 16 8 7 1 6 9 12 5 6 4
12 18 7 24 47 22 25 22 25 41 44 14 25 14 29 32 34 5 24 23
13 18 2 30 36 19 34 26 26 30 38 18 32 16 28 18 36 6 16 25
47 21 19 77 62 44 59 37 54 70 67 44 53 37 53 57 76 28 41 30
2 1 1 8 11 3 2 1 1 7 6 5 4 1 3 1 8 1 1 1
5 1 1 7 15 8 7 1 9 17 9 6 5 1 7 9 10 1 5 4
36 19 10 44 53 25 37 27 34 51 55 19 46 18 33 33 49 12 29 30
5 1 1 5 15 5 1 1 7 17 12 1 7 1 5 12 9 1 4 6
12 7 3 7 29 15 21 3 18 27 24 18 12 1 10 18 15 6 5 7
32 16 8 28 43 27 19 10 25 42 44 14 19 12 21 37 37 11 4 17
9 6 1 7 24 12 15 3 18 18 20 9 11 1 12 10 14 8 6 9
1 3 1 5 14 3 1 2 1 7 14 2 4 1 3 3 5 1 1 4
14 10 3 28 20 19 26 7 20 32 22 15 13 6 24 26 32 14 14 14
11 13 4 29 34 13 21 6 10 27 32 15 18 4 24 18 32 5 15 17
48 25 20 58 67 45 61 29 52 66 59 41 58 29 55 45 70 22 31 45
31 18 7 35 45 18 33 5 33 48 42 30 25 14 32 37 45 13 21 12
4 9 1 26 17 1 10 3 5 13 21 10 7 1 14 10 20 1 16 1
57 43 32 50 79 55 59 32 57 81 76 45 52 26 51 61 65 22 29 50
37 31 18 31 69 39 50 25 47 62 63 27 55 23 45 38 56 23 40 41
22 18 7 43 44 27 43 19 27 50 40 26 32 6 29 36 48 15 29 14
45 35 17 31 62 38 47 21 42 63 61 51 35 28 34 46 51 20 22 26
24 23 16 37 44 26 38 23 14 35 39 21 36 8 25 25 34 7 19 29
52 53 41 63 79 55 68 54 50 72 72 44 74 34 57 53 70 21 35 64
21 16 10 34 35 20 30 7 19 30 35 23 15 1 15 20 29 4 17 9
24 37 24 44 60 43 35 27 28 50 51 21 42 13 38 42 44 5 15 40
19 10 2 25 26 22 21 16 24 33 25 12 28 12 19 24 30 10 5 17
29 22 16 36 51 30 30 23 37 52 46 20 42 21 32 31 52 11 20 28
20 16 1 28 38 10 22 17 22 34 42 26 20 18 26 24 34 2 19 15
33 18 9 37 56 30 35 25 30 47 47 27 44 16 27 33 41 14 14 31
8 2 1 20 12 8 12 1 10 12 15 5 4 3 14 11 16 5 7 5
46 36 27 46 64 49 60 23 46 64 65 44 49 27 49 50 70 19 25 44
12 14 2 13 22 27 22 11 19 24 16 13 21 6 19 21 21 12 2 18
15 10 1 15 26 10 23 4 22 22 30 19 20 6 9 9 29 8 10 9
14 9 3 12 21 17 19 7 19 21 18 11 16 3 17 16 15 10 4 15
29 19 7 27 42 23 21 26 29 39 43 25 34 19 23 25 37 18 23 17
50 23 27 46 62 41 62 16 52 68 63 37 40 28 58 47 66 20 31 47
5 11 4 17 23 19 14 7 16 26 21 8 15 1 22 18 24 8 14 15
9 11 1 10 30 9 25 12 19 25 27 21 15 9 13 14 21 5 13 11
7 11 6 21 21 18 19 9 10 21 13 11 17 6 23 16 19 5 11 15
50 46 20 49 87 42 60 50 66 82 85 48 67 38 59 60 80 33 61 45
8 8 6 15 20 18 15 6 13 20 14 7 16 1 19 14 16 5 7 15
37 35 31 52 51 53 39 23 39 66 47 12 35 19 56 56 55 14 22 47
11 10 1 6 21 8 15 5 16 14 22 14 11 3 7 7 12 9 7 6
20 18 6 21 39 19 30 13 30 40 35 23 26 17 18 26 39 13 17 12
3 4 1 3 14 10 6 2 4 12 7 5 7 1 7 7 5 1 1 7
4 9 1 24 23 6 7 6 4 22 22 9 10 3 17 11 24 1 16 8
19 9 9 19 29 11 21 7 22 34 30 9 25 7 21 17 35 8 22 18
33 17 14 26 47 31 43 18 33 48 47 28 35 12 28 35 46 12 19 28
12 9 6 11 32 11 22 9 22 29 29 16 20 8 15 12 23 4 16 13
9 4 3 5 18 9 18 3 14 16 8 5 21 1 17 7 14 1 8 15
6 3 1 4 10 3 8 1 11 15 15 6 13 1 4 2 15 1 5 6
38 21 12 44 47 29 43 8 35 57 44 25 27 13 46 44 51 7 21 30
15 5 4 15 34 7 18 7 25 32 32 12 20 8 14 17 23 5 14 8
4 4 1 16 11 4 13 6 8 12 10 5 13 6 12 8 18 4 9 8
3 2 1 17 18 4 7 2 5 10 15 1 9 1 7 10 10 1 8 4
17 17 1 15 40 11 21 17 26 33 40 22 20 12 17 19 28 9 18 13
7 8 1 10 11 12 14 9 8 9 14 8 16 3 8 8 19 5 1 11
14 8 4 22 28 8 32 15 22 31 28 25 18 18 21 19 32 1 12 15
43 24 20 46 50 36 56 28 56 67 68 44 25 36 42 58 62 31 31 31
46 40 21 38 81 50 65 42 55 79 72 38 57 29 46 60 63 33 50 45
27 12 6 24 40 21 28 7 34 42 40 24 23 15 9 30 34 19 12 2
20 29 16 28 41 30 25 22 31 46 43 20 26 22 38 39 45 4 16 29
19 14 6 28 39 23 24 21 19 33 43 18 28 15 28 25 36 10 24 25
34 10 2 35 47 23 33 12 36 47 51 27 26 21 21 40 41 19 15 11
25 28 8 22 44 27 32 15 25 42 46 35 15 15 30 29 42 7 17 20
30 24 18 14 47 29 32 15 28 44 42 29 22 14 27 32 27 14 19 26
7 11 1 5 15 14 12 9 14 15 12 8 20 3 11 9 15 4 3 12
39 20 21 29 58 27 45 17 37 53 53 30 39 17 36 30 38 14 30 34
41 17 12 35 54 26 54 11 49 60 54 41 26 26 35 44 52 20 24 20
17 2 1 29 29 10 11 9 13 28 30 6 22 10 9 21 25 6 4 9
9 1 1 11 15 1 4 1 9 17 13 2 8 1 8 6 17 1 6 3
28 13 6 28 33 22 41 18 33 41 37 29 27 18 26 27 33 17 16 23
23 17 16 23 39 37 31 24 38 48 31 5 39 17 38 40 38 16 14 37
2 8 1 6 19 10 15 11 12 20 19 11 20 5 9 10 16 1 8 14
17 9 7 28 28 11 18 5 7 22 31 19 12 7 9 17 22 1 12 6
8 12 2 19 31 13 19 9 17 23 29 10 22 2 22 9 24 3 18 16
19 17 7 18 41 20 26 15 20 33 34 25 22 10 17 17 18 8 18 18
41 29 23 48 57 54 51 17 44 65 54 33 34 17 39 54 57 31 24 31
8 4 2 10 18 6 8 4 12 21 16 6 13 1 10 8 18 3 9 7
4 8 1 9 10 8 2 7 8 15 9 1 16 1 9 7 17 1 1 8
50 39 31 54 75 49 62 29 50 72 67 43 55 22 58 53 61 19 32 53
62 33 23 57 80 53 67 36 57 74 73 46 65 31 42 58 63 36 30 40
46 38 29 48 60 50 48 31 45 65 59 28 48 28 55 54 52 19 16 51
16 8 5 24 22 13 25 9 13 23 22 19 19 11 14 20 21 5 1 13
19 7 1 19 30 9 28 7 24 34 34 23 19 11 16 21 29 1 11 9
5 1 1 16 18 1 10 2 8 14 24 9 7 4 4 2 20 1 11 1
9 13 3 18 15 15 25 17 11 12 16 19 26 9 19 9 18 2 4 20
39 14 12 32 57 18 44 25 39 53 60 26 46 20 34 22 48 11 35 30
12 1 1 12 20 8 14 1 12 21 10 7 11 1 12 10 19 3 7 6
34 22 14 44 50 13 58 32 49 54 58 46 45 40 54 26 63 4 43 38
44 24 23 46 82 37 69 45 56 77 77 37 64 35 55 50 71 18 43 56
44 49 36 58 58 57 56 39 49 71 59 45 41 30 61 60 68 23 30 51
16 10 1 20 39 24 37 23 28 31 33 26 34 18 30 24 26 13 14 31
56 29 22 48 84 39 69 41 64 81 83 35 68 36 39 57 72 39 54 36
55 32 25 44 84 48 57 40 54 76 79 35 55 34 39 57 64 39 49 38
31 10 9 18 44 10 36 13 33 42 42 25 34 15 28 14 40 9 26 24
13 8 1 22 20 15 12 8 17 23 19 4 19 1 17 17 20 7 10 12
1 1 1 3 9 1 1 1 3 7 6 1 3 1 2 1 8 1 1 1
12 10 1 18 22 10 16 8 11 21 27 16 18 2 8 11 20 3 8 11
3 1 1 12 9 6 13 1 7 8 11 1 7 1 8 10 10 2 1 7
17 9 1 15 44 15 26 11 27 42 40 21 18 10 13 25 30 10 20 10
26 25 23 36 50 34 33 21 25 46 39 14 38 13 33 29 41 4 17 33
9 3 1 15 12 1 8 1 10 18 21 11 8 7 8 10 22 1 7 2
25 9 3 34 37 21 37 11 35 45 40 17 35 12 29 33 46 19 16 23
41 21 18 44 47 39 53 25 44 52 55 33 32 24 33 38 46 33 26 31
1 6 1 9 8 8 8 6 4 6 8 5 13 3 9 3 10 1 4 10
10 5 3 3 18 3 10 3 12 16 15 4 16 1 9 7 10 1 7 10
33 19 19 34 46 40 41 16 45 61 51 18 25 24 52 47 57 18 31 36
7 1 2 8 18 1 6 1 9 14 13 1 10 1 5 3 10 1 8 4
17 20 12 32 44 20 39 19 17 34 42 27 24 12 23 22 35 1 20 22
43 38 31 53 69 43 60 41 49 66 63 48 61 32 69 32 71 14 44 56
42 19 17 48 67 32 52 30 44 65 68 24 59 30 48 45 68 15 33 45
11 7 5 19 25 15 22 8 11 17 21 15 15 6 10 14 15 7 7 11
42 31 21 46 60 49 40 34 51 63 60 33 54 36 32 54 62 34 24 29
8 3 1 12 18 11 12 1 12 15 17 6 2 1 11 14 14 8 4 5
1 1 1 6 3 2 8 1 3 3 1 1 5 1 5 6 3 1 1 2
49 41 31 58 78 64 54 47 63 72 73 32 68 43 47 70 66 46 36 38
40 18 30 50 64 32 56 29 43 66 57 31 45 28 57 28 64 16 49 44
2 1 1 7 15 3 9 1 7 11 10 1 6 1 5 10 3 2 1 2
4 5 1 10 25 9 15 1 11 13 20 7 13 1 9 9 12 3 4 9
22 8 7 19 30 15 22 1 21 30 23 16 16 4 13 18 27 10 15 7
19 13 13 19 34 20 21 5 21 28 30 7 17 1 25 19 24 7 14 22
38 12 20 38 54 25 36 32 47 53 57 24 43 31 35 25 55 19 37 26
36 20 9 24 57 32 32 23 34 51 53 34 30 20 19 38 34 21 18 17
52 41 16 59 70 48 54 35 54 73 70 49 55 31 49 61 66 36 38 31
40 32 26 62 55 52 54 39 48 67 57 35 48 31 57 57 64 34 30 47
33 20 15 26 48 28 37 13 28 45 42 26 29 6 14 25 40 10 19 17
36 23 18 32 59 32 37 31 32 53 55 25 45 20 31 38 40 22 38 31
30 15 16 34 52 29 41 20 33 51 43 20 43 14 42 29 46 13 29 36
47 38 25 71 61 44 62 39 57 80 69 42 44 35 59 61 81 22 43 32
19 1 1 26 26 20 23 1 20 30 28 10 7 3 16 27 26 13 8 10
5 8 1 14 18 4 13 6 9 11 19 8 14 1 10 7 12 1 9 9
32 16 7 40 54 28 42 24 41 52 52 24 33 21 34 38 45 23 27 24
30 16 17 22 45 33 34 20 31 46 40 11 38 13 27 38 38 18 22 27
14 12 4 38 31 27 28 21 18 27 27 19 29 15 34 23 34 7 11 27
2 4 1 3 10 9 12 4 9 9 9 3 12 1 6 8 8 4 1 6
7 9 1 15 17 5 14 9 5 9 23 8 19 1 7 1 15 1 6 11
23 12 11 18 39 22 29 9 26 38 34 21 21 7 18 21 30 8 15 14
24 15 5 26 26 9 28 11 27 31 30 14 31 14 34 17 38 1 22 21
20 1 1 34 33 7 16 5 14 29 36 10 18 10 11 18 31 6 11 5
20 9 7 24 35 29 33 15 32 40 36 9 32 7 30 27 39 18 22 28
2 1 1 9 16 2 6 1 1 10 15 6 5 1 1 5 3 1 4 1
1 3 1 4 7 3 4 2 2 7 8 2 10 1 1 2 6 1 1 4
30 16 10 32 40 30 41 7 30 40 38 23 24 4 19 32 34 15 11 18
54 37 31 54 83 49 55 37 65 87 80 32 56 38 59 57 82 26 42 46
3 4 1 7 15 7 5 5 6 13 13 1 9 1 4 11 8 3 4 7
3 9 3 7 11 12 1 8 5 9 7 1 12 2 13 5 14 1 2 13
7 8 1 14 15 14 15 6 11 13 17 6 14 1 11 12 21 7 4 8
1 6 1 8 7 9 6 6 7 7 7 1 13 1 11 4 13 1 1 9
41 33 16 40 48 43 41 20 41 61 46 30 34 18 51 47 52 19 20 37
35 29 10 29 60 27 50 22 50 64 60 43 33 25 46 41 59 14 37 29
5 7 1 9 16 6 16 5 19 22 15 12 8 4 17 9 17 4 15 6
15 3 1 14 16 6 12 2 17 20 17 6 15 1 10 14 14 4 4 7
4 9 1 21 18 6 4 5 1 12 11 1 14 1 16 9 14 1 9 10
42 40 23 43 63 40 44 18 40 64 60 45 39 14 36 43 60 16 28 30
36 1 19 33 54 22 34 21 39 57 50 21 41 24 24 24 45 16 29 23
30 12 8 28 35 26 31 1 30 41 31 20 21 6 20 29 35 18 12 12
32 31 11 43 51 30 41 27 46 67 51 38 29 24 50 54 62 15 31 24
33 20 14 39 50 37 38 8 34 52 45 25 25 15 27 41 41 23 18 20
52 29 28 51 65 41 57 39 51 59 60 42 64 30 43 41 62 20 24 40
10 9 4 23 31 11 15 4 12 26 28 10 16 3 17 16 23 5 12 13
4 1 1 5 17 1 9 1 8 19 15 1 16 1 4 10 12 1 3 7
50 23 16 46 57 37 53 30 58 74 62 40 36 33 54 55 67 24 32 33
39 17 21 37 42 39 41 14 35 51 51 20 17 14 33 41 44 20 17 30
13 11 3 26 16 14 18 7 13 25 18 16 16 5 19 15 31 5 13 10
26 17 10 28 44 22 30 16 18 43 40 24 35 10 31 28 37 5 18 31
18 18 1 17 36 23 25 11 29 39 34 18 22 6 24 27 29 16 19 18
12 3 1 21 23 12 25 7 19 24 26 13 22 8 22 14 31 6 9 19
35 17 16 50 50 21 48 16 24 44 47 29 34 15 36 33 49 3 23 27
15 9 3 12 34 22 30 13 28 31 35 17 23 8 20 23 20 18 19 20
24 4 3 34 36 15 18 13 22 36 40 17 23 17 12 24 32 11 13 8
8 2 1 12 22 6 7 2 11 18 18 6 8 1 6 9 14 5 7 4
54 47 36 40 78 53 68 34 65 81 74 56 43 40 53 66 64 38 41 45
1 4 1 12 12 6 8 4 7 9 10 1 12 1 9 6 13 1 4 7
45 37 24 41 72 40 56 29 55 67 66 42 54 32 46 48 59 36 47 38
10 7 1 11 14 13 10 7 13 16 15 8 12 2 13 9 23 5 5 10
40 25 20 39 53 42 39 34 46 54 44 23 53 28 42 46 49 30 21 33
5 1 1 9 12 2 5 1 4 8 8 1 4 1 4 7 6 1 2 1
7 1 1 9 10 2 7 1 7 11 10 4 9 1 2 5 12 2 1 2
6 3 4 22 18 10 13 3 7 11 18 5 11 1 15 7 16 3 12 9
28 19 10 19 55 26 35 19 37 50 58 28 29 19 33 30 39 16 26 31
42 14 22 46 34 30 47 14 38 49 39 26 28 22 44 35 53 15 22 29
20 6 8 23 37 22 25 12 24 40 31 2 31 6 29 29 34 10 22 22
41 20 12 37 40 38 42 19 38 49 46 35 21 20 39 42 38 25 15 30
13 17 1 21 36 15 22 5 25 33 34 20 15 4 24 18 32 9 21 11
53 30 24 60 68 38 72 35 66 82 76 51 47 40 73 55 76 30 48 48
10 8 5 11 22 17 22 8 14 25 15 15 15 6 13 13 19 2 5 11
38 24 15 21 71 31 53 35 47 63 68 34 41 28 33 48 44 26 43 30
16 11 1 24 33 12 24 10 26 31 31 15 19 8 25 17 25 9 21 15
54 35 29 52 79 59 49 28 54 82 77 28 49 34 46 67 76 26 35 40
28 30 10 22 61 38 46 28 47 57 56 32 35 23 39 45 40 26 30 36
13 2 1 20 24 5 11 4 7 21 24 5 16 1 6 7 21 1 10 3
15 10 9 13 33 15 11 3 12 31 27 10 14 1 18 20 20 1 9 17
34 11 14 29 45 26 40 13 32 45 43 12 33 9 32 26 39 15 18 32
43 27 15 50 75 40 60 31 44 65 71 40 50 23 51 40 64 13 40 46
27 26 15 43 49 33 45 28 29 53 42 23 31 15 35 38 49 14 32 31
51 17 25 60 69 46 51 36 48 70 68 23 52 36 52 62 65 34 38 36
5 6 1 11 15 9 9 6 6 16 11 6 14 1 8 9 12 1 5 8
1 4 1 3 11 5 3 4 2 7 10 1 8 1 5 3 4 1 1 6
8 12 4 14 18 15 8 12 9 16 14 5 18 6 14 13 12 4 1 15
37 28 20 53 58 41 40 34 43 63 58 35 41 41 43 57 59 16 25 29
31 34 12 25 56 34 46 27 47 60 50 35 39 22 43 40 49 17 31 33
38 10 14 47 55 18 44 30 39 55 58 26 47 32 32 35 56 16 33 20
33 32 25 36 63 40 40 35 45 60 64 22 53 31 54 42 55 16 33 51
4 1 1 10 17 5 11 1 9 21 15 8 9 4 11 8 20 1 7 7
45 13 23 42 50 47 48 22 51 65 52 25 38 27 40 56 54 38 15 38
36 25 21 62 45 47 56 34 42 53 48 44 35 28 52 43 59 18 20 42
11 13 6 26 26 24 21 14 14 25 22 13 21 8 19 22 25 4 3 17
17 18 12 26 24 22 24 7 17 31 20 19 18 1 16 24 29 5 11 9
4 1 1 10 17 7 15 1 13 17 17 8 7 1 3 8 14 3 4 1
26 27 17 33 41 45 41 26 37 55 44 31 25 18 45 42 47 20 25 36
24 16 18 27 39 24 35 17 25 41 32 21 33 16 36 21 44 2 23 29
9 11 1 4 20 18 17 7 17 19 15 12 16 1 13 13 14 9 3 12
37 17 12 36 45 38 31 16 32 51 43 28 31 18 19 43 45 23 12 10
26 16 5 27 33 25 27 16 34 43 31 18 25 11 28 30 37 19 17 19
36 17 10 38 43 20 46 24 40 42 48 28 46 25 43 24 50 11 24 35
4 3 1 8 9 2 5 1 3 8 14 6 5 2 2 5 10 1 1 3
1 4 1 2 8 4 4 3 5 9 10 3 9 1 2 2 10 1 2 3
9 1 1 20 24 2 15 6 4 17 21 1 15 1 3 9 17 1 8 6
35 14 7 34 55 39 35 16 31 52 51 21 30 9 23 46 38 20 12 23
14 15 4 15 32 18 30 16 23 32 33 25 23 14 26 18 34 4 11 22
1 1 1 10 10 1 4 1 1 5 8 1 9 1 2 1 6 1 1 2
32 8 4 45 53 15 26 14 32 54 56 23 32 23 28 35 52 12 32 12
8 5 1 11 22 5 6 3 7 14 18 6 10 1 3 10 8 4 2 5
13 11 1 18 29 16 15 7 16 27 28 14 17 5 10 18 23 11 11 9
35 25 11 32 47 30 36 22 40 50 52 23 42 16 33 33 44 14 21 30
23 32 10 38 46 29 28 23 30 48 46 24 36 14 41 37 48 11 22 29
50 44 29 56 59 46 63 37 50 65 56 48 58 27 62 46 68 23 36 53
33 20 12 42 61 23 28 14 22 59 52 16 33 1 26 39 48 9 28 19
7 4 1 9 15 6 9 4 11 17 15 7 10 3 5 8 15 5 6 5
47 36 19 54 59 53 57 30 47 57 60 38 48 30 57 53 60 19 17 51
14 5 1 28 22 11 11 7 15 24 21 1 18 7 14 20 21 10 13 4
4 1 1 7 10 6 5 1 5 10 7 5 5 1 2 5 9 2 2 1
28 14 15 13 54 24 33 11 31 49 48 19 29 9 30 26 32 7 21 31
27 8 3 28 46 21 33 5 34 45 48 25 22 13 25 34 37 16 19 16
1 6 2 12 18 8 2 2 4 15 12 4 7 1 12 6 11 1 8 7
64 28 35 52 63 57 58 35 60 77 69 45 45 29 48 60 62 36 26 46
40 18 20 46 51 38 38 18 34 54 51 27 30 21 30 46 42 21 16 24
44 37 24 29 76 39 60 31 60 73 78 40 45 33 60 52 61 21 47 49
33 21 11 23 47 25 38 20 37 46 48 24 41 19 35 30 40 11 18 34
12 1 1 12 10 13 12 1 14 21 4 2 8 1 15 15 14 6 4 9
11 4 1 12 18 5 6 4 7 18 15 7 12 4 1 14 9 4 4 1
11 19 3 16 29 21 24 20 25 30 29 19 28 13 22 18 28 6 13 21
4 5 2 9 16 6 3 3 3 8 12 3 6 1 6 6 5 1 1 8
27 15 4 40 51 23 38 29 38 49 53 18 51 19 37 27 50 11 27 34
30 13 5 38 38 20 42 14 29 38 43 24 37 16 17 26 40 17 14 16
51 41 28 46 79 42 68 34 71 81 79 51 54 47 60 56 73 20 40 47
37 17 8 27 49 29 30 11 32 50 50 25 21 13 27 42 34 17 11 19
47 28 22 45 70 46 48 30 55 72 71 22 53 29 55 56 68 19 36 45
25 21 11 17 39 20 32 18 29 30 35 27 32 14 22 18 26 19 24 23
45 24 20 38 65 30 42 14 32 58 60 16 39 8 31 39 46 8 28 32
5 1 1 11 4 1 6 1 2 7 9 4 8 2 2 5 11 1 1 2
23 16 5 13 39 16 26 17 28 38 32 23 27 13 22 22 26 7 20 17
28 26 18 28 50 38 29 12 18 44 40 20 25 4 20 38 30 7 6 24
6 8 1 16 22 11 11 6 10 12 16 7 13 1 13 10 11 5 10 10
17 20 5 30 31 27 24 15 22 31 26 16 31 12 27 25 34 14 11 20
4 1 1 13 12 3 11 2 7 15 14 7 10 3 5 5 18 1 2 6
8 1 2 13 28 8 15 1 17 28 22 6 13 2 17 12 20 1 12 9
30 19 17 31 43 17 37 21 30 42 39 21 43 20 45 21 41 9 30 38
13 14 6 15 21 13 12 12 14 23 19 8 28 5 19 12 23 1 12 18
32 30 8 41 46 32 46 26 47 58 55 34 31 27 44 44 56 21 25 30
31 11 13 51 28 27 39 14 28 39 33 22 21 23 41 35 42 19 22 26
9 5 4 12 23 10 13 1 11 21 20 14 6 5 7 15 14 4 8 6
7 21 3 22 19 18 21 23 14 18 18 16 31 14 31 12 26 3 13 27
10 5 2 19 20 1 15 6 10 22 16 6 26 5 22 7 27 1 13 17
7 6 2 10 17 7 10 4 8 13 13 9 15 1 5 6 8 1 6 7
11 6 1 13 20 12 13 7 9 19 14 9 17 3 9 13 13 5 1 11
10 12 5 27 28 25 22 22 17 29 26 14 33 15 26 27 30 4 7 28
5 2 1 16 18 1 12 4 5 12 17 8 13 5 8 6 12 1 3 9
13 9 1 23 26 9 17 10 10 25 30 15 23 7 10 15 24 1 8 12
4 4 1 16 15 8 10 1 11 17 11 1 11 1 14 10 13 3 8 6
25 28 7 37 61 33 48 35 41 62 52 34 41 24 51 48 50 18 36 37
6 1 1 10 12 9 15 1 8 12 7 7 5 1 6 12 9 4 1 2
10 1 1 13 16 8 9 1 12 21 18 5 9 4 8 18 13 6 5 4
4 1 1 8 17 7 3 1 5 15 12 2 4 1 5 9 5 1 1 4
5 8 1 12 18 11 11 4 10 18 13 8 9 1 16 13 15 6 11 7
26 24 15 28 43 29 34 16 30 46 35 19 43 18 40 28 48 10 17 34
8 4 2 18 26 13 15 1 10 27 17 8 12 1 15 16 24 3 11 9
11 3 1 6 15 12 13 1 12 17 11 11 6 1 5 16 8 8 1 1
3 1 1 8 6 7 10 1 8 13 5 2 8 1 6 11 7 4 1 4
1 1 1 1 14 8 4 2 6 15 11 3 6 1 4 6 7 1 2 7
4 4 1 10 11 5 4 1 7 11 8 6 9 1 9 6 13 1 8 1
55 25 26 57 83 36 59 41 51 82 79 36 67 38 57 53 74 26 58 46
32 41 28 47 58 48 54 32 47 58 55 40 51 32 48 41 68 16 20 42
8 1 1 10 18 3 10 1 9 20 22 14 4 3 1 9 17 1 2 1
30 21 7 46 43 39 42 19 34 42 44 30 37 22 42 39 50 13 4 35
37 22 18 48 56 38 47 28 32 55 49 12 46 8 37 44 51 17 26 46
14 15 6 17 28 22 22 16 21 31 21 14 28 12 23 20 31 9 8 24
1 4 1 6 11 10 10 4 9 11 5 5 10 1 9 11 7 5 4 7
20 15 7 26 41 23 26 8 15 35 38 14 22 4 15 23 34 8 16 15
17 21 7 16 33 27 20 15 20 30 30 21 23 7 14 25 28 11 8 18
20 20 5 23 42 25 28 16 25 40 43 28 26 14 22 26 34 9 12 23
1 2 1 4 12 8 7 3 9 15 11 7 5 1 4 7 9 1 2 1
8 24 5 37 35 17 29 26 26 33 34 25 35 20 39 17 49 6 26 27
37 21 9 37 54 40 40 23 46 58 53 21 45 18 36 49 51 20 15 32
39 45 34 47 61 60 45 23 43 62 54 26 38 17 44 56 54 15 15 39
6 20 3 25 20 17 14 13 13 21 15 13 24 4 26 15 29 1 13 16
1 4 1 13 13 5 2 4 6 11 15 2 7 1 8 4 16 1 8 5
30 28 18 34 48 37 35 21 34 49 38 18 42 12 36 40 37 9 10 36
45 26 10 38 60 40 43 26 49 57 55 30 50 23 30 40 48 32 28 22
12 9 1 21 26 16 27 15 24 30 25 17 21 12 22 19 30 9 11 15
11 7 1 7 26 9 18 4 18 19 23 10 16 1 14 9 15 6 8 11
39 25 16 71 62 39 51 35 44 59 64 47 47 36 49 48 67 22 36 24
2 12 1 7 15 9 8 10 10 10 17 7 13 3 10 7 10 1 5 11
5 1 2 4 14 11 11 1 9 19 10 7 5 1 3 15 8 3 2 2
5 8 1 9 17 12 6 7 7 15 14 8 12 1 9 10 12 1 7 10
29 15 18 27 51 33 26 11 24 47 42 11 31 5 31 35 42 5 18 28
2 5 1 15 14 9 5 5 4 6 16 3 9 1 11 2 14 1 9 9
36 25 23 48 38 48 45 25 32 47 40 28 34 18 42 44 50 14 4 42
7 6 1 16 16 4 12 4 9 12 17 9 13 1 10 7 17 4 8 8
28 26 10 38 37 34 39 25 34 44 32 23 38 17 42 34 41 18 19 35
15 9 7 21 23 21 29 13 22 23 23 13 18 10 22 22 19 17 5 22
10 7 1 8 27 19 20 8 19 27 32 13 15 5 10 22 24 11 7 11
54 44 33 34 81 45 54 43 65 78 77 40 55 37 60 58 66 28 46 46
1 4 1 1 10 5 7 4 7 12 11 10 6 2 1 1 8 1 3 3
31 21 12 38 48 27 39 27 31 36 47 27 46 23 45 27 42 9 21 43
25 17 7 25 43 17 22 12 25 41 43 18 26 11 31 22 35 5 23 22
16 5 5 15 37 22 21 4 24 40 28 15 11 4 20 25 26 8 14 14
9 3 1 25 22 8 18 7 11 21 22 10 19 7 13 17 19 4 7 10
10 10 6 21 21 14 16 3 10 24 23 17 4 3 9 16 25 1 11 1
26 24 17 39 45 37 39 25 27 42 43 32 38 17 32 34 42 6 5 33
10 12 5 16 23 16 13 9 10 16 13 12 18 1 16 12 17 1 9 13
48 32 28 45 76 51 53 32 58 79 76 23 58 35 61 60 76 27 37 52
54 33 23 48 71 49 65 42 59 71 76 46 70 41 50 55 74 36 41 48
42 42 22 56 65 53 40 28 43 68 62 41 44 22 35 62 65 28 28 20
8 7 3 13 27 13 14 3 11 21 21 9 10 1 15 17 8 3 5 11
26 18 15 14 37 20 42 20 40 39 35 26 36 21 36 18 34 18 29 32
45 10 21 51 64 30 48 29 44 63 64 27 54 27 49 29 64 20 44 39
21 13 12 18 35 18 23 2 23 38 30 11 22 3 29 21 33 7 17 21
25 34 15 45 55 37 32 29 35 60 51 33 31 21 41 50 55 14 27 19
2 2 1 5 3 8 6 2 7 7 5 1 4 1 6 7 5 4 1 4
13 10 10 9 27 13 24 7 19 22 19 9 23 5 27 13 23 4 10 24
18 10 5 24 35 18 24 9 18 28 31 14 21 5 20 23 16 10 8 19
11 7 4 11 17 16 17 2 10 17 17 15 5 1 5 12 17 4 4 3
15 19 7 21 35 24 18 13 16 30 24 16 22 4 23 21 28 4 14 21
2 1 1 11 6 3 3 1 4 7 6 1 1 1 9 7 10 1 6 1
13 11 1 22 25 8 13 7 11 26 29 15 16 6 12 15 24 5 14 8
1 2 1 10 17 6 16 5 9 14 16 9 11 6 10 8 11 2 5 8
39 32 16 37 63 40 52 27 46 56 62 37 54 26 44 40 50 25 24 43
10 8 1 25 21 11 20 17 6 10 21 7 24 7 15 6 23 3 9 18
9 9 1 29 15 11 11 13 8 24 21 7 23 12 19 19 30 1 2 16
12 23 5 13 26 18 20 19 20 26 27 20 26 12 24 13 27 10 20 21
17 36 22 26 53 41 33 31 38 58 44 25 26 25 49 48 51 10 29 38
4 9 5 14 33 14 11 3 12 23 29 7 9 1 20 18 18 2 16 15
1 7 1 5 17 10 8 2 6 9 14 3 7 1 13 8 3 1 2 11
12 22 8 38 38 18 16 21 20 34 40 8 30 14 24 24 37 2 20 18
21 24 7 29 37 18 35 20 34 46 37 30 23 16 33 31 48 9 30 18
40 38 26 57 45 48 56 33 53 65 50 36 52 32 55 52 74 31 28 35
23 21 12 12 36 27 25 15 26 33 29 17 29 8 33 19 27 8 15 31
6 5 1 26 15 5 16 4 4 16 12 13 14 5 17 9 23 1 8 10
28 7 10 30 33 17 33 11 22 42 38 23 31 11 17 26 39 4 9 21
33 34 18 47 62 44 56 31 45 73 59 40 37 24 59 58 71 18 36 39
13 12 11 15 34 27 23 19 22 29 33 7 26 13 23 27 23 18 22 23
4 7 1 10 15 5 8 5 8 12 17 6 13 1 4 5 11 4 4 6
54 24 27 51 79 49 55 37 56 81 73 26 58 26 43 52 68 29 39 49
1 1 1 1 6 1 1 1 1 7 4 1 1 1 1 2 4 1 1 1
24 17 8 14 33 19 27 11 30 29 32 17 29 7 23 17 33 12 16 20
34 17 12 24 34 33 41 17 40 41 34 27 26 14 34 29 34 26 17 28
34 11 7 27 44 26 32 6 37 48 45 14 35 10 18 35 40 20 10 18
53 45 23 58 74 49 54 26 46 72 69 48 48 30 50 59 66 27 40 35
9 2 1 11 18 5 6 1 5 15 15 6 11 1 4 7 10 1 1 5
36 28 16 43 52 42 44 24 52 63 58 34 30 34 39 52 58 24 16 28
47 26 21 33 66 30 47 21 36 59 60 21 46 8 30 34 46 16 34 36
30 14 8 31 44 29 30 7 31 45 36 19 28 8 20 37 35 19 15 14
38 25 24 29 67 21 51 20 47 63 68 31 35 26 43 40 56 6 37 37
15 9 6 12 20 15 19 1 14 22 20 16 13 1 4 12 21 2 3 4
17 1 6 13 28 3 16 1 15 27 23 5 20 3 10 12 19 2 9 10
35 21 13 51 47 28 49 22 43 54 49 29 42 25 54 44 56 21 37 38
9 3 1 13 23 9 14 4 18 22 21 7 12 4 11 11 15 5 9 8
4 1 1 4 10 1 7 1 10 10 8 1 8 1 6 1 11 1 4 2
27 24 16 25 43 34 43 17 32 41 40 27 25 15 37 30 33 14 20 35
8 5 5 11 19 12 15 5 7 19 14 10 11 5 15 12 18 5 1 15
17 10 3 19 40 21 14 9 21 33 33 6 25 4 17 24 24 8 7 15
11 9 1 25 30 10 27 14 18 23 29 20 28 8 24 5 33 1 17 21
46 28 24 55 58 36 39 27 36 52 58 35 42 19 21 43 49 21 24 20
54 11 13 62 61 30 65 19 50 65 67 41 43 27 43 45 67 19 25 30
39 15 7 42 44 35 29 19 40 52 43 24 34 24 35 47 50 23 16 17
9 5 1 21 23 6 11 1 8 28 17 8 11 1 11 17 22 1 12 3
55 30 20 48 69 43 55 35 55 70 70 44 65 38 45 50 68 32 32 41
2 7 1 12 10 10 7 5 3 7 9 2 14 1 9 9 7 1 1 8
29 33 9 42 45 35 32 26 36 51 47 30 42 15 33 45 51 23 24 14
19 12 7 26 31 18 25 8 19 27 26 18 21 7 26 20 22 7 15 20
6 3 4 13 13 10 14 3 8 13 10 8 11 3 6 12 10 3 4 5
23 17 4 21 37 16 19 9 19 28 37 20 21 8 11 24 23 13 10 13
22 15 9 29 40 18 14 13 12 38 32 4 29 3 27 21 34 2 20 22
45 37 22 46 55 50 62 37 59 61 61 42 56 42 65 51 66 30 22 56
43 29 23 53 69 39 50 24 50 78 66 38 40 27 62 53 69 16 44 39
16 16 8 30 23 22 14 12 9 27 24 16 15 10 21 22 30 1 9 15
9 7 1 12 14 7 5 6 7 14 17 8 10 4 4 10 13 1 5 6
2 2 1 12 13 1 7 1 5 7 11 2 12 1 7 2 12 1 2 6
8 8 1 19 18 10 9 2 10 21 20 9 9 1 11 16 21 4 7 3
6 8 3 12 27 6 13 6 13 17 26 11 15 5 11 6 13 3 13 11
4 10 2 8 28 1 19 9 19 27 23 16 14 10 20 11 26 1 19 11
30 23 11 41 48 29 39 30 29 41 43 31 49 23 49 24 46 9 28 46
20 6 3 31 37 12 29 7 26 40 39 13 19 10 23 24 36 8 24 13
14 8 1 23 25 4 24 12 17 22 32 18 25 12 15 11 24 4 13 15
11 11 1 8 22 21 11 5 13 23 19 13 12 2 10 16 20 5 1 10
42 41 27 54 61 36 60 34 52 72 55 48 45 26 50 56 67 20 42 22
4 7 1 7 12 11 3 7 6 10 7 5 12 1 11 3 11 1 4 10
40 20 22 62 58 46 67 33 50 72 66 39 38 39 63 59 72 28 40 44
32 19 9 22 42 19 32 9 33 35 41 25 30 13 16 25 30 19 17 12
25 17 11 26 46 17 35 23 30 47 42 13 32 13 28 29 38 9 31 26
12 6 1 15 10 15 16 6 13 18 17 11 9 6 14 17 18 5 2 9
39 25 13 56 60 29 40 22 42 60 60 30 45 22 47 47 61 20 33 23
28 6 12 27 38 12 19 13 28 36 37 9 34 16 20 20 37 11 21 10
41 32 17 55 63 46 62 40 45 57 66 42 61 27 49 41 74 19 40 44
6 6 4 9 21 7 7 2 3 18 15 2 14 1 13 11 13 1 1 14
20 10 1 31 40 19 35 19 27 32 38 28 34 15 30 17 34 6 15 27
17 28 4 28 35 25 28 18 25 35 35 21 33 11 29 29 41 14 19 23
14 12 7 15 36 20 20 12 17 34 28 20 14 9 15 21 22 7 12 13
1 1 1 10 9 1 1 1 1 4 13 2 1 1 1 1 9 1 7 1
29 24 17 34 50 35 40 23 38 59 48 28 29 20 35 48 50 17 30 26
23 19 6 30 40 29 26 11 23 43 37 19 25 6 20 31 41 14 21 15
19 1 1 28 30 17 28 6 25 37 32 11 19 10 23 28 29 10 7 19
8 3 1 7 17 9 12 5 12 22 17 14 5 4 2 10 15 3 5 2
9 15 1 34 27 22 33 27 26 28 30 22 30 23 35 22 38 8 20 27
13 4 1 15 21 17 18 4 18 25 19 13 6 4 11 20 16 12 9 7
32 14 6 22 47 18 32 9 36 42 44 23 34 12 18 25 32 17 18 15
20 13 9 22 30 22 25 7 19 30 29 15 19 1 17 22 22 8 11 17
3 4 1 6 16 8 11 5 11 15 19 9 7 4 3 8 9 3 7 4
35 28 24 38 47 25 32 21 33 54 44 25 37 18 48 34 53 14 34 25
21 17 9 30 31 20 24 13 13 34 27 13 25 1 11 20 35 1 16 11
44 33 20 45 53 46 50 31 45 55 58 37 36 25 45 45 51 37 35 39
39 24 21 59 60 36 46 21 30 63 52 24 35 9 32 53 50 17 30 28
12 9 1 15 30 7 17 9 20 25 30 17 14 6 11 15 21 4 15 6
19 8 10 13 35 20 20 6 22 40 33 8 23 5 25 24 30 5 14 23
13 13 6 21 20 21 16 5 12 23 17 13 14 1 13 18 21 3 5 8
37 22 11 32 61 35 45 29 51 59 63 32 47 31 26 47 52 33 31 17
27 25 15 31 51 40 48 26 34 55 49 36 31 26 36 44 57 19 26 30
47 41 22 63 59 46 57 25 55 69 66 49 47 34 47 60 70 38 43 29
41 23 28 53 56 49 55 45 62 75 73 30 40 46 56 66 71 30 31 47
8 1 1 13 15 6 14 5 12 15 16 7 14 5 7 7 17 7 6 7
30 21 16 32 50 27 30 19 25 47 44 16 39 10 22 32 37 6 17 23
29 18 10 37 43 30 19 22 30 52 39 17 36 16 27 37 49 15 22 14
58 28 21 69 73 42 78 31 56 72 76 56 52 37 41 54 78 24 35 32
14 7 1 17 19 15 9 9 11 20 14 4 25 3 13 16 19 2 1 12
18 19 8 27 40 29 30 12 18 33 31 16 26 4 33 28 30 5 10 28
11 5 1 19 30 19 5 7 14 34 23 3 15 4 15 26 21 5 10 9
25 16 10 15 37 14 20 6 20 33 33 14 20 5 25 20 25 5 14 22
3 9 1 4 19 4 12 9 13 16 18 10 17 4 12 1 14 1 11 11
7 1 1 21 10 3 11 3 3 15 17 4 11 5 8 13 18 1 3 6
10 12 3 28 29 15 4 11 8 24 29 6 22 5 16 18 25 1 10 14
28 16 11 39 38 21 42 9 38 55 38 28 24 17 49 36 54 12 30 21
34 21 13 40 48 31 49 16 44 48 54 37 35 27 30 40 49 27 21 24
22 12 8 38 43 27 30 17 19 38 38 18 36 11 25 30 36 6 10 25
46 49 24 56 80 47 56 27 57 81 79 43 47 34 59 60 77 17 42 39
29 6 16 36 31 34 28 19 30 44 34 18 21 16 33 38 33 23 10 28
37 44 22 52 65 47 57 38 53 63 70 40 52 39 49 48 64 27 33 40
27 29 17 12 58 47 40 26 41 55 51 26 31 21 38 47 43 23 24 36
32 14 2 38 46 23 39 22 32 51 50 29 40 19 30 34 49 13 21 26
32 22 19 40 44 51 52 24 40 50 42 33 36 18 34 46 48 24 5 37
9 9 1 9 18 14 17 5 10 13 17 13 14 1 8 11 16 5 1 9
6 4 1 6 17 7 8 5 10 18 14 9 7 5 5 9 10 3 6 6
15 7 2 12 19 21 18 5 16 21 19 14 7 4 15 20 15 11 1 12
34 9 7 49 43 27 42 11 28 48 45 25 29 15 27 43 44 14 19 18
27 21 17 32 41 30 38 11 32 45 44 27 13 18 35 35 41 8 22 22
10 1 3 16 24 8 16 4 14 26 23 8 19 3 16 11 28 2 16 14
8 9 1 15 9 9 8 7 4 10 14 9 12 4 8 9 15 1 6 8
36 32 20 30 53 38 46 16 31 49 48 36 33 16 31 39 40 15 15 32
35 16 17 49 62 39 50 32 50 62 65 30 57 39 58 44 71 11 28 51
36 45 27 53 66 44 56 38 55 74 62 46 45 31 61 57 73 21 43 36
36 31 21 45 55 51 40 35 47 59 53 24 54 34 31 56 52 31 11 28
4 8 1 9 12 4 11 4 11 15 14 6 12 1 11 6 12 1 10 5
45 28 19 27 59 41 50 13 46 63 54 30 41 17 42 44 49 23 25 40
30 26 20 34 49 28 31 14 28 50 36 23 34 6 36 32 44 1 20 26
6 11 1 12 19 12 4 10 10 18 20 5 18 4 11 11 19 1 4 13
33 27 12 56 65 30 56 37 42 62 63 42 55 22 42 41 63 19 45 27
4 5 1 14 16 2 6 1 9 19 11 3 10 1 19 8 22 1 14 6
22 1 2 35 32 21 31 10 25 44 35 17 21 17 27 36 36 9 6 22
42 26 19 35 64 33 43 16 42 62 62 35 42 18 27 39 56 20 32 24
53 23 23 54 71 27 45 27 48 71 69 29 49 30 32 41 71 27 47 22
39 32 16 30 54 27 53 25 44 56 57 47 35 28 28 44 43 21 26 24
31 18 9 35 43 29 32 3 25 53 42 28 18 9 27 42 40 12 12 15
18 27 11 49 45 35 37 39 40 49 44 26 51 33 49 38 59 8 25 39
20 8 3 25 32 12 33 11 32 40 41 21 14 15 23 26 40 9 24 11
15 14 1 16 31 19 29 14 21 23 33 15 25 7 19 18 19 13 13 21
33 44 28 39 67 47 52 40 52 73 58 41 45 28 54 60 62 16 37 44
1 1 1 4 3 4 4 1 7 7 4 1 3 1 6 3 10 1 2 1
10 4 1 17 15 9 14 4 13 16 13 1 18 1 13 12 14 4 4 10
8 6 1 12 16 8 13 5 12 19 19 5 19 1 9 11 16 2 2 9
4 1 1 8 20 9 5 1 4 14 10 4 6 1 7 12 3 1 1 4
8 4 1 13 14 8 18 7 12 12 12 10 14 7 10 9 17 8 4 10
38 31 27 27 64 51 55 33 49 69 59 30 34 28 50 60 55 28 32 46
44 47 28 42 74 43 64 27 55 73 65 46 46 26 54 50 65 23 49 38
21 15 9 37 32 31 34 16 20 30 35 25 21 15 37 26 43 3 8 29
59 27 27 51 76 36 69 37 66 82 81 46 52 39 59 52 74 25 44 49
4 7 1 8 9 9 5 7 7 13 11 5 9 1 6 10 12 1 5 7
27 13 8 45 37 27 47 19 34 43 43 36 27 25 36 32 49 10 15 24
38 35 16 49 68 41 39 28 45 73 63 36 43 31 41 58 69 18 30 28
50 47 35 39 76 51 47 33 46 69 66 40 49 27 52 52 54 25 42 50
9 5 2 8 14 9 20 5 17 16 8 2 21 1 17 9 13 4 5 16
8 3 1 12 21 9 15 1 8 22 20 14 7 1 3 12 19 2 4 1
55 21 13 48 73 28 54 22 51 71 74 30 48 22 26 49 58 26 32 25
12 4 1 14 18 13 15 3 13 19 16 11 11 1 7 17 14 8 5 3
26 10 1 31 35 15 25 10 23 30 39 20 28 12 16 27 28 8 8 11
15 12 1 18 28 5 17 14 6 22 34 11 22 4 7 10 17 1 15 12
13 3 2 24 23 12 15 3 5 26 19 10 13 4 15 20 21 1 4 12
9 3 1 13 20 4 11 5 12 21 22 11 8 6 5 11 18 4 10 2
41 37 28 39 60 44 51 21 45 55 56 47 41 22 22 42 50 25 22 24
48 21 14 53 53 39 51 16 40 60 54 32 42 17 31 50 58 18 15 27
18 8 3 32 31 14 22 25 21 32 39 17 30 23 17 24 34 9 11 14
20 9 5 25 40 20 20 14 13 33 31 10 25 5 14 25 17 8 11 13
8 1 1 8 16 3 4 1 4 14 6 3 13 1 3 8 7 1 1 3
7 6 1 19 21 8 15 8 8 17 17 12 19 7 9 10 15 1 7 12
35 26 11 48 64 50 53 40 55 60 64 37 58 39 49 49 67 28 27 47
13 1 1 21 18 1 13 1 8 19 20 7 17 4 10 10 23 1 2 7
7 1 1 13 24 8 10 2 10 22 24 3 9 2 8 15 19 5 7 7
23 10 5 18 29 18 22 1 22 30 28 17 19 9 10 25 24 15 3 5
31 16 10 30 46 28 36 6 25 43 42 21 26 11 19 33 35 13 9 15
36 28 12 47 49 25 48 15 45 53 58 43 30 29 33 39 58 24 38 11
33 27 11 26 63 28 43 26 48 58 60 35 33 22 39 42 46 21 36 32
9 16 4 28 28 12 24 10 23 26 33 23 17 5 21 16 32 10 26 5
55 31 22 63 68 44 55 28 36 65 63 31 44 14 36 54 58 23 28 33
7 10 3 7 22 16 12 4 9 16 15 11 8 1 16 12 11 3 7 12
11 18 4 8 24 18 12 15 13 22 16 14 21 6 24 11 17 5 13 21
1 7 1 5 6 10 1 5 3 7 8 4 10 1 7 3 13 1 1 8
31 1 1 33 36 24 35 10 35 51 39 18 25 16 22 41 43 18 12 15
9 1 1 15 16 6 5 1 5 18 17 4 5 1 9 16 14 1 3 3
43 26 14 44 60 38 57 32 44 59 63 27 47 28 42 48 55 32 41 35
24 13 9 23 36 30 36 18 37 42 37 20 20 16 28 28 36 22 16 22
10 1 1 14 16 8 12 1 12 17 16 5 10 1 7 15 11 7 3 3
21 5 4 30 27 12 34 5 20 27 28 22 20 10 22 19 32 3 8 13
7 10 1 13 17 9 12 8 8 12 21 15 11 1 8 2 17 1 9 8
6 1 1 8 17 8 8 1 12 13 11 1 7 1 9 7 12 3 1 5
21 16 7 38 40 29 42 17 25 39 40 30 22 14 30 29 44 10 17 21
36 30 13 39 69 24 46 28 47 64 64 36 45 21 41 41 55 22 48 26
47 29 22 49 67 20 61 28 53 68 71 49 51 34 55 35 69 21 57 33
42 25 28 52 58 42 48 35 54 64 57 21 54 33 56 43 62 21 24 51
35 17 12 39 34 33 46 24 38 42 46 31 29 23 37 36 42 29 14 33
21 10 4 23 39 19 29 12 19 34 36 11 25 1 14 19 29 8 18 18
33 26 17 36 57 40 44 12 40 62 49 23 38 15 43 45 54 18 28 35
16 6 1 19 32 10 25 7 19 23 25 10 21 1 14 14 23 9 17 9
13 9 1 11 33 8 20 9 18 29 31 15 24 6 12 14 15 6 15 15
51 23 22 52 62 44 65 17 58 77 71 46 32 29 51 54 73 26 34 33
1 6 1 11 17 6 7 4 6 11 17 8 10 1 7 7 10 1 8 6
4 9 1 13 23 10 12 9 8 13 14 5 22 1 15 5 13 1 5 17
39 46 24 56 73 44 44 50 57 72 71 35 63 38 54 54 67 28 45 38
1 1 1 12 17 2 10 1 4 14 16 6 9 1 5 7 13 1 1 5
11 8 1 21 22 10 19 11 5 15 24 8 21 1 9 9 17 1 7 11
33 33 23 46 65 46 61 46 55 71 63 26 59 36 59 50 76 26 50 46
38 36 18 48 62 44 59 47 58 63 68 46 57 46 58 51 63 23 24 51
1 4 1 7 11 3 2 5 4 9 16 5 8 1 2 1 14 1 4 3
23 32 22 32 49 47 36 19 31 46 42 13 34 10 41 42 35 9 13 43
15 12 2 14 37 16 30 13 33 38 41 20 18 12 19 26 36 10 21 13
17 3 1 17 30 11 16 4 14 27 24 7 22 1 9 18 19 2 2 10
11 10 1 13 31 15 26 10 26 27 30 16 19 8 19 14 25 9 13 15
7 8 1 12 13 11 9 6 10 14 14 8 14 4 12 11 18 1 1 9
13 1 4 12 19 12 18 1 17 22 17 8 9 1 10 12 12 6 7 6
32 15 16 30 52 39 54 31 47 61 48 25 43 28 50 43 57 22 29 45
25 17 13 37 48 27 36 20 28 43 44 31 34 19 27 31 44 2 10 25
2 3 1 16 18 11 5 1 5 17 8 1 4 1 16 12 11 1 8 5
30 3 8 29 39 19 34 1 30 45 37 22 18 11 27 32 33 11 13 16
1 1 1 7 7 1 1 1 1 5 5 1 1 1 3 2 5 1 2 1
21 23 14 20 45 31 20 20 27 47 44 15 25 14 30 36 38 9 17 30
5 3 1 16 21 14 15 5 8 19 16 7 11 3 12 14 10 2 4 11
2 1 1 3 12 4 7 1 7 8 12 6 2 1 1 4 6 2 1 1
51 28 22 46 69 33 52 26 51 65 70 39 51 33 47 50 53 29 36 38
7 8 3 10 25 12 10 7 14 19 23 4 18 1 13 10 17 3 8 14
17 16 6 17 25 27 19 12 23 27 23 15 21 6 18 21 26 10 3 15
43 21 25 47 44 49 45 20 41 63 51 37 18 20 40 53 56 20 8 32
27 8 7 25 40 17 33 6 22 39 36 20 29 9 24 23 36 5 11 21
32 21 14 54 63 30 48 25 35 66 61 33 36 24 44 49 65 7 32 29
8 14 2 20 28 14 14 11 7 17 22 9 16 1 20 8 15 1 17 15
46 25 8 49 66 35 58 37 44 54 66 41 61 25 43 35 58 19 35 44
37 30 28 37 66 36 53 40 60 70 67 34 52 38 57 44 71 20 45 48
24 4 10 22 21 21 31 5 29 34 25 11 18 9 30 21 35 13 10 24
19 6 1 22 29 12 26 4 24 28 29 14 19 1 19 15 24 10 16 13
13 7 1 10 25 7 22 6 16 20 21 16 20 3 11 7 17 6 5 11
12 4 1 16 18 13 17 5 9 22 19 14 11 4 10 15 22 3 4 9
5 9 1 7 18 6 8 7 10 11 13 8 15 1 11 5 11 3 7 10
45 21 23 52 49 40 53 23 51 61 55 30 42 30 51 39 64 22 27 38
22 9 5 19 29 24 17 2 24 37 24 5 14 1 24 28 30 12 5 16
30 3 19 22 47 26 38 18 43 57 42 13 31 22 42 34 44 18 31 34
4 13 1 11 20 6 25 19 20 22 22 18 27 14 25 5 34 1 17 21
32 20 17 58 47 31 48 15 33 59 48 35 24 19 46 46 55 14 23 22
3 1 1 7 13 9 8 1 7 16 8 3 9 1 9 10 9 1 1 6
8 8 3 7 15 4 14 5 16 15 14 9 18 2 16 3 19 1 16 10
9 13 1 27 22 12 15 9 9 21 23 12 15 1 18 12 24 1 19 7
49 43 24 47 72 48 62 31 62 75 73 45 52 37 59 54 69 32 42 46
14 7 5 9 25 9 16 4 15 25 24 12 18 1 11 10 20 1 10 12
13 11 2 9 29 9 15 9 18 24 27 14 17 6 13 11 15 7 10 13
35 19 8 47 40 29 41 21 40 51 43 27 42 26 38 40 51 12 13 30
5 6 3 7 20 7 16 6 10 21 19 16 11 7 6 12 12 1 9 7
18 2 1 21 23 14 26 1 18 28 23 16 16 2 10 19 22 8 1 8
19 18 3 26 40 21 24 19 21 33 34 20 37 12 21 24 31 9 7 23
11 3 1 19 20 8 17 5 12 19 22 14 12 6 8 10 22 7 7 8
10 8 1 11 24 10 16 4 14 21 22 14 16 1 8 12 18 8 6 7
60 30 32 58 62 50 59 23 54 72 65 37 50 24 38 55 69 30 22 34
16 9 4 24 25 18 27 9 13 27 30 23 17 9 10 21 28 7 5 12
29 22 19 30 48 33 27 14 23 53 44 15 31 11 38 35 48 6 24 34
23 12 6 27 32 21 32 16 24 36 34 14 26 4 18 19 38 12 25 17
5 3 1 9 16 1 5 1 7 12 15 5 7 1 6 6 10 1 6 3
1 1 1 1 4 3 7 1 3 7 5 5 5 1 1 3 3 1 1 1
1 2 1 5 19 6 10 3 11 18 21 8 9 2 2 7 11 1 5 3
1 2 1 2 8 4 1 1 1 4 4 1 3 1 2 3 2 1 1 1
8 13 1 11 20 11 18 15 9 17 16 16 24 8 17 9 13 4 8 20
35 25 17 40 55 33 42 4 35 54 57 32 22 20 37 45 49 15 27 23
49 35 32 57 63 43 68 50 55 71 66 37 64 40 63 46 71 26 47 61
22 12 3 23 41 31 32 21 36 50 33 15 32 16 32 37 39 17 19 27
35 22 14 40 60 43 50 33 51 63 59 24 48 31 51 51 60 16 26 48
36 26 21 40 51 48 39 18 40 62 52 22 23 17 45 50 51 21 22 36
18 1 2 19 29 17 28 9 27 38 32 4 26 7 21 24 31 10 12 22
44 32 19 58 76 43 47 34 52 76 74 41 52 36 47 58 71 17 34 31
17 18 6 21 31 20 37 21 35 37 30 17 33 17 43 17 40 9 25 33
30 9 8 42 37 15 32 9 21 37 39 23 25 15 20 28 35 8 21 9
14 10 5 11 37 19 23 4 25 35 32 17 15 6 16 24 23 12 9 13
10 6 1 15 11 8 10 5 9 14 13 10 12 6 8 12 16 1 5 6
28 18 4 36 58 36 37 14 38 61 50 26 28 14 30 49 46 22 22 19
2 3 1 3 12 5 8 1 11 10 9 3 7 1 7 8 6 3 2 3
47 16 15 42 62 31 37 16 36 60 58 24 45 19 18 37 51 21 24 18
5 5 1 7 12 10 12 4 13 15 10 4 13 1 9 11 8 6 1 7
2 1 1 5 8 2 8 1 7 9 11 3 8 1 1 3 7 2 1 1
53 48 27 60 71 44 65 36 46 70 70 47 56 29 49 57 68 33 46 40
8 4 3 9 23 15 16 1 14 21 17 11 11 1 9 18 11 7 3 8
41 31 15 53 59 43 45 27 43 67 57 35 49 32 54 57 72 20 23 41
21 13 1 39 33 12 26 8 21 37 38 23 25 10 17 27 41 10 18 7
14 1 7 17 19 4 18 5 16 20 16 5 20 6 17 8 25 5 13 13
37 30 22 62 55 34 54 38 46 62 53 25 62 26 60 41 68 17 38 40
18 13 7 23 27 30 26 9 24 27 25 13 18 7 24 23 26 19 10 19
15 18 1 22 30 19 30 18 21 23 29 19 37 11 16 14 29 8 8 18
27 8 3 30 32 17 33 7 32 39 36 23 21 14 24 27 34 12 13 16
11 9 1 15 29 13 15 10 10 18 23 9 22 2 12 16 14 3 2 14
21 20 7 18 37 16 26 17 23 36 35 28 22 12 20 17 31 6 19 17
35 32 17 45 54 41 45 30 39 61 54 25 31 19 38 45 60 24 34 34
28 30 13 40 49 30 41 26 46 53 56 31 35 32 36 43 57 13 21 22
6 2 1 19 17 12 23 7 16 19 19 13 16 8 19 11 20 6 2 18
13 2 3 15 15 8 18 1 9 20 12 10 12 2 6 13 17 1 1 5
25 16 12 30 46 26 38 15 21 40 43 16 26 1 9 33 29 13 20 17
15 3 1 24 21 10 17 1 19 33 26 11 4 3 14 23 29 9 12 2
34 34 18 35 61 45 29 23 33 54 52 29 37 19 26 48 39 19 11 28
28 15 8 30 33 27 34 7 29 40 35 30 16 12 24 30 36 10 9 15
6 7 1 9 18 13 10 6 6 14 11 8 13 1 7 9 10 2 1 9
1 1 1 9 9 1 1 1 1 4 7 1 4 1 1 2 5 1 1 1
10 10 8 16 32 20 17 13 15 31 33 10 20 11 19 22 25 8 13 23
35 26 19 40 48 32 37 12 37 49 51 20 30 20 43 40 45 11 25 31
24 12 10 30 46 21 29 5 20 42 46 27 12 15 23 33 28 5 16 14
46 29 16 66 65 45 55 42 46 57 63 45 55 37 54 46 59 28 41 38
15 6 1 21 23 11 12 8 13 20 20 8 19 6 10 17 20 9 7 9
44 24 18 50 60 45 51 33 45 68 57 31 43 23 55 54 55 31 31 46
4 1 1 7 10 2 10 3 9 13 8 1 16 1 11 1 19 1 5 10
2 3 1 9 9 9 17 8 10 12 11 10 12 8 11 6 15 3 6 9
59 44 43 36 70 56 74 43 69 81 72 51 47 40 70 58 70 34 42 65
5 3 3 12 19 11 9 1 10 18 16 9 8 2 13 10 17 1 7 6
32 9 7 28 39 19 34 4 25 41 35 23 28 13 27 27 39 6 10 19
31 22 12 49 38 28 43 28 28 40 43 15 38 13 27 35 51 18 23 30
5 1 1 14 15 3 13 5 4 10 15 1 11 1 2 6 9 1 10 2
38 33 25 60 49 37 46 33 39 61 52 22 46 21 50 47 64 18 38 35
11 4 1 18 17 9 18 6 13 17 15 8 17 6 12 16 17 8 6 8
9 11 6 11 20 21 14 8 8 22 11 9 15 2 13 18 13 2 1 13
51 47 32 62 73 38 52 31 32 70 70 34 49 17 47 55 60 16 48 38
2 5 1 7 22 5 6 3 6 11 16 2 12 1 7 3 5 1 5 8
14 9 1 13 33 14 19 7 13 24 28 16 14 1 5 16 12 6 12 9
48 38 28 50 55 51 58 32 51 68 59 44 37 25 61 57 60 37 32 43
45 28 18 30 65 23 57 31 51 66 65 44 49 37 50 38 61 16 36 42
44 33 22 60 69 43 47 46 46 74 73 23 55 27 41 60 75 32 51 33
1 5 1 6 13 1 5 3 5 5 14 7 5 1 7 1 8 1 8 6
21 8 5 18 34 17 27 2 19 29 32 21 15 3 13 20 24 6 6 11
39 26 14 59 45 42 57 38 53 45 55 39 52 43 58 41 62 25 23 50
40 19 23 29 49 34 43 19 44 55 52 24 26 18 43 37 38 24 23 39
19 9 10 22 17 25 28 18 24 28 17 10 21 13 27 26 24 18 1 26
14 9 1 10 23 11 21 6 18 21 21 14 20 2 9 16 13 9 4 9
68 31 26 63 88 45 78 38 66 86 93 58 69 45 43 60 83 32 45 36
12 10 1 18 19 14 18 5 19 22 16 8 14 1 18 17 19 10 10 10
20 11 1 37 40 29 44 23 34 33 41 32 28 22 35 23 43 14 20 28
27 7 14 21 48 25 33 13 35 46 51 16 26 16 29 31 43 18 27 25
32 20 15 20 51 37 44 26 43 50 41 24 41 20 43 40 36 30 30 41
28 15 11 38 42 21 37 14 32 54 46 28 14 18 31 44 45 12 24 17
15 6 3 20 31 14 19 3 15 25 27 16 14 3 12 17 21 7 7 10
46 34 16 39 56 43 60 32 56 66 57 40 56 34 58 53 68 33 40 44
11 7 1 20 27 6 23 9 16 21 27 20 19 8 14 8 25 6 12 13
14 3 1 19 31 13 11 10 15 26 26 1 27 3 6 19 22 6 5 10
14 5 1 21 28 15 27 11 23 32 25 15 22 11 20 20 27 10 11 18
20 10 4 25 30 18 26 9 25 34 38 19 26 15 22 24 34 6 18 16
6 1 1 14 15 4 5 1 7 13 18 3 4 1 5 11 8 2 2 1
5 6 1 10 18 12 11 7 13 17 18 10 11 6 9 7 16 1 8 9
46 38 21 46 64 34 56 34 47 63 57 48 59 30 50 44 60 26 37 41
5 6 1 6 14 8 12 7 12 17 15 11 12 6 5 6 12 5 7 7
54 27 30 61 66 45 55 34 55 73 66 32 59 40 49 57 69 19 20 43
28 1 6 32 42 12 30 7 28 41 40 9 32 9 26 21 35 7 17 22
6 5 1 5 12 10 8 5 8 14 7 6 12 1 8 9 9 1 3 7
34 29 15 31 43 37 44 16 30 41 41 38 30 12 25 36 38 15 8 23
12 15 1 28 29 7 24 12 26 37 34 22 12 16 31 25 41 2 26 8
8 2 1 9 12 11 10 2 9 17 11 9 5 1 4 12 11 3 4 2
20 9 2 26 28 19 20 13 17 29 25 6 24 3 17 20 23 6 12 16
23 25 10 24 50 28 39 19 34 45 45 23 38 15 44 30 46 15 25 39
24 12 8 21 40 14 29 8 26 37 40 19 27 9 27 16 34 8 21 24
31 34 25 30 59 50 45 46 40 55 53 27 60 35 55 48 47 23 27 59
29 32 13 32 44 32 32 16 32 50 35 30 36 11 29 38 46 18 24 14
10 4 1 13 22 9 14 2 14 19 19 7 12 1 11 14 11 4 7 9
38 20 9 35 51 31 45 31 46 48 52 38 56 31 27 29 52 22 20 27
23 16 5 24 28 24 38 21 26 32 27 27 33 17 33 22 30 11 11 31
21 22 20 22 38 25 29 18 25 40 32 10 29 18 32 27 35 7 18 33
15 8 1 17 33 8 18 4 18 26 33 13 19 1 10 16 20 6 9 9
50 31 22 50 62 37 58 17 52 65 65 43 48 28 42 42 64 17 31 30
7 5 1 22 27 9 19 6 8 18 24 15 14 4 16 11 18 1 11 13
16 5 3 16 19 9 17 5 16 21 22 13 15 7 11 12 20 4 6 8
12 12 6 13 20 21 17 12 21 30 18 9 22 8 21 20 25 7 12 19
1 5 1 5 20 7 7 3 4 12 17 4 10 1 7 6 8 1 1 10
5 8 1 15 19 12 7 8 7 17 20 7 14 3 11 10 19 2 7 13
23 20 13 38 30 27 39 22 37 44 36 29 24 16 42 30 47 19 28 24
41 31 28 34 53 43 51 32 49 56 51 24 48 27 61 38 54 24 27 58
21 25 10 27 34 34 29 22 28 36 27 18 27 14 39 30 27 17 17 33
20 7 12 20 27 18 29 5 21 31 20 12 22 7 24 18 26 7 12 19
25 13 7 29 38 20 34 4 27 46 35 30 16 12 27 30 43 9 18 12
31 28 20 22 59 47 36 32 43 59 51 18 45 21 47 46 42 23 27 46
38 19 21 36 62 16 57 37 55 61 67 37 54 37 49 33 57 15 43 45
59 34 32 47 77 39 59 26 52 73 75 50 49 35 49 50 58 24 44 42
18 19 4 26 39 22 39 16 36 46 41 26 17 14 32 36 39 17 27 21
25 10 10 32 36 16 21 1 14 34 34 21 16 5 11 21 29 5 12 7
1 1 1 13 14 5 4 1 4 11 13 1 6 1 8 2 13 1 7 4
12 5 1 11 22 17 20 6 19 26 18 9 14 4 14 18 16 10 5 13
27 24 9 27 42 23 27 14 22 45 36 28 24 10 31 32 35 7 24 22
18 14 1 12 30 25 19 9 20 31 25 12 18 4 17 27 19 15 1 17
22 18 9 45 41 38 36 26 32 40 42 21 39 20 30 39 43 11 4 32
3 3 1 6 14 2 1 1 1 8 10 2 7 1 5 4 6 1 1 6
22 14 13 25 39 26 27 3 21 38 31 20 18 1 18 26 32 7 11 14
22 26 10 40 50 25 35 34 37 47 51 23 46 29 40 36 51 8 21 35
49 39 35 62 72 48 48 29 47 73 62 31 53 18 55 54 67 16 35 35
9 11 1 9 18 20 12 8 14 22 16 10 15 3 7 17 19 5 1 8
18 4 1 22 20 5 12 3 13 23 23 12 13 7 10 18 24 3 5 3
12 9 10 22 32 21 23 7 14 30 23 13 18 7 23 23 21 6 7 19
29 15 9 34 41 25 22 9 20 40 41 16 24 12 25 33 36 3 8 20
44 24 10 35 58 37 46 21 47 67 56 27 45 20 48 48 58 21 30 36
55 20 24 47 61 49 57 35 61 81 67 35 42 33 57 60 68 39 40 47
36 21 6 34 51 24 43 15 40 56 53 41 21 22 33 41 44 18 26 15
58 42 37 50 73 42 67 39 52 67 71 25 63 32 65 46 68 21 50 62
27 14 8 35 29 27 34 17 33 42 40 27 18 19 28 33 37 12 11 22
2 1 1 8 9 1 1 1 4 9 4 3 5 1 6 4 11 1 5 1
40 23 18 35 54 17 54 24 52 58 62 36 35 34 47 38 52 15 41 34
8 12 3 15 25 11 17 8 12 23 22 13 18 4 21 9 20 5 12 17
28 10 21 30 42 33 43 16 37 53 45 21 20 18 38 34 40 15 20 33
35 23 19 38 60 35 49 35 46 57 53 25 60 27 54 36 50 17 33 52
6 4 1 15 7 4 7 4 4 10 11 5 13 3 6 5 16 1 4 6
49 23 10 56 66 27 49 22 46 68 66 37 45 19 36 50 59 23 37 15
