1000 20 12 1772
3 16 10 9 11 7 4 2 12 16 4 1
11 11 1 1 0 7 17 6 4 1 5 9
15 4 3 7 3 6 7 7 15 2 2 6
11 5 1 0 5 5 3 4 1 0 4 1
2 0 9 20 4 2 11 4 3 15 2 12
1 6 5 0 22 3 2 4 6 4 0 0
4 4 7 7 10 1 6 3 1 6 10 2
3 6 16 14 6 5 2 7 15 9 16 4
4 3 6 2 3 0 0 2 2 5 3 1
7 1 3 10 1 12 5 2 2 1 2 1
0 11 0 9 9 13 6 4 2 8 11 9
3 5 3 0 2 5 3 2 3 4 2 1
1 6 2 2 6 6 5 13 13 6 3 1
2 2 3 8 10 17 11 7 3 14 23 2
15 2 14 7 3 2 4 5 5 10 4 13
5 0 10 2 3 11 4 8 6 0 7 6
1 5 7 6 3 3 12 1 0 5 3 5
1 5 4 15 7 0 10 8 4 10 13 3
3 2 6 3 3 4 7 1 1 2 1 3
4 10 11 1 7 10 11 11 12 16 13 4
15 14 14 14 7 7 12 10 12 6 6 7
1 4 5 4 5 4 6 3 6 3 3 1
0 6 1 7 7 3 3 0 2 1 4 7
1 5 5 1 3 6 4 3 0 5 2 4
3 4 8 1 3 1 11 4 6 5 0 1
5 0 1 2 3 6 2 6 7 5 7 12
4 13 3 6 2 1 2 3 1 3 3 0
0 0 5 5 4 5 2 3 0 4 4 0
4 1 9 2 4 1 0 6 3 1 1 3
1 3 9 5 8 13 4 1 5 18 4 8
1 0 3 2 4 1 6 4 0 3 3 3
5 5 8 3 19 4 0 11 5 5 5 5
28 12 6 10 2 2 9 5 13 0 5 9
9 1 2 6 6 19 19 1 7 18 1 12
3 4 1 6 0 8 2 5 4 12 4 8
12 4 7 12 8 12 6 2 6 8 8 18
1 7 7 13 3 0 2 10 11 5 3 14
2 3 4 1 3 4 1 4 4 6 5 0
9 4 5 2 2 2 0 0 3 0 4 1
5 23 9 17 2 2 2 16 10 8 10 3
4 6 9 4 1 7 11 1 8 6 4 6
3 16 0 1 8 9 15 5 2 8 5 0
7 6 2 7 0 0 3 7 2 6 4 13
6 11 13 3 1 1 6 2 11 8 4 3
17 18 5 1 14 1 0 2 3 15 5 3
2 2 1 4 2 1 3 2 14 3 3 1
0 16 5 13 9 4 3 2 2 16 6 14
14 10 11 4 8 12 3 8 11 20 0 1
7 9 5 13 3 2 8 10 0 3 17 3
22 1 3 1 1 16 9 10 2 18 13 2
12 14 3 4 1 8 15 3 7 1 10 13
16 3 3 15 2 4 6 14 5 8 8 1
2 3 5 8 0 3 3 10 2 0 7 2
12 12 4 8 9 13 11 17 8 5 11 2
16 7 9 12 13 6 15 5 4 6 9 6
4 1 1 5 6 0 4 2 1 2 10 12
0 2 6 1 4 1 0 5 4 2 5 7
11 6 15 19 6 6 8 1 5 9 10 1
12 7 8 16 4 3 0 3 12 0 14 2
19 4 1 1 1 13 20 2 18 7 4 4
5 1 7 5 4 1 7 3 1 5 1 3
1 10 10 5 3 4 0 0 15 16 5 6
1 23 5 12 2 1 13 6 4 9 9 4
2 16 6 8 4 3 25 22 0 2 5 4
1 2 8 23 1 7 3 0 9 0 2 7
6 2 5 2 5 5 7 6 14 6 9 0
8 2 5 8 6 5 2 3 3 9 3 6
3 5 7 0 13 8 10 3 0 2 1 17
8 7 3 12 6 16 0 4 9 3 4 14
1 2 13 7 5 1 1 8 3 4 9 11
11 7 8 11 1 2 4 0 1 3 0 2
16 15 16 14 3 4 2 3 12 2 2 15
8 3 13 0 5 10 21 10 2 10 1 9
13 5 9 14 9 16 7 2 13 8 13 4
4 7 8 10 12 4 5 5 6 4 1 3
14 15 3 5 5 7 0 8 2 12 16 11
1 6 2 2 4 5 1 8 5 1 2 5
10 4 2 1 5 6 1 5 6 2 1 4
2 11 23 8 8 7 1 7 1 11 2 3
0 12 9 4 4 16 12 2 2 8 6 1
4 3 4 1 8 6 9 8 14 7 1 7
1 3 8 0 1 2 2 12 8 7 10 2
6 14 5 16 25 0 3 4 10 2 9 8
0 2 7 4 3 3 10 0 6 5 0 7
1 9 15 8 12 14 8 13 6 3 15 4
6 1 8 4 0 5 1 4 0 2 1 3
2 3 0 3 1 1 3 4 10 4 3 5
13 5 3 3 9 5 3 3 3 7 1 6
2 6 15 9 17 8 1 8 15 4 6 12
4 2 10 4 4 11 1 11 4 0 1 4
4 15 3 4 11 5 10 15 5 11 9 7
2 1 6 0 2 0 1 4 6 2 0 0
1 4 2 0 1 1 0 1 9 1 7 7
2 1 1 8 5 1 6 0 6 3 14 9
6 4 4 10 12 3 4 10 5 0 2 7
6 2 7 17 10 6 4 10 3 4 14 5
2 6 3 3 3 1 7 2 7 1 7 6
6 5 7 7 8 4 2 7 1 1 2 2
3 11 1 3 2 1 0 1 9 3 7 9
7 0 4 3 1 8 3 1 0 1 4 6
3 17 5 14 11 13 6 11 1 9 2 11
2 1 12 6 1 3 4 6 4 4 1 4
9 10 4 10 4 18 7 1 5 11 1 1
2 3 5 1 1 6 7 3 1 1 2 9
18 3 3 6 5 14 12 3 6 3 16 6
6 8 8 14 4 6 1 8 7 4 15 5
3 4 2 6 11 2 5 12 6 4 8 14
1 7 5 2 4 8 12 10 9 3 17 1
3 7 6 3 3 0 0 3 0 2 5 2
10 9 2 9 3 7 8 5 15 4 9 2
13 4 6 4 10 4 20 8 7 0 11 5
5 8 4 7 0 2 7 5 12 10 0 3
4 1 1 1 6 1 3 1 5 3 6 6
2 17 3 4 2 3 4 1 7 0 3 11
25 6 9 15 3 9 12 2 5 4 9 11
2 7 19 1 2 15 2 6 13 11 7 15
2 1 5 0 2 3 6 0 19 2 8 2
1 2 1 6 1 6 4 3 1 2 8 1
8 5 4 4 0 0 7 5 4 2 2 7
11 5 2 5 20 12 14 1 5 12 4 1
7 10 4 4 3 3 6 8 4 4 2 3
4 6 19 3 1 26 3 3 7 7 7 3
5 3 2 1 2 3 3 4 3 0 5 2
11 4 13 10 2 5 6 3 7 7 10 22
2 9 1 7 4 5 1 8 3 5 5 0
11 21 4 6 2 10 4 11 6 8 5 1
5 1 3 1 10 6 8 2 9 21 5 2
11 10 1 6 10 7 4 9 12 2 2 11
4 2 4 2 6 1 10 10 17 4 0 2
0 2 4 1 7 7 4 6 2 2 3 4
2 4 3 5 1 17 7 5 15 5 7 3
5 2 9 15 9 7 2 5 7 10 4 2
0 3 6 5 0 7 4 1 1 2 4 3
2 1 6 4 0 4 4 0 3 3 2 3
11 22 1 6 20 8 7 10 8 2 3 13
1 10 10 7 4 15 3 9 5 7 9 9
2 2 3 4 2 5 0 1 2 0 1 6
7 0 5 4 13 8 3 8 10 4 1 19
5 13 5 14 4 19 18 3 3 12 14 2
2 5 10 3 7 23 1 1 3 21 8 18
1 0 7 6 4 2 2 6 0 3 6 3
14 1 7 14 29 3 3 4 0 11 0 2
2 2 0 3 3 4 0 5 5 2 0 3
1 7 5 3 1 2 2 7 17 3 8 2
6 10 1 15 16 3 8 6 1 11 18 9
15 4 11 1 6 8 10 8 11 10 25 3
3 10 16 11 21 5 18 14 3 2 5 6
1 10 9 5 5 3 3 2 9 4 1 10
1 8 5 2 3 4 7 3 1 4 0 4
4 8 2 7 3 6 9 2 7 4 1 6
3 2 3 5 0 6 3 2 1 1 2 1
1 1 3 1 3 5 5 3 4 9 1 8
1 2 3 6 5 0 0 3 3 1 0 4
8 5 19 13 8 6 4 5 5 3 3 10
7 23 8 5 15 0 6 3 14 1 15 9
4 10 3 4 11 3 8 19 2 5 3 2
1 0 1 3 1 2 6 6 3 4 3 5
2 1 1 3 0 6 1 10 6 6 1 7
5 11 11 6 10 2 2 4 3 5 14 5
9 5 0 7 3 2 3 4 2 3 2 0
12 2 7 3 4 1 17 5 7 3 1 4
5 1 4 1 1 7 11 6 1 12 1 7
1 0 5 3 5 7 5 16 5 6 12 4
4 5 10 17 2 7 14 5 3 19 15 1
2 1 1 7 7 9 0 7 3 1 3 5
4 3 8 3 5 10 4 24 3 18 0 1
1 16 8 5 12 4 1 13 1 5 2 2
4 5 2 2 2 4 3 1 3 1 6 2
1 4 5 12 4 1 8 9 15 2 2 4
1 3 2 12 13 2 2 2 4 8 14 6
7 2 5 6 6 3 7 2 1 3 5 10
7 3 2 4 3 2 9 5 1 5 12 15
7 1 6 8 6 1 2 5 0 2 6 3
2 12 8 4 7 2 6 14 1 5 2 5
10 7 5 13 13 2 8 5 12 13 13 14
17 11 3 2 10 2 2 3 9 3 8 11
4 3 2 0 4 8 3 3 6 5 5 2
3 7 2 8 0 13 2 10 11 0 4 5
6 2 10 16 7 6 2 9 4 14 17 9
3 3 5 5 14 15 6 4 7 2 2 0
4 4 3 2 8 1 1 1 0 1 1 0
7 4 3 12 8 6 5 26 16 16 3 8
4 3 7 4 2 1 7 0 0 5 3 4
6 0 10 0 3 12 13 8 9 12 13 3
5 13 1 3 15 1 9 12 2 14 10 5
2 1 7 0 0 6 1 0 2 7 4 2
14 6 5 6 0 0 20 1 3 7 1 7
1 6 8 7 1 2 0 11 10 10 6 0
3 6 0 3 3 1 12 3 4 4 7 9
2 1 0 2 4 2 4 6 5 5 9 5
2 6 5 4 7 3 2 9 7 7 19 9
1 6 10 8 8 0 2 6 11 3 8 5
7 5 7 3 1 5 2 6 1 9 3 1
5 10 1 25 0 15 5 3 9 5 10 11
7 7 1 5 1 4 7 4 4 4 4 12
2 1 0 0 7 1 8 3 0 0 4 6
8 5 1 7 5 4 1 4 0 3 4 1
3 4 13 8 4 3 8 1 2 14 7 1
4 2 12 2 6 4 2 1 11 6 5 3
2 9 2 14 3 1 15 0 2 3 7 8
4 14 1 2 20 5 1 8 18 15 5 2
4 10 9 10 2 12 16 8 4 2 3 0
0 5 6 3 3 5 18 12 12 2 7 20
6 11 6 7 2 3 15 7 2 0 6 5
4 4 1 3 13 13 6 0 4 8 2 2
7 3 21 9 2 16 2 6 4 8 2 1
1 8 14 7 17 9 12 11 13 4 17 11
9 5 9 2 4 1 5 2 4 18 8 1
10 4 5 3 4 5 0 13 0 4 9 2
3 3 13 9 3 4 7 4 3 4 3 4
9 2 1 6 6 3 4 2 6 9 1 4
9 4 7 9 1 3 8 3 5 6 6 4
10 6 5 5 2 8 7 14 7 1 1 2
3 4 4 5 8 6 9 0 7 3 1 10
7 4 4 9 4 3 5 3 1 7 0 9
2 1 3 6 2 1 4 2 3 2 5 3
3 5 1 5 1 5 5 1 2 1 7 4
3 1 2 1 3 5 4 1 3 1 4 2
7 16 3 0 9 6 15 2 19 8 7 1
9 2 4 1 7 1 3 3 3 1 5 2
2 2 17 14 15 19 5 2 8 6 6 6
22 10 2 6 10 2 4 4 5 10 4 10
7 4 15 4 1 8 12 21 2 13 3 10
3 3 4 5 1 6 7 11 11 1 14 8
8 1 5 1 1 2 1 7 2 2 0 2
6 7 4 9 1 0 3 24 13 22 1 2
11 1 9 0 3 1 0 11 19 16 14 1
2 1 1 4 2 5 5 2 5 7 1 4
12 7 16 8 11 4 1 9 2 5 5 0
12 1 5 2 4 5 10 2 2 3 5 7
1 3 1 2 1 0 8 3 2 4 1 4
6 3 2 4 6 2 8 0 8 10 2 3
3 0 9 8 0 15 7 7 15 9 12 10
5 3 1 2 4 1 6 1 2 1 3 4
3 6 12 24 6 11 5 6 13 1 9 5
9 1 6 1 1 13 12 8 8 14 6 5
4 1 2 2 2 1 5 3 6 11 7 6
4 2 2 3 12 2 5 3 7 1 0 1
7 7 6 5 5 3 10 5 2 14 12 7
5 2 1 3 3 3 1 5 0 1 3 3
1 0 1 2 1 0 7 3 4 2 4 2
2 1 6 1 4 1 14 1 4 8 4 6
16 12 5 16 4 20 9 2 1 1 10 0
1 3 6 5 1 1 2 9 4 5 1 1
2 11 6 6 2 6 1 2 2 7 2 3
3 6 0 1 4 8 0 2 7 7 1 0
8 5 5 1 2 0 4 3 2 2 3 3
0 6 6 8 11 6 3 18 10 8 15 4
10 8 8 8 19 1 9 11 13 3 13 15
1 1 10 1 6 3 1 4 1 5 3 3
3 10 6 6 2 4 3 14 17 21 9 2
5 10 9 9 2 16 13 6 1 9 3 5
8 2 4 8 4 1 2 1 1 1 4 1
4 6 4 1 4 7 5 0 1 8 0 4
13 2 9 13 3 5 4 2 23 8 10 12
4 0 3 4 4 1 4 5 4 2 3 0
0 2 6 6 13 9 4 4 7 3 19 14
7 1 4 3 6 3 6 1 3 5 3 1
4 7 6 10 3 3 2 1 4 0 5 6
4 0 4 4 11 10 3 2 1 3 11 0
1 12 4 3 6 1 10 6 19 4 11 2
4 4 0 2 2 5 11 2 10 0 7 10
2 9 4 4 15 1 1 3 0 2 1 6
5 1 0 3 3 12 0 0 0 1 2 1
6 5 8 7 20 2 3 7 7 7 3 6
10 17 0 9 5 8 25 7 6 1 0 8
10 2 4 2 4 0 6 4 2 4 4 6
3 1 2 7 1 2 8 8 0 7 1 9
1 6 4 8 4 10 11 9 0 12 3 5
8 4 4 5 4 2 6 0 4 13 8 5
8 12 1 17 6 19 15 8 3 8 7 9
8 3 2 8 6 7 11 2 4 11 12 5
2 10 2 5 7 2 7 3 3 5 7 2
4 3 1 1 2 6 1 2 2 7 8 5
1 12 7 8 1 3 6 3 2 20 12 1
8 7 5 23 13 2 6 14 12 12 8 9
0 8 11 8 9 8 17 4 21 1 12 4
8 9 6 0 6 5 12 15 3 18 11 7
4 1 4 10 1 8 2 5 4 3 5 10
2 1 7 5 6 7 2 2 0 2 7 2
3 1 5 4 3 0 2 5 7 6 4 1
18 7 4 10 11 14 3 6 7 8 10 18
3 12 1 9 10 4 3 1 12 1 3 1
1 3 3 9 0 2 9 0 17 12 0 11
1 0 0 2 1 3 1 7 0 3 8 0
11 20 1 9 12 1 4 12 12 1 16 1
5 9 16 10 1 9 4 11 10 11 1 17
1 2 5 13 11 9 1 7 6 4 9 8
5 15 8 8 17 9 13 8 5 2 5 10
2 7 2 10 3 8 16 7 5 2 6 3
4 2 12 3 3 2 3 1 4 15 8 13
9 20 15 11 6 10 3 2 5 11 1 5
2 14 0 2 3 4 3 6 2 8 0 6
7 3 3 30 11 9 10 9 10 2 0 3
1 8 0 2 0 3 5 0 1 1 2 5
8 2 6 1 1 4 2 2 5 5 2 0
1 9 4 1 12 10 4 3 9 12 8 1
11 4 13 3 2 1 3 4 11 8 0 6
3 1 1 4 5 1 1 6 3 2 1 2
5 11 4 2 22 3 1 19 2 9 17 9
7 0 2 0 3 4 1 4 1 4 4 1
18 3 4 9 6 9 12 2 4 2 10 10
7 6 7 0 5 5 6 9 10 14 9 7
9 23 12 6 12 6 7 3 20 1 6 5
13 3 6 11 5 8 2 6 3 3 3 10
2 2 7 15 4 6 3 13 3 1 1 2
13 7 3 1 9 9 1 5 1 5 2 2
1 5 8 1 1 2 1 2 1 7 3 1
5 1 5 7 8 5 4 9 7 4 6 1
6 11 14 7 14 5 2 11 3 1 8 19
2 6 16 8 7 12 7 11 14 0 6 1
10 1 3 1 1 1 0 3 4 5 4 8
1 3 2 1 7 3 1 2 6 1 2 8
4 4 10 9 0 5 17 7 6 4 7 2
4 2 12 3 0 2 2 12 6 3 7 2
1 0 5 6 5 7 8 1 7 3 8 0
9 9 8 12 6 2 8 1 12 2 7 1
4 6 6 4 13 4 10 0 4 4 3 19
1 5 5 2 1 5 5 3 2 0 4 0
6 3 2 11 10 10 5 1 10 10 3 3
3 1 5 0 3 6 2 0 2 2 1 5
9 5 6 9 20 5 17 13 6 18 0 4
10 8 8 2 10 0 16 5 0 12 12 8
2 0 2 5 6 4 22 7 12 11 8 9
4 8 3 3 2 3 8 10 5 8 7 2
4 4 14 7 1 2 1 0 2 1 5 3
7 2 2 5 4 1 4 2 5 5 1 8
3 7 0 2 0 1 3 4 0 0 3 1
2 5 15 2 2 10 3 6 5 6 5 0
6 4 3 1 8 2 3 4 4 8 0 13
4 4 9 6 2 13 5 12 4 6 1 5
5 2 11 4 8 13 13 13 7 8 1 2
4 7 3 7 9 16 14 5 6 4 20 16
4 3 3 7 6 10 1 8 6 20 4 3
14 6 6 21 4 3 8 13 12 13 11 13
4 1 13 4 3 2 3 15 3 9 22 14
4 4 13 6 4 9 6 1 12 4 1 3
9 11 4 8 3 7 5 4 0 16 10 7
6 5 2 6 6 0 5 15 1 3 24 11
16 8 6 1 5 7 1 1 3 0 6 9
8 1 4 28 12 15 2 0 4 5 6 6
6 18 3 14 14 13 12 5 4 18 6 0
1 6 0 3 4 1 0 3 7 2 0 1
2 8 8 2 3 4 12 1 12 4 2 3
7 1 4 8 6 1 1 2 4 7 0 1
0 0 9 5 0 0 0 4 3 2 16 1
1 1 5 6 6 6 0 5 6 8 8 1
5 2 5 11 28 3 0 2 2 6 19 1
5 2 2 13 8 11 0 0 12 8 17 3
10 1 7 14 15 4 4 3 2 0 6 21
4 5 5 3 8 0 3 2 2 13 3 3
7 9 4 1 12 12 19 23 6 14 6 3
10 2 18 15 0 7 3 9 11 2 10 9
5 8 14 3 3 8 2 2 13 10 3 0
1 2 3 1 5 3 1 2 9 1 4 5
2 9 15 2 4 4 3 7 4 3 6 21
3 17 2 5 11 5 15 2 10 10 5 0
6 11 4 8 5 12 1 2 2 1 6 6
3 4 15 2 6 21 19 5 1 1 1 10
5 1 2 1 0 1 6 2 2 6 1 1
12 4 9 8 7 13 14 2 7 0 6 1
7 5 0 8 5 6 4 4 1 1 3 11
7 7 15 2 16 3 2 9 0 7 1 13
3 7 1 2 9 1 6 4 13 8 18 4
11 7 6 1 10 12 3 4 9 14 2 10
6 11 6 3 9 12 1 14 1 17 13 0
11 1 3 2 2 4 2 3 6 4 6 6
3 3 1 2 6 7 6 1 3 4 7 1
15 1 12 11 9 0 1 5 5 9 18 7
16 3 9 0 5 12 13 2 10 5 2 0
8 4 10 15 9 0 0 16 3 14 10 6
1 8 1 3 3 4 6 4 4 15 1 20
4 4 1 5 8 3 6 1 8 12 9 9
6 6 2 0 6 1 4 11 5 9 5 3
7 3 5 3 1 2 5 3 10 3 2 9
7 0 26 3 10 1 12 4 2 13 9 4
5 1 1 5 3 2 5 0 6 4 0 1
1 5 4 4 1 1 0 4 1 3 5 11
14 7 12 6 14 2 5 11 19 3 2 2
14 3 11 11 0 2 6 6 3 4 0 6
15 22 8 7 9 3 12 13 2 10 5 1
4 11 2 8 2 4 4 4 9 13 20 6
2 5 11 16 4 8 20 13 13 11 3 5
9 10 8 14 10 3 10 1 14 3 0 9
5 19 3 6 4 11 7 9 9 1 2 4
10 3 15 10 8 19 12 1 10 10 14 4
30 9 0 13 9 8 6 4 2 0 2 7
10 2 6 32 4 0 4 3 5 13 9 6
5 2 1 5 3 3 7 11 3 4 4 1
4 2 1 1 1 4 9 1 1 6 8 6
24 0 10 2 13 0 0 4 8 12 15 3
16 10 10 15 16 11 6 2 5 1 0 10
3 7 3 8 10 9 7 20 0 1 5 4
7 6 1 1 10 4 12 1 16 10 9 3
3 14 8 10 14 12 5 18 3 6 1 3
2 7 11 10 5 1 10 5 4 1 5 4
5 1 4 4 3 2 11 4 9 7 2 2
4 11 6 4 4 4 11 1 0 1 12 7
21 10 14 7 4 13 3 2 8 12 16 0
3 8 0 4 1 2 4 2 4 4 1 4
3 1 12 6 14 0 16 3 1 5 4 2
2 7 7 2 5 3 4 10 2 17 1 7
3 1 1 2 8 3 5 10 5 5 2 11
3 1 21 12 13 2 9 14 6 6 7 16
2 4 8 6 4 6 8 12 2 5 8 9
6 3 0 4 1 6 6 8 1 3 1 8
2 16 0 1 3 6 8 5 6 1 3 11
6 5 0 2 4 5 3 5 3 3 2 2
8 5 5 5 6 8 11 4 1 11 11 4
4 2 1 0 0 1 0 5 3 6 4 6
12 16 5 6 9 1 7 7 6 0 4 5
2 1 4 1 5 6 4 10 1 8 0 0
8 5 1 5 6 0 1 8 5 12 9 6
4 7 3 3 14 2 2 1 17 12 15 14
2 14 11 4 4 15 5 0 8 0 7 11
9 5 2 4 7 4 23 3 8 2 18 5
6 8 19 12 23 3 1 7 3 7 1 9
1 9 3 1 1 3 7 9 4 3 3 5
2 5 4 0 1 4 3 8 4 1 2 11
1 1 0 3 7 5 8 2 6 1 4 0
4 6 5 3 2 3 13 2 1 1 3 14
6 6 3 3 1 3 6 8 5 3 2 6
5 11 2 4 5 16 5 8 4 0 6 14
10 9 4 1 30 0 2 3 13 1 10 2
12 6 2 13 0 14 16 6 2 1 2 1
10 5 5 1 6 7 7 14 9 1 2 2
3 4 2 9 11 10 8 19 13 14 16 5
10 6 6 12 0 1 11 5 9 2 4 9
1 1 5 2 12 8 3 10 9 7 3 6
2 5 7 14 6 1 2 8 12 1 23 9
1 1 11 8 8 8 1 7 7 2 9 7
1 10 0 4 12 3 5 10 1 11 8 1
9 3 13 4 18 4 1 2 5 3 11 13
5 1 4 4 3 0 0 3 5 0 7 1
3 4 9 10 2 7 12 9 7 9 2 7
6 3 1 0 0 12 5 3 4 0 9 2
10 18 1 17 8 5 15 9 12 6 9 8
1 5 2 2 4 1 7 1 24 2 11 11
15 3 8 10 13 19 1 6 14 3 7 5
8 2 1 14 12 3 8 8 16 0 5 0
0 16 14 8 2 3 10 13 5 3 6 2
8 1 15 0 10 5 2 11 7 10 2 1
5 6 5 3 4 5 6 15 4 3 3 6
10 3 4 7 5 8 3 1 1 0 2 6
3 19 16 5 12 8 6 4 3 2 1 7
2 6 1 8 2 3 10 0 4 9 8 1
6 15 9 9 9 4 1 10 13 17 8 5
2 1 6 3 3 9 0 13 2 5 20 4
3 3 1 3 3 0 6 2 5 1 5 3
4 1 6 3 3 1 0 3 6 0 0 8
6 2 3 5 3 1 2 4 1 1 1 5
6 9 10 24 6 7 2 7 15 0 7 8
18 14 5 1 16 10 9 2 2 5 14 0
5 6 1 3 3 7 12 3 7 7 5 1
14 3 4 2 5 6 1 6 1 3 4 5
10 25 9 3 1 4 11 7 8 5 0 5
6 7 6 1 3 1 4 3 3 5 5 6
12 6 4 3 11 1 0 5 3 11 15 1
3 7 5 6 8 6 3 3 7 4 7 11
5 21 6 6 16 16 4 0 3 5 8 4
5 6 9 3 7 5 5 6 0 4 7 2
7 4 1 2 9 1 3 2 6 2 1 4
4 11 4 11 5 3 8 12 5 9 5 4
3 14 6 6 2 10 3 1 15 16 1 9
4 8 5 5 8 21 5 1 1 10 22 2
11 14 1 13 5 1 1 4 8 4 8 3
10 3 3 2 23 5 5 24 4 7 3 5
8 3 1 17 18 13 12 10 4 3 13 9
1 0 7 9 2 5 1 1 5 4 9 4
5 5 1 16 1 0 13 1 9 5 1 10
12 1 5 0 11 3 2 1 4 7 4 1
1 1 0 2 5 4 4 9 3 2 2 0
0 4 6 2 4 1 4 1 4 5 4 1
1 9 11 4 2 3 14 15 2 29 5 2
4 1 3 2 3 6 4 13 1 1 6 1
20 10 2 8 14 2 1 4 11 2 6 8
3 14 12 5 3 8 3 10 5 1 2 6
1 3 8 5 2 22 0 20 22 2 5 3
4 3 4 7 9 6 2 16 1 7 0 5
2 15 1 7 4 1 13 24 3 2 11 0
5 4 14 6 13 2 5 8 9 15 0 7
5 7 0 4 1 1 2 1 1 7 8 4
12 11 8 6 2 5 7 10 5 2 4 11
12 4 4 2 11 9 7 13 4 13 1 7
7 11 6 10 5 10 4 11 0 4 9 11
11 7 2 4 1 3 7 4 4 4 2 2
4 4 3 1 0 6 3 2 6 6 2 6
8 9 2 12 16 10 4 2 15 9 21 13
0 10 7 3 2 5 3 1 0 1 18 5
3 1 1 0 6 1 4 18 6 1 2 7
7 4 3 1 1 0 2 7 4 5 9 2
12 8 2 7 12 0 11 3 1 2 1 2
3 18 14 8 13 4 8 8 13 3 5 4
6 4 4 3 5 2 4 3 2 4 4 6
4 10 5 2 6 1 4 6 3 8 2 4
3 1 5 7 13 18 1 7 14 5 3 1
17 8 9 1 17 12 2 5 3 6 6 1
11 6 5 5 3 5 8 19 9 2 21 11
11 11 6 11 4 2 3 7 6 12 9 2
4 6 4 7 10 5 5 9 6 7 19 6
5 2 0 18 11 7 14 2 3 0 14 16
1 8 9 5 2 4 2 6 9 15 1 6
5 1 2 13 3 4 1 3 2 6 7 7
11 15 8 11 9 4 10 2 5 1 6 1
10 16 3 4 10 5 1 10 10 4 0 5
7 1 10 1 2 7 3 7 2 2 1 3
0 12 3 0 1 1 6 8 1 1 7 3
11 2 4 2 8 14 11 8 9 4 4 6
6 17 8 9 2 4 1 5 11 4 6 5
0 2 2 6 9 17 11 2 0 1 7 0
6 8 9 6 4 0 3 11 2 4 6 9
5 5 12 8 6 8 6 4 16 14 5 1
4 18 7 10 14 4 2 2 4 6 1 2
1 21 2 0 7 3 4 6 8 0 3 1
10 6 1 2 3 0 2 2 1 3 1 2
3 3 0 5 6 2 2 8 3 2 0 12
3 10 6 1 9 4 2 5 7 7 1 2
4 3 0 7 5 0 0 4 3 6 2 2
1 6 1 1 4 3 3 3 0 3 1 11
1 5 7 11 3 7 0 10 5 20 14 1
5 0 1 2 4 2 5 4 3 8 6 1
17 2 3 2 6 2 1 14 4 6 2 4
6 1 2 11 10 2 1 3 6 6 9 2
1 10 3 6 0 10 10 19 9 5 9 3
8 17 3 10 16 8 2 8 15 2 5 10
9 15 6 4 21 6 5 0 0 2 0 8
4 1 1 2 10 6 10 9 9 3 1 4
4 3 0 4 6 10 4 11 2 2 5 1
9 8 9 11 7 9 8 7 5 1 7 1
5 1 9 17 2 11 1 1 0 3 8 10
6 8 10 4 9 13 8 6 3 4 8 3
2 2 4 3 3 1 3 1 5 1 6 6
0 4 3 4 3 0 13 1 3 1 7 2
0 3 2 6 4 10 4 6 7 2 9 19
3 9 1 15 8 13 8 2 13 18 3 5
17 11 11 5 5 6 9 3 4 0 4 7
3 10 10 4 3 0 10 9 4 1 2 1
0 4 1 12 10 6 5 8 9 15 10 1
2 2 2 14 5 2 3 0 4 9 5 9
21 1 13 4 5 13 6 6 12 1 5 4
1 5 16 10 16 11 5 4 4 8 7 15
2 19 11 3 8 10 13 2 6 4 5 6
0 1 2 0 4 7 4 3 4 2 9 5
12 8 0 9 7 5 20 5 2 8 13 19
1 12 12 27 4 5 10 5 12 7 3 3
4 6 2 6 7 0 1 5 2 11 4 0
6 3 3 1 2 2 4 2 0 1 2 7
2 3 7 5 3 2 2 5 2 6 1 2
2 6 9 5 3 6 7 6 10 1 1 9
6 5 3 1 3 23 12 17 1 4 1 19
4 6 19 8 2 4 19 5 18 4 18 4
7 7 2 12 3 2 0 11 3 3 2 13
3 3 2 11 0 1 10 8 4 12 7 3
25 13 4 7 13 6 1 16 11 3 7 6
8 4 9 4 1 1 2 1 7 8 6 7
8 6 1 14 9 0 13 5 15 5 5 10
3 2 14 9 6 6 8 2 2 1 13 2
7 13 3 7 2 3 4 7 4 1 9 0
4 2 0 1 7 0 3 2 3 0 6 1
14 15 14 4 3 10 11 3 2 3 12 15
0 1 6 10 2 10 6 3 3 4 6 4
1 1 1 6 3 1 10 1 1 6 7 3
0 9 5 1 5 4 9 11 6 0 11 20
10 3 8 4 5 26 5 8 12 17 7 4
1 6 7 15 3 2 11 7 1 7 2 4
4 6 9 3 2 3 0 4 7 4 2 4
8 8 10 2 18 18 16 1 3 10 9 9
26 7 7 3 3 1 5 20 9 16 1 6
2 7 1 5 2 3 3 2 2 1 3 0
10 2 4 7 0 2 1 14 15 3 9 8
2 6 2 1 4 2 7 0 4 2 2 2
5 9 2 1 1 3 4 0 0 2 5 2
16 18 21 3 5 9 12 11 9 9 2 5
6 4 12 8 3 1 10 15 4 3 3 7
3 0 0 10 3 11 0 4 4 9 6 14
2 4 8 15 10 5 6 8 12 4 15 5
0 7 4 3 7 2 6 10 6 2 1 0
1 1 6 4 2 6 3 2 1 2 0 5
8 4 6 0 8 2 5 2 1 12 8 5
1 11 16 3 3 4 1 10 4 8 9 7
2 18 6 11 2 8 10 3 8 1 2 11
10 23 15 16 6 1 4 13 1 1 8 11
10 7 3 3 6 10 16 4 20 0 20 3
5 0 0 16 1 6 7 3 2 6 1 8
10 4 10 6 15 16 3 4 1 11 9 4
9 1 4 4 9 19 8 19 16 14 1 0
0 1 5 3 6 5 0 5 1 4 2 0
0 9 2 6 4 6 2 3 3 3 7 0
20 9 3 3 6 5 2 13 3 4 7 1
12 3 10 13 20 4 12 1 3 3 8 16
7 3 22 7 13 3 2 9 1 8 15 14
2 6 0 1 1 7 3 2 2 0 5 0
6 3 3 1 2 5 4 1 2 2 0 2
3 4 1 4 7 2 1 3 0 2 3 5
7 1 2 2 3 2 1 2 1 2 4 12
5 7 1 4 2 1 8 2 9 2 3 10
9 2 5 3 3 7 6 8 4 5 16 3
12 10 3 0 1 6 6 5 2 7 3 15
0 5 0 1 3 1 7 2 2 4 13 9
1 1 4 3 4 2 0 4 5 5 1 1
16 8 3 5 13 9 14 13 1 2 9 1
2 5 5 11 0 4 6 1 9 10 1 0
9 9 0 7 1 13 4 1 0 9 9 4
7 13 0 4 7 17 3 10 2 3 15 3
3 2 1 1 3 1 8 6 6 2 4 2
8 6 5 12 3 9 6 20 4 14 15 13
1 6 2 2 1 0 11 2 3 6 7 4
2 0 2 7 2 1 8 2 1 6 15 10
1 6 2 4 6 4 2 3 5 3 1 3
3 6 3 0 1 0 1 6 3 2 2 5
2 5 0 6 4 4 2 2 7 10 2 1
7 8 3 7 12 1 14 12 11 6 10 13
3 0 6 0 1 0 1 1 2 9 4 3
12 6 9 3 14 11 10 7 7 5 3 4
2 16 2 8 1 3 10 3 25 5 14 6
17 8 7 12 3 9 8 0 5 6 1 11
14 9 2 7 2 3 4 7 2 1 3 0
13 7 9 8 3 6 5 5 10 7 7 8
3 3 18 5 3 9 5 3 2 0 5 1
1 6 5 1 3 4 5 0 4 6 5 2
6 2 12 14 20 4 12 5 4 12 16 9
3 1 1 7 4 7 2 8 9 6 10 3
1 0 1 3 4 9 9 0 5 3 7 1
6 7 4 3 5 2 1 3 6 3 8 1
4 3 10 10 7 3 3 2 1 8 0 10
9 2 8 5 4 2 4 3 15 6 1 5
5 9 8 6 7 3 2 5 5 0 2 1
10 6 5 3 6 16 19 6 4 3 0 4
1 2 4 2 6 7 5 3 6 2 5 16
0 1 1 4 1 0 3 2 3 10 5 3
2 0 0 10 6 6 7 11 8 9 0 9
11 1 0 8 3 1 7 16 4 17 0 8
10 16 11 2 1 15 18 2 16 0 9 1
6 9 3 15 0 3 10 3 3 0 3 4
0 5 1 3 7 1 3 0 5 4 4 2
2 12 11 3 5 13 7 12 1 3 2 4
3 2 3 7 0 5 13 7 2 0 2 2
1 8 2 6 4 6 4 5 0 4 1 4
8 6 5 10 6 18 10 14 16 3 1 5
2 3 1 10 2 1 4 4 6 4 4 1
3 2 7 0 1 2 4 2 9 1 3 9
0 3 6 6 2 1 5 4 3 1 2 1
5 10 4 3 8 8 3 1 1 6 3 3
10 0 0 1 6 7 0 0 7 2 2 3
1 10 5 0 11 9 11 11 6 4 8 7
8 2 2 19 11 11 8 2 3 6 5 7
7 7 2 8 12 16 2 1 4 3 3 0
4 0 2 7 4 1 2 2 8 3 5 1
4 1 3 1 3 1 5 4 11 9 4 7
3 3 7 2 3 15 12 0 12 9 5 3
0 2 1 13 12 0 1 0 8 15 13 1
17 0 1 3 9 4 5 5 3 8 1 3
19 12 10 5 1 5 19 1 1 7 3 3
6 3 1 1 3 3 0 5 6 0 1 3
12 12 9 5 0 6 5 2 9 15 2 17
3 2 4 2 6 1 3 5 1 1 1 0
0 2 6 1 2 2 2 6 4 2 4 1
4 8 11 3 2 16 10 19 16 8 4 3
3 2 2 1 7 2 2 0 1 8 8 0
13 4 8 2 1 14 1 12 2 5 16 3
1 5 3 4 7 3 8 4 4 7 4 6
2 13 5 19 5 10 2 4 1 12 5 4
2 8 11 0 3 20 2 8 8 13 18 6
1 2 1 3 3 6 3 4 1 2 0 7
1 5 3 3 1 5 2 3 2 4 1 0
4 0 5 2 5 0 1 3 1 1 9 2
16 6 11 9 5 1 18 11 1 9 0 3
6 14 14 5 3 19 3 1 2 4 6 6
4 0 1 0 3 5 0 3 8 6 3 6
8 12 14 24 7 2 2 0 18 8 2 8
2 6 7 7 0 11 5 11 5 15 9 2
23 7 2 9 17 20 5 1 0 0 8 1
5 6 4 5 2 3 1 4 6 10 1 4
12 14 18 4 3 11 1 7 19 4 11 14
2 4 1 9 4 10 9 1 2 1 8 16
3 1 1 5 3 6 1 4 2 2 2 1
3 4 1 1 3 5 2 6 4 1 0 0
3 8 3 6 8 1 11 0 4 1 0 9
3 9 13 3 3 6 9 13 2 8 4 6
10 1 19 7 4 0 13 15 11 7 16 4
2 20 10 2 4 0 2 3 14 17 4 1
2 13 9 3 3 1 5 12 8 4 1 7
15 14 0 16 9 6 10 5 15 16 8 5
7 14 7 7 1 0 6 10 15 13 1 4
3 3 1 5 1 3 5 1 1 7 10 19
9 4 2 5 5 5 8 3 6 5 14 6
1 1 3 1 6 3 0 6 3 5 2 5
14 16 12 5 10 7 1 4 4 17 6 7
13 2 15 9 6 3 7 1 9 2 5 11
3 22 14 12 3 11 4 5 11 14 10 4
8 11 2 2 2 2 4 5 0 1 15 12
14 4 5 8 16 13 10 9 8 1 3 8
6 2 30 9 0 4 8 7 6 12 2 2
22 11 16 15 0 2 3 5 2 7 12 12
4 1 15 8 3 6 6 5 1 5 6 9
7 5 8 3 14 1 9 9 15 6 8 4
6 18 12 8 16 9 22 5 0 12 7 2
0 1 4 5 3 5 0 3 2 2 8 1
9 7 5 3 10 5 14 13 6 2 10 9
5 1 9 10 5 11 2 1 0 6 1 1
19 8 3 11 10 3 5 3 1 8 10 9
3 5 2 0 4 1 10 5 1 10 3 7
14 1 13 1 7 3 7 18 4 19 1 3
7 12 10 1 5 11 3 6 5 3 1 6
3 2 4 2 5 3 0 5 0 0 0 4
10 8 10 17 11 1 15 5 3 1 1 13
4 3 4 5 3 2 5 7 11 1 5 0
3 2 15 4 5 3 7 1 18 9 0 9
13 16 5 12 1 2 2 3 12 20 5 1
4 1 5 0 0 3 5 5 1 0 6 2
24 13 4 9 1 6 6 10 13 3 9 15
4 7 4 2 8 3 8 6 1 1 9 4
4 2 5 1 2 0 5 3 3 6 7 2
9 14 2 4 10 5 5 10 6 7 6 4
1 0 9 3 12 9 8 0 18 4 6 4
4 0 3 6 2 2 3 3 2 1 5 2
4 4 3 0 4 4 2 1 7 4 5 3
2 2 5 4 1 19 6 4 17 5 4 11
7 3 11 12 10 17 19 8 4 14 9 11
1 15 11 7 5 1 0 8 4 2 9 5
7 2 9 12 22 1 11 7 6 6 3 24
3 7 4 4 4 1 5 3 2 2 7 2
3 6 2 3 0 1 2 6 6 3 3 3
6 8 0 12 4 23 4 5 3 4 3 12
13 0 2 8 3 8 5 17 11 13 0 2
10 10 11 11 11 12 14 8 2 18 0 5
6 4 6 2 2 3 0 2 2 0 4 4
14 7 9 0 14 2 11 22 3 2 10 1
5 0 3 2 2 1 3 5 3 3 8 9
4 0 0 4 7 2 5 7 7 7 4 6
5 1 4 1 11 2 1 2 6 5 3 1
4 1 1 7 2 5 5 5 6 6 9 1
4 1 5 3 4 5 0 4 3 1 5 4
5 3 11 9 1 9 2 0 4 12 5 10
1 18 3 7 0 6 8 9 1 0 0 7
4 1 1 2 1 0 7 1 3 1 0 9
7 5 14 11 9 6 7 0 4 16 2 22
6 2 2 1 4 6 3 1 3 1 5 4
11 10 7 4 15 3 11 1 5 1 18 6
3 3 6 2 1 6 1 9 2 5 1 6
5 9 11 2 1 6 16 0 1 16 12 6
14 5 0 10 2 8 2 14 11 7 27 0
2 9 5 10 5 2 4 3 1 1 6 5
23 16 11 5 11 11 6 1 4 1 1 3
3 14 1 4 6 1 3 11 5 14 5 11
0 2 9 10 11 14 9 20 14 2 11 2
13 14 6 2 8 2 1 17 18 10 6 1
2 5 4 6 3 11 3 1 3 3 1 2
5 0 4 1 9 2 4 6 10 6 1 9
10 11 4 6 8 7 11 6 4 8 17 8
4 4 7 9 1 15 3 2 10 1 6 0
3 6 2 4 1 2 17 10 2 11 0 23
2 9 7 3 20 6 0 5 4 9 0 19
1 0 3 2 3 0 8 3 10 8 0 3
14 24 0 11 12 7 15 8 4 8 12 0
1 0 2 0 1 7 4 4 2 0 4 5
11 0 7 6 5 1 2 11 6 5 5 5
3 10 20 6 3 4 14 0 5 9 4 5
25 12 4 6 8 1 1 4 9 3 2 0
13 14 5 12 4 5 1 27 3 10 2 4
6 6 6 9 3 0 6 2 1 0 9 7
4 8 9 9 12 8 9 4 4 1 1 15
4 13 17 4 4 7 0 8 1 4 14 2
5 16 0 17 3 7 5 6 3 13 15 5
3 7 14 2 15 2 7 11 20 4 6 22
6 2 9 8 20 5 2 6 6 4 4 4
4 8 1 1 5 4 1 5 0 1 8 5
3 2 5 8 3 5 11 6 5 4 4 0
14 6 7 0 0 3 5 8 4 4 9 1
2 5 2 4 0 1 1 3 1 5 4 1
1 1 6 1 5 2 0 3 4 1 7 4
2 16 6 15 0 8 9 6 7 14 3 5
5 5 7 1 7 4 1 7 2 4 4 4
7 0 1 5 10 11 0 11 7 8 3 5
2 3 10 9 3 8 12 6 3 11 7 12
6 8 1 6 1 0 1 2 5 1 6 4
5 8 10 10 11 10 16 6 18 12 3 9
8 7 7 2 3 1 9 11 11 14 4 11
2 0 1 2 9 4 7 3 1 4 0 1
6 12 3 9 1 1 0 1 3 4 3 4
15 1 10 0 22 2 8 18 10 11 10 3
7 11 2 4 6 2 12 3 6 5 3 3
0 2 3 3 2 19 2 5 4 10 4 9
2 5 2 3 8 3 4 3 1 1 3 0
5 10 3 5 2 7 5 7 8 11 5 13
3 1 4 6 2 5 3 1 5 2 3 1
4 6 2 2 7 4 10 11 5 3 2 15
8 0 5 8 2 4 6 10 9 23 0 4
0 10 11 17 16 7 2 2 1 10 20 1
6 1 4 26 10 0 3 13 13 1 3 18
3 3 8 2 9 17 10 2 2 5 11 4
6 7 2 4 3 4 4 2 1 1 2 1
15 3 3 3 10 13 6 1 6 1 6 15
4 4 2 10 2 12 12 8 15 10 4 0
4 12 12 12 15 1 18 19 8 6 5 8
9 16 7 2 13 4 20 8 5 5 5 7
3 4 26 5 7 1 11 10 1 9 6 2
4 2 13 6 9 0 1 6 4 5 4 9
8 1 7 3 3 14 5 6 8 13 8 6
5 4 1 4 5 4 3 5 0 2 4 6
1 15 3 4 1 3 1 12 1 1 4 7
12 3 13 3 3 6 11 2 19 26 2 7
2 5 4 10 9 7 12 8 16 6 2 5
9 2 7 7 1 8 10 6 4 20 18 6
19 7 1 3 14 15 10 7 2 4 10 9
7 3 10 3 13 11 11 3 9 6 6 4
11 6 19 14 10 3 5 15 3 10 17 7
9 11 6 2 10 14 7 9 8 1 10 2
1 16 2 6 2 8 7 4 13 2 6 9
5 3 9 2 8 4 1 2 5 1 12 2
1 5 7 12 2 4 16 3 4 4 1 11
3 4 0 2 2 20 15 9 2 3 7 5
3 12 5 7 10 13 13 1 6 19 1 7
4 0 1 3 5 2 1 6 1 1 3 7
3 3 2 3 1 6 8 10 4 1 5 6
8 8 8 1 14 6 0 7 0 2 11 12
1 1 8 1 7 3 6 9 2 1 3 4
1 10 1 4 1 2 1 8 7 5 0 1
5 1 1 4 4 1 3 1 2 16 6 3
1 5 5 9 5 10 2 7 6 6 16 8
5 4 5 1 1 12 6 4 10 9 1 2
0 1 0 3 2 5 12 12 1 0 1 5
3 5 0 8 9 6 9 2 2 3 1 9
3 11 4 9 2 2 6 2 5 11 4 2
8 0 1 5 1 2 9 1 4 2 7 5
4 0 4 0 6 1 2 2 4 1 11 1
21 11 4 10 9 10 7 11 11 5 3 3
8 2 13 0 5 4 4 4 2 12 12 9
10 0 2 7 3 1 0 3 3 8 4 10
13 2 3 5 0 0 2 13 6 1 16 5
0 20 8 3 20 18 10 7 5 3 1 6
5 7 0 3 11 5 3 17 4 13 14 1
4 15 3 6 3 14 19 11 13 9 5 1
17 5 5 9 8 11 6 1 0 5 13 10
13 6 2 7 12 5 16 12 4 19 2 16
11 0 2 13 2 5 5 14 0 3 7 6
17 1 1 10 5 10 8 3 3 1 1 5
5 0 4 0 5 2 2 4 0 0 9 3
8 3 16 21 8 5 12 6 2 6 2 1
1 14 19 1 0 16 7 19 7 10 2 4
12 10 17 20 11 1 19 11 3 0 2 5
9 2 7 10 0 7 17 2 6 17 9 10
10 2 11 0 4 7 5 0 0 12 1 21
4 22 12 2 3 2 6 22 0 0 8 7
4 0 1 5 1 0 3 2 6 0 0 4
2 1 7 9 7 6 1 2 5 3 5 11
15 9 10 0 13 4 8 6 3 17 0 13
2 3 4 3 2 9 2 3 4 1 4 11
2 6 1 9 2 2 7 8 2 16 7 3
10 13 3 3 3 5 9 15 12 2 18 6
4 18 3 5 2 6 14 3 3 1 9 7
4 23 8 4 6 17 7 12 0 18 2 3
9 5 5 3 6 4 1 1 6 4 7 1
2 4 7 15 9 2 7 13 9 3 8 4
1 11 10 20 10 2 13 7 8 1 23 3
8 17 0 18 3 6 2 0 7 5 15 4
4 2 4 9 1 7 1 4 2 4 11 9
2 3 20 18 8 1 4 16 10 0 1 9
3 14 1 5 16 1 9 8 13 15 4 7
2 6 16 3 3 15 25 1 10 1 9 9
16 5 9 10 6 12 17 4 13 2 3 1
2 3 10 12 15 2 19 13 7 11 1 15
4 7 3 3 1 2 15 0 5 4 3 3
1 11 2 6 12 18 12 10 5 3 2 12
7 1 0 5 3 3 13 9 13 4 3 7
12 10 14 1 4 3 16 8 1 12 7 8
1 1 5 5 5 14 12 2 11 15 4 3
4 2 0 4 6 9 4 0 2 3 11 2
7 18 3 3 10 7 13 5 3 9 1 23
4 4 1 8 4 9 19 4 14 7 6 12
7 18 2 12 5 14 8 13 7 15 9 5
4 3 2 5 6 6 7 7 8 3 3 2
1 4 6 8 9 2 7 2 6 3 6 0
0 4 2 13 17 12 8 9 11 13 1 8
6 4 6 1 1 0 2 2 1 2 2 2
3 6 15 21 12 7 2 14 2 7 6 13
8 1 8 5 3 1 4 2 3 1 7 2
16 6 1 15 1 8 3 2 13 11 16 3
3 5 12 0 11 6 7 10 18 2 16 4
8 3 8 7 3 15 3 8 12 0 2 12
7 1 7 23 7 4 7 3 7 7 2 12
9 11 10 9 11 2 17 6 10 10 16 14
8 4 5 6 1 3 1 0 1 1 1 0
3 7 3 1 1 1 2 3 4 6 3 2
9 14 9 9 13 11 2 2 3 15 10 11
0 12 3 6 6 11 2 2 12 7 1 14
2 8 6 3 2 1 4 5 7 10 9 3
2 2 1 2 4 5 4 4 1 5 4 2
0 2 7 1 1 8 11 0 4 3 23 10
6 7 5 7 1 2 5 0 4 6 0 2
12 12 3 10 13 8 12 8 3 12 5 8
5 3 5 6 2 11 1 7 1 3 6 6
3 0 6 5 12 11 8 2 4 16 8 2
7 6 5 7 8 3 7 1 17 11 6 8
2 2 5 5 12 1 2 4 9 6 10 8
4 1 3 2 2 7 1 6 4 0 15 8
6 1 5 0 8 3 0 8 4 8 8 3
6 6 0 2 2 0 3 0 3 9 3 8
6 20 7 1 13 15 13 13 4 2 15 9
3 2 2 9 1 3 2 1 1 3 3 2
0 3 2 1 3 8 4 2 3 1 14 3
6 4 9 3 3 8 8 1 3 1 8 7
5 13 5 9 2 4 2 1 1 3 2 0
6 8 6 1 5 1 5 5 8 4 2 9
3 2 3 10 0 13 1 1 3 0 4 14
11 7 5 5 3 5 20 1 6 8 6 21
1 5 5 12 13 11 2 3 4 7 3 4
5 0 15 17 2 7 2 7 1 1 14 15
13 2 9 4 8 1 8 16 4 12 4 3
10 0 2 2 10 1 4 1 9 2 0 1
4 10 19 1 9 0 10 12 17 0 1 1
1 2 2 2 0 3 14 8 1 2 1 15
2 1 1 1 13 0 2 5 29 3 3 1
10 10 24 1 3 4 3 13 5 8 2 2
0 2 2 10 5 1 2 2 10 2 5 5
6 10 2 9 13 11 2 1 24 16 10 4
15 7 0 1 15 5 3 22 5 1 9 14
6 7 3 10 5 5 1 1 4 1 2 3
1 4 6 14 11 7 12 2 1 0 7 9
7 10 8 8 15 6 7 0 4 13 12 0
1 11 10 0 7 3 9 22 5 0 3 2
0 3 4 2 5 10 4 3 3 4 6 7
3 4 6 1 10 2 21 3 1 8 13 12
7 3 6 7 2 3 1 9 3 4 2 5
3 4 4 3 2 1 6 3 5 1 8 9
13 10 5 4 11 5 16 13 6 8 2 5
8 10 9 14 4 9 7 1 5 0 17 25
6 2 2 2 5 10 13 2 12 19 7 18
1 3 5 9 8 2 7 2 0 1 1 5
1 3 5 12 0 11 5 11 3 2 1 3
2 1 2 2 5 13 3 6 8 1 7 9
1 2 5 3 13 6 2 8 1 1 7 5
14 13 9 5 14 8 10 0 11 14 13 7
6 3 2 8 3 6 2 8 13 3 4 3
4 1 1 4 1 7 0 1 2 5 2 6
1 0 6 6 1 4 1 3 3 5 10 4
6 6 2 0 5 4 2 1 4 5 4 16
2 1 7 6 9 3 8 2 11 11 3 4
0 20 5 4 4 18 2 19 3 6 18 4
5 12 11 11 1 2 6 4 4 15 24 11
0 3 2 6 11 2 4 4 1 12 3 9
4 10 0 7 9 5 0 12 5 2 4 16
1 2 3 9 1 8 0 2 8 5 2 3
8 11 6 1 1 3 2 0 4 1 1 5
3 1 1 5 2 1 5 4 1 5 5 13
9 3 6 6 8 5 3 3 0 0 4 1
4 7 7 19 3 8 8 4 1 13 6 14
14 4 7 3 12 3 9 1 8 7 4 7
3 3 6 4 1 9 1 5 1 7 5 17
3 7 2 4 2 0 0 1 2 2 4 7
1 2 1 2 1 2 14 4 7 2 3 3
7 9 4 3 7 8 8 3 2 4 5 7
4 0 7 6 3 7 10 12 9 0 8 4
5 8 5 3 9 0 0 2 8 2 5 6
7 4 1 3 14 18 1 9 4 2 19 2
8 11 6 2 1 0 2 3 4 3 2 2
10 12 10 1 8 4 14 2 5 5 10 7
8 5 11 11 1 9 21 3 0 25 1 4
0 14 1 15 10 1 0 0 21 7 10 16
7 3 2 10 0 6 17 4 6 6 5 9
1 10 4 6 8 5 1 4 7 8 1 13
11 9 6 8 1 13 18 1 4 3 10 5
1 18 8 3 1 5 0 13 15 6 7 1
6 5 0 21 9 19 5 12 2 8 6 7
12 8 7 7 2 6 6 2 4 3 3 6
1 2 4 1 2 5 1 1 5 0 1 6
7 23 4 6 12 2 13 23 5 5 2 7
4 8 15 14 5 22 5 4 2 18 5 3
4 5 4 18 6 24 4 1 1 14 9 0
10 8 16 9 3 5 2 6 13 11 10 14
6 3 5 2 7 2 2 1 11 4 20 9
5 12 6 3 1 7 13 13 16 3 8 6
1 5 6 4 0 6 2 4 2 6 3 6
8 1 0 7 5 6 7 2 3 5 7 16
0 0 10 8 9 1 4 3 5 2 10 4
8 11 9 11 25 1 2 6 12 2 2 6
10 2 6 1 6 3 1 2 0 1 2 10
4 6 9 1 18 8 9 3 5 9 1 14
5 3 15 1 16 1 5 18 3 0 5 0
0 5 3 1 2 1 5 1 1 4 2 4
5 2 3 4 4 8 3 2 1 5 3 0
5 5 3 5 0 3 1 4 3 0 1 1
9 6 7 13 26 5 9 2 9 2 10 15
7 0 3 11 2 7 3 1 17 4 0 8
9 13 13 12 2 17 3 5 5 18 5 14
4 1 5 7 0 0 1 2 2 4 3 1
17 20 19 9 7 2 4 10 0 8 2 3
2 0 4 22 4 7 9 14 6 4 16 4
5 2 3 2 4 1 4 1 2 3 2 2
8 5 10 13 5 4 4 10 2 1 10 0
0 6 4 7 13 7 2 18 13 1 7 5
2 5 0 2 4 1 1 3 2 4 6 3
4 1 2 12 18 1 5 1 2 0 2 7
2 10 12 2 13 3 4 12 9 24 4 0
6 1 19 3 1 12 13 3 6 7 17 5
9 6 10 11 8 9 5 4 11 4 4 5
5 1 1 3 6 5 6 6 6 0 10 13
5 3 16 16 7 3 20 4 3 2 3 8
10 23 9 0 6 10 8 18 0 3 4 2
0 12 5 3 9 0 3 6 1 9 4 3
2 18
2 44
3 35
3 50
3 86
4 22
4 70
4 97
6 21
6 31
6 60
8 9
8 80
8 84
8 100
10 32
10 101
11 63
11 83
11 94
12 28
12 41
13 82
13 93
15 91
15 107
16 99
18 39
18 53
21 52
21 89
22 36
22 107
23 37
24 52
24 71
25 50
25 55
25 86
26 29
26 44
26 62
26 92
27 79
28 47
28 63
28 124
29 59
29 100
30 34
30 43
30 54
31 47
32 48
32 132
33 41
33 62
34 93
34 95
34 98
34 120
34 122
36 37
36 76
38 89
38 135
39 93
40 70
40 129
41 71
41 87
41 120
43 87
43 139
44 75
44 127
45 110
46 66
48 111
48 147
49 63
49 84
49 131
51 128
51 151
52 124
52 128
52 143
52 144
53 64
54 72
55 86
55 122
55 131
56 73
56 77
56 110
56 131
56 153
56 155
57 153
58 68
58 149
58 157
59 86
59 130
59 135
59 136
59 140
60 68
60 94
60 97
60 106
61 121
62 65
62 80
62 89
64 80
64 103
65 67
65 108
66 114
66 127
66 144
67 98
67 132
67 145
68 71
69 108
69 137
69 145
69 163
70 88
70 122
70 154
71 87
71 116
71 157
72 107
73 125
73 143
74 148
74 153
75 134
75 141
76 102
76 119
77 78
77 79
77 80
77 109
79 134
80 111
81 96
81 111
82 84
82 91
82 116
83 84
83 153
84 105
84 169
84 175
85 110
85 136
85 137
85 147
86 147
86 161
87 174
88 166
89 93
89 160
90 151
90 157
90 172
91 108
91 125
92 117
92 171
93 95
93 100
93 104
93 114
94 104
94 110
94 148
94 155
94 172
96 149
97 141
97 171
97 183
99 126
99 135
99 147
99 182
100 142
101 109
101 148
101 177
101 185
102 159
102 165
103 116
103 190
104 138
104 148
104 196
105 129
105 161
105 174
107 116
108 157
110 111
110 129
110 163
110 181
111 136
111 144
111 186
113 118
113 173
113 191
113 206
114 131
114 144
114 149
116 185
117 174
118 150
119 164
119 211
120 129
120 143
123 188
123 200
123 204
124 129
125 135
125 181
125 191
126 176
126 192
127 139
128 175
128 176
130 182
131 141
132 136
132 175
134 141
134 165
135 232
136 227
138 190
138 197
139 142
139 164
140 159
140 210
141 195
141 226
142 197
142 216
143 154
143 158
143 196
144 170
144 171
144 218
146 175
146 240
148 177
148 178
149 158
149 214
149 249
150 160
150 198
150 201
150 215
151 187
152 212
152 229
153 154
155 193
155 246
158 210
158 249
159 181
159 188
160 215
160 255
161 188
161 199
161 204
161 227
161 229
162 188
162 212
162 245
163 207
163 230
163 234
163 237
163 262
164 165
164 256
165 179
165 191
165 218
165 257
165 261
166 230
167 170
167 196
167 198
167 230
167 232
168 183
168 234
168 252
169 206
169 214
169 233
169 268
170 215
170 241
171 183
172 221
172 263
173 188
173 241
174 200
174 239
176 249
176 250
177 182
177 183
177 217
178 247
178 260
179 194
180 182
181 193
181 278
183 248
183 266
184 261
184 282
186 197
186 246
186 281
187 188
187 256
187 263
187 282
188 196
188 200
189 221
189 281
190 254
190 268
190 282
191 205
191 216
192 245
193 265
193 290
194 219
194 237
195 263
196 211
196 220
197 267
198 200
198 213
198 243
198 282
199 295
200 225
200 232
200 295
201 243
201 290
202 276
202 286
202 293
202 296
203 266
203 270
204 243
205 236
205 283
205 284
206 238
206 297
207 292
207 300
209 252
209 286
210 262
210 288
211 223
211 273
211 280
212 223
212 234
212 292
215 249
215 255
215 267
215 269
215 310
218 252
218 278
219 223
219 243
220 304
221 235
221 299
221 316
222 270
222 289
222 293
223 309
224 272
224 313
225 297
226 278
228 229
228 239
228 244
229 293
230 244
230 270
231 317
231 324
232 256
233 278
233 330
235 296
235 320
236 252
236 314
237 272
237 276
238 265
240 251
240 312
241 257
242 255
242 338
243 281
243 310
243 315
243 325
244 327
245 301
245 333
246 248
247 290
247 343
248 293
248 295
249 319
250 303
250 348
251 261
251 271
252 306
252 332
253 263
253 306
254 267
254 292
254 323
255 265
255 349
256 257
256 315
256 356
257 350
258 284
258 288
258 337
258 341
259 270
259 289
260 345
261 342
261 352
262 276
262 320
262 359
263 285
263 344
264 334
264 349
265 275
265 276
265 304
265 324
265 358
266 341
266 366
267 269
267 272
267 364
268 288
269 336
270 292
270 349
271 363
272 277
272 286
272 303
272 304
273 347
273 355
273 371
274 293
274 327
274 372
275 306
275 352
275 353
276 284
277 280
277 340
278 351
278 376
279 313
279 344
280 300
280 338
280 340
280 356
280 373
281 289
282 286
282 347
282 378
283 355
284 286
284 298
284 320
286 351
287 341
288 374
289 306
289 317
290 311
290 317
290 326
291 350
291 359
291 360
292 300
293 359
293 375
294 379
296 376
296 389
297 332
297 354
297 362
297 382
298 302
298 307
299 306
299 361
299 378
301 321
301 332
301 351
301 382
302 398
303 348
303 357
304 365
304 367
304 391
304 396
305 342
308 356
308 377
308 390
309 351
309 393
309 394
309 408
310 336
310 383
310 408
311 368
312 344
312 370
312 383
313 345
315 323
315 392
316 353
316 354
316 368
317 318
317 345
318 334
318 346
319 372
320 335
321 381
321 394
322 377
322 421
324 331
324 364
324 391
325 357
325 419
326 391
326 424
327 335
328 367
329 341
329 361
329 397
329 399
330 385
330 390
330 408
331 343
331 430
333 344
333 387
333 403
333 405
333 414
333 417
334 405
335 336
335 367
335 398
335 428
336 351
336 387
336 390
338 407
339 429
340 393
340 428
341 405
341 427
342 388
342 398
342 421
342 428
344 444
345 372
345 385
346 433
347 371
347 396
348 360
348 430
348 440
350 368
351 424
352 388
352 400
352 404
353 405
353 433
354 443
355 405
355 442
356 431
357 376
357 391
357 408
357 411
357 418
357 432
358 451
359 379
359 391
360 377
360 410
360 439
361 376
362 430
362 455
363 394
363 458
363 461
366 374
366 398
366 440
366 453
367 373
367 447
368 382
368 402
368 452
369 410
369 465
370 379
370 408
370 415
370 440
370 450
371 426
371 470
373 385
373 451
373 465
373 468
374 436
375 377
375 389
375 460
375 467
376 423
378 402
378 403
378 465
379 415
381 465
383 435
387 389
387 443
388 437
390 396
390 402
391 403
391 456
392 436
392 452
393 450
393 474
394 447
395 473
396 436
397 421
400 406
400 464
401 415
401 453
403 459
403 477
404 420
404 434
404 438
405 409
405 434
405 504
406 418
407 417
407 418
407 452
407 490
408 413
408 431
408 487
409 435
410 429
412 414
413 421
413 497
414 433
414 443
414 479
414 489
414 490
414 496
414 511
415 486
416 473
417 467
418 444
418 493
419 468
419 476
420 441
420 462
420 505
422 478
423 450
424 458
426 431
428 462
428 465
429 471
429 488
430 442
430 444
430 474
430 496
430 511
431 451
431 495
432 434
432 488
432 506
434 507
434 512
436 530
437 484
437 486
438 461
438 465
439 448
439 510
440 449
440 499
441 529
442 449
442 512
443 446
444 513
446 536
447 512
448 463
449 474
449 488
449 522
450 527
450 537
451 468
451 517
451 542
452 487
452 490
453 478
453 495
454 510
454 518
455 469
455 523
455 533
456 540
457 507
457 533
458 459
458 507
460 490
460 512
460 519
460 549
461 478
461 493
462 465
463 471
463 484
464 481
464 516
464 560
466 485
466 557
467 473
469 512
469 532
469 539
469 561
470 503
472 473
472 498
472 503
472 552
472 571
473 492
473 502
474 477
474 493
474 499
474 524
474 567
475 492
476 502
476 533
477 535
477 540
477 565
478 494
478 516
479 501
479 512
479 532
480 539
481 502
481 546
482 492
482 527
482 542
482 563
483 507
483 520
483 536
484 570
485 499
485 519
485 568
486 534
486 551
487 564
488 499
488 501
488 531
488 545
488 580
489 510
489 514
489 533
489 584
490 577
491 527
491 561
492 508
494 508
494 517
495 533
495 572
495 573
497 538
497 588
498 521
498 533
499 590
500 545
501 535
501 598
502 559
502 593
503 584
504 578
505 593
505 603
506 539
506 553
507 525
507 553
507 569
508 522
508 567
509 561
509 602
510 519
510 542
511 603
511 610
513 534
514 570
515 544
515 556
517 532
517 565
517 579
517 593
518 548
518 610
519 534
520 524
520 616
521 524
521 529
521 530
521 602
522 565
522 566
522 591
522 601
523 619
524 579
525 581
526 555
527 608
528 559
529 539
529 546
529 617
530 551
530 567
530 611
531 564
531 586
531 589
533 612
533 626
533 632
534 568
534 602
534 605
534 621
535 592
536 547
536 556
536 601
536 610
536 634
538 582
538 611
538 616
539 547
539 555
539 575
539 604
541 586
542 561
542 578
543 577
543 582
543 616
543 626
544 641
546 572
547 603
547 618
547 635
548 607
548 625
549 570
549 589
550 611
552 648
552 650
553 586
553 609
554 568
554 599
555 578
555 609
556 573
556 611
556 612
556 649
557 559
557 573
557 575
558 587
558 649
559 580
559 581
559 583
560 619
560 630
561 575
563 609
563 612
563 615
563 645
563 655
563 663
564 603
564 661
564 664
565 573
565 584
565 619
565 628
565 637
565 642
566 610
566 657
567 587
567 599
567 667
568 595
568 604
568 631
568 642
569 570
569 571
569 587
569 593
569 659
570 593
571 577
571 637
571 642
572 626
572 636
572 639
573 633
573 666
574 632
574 633
574 668
574 670
575 651
575 657
575 660
576 610
576 645
577 593
577 658
577 672
578 628
580 601
580 675
581 606
581 626
581 668
581 671
582 638
582 639
582 640
583 590
584 597
584 635
586 607
586 625
588 601
588 623
588 682
589 684
590 630
591 620
591 631
591 634
591 680
592 605
592 618
592 639
593 631
593 683
593 691
594 608
595 684
595 691
596 643
596 674
597 653
597 688
598 649
599 642
599 692
600 632
600 680
602 603
602 608
602 634
602 654
602 693
603 646
604 674
606 615
606 617
606 660
606 700
607 705
608 668
609 621
609 642
609 657
609 675
609 704
610 683
612 666
613 683
614 689
615 649
616 620
616 669
616 688
616 707
616 711
618 632
618 655
618 686
619 634
619 648
619 676
619 678
619 712
620 624
620 633
620 715
622 680
623 684
623 691
624 644
624 703
626 639
626 677
626 709
626 725
627 634
627 638
627 692
627 700
627 707
629 697
630 632
630 681
630 726
631 659
631 693
632 640
632 668
632 674
633 667
634 700
634 715
635 696
636 709
638 681
638 721
639 670
639 705
640 713
640 715
640 719
642 659
642 668
642 677
643 683
644 693
648 651
648 660
648 702
648 741
649 679
649 729
651 734
652 653
653 669
653 711
654 683
654 727
655 684
657 715
657 750
658 700
658 729
659 660
659 675
659 717
660 732
662 672
662 720
662 746
662 752
663 757
664 689
664 710
665 725
666 723
667 682
668 720
669 695
669 715
669 728
669 734
669 744
670 769
671 739
672 729
672 770
673 752
674 724
674 740
674 761
675 723
676 748
677 718
678 758
679 706
679 720
679 750
680 698
680 741
680 755
680 776
681 725
681 757
681 764
682 708
682 728
682 736
682 764
683 716
685 713
685 751
685 768
686 726
686 758
686 761
687 764
688 710
688 745
688 750
689 786
689 788
690 693
690 756
690 763
690 780
692 770
693 694
693 716
694 722
694 726
694 775
694 791
695 747
695 758
695 787
696 781
697 726
698 755
698 781
698 782
700 792
701 770
701 771
701 798
702 751
702 755
703 710
703 725
703 727
703 731
703 740
703 789
704 722
704 726
704 742
704 777
705 753
705 774
706 744
707 728
707 801
708 721
708 794
709 756
709 765
709 801
710 740
710 747
710 805
711 766
711 772
711 792
711 795
712 768
713 724
715 722
715 794
715 812
716 810
717 740
717 742
717 744
718 808
719 779
719 816
720 753
720 820
721 741
721 751
721 765
721 776
721 808
722 760
723 820
724 741
725 739
725 781
725 784
726 775
727 742
727 743
727 744
728 761
728 791
728 809
729 746
729 786
730 780
730 819
731 755
731 797
732 734
732 747
732 792
732 804
732 830
733 775
733 819
734 756
734 777
734 812
734 824
735 775
735 821
736 774
736 780
736 781
736 794
737 768
737 782
738 767
738 824
738 830
739 748
739 794
739 806
739 819
740 752
741 751
741 753
741 787
742 835
743 748
744 787
745 754
745 755
745 792
746 826
747 788
747 791
747 795
748 774
748 790
748 804
748 832
749 782
749 783
749 827
749 828
750 771
750 840
751 779
751 802
751 827
752 842
753 769
755 853
756 794
756 840
756 841
756 845
757 759
757 826
757 848
760 764
760 824
761 771
761 786
761 796
762 789
762 794
762 831
762 847
763 803
763 834
765 863
766 806
768 826
769 857
770 813
770 822
770 862
772 828
773 825
773 835
773 836
773 853
774 832
775 874
776 787
777 812
778 795
778 834
779 824
779 826
779 867
780 827
781 805
781 859
782 784
782 856
783 791
783 856
783 881
784 796
784 808
784 884
785 809
786 802
786 815
786 826
786 845
787 789
787 850
787 860
788 800
788 839
788 870
788 879
790 808
790 811
791 798
791 826
791 866
791 867
792 798
792 821
792 855
793 815
794 863
795 861
796 833
796 840
796 860
796 879
797 851
800 900
801 814
803 887
804 807
804 812
804 830
804 853
804 876
804 877
805 809
805 842
807 809
807 850
807 866
807 887
808 842
808 863
810 857
810 875
811 882
811 897
812 824
813 834
813 867
813 905
814 833
814 873
815 827
815 843
815 867
816 894
817 894
819 877
820 825
821 847
822 857
822 883
823 825
824 862
825 831
826 896
826 916
826 919
827 854
828 909
829 920
830 838
830 900
831 903
832 890
832 913
832 932
833 923
835 884
835 919
836 896
836 908
836 924
838 840
838 854
838 874
838 897
838 929
839 867
840 857
840 865
841 883
842 934
843 929
845 925
846 889
846 896
847 854
848 898
849 875
849 888
851 929
852 897
852 939
853 926
853 931
854 911
854 913
856 870
856 955
856 956
860 883
860 922
860 934
861 901
861 914
862 863
862 928
862 944
862 962
863 870
863 937
864 892
864 896
865 868
867 871
867 929
868 949
869 891
869 947
869 962
870 888
871 943
872 875
873 923
874 902
874 964
875 943
876 971
878 976
878 978
879 908
879 920
880 947
880 979
881 882
882 885
882 910
882 980
882 981
883 900
883 916
883 929
883 975
884 915
884 924
884 958
884 975
885 973
886 926
887 902
887 941
887 945
887 980
888 893
888 902
888 910
888 932
890 903
890 971
891 936
891 939
891 946
891 951
891 966
891 983
892 946
893 970
893 972
894 899
894 911
894 989
897 943
897 958
897 972
898 920
899 965
900 910
900 916
900 936
901 925
901 948
901 958
902 948
902 956
902 985
903 927
903 996
904 939
905 994
909 913
909 949
909 978
909 999
910 996
911 939
911 953
912 946
913 914
913 960
913 982
914 918
914 927
915 941
915 943
915 985
916 982
918 936
918 937
918 968
918 999
921 983
921 998
922 943
925 938
925 941
925 943
925 951
925 975
926 974
926 977
926 989
927 962
928 986
929 954
929 984
930 955
930 976
931 971
931 986
933 944
933 999
934 942
934 998
935 971
937 980
938 999
939 984
940 949
940 967
940 996
941 957
942 990
942 993
943 956
944 997
945 972
945 983
946 990
947 957
947 989
947 1000
949 993
949 998
951 991
951 997
952 994
954 993
955 974
957 974
957 991
957 994
959 961
962 983
972 974
972 976
978 984
994 998
4 14 14 13 7 9 8 16 2 3 16 8
2 2 19 6 2 12 4 3 6 29 15 6
6 1 24 27 12 5 8 34 9 0 8 11
7 3 14 16 12 20 3 10 17 16 5 31
3 14 1 22 1 17 7 2 4 18 27 32
6 6 6 6 7 7 13 8 6 5 15 8
13 31 1 16 8 8 26 7 6 4 21 2
12 8 8 2 22 7 14 1 9 6 3 21
26 2 31 20 3 14 18 4 8 20 10 19
0 24 17 8 5 23 10 6 6 14 13 8
3 2 23 3 1 7 9 13 12 14 20 2
3 9 2 4 7 5 4 8 1 12 1 1
5 21 1 15 8 19 0 3 15 22 16 9
10 17 5 18 22 2 16 13 14 1 41 4
16 25 18 7 6 8 9 2 13 2 4 25
15 0 8 3 6 4 5 1 5 10 6 15
2 6 22 22 20 7 13 1 6 3 1 13
4 18 2 16 10 35 9 20 12 8 6 8
7 4 5 4 3 2 4 2 16 7 2 10
2 3 10 0 7 16 1 13 4 10 2 1
28 32 35 13 28 37 29 31 25 17 31 43 15 24 20 45 33 16 45 45
22 40 30 29 25 18 10 16 14 22 35 43 29 15 16 34 30 19 39 48
21 30 18 10 29 16 14 17 9 22 24 37 20 10 4 25 26 12 20 40
4 13 6 3 11 2 1 1 2 8 12 8 7 1 1 6 12 4 11 12
30 33 22 15 20 34 36 34 4 23 36 50 31 31 33 35 19 27 43 49
19 24 18 12 28 14 17 2 22 17 24 22 20 3 19 25 5 14 23 20
7 16 12 10 18 7 11 15 10 10 17 25 15 8 16 20 17 10 24 28
23 32 29 17 37 33 32 49 24 24 26 57 22 24 34 53 38 29 51 54
3 5 8 1 9 1 7 2 2 5 5 9 6 6 4 5 8 5 3 6
9 13 12 5 9 13 9 17 1 12 19 24 12 13 10 20 15 7 20 22
15 29 32 20 13 23 20 32 19 9 39 41 11 26 28 41 32 9 46 44
2 4 8 2 3 1 2 1 3 3 4 4 5 6 2 7 4 1 4 5
12 24 14 6 24 11 14 14 19 14 8 19 14 7 13 26 22 1 20 17
31 32 43 24 18 30 23 48 24 17 27 52 24 26 50 55 47 24 64 46
27 25 23 10 32 29 33 24 2 21 30 47 34 33 12 17 28 31 32 43
7 9 6 3 21 8 17 17 4 7 12 32 18 16 12 18 20 10 25 20
7 13 14 12 14 2 11 5 4 4 15 22 19 9 7 16 5 9 16 25
14 29 22 18 19 15 12 35 15 13 24 37 19 10 34 38 27 13 43 40
1 3 1 2 5 1 4 1 1 1 1 7 10 2 1 2 1 2 4 10
28 37 42 25 39 33 37 42 27 21 25 57 30 30 38 57 51 27 61 50
29 60 37 29 52 42 31 42 26 35 49 73 42 27 25 58 44 26 66 71
5 8 7 5 12 1 5 5 5 2 8 13 11 5 3 10 5 4 9 14
1 12 7 4 7 2 6 7 9 3 20 14 4 5 2 12 4 1 13 21
2 4 10 3 7 1 7 2 3 1 7 8 8 8 4 9 5 3 6 9
10 13 12 10 18 3 9 4 3 5 7 19 20 8 8 15 7 9 13 16
15 17 10 5 14 8 15 12 5 13 17 29 11 19 13 13 20 9 18 28
1 11 13 8 3 5 1 9 9 2 14 8 2 1 1 16 11 1 11 18
1 1 3 1 7 1 3 5 1 1 4 6 5 5 2 4 5 2 7 7
1 7 1 1 16 3 9 6 3 4 5 12 11 4 4 7 7 7 9 6
24 11 29 4 17 24 34 24 7 9 27 38 13 37 24 26 25 18 35 28
1 2 1 1 4 1 1 1 1 1 1 4 6 1 1 1 2 1 3 7
17 30 15 9 36 16 25 12 25 23 25 34 25 9 25 27 18 15 33 27
38 58 39 37 46 41 35 39 19 39 52 68 40 25 20 49 48 31 48 74
51 41 48 21 30 40 38 34 10 29 51 61 28 46 38 44 42 30 53 57
10 6 17 1 2 7 13 15 2 2 11 17 3 20 12 16 17 3 17 19
34 41 34 15 27 35 33 26 10 32 51 64 31 38 24 34 36 28 50 57
18 34 17 5 24 23 28 23 15 22 30 42 21 17 18 33 21 12 28 40
4 2 7 1 6 1 4 4 1 1 2 8 4 6 6 5 9 1 6 3
7 10 7 4 12 4 5 2 3 10 10 15 9 1 1 5 11 9 5 13
29 54 35 34 42 48 29 58 37 30 44 66 29 22 38 64 55 20 61 62
14 17 18 13 19 8 18 6 6 9 14 34 21 18 8 22 12 11 22 32
17 36 36 27 22 20 7 21 22 13 31 30 19 16 21 39 30 8 44 35
13 23 16 5 12 10 16 14 9 15 25 25 16 16 11 18 19 10 17 33
18 22 22 13 24 22 24 17 14 13 15 35 21 17 8 26 25 15 22 36
39 45 47 29 37 42 28 29 29 29 47 46 24 24 25 36 46 29 48 50
13 9 10 1 12 9 9 9 7 11 5 16 4 3 3 14 12 3 2 18
21 34 32 12 12 34 27 31 18 15 44 42 11 25 23 34 28 15 44 51
40 36 46 18 43 43 37 37 20 30 38 47 27 39 30 47 50 31 53 44
2 31 19 21 17 13 6 33 18 18 22 38 20 1 26 40 31 15 39 46
42 37 52 32 32 41 37 51 12 31 33 59 36 44 48 49 66 37 65 50
28 44 37 36 26 26 17 22 15 26 43 59 31 20 16 40 36 27 47 65
24 39 22 21 31 30 18 39 13 33 30 46 32 18 32 34 41 17 45 44
1 10 2 2 12 4 7 19 7 6 6 17 14 1 12 18 15 4 18 16
29 56 39 38 46 36 25 43 33 33 47 65 39 24 39 62 55 20 68 60
32 51 34 32 46 31 24 28 18 35 51 64 43 23 32 46 34 33 61 64
6 14 7 8 8 6 12 13 5 11 20 24 9 11 8 10 14 10 16 31
2 5 3 1 11 1 10 6 2 1 8 17 7 5 4 6 8 4 8 10
20 31 19 18 26 28 19 31 4 20 30 51 29 21 22 35 21 25 49 49
19 31 19 16 26 23 11 28 12 25 28 50 13 4 18 35 30 20 36 49
51 48 52 31 43 40 28 31 14 41 43 63 37 34 29 46 50 32 43 57
4 9 6 5 13 2 9 6 2 6 9 14 14 7 5 8 8 7 9 17
29 21 34 10 25 31 37 28 18 15 24 40 12 28 20 33 33 22 29 40
20 37 35 32 22 25 9 37 21 6 35 46 20 12 23 46 34 14 47 52
28 61 37 50 51 41 25 51 43 36 52 60 52 24 41 65 50 25 66 63
19 23 5 9 15 24 24 23 6 21 27 44 20 18 18 31 7 15 29 38
19 23 15 10 27 11 16 18 12 16 11 32 17 10 16 24 30 12 21 31
12 13 13 2 16 9 14 12 4 10 20 22 10 14 10 11 17 9 16 22
19 34 20 12 24 19 28 5 15 22 34 38 31 24 11 27 10 20 35 36
26 39 27 7 21 29 27 25 13 24 47 51 13 28 18 37 28 13 39 44
6 15 7 5 23 12 23 24 7 7 18 35 21 19 14 22 17 18 28 28
6 18 13 8 14 12 6 8 4 13 20 21 16 5 4 14 9 12 16 27
32 50 32 22 39 49 36 35 16 34 51 68 33 30 7 43 33 32 48 68
27 38 33 20 44 29 31 29 13 25 33 50 44 36 31 40 34 31 48 38
37 45 41 22 37 41 32 42 21 32 46 72 26 30 35 52 47 26 58 60
12 26 12 8 26 14 14 14 17 15 27 28 20 10 16 27 10 10 29 31
25 41 46 32 26 30 23 40 27 24 41 49 20 29 30 41 54 30 54 57
2 10 5 2 10 1 4 6 8 2 9 8 6 3 5 13 7 1 11 9
11 16 11 5 18 5 4 5 6 11 16 17 10 6 4 12 13 7 13 16
21 28 26 20 37 34 33 38 20 15 25 36 30 36 25 46 24 27 51 36
16 24 34 19 16 21 20 22 13 2 26 35 20 25 19 34 26 10 40 28
16 26 14 4 27 9 18 11 14 15 14 27 15 11 12 25 19 2 18 26
9 11 10 6 20 9 16 18 8 8 1 26 17 8 20 20 25 9 20 13
32 57 31 29 40 41 32 34 37 39 59 66 28 9 36 58 33 24 54 72
9 9 9 8 14 2 13 3 1 1 10 23 17 11 5 10 3 7 10 22
14 34 26 24 38 30 31 44 29 16 31 61 35 23 35 61 35 23 67 48
1 4 1 1 11 1 7 4 1 5 4 10 9 6 1 5 6 7 7 9
11 8 9 1 10 6 9 7 5 8 6 17 6 6 6 13 12 1 5 18
18 23 20 10 23 13 12 7 11 19 27 22 16 16 11 13 19 12 19 27
27 40 22 8 45 34 41 29 27 28 38 59 30 26 23 49 21 25 47 51
7 15 10 4 25 14 21 21 11 12 14 27 21 17 15 25 19 11 27 12
16 41 26 26 29 24 23 32 30 17 31 41 25 16 31 43 39 7 50 46
5 2 3 1 11 1 6 4 1 3 2 10 8 3 3 6 4 5 4 3
5 4 2 1 4 1 7 2 1 2 5 18 1 1 1 7 7 1 3 15
7 12 11 14 8 5 9 19 8 6 18 34 8 9 14 18 15 11 22 37
13 31 6 5 29 14 18 20 20 22 31 32 22 7 20 29 17 9 27 33
12 31 13 12 27 18 16 36 18 26 30 47 23 11 35 40 28 17 47 44
2 6 3 6 4 1 4 3 1 1 7 18 6 1 1 9 5 1 7 22
1 15 2 1 18 1 3 8 8 7 14 11 10 1 4 14 8 4 15 13
6 14 11 8 4 7 8 6 8 5 15 22 1 5 2 14 13 1 10 28
1 3 3 1 5 1 5 1 1 5 7 15 6 6 1 2 7 3 6 15
18 46 30 15 23 36 27 37 27 20 48 46 20 23 30 50 32 5 53 45
6 6 7 4 18 9 16 16 5 5 8 21 21 14 9 16 9 13 17 17
27 32 38 15 16 30 22 28 15 13 37 37 16 28 24 36 32 12 40 36
4 10 7 7 8 4 14 5 4 6 11 19 14 12 4 12 6 7 11 18
27 31 38 31 29 20 17 32 9 23 37 60 27 24 25 39 40 28 50 54
11 28 21 17 24 15 14 33 18 19 28 46 16 13 28 41 31 19 43 45
16 31 11 9 24 15 22 21 19 22 28 37 24 14 22 27 22 10 32 38
15 30 28 28 28 12 13 27 23 17 15 43 27 11 28 45 33 20 44 40
1 6 7 3 7 1 4 4 4 2 6 8 4 1 1 8 7 3 7 11
23 37 28 21 28 22 13 27 18 23 28 44 19 12 17 41 36 15 35 52
32 46 28 33 49 21 15 27 19 34 39 56 43 14 31 41 39 32 50 57
17 20 19 8 15 13 15 15 10 10 12 22 11 8 10 24 21 4 15 30
1 4 1 1 5 1 2 1 1 3 8 13 1 2 1 1 5 1 5 13
13 23 18 17 11 17 14 13 17 8 28 29 10 10 1 22 16 6 18 37
32 48 35 32 36 34 28 34 2 35 52 72 40 34 26 43 33 35 56 68
36 26 34 10 31 41 51 36 12 17 27 58 28 47 23 43 36 28 47 43
15 13 10 6 18 11 15 13 9 13 6 29 12 5 8 16 18 10 10 25
1 1 6 6 3 1 1 13 1 3 5 12 6 7 7 13 11 4 15 17
5 14 7 6 10 1 7 5 3 7 13 19 14 3 2 11 10 5 7 23
40 39 41 24 35 30 24 14 19 29 41 45 32 21 32 39 26 25 49 46
4 19 12 8 13 3 3 9 10 7 14 13 14 2 6 17 16 3 13 21
28 18 30 13 29 32 38 35 13 7 22 50 25 41 25 41 31 15 43 36
2 5 2 1 6 1 1 5 1 5 4 9 5 1 3 6 10 1 6 10
27 31 25 10 22 30 33 21 2 25 35 60 34 33 12 30 31 33 41 57
6 18 16 9 12 7 5 18 15 7 17 12 9 10 13 24 19 1 24 19
21 33 35 21 27 26 10 31 23 13 31 38 18 17 15 38 43 9 41 38
31 20 24 12 24 24 26 20 11 22 20 35 14 26 26 28 31 17 34 36
26 45 24 15 35 25 22 20 27 31 40 42 23 17 14 38 31 13 35 49
19 31 16 8 34 14 18 18 19 21 13 29 23 7 16 29 24 9 19 28
1 11 8 4 16 1 8 8 9 5 11 13 13 9 8 14 10 5 17 11
26 24 29 10 19 22 25 30 16 14 21 42 14 23 23 39 34 8 30 34
16 21 12 1 23 19 15 22 6 16 21 33 12 17 21 26 17 9 33 26
1 2 7 2 6 1 7 5 2 1 5 13 10 8 1 9 4 5 10 13
3 1 5 3 7 1 8 4 1 4 4 11 11 7 3 4 3 6 5 11
38 65 40 34 46 43 27 27 42 36 61 64 36 21 21 56 38 25 61 69
11 20 24 8 17 18 25 29 12 2 27 40 15 26 21 35 29 9 39 29
1 1 1 1 1 1 4 1 1 1 4 5 1 3 1 2 1 1 1 7
26 35 15 1 29 20 28 8 13 29 32 40 26 21 12 25 21 17 28 38
29 42 51 31 20 36 20 49 18 17 45 60 19 27 45 61 48 22 66 59
40 28 47 10 21 43 54 36 14 18 45 58 20 57 36 40 43 30 56 43
1 3 1 1 11 1 5 10 1 1 5 12 9 2 5 6 8 3 11 11
43 50 38 26 49 47 37 31 28 46 52 51 42 26 43 41 34 39 54 54
5 5 5 1 8 1 3 7 3 4 5 8 4 5 5 8 6 1 7 8
16 21 18 8 23 13 16 21 18 14 11 28 13 6 15 28 26 11 16 29
21 45 31 26 20 29 19 37 28 27 42 50 19 13 42 50 35 21 56 64
37 44 45 35 42 34 28 41 26 34 26 65 43 25 35 47 56 41 60 56
26 57 29 36 57 43 38 37 35 37 49 66 56 19 40 67 27 33 73 64
12 20 15 9 19 14 21 9 13 8 24 28 14 16 4 20 11 11 16 30
3 12 13 11 9 4 8 4 8 3 12 11 13 7 5 14 7 5 12 18
6 15 12 10 8 3 5 5 5 4 16 20 9 8 1 20 6 1 15 29
1 1 3 1 2 1 2 4 1 3 2 4 5 4 1 7 3 1 5 8
8 4 9 2 5 4 13 5 1 1 8 12 7 15 8 4 8 2 7 12
1 2 1 1 6 1 3 5 1 1 8 7 1 1 1 6 1 1 4 8
15 28 10 9 34 25 26 26 9 20 33 48 28 26 13 34 12 23 38 45
34 53 40 37 46 38 30 38 45 29 51 71 25 15 23 56 47 32 52 75
6 36 11 18 28 16 15 19 28 20 23 23 26 8 22 34 25 1 34 29
4 7 6 5 6 1 5 8 4 3 5 12 11 6 8 8 10 1 9 15
8 9 8 1 11 4 11 11 7 7 6 15 9 13 13 14 13 1 13 12
9 23 23 19 25 15 18 26 22 13 28 39 17 13 21 34 28 20 38 40
6 14 11 5 11 5 1 9 4 10 16 12 9 3 4 13 12 6 9 19
22 28 19 19 34 12 9 8 2 20 22 36 32 7 12 20 19 21 24 35
12 13 16 7 12 6 15 10 1 5 8 18 16 18 15 16 16 8 20 21
5 16 11 14 22 8 16 24 15 10 8 31 21 12 25 23 28 8 31 23
25 26 36 25 20 28 23 44 7 22 27 55 25 26 44 53 35 32 60 54
1 8 3 1 9 1 2 11 5 3 13 13 2 6 5 15 8 1 18 10
27 29 27 19 36 36 42 41 25 28 26 38 34 41 42 42 45 22 48 29
6 31 17 13 28 19 15 20 29 12 24 23 19 6 17 33 22 5 35 21
3 7 7 5 5 1 3 5 5 6 7 11 6 4 4 7 9 1 9 15
10 26 8 3 23 13 14 21 12 14 16 31 15 1 11 31 15 3 17 31
11 16 15 8 11 13 12 22 13 12 24 33 6 7 26 26 17 9 29 34
6 17 6 5 14 4 13 8 4 11 21 26 15 10 3 9 11 9 13 30
10 20 14 10 9 5 12 12 1 11 18 31 17 12 11 15 21 13 20 38
4 14 4 2 18 4 7 14 5 9 16 20 12 3 7 11 15 8 16 21
4 30 18 18 27 16 20 21 26 14 23 24 26 11 18 30 24 8 31 25
36 49 33 19 33 36 34 33 21 33 44 64 27 20 34 46 40 28 51 71
28 42 26 23 33 27 22 17 19 30 43 47 22 18 13 27 34 21 34 52
3 2 7 1 5 1 1 2 1 1 3 11 1 7 2 7 8 1 8 7
14 22 17 5 17 17 18 25 15 13 20 32 11 13 15 37 26 1 29 28
17 27 22 9 22 24 25 43 13 21 26 51 17 24 39 40 36 25 51 45
16 19 14 3 20 14 16 12 11 11 22 28 15 12 15 28 12 5 27 19
1 10 4 1 10 1 2 1 7 7 10 3 3 1 2 6 2 1 5 6
44 58 31 22 52 50 52 55 40 49 50 65 36 41 51 62 58 25 55 65
1 5 6 3 7 1 8 1 1 3 5 13 12 5 2 5 5 4 5 15
28 24 31 20 33 21 28 32 10 16 17 51 30 28 35 40 42 27 48 38
23 43 34 28 30 30 27 34 33 23 32 41 27 16 39 47 43 18 53 50
2 1 6 1 4 1 7 1 1 1 1 9 5 10 3 1 5 3 6 1
28 34 33 28 29 18 14 14 7 25 35 41 34 18 17 25 24 25 28 47
18 20 19 8 25 18 24 26 16 13 11 29 18 15 22 28 29 11 27 23
8 17 13 14 8 1 7 7 4 6 16 25 12 8 9 16 10 5 16 31
7 7 8 7 10 1 6 13 5 4 8 18 9 7 14 11 17 5 14 19
14 24 24 18 21 10 18 28 23 16 19 37 16 13 29 32 32 18 32 37
12 22 12 8 29 14 19 22 16 11 21 36 16 10 14 30 19 12 28 32
12 14 17 5 17 9 14 12 8 10 10 14 16 16 14 14 21 12 16 15
34 45 29 26 14 40 32 45 18 31 52 65 20 34 38 56 37 20 54 65
10 20 12 8 6 6 10 7 5 11 21 25 13 13 4 14 13 7 15 33
1 11 1 7 10 1 6 5 6 6 12 14 10 4 4 9 7 1 13 16
4 14 9 3 11 3 1 9 5 8 16 11 5 4 3 12 12 4 13 17
8 8 14 5 13 15 19 20 1 1 7 25 17 19 13 19 15 15 27 26
11 10 8 1 23 11 18 7 5 9 6 26 12 13 4 11 13 9 14 18
9 30 19 21 12 14 8 19 8 14 33 36 17 7 18 32 12 8 32 47
44 52 48 23 43 46 39 36 46 37 42 47 24 24 42 57 48 26 52 54
12 30 25 19 24 18 12 24 11 13 28 38 28 14 19 43 22 13 44 34
31 46 27 20 35 26 33 22 15 31 31 57 42 22 21 42 34 25 43 53
8 28 16 20 21 7 7 17 11 11 25 32 24 2 12 30 21 11 31 40
17 18 20 5 13 15 14 9 12 12 21 22 11 18 18 21 14 3 24 18
27 21 25 10 32 34 35 39 8 15 24 46 30 40 26 42 28 25 43 29
27 49 34 29 49 35 40 38 36 31 38 75 42 23 36 67 35 34 67 68
24 15 27 13 19 21 24 21 6 15 18 32 19 23 22 19 32 26 28 31
9 24 14 13 27 11 12 21 14 19 14 26 21 8 20 22 31 14 27 22
2 10 6 4 16 10 14 15 1 4 11 26 20 13 6 19 7 11 21 23
12 8 10 1 10 4 4 5 1 7 13 13 5 6 4 4 11 3 7 18
12 17 13 10 16 9 11 13 3 11 17 33 19 9 10 16 18 11 20 33
13 29 15 16 29 14 14 19 16 21 18 32 29 9 14 31 25 11 29 29
10 20 9 8 16 5 13 4 8 10 20 26 14 13 4 17 3 5 16 29
6 14 9 1 9 5 11 8 1 7 20 18 8 10 6 10 9 4 7 25
1 1 1 1 1 1 1 5 1 1 3 9 4 1 1 3 3 1 3 12
1 6 6 7 1 1 3 8 4 4 8 13 6 4 4 10 8 2 12 21
2 3 2 2 4 1 2 2 1 4 3 7 6 4 1 3 5 1 6 9
39 53 45 32 42 34 23 29 34 32 42 53 27 19 27 50 45 21 45 57
9 15 8 5 19 6 6 7 7 14 15 18 13 1 6 8 16 10 13 17
32 32 25 10 37 43 43 38 18 21 42 66 29 37 34 51 24 21 57 50
34 42 36 24 33 31 27 25 16 30 48 42 27 28 21 28 38 23 38 52
23 35 22 20 40 32 43 35 17 24 25 52 45 40 31 44 36 25 48 45
12 23 15 17 22 11 21 29 18 17 12 43 21 11 22 36 32 13 32 41
2 8 2 1 12 1 2 4 1 7 3 8 10 1 3 5 10 5 4 6
37 37 29 21 38 41 42 47 29 37 31 46 25 29 41 53 51 20 42 49
36 30 36 15 41 34 36 41 21 31 18 52 25 24 38 39 57 36 40 41
7 1 7 2 2 2 5 4 1 2 4 8 5 9 5 4 5 1 4 12
14 30 15 9 39 22 19 22 16 19 27 35 30 17 15 31 23 21 41 33
12 21 13 14 21 8 11 5 3 14 20 31 23 12 5 10 17 14 20 32
3 7 8 7 4 1 4 4 3 3 5 10 10 5 5 10 5 1 7 14
18 18 15 8 17 10 13 9 7 12 14 20 13 12 11 13 17 7 13 24
28 27 30 12 25 29 38 40 14 16 25 59 21 33 31 42 42 20 42 46
4 11 6 6 8 1 5 1 5 8 11 13 9 1 1 7 8 4 7 17
23 37 16 16 30 34 31 44 17 26 37 60 27 22 28 53 26 21 52 53
28 21 27 10 24 18 24 22 2 13 16 42 24 24 26 29 36 16 37 33
9 1 8 1 3 3 9 8 1 1 3 15 3 9 10 3 15 1 8 18
11 15 3 3 18 7 7 4 10 13 13 14 11 1 8 13 6 3 12 18
14 20 25 16 17 9 18 22 8 5 19 33 17 16 22 26 30 18 32 41
1 6 2 1 7 1 1 5 1 5 5 6 3 1 3 6 9 1 5 9
3 4 3 5 2 1 1 4 1 2 1 11 8 2 2 5 6 1 7 12
12 11 13 10 14 3 12 2 1 5 11 24 18 9 10 9 8 8 14 20
24 46 37 26 22 36 16 40 14 21 49 57 23 21 24 48 40 16 58 56
6 9 9 1 14 3 10 13 8 6 5 11 15 7 12 15 12 6 11 8
4 9 18 8 6 7 9 9 9 2 14 13 6 11 5 17 11 4 14 16
12 11 18 6 9 7 7 6 8 7 11 12 1 15 8 16 11 1 12 11
3 8 7 3 10 1 4 1 2 7 9 12 10 1 1 6 9 6 3 14
17 32 20 19 35 21 27 36 31 22 24 47 24 15 37 47 38 12 47 42
38 63 36 31 53 40 43 31 38 44 51 76 47 17 34 56 42 37 61 76
3 6 6 1 17 5 12 6 4 3 7 13 12 11 6 7 8 9 13 5
36 34 42 23 37 40 43 51 31 32 28 50 24 30 43 55 58 28 48 52
21 32 36 19 23 25 26 29 14 11 35 43 26 29 27 44 31 15 47 38
2 8 2 1 9 2 1 5 1 6 11 12 6 1 1 5 7 4 6 15
3 7 13 3 5 1 7 1 3 2 8 7 6 10 4 7 5 1 8 11
41 44 35 20 41 43 41 39 17 41 45 70 33 36 30 39 45 37 42 67
2 6 2 1 9 1 2 6 2 4 5 7 8 1 3 5 8 1 5 10
18 23 21 14 20 17 22 23 17 19 27 51 21 18 24 33 23 24 41 46
9 14 9 6 15 4 7 4 6 11 12 15 14 8 6 5 12 8 10 17
4 14 8 6 10 7 11 12 7 8 21 25 9 6 6 16 9 6 16 27
5 11 11 6 14 7 8 14 9 10 15 22 9 10 15 18 16 8 25 21
18 34 28 22 28 17 14 26 25 13 21 38 18 6 18 39 33 13 31 44
16 22 10 14 15 9 15 9 7 14 17 35 15 12 8 21 16 8 18 38
10 22 15 11 20 13 16 7 21 14 28 17 13 5 12 23 7 9 20 25
5 5 9 1 5 6 5 7 1 6 10 11 1 11 5 10 10 2 11 7
27 34 22 13 40 22 30 15 26 26 36 41 30 14 27 34 20 21 33 40
29 55 40 38 38 30 5 33 26 26 54 55 33 18 22 53 37 21 54 63
8 14 10 7 16 5 8 5 2 11 15 21 16 6 5 7 16 9 11 23
8 17 10 8 11 7 15 16 7 9 14 18 17 14 14 18 15 4 16 26
14 22 26 12 18 14 19 24 11 6 21 26 21 21 23 34 23 9 36 29
15 11 17 7 10 9 14 14 2 7 14 24 11 12 14 11 22 12 16 29
30 55 40 23 24 35 22 43 20 24 57 60 23 27 40 57 42 11 63 60
14 17 21 13 12 7 8 18 3 7 18 33 12 13 17 22 23 12 31 36
1 13 11 10 5 1 1 8 9 1 13 11 5 1 5 15 11 1 17 21
5 4 11 4 3 3 7 8 2 5 7 15 2 12 10 9 15 3 11 14
14 11 32 20 6 21 19 32 9 4 18 31 9 19 25 33 33 20 38 39
37 58 21 20 39 43 41 45 29 43 47 64 34 19 46 56 40 21 55 66
27 41 33 27 44 28 25 34 24 23 36 62 32 17 27 57 33 29 53 59
26 40 37 31 35 27 34 37 24 26 33 50 34 28 41 46 50 28 56 50
1 9 3 1 4 4 8 12 1 5 14 25 5 11 5 13 8 1 15 22
1 3 3 1 10 1 5 7 2 2 6 14 7 7 2 7 6 5 15 11
9 6 7 1 13 3 8 8 2 5 4 13 9 6 8 9 13 4 6 12
43 52 44 20 35 42 38 35 15 37 60 68 34 41 32 46 49 31 61 64
12 27 14 8 16 17 7 13 20 14 24 23 4 1 5 28 14 1 22 32
30 27 25 8 19 26 32 23 12 18 23 39 17 23 18 29 22 15 19 44
1 6 5 5 7 1 1 13 5 4 1 9 7 5 12 10 15 4 14 10
30 58 38 37 45 40 17 48 47 36 45 61 25 6 32 62 57 23 60 67
29 38 31 11 33 42 47 36 17 26 34 55 36 42 23 48 35 28 50 52
12 25 13 7 24 16 17 28 14 16 31 43 15 17 27 35 20 10 39 36
25 54 33 30 42 30 29 27 34 27 53 61 38 20 27 54 28 23 60 61
11 26 19 18 18 9 2 20 8 11 23 32 21 7 17 35 16 7 36 36
21 12 20 5 16 23 35 21 1 12 17 38 20 32 19 15 23 26 26 34
26 36 40 22 34 42 28 39 23 15 45 52 23 34 17 45 35 25 52 50
8 19 24 14 9 14 11 16 17 5 21 14 9 14 13 22 21 1 20 23
33 54 14 20 39 35 26 38 25 41 45 56 37 19 36 57 26 19 53 55
1 5 6 5 1 1 1 1 4 1 7 4 3 1 1 6 1 1 4 13
11 8 10 3 13 4 8 3 1 10 7 16 12 9 5 5 12 10 6 11
20 18 23 8 18 19 18 15 15 9 19 25 9 17 21 29 25 8 32 26
21 17 18 5 30 20 25 13 5 16 15 34 22 18 8 18 22 18 15 30
1 4 1 1 5 1 1 4 1 1 2 1 1 1 1 4 3 1 3 3
29 55 40 41 45 40 43 40 52 42 47 59 37 22 55 58 52 30 63 59
3 6 4 1 8 1 1 3 1 6 5 6 4 4 3 2 11 2 5 6
24 38 28 27 30 21 19 25 6 26 42 57 31 24 16 31 30 27 44 55
25 28 25 13 30 19 30 26 16 17 20 40 23 24 27 31 39 20 35 39
40 58 41 33 57 48 35 42 45 33 55 72 36 27 19 60 48 33 58 73
15 30 18 9 26 18 16 19 8 21 35 40 22 21 12 23 22 18 30 36
2 20 2 2 19 14 11 24 9 15 14 24 18 5 18 27 11 4 28 17
13 25 22 10 23 12 5 7 12 17 25 19 14 14 10 19 21 10 25 19
5 4 12 3 8 5 11 3 4 2 4 9 9 10 6 7 8 7 6 5
7 16 3 1 22 3 6 15 9 11 12 20 13 5 12 17 17 3 21 20
18 44 18 11 35 32 37 26 24 28 43 54 37 24 18 43 29 28 54 52
14 27 14 8 37 25 28 34 18 14 19 46 27 18 15 46 25 13 44 34
8 8 7 1 8 2 7 1 1 8 11 19 5 6 2 1 13 5 4 16
1 5 1 1 6 1 4 1 2 1 10 10 1 2 1 3 1 1 2 7
14 24 16 17 27 11 9 22 5 13 17 39 30 12 20 33 19 17 36 36
2 9 2 2 22 8 14 18 6 8 1 25 20 7 12 17 17 9 20 14
8 11 8 11 15 4 8 12 5 5 10 27 15 10 8 16 11 8 22 25
17 36 18 17 29 22 15 20 16 22 29 43 21 6 10 31 24 14 32 47
23 37 21 12 22 18 28 3 15 24 37 41 31 22 11 24 12 20 32 44
1 5 5 5 6 1 5 4 4 2 4 9 10 4 2 9 6 4 9 11
19 21 16 1 17 18 14 15 8 16 23 30 7 15 16 24 18 2 25 29
1 5 6 1 9 1 10 1 1 6 8 12 9 9 1 6 4 6 7 9
44 52 40 29 51 39 37 32 27 41 46 58 46 20 49 57 36 35 62 58
27 39 36 29 36 22 24 22 17 22 36 47 33 19 33 36 38 30 48 53
33 35 28 22 34 22 21 30 14 23 27 45 27 23 31 35 36 19 39 49
8 19 15 12 14 7 9 16 12 8 8 19 17 8 17 21 24 2 23 24
1 4 3 1 13 8 13 12 1 3 7 22 13 8 1 13 5 11 14 18
7 8 6 1 8 1 7 3 1 6 14 15 6 7 2 4 7 2 1 20
1 9 8 6 4 3 1 5 7 5 7 4 6 1 4 12 9 1 8 12
11 9 18 6 23 16 21 20 8 5 10 29 23 26 14 26 18 16 29 18
17 22 15 3 16 11 19 7 9 16 25 22 13 18 12 11 14 10 13 23
11 17 19 7 22 16 25 24 12 12 18 32 24 23 21 30 24 9 30 19
24 33 25 16 42 24 29 28 17 22 23 44 36 27 31 42 30 17 46 28
31 45 43 29 22 26 24 34 23 26 45 66 29 28 36 54 39 27 62 62
24 15 29 6 20 21 24 32 10 15 23 30 10 29 28 33 34 15 37 27
41 58 32 27 37 45 41 49 18 43 45 73 40 28 41 52 48 32 60 73
17 28 24 20 26 29 36 41 21 26 18 53 36 26 36 35 42 32 45 44
13 16 16 6 26 17 22 16 9 12 14 35 20 20 5 27 13 13 22 29
16 20 31 15 11 19 18 27 7 9 27 34 11 21 21 30 35 17 36 45
16 41 26 31 25 22 24 42 34 33 32 49 32 14 37 43 44 26 46 53
17 29 22 18 25 16 18 10 11 20 33 37 20 20 5 15 24 20 28 35
35 42 19 15 26 38 32 38 19 36 54 60 26 30 40 44 28 21 52 50
39 51 49 29 30 46 27 47 28 27 56 60 23 29 44 65 46 20 72 63
3 5 5 1 5 1 1 1 3 1 5 4 1 1 1 8 1 1 2 7
13 19 16 12 20 8 12 1 8 8 10 26 17 6 3 20 8 7 15 26
7 9 6 1 10 3 4 6 1 6 12 11 4 4 4 5 8 3 5 11
1 1 7 8 7 1 5 17 3 1 1 22 6 2 11 13 15 14 18 16
8 5 8 2 13 2 7 14 3 1 7 17 5 10 12 12 15 4 18 13
30 40 36 32 35 33 28 34 36 39 39 54 29 14 47 48 35 37 52 54
23 27 30 15 21 26 18 37 19 26 27 50 5 19 33 42 37 15 42 45
27 43 16 7 27 33 31 16 13 38 50 55 33 20 18 28 22 28 44 56
12 12 18 3 13 10 15 10 9 8 13 12 8 13 14 12 16 9 14 17
43 56 40 35 52 43 37 43 35 39 47 61 47 35 54 63 56 25 70 56
24 33 15 14 40 34 33 42 10 29 28 66 33 26 23 47 32 29 49 58
16 14 21 2 23 20 23 14 8 9 9 28 12 21 5 24 20 13 20 23
5 4 1 1 9 1 6 1 1 2 5 14 1 1 1 5 5 1 3 10
13 25 18 5 19 22 30 14 10 13 26 38 30 28 5 25 19 23 35 36
27 38 32 24 26 24 12 19 23 16 31 35 17 10 18 39 28 7 40 45
8 21 21 12 13 15 14 21 14 9 33 32 8 15 10 28 23 7 30 32
25 36 30 18 37 30 34 29 13 14 38 52 37 37 25 45 24 24 49 40
4 5 6 3 3 1 3 1 1 5 2 5 7 5 4 3 7 1 2 9
26 34 26 21 36 22 17 20 9 22 36 52 32 20 17 35 27 23 45 42
7 20 8 4 11 7 10 10 6 11 26 22 10 12 4 16 11 7 16 30
21 36 19 8 39 27 37 15 22 25 34 38 35 25 21 31 17 26 36 37
17 23 25 17 16 13 11 21 21 16 13 33 7 4 22 31 31 10 27 39
31 28 30 6 27 26 30 14 11 19 33 40 16 29 20 28 31 17 32 35
24 34 42 24 31 33 33 46 31 24 32 44 22 31 46 52 56 25 60 39
14 11 11 7 16 7 8 7 1 13 15 26 12 10 7 6 19 10 13 25
5 11 11 8 8 1 1 7 7 7 9 15 9 11 8 11 11 4 18 16
21 28 25 18 32 26 21 35 12 24 30 55 24 20 28 29 37 31 46 48
33 34 33 22 40 25 23 15 8 26 30 49 35 27 14 30 30 26 37 35
18 35 19 11 34 32 31 43 18 27 32 50 24 21 41 42 39 20 50 42
23 21 28 5 1 21 26 10 4 11 24 24 15 29 12 19 21 16 25 34
14 14 13 5 9 8 14 12 4 7 16 25 3 14 14 14 18 5 18 32
14 23 17 8 22 10 14 18 17 15 16 19 17 11 20 19 27 6 22 19
15 17 10 5 18 9 18 7 6 15 15 29 14 10 5 13 15 10 5 29
29 26 18 22 42 29 35 32 4 20 18 49 39 30 30 35 27 35 48 48
6 5 4 2 6 1 1 3 1 5 6 9 5 3 2 4 4 1 2 14
6 12 10 5 8 6 15 10 6 7 16 19 9 12 7 12 10 8 10 22
35 52 30 19 60 39 36 31 35 42 40 55 44 19 25 47 38 32 44 52
12 23 14 10 25 18 15 19 3 17 24 36 28 15 10 20 18 19 26 34
29 56 41 36 48 37 19 37 32 25 44 51 38 20 23 45 49 23 61 52
24 25 38 27 13 26 20 39 23 17 23 43 13 19 33 43 45 22 42 55
36 50 36 24 48 43 35 47 22 36 37 65 43 29 42 63 39 26 60 55
25 49 23 17 36 30 25 20 22 30 45 54 24 12 15 40 20 16 36 59
18 37 28 23 27 24 15 30 27 14 34 40 18 14 13 46 35 6 40 42
38 39 42 23 42 40 38 44 18 23 40 75 32 37 38 55 45 33 65 60
25 50 32 29 34 34 20 31 14 36 55 48 30 26 22 42 33 23 50 57
40 38 26 26 29 40 36 47 15 36 45 59 33 31 44 41 40 36 49 61
5 17 7 7 15 5 6 16 9 12 8 16 17 6 13 18 19 3 18 18
5 8 9 10 4 2 7 6 1 5 6 19 10 10 9 9 13 3 14 23
42 37 39 29 49 38 37 36 16 37 35 59 35 31 39 36 51 45 53 52
32 53 32 25 40 44 33 28 23 38 62 65 37 28 23 46 25 30 57 62
4 33 8 15 26 17 17 26 25 19 27 31 25 11 22 39 24 1 42 32
34 38 31 19 33 22 22 20 22 27 28 43 20 16 26 34 33 18 32 47
17 46 29 24 37 38 32 37 38 27 44 47 34 24 36 55 35 11 58 41
3 19 8 10 19 9 11 16 7 3 18 30 21 5 7 25 8 9 28 29
16 16 11 9 19 6 10 7 2 10 8 22 16 7 10 16 15 6 10 24
3 21 18 23 13 5 10 14 12 5 21 31 16 6 10 24 18 12 28 40
38 36 54 34 40 46 38 50 17 28 41 66 34 44 34 53 58 45 65 61
2 6 10 5 1 1 1 2 5 2 8 5 3 2 1 9 4 1 3 15
20 28 18 18 37 19 21 16 14 21 26 38 36 14 22 32 14 24 38 37
12 14 21 4 16 14 25 18 11 7 15 17 15 20 21 21 22 12 24 20
6 17 2 1 13 3 10 6 8 10 13 16 11 9 10 9 10 1 13 16
29 46 13 20 48 42 48 40 20 35 36 70 52 34 34 50 26 31 62 61
3 20 9 11 21 7 20 20 11 9 15 33 24 16 17 25 20 9 30 28
1 13 5 2 8 1 6 8 4 7 10 12 11 9 6 13 10 1 11 19
8 25 16 17 9 12 8 11 14 4 24 28 11 10 2 25 15 2 24 33
4 12 8 3 10 1 1 5 6 7 10 8 7 6 5 11 10 3 9 12
15 21 26 17 20 9 13 20 7 10 20 32 19 16 20 26 28 17 34 36
7 7 10 1 7 4 9 8 4 7 8 14 5 10 10 9 15 1 8 12
14 36 19 20 28 16 6 17 21 15 35 36 21 1 6 29 27 9 33 43
6 11 10 2 16 6 11 12 9 7 5 6 15 12 15 13 15 3 16 5
19 21 22 10 20 12 16 25 13 14 22 26 12 16 24 22 33 14 27 31
36 37 37 15 28 31 38 26 29 31 35 51 16 23 32 37 37 28 36 57
14 24 22 14 16 25 27 22 13 6 32 47 16 25 9 32 23 12 36 38
25 36 31 34 31 15 3 25 17 28 30 50 27 8 27 39 35 28 42 56
27 42 23 19 46 38 41 27 27 30 45 52 37 25 31 49 17 31 50 52
4 18 13 12 11 6 9 11 14 6 12 16 17 6 10 21 15 3 19 20
5 13 5 2 9 3 13 7 7 7 12 16 13 9 6 12 8 5 10 14
3 8 1 4 8 1 1 2 3 2 5 11 7 2 1 7 3 1 12 13
9 21 12 11 10 4 14 1 2 11 20 26 20 9 2 13 4 11 15 32
2 12 5 3 9 1 4 5 5 5 8 13 11 2 4 11 9 1 8 18
18 35 26 13 15 22 24 26 19 15 39 39 18 26 18 33 32 9 40 38
39 49 36 31 48 36 31 21 38 41 43 53 31 7 30 46 38 32 43 56
21 38 29 21 23 23 7 25 6 23 37 41 27 14 23 42 26 15 44 41
11 30 9 11 31 11 12 11 15 20 14 29 25 4 10 25 23 7 25 22
31 44 35 27 39 39 39 54 37 34 32 63 29 29 51 65 56 19 64 60
19 35 16 16 26 16 17 17 8 21 31 47 25 9 12 31 20 15 28 50
15 19 9 1 27 12 20 10 15 14 15 27 17 13 18 23 18 4 23 19
22 40 26 23 28 27 25 45 30 31 32 59 23 10 35 50 38 26 46 57
8 16 8 6 27 12 18 24 10 8 20 39 17 18 15 28 18 14 35 28
11 24 18 10 17 15 12 21 21 10 18 14 14 9 25 27 26 5 33 25
25 32 20 15 37 27 34 17 18 28 37 55 32 22 21 28 19 35 40 48
5 5 1 3 10 1 4 9 1 6 6 15 4 1 5 6 12 5 7 14
15 23 18 10 24 13 21 20 7 11 18 37 26 20 20 32 17 11 32 32
5 4 8 4 2 3 2 11 1 4 7 21 4 8 8 14 17 3 17 14
32 63 35 32 38 35 14 40 27 33 53 65 25 10 31 60 44 13 60 74
24 30 23 18 23 20 27 22 20 21 26 45 18 17 17 30 27 19 22 48
36 44 31 8 44 38 33 34 21 30 46 64 23 25 27 44 41 20 50 48
23 42 9 5 34 24 14 27 20 32 30 42 20 2 22 39 26 9 33 46
7 32 20 24 31 25 19 35 23 7 21 44 33 12 16 44 27 13 47 40
22 25 14 5 42 25 29 23 16 21 16 33 31 24 23 27 27 21 35 20
4 24 9 12 23 8 17 16 17 15 16 25 23 10 15 23 20 5 23 23
7 14 10 4 15 7 8 7 4 11 22 22 12 9 1 12 11 9 15 23
15 34 25 23 35 31 26 28 28 12 38 45 28 25 10 45 20 19 48 46
13 15 19 16 7 9 8 17 7 5 14 23 13 12 16 21 16 7 24 29
32 43 37 18 39 40 37 46 32 27 39 55 20 25 34 53 52 23 54 55
8 18 23 20 20 14 17 34 21 18 8 38 21 14 33 34 37 20 39 26
1 2 1 1 1 1 1 1 1 1 1 9 3 1 1 2 3 1 2 12
3 4 1 1 10 1 10 2 1 3 8 16 4 4 1 3 3 3 1 13
1 3 1 1 6 1 2 3 1 3 7 6 3 1 1 4 4 1 1 11
25 47 15 15 34 33 31 40 23 32 44 59 24 20 26 51 29 21 47 57
28 48 47 42 37 33 21 28 30 31 46 57 35 21 28 47 44 32 60 58
12 15 16 10 11 1 2 4 2 6 9 20 10 9 8 18 12 2 17 24
11 20 15 8 23 9 8 9 6 15 20 22 17 12 6 11 21 13 20 21
27 43 35 32 38 27 13 24 25 14 34 47 31 18 9 40 36 21 41 50
4 9 10 4 10 1 9 3 4 5 13 17 9 6 4 8 12 5 7 19
21 25 29 18 25 16 13 22 18 20 23 31 15 12 28 25 36 23 35 34
9 17 10 5 14 5 13 9 9 9 23 28 8 13 7 18 11 6 20 31
27 40 40 26 29 33 24 31 34 16 50 52 17 23 25 48 36 16 53 48
2 16 9 7 20 3 8 11 10 7 12 17 16 10 10 15 15 9 23 19
8 13 5 1 13 2 2 1 7 10 15 13 5 1 2 8 5 2 5 16
12 35 22 18 23 21 18 31 22 16 27 34 23 12 25 36 31 6 39 38
27 24 39 10 16 31 34 28 18 14 30 41 7 29 17 38 33 15 29 44
28 33 49 27 18 31 26 42 32 18 34 47 19 30 43 47 48 23 55 45
12 32 20 16 16 20 1 23 12 16 33 36 6 2 12 30 28 7 31 43
33 49 21 27 50 35 37 22 38 43 41 47 45 19 41 41 37 21 47 43
27 50 27 22 32 30 23 37 22 34 50 67 31 15 45 58 30 21 64 61
5 4 6 5 9 5 9 14 1 3 10 26 8 9 10 11 10 9 18 21
21 33 15 13 14 16 13 15 5 22 31 41 16 11 17 31 9 8 23 48
15 16 10 2 20 9 7 1 5 15 16 19 13 6 7 3 14 9 13 14
1 6 1 1 8 1 1 5 4 1 1 1 7 1 4 6 6 1 8 2
2 2 6 1 6 1 4 1 1 1 3 8 7 3 1 2 3 2 2 6
31 28 42 34 41 39 42 44 26 28 30 48 42 36 45 54 47 34 59 48
1 11 1 3 14 3 6 13 7 9 1 11 14 2 11 13 17 1 17 9
34 50 31 25 42 34 27 26 24 36 51 53 26 17 19 39 37 22 42 60
4 22 18 12 23 18 19 24 19 8 22 32 22 16 9 34 21 11 33 28
36 43 33 16 48 44 50 51 38 30 36 62 33 38 41 58 53 15 50 40
4 22 8 4 24 11 17 19 17 16 18 19 17 12 20 25 19 1 25 17
12 43 21 39 29 23 14 40 32 20 32 43 31 9 30 52 39 10 52 48
25 25 18 3 37 26 37 25 16 18 24 39 27 25 25 35 24 22 35 39
5 8 13 7 2 3 5 8 5 5 10 12 2 6 9 10 15 3 9 21
11 31 15 14 23 15 16 14 12 16 28 38 27 13 5 23 24 14 31 40
26 37 28 15 35 27 29 23 21 27 30 39 32 26 30 33 36 18 42 34
10 36 23 16 24 21 22 32 20 19 38 44 23 21 23 39 34 15 43 45
11 19 16 13 12 7 2 6 6 12 15 17 16 6 5 14 16 8 14 25
10 7 13 4 8 4 11 4 5 7 10 17 8 14 7 11 10 4 7 16
40 52 46 25 29 44 33 39 35 42 51 70 22 23 40 57 45 31 56 75
1 8 17 17 4 5 6 15 13 2 9 24 8 3 11 20 18 14 24 29
5 20 1 8 22 9 15 16 16 15 14 21 18 7 15 18 18 1 18 16
6 10 9 4 10 1 2 11 4 7 5 16 9 3 12 12 20 6 11 15
16 34 18 18 26 14 5 7 15 20 32 25 23 3 9 26 14 12 29 38
23 48 27 23 47 37 30 37 37 22 38 56 33 16 18 56 33 18 54 58
6 12 10 5 14 1 10 7 7 9 16 17 11 8 6 9 13 7 8 21
4 15 15 6 12 5 8 7 11 3 14 9 9 5 8 13 15 1 12 15
29 31 24 1 32 26 28 27 23 20 29 40 14 20 26 41 30 8 35 27
28 36 34 19 39 30 25 16 19 27 39 43 31 24 23 32 32 25 47 34
24 47 24 36 36 27 27 38 30 37 31 64 40 17 33 48 49 27 50 63
23 32 31 19 26 25 16 33 16 18 31 38 21 16 27 34 40 21 40 45
14 26 23 19 22 11 14 30 25 18 22 39 19 11 31 37 32 15 40 43
28 47 23 25 22 28 22 31 15 37 49 65 30 20 34 47 24 28 58 68
21 14 24 7 20 20 28 20 11 7 16 26 15 24 19 27 24 16 25 28
7 15 9 5 9 11 11 20 1 13 22 27 5 13 17 17 17 5 20 30
12 37 19 21 25 20 5 17 16 15 35 41 21 3 7 29 21 11 40 45
23 44 27 19 37 26 17 23 32 26 37 36 20 10 17 39 35 10 36 41
2 8 4 1 18 4 9 7 2 7 5 16 17 10 4 11 10 10 14 9
1 20 15 17 11 9 7 18 17 5 14 17 16 1 12 24 22 5 24 24
26 34 24 14 35 18 19 17 12 22 30 45 27 20 20 33 32 13 38 36
14 28 21 14 23 20 14 24 18 11 27 40 10 8 8 32 29 7 29 41
15 21 19 12 15 14 13 21 11 7 25 31 15 17 19 31 19 5 37 26
4 23 11 7 23 9 19 18 14 12 22 29 20 12 13 22 22 10 24 29
26 25 28 5 32 28 31 31 14 16 20 42 19 28 19 37 32 21 35 39
16 34 25 17 24 25 14 19 27 15 37 32 14 10 15 34 18 9 35 36
12 28 19 18 21 16 2 17 24 4 24 20 7 4 4 29 23 2 26 25
5 12 11 5 8 3 1 1 3 9 12 7 6 1 1 6 8 5 4 14
2 14 2 1 8 1 8 7 5 7 15 11 7 6 3 9 5 1 9 15
9 17 14 5 17 7 8 5 13 6 14 12 8 7 9 17 12 2 16 14
6 10 10 1 9 4 4 10 5 6 12 10 3 7 8 12 11 1 9 12
1 8 5 1 1 1 6 1 2 1 13 7 2 7 1 5 1 1 3 13
19 15 31 14 18 22 24 42 12 14 18 40 12 25 39 42 38 24 47 35
7 7 8 3 7 3 4 8 1 5 5 10 6 7 10 3 16 1 9 13
21 33 21 17 36 21 20 21 16 29 25 31 29 16 20 20 35 17 28 24
9 14 4 1 13 6 2 14 4 11 17 24 2 2 15 16 14 2 19 25
12 30 19 24 24 18 18 30 21 14 19 41 25 15 25 46 35 2 43 39
30 56 32 18 41 37 27 32 38 33 53 58 20 13 21 54 37 15 47 62
22 44 31 27 34 28 26 11 33 27 48 41 29 12 17 35 19 22 39 50
14 27 8 9 27 9 11 10 15 17 15 25 20 8 15 26 15 3 26 26
2 16 10 3 16 7 7 18 12 11 12 15 13 10 13 21 20 1 24 13
9 32 16 15 28 16 10 23 14 16 29 39 25 12 15 34 24 14 43 37
11 20 11 6 13 22 22 27 1 18 31 46 14 23 20 27 16 15 34 37
11 26 20 14 26 15 17 21 15 11 26 37 23 20 19 34 26 13 41 31
2 1 1 1 5 1 6 3 1 1 5 15 5 1 1 1 4 1 3 14
9 15 12 16 13 1 5 9 5 6 12 22 18 1 10 17 9 9 17 26
16 19 17 4 10 14 20 17 3 11 26 38 17 23 10 25 22 13 30 36
32 34 37 12 16 38 28 36 16 23 39 47 7 28 30 51 34 10 47 51
14 31 21 22 29 19 17 15 9 15 32 42 29 18 1 24 23 20 36 43
5 23 13 15 22 10 12 15 14 7 13 21 26 6 9 27 15 10 25 22
25 28 24 11 23 25 20 36 17 18 24 36 15 21 37 42 34 14 45 41
11 15 11 1 6 14 14 18 3 10 23 26 5 14 16 14 11 3 18 28
33 36 29 19 48 36 35 34 10 29 33 59 39 32 17 37 42 30 46 47
28 33 27 13 33 38 44 30 17 22 43 60 36 39 28 42 21 29 55 51
17 32 32 26 30 22 16 21 22 8 35 48 23 21 11 40 22 14 46 43
2 2 5 5 5 1 4 8 1 1 6 17 5 7 6 9 10 3 14 14
37 56 47 36 32 33 22 30 17 37 56 62 40 32 33 47 47 38 62 73
29 46 22 26 32 40 31 40 22 25 38 56 34 24 28 56 26 21 51 57
8 13 16 3 11 6 8 14 9 6 14 7 4 10 13 15 17 3 17 14
1 3 1 1 3 1 4 1 1 3 7 8 4 1 1 1 3 1 1 11
5 6 10 1 13 4 10 9 4 4 7 10 12 9 9 11 9 7 8 9
9 18 8 7 20 8 19 10 8 7 15 29 18 13 4 23 9 8 18 28
33 54 38 21 33 36 44 32 25 30 48 57 43 43 35 51 43 17 54 47
34 39 38 37 48 35 31 49 23 31 28 73 43 25 35 64 41 44 57 72
8 31 11 4 15 15 15 19 11 20 30 29 14 10 14 25 16 7 22 32
15 20 18 11 12 14 13 28 7 10 13 26 18 13 26 28 25 8 31 32
36 64 38 37 58 46 38 44 36 48 56 67 42 26 34 58 56 27 63 66
11 7 10 1 13 6 15 5 1 6 10 26 10 11 5 5 14 8 7 22
29 49 23 14 33 23 19 24 18 32 43 53 20 11 23 42 25 13 34 60
1 15 11 16 22 14 16 27 9 8 14 39 24 16 14 30 17 22 39 36
3 19 13 13 10 7 1 20 12 6 18 21 10 1 8 24 24 5 23 30
1 6 1 1 6 1 1 3 3 5 6 7 2 1 2 3 7 1 7 8
19 39 38 31 29 32 26 28 12 19 42 64 36 31 11 39 36 34 55 63
6 9 12 7 10 10 12 19 1 5 16 30 14 15 13 20 14 7 25 25
8 10 11 12 8 4 6 11 1 4 10 19 13 8 11 13 12 5 16 25
15 35 19 17 19 16 24 17 16 15 27 43 30 16 14 32 28 18 40 43
45 36 45 12 39 41 45 44 21 22 35 58 27 41 40 46 58 20 52 47
6 22 12 8 14 9 8 17 4 7 19 24 18 5 17 27 8 4 24 28
7 9 10 4 16 5 12 6 5 6 9 19 10 9 5 13 9 8 10 15
40 48 46 28 40 38 41 24 24 27 52 66 37 34 41 49 36 32 62 55
48 53 44 37 56 50 53 46 24 47 45 60 51 44 44 49 62 37 54 60
1 7 9 6 3 3 1 6 7 4 10 6 5 3 1 12 6 1 8 14
17 29 13 9 31 18 23 28 15 25 19 45 18 6 18 30 36 12 23 39
5 12 10 10 7 1 4 1 8 5 10 11 11 4 1 11 4 1 9 14
1 8 8 5 1 1 1 1 5 3 7 5 3 1 1 7 8 1 7 15
40 54 44 41 60 49 39 43 26 30 41 69 51 39 23 58 48 35 67 63
4 26 6 11 30 13 22 22 11 13 18 39 32 12 14 30 18 11 29 31
19 18 21 4 7 21 23 24 1 14 28 36 9 30 20 20 23 10 30 31
18 34 19 16 32 22 21 37 24 26 28 53 22 12 33 47 30 17 47 51
4 19 8 7 19 3 6 10 15 6 11 11 16 1 9 19 10 2 17 14
1 1 6 1 9 1 11 6 1 4 8 12 11 10 1 8 4 7 8 13
16 17 19 9 19 12 18 14 9 13 19 24 15 15 18 13 25 16 21 26
10 19 20 15 26 21 28 30 16 6 17 36 24 24 20 32 28 18 37 31
15 34 23 22 18 23 16 22 16 10 36 47 17 15 6 40 18 8 36 49
23 59 28 32 47 49 30 54 34 30 56 69 39 24 25 58 45 30 66 69
39 51 48 40 43 32 21 39 32 40 38 67 35 16 36 58 53 38 55 68
5 16 5 2 1 9 6 14 1 11 19 24 6 11 12 17 6 1 18 30
27 26 31 9 30 29 31 27 14 18 35 45 23 27 31 35 34 23 47 34
45 51 38 16 49 47 47 47 34 36 37 56 33 38 46 56 58 17 53 45
2 7 5 1 13 1 5 6 5 2 6 5 7 7 6 7 7 4 10 4
2 10 13 9 6 4 2 12 9 1 14 12 4 7 6 18 12 2 19 19
20 41 28 26 37 24 17 28 21 30 31 33 31 18 22 30 42 20 42 35
33 53 27 24 41 37 34 17 17 41 55 70 46 22 27 38 19 38 57 67
31 38 25 22 47 37 47 44 24 34 36 64 44 38 38 48 36 44 59 60
1 3 6 2 1 1 1 2 3 1 3 6 2 4 1 9 4 1 9 8
2 5 4 1 6 1 2 1 1 6 5 6 7 4 1 4 4 3 3 9
1 11 8 4 10 1 6 7 9 8 15 9 4 5 5 11 8 1 9 14
6 11 3 1 6 4 10 1 1 10 15 17 6 8 1 1 8 6 3 19
8 17 6 7 7 4 9 1 4 8 15 23 7 5 1 14 8 1 6 31
10 17 20 17 19 5 8 22 11 15 10 34 20 10 22 24 32 19 30 32
19 31 27 15 14 19 18 7 9 19 30 31 23 23 8 17 26 16 26 37
1 7 10 11 1 1 4 8 3 1 9 21 4 5 8 12 11 5 12 25
6 4 6 1 10 1 5 5 2 2 4 7 5 5 6 5 6 3 4 5
26 53 33 35 47 28 19 29 27 37 42 50 44 16 31 49 41 26 61 52
16 15 16 7 11 15 15 15 6 10 13 22 12 13 14 20 12 7 17 25
18 19 32 16 9 20 15 24 10 12 28 31 11 22 20 28 33 12 33 36
10 32 34 19 17 19 12 37 28 14 32 38 11 16 29 45 44 11 48 36
2 7 1 3 7 1 1 4 1 1 1 11 9 1 2 9 7 1 8 12
23 40 31 24 26 33 36 48 22 30 37 62 31 33 44 50 49 24 58 59
9 13 16 15 7 3 7 7 6 4 10 20 14 7 11 16 12 5 16 25
6 10 14 16 4 5 12 19 6 7 14 31 11 12 16 18 19 12 21 37
5 10 10 5 10 1 4 6 9 4 13 8 5 6 4 11 4 1 10 13
1 8 7 3 6 1 5 5 6 3 7 8 6 2 4 11 7 1 6 8
14 8 16 4 8 8 9 11 6 5 11 11 4 13 10 13 12 4 11 14
34 56 29 26 44 28 32 28 29 37 44 61 38 17 34 51 39 23 50 65
4 1 7 1 3 2 9 2 1 1 1 8 4 7 5 1 8 3 3 3
27 38 27 18 42 22 22 13 19 24 34 47 36 20 21 36 26 21 44 40
31 43 46 39 30 33 27 45 37 24 39 61 23 20 30 58 48 24 47 70
23 38 29 21 25 27 23 18 7 25 43 50 29 29 12 28 23 22 37 51
13 27 20 17 21 15 5 17 13 18 26 20 21 8 8 22 26 13 25 32
22 29 23 15 30 20 22 19 9 18 29 46 24 22 13 26 31 18 31 46
4 4 6 6 20 14 18 19 1 4 7 27 22 20 3 22 9 16 26 21
2 3 8 2 3 1 3 1 1 1 3 9 6 4 2 3 4 1 5 9
31 43 32 27 40 35 37 38 23 32 42 69 37 24 48 53 31 39 65 67
8 10 8 3 12 3 5 17 4 6 6 22 5 8 14 21 21 2 21 22
2 5 6 6 4 1 1 5 1 1 3 17 7 7 3 8 6 1 16 15
4 10 7 5 11 1 1 6 5 4 10 15 3 1 4 10 12 4 10 17
4 13 7 1 13 10 18 10 2 7 20 21 10 16 7 11 5 7 14 20
24 21 19 6 31 18 24 14 11 21 20 34 18 13 10 19 24 17 11 33
5 18 9 7 20 6 8 10 13 8 19 16 12 5 5 18 12 8 19 18
24 36 32 20 30 17 12 18 10 18 35 40 29 17 21 35 26 17 39 33
13 16 11 3 12 9 18 5 4 11 20 30 16 19 3 10 10 11 20 27
11 1 13 1 1 8 10 12 1 1 5 11 6 12 12 6 15 5 9 14
10 21 7 2 15 11 15 18 7 10 16 25 12 14 16 21 15 1 24 25
22 29 21 14 23 26 27 31 11 23 26 37 25 23 29 29 37 15 34 39
37 48 46 34 41 41 26 36 22 27 41 69 33 22 23 57 49 30 54 59
4 23 7 10 6 9 1 13 4 10 22 25 10 1 7 25 8 1 22 35
1 5 5 1 4 1 1 1 4 1 6 5 1 1 1 3 1 1 4 8
6 28 24 17 26 23 24 27 22 10 24 33 28 21 18 39 26 11 42 24
3 13 4 8 11 1 1 9 1 5 6 14 17 1 7 19 6 3 18 19
1 8 10 4 5 1 1 6 6 1 12 4 5 5 3 15 5 1 12 15
31 53 34 17 44 35 36 41 31 31 43 60 31 24 32 58 42 14 48 49
6 7 7 2 6 5 1 13 2 5 10 15 6 4 8 15 8 1 11 18
10 9 4 3 13 7 18 3 3 9 9 25 12 9 1 9 9 8 5 20
4 6 6 5 11 1 8 10 4 1 8 13 14 4 5 12 7 7 9 13
7 19 20 9 14 9 8 6 15 10 21 15 8 13 8 18 15 5 20 21
9 11 6 1 13 3 1 1 1 10 11 16 3 4 1 3 8 4 9 12
9 30 17 16 26 10 14 16 20 10 24 37 23 10 20 36 21 5 40 32
18 31 13 7 15 22 15 22 6 23 38 44 17 16 23 32 16 6 38 43
15 24 19 2 14 16 11 13 14 12 32 27 7 14 14 28 15 3 29 22
3 4 1 1 6 1 1 5 1 3 5 12 1 1 1 5 6 1 4 14
15 11 11 2 14 9 17 9 3 9 8 22 8 11 9 10 19 2 7 22
29 23 31 12 24 22 28 19 9 14 18 43 21 26 21 31 28 12 31 30
22 18 20 7 14 23 16 29 11 14 21 35 4 13 33 32 25 15 36 37
23 27 21 14 27 18 12 14 9 23 25 23 22 18 15 11 26 15 25 28
27 39 39 34 34 28 16 19 8 25 36 44 39 23 15 32 32 30 42 49
4 6 1 1 8 1 1 2 1 4 5 8 1 1 1 6 6 1 2 7
33 32 36 13 19 34 34 15 8 22 34 47 25 34 10 26 34 28 35 51
1 8 3 1 12 1 4 5 5 5 6 3 9 1 4 7 6 3 7 6
2 3 3 1 10 1 5 6 2 1 1 10 10 2 4 7 8 4 7 4
31 44 35 21 44 40 45 41 31 27 29 58 37 35 35 57 49 14 50 42
3 4 7 1 5 1 3 5 2 3 4 5 1 5 9 3 11 1 9 7
19 28 35 23 30 24 23 35 19 25 23 50 28 25 34 38 49 28 48 33
9 16 14 10 14 5 12 10 10 6 17 19 14 12 11 16 13 4 17 23
16 28 29 13 10 30 19 36 13 13 36 34 11 20 27 40 26 10 44 38
32 28 48 21 28 36 41 48 27 14 28 57 23 41 46 55 54 29 59 42
1 5 6 1 6 1 7 6 1 3 9 9 6 10 4 9 5 1 8 13
1 1 6 1 1 1 1 1 1 1 1 1 2 4 1 6 1 1 3 4
1 7 4 6 12 1 6 10 4 6 7 15 7 1 8 7 14 8 12 14
26 44 32 26 45 28 21 29 11 28 35 44 45 20 25 37 33 29 47 44
11 22 29 10 18 26 26 28 15 4 33 44 15 29 13 35 28 12 39 36
9 5 6 1 8 3 8 2 1 6 7 15 1 10 5 6 11 1 5 12
36 53 30 19 40 49 43 43 28 38 54 65 30 30 29 53 32 30 45 65
20 17 30 13 19 22 27 37 14 11 16 37 22 28 33 38 37 18 44 31
42 55 45 32 42 46 34 38 27 38 62 60 36 33 38 52 44 30 65 60
10 6 13 1 8 3 9 8 2 3 9 11 3 8 8 10 11 3 7 14
40 50 47 30 50 51 47 48 29 35 49 79 40 44 25 59 55 44 60 72
10 22 15 10 5 14 16 15 3 11 28 38 16 20 8 23 13 10 31 39
1 5 5 1 6 1 1 8 1 5 6 6 4 7 4 10 7 1 9 8
1 6 3 1 5 1 1 4 3 2 3 2 4 2 3 9 5 1 6 3
6 22 10 12 12 3 8 3 10 7 24 21 12 4 3 18 2 3 17 30
8 26 20 17 29 20 28 24 18 12 15 33 33 23 19 34 26 13 38 30
27 36 24 32 52 31 34 44 19 30 20 69 46 20 33 52 44 35 55 60
30 26 39 16 27 36 28 31 23 11 24 38 9 22 15 38 39 19 33 37
5 23 14 12 22 14 18 16 17 8 16 27 20 8 10 26 19 5 22 25
43 58 46 28 36 48 26 47 25 37 53 66 23 25 35 58 53 24 63 77
24 34 31 12 27 28 27 31 23 18 23 37 19 13 19 39 39 14 29 43
17 18 21 9 1 15 22 13 3 16 22 31 17 24 13 15 22 17 22 38
10 15 16 16 14 2 5 15 7 9 17 33 12 8 13 20 23 12 24 38
1 5 3 1 9 1 4 3 3 1 6 6 3 4 5 4 6 1 6 3
30 35 41 21 34 38 31 33 20 21 43 52 23 34 22 38 43 28 54 51
20 29 10 11 34 25 26 17 4 21 30 53 31 22 3 21 18 25 32 49
31 36 46 26 34 49 34 56 25 13 38 64 21 37 30 63 51 27 63 62
9 24 22 21 11 12 12 20 16 15 26 33 14 9 15 25 30 18 27 44
29 45 24 17 42 26 26 20 18 28 44 56 35 17 22 42 28 18 47 49
28 23 16 18 37 31 34 38 1 18 13 44 39 35 26 39 25 31 43 42
29 45 37 31 36 45 36 47 11 32 49 68 39 36 29 47 43 41 58 71
2 10 4 3 18 10 20 18 1 3 13 32 20 21 7 18 11 12 25 30
30 43 23 16 47 24 31 23 29 31 28 50 33 12 28 40 35 21 36 48
41 59 54 43 54 50 31 47 37 32 57 67 47 35 44 69 49 39 79 70
1 1 1 2 5 1 2 9 1 1 3 10 2 3 4 7 8 3 10 10
17 41 17 23 37 12 17 18 19 24 30 47 32 7 24 36 28 16 42 46
4 8 10 1 12 10 11 11 1 5 15 19 8 16 8 14 8 6 19 12
22 38 28 22 26 25 19 25 11 26 44 43 21 20 22 28 33 19 40 54
11 17 18 11 12 7 14 10 7 5 14 16 15 14 14 16 16 5 17 21
32 37 29 24 48 41 42 39 20 35 30 49 45 38 36 37 47 34 53 40
5 18 18 6 19 12 13 12 11 4 23 27 14 15 5 23 17 8 25 20
1 3 1 1 7 1 2 1 1 1 3 2 2 1 1 3 2 1 3 3
27 54 21 21 37 32 24 22 15 35 54 57 40 14 24 43 16 27 50 60
11 16 7 4 20 7 10 15 9 12 8 21 14 1 8 19 19 4 12 23
21 19 16 3 29 23 35 18 9 13 15 38 21 25 9 22 16 18 17 35
35 34 42 20 24 41 23 37 15 26 36 48 11 19 22 41 47 21 40 55
1 4 1 2 7 1 3 6 1 3 1 10 10 1 4 4 10 2 8 10
39 62 44 35 42 45 38 44 23 44 53 72 42 32 25 52 56 34 58 77
4 23 11 16 19 5 8 14 15 10 18 22 17 4 14 23 19 8 27 29
3 2 6 3 6 1 5 5 1 3 1 13 8 4 7 4 12 3 6 12
14 33 21 14 24 16 9 19 23 16 28 28 17 7 17 28 31 3 33 36
20 24 15 5 32 20 25 14 17 18 19 43 21 16 14 26 18 13 28 34
1 1 1 1 2 1 1 5 1 1 2 7 2 1 1 2 5 1 3 11
8 9 9 3 11 3 6 4 5 7 9 16 6 7 5 8 10 3 8 14
32 28 30 5 23 28 38 28 16 18 29 50 17 33 22 36 33 13 27 39
43 52 43 22 43 45 43 51 18 32 54 76 42 46 53 62 49 36 74 63
4 23 18 17 22 16 15 29 20 4 25 34 16 9 12 33 25 13 36 32
45 61 35 19 45 43 47 21 28 47 59 72 55 30 33 51 30 41 59 69
1 10 9 9 8 2 4 9 7 4 10 12 9 2 5 12 11 4 12 20
5 9 9 4 8 1 3 7 7 4 6 10 7 3 6 13 9 1 8 14
21 36 29 8 14 27 24 29 16 13 46 43 13 31 24 39 28 5 39 42
29 34 25 15 35 32 25 33 16 29 22 39 28 25 27 34 43 14 38 38
35 46 45 24 41 42 36 39 21 30 51 57 38 35 41 59 41 32 68 57
3 7 4 2 10 1 8 3 3 7 9 15 7 3 1 6 9 7 5 13
25 53 21 36 54 31 28 29 32 38 38 55 51 16 34 45 41 27 58 48
3 8 3 3 8 1 9 9 1 6 10 20 7 7 8 6 14 5 9 21
8 12 6 1 14 2 7 9 6 7 11 15 8 7 10 9 15 1 11 19
14 15 8 1 20 7 10 4 11 14 15 18 10 7 11 11 11 7 12 14
9 8 9 8 9 4 4 17 3 6 8 20 9 10 14 16 19 5 19 24
2 6 2 1 11 1 7 7 2 5 7 14 6 4 4 6 10 4 10 12
15 12 19 1 13 20 28 21 2 9 20 37 14 31 15 20 19 17 27 29
2 26 16 18 12 12 7 21 19 2 23 23 14 6 5 33 18 1 30 33
4 10 3 6 3 3 9 1 1 7 10 16 9 7 1 5 4 3 5 20
37 42 36 9 28 44 49 29 15 33 48 61 39 49 24 42 31 40 54 60
1 4 1 1 5 1 1 1 1 4 6 11 3 2 1 2 6 1 6 11
24 41 32 36 34 22 18 20 29 28 38 56 33 7 26 39 31 32 49 61
1 7 7 1 11 1 11 7 5 5 4 11 11 10 9 12 10 3 11 7
24 24 39 28 23 24 28 27 11 15 24 46 28 29 31 39 35 33 48 50
31 44 40 32 28 35 19 48 30 40 28 59 30 14 40 53 58 28 54 55
1 13 8 7 8 6 6 13 8 3 20 17 7 1 5 17 9 2 17 26
29 46 39 32 42 40 27 29 22 29 51 54 37 28 15 42 35 29 54 51
20 33 30 15 18 26 26 31 25 15 30 31 16 23 25 32 37 12 36 39
28 47 23 24 50 40 40 50 33 32 35 69 39 26 42 64 46 17 64 51
33 54 38 25 50 41 32 38 39 38 38 50 30 20 31 44 58 20 45 46
6 7 16 5 8 7 9 11 6 5 15 16 9 14 7 18 7 5 15 14
13 18 5 1 21 6 15 4 8 12 15 21 9 8 9 11 13 2 8 21
15 34 33 28 22 12 10 25 20 15 31 46 20 13 24 38 36 18 46 52
11 11 12 1 10 13 14 17 2 6 14 32 6 12 8 24 17 2 21 21
29 39 34 14 16 24 29 18 11 26 31 35 36 27 22 34 29 23 37 44
34 42 36 16 30 34 42 11 27 30 45 42 32 31 26 35 21 29 44 42
15 11 11 7 14 9 13 7 4 7 5 18 12 9 9 12 13 3 8 19
42 68 55 50 49 44 13 49 40 34 61 68 39 26 39 67 58 33 79 76
1 1 1 1 1 1 2 2 1 1 1 8 4 4 1 4 4 1 7 7
16 23 13 8 32 12 17 19 12 19 21 34 25 11 16 17 28 15 25 28
22 22 25 25 30 24 28 23 9 11 22 43 34 27 15 35 16 25 40 45
28 42 32 26 38 28 17 23 15 30 41 38 24 16 13 33 35 22 34 43
27 54 29 33 41 44 31 46 35 37 49 50 36 28 37 49 52 20 55 50
1 14 5 9 9 2 9 13 3 6 19 27 11 3 6 16 12 8 16 33
14 35 15 10 23 20 24 11 14 18 37 42 27 20 9 31 9 15 39 42
3 19 23 21 25 17 16 33 19 6 15 35 20 19 17 40 29 22 44 35
20 35 39 28 12 31 15 49 23 18 37 48 12 20 38 52 44 18 56 59
41 60 35 16 52 48 58 31 39 46 47 71 53 36 29 56 41 39 56 66
19 26 12 7 35 17 21 12 18 20 28 37 25 9 20 28 12 18 33 32
1 14 9 9 9 3 4 10 10 5 15 13 4 4 8 15 16 3 18 19
4 11 5 5 12 1 1 9 1 1 6 18 15 3 6 16 7 2 17 19
16 25 21 19 26 12 11 18 11 19 18 31 28 13 16 19 31 21 29 29
4 5 11 4 4 1 4 7 5 4 6 5 4 6 6 10 9 1 6 10
1 1 1 1 8 1 5 4 1 1 4 14 3 1 2 2 6 3 7 7
24 35 36 22 19 33 22 38 19 13 33 47 20 24 27 50 33 13 50 51
1 12 5 1 16 1 5 4 7 5 10 11 8 4 5 9 10 3 13 8
20 24 17 3 27 17 19 21 16 20 24 31 14 19 24 27 29 5 30 23
17 22 21 11 20 18 26 24 3 9 23 43 27 29 21 29 20 19 39 37
5 10 8 6 4 2 2 8 6 6 14 17 2 1 2 12 12 2 10 23
43 55 44 22 51 43 44 38 29 35 51 67 37 36 39 62 42 31 58 65
28 35 25 12 31 24 34 21 15 21 21 43 28 22 21 31 36 18 30 43
4 11 5 5 10 3 2 3 7 7 9 6 9 6 7 8 4 1 13 11
5 18 16 10 6 10 5 12 11 8 22 20 4 4 5 19 14 4 15 27
47 59 36 39 68 51 51 38 38 51 42 72 59 28 50 52 56 41 67 60
16 29 23 20 21 9 6 10 15 13 26 26 18 7 10 25 19 9 23 36
19 11 24 1 7 17 25 21 5 1 19 28 5 30 21 20 25 3 24 16
2 10 6 4 10 2 2 4 9 6 11 4 6 2 4 10 5 1 10 11
18 23 22 7 12 15 20 16 9 11 22 29 13 22 13 23 25 8 26 37
5 3 4 1 7 1 5 6 1 5 6 12 8 6 1 7 5 4 8 13
14 36 16 13 23 12 20 12 17 20 27 31 27 17 14 24 17 10 30 33
32 21 26 12 29 28 32 33 11 25 23 39 22 25 31 33 39 23 34 41
26 40 39 29 27 41 27 44 33 29 39 55 28 22 46 57 33 34 66 55
37 59 10 11 37 43 42 38 25 51 50 64 37 20 32 49 32 23 47 60
13 19 23 12 17 13 19 18 10 6 21 39 17 21 22 29 23 11 38 26
1 9 6 4 5 1 1 2 4 5 10 3 5 1 1 8 6 1 4 14
31 36 26 14 27 27 26 15 10 29 43 52 28 29 13 20 28 21 39 46
27 30 30 10 25 23 21 31 13 19 22 39 18 20 26 43 33 8 35 37
27 62 27 33 55 42 37 39 34 38 52 70 49 21 42 65 37 21 66 67
28 52 34 31 44 25 16 21 28 27 46 52 38 13 26 43 35 22 51 55
22 30 18 23 44 27 34 37 13 20 16 41 44 30 29 41 26 28 48 39
8 16 7 1 26 11 22 16 9 10 20 31 18 18 11 19 13 13 23 24
27 17 26 8 23 22 29 27 4 12 20 42 19 30 27 26 39 18 34 33
1 10 5 1 9 1 4 7 5 5 13 10 5 5 3 9 10 1 9 17
3 25 17 16 15 15 14 23 23 9 21 22 14 6 12 29 25 3 26 26
54 36 51 28 53 50 55 40 21 41 41 70 41 50 35 50 51 49 49 66
23 37 23 11 34 17 20 22 21 22 28 40 22 13 22 43 21 9 32 41
28 20 39 26 21 24 26 40 10 20 22 56 25 29 37 42 47 35 52 54
30 48 37 28 35 28 24 27 18 28 48 55 32 28 30 43 40 23 56 54
24 27 19 10 35 19 24 12 12 19 25 47 27 19 19 31 22 16 36 36
22 42 26 28 45 40 36 52 26 34 36 67 41 27 43 54 43 34 67 62
22 40 28 22 34 24 20 28 24 22 34 48 27 16 26 45 41 16 50 42
12 26 22 16 13 17 13 21 17 7 25 38 7 10 2 34 24 1 27 44
5 10 7 7 18 4 8 11 8 8 10 26 9 6 10 13 15 14 21 18
12 24 14 13 15 11 13 12 1 12 27 36 22 12 13 25 4 13 25 37
15 25 25 12 16 13 14 23 10 8 22 35 19 18 26 36 27 4 38 28
34 33 45 24 24 32 33 30 19 18 45 49 21 34 32 49 31 20 52 51
1 8 1 1 8 1 4 5 3 3 9 8 3 2 3 4 8 1 6 11
5 16 7 8 13 5 11 15 10 10 8 22 19 9 12 20 17 1 22 22
12 31 15 11 27 14 20 11 18 19 31 37 20 13 17 26 21 20 36 36
1 13 1 3 20 3 11 8 9 6 8 15 19 4 8 11 10 6 18 10
6 13 13 6 8 4 2 10 11 3 8 6 5 3 8 19 13 1 11 13
15 6 17 2 6 12 14 16 2 8 10 15 4 16 17 9 22 10 15 22
7 15 22 12 14 7 13 28 13 5 21 39 9 16 24 33 26 12 34 34
21 15 23 7 17 16 20 15 7 12 12 27 14 21 16 24 24 8 19 20
2 15 2 9 14 2 6 10 6 6 5 14 19 2 11 18 9 1 19 16
5 22 10 9 11 6 9 8 10 9 24 22 11 12 6 21 3 2 21 30
9 13 19 9 3 12 8 15 7 2 14 17 7 8 9 18 16 3 18 26
9 13 7 11 9 4 5 9 1 10 12 26 14 4 5 9 14 7 14 30
5 9 7 9 12 1 6 12 7 8 9 19 8 1 10 9 16 10 15 15
34 58 40 30 48 40 28 38 28 40 49 58 38 26 28 54 49 22 57 58
12 11 17 7 21 15 25 21 2 7 14 34 18 24 18 16 27 24 28 30
15 15 13 4 12 11 14 11 1 13 22 25 8 14 8 7 19 9 11 27
14 23 18 21 26 14 12 30 16 24 16 42 23 5 24 28 39 21 33 38
34 53 46 33 43 41 34 31 43 17 54 59 34 27 32 60 32 20 64 51
18 31 25 20 27 22 22 35 30 23 21 32 20 19 41 40 43 15 47 35
33 47 46 28 35 35 23 41 25 24 36 52 28 22 32 59 50 12 53 49
23 36 34 26 28 24 23 29 14 26 45 55 26 29 23 33 36 28 46 55
49 58 45 28 43 43 40 33 22 46 56 61 46 37 41 50 46 38 64 66
8 29 9 13 23 19 13 29 11 25 25 36 24 10 23 26 29 9 35 38
14 25 16 14 19 17 8 17 1 18 30 34 19 15 6 20 19 12 30 35
2 8 2 5 12 1 5 10 3 6 8 15 7 1 8 7 15 7 12 14
20 37 12 15 34 27 20 30 7 24 32 45 37 20 25 42 13 24 47 43
25 34 32 27 36 45 45 46 27 15 27 55 39 41 32 57 42 17 59 37
37 67 29 39 59 51 33 47 27 47 60 73 61 23 40 68 34 41 74 73
37 31 36 24 27 29 30 32 1 26 35 62 31 33 34 39 37 35 48 61
25 23 26 2 17 26 34 6 1 20 26 36 29 36 7 13 22 29 29 32
14 45 21 37 42 36 31 44 38 20 37 53 37 24 24 50 46 18 53 51
3 1 1 1 2 1 1 3 1 3 4 9 2 1 1 3 2 1 1 13
9 16 7 1 16 10 18 13 7 11 24 32 12 18 8 14 8 11 22 26
34 42 34 18 35 36 37 19 16 28 42 46 36 34 23 30 32 33 48 48
6 7 8 1 6 6 14 7 2 6 14 23 8 15 3 11 8 6 12 17
15 17 23 11 9 16 16 30 10 9 16 23 14 17 27 30 28 11 32 33
18 45 31 36 33 26 19 37 33 29 25 56 29 7 26 50 51 18 48 59
13 31 28 32 18 15 9 23 18 10 32 41 18 10 13 38 27 11 39 50
30 42 50 26 30 44 34 48 33 13 41 47 23 39 33 56 54 19 62 41
11 15 12 7 18 4 5 6 7 11 15 21 10 6 6 8 15 10 14 20
10 33 5 10 29 19 17 29 17 22 23 43 23 3 26 38 21 6 38 37
29 55 32 41 34 37 21 50 33 35 44 70 41 8 46 69 36 34 71 71
17 33 29 25 11 24 4 35 18 19 37 49 6 6 23 43 32 13 43 56
5 12 13 9 9 7 13 21 4 9 17 32 8 16 16 22 19 11 24 31
23 42 5 17 48 42 43 46 22 35 35 60 41 25 31 54 21 23 50 51
33 45 37 21 32 34 32 30 34 24 36 44 22 17 29 50 38 14 45 56
35 37 36 32 42 36 34 36 15 23 38 71 41 39 29 54 33 35 55 58
37 48 38 27 49 35 24 30 13 35 44 62 39 24 19 47 37 30 51 54
37 53 29 20 47 41 41 32 21 38 45 62 49 27 42 50 27 31 58 54
9 16 15 14 10 1 1 1 3 7 11 19 15 1 6 15 6 5 13 25
25 46 31 17 27 27 28 27 28 18 47 48 27 26 28 50 26 9 52 44
22 31 16 12 30 11 16 17 12 22 20 37 23 9 15 29 25 10 21 40
25 39 35 27 40 28 28 27 13 20 33 47 41 27 26 37 39 32 50 51
31 19 31 10 21 23 28 24 6 10 19 40 17 27 23 33 29 14 34 33
1 3 8 4 3 1 1 9 1 2 6 14 1 6 6 10 11 2 16 16
38 58 47 26 29 36 31 21 29 31 55 53 36 34 19 46 38 25 54 61
28 35 28 15 25 21 19 22 7 22 32 50 20 21 19 37 27 13 32 51
26 44 40 24 25 39 25 51 24 17 41 57 18 25 37 59 54 10 63 55
3 13 3 1 13 1 1 6 4 5 6 13 9 3 3 15 9 1 14 16
3 11 3 3 12 1 3 7 5 2 12 20 10 1 4 13 3 1 15 20
34 43 32 13 34 38 38 35 26 27 41 51 26 28 41 55 30 14 52 50
5 9 8 4 11 1 8 4 5 9 8 12 11 5 1 8 9 9 4 11
25 50 18 16 39 44 46 45 26 38 47 63 43 36 41 55 25 27 64 55
4 6 2 3 13 3 6 7 1 7 8 20 13 2 2 4 12 10 9 19
34 36 42 24 23 35 19 42 16 34 33 57 15 23 30 44 47 27 47 61
23 39 27 21 46 28 34 38 36 31 24 58 34 19 33 53 40 30 50 49
23 28 17 1 27 22 30 22 9 19 29 46 20 23 12 31 27 13 27 33
27 38 10 12 22 27 28 25 8 30 41 50 27 24 24 29 15 20 34 49
40 58 45 36 46 40 35 39 28 37 52 76 42 26 40 57 49 41 66 78
5 9 7 3 10 3 5 5 3 9 11 11 9 2 1 8 7 8 5 14
5 6 12 4 3 2 4 2 5 3 5 7 4 5 5 9 9 1 5 9
30 39 41 20 27 41 37 36 23 23 51 60 22 35 32 46 42 30 58 58
23 29 31 10 16 25 27 18 18 14 35 37 10 26 9 31 23 8 27 38
10 7 16 8 10 6 11 13 5 1 6 18 9 8 14 15 20 7 16 21
2 3 6 1 5 1 1 4 1 2 3 4 5 7 5 6 8 1 8 8
11 16 22 23 7 9 13 18 10 10 11 46 22 13 19 26 20 23 33 38
6 10 11 5 6 2 5 4 4 5 11 13 9 4 3 10 7 4 6 19
25 47 34 21 31 27 19 25 21 23 45 46 28 20 27 43 34 16 54 55
3 8 11 1 12 4 11 17 4 6 15 23 9 13 11 19 18 4 20 18
22 15 22 8 17 20 24 23 9 12 19 35 17 25 27 27 26 16 39 31
24 29 22 5 25 17 25 18 15 18 27 39 12 15 14 24 26 11 20 44
17 18 11 7 24 11 21 15 12 14 21 35 13 11 20 23 20 11 22 33
4 9 11 12 10 1 10 19 9 8 10 30 8 11 17 20 23 12 24 26
12 17 10 5 22 6 12 16 11 13 13 21 12 10 20 14 25 9 21 15
6 7 11 1 1 1 8 1 1 3 11 11 1 9 4 3 9 1 2 16
27 57 43 40 43 34 30 43 42 26 51 73 34 23 39 66 51 25 73 60
1 1 1 1 1 1 1 4 1 1 3 5 1 1 1 5 1 1 4 10
1 1 9 7 1 1 1 10 2 1 2 17 2 3 7 13 12 5 15 15
4 13 8 10 15 5 14 9 3 7 14 33 18 14 5 15 13 12 21 28
1 15 13 8 5 8 2 10 9 4 18 13 4 2 1 17 9 2 14 21
9 20 10 6 18 4 13 3 8 8 19 23 12 8 4 14 13 6 10 25
8 11 9 1 1 13 16 12 1 8 22 30 5 18 5 15 8 4 20 23
41 46 41 26 29 29 27 14 9 34 47 58 42 32 19 32 35 34 43 63
12 18 16 1 15 16 15 15 11 11 28 29 9 13 19 28 10 4 28 23
13 27 13 11 22 27 28 39 7 23 30 57 28 26 25 38 24 30 50 52
23 36 22 19 42 28 28 28 19 28 24 40 39 23 28 28 40 22 42 34
16 19 6 4 22 10 6 1 8 18 16 18 12 1 4 8 11 6 10 21
25 44 20 22 54 35 36 33 32 28 24 48 41 18 20 53 29 24 44 44
15 26 15 13 16 10 17 9 6 16 20 26 28 15 13 20 12 14 24 31
35 38 26 15 42 31 30 26 34 35 31 38 25 19 29 38 31 22 29 36
23 31 20 22 43 33 32 31 16 23 17 40 40 27 22 37 31 27 41 33
7 10 3 1 10 7 7 11 3 5 13 22 2 1 3 14 8 1 10 23
44 43 48 19 35 45 40 44 33 34 48 59 17 33 42 58 51 28 54 63
31 55 20 28 44 35 33 27 32 44 49 56 41 24 31 38 41 24 54 55
5 17 8 5 10 6 4 9 8 9 21 17 5 4 4 16 7 4 15 21
13 33 12 15 23 16 18 20 13 19 36 45 23 14 21 35 10 13 40 46
26 34 34 24 28 28 26 27 25 20 34 45 26 22 32 40 33 28 51 50
12 40 13 28 40 25 26 28 33 21 26 38 39 17 23 41 30 12 45 30
6 8 14 5 11 6 13 11 6 1 16 23 10 17 10 14 14 5 18 18
26 35 31 28 30 19 22 22 16 24 34 48 32 22 33 34 29 28 41 49
5 13 7 1 17 3 10 13 6 10 13 19 14 6 9 15 15 7 12 16
2 6 2 5 4 1 8 6 1 2 8 21 7 3 3 7 8 3 7 23
31 51 33 30 47 27 21 22 26 33 40 46 42 15 30 42 37 21 48 48
29 51 41 27 20 41 35 38 25 38 55 77 38 35 24 53 43 42 65 76
41 31 37 12 20 30 37 21 3 27 32 55 21 37 23 34 38 25 41 54
1 12 2 3 10 3 6 7 5 4 16 15 10 1 3 13 1 2 12 19
2 15 9 2 12 12 11 23 7 9 14 24 16 9 16 28 13 2 26 17
8 9 6 1 10 6 12 12 1 2 14 26 4 13 9 16 16 1 19 18
3 13 1 1 19 3 10 9 11 8 12 17 13 2 13 16 10 4 22 16
37 45 46 32 40 38 33 30 26 26 42 67 31 28 28 48 46 33 60 69
13 20 10 1 21 9 10 18 10 15 13 25 9 6 8 25 21 3 16 26
1 1 5 1 1 1 3 1 1 2 4 8 1 9 1 3 3 1 3 9
1 1 4 2 3 1 5 10 1 1 2 17 3 4 7 6 10 5 11 14
16 23 17 5 10 10 18 3 8 16 27 26 13 20 5 9 14 12 16 27
22 19 16 8 25 17 24 15 12 14 16 31 18 16 15 21 19 11 23 30
26 47 50 41 33 42 32 60 48 20 43 62 26 32 47 67 65 19 68 51
29 38 45 34 17 41 36 52 27 26 37 65 30 30 42 53 50 41 59 69
12 12 12 1 11 10 17 11 7 5 19 14 7 14 15 14 12 4 16 22
14 38 17 10 21 20 21 20 23 23 36 34 18 17 14 31 24 9 37 37
6 3 7 1 4 4 4 7 1 2 6 17 1 8 3 14 5 1 9 13
7 16 14 10 11 8 9 4 10 9 18 19 11 4 1 12 12 9 11 21
7 10 7 2 3 5 12 8 1 8 14 18 10 13 6 6 10 5 10 25
3 11 2 1 16 1 2 4 3 9 14 13 9 1 1 8 9 6 13 15
25 37 28 16 15 33 33 34 8 24 40 50 27 34 30 39 26 22 49 55
23 29 16 11 31 15 18 2 8 20 26 39 25 13 8 14 18 14 23 38
14 16 20 1 9 14 25 12 3 13 20 29 17 28 11 16 20 14 22 25
1 5 6 2 1 1 4 1 3 1 10 8 1 2 1 6 3 1 3 15
8 9 6 8 9 1 1 1 1 3 3 17 12 1 4 13 4 2 10 18
6 24 18 13 17 7 10 9 13 11 25 26 15 14 7 21 18 7 25 32
8 20 3 11 26 7 15 19 8 12 8 37 24 6 14 27 22 7 30 30
12 21 12 8 21 9 14 7 15 14 23 26 8 6 7 18 15 7 16 28
25 36 33 18 26 25 19 37 32 26 31 48 19 18 41 48 43 21 52 37
4 13 13 7 9 5 3 3 7 6 12 14 8 1 1 11 12 6 8 16
15 32 25 25 28 13 12 11 12 14 31 45 25 11 13 27 24 20 38 44
39 31 48 30 37 42 34 42 11 33 43 58 37 42 41 54 40 42 58 58
33 51 36 17 23 42 31 36 29 32 53 60 12 22 28 48 36 18 44 66
21 28 20 15 20 12 11 17 2 18 28 42 22 16 19 29 20 13 29 45
19 26 22 10 18 17 22 14 16 13 32 27 12 22 13 24 16 10 25 32
21 31 34 28 22 19 11 22 5 17 36 52 27 16 20 38 30 22 45 50
19 34 28 19 32 28 23 32 31 16 18 39 16 12 19 41 41 9 35 33
29 49 28 14 25 38 33 49 25 31 51 55 24 32 48 54 39 9 59 48
9 18 16 12 15 9 9 5 5 11 23 29 18 11 1 15 14 12 20 32
1 1 1 1 2 1 4 1 1 1 2 8 1 2 1 1 1 1 1 4
34 66 33 43 55 38 29 41 49 34 58 62 44 23 34 62 47 19 60 65
31 32 43 13 27 48 44 52 17 15 43 56 24 48 41 56 42 24 64 50
31 33 38 13 16 38 31 47 16 16 41 46 15 35 44 47 38 13 54 44
35 38 33 17 39 40 43 38 15 26 36 62 32 36 23 43 42 36 48 62
20 26 23 18 23 14 19 22 21 24 20 46 14 11 22 27 32 23 25 43
19 41 27 24 35 20 24 28 26 24 23 51 28 11 22 47 37 14 39 49
6 7 14 5 10 4 14 8 6 4 11 16 11 15 9 14 11 7 12 16
13 21 11 5 7 9 13 8 1 14 25 33 15 18 4 10 16 11 22 37
5 9 4 6 19 8 12 17 6 4 15 30 14 6 11 16 11 12 24 25
32 52 30 22 49 39 35 24 37 37 50 56 33 10 27 51 28 26 45 57
9 17 7 4 18 7 14 2 4 14 21 22 13 9 1 4 11 13 9 19
27 35 27 15 30 25 35 7 19 23 35 44 32 28 20 29 12 22 39 39
16 36 8 17 49 30 35 28 30 30 25 43 44 17 29 39 26 22 45 32
3 6 10 6 5 1 6 1 5 1 8 8 9 5 4 7 4 3 4 12
2 4 8 1 6 1 2 3 1 4 6 7 4 9 2 7 8 1 7 9
2 7 4 2 6 1 2 6 3 5 7 6 4 1 2 10 6 2 5 10
40 60 32 31 45 41 41 24 29 46 59 76 44 22 33 51 29 38 60 78
21 25 17 1 22 19 21 19 11 23 26 39 11 17 12 25 19 11 15 40
34 36 45 11 20 49 44 45 12 20 50 65 23 47 31 49 45 29 60 57
1 1 2 1 3 1 2 4 1 2 3 8 3 1 1 4 4 1 2 8
32 51 41 36 55 49 33 49 31 29 48 55 44 34 22 52 47 35 61 58
18 38 18 30 25 26 21 49 22 30 28 59 33 16 44 53 32 21 58 53
1 2 1 1 4 1 1 1 1 2 2 3 3 1 1 1 1 1 1 6
5 27 10 10 27 16 13 30 12 18 23 35 24 8 21 31 25 17 37 33
21 40 15 16 42 26 31 32 35 29 31 47 27 13 28 48 32 9 43 42
1 5 8 3 4 1 1 5 4 2 7 8 1 3 5 7 8 1 7 10
11 26 6 8 19 17 16 10 15 21 32 29 16 3 17 22 3 8 24 35
32 29 32 17 42 40 42 34 29 27 28 42 29 29 37 48 40 27 51 39
25 16 29 28 31 23 29 35 8 16 16 62 34 32 29 43 32 35 50 50
16 29 18 7 31 20 18 19 12 20 30 44 19 16 11 32 21 13 33 39
9 18 3 7 12 4 10 12 4 10 17 29 12 11 9 12 16 9 22 32
16 35 13 16 35 24 18 28 4 22 36 52 34 18 20 40 12 23 44 49
15 49 31 33 43 34 18 34 35 20 38 48 35 22 16 47 45 15 56 40
11 23 23 12 19 15 14 17 21 7 22 16 14 11 17 23 23 7 25 23
