1000 20 11 1962
4 7 31 3 4 14 8 10 4 7 6
3 2 13 6 3 0 3 6 3 6 3
3 2 6 13 4 2 7 11 2 7 5
0 2 6 3 8 3 1 1 3 3 4
4 1 21 24 9 3 7 8 10 1 5
15 5 10 11 10 5 8 17 13 7 2
0 0 5 2 8 3 1 2 3 2 6
0 2 13 6 7 3 9 5 10 5 4
7 11 7 6 9 3 8 5 2 3 8
0 1 1 7 8 1 4 6 3 4 5
4 15 3 12 3 9 5 9 3 1 7
6 13 20 3 20 4 12 7 16 3 6
2 6 1 5 5 6 2 2 1 2 2
9 6 12 17 1 1 7 7 8 12 7
10 1 11 1 5 10 22 4 4 3 6
1 12 14 10 1 2 9 2 9 8 10
2 7 8 1 1 1 9 4 8 2 8
2 3 3 4 3 2 3 1 7 2 10
11 7 5 19 1 20 4 12 14 4 14
9 30 7 7 3 12 7 11 6 2 3
4 1 2 2 4 1 2 8 2 13 2
8 3 0 9 20 0 4 3 5 10 15
1 6 10 3 5 16 0 6 17 13 3
12 7 1 4 7 3 6 21 8 3 11
0 0 2 5 7 1 4 5 10 2 13
4 12 3 6 11 4 22 1 19 17 3
6 15 3 12 4 10 14 10 1 15 4
1 6 0 6 3 2 2 5 2 3 3
1 11 6 10 2 3 3 4 6 5 2
2 4 11 4 3 1 6 6 0 12 3
3 6 6 2 4 5 3 5 5 24 6
5 4 5 14 7 4 10 10 3 3 1
6 10 9 1 5 0 4 6 4 3 7
14 6 19 10 13 3 11 5 2 10 6
5 6 4 4 3 3 10 4 8 1 7
11 9 5 0 17 9 15 3 1 1 4
2 5 7 2 12 2 6 5 6 5 8
6 8 13 3 6 10 4 10 15 2 2
5 1 1 24 7 15 14 9 2 5 1
17 6 7 10 2 3 13 1 1 6 5
3 8 5 13 0 15 13 9 0 0 7
16 12 8 5 1 12 0 1 0 5 7
4 2 3 0 1 4 5 3 1 4 1
5 4 2 1 2 5 4 10 0 3 8
3 11 4 3 0 9 4 10 13 4 10
8 4 11 24 10 12 4 5 4 20 3
1 26 3 10 16 3 6 7 4 7 3
4 19 9 18 2 3 2 3 3 14 1
0 8 2 1 1 5 2 2 11 3 7
10 2 0 3 0 3 5 3 5 4 1
11 8 1 3 8 8 1 1 7 9 1
11 7 4 8 2 5 17 14 1 4 2
8 2 1 0 1 5 1 0 4 2 3
12 12 4 10 4 12 13 7 7 3 5
15 14 11 4 5 11 5 10 1 8 12
4 7 11 11 10 1 9 8 1 16 11
12 1 5 14 7 6 20 12 8 18 5
2 2 1 4 7 6 5 4 0 0 0
7 11 23 6 9 10 2 7 16 11 1
4 3 0 3 2 5 3 3 5 0 6
1 15 13 2 8 1 9 17 4 11 15
12 3 1 0 2 4 20 20 12 8 8
9 0 5 3 1 7 1 7 7 1 1
19 6 7 1 4 11 7 12 16 1 11
1 9 8 8 7 0 3 8 4 8 4
4 12 1 20 2 0 8 1 6 16 1
12 3 6 7 1 14 9 7 1 3 3
3 5 3 1 11 4 15 3 1 3 3
1 4 12 3 11 14 5 8 4 10 11
7 1 6 7 0 2 3 1 1 6 7
8 8 7 3 12 15 2 6 14 16 9
4 7 5 3 4 7 2 2 2 2 1
2 6 7 5 16 1 6 4 7 3 7
8 3 4 2 18 18 8 2 2 0 7
6 5 8 1 1 5 12 10 2 2 8
14 1 10 19 2 7 6 9 12 3 3
1 2 1 0 4 14 2 7 12 4 1
2 7 3 2 1 0 0 9 5 4 4
3 5 11 8 14 10 5 17 12 6 6
5 5 1 2 4 4 5 5 2 1 0
6 2 7 8 4 3 22 7 13 16 6
6 6 2 10 2 4 3 1 2 4 3
3 5 8 17 15 3 8 4 0 9 14
9 0 3 0 5 3 1 2 3 6 0
3 2 5 12 2 11 5 8 0 13 0
1 3 7 3 4 3 5 7 0 1 9
3 5 4 15 7 6 2 1 2 8 1
7 8 29 6 6 7 7 4 7 4 7
1 1 3 6 13 11 8 4 5 9 8
6 7 6 7 2 5 5 8 4 3 1
2 4 1 16 8 0 31 2 3 5 8
7 8 1 5 7 5 3 6 1 6 2
2 4 2 7 6 1 3 3 10 3 7
7 2 3 3 3 2 3 0 3 1 5
10 1 27 3 5 5 9 5 16 7 6
7 13 14 0 5 3 5 1 7 13 5
2 12 7 2 1 3 4 9 0 2 3
8 20 15 15 2 4 9 13 2 1 2
0 4 0 2 2 7 8 1 1 1 2
3 1 11 5 5 5 2 3 2 2 0
4 7 8 18 2 2 6 3 18 5 7
2 4 7 6 1 3 4 9 8 1 5
6 6 9 10 12 0 6 1 15 1 3
5 7 1 1 5 3 1 3 1 2 0
12 7 10 7 5 18 1 9 6 2 1
4 3 15 10 4 0 5 9 3 1 14
6 15 9 16 2 2 7 4 10 6 8
9 2 4 3 4 6 21 5 6 6 1
10 7 0 4 7 2 8 23 2 3 3
6 6 3 8 2 3 0 4 4 2 5
3 2 5 1 5 1 1 2 6 3 2
1 13 5 5 16 6 4 22 9 2 8
18 3 2 5 12 12 4 3 7 3 2
0 0 2 4 0 1 4 5 4 4 2
4 4 15 1 9 14 18 2 22 9 2
10 1 12 5 14 13 3 6 16 6 10
1 6 3 6 11 11 17 6 0 22 11
3 1 11 0 5 20 20 4 2 2 0
3 8 2 12 16 8 1 7 28 2 8
4 2 8 8 4 6 2 2 2 4 9
1 13 0 8 4 6 7 5 7 6 8
9 2 11 1 2 0 1 8 20 4 1
0 3 8 2 2 8 4 8 1 2 1
3 0 4 4 11 5 2 13 0 0 9
4 4 1 1 1 3 10 2 1 5 2
2 4 25 7 1 8 13 1 3 5 4
6 14 9 11 2 2 2 1 10 5 6
4 3 1 22 7 7 11 11 4 15 6
2 2 4 11 4 0 15 16 11 9 1
7 3 6 7 9 4 3 7 0 8 24
12 1 11 12 3 0 8 5 1 7 5
9 3 7 5 10 14 1 2 2 3 8
2 7 4 9 8 17 5 11 24 7 6
10 6 4 7 3 7 7 13 7 8 3
2 5 1 9 7 6 1 1 13 1 3
12 5 2 11 4 3 5 17 2 1 0
3 2 4 2 5 7 4 1 6 2 2
5 1 7 2 3 16 3 5 13 19 5
4 5 7 12 1 4 7 6 2 8 11
3 14 16 6 0 17 8 6 11 6 14
6 4 6 5 3 0 2 9 4 3 2
1 2 1 2 7 6 4 3 0 6 4
0 3 6 7 11 4 6 4 8 4 1
12 7 5 2 3 19 6 7 1 10 1
11 2 3 8 4 0 2 2 2 3 1
3 1 2 1 3 6 3 1 4 3 3
0 1 7 1 5 3 5 13 6 4 5
12 9 0 1 2 3 1 2 0 4 2
5 4 7 2 2 4 0 1 4 3 1
11 7 5 3 3 1 5 6 1 11 5
1 8 10 9 10 7 11 6 4 6 1
1 2 2 2 20 4 7 8 11 7 29
4 4 4 6 0 6 8 15 3 5 1
5 3 0 3 7 8 4 11 1 12 5
1 11 6 5 3 1 6 12 7 3 6
10 8 2 7 9 1 0 10 0 8 6
2 4 1 6 20 9 5 11 6 10 0
5 13 2 22 17 2 17 6 5 3 4
2 0 22 7 1 10 5 13 3 4 12
15 9 22 2 6 12 8 5 13 6 15
1 3 5 17 24 2 3 6 12 10 17
9 3 3 2 1 7 3 2 3 4 3
2 5 3 3 4 12 0 14 15 22 5
14 6 12 9 6 10 13 8 1 18 15
0 3 6 2 3 2 1 2 6 8 1
16 12 0 11 9 7 6 4 3 7 1
4 15 7 1 10 4 2 3 8 9 16
6 2 2 2 6 6 4 5 2 3 3
14 4 6 9 2 1 9 5 4 19 1
1 2 7 9 4 9 3 1 5 5 0
4 6 13 10 8 2 4 8 7 20 13
6 7 6 7 4 1 2 11 3 14 1
9 2 5 3 4 9 8 1 4 2 0
2 4 12 1 14 6 1 2 1 6 15
4 1 6 5 3 7 16 24 5 18 9
4 12 3 11 13 7 5 13 11 5 4
9 17 4 4 1 8 2 4 16 5 11
11 20 2 5 11 5 13 2 8 13 17
7 6 13 5 9 17 4 21 4 11 2
0 11 2 14 8 7 4 2 8 7 2
10 15 14 5 8 0 4 22 9 2 3
15 7 0 6 5 4 6 11 14 0 11
12 6 6 14 1 0 6 24 14 6 13
16 15 0 5 1 5 5 6 11 2 7
4 8 13 0 11 15 17 11 2 12 3
5 3 20 1 11 11 12 12 2 0 16
2 3 3 2 8 6 4 0 10 4 7
6 5 3 12 9 16 11 11 3 14 5
21 7 5 3 6 14 5 7 1 17 6
3 5 2 4 0 2 8 6 5 2 2
11 6 2 10 4 5 6 30 11 7 4
0 17 11 1 2 9 4 5 9 10 7
22 15 4 4 1 12 3 13 12 12 13
5 10 1 15 4 3 15 20 14 3 9
10 3 1 10 0 6 4 14 2 6 1
3 21 7 10 3 14 5 4 6 17 6
4 10 23 4 0 12 8 5 10 19 14
5 16 7 13 0 21 17 9 1 13 1
4 12 4 5 1 11 1 11 2 8 6
4 12 2 15 9 5 16 7 3 4 5
8 5 1 22 14 11 12 18 2 3 11
11 5 2 5 4 2 14 13 2 12 13
7 3 10 7 8 2 13 8 12 6 14
3 1 2 7 13 6 0 4 1 7 10
2 3 0 2 1 2 5 8 1 1 7
9 2 2 5 9 3 8 12 2 1 6
2 9 9 10 1 6 21 3 8 15 6
1 9 7 10 7 0 5 5 0 4 2
0 7 6 4 1 0 1 7 5 7 3
8 11 2 7 4 8 2 5 20 2 1
4 4 5 0 2 4 3 6 18 18 3
13 16 2 13 1 15 9 9 6 5 1
2 8 7 16 8 16 6 12 3 16 6
14 4 3 7 14 5 11 11 1 6 3
1 2 7 6 4 7 9 6 5 2 4
1 4 15 0 9 3 4 1 9 12 5
0 7 1 3 0 8 10 4 2 9 5
7 9 12 14 10 6 1 5 11 10 7
10 10 1 24 13 15 7 2 2 3 14
18 7 5 5 15 7 1 2 6 26 11
6 1 5 4 10 11 3 8 1 0 2
4 10 5 11 14 4 1 12 25 9 1
21 15 7 4 4 6 6 1 6 3 19
4 11 3 6 4 4 0 10 2 2 13
5 1 5 3 0 5 3 2 5 2 3
11 10 11 2 12 11 2 3 12 4 8
11 0 1 10 19 7 0 10 1 10 7
9 0 0 17 8 8 17 2 2 9 11
5 1 5 4 6 1 9 10 10 1 7
15 14 5 1 9 4 17 4 16 5 18
12 15 12 3 4 6 5 2 12 12 1
9 14 21 10 10 2 2 1 2 3 6
0 7 1 3 4 7 3 4 3 4 2
4 4 12 2 15 5 4 13 2 1 6
5 1 7 7 0 0 2 2 6 6 4
4 8 3 14 0 8 6 3 5 10 14
2 2 2 7 13 4 7 6 1 3 13
6 11 15 4 12 1 15 17 5 9 4
9 7 1 9 0 0 1 22 7 15 0
9 3 1 2 8 5 8 6 4 4 1
2 3 3 8 11 14 3 4 5 3 8
4 5 1 1 4 1 4 1 6 2 0
4 6 1 2 3 5 24 13 4 14 16
3 7 4 9 6 2 0 3 3 8 5
4 9 13 11 5 10 9 17 2 6 10
3 1 2 2 5 8 12 8 1 3 12
2 13 8 13 7 12 2 8 4 10 9
3 3 7 3 6 1 8 1 2 2 2
2 4 1 4 2 0 2 4 7 17 7
8 10 12 3 5 3 13 0 5 11 10
5 11 1 2 4 4 4 3 5 3 5
9 1 12 9 4 12 19 5 12 14 2
9 1 6 2 0 4 5 11 1 5 11
5 2 14 22 19 14 12 8 1 8 0
12 11 8 9 8 9 2 8 5 1 0
5 20 13 2 12 2 2 7 15 11 11
1 1 11 5 6 3 3 12 15 4 1
1 6 4 1 2 19 3 14 7 5 13
3 1 12 12 12 1 2 4 20 13 1
0 9 12 2 1 6 8 7 6 4 1
3 8 3 4 1 2 3 10 5 0 12
6 8 2 11 2 0 3 5 10 5 5
3 5 6 3 3 0 5 3 2 6 4
11 5 3 5 9 7 4 3 1 7 3
7 2 3 9 3 1 4 7 4 9 0
20 12 15 3 8 8 2 15 5 0 2
3 11 3 4 4 5 5 5 2 2 16
3 4 9 0 1 1 2 4 6 10 5
10 3 24 17 4 1 9 5 4 2 17
5 4 10 5 7 8 3 6 5 6 1
13 10 7 5 7 2 0 7 5 19 1
9 2 20 8 8 0 8 2 4 2 16
3 11 8 7 5 5 11 2 3 9 13
12 4 23 0 3 0 0 7 4 7 9
6 4 9 3 4 3 13 15 5 7 0
2 9 4 4 7 2 9 14 7 13 10
5 3 1 12 5 9 7 14 10 7 2
7 21 6 6 9 6 11 6 1 7 3
1 2 0 8 6 6 6 3 5 0 1
3 6 2 8 7 6 3 1 7 4 1
17 5 4 2 4 1 0 8 1 5 5
0 8 0 15 3 3 7 8 4 17 4
6 5 15 14 3 6 23 11 2 2 7
6 11 9 8 8 3 11 15 4 10 17
13 6 1 1 8 4 1 5 9 2 5
6 6 0 21 1 5 5 9 4 0 3
6 2 5 4 4 6 7 22 7 0 4
0 6 4 26 6 4 7 4 6 4 14
1 10 2 1 5 1 6 1 0 7 2
4 0 2 29 4 4 11 5 19 12 5
4 2 7 10 7 0 5 3 3 4 2
0 2 3 3 1 8 5 5 2 2 1
1 1 8 3 6 5 2 8 10 2 3
20 2 10 6 10 11 9 13 11 6 5
5 1 8 2 1 4 4 4 3 0 3
11 10 3 3 0 25 2 8 9 2 24
5 13 13 11 6 3 3 3 6 17 8
1 4 8 0 4 8 4 13 5 19 2
11 6 7 3 7 3 14 5 13 2 11
2 5 3 0 1 7 24 7 2 3 1
4 5 11 5 6 4 11 18 5 2 4
8 6 2 3 11 7 7 6 4 14 5
2 9 14 12 7 4 4 4 11 2 8
3 2 4 8 7 4 2 5 4 7 13
2 14 3 6 4 5 7 5 14 8 7
9 9 1 9 5 8 1 1 6 7 8
3 7 8 10 6 3 16 8 1 20 7
0 5 11 5 14 6 10 3 2 2 1
7 5 19 4 3 8 1 3 1 14 3
10 26 3 11 7 11 8 7 8 14 9
2 12 1 3 4 0 16 3 9 20 24
1 0 7 6 1 4 2 2 3 1 0
3 3 2 3 4 0 2 8 6 1 4
1 7 8 1 2 1 9 8 5 9 4
5 1 10 3 2 12 0 10 3 15 8
10 4 1 7 5 12 1 13 5 9 10
6 19 8 4 8 0 6 19 7 9 20
2 3 8 4 1 4 4 5 4 2 1
3 16 9 15 4 7 9 3 2 2 13
0 10 11 5 2 7 2 3 8 10 5
0 2 5 1 2 2 3 2 1 12 7
2 1 1 10 5 1 12 7 4 3 7
12 16 1 5 3 3 17 6 2 5 2
9 11 7 6 2 6 8 0 4 3 10
6 0 2 1 2 5 3 4 9 3 6
0 1 13 4 2 17 9 14 13 2 24
22 1 8 3 3 9 0 9 13 3 4
5 1 10 12 4 14 14 5 12 10 10
14 4 12 4 14 5 5 9 14 9 1
4 3 23 11 16 14 9 5 7 2 1
6 10 0 4 13 1 11 1 20 3 14
18 8 1 8 7 0 0 6 5 1 11
7 3 22 2 14 10 3 2 2 6 14
9 20 5 4 1 4 3 9 1 14 3
2 7 3 2 4 6 4 2 4 2 1
3 7 6 2 2 11 13 1 0 3 16
6 9 4 2 0 6 4 0 1 3 4
5 7 9 2 4 3 1 12 1 8 3
0 2 0 3 4 1 7 8 2 1 0
8 5 6 15 1 13 3 9 6 10 6
0 3 18 2 5 3 1 8 6 4 4
2 7 3 3 2 10 8 7 4 11 0
6 1 3 5 3 3 4 1 1 2 5
18 0 6 0 14 15 16 3 5 10 11
11 7 2 3 5 10 9 13 23 11 10
3 14 14 4 4 4 5 9 3 0 12
4 7 6 9 2 1 4 2 5 7 6
4 6 8 1 1 18 1 1 1 5 7
5 0 2 19 6 5 0 9 1 2 11
1 15 8 2 11 4 7 1 12 15 4
1 3 12 0 3 0 6 2 3 2 1
10 11 16 1 8 3 7 5 11 1 1
7 2 9 1 5 8 1 5 2 3 9
3 6 3 2 12 1 5 28 2 5 4
4 8 19 6 3 11 1 2 6 3 10
3 3 3 2 7 8 4 7 20 5 2
13 10 7 19 6 11 8 5 1 1 8
2 8 0 0 7 4 2 4 0 2 7
0 8 13 1 5 9 7 12 11 6 9
12 11 12 7 18 12 4 1 5 3 9
5 6 18 0 6 4 9 7 6 22 6
3 11 3 5 11 14 15 12 4 10 6
3 15 1 6 1 2 7 4 8 8 10
3 0 7 2 2 4 1 5 2 3 1
2 4 18 6 0 14 1 14 2 8 3
21 1 1 10 13 18 9 13 1 2 14
3 3 5 0 5 3 8 6 17 12 3
1 2 0 10 4 1 7 8 1 3 19
9 9 2 2 3 2 7 5 5 6 4
5 2 8 25 12 7 7 5 3 13 1
10 11 2 1 3 3 5 1 15 3 1
0 6 4 3 0 4 7 1 7 13 3
1 7 1 4 12 2 5 2 4 8 5
10 11 4 7 4 8 26 1 2 2 13
15 4 17 6 3 20 8 12 19 1 3
4 6 12 3 7 3 1 1 10 2 6
7 2 0 2 1 8 0 5 1 2 1
0 11 5 1 3 2 10 4 7 2 3
1 4 0 2 8 7 2 2 1 8 15
12 12 3 10 5 2 1 1 5 13 20
2 0 4 16 20 3 8 10 9 21 5
6 6 14 9 11 8 3 11 2 1 1
23 8 9 3 15 13 10 5 9 8 5
15 2 11 8 7 8 9 10 5 1 19
0 16 11 17 4 12 15 1 1 11 15
3 7 12 2 6 15 15 1 6 12 2
3 2 7 2 6 10 3 1 2 0 6
1 3 3 6 4 1 1 5 4 1 1
11 8 14 3 11 15 12 0 5 12 9
9 1 0 2 5 6 16 15 7 9 15
4 2 1 2 2 1 4 1 7 3 2
11 13 8 8 9 4 11 5 15 4 9
0 10 13 5 6 1 7 7 22 7 9
1 3 2 0 7 7 1 12 2 3 0
16 1 5 0 5 11 13 3 2 8 7
3 11 2 8 2 4 5 4 6 9 4
2 3 3 4 8 2 2 11 5 2 1
0 6 15 5 2 3 8 10 6 6 2
7 4 15 6 9 2 12 6 1 13 3
1 3 3 2 2 0 3 6 3 8 2
4 3 6 15 10 20 1 2 11 11 12
4 3 1 8 7 3 0 2 5 4 0
2 7 4 9 1 2 0 5 7 2 1
6 8 4 19 1 17 13 5 13 14 12
5 3 4 1 1 6 2 3 6 5 2
5 5 4 6 5 7 6 3 10 5 8
1 6 8 7 0 24 1 8 4 9 2
17 6 7 1 8 2 0 15 12 7 12
3 4 1 4 10 4 9 2 2 3 7
2 7 6 6 3 2 4 1 4 3 4
17 7 4 7 1 9 16 9 9 14 17
15 12 9 2 11 7 26 7 1 9 3
9 9 5 2 9 3 1 2 5 3 7
11 11 3 4 7 3 6 3 7 15 2
10 5 2 15 3 1 0 16 7 8 7
0 11 12 3 3 1 1 7 2 1 1
7 1 6 6 9 4 4 3 7 0 6
3 4 8 6 9 7 12 1 11 18 7
7 3 3 7 3 0 1 1 6 1 1
4 8 8 1 3 7 5 15 17 0 3
6 7 1 4 1 9 3 6 1 6 8
2 1 9 9 8 6 12 7 23 2 16
2 12 5 4 2 2 1 10 11 2 5
4 6 1 13 2 8 8 8 14 3 0
11 8 3 2 0 2 4 1 5 5 1
24 7 1 11 9 0 7 1 6 8 7
3 3 3 1 0 7 3 11 4 2 3
1 1 2 15 11 22 11 11 11 7 7
6 5 4 3 2 0 3 5 3 1 1
25 11 6 11 13 15 3 13 7 4 5
5 6 1 1 10 8 1 8 17 1 1
5 11 10 13 7 3 3 8 0 0 3
12 7 18 5 12 8 4 8 10 5 9
4 4 2 8 6 2 2 12 4 9 1
18 5 25 22 1 4 0 9 2 3 8
0 8 8 2 1 9 4 4 7 2 5
5 17 6 20 17 17 1 5 10 3 8
1 6 7 2 11 5 5 1 2 5 9
17 17 6 5 3 1 9 4 6 17 17
7 14 2 22 5 5 3 8 14 8 11
9 2 1 5 7 2 3 4 2 2 5
0 1 8 9 7 4 5 9 13 8 0
12 4 12 11 1 2 6 6 2 1 3
16 11 5 1 7 1 14 5 8 4 3
1 3 1 6 2 7 4 10 1 3 6
2 6 4 4 2 1 4 1 8 2 6
1 4 9 1 5 10 5 6 2 8 2
14 0 4 3 5 2 5 4 0 2 6
3 14 2 4 6 7 5 6 6 11 12
8 9 1 2 5 3 13 10 11 3 8
1 9 3 0 4 2 3 5 12 2 2
5 5 1 6 15 4 4 0 1 7 9
15 11 7 8 1 13 6 11 12 7 5
10 10 6 5 6 1 1 9 3 6 13
13 6 6 4 3 0 7 7 1 2 1
2 11 3 3 3 3 4 1 7 0 7
1 2 2 6 5 12 4 0 8 2 1
2 0 2 0 0 6 17 2 2 4 8
21 9 13 7 1 14 15 0 6 19 2
4 7 2 1 10 13 3 11 13 8 0
5 2 4 7 6 0 0 2 0 2 3
18 6 1 0 3 22 12 9 1 7 13
17 1 0 5 3 18 8 13 14 18 4
4 2 1 6 2 3 1 0 3 0 12
5 6 4 2 6 3 5 0 13 10 15
10 1 3 0 6 3 2 6 5 14 2
1 5 0 4 4 14 0 2 5 0 10
10 10 4 9 6 1 14 5 2 0 11
4 5 1 6 9 2 8 18 11 13 8
10 14 8 1 7 1 1 1 0 15 1
2 8 2 3 8 4 10 1 3 7 9
6 3 0 2 2 2 1 2 4 1 5
4 0 3 3 4 4 3 6 2 0 4
2 6 3 2 3 7 9 2 0 3 0
14 15 1 17 3 5 17 4 15 2 2
5 6 13 1 9 0 8 8 7 13 11
3 3 0 14 4 13 16 12 5 10 2
6 0 0 4 0 4 4 7 23 2 0
11 8 4 10 14 6 12 1 13 6 2
4 0 8 2 9 1 1 1 8 6 2
5 5 4 5 5 6 15 15 18 10 9
3 1 2 1 2 4 6 1 2 6 1
10 14 9 10 9 8 6 20 4 6 1
8 4 6 4 16 10 4 1 4 2 6
15 0 9 6 4 8 1 2 9 9 13
4 4 1 5 2 0 8 5 0 2 4
3 9 7 0 15 2 3 3 4 1 8
2 3 3 3 1 1 1 12 1 5 5
2 6 6 6 2 6 2 5 16 7 3
2 32 2 10 4 12 5 3 7 6 12
6 4 5 0 5 8 2 10 15 10 2
16 8 2 21 2 9 5 20 9 5 4
3 9 6 4 5 0 3 6 4 8 13
5 2 1 2 5 2 4 1 0 5 5
13 0 0 2 1 3 3 7 8 5 6
1 7 3 6 1 8 3 5 7 6 6
4 6 3 1 2 3 2 3 4 1 0
4 5 5 3 3 5 7 1 8 3 3
9 14 11 7 3 5 2 6 3 7 2
2 9 3 15 9 1 3 7 4 9 5
7 1 0 11 4 2 7 15 4 10 1
11 0 15 10 7 2 9 7 1 4 3
3 0 6 15 4 4 0 5 7 9 13
15 3 16 7 0 4 5 10 16 13 7
0 3 15 7 1 1 14 7 6 3 10
1 1 10 3 7 8 18 1 5 2 2
1 7 7 7 17 8 8 1 14 8 17
8 5 1 13 3 14 5 10 14 10 5
1 8 1 5 14 17 1 14 5 15 16
5 14 2 3 4 2 1 18 3 6 5
15 4 0 8 4 0 11 8 1 2 2
6 4 5 5 1 6 3 5 3 9 4
13 2 5 5 2 9 5 12 11 2 11
2 2 2 2 5 0 2 8 2 2 6
3 4 4 5 10 5 7 5 11 1 3
8 1 0 1 3 0 8 2 10 2 10
13 2 0 6 9 2 11 16 11 6 9
6 2 4 0 0 12 5 1 1 4 1
9 7 4 11 7 7 1 8 1 0 3
0 4 9 0 9 8 5 3 9 6 3
3 2 5 4 1 1 5 12 3 3 0
0 3 17 6 1 27 0 4 8 1 13
14 24 1 1 4 8 7 6 9 12 14
3 6 5 1 3 1 7 1 2 6 2
4 6 1 0 8 6 7 7 2 4 12
10 2 1 3 5 9 8 7 2 0 8
9 1 4 4 4 0 5 4 4 5 2
6 7 3 2 3 9 3 4 4 6 10
2 11 4 13 0 11 7 11 7 1 7
4 11 3 4 2 7 15 7 10 7 4
1 3 4 14 12 11 5 4 2 5 7
4 2 4 5 3 1 0 7 3 1 1
4 1 9 2 9 1 3 12 9 10 4
5 7 1 14 7 0 1 13 22 7 7
8 3 5 1 26 15 10 15 13 1 6
6 5 8 1 3 4 7 1 5 6 1
0 12 2 9 5 5 3 12 3 6 6
10 9 3 1 12 11 1 0 15 6 3
16 3 14 4 14 8 2 6 15 16 5
8 2 5 3 3 3 6 4 3 3 2
10 12 4 0 1 5 2 0 4 10 11
18 3 4 11 1 12 4 2 6 10 1
1 15 16 0 21 3 3 10 6 5 16
4 2 4 8 1 9 2 11 4 5 2
8 16 0 5 10 10 2 5 3 13 25
12 12 8 3 8 17 2 12 5 3 24
11 5 16 4 8 2 15 3 2 3 11
10 5 8 7 13 10 10 10 10 18 2
1 0 8 2 3 9 17 18 1 2 15
7 3 1 1 4 4 6 4 2 5 2
3 0 4 0 2 5 1 2 4 4 6
5 4 4 12 4 9 3 0 5 1 2
8 5 2 1 5 3 5 1 4 1 2
14 15 1 6 2 4 4 13 15 16 14
7 8 7 4 9 3 1 1 6 5 8
5 0 1 3 1 3 0 4 6 9 0
3 7 5 3 1 2 2 1 2 11 2
13 5 8 8 2 1 9 8 4 2 5
2 5 5 6 8 4 2 3 1 1 2
7 1 1 1 1 3 5 5 1 0 3
0 2 7 5 11 1 7 2 7 4 0
2 1 3 6 1 3 7 3 3 11 1
16 2 13 11 3 24 6 1 3 7 6
2 8 12 12 10 7 17 10 19 9 6
3 9 2 1 4 1 9 11 2 1 8
14 4 8 5 19 9 13 1 0 9 10
9 8 8 1 8 5 1 2 6 3 5
3 3 8 1 7 6 11 14 0 5 3
3 3 5 3 4 2 5 3 2 7 5
5 12 22 9 19 7 7 1 15 9 1
4 2 5 0 6 1 9 9 14 1 11
10 3 0 16 11 1 2 22 16 0 11
27 12 17 4 10 8 9 5 1 8 2
1 11 2 0 2 1 2 7 7 11 7
1 3 0 7 2 10 14 5 4 8 1
5 1 5 2 1 5 7 7 3 8 10
6 1 3 13 2 0 10 9 7 1 5
20 8 6 2 8 7 6 8 3 24 5
9 5 1 11 12 14 1 0 8 8 1
11 5 2 5 10 11 8 4 7 7 19
3 1 14 0 2 1 8 8 8 2 2
10 2 17 6 2 21 2 9 3 7 12
5 0 6 7 7 3 5 4 11 4 10
8 5 2 6 3 2 1 2 6 1 2
10 0 6 6 0 6 5 2 8 1 10
2 6 10 1 3 5 0 7 0 5 0
2 0 11 2 11 13 5 5 0 14 7
11 7 25 1 11 11 2 3 18 3 4
8 14 9 6 13 17 2 21 0 16 5
4 1 13 9 4 1 12 4 3 12 1
8 3 4 7 11 3 1 5 8 8 5
11 8 16 17 2 11 8 10 13 3 7
2 6 4 3 3 3 10 3 2 4 1
2 7 5 0 4 3 3 0 2 6 5
6 8 0 10 5 6 9 7 8 16 7
13 1 4 8 1 8 3 6 3 4 14
7 8 9 13 6 9 3 8 3 4 1
12 7 5 23 6 17 15 5 2 5 5
3 5 9 4 11 6 14 2 10 11 0
1 4 1 4 3 0 4 8 4 1 10
1 5 26 5 3 1 10 12 4 9 17
15 1 6 3 6 12 6 15 5 2 9
0 20 8 3 3 7 1 4 3 1 5
13 15 0 2 8 0 3 0 7 1 12
5 4 0 5 0 0 2 0 6 1 2
7 3 14 16 10 4 7 14 11 4 16
10 1 2 15 7 5 17 0 1 25 11
1 11 6 8 6 9 18 17 10 5 12
9 4 3 4 7 13 10 2 20 24 0
8 9 15 10 5 5 10 7 8 11 11
13 0 7 4 12 0 16 8 2 19 15
1 13 6 1 3 8 6 8 8 4 10
17 18 3 5 4 4 3 11 7 4 6
16 2 9 2 1 10 10 2 5 4 6
6 9 6 2 2 1 4 6 3 5 8
19 1 8 7 6 12 1 15 4 17 3
4 3 7 2 2 3 3 6 0 5 1
17 11 10 13 10 15 1 16 13 12 4
1 3 8 3 2 8 3 2 3 2 1
13 1 4 1 4 22 15 2 2 3 9
6 1 1 16 2 1 18 11 11 6 5
10 9 3 1 8 8 12 24 12 2 4
15 5 2 4 2 4 22 14 21 2 4
6 20 5 4 13 1 7 6 5 5 1
2 5 3 6 9 2 18 12 3 6 6
1 13 1 7 6 7 1 0 3 2 7
10 8 8 2 9 2 9 6 19 10 3
3 22 12 6 4 4 2 7 12 5 2
6 6 12 1 4 7 1 0 4 3 7
4 0 1 14 1 20 5 9 9 2 5
2 1 1 0 1 1 9 2 1 1 3
4 3 10 15 17 4 10 2 8 8 0
2 4 0 7 2 4 3 1 1 4 6
12 12 13 13 5 8 7 7 6 1 1
3 9 4 4 8 9 1 22 1 1 0
6 5 7 14 4 16 12 8 4 4 7
1 5 3 0 14 6 5 12 20 10 3
13 1 12 4 11 0 6 5 6 8 5
2 2 0 6 0 3 1 4 3 6 6
10 3 8 4 15 5 6 9 10 14 2
12 3 0 4 6 5 7 9 3 2 5
0 5 5 10 2 6 1 12 5 8 2
2 8 1 7 3 3 7 5 0 0 4
1 6 8 3 4 5 12 4 16 2 7
4 2 3 1 15 0 10 3 17 9 16
3 2 2 3 10 1 5 0 8 0 1
10 12 4 3 3 1 7 0 12 1 6
5 0 12 2 6 3 11 11 10 5 15
5 2 14 3 1 20 14 6 9 1 3
1 1 5 0 5 1 6 2 5 2 7
11 0 9 12 12 19 17 8 15 8 5
3 5 0 0 1 2 0 1 1 5 6
3 10 1 4 13 9 2 2 9 5 3
1 2 9 1 3 2 9 7 6 7 10
2 2 24 3 7 2 5 2 4 2 1
4 5 8 5 4 17 11 10 3 1 13
0 7 16 5 12 10 1 8 10 7 12
8 6 8 13 0 25 4 1 4 7 17
1 7 2 6 4 2 1 5 3 6 3
1 6 2 4 2 4 2 2 3 6 4
6 7 6 1 1 5 0 7 3 5 4
2 1 0 3 2 3 1 2 1 11 6
5 10 6 8 7 3 1 12 11 12 5
20 15 7 17 1 2 1 8 6 7 3
2 3 7 2 0 3 4 3 7 7 4
6 3 5 4 3 11 21 10 17 2 7
5 8 4 2 3 0 1 2 3 4 2
1 7 1 7 17 7 4 0 13 13 11
4 3 0 4 8 7 4 10 2 3 1
13 11 9 1 0 3 9 5 11 8 4
8 0 2 2 6 8 2 3 1 5 4
15 8 6 14 2 0 10 1 20 20 5
13 3 10 2 1 6 8 7 6 2 8
4 15 2 7 3 2 17 6 9 5 19
3 6 2 2 13 3 6 1 6 7 4
5 3 3 7 1 1 5 0 2 2 5
13 15 16 7 11 0 8 3 2 11 3
3 19 6 2 14 12 5 8 15 0 2
1 4 1 10 5 31 11 4 1 17 6
10 9 11 5 4 23 10 11 8 19 3
7 11 2 7 9 3 20 17 11 3 10
5 7 14 4 3 5 10 5 9 8 7
2 4 1 0 1 9 6 2 0 5 1
1 2 7 6 2 2 2 2 2 4 7
9 3 18 11 4 6 5 2 2 4 6
0 0 6 15 6 1 6 2 2 16 3
8 2 11 11 8 6 10 7 4 3 14
2 5 3 1 18 1 1 5 10 7 28
0 13 8 8 3 18 9 12 5 6 1
4 2 6 0 2 1 0 10 4 3 0
1 3 12 8 2 17 4 4 2 2 3
2 1 5 3 2 6 5 0 3 10 1
9 4 15 2 5 8 10 13 3 3 6
3 6 14 8 24 4 9 8 13 2 10
4 10 2 1 8 13 9 10 3 5 8
10 5 8 17 21 2 10 7 2 1 10
14 24 1 10 3 14 4 6 1 0 19
13 13 8 5 10 16 8 7 3 17 12
9 0 15 6 8 12 12 12 8 3 3
1 17 4 21 1 1 8 2 23 5 6
1 0 17 2 7 2 0 18 15 11 11
11 6 8 2 3 9 2 1 10 3 16
3 1 3 9 1 6 5 15 15 2 6
6 4 9 3 2 3 4 1 5 5 4
8 6 0 2 9 2 7 7 1 1 1
5 4 5 5 4 8 8 6 2 6 5
1 0 1 8 0 3 8 2 6 2 1
11 2 2 0 9 10 7 12 2 7 4
17 5 3 2 20 22 6 1 11 15 4
3 1 7 4 7 4 0 6 4 9 2
10 4 5 2 1 4 15 10 3 1 8
2 1 3 1 2 2 5 5 4 3 5
4 1 2 3 2 1 2 5 1 7 0
22 11 14 9 2 3 7 18 11 4 10
5 3 20 4 2 13 0 10 12 2 17
5 4 0 2 27 1 13 13 14 7 4
7 23 3 8 4 11 9 10 10 8 9
0 3 3 14 2 2 15 13 16 0 3
4 7 0 1 3 9 6 2 4 2 10
4 11 2 18 7 14 1 5 18 2 9
7 11 6 3 7 6 24 11 16 15 0
3 2 4 3 8 5 7 7 4 13 0
3 8 2 14 8 5 4 12 27 3 3
10 6 20 1 6 5 3 5 17 17 8
11 18 8 9 2 20 3 18 8 13 7
2 0 0 3 1 3 8 3 5 2 4
3 4 9 7 3 12 1 8 9 5 8
9 11 4 1 7 4 1 7 5 6 18
5 0 11 12 9 3 6 1 7 8 0
9 10 2 5 9 1 8 29 6 1 10
21 4 16 9 3 20 9 5 9 11 3
5 16 12 1 3 9 12 16 0 6 15
1 11 6 9 0 6 7 2 4 12 10
0 4 2 2 5 5 3 3 4 8 0
2 7 7 6 7 7 3 3 22 8 0
11 0 16 14 8 0 7 3 5 2 5
10 1 6 4 6 5 6 4 0 7 7
0 7 6 5 10 7 3 7 1 8 4
2 23 12 6 1 10 2 10 8 2 4
7 4 5 7 3 9 16 17 7 14 7
1 4 1 12 6 5 7 2 2 2 3
11 1 9 9 9 8 3 8 3 1 5
10 5 8 2 7 13 13 1 6 6 2
5 8 4 0 6 1 4 4 5 5 4
0 7 2 6 5 3 10 8 2 5 16
7 1 4 2 5 6 4 2 1 5 5
3 7 12 6 18 12 5 1 13 21 12
1 4 7 1 1 9 4 0 7 0 2
4 7 8 15 2 3 8 18 25 4 3
7 4 3 7 9 23 12 13 9 3 2
2 1 5 6 13 4 13 2 1 12 2
2 4 2 11 19 14 8 11 2 1 16
2 8 2 1 2 4 4 2 5 7 3
3 4 1 5 3 0 4 1 2 6 7
9 9 11 4 1 12 10 4 9 12 3
4 0 9 4 10 1 7 5 6 1 10
5 5 19 10 2 4 4 13 5 1 9
7 1 15 11 6 9 11 9 5 5 10
2 3 3 1 7 7 11 3 4 1 3
15 1 0 8 16 12 9 1 14 2 8
8 5 7 1 7 4 6 20 5 4 15
3 7 9 1 3 1 1 1 2 1 2
9 4 7 2 18 13 8 5 4 19 8
0 3 1 1 2 3 4 8 1 2 1
10 13 19 3 0 1 6 2 1 3 14
8 7 10 8 8 5 13 9 14 11 9
12 14 8 19 8 2 1 4 3 8 3
4 4 2 3 0 5 1 1 1 2 5
0 9 0 9 3 2 8 3 2 11 7
1 11 3 3 19 9 2 20 18 5 3
1 8 4 6 4 4 13 0 6 4 6
8 4 10 6 10 4 5 9 2 16 1
7 12 8 5 18 8 8 8 9 13 5
5 2 4 5 8 3 3 1 0 2 3
3 1 3 5 1 4 7 4 2 7 6
10 5 12 4 2 7 4 3 1 5 3
1 2 2 2 5 7 3 1 10 3 3
10 2 6 6 4 10 18 7 7 10 3
15 5 11 2 8 3 5 6 1 7 6
3 3 10 2 5 21 4 17 5 17 13
1 1 11 19 5 15 4 9 10 0 2
1 6 5 4 2 3 18 4 10 6 3
4 6 10 2 1 5 0 3 2 7 7
6 10 3 4 5 2 6 2 5 1 4
9 3 4 0 15 9 14 4 6 1 23
19 8 6 5 2 3 1 4 8 9 3
2 6 4 19 5 7 10 8 17 6 8
3 3 7 2 0 1 0 1 4 7 3
2 4 4 3 0 9 2 8 24 4 0
2 12 13 14 19 2 14 6 8 6 3
8 0 2 4 5 5 11 10 17 5 3
5 0 14 2 6 4 5 14 1 7 9
9 9 4 2 13 5 7 7 7 2 5
3 11 2 12 2 9 5 14 1 4 10
3 4 17 1 7 9 1 4 18 9 1
12 10 13 10 6 6 6 23 15 2 5
5 6 15 5 3 2 3 18 2 6 7
6 7 0 4 0 0 9 9 7 22 3
16 3 3 5 9 16 1 11 8 1 1
2 11 5 1 13 4 7 6 13 2 8
12 5 4 3 6 10 5 4 9 6 3
1 4 4 2 0 2 1 7 7 7 3
16 17 5 8 11 7 6 7 13 8 2
5 5 2 1 8 4 5 6 5 2 0
11 1 8 1 7 16 3 11 1 9 5
4 9 7 11 5 5 4 1 7 8 3
6 1 9 10 2 4 9 8 15 4 9
5 6 5 8 1 5 2 1 1 6 6
6 2 7 5 5 2 4 2 0 2 3
16 3 4 11 10 0 2 11 10 15 11
12 2 5 5 2 21 3 10 7 9 5
3 2 2 5 1 2 1 8 0 2 5
13 2 3 16 3 5 23 0 1 2 8
5 7 6 8 5 5 2 5 1 6 5
5 18 0 10 1 9 10 8 23 6 16
1 7 5 6 5 4 0 6 6 15 2
5 4 5 9 10 8 3 1 5 1 6
10 5 19 17 11 20 16 2 4 0 5
2 10 10 16 7 13 9 4 4 14 8
3 11 3 9 6 4 9 13 4 2 12
5 6 10 12 5 6 6 0 1 13 14
3 1 1 1 3 1 6 1 0 7 3
13 4 2 1 4 6 3 14 2 2 5
6 1 1 0 6 7 4 0 8 4 1
3 11 6 14 6 2 15 11 0 3 5
6 10 23 9 13 7 10 1 14 7 15
8 11 22 1 10 10 4 21 10 5 1
2 4 7 3 18 1 1 2 5 10 7
1 4 4 1 12 10 1 3 1 20 7
1 0 12 6 7 3 7 6 12 5 16
4 1 8 2 4 8 4 5 5 6 1
3 7 1 5 5 3 4 0 1 10 0
1 16 4 7 15 12 11 6 24 1 13
3 1 0 8 8 6 1 7 7 0 3
3 7 1 2 1 5 1 2 1 1 0
12 6 7 2 7 1 0 8 12 6 13
8 1 1 5 2 1 4 4 5 2 4
1 9 7 20 5 8 11 6 0 1 9
8 0 3 9 6 1 5 0 7 9 1
12 5 3 6 0 3 12 2 9 4 1
7 8 4 8 2 6 12 3 3 3 6
2 3 17 2 4 20 9 11 4 6 5
11 3 3 4 25 7 2 3 15 10 10
7 9 10 9 20 4 3 6 4 3 3
3 6 6 2 2 3 3 12 2 4 14
4 3 3 8 0 15 6 16 4 7 15
1 5 5 2 7 15 2 8 1 4 9
5 6 17 1 16 5 4 16 3 8 18
2 0 15 4 14 2 13 13 7 9 3
1 0 4 3 5 2 1 3 6 3 8
0 9 2 10 10 3 6 4 14 10 3
1 5 0 7 3 8 9 6 0 1 11
2 2 5 3 8 1 1 3 1 1 3
3 1 0 7 0 5 2 8 7 2 6
2 3 5 4 6 2 2 3 4 3 1
3 7 1 12 2 1 5 2 2 1 0
1 6 2 2 4 12 1 2 2 2 0
1 11 12 15 11 9 2 0 1 18 2
9 10 1 1 14 8 3 22 7 6 16
0 10 25 13 6 1 5 15 2 17 1
0 8 2 1 3 2 2 2 6 3 5
7 1 3 2 2 1 0 10 6 5 5
2 3 11 4 10 0 7 1 2 7 5
7 3 12 6 7 17 2 1 3 2 2
4 2 2 8 10 1 3 5 14 3 7
1 5 6 9 4 8 7 1 2 4 1
5 0 1 4 12 6 13 13 14 2 4
14 1 2 9 4 6 9 7 7 1 3
17 15 8 1 6 13 7 13 15 2 17
8 1 2 10 3 10 1 8 1 2 6
4 1 2 21 4 13 16 5 7 15 3
0 10 11 5 7 4 3 8 7 3 6
6 5 2 2 0 1 6 3 3 0 0
1 7 4 3 7 2 2 4 1 7 2
8 1 2 2 10 1 0 7 1 2 3
13 15 10 2 8 8 4 4 2 2 17
2 5 1 8 2 0 2 5 3 4 4
6 4 15 0 0 4 1 3 1 1 3
6 10 6 6 11 1 2 8 0 7 12
4 8 9 8 1 1 5 0 0 7 2
5 9 11 10 6 2 0 3 2 8 2
4 7 1 3 4 1 3 16 3 7 3
4 10 7 3 3 3 6 5 13 12 16
2 11 10 1 23 0 12 2 8 11 8
3 14 3 10 5 2 17 9 1 7 15
17 4 4 5 11 4 1 5 3 10 6
4 6 12 0 5 1 7 0 3 3 3
3 1 14 16 2 2 2 5 13 6 18
3 2 7 6 2 12 7 4 1 0 7
9 2 0 3 2 9 2 2 8 7 12
13 2 2 6 3 3 7 4 20 25 13
2 0 1 12 4 10 4 1 3 4 4
5 1 6 5 7 6 6 13 2 8 5
1 9 9 4 2 8 0 2 4 8 10
1 7 2 5 4 2 4 3 4 3 3
12 8 13 0 15 2 1 1 13 2 11
5 3 1 1 13 3 7 4 6 4 5
2 4 12 3 23 10 3 9 2 8 5
5 3 1 6 7 4 2 4 8 4 4
7 9 1 4 1 9 1 1 11 17 10
11 2 3 1 2 4 4 16 12 2 3
2 1 1 3 0 4 2 1 2 16 5
11 10 18 8 2 0 3 8 6 8 5
2 7 8 15 17 9 11 3 7 1 26
1 2 15 5 7 4 5 9 3 7 1
0 5 5 3 9 3 1 20 3 5 4
7 6 11 2 4 16 2 2 12 6 11
1 5 1 2 1 10 1 7 2 1 1
1 2 12 10 9 1 8 5 4 7 9
10 13 2 10 4 4 7 10 1 10 1
12 3 4 4 2 9 14 14 10 12 13
15 18 7 3 12 15 7 4 5 1 3
1 2 7 2 2 1 11 1 3 11 5
2 11 4 7 2 3 4 11 11 15 7
7 2 11 0 4 0 3 5 7 5 7
1 2 6 1 4 3 3 2 4 5 5
3 14 7 1 13 1 4 6 5 4 4
19 8 11 6 3 0 1 1 11 14 3
5 3 1 12 3 1 21 0 3 8 1
3 14 4 6 0 1 12 7 7 3 1
1 15 13 1 3 2 12 11 8 20 1
4 8 2 6 5 0 17 8 14 5 8
1 4 7 2 2 2 5 1 1 0 8
13 7 9 1 2 1 1 0 6 2 11
8 14 1 2 7 4 9 12 4 1 4
6 1 0 4 15 11 12 9 8 4 10
4 3 2 14 4 15 6 7 5 11 4
11 1 2 12 17 6 11 14 5 2 13
0 6 5 19 3 1 12 3 5 7 25
3 3 3 0 1 5 10 5 0 2 1
6 13 12 2 5 2 7 7 6 8 3
1 6 9 5 3 0 3 1 1 0 1
0 8 1 7 4 5 3 8 7 5 4
6 3 12 2 2 4 7 9 3 11 7
9 1 10 13 1 3 0 3 2 4 16
5 9 4 13 21 12 3 6 14 5 1
3 17 14 6 19 4 12 3 5 17 8
15 11 15 5 15 13 9 10 0 6 4
5 12 0 3 1 2 10 8 2 13 11
3 2 11 9 4 8 13 8 14 11 7
6 2 1 7 1 1 2 7 5 11 4
15 7 7 5 3 6 13 5 2 6 10
13 2 13 0 2 1 7 3 3 8 6
4 2 1 1 10 6 2 7 11 0 6
5 2 10 1 1 0 4 6 1 4 2
3 2 1 3 2 1 3 4 4 5 3
4 1 2 1 11 2 8 0 4 6 3
3 4 3 2 2 3 1 3 5 2 4
4 0 3 15 3 4 1 9 6 0 3
9 1 19 5 11 2 5 2 0 6 5
11 3 10 14 4 5 6 6 8 9 6
2 5 11 9 3 5 8 3 12 3 3
31 3 3 7 5 2 19 2 6 6 1
1 23 2 1 2 2 9 11 4 8 3
7 12 7 11 25 3 7 0 16 0 15
4 12 11 8 1 6 13 14 1 6 1
10 5 7 4 5 2 1 5 3 15 3
2 14 8 5 2 16 13 12 13 1 6
10 2 17 5 8 6 1 10 7 1 7
8 4 2 5 8 2 15 12 11 26 15
0 8 14 17 1 11 7 18 9 5 12
0 2 2 2 4 2 2 1 1 13 11
5 1 4 2 12 4 5 6 8 8 13
12 8 28 15 6 11 3 5 6 7 5
0 7 7 3 6 3 7 2 2 4 2
19 5 11 14 3 1 2 8 12 15 1
7 7 3 3 0 3 4 5 8 9 9
4 0 2 0 0 12 6 3 0 2 4
9 9 13 10 12 13 22 7 7 14 4
3 7 4 3 1 1 7 4 8 8 2
2 12 14 11 5 2 7 5 5 2 3
16 10 6 19 1 27 3 6 4 4 3
1 10 6 2 7 6 6 1 6 3 4
7 1 19 2 1 0 19 4 0 1 11
2 8 5 2 2 1 7 1 2 4 3
0 13 5 5 9 1 3 18 1 4 0
8 2 1 5 7 0 11 3 5 1 5
2 6 8 1 3 19 20 11 7 4 1
4 1 5 2 9 3 0 5 1 2 1
0 6 2 7 3 7 11 0 2 12 6
7 1 14 2 7 3 19 17 7 7 5
4 15 4 27 7 13 2 12 7 7 0
1 14 4 27 4 3 4 3 3 11 8
23 10 3 6 5 20 6 6 4 2 3
12 9 0 1 11 6 7 2 6 6 2
2 3 7 2 1 2 5 1 7 1 5
2 0 1 8 7 2 5 2 3 4 1
8 5 10 10 15 8 3 6 5 12 11
17 4 16 3 11 14 0 10 2 10 9
8 1 5 7 12 8 6 6 2 4 0
10 16 2 1 5 3 0 5 3 8 1
1 5 1 0 8 6 2 1 2 4 1
5 10 1 11 1 3 13 5 3 14 19
3 6 3 8 25 8 11 10 8 12 10
11 4 8 28 10 5 5 6 4 5 16
1 5 5 3 4 0 1 0 3 3 2
5 3 10 0 17 4 1 4 2 3 7
8 15 5 4 3 4 1 0 20 11 20
1 2 5 5 2 3 2 0 1 1 7
9 3 16 18 8 19 8 8 16 4 3
1 19
1 35
1 52
1 88
2 42
2 59
5 27
5 48
6 43
7 55
7 70
8 75
9 81
9 105
9 109
10 60
10 73
10 106
12 44
12 71
12 99
12 108
13 34
13 56
13 72
13 89
14 106
14 110
16 25
16 57
16 72
17 67
17 73
17 90
17 95
17 115
18 37
18 77
20 70
22 93
22 117
24 42
24 72
24 78
24 87
25 27
25 40
25 70
25 90
26 39
26 103
27 40
27 115
27 123
28 33
29 75
30 48
30 59
30 82
30 115
30 123
31 32
32 64
32 95
32 101
32 104
33 52
34 49
34 118
34 129
35 86
35 95
35 105
35 117
36 88
36 111
37 64
37 87
38 61
38 121
39 54
40 140
41 47
41 71
41 84
41 102
41 141
42 57
43 94
43 133
44 45
44 51
44 56
44 144
45 101
46 75
47 48
47 85
48 74
48 124
49 136
50 52
50 71
50 79
51 83
51 100
51 122
52 89
52 150
53 56
53 74
53 95
55 57
55 90
56 70
56 146
57 62
57 104
58 81
59 131
60 92
60 109
61 69
61 133
62 126
63 136
64 67
64 75
64 105
64 117
64 136
65 122
65 142
66 97
66 125
67 71
67 94
67 123
68 70
68 161
69 97
70 71
70 152
71 152
73 82
73 119
73 142
73 173
74 139
75 119
76 137
77 82
77 93
77 98
77 129
77 139
78 137
78 163
79 175
80 128
80 152
80 158
81 102
81 105
84 85
84 128
84 135
84 143
84 150
84 174
85 180
86 89
87 187
88 94
88 168
89 131
90 154
90 155
90 187
91 106
92 166
93 177
94 131
94 169
94 187
94 192
95 162
95 177
95 181
97 109
97 176
98 134
99 108
100 157
101 105
101 174
102 111
102 156
103 142
103 175
104 164
104 167
104 185
104 189
104 196
105 144
106 112
106 119
106 125
106 190
107 125
107 175
107 177
108 126
108 152
108 160
108 190
109 126
109 128
109 159
110 126
111 177
112 122
112 204
112 211
113 117
113 147
114 202
116 118
116 132
116 170
116 177
116 183
117 121
117 142
117 145
117 153
118 162
118 175
119 122
119 159
119 176
120 219
121 164
121 181
121 219
122 128
122 153
122 174
122 204
123 141
123 177
124 155
125 162
126 213
126 221
127 143
128 172
128 203
128 220
129 168
131 159
131 172
133 195
133 210
134 213
135 148
135 185
135 200
136 142
136 165
136 176
136 225
137 147
137 178
137 184
137 225
137 231
138 155
138 226
139 205
140 211
140 219
140 228
141 155
141 184
141 187
141 236
141 239
142 143
142 216
142 218
142 236
143 218
144 159
145 198
145 225
145 240
145 244
146 181
146 182
148 217
148 226
149 185
149 232
150 161
150 185
150 191
150 247
150 249
151 209
151 223
155 199
155 207
155 211
156 160
156 221
157 205
158 182
158 183
158 234
158 239
158 257
159 178
159 218
159 239
160 195
160 202
162 208
162 262
163 194
163 263
165 177
165 233
166 181
166 209
166 236
166 239
167 193
167 230
168 212
168 241
168 242
169 177
170 211
170 215
170 248
171 210
171 258
173 201
173 229
174 178
174 217
174 254
175 195
175 206
175 234
175 255
176 181
177 198
178 196
179 249
180 191
180 233
180 237
180 250
182 247
182 255
183 191
183 233
183 262
184 231
184 270
185 230
186 213
186 232
186 276
187 208
187 217
187 223
187 272
188 246
189 260
190 219
190 260
191 246
192 197
194 204
194 292
195 271
195 278
195 280
196 221
197 217
198 204
198 282
199 260
199 282
200 212
200 280
200 288
201 275
201 277
203 227
203 251
203 252
203 281
203 291
204 213
204 218
204 242
204 276
205 211
205 215
205 294
206 254
207 227
208 295
209 271
209 304
210 227
210 238
210 244
210 287
211 234
212 269
214 227
215 247
216 239
216 308
217 226
217 297
218 299
219 299
220 226
220 281
220 304
221 253
222 273
222 280
222 294
222 317
223 296
224 250
224 253
224 324
225 276
225 308
225 316
226 277
226 287
226 293
227 261
227 266
227 283
227 311
227 324
228 274
228 311
228 328
229 290
229 295
229 301
229 311
229 317
229 329
230 249
230 278
230 297
231 244
231 283
231 302
231 305
231 310
231 312
232 239
232 258
232 306
233 255
236 273
237 315
239 241
239 243
239 269
240 299
240 311
240 318
241 246
241 280
241 332
242 329
243 288
243 293
243 294
243 304
244 294
244 328
244 333
245 269
245 278
246 289
247 302
248 267
248 292
248 312
249 254
249 323
250 278
250 296
251 270
251 284
252 277
252 293
252 300
252 341
253 335
253 350
254 261
255 295
256 288
257 304
257 340
258 329
258 342
259 305
259 321
260 346
261 299
261 312
261 331
261 355
262 328
262 337
263 296
263 324
265 294
267 274
267 313
267 346
269 284
269 368
270 278
270 297
271 283
272 318
272 323
272 335
272 364
274 360
274 367
275 367
276 325
277 278
278 343
279 280
279 291
279 320
279 336
279 343
280 296
280 356
281 318
281 321
281 361
283 289
283 294
283 297
283 325
283 360
283 362
284 383
285 362
285 375
285 382
286 359
287 308
287 336
287 372
289 383
290 339
290 375
293 295
293 368
294 369
294 370
295 354
296 320
296 334
296 337
296 377
297 336
297 373
297 382
298 398
299 308
299 329
299 369
299 370
299 389
300 352
300 388
301 371
301 381
302 326
302 330
302 368
302 395
303 309
303 336
303 351
304 317
304 318
305 343
305 349
305 399
305 401
306 310
306 323
306 347
306 362
306 381
307 348
307 391
308 319
308 389
310 340
310 357
311 321
311 345
311 354
311 370
312 359
313 317
313 332
313 350
313 366
314 358
314 376
315 340
315 375
315 390
316 390
316 395
318 349
318 372
319 355
319 375
319 401
320 337
320 357
321 401
322 351
324 377
325 346
325 347
325 404
326 388
326 393
328 347
328 350
328 412
329 378
329 391
329 392
329 410
330 421
332 345
332 388
332 405
333 426
334 358
334 379
336 397
336 403
336 430
337 344
337 369
337 434
338 355
338 391
340 353
340 382
340 420
340 438
341 368
341 381
341 419
341 429
341 441
342 359
342 375
342 378
343 383
343 396
344 345
345 376
347 444
348 358
348 370
348 377
348 379
348 402
348 404
348 417
349 354
349 360
349 364
349 424
349 444
350 450
351 359
351 363
351 439
352 363
353 356
354 375
354 381
354 453
355 441
356 437
356 446
356 450
356 456
358 388
359 388
359 442
359 444
361 378
362 456
363 422
363 460
364 368
364 444
364 451
365 402
365 447
366 428
366 456
367 402
368 454
369 379
370 388
370 390
371 418
372 459
373 420
373 448
374 420
374 463
375 407
375 416
377 464
378 386
378 418
378 436
379 411
379 476
380 384
380 394
380 438
380 449
380 464
381 404
381 461
381 468
381 471
381 473
382 421
383 401
383 441
383 450
384 428
384 474
385 416
385 418
385 440
385 442
386 390
386 422
386 463
387 448
387 486
388 407
388 443
389 446
389 484
390 452
391 470
392 423
392 442
392 463
393 405
393 417
393 432
393 454
393 484
394 463
395 426
395 489
396 489
397 405
397 464
398 491
399 457
399 478
399 491
400 411
400 428
400 431
400 466
400 498
400 500
401 408
401 433
401 435
401 456
401 471
402 431
402 447
402 475
403 433
403 443
403 472
404 475
405 410
405 435
405 498
406 490
407 421
407 427
407 460
408 502
409 455
409 480
409 508
410 478
410 491
411 443
411 452
411 469
412 452
412 479
412 499
413 509
414 465
414 478
416 420
416 485
416 486
416 490
416 512
418 438
418 478
419 440
419 472
420 507
422 428
422 491
423 429
424 478
424 494
424 521
425 475
425 476
425 490
426 476
426 511
427 468
428 509
429 451
429 479
429 510
430 484
430 517
431 513
431 517
431 528
432 465
432 487
433 469
433 502
433 520
434 487
434 519
435 443
435 528
435 535
436 448
437 465
437 497
438 450
438 470
438 517
439 443
439 444
439 451
440 503
440 524
441 536
442 480
443 470
443 541
445 518
445 538
446 490
446 495
446 527
447 449
447 464
447 475
447 488
447 522
448 467
449 488
449 513
449 536
450 470
451 453
451 516
451 526
452 499
452 504
453 500
453 516
453 522
454 474
454 489
454 491
454 515
456 539
456 544
457 519
458 462
458 464
459 499
459 530
459 543
459 544
460 515
460 541
461 471
461 554
462 477
462 478
462 547
462 551
463 525
463 555
464 468
464 548
465 483
465 496
465 556
465 562
466 557
467 478
467 512
467 522
467 526
468 476
468 504
469 515
469 528
469 563
470 496
470 499
470 547
470 558
471 505
471 520
471 536
471 538
471 555
471 565
472 493
472 504
472 519
473 505
476 479
476 565
477 503
477 519
478 510
478 522
478 532
479 482
479 522
479 546
480 502
480 565
481 546
482 493
483 552
484 512
485 494
485 532
485 533
485 573
486 500
486 537
486 549
487 523
488 551
488 579
489 516
489 564
489 572
489 589
490 509
490 524
490 536
491 508
491 551
491 560
491 580
492 497
492 532
492 560
492 578
493 503
493 540
493 572
494 565
495 500
495 504
495 525
495 543
495 552
495 570
496 516
496 578
496 595
497 536
498 525
498 550
498 581
499 516
499 573
500 532
501 508
501 567
502 538
502 570
502 598
503 603
504 582
505 593
506 560
507 531
507 552
508 554
508 593
508 607
509 510
509 524
509 527
509 541
510 547
510 574
511 533
512 575
512 585
512 600
513 531
515 530
515 568
515 597
516 582
517 536
517 547
519 551
519 577
520 533
520 544
520 547
520 574
520 578
520 588
521 534
521 586
521 601
522 547
522 605
523 571
524 559
524 623
525 569
525 602
525 617
525 625
526 594
526 604
526 611
527 578
527 617
529 537
529 607
530 532
532 555
533 581
533 597
534 602
534 613
535 591
536 602
537 559
537 561
539 546
539 548
539 618
540 565
541 641
542 584
542 590
542 600
542 622
542 638
543 580
543 637
545 625
545 643
546 583
547 562
547 591
550 602
550 608
551 599
552 556
552 564
552 585
552 587
553 624
554 630
555 629
555 654
556 583
556 594
556 641
557 616
557 635
559 635
559 659
560 571
560 575
560 581
560 611
560 646
561 642
561 646
563 577
563 629
564 573
564 583
564 601
564 605
564 623
564 635
565 577
565 665
566 666
567 570
567 584
568 575
568 600
568 662
569 578
569 647
571 641
571 651
572 637
572 648
572 663
573 631
573 662
573 670
574 581
574 589
574 592
575 617
575 639
575 652
576 609
576 630
576 635
578 607
579 587
579 633
579 655
580 582
580 640
580 679
581 645
581 668
583 607
583 634
583 671
584 597
584 632
584 661
585 628
586 595
586 638
586 671
587 630
587 636
587 643
587 649
587 683
588 643
589 609
590 684
592 613
593 611
593 642
594 605
594 618
594 692
595 596
595 690
597 628
597 652
597 654
597 675
598 617
598 657
599 637
602 699
603 625
603 631
603 652
603 655
604 623
604 702
605 614
605 655
606 619
608 690
609 652
609 670
610 630
610 681
610 701
611 621
612 647
612 689
613 680
614 705
615 667
615 693
616 617
616 625
616 713
616 714
617 635
617 652
617 687
618 650
618 666
618 674
618 692
619 682
619 690
620 629
620 634
621 643
622 657
623 675
623 711
624 660
624 710
625 715
626 654
626 678
626 726
627 639
627 686
627 713
628 662
628 682
629 637
629 661
629 696
631 645
632 637
632 638
632 655
633 719
633 729
635 636
636 644
637 651
638 643
638 683
638 699
638 729
639 641
639 651
640 654
640 681
641 686
642 655
642 662
642 698
642 704
643 727
644 702
644 720
644 727
645 659
645 671
645 701
645 718
647 660
647 680
647 732
648 678
648 699
649 673
649 707
650 667
650 700
651 684
651 712
651 721
651 725
651 731
651 734
651 743
651 748
652 688
652 712
653 699
655 729
655 740
655 745
655 750
656 689
656 736
657 715
657 736
659 663
659 697
659 722
659 743
659 750
660 663
660 708
660 759
661 697
661 709
661 754
662 696
662 736
662 740
663 688
663 719
665 668
665 669
665 681
665 696
665 765
666 700
667 729
667 744
668 676
668 682
668 705
669 679
669 753
670 717
670 720
670 738
671 687
672 720
672 767
673 685
673 695
673 748
674 679
674 691
674 703
674 727
674 773
674 774
675 691
675 706
675 739
675 763
676 686
676 698
677 748
678 747
679 696
679 740
679 765
680 710
680 743
681 709
681 737
681 767
682 706
682 708
682 756
683 727
683 734
683 752
684 711
685 723
686 714
686 737
686 755
687 774
689 734
689 742
689 774
690 701
690 756
691 707
691 781
693 734
693 774
694 700
694 715
695 781
696 765
697 708
697 751
697 787
698 709
698 755
698 764
699 755
699 768
700 715
700 732
700 763
700 783
700 788
701 763
702 736
702 746
703 717
703 730
703 746
704 705
704 751
705 718
705 728
706 736
707 716
707 743
708 741
708 769
708 808
710 733
710 783
710 793
711 775
713 771
713 796
714 735
714 784
715 726
715 732
716 749
716 757
716 784
716 785
717 773
718 735
718 791
719 737
720 741
720 743
721 796
722 802
723 746
723 762
723 798
723 799
723 816
723 823
724 728
724 778
724 816
725 726
725 767
725 819
725 820
726 782
726 798
727 739
727 749
727 754
727 802
727 805
727 823
728 766
728 785
728 824
729 743
730 801
731 766
731 795
732 734
733 808
735 794
735 807
736 748
736 796
736 797
736 816
737 816
737 828
738 821
739 802
740 745
741 787
742 785
743 775
743 805
743 806
743 809
745 829
745 830
746 803
747 772
747 794
747 806
748 802
748 813
748 843
748 844
749 781
749 823
749 830
750 760
750 848
752 851
753 785
754 782
754 805
754 811
755 784
756 764
756 796
756 803
756 807
757 844
758 838
758 850
759 795
759 821
759 835
759 836
760 803
760 832
761 801
761 827
761 845
762 790
762 791
762 815
762 859
763 769
763 809
763 824
764 806
764 813
764 823
765 775
766 771
766 821
766 826
767 785
767 814
767 859
768 776
769 822
769 848
769 857
770 857
772 778
772 791
772 844
772 846
773 861
774 824
776 813
776 814
776 840
777 783
777 791
777 800
778 779
778 819
779 786
779 847
780 784
780 792
780 825
780 830
781 835
781 840
781 848
782 790
782 795
783 814
783 842
783 850
785 830
785 843
787 818
787 846
787 850
788 792
789 800
789 870
789 878
790 823
790 844
790 848
790 868
790 890
791 848
792 845
792 847
793 833
793 848
793 862
793 867
794 857
795 810
795 813
795 816
795 830
795 846
796 886
797 840
797 850
797 864
797 871
798 880
798 889
798 893
799 821
799 822
799 852
800 817
800 872
800 899
801 805
801 833
801 859
802 810
803 826
803 865
803 884
804 810
804 878
805 819
805 828
805 842
805 854
805 855
810 853
810 857
810 864
811 841
811 867
811 889
812 841
812 897
813 854
813 873
813 892
813 896
814 830
814 851
814 852
815 838
815 843
815 901
816 818
816 853
816 856
817 839
817 847
817 881
818 825
818 844
818 884
819 820
819 879
819 898
820 913
821 835
821 860
822 887
822 902
824 836
824 839
824 887
824 916
825 846
826 900
828 853
829 928
831 895
832 833
832 844
832 847
832 882
833 840
834 856
834 864
835 923
836 916
836 919
837 923
838 854
839 895
839 919
840 851
840 860
840 912
841 888
841 891
841 927
842 885
843 848
844 846
844 877
845 925
847 881
848 916
849 879
849 925
850 935
851 878
851 934
851 940
852 866
852 901
853 875
853 881
853 939
854 858
855 896
855 913
856 873
856 918
856 920
856 929
857 859
857 880
857 891
857 905
858 954
859 871
859 896
859 918
859 942
859 949
859 953
861 909
861 928
862 937
863 897
863 902
864 916
864 922
864 961
865 905
866 886
868 885
868 932
868 956
868 961
869 901
870 881
870 914
870 947
870 959
871 880
871 929
871 945
872 891
872 920
872 946
873 899
873 907
874 887
874 920
874 922
874 966
876 894
876 902
876 935
876 971
877 926
878 953
879 914
881 932
881 954
881 976
882 900
883 888
883 910
883 943
883 966
883 967
883 970
885 942
886 902
886 940
887 978
887 982
888 926
888 939
888 945
888 982
889 961
889 983
891 953
892 969
893 976
893 993
894 933
894 959
895 942
895 983
895 992
896 954
898 921
898 963
899 982
900 928
900 944
900 959
901 945
901 966
901 968
902 991
903 961
903 969
903 976
904 919
905 910
905 957
906 926
906 931
906 945
907 919
907 943
907 954
908 960
909 910
909 915
909 921
909 929
909 987
909 988
909 998
910 987
911 932
911 951
912 964
912 988
913 992
914 980
915 948
915 978
915 985
918 926
918 951
918 980
919 969
920 946
920 953
921 926
921 939
921 967
922 927
922 954
922 998
923 954
923 980
924 965
925 941
925 963
925 986
926 931
926 962
926 986
926 992
927 969
927 996
928 980
928 998
930 956
931 935
931 999
932 937
932 1000
933 949
934 939
934 941
935 966
935 973
936 967
937 993
938 970
938 979
938 982
939 952
939 979
940 946
940 975
940 980
941 963
943 945
943 975
943 982
943 996
945 989
946 994
947 971
947 979
947 988
948 951
948 960
948 975
952 956
952 979
952 982
953 960
953 964
953 997
954 968
954 986
955 961
955 979
956 998
963 989
966 988
968 969
969 995
972 984
972 994
976 985
976 987
977 999
979 981
979 984
981 992
983 997
984 999
986 991
989 990
990 1000
997 1000
11 6 5 11 14 15 23 15 10 5 12
22 3 13 8 3 8 4 1 6 1 4
4 5 6 4 4 2 3 15 2 7 3
15 25 4 3 2 13 8 18 22 14 6
30 8 12 7 18 18 8 17 5 14 11
2 2 13 22 11 4 30 4 1 10 15
6 0 9 19 8 10 2 1 21 21 3
8 4 17 16 27 20 7 11 1 1 25
10 3 3 22 5 4 11 12 0 1 13
10 6 13 11 1 5 3 7 10 12 4
1 7 7 4 6 2 26 7 7 11 5
15 18 9 5 7 29 13 24 9 24 9
1 5 21 7 5 10 6 10 19 22 6
0 14 7 34 1 17 14 20 1 7 1
15 5 30 8 2 34 24 15 8 17 0
9 10 3 10 3 7 6 15 2 8 1
2 13 6 7 1 15 5 0 7 1 13
17 24 5 9 18 3 1 9 25 6 22
1 1 3 8 7 7 10 7 10 1 9
5 17 23 12 3 6 11 5 6 15 8
32 53 52 33 22 47 54 30 55 44 46 25 24 42 14 48 52 49 56 25
8 9 9 12 1 4 11 6 17 1 9 4 1 14 3 12 20 9 17 1
7 28 17 16 8 11 21 9 13 16 17 10 12 13 14 14 31 16 23 10
2 8 8 9 1 3 4 5 12 8 4 2 4 13 11 13 11 2 8 6
31 47 57 47 33 27 35 23 36 37 47 36 27 41 32 53 57 39 42 27
18 47 51 24 14 44 41 35 46 34 49 16 34 42 22 39 64 27 52 38
1 8 8 6 1 1 3 2 8 8 3 1 2 13 11 12 9 1 3 4
11 24 31 21 10 13 21 18 29 15 16 9 8 27 14 31 32 19 18 11
5 26 26 13 1 14 26 9 18 20 17 1 18 21 19 18 22 7 22 6
1 11 8 7 1 1 7 2 6 6 2 1 1 10 8 7 13 1 1 3
12 31 34 13 14 29 32 15 22 25 32 9 21 17 24 18 22 15 27 9
37 65 71 41 33 52 58 37 64 53 53 34 37 61 43 65 65 32 60 34
1 4 4 2 1 3 4 1 4 2 3 1 1 4 3 1 4 1 4 1
23 40 47 26 16 26 30 25 34 16 33 18 24 35 20 36 47 30 45 16
9 32 47 27 17 20 36 25 34 33 25 14 28 37 12 40 43 37 37 25
15 31 39 19 11 16 29 22 33 16 22 8 14 23 17 29 23 17 29 2
2 17 19 5 2 10 20 11 16 9 4 1 6 15 8 19 10 9 11 1
1 6 10 4 1 5 9 5 6 6 4 1 3 17 9 12 2 1 3 1
21 60 67 33 27 52 47 27 42 46 65 25 45 41 34 52 50 34 60 49
28 47 54 15 25 57 52 35 48 43 50 16 39 36 31 38 43 27 53 31
6 18 4 1 1 8 6 11 12 3 4 1 1 13 2 5 23 6 14 2
13 39 43 32 7 19 32 12 30 30 35 22 32 47 33 35 40 8 37 26
24 44 44 15 15 40 21 33 54 26 32 12 10 35 19 43 40 28 43 27
6 39 35 12 5 37 43 24 25 31 32 1 29 34 22 27 39 15 33 30
1 20 21 12 5 8 14 8 11 14 11 3 7 25 18 22 13 1 3 11
28 65 65 30 36 38 36 58 62 50 36 25 33 53 31 55 59 34 56 35
22 54 50 20 21 36 39 34 38 37 38 10 30 23 22 31 49 35 49 16
1 11 5 6 1 8 12 7 9 4 4 3 3 8 7 4 11 3 9 1
6 17 17 9 7 14 15 16 21 6 11 5 9 8 10 9 12 4 19 1
12 18 12 8 1 5 14 10 19 4 5 1 1 14 3 13 24 16 22 1
20 33 27 14 10 25 17 29 35 17 19 1 5 32 16 28 32 23 33 10
1 25 21 16 6 10 18 4 7 16 17 6 14 10 9 12 30 13 17 8
9 20 19 10 3 18 22 12 20 13 13 1 12 22 16 17 20 8 23 5
25 46 57 39 16 29 48 27 45 35 43 24 33 50 23 46 63 32 55 22
1 17 20 5 5 14 21 12 12 12 8 1 10 20 9 17 15 9 10 2
6 34 44 23 8 27 39 16 31 36 30 12 35 31 23 32 38 20 37 27
4 27 23 17 3 12 24 12 25 20 12 7 12 27 20 26 24 9 20 11
17 31 38 15 13 38 25 21 40 23 33 12 11 34 18 32 37 21 36 24
15 51 50 36 25 24 33 22 26 44 42 22 38 14 24 36 50 42 40 34
12 23 37 20 11 22 33 25 25 22 26 10 30 25 13 26 37 18 38 17
2 35 37 17 9 21 34 8 18 27 27 6 22 7 13 24 22 26 27 14
14 20 36 8 4 32 28 20 32 22 34 1 25 23 15 25 21 12 40 17
1 8 6 1 1 4 9 5 6 4 7 1 5 6 3 1 10 7 9 1
1 13 7 1 1 9 17 1 1 6 10 1 3 10 5 4 13 3 9 2
10 36 34 6 13 35 31 24 32 24 29 7 14 26 23 26 22 12 27 19
33 50 60 41 22 31 22 29 46 37 53 23 30 38 29 49 60 46 60 32
21 49 42 19 18 32 41 28 41 35 33 19 32 30 37 30 42 6 39 21
36 44 43 23 25 28 24 35 41 26 38 17 31 24 28 33 42 25 53 11
3 16 19 1 6 17 13 16 19 6 10 2 4 16 13 15 8 3 10 5
1 4 10 1 1 10 9 7 6 1 8 1 7 12 1 2 12 2 11 3
8 21 29 8 4 27 15 23 30 15 21 3 18 28 12 16 27 10 29 16
1 33 30 14 10 25 40 22 19 24 24 7 28 16 4 15 40 23 34 21
1 3 11 1 1 12 6 6 8 1 12 1 9 15 5 6 9 4 11 5
4 32 45 11 11 34 36 23 28 26 29 2 27 22 13 25 30 19 32 16
22 42 48 18 8 39 48 25 40 37 45 6 31 36 25 36 41 22 53 27
20 50 45 33 9 19 35 22 35 30 32 15 24 38 26 39 49 28 43 16
19 59 63 35 28 37 40 44 44 43 41 18 38 48 19 49 70 44 53 36
1 11 12 9 1 5 11 1 7 12 9 1 6 11 8 7 13 10 5 7
33 50 57 27 23 47 31 36 62 32 46 22 16 48 20 45 54 29 55 22
1 3 8 1 1 7 8 3 5 2 6 1 2 13 5 7 5 3 4 1
27 58 46 24 12 29 53 31 45 42 35 10 31 35 32 43 48 28 50 23
14 55 51 19 25 41 54 47 41 42 37 13 40 41 20 42 61 36 48 40
1 7 15 1 2 19 9 7 12 2 13 1 8 15 1 7 14 4 10 8
19 41 55 17 14 54 47 32 42 43 50 16 31 50 29 47 47 24 47 43
7 22 15 12 1 12 16 13 22 8 7 1 5 13 11 12 22 5 19 5
27 41 42 20 21 24 20 34 31 26 30 16 26 20 21 27 36 29 42 10
1 16 26 5 1 21 23 5 15 14 23 1 15 11 1 15 20 17 22 14
1 28 24 19 10 7 26 14 18 25 12 9 20 19 15 22 29 18 20 15
10 37 38 21 1 17 30 10 37 27 27 7 13 30 18 36 31 24 33 20
3 9 11 8 1 6 8 6 10 4 12 3 8 14 8 10 12 4 15 3
20 55 57 21 12 46 31 33 57 37 44 11 26 50 29 50 47 26 51 33
1 7 7 3 1 11 8 5 12 6 8 1 5 8 5 3 8 5 12 2
3 26 26 19 1 14 24 9 26 20 13 8 13 28 21 27 22 6 20 13
4 30 40 19 1 26 31 1 27 35 34 8 28 30 20 32 28 19 29 27
4 25 22 11 5 16 30 9 13 17 16 1 14 16 9 19 25 18 21 8
20 31 49 24 21 33 24 24 30 24 45 20 27 33 20 35 48 26 39 29
5 25 25 6 10 27 15 17 28 17 20 6 7 18 10 21 21 15 16 20
1 14 5 1 1 13 15 9 11 2 2 1 2 8 5 5 11 1 11 3
10 44 43 23 7 36 34 22 46 33 41 14 18 35 23 38 46 24 40 32
1 8 5 2 1 8 12 2 4 5 6 1 4 9 2 1 11 5 8 1
17 50 51 27 26 26 32 43 44 32 23 17 23 44 14 46 55 34 41 24
1 10 13 9 5 11 9 8 10 3 15 7 11 12 8 4 14 6 17 3
15 47 44 38 12 7 31 10 25 34 34 24 31 32 35 39 42 20 40 22
1 6 6 1 1 7 2 6 6 2 7 1 6 13 1 1 16 1 11 4
6 24 22 7 2 12 10 9 18 9 19 4 5 7 1 10 24 19 23 5
3 14 11 9 1 5 19 1 5 11 6 1 4 13 12 14 12 7 7 5
5 18 17 15 6 5 3 7 14 9 16 8 10 9 11 8 21 10 19 5
24 35 49 31 17 34 39 23 43 30 36 19 18 44 12 39 40 32 40 11
4 32 35 16 1 13 21 13 28 27 21 7 13 26 19 27 27 18 18 15
1 11 11 3 1 14 14 5 11 2 9 1 4 7 1 2 12 4 14 1
10 47 47 41 29 2 36 27 28 41 20 27 37 32 26 41 45 34 35 26
5 21 15 9 1 16 17 11 16 10 14 1 13 16 12 7 24 6 20 9
1 12 14 6 2 8 8 8 11 5 6 1 1 19 10 14 10 1 3 4
1 1 4 1 1 5 4 1 1 1 4 1 4 13 4 3 5 1 5 1
32 45 56 29 29 41 39 37 49 34 44 27 20 56 19 51 59 35 47 23
27 31 39 16 12 29 27 30 43 19 25 8 17 37 19 33 33 23 44 8
8 18 10 3 4 15 22 9 14 9 9 1 8 4 10 8 11 5 19 4
30 45 49 26 26 38 49 23 34 35 49 20 38 27 26 33 50 31 53 19
1 7 12 1 1 7 12 3 7 10 7 1 4 4 4 5 7 13 5 3
3 2 7 9 1 1 2 1 9 1 7 1 1 9 1 7 11 6 8 1
20 38 42 21 25 25 18 27 32 24 32 23 18 30 30 36 36 18 37 19
2 12 13 6 3 14 16 7 13 4 7 1 1 13 5 14 11 5 10 6
8 24 35 21 12 22 13 15 30 18 26 15 15 34 22 29 30 9 27 18
1 6 2 1 1 5 6 1 3 2 2 1 3 6 2 1 8 1 8 1
10 25 38 18 1 39 30 13 34 22 35 3 21 25 6 27 31 20 38 25
15 27 32 31 12 15 34 5 19 22 31 19 17 33 21 30 30 18 29 14
18 38 43 19 20 25 27 24 32 22 32 11 26 25 27 32 32 16 37 8
1 25 29 13 12 13 26 23 22 20 10 6 21 22 1 19 34 21 24 13
9 36 24 11 6 33 39 21 21 28 26 1 28 22 18 17 42 21 33 27
1 9 13 6 2 12 12 7 9 3 11 4 8 15 7 7 12 1 12 2
1 3 3 2 1 4 1 5 8 2 1 1 1 11 3 7 7 1 5 1
15 51 44 22 13 43 48 28 44 42 40 8 32 32 37 38 39 18 38 32
4 15 36 12 1 29 22 15 29 24 31 5 23 33 12 26 29 10 28 26
1 6 2 1 1 3 5 5 6 1 1 1 1 3 1 2 7 2 2 1
29 57 66 32 33 40 36 43 67 49 44 29 29 51 26 62 60 44 58 40
12 40 53 24 9 35 28 20 46 31 46 16 23 50 28 48 45 17 41 34
14 57 53 31 14 22 36 30 40 44 30 8 21 36 23 44 46 37 40 27
9 32 39 27 12 16 32 13 34 34 22 7 24 19 1 35 33 40 32 23
22 54 59 30 27 45 33 31 48 42 50 34 31 51 48 48 49 10 41 38
3 10 16 14 1 5 9 4 12 9 16 3 7 17 11 14 13 7 12 2
10 30 32 11 10 22 29 22 26 21 19 5 14 19 20 19 18 11 19 4
14 22 26 5 13 28 12 21 29 10 24 11 7 31 11 24 35 4 29 19
3 8 9 4 1 9 12 1 11 6 8 1 1 2 1 6 12 11 10 5
1 25 16 13 1 11 21 2 9 21 20 4 14 21 18 17 24 7 13 17
1 15 11 5 5 7 16 10 9 10 7 1 10 8 5 8 16 12 13 1
19 25 39 29 17 19 31 19 35 24 27 17 11 24 3 33 31 36 33 5
14 26 34 15 17 27 19 25 33 13 27 9 20 25 22 26 23 9 33 7
21 51 47 28 19 21 28 27 23 36 36 17 26 26 25 35 54 38 38 21
5 42 30 16 16 21 29 30 27 24 20 9 19 17 9 22 44 25 28 20
18 41 37 33 15 20 35 9 27 30 35 21 30 41 33 34 40 10 37 28
13 22 31 20 8 14 24 14 20 14 26 12 21 25 13 22 39 20 32 10
2 20 30 16 1 19 18 4 23 22 28 3 19 26 16 25 21 13 26 19
16 53 50 15 18 45 30 29 48 39 42 17 18 34 28 40 42 18 41 37
2 25 24 4 1 29 26 18 21 13 22 1 13 20 4 9 31 15 27 14
1 12 21 9 8 15 3 11 17 8 15 6 3 20 12 15 13 1 7 9
3 23 20 10 4 27 30 12 11 17 29 6 22 16 7 7 34 14 28 20
1 2 10 2 1 8 3 5 10 6 6 1 1 12 4 7 6 6 4 2
22 40 43 14 15 39 16 32 49 26 34 6 12 37 15 41 38 32 40 23
8 30 26 19 7 10 25 11 17 14 21 11 16 18 17 19 25 16 26 6
25 52 61 27 19 41 50 26 54 39 48 15 28 35 26 51 33 32 49 23
1 10 4 4 1 13 11 4 9 3 7 1 4 11 2 5 16 1 14 4
2 12 10 6 1 3 8 6 10 9 6 1 3 11 10 8 15 7 7 5
2 19 22 16 4 9 14 11 21 14 12 7 7 18 11 18 20 8 13 11
11 32 33 8 1 33 32 16 33 22 28 1 22 19 4 19 33 25 40 22
1 5 12 8 2 11 9 7 6 5 15 4 12 16 4 4 18 2 14 8
1 3 7 2 1 7 3 6 9 4 7 1 3 11 5 5 7 6 5 1
1 17 9 4 1 12 16 8 12 11 5 1 1 11 6 12 19 8 11 8
7 13 16 1 4 20 19 15 14 9 17 1 18 17 9 7 19 1 25 10
4 5 8 5 1 10 6 7 13 3 8 1 6 11 3 8 10 5 15 1
10 24 20 5 1 20 25 19 21 10 13 1 15 24 11 14 30 12 31 10
9 31 34 24 6 15 26 17 30 22 19 9 16 17 14 22 33 20 25 10
26 63 57 41 26 37 52 20 48 50 45 35 39 58 50 55 55 17 42 46
1 24 13 4 1 20 25 12 15 15 18 2 11 7 2 5 25 17 20 11
8 27 19 6 1 18 18 12 19 16 17 1 8 21 11 14 32 17 23 13
6 26 18 5 5 23 29 16 20 17 11 1 8 14 13 14 17 9 20 8
4 28 20 10 1 19 24 12 15 14 19 3 15 23 15 11 32 2 27 15
11 39 34 21 3 28 29 14 36 29 28 14 17 29 18 25 39 18 32 26
20 57 57 42 28 25 45 30 34 47 38 30 49 30 40 45 53 28 48 30
19 37 41 30 13 28 39 14 34 32 42 20 13 32 14 36 34 34 37 18
30 52 70 30 22 49 54 34 58 47 56 22 32 60 27 59 54 32 59 32
29 64 61 49 30 30 40 22 47 45 49 41 41 55 53 59 58 21 50 43
1 1 8 1 1 10 5 3 6 1 10 1 5 10 1 1 9 3 10 2
22 51 40 10 18 47 23 39 48 33 37 6 7 38 19 37 46 30 43 32
27 54 66 37 16 35 48 32 46 43 50 14 34 50 23 52 61 39 59 32
2 6 3 1 1 4 2 10 14 1 1 1 1 6 1 5 9 1 10 1
16 32 43 19 11 32 33 27 34 28 38 12 33 29 22 20 40 15 40 21
18 42 39 20 14 22 31 25 39 29 28 9 27 37 33 37 28 6 38 16
1 11 11 6 1 10 10 5 9 9 11 1 8 16 9 7 18 8 10 6
17 28 34 13 7 26 22 28 29 17 25 3 17 29 3 23 41 21 37 12
1 4 13 8 1 6 1 5 15 4 9 1 1 5 1 7 8 7 9 1
25 47 48 36 15 27 30 28 43 27 36 15 18 49 26 45 47 27 46 20
10 27 14 7 1 21 16 17 22 9 14 1 7 17 4 10 30 11 30 7
1 4 16 1 1 12 8 3 9 9 12 1 7 12 1 6 12 10 11 5
10 28 31 28 3 6 25 4 28 24 27 15 18 33 26 33 27 9 30 17
20 54 45 23 16 34 41 40 42 42 34 1 27 32 17 40 53 44 43 26
6 43 39 18 13 35 32 23 35 28 36 13 24 28 27 24 38 13 33 23
18 39 46 7 21 42 32 34 40 28 40 10 26 38 32 34 29 7 39 20
30 65 72 30 29 43 57 47 54 52 50 17 52 59 44 57 56 24 59 33
19 45 42 22 2 40 38 22 50 32 42 3 26 27 13 35 50 39 54 32
11 29 33 18 14 20 15 21 29 19 23 11 17 16 21 18 24 14 24 11
22 40 41 19 15 45 44 30 43 30 41 3 31 34 24 35 47 22 48 27
8 32 40 10 8 37 37 22 22 27 34 7 21 41 21 29 35 7 29 28
19 55 52 25 24 46 48 36 38 37 52 17 39 40 34 42 53 25 54 40
13 25 39 2 11 38 35 28 29 19 31 1 24 31 19 25 25 4 29 15
18 55 50 30 11 30 46 27 52 41 34 13 30 32 16 44 54 45 55 30
17 47 51 37 15 26 50 8 34 47 45 20 27 42 23 48 47 35 43 27
1 18 24 10 8 15 12 15 21 15 15 5 8 27 18 22 16 9 10 12
8 48 44 19 5 29 30 17 31 32 34 6 23 24 13 30 45 33 39 20
25 40 50 17 5 46 40 34 47 37 41 8 29 43 20 40 49 32 53 33
1 14 10 3 1 12 18 9 10 7 4 1 6 10 4 8 13 9 9 3
21 51 48 24 25 53 48 43 43 34 49 16 37 40 30 33 59 33 50 40
22 34 39 8 13 29 29 30 45 20 25 2 13 25 20 32 26 19 35 6
32 56 65 17 18 65 58 51 59 47 61 16 45 53 36 52 53 28 66 44
14 57 50 23 26 37 45 35 32 42 40 14 36 27 31 37 50 28 41 29
3 22 19 9 5 24 24 13 13 11 28 7 18 13 5 3 32 14 27 16
28 47 53 14 19 41 33 37 53 34 40 7 24 31 24 39 34 28 50 13
40 63 70 35 28 49 49 42 66 45 54 22 24 56 25 61 51 49 62 22
27 63 60 29 25 41 49 34 52 44 44 11 42 19 16 42 51 46 62 25
9 31 21 2 4 27 26 16 26 18 23 1 12 11 13 12 20 12 30 11
10 44 42 27 20 18 35 22 25 32 25 15 32 20 26 28 39 23 32 16
13 63 60 39 19 33 51 21 28 56 58 25 50 31 39 45 60 40 52 45
7 44 33 16 7 23 43 24 19 29 25 4 27 31 14 26 44 22 38 22
8 40 43 27 13 19 32 20 28 28 27 10 22 39 22 40 41 15 30 22
1 23 21 17 1 3 14 4 15 17 19 7 12 22 19 17 21 2 13 10
1 11 6 1 1 5 17 1 1 6 4 1 2 8 7 6 8 4 4 3
1 24 21 10 1 17 27 5 7 21 20 3 17 24 14 14 31 11 17 18
19 47 54 28 23 23 35 42 48 29 23 15 25 33 14 41 42 39 44 14
3 18 14 13 2 6 14 6 13 9 7 3 7 6 11 7 16 5 15 2
5 17 6 4 1 13 14 14 19 2 1 1 3 7 6 9 14 3 16 3
16 29 38 7 19 40 18 28 34 22 34 14 15 31 22 22 29 7 30 21
24 38 32 8 20 34 13 37 41 18 26 12 6 38 17 33 40 18 36 19
13 41 51 12 15 45 42 27 36 32 44 7 36 19 16 27 36 23 45 21
19 54 48 25 9 32 30 20 40 37 39 10 22 23 21 36 44 38 48 25
2 32 32 17 1 23 35 13 19 27 29 7 26 27 13 21 45 12 31 24
2 12 18 9 1 9 15 7 13 11 7 1 3 11 6 14 15 14 6 3
19 26 32 20 9 16 17 21 39 14 17 10 6 36 15 35 33 21 30 11
8 25 22 5 5 13 23 18 21 15 9 1 9 10 10 13 20 20 18 5
17 38 47 26 12 23 21 22 40 18 35 15 21 38 26 35 43 17 40 14
21 58 70 44 24 34 48 21 35 55 63 32 55 38 48 49 46 35 57 44
33 52 67 39 16 52 43 46 61 49 56 18 41 69 41 58 60 28 63 43
1 19 19 12 1 17 14 1 17 18 21 5 13 18 12 16 23 12 17 18
20 56 46 21 23 42 28 36 48 34 43 26 26 40 35 35 54 6 49 34
26 30 53 23 14 41 48 29 41 40 44 14 41 46 35 42 33 12 48 26
5 27 19 11 4 17 29 8 10 19 21 4 15 19 20 13 15 1 20 10
1 4 9 3 1 10 5 7 11 1 9 1 6 13 5 9 8 6 9 1
15 37 52 22 12 39 32 26 48 31 43 13 28 47 30 43 39 18 44 29
9 38 39 24 3 25 28 11 27 26 38 16 27 37 25 25 48 10 35 27
13 46 55 37 22 15 30 24 26 40 38 22 40 35 29 38 49 35 39 28
1 21 18 5 3 15 18 8 10 14 9 1 6 22 10 19 22 6 6 9
22 59 68 27 31 41 55 44 51 53 46 20 48 56 40 58 54 15 55 40
26 32 45 10 14 38 28 37 48 19 34 6 21 37 17 32 39 20 47 14
23 31 43 31 17 27 33 17 37 26 39 19 24 37 24 33 37 17 45 10
1 10 7 1 1 9 10 7 12 5 4 1 1 5 5 2 9 5 8 1
10 29 26 23 1 21 33 5 26 25 29 13 18 31 21 28 37 18 31 22
1 4 8 5 1 6 1 8 13 1 5 1 2 11 2 9 9 1 11 1
9 31 36 16 7 13 22 14 21 18 26 11 18 21 20 20 20 16 28 7
2 30 29 23 3 5 28 3 12 26 22 13 18 27 25 24 23 8 15 17
20 53 44 28 12 32 50 32 48 39 32 12 33 34 21 39 58 34 54 25
18 41 32 11 10 41 31 35 35 19 32 4 24 25 10 19 45 22 44 22
1 17 19 6 1 14 17 8 11 12 13 1 13 19 7 9 26 9 14 10
1 26 34 20 4 18 22 9 26 26 28 10 17 26 20 28 20 16 19 19
1 3 4 1 1 9 6 6 8 3 2 1 2 11 1 4 6 2 7 1
11 57 44 24 18 21 50 34 35 40 23 15 32 38 15 38 49 34 45 26
4 18 13 10 2 8 11 12 16 7 7 4 7 15 12 9 18 2 17 3
11 42 39 22 4 26 40 16 31 31 38 8 22 21 19 27 40 30 40 17
1 26 24 12 4 8 26 6 7 24 15 2 13 17 14 19 21 15 10 11
14 41 40 19 8 23 25 18 35 25 30 5 19 20 24 29 28 18 35 12
2 8 8 7 1 3 9 3 8 10 2 1 5 10 6 10 12 9 9 3
12 24 19 5 5 15 11 22 24 9 9 1 2 25 7 20 21 12 20 3
16 33 40 19 6 18 32 25 32 23 20 3 22 33 17 32 33 23 38 8
5 14 15 2 3 16 17 13 15 10 10 1 10 16 13 9 11 4 16 1
18 44 59 27 20 31 30 37 50 30 36 16 25 41 9 45 55 42 47 25
2 23 18 8 1 15 26 6 9 14 21 3 15 20 12 14 23 9 22 14
26 57 62 49 20 24 40 16 42 47 53 32 41 29 29 50 64 45 57 36
8 21 34 15 4 31 23 14 27 18 30 4 21 23 12 18 28 9 30 17
32 57 55 23 22 39 41 39 58 36 42 18 30 55 42 54 52 13 54 25
11 26 22 13 10 22 15 18 27 15 19 8 3 24 12 24 33 11 21 19
3 39 31 11 3 33 37 13 30 29 30 2 19 20 12 28 21 21 31 26
23 39 43 24 17 21 8 28 45 20 33 23 12 41 24 40 49 15 39 20
11 20 24 9 3 18 25 15 27 10 12 4 7 11 6 16 20 18 21 3
1 19 12 4 1 14 24 5 7 10 10 1 8 15 12 11 8 1 12 6
5 24 25 11 12 23 18 20 22 7 19 10 15 23 16 16 24 7 22 8
1 8 1 1 1 3 9 5 10 2 1 1 1 7 3 4 9 3 12 1
2 16 19 9 1 15 15 10 17 12 19 2 14 21 10 10 26 8 22 13
2 13 11 5 1 9 9 9 10 1 9 2 6 12 1 1 22 4 14 2
28 33 48 25 10 52 49 31 49 39 51 15 37 43 23 38 52 28 55 35
7 25 22 11 6 12 29 7 13 20 18 5 16 20 22 15 11 4 18 7
8 13 11 4 1 7 8 13 21 1 3 1 1 16 4 15 16 8 19 1
31 45 60 49 30 27 48 17 31 40 52 36 37 50 29 52 54 36 51 22
3 12 15 10 1 12 8 6 21 6 12 1 3 15 3 12 21 9 17 4
21 34 33 14 6 34 22 32 38 19 24 1 18 34 12 25 42 14 42 17
22 33 50 40 17 21 39 12 31 34 41 25 27 50 25 44 41 25 38 20
15 37 38 23 10 15 33 23 27 28 23 8 22 26 24 29 25 20 32 9
22 29 34 24 12 29 37 20 34 20 32 15 17 42 11 34 43 20 41 11
4 29 17 10 3 19 27 18 21 19 14 1 15 13 1 15 37 21 29 12
9 45 29 9 2 24 34 26 28 27 16 1 16 27 17 25 34 18 28 14
3 33 29 12 10 28 21 18 23 20 29 8 14 19 11 16 37 21 25 18
16 40 36 13 14 26 35 25 32 30 27 4 29 22 24 25 37 13 36 11
1 7 16 9 1 6 8 4 8 9 8 3 2 10 5 6 10 8 1 3
1 8 14 7 1 10 4 8 14 4 8 1 3 12 4 6 9 2 7 2
8 17 17 6 1 24 27 16 17 14 19 4 18 26 11 16 32 1 28 18
15 35 29 13 8 17 18 20 22 15 17 7 9 15 12 17 33 20 28 5
16 46 52 42 28 22 49 22 34 38 36 28 34 35 17 42 55 45 48 24
20 57 48 31 14 30 49 28 38 42 39 13 37 38 30 38 50 25 49 26
3 18 26 7 5 25 20 17 20 12 19 2 17 33 14 21 27 2 20 17
7 22 24 15 11 14 16 7 5 11 24 13 17 8 14 12 24 15 22 11
4 23 20 5 4 27 26 14 18 20 21 1 15 17 10 16 28 19 20 17
15 41 44 33 21 11 30 18 17 32 31 24 28 21 35 36 32 22 30 21
3 14 6 1 1 5 11 9 10 8 1 1 2 3 7 1 9 3 12 1
32 56 57 29 37 28 23 44 35 37 41 32 28 32 37 48 59 35 43 29
2 12 13 15 3 4 7 5 12 8 10 5 8 13 9 10 18 7 13 4
1 7 9 1 1 7 10 3 8 6 7 1 1 2 2 2 7 10 4 3
6 18 18 11 8 17 11 13 21 9 11 4 4 21 12 21 22 9 10 13
16 38 54 23 7 44 41 31 46 39 47 12 31 46 21 45 57 28 46 40
2 2 6 3 1 4 5 1 7 1 6 1 3 9 2 7 8 6 8 1
25 54 62 29 25 58 57 22 49 45 57 14 47 49 29 49 40 24 53 46
25 36 43 24 12 24 23 28 41 19 31 8 17 36 21 35 36 21 43 3
14 29 21 8 2 25 15 21 31 17 18 1 1 19 3 19 33 25 30 12
4 35 42 18 13 25 34 24 26 27 23 6 25 38 21 38 36 14 28 22
1 28 24 14 14 8 31 19 20 21 4 9 17 11 1 16 26 25 19 14
8 29 24 15 3 22 33 16 22 23 20 1 16 19 10 24 36 25 27 15
9 33 32 9 1 22 23 18 29 19 20 4 15 32 15 21 37 18 29 13
15 29 41 27 15 19 25 17 32 18 29 15 15 33 25 34 29 17 27 10
5 25 23 19 5 7 18 11 15 17 19 9 14 26 20 21 21 5 16 11
16 38 36 7 16 28 28 31 34 23 23 7 13 26 25 25 26 11 26 10
2 16 27 8 1 20 14 14 19 11 21 1 13 22 13 11 17 3 21 5
18 49 42 29 16 19 31 30 34 30 21 7 18 29 17 35 48 32 40 15
5 21 26 22 1 8 22 5 23 20 16 8 12 17 12 22 26 17 19 10
26 26 32 20 10 25 21 19 39 16 30 13 9 33 7 28 39 30 43 7
30 64 71 18 26 54 50 46 54 45 54 15 43 51 39 49 56 28 55 29
35 68 63 36 37 39 51 46 55 52 38 20 38 53 39 57 51 33 54 32
3 2 7 7 1 3 2 3 8 1 5 2 1 4 1 6 4 5 5 1
1 5 2 1 1 8 8 2 3 1 1 1 1 11 3 5 9 1 2 1
10 26 18 7 3 15 24 19 24 11 4 1 7 14 8 17 25 16 22 5
12 28 26 6 1 21 15 13 29 15 24 1 5 23 5 24 29 21 30 8
3 32 31 10 1 30 28 15 22 22 32 2 17 28 12 20 32 15 31 22
35 69 56 29 27 50 61 40 56 54 50 16 48 49 47 51 57 24 63 38
2 4 6 4 1 4 8 3 9 1 3 1 1 5 1 6 7 6 8 1
18 37 45 26 18 18 34 15 24 33 36 13 30 22 32 32 25 21 34 9
18 24 30 12 8 21 19 25 38 11 17 5 8 22 13 23 22 18 29 6
8 16 10 3 1 3 9 12 15 5 4 1 2 13 8 13 15 9 15 1
1 20 19 12 4 3 18 7 4 13 6 2 8 12 9 13 20 9 4 2
12 36 36 13 18 28 43 32 28 29 23 5 34 22 15 22 38 17 38 15
10 23 35 13 6 24 30 17 23 21 26 5 23 25 19 21 17 15 28 9
1 9 14 1 3 12 6 9 11 2 10 1 4 19 6 11 12 3 6 3
26 56 61 34 24 45 54 19 51 50 54 24 33 43 30 58 47 38 47 44
14 15 36 9 5 39 23 25 34 20 34 8 18 37 14 31 38 11 32 28
10 43 53 25 15 22 26 24 38 29 34 10 22 31 17 43 40 33 35 17
15 34 42 18 6 33 29 24 43 22 35 12 19 44 16 35 52 13 43 29
23 46 62 46 21 38 43 18 52 43 51 32 30 44 21 52 51 42 48 25
19 53 56 26 26 36 38 34 41 47 40 25 35 53 45 49 42 13 41 34
8 20 34 17 1 27 32 17 19 22 28 7 27 37 21 25 28 1 25 20
20 38 48 38 13 25 36 11 42 37 46 25 24 49 26 46 42 26 47 23
23 38 29 2 12 34 32 30 33 18 28 2 23 24 18 20 36 11 44 11
3 9 11 4 1 12 12 9 13 8 7 1 5 10 7 5 8 8 10 3
9 33 37 20 13 17 35 14 24 33 25 10 25 22 21 32 19 24 30 18
1 6 10 1 1 11 10 5 10 3 9 1 7 7 6 2 4 4 14 1
6 21 6 5 1 14 16 9 16 7 10 1 6 11 5 7 26 7 26 6
1 14 7 5 1 8 17 4 5 11 4 1 4 7 5 5 16 9 5 7
10 33 36 14 9 28 22 15 29 16 32 10 18 21 13 25 32 23 38 17
13 17 19 17 7 15 20 9 24 10 13 9 1 23 7 24 27 13 21 5
4 23 18 1 1 15 16 14 21 9 6 1 2 7 1 7 18 16 17 3
1 1 6 2 1 3 4 1 1 3 6 1 4 11 5 3 7 2 5 1
14 49 65 33 9 35 48 33 51 52 45 16 47 51 27 57 53 34 53 42
19 57 55 8 18 51 39 41 44 41 44 14 25 49 29 42 55 23 48 38
14 27 28 16 6 18 36 9 22 21 24 5 14 23 20 25 19 11 28 6
3 13 13 7 1 10 12 12 17 4 8 3 6 13 8 10 12 4 18 1
3 17 20 7 1 17 15 3 24 13 19 1 10 9 5 19 9 15 25 9
5 27 26 22 9 6 13 1 1 19 27 13 19 17 23 19 27 9 17 14
25 44 45 15 16 30 25 37 50 29 26 8 18 36 28 40 37 20 40 15
8 5 11 10 1 4 12 4 14 6 6 4 1 11 3 11 13 13 13 1
18 29 41 19 14 32 32 20 36 21 30 11 20 37 17 31 37 18 35 16
7 16 22 14 1 14 16 6 17 15 21 1 12 25 15 20 22 12 19 10
10 41 22 17 8 28 38 21 29 31 26 6 25 23 25 22 41 20 34 29
16 23 38 23 8 26 27 13 36 22 32 12 11 32 14 33 21 22 33 7
11 29 29 6 16 29 12 24 31 21 23 12 6 30 20 25 32 9 20 23
16 36 51 25 14 27 33 15 23 35 42 14 35 25 28 33 37 27 40 23
1 15 11 5 1 5 14 4 7 10 6 1 6 13 14 9 10 1 8 3
15 40 40 18 10 32 37 23 39 28 30 9 12 31 21 35 37 26 33 21
16 33 56 30 2 37 39 16 46 36 48 15 34 45 30 43 35 18 47 28
31 46 47 28 17 33 33 32 47 29 30 10 10 47 17 45 53 39 46 13
7 52 43 16 7 28 42 25 38 40 27 3 26 22 18 31 39 29 39 24
12 33 30 7 10 21 30 25 27 19 18 2 17 21 20 21 17 8 24 4
4 8 5 5 1 5 6 5 10 3 6 1 4 7 3 6 12 5 10 1
15 31 26 17 5 27 29 11 36 20 32 9 8 16 2 23 32 30 39 16
16 51 66 39 8 45 60 19 38 59 65 23 54 48 34 50 57 33 52 53
17 36 30 7 15 25 17 31 33 19 17 11 7 33 18 30 38 16 27 17
9 32 28 24 13 10 32 4 11 25 23 17 19 24 25 22 26 9 18 17
7 21 20 4 4 22 25 18 19 12 13 1 16 21 12 10 24 9 24 7
26 46 49 37 19 17 22 24 34 33 40 26 31 26 29 37 54 37 45 24
12 22 30 3 15 33 20 27 27 16 24 8 17 28 17 17 23 6 28 16
11 22 21 1 5 16 14 23 26 8 7 1 5 17 7 17 18 17 21 4
4 23 17 11 1 9 17 13 22 15 6 5 9 20 17 15 20 6 18 9
11 43 56 33 25 24 51 32 33 45 32 21 44 40 25 39 36 32 44 30
29 44 63 23 20 60 47 26 54 44 60 18 27 49 14 53 57 38 57 43
7 14 22 13 5 15 12 12 25 8 14 4 6 29 14 26 19 7 18 8
1 4 8 1 1 9 6 1 5 2 11 1 5 6 1 1 10 4 8 3
3 17 16 2 5 13 20 15 16 12 2 1 8 8 8 12 10 7 11 1
8 27 24 17 6 7 19 9 19 22 19 9 14 25 23 21 20 9 19 15
22 40 47 23 15 31 34 27 34 28 38 15 34 44 31 33 36 7 46 20
26 61 56 37 21 33 28 28 44 41 42 23 26 46 35 49 62 31 45 34
10 24 30 26 5 22 26 4 27 19 33 14 16 25 13 21 36 19 32 18
20 42 62 26 4 47 47 35 57 43 45 14 40 50 28 51 55 29 54 38
14 30 51 28 7 28 42 10 27 35 43 12 30 44 21 40 42 17 34 29
29 57 65 37 27 21 43 29 44 47 44 20 39 26 35 51 42 40 56 21
17 38 46 23 10 26 30 29 48 30 23 7 21 27 10 40 36 41 43 18
1 4 11 4 1 5 3 1 10 9 8 1 1 11 7 12 5 8 7 4
1 4 3 4 1 4 6 2 3 2 1 1 1 6 2 2 7 1 1 1
18 45 61 28 6 33 42 27 51 38 41 9 33 45 21 50 45 38 53 25
4 45 39 17 11 23 41 25 24 34 27 6 29 34 15 29 44 24 33 26
1 3 6 1 2 8 4 8 9 2 3 1 3 12 2 6 6 3 6 1
18 47 58 25 22 38 41 36 41 37 41 14 34 45 34 45 45 17 41 25
27 47 46 19 21 33 33 34 47 31 30 18 14 41 33 43 43 16 38 23
1 17 8 5 1 13 14 4 9 13 11 1 4 8 5 4 20 7 9 12
5 23 34 8 2 19 26 19 23 26 23 1 21 25 8 25 33 19 28 17
10 21 22 6 6 16 19 21 23 9 13 4 10 15 11 10 16 9 21 1
1 17 8 8 1 13 14 6 10 12 8 2 6 14 8 9 20 4 10 12
10 22 20 12 3 16 26 12 25 10 12 5 2 14 2 18 27 17 24 4
15 31 31 22 4 11 24 14 28 17 18 6 13 28 7 28 44 25 34 7
6 15 5 1 1 8 12 12 13 4 1 1 1 9 5 5 17 7 12 4
15 48 55 33 15 28 23 18 43 35 45 16 30 39 28 49 38 27 43 31
1 5 8 7 1 4 1 4 7 3 6 1 3 11 2 4 11 1 5 1
1 9 10 4 2 10 9 8 11 1 4 2 3 6 2 4 6 1 8 1
23 65 71 30 25 39 38 37 46 44 51 20 39 35 30 54 49 43 55 31
1 6 9 1 1 11 5 9 13 1 8 1 4 11 2 6 10 4 11 1
1 18 23 6 3 16 14 12 18 11 15 1 4 23 11 16 16 7 11 5
18 36 34 21 8 33 29 19 42 22 29 4 17 17 5 28 29 29 38 23
12 42 38 17 8 41 40 32 38 32 38 9 31 46 25 38 49 9 45 37
1 17 16 9 1 2 16 3 8 16 8 1 9 17 13 14 16 7 8 5
2 6 8 6 1 8 10 8 13 4 3 1 3 10 7 8 5 4 12 1
21 54 66 25 18 44 54 42 48 42 45 15 39 50 22 50 54 29 54 36
22 54 59 33 23 30 55 43 54 47 32 18 48 44 22 46 63 37 60 37
6 21 25 12 4 21 21 15 22 17 19 5 20 30 21 20 22 1 25 13
17 33 35 9 8 31 24 32 34 20 22 1 20 34 15 22 35 16 36 13
5 32 25 11 7 26 25 18 17 15 28 7 21 22 13 15 38 12 33 17
12 14 12 9 3 13 20 8 19 7 9 3 6 8 8 10 15 7 19 2
4 14 24 15 5 14 13 9 17 14 17 6 13 29 16 22 19 8 14 12
18 41 48 24 15 25 20 33 43 30 27 6 14 40 19 43 41 31 33 17
1 1 10 5 1 11 4 5 6 2 9 2 6 14 2 4 8 1 8 2
14 33 29 7 14 40 27 26 35 25 30 10 13 27 18 24 33 19 32 24
1 17 14 1 1 14 16 6 13 7 13 1 7 11 8 7 13 6 16 3
18 47 56 29 26 25 29 25 36 39 38 23 23 45 35 50 43 15 29 30
8 26 19 3 11 27 24 20 24 13 14 3 9 18 16 18 17 2 20 11
5 28 32 9 14 26 18 17 22 15 25 12 11 17 11 17 28 15 20 13
5 12 17 1 1 22 18 18 18 7 14 1 16 18 7 8 17 6 24 9
15 26 45 23 3 30 33 29 33 28 33 15 33 42 26 31 42 15 39 23
1 10 6 1 1 14 13 3 7 5 10 1 2 7 2 3 12 7 8 6
11 57 56 31 18 32 36 19 38 44 43 13 30 29 23 45 49 35 35 35
1 6 3 1 1 10 10 3 6 1 5 1 5 9 1 2 10 2 10 1
22 50 65 35 11 62 57 37 58 51 63 24 52 49 37 50 57 31 65 50
4 25 26 5 9 28 12 15 26 17 22 8 7 27 16 20 27 2 18 20
11 23 23 20 8 15 19 6 16 13 22 8 17 15 18 16 26 10 26 7
14 37 51 28 10 37 40 20 45 28 42 14 22 50 22 43 47 20 42 25
6 25 12 11 3 17 17 14 16 12 14 5 9 16 7 8 30 9 21 12
38 42 58 45 28 37 49 28 36 37 60 36 38 44 25 50 61 35 61 29
4 11 19 3 1 16 14 10 22 7 8 1 2 10 7 15 6 11 14 3
27 64 71 41 28 48 44 29 55 53 63 27 51 41 50 60 49 27 58 38
5 24 23 18 1 9 21 10 23 20 15 7 13 23 22 23 19 11 20 12
34 50 59 21 19 43 51 44 49 43 44 9 41 52 31 49 48 19 58 22
23 53 52 24 27 32 31 33 30 32 45 21 32 32 40 37 44 16 44 25
1 10 12 8 1 9 12 4 6 8 11 1 11 21 11 9 19 3 11 9
6 25 23 12 7 14 9 16 24 10 14 5 1 17 8 17 29 7 15 12
5 8 21 13 1 12 19 2 11 2 20 6 12 17 3 12 24 11 23 5
7 28 35 10 9 28 34 29 29 25 18 1 28 28 12 27 35 10 31 17
1 10 8 1 1 7 14 1 3 6 8 1 1 4 3 2 10 5 4 3
1 9 12 2 4 12 12 11 14 5 4 1 3 16 8 13 5 4 9 3
4 15 12 5 1 8 9 5 19 8 7 1 1 7 2 9 17 14 16 4
1 7 14 1 1 10 15 5 4 10 12 1 11 21 7 11 19 2 13 9
17 41 38 14 11 27 34 28 34 28 24 6 21 31 28 28 26 16 31 12
2 35 32 8 10 27 34 21 19 23 18 1 18 27 16 23 32 11 22 15
4 17 13 1 7 18 13 16 18 7 6 2 3 15 11 11 13 1 10 6
1 23 21 17 1 8 18 5 17 18 19 7 15 25 20 18 21 3 20 11
17 40 50 10 13 51 41 33 46 30 44 8 27 32 17 33 40 22 48 31
10 35 28 18 7 26 35 18 22 23 26 7 25 32 25 23 30 4 35 20
2 12 13 3 1 17 23 7 10 8 11 1 13 14 2 7 22 6 20 9
2 9 14 1 2 12 14 10 12 8 5 1 5 13 11 9 1 1 8 1
1 8 19 5 2 14 5 7 16 11 12 1 1 11 3 12 5 11 6 9
1 23 25 13 11 5 23 16 15 21 10 6 16 15 10 20 19 21 13 8
37 43 73 34 17 52 47 51 67 44 53 16 39 48 16 56 56 52 70 34
5 38 29 6 6 33 21 20 36 23 26 5 12 24 13 22 33 14 30 25
1 3 4 6 1 1 1 1 1 3 5 1 3 10 5 4 9 1 5 1
14 45 51 21 7 40 55 22 34 44 44 4 40 34 15 39 44 29 48 36
26 51 59 14 13 59 39 42 53 43 53 7 29 47 14 46 60 38 54 43
1 5 10 6 1 1 8 1 1 6 10 1 6 15 9 9 1 1 4 1
12 35 34 14 13 20 22 24 30 22 22 11 16 40 26 32 26 9 29 18
8 20 18 3 1 17 9 18 18 6 12 1 9 26 5 13 31 8 21 8
1 13 19 5 1 14 14 2 14 15 14 1 5 14 9 17 2 8 9 8
5 33 38 22 11 19 39 17 15 28 24 8 31 27 22 24 30 14 27 15
11 49 34 11 6 31 33 30 34 29 27 4 18 34 20 31 46 22 32 23
20 28 27 9 6 24 17 25 31 16 21 1 19 24 14 20 31 11 40 8
3 26 22 10 1 7 21 14 16 20 9 1 13 18 17 17 18 10 14 5
1 4 8 1 1 10 8 5 6 4 7 1 7 16 7 8 9 1 9 3
1 9 6 5 1 8 10 4 5 6 8 1 6 14 9 7 14 6 6 5
1 9 10 1 1 5 12 4 6 8 4 1 3 2 1 1 8 10 6 1
25 49 65 26 38 42 43 45 41 42 47 24 46 37 31 44 53 28 51 31
15 39 37 20 2 19 31 20 35 21 21 7 15 40 18 37 40 21 35 12
7 43 39 20 14 22 30 22 27 31 27 11 23 15 9 26 42 36 35 21
16 27 29 5 21 32 13 26 27 17 26 17 12 31 18 24 31 7 22 23
3 35 47 20 12 29 26 26 34 26 32 13 28 34 21 29 41 12 34 22
6 15 15 13 5 11 3 14 24 10 10 4 9 23 11 20 21 5 17 10
16 58 47 18 23 39 41 42 42 41 35 14 24 41 25 41 55 30 42 32
1 4 2 1 1 1 2 3 4 1 1 1 1 2 1 1 6 3 4 1
19 46 46 22 13 44 43 30 43 36 47 8 36 24 25 26 50 27 52 29
4 20 31 18 1 23 20 5 27 24 27 10 19 32 21 27 24 12 27 21
16 25 44 20 9 28 23 26 35 23 37 8 24 45 19 37 34 15 36 24
1 11 8 3 1 6 16 3 3 7 5 1 6 9 5 6 13 8 8 1
7 25 24 19 2 16 25 9 25 22 17 9 19 28 26 26 20 5 23 13
1 15 1 1 1 8 15 4 4 5 5 1 2 5 4 3 15 2 11 6
12 26 24 8 14 25 13 26 33 11 19 11 5 23 15 22 24 9 24 13
30 56 62 25 33 47 51 42 52 49 52 25 42 43 46 47 36 25 50 30
12 32 27 6 12 32 15 25 33 17 24 8 7 30 14 23 37 13 30 21
25 49 57 24 24 52 46 41 40 41 58 20 45 31 30 38 58 36 57 44
5 26 15 10 1 10 22 12 17 13 9 1 10 20 17 16 15 2 21 5
1 4 2 1 1 1 3 1 1 3 1 1 1 10 5 3 9 1 6 1
1 12 17 1 1 19 15 14 13 3 13 1 10 23 4 13 21 1 14 10
4 18 20 5 4 18 17 16 22 8 11 3 4 14 10 13 12 9 14 5
1 6 5 1 1 10 9 6 8 2 5 1 5 9 2 3 7 2 9 1
1 7 11 1 1 11 8 8 13 4 5 1 2 13 2 9 8 6 9 1
17 23 27 13 7 25 25 20 30 11 26 5 18 19 13 15 28 11 36 6
11 34 26 19 9 13 19 16 22 16 17 12 17 19 23 18 31 11 26 11
8 33 22 13 7 22 24 19 19 18 24 9 19 19 9 10 41 21 29 16
10 22 31 24 7 14 24 8 19 15 25 11 18 27 10 23 41 19 27 12
10 30 30 23 12 8 14 14 18 16 23 14 17 26 22 27 25 11 24 10
32 41 55 20 18 44 38 37 49 26 47 19 18 54 18 47 57 27 53 28
13 29 37 28 13 14 37 17 26 22 19 13 15 25 13 36 30 26 24 10
6 20 32 22 11 9 19 17 27 25 11 7 15 20 8 29 26 28 18 14
20 52 59 35 17 32 38 26 51 44 41 27 29 49 42 51 41 18 42 35
10 40 43 11 14 37 24 22 34 22 37 12 16 29 16 27 39 23 38 24
18 64 53 29 6 42 47 25 51 49 47 14 33 41 31 46 46 28 52 39
9 32 13 1 4 28 30 21 22 20 19 1 18 11 16 10 27 6 30 11
2 15 21 8 2 17 27 10 6 15 17 1 18 17 2 11 30 8 18 12
5 14 12 4 1 12 11 11 17 2 11 1 6 14 5 8 18 9 19 2
6 29 39 11 9 37 34 20 25 26 38 7 22 37 17 30 32 16 29 29
1 14 6 5 1 7 14 4 5 9 5 1 3 14 11 9 15 3 6 7
1 18 21 8 4 13 13 8 17 12 12 3 6 22 12 18 19 6 8 10
1 15 23 4 4 14 16 10 10 12 14 1 12 27 12 18 16 6 8 8
4 42 39 15 8 32 39 28 26 33 33 4 29 38 19 32 49 16 30 30
1 8 14 1 1 12 7 3 13 9 15 1 7 6 1 6 8 13 15 7
4 21 25 16 7 22 20 7 14 13 25 9 19 20 16 11 28 9 22 15
3 16 21 10 2 12 8 11 27 11 11 1 2 18 9 20 19 11 15 9
1 11 1 1 1 8 13 2 4 4 4 1 1 2 1 1 12 4 9 4
24 36 53 36 18 34 40 13 44 34 45 12 23 38 12 51 27 35 39 27
30 54 62 10 23 50 53 45 50 42 48 11 41 53 36 46 48 17 53 29
2 12 6 3 1 7 12 9 13 7 3 1 5 8 5 5 12 7 15 1
1 25 19 9 1 9 23 3 10 17 13 1 11 20 16 14 18 6 12 8
1 14 21 2 1 14 20 1 4 14 16 1 10 19 8 11 19 10 9 9
1 6 6 1 1 7 7 5 6 2 5 1 5 13 1 2 15 1 10 2
1 17 18 3 1 15 16 9 16 11 15 1 9 18 11 11 13 6 17 4
4 30 34 8 8 26 28 10 20 21 26 5 14 11 15 18 16 17 22 10
7 35 32 8 15 26 31 30 31 20 15 3 18 18 12 21 29 19 24 11
3 29 33 22 7 10 18 5 21 25 27 14 16 19 23 24 26 17 22 16
1 6 2 3 1 7 8 2 4 2 4 1 3 8 2 2 11 1 5 2
8 28 18 11 3 17 14 17 27 12 14 1 8 27 11 23 35 12 24 15
17 50 39 16 23 37 23 31 34 30 37 21 21 37 33 33 49 9 39 29
13 57 58 27 16 54 51 17 48 53 53 21 40 48 33 51 55 33 47 50
1 7 10 2 1 8 7 7 14 3 5 1 3 10 1 6 13 7 16 1
4 27 17 6 3 18 24 13 15 14 16 1 8 8 14 7 20 4 19 6
9 32 40 10 11 37 18 26 40 25 34 11 21 37 24 29 32 8 36 28
32 44 62 28 16 47 33 39 62 35 51 21 26 65 27 57 66 27 58 37
1 8 10 3 1 9 12 5 8 6 9 1 8 14 4 5 16 6 13 4
8 22 26 2 1 19 21 19 21 10 20 1 18 23 15 15 14 4 29 5
13 18 40 12 6 31 21 25 33 17 35 10 24 27 8 23 32 20 38 20
30 57 54 40 19 37 57 19 53 46 46 27 35 50 44 54 48 16 54 30
1 12 10 2 1 14 9 4 11 5 15 1 2 5 1 3 15 6 12 6
28 56 56 26 19 39 43 23 48 43 48 16 39 48 41 43 44 15 53 28
24 56 60 32 17 54 57 19 50 52 58 16 48 47 37 51 46 23 60 46
13 34 43 33 13 18 42 17 29 32 29 14 29 41 19 41 43 27 39 20
16 50 54 25 11 42 31 32 48 33 41 9 21 44 16 42 57 32 47 31
6 40 35 20 11 16 41 15 23 39 26 7 25 18 16 32 34 31 29 26
1 7 5 1 1 4 8 2 3 3 5 1 3 9 1 1 14 3 9 1
1 5 7 1 1 4 3 5 8 2 5 1 1 11 5 7 6 1 5 1
2 8 20 12 6 15 6 5 13 9 20 8 10 14 9 11 12 12 15 5
1 4 9 2 1 11 9 3 5 5 7 1 6 15 4 4 10 3 10 4
32 60 60 15 24 56 50 50 50 42 55 14 36 54 33 46 54 20 60 35
6 21 24 15 3 18 17 15 25 16 16 4 17 29 20 23 21 4 25 10
3 10 7 1 1 7 2 12 13 1 4 1 3 11 1 4 14 2 11 1
6 13 5 1 1 7 6 13 17 1 1 1 3 8 3 5 11 5 19 1
7 18 27 12 4 23 30 14 17 14 20 5 18 24 7 20 30 13 25 13
1 11 10 12 1 5 9 3 10 9 9 4 6 12 10 10 12 4 10 7
1 3 4 1 1 4 7 1 1 1 5 1 4 7 1 1 8 2 4 1
2 16 18 14 2 6 11 9 20 14 6 4 7 16 9 18 18 8 12 9
7 16 13 4 1 4 9 13 14 5 5 2 3 9 2 6 16 12 12 1
27 32 58 33 14 39 40 23 48 35 54 14 36 41 14 44 47 40 55 32
26 64 67 37 31 36 43 43 58 45 43 30 28 47 35 55 65 37 54 35
6 29 18 8 5 19 34 11 11 23 14 1 15 17 17 14 22 13 17 10
15 41 54 32 6 27 41 20 39 42 40 13 38 44 27 45 49 25 47 32
2 11 20 7 1 16 11 9 19 7 12 1 11 23 11 15 17 2 20 6
1 25 14 9 1 11 22 8 12 19 12 1 10 9 5 13 30 18 18 10
2 11 4 3 1 3 10 7 10 6 2 1 2 11 7 7 13 5 12 1
36 54 67 40 26 46 40 34 67 43 54 34 28 53 32 51 57 30 59 25
1 28 25 8 7 17 22 12 14 21 15 4 9 29 18 27 24 5 11 15
16 52 52 29 23 40 37 26 30 41 54 22 39 45 41 44 56 19 44 45
38 42 61 36 11 45 55 37 58 46 52 24 42 49 30 47 62 38 63 32
8 25 16 1 2 16 18 20 22 6 3 1 4 15 10 12 15 3 17 1
1 20 22 7 3 8 16 14 17 14 8 1 5 3 1 10 19 19 13 4
3 22 17 5 1 9 19 9 13 10 12 1 9 17 10 13 19 10 14 4
1 19 23 10 8 13 17 7 5 11 14 6 13 15 8 14 23 11 10 5
33 45 53 25 12 49 40 43 52 40 43 8 29 52 28 42 59 33 56 35
1 26 36 16 4 25 13 13 31 17 31 8 20 25 11 20 27 12 31 20
9 41 49 23 10 29 38 17 34 36 38 13 31 44 27 38 37 16 37 30
9 15 19 10 5 13 19 9 20 8 11 5 4 19 2 20 23 16 15 5
23 42 51 33 12 39 45 14 43 34 52 15 29 41 15 44 44 35 52 31
1 21 25 14 5 12 12 12 18 14 17 4 9 29 17 24 19 4 11 10
1 3 10 4 1 14 8 6 8 2 9 1 7 16 3 5 10 1 11 3
2 11 28 10 4 18 16 10 14 10 22 3 14 27 11 20 12 9 14 10
8 16 11 10 1 11 16 9 18 5 10 4 5 10 5 10 20 10 20 5
13 32 34 15 1 12 17 11 34 23 24 4 9 27 14 32 31 26 30 13
27 41 59 28 24 48 33 31 58 36 51 27 21 57 23 53 52 27 54 31
29 64 57 26 10 54 48 33 60 49 57 5 40 34 29 46 58 39 69 39
17 26 29 23 9 8 20 20 27 14 17 10 13 22 6 24 38 27 29 4
1 20 22 11 1 13 12 12 20 9 15 4 11 28 12 17 27 1 19 11
23 46 63 28 23 44 41 24 42 34 54 24 28 40 25 46 52 36 52 29
1 14 9 3 2 5 16 9 9 9 2 1 6 5 3 5 13 9 10 1
1 8 2 1 1 3 7 6 10 2 1 1 1 7 6 4 5 1 11 1
12 39 40 13 8 27 24 27 29 19 23 4 14 31 14 24 37 21 28 7
7 21 34 16 7 22 28 13 18 19 34 11 24 31 17 23 25 10 25 20
5 21 25 16 3 19 14 6 20 11 23 5 13 13 10 12 27 13 27 9
17 52 61 37 24 32 44 28 34 46 46 21 47 24 27 45 53 43 54 37
8 33 35 19 9 14 19 25 37 20 14 4 14 26 9 31 36 23 28 13
1 14 10 6 1 9 20 3 5 10 6 1 4 15 11 11 10 3 5 5
30 53 46 38 22 29 55 25 41 40 37 25 22 43 18 46 51 36 48 19
3 27 33 7 1 34 34 14 24 31 34 1 23 30 11 26 33 19 29 28
16 20 24 4 11 22 24 17 27 18 18 1 14 14 20 19 14 6 23 3
14 29 40 15 13 33 35 25 28 30 32 7 34 41 31 33 23 5 33 21
1 1 4 1 1 8 2 3 5 1 3 1 2 9 1 3 1 1 5 1
17 50 55 39 20 26 40 14 33 37 51 26 33 46 33 47 55 26 46 33
27 58 66 45 31 27 35 39 37 47 47 20 41 50 34 51 61 46 52 34
8 58 53 27 20 36 52 37 43 47 35 12 33 30 26 42 43 32 40 33
26 51 58 15 24 48 19 43 52 40 43 8 17 48 21 45 53 34 47 35
18 42 51 27 11 26 38 24 36 22 32 12 22 40 19 36 44 26 40 11
24 60 58 39 20 29 47 36 44 49 40 17 41 56 30 55 65 33 55 39
6 28 28 5 6 24 29 17 26 20 17 1 10 17 17 20 13 9 19 7
19 33 38 7 13 45 44 33 33 29 36 3 31 36 24 28 38 6 41 22
8 13 35 7 1 23 23 17 25 19 25 1 18 26 6 27 26 19 27 14
6 21 15 6 3 17 23 13 18 11 12 1 13 18 14 13 17 6 22 4
20 34 41 16 1 43 27 31 43 31 43 3 23 37 8 33 52 28 49 32
1 7 1 1 1 3 7 2 6 1 2 1 1 3 1 2 12 2 11 1
29 60 69 28 17 61 46 44 66 45 65 18 44 49 31 53 67 34 72 47
6 5 12 7 1 10 8 6 16 7 10 1 1 8 4 10 9 13 12 5
9 34 47 21 11 30 40 18 30 40 36 2 36 31 11 38 35 33 35 30
9 45 42 25 27 23 31 28 25 29 27 20 29 27 18 33 49 28 33 25
11 46 46 13 16 47 44 34 36 38 38 1 33 32 24 32 49 28 38 35
14 48 51 14 29 45 47 46 41 42 36 20 35 46 16 43 59 26 48 44
11 36 30 10 9 27 32 21 33 27 22 5 26 25 24 23 32 3 33 12
3 42 28 22 12 15 38 22 23 32 14 10 21 23 15 26 40 22 27 22
8 18 24 10 6 17 18 13 19 18 17 3 11 15 20 14 7 5 14 5
21 45 44 14 17 36 27 37 44 27 28 14 21 44 26 38 51 17 43 27
26 37 38 14 22 36 32 34 45 22 32 12 20 32 26 34 36 10 39 15
7 9 20 11 1 14 13 7 21 8 17 3 7 23 10 18 15 11 21 3
8 32 39 18 13 31 23 9 26 23 35 9 20 19 12 28 26 26 25 23
1 6 6 1 1 1 9 2 1 6 1 1 4 4 3 5 6 8 1 1
12 34 41 32 10 13 19 14 31 24 28 18 24 28 19 33 42 20 33 16
1 4 6 2 1 1 6 1 3 1 5 1 1 6 4 3 3 1 5 1
18 26 47 23 13 33 34 18 32 22 38 13 26 28 17 27 37 24 39 15
13 36 25 14 9 34 33 19 29 32 31 4 24 15 20 18 33 22 32 28
6 38 42 24 11 26 32 12 26 30 32 9 25 18 15 32 34 31 34 18
17 50 39 14 17 37 27 32 44 33 32 20 14 40 29 35 49 16 37 34
15 25 35 21 4 20 27 20 34 20 25 10 21 41 17 32 43 17 35 19
1 9 6 2 1 1 7 6 7 1 4 1 1 8 5 5 8 1 6 1
13 39 40 18 5 32 26 24 39 21 30 9 19 42 17 33 50 18 39 25
4 19 23 8 1 22 27 10 11 17 19 1 16 26 12 15 30 11 19 17
4 23 15 9 4 18 17 14 19 8 16 6 6 8 5 7 24 10 21 8
1 10 10 3 1 5 16 2 3 6 4 1 3 5 6 2 7 4 6 1
8 28 32 10 14 19 22 22 26 20 14 6 7 25 17 31 25 15 18 11
13 48 45 22 16 20 29 24 35 37 30 20 24 48 35 44 42 9 31 28
1 10 14 8 3 8 7 7 13 11 7 3 7 19 9 13 11 4 6 9
7 19 29 1 10 28 23 20 21 15 19 2 16 27 17 19 16 5 22 10
12 41 40 26 14 21 36 19 28 30 29 12 22 40 23 41 42 21 30 22
15 32 46 24 15 31 35 16 40 28 32 7 23 26 5 42 34 40 34 22
1 11 13 7 1 6 12 7 10 12 4 1 3 17 12 15 10 7 5 4
14 58 70 36 22 40 39 31 54 45 49 19 39 45 23 56 64 38 54 43
1 5 1 1 1 1 5 2 4 1 1 1 1 5 3 2 3 1 7 1
2 24 26 10 4 22 14 16 31 18 19 4 13 23 18 19 19 5 21 14
3 20 17 8 1 5 19 10 15 11 4 1 4 16 8 19 19 10 11 1
18 17 24 24 11 13 20 10 27 18 18 14 5 27 5 26 26 22 23 4
3 34 34 19 2 23 37 4 20 32 28 1 19 19 12 31 22 25 27 19
15 44 47 31 11 29 35 19 47 30 36 17 16 41 27 45 39 20 38 25
21 43 55 36 18 35 38 15 42 35 51 15 39 35 22 43 34 32 53 31
1 11 2 2 1 5 8 7 9 1 1 1 1 5 4 1 10 1 8 1
2 10 6 2 1 7 9 10 12 2 3 1 2 8 6 5 9 3 11 1
3 15 10 3 1 16 15 10 16 2 9 1 8 12 7 8 16 4 19 4
4 11 6 1 1 1 3 8 9 1 1 1 1 10 4 6 11 3 9 1
13 39 30 12 9 31 23 28 34 17 23 5 14 30 18 24 37 10 33 16
28 34 44 22 18 40 36 35 38 26 41 17 39 28 27 33 45 14 53 23
7 12 12 6 5 10 11 15 20 4 5 1 4 14 7 15 13 9 16 4
9 46 50 19 27 36 38 33 39 41 31 18 24 39 19 44 45 31 37 34
4 11 7 3 1 13 11 11 14 6 7 1 9 12 8 5 12 1 17 1
16 45 50 25 9 30 27 28 45 32 34 19 20 46 34 41 35 15 34 26
1 17 11 8 1 14 15 4 11 14 14 2 7 13 8 6 22 9 12 12
18 32 39 9 13 34 33 34 38 18 26 5 24 32 16 29 37 17 39 16
1 9 13 4 1 10 5 4 10 8 13 1 8 16 8 7 18 6 12 8
34 50 63 20 29 47 26 51 51 36 46 19 28 51 28 50 58 28 58 30
4 12 28 5 1 19 25 9 16 10 19 1 13 25 5 21 23 12 19 7
18 54 52 29 30 31 53 35 39 42 32 18 39 38 33 43 38 18 40 23
1 18 16 8 1 9 13 10 20 12 7 3 8 20 13 14 18 3 16 7
1 6 11 7 1 8 11 5 6 6 10 5 7 13 8 7 7 7 10 1
28 39 48 25 11 29 40 28 46 30 37 13 30 40 22 37 49 23 53 16
22 51 52 17 24 50 40 32 54 44 44 17 30 39 38 45 39 17 44 34
29 57 58 35 23 37 41 32 46 46 43 8 30 35 12 46 50 51 47 30
34 61 65 31 19 60 49 41 62 45 53 5 34 47 14 52 62 53 66 38
5 56 50 24 18 34 51 35 36 44 33 11 38 37 25 38 48 24 39 33
10 25 30 12 5 16 25 18 29 11 15 2 8 26 8 25 29 19 25 1
1 8 9 1 1 6 8 3 9 6 7 1 1 1 1 1 6 10 9 2
4 9 9 9 1 3 9 6 11 6 6 3 3 11 9 12 9 5 10 1
11 14 31 22 8 14 20 4 20 11 29 13 10 27 9 20 29 20 29 3
16 28 25 20 10 7 5 16 21 16 16 10 9 17 14 21 31 22 25 7
7 31 43 30 8 13 30 7 19 24 32 13 25 34 22 32 36 19 26 15
22 55 47 38 22 33 44 19 46 41 39 31 36 55 46 50 46 7 41 39
14 41 39 16 7 37 39 21 39 33 32 3 22 8 10 25 29 29 38 19
4 14 5 5 1 14 14 8 12 7 9 1 6 11 1 8 18 5 15 8
7 11 24 15 1 13 16 1 23 12 22 4 6 8 1 19 13 22 20 9
2 7 7 1 1 1 1 8 13 1 2 1 1 5 1 2 7 8 9 1
13 30 35 19 8 29 39 13 26 27 32 9 18 31 12 28 43 31 35 19
24 53 61 44 20 37 50 19 49 42 47 32 32 56 40 57 54 26 43 35
5 40 33 10 4 28 35 15 27 33 26 2 20 21 20 23 28 20 27 18
15 46 51 42 14 24 42 7 24 38 42 26 42 40 37 43 51 22 41 31
27 48 63 21 26 49 58 25 41 48 61 20 51 43 40 43 39 14 54 35
27 61 67 28 11 48 51 35 56 50 53 8 41 48 30 53 51 36 62 35
8 32 43 22 8 30 30 14 32 28 34 6 19 31 7 34 43 31 33 23
37 58 61 22 44 40 34 48 45 44 47 33 35 34 49 50 46 22 50 29
25 50 41 22 15 32 32 30 46 32 35 15 14 44 25 46 52 25 41 28
9 24 40 17 12 30 26 18 31 21 34 10 23 40 22 34 24 12 33 23
5 28 27 6 12 28 21 19 21 18 28 10 9 22 14 18 27 13 17 19
7 8 14 8 1 13 10 11 19 5 11 1 8 19 7 15 16 10 21 4
1 19 15 8 1 14 21 3 9 13 11 3 14 17 10 8 24 7 15 12
1 17 15 5 1 12 17 7 14 12 11 1 6 13 7 10 20 12 15 4
1 3 11 2 1 2 4 4 4 2 2 1 1 3 1 3 4 4 1 1
1 26 23 5 1 22 23 9 17 21 24 1 15 21 9 13 35 15 25 21
30 54 70 30 13 60 45 36 67 50 58 17 43 62 27 59 61 35 63 50
7 18 11 10 1 7 7 12 19 7 6 1 5 16 8 13 23 7 15 6
1 25 26 10 7 18 35 12 10 19 17 2 20 20 8 20 28 16 22 14
1 6 4 1 1 2 8 3 4 2 1 1 1 8 3 4 6 2 1 1
5 13 1 1 1 6 8 9 10 4 6 1 6 8 1 1 17 5 12 1
26 41 58 24 11 51 58 38 48 38 55 16 39 46 27 44 55 26 56 34
25 44 53 31 24 42 43 18 46 37 51 25 21 49 24 52 41 29 46 30
17 58 45 28 21 41 45 25 44 44 36 23 34 45 33 44 61 24 44 40
20 54 55 11 22 48 47 37 44 40 45 9 32 37 31 37 43 19 42 24
7 37 34 16 23 23 26 23 19 26 23 16 17 17 15 27 38 21 23 22
4 18 24 8 1 18 22 10 17 19 18 4 12 21 16 16 11 14 16 8
19 49 56 23 26 38 24 26 38 39 48 21 28 34 39 43 35 19 38 30
23 66 59 24 31 43 44 53 58 46 32 18 33 46 19 47 64 38 57 35
8 26 19 6 1 11 13 15 21 12 9 1 6 19 6 14 29 15 17 7
25 53 49 25 32 45 30 36 41 38 46 31 28 41 40 39 52 18 43 38
34 48 56 25 23 44 31 39 55 28 44 19 13 61 22 52 58 30 54 21
34 65 67 21 21 68 58 46 66 47 64 7 47 42 27 51 58 41 72 39
1 7 10 1 1 4 9 6 6 5 2 1 3 9 4 8 7 7 2 1
4 23 28 12 4 23 18 12 28 14 23 2 6 22 10 25 20 13 21 12
9 34 31 14 7 23 32 14 23 22 25 6 25 33 26 23 27 1 30 17
13 23 32 26 10 12 10 16 29 15 23 14 16 27 14 24 33 19 28 10
15 48 43 21 12 42 52 28 31 42 39 5 39 37 33 32 44 24 39 33
32 39 67 33 13 50 47 33 60 37 54 17 35 49 12 53 59 45 60 33
24 55 49 24 18 36 58 29 41 47 46 11 38 30 30 40 46 33 54 24
16 33 36 15 8 19 27 24 31 19 22 8 16 21 20 23 20 19 29 5
6 15 10 6 1 9 10 13 16 7 6 1 1 11 6 7 17 9 13 5
18 33 34 11 17 29 11 31 42 21 24 14 8 30 21 28 32 10 30 21
12 19 38 27 9 14 19 6 21 17 29 15 19 33 15 30 37 20 29 11
5 19 20 10 1 11 18 10 13 13 16 1 13 23 13 15 26 11 20 10
4 23 15 11 1 10 16 9 22 11 9 2 6 12 13 12 22 8 18 9
27 37 44 14 21 43 39 30 47 28 39 12 22 29 25 37 31 19 42 20
13 49 46 17 12 37 41 36 40 36 33 7 26 32 12 35 50 39 44 25
4 16 20 16 8 7 13 5 9 13 14 10 10 12 14 11 18 14 11 6
6 17 31 20 4 21 19 7 20 16 29 8 18 29 15 22 32 13 23 19
1 22 33 11 3 22 20 16 28 21 19 1 18 20 4 25 27 22 29 15
4 17 13 6 1 15 16 14 18 10 7 1 10 19 13 12 18 5 18 5
4 34 25 17 6 10 34 10 12 24 14 7 15 19 20 20 23 8 17 12
1 6 9 1 1 5 5 2 6 5 8 1 4 13 6 5 13 4 9 2
28 56 67 37 13 41 31 32 64 44 51 19 22 59 36 61 48 32 56 35
1 1 12 1 1 11 4 4 15 3 5 1 1 6 1 10 1 9 7 2
27 55 48 20 30 46 35 39 44 38 46 27 30 33 33 41 56 26 51 36
9 48 49 26 14 44 42 21 38 42 42 5 33 31 11 37 46 36 38 38
5 29 26 18 3 2 16 15 22 20 11 5 14 18 11 22 31 17 21 10
12 55 55 39 13 32 51 5 33 51 51 28 39 39 39 44 42 26 40 41
6 14 11 1 1 12 13 16 18 6 6 1 6 11 8 7 11 7 16 1
1 7 4 2 1 2 8 4 6 4 3 1 1 10 6 4 7 1 8 1
19 36 46 13 10 35 30 31 45 20 30 5 21 31 11 33 37 33 43 16
7 23 27 21 4 11 21 8 20 22 17 7 16 32 21 30 24 13 16 12
14 27 32 25 10 25 35 9 24 19 34 15 13 30 11 27 33 23 32 9
12 36 48 32 12 23 34 14 29 29 37 15 22 35 19 37 44 30 33 16
1 12 17 7 2 6 13 6 8 15 6 1 7 12 7 12 14 13 3 4
13 38 63 25 14 42 35 26 42 44 51 20 36 53 31 49 45 20 36 40
11 42 34 20 8 30 43 18 27 34 34 7 29 33 26 31 40 20 38 30
2 1 2 3 1 4 4 1 9 1 1 1 1 6 2 4 4 1 11 1
18 49 53 24 3 36 33 21 47 39 40 9 26 46 24 45 49 30 48 28
1 10 4 1 1 7 14 3 4 5 4 1 1 3 3 1 12 5 6 5
22 30 40 22 14 24 42 14 29 25 35 14 24 34 21 32 26 18 43 10
16 49 53 25 15 31 35 32 41 29 32 10 23 43 23 42 52 24 40 23
23 37 40 26 18 24 23 26 31 25 36 15 35 25 29 29 43 15 48 19
1 4 6 1 1 6 7 2 5 2 7 1 4 9 6 5 5 3 8 1
9 26 22 8 3 9 21 17 18 13 9 4 9 13 13 11 20 12 19 1
21 58 47 17 18 53 39 35 55 46 46 19 28 36 39 40 51 17 47 44
1 18 22 8 4 9 20 16 15 15 4 1 8 12 9 16 12 11 12 1
14 30 27 17 1 18 18 14 28 15 23 3 10 28 7 20 41 18 35 13
20 50 52 21 7 40 37 28 51 33 35 10 27 42 28 40 48 21 46 24
1 7 8 9 1 4 4 2 6 8 9 2 8 15 10 9 13 3 9 6
4 16 12 4 1 4 14 9 10 8 8 1 5 11 8 8 15 10 10 1
4 5 15 6 1 11 13 4 16 1 16 1 6 15 1 9 19 11 23 3
1 8 14 3 5 12 3 11 15 6 8 1 1 16 8 12 10 6 3 7
9 36 42 20 15 26 31 31 35 26 22 9 24 31 8 32 43 32 36 23
15 24 29 16 1 21 30 17 28 19 25 6 20 34 15 27 40 14 36 19
29 59 53 30 11 46 46 30 53 48 51 8 30 43 21 52 51 48 58 39
13 31 42 27 16 24 17 11 28 24 36 16 16 18 17 35 32 30 28 25
1 28 24 11 14 12 24 26 26 15 3 5 12 16 5 23 25 16 19 10
5 12 10 5 1 6 11 7 17 1 9 1 3 12 6 11 13 6 19 1
4 12 15 4 2 16 16 10 12 11 8 1 10 17 12 8 11 5 14 3
11 44 57 35 18 29 47 12 34 47 41 22 42 49 35 48 43 19 38 36
18 21 31 11 6 33 27 33 36 15 25 7 24 34 13 25 34 9 39 19
19 52 52 26 29 30 29 32 32 36 38 25 23 32 35 41 47 26 34 27
7 9 6 6 1 8 6 12 17 1 5 1 5 11 6 11 12 6 17 1
15 31 30 3 20 35 15 27 35 20 27 16 7 26 17 26 29 8 26 25
21 51 54 41 20 25 42 25 47 36 34 24 35 33 31 46 51 25 47 22
9 35 33 9 17 31 22 26 24 24 25 10 14 32 17 26 42 15 24 23
13 31 23 19 4 16 29 11 23 22 26 7 14 27 15 24 38 22 30 15
4 29 33 12 4 27 31 14 25 21 21 7 22 32 21 22 30 9 25 18
3 33 27 10 5 22 31 10 16 23 30 5 18 10 17 11 21 15 26 11
26 35 41 20 20 31 17 27 50 24 33 19 6 40 18 39 43 23 39 21
26 47 58 25 22 53 48 37 49 37 54 15 33 44 31 41 58 31 54 37
13 29 18 14 3 23 33 14 27 17 25 5 13 21 11 20 36 20 36 12
17 38 29 9 10 31 22 31 31 18 17 1 9 28 9 23 37 23 33 12
9 29 41 16 6 44 33 18 33 32 41 6 29 34 12 31 38 18 35 38
6 36 35 12 9 23 29 18 30 26 21 8 16 31 28 30 25 5 21 16
4 21 29 6 6 29 19 20 28 16 23 1 14 29 10 21 28 13 26 19
1 12 3 1 1 9 8 10 13 1 1 1 1 7 1 6 11 1 8 1
19 41 52 13 15 44 37 37 48 32 42 9 31 40 26 33 47 8 44 26
1 12 10 4 1 10 11 4 9 7 6 1 5 14 4 6 15 3 8 4
9 32 31 13 1 29 26 12 30 24 31 1 20 25 11 26 38 24 37 27
7 18 22 13 6 15 10 17 24 7 14 5 10 16 12 13 18 10 24 2
12 34 41 19 17 25 24 22 27 21 31 14 17 34 21 33 37 17 25 17
1 8 10 4 1 6 7 5 10 1 10 1 4 8 5 5 8 1 14 1
3 5 7 9 1 5 6 2 6 6 7 1 6 13 7 9 13 6 12 4
13 43 47 21 8 34 31 29 34 27 41 11 28 50 23 39 53 12 42 29
12 33 38 12 6 40 32 20 37 24 35 1 23 30 6 30 36 25 40 29
1 9 3 2 1 5 11 1 1 2 4 1 2 7 5 4 10 1 5 3
10 35 52 34 27 15 38 25 21 37 33 24 43 34 20 37 44 34 38 27
1 14 11 8 1 8 11 6 12 4 9 1 5 11 8 7 16 2 16 1
32 67 70 22 40 53 50 46 53 51 58 28 40 48 48 52 50 18 53 34
11 25 19 8 2 17 12 22 26 8 8 1 2 19 7 16 24 10 22 3
1 11 24 15 2 13 10 4 17 14 20 7 11 23 15 18 15 7 14 9
23 49 72 51 25 34 47 16 47 49 55 27 43 42 21 59 57 52 59 35
26 52 58 30 15 27 32 27 45 38 40 15 28 31 29 44 43 41 47 18
4 37 31 16 6 21 38 14 14 29 25 6 22 21 22 19 25 12 22 14
13 30 36 23 5 9 19 11 23 17 27 10 15 28 19 26 27 20 34 5
2 8 3 1 1 1 5 6 6 5 2 1 2 7 4 2 11 6 8 1
4 19 17 4 1 28 29 12 13 17 25 1 18 23 9 11 31 12 25 20
1 8 16 4 3 14 3 10 15 8 11 1 6 18 5 9 13 7 8 7
10 42 33 25 18 18 37 18 19 31 21 12 27 14 22 25 37 23 33 16
34 62 77 50 33 43 52 37 63 53 61 38 38 64 41 63 59 35 60 30
27 53 54 28 21 55 49 34 60 42 54 16 29 41 22 43 58 38 59 33
9 27 23 18 1 11 17 11 30 18 13 9 13 30 21 28 27 4 26 13
15 36 33 17 6 19 14 19 35 27 25 5 8 31 20 31 33 21 31 18
12 33 38 25 11 13 25 14 29 23 24 13 12 37 24 38 31 12 21 18
3 9 11 5 1 10 6 8 18 6 9 1 2 11 2 9 16 10 13 2
6 15 9 5 1 6 9 12 14 6 4 1 4 10 5 4 14 7 17 2
24 66 73 27 30 49 50 37 54 60 54 27 38 50 51 61 44 17 46 40
1 13 18 12 4 13 8 7 13 9 13 5 7 19 10 13 17 4 4 9
2 6 6 1 1 8 9 4 7 2 6 1 5 4 3 1 4 3 9 1
4 31 30 12 6 26 26 19 25 17 23 4 18 38 20 30 32 1 29 22
1 6 12 4 1 12 11 7 8 4 10 1 9 18 6 8 14 5 10 5
13 36 41 28 16 12 29 12 13 31 27 14 24 12 27 29 29 27 25 13
2 12 18 8 2 10 3 12 14 5 10 2 8 19 4 7 19 5 14 5
4 20 30 10 11 24 25 24 20 14 19 4 20 23 5 19 27 14 23 14
1 16 24 6 2 12 21 10 11 12 13 1 13 12 6 10 16 11 15 1
19 39 40 24 9 32 41 11 40 34 34 9 16 26 8 38 40 40 40 22
23 50 58 30 19 43 36 28 50 40 49 27 36 63 42 50 55 18 47 42
15 32 37 31 6 27 30 11 35 23 33 19 28 35 27 29 39 11 38 21
6 30 16 13 6 17 32 10 15 19 20 8 16 21 18 19 21 9 26 16
7 42 36 17 6 30 40 15 28 34 40 10 25 22 17 26 29 26 35 28
1 25 19 8 1 15 20 1 18 19 16 1 7 12 11 19 14 10 15 14
26 58 49 41 14 36 56 18 50 45 51 28 36 52 36 48 59 28 59 36
17 46 39 32 13 23 38 25 42 34 26 16 23 36 18 41 54 32 40 25
1 12 12 7 3 7 9 9 11 10 5 1 4 19 13 16 11 1 5 4
13 38 36 16 14 21 19 28 35 20 21 14 13 28 24 24 34 11 27 16
1 20 24 12 2 10 26 4 7 19 16 5 9 14 13 15 13 14 8 7
1 9 6 9 1 1 6 1 8 9 5 3 6 13 11 11 12 1 7 7
1 12 15 5 3 13 12 8 10 4 11 3 3 15 7 11 11 4 5 5
1 5 2 4 1 2 3 3 7 3 1 1 1 8 3 5 8 1 5 1
3 11 13 10 6 8 12 5 7 6 11 8 10 6 7 3 10 8 13 1
1 8 9 1 1 11 7 2 12 8 8 1 1 3 1 4 4 7 9 5
32 44 51 36 18 25 20 27 49 32 42 20 23 31 28 39 44 35 52 20
15 56 50 25 13 46 53 28 44 46 50 13 43 44 39 38 49 19 51 42
35 55 44 35 21 36 40 32 48 35 41 21 18 31 12 34 58 42 57 15
1 7 7 1 1 9 9 9 11 3 1 1 1 9 7 6 4 1 7 1
1 13 8 1 1 15 12 8 9 4 8 1 5 16 4 7 19 1 12 6
9 18 18 17 1 3 15 8 22 15 10 6 8 21 14 21 24 14 21 8
12 17 33 23 1 24 17 6 31 21 32 7 18 24 10 28 24 25 31 20
4 24 26 14 10 16 13 15 21 16 20 11 10 32 21 25 26 2 13 15
4 13 18 13 5 11 13 8 17 13 14 7 6 8 7 9 14 15 15 6
6 41 38 18 16 30 30 24 29 34 29 12 23 34 22 33 45 21 25 29
2 13 29 8 4 22 21 13 12 13 21 3 17 24 5 15 27 10 13 12
31 61 72 24 26 65 63 40 58 60 65 19 48 57 43 60 55 26 64 51
1 11 18 5 1 13 10 1 5 7 20 2 7 12 6 5 17 5 11 7
22 52 56 31 27 25 26 36 37 39 37 21 32 27 20 44 51 48 44 25
12 25 26 16 6 20 25 16 28 15 15 4 9 23 18 24 23 11 22 10
1 4 4 1 1 7 9 1 3 1 3 1 3 6 1 1 6 3 7 1
3 17 5 5 1 5 10 9 14 7 1 1 4 8 9 6 16 2 13 4
1 15 11 9 1 10 12 2 8 10 12 4 13 20 12 10 24 1 12 13
19 32 46 21 11 29 40 16 34 34 41 8 34 39 31 36 31 11 42 22
1 9 6 5 1 6 10 6 8 1 5 3 2 8 4 4 10 1 8 1
13 8 16 14 6 11 15 1 17 5 18 9 8 19 6 17 19 14 23 4
7 36 25 20 3 16 29 12 22 23 23 8 22 27 26 22 28 3 31 16
7 11 11 9 1 7 10 9 16 3 9 2 6 6 4 6 11 8 21 1
11 19 18 17 3 10 12 12 23 7 15 6 11 16 11 11 25 8 28 2
6 28 6 4 1 23 25 18 19 15 14 1 13 13 10 7 29 12 26 14
19 42 38 13 14 25 30 28 37 23 24 10 17 37 26 33 30 12 36 14
27 55 55 35 17 31 45 31 54 42 31 19 35 47 37 52 48 28 48 25
12 52 41 27 21 17 48 25 25 38 26 14 33 23 28 30 37 17 37 18
14 27 33 16 1 23 28 23 30 22 28 9 25 40 20 28 42 8 36 23
10 13 16 14 1 11 17 9 20 11 11 6 8 20 10 18 19 16 22 5
25 40 47 36 27 19 26 18 35 25 41 30 24 41 32 46 41 18 39 22
3 14 22 8 1 10 17 1 14 16 17 2 7 11 8 17 10 18 13 7
3 19 28 7 5 20 16 15 20 14 24 4 15 29 13 20 18 9 21 14
34 54 63 23 29 46 32 49 48 42 51 18 25 65 35 53 57 26 52 38
1 10 19 11 5 8 3 5 12 10 17 7 6 10 10 10 12 13 11 5
2 24 13 7 1 13 17 8 15 15 14 1 7 15 8 9 28 13 18 10
8 18 21 8 1 12 15 13 25 11 13 1 6 15 12 16 11 9 21 2
1 6 3 1 1 5 8 5 7 2 1 1 1 6 4 2 5 1 5 1
14 31 47 26 8 31 32 20 40 27 38 17 28 53 31 45 38 7 41 28
1 17 18 8 1 8 15 5 14 14 9 3 10 23 13 16 21 3 12 7
17 37 34 27 3 24 31 6 41 28 31 17 17 33 24 34 42 21 39 26
1 13 16 9 4 12 8 11 14 7 11 2 7 22 10 14 18 3 10 7
15 33 39 7 9 33 16 30 37 18 29 2 13 35 16 28 25 16 33 13
1 20 19 1 5 30 22 18 16 12 24 1 14 23 6 13 30 9 21 21
12 17 14 3 3 8 4 17 18 6 9 1 2 17 6 13 17 13 17 2
23 30 38 22 13 34 37 25 39 16 32 15 19 36 13 28 41 20 45 12
22 55 68 51 25 30 47 11 43 52 49 34 45 47 47 58 45 26 46 36
10 19 16 16 1 7 17 6 21 10 12 4 1 15 4 15 28 14 19 6
7 33 15 12 5 23 28 18 25 23 19 4 16 15 18 19 34 13 27 23
12 33 43 19 9 34 26 20 42 25 37 9 20 37 20 40 28 22 39 24
1 10 8 1 1 13 11 2 10 5 8 1 1 2 1 3 7 7 7 6
12 30 33 28 6 7 25 13 26 21 21 13 15 28 21 30 34 19 23 10
13 35 30 10 9 26 32 21 21 18 27 6 22 17 14 9 36 14 36 12
8 47 48 13 12 36 43 33 33 33 36 5 29 38 14 37 47 29 41 30
16 35 51 13 8 43 42 23 45 40 42 3 38 34 24 39 34 18 46 27
6 16 14 4 1 1 11 14 15 8 1 1 3 10 3 15 17 15 14 1
18 42 34 8 12 33 29 33 36 20 25 6 11 29 18 26 32 16 33 13
5 12 16 9 1 11 13 9 18 5 11 1 6 25 8 19 21 7 18 3
3 9 7 6 1 5 8 9 13 6 3 1 1 13 9 12 11 5 10 3
9 28 23 13 5 20 26 16 30 20 15 5 18 21 23 23 23 4 27 10
24 21 39 13 4 35 21 36 44 14 30 7 19 42 12 33 40 14 45 17
4 28 29 23 18 6 22 23 20 21 12 15 24 17 6 18 33 25 28 10
11 31 28 10 15 25 33 26 25 20 14 4 20 12 13 19 21 14 23 7
32 51 45 20 21 37 39 42 50 32 28 4 17 30 15 39 49 35 49 14
3 40 34 14 15 22 32 28 26 26 14 7 16 28 17 29 34 13 23 16
4 8 10 7 1 4 14 1 8 9 5 1 4 11 10 13 5 8 9 1
9 14 28 12 3 23 24 16 22 14 22 4 21 33 15 26 18 6 29 13
8 31 27 6 7 29 35 16 17 25 22 1 23 20 18 16 29 12 25 14
1 41 43 21 6 26 33 14 28 36 30 8 25 35 22 36 37 18 24 26
6 29 31 12 4 19 16 11 23 16 23 6 12 15 9 19 27 24 26 11
6 49 54 35 11 32 48 16 24 44 49 22 44 44 33 39 52 22 38 35
25 53 52 43 32 20 42 22 31 42 37 32 40 32 40 46 44 27 44 27
1 11 10 2 2 4 15 4 2 7 5 1 6 3 1 4 12 11 5 1
18 29 27 12 7 24 28 22 33 16 17 4 15 24 15 22 31 16 34 6
5 4 6 9 1 5 8 3 11 3 4 1 2 6 4 7 7 7 12 1
1 16 13 4 1 15 15 12 15 4 6 1 1 10 7 7 13 2 10 3
16 27 26 12 1 16 26 15 25 13 19 6 10 27 10 23 35 22 31 8
14 25 35 29 14 12 23 8 18 17 35 19 27 31 24 28 29 12 33 16
19 53 56 32 22 46 33 25 52 39 50 30 35 41 38 42 49 21 48 37
38 62 67 40 20 37 51 39 62 49 46 19 37 53 38 60 58 34 60 20
23 48 58 29 9 45 55 23 51 45 52 16 38 42 25 45 57 31 60 36
13 40 28 6 5 20 34 23 22 21 17 1 19 21 17 20 27 15 29 5
17 40 47 22 17 24 27 30 39 25 28 12 13 34 17 39 45 29 32 17
4 14 11 2 1 10 7 12 13 1 6 1 3 15 2 7 19 4 14 1
5 25 33 12 2 19 35 19 21 22 21 1 24 24 10 23 31 14 30 11
13 14 25 9 1 13 23 14 23 10 19 4 13 28 6 21 31 16 30 8
1 18 20 6 4 15 11 8 16 11 14 3 6 26 15 19 20 2 6 12
6 9 7 7 1 6 11 4 12 2 8 2 5 10 3 9 17 9 16 2
1 7 2 1 1 4 6 7 8 1 2 1 2 9 3 4 10 2 7 1
1 16 13 8 1 4 9 8 14 14 7 3 10 18 11 13 19 6 11 7
1 5 6 1 1 8 8 6 8 2 4 1 3 12 5 7 7 1 7 1
4 15 17 13 9 12 8 5 6 8 18 10 11 13 11 11 21 7 12 7
17 24 32 28 9 15 25 10 29 21 28 16 16 37 16 30 39 20 35 14
14 28 40 21 12 22 23 20 27 14 30 12 19 33 16 28 41 22 35 14
10 19 30 16 11 17 17 17 27 11 20 11 7 23 11 24 24 17 20 8
18 29 48 31 10 32 43 42 37 38 30 21 40 42 17 38 51 29 43 33
18 40 25 1 14 29 38 29 29 26 18 3 20 15 19 18 31 10 31 10
27 57 69 42 29 43 46 22 50 50 56 36 46 59 55 57 46 16 53 40
14 37 31 18 11 25 39 23 30 25 28 6 23 9 9 18 36 27 38 12
14 24 19 10 3 21 15 21 25 9 15 1 11 28 8 19 34 13 33 9
12 45 47 11 16 41 42 26 40 37 33 1 22 18 17 38 28 28 36 23
13 23 36 23 8 27 28 9 27 19 32 10 14 40 14 32 37 17 29 17
27 71 63 38 31 44 49 46 48 52 46 15 36 61 35 57 68 39 55 44
23 56 59 33 21 39 48 27 45 41 53 23 32 29 31 47 47 43 52 33
9 21 15 8 1 4 11 13 14 12 9 3 6 20 14 17 17 9 16 5
6 35 32 19 7 15 25 16 25 24 23 11 20 38 25 30 30 9 23 19
35 47 64 43 28 47 44 33 55 38 56 32 34 50 22 51 59 43 63 26
1 12 8 5 1 4 11 5 12 8 1 1 2 5 6 7 11 6 11 1
32 38 51 27 18 43 30 40 48 23 45 21 28 47 19 42 61 26 56 28
6 24 22 4 4 19 21 19 21 8 13 1 12 25 12 16 20 7 21 6
1 12 17 1 1 13 12 4 12 13 16 1 8 10 7 11 10 17 12 9
19 59 72 39 20 36 49 39 62 42 41 22 40 49 19 54 64 47 63 33
4 19 13 1 3 13 15 17 20 5 3 1 5 12 4 9 15 8 16 2
12 20 27 18 7 13 23 10 23 12 17 8 10 16 13 19 21 14 24 1
27 42 56 30 20 47 40 27 43 37 55 12 46 28 17 40 44 34 58 37
4 14 19 6 2 14 14 12 21 13 7 1 6 14 13 13 9 8 13 3
12 29 38 29 16 9 38 12 22 27 22 16 22 32 9 37 34 30 31 11
3 12 8 2 1 8 14 9 13 8 3 1 6 7 7 6 8 7 14 1
8 34 15 8 4 23 30 17 24 24 19 1 18 6 16 12 27 9 28 17
1 17 24 13 6 13 20 11 10 18 12 1 17 25 13 19 24 13 12 10
6 43 41 22 14 31 42 23 41 36 22 6 25 18 2 35 36 39 39 28
1 14 9 11 1 6 9 4 11 11 10 5 10 15 11 11 19 1 11 9
4 20 22 5 1 7 15 15 16 11 7 1 3 10 5 11 16 17 14 1
15 46 42 28 17 27 44 32 41 36 27 13 30 37 14 41 58 38 44 29
24 55 49 26 26 40 34 32 39 41 48 19 37 14 31 35 45 30 51 31
28 45 42 26 24 18 29 31 28 30 32 20 29 15 36 32 35 24 41 14
21 30 50 21 4 50 46 25 41 39 45 9 37 35 19 33 38 28 45 35
3 21 29 7 1 22 22 17 25 18 20 2 20 26 13 15 27 7 26 13
3 4 11 4 3 8 9 7 12 4 2 1 2 13 6 14 3 7 8 2
1 7 8 8 1 1 2 3 6 6 4 1 2 8 4 3 10 2 2 2
13 39 47 31 3 25 29 16 39 24 38 16 25 44 26 37 44 19 42 21
20 39 49 25 2 35 42 17 46 35 47 11 27 46 18 44 52 25 53 32
1 16 21 12 1 11 13 1 15 14 19 4 11 17 7 9 24 7 15 12
13 26 21 3 8 25 24 23 23 14 19 1 20 19 15 10 27 2 31 7
1 8 6 4 1 4 3 3 10 6 4 1 1 7 5 3 9 2 6 3
18 49 46 24 17 20 39 25 29 29 30 14 31 30 25 31 37 20 40 11
18 60 58 35 14 38 48 24 46 44 41 22 33 48 34 47 54 29 42 33
21 47 56 44 23 21 38 19 27 38 50 30 43 36 41 46 51 25 49 35
1 8 4 6 1 8 8 8 12 6 1 1 1 10 7 8 8 1 11 4
8 22 24 22 1 11 20 3 23 19 22 11 17 31 22 27 29 6 25 14
36 55 58 20 34 47 37 43 54 40 48 25 35 56 46 50 43 9 57 32
1 1 4 2 1 1 4 1 1 2 2 1 1 6 5 6 1 1 1 1
26 51 67 37 25 43 33 20 48 41 58 26 31 42 25 54 60 41 54 39
