1000 20 13 1596
1 1 4 2 6 3 1 7 6 2 3 4 5
1 9 0 5 4 4 6 8 7 5 6 2 0
8 5 0 6 10 3 6 0 6 3 4 6 4
12 0 2 0 4 4 8 2 4 3 6 1 12
13 1 1 0 1 6 2 3 4 2 4 6 3
0 13 16 7 5 1 3 14 6 0 4 3 16
16 6 3 3 9 2 8 7 1 4 5 19 10
1 13 6 20 3 5 8 3 23 1 2 1 2
4 0 2 1 1 4 2 1 6 2 4 7 4
7 7 15 6 3 14 9 13 5 13 3 16 2
4 1 2 5 6 7 0 2 9 11 6 0 4
10 0 1 4 1 15 9 14 23 2 7 10 13
3 1 0 3 5 1 1 12 3 1 6 2 4
3 4 3 7 0 2 5 4 1 13 11 4 3
0 3 5 1 5 5 7 9 16 16 2 8 10
4 8 11 3 6 1 6 11 3 2 9 8 3
7 6 0 4 3 2 18 6 7 3 1 1 0
5 3 2 6 10 14 4 9 10 25 1 5 11
2 9 8 1 1 3 1 1 10 5 4 8 4
7 7 2 0 8 1 2 4 4 1 5 9 1
8 6 16 0 2 12 11 0 1 19 10 11 3
11 9 7 6 1 3 12 10 13 0 9 16 8
8 5 5 1 0 1 8 3 5 5 4 13 2
4 1 6 2 2 5 3 12 2 7 2 5 8
13 2 0 3 2 0 6 2 5 6 3 4 5
1 2 0 4 1 5 2 9 8 3 1 1 2
1 9 3 7 3 0 8 1 2 2 2 3 3
9 1 16 14 1 4 19 15 12 7 2 3 4
10 9 10 5 8 9 8 5 1 11 0 0 17
12 5 2 9 3 10 11 1 10 10 11 14 4
5 7 4 25 9 9 11 5 1 3 8 6 10
1 6 2 2 9 4 3 13 17 27 10 6 7
18 2 5 6 15 4 5 6 10 22 9 12 4
2 5 7 6 2 4 6 11 17 2 1 11 8
7 3 5 1 8 2 5 9 1 10 7 2 7
7 9 8 2 2 4 5 4 2 9 0 2 6
1 1 10 8 7 5 9 6 2 10 6 5 6
3 1 2 4 7 5 6 1 2 1 1 3 5
5 4 1 17 4 16 6 1 7 0 7 7 3
14 1 1 6 4 8 4 2 5 1 6 4 5
3 3 1 1 9 1 14 1 3 9 5 3 1
6 18 3 1 5 13 2 8 6 8 14 1 17
1 5 14 5 1 8 11 4 4 7 3 6 9
2 5 3 7 2 6 0 1 1 4 1 4 2
0 16 6 5 6 6 5 10 2 10 9 9 1
11 13 6 3 1 6 3 3 21 3 3 19 5
2 3 10 2 9 4 5 10 3 1 6 6 14
2 5 2 6 2 3 6 4 1 5 3 7 4
3 3 1 2 3 4 6 1 2 3 2 2 4
0 7 3 3 4 3 5 6 0 0 4 4 4
2 4 1 1 4 1 3 5 3 1 1 2 6
2 6 10 4 1 6 0 6 3 2 5 6 14
2 3 1 21 10 6 6 11 6 14 1 3 1
7 9 5 3 9 3 0 0 14 2 7 4 2
8 7 1 2 4 5 8 10 14 5 1 1 7
7 4 11 7 14 2 7 9 2 1 3 5 15
17 4 10 8 17 2 8 13 7 19 7 9 2
6 16 3 6 13 4 12 4 2 2 6 15 1
2 2 7 3 3 3 8 18 6 1 2 2 13
2 1 2 8 9 16 3 9 0 18 4 4 13
14 3 4 5 8 12 10 1 6 7 2 19 15
0 1 3 11 8 4 14 7 4 9 0 2 5
2 4 5 3 1 1 9 0 2 10 6 2 1
2 3 9 5 1 16 2 3 6 1 8 6 9
13 6 7 7 1 0 18 12 14 2 9 12 14
20 14 2 14 8 3 9 4 12 4 11 1 15
6 5 6 1 3 0 4 6 2 6 3 3 1
10 10 8 9 10 3 20 15 7 1 5 9 5
7 4 2 1 4 4 1 6 1 2 7 1 5
19 9 8 13 2 4 8 7 1 4 8 5 4
2 7 1 4 2 5 6 1 1 1 15 4 2
3 2 0 2 6 1 0 5 3 1 5 6 4
6 11 29 1 4 9 8 5 5 13 5 1 12
3 1 7 8 18 4 3 11 13 1 1 7 9
5 0 3 3 4 3 0 8 7 3 1 5 5
2 2 4 2 5 3 3 5 6 6 2 2 0
1 1 6 4 4 0 0 1 7 6 5 1 4
3 0 4 16 3 3 1 1 7 2 1 12 13
15 5 3 10 7 4 0 6 3 1 7 10 8
0 2 4 0 3 2 3 4 3 1 3 0 7
13 18 2 9 4 1 17 8 11 0 17 1 13
8 8 1 1 20 1 15 7 4 3 0 2 8
9 0 12 0 0 11 17 7 4 4 2 2 0
4 7 2 10 1 6 1 5 1 1 13 7 1
4 7 17 14 1 5 7 13 4 2 12 1 14
2 17 5 8 15 2 3 0 7 8 22 6 2
6 1 8 3 1 8 2 3 4 4 6 3 8
8 2 2 0 0 0 2 2 2 3 2 0 2
8 5 11 12 22 1 5 8 2 11 2 4 19
0 8 2 7 8 5 0 10 2 3 9 8 2
8 6 4 7 5 3 3 13 25 1 24 3 3
0 0 1 5 1 1 2 5 8 6 4 1 2
18 1 3 4 2 5 2 6 5 10 1 1 4
5 1 3 11 5 6 6 4 3 1 0 17 3
5 7 1 5 1 7 4 4 1 2 8 4 7
3 8 15 17 10 14 5 20 5 1 6 10 3
6 7 2 3 3 12 2 12 14 20 3 23 6
1 5 4 6 6 9 12 7 4 2 2 4 10
2 13 11 9 4 3 12 2 3 2 16 1 5
3 6 2 3 3 5 3 2 5 0 1 5 3
22 8 12 7 9 5 2 8 15 8 13 4 5
6 11 2 2 6 8 12 5 1 3 1 6 1
2 8 9 14 15 9 8 1 8 7 2 13 13
0 11 3 4 5 1 2 0 2 10 8 3 1
5 0 2 5 5 3 5 3 2 10 6 2 6
13 7 12 10 9 5 10 12 16 16 1 6 10
3 2 4 3 0 3 7 3 4 7 2 7 0
5 4 6 11 9 2 13 7 7 9 4 3 5
1 9 1 2 0 3 1 2 1 1 5 8 5
4 14 6 2 10 12 23 14 3 13 11 8 3
9 7 5 8 12 3 8 10 5 1 12 7 19
2 4 4 8 6 0 4 2 23 2 5 6 16
3 3 9 5 6 5 14 6 10 2 3 1 7
8 1 0 6 3 6 9 6 16 3 9 4 5
7 12 3 6 9 9 12 6 13 16 2 7 19
4 7 4 2 1 4 2 4 4 3 0 1 5
2 4 15 5 3 3 3 29 5 3 2 2 5
3 19 14 9 4 1 8 1 11 3 4 5 11
7 2 3 3 6 6 1 3 2 2 6 3 2
20 9 9 4 14 2 3 5 17 4 8 0 5
3 0 2 0 5 4 2 8 2 1 4 2 3
3 1 7 3 2 0 1 2 0 3 6 1 2
1 2 2 1 1 5 5 0 2 5 3 2 3
4 10 5 3 8 8 4 6 0 1 1 5 5
1 4 5 19 6 11 1 8 8 12 3 9 5
5 10 1 4 6 0 1 1 1 4 12 9 4
4 9 11 7 2 12 1 5 1 7 2 18 13
1 14 1 1 18 5 7 6 3 7 3 0 5
12 1 2 4 0 1 10 4 3 6 8 2 6
4 6 24 5 12 1 2 8 6 8 5 1 2
7 1 16 8 4 3 0 7 5 4 4 8 4
7 8 6 2 3 3 1 1 7 3 9 4 1
6 8 4 7 7 5 4 3 2 1 17 5 4
1 4 3 5 3 6 3 3 7 11 3 3 2
5 4 0 12 6 8 5 14 10 7 13 5 2
4 14 11 11 2 3 0 7 3 7 0 1 3
14 11 2 7 14 7 6 16 6 0 12 8 4
22 10 8 2 12 7 10 12 13 2 4 13 4
4 5 3 13 13 10 4 7 8 1 18 8 9
0 4 16 0 11 4 19 4 7 10 19 7 13
4 11 10 3 4 1 6 6 8 6 8 9 20
1 9 1 7 7 9 12 15 8 11 8 15 4
13 10 8 5 2 0 1 9 11 5 2 7 8
3 1 14 11 8 8 7 1 4 0 1 1 2
4 10 3 2 3 1 1 0 1 8 9 9 4
5 3 6 0 6 2 3 9 8 0 0 6 3
6 1 10 3 5 0 3 7 1 9 10 3 7
0 2 1 5 2 3 5 3 3 7 0 3 5
1 4 1 1 3 5 3 2 1 3 4 4 3
4 6 2 10 11 1 3 1 1 6 6 9 8
1 1 0 5 2 1 3 2 7 10 6 9 1
9 8 4 15 7 8 10 11 1 9 23 11 10
2 1 1 0 2 9 17 1 2 9 5 10 15
1 6 8 4 5 1 1 3 6 4 1 3 1
3 0 0 9 5 2 4 3 4 1 4 4 0
0 7 2 6 7 3 5 4 8 13 3 4 6
5 6 17 2 4 4 9 2 6 11 5 7 4
3 1 4 8 12 3 0 1 2 3 10 2 2
11 5 9 8 1 12 16 4 6 15 7 0 20
3 1 1 1 2 3 5 4 4 2 5 2 1
3 8 1 15 2 5 1 11 19 16 6 1 1
4 0 4 9 3 4 22 7 11 7 3 13 11
2 1 13 14 11 7 2 21 8 3 0 1 3
8 21 8 5 7 10 6 9 4 9 0 9 7
3 1 13 10 0 1 4 9 1 6 9 8 0
4 1 0 3 2 11 3 10 2 4 4 5 6
13 11 4 9 13 2 1 10 15 14 3 6 14
6 9 6 17 4 5 10 8 1 9 4 1 5
6 7 5 0 5 13 9 0 6 14 6 2 6
5 3 1 0 1 4 2 1 3 9 1 6 2
2 12 5 7 6 6 4 6 12 14 8 11 4
4 4 5 1 2 4 4 4 0 1 5 3 3
1 7 4 3 2 7 7 2 3 4 1 2 3
1 3 2 3 6 9 2 3 3 2 4 3 3
5 2 11 7 9 8 1 12 15 4 7 1 3
0 0 2 10 21 8 3 26 8 12 1 1 5
10 1 0 9 3 7 4 0 2 3 9 10 5
13 5 9 1 14 2 9 7 10 16 1 12 8
17 16 3 5 2 15 10 7 8 10 14 8 14
1 7 2 2 0 3 10 3 9 3 15 3 3
4 15 1 0 12 5 12 2 3 7 2 23 7
5 16 19 9 11 10 5 1 6 4 7 8 2
10 6 2 3 9 2 2 12 12 2 11 10 2
4 0 3 0 4 1 4 7 1 6 5 2 8
0 6 6 3 1 6 5 0 2 1 2 4 8
5 4 18 4 4 6 8 9 2 4 0 1 12
4 3 2 6 12 10 19 2 1 2 3 8 5
8 1 4 1 0 13 6 8 10 4 2 0 9
2 12 13 8 4 1 18 8 9 19 16 9 1
6 9 0 0 17 10 6 5 17 0 3 4 13
0 8 11 2 7 11 3 2 11 3 14 16 12
0 9 6 10 6 23 16 10 3 5 12 8 12
9 21 10 6 5 6 11 4 12 6 8 0 12
0 2 2 5 3 4 5 2 2 5 0 1 5
2 3 7 2 2 5 6 8 7 3 2 5 15
6 4 1 1 4 8 20 8 5 6 1 1 5
2 11 12 3 5 8 7 4 9 4 7 11 11
3 3 9 5 11 11 11 4 6 8 15 11 22
2 17 2 11 9 16 10 13 8 21 5 2 7
2 11 4 10 10 7 12 7 9 12 4 4 1
9 8 5 1 5 9 3 3 8 3 7 15 5
2 1 0 0 5 3 5 3 1 8 7 7 1
0 5 2 3 4 3 2 1 2 2 4 2 4
3 4 8 3 0 2 2 2 1 5 2 1 3
11 7 3 1 5 5 6 1 0 5 8 6 5
2 1 12 9 1 2 10 4 3 1 4 2 10
2 8 5 8 5 8 6 4 10 2 25 1 3
4 8 7 18 6 5 4 10 0 0 4 1 5
6 22 8 4 7 3 2 1 7 12 14 1 14
5 4 3 5 1 1 5 0 1 2 2 4 5
12 2 4 4 9 16 4 3 10 11 5 20 5
1 6 0 0 9 1 9 9 2 1 11 3 5
2 1 5 9 4 8 1 6 16 4 4 18 10
1 4 5 1 1 5 1 5 0 18 5 6 11
4 1 7 2 1 6 5 4 2 5 7 11 1
17 13 4 4 22 6 6 9 3 6 14 12 5
0 0 3 2 4 11 8 3 6 5 8 4 1
9 19 5 2 2 6 5 2 12 5 7 2 1
3 19 4 10 2 13 14 1 14 5 10 7 3
12 7 13 9 4 1 4 7 4 18 7 15 13
7 5 7 1 1 6 1 1 8 2 7 0 1
9 10 6 20 10 11 15 0 3 5 5 1 7
3 1 5 3 2 2 5 3 1 5 4 2 6
3 2 5 4 2 0 0 2 2 3 4 1 7
4 9 3 0 13 1 5 8 11 9 5 7 11
1 1 5 2 1 3 2 1 4 0 1 6 2
1 17 3 1 6 2 7 1 4 4 2 4 8
2 3 2 4 1 2 4 12 1 5 2 1 1
6 7 14 1 2 5 0 7 5 9 5 1 3
0 7 13 2 1 3 2 6 5 0 7 1 6
7 2 14 1 3 4 11 2 2 6 7 0 2
0 3 6 5 1 6 6 4 5 1 5 3 1
4 1 4 3 5 1 5 6 2 1 1 4 5
18 3 12 1 12 9 9 4 5 7 12 16 17
3 1 0 4 2 0 4 13 12 4 2 1 2
5 0 1 9 11 3 5 2 1 3 4 6 4
4 3 2 4 7 1 4 3 4 0 4 1 4
1 6 9 2 3 15 1 11 8 10 11 11 3
5 2 10 0 4 7 1 1 3 3 6 1 4
8 4 1 10 5 9 2 3 7 0 10 3 3
1 2 8 4 18 2 5 7 6 8 5 5 2
4 1 7 2 3 2 0 0 3 1 9 5 5
8 5 5 7 10 5 8 8 10 7 1 5 3
0 2 3 4 2 1 1 2 6 6 0 4 1
10 3 11 0 1 4 3 12 0 6 4 2 2
6 10 18 4 7 13 13 12 10 5 18 4 3
5 4 11 17 2 17 0 2 11 1 1 9 3
0 3 2 0 3 1 1 0 4 9 2 1 1
14 8 2 4 2 7 1 4 2 4 5 0 1
0 4 5 1 11 3 0 2 6 5 9 1 9
12 9 14 2 17 7 6 8 6 4 4 2 2
1 2 5 1 2 1 4 7 2 0 1 3 8
4 15 3 2 7 4 6 1 10 3 4 1 14
2 1 2 9 9 2 6 0 7 1 6 10 1
2 6 3 0 3 9 4 4 2 0 5 5 9
4 0 9 1 6 7 11 0 9 9 4 1 1
5 3 7 9 21 21 7 2 4 6 6 9 1
1 6 3 2 0 0 2 0 5 4 2 2 4
14 8 5 6 4 2 1 1 13 1 12 12 14
3 8 2 6 3 6 1 5 7 6 7 1 1
2 22 0 3 1 4 3 2 4 4 20 0 3
1 3 10 6 1 4 6 6 0 6 4 6 4
2 1 0 2 7 6 1 8 1 3 2 6 5
1 1 11 4 3 8 2 15 8 7 7 0 14
3 3 0 5 4 5 0 0 2 4 5 3 3
0 4 13 3 12 8 8 4 20 6 6 2 3
8 13 4 2 8 1 5 12 3 3 13 6 8
0 16 8 6 19 16 4 1 10 2 9 5 3
2 5 2 6 4 4 2 2 2 0 5 1 5
2 7 0 4 11 5 1 0 6 6 3 14 2
1 7 5 6 0 1 2 4 10 4 1 1 6
12 14 2 1 4 1 7 13 10 2 9 16 12
4 1 2 1 1 0 5 3 7 4 3 5 1
1 6 4 10 9 13 3 10 7 3 8 7 7
0 6 13 7 13 10 10 20 18 1 2 12 2
1 6 3 9 5 3 8 6 6 6 7 1 1
7 10 2 7 4 5 4 9 2 4 8 2 4
1 3 5 2 1 5 4 3 4 4 3 3 3
9 9 0 8 13 7 5 2 0 11 10 8 4
5 10 8 3 5 0 16 3 17 2 1 3 9
5 4 2 7 1 0 2 9 1 3 2 1 2
5 2 1 2 1 10 11 0 1 1 2 17 0
8 9 5 3 10 5 30 1 15 4 3 3 9
2 5 5 12 10 3 4 10 4 1 2 10 1
7 6 4 3 1 1 4 2 5 2 1 2 4
13 0 0 7 17 1 6 4 7 12 5 3 6
6 3 2 2 1 1 2 3 8 1 0 7 4
8 7 10 15 4 8 1 4 2 0 4 3 5
1 2 9 9 2 9 6 7 2 4 15 5 1
5 6 1 4 23 5 15 2 4 11 2 6 7
12 11 6 2 5 2 14 13 12 9 7 7 6
11 11 16 5 5 9 5 18 2 7 15 7 4
2 9 9 6 3 4 5 7 3 8 11 11 9
7 5 3 0 1 5 6 7 2 4 2 3 2
16 4 2 5 13 0 2 5 11 7 13 15 14
3 6 1 2 2 0 1 4 0 2 5 1 2
6 2 2 1 2 8 4 1 0 3 2 7 4
14 3 11 2 20 8 1 11 0 2 3 23 6
13 3 15 2 13 1 3 4 8 4 2 10 6
0 3 1 1 7 2 5 2 0 0 6 2 0
1 2 7 4 3 2 4 4 4 0 2 2 1
6 0 0 1 2 5 2 3 3 1 11 4 1
3 5 8 1 2 5 10 7 2 1 2 7 4
2 4 5 7 11 7 10 1 3 18 8 3 8
2 5 6 1 5 8 9 7 8 7 6 5 5
0 9 6 5 7 4 6 2 5 6 16 16 5
2 3 3 11 9 2 8 8 6 7 7 16 13
8 11 2 3 3 3 6 1 5 3 6 3 1
1 4 0 4 3 6 1 2 2 5 6 1 2
6 8 2 3 17 2 1 1 10 1 3 0 9
3 7 1 3 4 2 1 3 1 1 1 4 1
0 3 0 4 3 4 7 2 2 2 4 1 1
3 5 3 7 3 8 4 13 4 6 0 8 4
4 1 3 3 12 3 6 5 1 8 6 2 5
7 2 1 3 3 4 7 1 0 0 0 3 6
3 10 2 3 2 10 5 8 1 2 4 10 10
9 1 12 5 6 4 12 5 11 5 5 2 25
6 10 18 3 8 1 2 4 2 2 0 12 8
14 2 1 10 5 4 6 0 3 3 8 9 8
9 3 9 0 7 13 6 0 2 6 9 10 8
7 9 10 14 0 3 2 13 4 6 12 1 4
1 7 3 18 11 6 5 4 11 12 5 2 1
7 5 8 3 8 4 6 1 19 6 9 11 0
7 8 3 3 2 8 12 2 5 8 7 3 2
1 16 1 6 5 0 10 3 11 14 14 18 8
4 5 1 9 1 8 0 9 2 1 1 5 5
7 12 10 0 7 8 14 14 2 13 9 14 5
7 13 3 9 1 5 3 2 9 10 12 4 18
3 1 3 2 1 0 1 8 4 8 1 7 3
3 7 4 8 9 8 6 5 0 4 10 3 9
3 0 1 2 16 0 5 1 3 2 8 9 7
1 7 2 0 0 0 6 4 3 2 2 0 1
1 1 1 4 2 9 1 2 12 3 1 2 4
4 3 3 3 1 12 5 6 8 6 2 1 7
8 11 13 6 5 6 9 8 16 15 5 3 15
5 4 0 5 4 9 1 3 3 3 7 5 3
8 11 0 14 3 5 3 2 8 13 3 10 4
8 2 1 8 13 8 3 1 2 2 3 0 3
5 12 4 18 2 1 12 1 23 3 1 5 2
3 1 4 3 3 4 0 3 4 8 3 5 0
5 1 5 1 3 8 9 2 2 2 10 12 2
2 2 6 16 6 6 5 9 7 15 23 9 7
3 14 16 8 6 11 7 3 8 4 11 13 3
12 7 6 1 4 9 3 3 4 2 9 4 0
0 0 6 3 8 4 1 5 9 2 1 2 5
18 8 7 16 10 18 3 3 6 3 0 2 8
9 1 7 5 3 2 8 5 1 11 6 2 0
6 4 1 8 4 1 9 3 6 1 4 4 4
16 7 8 6 1 8 18 2 11 16 13 2 4
5 4 0 19 16 3 1 8 9 11 1 10 4
7 1 3 1 5 2 11 10 9 12 19 12 4
7 1 7 2 3 3 1 2 4 1 16 16 17
9 1 1 2 8 6 7 4 8 1 4 6 5
8 4 4 5 11 7 3 4 4 7 1 3 1
12 4 2 4 1 1 10 2 3 0 4 1 8
17 4 8 10 12 5 22 3 5 5 6 5 8
1 7 9 0 2 2 1 1 5 1 2 13 9
6 5 1 2 1 1 1 3 10 7 2 12 1
1 0 5 4 3 6 1 2 1 4 5 3 2
2 12 8 11 4 18 6 8 1 10 1 2 2
11 4 6 4 8 1 5 9 5 20 6 7 4
4 0 3 3 4 11 2 6 1 2 10 0 8
1 5 4 2 6 0 8 6 2 7 7 8 14
2 3 1 10 9 25 6 18 14 3 4 13 7
9 2 1 5 5 3 1 1 5 5 8 6 4
8 8 25 0 1 1 5 3 2 4 2 12 11
5 1 2 4 10 14 1 4 1 25 7 11 9
4 2 1 3 1 9 3 0 6 3 2 4 5
9 3 19 12 13 13 2 8 16 3 2 0 10
5 12 6 0 6 8 15 12 8 18 17 3 8
3 21 12 11 6 4 3 3 7 14 4 20 13
5 7 1 8 11 2 2 3 0 20 5 8 3
0 3 7 6 2 8 1 3 4 2 11 2 8
2 1 6 1 5 6 1 2 2 7 5 4 3
8 7 6 1 12 4 1 6 10 3 12 1 1
11 0 10 12 2 2 3 10 3 7 2 1 2
12 4 8 7 18 10 0 16 3 9 1 12 19
4 5 4 2 1 6 4 2 11 1 4 4 3
5 1 3 5 10 5 10 6 1 1 4 5 1
6 3 7 1 1 1 6 3 1 2 3 5 1
11 11 0 6 1 3 14 6 3 7 3 9 4
1 7 1 1 8 1 4 7 4 3 1 4 3
1 3 1 0 4 7 2 1 5 1 6 1 4
2 2 2 2 11 0 14 8 4 14 12 15 6
15 0 4 3 4 0 5 6 10 6 3 6 2
13 1 10 15 9 5 3 7 6 6 23 10 9
6 10 4 6 16 0 8 4 21 1 12 15 2
0 2 0 0 1 5 3 8 5 9 3 5 4
9 4 5 2 11 3 4 3 11 1 5 1 6
8 1 8 10 2 12 13 2 12 7 7 9 13
4 1 6 5 1 2 4 6 12 0 1 8 8
1 6 1 5 5 1 1 5 1 4 3 6 4
5 3 11 7 18 13 12 0 3 8 1 7 17
9 2 2 11 5 3 7 0 7 1 2 2 7
3 1 9 5 6 3 7 6 10 7 3 9 1
2 5 7 4 6 0 1 10 13 5 5 2 6
1 0 3 2 2 10 0 7 5 4 3 1 2
4 4 3 5 3 1 2 1 4 7 0 0 4
6 18 3 3 5 5 4 5 2 5 17 5 8
5 2 2 10 10 9 2 1 2 4 2 10 0
6 2 2 1 10 3 13 2 12 0 11 3 1
3 8 10 4 7 9 6 12 8 4 4 15 11
11 5 7 9 15 1 11 6 6 9 1 19 13
4 1 2 3 3 1 5 1 4 0 3 4 4
11 13 8 2 6 14 2 4 4 4 5 9 9
4 1 4 1 5 4 2 1 3 4 2 1 3
8 1 7 4 5 5 6 4 7 2 11 16 5
1 0 2 3 0 4 9 4 1 8 6 1 1
4 11 0 1 15 10 2 10 6 3 10 10 9
7 2 5 2 6 7 0 1 5 0 8 3 2
6 5 6 14 11 14 11 17 7 4 4 20 7
6 2 1 6 4 2 6 2 10 7 7 5 5
3 2 4 1 1 6 6 5 7 6 2 3 6
12 2 3 2 5 1 5 1 7 7 1 9 3
4 10 16 11 4 3 11 20 3 4 3 1 2
2 13 3 9 4 2 12 2 7 9 7 2 1
3 6 4 2 3 5 3 3 8 3 2 1 1
5 7 1 0 4 2 3 1 3 14 3 1 0
2 8 12 15 2 8 0 15 5 12 8 4 17
17 0 14 12 10 13 7 4 5 4 2 10 5
1 12 3 1 5 0 2 4 3 5 0 1 6
6 11 13 3 8 18 11 0 8 7 9 7 3
7 3 3 5 1 6 13 9 4 6 8 2 4
5 6 5 4 0 1 7 4 1 7 1 8 6
19 6 16 4 7 11 2 1 5 2 10 11 14
7 3 13 1 2 0 4 1 1 0 5 3 1
4 23 13 13 0 5 7 3 14 1 12 6 9
2 5 9 5 0 5 1 10 4 12 12 4 1
1 3 1 5 10 8 9 20 9 12 10 1 3
5 12 1 4 1 2 9 5 2 20 10 9 12
15 5 8 4 2 1 0 8 6 6 4 1 2
9 7 2 6 3 3 3 1 1 1 4 3 15
0 6 12 13 16 8 9 2 4 8 20 5 2
9 11 3 12 8 3 1 4 13 15 24 0 12
11 3 7 12 4 14 8 3 18 1 3 0 2
11 9 2 1 8 5 1 6 19 1 18 9 13
1 5 4 0 6 2 5 2 2 1 2 5 2
11 13 1 3 3 3 2 3 22 3 19 0 10
4 5 9 2 3 4 2 9 7 3 4 1 0
11 26 1 12 7 1 2 3 5 2 20 6 1
0 1 1 3 3 3 9 4 3 3 2 2 4
3 20 0 10 14 9 1 1 3 9 3 1 4
2 14 13 12 13 0 3 3 7 4 3 1 7
0 2 2 2 4 9 2 2 6 1 3 10 7
1 15 5 8 7 12 3 5 26 3 1 10 1
0 3 8 2 7 0 1 10 1 4 0 8 2
3 8 22 5 0 10 2 4 6 15 10 14 1
5 1 5 5 10 14 4 16 23 1 9 16 3
1 2 6 8 1 6 6 20 8 7 2 9 1
7 2 8 12 10 2 8 6 6 4 7 2 4
4 3 1 2 22 5 9 11 5 10 3 14 1
11 2 10 8 6 6 3 6 2 0 4 1 6
0 8 10 1 7 12 6 2 11 5 0 10 4
1 2 6 2 7 1 14 4 21 11 12 2 2
1 18 8 8 11 12 7 6 1 10 10 16 5
9 2 2 1 6 4 12 9 11 4 4 13 0
6 5 13 8 4 0 1 2 11 0 9 2 11
11 14 7 1 5 11 1 1 2 3 12 15 19
1 4 2 4 1 1 7 4 1 0 1 8 1
3 1 1 1 3 2 4 0 4 3 2 5 3
4 1 2 2 7 10 0 10 2 2 0 1 10
1 4 2 4 8 2 3 1 14 3 1 1 1
2 9 2 11 8 0 1 4 20 9 3 10 8
10 7 1 1 2 5 0 3 8 1 4 1 7
3 4 4 0 5 3 2 6 0 11 11 1 2
1 0 3 9 5 4 5 0 6 2 1 2 4
0 2 5 1 2 6 4 9 9 4 7 3 4
9 1 9 6 2 18 8 13 7 12 8 20 7
2 6 3 3 2 10 10 0 5 12 8 4 1
8 1 4 12 0 13 8 7 12 3 6 3 6
5 3 2 2 6 6 17 8 3 5 9 1 23
2 2 2 6 3 5 2 6 1 6 8 1 0
8 16 9 14 3 17 6 3 1 2 12 5 0
13 1 7 7 5 10 1 2 3 5 8 11 9
2 0 3 6 9 7 4 2 5 0 2 1 2
6 9 10 2 2 1 2 9 3 7 10 3 7
10 11 10 4 11 2 8 7 9 6 13 14 4
0 12 7 1 5 8 3 2 16 13 10 6 13
4 5 13 2 5 12 7 1 12 8 5 20 4
4 3 4 13 3 5 9 4 10 14 1 12 2
5 7 2 7 11 3 1 7 10 15 3 8 8
1 7 3 4 7 13 10 3 2 4 2 8 5
12 15 5 15 0 5 4 14 15 10 16 6 11
1 1 29 10 1 11 17 2 1 2 2 4 6
12 4 5 18 15 3 3 2 5 16 16 5 3
3 1 2 2 5 5 8 4 0 1 11 2 2
1 15 2 7 5 12 6 7 9 9 0 6 2
3 4 5 4 6 13 4 5 8 16 5 3 13
4 3 5 1 6 8 6 2 2 2 1 4 4
6 10 10 8 3 11 13 4 13 1 0 5 13
1 3 3 7 4 5 4 3 2 1 3 1 4
5 6 5 6 18 21 7 9 5 13 14 9 1
1 7 9 10 5 1 0 1 1 2 9 3 3
2 1 6 0 2 1 1 2 1 7 1 2 2
12 5 19 10 2 1 11 8 1 5 11 16 9
10 16 7 5 1 8 14 8 0 11 14 5 21
0 3 3 4 6 2 2 6 1 0 0 4 4
7 2 5 1 5 9 11 6 1 1 2 3 0
9 9 3 6 21 2 1 3 0 6 3 14 5
5 2 8 3 13 4 6 9 7 2 2 11 3
1 6 1 0 0 5 6 1 3 12 0 0 8
1 3 7 4 3 3 3 8 2 2 3 5 9
3 0 7 10 1 7 4 17 9 10 2 6 3
13 7 6 18 16 21 2 2 0 0 0 14 11
6 8 5 15 5 9 2 5 2 3 5 5 13
0 3 2 1 1 3 4 1 5 3 5 0 2
16 6 2 19 8 20 0 4 8 12 8 6 12
10 5 0 0 0 12 3 9 3 10 1 6 6
6 1 3 3 2 2 2 4 2 1 4 1 2
14 3 11 2 11 8 12 11 5 5 9 13 13
14 2 20 2 0 4 0 0 10 6 8 24 9
4 7 5 9 5 3 1 0 1 4 5 2 2
16 22 7 10 3 8 6 9 1 7 16 5 3
2 7 9 15 5 3 8 3 8 3 17 7 0
3 1 1 5 9 6 1 8 4 1 2 4 5
7 6 0 6 0 2 5 8 5 3 20 17 17
9 0 3 6 3 8 3 1 2 2 3 3 1
3 0 8 3 0 3 2 2 2 4 4 0 5
3 2 4 8 2 6 0 1 7 5 6 1 8
6 13 17 7 3 1 6 2 10 4 9 2 8
10 6 23 5 9 3 4 13 1 5 10 19 1
3 3 2 1 4 4 3 2 2 5 3 0 1
2 1 1 4 1 7 3 0 3 11 5 2 6
4 7 3 2 0 4 2 1 1 1 6 3 11
1 7 1 19 13 1 3 1 4 8 0 1 22
0 3 1 3 2 3 3 4 0 4 4 3 5
9 8 13 6 7 3 10 2 15 3 1 6 5
9 2 9 4 2 0 2 2 2 1 0 6 2
1 9 6 6 1 6 6 2 0 3 3 7 2
2 7 9 15 2 2 16 2 9 19 7 18 6
2 12 8 8 1 1 10 0 11 3 4 2 4
8 3 8 1 3 6 3 6 2 3 7 8 2
14 19 10 11 2 1 5 10 1 0 6 6 10
11 4 4 0 6 0 1 5 2 2 2 5 0
7 1 1 3 6 6 0 6 0 1 1 3 1
14 10 14 14 6 7 10 3 17 11 2 1 1
4 2 3 4 9 5 3 2 2 2 9 12 7
0 16 6 5 10 12 23 2 1 2 3 5 13
4 9 1 2 0 0 7 6 3 8 1 2 5
2 1 3 0 4 1 2 7 1 6 3 5 2
3 3 4 5 5 5 1 5 5 2 18 1 10
6 4 5 4 4 1 2 10 16 5 1 6 13
10 1 10 10 4 4 9 1 3 5 2 7 15
6 2 2 3 3 3 6 6 1 1 1 2 2
1 2 1 2 1 1 1 4 7 2 3 10 2
3 13 11 2 9 12 14 5 4 4 3 12 2
3 6 5 0 1 2 14 4 5 5 7 4 2
3 5 2 3 10 5 12 13 0 7 3 3 3
11 0 2 3 12 12 0 6 1 12 2 11 8
5 4 4 16 20 1 2 0 8 10 6 11 0
4 0 6 3 8 7 9 3 1 11 5 8 19
3 4 0 7 2 3 4 2 4 7 1 3 4
5 8 8 7 2 4 0 7 6 3 7 2 12
8 1 6 13 2 8 1 12 7 11 7 4 5
7 12 1 1 3 5 3 0 4 1 1 4 0
3 2 8 2 1 0 1 14 6 1 10 8 3
12 2 0 5 5 3 10 15 0 2 1 5 6
1 5 4 9 8 2 13 5 3 1 12 0 1
11 10 7 4 2 14 4 0 6 3 4 16 2
1 7 10 0 2 15 5 13 13 8 10 2 10
7 1 4 1 4 2 10 2 4 3 0 3 2
1 0 4 1 18 4 13 14 1 20 7 10 2
6 2 6 2 4 3 4 3 1 11 16 3 1
1 8 8 9 5 10 14 2 1 0 6 3 6
2 4 1 3 0 2 3 2 5 7 3 0 5
3 5 5 3 15 7 6 7 10 12 2 21 3
8 8 9 6 1 5 6 3 1 11 1 0 10
19 7 12 9 1 1 19 7 10 1 3 9 2
3 1 0 2 1 0 12 7 5 3 7 6 5
9 9 11 8 11 2 7 7 1 2 6 6 14
6 12 12 3 2 0 5 5 8 7 6 0 2
3 2 13 6 12 4 15 2 10 10 6 7 14
8 11 13 1 0 4 8 1 6 1 6 13 4
4 2 0 2 2 2 4 10 2 3 3 4 5
2 5 2 3 5 3 4 2 2 1 5 4 2
3 0 8 3 1 1 2 2 7 8 1 2 7
9 15 6 17 2 13 0 6 9 7 9 9 7
2 3 11 7 8 0 8 2 4 7 3 5 4
20 19 15 4 9 6 4 11 3 7 4 1 6
21 5 5 4 2 6 2 12 5 4 7 2 6
3 0 2 9 6 6 6 8 3 6 7 4 1
16 7 7 13 7 3 2 6 8 11 4 14 10
9 4 4 3 29 8 8 5 6 4 0 10 1
16 6 14 2 13 8 2 5 7 6 7 14 6
0 9 10 20 4 2 12 17 9 4 1 0 3
8 15 16 6 10 3 1 9 14 16 13 2 5
9 13 0 2 3 22 12 1 4 11 7 8 11
4 1 10 1 7 4 7 1 5 12 9 13 16
9 18 0 7 5 6 2 1 7 3 5 6 22
1 5 15 5 14 7 2 15 6 7 2 10 11
1 4 5 3 6 6 6 20 2 1 6 4 9
2 1 3 1 1 3 7 0 4 1 0 4 8
3 4 5 10 2 3 9 1 9 2 10 6 2
2 4 1 7 2 11 1 3 2 3 5 5 5
1 1 3 0 3 2 1 0 4 3 2 7 5
4 1 0 4 5 3 1 4 11 1 1 0 2
4 1 4 19 6 3 4 9 0 18 7 8 7
2 3 6 1 0 16 9 0 8 5 4 4 4
9 8 0 4 3 4 4 5 2 17 4 0 9
2 3 2 1 2 1 7 5 1 11 6 3 1
19 7 0 7 14 4 12 9 15 6 1 5 1
4 1 1 5 0 1 7 4 2 3 2 2 6
7 5 1 2 0 5 1 3 4 3 1 3 1
16 0 12 5 14 7 26 8 3 8 5 4 5
10 3 16 8 8 12 4 1 0 1 6 10 8
1 8 5 4 8 4 0 6 5 3 8 4 8
2 1 5 9 4 6 15 5 5 5 5 10 7
10 23 4 7 4 11 0 9 8 9 3 10 0
5 5 12 4 7 2 1 7 1 1 3 4 5
1 1 0 1 2 4 3 5 6 2 8 3 6
5 6 11 2 5 15 4 13 7 5 14 6 12
2 1 6 2 1 4 2 8 2 4 0 1 5
9 13 6 7 1 1 19 4 11 11 6 12 6
8 12 12 21 19 3 5 7 5 5 10 7 12
1 10 8 13 8 5 15 4 9 1 8 11 5
0 3 8 5 9 7 6 6 4 3 3 5 6
4 2 3 1 4 5 3 3 1 4 4 0 1
8 4 1 3 16 10 2 2 7 19 2 24 5
4 5 6 5 9 0 12 3 7 2 0 3 30
3 0 2 2 1 8 2 9 5 3 2 7 2
0 10 4 4 10 12 9 5 4 10 8 9 12
3 1 7 6 5 4 1 1 4 21 3 7 4
3 5 5 2 1 6 1 12 5 12 2 1 4
3 3 4 8 13 1 15 1 2 8 2 7 2
4 3 22 4 5 22 2 3 11 8 16 5 3
6 4 6 7 4 7 2 8 17 15 9 7 1
9 9 1 7 2 13 21 21 5 7 4 14 5
21 7 1 6 2 8 2 6 2 6 6 6 16
11 4 0 1 3 9 9 4 3 3 1 16 14
2 5 2 12 0 2 0 3 10 5 0 8 6
2 1 7 5 0 1 4 5 1 1 2 0 2
2 1 3 11 2 9 6 2 6 1 4 2 2
1 3 1 0 1 1 9 1 6 4 5 5 2
11 9 7 9 4 8 2 2 1 5 4 3 5
1 10 16 4 14 4 3 2 10 7 1 6 1
4 3 1 2 12 1 3 6 3 4 4 1 11
9 4 5 3 6 1 5 2 3 3 5 1 3
14 0 9 13 18 1 9 8 3 3 3 12 1
6 2 2 8 18 5 14 24 7 2 11 11 6
1 4 7 5 3 7 4 6 2 5 9 9 1
6 7 1 9 17 1 7 3 9 13 3 6 5
3 1 5 1 6 5 6 4 1 1 4 8 16
7 7 18 4 3 8 12 16 18 4 12 7 2
17 8 9 9 6 8 1 15 1 4 12 0 12
4 2 3 6 5 6 0 6 2 6 9 2 11
3 1 4 1 11 12 2 2 8 14 12 6 2
1 7 2 9 2 7 9 9 0 2 2 0 1
5 8 11 2 0 9 7 3 12 3 4 3 5
8 3 6 9 3 1 0 2 1 1 1 3 0
12 4 11 5 6 3 0 18 2 19 11 3 13
8 6 4 1 5 3 3 6 3 3 5 5 1
3 0 10 3 10 0 4 5 8 4 4 3 4
1 2 1 7 10 11 8 7 6 9 5 7 0
4 2 7 4 15 3 15 7 4 12 14 1 9
0 1 0 4 2 4 1 2 2 3 2 7 2
1 10 9 4 9 13 11 8 3 18 2 2 0
6 2 1 4 1 5 9 4 5 1 6 7 10
10 6 10 4 14 6 9 7 6 3 4 13 14
19 11 4 1 4 3 1 5 1 0 9 0 17
0 4 2 4 1 23 0 9 0 10 10 10 2
1 1 4 0 2 2 3 0 5 4 1 2 7
2 2 5 2 0 7 8 1 6 1 6 2 10
9 4 8 4 1 9 1 11 6 13 14 3 10
7 2 6 2 8 11 14 5 0 4 2 8 10
0 1 3 8 2 3 3 4 1 2 4 1 2
1 2 15 7 11 4 13 7 9 5 14 20 9
13 5 19 2 0 4 1 5 8 13 2 9 23
4 3 11 0 16 3 12 2 19 8 8 2 5
6 12 6 5 6 1 2 1 3 2 5 4 1
1 1 1 0 0 0 2 2 1 6 5 4 8
6 3 7 1 22 2 6 3 2 4 5 7 1
0 1 6 7 7 3 7 16 5 5 7 1 12
6 4 4 20 5 3 1 16 1 4 0 5 10
1 21 8 2 0 5 8 2 0 10 2 8 3
14 2 1 9 3 0 2 2 9 16 3 6 1
6 2 16 12 15 5 3 12 11 3 3 9 4
5 4 4 5 3 3 4 3 2 6 3 6 1
1 5 9 2 4 9 3 5 7 2 0 4 8
2 3 1 7 4 2 8 0 1 2 0 1 1
10 7 0 8 8 3 8 4 9 6 2 4 16
5 4 4 1 0 2 2 2 0 5 2 2 0
3 6 3 10 11 3 3 2 1 7 4 1 4
0 10 7 2 5 3 8 1 5 8 7 3 11
2 3 1 0 2 0 1 2 1 1 6 8 2
1 11 8 3 3 6 12 3 5 2 9 1 1
1 0 0 0 4 5 1 0 3 4 2 11 3
4 10 3 5 18 10 9 1 17 6 8 1 12
1 7 3 7 2 7 1 1 10 1 1 6 2
6 4 2 10 5 7 16 10 1 3 11 9 6
9 6 7 1 14 0 7 1 12 3 8 5 16
6 1 1 10 1 8 7 10 10 3 8 3 7
2 6 0 7 2 1 3 2 0 3 3 8 1
0 5 16 4 3 12 5 11 26 12 9 3 3
24 1 6 1 2 1 11 16 14 5 6 7 4
5 3 14 2 14 9 6 4 10 18 1 19 3
7 1 2 2 15 10 10 8 2 3 6 10 16
14 15 6 10 2 2 5 8 6 7 8 6 2
12 3 10 11 6 14 4 2 18 6 3 17 7
0 4 25 9 5 0 8 9 13 5 11 4 10
4 4 3 13 5 4 2 2 3 2 0 7 5
1 2 6 6 8 1 10 10 1 5 4 4 4
12 2 4 4 1 3 8 4 3 3 6 10 1
16 15 13 0 2 4 1 5 10 16 13 17 9
12 2 12 5 2 2 0 5 3 1 11 6 2
2 7 1 3 5 0 3 3 4 10 5 2 3
11 1 11 4 5 2 8 10 4 5 17 10 13
9 6 14 6 2 7 4 10 4 20 5 2 1
11 16 6 13 1 11 4 0 8 3 11 9 8
2 4 3 6 8 1 2 2 7 4 3 3 2
5 3 5 3 13 7 1 3 3 1 8 2 10
2 2 11 5 7 11 1 5 0 1 6 2 8
9 6 14 9 1 10 3 4 8 6 0 9 5
7 1 17 27 6 4 5 2 5 6 4 1 3
9 9 13 10 2 4 3 24 5 2 1 3 3
5 9 8 4 7 4 1 10 8 6 4 2 7
6 14 3 5 12 6 0 17 9 9 6 1 6
6 23 3 11 2 10 3 16 9 3 11 3 7
3 12 6 7 2 4 5 1 10 17 1 1 10
17 13 7 5 5 9 5 4 16 14 13 3 11
6 12 13 0 10 12 9 10 21 3 8 4 5
1 0 1 3 5 6 8 8 1 2 0 3 0
3 9 12 6 4 9 9 11 9 7 3 3 1
4 2 1 4 1 2 6 7 1 0 2 0 2
8 18 4 6 8 2 3 4 12 21 0 7 17
2 8 3 6 3 12 4 8 8 10 2 0 4
0 3 12 8 13 10 1 9 2 7 3 12 6
4 14 11 4 4 5 7 8 1 0 1 2 6
16 8 8 12 7 1 9 7 10 2 6 3 13
0 8 1 7 3 1 10 6 15 11 2 5 10
5 1 7 1 5 4 5 1 3 0 6 6 6
8 7 0 5 10 2 12 7 6 0 8 13 8
7 6 2 2 21 7 6 6 3 7 2 1 2
5 6 2 1 0 1 1 2 4 1 6 2 5
23 14 1 3 12 3 4 2 1 1 8 16 2
2 5 1 9 3 6 3 13 5 6 6 15 5
7 9 1 17 11 5 15 15 6 7 9 7 4
4 1 7 3 4 7 8 9 11 0 7 4 1
8 2 7 1 3 28 0 3 0 2 3 9 4
0 10 12 2 9 4 5 9 10 3 1 8 5
6 15 2 1 6 12 2 3 9 10 3 5 18
12 5 3 0 10 1 5 19 8 6 5 10 10
4 15 2 8 7 14 8 5 1 13 13 12 1
3 4 5 1 6 1 3 7 2 7 0 3 1
1 0 4 8 4 1 3 1 7 7 14 4 1
9 9 14 6 7 2 2 8 4 7 2 13 4
4 1 3 6 2 2 0 2 4 11 1 2 5
2 9 4 0 7 17 1 5 21 7 0 1 16
2 1 2 2 1 1 4 6 3 5 2 1 1
10 3 13 8 4 1 6 11 6 11 0 10 11
7 12 8 8 13 22 5 0 6 11 4 15 12
4 1 4 2 9 1 2 1 1 2 2 3 8
7 23 2 0 7 9 13 6 17 3 4 2 8
12 0 3 4 13 1 2 8 4 1 12 1 4
9 2 6 3 8 8 8 7 6 4 3 6 10
2 3 3 4 7 1 8 6 6 2 6 6 10
1 17 4 6 4 9 16 0 1 4 2 3 2
0 3 1 1 8 0 1 1 1 0 4 1 3
7 1 10 1 5 1 6 1 6 1 3 8 2
4 12 6 18 6 10 5 9 10 8 2 7 7
13 17 4 5 11 1 9 12 2 19 9 6 7
2 5 2 4 2 4 5 2 2 5 6 8 5
3 7 2 3 2 9 0 4 4 4 2 1 3
2 4 4 9 1 0 8 3 13 1 3 5 10
1 3 2 4 11 19 20 5 4 9 11 0 2
5 0 2 4 3 7 14 14 0 0 10 3 6
3 2 7 0 0 7 9 3 9 3 5 5 4
11 5 10 6 2 8 3 2 14 12 22 4 18
6 2 4 3 8 6 6 9 6 5 2 1 8
6 7 3 7 6 4 19 13 5 4 9 11 2
8 6 6 9 0 4 7 6 0 13 2 9 3
17 9 7 7 10 4 7 13 2 15 16 15 1
6 5 1 4 1 0 4 5 2 5 1 4 9
20 17 6 1 5 9 8 1 11 1 7 20 5
4 12 3 14 1 6 13 3 12 4 18 0 17
6 0 2 7 6 0 2 2 0 2 2 6 2
4 11 4 14 4 9 10 17 11 0 1 2 8
11 6 12 22 8 12 1 8 6 1 13 9 8
9 6 3 5 3 6 3 1 1 2 2 1 0
1 3 0 2 1 4 9 3 6 11 12 2 2
2 2 3 1 2 4 8 9 7 0 0 5 5
3 4 1 2 6 0 5 7 0 1 1 10 3
4 4 8 2 3 0 10 3 2 5 7 7 3
1 10 4 11 8 0 9 9 12 15 6 9 2
3 20 9 7 1 19 3 1 11 5 9 10 8
6 0 2 4 8 5 4 9 20 1 8 0 0
4 4 7 3 0 5 3 1 0 2 0 1 1
10 0 4 6 9 10 8 9 1 1 12 20 3
1 3 2 5 0 3 4 8 4 12 5 3 1
7 0 4 2 6 5 4 5 0 1 1 4 3
2 4 6 4 13 11 24 4 6 5 22 3 5
10 8 1 11 6 2 4 0 7 5 1 3 3
7 5 12 1 2 2 9 6 16 7 2 0 6
18 7 9 1 7 8 6 4 4 1 7 0 15
3 5 7 2 1 4 3 3 3 6 1 6 1
1 1 3 3 7 3 3 2 4 3 4 5 3
11 6 2 3 3 1 2 3 14 1 1 7 1
9 2 0 0 3 2 6 7 4 0 3 5 3
3 8 3 1 2 6 6 13 5 4 13 5 6
5 9 2 1 1 0 5 2 5 3 6 3 8
5 7 2 2 11 10 0 3 2 2 4 7 3
3 5 4 2 2 3 1 1 4 3 4 4 3
0 2 3 4 6 2 5 1 1 6 1 2 0
4 3 2 5 5 1 1 2 1 4 2 2 1
5 17 5 2 10 4 8 2 4 6 14 3 15
10 6 15 0 4 17 3 6 1 0 11 8 1
4 14 9 1 9 14 4 9 1 8 2 5 5
2 8 1 5 5 6 1 9 4 6 1 3 1
6 3 0 5 5 13 17 5 4 9 13 1 11
8 3 8 19 2 11 5 15 4 1 4 2 2
4 5 4 3 1 0 4 1 5 1 2 4 0
15 12 4 9 6 8 2 2 21 4 8 8 9
7 1 0 9 5 2 1 8 6 5 8 6 1
7 11 2 0 6 9 4 8 2 5 15 1 5
14 5 16 1 16 3 6 1 3 5 12 3 9
2 5 2 10 0 7 9 4 5 17 5 5 2
1 6 3 1 1 1 13 5 4 5 1 1 6
1 2 21 20 7 1 9 5 7 1 8 15 7
6 2 9 4 8 1 1 17 3 7 17 11 2
5 11 8 6 4 5 9 11 0 4 5 12 9
5 9 2 6 8 1 3 6 3 7 7 2 8
15 0 7 4 5 3 8 4 8 11 10 15 0
7 1 5 4 2 2 2 9 0 1 6 4 6
5 4 1 20 6 6 11 3 2 1 8 11 3
0 4 12 1 7 4 1 8 1 1 6 0 5
1 7 1 11 3 2 11 2 8 2 4 6 1
5 3 12 10 4 6 2 20 3 9 10 3 10
3 4 6 5 0 8 0 0 4 1 3 5 2
11 7 4 12 5 14 16 11 3 4 13 13 8
5 5 21 2 2 11 3 6 24 6 11 6 10
14 10 6 3 17 3 3 6 13 3 10 4 3
4 6 4 2 1 6 0 3 4 1 1 4 7
1 12 2 4 15 7 3 0 9 5 1 7 10
1 1 1 2 3 2 5 2 3 3 1 3 8
5 9 10 22 10 18 3 7 3 8 4 12 7
5 3 5 1 2 5 9 5 1 4 5 1 0
0 20 9 20 7 17 3 9 4 1 11 5 6
2 2 2 3 0 1 5 0 5 1 4 6 1
3 16 9 7 4 2 0 5 10 14 4 10 13
2 5 4 1 3 2 4 3 7 0 1 4 3
5 9 13 7 5 8 2 0 1 3 2 10 7
7 4 4 4 6 15 17 2 8 7 2 3 10
8 5 5 18 7 2 4 8 3 8 6 12 2
5 6 4 0 3 7 7 8 1 2 0 2 6
9 1 6 4 8 2 3 2 10 5 5 5 8
1 12 0 2 6 4 3 1 10 7 2 14 1
2 5 1 4 11 1 10 1 2 3 2 9 1
16 13 1 1 5 15 5 8 6 13 8 8 4
5 14 13 9 8 12 4 3 0 8 4 2 7
3 8 1 3 3 3 19 0 5 1 3 3 3
2 11 1 10 5 10 14 0 3 3 7 2 9
7 3 3 5 2 1 1 1 5 1 1 1 7
6 1 3 0 6 1 6 1 5 3 5 2 2
4 11 1 1 3 1 7 4 1 2 1 1 7
1 4 1 2 9 2 0 1 2 1 1 0 4
2 7 1 7 7 1 20 3 14 10 18 1 4
3 25 6 2 2 14 3 3 18 2 10 4 4
5 3 5 9 3 12 1 3 4 1 9 3 2
6 5 1 3 1 4 4 1 3 6 3 6 3
1 2 6 8 20 9 7 13 0 5 12 12 0
6 11 4 7 2 1 1 1 3 4 3 5 7
8 2 7 4 6 1 6 2 2 7 8 8 3
6 12 2 8 8 4 6 5 6 4 4 7 4
9 13 2 10 4 5 15 9 0 2 12 1 7
10 1 2 7 9 8 8 17 4 1 3 3 10
10 1 1 7 2 10 8 4 0 9 0 3 2
7 8 5 8 3 3 7 3 13 0 0 2 7
1 11 16 16 5 5 6 9 11 4 7 24 5
5 1 3 5 13 14 15 7 4 6 10 9 3
4 4 6 10 9 2 6 5 0 16 4 2 1
7 3 5 1 0 7 7 3 4 16 2 7 4
2 3 17 7 1 7 7 10 13 17 13 18 7
1 3 5 5 3 2 2 2 3 7 4 0 2
1 2 4 2 0 1 5 1 1 3 3 2 7
5 4 3 1 3 0 3 0 1 2 4 3 2
22 6 10 4 8 3 4 12 20 3 7 10 11
12 10 12 3 17 12 10 2 6 4 4 7 3
3 2 5 0 3 3 1 5 6 4 5 4 5
3 8 7 1 10 4 10 8 9 12 3 3 1
1 5 4 0 10 9 1 10 5 5 2 2 0
14 4 2 10 1 7 7 4 1 5 2 13 3
12 9 5 12 2 6 7 2 5 5 7 3 0
9 2 0 3 1 5 1 5 1 2 12 2 4
8 20 11 14 3 1 4 1 8 5 20 7 0
17 1 2 15 10 12 19 2 9 14 0 0 2
3 0 0 7 5 2 2 3 6 1 0 2 4
15 0 3 7 2 10 9 4 6 3 12 20 3
10 4 9 14 9 5 3 2 1 0 1 7 5
4 1 8 2 12 5 2 7 6 6 4 10 8
1 5 6 3 1 2 0 4 2 0 4 1 1
6 2 2 0 6 1 10 0 0 1 7 0 9
3 2 7 10 12 18 6 10 19 1 4 19 1
1 3 3 1 7 2 4 8 4 5 4 3 0
2 6 2 1 7 12 1 3 2 2 4 4 2
18 10 6 5 5 8 7 2 14 14 1 13 6
9 10 3 8 4 3 3 1 2 4 1 5 3
16 12 3 15 1 13 10 2 8 13 4 9 14
7 3 1 13 6 4 11 7 13 4 5 3 17
6 9 1 8 6 7 2 4 8 8 7 5 7
2 0 8 3 2 9 2 24 9 17 12 10 4
12 7 6 6 3 5 1 2 11 12 7 8 15
9 4 9 1 2 5 11 6 2 1 4 2 13
3 12 13 3 2 7 2 5 2 2 1 1 8
11 3 9 11 14 13 1 4 10 8 3 7 6
17 3 7 9 5 17 19 6 8 5 3 7 8
9 3 6 5 1 1 1 3 7 4 4 2 9
3 6 2 7 6 5 4 3 10 5 4 5 12
13 5 1 2 1 0 3 15 9 7 5 2 6
5 16 2 2 12 14 5 2 6 3 2 2 5
5 10 9 6 6 0 3 2 1 6 7 5 10
8 4 6 2 11 3 5 7 2 14 7 3 0
2 3 0 1 10 5 2 8 4 5 4 8 1
11 8 4 2 13 2 8 14 2 9 5 11 5
3 5 3 2 7 7 1 2 6 8 2 5 4
5 2 3 2 2 2 0 3 2 3 0 6 3
7 9 9 0 8 0 7 3 11 11 8 7 11
10 3 10 9 12 4 10 8 7 18 3 3 3
0 3 7 4 3 8 7 14 8 10 11 1 5
18 0 7 0 9 3 9 16 2 0 8 3 0
2 5 4 15 8 9 6 7 4 0 11 18 3
10 10 7 3 5 6 10 3 0 2 2 7 12
6 12 5 1 9 30 8 11 1 4 5 11 2
1 3 14 0 1 10 5 6 1 15 7 2 7
1 1 10 7 3 7 2 5 1 0 8 10 11
2 8 3 3 1 8 0 1 1 0 3 2 4
3 5 3 1 3 2 6 2 3 2 4 2 0
1 1 1 7 6 1 2 4 0 4 3 6 2
13 10 0 11 15 3 1 1 14 0 7 0 0
13 4 6 12 2 11 4 15 3 4 0 13 9
9 7 11 2 3 6 1 7 5 8 2 8 3
10 11 9 12 3 4 17 12 5 0 19 2 6
3 4 5 1 5 0 0 4 1 2 2 8 3
4 5 9 10 3 10 2 10 6 16 7 4 3
1 7 8 2 9 12 5 4 3 1 7 21 12
5 5 6 11 0 2 6 6 2 5 4 5 1
9 0 4 1 14 3 3 1 5 1 3 5 4
0 0 3 4 1 0 3 5 3 3 3 2 2
0 3 5 6 4 1 1 1 2 4 5 5 0
3 6 11 16 3 4 15 16 7 15 15 5 5
0 6 2 11 14 1 8 6 5 8 3 1 1
3 4 4 17 6 3 11 8 6 10 1 23 7
4 6 11 5 2 0 5 4 0 8 0 6 3
9 6 2 7 25 4 19 9 2 8 2 2 12
4 2 1 4 7 0 1 1 8 2 2 3 2
1 12 9 8 19 2 4 7 14 11 0 17 10
1 8 2 5 7 6 4 15 4 2 5 15 10
1 7 8 3 1 6 5 13 16 6 10 13 6
1 9 5 10 19 12 2 3 10 20 6 3 4
3 1 7 19 4 11 4 2 14 4 16 5 17
8 1 9 2 11 15 6 3 6 13 1 5 10
10 7 3 2 2 6 4 3 3 2 5 7 4
1 3 3 0 25 4 3 0 5 13 12 3 3
1 3 11 1 3 14 13 13 2 21 1 14 14
7 1 8 1 10 5 15 27 6 5 5 10 11
11 2 3 15 2 12 4 15 10 10 14 1 5
6 9 2 23 3 5 0 4 2 10 2 9 4
10 15 6 7 14 10 2 12 20 10 10 4 6
14 7 4 2 3 3 6 1 4 1 3 7 12
3 5 1 5 1 5 4 0 4 4 4 0 6
10 9 11 11 12 2 1 4 17 8 11 5 0
6 14 13 3 8 7 0 5 3 4 5 7 2
2 2 2 1 3 0 6 4 3 3 2 1 2
11 2 1 17 2 0 8 13 25 10 3 4 5
4 3 0 1 1 4 9 7 2 2 5 5 4
0 2 4 2 1 4 2 1 5 2 0 4 3
2 6 1 1 9 17 8 9 14 1 17 7 20
4 5 7 15 8 3 9 0 1 7 22 10 5
4 3 9 3 8 1 6 2 9 3 0 9 2
7 19 6 1 13 6 8 6 10 11 5 8 0
4 0 1 10 7 1 8 0 6 3 0 5 4
7 5 13 1 14 6 19 1 7 3 23 0 2
8 4 7 9 12 3 2 13 6 10 6 1 6
1 7 5 2 5 4 3 7 5 9 3 17 8
3 11 2 1 20 2 20 10 1 6 9 4 0
10 7 0 8 14 5 5 13 11 13 7 9 3
4 2 4 2 4 2 1 3 3 3 3 7 5
14 6 5 17 7 3 8 13 6 1 8 5 14
2 1 2 0 3 1 13 16 2 1 1 4 1
13 5 3 3 10 4 3 1 4 0 6 6 7
11 4 11 5 2 2 3 1 10 7 3 0 5
1 5 6 4 6 2 5 9 9 3 5 6 13
2 2 10 5 1 4 2 1 6 5 8 8 11
3 4 7 2 1 5 3 2 0 4 2 0 1
3 8 18 7 2 11 6 1 2 8 3 2 1
1 2 6 8 0 1 17 15 7 13 2 6 12
6 9 3 18 8 6 2 8 1 7 1 6 7
4 0 7 12 2 1 6 2 5 5 14 4 10
2 7 1 5 2 4 2 6 0 1 14 0 8
0 2 2 10 1 1 2 3 2 4 4 4 0
10 13 8 6 7 7 1 18 6 3 11 1 17
12 2 12 12 13 6 16 1 0 18 7 2 6
14 13 8 12 8 14 4 2 12 0 18 8 5
8 6 6 4 16 15 8 8 6 8 7 1 4
2 3 2 15 1 4 0 6 1 3 0 10 9
9 12 4 1 26 1 7 14 1 12 5 6 7
0 2 3 10 4 3 10 2 6 7 1 1 5
2 3 1 10 1 10 5 0 6 12 2 3 6
21 5 1 6 12 9 3 1 21 6 10 10 1
1 0 8 5 4 5 2 0 7 0 3 0 3
3 4 2 4 2 4 0 1 7 4 8 2 4
6 2 4 2 5 5 6 23 7 6 8 3 5
2 7
2 65
3 6
3 17
3 48
4 27
4 74
4 95
6 9
6 26
6 34
7 10
7 26
7 106
7 107
8 46
8 67
8 93
9 46
9 68
10 28
10 56
10 65
11 28
11 104
12 57
14 22
14 53
14 89
14 103
15 18
15 38
16 107
17 94
18 24
18 51
18 62
20 37
21 65
21 68
22 44
23 89
24 84
24 111
25 29
25 35
25 47
25 60
27 53
28 57
28 91
28 114
28 119
29 40
30 124
31 58
31 82
31 94
32 41
32 115
32 127
33 79
33 112
34 36
34 49
35 124
35 128
36 41
36 106
37 109
37 129
39 52
39 97
39 108
40 132
41 105
41 140
42 80
42 137
43 52
43 120
45 53
45 97
45 100
46 145
47 83
48 91
48 120
48 121
49 61
49 121
50 63
50 121
51 103
52 55
52 69
53 65
53 142
54 69
54 92
54 101
55 92
55 103
55 155
56 107
56 120
56 122
56 146
57 98
57 119
58 151
59 127
59 134
59 140
59 158
60 113
61 117
62 98
63 100
63 117
64 100
64 114
65 76
66 111
67 89
67 139
68 119
68 159
71 151
72 133
72 153
73 105
73 159
74 173
77 102
78 102
79 106
80 104
81 98
81 177
83 96
84 110
84 120
84 144
84 179
85 159
85 185
86 105
87 107
87 148
87 150
87 177
88 157
88 165
88 174
90 109
91 94
91 107
93 97
93 114
93 133
94 129
94 133
94 149
94 163
95 186
97 117
97 154
98 183
99 125
99 163
100 191
101 109
101 133
101 157
102 158
104 126
104 166
104 184
104 196
105 125
106 202
107 119
107 125
107 140
107 152
107 160
108 198
110 121
110 166
111 115
111 131
112 163
113 205
114 115
116 216
117 134
117 177
117 200
117 216
118 127
118 148
119 128
119 174
121 143
123 165
123 222
124 139
125 169
126 154
126 186
126 218
127 149
128 132
128 165
129 207
130 157
130 167
131 137
131 150
131 176
132 181
133 191
134 206
135 169
135 197
135 210
137 191
137 235
138 164
139 155
139 209
139 236
140 197
140 217
141 167
142 152
143 214
144 196
145 180
145 210
146 228
147 212
147 214
147 223
147 235
148 219
150 221
150 229
151 176
151 188
152 198
153 247
154 208
155 165
155 236
155 249
156 166
156 226
156 237
157 160
157 242
158 171
158 176
158 180
160 177
160 212
160 216
160 257
161 168
161 197
163 246
164 242
167 169
167 199
168 198
169 179
169 237
169 266
171 212
172 260
173 252
173 256
174 203
174 260
175 185
175 217
176 223
177 205
177 227
177 235
178 263
179 200
179 234
180 229
180 237
181 212
181 254
181 278
181 281
182 187
182 217
182 272
185 212
187 196
188 191
188 215
188 237
188 240
189 285
191 235
192 215
192 235
193 259
194 200
194 266
195 290
196 215
196 262
197 256
197 278
198 202
198 220
199 218
199 225
199 275
200 244
203 217
203 280
204 222
205 266
206 246
206 278
206 285
207 213
208 242
208 270
209 219
209 222
209 266
210 305
211 257
211 276
211 310
212 308
213 221
213 226
215 238
216 242
216 271
217 238
217 281
217 294
218 221
219 318
220 304
221 278
222 244
223 310
223 318
223 322
224 260
224 276
225 308
226 319
227 229
227 236
227 282
227 313
228 274
228 306
228 323
229 232
229 317
232 233
232 323
233 237
233 258
233 309
234 314
234 324
235 333
237 250
237 255
237 270
237 305
237 323
237 334
239 272
239 282
239 309
241 309
241 326
241 334
243 267
243 269
243 297
244 290
244 292
244 300
245 272
246 249
246 250
247 311
247 333
248 264
248 302
249 308
249 314
250 287
251 255
251 282
251 289
251 342
252 260
252 265
252 285
252 295
252 302
252 311
253 270
253 289
253 295
253 321
253 326
253 340
254 274
254 279
255 289
255 344
256 269
256 333
256 339
257 345
258 264
258 283
258 294
258 341
259 264
259 340
261 336
262 270
262 285
262 287
262 292
262 299
263 334
264 287
264 305
265 318
266 282
266 292
267 292
267 304
269 288
269 307
269 349
270 333
271 312
272 312
273 346
274 286
274 312
274 320
276 303
276 353
277 286
277 304
277 314
277 360
278 323
278 374
279 292
279 302
280 289
280 304
281 296
281 311
281 314
282 347
282 365
282 373
283 344
284 337
284 350
285 364
286 302
286 313
288 305
289 294
289 309
289 353
289 369
291 389
292 306
292 369
292 384
293 299
293 327
293 353
294 369
296 332
296 348
298 317
298 329
299 315
299 371
299 387
300 338
300 342
302 343
303 308
303 350
304 358
304 390
305 338
305 369
305 398
306 312
306 340
306 342
307 341
307 343
307 352
307 358
307 359
307 362
310 336
311 320
311 398
312 324
312 404
312 409
313 400
314 350
314 376
315 397
316 351
316 365
318 358
319 321
320 387
322 337
322 340
322 369
322 408
324 421
325 329
325 360
326 369
326 419
327 341
327 385
327 397
328 362
329 334
329 400
330 366
330 404
331 382
331 412
332 374
333 358
333 401
333 415
334 418
335 336
336 339
336 430
337 362
337 401
338 414
338 423
339 423
341 438
343 433
344 352
344 354
344 417
346 375
346 402
346 409
347 407
347 416
349 406
349 449
350 435
351 358
352 378
352 402
352 432
354 368
354 438
355 370
356 369
356 376
357 362
357 372
357 407
357 427
358 397
358 442
358 451
358 458
359 401
359 429
360 380
360 384
361 384
362 372
362 403
362 412
362 426
363 416
363 451
364 416
365 378
365 387
365 389
366 429
367 380
367 404
367 446
368 374
368 439
368 452
369 422
369 449
369 460
370 376
370 413
370 444
370 449
371 469
371 470
373 387
373 393
373 413
374 379
374 406
375 459
376 443
377 414
377 473
378 446
379 403
380 455
381 390
382 392
382 431
382 468
383 421
383 469
384 428
385 390
385 420
386 397
386 485
387 484
388 426
388 448
389 466
389 479
391 466
392 394
392 434
392 454
393 446
394 421
395 472
396 434
396 492
397 426
399 481
399 499
400 408
400 415
400 433
400 454
400 500
401 442
403 435
403 452
404 425
404 455
404 466
404 486
404 502
405 454
407 412
407 417
407 437
407 449
408 468
409 460
409 484
409 487
409 493
410 484
411 472
412 502
413 439
413 485
413 509
414 450
414 467
414 490
415 416
415 421
415 501
415 506
416 418
416 430
416 440
417 490
417 495
418 458
418 494
418 501
418 509
419 455
419 471
420 492
421 449
422 429
422 501
422 520
423 440
423 450
423 504
424 495
424 501
425 478
425 508
426 429
426 441
427 491
428 494
432 502
432 526
434 457
434 507
435 502
436 494
436 512
437 439
437 477
438 445
438 504
440 483
440 521
440 525
443 455
443 516
445 454
445 475
445 521
446 453
446 538
447 458
448 469
449 496
449 500
452 497
453 467
453 495
453 525
454 534
455 464
456 460
456 500
457 494
457 531
458 495
458 510
459 474
459 487
460 462
460 482
460 495
461 523
461 543
462 526
462 552
462 554
465 478
466 484
466 498
466 543
466 550
466 551
467 551
467 558
467 565
468 557
470 556
470 566
471 533
472 483
473 532
473 565
474 557
475 553
476 526
477 503
478 479
478 523
480 536
480 555
480 568
480 578
481 553
481 564
482 545
482 556
483 496
483 572
483 575
483 576
483 578
485 493
487 489
487 557
487 574
487 581
488 588
490 532
490 560
490 567
492 517
493 494
495 514
495 522
495 566
495 576
495 583
497 509
497 512
498 583
498 592
499 514
499 565
499 567
500 557
501 524
501 528
501 536
501 587
502 549
502 599
503 579
503 581
504 583
504 589
506 528
506 602
507 604
508 555
508 557
508 608
509 569
509 596
513 541
515 519
516 609
517 573
517 574
517 588
518 588
518 614
520 540
520 594
521 522
521 534
521 586
521 594
521 621
522 597
523 525
523 557
523 580
524 624
526 571
526 613
527 568
527 580
527 597
528 555
529 608
529 628
531 626
532 554
532 602
533 598
533 622
533 623
534 577
534 634
535 548
535 570
535 602
537 551
537 561
537 602
537 629
538 562
538 572
538 576
539 575
539 616
539 625
540 573
541 544
541 558
541 580
541 631
542 587
542 595
542 615
542 634
543 602
543 643
544 609
544 639
546 603
546 630
548 611
549 644
550 605
550 611
550 624
551 643
552 580
552 588
552 606
553 574
553 624
554 608
555 586
556 568
556 585
556 586
557 579
557 610
558 590
559 601
560 621
560 622
562 652
563 639
563 640
564 583
564 662
565 652
566 580
566 594
566 614
566 648
567 580
567 595
568 599
569 611
569 622
570 592
570 638
572 657
573 585
573 591
573 614
573 651
573 666
574 588
574 642
575 592
576 626
576 639
576 666
577 619
577 662
578 599
578 612
578 627
580 600
581 676
582 614
583 607
583 654
585 592
585 594
585 614
585 655
586 616
587 643
587 678
588 601
588 632
588 669
589 626
589 686
590 645
591 654
593 612
593 673
593 674
594 638
594 653
594 656
595 598
596 605
597 600
598 608
598 685
600 610
601 603
601 664
604 676
606 679
607 651
607 664
608 687
609 685
610 636
610 663
612 690
613 668
614 647
616 655
616 669
617 655
617 674
617 717
618 642
620 637
620 645
623 693
624 709
625 641
625 644
625 716
626 681
627 639
628 716
629 641
629 698
630 676
630 696
633 706
634 642
635 657
636 682
636 727
637 659
637 704
638 677
638 720
639 647
639 698
642 661
642 667
642 692
645 666
646 678
646 723
647 653
647 688
647 699
647 702
647 744
648 704
648 747
649 661
650 681
650 688
650 704
650 726
650 743
651 658
652 682
652 749
653 655
653 666
653 680
653 681
653 702
653 721
653 727
654 730
655 724
655 746
657 704
657 734
658 672
659 695
659 708
659 721
659 736
661 667
661 701
663 727
663 743
664 707
664 715
664 716
664 752
665 674
665 682
665 755
666 671
666 700
668 681
668 708
668 722
670 674
670 704
670 740
670 766
671 685
671 690
671 766
671 770
672 678
673 759
675 774
676 685
676 739
677 680
677 749
678 759
680 743
680 747
681 769
682 775
682 780
683 702
684 735
685 699
685 740
685 753
686 725
687 718
687 719
688 709
688 742
689 701
689 764
689 788
690 788
691 776
692 695
692 711
693 722
693 742
694 777
695 742
695 776
697 712
697 739
698 724
698 726
698 791
699 712
699 787
700 705
700 726
700 778
702 752
703 711
703 716
704 720
704 741
705 773
706 741
706 761
706 763
706 804
707 744
707 783
708 733
708 742
709 719
710 771
710 794
711 713
711 734
711 741
711 788
711 810
713 806
714 715
714 726
714 740
714 781
715 778
716 814
717 744
718 771
719 732
719 795
720 721
720 723
720 738
720 775
721 794
722 751
722 767
722 815
722 819
723 724
724 735
724 788
724 791
725 784
725 786
725 791
726 802
727 763
727 817
728 801
728 814
729 737
729 825
730 786
733 760
734 782
734 784
735 742
735 746
737 782
738 762
738 791
739 748
739 769
741 746
741 812
741 821
741 827
742 833
743 754
743 788
744 749
746 799
746 816
746 846
747 843
748 754
748 831
749 760
750 846
751 821
751 827
751 836
752 763
752 805
753 838
754 807
755 816
756 828
756 844
757 787
757 808
757 824
758 814
758 840
759 775
760 776
761 800
762 802
764 801
765 802
766 785
766 821
767 788
767 850
768 799
768 819
769 803
770 840
771 799
771 830
771 838
772 775
772 796
772 834
772 844
772 852
772 861
774 776
774 843
775 822
775 872
776 819
777 820
777 824
777 833
778 840
778 843
779 840
779 872
780 782
781 824
781 826
782 797
782 818
782 835
782 867
782 877
783 802
783 832
784 788
784 807
784 810
784 825
784 832
784 859
785 788
786 827
786 832
786 846
787 789
787 838
787 860
788 797
788 802
788 868
789 798
789 886
790 835
790 865
791 815
791 822
792 825
792 849
792 870
792 871
792 878
793 817
793 822
794 810
794 866
795 826
795 842
795 851
797 806
798 825
799 842
799 860
799 893
800 801
800 881
800 883
801 818
802 809
802 813
802 825
802 868
803 839
804 840
804 851
804 889
805 832
805 866
805 895
805 902
806 852
806 873
806 905
807 854
808 810
808 859
808 896
810 856
810 860
811 818
812 838
812 902
813 867
813 885
814 853
815 853
815 866
816 824
816 861
816 897
817 881
818 871
819 887
819 888
821 843
821 904
821 906
823 839
823 889
825 887
826 844
826 897
827 856
827 909
828 910
829 898
829 909
829 925
830 861
831 891
831 901
833 848
833 900
833 905
833 931
836 837
836 876
836 884
836 924
837 889
837 910
838 845
839 869
839 871
840 844
840 937
842 876
842 906
842 942
843 852
843 875
843 896
843 910
843 919
845 896
845 902
846 849
846 945
847 929
850 853
850 871
850 908
850 942
851 890
851 895
851 900
852 872
852 896
852 922
852 930
853 891
853 928
854 859
855 918
856 878
856 894
856 913
857 913
858 950
859 933
860 891
861 907
862 954
863 949
864 872
864 928
864 963
866 909
866 939
866 941
867 935
867 944
867 958
868 897
868 937
869 876
869 898
870 933
872 877
873 890
873 957
873 973
875 894
875 895
875 899
876 888
876 952
878 926
878 962
879 880
879 881
881 884
881 913
882 953
883 914
883 971
884 958
884 962
885 917
886 945
888 895
888 912
888 934
889 944
890 920
890 979
890 984
891 929
891 932
891 936
891 960
891 975
892 924
892 927
892 967
893 930
893 952
894 964
895 912
895 940
895 968
895 975
896 913
897 955
898 931
898 986
900 953
900 955
900 961
901 920
901 949
901 999
902 960
903 928
903 938
903 981
904 923
904 933
904 973
904 990
905 976
905 989
905 994
906 915
906 916
907 943
908 970
910 915
910 995
911 935
911 994
912 957
914 954
915 919
915 998
916 917
916 929
916 980
917 978
919 987
920 976
921 945
922 956
922 957
922 980
925 941
926 983
928 973
932 971
933 958
933 987
934 952
937 955
937 982
938 961
938 962
939 972
944 994
946 979
947 977
949 989
950 964
951 981
958 975
959 963
959 979
961 969
962 990
963 990
967 974
969 970
970 996
975 991
977 990
979 993
979 996
982 987
983 994
985 994
989 992
990 996
992 1000
996 998
9 15 13 1 9 3 4 7 6 1 22 10 1
13 5 5 15 1 3 13 3 9 5 5 2 10
2 18 10 2 26 13 6 2 9 4 7 5 9
6 9 0 14 7 7 1 2 8 6 5 2 1
0 11 1 6 4 27 5 10 7 10 3 17 17
0 2 6 9 12 0 6 2 11 1 2 10 5
10 17 4 9 10 7 14 12 4 26 2 33 10
3 21 8 2 35 8 9 1 15 13 4 15 9
3 13 6 3 3 10 1 22 2 2 4 9 3
4 14 13 9 5 22 8 7 21 14 4 7 11
0 8 10 27 15 3 18 6 6 12 11 20 13
9 5 20 26 12 18 12 6 11 5 11 9 10
10 3 3 4 0 7 1 4 4 7 2 6 12
15 18 2 1 4 13 10 2 10 1 9 4 6
15 6 19 22 9 15 8 10 15 2 1 0 4
7 13 14 4 4 15 22 7 7 6 0 3 19
5 6 8 9 4 2 6 4 10 4 6 6 2
14 20 17 7 7 6 4 14 16 5 17 11 6
2 11 24 14 2 6 9 1 1 2 20 4 6
7 10 6 5 2 5 3 8 8 6 6 15 3
3 8 2 12 3 8 1 3 6 1 1 1 10 8 4 3 6 1 12 3
14 15 11 13 6 27 8 13 19 4 7 7 28 15 14 9 11 3 19 6
16 16 14 20 19 21 7 12 29 12 11 1 26 18 14 19 15 8 25 17
19 5 13 25 17 29 6 13 29 9 11 3 15 6 13 9 19 8 21 19
13 10 16 19 17 26 8 15 16 12 19 7 10 7 12 16 16 1 21 10
30 40 29 49 23 46 23 32 34 14 21 21 50 42 28 16 39 9 32 36
37 36 40 56 33 52 12 29 49 32 20 22 47 39 35 38 45 23 51 35
41 30 33 38 39 41 30 26 43 11 23 18 56 35 15 32 34 22 31 37
6 7 5 12 7 12 5 2 8 1 6 1 8 5 11 9 6 1 11 2
47 56 48 63 30 67 20 33 48 20 30 23 62 53 33 31 52 25 52 38
22 14 10 10 11 23 7 5 23 1 9 4 18 14 12 14 14 5 23 11
56 48 48 68 36 64 35 42 54 22 45 23 54 42 36 38 58 26 63 49
10 14 12 14 9 18 4 14 6 7 9 6 17 13 9 12 11 1 17 8
18 14 18 23 14 27 6 12 23 4 1 5 20 20 22 19 12 6 12 13
42 37 32 52 23 40 14 14 44 6 20 20 42 41 31 30 39 19 49 34
10 31 17 36 23 32 13 19 19 10 9 7 39 26 18 19 19 1 21 17
23 14 26 25 23 34 10 23 31 16 11 10 31 20 15 4 19 17 30 19
59 53 41 58 32 59 16 36 60 21 38 26 53 51 38 37 55 38 67 51
11 14 5 19 13 20 12 1 14 1 7 4 22 14 17 12 9 1 16 5
1 16 10 13 13 17 2 7 12 8 6 1 18 10 13 14 9 1 21 5
39 49 40 61 44 65 24 30 51 24 29 16 57 40 39 33 50 26 37 42
40 37 46 63 38 56 22 32 53 30 25 21 59 39 37 39 46 17 49 33
10 9 16 25 14 22 2 5 20 8 6 2 19 15 17 13 11 4 22 4
20 17 14 28 10 27 1 11 12 4 11 7 14 23 16 9 19 3 21 9
18 5 15 19 15 20 6 13 25 10 14 6 13 8 12 11 14 4 21 12
15 11 12 12 5 18 7 13 12 5 11 6 14 15 5 7 11 1 19 4
10 4 4 10 4 8 1 2 8 1 1 1 16 5 4 2 3 1 1 5
52 33 54 56 53 58 30 47 58 29 29 16 58 54 22 27 47 22 44 47
38 34 28 45 24 54 12 22 45 12 18 15 38 37 22 10 43 22 38 38
48 36 45 51 36 55 23 30 57 28 26 16 54 33 38 42 44 24 47 38
48 35 37 48 43 56 24 37 52 28 11 2 54 43 27 37 45 34 37 48
51 59 46 62 44 62 23 34 58 29 35 36 64 54 48 55 55 26 63 50
51 54 51 67 53 58 26 37 70 41 32 31 66 54 48 60 56 30 70 48
35 32 30 49 23 33 19 19 34 11 22 16 43 39 21 28 30 8 38 25
19 21 19 31 20 34 7 16 29 12 11 9 28 25 20 18 24 9 29 19
19 17 15 26 17 34 7 10 23 6 12 11 22 20 17 6 19 8 19 13
31 28 22 38 25 34 13 18 37 8 6 8 38 35 24 22 26 14 23 28
12 10 4 13 9 9 1 3 13 3 6 1 13 7 5 5 10 3 8 11
36 27 25 29 23 38 27 30 38 14 21 1 43 24 16 27 27 24 29 31
16 9 13 17 14 23 7 15 22 9 16 2 16 2 7 13 15 1 18 13
18 14 14 20 19 24 3 6 28 11 3 6 27 17 20 13 18 16 22 21
40 54 32 55 30 75 31 36 51 26 38 31 54 34 48 26 59 24 53 46
30 20 17 39 19 37 11 13 32 3 9 1 26 29 20 7 26 13 19 25
16 9 8 9 8 17 1 8 9 1 8 1 10 13 9 8 7 1 5 6
19 41 21 38 16 42 7 15 23 11 13 18 44 30 33 26 32 4 30 20
39 43 39 54 36 53 23 23 44 21 36 32 50 37 38 39 46 15 51 29
16 27 11 39 16 29 11 15 25 9 5 5 29 29 18 14 24 8 25 23
14 7 9 17 4 15 1 7 12 1 2 1 13 14 12 9 5 2 9 5
10 4 2 10 5 11 1 1 8 1 5 1 9 4 5 3 5 3 5 6
7 11 6 17 4 15 3 7 7 1 1 3 17 8 9 6 7 2 8 6
3 3 1 9 1 7 1 2 5 1 1 1 6 1 2 1 3 1 6 3
19 19 11 30 12 32 12 14 17 3 5 4 17 25 19 7 19 7 16 15
42 35 37 33 28 42 13 29 45 20 11 13 47 47 16 35 38 27 41 38
9 18 8 16 24 23 13 5 22 7 13 4 29 12 10 17 13 1 22 11
30 21 24 32 20 39 12 16 34 9 24 11 33 20 10 14 27 7 36 22
27 30 22 46 27 34 14 23 39 15 10 7 38 39 20 17 31 16 33 33
52 57 52 71 59 65 28 42 68 40 33 33 74 63 44 58 56 31 69 55
23 37 24 41 30 41 5 13 36 24 13 16 50 29 36 30 35 16 36 25
30 23 24 43 20 33 15 23 23 14 15 16 32 31 21 14 29 16 31 28
54 48 37 51 22 55 17 34 48 15 27 22 46 49 36 32 52 36 51 47
55 43 44 61 30 58 18 31 62 33 27 24 48 42 40 33 58 34 61 46
33 17 27 29 20 27 2 20 37 11 2 7 33 32 16 14 27 19 27 28
17 7 11 19 14 22 6 4 19 4 3 6 20 15 17 11 10 11 10 11
28 27 12 38 18 36 25 21 29 7 18 1 29 23 22 16 27 16 25 25
53 40 57 74 48 62 31 45 63 37 28 27 64 50 42 39 53 23 60 48
49 35 45 53 50 65 34 42 70 33 31 23 64 37 35 41 53 25 49 56
2 5 7 11 8 16 1 5 7 1 3 1 11 10 6 1 2 1 12 1
39 43 46 59 48 53 19 40 49 34 24 23 66 48 36 33 47 22 52 43
3 6 6 10 9 20 2 9 7 3 5 1 9 2 5 4 7 1 9 2
33 25 36 42 41 52 23 37 42 23 22 15 47 31 21 31 32 15 26 30
5 14 7 16 12 22 10 10 14 8 5 3 21 6 16 13 10 1 1 9
6 13 7 12 9 12 5 7 8 4 5 1 12 10 12 12 7 1 15 7
49 51 40 61 42 74 33 33 58 20 35 25 58 48 39 27 56 33 39 51
35 36 21 46 31 28 19 15 39 16 18 12 44 43 21 32 33 14 44 33
7 8 7 13 4 13 1 7 8 1 5 1 8 9 4 1 5 1 17 1
3 4 2 6 3 10 1 1 9 1 1 1 8 9 4 1 2 1 13 1
11 4 3 8 7 8 7 2 12 1 1 1 12 11 8 4 3 1 11 2
31 16 26 28 16 24 13 18 31 14 4 6 26 33 21 22 25 17 25 22
23 22 30 33 28 35 11 28 33 20 16 7 31 25 20 31 29 6 33 24
9 6 5 17 6 10 4 6 10 1 1 1 10 8 8 6 8 4 10 8
47 43 52 68 55 71 33 50 71 39 37 34 71 38 48 39 59 23 53 59
28 25 17 39 31 39 8 14 41 23 11 12 39 27 24 14 36 23 39 33
22 21 23 38 30 43 13 25 31 12 18 4 30 23 12 2 29 16 29 26
9 17 18 15 16 27 9 19 14 7 6 1 21 16 17 20 12 1 6 10
45 40 46 57 45 65 36 50 53 29 25 17 59 54 29 34 49 21 28 49
27 53 29 50 47 52 32 27 55 34 26 32 64 46 53 49 45 20 38 44
19 12 8 22 18 29 11 10 19 6 13 1 14 16 16 8 15 6 17 12
5 1 8 8 11 12 1 8 9 6 10 1 3 4 4 5 5 1 11 3
55 50 41 64 46 61 32 36 68 34 25 28 60 68 43 37 56 41 57 57
15 30 19 23 13 29 8 20 16 13 7 8 32 25 20 25 21 2 22 14
36 52 56 59 56 63 45 53 57 35 48 36 67 51 40 54 49 17 50 47
10 1 6 4 1 9 4 5 11 1 1 1 8 10 6 4 1 1 13 1
28 18 30 29 22 38 11 24 31 16 22 16 19 22 14 18 28 11 35 18
24 23 26 27 14 22 2 16 26 13 8 8 28 27 17 22 19 12 24 15
16 13 10 18 11 29 7 13 16 6 10 3 16 9 16 11 14 3 9 10
44 59 43 59 45 60 37 47 42 31 31 16 74 58 26 44 54 26 47 50
60 62 53 63 31 69 15 33 52 28 39 39 61 53 47 48 60 32 71 42
27 15 14 31 11 28 1 13 24 3 6 1 25 19 13 5 24 13 21 23
21 28 23 41 37 42 21 26 38 16 13 13 52 27 28 21 30 10 10 35
9 11 5 12 7 15 4 5 8 1 8 4 12 6 8 6 7 1 11 4
45 56 52 63 60 70 45 47 69 35 42 30 69 53 35 51 57 16 57 51
16 22 14 23 16 34 1 10 18 7 14 6 27 12 16 6 21 10 20 17
54 45 31 52 35 49 26 20 60 25 12 17 59 55 38 37 51 35 46 47
13 20 10 15 9 26 7 7 17 5 4 12 24 15 24 14 15 6 13 11
17 8 11 15 8 21 2 7 21 1 3 3 15 13 15 10 10 4 15 10
60 50 56 71 55 69 24 39 73 23 37 28 69 61 32 45 60 26 65 60
11 7 9 17 8 14 1 3 13 1 3 2 8 14 13 7 6 5 14 5
31 17 28 32 28 32 8 20 41 11 6 5 41 34 18 18 24 18 32 27
4 9 2 10 2 13 2 1 2 1 1 3 10 4 15 9 8 1 4 1
48 66 44 71 48 75 24 36 49 32 30 33 75 51 54 35 65 33 60 54
32 38 37 55 34 48 20 36 51 28 17 13 51 42 34 30 43 20 43 41
42 31 30 43 29 33 30 25 48 11 24 20 43 39 32 32 31 20 41 38
27 16 17 34 25 28 12 14 33 7 9 2 35 23 12 9 21 11 25 24
26 18 23 29 24 32 16 17 35 7 18 2 31 14 13 19 21 2 25 20
62 56 50 67 39 70 23 33 68 24 37 32 64 54 50 32 64 40 69 57
11 7 7 14 10 20 1 7 10 1 8 5 10 10 7 1 9 1 12 5
34 38 35 48 35 45 29 38 26 24 30 23 45 46 24 26 36 15 34 33
35 33 20 48 36 42 23 16 47 7 24 16 53 31 30 22 32 12 29 40
4 7 4 5 11 16 1 6 6 3 7 1 7 4 5 5 5 1 9 2
36 40 31 50 52 51 37 29 56 28 31 22 57 37 24 40 41 13 51 40
1 7 4 8 3 12 1 4 1 1 3 1 9 4 2 3 5 1 9 1
4 3 1 8 11 9 6 3 3 1 2 1 9 8 6 5 1 1 2 1
10 3 2 9 3 12 2 1 8 1 4 1 7 5 8 4 6 2 5 3
14 26 10 25 15 27 5 10 14 6 14 8 26 17 13 10 22 6 19 15
42 34 33 35 21 40 18 25 36 12 11 7 43 43 20 32 37 22 41 30
11 26 16 21 18 28 12 14 19 14 10 8 28 18 28 22 19 1 16 13
39 41 29 46 14 51 13 22 34 11 13 16 36 43 34 19 41 20 36 26
25 34 9 33 21 37 10 6 31 14 13 18 39 25 26 20 35 17 32 28
23 6 22 28 24 32 9 20 32 15 13 5 18 11 18 14 20 8 21 18
29 41 31 41 39 45 29 30 44 22 22 12 50 49 21 29 34 17 32 32
14 22 23 29 23 28 13 22 24 5 12 1 27 31 11 13 16 1 21 14
2 10 5 11 16 23 10 7 13 6 6 1 19 5 13 8 6 1 11 2
12 27 21 27 28 34 16 24 29 18 15 10 35 22 24 26 23 1 14 21
22 15 14 16 7 24 7 8 21 1 8 9 18 19 17 12 14 9 21 10
34 34 34 31 29 46 22 33 39 20 23 11 46 35 25 35 30 9 36 31
16 20 18 22 20 35 7 17 19 1 10 10 29 28 12 7 19 4 16 14
36 52 41 56 44 58 26 41 46 39 34 26 62 39 37 48 53 14 51 44
49 59 49 71 54 64 32 34 58 41 44 33 74 48 37 51 61 25 67 49
31 40 30 45 36 45 28 32 48 25 19 7 53 41 32 40 43 18 35 41
44 57 46 76 53 66 42 41 75 38 18 24 69 62 56 37 62 34 47 63
27 35 22 47 20 45 23 21 39 12 13 14 44 35 38 13 31 14 36 26
51 53 45 54 27 60 18 30 48 29 22 28 66 48 46 43 53 25 55 38
26 22 26 38 24 37 14 21 31 11 23 12 31 27 19 19 26 2 37 17
21 22 16 24 28 23 14 16 30 7 13 1 34 27 2 13 20 11 13 28
10 20 11 19 11 26 6 5 12 6 5 7 20 13 26 16 15 2 13 6
9 19 14 24 16 18 9 13 16 7 13 6 23 18 9 11 11 1 27 8
19 26 21 35 26 36 17 21 31 11 10 8 30 29 25 17 24 8 24 21
13 2 5 10 1 8 1 3 12 1 1 1 5 9 7 1 5 1 7 3
7 7 1 8 3 13 3 2 4 1 4 1 9 3 9 6 5 1 4 2
21 18 14 21 17 20 4 9 27 9 2 1 27 26 22 23 17 8 20 17
16 16 15 16 6 17 9 8 21 6 4 7 20 20 24 19 11 7 22 6
45 50 58 63 47 74 25 47 63 39 28 23 66 58 48 51 64 27 44 54
42 29 28 45 17 44 14 17 38 18 11 16 33 31 42 16 41 30 35 34
4 7 1 8 7 10 4 2 9 1 1 1 13 12 3 1 1 1 10 3
7 5 8 5 7 7 1 8 12 1 2 1 14 9 6 10 1 1 8 7
23 17 13 20 6 22 3 5 29 1 1 8 26 20 18 15 16 7 24 16
25 29 23 39 29 41 19 14 38 8 14 8 40 30 22 18 25 12 24 26
12 15 9 14 22 15 9 11 20 12 2 1 24 19 14 21 12 5 12 16
63 39 49 66 44 75 30 45 70 28 30 26 57 50 43 25 57 43 57 57
1 1 1 4 2 9 1 1 4 1 1 1 6 1 3 2 1 1 4 1
47 35 44 32 33 55 24 31 44 13 26 26 52 46 26 42 38 21 43 33
52 33 46 56 32 46 18 30 55 21 16 19 49 49 42 24 42 30 52 37
38 39 33 38 40 41 27 36 33 24 25 14 52 51 14 31 39 18 37 39
36 50 29 54 30 57 12 19 40 18 32 24 50 38 35 25 48 13 50 36
16 25 26 33 25 31 17 26 26 9 9 4 33 36 20 22 18 4 17 17
23 21 13 24 7 31 8 16 11 5 18 6 18 16 14 11 21 7 22 13
51 45 45 56 37 57 19 29 59 20 29 29 54 52 36 42 52 22 64 47
38 22 35 32 29 47 13 27 37 14 12 11 44 35 18 22 32 21 25 27
34 27 18 34 23 46 14 12 38 6 19 12 39 18 24 16 32 22 32 29
12 11 11 12 7 20 1 4 13 3 8 6 6 12 15 9 9 6 16 5
34 44 31 44 26 45 17 17 41 11 19 21 53 39 38 36 37 11 42 27
3 4 4 13 10 15 4 5 5 1 5 1 11 5 7 5 3 1 5 1
11 4 1 9 3 14 1 1 6 1 2 1 10 4 2 1 5 1 3 3
11 12 2 9 5 15 4 4 5 1 7 1 11 6 6 6 10 3 11 8
28 34 23 33 33 38 22 22 33 11 24 8 43 36 9 26 27 2 37 27
63 56 41 54 42 54 32 34 50 37 34 37 62 62 41 51 58 39 64 54
17 16 20 21 17 24 5 17 23 12 12 1 20 14 18 22 18 1 16 14
42 43 39 65 44 51 18 20 62 26 22 21 57 47 36 39 49 26 62 44
53 54 48 73 39 83 33 44 66 29 42 30 64 38 51 36 68 29 61 54
11 10 10 23 18 26 15 11 25 10 5 3 28 7 18 14 13 3 9 14
41 49 32 54 32 52 5 16 50 31 19 29 55 39 51 36 54 31 50 40
29 50 22 46 42 50 26 25 45 19 29 11 61 39 28 32 39 13 32 40
13 32 28 35 28 34 14 23 29 22 19 7 39 25 19 33 26 1 40 20
9 5 6 15 5 18 1 5 12 1 2 1 10 10 11 2 8 1 13 5
11 5 1 17 3 11 1 1 7 1 1 1 9 6 7 1 8 1 1 6
29 25 23 41 23 42 14 23 32 7 17 3 30 33 9 4 29 9 20 28
35 30 22 38 27 30 11 18 33 19 12 7 38 27 25 18 34 24 31 34
29 17 14 34 16 35 13 18 30 6 25 3 23 15 9 8 26 13 35 21
43 60 55 71 54 70 32 45 66 30 26 34 82 62 57 42 55 29 49 53
39 41 18 43 29 45 26 14 46 15 26 17 46 29 27 26 43 23 49 41
35 52 26 56 30 51 34 23 50 24 19 17 57 41 42 36 48 18 42 39
62 58 51 72 34 73 36 53 62 27 29 23 73 59 52 39 65 41 55 60
44 39 31 56 46 65 27 25 61 21 32 21 57 34 38 27 48 16 47 46
13 2 3 9 1 7 1 3 10 1 1 1 7 7 4 1 5 1 5 4
24 19 13 36 10 28 12 14 25 6 10 8 22 25 19 6 21 12 25 17
34 24 29 34 24 44 11 24 35 18 18 14 33 24 21 5 33 22 37 27
24 32 11 42 19 40 17 10 33 4 12 6 41 27 28 15 29 7 27 24
53 60 45 74 44 66 40 39 69 38 27 24 66 60 57 39 63 38 57 59
66 60 45 63 42 76 20 40 64 26 43 36 79 51 46 45 68 40 64 63
36 32 27 34 27 43 8 17 42 10 13 14 51 35 27 25 34 22 36 32
17 26 16 30 17 35 10 10 26 14 15 7 32 16 23 21 25 5 32 10
8 14 7 14 7 18 5 5 15 3 2 3 16 12 19 14 8 4 14 8
9 6 4 9 5 12 5 4 6 1 1 1 12 6 8 7 6 1 6 6
6 1 1 9 8 11 2 1 4 1 1 1 5 10 3 1 1 1 3 1
12 13 10 22 18 29 5 10 22 9 11 2 19 6 16 14 15 1 15 12
25 10 18 34 24 25 12 18 31 4 6 1 28 26 15 11 18 14 12 26
26 36 29 39 37 44 33 32 43 23 27 19 53 32 29 35 31 15 24 35
27 23 27 27 26 36 15 27 26 14 11 8 41 33 8 24 26 12 20 24
35 46 30 50 40 63 28 21 56 25 25 31 54 40 50 32 49 17 44 44
8 1 4 11 5 7 1 3 8 1 3 1 5 4 4 2 1 1 1 2
47 46 39 54 29 52 20 27 56 26 29 20 51 40 35 41 50 27 63 38
9 20 12 26 16 23 7 13 21 12 2 2 32 12 13 16 19 5 14 19
44 35 33 44 21 38 17 18 40 12 18 15 41 43 31 34 35 16 45 28
30 23 21 35 16 38 6 13 26 6 10 15 20 31 34 21 28 19 28 21
10 17 11 24 14 23 8 7 14 7 7 2 19 19 20 15 11 1 16 5
42 62 40 69 52 70 31 34 59 47 38 36 68 50 52 53 65 22 59 48
20 19 8 23 13 27 15 12 23 7 11 1 26 10 17 12 17 12 20 18
21 25 14 30 32 44 18 12 34 15 31 17 39 13 26 22 27 3 32 21
47 41 29 51 41 57 27 24 50 18 32 19 63 28 38 33 44 20 40 43
47 50 55 68 41 67 21 41 65 27 24 30 59 61 49 43 53 28 57 44
4 5 3 8 16 21 10 5 12 4 10 1 14 4 4 6 5 1 10 1
52 33 38 46 49 60 24 37 57 32 22 11 60 42 26 32 52 36 41 50
13 2 5 16 9 14 4 4 11 1 4 1 11 11 11 5 6 2 7 6
11 1 3 11 8 9 3 3 6 1 3 1 6 9 8 4 5 1 5 4
31 35 21 42 23 38 16 13 42 12 14 14 42 35 34 28 34 18 47 29
4 6 3 13 7 6 3 1 5 1 3 1 6 8 8 6 3 1 7 1
18 22 4 29 16 28 1 1 25 7 13 15 29 11 25 12 23 8 20 23
14 11 15 17 7 21 1 15 9 7 10 8 14 19 9 9 11 1 16 7
12 21 17 23 20 39 13 15 21 3 12 6 25 24 12 7 19 3 20 10
4 13 5 23 14 23 13 11 15 1 1 1 22 14 8 5 12 1 7 9
16 16 17 29 31 35 16 17 30 11 13 2 30 19 14 8 19 9 15 19
9 6 5 14 8 12 6 7 11 1 3 1 14 10 7 6 4 2 7 4
6 8 6 17 7 8 1 6 8 1 3 1 11 8 4 2 5 1 10 6
49 58 48 77 48 71 36 38 73 43 29 24 63 53 50 43 67 33 62 57
18 13 16 18 10 17 8 13 15 5 15 7 21 18 6 12 10 1 25 9
16 14 11 16 16 12 3 10 22 7 5 1 22 19 12 19 10 7 16 16
5 5 4 8 8 8 1 4 11 1 3 1 11 6 3 6 4 1 11 6
33 49 29 49 21 53 28 27 33 17 22 15 50 39 32 30 40 16 44 28
11 15 5 16 19 24 12 8 14 5 11 1 17 12 9 8 11 3 11 11
18 16 18 15 20 29 14 22 26 11 15 1 26 12 12 18 17 6 20 17
24 33 14 37 27 29 20 12 36 17 8 13 39 39 27 26 24 18 37 25
6 12 5 19 17 15 11 7 11 6 5 1 15 8 15 12 7 1 7 8
29 25 26 34 28 33 10 20 39 13 19 7 37 31 14 21 25 12 39 22
6 2 2 3 1 4 1 1 7 1 1 1 2 7 6 1 1 1 8 1
10 14 18 25 20 34 6 18 15 8 15 5 18 21 8 9 17 1 20 9
39 56 41 63 51 73 39 46 57 30 40 16 74 45 32 31 55 15 40 50
36 31 28 35 29 36 31 29 36 10 24 1 43 34 10 25 30 20 32 31
8 6 5 5 1 10 1 1 9 1 1 4 5 8 9 5 5 4 11 4
15 10 16 12 17 35 7 17 15 11 18 8 14 8 8 12 16 1 19 9
14 14 3 21 17 20 11 6 26 11 1 1 23 17 19 16 19 7 21 18
26 40 22 44 42 52 25 24 44 24 27 16 51 37 20 25 40 15 42 35
5 4 3 19 3 8 1 4 6 1 1 1 8 8 5 1 7 1 7 4
24 23 9 30 19 35 13 7 33 7 18 15 35 16 25 13 27 11 30 27
12 18 13 19 16 9 8 10 26 10 4 2 31 20 16 24 10 7 20 15
12 11 1 19 4 22 3 3 8 1 6 1 12 5 12 5 12 4 10 10
24 19 14 25 25 31 14 6 33 6 13 6 33 20 16 13 20 14 26 23
48 51 27 51 38 49 34 27 54 23 31 15 59 50 38 42 44 37 52 46
10 4 1 10 6 11 4 1 10 1 4 4 8 8 8 5 5 1 9 4
34 34 39 50 35 47 30 30 50 28 25 20 46 32 37 38 40 11 44 34
13 12 9 6 7 27 7 10 14 2 6 3 18 12 12 8 9 1 15 3
15 33 18 32 30 47 23 19 31 24 26 26 40 20 37 29 33 5 17 26
15 13 10 25 11 20 7 10 16 1 1 1 18 23 12 8 9 2 10 8
12 19 8 15 6 17 1 8 8 4 8 3 12 15 10 10 15 1 16 9
34 30 21 39 18 44 21 24 29 11 16 12 32 36 23 14 33 10 34 26
13 8 6 5 7 17 5 6 8 3 7 1 10 9 11 8 6 1 8 4
37 40 23 45 41 41 34 18 49 11 24 12 53 40 21 29 36 18 40 39
14 34 21 42 27 44 9 23 28 19 19 14 40 25 30 24 33 2 30 26
38 55 12 52 38 49 37 19 48 23 31 20 66 33 36 37 45 24 44 45
8 2 2 5 3 10 1 4 6 1 1 1 10 3 4 5 3 1 2 3
18 28 14 18 10 23 5 3 23 14 5 9 27 26 24 22 22 9 29 10
18 5 8 16 9 14 8 8 18 1 6 3 16 14 7 7 6 1 15 7
35 44 40 62 31 59 19 31 47 30 30 29 56 31 44 38 49 15 55 36
5 3 3 10 5 9 4 3 12 1 5 1 9 5 9 5 1 1 13 2
33 36 21 38 20 39 18 28 34 14 18 7 45 32 20 28 33 15 36 30
51 64 46 70 48 53 37 35 49 28 36 26 77 60 32 47 56 25 60 54
17 11 15 16 14 24 7 15 26 3 1 2 29 19 11 13 9 7 17 13
18 21 20 22 16 38 8 23 21 11 16 10 30 18 17 15 20 1 20 11
11 6 4 15 8 15 5 5 10 1 6 1 10 11 10 6 7 1 10 4
27 35 24 30 26 40 9 17 39 18 12 9 39 29 31 33 34 13 31 28
33 23 22 42 33 36 18 13 41 8 17 14 44 26 21 11 28 15 33 32
12 7 16 12 8 17 1 16 9 4 9 4 12 16 4 8 6 1 13 4
25 25 23 32 14 30 6 11 23 17 15 11 28 18 24 19 27 20 25 18
50 38 36 54 50 55 28 26 61 30 31 25 58 41 37 25 50 31 53 48
15 24 23 27 18 19 4 19 22 14 6 5 35 34 12 26 20 8 26 18
4 1 4 9 8 11 1 4 9 1 5 1 7 3 1 1 2 1 8 1
39 27 28 38 34 38 18 21 54 24 18 18 41 34 29 35 35 21 47 37
5 4 6 11 7 8 3 4 10 1 7 1 6 4 6 4 3 1 15 1
25 19 23 23 29 37 17 25 26 12 15 4 31 26 10 18 23 12 17 24
18 27 19 33 24 33 19 25 26 10 11 4 35 29 20 21 19 6 12 22
45 36 21 45 34 45 13 10 51 25 14 20 43 39 39 28 42 33 45 41
37 34 37 55 37 55 16 27 45 21 26 21 54 32 34 29 41 12 49 34
35 58 46 63 46 73 33 47 42 31 41 25 61 49 38 38 55 9 40 44
23 33 23 43 18 42 14 18 32 11 5 10 39 36 35 23 30 7 25 20
11 10 13 19 13 26 1 13 14 6 13 4 14 12 9 5 11 5 17 6
43 45 45 59 39 52 30 33 65 39 23 21 51 46 46 48 52 21 62 41
1 1 1 2 3 11 1 2 1 1 1 1 6 2 3 3 1 1 2 1
10 11 6 14 7 16 1 3 8 2 11 1 7 5 9 6 10 2 10 5
44 59 39 67 46 60 22 31 49 44 32 31 57 54 38 49 61 26 60 46
21 31 23 45 37 31 21 20 43 22 20 6 38 34 19 26 32 6 40 29
1 7 1 6 6 7 4 3 10 4 1 1 15 3 7 9 3 1 6 7
6 8 7 15 10 9 6 8 10 1 4 1 13 13 6 5 1 1 10 6
2 11 9 10 14 21 9 12 12 9 8 1 12 3 14 12 9 1 8 5
12 16 13 31 16 23 5 8 13 3 7 2 23 15 11 7 14 7 13 11
43 32 25 42 33 42 9 16 48 17 13 14 44 36 35 31 39 27 32 40
25 23 14 32 19 34 14 11 28 6 13 6 33 20 20 14 22 12 27 18
23 39 26 41 23 37 18 18 40 24 8 18 48 36 40 34 34 9 27 22
38 33 34 46 20 39 11 23 49 20 3 13 44 46 35 33 37 23 42 30
8 12 9 15 15 28 7 10 18 8 13 8 23 6 16 9 11 4 14 8
13 8 5 4 6 19 6 7 8 4 6 1 10 9 11 8 7 1 8 4
21 19 5 21 22 23 13 3 30 13 11 7 28 17 16 18 22 12 30 22
1 4 1 1 1 8 1 1 1 1 1 1 5 1 2 1 1 1 2 1
8 3 3 6 3 9 2 3 7 1 1 1 11 4 4 4 3 3 3 5
24 23 21 26 8 29 1 16 13 6 14 7 22 26 14 13 20 2 26 12
18 17 10 23 18 21 6 8 25 9 4 3 23 21 17 16 17 10 22 17
12 5 8 15 10 14 1 6 14 4 9 1 10 3 6 1 10 4 7 9
24 29 17 36 8 38 8 14 15 7 17 11 29 22 26 15 31 12 25 17
45 31 39 55 42 54 32 36 62 24 28 14 50 44 33 19 43 26 49 45
17 36 22 40 27 35 14 17 29 15 16 8 37 35 20 17 31 5 24 23
27 17 26 32 26 31 12 24 37 18 16 6 30 20 22 29 25 8 26 26
24 33 16 42 27 41 18 17 36 15 19 2 35 23 26 21 34 12 32 29
24 24 32 30 33 49 19 35 32 19 13 10 40 37 19 25 29 5 21 22
37 26 26 24 28 35 18 18 45 14 7 7 46 37 17 34 28 21 34 32
24 35 26 39 37 37 26 14 44 15 21 11 47 33 27 33 27 7 40 25
21 13 14 20 18 37 5 10 25 8 10 4 24 10 19 7 19 11 19 13
45 51 41 61 32 56 19 21 62 25 19 32 67 42 59 47 52 24 49 44
16 11 13 13 4 19 1 13 6 1 9 1 11 13 3 7 11 1 11 7
45 62 48 70 45 75 19 32 51 33 28 33 71 52 53 40 63 26 56 46
42 35 35 44 29 58 26 32 53 21 26 25 45 36 47 27 43 22 39 36
13 15 15 20 7 18 1 9 10 3 7 7 9 20 15 10 12 5 22 4
24 22 12 28 20 33 8 15 29 9 7 1 32 23 19 18 23 9 18 25
17 26 7 31 21 17 13 5 27 18 5 5 30 21 27 27 23 12 24 23
3 3 2 9 3 9 1 3 6 1 1 2 9 3 2 2 1 2 5 3
18 8 3 8 4 11 8 2 11 1 11 1 10 5 1 4 9 1 14 7
25 13 9 22 7 28 9 11 21 1 15 1 16 13 9 3 19 9 25 13
51 48 45 62 40 70 28 30 64 11 33 27 62 51 37 27 54 23 52 48
12 12 5 8 7 22 5 9 8 2 9 1 11 6 10 8 7 1 12 5
33 27 33 25 21 41 11 19 38 13 17 16 39 32 29 30 32 16 33 21
22 20 15 17 22 22 8 14 25 15 16 4 24 20 9 20 22 12 23 21
46 29 40 42 45 46 29 30 51 17 27 20 57 38 25 34 35 27 36 40
7 6 4 7 3 13 1 1 5 1 1 1 3 10 10 4 3 1 11 1
11 19 13 27 17 24 7 6 16 10 7 1 25 10 19 16 16 5 13 11
45 53 54 61 46 61 35 45 63 34 26 27 67 64 49 56 56 29 44 51
30 49 26 50 35 52 28 25 44 16 24 12 63 37 32 30 40 10 32 35
12 20 15 25 25 37 15 19 21 15 20 7 26 8 15 17 20 5 22 16
12 12 5 16 12 9 8 6 15 4 5 1 18 15 4 8 11 2 19 10
48 34 35 44 39 55 30 40 55 25 32 11 53 38 15 31 49 29 47 48
16 11 20 24 20 29 5 13 25 5 7 4 22 20 14 12 12 8 19 12
15 5 14 15 13 15 4 11 22 3 6 1 21 8 8 9 6 6 13 12
54 39 50 60 56 69 33 39 68 33 32 28 63 40 40 38 52 29 50 51
45 41 41 40 36 43 24 29 52 29 14 16 52 55 29 46 43 30 55 38
31 44 47 58 38 54 24 32 54 31 24 24 56 42 45 42 45 19 47 36
23 36 33 49 26 43 24 26 40 30 16 19 36 36 44 29 38 16 33 27
16 18 14 24 20 23 9 12 28 11 17 1 23 12 13 17 19 7 28 18
19 21 17 19 21 28 4 14 27 13 15 5 19 24 13 14 21 10 30 16
22 1 19 27 22 27 7 16 28 13 15 6 18 8 13 12 20 11 19 20
52 34 42 58 57 56 28 40 67 38 24 19 58 46 37 33 48 32 51 52
13 20 10 30 11 20 8 3 18 8 3 8 22 21 22 14 18 7 18 11
13 13 16 15 9 19 6 5 19 7 10 5 15 16 18 15 10 3 28 3
10 6 2 7 7 13 4 4 4 1 4 1 8 9 9 5 4 1 4 2
35 35 23 35 13 46 14 23 29 1 20 11 45 33 16 13 31 20 27 29
27 32 33 43 30 41 5 24 39 17 19 17 38 37 27 31 31 14 45 25
19 20 11 25 14 32 13 17 16 7 13 1 20 12 14 11 22 8 17 18
24 22 17 37 13 30 9 13 29 8 2 6 27 27 29 15 24 14 27 22
66 64 52 68 31 60 40 45 57 28 47 29 74 61 41 56 62 36 70 58
11 11 13 14 15 22 7 13 21 9 9 1 13 11 16 15 11 1 19 8
27 33 30 51 31 45 21 25 40 20 22 11 37 39 29 22 36 14 24 29
46 50 33 50 29 53 10 26 46 22 27 20 43 44 44 38 50 32 53 41
13 7 2 10 3 14 3 2 9 1 9 1 6 3 6 2 9 2 10 5
53 48 40 58 51 58 39 41 64 23 40 8 60 55 13 36 56 24 52 56
47 55 46 66 48 77 23 37 59 31 34 35 71 48 54 37 62 28 52 53
54 60 46 66 40 69 23 26 66 26 23 40 70 63 60 47 61 31 59 51
28 31 27 27 24 33 2 16 33 13 11 15 36 36 31 33 25 18 34 24
17 13 8 21 13 23 12 12 17 6 4 1 17 15 15 12 16 3 8 14
14 15 6 14 13 20 8 5 11 4 8 5 14 14 16 11 12 5 13 8
10 26 16 26 33 33 20 18 31 19 14 3 37 21 17 24 22 5 31 19
21 13 28 25 24 32 8 27 27 11 13 6 24 31 5 16 18 5 23 16
62 63 51 73 42 70 30 41 57 43 38 35 59 69 49 44 69 35 75 57
12 8 5 15 13 16 10 3 14 1 13 1 17 5 8 10 7 1 14 6
13 17 14 22 19 20 2 11 20 8 7 1 24 16 11 13 15 9 18 15
5 7 7 18 15 14 6 7 11 4 8 1 13 10 9 7 3 4 9 6
25 18 31 34 19 41 1 21 30 14 13 11 30 23 26 15 29 11 30 18
3 14 4 13 4 13 1 5 10 2 1 2 17 10 5 5 8 1 15 6
6 7 1 5 3 12 4 1 7 1 4 1 9 1 5 5 6 1 6 4
40 48 42 61 35 48 14 24 55 32 10 23 57 48 51 43 51 30 50 40
21 16 24 30 23 27 14 20 31 13 21 9 25 17 14 19 16 5 37 16
36 48 54 63 58 65 40 52 70 43 30 21 64 62 43 54 59 22 48 52
40 56 42 60 50 50 36 27 62 32 28 29 72 49 46 55 48 25 55 42
11 11 8 14 1 17 1 4 10 1 1 3 8 12 11 6 11 1 16 1
15 14 12 26 28 21 14 11 32 14 16 1 29 15 11 20 19 6 30 20
53 32 37 55 38 52 28 31 58 19 25 9 49 40 36 28 43 29 47 43
15 11 13 28 12 12 8 7 19 1 8 1 18 18 10 10 10 1 22 8
12 13 9 13 4 15 3 9 9 1 3 3 13 15 12 10 6 1 13 6
54 46 27 60 35 53 26 24 59 22 21 14 51 50 37 22 52 38 49 54
22 6 19 19 20 19 7 17 33 9 12 1 23 14 8 14 16 10 19 21
17 22 17 29 18 21 12 9 27 3 7 2 31 28 16 16 13 5 29 14
19 15 12 22 15 21 12 9 20 2 10 3 27 22 8 13 13 1 25 12
15 15 8 15 6 23 8 11 8 1 12 4 13 13 8 6 14 7 19 8
11 2 6 6 4 11 1 2 10 1 2 1 4 9 3 1 3 1 9 1
19 37 20 41 31 53 17 22 35 20 25 20 40 23 41 26 37 3 26 29
21 25 18 18 18 20 5 13 22 12 13 3 25 26 16 23 20 11 25 19
17 20 19 29 35 27 18 16 40 20 13 3 40 14 20 23 23 13 29 28
38 45 27 52 22 50 17 20 38 17 19 18 51 45 33 27 42 16 47 30
55 46 51 69 42 56 17 33 71 37 14 25 60 62 47 43 56 39 66 50
6 4 3 11 5 6 1 2 8 1 4 1 8 2 6 4 2 1 6 4
24 34 15 41 23 49 14 17 28 10 26 9 35 22 26 16 36 10 38 27
8 7 4 9 10 13 1 3 9 1 7 1 9 8 6 5 6 1 11 5
22 32 28 43 27 35 18 21 38 23 14 10 39 29 30 29 28 10 33 19
18 9 13 18 12 24 7 9 19 6 5 6 16 14 16 11 12 11 12 11
29 50 21 46 25 51 21 21 35 25 21 17 50 34 39 34 48 18 46 34
8 15 8 13 20 22 10 10 16 10 13 1 17 8 12 12 13 3 16 10
61 52 50 64 41 63 23 42 56 37 27 20 73 59 38 46 60 37 62 51
19 9 10 16 12 17 9 9 28 3 8 1 20 10 15 13 6 2 20 10
14 5 4 16 5 16 1 2 15 1 5 1 9 8 8 1 9 1 13 5
15 14 18 24 16 20 6 10 26 11 14 6 18 15 15 15 16 4 30 12
38 37 41 47 41 55 24 40 34 22 27 20 59 47 23 26 37 18 30 39
23 15 16 21 18 32 6 12 31 5 6 10 38 17 24 13 17 12 19 20
9 7 4 9 9 17 6 4 11 1 9 3 15 8 5 5 5 1 14 3
16 17 16 14 12 29 4 6 21 4 10 14 21 16 19 14 14 12 22 13
52 45 43 52 32 68 30 41 47 22 20 24 54 57 39 32 52 27 40 46
43 43 39 56 46 49 29 40 57 27 33 11 55 44 19 35 48 23 47 49
9 12 3 14 5 18 1 3 10 1 5 7 15 8 12 1 12 1 12 8
33 46 24 48 34 57 30 25 48 12 28 7 58 31 30 21 43 21 38 38
28 15 27 31 24 41 8 25 31 16 15 7 27 22 20 13 26 12 26 17
19 12 16 27 13 22 3 9 19 4 7 5 15 20 17 9 12 7 17 10
40 51 40 62 45 64 39 41 56 34 35 18 54 42 35 36 56 19 47 49
1 12 10 20 23 20 14 12 17 6 12 1 20 13 9 7 9 1 7 10
38 41 31 56 50 57 36 26 57 18 30 19 62 38 36 38 44 12 31 47
20 29 24 32 21 42 15 21 25 11 9 12 30 33 25 23 24 7 22 17
44 43 35 45 32 50 22 28 40 25 23 21 54 40 32 38 44 23 47 40
37 37 36 51 26 56 9 23 43 16 16 23 42 36 50 29 42 25 37 34
19 15 26 27 26 37 16 24 26 15 20 12 25 23 11 16 19 5 32 13
18 9 16 21 10 28 6 15 22 8 10 6 15 13 17 7 18 8 16 15
34 46 30 48 48 51 34 29 58 29 14 14 62 50 35 42 44 25 24 50
42 46 51 52 50 68 33 41 70 30 32 30 60 53 46 50 56 26 48 54
39 23 30 36 35 39 27 27 44 8 32 7 44 24 3 24 29 17 36 36
28 48 41 54 42 58 34 34 53 27 33 23 51 37 41 43 52 11 49 42
1 5 1 9 3 3 1 1 4 1 1 1 10 2 3 3 1 1 4 3
28 34 34 46 41 58 33 31 49 20 37 26 47 28 36 35 44 9 37 39
6 12 8 16 12 24 9 9 10 1 8 2 21 16 4 5 7 1 17 4
27 48 44 46 54 61 34 43 56 42 40 34 61 39 47 53 48 16 39 48
12 3 6 14 4 10 1 4 11 1 1 1 11 6 5 2 6 5 7 8
38 40 18 28 28 44 13 11 36 18 23 23 44 31 31 31 41 19 36 37
28 32 17 36 35 35 22 20 43 14 15 13 51 39 23 24 33 15 28 36
11 15 3 17 1 10 3 1 9 1 4 1 12 6 13 8 14 2 16 8
39 53 32 48 34 47 29 26 42 12 38 27 60 41 32 37 44 18 52 39
7 21 10 22 9 13 3 8 7 5 3 3 19 24 9 10 10 1 19 8
37 54 40 53 35 62 30 29 46 22 24 19 54 50 40 38 46 21 35 33
52 67 50 69 45 60 40 42 53 33 45 31 73 55 41 56 59 27 70 47
30 27 28 34 17 28 11 22 18 12 17 13 33 37 22 24 23 8 33 17
25 20 24 31 36 31 17 25 42 17 10 1 42 33 14 24 21 15 28 27
36 46 27 47 25 44 12 9 42 27 16 23 48 45 37 38 43 26 52 31
20 19 22 29 28 31 12 24 28 11 17 5 27 24 9 17 23 4 22 22
26 36 11 37 20 29 21 10 32 8 17 7 43 25 18 17 28 11 34 26
37 34 34 47 42 42 29 22 53 16 17 19 54 38 34 34 35 21 42 40
41 60 29 61 31 57 17 20 49 23 18 23 67 44 46 41 53 22 45 42
19 22 27 34 21 31 6 14 32 15 15 4 35 21 19 21 24 7 40 16
24 20 21 32 32 31 26 24 40 9 16 3 36 26 19 19 21 8 24 28
32 49 31 56 29 63 24 26 41 28 29 24 48 32 47 27 53 19 43 37
6 7 8 16 4 7 1 5 7 1 1 1 10 9 8 6 3 3 7 4
4 5 1 9 3 7 1 1 6 1 3 1 6 3 7 4 1 1 7 2
21 20 11 22 8 28 3 13 12 5 15 4 16 17 7 6 25 8 25 19
10 9 4 8 10 7 7 1 18 1 6 1 18 10 1 9 5 1 17 9
39 35 32 35 25 34 19 17 44 8 17 18 44 42 31 37 34 15 43 32
9 3 7 10 10 23 4 7 15 4 12 1 10 1 6 6 12 1 16 5
8 16 13 18 13 28 6 9 16 4 1 3 20 16 17 14 13 3 15 10
16 7 9 12 9 8 4 9 19 1 4 1 18 13 4 9 7 5 10 12
16 15 9 24 12 23 13 13 18 7 11 5 24 15 13 13 14 1 20 8
59 59 54 75 34 73 27 43 62 29 33 26 66 57 47 45 62 34 65 47
26 21 14 26 16 37 10 8 26 6 9 8 29 14 23 15 22 17 19 20
39 20 27 36 29 40 22 29 41 10 26 3 38 23 12 21 29 17 32 29
42 32 35 48 30 56 21 34 48 27 18 18 42 35 38 14 44 28 42 40
9 8 8 7 5 19 3 10 9 1 1 1 11 11 9 7 6 1 7 1
34 44 31 47 42 62 33 40 45 22 34 15 60 33 31 33 43 23 29 44
27 22 21 34 23 36 12 19 30 14 17 3 26 23 23 23 29 4 31 22
11 13 5 10 10 10 2 6 16 5 7 1 16 12 3 10 11 4 14 12
16 25 18 32 23 42 15 20 25 11 11 10 30 25 24 14 24 4 21 15
26 47 35 57 42 53 24 27 54 29 20 17 61 43 38 37 44 13 46 32
40 46 25 50 28 53 28 13 47 9 21 24 49 35 43 31 44 18 43 39
41 47 30 53 31 50 27 18 49 16 24 17 56 40 32 32 41 23 46 35
38 24 35 34 24 33 9 15 41 9 11 11 39 36 24 29 25 20 34 24
32 32 27 34 21 35 7 14 39 8 12 12 37 37 29 29 30 15 45 26
29 27 13 32 14 30 9 13 24 8 14 5 31 18 18 13 27 16 25 25
56 52 61 71 56 83 39 51 69 36 45 38 70 59 51 58 67 20 59 58
50 36 36 54 43 47 31 39 48 24 26 12 51 42 24 22 44 31 17 49
43 42 47 51 58 58 32 41 67 41 21 22 60 54 40 58 51 30 47 51
7 12 8 17 15 20 8 9 15 6 4 1 20 5 11 11 10 3 6 12
26 32 13 29 8 36 7 12 26 1 18 12 37 19 19 11 25 9 33 21
39 29 19 37 15 44 14 16 38 3 16 11 33 30 27 15 34 22 41 30
12 13 3 17 12 15 3 3 11 2 10 1 15 7 5 5 11 5 11 12
43 31 27 49 31 48 22 25 46 9 23 11 47 31 23 12 37 22 37 39
13 7 8 12 6 11 3 9 11 1 5 1 13 10 5 8 7 1 7 8
52 69 46 69 42 71 39 40 64 31 36 27 75 62 51 54 62 40 65 56
12 15 10 16 20 19 13 14 17 6 1 2 28 18 12 16 8 3 3 14
5 2 1 6 5 7 1 1 3 1 1 1 3 8 5 1 1 1 4 1
47 43 57 72 51 67 30 48 65 38 26 15 64 57 40 44 54 23 40 46
50 51 49 73 44 83 25 42 61 33 34 34 60 48 58 29 65 31 50 53
4 8 4 11 2 5 1 5 4 1 1 1 7 8 2 1 4 1 7 3
11 12 12 21 16 23 1 10 14 4 11 1 19 7 5 1 15 8 16 13
32 39 25 39 30 40 14 14 40 30 18 21 40 41 38 37 39 20 44 26
19 34 20 40 25 24 13 14 29 18 13 9 39 35 19 24 25 11 38 20
21 9 7 18 3 23 1 1 20 1 2 7 12 12 13 5 16 10 13 13
10 9 5 23 4 15 1 6 7 1 1 1 11 16 9 3 9 1 10 5
40 32 34 39 25 39 17 27 29 14 24 19 38 43 25 30 29 15 39 26
58 50 44 61 40 60 33 40 61 34 30 17 61 54 33 47 64 41 58 55
34 21 24 27 22 43 15 26 30 11 12 6 31 31 21 19 29 18 25 27
5 1 1 8 5 11 6 3 10 3 1 1 10 4 7 7 3 1 7 3
64 47 51 55 40 74 39 50 71 28 33 17 58 49 35 49 61 40 65 59
29 27 25 34 13 45 8 22 26 11 25 12 20 21 19 16 33 14 37 21
1 1 5 5 7 10 1 5 2 1 4 1 3 3 2 2 1 1 6 1
47 51 46 74 48 68 27 39 63 40 28 20 61 51 43 40 63 26 62 52
47 46 47 65 50 63 34 38 64 40 35 23 53 49 43 47 54 22 50 42
15 9 12 9 17 21 7 12 15 4 7 5 22 18 12 14 6 5 10 10
39 50 44 59 50 72 29 41 51 34 42 33 62 39 41 44 52 12 41 45
24 29 30 37 40 41 32 31 46 21 12 10 55 38 27 36 26 14 19 34
12 18 10 15 8 15 1 10 12 5 8 2 14 15 6 10 16 2 18 10
35 46 51 60 27 61 29 44 56 39 25 30 51 51 53 40 49 24 44 36
12 9 12 11 12 20 3 11 12 6 15 1 10 8 6 8 11 3 12 8
9 3 2 13 11 13 6 2 7 1 3 1 8 11 6 4 4 1 5 4
24 7 10 14 13 22 9 10 22 4 9 1 16 17 15 12 13 5 14 11
27 28 20 40 36 43 27 24 44 12 23 9 49 27 24 19 27 5 22 31
37 62 56 68 52 69 31 50 57 47 33 25 69 64 41 53 56 19 48 44
8 7 5 7 7 16 4 4 9 1 7 1 10 7 8 6 6 1 11 5
21 9 8 12 4 22 2 2 16 1 5 5 9 12 16 9 15 6 11 9
15 9 7 19 12 26 8 8 15 5 8 6 12 10 19 9 15 8 10 11
49 32 33 36 27 41 24 29 54 28 9 17 44 49 29 28 43 36 40 45
7 1 1 8 1 9 1 2 4 1 1 1 4 5 7 2 2 1 3 1
28 29 27 42 39 37 22 19 47 11 23 9 46 30 14 21 29 8 33 33
6 11 12 20 19 14 7 12 13 7 11 1 11 14 8 7 7 1 13 7
10 10 3 14 4 14 1 2 6 1 2 1 16 11 10 6 5 1 2 2
60 42 51 62 46 60 23 34 69 33 12 29 72 59 52 48 50 41 48 47
20 9 9 23 19 20 10 4 24 1 8 4 34 13 11 9 10 4 10 15
3 16 10 22 16 25 6 10 10 5 8 1 16 13 12 10 9 1 15 3
34 35 34 56 41 57 20 36 44 24 31 25 52 35 32 34 42 11 37 39
1 7 9 12 13 14 1 9 8 5 8 1 7 6 3 7 6 1 16 5
6 13 11 8 10 18 1 11 8 5 11 1 9 9 4 4 11 1 15 6
47 35 45 44 50 60 29 31 63 16 32 19 61 42 16 33 46 18 42 48
17 27 16 30 20 24 10 12 25 17 9 6 27 22 26 26 25 7 23 17
46 45 23 57 33 52 19 25 45 23 21 24 55 35 41 15 53 34 41 50
15 10 11 17 6 23 1 6 16 1 5 7 15 12 12 3 13 6 15 8
4 9 5 11 2 12 1 4 4 1 1 1 7 10 9 3 3 1 11 1
15 20 18 28 21 33 16 21 27 13 11 6 24 23 23 19 24 4 15 21
34 26 29 40 21 36 18 21 35 9 22 14 29 35 21 18 27 9 44 24
37 22 31 44 30 39 15 26 46 15 16 9 32 36 26 18 31 20 30 35
4 4 8 11 7 12 1 8 7 1 5 1 9 5 1 1 3 1 9 3
5 10 8 13 2 7 5 4 7 4 3 2 10 11 13 11 5 1 16 1
24 42 18 47 27 46 11 14 31 13 16 11 51 31 27 15 38 17 36 31
15 7 12 25 20 28 7 11 22 9 3 3 25 13 19 8 10 10 16 12
27 24 22 31 20 35 2 16 23 15 12 9 33 27 18 16 28 13 29 23
34 38 27 42 21 41 7 17 35 17 19 10 29 33 28 27 44 19 48 31
40 37 31 36 40 39 27 20 53 31 14 17 53 51 37 49 36 29 47 35
41 35 29 47 24 44 16 17 42 16 16 17 37 40 39 21 40 28 39 37
16 5 10 9 5 15 1 7 16 1 4 3 10 13 9 6 7 3 11 6
19 15 15 25 16 35 12 18 24 4 6 5 24 24 18 9 17 5 20 13
36 25 33 31 26 44 14 29 33 15 19 11 34 35 21 27 31 13 33 23
4 15 7 11 10 24 1 6 10 5 15 9 16 1 12 4 13 1 12 5
7 22 16 30 18 22 13 16 9 11 8 5 25 21 18 19 14 1 20 9
27 19 30 36 23 34 5 27 25 18 21 12 28 20 14 18 28 7 29 25
19 18 24 29 30 28 12 25 34 18 4 4 41 25 18 23 20 14 18 28
26 34 24 39 19 45 16 18 30 17 25 15 39 24 25 22 33 14 36 17
40 40 23 52 24 56 30 26 41 10 25 12 50 34 25 22 42 15 41 37
10 5 10 17 16 16 1 7 18 6 8 1 15 5 7 1 7 7 14 10
49 57 43 67 47 57 18 30 52 40 24 34 66 59 55 52 57 38 60 50
13 24 23 29 27 36 18 19 30 16 13 13 30 25 29 23 21 8 19 20
30 20 15 31 24 32 11 17 28 8 8 5 40 19 18 12 23 16 13 28
14 4 6 10 4 15 4 4 14 1 4 4 7 10 10 6 8 4 12 5
42 49 32 52 28 43 12 13 47 24 13 23 53 49 38 40 43 28 57 32
27 14 18 30 17 37 4 12 31 3 9 8 22 26 16 8 23 11 20 19
39 34 50 59 51 51 30 44 55 29 28 21 60 42 28 30 39 23 48 41
12 7 10 23 11 18 3 9 17 4 1 1 18 9 15 7 10 5 14 9
24 31 24 45 31 41 14 26 41 14 11 7 42 37 24 20 31 14 30 32
9 17 10 22 19 32 13 11 23 1 11 6 30 18 13 5 12 1 18 8
43 35 28 54 36 42 23 20 59 16 9 9 51 46 37 24 40 26 43 44
9 25 17 37 24 35 13 10 28 10 13 8 36 18 21 15 24 4 18 13
8 8 8 15 2 15 1 8 5 1 6 2 10 9 6 5 7 1 11 3
1 3 1 5 3 8 1 1 3 1 1 1 10 1 5 4 1 1 2 1
13 3 3 14 7 12 4 1 15 1 1 1 8 13 8 1 6 1 12 5
41 40 35 47 37 62 28 36 46 21 29 12 53 36 34 35 48 20 45 36
18 17 10 25 19 16 7 8 28 2 2 1 26 25 11 12 13 6 15 19
39 53 39 60 50 71 26 37 52 32 45 33 60 43 31 35 59 11 51 48
28 20 28 35 28 46 15 31 28 22 27 15 29 22 17 23 30 4 33 20
21 20 18 19 16 27 7 19 24 7 10 5 27 23 16 18 15 7 20 15
47 37 49 51 38 57 22 33 59 28 21 23 54 52 37 45 48 24 57 38
34 43 21 48 40 44 22 11 46 32 28 18 46 41 32 34 42 28 53 37
34 48 33 55 43 56 29 27 53 32 27 16 53 42 32 37 49 15 52 36
44 30 38 44 38 47 26 38 41 24 14 14 61 46 15 28 35 23 36 39
39 61 47 63 57 71 34 38 65 27 39 30 73 56 40 46 59 15 54 52
45 41 31 53 20 66 18 25 48 10 30 16 47 28 45 23 53 32 47 43
30 37 25 49 23 42 17 12 47 15 5 14 41 38 40 25 37 19 37 32
38 38 28 40 27 55 21 27 46 23 34 27 42 29 43 24 43 18 44 37
41 52 33 57 32 49 23 28 43 24 21 17 49 59 35 32 51 18 50 41
28 28 19 39 21 35 13 22 16 16 18 14 34 28 24 22 29 11 27 26
12 4 3 20 8 11 1 1 15 1 4 1 9 5 10 3 10 7 7 11
18 9 15 23 23 20 14 13 27 7 5 1 31 15 15 20 8 7 10 15
17 9 3 10 2 18 4 8 6 1 7 1 10 7 8 7 9 2 7 7
5 6 1 11 2 4 1 1 4 1 1 1 3 5 9 5 3 1 7 2
8 6 7 5 8 8 6 5 12 1 8 1 11 6 1 5 2 1 17 5
45 38 45 47 36 50 17 36 48 23 15 18 50 53 35 45 42 28 42 39
24 13 4 25 10 25 14 5 21 1 14 1 23 8 9 4 17 12 17 15
31 23 28 31 20 47 5 19 34 11 18 18 27 28 28 20 32 18 34 24
14 12 12 19 10 23 5 7 18 3 3 7 18 14 18 12 10 10 14 10
45 37 42 47 44 51 23 31 58 29 31 21 56 39 22 37 44 20 58 42
15 2 9 15 7 12 1 8 14 1 5 1 8 9 7 4 6 4 8 8
5 3 6 4 7 18 1 6 7 3 9 1 2 4 4 1 5 1 11 1
55 51 50 69 61 68 34 46 68 42 33 29 64 55 40 34 62 36 60 57
28 37 26 46 35 41 22 28 41 18 26 3 42 34 20 27 38 11 29 36
16 22 10 25 17 29 11 14 22 10 5 6 27 21 21 16 21 6 21 16
29 15 22 33 18 26 3 15 30 8 2 1 31 27 24 14 21 11 23 20
34 46 34 43 26 57 14 24 36 19 37 26 47 33 35 31 44 11 54 29
9 21 14 25 21 24 11 16 17 5 10 3 24 23 9 9 15 1 16 15
8 9 5 15 7 17 9 9 14 5 3 1 14 5 13 9 10 1 10 6
35 48 29 57 30 63 33 37 44 18 29 13 51 41 33 24 45 15 44 41
12 9 8 19 9 17 4 9 7 3 7 4 11 16 6 3 11 1 12 4
40 32 40 54 36 50 15 23 51 20 17 21 53 37 43 26 39 19 46 31
44 52 39 64 55 68 38 41 68 35 17 15 69 62 41 45 58 31 51 55
31 30 27 41 34 36 18 22 44 20 6 8 57 34 28 29 32 16 28 31
16 20 6 26 12 17 4 7 20 3 3 1 22 21 9 10 15 4 17 16
5 5 3 6 7 15 2 3 6 1 6 1 8 5 5 4 3 1 8 2
53 58 41 55 36 56 12 24 58 37 28 33 54 52 50 49 59 40 68 44
43 30 33 50 34 40 25 30 52 27 22 20 47 41 33 17 39 34 44 43
13 18 12 19 6 22 4 10 7 4 13 5 12 15 11 10 14 4 21 6
40 44 24 51 20 50 15 19 43 15 13 14 46 36 40 26 47 27 42 38
28 27 23 29 20 28 3 11 27 6 12 15 26 33 27 24 22 15 28 20
25 21 21 26 13 35 4 13 16 7 14 15 21 27 16 15 24 9 28 14
31 23 23 33 28 23 5 13 36 16 4 8 35 34 26 22 24 22 29 29
46 60 42 61 44 66 55 46 61 22 46 15 63 51 37 41 52 25 41 52
39 43 41 43 36 51 25 27 45 12 29 21 48 43 33 39 35 15 49 30
58 52 55 63 35 72 22 45 45 36 35 32 62 49 47 32 61 33 62 43
43 32 38 43 25 59 23 37 42 25 30 22 32 33 35 26 42 21 44 32
32 25 28 42 13 42 5 16 34 18 16 11 25 22 26 16 36 19 37 25
22 5 14 14 10 14 7 10 21 2 4 1 16 18 11 14 8 3 16 10
4 3 5 13 7 6 2 6 5 1 1 1 8 11 1 2 1 1 3 1
18 6 8 10 10 14 7 10 16 1 7 1 19 10 4 10 8 8 8 12
11 5 5 15 9 14 7 3 17 4 3 1 16 6 14 9 5 7 10 8
25 17 19 21 23 35 9 18 24 9 19 8 26 19 15 15 21 6 19 18
25 40 16 36 32 34 25 14 40 15 17 12 45 38 23 23 30 12 32 28
17 15 8 22 13 21 5 8 23 7 4 1 18 21 16 12 19 10 26 18
7 5 8 14 17 17 4 9 16 7 9 1 16 9 6 9 7 1 15 8
35 36 38 51 46 41 21 29 51 33 18 15 55 48 24 42 40 22 45 39
56 59 53 71 57 62 35 47 58 52 33 31 75 60 55 57 63 35 64 57
13 23 15 26 14 27 11 14 15 8 6 1 25 23 21 17 15 2 17 9
38 30 23 34 29 32 13 12 49 14 12 15 44 36 29 33 28 23 42 33
19 20 13 33 11 23 9 10 21 7 8 6 21 21 23 11 21 12 22 20
46 56 51 68 57 72 43 45 54 29 43 20 71 52 34 40 52 15 48 49
46 45 46 55 47 70 31 50 48 34 35 26 54 47 33 40 53 17 46 49
24 17 17 22 14 33 9 18 24 6 8 3 17 22 22 13 22 7 21 17
24 36 14 31 24 35 17 11 34 11 14 7 36 24 28 28 30 16 35 27
21 14 18 18 10 25 1 16 15 4 9 6 25 17 4 10 15 9 10 14
20 17 7 27 21 30 17 6 24 1 16 2 29 13 8 7 16 4 18 17
10 6 15 11 18 12 4 15 13 6 10 1 13 14 5 9 5 4 10 8
49 51 54 66 50 74 28 50 54 35 33 33 55 59 48 44 59 26 57 53
4 13 12 17 16 26 5 13 14 7 10 3 18 12 12 11 9 1 20 6
13 19 7 25 22 17 14 9 25 7 7 1 29 24 11 13 13 5 24 16
29 32 21 30 15 32 11 17 33 8 12 7 37 30 21 23 28 18 36 26
38 37 32 56 43 51 20 24 56 26 7 16 52 47 41 30 46 28 42 45
6 6 3 5 1 5 1 2 1 1 1 1 2 7 8 5 2 1 5 1
41 48 30 49 31 56 14 25 43 15 24 23 56 42 29 23 47 32 44 41
16 6 11 23 10 22 2 8 21 2 5 1 12 9 16 7 13 6 15 10
38 44 34 61 37 53 21 25 54 28 18 16 51 48 36 30 49 25 52 40
23 25 27 39 25 50 20 30 33 23 23 20 32 17 27 18 36 13 31 29
34 43 32 42 7 48 23 30 28 11 22 13 37 35 34 30 39 21 38 26
12 4 1 15 7 11 4 1 14 1 4 1 9 9 10 4 8 4 10 7
19 6 4 23 13 21 8 4 21 3 7 1 16 9 14 7 16 10 11 15
32 33 33 46 29 58 18 28 39 17 22 14 34 37 32 25 41 13 38 31
33 27 22 45 27 39 8 19 34 15 17 4 33 29 25 13 36 22 37 32
8 1 7 7 4 7 1 8 6 1 1 1 9 10 3 7 1 1 2 2
48 55 48 75 50 59 32 40 73 39 17 19 75 65 51 47 59 28 52 53
51 48 53 68 44 69 38 42 63 32 39 28 49 58 43 34 58 30 58 49
37 35 22 49 48 42 32 14 57 17 17 13 55 37 29 32 38 21 42 43
7 17 9 14 18 23 7 9 13 6 12 9 25 13 16 11 11 1 13 8
10 1 1 9 1 10 1 1 9 1 1 1 2 5 14 4 6 1 5 3
19 29 8 34 34 28 19 7 32 21 14 11 36 31 27 28 21 18 33 25
36 27 27 42 24 37 17 29 35 18 13 15 40 40 27 25 32 14 36 32
43 28 40 39 33 47 18 40 34 25 19 13 38 47 22 31 37 22 38 36
23 31 13 38 20 37 7 1 24 7 15 20 34 22 31 18 28 9 22 21
29 16 30 23 23 28 8 20 37 10 19 14 26 23 20 28 19 11 36 21
36 44 35 48 43 39 27 31 46 24 24 8 56 53 19 38 39 12 43 37
10 8 11 13 9 18 2 8 12 2 6 2 11 15 13 8 4 2 14 3
18 19 5 27 11 25 12 8 18 1 10 1 22 16 10 3 17 7 19 16
12 4 8 9 7 9 1 6 13 1 3 1 15 8 2 4 3 5 3 10
37 21 29 34 23 40 13 25 50 16 18 12 34 30 24 18 31 19 41 33
3 1 3 4 7 12 1 2 5 1 4 1 2 5 5 1 1 1 6 1
23 16 15 16 20 22 7 12 26 10 6 6 27 26 14 21 17 12 19 19
19 15 5 27 11 29 7 2 27 1 1 6 27 16 23 7 19 9 15 17
1 6 1 7 3 5 2 1 1 1 1 1 6 2 11 9 1 1 3 1
17 21 13 29 24 36 15 14 24 12 10 9 38 15 21 12 21 11 13 20
7 13 5 10 1 9 1 1 5 3 2 1 8 9 13 9 8 1 12 1
53 44 23 50 40 56 33 16 59 20 28 21 57 38 37 34 51 29 49 48
12 9 4 7 4 10 3 2 9 1 6 1 12 6 4 7 3 1 9 3
35 31 38 43 31 46 12 34 38 23 14 8 45 33 30 27 36 16 30 33
31 31 19 48 37 37 27 17 52 23 18 10 45 30 30 27 33 20 42 38
32 17 23 28 20 34 14 24 33 10 19 4 32 20 14 20 22 9 26 22
8 8 8 8 3 10 1 6 7 1 2 1 13 12 11 11 2 1 6 2
54 60 45 66 44 68 47 41 57 18 41 28 69 54 34 41 54 25 53 51
45 36 48 62 50 54 33 39 48 33 41 27 55 38 32 42 43 18 57 39
49 62 40 65 44 55 24 23 62 29 27 27 64 59 42 44 53 35 63 47
39 42 28 54 28 48 19 24 43 27 20 13 44 37 37 26 48 29 49 39
21 25 29 37 30 46 13 28 35 15 21 17 41 25 25 26 26 4 33 20
54 46 43 57 39 55 32 32 63 21 35 19 58 48 29 42 51 22 58 45
44 40 39 59 43 48 37 38 60 19 23 8 61 50 27 35 40 16 29 47
18 10 15 13 14 15 4 13 17 4 5 1 17 18 8 14 11 6 11 13
22 18 18 30 17 21 5 15 22 9 6 5 31 26 13 15 18 8 20 18
12 10 21 28 21 25 6 16 22 13 12 4 19 15 16 18 14 4 22 10
43 61 52 76 52 81 33 37 68 35 38 39 69 51 59 52 66 23 62 49
6 18 21 30 29 30 17 25 23 13 12 1 22 19 14 18 15 1 16 14
11 9 6 8 3 18 1 2 13 1 1 5 15 11 13 8 7 3 14 5
27 39 41 62 38 54 25 38 51 27 21 15 46 45 37 31 44 10 39 39
29 34 36 39 31 55 10 30 38 13 26 17 40 41 21 23 34 13 35 27
36 35 30 47 39 56 26 31 46 24 31 15 52 29 36 36 45 15 36 37
12 10 6 9 10 11 6 7 18 5 5 1 18 15 9 11 6 3 17 9
18 18 6 23 22 25 9 9 23 12 8 1 20 18 18 16 23 10 22 21
22 26 10 29 21 31 18 18 22 7 14 1 28 24 14 13 25 10 19 24
24 23 23 32 23 35 14 21 31 5 19 1 29 29 11 11 23 4 27 18
38 30 38 36 46 46 33 38 52 25 14 1 49 47 12 31 35 21 30 38
33 39 43 46 42 54 26 45 30 26 35 25 50 46 23 29 39 16 37 33
22 24 17 24 19 37 12 15 25 8 15 11 32 28 17 13 23 4 31 15
35 41 26 37 30 51 15 23 33 20 28 23 47 35 32 30 42 11 47 30
45 46 36 50 41 66 29 38 42 29 41 28 60 35 40 39 50 14 45 42
39 25 23 37 22 40 10 12 40 5 19 21 39 32 30 20 31 19 32 28
51 50 44 64 48 74 35 33 65 21 41 32 62 41 43 41 58 20 57 53
39 57 31 62 48 64 37 31 53 15 41 21 71 38 27 32 53 19 49 49
10 12 8 14 4 15 1 7 8 1 5 1 15 9 2 1 10 3 9 8
30 32 23 35 22 45 17 20 31 6 21 12 45 31 16 13 28 11 30 25
3 1 6 9 2 8 1 6 4 1 2 1 6 5 1 1 1 1 5 1
53 55 45 63 41 64 19 31 66 27 40 40 59 52 54 39 57 31 69 52
30 25 17 25 6 36 10 16 24 2 16 11 30 22 12 11 25 12 30 16
31 42 23 42 20 33 13 18 30 13 10 7 39 45 23 26 37 12 35 28
14 25 12 33 19 34 7 13 18 1 15 11 33 18 12 3 23 3 14 18
40 25 37 47 42 49 26 35 56 22 21 14 53 34 21 29 36 19 41 41
40 23 27 38 15 34 11 12 42 2 9 13 37 30 25 20 28 16 35 29
7 12 4 21 15 15 7 4 15 3 6 1 17 8 13 10 7 1 10 9
25 31 31 44 28 40 10 23 44 25 11 9 46 30 32 28 36 17 41 27
28 32 14 30 28 39 13 11 35 21 19 14 33 30 21 22 31 21 39 27
6 4 5 9 11 16 6 7 10 5 7 3 9 1 10 8 5 1 9 4
29 50 37 52 42 53 24 30 47 42 32 33 58 33 45 49 50 22 50 37
33 32 32 34 13 38 8 23 27 18 14 16 37 37 30 31 29 9 34 15
49 44 50 50 47 63 23 45 56 38 20 19 66 51 38 43 53 29 51 46
19 23 16 30 23 28 17 15 24 7 18 5 34 17 12 16 16 7 25 17
27 34 24 39 13 38 23 25 23 10 31 8 30 25 22 21 32 20 34 25
18 37 16 41 22 30 17 15 30 10 15 11 45 32 17 19 28 6 32 23
36 38 18 38 14 53 17 16 39 9 28 21 37 23 36 13 42 21 47 34
32 33 34 49 31 45 15 28 38 28 26 17 43 38 33 35 41 13 56 32
36 55 36 50 30 61 18 26 46 17 25 23 61 38 44 38 49 22 42 41
9 15 12 17 12 20 4 9 13 4 7 6 17 19 11 6 11 5 20 8
13 15 15 17 16 19 14 15 27 9 4 4 25 19 21 19 10 2 12 13
21 39 34 41 27 43 12 25 36 17 18 14 40 43 24 23 34 6 38 20
20 8 14 13 8 17 1 7 18 1 5 7 9 17 13 9 11 7 16 9
52 48 31 48 24 58 35 28 50 9 37 24 48 41 31 22 52 30 57 46
3 1 3 7 1 9 1 3 5 1 1 1 4 7 3 1 1 1 8 1
33 33 39 53 26 43 11 29 46 12 17 13 39 47 26 22 36 13 44 33
60 65 43 69 31 69 31 30 68 23 33 29 70 61 55 44 66 43 67 54
7 7 1 13 10 7 1 1 11 2 2 1 9 9 6 5 9 2 9 10
44 42 30 52 43 62 24 19 52 20 40 26 59 27 35 28 52 19 54 47
13 23 22 31 31 29 14 25 31 24 14 6 29 21 15 26 27 5 30 22
21 19 15 34 19 31 4 12 29 6 13 1 23 22 14 10 25 9 32 21
18 15 11 29 14 21 7 11 26 5 3 1 23 19 18 13 16 9 22 18
27 23 12 29 19 36 2 10 23 9 14 14 36 14 23 6 26 13 18 25
5 10 1 7 8 6 5 1 8 6 1 1 13 7 7 11 8 4 9 9
4 16 9 24 19 14 10 7 20 5 8 1 23 14 11 10 8 3 18 11
44 38 32 42 27 49 20 27 41 12 22 13 52 41 23 29 40 20 42 35
43 50 42 65 47 66 8 32 55 31 32 33 62 41 47 45 57 21 55 49
14 10 7 18 7 18 5 6 13 4 4 1 15 12 18 12 9 2 10 5
10 7 1 5 1 19 1 2 1 1 6 1 5 4 2 1 6 1 9 1
30 9 17 31 19 17 12 12 33 1 11 4 27 21 15 18 15 12 21 23
43 42 31 47 29 52 25 32 50 22 16 10 51 36 32 22 46 34 44 45
31 26 30 40 28 43 12 30 27 22 19 12 36 22 26 19 33 13 25 29
18 10 6 24 18 21 12 4 20 3 11 1 21 10 12 10 11 7 15 12
47 49 49 65 48 72 45 41 71 31 39 30 57 52 48 41 57 25 48 54
20 16 13 24 14 26 2 12 25 7 12 3 21 21 9 8 21 5 28 16
35 39 43 48 36 52 16 37 42 31 17 20 55 41 38 30 38 17 45 32
24 19 29 32 19 31 1 15 26 4 8 7 26 31 19 19 19 11 25 14
41 61 59 68 50 71 22 42 60 42 31 37 73 59 49 59 60 20 57 46
14 3 9 16 5 19 1 8 15 1 5 1 6 12 11 1 9 2 14 6
40 50 35 62 44 59 24 24 53 33 38 32 65 25 41 44 53 20 54 41
50 33 44 52 43 65 36 41 64 30 28 23 61 43 43 33 51 28 33 52
6 7 8 6 8 5 1 7 9 1 4 1 8 9 5 8 1 1 9 4
49 33 37 44 33 51 21 33 38 19 31 19 56 35 22 27 43 23 38 42
40 51 47 59 52 66 40 52 58 35 26 7 64 52 25 46 57 24 48 52
8 6 10 8 11 20 1 9 10 5 12 1 9 6 2 5 8 1 8 4
19 15 17 23 16 31 13 11 30 10 4 8 26 16 24 18 19 12 17 18
13 12 10 25 8 16 4 9 15 3 8 4 18 10 7 5 13 5 16 9
6 19 13 22 7 12 1 8 10 6 6 4 20 16 12 12 12 3 19 8
11 10 8 25 18 20 7 5 16 3 2 1 22 13 16 9 6 4 11 9
38 39 37 43 30 40 14 21 46 13 15 19 59 44 32 39 34 20 43 32
43 49 24 56 31 57 34 22 48 14 36 17 59 34 43 34 47 15 44 40
21 29 25 28 29 33 22 22 34 11 25 12 38 24 12 27 25 5 37 22
6 5 4 10 11 14 4 3 5 1 7 1 8 9 2 1 4 1 3 2
31 46 41 54 33 49 13 34 42 33 21 16 51 38 31 41 46 19 43 33
16 13 17 18 6 25 3 11 18 2 3 9 16 21 17 13 13 7 20 7
5 11 8 15 12 15 1 8 10 4 9 1 11 8 4 4 9 1 13 5
45 53 40 65 56 62 43 43 64 44 29 26 68 51 50 35 58 38 46 58
20 11 20 13 19 26 7 18 31 11 13 6 26 18 10 15 15 6 23 16
25 19 23 38 30 36 19 13 39 3 18 6 34 25 9 11 23 6 29 23
29 29 23 44 33 50 23 27 43 22 24 15 38 23 20 20 37 16 37 37
4 5 2 11 6 14 1 1 5 1 1 1 6 11 7 1 1 1 8 1
4 7 1 8 5 6 1 1 7 1 1 1 9 7 7 7 3 1 9 3
15 16 21 23 22 23 14 14 24 10 22 9 22 13 10 19 14 1 31 14
7 12 15 21 13 20 4 15 16 8 13 4 15 9 10 10 11 5 21 9
18 27 17 34 18 40 12 20 21 14 14 11 32 19 25 20 25 1 19 18
10 6 3 15 9 21 5 5 17 3 6 4 16 4 16 6 9 3 11 7
15 26 8 19 16 26 8 8 12 9 14 4 23 15 15 17 20 10 24 16
6 4 2 9 8 14 3 1 4 1 4 1 8 6 9 6 3 1 6 1
11 8 6 9 6 9 1 4 14 3 1 3 12 13 8 5 6 4 10 8
10 7 8 5 9 12 1 8 10 1 7 1 9 11 8 7 4 1 11 6
26 36 18 45 33 51 16 17 46 21 18 19 46 27 41 22 42 15 32 38
16 42 27 46 31 52 29 34 32 15 28 1 43 26 19 21 35 10 29 30
23 43 13 41 19 46 11 15 25 5 23 14 41 27 20 13 37 12 34 28
13 17 11 8 2 25 1 10 9 1 7 6 15 16 8 4 13 1 17 4
46 34 35 47 30 60 22 35 53 21 19 13 43 33 37 19 47 30 42 44
39 31 39 40 37 50 26 42 33 25 28 12 46 40 13 31 36 22 36 35
3 3 4 10 8 8 2 3 8 1 5 1 9 5 6 4 1 1 7 2
48 43 39 51 46 59 32 33 56 20 42 26 56 36 37 45 49 16 53 45
11 14 19 12 14 23 6 20 21 6 7 1 20 19 14 16 8 1 23 7
12 29 17 27 19 45 12 20 23 13 19 9 33 15 21 15 30 1 20 18
29 35 24 54 51 52 32 27 57 32 22 10 50 36 29 33 44 14 34 46
37 22 28 29 22 39 7 18 36 8 13 14 32 30 27 26 24 23 26 26
20 5 13 25 13 23 1 10 22 7 3 4 19 13 13 3 15 11 16 15
43 44 45 59 46 46 36 38 62 33 12 6 67 55 27 45 46 26 32 46
18 45 37 45 36 44 22 32 30 29 20 18 44 47 36 37 35 3 37 27
29 32 26 45 19 45 7 17 28 12 15 14 43 34 30 20 31 9 28 21
21 21 17 22 17 34 8 17 29 10 9 9 28 24 23 17 22 8 26 17
31 34 40 49 35 47 21 24 51 26 18 19 47 34 34 38 35 16 47 27
7 7 11 19 11 18 2 13 8 4 7 1 11 10 8 6 8 1 10 1
33 26 35 33 33 38 18 29 39 25 9 3 45 31 22 35 31 21 26 31
3 17 5 20 14 19 9 10 11 2 2 1 22 16 3 7 13 1 9 10
22 10 17 17 16 20 10 14 26 7 5 4 32 16 15 17 10 13 15 17
45 43 43 52 40 61 28 43 41 24 27 21 49 53 38 35 45 20 40 43
10 9 4 11 8 14 4 3 4 1 8 1 7 9 7 6 6 2 7 3
53 47 53 66 43 72 24 50 59 37 29 19 66 48 41 40 60 29 52 51
52 57 44 69 53 73 53 43 63 22 45 18 62 54 40 41 56 25 49 52
29 40 27 48 48 49 33 26 48 31 28 20 55 32 29 40 40 13 48 34
10 6 3 13 7 17 1 3 7 1 7 1 5 5 7 2 9 1 8 5
32 33 9 33 19 33 13 6 35 13 15 13 35 28 31 21 35 16 36 28
10 2 1 12 1 7 1 1 10 1 1 1 6 4 7 1 5 2 6 7
53 58 45 58 38 66 33 41 57 25 23 12 67 62 32 43 59 36 55 49
12 7 11 18 17 25 6 9 15 5 9 1 18 11 10 7 9 7 11 8
44 58 34 58 41 65 37 42 51 27 28 17 71 44 32 42 57 23 42 53
6 7 5 13 7 8 6 4 10 1 5 1 10 7 12 10 1 4 9 5
39 44 32 52 28 51 19 18 45 10 20 27 50 45 47 31 40 19 49 36
2 3 1 11 4 7 2 1 7 1 2 1 11 2 3 1 1 1 8 1
16 26 13 26 16 28 7 9 19 1 11 2 27 24 15 10 21 1 13 16
47 26 26 42 27 48 17 25 49 15 23 9 38 28 26 8 41 30 45 38
25 25 36 31 27 38 11 27 36 20 7 5 40 41 20 33 26 12 35 19
11 9 7 18 7 22 1 6 8 1 8 1 14 6 1 1 11 1 9 7
21 15 14 27 26 24 14 13 34 12 16 1 25 21 19 19 18 6 32 18
19 31 16 23 10 28 9 1 26 11 13 17 34 22 29 22 24 8 32 12
12 16 9 20 13 11 1 2 18 9 1 1 24 16 14 14 13 9 16 15
36 49 35 52 27 66 22 31 44 18 36 25 53 26 34 31 51 20 55 37
27 33 15 33 25 45 13 17 33 1 20 9 42 29 19 13 33 10 24 32
18 11 14 21 16 25 6 10 20 10 3 9 27 10 17 2 16 14 15 16
35 19 15 28 19 40 8 17 32 9 11 7 39 18 24 13 30 19 17 31
8 1 6 8 7 9 1 5 11 1 5 1 2 4 2 1 5 1 8 2
4 4 3 8 12 11 3 3 15 3 5 1 14 4 6 6 2 1 12 6
13 12 8 20 9 23 1 7 14 1 10 9 20 7 12 4 14 7 10 13
1 5 1 3 3 2 1 1 4 1 1 1 7 3 1 3 4 1 5 5
45 41 45 50 46 54 35 35 65 31 22 28 65 45 42 38 45 25 42 50
39 50 23 53 41 58 40 22 42 18 44 28 59 25 36 35 46 16 43 40
15 13 10 14 15 23 10 17 14 3 11 1 19 9 8 11 10 5 12 12
13 9 11 13 9 22 4 7 14 5 10 4 10 12 15 9 9 4 15 4
38 52 30 54 37 45 24 26 41 33 19 18 59 52 39 46 45 20 43 39
17 12 11 17 12 24 3 10 16 4 11 8 17 15 19 10 13 3 12 9
11 16 13 24 20 20 7 10 22 8 6 1 21 18 18 15 11 2 19 10
19 25 18 25 19 31 7 16 28 8 14 10 35 23 21 19 20 7 28 18
32 29 37 44 36 56 13 37 41 24 21 16 50 27 30 23 41 16 27 36
36 29 32 42 28 42 8 30 34 21 27 13 35 31 19 25 40 16 41 37
25 12 20 20 12 30 1 15 23 4 15 3 15 14 8 7 18 10 20 16
24 10 18 25 22 23 11 13 31 4 15 6 30 16 8 11 15 6 22 18
52 58 50 65 45 63 33 44 63 34 26 26 80 63 40 51 54 26 47 46
40 45 33 52 36 50 22 32 47 27 20 9 52 39 36 29 46 29 49 39
23 19 22 23 23 26 2 13 30 4 5 8 33 33 16 22 16 15 24 22
27 22 23 33 21 34 3 11 29 7 17 13 20 24 24 18 25 17 30 19
56 62 56 76 44 68 32 38 68 29 30 28 71 66 47 53 60 23 51 50
9 2 4 6 4 10 1 2 7 1 1 1 7 11 6 4 1 1 7 1
10 1 1 14 4 7 1 1 9 1 1 1 6 6 8 3 5 2 2 6
5 6 6 10 11 13 5 5 7 4 8 1 11 5 9 7 1 1 7 4
49 55 52 74 56 67 42 46 65 34 44 33 68 57 40 53 58 20 70 53
33 42 19 50 42 52 26 20 46 22 27 13 54 31 26 26 44 22 43 40
5 4 2 12 7 13 4 3 7 1 1 1 9 7 9 4 3 1 11 1
21 26 17 31 22 34 7 6 32 6 7 10 41 26 18 16 24 14 33 21
14 22 9 17 10 25 3 10 13 8 11 4 22 20 7 11 20 6 27 14
28 15 30 29 19 32 3 20 29 15 16 7 23 22 15 23 23 7 26 16
23 10 21 19 27 37 11 22 32 13 15 6 31 17 14 19 19 7 17 17
11 14 19 19 21 31 13 22 18 16 15 4 15 12 16 17 19 1 14 12
23 42 36 46 52 58 36 35 55 30 31 23 63 41 42 42 40 9 28 40
62 35 49 48 51 59 26 41 70 33 30 22 61 42 24 35 55 42 59 58
8 3 6 4 4 5 1 6 11 1 2 1 10 7 1 3 2 1 10 5
38 36 43 52 34 52 20 35 48 33 23 18 47 30 33 40 42 19 42 32
20 19 22 26 31 25 10 21 31 15 12 1 29 28 8 23 23 9 19 24
16 27 12 32 18 24 8 5 25 8 5 1 27 31 22 17 24 6 33 15
2 2 3 8 7 10 4 4 1 1 1 1 8 8 4 4 1 1 4 1
13 6 7 20 17 19 4 6 23 7 5 1 19 4 12 8 14 8 11 17
57 65 49 67 40 53 37 38 60 26 38 25 77 62 35 55 56 36 68 52
8 15 10 16 10 19 5 10 15 6 6 5 19 17 12 11 11 1 21 9
13 20 3 13 9 24 9 8 8 4 13 3 19 7 9 10 15 8 16 14
50 45 43 56 37 55 21 20 56 20 35 30 55 38 34 39 50 20 56 38
11 10 12 13 12 22 1 11 15 4 10 4 16 11 10 8 9 1 12 6
67 42 52 62 41 75 31 41 68 28 37 29 62 44 45 41 65 42 59 57
49 25 41 42 33 49 26 35 58 21 23 13 48 40 28 25 39 27 45 42
26 22 16 17 15 36 9 15 31 6 13 7 27 20 23 18 21 6 27 16
50 61 49 66 44 64 36 40 40 34 38 35 62 58 53 52 55 28 58 44
43 32 36 46 30 51 24 26 49 19 24 20 39 37 39 32 39 19 48 32
24 16 23 41 27 41 13 21 32 13 14 6 27 22 20 9 29 17 25 26
11 19 5 24 13 31 6 7 10 1 11 4 20 16 8 1 20 1 7 13
42 36 26 42 36 42 24 25 49 17 24 6 42 38 21 32 38 20 48 39
60 40 48 64 44 63 32 47 64 26 36 17 59 44 33 28 53 35 61 53
15 1 10 17 14 20 6 10 20 4 9 1 9 14 11 6 10 2 19 7
27 14 12 22 11 26 10 10 30 2 9 3 23 20 19 14 16 6 26 18
29 16 29 32 24 41 16 27 30 20 27 17 29 22 20 24 28 5 40 20
20 30 1 26 16 32 8 6 26 7 21 8 35 9 15 10 30 11 30 26
17 18 8 24 17 29 8 10 25 3 5 4 26 22 23 11 16 3 15 14
14 24 18 29 25 33 5 12 29 10 8 7 31 27 20 20 22 11 31 18
5 19 7 13 6 17 1 4 10 4 3 1 16 17 12 13 13 1 22 5
31 39 34 50 32 46 9 22 37 27 19 20 47 39 33 36 42 14 48 31
16 17 6 12 9 21 3 2 16 3 8 4 13 14 13 10 15 5 21 11
7 7 7 12 9 12 1 6 5 3 7 1 4 9 9 5 3 1 11 1
31 35 24 47 34 44 22 16 51 13 16 14 47 34 36 28 34 18 43 34
38 34 37 47 41 45 10 27 54 18 18 14 50 45 24 30 38 24 46 38
34 32 26 41 22 42 20 23 32 15 16 14 41 32 25 24 32 11 32 27
20 29 31 44 41 42 18 31 31 29 25 16 44 24 17 30 33 10 36 32
34 41 37 44 30 44 19 32 42 29 11 12 55 43 30 43 40 23 35 33
25 22 20 39 23 39 6 15 29 10 16 9 27 20 23 11 30 13 24 25
40 59 38 59 25 64 27 36 41 23 42 26 65 44 39 37 54 30 55 42
26 28 16 39 20 42 15 15 29 2 12 7 31 28 21 13 30 13 20 26
21 26 17 36 17 28 14 18 23 8 6 3 26 29 25 19 24 7 18 20
7 5 1 4 1 14 1 1 1 1 4 1 5 1 3 1 7 1 1 1
5 4 3 10 9 13 4 3 8 1 5 1 14 4 7 6 1 4 7 6
10 10 8 9 4 8 1 8 10 1 1 1 11 15 10 11 2 1 11 6
31 29 28 27 43 40 28 25 48 27 26 18 50 28 19 41 34 15 40 35
43 31 40 50 27 50 13 35 34 24 28 15 40 41 23 30 43 14 44 31
16 29 23 32 22 40 11 18 23 9 17 9 25 29 19 14 25 6 31 14
37 41 52 61 55 69 30 53 57 39 29 27 68 46 39 36 53 21 33 50
5 13 8 17 10 10 3 5 4 3 5 1 12 13 11 10 6 1 13 5
36 35 30 37 26 49 16 27 33 9 19 15 43 39 24 27 30 18 35 27
32 45 20 52 20 44 15 18 38 21 10 15 46 36 35 29 41 24 40 33
13 4 14 15 14 19 3 13 15 1 2 1 18 20 8 10 2 3 10 6
8 16 7 22 22 15 6 6 23 14 9 2 19 13 12 17 17 7 24 15
6 2 5 9 2 6 1 6 5 1 1 1 5 9 5 3 1 1 7 1
8 6 4 8 6 8 4 5 7 1 1 1 11 12 11 9 1 1 6 3
56 50 59 68 57 74 36 52 64 36 24 29 77 65 47 48 57 33 46 58
27 21 20 23 20 24 9 15 36 12 1 7 37 32 15 23 21 19 28 26
49 35 48 51 28 48 7 29 54 26 5 18 54 53 34 38 45 32 47 37
16 18 15 27 16 24 9 12 20 1 7 6 21 26 14 8 10 6 15 11
57 42 38 60 45 63 21 31 64 38 23 28 54 55 43 31 58 41 60 54
9 9 6 5 10 7 6 5 14 4 8 1 13 9 6 8 5 1 16 7
50 58 35 66 34 52 23 15 62 23 17 31 68 64 47 44 54 28 62 45
33 40 30 43 15 43 9 22 28 22 16 21 42 39 35 32 40 12 40 24
37 44 34 54 29 49 27 22 39 20 23 21 52 42 35 37 39 6 42 27
53 48 25 44 39 51 25 22 54 22 26 25 61 46 38 43 46 35 51 45
52 42 39 54 41 56 47 40 61 27 27 14 58 48 34 39 47 27 40 53
36 35 17 46 25 42 14 14 46 8 19 6 36 33 22 16 39 25 45 38
7 9 9 17 12 24 1 8 11 5 11 1 11 5 10 10 11 1 13 4
28 38 11 37 33 38 23 5 43 25 11 19 41 34 38 37 36 23 35 33
62 60 50 80 32 71 18 37 55 27 29 32 62 61 50 32 67 43 62 55
49 50 48 70 50 62 27 40 50 40 31 27 62 58 50 39 58 33 65 50
47 34 46 46 38 60 30 46 50 28 33 16 51 39 25 41 47 17 44 42
34 27 35 25 22 41 12 25 30 16 7 7 32 36 20 29 30 19 29 22
53 64 44 66 53 73 34 37 61 28 45 34 72 51 45 52 65 21 67 55
20 13 18 34 19 31 8 15 28 12 15 10 20 13 19 15 23 9 26 21
11 1 1 6 1 14 1 1 9 1 2 1 6 4 4 2 4 1 3 1
32 42 36 42 51 50 33 31 57 22 23 14 56 46 29 43 37 13 44 40
9 34 12 27 26 40 11 13 19 5 18 8 33 25 20 13 24 1 24 18
4 2 1 9 3 5 1 2 6 1 1 1 7 3 2 1 1 1 6 3
59 35 58 53 45 55 31 44 61 24 36 27 56 50 27 48 48 27 55 48
8 6 8 17 8 19 1 6 9 1 4 1 13 5 8 5 8 3 8 5
6 4 1 10 4 6 2 1 5 1 2 1 5 5 5 2 4 1 5 1
46 60 40 68 33 64 44 40 61 27 39 22 67 44 40 37 60 30 55 58
31 38 43 49 48 48 31 34 55 33 17 16 59 50 40 47 42 23 24 44
9 17 6 23 18 10 9 3 21 4 6 1 26 19 9 11 7 2 22 12
26 43 20 44 35 47 13 7 42 15 22 18 53 29 35 30 38 13 48 30
18 9 12 14 14 10 3 9 25 3 4 1 22 15 6 11 8 7 14 16
30 50 39 60 65 63 44 40 67 44 29 23 70 48 41 35 53 30 39 55
32 30 31 37 32 40 13 27 40 20 16 13 42 42 23 31 32 13 42 29
26 32 24 39 8 36 5 10 29 12 5 17 33 35 33 23 31 14 37 15
35 46 27 50 41 56 23 25 45 35 17 27 60 39 44 29 46 30 43 41
39 44 38 45 34 48 15 26 48 24 23 18 54 44 33 45 41 15 56 34
10 11 8 17 10 13 4 6 9 1 7 1 10 12 14 10 7 1 15 7
46 32 48 55 45 59 28 49 57 35 24 19 57 44 27 41 48 24 48 49
18 17 21 30 17 24 4 19 12 14 12 11 27 17 15 11 19 11 21 19
13 14 12 25 23 25 6 12 26 15 13 3 20 11 14 20 20 3 24 17
23 13 20 28 27 30 18 17 35 10 19 7 25 22 11 15 18 5 26 17
22 18 13 33 11 25 12 14 26 5 6 5 28 26 19 13 17 7 29 17
16 13 7 27 13 23 12 8 23 2 1 1 17 22 22 11 15 2 14 11
3 1 1 6 6 11 1 1 2 1 2 1 5 6 1 1 1 1 1 1
30 30 20 31 24 42 21 20 30 7 21 8 38 31 14 14 27 13 15 27
54 33 45 59 30 47 15 33 48 20 14 26 45 53 42 26 43 31 49 42
34 29 31 27 25 43 10 27 34 16 13 9 34 38 18 25 34 16 30 26
28 16 23 34 30 32 21 25 41 15 9 5 34 31 28 25 22 13 16 28
10 14 12 20 11 28 10 16 16 8 4 3 20 13 16 13 17 1 5 11
9 1 6 3 3 5 1 7 7 1 1 1 7 10 6 8 1 1 2 2
42 52 43 57 41 72 31 46 45 35 38 31 57 48 43 33 57 19 53 48
54 39 45 57 60 60 22 37 70 33 22 20 62 52 37 40 55 35 43 58
35 50 38 56 51 59 40 40 58 29 41 19 69 35 31 45 52 13 42 51
37 39 22 45 32 51 23 24 45 19 23 10 49 34 20 23 41 25 47 34
27 14 24 25 14 25 8 20 22 11 5 3 20 31 18 20 23 13 18 18
41 51 26 60 42 60 18 17 47 31 29 33 57 47 47 42 53 27 55 45
27 7 17 19 13 16 5 12 30 5 1 4 23 18 11 10 14 13 16 19
30 12 13 17 5 23 3 7 25 1 6 4 18 17 13 11 18 12 16 18
48 53 47 53 52 58 42 37 64 35 44 26 62 44 40 57 54 23 64 48
9 8 3 11 8 9 8 3 11 1 4 1 15 10 2 4 4 1 8 4
14 8 7 11 12 21 12 9 16 7 8 1 15 9 14 11 9 1 12 6
31 31 28 38 29 43 20 29 26 22 26 18 39 30 28 25 31 12 39 25
