1000 20 13 2091
2 14 1 0 5 9 9 1 10 2 17 26 5
6 4 1 6 10 1 3 1 15 10 4 3 1
19 4 7 8 7 5 13 2 8 1 9 7 12
7 5 4 1 0 9 9 7 2 5 2 17 5
0 2 1 2 1 3 0 5 4 1 4 2 6
26 11 3 5 10 9 4 7 1 11 5 8 13
9 7 4 5 2 1 0 1 0 4 2 9 6
4 12 5 8 6 2 9 0 3 0 8 5 8
15 5 6 11 11 3 10 15 11 4 8 12 15
13 7 12 1 4 17 13 1 15 5 3 7 2
7 8 10 4 17 5 13 4 10 1 17 5 4
6 1 5 6 1 4 1 2 2 4 2 3 2
2 11 1 11 2 1 6 6 4 11 12 4 7
3 1 2 6 1 1 3 8 1 9 4 2 8
4 10 0 9 3 3 3 8 4 8 5 0 1
1 6 1 4 13 13 7 16 2 4 2 1 3
9 0 4 6 3 1 6 1 2 2 8 3 2
13 1 5 18 6 0 1 6 4 3 12 17 4
12 2 6 4 1 11 7 17 9 16 20 1 6
3 11 1 2 10 12 9 18 7 6 10 4 13
2 9 13 4 3 7 9 7 0 16 0 3 10
0 10 1 1 1 4 3 2 1 1 5 2 12
9 1 5 1 3 3 10 3 5 5 1 2 1
6 3 7 7 2 6 10 8 5 1 3 3 2
5 20 6 5 2 2 10 16 6 10 4 20 11
0 6 2 1 1 3 6 3 11 3 4 6 2
0 3 4 9 4 1 1 1 3 1 11 9 8
3 2 4 3 7 1 4 10 5 5 4 2 8
6 3 1 9 5 3 1 6 4 5 4 5 6
6 5 8 2 9 2 4 2 5 2 2 1 7
4 2 1 5 1 9 2 3 5 1 7 0 3
12 8 13 7 3 8 9 0 2 9 3 4 3
6 4 12 10 2 6 1 6 2 2 3 5 2
3 2 1 2 4 1 4 0 6 1 4 7 5
3 2 7 1 6 4 4 7 1 1 0 5 1
16 13 9 14 13 3 1 0 3 3 6 6 9
2 9 5 6 9 3 12 10 18 4 5 7 1
1 5 6 1 7 13 2 1 1 10 6 3 6
2 1 0 6 4 2 2 2 1 5 2 2 1
10 8 5 2 5 8 4 9 4 1 8 14 12
10 2 6 6 5 3 0 4 2 11 4 4 0
3 3 4 8 0 6 5 1 3 5 7 4 11
14 6 9 3 2 7 7 10 4 3 3 6 23
4 8 2 9 12 3 0 8 7 6 7 6 4
6 7 2 18 5 2 14 19 10 6 4 0 9
13 9 3 4 17 6 3 1 12 11 6 1 2
10 1 4 1 10 3 6 6 2 8 4 10 6
3 6 3 1 2 2 1 1 3 1 1 5 0
5 2 7 4 10 2 6 5 3 0 8 10 16
9 2 2 13 2 3 6 4 7 0 8 2 19
11 9 9 0 6 1 14 2 22 4 7 7 0
3 0 3 3 6 1 2 1 5 5 1 0 2
7 11 1 5 24 1 1 5 18 8 5 10 10
6 7 3 10 10 12 3 8 5 7 5 4 5
6 2 3 3 0 0 0 0 4 4 7 1 2
15 8 5 14 4 18 4 5 13 5 11 2 13
2 0 8 3 0 1 10 4 1 6 12 0 5
2 0 1 4 2 1 3 5 6 5 2 4 1
17 1 5 2 11 4 12 9 6 14 4 2 7
5 3 7 0 15 9 4 10 4 3 2 12 12
14 12 4 2 2 6 2 3 4 12 3 1 17
1 12 7 0 4 2 8 2 0 13 1 1 1
14 4 8 1 4 11 1 2 4 4 2 10 11
1 6 0 15 3 1 3 3 5 3 3 7 10
0 0 7 13 6 8 1 3 4 11 3 3 11
2 8 16 3 4 6 8 2 11 10 6 1 1
5 5 1 6 4 1 8 5 7 2 1 7 2
4 0 3 11 1 2 2 2 2 3 7 1 9
1 9 11 6 1 8 5 2 3 7 2 7 1
2 5 2 3 14 12 1 4 0 9 1 3 9
1 5 3 5 4 6 2 8 7 6 1 7 2
20 8 1 1 2 20 6 5 1 4 14 13 2
9 2 0 4 4 6 1 1 7 4 9 6 0
10 11 3 19 3 1 14 7 13 6 19 2 5
15 8 5 10 0 4 0 13 4 8 3 16 1
6 4 3 4 1 8 10 2 1 11 2 8 3
9 4 4 8 13 6 1 11 3 7 4 15 8
0 4 12 2 9 13 10 14 15 3 14 12 8
3 10 0 2 1 2 2 1 1 9 6 2 4
1 3 5 7 1 6 2 5 8 1 4 5 8
21 13 6 3 4 3 15 16 10 5 7 1 6
4 0 4 0 4 4 7 5 1 3 4 7 2
2 0 8 10 13 15 4 2 8 5 7 12 2
11 1 4 0 5 11 6 1 5 0 18 2 6
1 8 2 4 2 2 0 4 1 0 0 5 2
4 1 0 8 4 3 2 1 2 10 1 10 5
18 4 17 3 4 1 14 20 7 7 2 4 1
2 1 5 1 2 1 4 5 0 3 3 0 3
0 2 5 1 0 2 0 2 8 1 4 6 9
2 6 11 9 8 22 9 0 6 7 6 12 3
2 7 5 15 0 3 3 7 7 1 5 6 18
7 14 12 2 19 7 1 6 1 0 6 2 14
2 3 10 1 15 8 1 7 8 3 4 5 5
2 3 0 0 2 1 4 0 5 1 2 5 4
0 10 9 1 3 10 2 2 1 11 2 5 8
10 2 1 9 14 1 17 4 11 11 8 6 5
4 2 5 4 14 0 3 4 5 7 0 5 12
7 4 5 3 2 3 4 0 2 2 3 0 0
12 3 2 10 11 6 1 2 6 13 2 19 3
10 6 8 12 5 9 8 28 2 13 0 8 1
10 17 6 14 1 11 7 8 10 1 14 1 0
2 4 16 13 14 6 5 5 3 9 8 4 1
1 3 7 17 5 17 6 0 2 12 6 2 4
14 5 5 4 12 24 5 10 4 7 10 8 1
2 3 3 2 0 2 2 4 2 6 4 6 1
2 5 1 1 9 5 1 1 2 3 2 5 7
1 10 3 9 1 4 1 9 8 5 2 2 7
5 7 5 5 5 5 8 7 13 13 8 8 14
4 3 0 0 7 0 4 0 4 6 3 5 3
1 0 1 5 4 3 0 1 4 0 0 5 4
4 16 9 3 3 16 4 4 0 9 18 5 7
16 7 12 8 2 8 6 0 17 6 12 1 20
1 0 18 3 6 10 10 8 18 5 7 8 9
7 3 1 4 3 0 9 8 8 9 5 5 4
3 11 3 1 2 0 3 1 1 10 1 8 4
4 10 8 4 5 0 6 6 3 1 4 7 4
2 4 1 1 12 2 3 8 0 1 2 0 2
9 5 10 2 4 7 7 1 9 23 4 20 3
9 8 7 9 1 6 6 2 11 7 15 8 9
0 10 1 4 3 1 1 9 2 6 8 2 5
2 13 1 21 3 15 9 5 1 13 15 6 8
12 4 3 0 6 1 2 7 1 6 3 0 2
2 3 2 5 3 0 0 8 1 2 2 7 0
9 5 0 4 1 0 5 11 2 9 9 1 6
2 2 0 1 2 3 3 1 3 4 1 7 9
4 0 6 7 3 3 9 4 7 1 4 3 14
18 3 3 12 8 7 3 2 4 0 5 15 4
12 3 7 10 13 7 16 6 17 10 4 3 14
13 23 7 9 7 3 0 13 4 11 4 11 4
1 12 4 1 14 3 7 6 1 25 11 4 9
3 1 5 9 2 8 15 4 5 1 9 1 8
6 13 3 8 14 10 2 1 1 2 29 1 7
5 9 7 11 3 2 4 10 3 8 0 11 8
15 20 4 14 3 11 12 3 6 4 11 12 10
1 1 2 5 1 8 1 10 2 8 12 5 2
5 2 9 1 2 0 5 2 1 3 1 2 4
5 11 0 4 4 1 3 13 8 1 3 2 2
9 14 5 4 3 0 5 9 4 19 18 13 1
15 27 10 5 8 4 6 4 6 4 12 6 6
6 7 1 5 3 14 5 17 4 2 7 19 1
2 0 3 4 2 5 3 2 3 2 4 3 6
20 7 15 9 11 5 4 10 3 6 4 10 3
2 2 10 13 4 10 7 15 5 1 3 9 3
9 7 3 13 3 10 3 4 4 2 16 0 5
5 2 4 11 5 3 16 1 4 5 7 5 6
5 9 17 7 3 0 5 3 6 2 8 2 8
1 3 3 1 6 8 4 2 7 16 5 20 10
8 3 9 2 4 1 8 5 7 13 1 5 5
2 16 1 9 1 6 1 14 7 3 18 5 7
2 3 4 1 2 6 1 4 0 2 1 0 4
0 4 15 1 7 3 7 4 4 1 6 18 3
2 1 8 4 0 0 2 11 4 7 7 9 14
0 20 12 2 5 6 11 9 10 13 6 6 9
4 2 7 5 23 2 11 0 6 7 1 11 3
2 9 12 9 1 0 3 9 1 8 11 12 9
4 6 2 2 0 7 1 3 4 3 9 2 2
0 1 8 13 15 9 16 5 7 7 19 10 4
8 14 11 3 19 2 2 4 6 5 7 9 8
1 1 4 2 1 3 4 1 1 3 5 4 4
9 2 10 4 6 0 21 15 10 23 1 2 6
3 0 2 0 4 4 4 2 5 4 1 2 6
1 5 1 17 15 1 0 6 13 3 0 8 4
2 2 4 4 0 3 5 0 2 1 2 9 5
1 14 15 0 4 15 16 1 4 9 4 11 5
4 20 8 8 5 7 1 3 17 16 8 15 4
10 14 1 5 1 14 15 0 17 5 11 7 11
5 3 3 3 4 2 2 3 3 4 0 4 3
0 0 7 1 0 4 8 4 6 1 3 11 6
1 1 7 2 3 1 4 6 0 4 3 3 5
3 5 3 4 5 2 4 2 4 8 0 5 4
1 3 0 4 1 5 3 3 2 7 1 8 7
4 7 9 8 6 3 5 9 5 10 1 10 10
3 2 4 2 3 8 3 11 5 3 9 0 4
1 0 3 6 11 11 6 1 15 0 12 5 19
3 1 1 5 7 3 3 3 1 7 5 15 6
10 8 2 4 8 12 8 5 10 15 5 20 7
6 26 4 1 4 2 4 1 1 4 7 25 6
4 15 5 11 6 7 9 9 18 1 11 8 7
9 13 4 2 22 0 3 3 3 12 12 7 7
2 1 18 8 14 7 8 0 10 2 2 11 19
15 1 2 10 7 12 4 0 4 11 0 6 2
19 10 5 10 1 3 17 7 5 5 1 3 2
15 11 1 9 12 4 8 7 6 1 3 2 4
7 13 10 2 8 4 10 16 1 2 0 14 6
1 4 5 2 0 0 0 5 3 1 5 0 3
4 12 1 10 12 2 4 2 8 13 22 8 13
4 0 2 1 3 1 0 4 2 3 0 5 5
6 2 1 8 3 4 4 2 0 4 1 2 8
5 1 1 5 4 4 12 3 4 3 0 2 7
1 5 14 18 5 1 11 7 3 20 2 6 10
1 5 6 11 2 2 7 7 5 2 6 13 5
2 5 8 12 5 10 1 9 0 1 2 6 3
3 3 2 7 2 2 0 2 1 3 2 2 6
3 3 0 8 2 8 0 10 7 4 3 4 3
10 3 1 0 2 12 12 1 5 12 11 7 1
7 7 7 1 7 4 3 13 3 16 6 7 3
2 7 6 8 1 1 1 17 2 2 8 11 2
3 10 11 9 6 3 0 19 4 6 12 2 3
2 2 3 0 4 0 3 7 2 2 4 6 3
7 5 1 7 7 11 1 5 5 8 10 16 1
0 6 1 1 5 3 11 6 14 7 7 13 5
1 10 3 2 1 1 6 3 3 4 2 2 2
2 1 2 5 4 16 8 10 19 2 23 6 11
7 11 6 1 10 9 15 1 10 22 6 1 0
13 11 5 1 23 2 7 3 18 1 1 18 1
6 2 1 4 5 0 0 10 2 4 4 1 4
2 13 10 12 13 3 3 10 3 5 8 19 14
7 14 3 0 1 14 15 8 14 6 3 3 7
11 1 7 9 1 6 0 15 23 6 5 20 6
0 6 0 12 0 5 3 1 5 8 2 0 3
2 0 8 5 12 7 8 2 13 3 7 16 8
7 7 7 1 4 8 4 12 4 6 3 6 2
7 0 11 1 1 3 6 7 4 0 8 2 2
0 4 15 2 3 0 12 4 7 7 11 9 12
3 3 6 15 2 0 0 1 0 1 7 2 0
14 20 11 5 1 6 2 10 7 10 0 10 5
1 15 2 4 10 6 0 2 2 16 1 4 8
10 4 3 7 4 4 5 12 15 2 6 2 2
6 3 8 7 2 17 3 2 5 1 15 9 6
2 1 10 6 0 3 2 4 0 5 6 1 4
4 4 3 1 4 4 3 4 1 3 7 1 4
0 3 4 1 0 14 8 12 5 4 3 21 12
3 7 3 17 6 6 2 3 3 10 15 5 5
16 13 4 0 0 1 3 7 1 7 6 6 5
1 4 10 5 2 6 2 1 2 3 6 7 1
8 10 1 5 4 17 12 10 1 3 12 1 11
24 6 7 12 0 8 11 3 7 9 12 11 5
1 0 7 1 2 6 1 5 8 2 3 0 6
3 12 6 3 5 2 17 12 11 14 4 6 9
3 5 0 1 20 8 11 11 1 6 6 12 9
7 1 7 2 18 1 4 5 12 4 3 6 16
3 3 4 5 10 2 1 1 0 6 2 4 1
10 21 1 7 11 11 11 1 9 7 8 1 19
2 3 1 0 4 5 2 4 12 1 8 0 9
9 8 3 3 6 12 0 2 1 5 11 1 10
4 9 4 0 14 4 1 4 11 2 2 3 8
6 11 7 20 0 13 5 8 7 8 15 2 15
9 7 2 2 3 8 2 9 0 0 9 3 4
10 9 14 11 2 3 4 7 0 3 7 7 9
3 13 9 1 0 15 2 2 2 9 7 6 5
3 3 4 2 1 5 1 1 1 3 4 1 5
8 2 15 10 4 4 12 0 21 5 6 6 4
17 17 10 14 1 7 9 2 0 4 3 6 3
1 0 8 0 2 8 4 10 18 9 5 0 8
2 4 15 6 6 16 9 9 6 3 1 5 4
8 3 13 2 6 4 0 13 6 0 7 3 4
2 8 0 8 0 4 5 3 4 0 6 5 5
2 7 2 6 7 4 4 0 12 7 0 2 4
4 3 0 0 5 0 0 0 3 4 5 4 9
6 4 1 1 5 13 6 4 4 1 14 5 3
10 15 5 4 2 12 18 7 5 5 9 5 13
1 1 1 3 5 4 1 3 4 3 5 5 4
3 5 9 1 9 6 9 8 9 12 14 1 13
5 1 7 4 5 1 2 5 8 2 2 3 5
1 6 6 7 6 0 3 0 5 1 3 4 5
4 4 2 3 11 15 6 9 0 2 5 2 22
7 8 5 3 1 5 8 3 0 8 2 10 9
10 16 1 7 9 6 21 6 8 2 5 2 10
3 16 6 5 11 1 3 0 4 2 1 4 6
0 1 2 1 9 6 1 3 4 1 2 6 8
3 17 2 8 7 5 26 4 1 0 1 12 15
2 11 6 4 3 6 9 5 6 27 5 14 5
3 1 3 2 1 1 4 7 20 5 3 12 2
13 3 3 3 4 5 8 8 7 2 13 9 3
9 0 2 25 18 11 13 5 6 6 7 9 4
1 1 11 6 3 22 1 8 0 7 13 12 16
1 2 2 5 1 5 5 2 3 3 2 2 2
2 6 4 1 1 0 2 0 7 5 8 0 2
1 4 4 2 2 4 2 4 3 2 7 3 2
10 8 4 3 1 15 13 10 8 20 3 15 3
8 1 11 4 6 2 2 12 5 4 7 9 1
1 6 14 1 3 12 6 11 0 11 10 15 10
15 2 2 3 9 7 0 4 4 4 5 5 1
1 0 5 2 2 6 4 4 10 5 1 4 2
1 12 11 5 8 4 6 3 1 5 3 9 7
12 2 0 0 4 0 2 1 6 5 5 1 11
12 7 8 10 4 17 3 24 0 2 2 6 10
3 1 1 0 3 7 6 10 11 4 1 6 6
8 6 14 10 8 18 5 1 11 1 6 11 1
7 0 6 7 15 8 22 3 11 0 3 9 5
1 2 0 1 3 3 3 12 8 5 7 5 5
10 8 11 10 3 9 5 1 1 5 0 1 5
6 3 5 9 5 1 4 7 3 7 4 0 3
5 3 7 5 10 3 4 6 4 2 2 1 1
1 6 3 2 5 5 4 5 6 5 1 7 5
12 4 2 1 1 11 18 13 6 6 2 5 6
6 3 3 11 3 1 1 4 3 1 11 5 1
6 0 8 6 4 5 3 0 2 5 0 2 2
26 4 6 5 2 8 3 5 5 16 1 6 3
2 5 6 3 3 5 2 3 4 9 0 4 5
6 3 1 7 10 12 8 6 10 0 5 16 11
2 0 0 2 4 5 5 2 3 1 2 4 0
9 7 3 15 6 12 3 16 19 11 3 6 10
3 19 0 7 4 0 1 7 6 9 17 2 5
11 5 15 3 17 6 14 12 6 8 3 11 6
12 1 9 7 6 16 8 3 1 3 5 1 11
19 23 11 8 13 4 2 3 9 9 5 4 7
2 17 7 5 3 8 1 4 5 17 10 2 1
6 3 3 2 4 3 11 5 4 3 2 1 6
3 1 11 1 8 2 1 14 6 9 12 4 4
8 4 6 6 0 16 4 14 23 12 11 6 7
3 4 4 0 4 0 1 9 7 0 5 4 9
16 10 0 10 9 5 6 2 9 5 13 12 23
13 13 3 3 1 6 4 2 1 1 2 9 3
0 4 15 2 7 4 8 3 11 8 2 8 6
1 2 2 0 5 10 2 3 0 5 5 3 5
13 4 3 5 3 21 3 3 6 12 2 3 2
1 4 2 1 9 1 2 7 12 9 6 5 2
2 5 16 7 10 4 7 5 3 9 8 2 1
2 7 15 13 4 11 2 5 11 12 15 9 8
2 9 6 10 8 8 2 1 4 1 6 1 4
5 11 7 0 12 1 2 0 8 3 5 1 5
5 0 1 1 5 1 2 3 7 2 2 8 1
3 0 3 5 4 4 1 0 3 1 4 5 3
12 4 3 3 12 2 7 1 8 13 1 5 12
5 10 3 3 19 8 9 0 1 4 10 5 3
6 14 10 5 2 2 4 17 1 0 5 3 1
5 23 1 1 7 12 1 5 6 1 10 3 3
9 10 5 2 17 11 11 11 18 3 7 3 11
2 13 7 9 12 9 8 15 10 4 1 8 7
4 4 1 2 1 4 2 4 5 3 1 2 5
10 7 6 18 4 12 11 5 8 14 12 8 7
8 8 14 0 4 7 0 14 2 0 13 7 4
10 11 12 2 8 8 0 2 4 22 1 6 8
2 1 1 6 1 2 1 1 1 3 2 4 5
4 8 14 11 12 4 5 17 3 2 3 13 17
5 13 9 3 4 1 4 2 0 14 6 9 19
4 2 8 5 6 29 2 10 7 12 14 0 0
7 5 1 16 3 3 5 20 9 9 3 12 0
10 3 8 5 1 4 1 2 6 5 0 5 15
6 2 10 16 13 21 13 8 7 6 3 6 1
6 3 2 0 8 6 7 8 6 2 2 7 8
2 2 10 9 3 1 0 1 6 7 5 4 2
4 10 7 8 2 6 13 16 2 10 7 6 3
5 17 7 5 0 17 3 9 5 9 6 5 7
2 1 2 1 1 0 3 0 4 5 6 5 1
2 2 2 3 0 3 11 0 5 0 1 3 4
8 11 3 5 21 2 13 18 8 6 12 8 10
4 10 2 6 2 10 1 3 2 2 10 4 14
3 6 16 7 0 6 2 1 4 10 3 14 1
5 4 4 4 2 1 10 6 24 2 14 8 11
1 6 29 6 4 3 9 0 11 10 1 8 6
3 3 1 6 0 1 2 0 4 5 2 3 5
3 1 1 3 1 7 8 5 8 5 5 3 10
9 3 2 1 2 10 2 1 6 5 10 9 2
11 0 4 5 3 3 16 8 4 14 7 12 8
4 3 7 5 1 7 9 20 4 4 9 6 5
5 2 2 3 0 0 5 2 3 3 3 1 4
0 22 4 7 2 5 9 3 7 6 10 9 2
4 2 3 5 2 1 2 8 1 4 1 1 8
5 2 7 9 3 3 9 2 4 4 5 3 2
3 5 3 1 2 1 2 2 2 11 4 0 5
3 6 10 6 3 8 7 0 6 3 9 1 5
1 9 15 13 8 14 2 13 5 4 5 7 7
1 5 1 1 2 1 2 12 1 2 4 4 10
6 4 3 1 9 8 1 3 3 2 6 2 3
13 2 6 4 12 15 6 10 3 2 10 0 7
1 2 1 0 0 8 0 5 2 5 0 10 1
1 10 5 8 8 6 6 2 3 7 2 1 3
2 1 4 1 2 4 3 3 3 2 6 1 1
8 0 9 2 12 0 1 4 4 0 4 5 5
13 1 9 8 1 4 6 4 3 4 1 5 1
3 4 4 5 4 16 4 9 5 9 1 1 20
11 4 5 2 3 3 9 11 0 2 1 3 3
3 21 4 4 8 1 1 7 3 6 5 3 2
1 4 4 8 6 1 6 3 2 3 15 1 14
2 5 4 7 4 6 5 5 3 6 4 6 3
4 8 13 3 15 15 1 7 19 1 3 9 0
7 6 2 2 14 9 11 9 4 13 14 10 9
10 2 10 20 8 2 1 2 3 0 1 4 11
10 0 2 4 5 9 1 1 3 4 7 5 12
0 7 2 5 7 4 10 6 6 3 7 0 3
2 5 5 2 7 2 1 0 1 2 0 7 7
0 1 4 1 4 1 1 7 3 2 2 2 0
7 5 1 4 13 10 1 2 4 1 0 7 8
1 1 13 2 4 23 3 2 4 21 9 12 9
3 12 3 5 9 2 0 1 1 4 1 6 4
13 1 6 13 0 2 9 2 2 1 0 2 0
3 0 2 5 0 4 2 8 2 1 6 0 3
0 23 13 10 2 1 15 2 20 0 1 0 8
3 0 8 12 2 5 5 7 2 5 10 4 6
4 5 9 1 3 5 8 2 1 0 4 1 1
8 17 4 3 6 16 12 1 20 4 6 4 12
3 5 2 2 11 13 1 3 4 2 2 5 13
9 21 3 3 3 3 11 16 13 12 9 13 10
3 4 7 3 11 10 3 1 2 5 4 6 1
4 9 8 2 5 13 4 16 11 3 6 8 4
0 3 1 7 8 10 5 10 0 9 2 8 2
4 0 5 4 5 9 5 3 3 6 8 4 2
3 2 2 12 17 3 8 3 12 5 3 5 1
8 5 8 13 6 11 15 10 6 10 6 1 12
5 11 7 19 2 6 2 10 6 5 15 3 11
8 4 3 1 10 7 4 3 9 7 3 3 5
6 1 6 3 5 6 4 2 3 2 2 0 5
7 12 6 1 4 8 9 0 2 5 0 3 9
7 1 11 1 13 1 4 1 13 9 1 6 7
5 4 7 10 3 6 4 3 7 7 3 3 13
2 1 0 3 1 2 10 3 2 4 3 1 4
2 4 5 0 4 2 3 8 6 9 6 7 8
1 2 7 8 2 20 1 10 4 17 14 7 3
10 3 20 5 4 0 11 7 4 9 3 2 10
8 5 1 1 4 6 4 0 0 7 2 1 7
12 0 3 6 1 8 11 10 3 9 11 3 3
18 0 8 8 11 5 7 5 15 2 13 3 0
2 2 8 11 5 5 5 1 5 6 6 4 12
4 5 7 2 1 1 3 0 0 2 0 4 6
8 8 0 3 1 1 1 1 2 1 4 5 1
14 17 8 3 10 8 5 0 5 8 5 7 3
0 2 7 7 6 3 1 2 3 2 4 0 2
10 2 6 1 3 4 3 0 1 3 2 7 8
3 9 1 2 0 3 3 3 0 7 1 1 2
5 8 7 3 0 1 10 3 9 0 11 2 6
11 7 14 4 4 7 3 2 12 5 5 3 23
15 5 11 10 9 10 9 6 4 8 3 15 1
1 1 10 2 4 2 8 16 0 9 6 5 16
3 0 3 20 3 1 4 5 4 2 9 7 7
3 5 11 4 0 2 8 7 3 4 6 1 0
0 8 14 2 4 3 7 5 1 12 17 4 16
9 4 6 5 0 1 5 5 3 21 3 13 8
1 2 25 8 14 0 12 3 6 5 3 8 2
3 10 7 5 5 5 5 12 2 7 3 3 8
2 8 4 1 1 1 3 4 4 6 0 1 2
7 7 0 5 3 7 0 20 6 6 3 3 0
4 1 3 5 2 0 0 2 1 3 7 4 2
4 1 6 9 8 1 2 9 3 8 7 16 1
2 2 10 10 5 0 11 6 9 4 1 1 8
1 2 15 5 11 14 16 0 5 9 4 0 11
13 3 8 12 20 8 15 3 11 10 2 13 10
5 11 8 2 3 10 7 8 4 1 14 5 11
7 5 3 8 3 8 1 4 7 1 10 13 9
8 11 3 23 15 4 3 6 1 5 2 2 5
6 3 2 3 11 8 14 11 6 2 17 10 10
4 1 0 4 0 5 3 2 1 3 4 1 6
4 5 3 2 11 0 1 2 3 4 0 2 6
8 13 2 14 17 8 4 18 6 4 6 9 4
11 11 4 1 12 8 3 8 6 2 6 10 3
3 2 4 3 8 8 0 1 1 3 5 1 6
6 5 12 14 14 6 13 5 2 7 14 6 10
1 7 4 2 1 8 8 1 0 6 9 8 11
9 17 14 2 7 0 1 9 3 6 9 1 15
8 5 12 2 9 26 14 1 7 5 12 1 8
15 6 3 6 13 0 6 5 2 11 4 5 8
6 24 5 4 1 13 16 6 14 2 9 7 10
13 7 4 5 0 14 9 10 3 20 6 7 1
2 7 13 16 1 3 11 4 18 0 15 4 3
6 1 5 3 1 2 4 2 2 9 2 1 1
2 2 1 3 5 12 7 1 7 3 3 2 10
6 10 1 7 13 11 2 7 6 7 7 6 3
4 6 0 9 8 2 10 11 4 19 8 4 1
7 4 0 9 6 4 0 0 0 13 14 11 1
5 8 2 6 6 6 1 34 7 5 11 2 1
0 10 5 11 14 2 2 4 4 1 9 6 10
1 15 0 0 3 8 6 8 10 2 6 6 3
8 7 5 1 7 7 9 11 21 6 4 1 17
1 3 0 3 1 1 5 6 2 4 5 11 2
3 3 1 3 3 5 6 3 7 3 8 1 2
3 1 3 3 4 2 4 1 4 1 2 5 2
9 8 6 5 1 1 3 1 2 18 5 3 8
8 3 13 3 5 5 1 4 12 7 6 4 1
2 16 7 8 3 7 6 11 5 4 1 2 6
6 8 1 5 4 2 17 3 6 9 5 1 1
2 11 5 11 11 17 11 2 13 13 0 4 2
2 17 1 1 10 5 3 9 8 4 10 4 4
6 3 15 25 10 8 13 12 7 7 6 5 1
8 3 5 11 5 0 9 5 9 6 13 7 3
10 21 0 2 8 4 4 4 4 8 12 12 0
5 9 9 6 8 7 12 11 5 7 14 1 3
4 5 5 2 13 10 17 7 4 2 7 9 1
3 3 0 8 6 6 4 3 2 11 0 2 1
1 6 9 11 4 8 2 3 1 5 16 2 4
5 2 1 8 1 1 3 3 4 3 2 2 1
7 0 3 4 2 2 0 9 6 1 2 4 8
3 7 10 0 0 0 10 2 1 1 6 1 3
3 3 1 5 1 4 1 8 5 3 4 1 4
7 21 3 2 6 5 17 1 3 15 7 11 11
8 13 1 2 8 4 2 2 12 3 1 1 0
9 4 3 14 7 4 11 4 1 1 3 0 9
13 6 4 3 12 15 2 4 16 2 16 4 20
8 6 14 1 10 15 16 8 0 15 3 7 1
0 10 9 6 5 6 4 3 3 6 3 7 3
4 0 1 8 9 3 0 8 3 4 4 0 2
5 4 6 1 1 3 4 6 4 12 5 4 5
1 12 3 4 5 7 12 2 1 12 7 11 17
2 5 1 3 1 4 2 4 5 2 2 2 0
2 11 9 3 3 7 7 21 7 2 11 13 3
3 5 5 3 6 6 1 1 3 11 11 1 5
2 1 7 3 7 2 1 5 4 6 2 2 11
3 1 1 4 5 2 3 7 6 0 7 4 2
2 5 2 9 2 6 5 7 3 0 10 6 0
1 2 16 7 4 11 1 7 4 7 21 9 12
2 0 1 6 1 5 1 1 5 6 2 3 0
13 12 8 11 1 10 12 9 17 12 13 2 9
2 11 9 8 4 0 11 6 3 1 6 5 7
15 4 22 15 2 11 7 2 4 12 13 9 3
1 4 4 2 0 11 11 0 7 0 9 5 2
9 4 8 7 4 11 1 7 14 5 15 11 1
5 4 1 3 2 9 6 14 3 4 7 5 1
5 13 2 0 6 5 9 0 2 4 3 7 13
2 1 0 3 3 10 1 3 5 9 9 3 6
1 1 7 3 5 2 3 8 2 9 7 5 2
4 1 12 1 2 2 4 4 2 2 1 6 10
4 2 3 5 0 2 2 6 4 2 3 2 6
1 3 2 2 2 19 12 3 3 12 5 6 15
9 5 1 0 3 7 2 6 12 2 5 11 12
2 15 0 2 8 11 2 2 0 10 9 4 2
14 1 9 7 2 4 22 7 0 7 8 5 10
7 18 5 4 4 6 11 3 2 3 1 3 8
1 0 7 3 5 4 5 1 3 4 2 1 5
5 0 7 3 3 10 1 4 6 3 6 0 6
3 0 6 5 1 0 13 6 4 13 7 4 2
9 14 8 7 16 16 6 14 12 6 8 8 4
1 8 7 0 0 6 4 15 0 4 7 10 6
5 4 0 2 6 0 3 0 1 5 11 4 5
2 8 0 4 0 3 1 0 5 6 12 8 14
15 8 0 6 1 0 6 1 7 10 18 6 5
9 3 11 13 12 11 20 8 2 8 7 8 2
7 9 1 2 4 0 7 1 3 8 1 7 11
13 9 0 8 15 5 8 5 10 12 2 18 13
1 4 5 4 2 3 3 3 3 10 3 10 10
3 2 3 2 6 9 3 6 6 0 3 2 1
10 1 7 6 6 13 2 1 1 1 2 2 3
1 2 8 4 2 13 14 6 2 4 10 1 5
1 9 12 3 1 4 9 6 9 2 7 0 1
1 4 5 5 5 6 3 3 2 1 4 3 0
2 2 5 10 2 0 8 3 3 3 1 1 1
1 8 3 4 7 3 1 0 2 8 3 10 22
15 10 9 4 5 1 16 3 4 3 9 14 10
11 3 3 6 13 8 3 1 0 6 2 1 11
8 13 2 11 9 9 5 0 7 15 3 1 4
3 4 7 3 6 6 2 1 2 1 4 7 0
0 3 1 0 7 4 3 1 1 5 4 0 1
10 1 1 11 21 5 5 22 3 2 6 3 3
4 2 7 11 19 11 3 10 2 11 6 1 13
8 2 3 10 13 8 1 5 7 3 13 5 3
3 15 6 14 4 0 6 2 1 4 4 9 9
3 4 2 1 0 4 5 2 10 3 2 1 6
1 11 2 4 4 6 5 0 2 8 2 1 0
3 2 14 7 7 9 8 10 3 11 16 8 16
15 8 1 4 4 4 3 0 5 8 9 3 2
4 7 17 2 3 4 7 3 15 13 5 1 11
1 4 0 1 9 5 5 6 12 3 0 1 8
18 4 6 3 5 2 7 17 12 4 10 7 13
9 1 10 16 2 0 3 7 6 16 10 2 4
2 3 9 5 1 3 1 6 5 1 5 1 2
1 0 4 7 4 2 11 9 0 9 1 4 6
2 2 5 9 24 15 1 8 2 0 11 8 3
1 7 7 5 5 1 2 4 0 8 12 6 17
1 2 3 5 0 1 5 0 2 4 1 2 4
4 6 2 1 1 3 0 0 2 2 3 0 7
3 1 1 2 6 12 12 1 13 7 7 12 4
1 5 8 5 2 2 2 2 8 7 8 7 7
0 3 5 1 1 2 3 7 2 4 6 3 4
7 11 6 21 3 8 4 4 4 11 21 7 10
4 3 9 10 5 4 4 14 9 3 8 12 13
4 4 4 1 1 5 9 10 9 18 11 1 12
4 7 14 6 2 3 16 1 5 3 1 24 3
2 7 12 1 10 4 19 9 7 9 15 2 7
7 6 5 4 10 0 18 1 16 1 9 10 9
3 6 5 1 6 18 14 12 15 1 6 8 2
6 12 3 3 7 4 6 9 10 1 6 8 0
10 5 18 5 8 6 11 1 13 12 3 4 4
8 2 7 0 6 4 1 5 6 2 7 18 8
11 8 7 3 8 13 11 5 1 29 3 2 4
7 4 1 3 2 1 1 5 0 0 0 1 1
0 10 1 2 19 5 6 2 3 8 3 6 7
3 5 9 7 1 1 3 6 5 8 8 4 7
9 3 8 2 10 4 1 2 9 7 6 6 5
2 1 2 13 13 3 5 3 8 1 7 7 4
2 0 5 10 16 3 10 1 1 3 2 5 3
18 18 10 1 17 2 1 0 6 3 3 3 11
1 1 2 0 4 10 1 1 2 2 2 1 3
4 1 2 5 1 1 4 4 3 5 5 1 4
2 13 4 2 9 8 2 0 5 1 9 1 2
15 2 2 14 1 24 7 11 10 4 3 1 2
15 13 5 2 7 12 9 10 12 8 12 5 3
17 11 1 24 0 7 10 5 2 14 8 6 10
3 0 3 0 5 3 6 3 1 4 5 1 4
10 4 6 0 7 2 5 1 1 8 1 5 8
4 4 10 4 7 3 0 1 9 15 9 3 2
1 11 2 4 4 4 6 0 1 2 1 0 0
11 8 10 2 2 2 4 12 2 11 1 7 8
4 5 3 3 4 1 5 3 1 5 2 6 2
2 2 8 1 1 2 4 15 3 13 20 1 0
5 8 1 3 12 8 4 2 1 0 3 6 6
1 11 5 5 1 5 3 6 15 14 6 0 8
2 10 8 5 2 8 6 3 2 4 2 4 3
1 2 1 6 2 2 7 8 2 1 2 7 5
3 7 5 2 5 1 3 12 2 3 4 17 21
1 2 4 8 1 1 1 4 3 2 3 5 1
2 5 3 2 4 0 2 8 5 3 1 6 3
3 3 7 1 3 0 6 10 3 3 3 8 1
5 2 8 3 9 5 4 6 2 3 2 17 0
7 9 10 2 6 21 0 8 6 1 3 19 14
8 6 5 12 3 8 5 4 4 7 21 3 7
6 18 16 2 1 1 17 5 3 3 3 1 12
11 2 13 6 19 6 7 3 3 6 1 3 1
1 4 6 0 3 3 3 3 0 3 4 4 1
8 9 10 1 4 6 5 0 0 8 6 1 4
3 3 7 11 3 4 13 8 5 17 4 1 23
8 0 4 16 8 2 0 14 11 13 17 7 18
14 1 12 0 4 0 8 3 1 4 6 3 4
1 23 20 10 8 1 1 0 3 5 8 0 18
5 5 4 5 5 12 4 7 7 13 7 5 2
4 11 5 2 0 1 2 1 6 9 2 1 9
4 6 1 4 1 2 1 5 2 1 11 8 5
3 3 6 1 2 5 7 2 14 8 5 2 7
4 10 4 2 8 3 2 1 3 2 4 5 7
5 9 1 3 16 6 10 1 3 0 2 9 6
7 10 7 5 4 1 3 1 16 17 4 8 10
17 13 9 8 6 4 7 18 1 13 10 1 13
3 5 3 6 4 2 11 4 11 3 7 6 7
1 13 17 7 5 9 18 8 13 0 16 1 12
1 7 3 7 7 13 9 4 2 4 12 31 3
4 10 3 7 13 10 6 3 6 4 6 14 1
2 1 7 10 5 2 3 1 3 5 2 2 7
6 1 3 4 4 5 4 0 2 2 3 4 0
3 11 4 2 2 7 3 1 3 5 3 7 1
7 14 9 9 2 10 10 7 0 1 23 0 8
16 15 1 10 3 1 11 3 3 4 8 2 6
7 7 1 7 25 4 14 7 4 13 6 4 7
5 0 14 11 2 9 5 7 1 3 6 4 9
6 2 9 7 10 18 3 4 7 1 9 0 13
6 4 11 3 7 13 2 1 1 6 3 11 4
7 7 2 14 1 3 9 0 1 6 7 3 4
7 11 13 15 4 8 4 5 9 11 4 3 6
2 1 1 4 6 2 3 7 3 2 1 5 2
14 19 1 2 6 4 12 4 9 1 0 5 23
2 1 1 1 5 1 5 4 5 3 0 3 1
2 8 19 2 2 2 5 19 10 5 10 13 2
5 4 14 2 3 27 10 1 11 10 5 1 1
3 5 5 1 6 1 1 4 3 12 0 0 3
2 1 6 3 4 4 1 3 3 1 4 9 6
4 1 21 2 3 1 5 3 5 16 8 20 6
3 8 7 5 3 1 14 9 2 5 3 15 11
1 2 1 2 5 2 7 4 7 1 7 2 2
11 13 0 6 0 22 9 6 2 5 12 17 14
3 11 2 6 26 2 8 17 1 9 3 9 4
4 9 16 8 5 9 12 2 1 1 0 0 3
3 3 9 3 5 3 4 3 5 7 14 12 8
18 7 3 8 23 5 12 2 6 2 11 6 11
4 2 4 0 5 0 4 3 6 2 8 1 9
1 4 13 10 8 1 1 8 6 0 3 5 17
3 1 4 9 6 12 13 9 3 2 10 17 7
8 4 1 0 4 8 11 4 14 4 3 5 1
3 11 1 4 1 1 4 6 3 4 3 4 3
7 1 6 2 7 9 12 3 5 11 16 14 8
2 12 7 3 1 5 3 3 9 2 0 7 5
7 9 10 14 2 7 2 12 6 6 9 1 23
2 10 3 7 2 2 15 6 1 7 5 9 3
20 11 7 9 6 16 12 7 4 5 6 15 1
0 1 4 5 1 5 7 3 0 2 5 2 3
0 1 6 5 3 19 3 2 8 9 20 4 1
2 1 7 10 2 1 6 6 0 0 4 3 1
3 3 8 7 2 5 4 4 2 1 9 3 1
4 5 1 8 9 9 2 8 6 13 4 3 4
8 4 5 14 8 7 3 6 1 2 6 1 2
6 5 0 2 2 4 4 5 3 7 6 4 3
3 1 3 0 14 1 5 6 9 9 5 6 8
10 12 4 8 1 20 3 3 9 3 5 13 8
3 12 2 0 4 13 8 1 13 15 14 5 1
6 9 4 2 4 3 0 13 3 0 8 1 13
14 6 0 9 3 3 21 2 1 4 8 4 6
9 4 4 10 8 17 0 6 9 13 9 2 9
9 7 2 11 8 3 5 3 4 2 8 5 6
2 2 1 3 7 11 2 4 1 1 6 6 13
3 7 11 7 0 10 4 5 7 8 7 4 15
1 2 6 11 12 7 2 10 3 2 5 6 5
9 1 1 6 6 9 6 4 3 0 9 6 2
1 5 11 2 2 1 1 9 2 7 5 0 2
2 12 5 2 14 16 2 11 3 19 9 0 1
18 9 6 9 5 8 2 0 8 1 9 9 11
4 1 2 2 5 1 0 0 1 4 3 4 4
6 13 1 1 17 12 3 4 3 12 5 11 24
2 6 2 2 4 2 2 1 7 5 4 0 3
1 2 6 1 3 7 5 8 4 10 12 12 7
18 4 5 11 17 5 4 13 4 4 4 1 23
2 6 0 12 1 1 2 1 5 8 5 1 4
7 3 17 1 8 11 11 3 3 21 9 9 15
5 3 0 1 4 1 4 6 1 2 1 0 2
20 15 8 3 10 1 6 3 2 3 1 8 4
2 2 2 3 2 4 5 5 0 5 6 0 2
14 5 2 9 12 0 16 9 23 8 10 2 11
5 7 3 1 0 1 1 1 2 1 4 3 1
7 5 3 12 0 1 5 13 1 7 3 3 8
11 13 2 3 2 3 12 5 15 2 3 3 6
4 6 0 3 7 0 4 8 0 4 2 0 7
2 5 5 1 2 4 2 4 3 1 2 2 2
1 15 4 10 21 5 18 6 0 4 12 2 12
0 1 4 5 1 4 3 4 2 0 3 0 3
6 1 1 4 1 1 2 5 8 2 2 1 1
2 0 1 1 6 6 2 5 6 1 2 5 3
12 1 8 6 3 8 2 4 4 7 6 6 1
5 3 0 8 9 4 2 5 1 2 1 3 4
2 16 5 11 3 8 6 17 2 13 12 6 15
9 11 7 10 4 12 18 11 1 2 9 8 7
0 22 11 2 12 0 4 0 24 10 8 2 0
4 1 6 4 2 1 1 1 10 1 5 5 3
11 8 5 21 5 5 1 2 4 4 4 24 15
8 3 2 14 7 0 13 0 9 7 8 2 15
1 10 0 12 9 5 5 4 3 6 3 1 4
9 7 12 12 0 10 14 6 1 1 5 1 13
7 4 4 0 5 4 10 2 8 11 12 14 4
2 3 1 2 8 0 10 2 3 3 3 1 1
0 7 4 2 1 0 1 4 0 4 3 0 6
1 2 8 2 6 12 4 9 4 8 3 3 4
1 5 4 4 5 10 14 2 1 0 6 4 2
1 13 11 8 2 12 6 8 19 1 5 7 4
16 7 6 5 10 11 0 12 1 21 14 2 12
8 4 4 1 2 3 4 5 2 11 18 3 5
10 10 9 5 19 4 0 4 16 18 2 2 3
4 1 8 6 6 3 2 2 8 1 19 4 11
8 16 6 7 11 2 10 7 12 10 2 13 5
5 1 4 7 1 5 0 0 4 2 4 2 4
6 16 12 3 1 8 4 9 11 3 2 13 12
1 9 3 9 1 4 2 2 16 6 0 2 6
1 11 3 15 6 7 2 1 0 1 4 3 2
2 3 2 4 5 0 1 2 0 1 0 2 7
11 4 10 4 7 5 1 2 6 6 6 6 13
4 6 2 4 1 1 13 6 2 2 4 7 6
6 6 4 6 7 16 2 9 13 3 9 3 9
1 10 3 0 2 10 6 6 1 11 6 3 8
3 2 4 3 6 1 2 0 2 2 6 2 1
17 3 3 8 1 3 27 6 12 6 5 2 1
0 1 6 7 1 2 9 0 2 4 1 5 1
11 11 5 7 3 4 8 7 1 13 8 5 3
5 1 3 4 0 2 0 3 4 2 2 2 8
0 3 1 0 11 9 8 7 6 0 4 1 0
6 2 2 2 2 5 1 7 2 5 6 7 5
9 7 19 7 0 3 2 4 3 7 6 12 18
4 8 2 7 22 9 17 12 7 4 11 4 8
3 1 20 13 3 8 3 4 10 1 6 16 4
12 9 6 2 11 1 9 1 9 8 0 4 7
6 0 2 2 3 10 15 3 5 2 11 5 21
11 15 2 10 8 22 5 12 12 1 6 10 5
5 17 7 4 0 11 14 6 3 2 13 3 10
19 5 16 22 2 0 15 3 10 7 1 3 4
7 6 14 3 8 11 6 1 14 0 5 11 1
1 8 3 1 12 8 6 6 3 10 21 16 14
2 2 2 10 3 4 1 1 6 3 6 5 0
12 4 1 12 1 5 8 6 0 5 9 4 5
7 11 3 15 5 0 7 12 4 3 3 9 9
0 8 5 2 4 3 5 14 4 1 4 1 1
3 5 3 2 3 1 7 2 8 1 5 7 2
6 4 1 3 2 2 2 1 5 2 1 5 2
4 9 7 6 5 13 9 11 8 5 3 8 26
3 3 3 7 5 7 8 7 12 4 1 2 13
12 5 9 11 1 19 8 8 18 10 6 2 13
12 4 6 4 3 1 4 2 2 1 2 9 10
7 2 7 9 5 5 7 14 0 10 11 12 4
13 10 8 0 5 16 3 10 14 3 2 2 11
7 6 7 12 6 4 4 3 3 3 10 2 20
1 4 5 4 4 1 1 0 3 4 4 2 2
6 0 4 5 3 0 3 1 4 0 2 2 3
2 4 8 8 5 3 4 3 4 5 2 4 0
6 3 9 3 4 2 5 18 7 4 3 3 15
2 3 24 10 4 16 14 14 10 3 3 4 7
1 2 2 3 4 4 2 3 2 1 1 10 5
9 2 7 5 20 11 21 8 4 8 2 8 2
6 7 2 11 2 6 8 3 5 1 1 10 0
1 16 2 11 5 6 7 16 2 12 6 6 4
0 1 1 2 2 4 10 5 2 11 3 5 2
14 20 5 1 17 13 10 5 9 2 10 1 1
0 3 2 0 4 0 6 0 8 1 1 1 1
11 3 9 6 3 5 4 5 4 4 10 2 6
2 3 4 2 5 7 7 5 10 1 5 7 2
1 16 0 8 6 9 2 15 8 11 16 8 0
1 6 6 5 3 5 0 8 7 9 6 7 0
0 10 6 10 11 1 9 9 5 7 6 1 16
17 5 16 2 7 15 1 5 2 14 12 10 12
3 9 4 3 2 3 8 8 1 5 4 3 4
1 1 3 7 1 0 2 2 2 7 2 4 1
2 1 0 15 5 12 15 2 6 3 1 9 3
3 1 1 10 1 2 5 2 2 10 4 5 6
4 4 11 5 3 9 2 0 0 5 11 1 6
2 5 2 14 4 13 2 1 5 9 4 2 3
3 10 1 4 3 10 1 4 1 4 9 3 1
10 14 4 17 9 2 1 5 13 1 12 2 2
5 17 4 15 8 2 5 8 6 1 5 4 5
21 7 1 5 9 8 3 4 2 13 13 14 5
1 3 1 6 1 0 1 3 6 0 1 2 14
1 9 4 4 2 1 4 13 3 9 3 2 2
17 7 1 4 7 14 16 4 1 5 16 14 6
6 6 2 1 5 14 9 6 5 1 13 13 8
2 0 6 3 2 2 2 5 2 6 2 3 2
2 1 1 0 1 1 4 3 8 2 11 2 5
1 6 5 3 1 3 6 12 4 1 8 3 5
5 2 1 10 1 2 10 2 4 2 6 8 3
5 8 18 7 10 1 21 4 3 5 8 7 7
1 1 6 5 16 8 5 10 7 5 6 2 4
3 8 3 7 16 7 19 7 3 5 5 3 6
5 3 4 7 3 0 2 9 8 5 2 2 7
25 12 1 8 11 2 13 10 9 7 12 2 8
8 1 2 9 3 3 2 2 8 2 9 1 3
4 1 8 4 2 13 14 7 11 19 7 2 12
4 6 8 0 0 20 9 1 13 9 4 4 12
2 15 15 0 28 2 4 9 5 3 12 1 5
1 6 3 4 4 7 0 3 1 4 2 5 1
8 3 7 1 4 9 23 6 14 8 6 12 5
3 21 10 3 3 7 11 2 2 20 5 5 2
5 0 9 4 3 4 6 9 2 1 7 1 5
15 12 1 4 2 9 7 4 5 9 14 8 18
3 1 3 4 9 9 6 4 7 11 8 3 1
10 12 20 0 8 12 1 17 6 1 4 2 0
16 6 4 13 1 4 2 14 3 7 5 8 1
15 3 13 16 8 6 12 1 23 1 3 2 13
2 4 6 9 14 2 13 5 7 14 24 3 3
13 15 3 13 7 8 0 12 6 0 5 3 8
0 16 14 2 4 5 2 5 8 8 0 11 10
8 7 0 4 2 10 5 3 4 6 6 1 3
5 16 19 6 18 4 2 11 11 1 6 14 2
4 5 5 8 10 3 1 1 1 4 1 1 2
6 3 12 26 3 1 0 1 4 10 3 11 9
11 16 9 6 1 4 3 7 7 2 4 1 10
2 10 4 5 7 3 4 10 2 5 5 4 8
2 2 0 5 3 4 6 3 1 7 2 13 4
13 2 7 6 5 3 5 18 15 20 5 7 7
11 8 5 11 10 2 4 5 12 18 11 1 1
16 14 7 13 3 7 2 0 21 15 8 10 2
5 3 4 1 1 6 1 3 1 0 0 7 4
8 4 0 4 12 20 19 8 13 4 2 10 12
6 8 7 11 11 17 7 2 8 2 1 22 0
3 13 0 12 9 6 13 4 2 7 1 11 16
1 2 1 6 3 1 3 4 13 5 11 7 10
16 8 22 8 3 19 11 5 12 4 4 4 5
5 15 20 2 3 1 12 2 12 12 5 6 10
6 10 4 17 6 17 18 3 8 8 3 1 5
14 1 2 14 14 10 14 4 8 0 13 10 2
3 10 6 5 6 9 9 4 18 11 3 25 7
3 2 18 11 12 14 7 5 14 10 11 9 8
11 1 1 1 3 6 1 2 1 7 1 2 8
10 1 7 8 6 16 5 11 10 7 2 17 6
12 4 6 8 18 8 4 6 4 6 3 1 9
2 2 6 6 2 6 6 9 4 4 5 3 5
2 5 1 3 4 5 5 5 2 7 6 6 4
5 12 9 1 10 21 9 3 5 17 4 9 7
3 6 20 2 15 2 4 7 6 3 11 4 7
4 13 4 2 5 2 3 5 5 1 2 0 2
4 3 1 3 15 4 15 5 1 0 4 12 11
3 2 1 3 6 7 3 6 6 4 9 1 2
5 12 6 7 21 6 9 5 1 4 3 6 3
13 16 14 7 7 2 5 13 4 11 10 2 9
2 11 3 6 8 4 7 4 7 2 1 6 7
3 1 0 3 6 2 3 0 7 2 3 4 2
3 2 0 3 1 0 1 6 2 2 6 3 4
2 8 4 1 1 1 9 4 1 1 8 8 6
8 5 8 6 6 9 15 7 1 7 23 8 11
1 6 0 1 2 2 1 0 8 12 1 4 9
0 2 1 1 2 1 4 0 4 5 2 3 5
3 12 3 2 1 1 7 17 10 1 8 7 6
0 16 3 1 5 3 1 23 5 5 14 4 4
1 2 1 4 2 6 2 1 3 1 2 3 6
14 2 11 1 10 2 1 9 1 1 12 0 5
1 3 15 10 1 13 8 8 12 3 12 4 6
4 4 13 3 1 5 1 2 2 11 2 2 5
0 1 4 2 5 5 5 2 2 2 1 7 4
8 3 5 5 16 13 5 1 6 9 5 8 3
7 1 19 3 13 6 13 8 2 16 9 9 8
8 9 3 3 2 8 7 2 2 12 20 20 1
0 6 2 17 1 22 7 4 8 5 11 13 14
3 3 2 0 3 9 8 1 5 1 4 2 1
1 12 13 3 4 3 14 4 3 3 2 12 3
3 15 1 13 5 6 7 14 3 6 13 17 6
4 3 7 7 4 1 4 5 12 1 1 8 1
14 2 2 10 7 0 3 2 4 0 7 0 2
2 3 2 9 9 1 1 0 4 8 3 5 2
3 1 8 12 0 10 7 1 3 4 0 3 5
0 7 1 2 2 4 5 6 3 2 9 19 9
9 4 12 5 8 1 10 2 11 5 9 7 6
2 2 6 10 8 1 2 22 12 15 3 15 7
3 7 3 2 5 15 3 10 1 2 5 10 3
6 6 3 4 3 2 2 1 5 1 1 4 0
4 2 0 1 3 6 2 1 2 5 1 0 3
5 3 1 1 7 6 6 2 5 1 1 1 2
1 5 2 0 2 8 2 0 2 9 0 6 10
11 15 7 2 4 15 5 8 4 5 12 10 16
9 10 9 4 1 2 12 4 2 0 1 15 2
5 5 4 5 8 5 1 6 15 13 4 6 2
3 0 6 13 4 10 15 6 6 4 9 14 11
1 8 14 2 12 1 12 9 6 0 5 8 6
13 1 19 3 4 15 8 6 2 12 1 6 10
1 12 6 3 9 1 12 4 12 1 7 13 1
0 6 1 11 10 12 2 8 2 6 7 14 10
11 4 3 4 0 0 23 9 13 4 12 13 4
1 0 11 4 2 3 6 1 2 4 1 0 3
11 4 13 2 4 7 0 3 4 1 2 0 8
1 5 3 5 1 5 1 5 1 4 1 1 1
10 16 7 1 15 3 3 9 13 3 13 7 5
13 3 5 6 6 4 1 6 4 24 20 12 5
0 4 7 4 2 2 7 2 4 1 0 2 1
16 6 9 7 9 3 7 12 12 2 10 14 2
10 13 13 8 10 12 15 3 10 1 8 5 8
10 14 18 1 6 12 10 11 18 5 12 3 2
4 16 6 11 17 11 11 4 7 2 11 1 1
4 3 7 7 11 6 17 15 1 6 2 3 0
16 1 17 0 21 1 10 4 7 8 4 17 1
5 1 3 4 6 12 14 15 4 2 6 3 4
2 3 3 5 19 16 1 4 7 14 8 2 5
17 1 3 10 11 5 16 12 11 8 6 5 4
1 14 3 9 9 10 0 0 11 1 10 7 12
4 2 4 0 1 1 1 8 2 0 1 5 5
3 2 1 1 2 4 3 0 4 3 3 0 5
14 6 6 8 8 6 5 7 1 9 4 12 6
7 11 3 15 9 2 13 9 1 0 5 7 15
7 3 10 12 6 4 4 5 5 14 23 2 6
2 3 7 0 6 1 0 4 2 0 3 0 9
2 3 4 3 6 3 5 2 3 2 4 1 7
0 1 1 0 8 2 5 3 4 0 1 3 8
0 3 12 3 3 4 1 4 5 7 5 9 2
5 6 1 2 1 4 1 2 6 2 4 2 1
5 9 12 10 8 8 4 8 5 13 1 2 3
14 4 12 6 2 2 22 5 1 12 10 1 4
3 5 3 7 17 3 9 4 2 9 10 6 10
9 0 2 6 7 1 3 0 4 1 4 6 1
1 0 3 11 10 8 2 2 2 6 3 2 8
7 0 1 4 4 18 11 9 7 3 3 6 5
14 14 15 3 9 0 8 3 5 7 11 11 6
1 2 0 4 4 1 4 1 3 1 8 9 4
9 1 1 6 4 4 2 1 3 3 8 1 4
1 9 1 2 2 1 5 7 5 10 10 3 6
13 1 10 22 6 18 0 6 2 3 14 2 10
12 13 14 10 7 11 1 3 1 7 3 13 7
10 10 22 7 7 4 11 2 0 4 0 17 7
3 3 7 4 1 5 4 10 7 10 11 7 5
10 3 8 3 5 4 10 3 17 4 2 0 0
1 2 2 1 1 3 0 2 0 9 7 6 2
11 2 9 15 13 13 3 16 12 6 3 1 5
9 13 1 21 3 12 7 16 8 9 9 3 12
3 9 2 2 12 19 4 12 1 3 1 13 5
3 9 3 6 3 0 4 4 3 3 1 4 0
0 2 3 2 0 3 1 2 4 1 5 8 4
4 2 7 1 1 2 7 6 15 1 1 1 2
4 11 3 7 18 2 3 3 6 11 9 6 3
18 6 12 1 5 4 3 3 2 10 1 12 2
3 3 11 8 4 2 11 2 1 2 8 6 6
6 1 5 9 1 1 2 4 2 2 6 3 1
9 7 1 9 10 14 5 11 3 3 10 8 6
11 10 1 3 6 7 1 0 5 5 5 4 7
2 1 2 1 5 5 9 0 4 6 3 2 4
7 2 6 11 8 12 2 7 4 1 8 1 0
6 5 4 5 4 2 2 0 1 1 5 4 4
4 7 7 5 1 1 12 26 6 5 5 3 10
5 6 0 2 6 1 1 3 1 5 1 11 0
2 1 1 0 2 7 9 1 2 6 0 3 2
2 4 5 1 1 2 5 1 2 1 4 2 4
19 7 1 11 10 7 3 11 6 7 6 2 1
5 2 2 17 6 1 1 13 10 1 2 5 2
8 1 4 7 3 2 2 30 6 13 10 7 8
2 1 2 5 1 3 1 2 5 6 1 3 4
4 8 19 2 5 2 7 1 7 20 2 2 14
4 6 17 3 5 11 5 8 11 3 15 10 6
3 3 1 5 1 5 1 0 6 4 4 7 7
1 5 3 1 2 3 9 8 3 0 2 5 10
4 6 18 2 11 5 1 3 9 16 12 3 12
28 4 9 6 13 1 13 0 1 5 13 7 10
6 8 14 4 4 24 2 4 9 12 4 17 1
3 1 4 4 5 1 3 1 0 1 6 0 1
5 23 12 10 6 12 13 0 9 0 8 0 3
8 7 17 3 17 6 8 9 0 10 7 9 6
2 0 2 1 3 1 5 3 0 6 4 5 1
6 15 3 1 8 16 11 8 6 2 8 6 3
1 5 13 0 15 1 4 1 1 7 1 4 4
7 5 11 10 12 8 14 2 5 17 5 3 2
7 9 0 3 3 5 1 14 5 8 8 13 2
6 6 1 1 4 1 3 3 5 11 4 7 7
2 3 6 5 8 3 5 2 7 3 8 5 5
4 23 6 3 11 4 6 0 3 6 16 1 3
6 8 0 3 5 0 3 4 1 1 1 3 0
7 3 3 3 6 1 8 4 10 9 3 10 7
9 5 11 14 2 10 2 4 6 6 5 12 2
3 2 4 10 0 6 3 8 6 11 0 9 8
2 3 0 8 10 2 14 3 1 3 13 1 3
11 5 8 13 15 6 19 4 12 3 17 0 6
3 26 4 6 11 3 10 6 6 15 0 4 10
1 6 19 17 9 10 2 2 7 5 4 14 17
1 6 13 10 4 14 3 8 1 5 14 5 2
4 2 10 4 1 3 1 0 1 3 5 1 7
4 10 3 5 1 10 1 7 8 7 2 7 3
17 14 9 4 13 2 12 7 3 6 15 13 2
8 9 1 2 5 14 0 10 16 3 9 5 2
7 3 12 7 0 7 10 4 1 8 11 6 1
13 5 5 6 3 1 2 1 2 4 5 2 1
10 2 0 11 1 2 2 8 11 11 4 18 10
8 7 8 4 15 7 8 3 29 12 2 5 5
25 1 14 6 12 7 0 7 7 14 14 3 5
6 3 3 4 1 11 4 4 5 11 1 0 4
1 8 1 3 11 2 4 5 5 4 2 7 3
2 14 11 6 5 6 0 7 4 7 2 6 1
11 7 19 9 0 1 2 13 5 9 10 9 7
10 3 7 5 5 1 12 2 2 6 1 0 2
5 7 18 3 12 12 1 7 7 24 0 12 1
16 4 3 7 14 18 2 23 3 1 3 0 12
6 2 7 11 5 2 1 8 10 7 7 24 14
6 13 2 5 1 10 5 7 15 12 6 4 9
4 3 8 2 1 3 4 5 7 5 0 4 2
1 4 6 6 4 1 6 2 8 4 5 3 8
15 11 3 1 0 8 3 2 8 4 1 14 8
4 0 1 0 4 1 4 1 1 2 4 6 3
3 3 10 5 0 2 7 4 1 1 5 1 3
6 4 3 14 15 8 10 3 15 11 3 7 0
4 3 4 2 6 6 6 6 0 4 1 0 8
1 16
1 58
2 38
2 78
5 11
5 35
5 48
5 53
5 54
5 63
5 89
6 50
7 74
7 89
9 41
10 40
10 43
10 75
11 80
11 84
12 44
12 59
13 43
13 54
13 80
14 67
16 77
16 89
17 48
18 59
18 98
19 90
20 26
20 80
21 30
21 35
21 56
21 65
21 73
22 57
22 62
22 70
23 25
23 72
23 97
23 102
24 68
24 97
24 116
25 52
25 53
26 33
26 43
26 70
27 78
28 30
28 96
28 116
29 60
29 106
29 112
30 41
30 84
30 103
30 114
30 120
31 71
31 83
32 96
33 59
34 62
34 89
35 48
35 96
35 127
35 133
36 45
36 47
36 55
36 75
36 79
37 96
38 48
38 127
38 138
39 61
39 90
39 120
40 58
40 71
40 81
40 139
41 77
41 109
42 117
43 94
43 115
44 51
44 56
44 89
44 102
45 69
45 121
46 114
47 90
47 134
47 142
48 85
48 98
48 146
49 142
50 114
50 129
51 71
51 90
51 104
52 140
52 146
53 123
54 69
54 81
56 108
57 150
58 83
59 61
59 159
60 119
60 160
61 87
61 102
61 110
61 150
62 117
62 134
62 140
63 127
63 159
64 70
64 109
64 120
64 148
64 158
65 97
65 157
66 83
66 159
67 100
67 114
67 149
67 159
68 140
68 165
69 80
69 102
69 146
70 79
70 92
71 89
72 150
73 131
73 169
74 101
75 114
77 104
77 128
77 157
77 160
78 94
78 98
78 102
78 146
79 99
79 143
79 152
79 157
80 128
80 159
81 165
82 110
82 153
83 153
83 179
84 102
84 103
84 120
84 159
85 107
85 120
85 165
85 166
85 174
86 115
86 155
86 156
86 165
88 98
88 115
88 130
88 137
88 176
89 111
89 138
90 125
90 131
90 148
91 117
91 121
92 103
92 142
92 157
92 159
93 161
93 163
93 183
94 101
94 121
94 147
94 168
94 191
95 166
95 187
96 116
96 184
97 103
97 155
97 190
98 109
100 179
101 134
101 148
101 158
101 172
101 177
101 192
101 201
102 139
102 194
103 114
103 119
104 116
105 116
105 135
105 137
106 112
106 157
106 162
106 199
107 121
107 163
107 194
107 199
108 112
108 117
108 154
109 183
110 118
110 154
111 133
111 156
111 188
111 195
112 150
112 182
112 183
112 200
113 119
113 205
114 155
114 167
114 190
114 194
115 160
115 183
116 144
116 152
116 159
116 164
116 211
117 165
117 199
117 208
118 174
119 129
119 206
120 172
121 133
121 193
121 202
123 134
123 170
123 194
124 171
125 128
125 138
125 225
126 211
126 220
126 226
127 140
128 196
129 172
129 202
130 149
130 151
130 192
131 169
132 151
132 179
133 155
133 211
134 187
134 203
135 157
135 183
136 141
136 198
136 224
137 155
137 208
138 237
139 181
139 183
139 218
139 227
140 148
140 164
140 226
140 230
141 186
143 149
143 208
143 242
144 205
144 208
145 154
145 234
146 158
146 235
147 160
148 165
148 230
148 246
148 247
149 153
149 197
149 229
149 236
149 237
150 157
150 180
150 184
150 196
150 213
150 228
151 167
151 189
151 239
152 172
152 225
153 161
153 214
153 246
154 157
154 163
154 190
154 205
155 236
155 239
155 243
155 248
156 220
156 225
156 240
157 192
158 227
159 232
159 242
160 174
161 212
161 251
161 258
163 194
163 232
163 252
164 213
164 223
164 243
164 257
165 204
165 241
165 263
166 192
166 212
166 261
167 246
167 256
168 189
169 172
169 258
170 226
170 248
172 204
173 237
174 180
174 209
174 215
175 218
177 186
177 207
177 274
178 188
178 203
178 249
178 270
179 182
179 185
179 203
179 232
180 203
180 205
180 265
181 205
181 247
181 249
181 267
182 241
183 207
183 211
184 245
184 266
185 218
185 220
185 246
185 262
185 266
185 275
186 265
187 276
188 217
188 259
189 249
190 191
191 225
191 285
192 292
193 212
193 240
193 274
194 259
194 267
196 216
196 246
196 260
196 289
197 218
197 272
197 278
198 238
198 242
198 258
198 296
198 297
199 242
199 279
200 205
201 220
201 223
201 293
201 300
202 229
202 273
204 269
204 271
204 273
206 243
207 228
207 284
207 303
208 228
208 289
208 295
208 308
209 246
210 218
210 236
210 262
210 291
211 271
212 225
212 231
212 258
213 235
213 293
214 261
215 229
215 251
215 312
216 229
216 296
217 219
217 309
218 226
221 321
222 250
222 311
223 284
224 315
224 321
225 304
227 317
228 231
228 283
228 293
229 307
230 246
231 297
231 302
231 311
231 313
231 314
232 286
234 281
234 288
234 304
234 317
235 270
235 301
236 258
236 310
237 256
237 267
237 283
237 284
237 319
237 322
238 239
238 240
238 252
238 299
238 330
239 277
239 319
240 297
240 323
241 246
241 261
241 266
242 249
242 253
242 270
242 305
243 244
243 291
243 294
244 303
245 251
245 320
246 331
246 332
247 260
247 295
248 253
248 263
248 325
248 338
249 349
250 288
250 294
250 329
250 332
251 262
251 333
252 281
252 284
252 319
252 339
253 255
253 269
253 271
253 352
254 341
254 346
255 297
257 354
258 267
258 337
259 262
259 275
259 336
260 262
262 300
262 359
263 287
263 320
264 296
264 308
264 345
264 356
265 315
265 341
265 351
266 281
266 309
267 307
268 302
268 326
268 342
269 270
269 271
270 335
271 323
272 294
272 295
272 296
272 333
272 357
273 307
273 351
274 284
274 312
275 344
275 375
276 299
276 307
277 331
277 369
278 350
278 356
279 358
280 314
280 349
281 289
281 342
282 324
283 293
283 315
283 338
283 349
283 353
284 299
284 353
284 372
285 320
285 334
286 303
286 319
286 329
287 300
288 321
288 336
288 356
289 348
289 368
289 377
290 314
290 365
290 389
291 318
291 329
292 385
293 321
293 352
294 324
294 325
294 330
294 333
294 362
294 377
295 377
296 303
296 337
296 350
296 379
297 382
298 318
298 320
298 326
298 331
298 336
298 342
299 357
300 397
302 313
302 332
302 360
302 367
302 380
303 354
304 324
304 353
304 363
304 375
305 334
305 382
305 398
306 332
306 336
306 350
307 324
307 377
308 325
308 354
309 378
309 396
310 341
311 377
313 367
313 371
313 397
314 345
315 357
316 322
316 353
316 376
316 391
317 339
317 347
317 364
319 383
319 396
319 413
320 367
320 407
320 412
321 343
321 376
322 351
322 381
322 422
324 362
324 367
324 378
324 418
324 423
324 424
325 331
325 412
326 350
326 361
326 367
326 370
326 405
327 332
328 347
328 362
328 389
329 332
329 340
329 361
329 417
329 422
331 332
332 417
332 430
333 350
333 378
333 394
333 433
334 422
335 340
335 386
335 434
337 353
337 358
337 362
337 404
338 398
338 430
339 341
339 406
340 360
340 384
340 386
341 343
341 406
341 413
342 370
342 372
344 401
344 425
345 358
345 415
346 355
346 434
347 357
347 382
347 395
347 407
347 417
347 420
347 429
348 368
348 379
348 401
348 406
348 408
348 431
349 386
351 377
351 386
351 400
352 387
352 392
352 394
352 420
353 379
353 418
354 449
356 394
356 452
357 370
357 391
358 448
359 404
360 420
360 428
360 459
360 460
361 387
362 392
362 453
363 368
363 431
364 365
365 400
366 392
366 437
366 456
367 391
367 428
368 382
368 440
369 381
369 406
369 463
370 462
371 375
371 390
371 399
371 407
371 425
371 457
372 398
372 412
373 393
373 452
373 457
373 467
374 440
374 450
374 472
375 415
375 430
375 440
376 413
377 406
378 383
378 421
378 451
378 452
379 457
380 382
381 387
381 401
381 414
382 413
382 417
382 452
383 433
383 458
383 474
384 476
385 394
385 443
387 427
387 442
387 476
387 485
388 455
388 481
389 450
389 469
390 459
391 422
391 455
392 420
392 438
392 491
393 394
393 398
393 451
394 408
394 439
394 472
394 479
395 495
396 408
396 445
396 456
397 438
397 450
397 464
398 423
398 431
398 471
399 471
399 489
399 498
400 459
401 447
401 489
403 430
404 462
404 473
405 431
406 502
407 452
409 437
409 456
409 487
410 453
410 489
410 510
411 449
412 444
413 415
413 435
414 468
414 498
414 509
415 425
415 457
415 501
416 449
416 456
416 476
416 491
416 498
416 514
417 466
418 488
419 519
420 483
420 489
420 499
420 516
421 477
423 484
424 432
424 460
424 505
425 508
426 439
426 462
426 466
427 490
428 445
428 489
429 438
429 442
429 466
429 529
430 476
431 469
432 466
432 492
433 482
433 488
433 491
434 435
434 452
434 472
434 521
436 459
436 490
436 511
436 535
437 450
437 522
437 526
438 476
438 496
438 510
438 533
440 441
441 504
442 460
442 531
443 456
443 475
444 452
444 464
444 491
444 501
444 505
445 464
445 467
445 526
446 473
447 471
447 529
448 462
448 472
448 487
448 521
448 522
449 523
451 497
451 514
452 511
453 471
454 457
454 507
455 474
455 549
457 519
457 521
457 527
457 547
457 555
458 550
459 529
459 556
460 484
460 510
461 480
461 521
461 531
461 535
461 549
462 523
462 545
463 523
463 525
463 533
463 536
463 540
464 472
464 509
466 519
466 545
466 546
467 493
467 496
468 477
468 482
468 497
468 504
468 554
468 558
468 561
469 536
470 557
471 505
471 510
471 527
472 474
472 538
472 544
473 531
473 539
474 543
475 487
475 521
476 543
476 574
477 530
477 567
478 545
479 568
479 579
480 563
480 565
481 517
481 572
482 568
482 569
483 507
483 556
484 525
484 532
484 542
484 567
484 579
485 533
486 517
486 543
487 529
487 551
487 561
487 569
488 490
488 542
488 545
489 503
489 524
490 545
490 573
490 582
492 504
493 532
493 586
494 508
494 532
494 551
495 545
495 552
495 553
495 586
496 508
496 549
496 568
497 506
498 538
499 525
499 562
499 581
500 542
500 581
500 597
501 568
502 559
502 587
503 561
503 586
504 542
505 522
505 527
505 547
505 561
505 572
506 521
506 556
506 593
507 537
508 512
508 515
508 521
508 557
508 559
508 598
509 531
509 568
511 541
511 560
511 586
511 595
511 611
512 541
513 528
513 545
514 566
514 573
516 522
517 565
518 549
518 560
519 602
519 611
520 620
521 525
522 562
522 588
522 617
523 545
525 545
525 562
525 569
525 570
525 574
525 598
525 611
525 617
525 618
525 621
526 541
526 616
527 563
527 601
527 611
528 600
529 602
530 551
530 553
531 586
532 533
532 594
533 544
534 585
534 598
535 538
535 602
536 594
537 575
537 585
537 590
537 610
538 613
538 626
539 605
540 552
540 557
540 617
540 628
541 544
541 616
542 564
542 612
542 618
542 623
543 593
544 573
544 578
544 600
544 619
545 641
546 642
547 548
547 612
548 584
548 592
549 578
550 552
550 591
552 588
552 596
552 638
555 558
555 564
555 579
555 584
555 603
555 619
555 629
555 643
556 563
556 569
556 587
557 604
558 565
558 581
558 592
558 596
559 572
559 579
559 596
559 621
559 657
560 574
560 640
561 633
563 588
563 598
563 606
563 658
564 580
564 584
564 647
565 603
566 577
566 613
566 639
566 662
567 571
568 579
568 617
568 625
569 654
570 574
571 634
571 660
572 643
572 650
573 581
573 630
573 633
573 669
574 611
575 633
576 630
576 661
577 585
578 587
578 649
579 611
579 632
580 602
580 605
580 609
580 648
580 656
580 669
581 667
583 616
583 617
584 595
584 605
586 615
586 654
586 660
586 671
587 630
587 634
587 666
587 679
588 596
588 603
588 630
588 663
588 683
589 620
589 626
589 641
589 676
589 681
589 686
590 599
590 671
591 593
591 641
591 690
592 641
592 649
592 672
594 664
594 676
595 608
595 671
596 620
596 681
597 639
598 621
598 623
598 648
599 607
599 610
599 636
600 601
601 685
602 603
602 609
602 610
602 640
602 642
603 624
603 663
603 672
604 615
604 640
604 642
605 614
605 644
605 668
607 633
607 656
607 674
607 681
608 688
610 628
610 655
611 644
611 650
611 670
612 613
612 641
612 655
612 694
613 677
613 680
614 709
615 692
617 648
618 692
618 718
619 624
619 635
619 706
620 621
621 697
622 659
623 715
624 632
624 651
624 710
624 723
625 641
625 694
626 656
626 669
627 663
627 690
627 708
628 649
628 670
628 676
628 681
629 658
629 699
629 718
630 663
630 688
632 658
633 661
633 665
633 704
634 651
634 664
634 700
635 700
635 725
636 638
636 640
636 643
637 645
638 702
638 722
639 640
639 704
639 711
640 660
641 650
641 657
641 660
642 692
643 651
643 689
644 700
644 708
644 720
644 738
645 696
646 652
646 728
646 735
647 686
647 699
648 684
649 696
649 715
650 700
650 702
650 710
651 738
652 653
652 681
652 691
652 737
652 747
653 676
654 703
654 706
654 710
655 660
655 676
655 697
656 730
657 709
658 690
658 695
660 685
663 721
664 712
665 669
665 680
666 715
666 728
667 670
667 708
667 751
668 723
669 683
669 712
669 726
669 728
669 752
670 741
670 745
670 754
670 760
671 675
671 686
671 698
671 715
672 683
672 749
673 700
673 701
673 769
674 755
675 761
677 729
677 762
678 712
679 704
679 752
679 759
680 699
680 706
680 714
680 721
680 742
680 743
681 687
681 716
681 748
682 683
682 691
682 767
683 713
683 716
683 752
683 758
684 700
684 765
684 781
685 734
685 753
685 763
686 763
687 776
688 729
688 730
688 777
689 708
689 736
689 765
690 742
691 692
691 694
691 725
691 726
691 747
691 788
692 768
693 717
693 770
693 784
694 793
695 717
695 747
695 750
697 785
697 786
699 747
699 783
699 786
699 796
701 712
701 746
701 779
703 725
703 785
704 739
704 750
704 753
705 707
705 732
706 720
707 802
709 712
710 725
710 737
710 771
710 792
711 746
711 749
711 763
712 767
712 780
712 791
712 796
713 769
713 806
713 809
714 715
714 738
715 763
716 720
716 786
716 799
716 810
717 749
717 751
718 756
718 783
718 794
718 799
719 780
719 785
720 758
721 729
721 741
721 762
721 771
721 806
722 723
722 780
722 782
723 733
723 792
724 737
724 785
725 816
725 817
726 768
726 781
726 817
727 764
727 785
727 808
728 753
728 811
728 812
729 795
729 827
730 749
732 798
732 807
732 815
733 766
733 800
734 805
734 820
735 757
735 762
735 785
735 835
736 803
738 777
738 778
738 802
739 743
739 761
739 773
739 789
740 769
740 792
741 744
741 745
741 773
741 841
742 756
742 774
743 765
743 770
745 746
745 838
747 778
747 800
748 800
748 811
748 813
749 780
749 844
750 756
750 818
751 779
751 826
753 771
753 775
753 790
753 800
755 829
756 784
756 799
756 833
756 842
758 776
759 780
759 793
759 809
759 815
759 822
759 848
760 766
760 826
760 831
761 775
761 848
761 849
762 856
763 816
763 848
764 789
765 767
765 818
765 851
766 823
767 840
767 841
767 845
768 814
768 860
768 861
769 808
769 859
771 837
772 813
772 861
772 864
773 851
773 858
774 803
775 808
775 833
778 780
778 839
778 843
779 816
779 834
779 835
780 822
780 842
780 854
781 807
782 814
783 800
783 816
783 854
783 859
783 882
786 797
786 886
787 829
788 796
788 798
788 805
789 842
789 851
789 852
790 822
790 864
791 884
791 888
792 820
793 828
794 806
794 822
794 842
794 886
795 815
795 826
795 845
795 862
795 863
797 895
798 824
798 825
798 849
798 883
800 825
800 858
800 895
801 813
801 860
802 876
802 894
803 897
804 811
804 836
805 816
805 850
806 809
806 813
806 901
807 810
807 819
807 820
807 831
807 855
808 820
808 861
808 885
809 858
809 868
810 825
810 850
810 908
811 850
811 879
811 907
812 830
812 851
812 856
812 869
813 826
813 852
815 816
816 858
817 882
818 880
819 907
819 912
820 833
820 845
821 828
821 877
821 885
821 893
821 915
822 889
822 893
823 843
823 855
823 919
823 921
824 825
824 845
824 850
824 851
824 866
824 867
824 885
824 886
824 887
824 917
825 864
825 920
826 845
826 861
826 881
826 908
827 866
827 907
828 851
828 898
829 851
829 865
829 902
829 918
829 922
830 841
830 895
831 836
831 854
831 879
832 837
833 887
833 890
833 903
833 912
834 835
834 903
834 917
834 927
835 840
835 894
835 918
836 873
836 929
837 930
837 934
837 937
840 859
840 880
840 901
841 850
841 938
842 849
842 878
843 874
843 898
844 871
844 894
844 916
845 912
845 938
846 850
846 868
846 903
846 927
846 939
848 941
850 895
850 916
851 893
851 949
853 911
853 913
855 904
855 916
856 873
857 887
857 908
857 925
857 953
858 872
858 926
859 878
859 910
859 925
860 865
860 872
860 944
861 924
862 916
863 864
863 867
863 875
863 963
864 885
866 903
866 907
866 926
869 913
869 936
870 893
870 928
871 892
871 912
871 914
872 910
872 912
872 925
872 950
873 920
873 942
874 925
874 946
874 959
874 960
874 962
875 934
875 958
875 967
876 958
877 928
877 930
877 975
878 893
878 913
879 884
879 913
879 943
879 974
880 977
880 979
881 893
882 914
882 937
882 973
884 886
884 917
884 925
884 926
885 913
885 934
885 957
886 976
886 983
887 911
887 944
887 961
887 972
888 978
890 925
890 967
891 923
892 922
892 938
892 946
892 985
893 978
893 986
894 928
895 955
896 931
896 947
896 951
897 966
897 987
898 963
899 909
899 952
899 980
899 986
900 906
900 923
900 962
900 970
900 976
900 997
903 916
903 973
904 930
904 935
904 944
904 948
904 953
904 962
905 933
905 939
905 972
906 908
906 915
906 916
906 919
906 933
906 952
906 994
907 937
907 973
908 951
908 996
909 950
910 911
910 957
911 915
911 956
911 971
912 950
912 973
912 991
914 927
914 968
916 930
916 985
917 926
917 928
918 951
918 986
920 951
921 960
921 990
922 974
922 984
923 976
923 983
923 1000
924 954
924 977
924 980
925 937
925 987
925 988
926 945
926 995
927 983
928 931
931 995
932 936
932 964
932 989
933 956
933 987
934 961
934 973
935 942
935 946
935 986
936 965
936 970
936 983
937 970
937 979
938 979
938 990
939 987
940 957
941 961
941 979
941 988
942 969
943 990
944 990
945 975
945 990
945 994
946 974
947 984
950 956
950 980
951 959
951 966
953 970
953 995
955 985
955 991
955 992
956 969
957 959
960 968
962 994
963 974
968 972
969 978
972 983
973 974
973 982
984 994
992 999
15 16 15 1 14 18 8 4 8 16 5 2 10
4 9 0 12 11 3 3 1 21 10 17 9 11
5 19 9 11 5 14 3 12 20 24 13 13 22
4 8 10 9 2 2 3 4 12 2 1 0 0
5 4 3 1 17 7 14 19 11 6 10 4 6
7 5 20 1 5 12 4 9 6 6 0 0 6
12 15 17 20 3 7 8 10 1 4 3 7 14
9 1 20 8 3 2 24 16 2 23 20 25 6
2 7 12 6 6 8 10 16 26 8 10 5 12
11 11 5 12 23 6 18 5 18 18 3 23 15
12 1 26 16 4 12 14 5 5 5 16 13 10
4 3 21 8 14 6 26 25 7 1 10 12 5
8 1 13 12 13 2 12 16 2 7 12 15 5
9 21 3 11 2 20 10 20 11 8 1 21 6
4 10 8 4 7 16 1 32 1 25 8 3 4
4 40 2 31 10 7 5 1 5 7 5 5 16
5 10 2 1 4 3 5 10 10 5 19 15 10
5 7 8 15 6 23 11 9 9 6 2 14 13
17 1 2 11 8 4 19 7 16 5 3 24 1
14 34 17 2 14 4 11 15 14 12 5 24 9
42 38 26 72 44 64 50 34 39 26 36 42 47 27 57 47 29 38 41 22
16 6 9 31 17 33 31 26 13 4 27 23 22 20 26 18 25 20 14 8
25 34 24 58 32 52 27 30 23 14 16 22 29 34 49 36 39 22 26 19
19 33 12 45 19 24 15 11 18 5 10 17 13 2 27 29 16 5 15 5
3 6 1 14 2 8 5 5 1 2 2 2 6 4 6 5 2 3 8 1
24 40 24 75 47 56 30 45 37 19 38 48 44 36 41 35 45 34 44 21
12 10 5 24 18 20 3 7 12 1 7 14 9 3 15 12 11 5 14 4
13 13 6 33 19 34 10 16 8 5 12 11 14 14 21 9 17 10 25 8
43 44 25 76 40 69 38 39 32 19 34 32 30 33 60 50 46 30 37 18
17 45 24 55 37 41 32 39 25 20 22 36 40 24 44 49 45 21 30 16
28 34 29 56 24 53 42 32 27 19 26 21 28 41 47 46 36 34 42 20
5 8 1 11 7 9 1 1 3 1 1 4 1 2 4 5 9 1 3 3
20 11 2 40 24 39 18 15 13 9 16 24 17 14 23 16 17 18 30 15
12 12 1 27 13 19 9 5 5 7 10 14 8 9 11 12 12 8 16 7
15 11 1 22 19 23 12 16 11 8 18 18 16 8 13 11 14 11 18 10
15 32 16 45 11 26 23 26 12 18 26 13 16 12 13 26 30 14 30 12
9 12 7 21 10 20 6 1 7 5 1 6 1 9 13 11 12 10 8 7
39 31 18 55 40 51 24 17 35 16 8 26 13 26 42 34 30 22 20 21
30 49 21 72 35 51 46 19 30 34 30 39 38 31 34 60 41 41 53 28
26 37 17 71 20 48 36 41 16 26 35 27 35 24 30 33 33 25 51 20
7 34 9 45 31 28 12 16 10 10 20 26 26 22 18 29 32 16 41 9
1 2 1 19 9 15 1 14 1 1 8 11 15 7 7 1 1 3 19 1
1 17 9 18 4 9 5 2 5 1 1 7 3 1 16 13 10 2 1 1
12 25 7 23 10 17 5 8 4 4 4 1 8 5 17 18 19 1 10 6
42 52 20 75 49 66 39 29 34 23 45 42 38 14 51 45 41 33 49 7
5 5 1 14 2 16 9 13 1 1 9 7 13 1 16 8 1 2 5 1
21 4 1 29 17 30 13 7 8 8 2 5 6 15 20 12 10 9 19 13
6 12 1 26 3 11 8 8 1 4 7 5 5 9 9 9 5 2 12 1
11 6 1 23 8 15 5 6 5 1 2 6 4 4 12 5 8 1 6 5
1 11 5 18 8 8 9 13 6 2 8 6 8 13 13 8 12 3 16 1
8 11 1 18 8 13 12 13 5 9 3 5 13 8 8 8 12 7 14 12
11 34 19 42 33 31 10 18 16 13 13 25 21 19 28 28 39 19 30 11
13 21 3 19 19 16 1 8 7 7 3 5 6 10 14 16 22 5 15 9
4 1 1 16 2 10 5 4 1 1 1 1 3 3 11 1 1 1 4 1
4 13 1 14 3 4 1 4 1 2 3 1 1 6 3 9 6 1 4 1
16 26 19 52 41 50 16 37 33 13 22 31 25 32 39 21 40 26 35 12
31 24 14 45 23 47 30 32 10 8 32 21 26 23 37 35 29 20 20 10
3 17 3 39 15 17 20 20 9 12 14 20 20 16 4 15 23 10 31 11
2 1 1 6 2 6 1 1 1 1 1 1 1 1 1 1 2 1 1 1
26 34 10 57 32 38 21 27 21 14 18 25 27 22 34 33 20 15 35 13
4 13 2 23 15 18 8 2 8 1 5 13 5 10 7 14 18 9 9 1
13 10 3 31 14 25 8 13 4 5 4 11 14 13 19 5 14 6 21 13
27 50 16 59 40 42 16 36 26 23 27 36 38 32 44 38 39 24 42 20
17 9 6 34 13 31 20 22 12 6 20 10 12 15 18 13 16 11 19 8
43 42 29 59 27 53 32 35 26 24 32 31 32 23 46 37 41 23 38 26
8 19 17 43 19 40 33 37 24 2 32 30 32 25 29 26 33 30 27 5
12 21 15 47 16 28 18 11 19 4 12 16 7 15 26 22 19 15 15 1
5 5 1 7 5 9 4 8 3 1 7 5 8 1 6 3 3 1 8 1
18 18 5 43 20 35 16 16 13 5 10 9 10 26 27 16 18 10 25 9
26 24 11 43 31 42 18 27 23 12 14 26 25 24 42 19 28 18 28 26
27 29 20 48 31 49 34 33 17 12 27 31 33 33 46 45 36 30 25 13
3 4 2 10 3 5 9 7 2 1 3 5 4 5 6 2 6 1 3 2
32 23 20 64 38 61 46 50 31 2 45 43 42 36 51 39 37 37 41 17
16 22 7 44 20 27 22 29 17 12 18 21 20 13 20 16 29 10 27 17
2 3 1 11 1 8 5 1 2 2 1 3 1 4 3 3 2 4 5 1
30 42 20 67 52 59 38 56 36 28 29 55 53 34 52 45 49 26 49 39
11 18 7 27 9 20 13 1 2 12 1 7 1 16 14 21 14 10 20 8
6 5 1 10 3 9 6 4 1 1 1 4 4 1 8 5 3 1 1 2
12 40 27 62 24 40 33 23 28 11 26 28 24 31 36 40 40 28 24 6
20 33 12 55 21 32 23 30 21 11 21 15 21 25 33 30 25 11 34 10
6 28 7 46 34 34 14 31 24 4 25 40 38 21 27 18 29 23 36 8
1 20 6 25 20 21 11 13 11 4 20 22 18 12 10 16 19 13 25 2
11 30 11 47 31 26 15 27 22 13 8 27 28 20 29 28 26 11 28 11
19 5 4 27 23 29 4 19 11 3 5 17 16 11 27 4 14 1 18 14
14 16 3 39 27 29 14 21 10 5 9 23 19 20 19 12 31 6 27 17
6 24 11 31 22 24 19 20 6 13 17 17 25 21 24 27 27 18 30 3
13 13 7 20 11 20 9 12 7 1 8 6 11 4 22 14 10 1 7 6
14 6 1 21 15 23 7 8 9 6 1 11 6 11 16 6 13 7 15 13
12 21 6 26 25 22 8 17 6 10 12 16 17 11 17 15 23 8 25 10
1 14 6 38 11 18 18 25 10 3 15 17 18 13 9 11 22 8 27 6
11 11 1 21 6 11 7 12 1 1 8 5 11 1 10 10 7 1 8 3
28 45 25 68 45 53 38 36 43 34 23 43 39 24 41 51 33 28 38 31
9 6 2 25 7 19 11 9 6 4 1 6 9 8 13 10 8 9 7 6
45 36 29 63 40 64 35 32 37 24 26 44 38 33 58 43 37 36 39 33
35 39 17 51 42 48 25 22 32 15 27 32 23 13 36 41 33 23 22 12
11 19 8 36 14 24 11 9 10 2 9 15 13 4 16 17 21 6 16 6
28 31 15 59 27 42 26 21 27 8 23 19 13 18 34 31 29 18 27 9
37 43 15 72 32 52 46 33 17 32 26 23 30 33 46 58 38 28 46 17
2 1 1 20 10 17 8 9 5 3 13 15 11 6 1 3 5 10 19 1
7 9 1 18 8 16 5 11 1 1 2 1 12 4 14 7 9 1 12 4
28 51 29 62 28 51 34 31 27 25 35 32 35 25 42 50 38 36 35 12
8 15 6 24 6 16 4 5 6 3 1 4 4 8 12 12 7 4 6 1
22 28 11 50 31 42 36 32 26 17 16 17 20 23 32 31 37 13 28 22
12 22 13 46 18 25 24 15 19 19 2 20 21 22 27 26 17 21 28 19
5 4 1 6 7 10 1 6 1 1 6 4 6 1 1 2 2 1 7 1
16 2 1 27 18 23 12 3 12 1 6 10 5 5 15 9 13 5 10 7
34 64 43 64 34 45 35 25 32 37 31 24 31 33 46 62 54 40 37 16
1 9 1 7 1 2 1 1 1 1 1 1 1 3 2 6 2 1 4 1
4 6 1 18 7 15 8 10 1 1 4 5 11 8 15 8 3 2 13 1
26 41 21 60 44 48 39 37 28 27 24 28 31 23 39 39 48 12 41 28
29 21 4 38 33 40 12 31 16 10 18 24 28 22 36 14 25 8 32 22
13 40 19 56 32 40 19 42 27 15 33 29 33 39 33 28 40 31 53 14
9 27 13 38 11 23 23 28 11 12 20 8 18 25 22 25 26 15 28 7
5 3 3 13 3 9 6 7 1 1 4 1 7 3 11 1 1 1 7 1
1 17 1 32 21 17 8 17 6 6 13 22 22 11 6 13 18 7 33 4
30 31 31 62 26 60 45 26 33 8 29 24 25 33 51 42 45 35 25 19
11 15 12 37 16 27 21 24 13 1 18 16 15 23 26 13 23 12 26 8
2 9 3 7 6 5 1 4 5 1 3 5 4 4 7 6 7 3 6 1
28 29 21 58 40 50 36 25 40 3 26 31 26 20 41 33 40 26 19 13
38 52 24 65 42 50 30 28 32 26 34 28 29 20 24 50 55 28 43 26
27 39 11 49 40 48 24 38 31 26 22 36 37 18 42 35 37 26 40 26
19 29 20 48 28 37 23 24 20 17 17 14 15 35 31 27 43 25 36 16
19 33 14 52 38 39 26 30 26 23 18 33 29 24 22 24 46 14 41 31
25 47 27 72 36 49 41 41 36 32 32 35 33 29 36 48 45 25 42 26
8 9 1 17 6 14 7 5 4 4 6 8 5 6 8 8 6 5 8 1
2 2 3 23 2 11 6 13 2 1 8 5 8 8 7 1 6 2 11 1
16 16 1 25 18 23 11 22 9 7 19 18 22 5 18 15 13 6 21 10
25 25 5 56 30 48 29 30 13 7 29 32 35 27 36 33 28 18 36 13
5 3 5 22 3 12 11 10 5 1 8 7 6 9 10 1 6 4 7 1
10 4 1 15 8 12 7 7 1 1 1 1 6 5 9 1 7 1 6 6
16 32 6 58 40 42 28 28 26 32 23 39 37 24 23 32 30 27 57 24
35 42 18 65 54 59 39 49 27 29 34 51 51 48 62 48 53 41 51 34
31 41 19 65 36 41 34 32 13 26 20 25 35 37 48 51 42 26 39 16
9 15 6 32 7 21 13 6 4 3 10 10 8 4 18 17 11 6 10 1
8 7 1 25 17 21 9 12 12 1 17 19 15 4 10 9 9 10 21 1
9 16 2 23 16 20 4 11 6 4 10 6 9 10 10 13 10 4 18 1
2 7 5 15 1 7 7 10 4 1 12 1 1 9 5 7 6 4 7 1
26 46 15 62 45 49 41 16 36 11 32 39 37 26 37 49 41 30 35 13
30 22 12 51 36 50 29 27 22 17 18 33 31 24 45 34 27 24 39 22
12 11 1 27 10 19 9 10 4 10 15 13 10 9 3 12 5 10 22 6
34 37 17 75 51 64 29 38 37 30 26 50 44 30 40 31 45 30 58 39
5 19 10 25 9 11 7 11 12 5 10 16 9 11 11 17 13 10 8 1
10 6 1 10 4 10 1 1 1 1 2 1 1 1 2 6 1 1 1 1
11 14 3 33 8 18 10 1 5 9 11 13 5 6 10 18 9 13 20 3
5 1 1 19 6 11 2 6 2 1 1 7 7 3 13 2 1 1 9 1
12 18 6 28 17 27 8 14 5 2 6 9 15 15 27 13 18 3 18 10
27 28 19 51 35 45 24 27 34 10 14 22 19 20 40 26 33 19 13 17
31 40 26 71 38 62 39 43 29 4 33 37 40 41 59 45 59 32 33 22
31 43 13 64 49 56 29 32 38 23 38 38 32 19 36 34 44 34 41 5
16 31 11 66 29 53 37 25 28 14 39 35 32 40 21 34 33 38 52 16
20 26 13 36 15 32 19 13 10 9 2 7 16 18 29 22 27 12 21 20
28 28 23 60 37 52 37 38 38 29 32 35 37 38 38 31 36 39 54 33
24 19 1 36 29 29 9 13 15 6 15 19 12 6 24 21 17 4 25 8
40 53 26 84 60 74 37 51 50 31 26 51 49 30 68 43 53 36 51 31
18 14 1 34 8 22 13 4 1 14 6 9 5 9 6 16 10 11 18 12
1 14 3 11 7 5 1 2 4 5 2 4 2 7 7 10 8 2 12 1
15 18 4 24 13 23 14 20 10 11 24 13 19 7 14 19 10 12 20 5
32 36 8 64 46 56 36 12 38 20 30 40 31 28 33 46 25 37 44 19
26 46 25 66 48 57 34 43 38 34 34 41 40 36 51 32 45 44 48 11
36 42 14 56 30 43 33 21 25 24 26 22 25 7 26 41 27 19 30 17
3 5 1 14 2 9 2 3 1 1 1 1 4 2 5 1 5 1 7 2
30 47 31 63 47 47 27 33 37 28 30 29 27 38 47 47 49 33 36 17
32 38 12 45 29 35 17 20 15 22 13 11 15 15 29 33 36 11 29 19
25 21 11 40 30 34 21 23 24 20 8 27 24 20 30 25 26 20 34 30
24 19 14 41 15 35 19 10 15 5 5 10 10 17 31 17 25 11 13 17
12 23 11 30 28 24 11 15 12 18 10 12 20 25 27 23 22 18 36 9
15 24 6 56 28 38 34 17 20 1 21 27 29 17 29 26 21 16 26 6
4 24 7 32 17 19 15 7 10 3 11 15 12 12 20 25 21 10 20 1
33 24 6 51 29 48 25 25 19 28 27 25 31 17 31 27 20 29 44 21
1 13 1 11 4 4 1 9 1 1 5 4 9 4 1 8 8 1 12 5
14 28 14 38 23 26 18 7 14 10 8 4 8 19 28 29 18 13 18 1
22 20 1 40 21 29 12 9 5 12 11 14 10 18 19 21 15 8 28 8
22 47 14 67 40 51 33 38 22 25 39 38 43 28 43 39 41 31 54 6
23 27 24 46 20 40 33 23 24 1 21 13 13 24 38 29 34 16 23 10
29 23 3 45 36 40 17 12 13 19 15 19 13 22 28 32 21 17 39 13
4 7 1 17 2 12 8 11 1 6 4 5 11 7 3 5 4 6 14 6
43 38 30 74 36 64 49 28 36 22 19 23 25 43 55 48 47 31 40 35
13 28 16 51 29 41 25 32 27 10 26 24 23 30 36 29 30 28 41 5
3 5 1 15 2 10 2 1 1 2 1 2 1 5 4 2 3 3 7 1
39 63 30 70 41 56 52 15 36 26 46 34 39 40 41 67 59 43 45 26
1 5 1 15 1 3 5 6 1 1 1 4 6 2 9 1 1 1 5 1
30 15 16 37 23 41 25 36 23 6 25 20 22 21 38 21 30 15 20 16
12 8 4 20 11 17 5 4 6 1 3 1 4 4 14 8 7 1 9 4
20 50 23 68 45 45 33 32 33 26 25 31 39 27 41 43 47 27 49 19
37 38 4 66 56 67 49 42 36 19 46 47 49 30 43 43 47 39 49 20
33 36 18 73 43 64 40 47 30 20 30 47 52 28 56 44 43 34 43 29
1 3 1 9 1 3 1 1 1 1 1 1 1 1 2 1 1 1 2 1
6 15 2 23 8 15 6 3 3 1 1 1 4 3 19 15 6 1 7 1
5 14 2 17 6 8 1 1 1 4 2 4 1 8 5 11 7 2 10 1
5 4 1 18 6 9 8 7 1 1 7 8 6 2 7 2 7 1 10 1
7 2 1 21 7 12 3 4 1 1 2 6 5 1 9 3 5 1 9 1
23 23 6 43 33 33 19 20 14 11 20 21 21 19 29 26 24 8 32 10
12 19 1 27 3 12 12 10 1 14 7 4 10 10 7 17 9 9 20 8
31 22 9 59 29 52 40 43 17 18 26 29 36 37 46 27 36 27 38 29
14 6 1 33 13 24 14 2 9 1 4 7 1 6 14 9 6 3 6 1
26 44 22 74 45 57 47 34 39 10 35 46 44 21 45 48 41 29 35 15
36 41 22 63 46 54 35 27 44 22 38 43 37 19 46 27 30 37 38 4
39 30 8 61 37 59 31 43 20 18 34 31 38 25 49 38 37 27 39 23
19 26 19 63 30 52 36 31 35 9 35 36 28 35 36 33 33 40 48 13
33 43 26 64 45 53 33 40 32 21 27 22 36 44 63 40 52 28 46 23
12 23 12 44 30 29 21 23 25 9 11 28 22 13 25 20 36 15 14 16
27 42 29 45 35 44 22 26 32 11 22 29 30 20 42 37 39 24 16 20
12 28 23 43 26 39 18 33 27 7 25 21 24 19 35 24 32 22 18 9
29 47 20 57 31 41 22 21 24 20 30 19 17 15 33 42 32 21 36 3
1 6 1 5 1 3 1 1 1 1 1 1 1 3 1 4 1 1 7 1
36 18 18 70 48 70 46 38 39 21 40 45 42 44 52 33 34 39 55 31
6 8 1 15 4 8 4 1 5 1 1 5 1 4 7 6 1 1 7 1
5 4 1 16 8 10 1 3 4 1 1 6 4 1 11 1 7 1 6 4
8 14 9 24 5 15 8 6 5 1 1 5 6 5 19 10 12 1 6 4
34 47 23 65 52 53 26 24 31 22 27 39 33 42 44 41 54 26 50 28
27 22 6 34 25 34 15 12 15 8 8 9 9 10 30 23 18 6 17 12
21 24 2 30 23 20 6 19 10 12 10 11 13 11 12 19 26 1 22 17
7 4 1 11 7 11 1 3 3 1 3 4 4 2 6 2 7 1 8 6
16 15 1 24 9 17 8 14 4 8 10 6 14 3 12 13 13 3 12 11
16 28 15 54 21 36 30 17 22 15 10 25 23 18 29 32 29 22 26 16
12 26 2 45 19 28 21 10 13 10 25 19 15 19 8 29 22 18 30 2
31 23 4 32 19 35 16 6 8 17 17 4 6 9 12 28 17 13 25 10
28 28 8 41 22 36 24 17 10 27 24 13 13 21 13 32 27 24 40 16
4 6 1 14 1 7 1 1 1 1 1 1 1 2 3 5 1 1 2 1
24 21 5 48 25 34 30 18 19 10 11 19 16 12 23 26 21 13 19 15
25 19 9 46 16 38 32 21 10 6 19 18 19 14 35 31 14 12 16 3
3 11 5 14 9 14 4 12 5 1 11 12 12 3 9 6 5 5 13 1
42 33 15 71 39 58 46 38 20 34 29 40 46 35 49 52 32 30 46 38
15 40 18 58 30 48 45 31 32 10 38 37 42 34 29 39 45 34 40 19
38 46 38 65 47 67 52 53 48 5 51 46 47 37 67 58 47 45 33 16
6 9 1 18 1 6 1 1 1 3 4 2 1 3 1 8 2 1 5 1
39 36 14 67 48 61 28 34 33 15 34 32 25 32 47 35 37 26 45 16
17 40 13 54 23 36 28 37 22 13 28 35 41 10 36 36 32 18 31 13
49 41 16 64 43 57 41 25 24 16 33 35 31 19 50 56 43 32 27 15
10 1 1 15 14 15 7 14 5 1 7 13 11 1 13 1 15 1 11 10
27 28 17 54 27 49 36 29 19 10 21 18 22 27 44 35 31 19 26 10
11 26 2 33 11 13 8 14 5 10 13 13 13 7 11 20 14 5 21 3
7 24 8 23 11 13 9 4 6 14 3 4 4 16 15 23 13 12 16 4
17 25 12 48 23 34 20 11 7 15 6 12 14 28 38 32 22 15 34 7
19 12 7 17 20 26 7 12 13 11 5 10 8 16 14 9 21 8 17 18
21 44 11 55 46 41 21 32 31 22 32 35 36 14 38 37 39 29 41 4
7 20 7 47 28 37 22 29 22 6 33 32 32 20 16 12 30 24 38 10
24 25 9 34 17 32 22 22 11 12 22 18 22 14 29 31 22 20 15 9
23 25 6 46 32 35 28 20 23 26 7 19 24 19 27 33 27 14 38 28
7 14 2 15 13 13 5 2 1 9 1 5 2 13 6 13 14 7 15 6
2 7 1 16 1 8 5 6 2 4 3 3 5 8 2 6 2 5 11 2
32 47 16 65 34 42 30 26 25 18 24 30 33 12 40 42 29 14 33 16
27 11 7 46 27 41 21 21 17 15 12 25 20 24 24 14 25 17 34 25
10 27 12 42 25 31 11 20 22 13 21 29 21 14 22 23 19 23 24 4
12 15 3 20 16 19 6 9 4 10 5 5 9 14 11 13 17 8 18 8
24 40 17 64 32 44 26 32 24 27 22 34 32 22 30 39 31 20 46 28
40 45 29 72 50 64 41 36 39 27 24 40 35 34 58 52 51 33 40 32
4 17 1 16 7 8 10 13 1 5 6 6 14 9 12 15 11 4 15 5
23 35 11 56 26 48 31 22 17 7 34 27 33 22 33 38 30 23 35 6
30 38 26 72 19 48 35 33 26 14 30 22 24 30 40 38 32 23 39 14
21 28 17 48 22 40 29 36 23 4 28 27 27 34 44 29 31 22 31 12
5 3 4 17 4 14 8 8 4 1 8 4 1 9 4 1 12 3 6 2
26 42 20 76 45 63 41 57 38 23 41 50 51 30 56 26 53 36 54 24
6 5 1 20 3 16 16 18 1 4 8 8 18 12 16 12 3 8 15 3
11 21 8 46 23 27 20 27 16 17 12 29 26 21 17 21 21 17 36 19
4 11 9 27 8 25 21 32 12 1 24 14 23 16 21 15 14 12 23 1
38 42 14 70 53 56 29 47 35 32 28 51 48 36 47 33 44 27 63 43
10 19 3 31 8 16 6 11 6 11 9 10 12 8 6 17 9 10 20 7
19 26 10 40 36 33 3 15 18 14 9 20 15 20 30 27 26 17 31 10
3 23 1 39 25 24 15 22 13 16 16 24 24 10 7 18 23 12 39 10
1 3 1 10 1 3 1 2 1 1 1 1 2 1 1 1 2 1 7 1
32 30 20 51 37 46 30 26 17 17 18 25 25 32 52 43 45 28 26 18
20 43 21 50 46 48 7 34 33 19 20 36 31 19 42 26 47 24 31 17
14 21 1 36 16 21 23 22 1 10 20 22 25 17 22 29 21 14 26 6
16 44 17 46 29 23 20 26 13 26 16 15 25 18 26 37 39 9 35 18
14 31 10 36 15 18 16 12 8 21 14 5 9 21 15 31 22 18 27 3
13 7 4 21 14 24 8 13 5 5 9 7 13 7 16 5 10 7 16 9
9 4 3 19 10 18 18 22 1 1 18 15 18 6 16 7 13 5 11 4
4 1 1 24 5 14 8 10 4 4 5 9 9 12 10 1 3 5 14 1
9 16 2 37 9 19 19 15 10 15 2 11 15 13 15 18 10 10 22 15
26 49 20 70 38 51 26 35 29 18 23 36 43 26 44 37 41 27 43 25
4 3 1 18 2 11 6 5 1 1 1 1 3 6 4 1 3 2 4 1
17 28 10 57 23 39 33 27 12 17 25 26 29 36 33 35 28 21 44 14
2 9 1 11 4 7 6 5 1 1 1 1 3 5 7 10 6 1 6 1
5 3 1 12 8 12 4 8 1 1 4 1 5 6 8 1 9 1 10 2
22 39 13 61 29 39 29 43 27 25 32 31 36 32 30 27 37 20 45 28
7 15 4 34 18 23 4 10 8 1 7 16 12 3 19 14 12 2 19 1
20 39 26 60 33 53 28 35 31 10 30 25 40 26 49 29 40 29 30 17
4 11 4 25 17 24 10 23 13 4 20 13 16 10 17 3 19 12 25 1
1 4 1 23 1 11 6 11 1 1 2 1 6 7 9 1 5 1 7 1
44 48 28 70 52 68 33 37 43 17 39 27 46 33 59 34 48 31 41 31
30 45 12 65 46 56 40 24 34 14 36 38 40 29 30 44 39 30 46 21
25 12 1 30 17 29 24 17 7 3 16 16 17 10 30 28 11 11 5 5
24 29 16 50 21 38 23 18 21 18 11 16 19 21 36 37 19 22 20 13
44 50 42 81 39 65 43 46 49 23 26 37 34 40 61 37 60 34 40 39
39 47 12 73 52 53 37 32 30 38 23 38 34 35 39 48 43 20 57 39
7 10 5 14 7 12 5 8 1 1 4 5 8 4 10 4 9 1 6 7
1 2 1 10 1 8 10 8 1 3 5 5 8 6 5 5 1 4 11 1
4 8 1 13 2 11 6 6 1 4 3 2 6 7 3 7 4 5 10 2
31 58 19 74 46 56 45 28 42 17 36 44 43 20 38 60 45 26 41 23
19 25 5 34 18 23 14 5 9 16 8 6 2 17 17 29 18 13 17 3
26 44 11 69 39 40 29 20 20 29 20 28 26 29 32 48 30 23 52 15
4 19 13 34 12 23 13 19 15 6 8 14 14 16 17 13 20 15 6 4
7 14 3 16 5 12 12 14 1 1 7 9 14 4 15 13 9 3 8 4
11 20 8 37 26 29 8 19 11 7 15 15 15 17 21 16 21 11 26 3
1 6 5 27 10 14 7 12 8 1 1 16 13 12 19 7 6 8 11 1
31 51 20 61 43 46 23 37 30 32 28 29 36 17 24 46 48 20 49 29
13 17 3 29 2 15 10 14 2 6 11 9 15 1 20 17 6 3 11 3
24 39 19 52 45 45 35 39 32 26 23 27 33 24 43 42 46 19 36 25
28 36 28 54 22 48 36 24 28 4 22 7 24 27 49 39 43 22 19 18
14 12 1 30 2 18 15 9 1 12 12 6 9 8 13 17 3 9 15 3
11 27 11 29 30 19 5 19 16 11 9 22 18 12 22 19 31 11 27 15
12 15 3 21 13 14 9 7 8 4 8 10 4 9 13 12 16 5 11 8
7 15 7 17 9 13 11 13 8 4 10 3 6 14 12 12 16 5 10 4
7 10 1 23 6 10 8 14 2 1 7 7 12 3 13 8 5 1 11 1
19 42 20 54 13 27 21 16 18 11 14 17 24 9 31 35 29 15 19 11
19 8 1 21 13 26 10 6 10 8 2 6 3 11 16 12 12 10 11 15
4 11 1 13 10 6 2 3 3 2 1 5 2 6 6 7 13 1 7 4
22 45 23 54 43 42 33 31 35 20 30 42 41 30 34 43 47 33 35 25
1 7 1 17 6 6 5 6 1 1 5 7 8 2 3 5 9 1 14 1
27 31 16 60 31 47 34 34 26 11 20 23 29 19 46 33 29 13 26 17
1 2 1 9 1 5 1 2 1 1 1 1 1 1 4 1 1 1 1 1
39 34 11 69 43 55 37 45 22 19 37 47 44 23 43 43 49 25 44 26
25 17 5 47 32 43 30 24 23 25 27 32 30 20 28 22 20 31 41 18
27 54 34 74 29 46 34 27 32 16 27 19 24 34 51 54 50 32 40 8
10 40 18 51 36 34 17 28 22 20 10 29 27 25 29 32 42 14 34 22
21 45 28 66 52 61 40 52 43 28 46 47 46 37 54 35 57 46 50 11
13 32 1 45 35 41 29 27 21 19 30 34 37 25 16 26 35 31 46 19
8 20 12 26 5 14 10 9 8 1 5 8 9 7 20 16 12 4 11 1
16 21 4 40 10 24 25 6 3 21 15 7 3 23 11 29 18 20 29 4
40 41 11 73 42 56 51 39 20 33 41 45 45 30 40 60 49 37 54 31
4 9 1 21 1 10 6 9 1 3 6 2 9 7 9 9 1 1 14 1
44 36 21 80 56 76 45 53 47 25 37 50 48 45 68 42 43 40 45 35
11 23 11 34 26 29 5 22 23 6 15 21 23 7 23 17 19 16 19 5
11 24 14 39 20 25 20 19 8 11 16 14 19 19 32 29 26 13 25 1
4 14 1 29 6 11 11 14 5 9 5 11 12 10 5 8 11 6 16 9
8 34 15 45 32 30 28 30 28 17 21 36 36 11 22 32 38 14 29 20
12 9 5 30 6 25 26 20 5 6 22 15 16 15 17 17 12 14 13 2
12 26 17 39 24 28 20 15 11 17 15 11 13 30 23 26 34 22 30 9
33 30 10 62 49 51 37 32 26 28 19 37 38 36 44 46 41 28 54 28
13 14 6 27 21 26 15 26 11 9 15 13 19 17 14 9 25 11 25 16
1 10 6 24 10 20 17 24 12 3 20 11 15 17 15 10 13 12 24 1
4 2 1 12 2 9 7 5 4 1 1 1 3 2 11 6 1 1 1 1
7 4 1 15 5 13 4 4 1 1 1 1 3 5 5 1 6 2 4 3
7 20 18 50 23 38 25 27 21 1 24 29 26 24 36 22 30 20 27 5
13 21 17 48 9 38 22 28 16 6 21 15 18 23 22 18 24 21 31 12
20 36 10 32 24 31 11 16 14 24 27 15 16 13 14 28 26 23 35 7
13 28 5 46 23 32 28 39 23 24 25 26 35 15 20 15 24 24 38 12
31 46 27 76 32 59 46 56 28 18 45 42 48 39 52 53 48 37 51 21
26 36 14 54 27 46 25 37 18 16 34 21 28 14 36 33 37 18 39 11
1 5 1 10 1 4 4 8 2 1 3 3 8 1 6 3 2 1 7 1
32 41 18 72 46 58 34 33 34 20 18 42 37 30 47 43 48 24 47 31
20 32 7 45 21 26 13 10 11 26 13 10 11 22 17 36 20 23 39 8
12 39 12 58 44 39 28 27 30 14 32 41 39 33 23 35 44 32 49 15
6 1 1 10 4 10 1 1 1 1 1 1 1 1 3 1 4 1 3 3
40 43 18 64 44 55 26 33 29 22 33 21 23 33 46 38 44 25 48 18
18 27 1 53 42 45 20 25 25 12 29 37 32 31 28 23 29 24 48 13
31 46 18 61 42 45 51 37 32 43 35 39 41 36 28 54 46 26 54 38
41 31 16 50 29 47 27 23 26 18 26 22 21 8 35 34 30 17 25 18
13 21 6 32 25 22 8 19 12 4 9 21 21 16 26 15 22 8 23 10
31 53 32 66 39 51 37 43 38 27 25 30 30 29 48 45 60 14 38 33
11 20 10 38 8 19 12 19 10 5 12 8 15 11 24 16 12 5 14 4
13 13 4 19 19 21 13 9 6 10 7 10 8 15 16 12 21 9 17 10
28 34 12 49 21 43 20 11 11 15 23 14 15 13 18 32 32 19 34 11
17 41 6 57 39 39 27 38 26 29 32 39 41 14 24 30 37 20 52 20
3 1 1 13 1 10 6 1 1 2 1 3 1 4 6 1 1 3 2 1
8 12 10 18 4 15 9 7 3 1 3 1 7 3 16 8 10 1 6 3
45 48 37 85 30 73 52 42 37 24 46 34 34 39 56 56 45 45 56 25
18 17 1 39 24 34 13 27 11 13 15 23 28 19 18 12 18 14 37 22
22 27 11 38 38 31 19 14 20 14 14 17 20 20 29 29 31 16 29 10
41 22 14 56 32 56 39 32 12 20 26 32 35 34 53 46 27 29 36 25
28 34 25 49 40 37 30 24 21 23 18 24 34 29 47 42 41 26 41 15
6 1 1 12 5 10 4 4 1 1 2 4 4 1 7 1 5 1 6 4
6 16 7 33 8 22 12 17 3 5 5 13 18 10 22 12 11 5 16 7
12 14 4 36 12 21 18 14 13 11 3 13 15 9 19 18 11 12 16 11
26 36 17 62 29 47 28 5 26 5 12 21 18 22 37 41 30 22 21 10
32 39 17 51 14 38 23 16 10 27 20 7 16 15 20 36 30 21 36 18
4 8 4 13 4 9 4 4 5 1 3 5 4 4 9 4 4 3 6 3
28 30 12 50 33 51 28 32 23 21 27 27 32 14 40 22 30 26 36 14
7 9 1 14 5 7 1 2 1 2 3 5 3 1 5 7 4 1 9 2
12 17 8 22 14 23 8 7 8 6 3 7 6 11 19 13 19 5 11 9
1 3 1 15 4 7 7 2 2 1 8 10 6 4 1 4 5 5 14 1
7 17 3 24 13 17 10 13 1 11 4 5 13 14 15 14 18 7 25 10
26 39 12 57 40 38 21 34 22 29 22 24 28 25 29 34 43 18 47 21
10 12 1 25 5 15 3 8 1 8 11 8 9 7 8 11 2 5 19 1
4 15 8 28 5 15 15 19 10 8 11 9 13 15 9 10 15 11 17 8
12 38 17 55 21 31 25 27 22 22 16 19 20 25 24 36 34 21 34 16
8 10 1 20 6 9 5 6 4 1 1 5 6 1 7 9 4 1 4 3
10 16 9 28 19 24 13 22 10 1 18 16 17 12 15 8 23 9 21 11
3 9 1 11 3 9 7 5 1 5 1 3 5 8 6 7 5 6 7 3
6 19 12 29 13 20 15 13 14 7 10 6 4 21 18 18 21 14 18 1
11 26 12 23 23 22 4 8 14 7 2 13 9 11 24 21 25 10 8 7
16 32 1 47 28 24 22 32 15 16 22 31 34 15 21 22 30 7 39 23
8 26 10 26 7 14 1 4 7 4 7 7 5 3 13 22 13 6 10 1
13 23 6 36 22 31 18 27 18 15 28 24 22 12 15 9 22 20 27 3
22 13 7 38 22 35 17 15 10 13 10 18 16 28 28 16 17 15 31 22
9 11 1 23 8 15 4 8 1 1 3 5 7 4 10 5 10 1 10 5
27 38 18 53 40 46 43 52 27 23 40 30 42 36 40 51 48 29 42 21
28 36 22 80 29 54 44 30 31 20 29 31 29 36 43 45 35 31 47 17
25 28 21 41 39 38 10 28 27 16 13 27 21 31 38 18 40 17 31 23
11 16 6 42 18 25 11 18 10 8 4 20 18 17 19 11 18 11 21 13
12 17 11 28 9 23 17 18 3 7 13 8 14 13 17 15 15 8 14 7
6 5 2 19 8 11 4 9 3 1 7 5 6 8 7 5 7 1 13 1
2 9 1 7 1 3 2 1 1 1 1 1 1 3 1 7 1 1 1 1
5 11 7 34 11 17 13 23 13 1 10 9 14 10 17 9 18 6 19 5
25 48 13 74 53 51 48 27 36 34 27 41 41 39 32 53 48 27 60 32
5 3 1 20 11 19 3 14 7 1 13 9 8 4 5 1 9 5 13 1
11 21 14 19 21 23 1 7 16 2 1 12 4 7 25 16 26 6 4 9
10 11 1 15 5 11 5 3 2 7 4 1 3 6 4 9 6 5 7 5
38 43 23 50 53 58 37 47 29 25 41 41 49 31 64 40 56 39 47 21
23 20 5 35 18 28 11 9 9 14 4 11 6 17 20 19 21 10 22 18
1 16 4 13 6 8 1 6 1 4 3 1 6 9 7 10 11 2 12 1
24 39 15 71 43 58 40 57 26 21 39 51 55 27 50 38 48 29 48 24
7 16 6 39 16 22 17 32 12 7 15 18 25 17 18 9 21 5 28 13
45 52 21 85 47 76 50 39 37 30 49 49 46 23 58 55 43 45 55 10
6 14 6 30 11 18 14 19 9 7 10 9 11 16 10 10 21 7 18 7
25 36 7 48 23 34 30 32 14 26 29 21 30 15 20 39 27 17 40 13
21 22 8 43 19 27 17 18 12 12 18 15 15 11 16 20 24 9 19 14
10 17 4 31 9 18 15 12 5 10 4 10 10 14 9 12 16 8 17 12
23 17 20 37 15 43 28 32 20 1 23 18 18 21 40 21 31 17 13 15
30 45 20 67 38 45 30 33 25 19 22 34 33 31 42 40 50 18 43 28
35 28 9 54 38 47 17 33 24 25 19 34 33 30 36 25 27 21 49 30
2 14 9 33 4 16 18 22 10 1 15 14 15 10 19 11 16 9 15 3
1 10 1 13 3 1 1 4 1 1 1 1 2 4 5 4 8 1 7 1
3 24 9 37 18 19 6 22 11 5 12 23 22 9 20 13 18 8 28 5
8 16 12 36 17 25 26 21 13 5 20 18 14 22 32 25 26 18 23 1
15 18 3 33 23 26 11 23 10 4 12 20 22 16 27 12 24 4 26 16
3 8 6 15 1 11 2 1 1 1 1 2 1 1 9 6 6 1 2 1
10 12 1 33 10 18 14 10 3 6 11 12 12 12 15 16 7 7 21 1
30 40 7 62 42 48 40 21 29 32 26 34 33 26 21 48 41 24 50 36
18 43 27 53 36 29 18 13 21 20 11 22 23 31 41 41 40 24 36 10
1 10 5 26 7 7 5 11 7 1 7 15 11 5 11 5 9 5 15 3
21 33 15 51 17 35 19 10 13 16 9 19 13 15 25 33 28 20 22 14
27 32 23 49 32 52 38 33 26 20 23 26 27 39 47 45 42 35 21 20
15 13 2 35 21 27 11 18 5 6 5 15 14 19 24 7 22 4 23 14
5 9 1 12 8 7 1 6 4 4 6 6 7 6 7 7 8 1 16 1
3 2 1 11 8 13 1 5 5 1 5 7 5 1 5 2 3 4 6 1
7 32 15 54 34 40 21 36 27 15 26 32 31 21 31 19 37 27 34 4
8 10 3 12 12 13 8 8 3 5 5 3 5 13 7 8 15 4 10 7
5 13 5 26 13 14 1 6 10 1 1 11 8 8 16 12 10 5 12 1
3 5 1 12 9 10 5 11 5 1 12 14 11 1 4 4 5 5 13 1
8 14 4 23 8 24 15 11 2 7 8 7 12 11 20 20 9 7 22 4
18 35 9 48 38 37 21 38 19 17 23 36 40 34 42 31 37 25 42 16
25 46 24 60 44 46 28 28 32 15 18 29 22 23 45 43 47 20 23 15
26 38 13 55 25 39 20 14 8 23 24 22 16 28 26 32 31 22 42 12
29 16 10 36 23 36 9 15 17 14 4 15 12 19 30 11 20 12 22 22
5 20 5 15 10 12 3 3 1 9 4 3 3 11 10 17 13 5 14 1
20 27 11 56 37 42 23 17 16 22 19 32 28 41 32 33 26 29 53 17
22 33 7 51 38 41 26 7 29 5 20 31 23 21 27 36 29 21 31 13
29 41 36 53 35 42 32 23 30 22 14 10 20 40 51 42 49 29 33 17
14 24 3 37 18 23 9 17 5 10 20 17 16 12 11 17 17 9 30 5
1 5 1 5 3 2 3 7 1 1 6 8 7 1 3 3 1 1 9 1
23 28 12 36 12 25 19 21 11 18 25 15 21 5 11 25 23 16 25 13
10 6 1 15 6 17 6 1 4 6 1 4 1 8 4 6 7 7 8 7
31 23 8 42 27 38 26 9 20 11 16 14 5 17 24 28 22 13 15 11
12 20 6 22 15 20 10 11 2 3 4 7 8 10 27 20 21 1 13 5
15 41 27 62 35 38 35 31 23 21 19 24 32 38 40 36 53 24 44 22
38 49 36 80 46 71 48 46 46 7 31 40 40 40 70 55 62 32 39 25
21 32 8 53 29 37 20 28 16 24 17 26 31 27 29 31 21 19 47 20
24 19 3 42 24 35 21 19 16 10 7 13 20 14 31 24 16 11 25 16
22 27 22 46 29 40 13 36 33 9 26 29 22 23 32 12 36 21 31 19
32 28 19 68 18 48 35 21 22 19 14 14 21 30 43 38 22 23 33 18
1 1 1 12 1 6 1 1 1 1 1 1 2 1 2 1 3 1 5 1
2 5 7 20 3 10 11 14 8 1 12 7 7 10 9 4 10 6 14 1
41 44 28 73 34 61 36 47 40 25 42 31 33 26 44 38 48 36 48 26
16 30 16 51 24 36 24 34 27 11 25 21 26 21 30 29 25 23 29 8
1 8 2 23 3 10 7 11 2 3 4 4 7 10 2 2 12 4 13 4
30 34 25 68 33 54 29 27 26 18 14 23 17 42 49 36 45 26 45 24
9 11 2 39 12 26 7 14 1 5 5 14 15 11 17 10 10 4 26 7
17 40 12 57 39 37 18 31 24 26 30 35 30 34 33 30 34 31 52 11
19 47 30 68 34 43 44 38 30 33 22 32 35 36 44 48 48 23 50 29
9 24 21 51 25 40 22 23 23 5 23 27 19 25 31 24 32 24 25 5
38 52 21 73 46 65 44 52 36 29 38 45 57 28 57 44 48 37 52 23
24 52 17 67 43 50 33 26 34 23 32 43 40 25 27 50 47 30 42 25
37 25 16 43 37 52 29 28 14 21 16 25 27 34 49 40 37 25 35 25
4 11 4 15 10 10 8 1 7 1 6 12 4 6 8 10 12 6 9 3
3 15 5 33 12 16 14 23 5 7 5 14 22 10 19 10 15 2 19 11
16 21 10 48 21 34 27 33 20 12 24 21 23 18 21 20 27 18 30 15
25 26 10 49 23 45 31 13 18 12 29 22 19 24 19 30 32 23 28 17
28 11 6 47 30 43 29 11 25 13 15 23 15 24 24 26 23 23 24 19
41 39 23 55 25 48 42 37 23 37 40 20 34 28 14 42 34 35 44 31
18 12 9 40 24 43 20 29 17 6 19 15 17 26 28 15 23 18 33 14
12 22 4 36 15 29 14 29 10 13 23 19 29 7 23 17 12 14 25 6
26 33 10 59 27 41 30 43 10 11 37 38 40 29 43 36 35 22 37 16
12 8 1 22 8 18 6 1 5 2 2 2 1 3 12 10 1 2 4 1
5 8 3 18 2 14 11 10 1 5 4 2 10 8 11 8 5 6 9 5
7 6 3 13 5 11 6 5 3 1 1 1 4 5 10 3 5 1 4 3
6 18 3 35 28 30 16 8 17 2 19 29 21 18 12 19 24 19 32 8
6 19 4 25 14 17 16 14 4 8 9 12 12 16 18 23 20 13 16 1
17 34 6 37 26 28 9 26 14 17 24 21 27 8 24 19 27 14 35 12
10 16 12 28 12 26 19 9 10 1 12 12 15 11 21 16 18 11 10 6
21 34 18 56 39 53 43 48 30 12 39 41 43 20 37 36 53 21 39 24
10 16 2 41 10 30 20 29 11 14 26 15 22 14 19 13 12 19 28 3
38 53 33 68 37 51 29 34 30 32 25 24 26 39 50 35 58 29 42 27
23 16 6 39 18 36 20 11 13 7 5 14 7 14 33 26 19 11 15 14
24 27 12 58 36 50 33 31 34 20 28 34 28 19 38 25 26 34 33 8
25 33 13 51 21 38 28 21 13 22 20 18 18 27 26 34 30 21 37 17
19 31 19 49 12 35 28 21 19 7 15 4 16 23 28 30 29 15 19 11
10 10 5 24 15 18 14 12 9 1 13 13 13 10 11 9 21 8 13 11
22 17 4 35 26 30 17 16 12 20 6 19 16 24 18 22 23 16 33 25
4 1 1 3 4 8 1 1 2 1 1 1 1 1 7 1 4 1 1 3
8 12 1 19 5 9 3 4 3 2 3 4 5 1 11 11 4 1 8 1
3 18 8 16 10 15 5 6 1 8 6 4 6 12 11 15 13 6 19 1
9 10 1 16 5 10 6 8 2 5 6 3 8 4 6 8 6 3 8 4
29 43 21 80 46 65 41 34 41 16 38 43 45 31 49 34 44 38 48 16
8 14 9 22 17 24 19 32 17 5 26 24 27 10 23 15 17 17 15 1
18 24 19 38 22 32 9 20 19 4 8 18 14 16 32 17 30 8 17 14
32 37 18 74 45 62 51 58 37 28 37 51 55 48 54 49 47 41 53 35
15 53 25 67 36 39 32 23 32 19 27 28 29 32 30 50 52 26 39 17
9 15 1 25 19 19 5 15 4 3 10 11 13 10 11 10 16 4 20 5
12 9 5 20 8 16 10 9 8 5 9 4 3 11 9 8 13 6 5 7
5 16 2 29 10 16 14 7 8 5 12 14 12 12 10 16 12 10 21 1
25 30 9 65 35 53 25 29 22 8 26 33 33 26 34 23 32 21 42 16
2 5 1 5 3 6 4 9 1 1 4 3 9 1 5 3 3 1 4 1
39 46 16 59 30 51 34 28 21 32 31 15 28 21 30 48 30 29 47 19
10 11 3 35 13 22 22 14 7 10 14 15 15 21 8 15 18 16 29 11
3 10 1 23 10 12 8 10 1 1 4 10 7 14 9 8 11 1 15 2
7 4 1 15 1 11 8 3 1 3 1 1 1 6 5 6 1 2 2 1
20 13 2 24 11 25 9 10 4 9 6 3 9 9 16 12 11 8 13 14
38 38 18 69 49 46 34 23 26 39 15 32 34 44 44 47 37 31 56 34
6 3 1 11 5 10 6 6 1 1 1 5 6 1 6 1 8 1 2 5
36 46 17 75 52 66 42 44 32 24 35 53 49 36 55 58 54 39 51 27
13 21 5 29 19 29 6 10 4 5 8 7 10 12 20 16 18 6 23 4
38 53 33 78 63 57 37 31 48 41 15 41 41 47 58 57 63 43 55 36
14 23 11 35 10 26 22 20 7 14 8 9 20 13 22 21 20 10 22 14
34 29 6 50 34 42 35 25 22 22 14 27 28 24 36 46 28 22 28 22
15 22 3 33 3 19 10 9 2 14 10 6 9 4 8 17 11 8 17 6
8 16 6 42 18 30 4 24 11 1 16 21 22 12 25 6 13 6 24 4
6 8 1 32 7 16 17 10 2 9 3 12 13 9 6 10 12 9 20 10
12 15 1 28 11 18 13 3 2 10 9 9 3 15 6 17 13 9 16 4
4 16 4 19 15 11 1 4 3 7 1 6 5 13 17 14 10 4 19 1
9 11 1 15 7 12 6 6 5 4 5 5 7 5 10 9 8 4 10 6
18 38 17 64 33 45 32 32 24 18 24 37 38 22 33 30 39 15 43 25
14 15 1 37 16 27 14 22 10 1 11 18 24 9 30 20 9 7 17 3
6 14 2 43 19 30 20 27 14 14 22 25 25 15 8 11 22 20 32 10
28 44 27 60 34 48 23 10 24 17 13 20 22 33 42 42 41 27 25 19
12 33 13 42 26 32 11 27 20 10 20 26 27 10 29 17 28 16 32 7
1 9 1 15 5 5 3 4 1 1 1 2 2 7 6 4 8 1 8 1
4 19 1 23 10 9 12 13 6 10 2 9 14 11 9 15 15 5 20 9
18 27 13 38 17 34 24 5 12 9 12 15 12 20 20 28 27 17 20 11
34 55 25 78 42 64 48 53 39 33 49 41 44 30 45 56 56 38 58 25
23 28 6 42 16 28 14 13 8 18 19 11 14 12 14 28 15 14 33 6
6 1 1 24 1 14 9 3 1 5 2 4 1 11 5 4 1 6 12 3
19 2 1 37 20 33 15 18 7 8 11 20 19 18 22 9 7 11 29 13
23 16 19 51 34 48 31 19 26 20 20 34 29 26 39 32 22 32 32 19
33 47 29 69 37 51 32 22 33 18 19 19 19 33 44 45 56 26 31 26
8 9 7 35 19 24 8 16 10 1 13 23 17 8 23 9 10 7 22 3
28 35 26 72 45 66 39 40 40 1 38 42 40 27 59 42 42 28 33 10
12 9 1 32 20 25 12 10 8 1 9 16 14 11 18 14 12 6 21 4
3 14 1 18 3 7 10 15 2 4 5 3 12 6 7 9 10 1 7 5
6 24 7 28 21 15 10 16 14 10 4 14 14 11 10 18 28 6 17 14
19 37 14 44 17 28 23 15 12 21 6 13 17 21 20 34 31 14 30 22
11 27 12 23 19 24 16 20 5 15 16 12 20 18 23 28 20 14 25 6
6 11 1 14 7 12 5 10 1 2 5 2 8 9 5 6 12 3 10 6
8 11 4 8 10 14 1 3 3 1 1 3 1 1 14 7 14 1 3 7
25 17 4 48 33 41 22 30 19 9 27 31 28 25 28 15 24 16 34 17
24 38 21 59 38 52 26 20 28 11 13 24 24 30 45 41 29 23 28 10
8 19 16 43 19 27 15 27 18 4 15 22 19 21 26 14 30 15 25 12
9 22 8 46 32 37 24 32 27 4 28 33 31 15 25 15 36 21 30 16
4 7 1 15 6 11 2 7 1 1 2 1 4 8 3 4 9 1 8 1
1 5 5 17 1 9 9 11 4 4 8 7 7 11 5 1 7 6 6 1
37 42 33 61 22 52 35 32 34 20 34 17 20 27 33 39 46 37 34 25
25 35 14 62 32 44 31 36 27 15 30 31 28 36 31 32 47 23 48 26
24 21 14 47 20 40 30 27 23 15 15 16 16 26 32 26 30 24 26 23
17 15 3 37 32 38 1 21 18 5 11 22 17 11 28 7 20 7 27 9
3 7 3 14 1 9 10 14 2 1 9 8 15 2 16 7 2 2 9 1
4 10 3 20 13 16 7 16 5 1 14 16 16 4 7 2 11 7 16 5
33 38 13 73 42 50 29 21 20 29 19 28 27 42 41 42 40 28 53 26
8 13 10 34 19 28 18 19 14 10 13 23 20 16 18 16 17 20 17 7
11 27 12 44 34 33 25 26 12 14 25 30 37 33 36 35 33 25 41 4
7 10 7 25 4 15 18 25 4 2 17 12 20 11 22 13 10 7 13 2
38 45 25 68 32 57 36 35 23 30 35 34 35 35 49 53 37 35 40 19
20 28 7 41 33 36 21 9 22 15 11 25 15 26 25 31 35 22 31 20
6 14 1 10 10 10 6 6 1 7 3 1 6 10 6 12 11 4 12 3
15 19 7 31 9 20 8 1 2 3 7 8 2 4 15 17 17 2 12 4
33 36 19 59 29 48 38 35 31 20 26 20 24 33 30 40 42 26 41 33
24 18 1 45 30 39 20 21 10 15 19 27 21 31 24 20 22 18 41 20
3 4 1 9 3 7 1 1 1 1 1 2 1 1 5 1 4 1 4 2
1 1 1 7 1 2 1 4 1 1 2 3 5 1 1 1 1 1 8 1
21 21 9 50 16 36 35 23 13 9 11 17 20 13 31 28 23 10 16 10
14 11 1 28 17 25 17 13 4 10 11 13 14 15 18 17 14 9 25 8
4 10 1 16 1 8 3 1 1 4 3 2 1 6 2 9 2 3 10 1
44 37 24 75 59 66 33 39 43 33 29 55 48 44 53 36 43 39 64 43
33 26 1 47 27 41 21 19 11 15 16 11 16 20 33 31 22 9 30 12
16 28 4 52 18 37 29 17 11 11 25 26 29 25 25 34 21 20 39 14
32 39 26 43 38 41 26 7 26 7 16 15 21 17 45 39 34 18 17 6
28 39 28 65 28 46 43 23 21 26 29 21 29 44 43 48 37 34 44 20
32 23 21 56 26 54 40 28 21 5 25 18 28 33 50 38 32 26 23 14
30 44 18 59 25 46 42 39 20 24 32 25 38 21 36 50 38 18 33 21
15 19 5 33 14 30 16 24 12 7 22 13 20 9 22 20 10 11 16 1
17 37 25 53 33 37 29 25 21 13 23 25 31 31 41 41 48 28 32 6
20 26 10 44 24 30 24 13 20 7 10 15 14 17 29 30 15 13 18 3
19 55 22 68 45 48 39 31 39 20 36 47 43 36 22 50 57 33 48 27
1 5 1 3 1 1 1 1 2 1 1 1 1 1 1 4 1 1 1 1
9 15 16 45 13 33 21 29 16 1 26 20 21 19 24 12 21 18 29 5
12 13 1 25 15 20 12 7 1 9 7 10 9 13 13 15 15 8 24 7
8 16 10 37 14 25 22 19 13 7 15 14 13 19 21 19 21 14 20 2
19 9 12 35 15 37 21 22 16 5 12 6 8 19 30 12 21 12 14 13
15 16 17 32 11 32 14 15 13 1 11 5 3 16 25 13 28 9 12 9
13 42 29 59 42 50 31 52 41 22 41 43 44 41 49 33 46 41 48 12
1 9 1 15 3 3 5 9 2 4 1 5 8 3 1 3 7 1 8 6
7 9 4 16 7 13 8 4 5 5 1 7 4 7 9 6 7 6 8 6
4 12 3 28 11 22 16 26 8 9 16 11 20 15 10 6 15 15 25 7
26 48 25 54 38 44 28 41 35 28 25 39 38 13 42 43 45 13 27 31
19 41 15 65 30 47 34 39 23 23 30 38 37 22 36 44 35 30 37 13
33 45 30 77 54 69 25 41 42 22 30 54 46 36 51 31 52 37 47 32
1 7 2 17 1 7 3 2 1 1 1 2 1 6 4 3 2 2 5 1
4 15 10 33 14 17 9 11 10 2 10 18 10 12 17 12 16 9 18 1
12 18 6 35 22 32 32 18 13 14 23 20 22 30 14 27 27 22 31 12
3 8 3 10 10 12 1 13 4 1 10 9 12 2 6 1 6 4 10 2
11 27 5 37 25 23 7 8 12 9 17 22 14 11 18 29 20 14 30 1
4 5 1 14 3 9 1 3 1 1 2 4 2 1 5 2 1 1 4 1
25 28 10 42 21 33 32 1 14 29 22 21 15 28 16 40 19 30 39 15
8 12 10 34 11 23 12 24 13 4 17 11 16 14 16 8 17 10 22 7
12 16 1 34 25 33 25 26 8 2 28 30 34 17 20 24 22 20 31 6
8 21 5 23 18 19 4 17 5 7 11 14 17 8 10 12 18 5 23 9
11 9 1 18 5 14 1 1 1 1 1 1 1 1 11 8 4 1 3 1
32 31 1 50 31 39 20 20 19 11 26 24 21 20 31 28 17 13 32 9
11 8 1 9 10 16 3 3 3 1 2 2 3 4 9 6 10 2 4 7
7 8 1 14 2 6 3 6 1 1 5 2 5 1 6 7 1 1 6 1
12 19 3 22 8 14 3 3 4 7 7 2 3 7 12 18 6 2 10 1
21 27 11 35 22 27 19 12 20 6 13 10 8 15 23 26 19 8 11 4
28 50 16 65 51 44 33 41 35 22 32 39 43 21 40 46 38 12 46 21
30 25 16 53 34 42 27 21 25 22 14 34 26 27 37 29 28 25 41 32
13 43 19 46 35 34 11 21 23 15 19 23 30 25 41 29 35 24 39 6
13 39 30 45 25 32 22 26 25 10 19 19 17 31 36 33 45 26 28 13
4 10 1 13 5 10 3 6 1 4 5 5 6 9 5 8 6 4 10 1
3 21 8 31 19 17 10 15 10 10 13 19 15 16 12 16 19 15 29 5
36 47 14 64 45 55 35 30 32 17 33 40 39 40 45 40 52 28 46 33
52 34 16 78 47 71 45 33 37 29 35 47 36 44 53 46 44 39 52 35
1 27 15 31 16 18 4 4 10 11 1 11 4 19 19 24 20 15 14 1
31 40 17 59 56 49 27 41 35 34 33 38 42 43 47 22 51 40 61 22
14 26 3 44 21 26 28 23 14 14 19 23 27 17 15 26 26 14 29 16
2 8 1 22 17 17 11 18 8 1 16 21 21 8 13 7 10 8 26 1
16 5 1 24 10 23 10 5 6 8 5 4 5 10 10 13 3 9 17 8
9 16 7 31 12 24 22 21 4 6 17 19 23 14 25 20 18 13 21 4
6 7 5 26 12 21 10 19 9 3 15 12 15 13 11 4 9 9 20 1
11 15 16 41 10 32 17 24 17 1 18 8 15 13 27 14 20 10 21 3
20 19 3 48 41 47 32 29 21 4 33 41 39 28 33 33 30 26 37 12
28 50 20 73 45 60 29 31 28 29 40 40 36 36 35 47 50 40 54 19
18 15 9 31 10 32 19 16 4 5 11 11 16 11 29 20 14 8 16 7
38 48 24 68 47 56 37 36 25 31 28 30 49 46 58 54 47 38 55 29
41 42 24 67 42 57 43 25 33 22 26 33 31 24 42 45 38 26 32 26
21 25 14 48 27 43 30 33 26 9 22 18 23 18 32 23 26 16 26 14
10 8 1 18 15 15 6 7 5 3 2 9 4 10 14 6 16 1 12 9
8 11 5 17 7 13 5 7 7 1 1 6 6 7 10 6 10 5 5 6
6 10 1 21 12 17 3 16 7 1 10 13 16 3 9 4 8 5 15 3
30 42 18 56 43 47 24 26 29 32 21 34 34 29 40 41 36 30 52 30
18 31 21 48 33 47 16 26 29 16 20 32 26 18 39 25 33 27 26 15
27 37 31 67 25 54 41 31 32 5 35 30 30 36 42 38 45 33 38 19
13 26 4 35 23 21 2 10 8 14 1 10 9 16 21 19 25 7 25 12
12 30 9 46 30 33 29 35 19 21 17 21 29 28 28 28 37 12 41 26
11 25 5 40 24 19 16 18 16 13 8 15 14 15 14 23 26 6 25 10
14 10 8 29 15 27 4 10 10 3 4 15 6 6 18 6 17 4 14 11
20 35 14 49 42 38 21 34 25 17 23 36 34 25 36 30 42 21 44 20
6 4 1 11 1 7 2 1 1 1 1 1 1 1 3 3 2 1 1 1
24 45 19 63 42 55 29 51 36 18 38 45 50 27 58 30 41 31 39 14
2 7 3 11 1 5 7 6 1 1 2 3 4 4 9 4 2 1 1 1
37 42 18 52 29 41 33 17 18 34 25 12 23 24 35 52 26 30 43 10
18 49 28 55 39 40 43 40 29 35 32 39 44 28 40 50 51 22 48 26
1 9 1 16 8 6 12 7 4 1 12 12 9 9 1 10 11 5 15 1
12 12 1 25 13 18 9 7 7 5 1 4 7 11 13 13 10 5 13 4
25 39 18 58 42 38 35 1 31 18 15 21 23 31 37 45 33 32 37 8
26 29 10 45 25 37 13 9 13 3 11 15 12 13 31 29 16 3 21 5
3 8 4 17 1 14 12 8 1 4 4 1 6 9 12 9 4 5 6 2
37 51 23 84 57 68 36 41 44 27 30 52 45 22 54 49 42 25 51 33
39 42 33 69 31 61 39 36 33 17 50 30 28 29 37 43 44 38 47 20
14 34 18 31 29 21 10 19 15 16 11 11 20 20 25 26 37 13 31 14
20 14 1 42 22 30 24 9 11 14 4 12 10 23 26 24 11 13 28 9
36 43 42 76 39 70 45 49 41 17 35 37 41 49 65 46 52 42 44 31
5 9 3 23 6 14 14 12 4 7 5 7 11 16 15 10 5 8 18 5
24 27 8 39 32 32 14 26 13 14 19 16 20 30 33 21 32 13 32 17
35 36 12 59 25 43 29 13 20 14 7 12 13 15 35 37 28 10 22 19
15 24 14 35 11 27 21 25 10 5 15 20 24 11 32 26 21 12 10 7
4 6 1 14 7 13 1 8 2 1 8 8 8 1 4 2 1 2 9 1
31 35 20 73 34 51 44 19 30 20 13 30 24 33 44 45 32 26 38 20
7 13 1 18 16 18 7 20 6 2 14 11 20 3 16 12 10 4 20 1
39 43 8 59 45 48 25 41 27 30 31 40 38 36 42 35 44 27 57 34
24 23 14 39 21 39 16 11 15 5 15 15 14 11 25 22 21 13 18 11
31 56 26 70 51 58 36 38 42 23 25 39 35 23 45 51 48 22 30 24
4 12 4 16 5 14 2 3 1 2 1 1 3 5 7 6 10 3 7 4
19 23 9 46 29 37 38 20 19 28 15 29 30 21 23 34 26 18 37 30
10 13 1 11 11 16 1 1 2 2 1 1 1 5 9 9 13 1 4 6
8 11 1 13 8 15 4 2 1 6 1 1 2 10 5 10 11 4 12 7
10 15 2 37 15 23 21 19 11 5 19 15 19 13 10 14 24 10 21 10
18 22 11 32 20 26 10 21 18 9 10 15 12 18 19 15 29 11 18 18
6 9 3 24 5 13 9 8 5 4 7 11 8 6 9 8 6 7 12 2
9 15 13 43 9 31 28 22 13 5 21 15 15 21 28 19 17 16 22 1
18 33 8 51 42 45 26 36 32 14 20 34 38 5 37 32 30 10 35 19
14 22 3 52 27 44 38 31 19 16 27 37 40 21 26 31 25 27 38 18
13 17 1 33 12 22 8 15 4 10 16 13 15 14 10 16 7 10 30 4
29 32 30 52 29 48 23 15 29 14 17 21 25 27 41 33 36 28 20 23
18 33 12 61 36 45 40 37 29 20 27 39 38 25 29 38 43 22 42 28
19 14 12 37 21 34 16 20 17 8 13 17 14 16 27 13 21 15 19 15
12 16 4 40 17 25 13 23 8 10 9 15 20 19 15 11 18 7 25 15
13 24 1 39 28 28 15 25 4 11 13 22 27 20 24 18 27 9 39 16
17 17 4 35 12 26 10 16 9 6 11 2 4 14 16 13 23 7 18 9
16 21 11 38 16 28 16 14 12 12 5 11 12 15 21 19 21 14 15 16
3 16 1 14 8 4 3 1 1 9 7 5 1 9 1 14 9 4 17 1
16 44 12 64 34 46 45 38 33 25 46 38 40 34 14 43 45 36 57 24
23 25 13 52 40 48 24 37 25 16 19 30 36 28 41 30 32 22 33 21
4 3 1 16 2 9 3 3 3 1 2 4 1 6 2 1 3 2 4 1
26 42 15 81 46 60 45 55 47 19 46 51 51 41 47 36 47 38 61 26
3 4 1 13 5 9 11 13 1 3 9 9 12 7 9 4 3 4 10 1
23 24 4 52 20 32 25 11 13 16 11 16 15 20 25 30 15 16 31 12
39 53 29 74 43 60 37 52 44 25 44 43 41 47 57 44 58 41 47 32
14 1 4 21 18 23 13 15 9 5 11 17 12 8 16 4 17 8 17 13
25 52 20 83 48 51 39 25 35 25 26 37 39 50 42 51 55 36 59 25
5 10 4 11 1 4 4 6 6 4 6 5 5 5 7 9 1 1 6 1
12 34 22 46 36 40 16 31 32 15 27 29 25 23 34 27 34 26 27 6
7 12 5 18 5 12 7 6 1 6 4 7 6 8 7 8 6 7 8 5
41 35 31 76 38 69 51 44 26 18 41 41 41 46 65 54 52 43 36 27
4 7 1 11 6 12 5 9 6 4 9 8 9 6 5 5 4 5 11 1
23 22 8 37 19 27 8 12 13 10 16 20 9 7 21 18 21 10 23 12
14 25 14 36 20 36 17 27 16 1 21 26 29 9 36 27 22 19 16 2
3 5 1 17 2 5 1 7 1 1 8 5 4 4 3 4 2 1 9 1
1 9 1 7 3 4 2 7 1 1 4 2 7 3 3 6 4 1 8 1
40 46 34 77 40 72 40 46 40 17 41 36 41 48 57 41 53 43 53 36
3 7 1 6 4 6 1 1 1 1 1 1 1 2 3 4 6 1 3 2
6 9 3 8 6 10 9 8 6 1 5 6 8 3 12 11 6 3 1 4
1 5 1 15 1 5 5 8 1 1 1 1 5 2 5 2 2 1 1 1
9 23 6 31 20 22 9 10 10 8 1 15 11 13 16 19 24 11 14 8
7 4 2 16 5 13 4 8 6 1 5 1 2 5 6 3 11 1 4 4
41 45 10 78 47 67 31 36 28 30 42 44 40 30 39 37 47 38 65 31
36 48 19 66 38 51 24 24 30 20 20 24 29 23 38 45 42 24 39 27
28 31 19 57 46 59 52 54 25 30 55 47 48 43 48 38 51 51 54 15
5 3 1 9 4 14 8 5 1 1 2 1 5 4 8 6 4 1 5 1
44 40 24 66 58 61 22 35 44 8 26 47 40 29 56 27 43 24 33 23
24 19 15 50 23 45 23 25 18 4 13 25 19 24 42 16 31 12 23 20
12 9 8 29 18 26 11 24 13 1 16 17 14 11 17 4 20 8 17 12
22 42 19 49 37 38 11 25 20 14 10 25 25 25 39 32 44 14 37 23
19 20 8 51 18 37 32 11 17 7 12 17 13 16 32 32 15 15 21 5
1 7 8 16 1 12 7 6 1 1 4 1 1 6 10 4 8 1 1 1
1 5 1 8 3 4 1 4 1 1 4 6 5 1 1 3 1 1 11 1
6 25 1 34 12 9 14 15 3 12 9 12 13 10 5 19 20 2 22 7
14 25 13 35 10 25 16 16 8 9 7 8 16 15 16 18 24 9 18 14
25 32 3 43 38 40 23 37 12 18 27 26 37 18 35 36 36 20 36 17
30 50 18 84 51 61 46 36 39 33 42 53 47 51 31 55 54 46 63 34
14 14 8 40 16 26 22 3 16 14 10 22 13 20 18 26 10 23 29 12
16 33 16 50 37 49 42 39 31 1 45 41 41 37 32 44 48 38 39 13
20 9 5 36 22 34 24 13 9 17 7 14 18 30 27 22 12 15 30 18
23 31 13 55 35 52 31 30 28 5 33 29 25 13 45 35 35 21 28 2
6 7 1 13 7 12 4 5 4 1 1 2 5 4 7 3 10 2 7 6
25 42 7 53 42 41 20 38 23 20 29 33 39 18 45 37 29 18 44 10
19 8 1 22 21 27 20 28 8 1 23 25 28 8 26 16 20 12 18 12
16 13 6 27 22 29 5 26 14 6 13 17 19 12 14 2 23 7 21 17
4 4 1 13 5 7 3 6 1 1 4 3 5 5 4 2 5 1 9 3
14 25 12 46 28 31 17 26 15 11 14 24 24 29 29 22 29 16 31 11
18 20 13 31 11 27 10 8 10 5 9 8 10 9 22 18 14 7 14 7
22 29 7 50 25 36 33 39 15 22 26 29 36 21 25 35 29 15 37 22
2 18 1 38 14 21 11 17 6 6 14 22 22 8 7 13 13 10 30 5
3 4 1 12 3 11 7 4 1 3 3 1 1 10 2 3 6 4 6 2
32 43 34 49 31 51 37 22 32 16 27 22 35 28 52 46 43 32 12 23
9 11 5 13 9 16 1 1 1 1 1 2 1 2 13 7 13 1 3 4
14 28 10 46 28 39 13 13 18 6 19 26 20 16 19 27 27 22 27 8
3 6 1 12 5 9 3 4 3 1 1 5 5 3 8 4 4 1 8 2
2 17 10 27 1 14 15 20 5 5 11 2 12 11 15 12 15 6 10 4
12 14 3 30 7 16 7 6 8 7 5 8 6 7 10 13 6 7 11 4
30 38 15 56 51 42 20 21 29 21 17 29 29 34 46 36 38 26 46 18
42 47 34 76 26 63 49 43 32 21 40 26 39 42 51 48 47 38 49 33
37 39 19 49 45 41 28 22 30 24 11 17 26 28 48 42 39 22 33 22
6 21 20 42 20 32 22 28 18 3 23 26 23 17 33 23 27 17 25 1
30 37 15 61 25 45 31 28 23 20 14 26 32 33 44 30 32 24 36 30
33 47 18 70 47 61 38 52 41 29 41 41 46 15 47 45 46 25 43 26
22 41 12 58 32 46 25 31 24 25 18 30 35 25 35 33 33 25 48 22
38 57 46 60 53 55 30 38 44 31 27 42 41 41 66 48 63 37 38 31
16 29 12 42 30 31 27 30 17 15 17 17 26 23 35 34 32 17 25 7
35 30 20 78 39 60 44 31 32 20 32 39 35 39 47 39 26 32 51 24
12 2 1 14 9 19 7 8 3 2 1 3 6 5 12 1 9 3 3 8
17 19 11 39 16 31 5 11 14 6 2 15 8 10 24 18 21 12 13 13
32 29 13 51 34 44 12 27 25 13 21 27 22 15 38 24 26 13 31 16
11 20 4 20 7 15 9 11 1 10 16 5 10 7 7 16 8 8 18 1
5 7 3 17 4 17 8 9 2 1 6 2 9 4 16 8 3 2 7 1
2 1 1 6 1 5 1 3 1 1 1 1 3 1 6 1 1 1 1 1
36 49 11 68 45 51 32 48 27 27 36 40 47 30 45 42 43 19 52 31
16 20 5 33 14 26 13 26 3 3 15 17 25 11 30 17 20 3 18 12
32 50 20 73 57 60 41 53 32 27 38 57 55 33 55 57 62 28 52 36
13 19 11 33 25 26 6 13 17 5 6 17 15 15 27 20 17 10 19 6
36 34 10 59 29 45 27 9 20 21 18 16 9 21 28 41 31 22 32 16
13 40 10 51 36 33 25 46 22 20 30 41 46 21 31 42 33 17 40 14
23 20 2 42 30 36 15 26 16 11 14 24 20 29 31 16 28 14 34 23
1 2 1 8 2 6 1 2 1 1 1 1 1 4 1 1 3 1 5 1
2 4 1 7 4 6 1 1 2 1 1 1 1 1 6 2 5 1 2 1
6 8 1 10 9 10 3 5 1 1 1 2 3 6 8 5 11 1 6 3
20 32 7 40 16 26 14 17 7 15 20 13 17 17 22 26 21 12 32 8
40 63 32 68 42 46 38 34 30 40 22 24 41 32 50 60 59 28 51 32
7 3 1 16 5 10 2 1 2 1 1 1 1 1 7 4 1 1 2 1
33 54 37 71 32 50 42 29 38 13 30 23 30 34 47 51 56 30 32 26
15 12 3 20 17 24 4 13 11 1 3 6 10 1 24 9 14 1 5 8
27 33 8 58 30 49 21 24 19 19 34 27 24 12 23 24 35 26 39 13
7 14 7 28 7 20 10 2 3 1 6 10 6 5 12 13 13 6 7 1
13 50 26 64 30 52 41 53 38 23 36 37 44 28 46 41 47 38 44 14
1 5 3 7 1 6 8 9 1 1 5 1 8 2 12 4 1 1 2 1
12 24 8 33 18 22 11 10 10 12 3 12 12 19 21 24 21 16 23 11
8 15 3 25 4 19 12 16 1 2 7 3 14 7 18 14 9 3 9 2
36 29 8 63 37 57 40 32 25 32 37 34 37 23 32 38 33 35 48 23
15 16 1 28 16 23 15 14 4 8 15 12 16 11 12 19 15 8 19 6
25 29 15 53 32 46 24 35 19 12 31 29 26 30 37 21 35 19 41 19
20 49 20 81 55 50 38 33 38 33 24 44 41 47 39 56 51 37 56 24
7 16 5 24 8 17 2 9 3 4 11 10 9 4 7 12 7 4 15 1
9 5 1 12 8 14 5 1 2 1 3 7 1 2 7 3 10 2 4 6
27 24 15 43 24 34 20 22 21 8 2 14 19 11 35 20 33 3 13 24
12 4 2 25 14 23 8 2 7 1 5 12 4 5 15 4 14 6 11 8
10 17 2 29 15 16 11 10 4 17 3 10 11 19 10 17 19 12 30 14
14 15 4 34 24 24 18 26 15 11 10 24 23 10 16 9 28 6 24 22
7 11 1 24 11 19 8 16 5 9 8 13 16 8 1 9 9 9 20 11
28 23 14 43 35 52 26 39 30 16 26 33 30 27 40 26 34 30 31 21
23 27 11 43 30 41 16 34 26 16 26 24 25 17 33 13 29 17 31 15
32 36 23 74 46 60 45 32 41 24 31 42 34 38 42 46 40 39 39 25
9 6 1 16 13 16 5 14 2 1 7 9 15 8 17 3 9 1 15 9
13 18 3 25 13 20 11 10 4 9 21 15 12 5 6 17 13 11 22 3
34 44 29 79 41 59 43 28 41 25 17 36 34 32 47 52 38 30 32 29
20 28 5 56 22 34 28 22 19 17 7 18 22 15 31 32 15 10 30 16
3 9 1 10 4 6 2 1 1 1 1 4 1 3 1 7 6 1 5 1
7 5 2 19 2 16 16 7 2 9 4 4 7 11 15 12 1 10 13 7
11 16 1 24 3 16 7 5 1 9 9 1 5 6 6 15 5 6 19 1
17 9 6 24 12 28 8 4 9 2 1 3 2 4 23 10 13 3 5 8
28 38 30 57 34 45 27 14 26 19 18 10 22 40 44 39 42 29 36 17
11 25 11 40 6 24 22 22 8 9 17 6 12 20 18 21 23 13 23 8
22 33 26 53 14 42 28 25 21 5 25 12 23 26 33 26 36 21 25 17
9 11 1 18 6 11 6 7 2 2 7 6 8 2 13 12 6 1 10 3
37 45 37 77 41 69 47 45 41 30 43 44 40 42 60 51 47 45 44 27
13 8 4 19 12 22 14 9 10 7 4 8 8 10 19 13 12 11 9 12
23 46 12 63 34 48 42 27 23 18 26 37 42 33 32 48 46 24 45 27
15 35 15 54 34 41 35 43 18 21 30 41 46 20 36 36 39 12 46 22
27 48 31 63 37 47 39 43 36 33 43 31 35 50 46 47 43 48 63 22
5 8 1 15 5 10 1 10 1 1 4 6 9 2 1 2 7 1 8 4
34 45 23 65 31 48 43 22 27 14 24 21 33 27 49 52 39 26 26 18
18 46 12 57 42 50 29 26 29 21 36 39 39 26 27 29 47 34 50 13
10 22 3 24 9 13 5 2 3 12 4 1 2 13 9 19 12 6 17 4
27 36 16 73 47 59 31 40 34 23 27 49 46 33 49 35 36 36 49 27
5 14 5 35 8 24 24 16 6 6 11 11 14 15 11 14 20 12 16 8
20 56 26 56 37 29 28 34 30 37 30 23 37 29 28 48 47 36 50 15
32 34 18 49 34 44 19 23 27 20 23 29 20 17 32 33 35 23 23 16
40 47 37 71 57 66 37 56 32 24 33 46 49 53 74 50 69 37 42 34
36 36 32 66 35 64 55 26 36 24 34 31 31 49 48 50 46 42 47 32
20 34 11 53 33 42 14 38 26 17 25 30 32 16 31 22 35 22 34 14
11 29 5 45 37 31 17 29 17 14 21 26 31 17 34 26 24 17 40 2
7 18 8 30 15 17 14 19 11 10 10 20 19 8 14 13 17 10 21 12
39 53 27 67 47 59 42 44 43 31 45 27 40 40 56 55 48 43 53 14
5 3 3 12 8 12 5 10 6 1 8 3 3 8 5 1 14 2 8 4
33 29 18 51 48 45 18 24 31 20 16 32 24 31 43 20 40 20 39 23
9 31 7 35 34 31 9 29 19 13 20 27 31 16 31 23 26 19 33 6
12 15 3 34 13 23 8 16 4 7 17 14 13 12 10 11 9 8 23 3
18 13 6 32 17 25 12 6 11 1 6 10 6 5 19 14 11 4 9 6
34 44 15 67 38 56 42 23 26 20 40 37 36 31 35 55 46 39 39 15
22 24 11 46 35 51 39 28 29 7 32 37 30 32 33 37 39 34 32 20
40 38 17 72 65 75 46 52 43 23 46 60 57 41 56 52 60 48 47 32
5 10 1 16 4 7 1 6 5 1 2 1 6 1 5 7 5 1 9 2
33 45 30 76 36 57 46 45 36 16 35 33 44 26 56 51 48 19 33 27
31 42 24 55 48 53 41 40 42 14 32 34 36 15 47 42 47 16 29 23
32 28 16 62 39 56 22 37 30 4 26 32 29 22 47 18 39 16 34 22
22 5 1 33 16 35 22 17 4 9 10 17 18 18 30 20 9 14 19 12
28 64 39 67 56 51 38 45 41 38 27 41 53 34 58 63 64 33 49 30
20 41 22 60 44 48 30 30 28 23 30 36 43 35 51 42 42 35 52 7
24 41 24 58 38 47 32 40 33 14 25 35 40 19 39 31 49 14 35 33
37 41 34 72 36 66 44 38 44 21 17 26 28 38 61 47 50 33 28 31
37 38 18 67 48 60 47 35 27 5 41 45 47 23 50 49 43 28 32 12
33 38 20 74 47 56 46 39 31 29 25 31 36 42 54 53 56 34 51 26
1 10 4 25 7 8 1 6 7 1 1 14 8 3 9 6 9 5 9 1
29 44 12 60 37 40 33 24 28 16 21 29 25 8 37 45 35 10 26 16
14 33 22 50 23 33 22 33 25 6 20 25 25 28 35 27 39 21 31 15
13 22 5 28 10 17 7 9 1 9 7 5 9 9 13 15 15 5 17 8
8 9 2 28 6 16 8 8 1 3 6 8 7 7 8 6 6 5 13 3
11 45 17 71 44 50 41 40 37 20 37 42 44 27 32 41 48 22 55 21
16 29 20 47 20 26 26 20 17 23 17 7 18 39 33 34 28 28 42 8
4 14 1 14 13 13 8 19 10 4 15 12 17 7 11 8 9 8 17 1
25 28 25 57 19 47 28 24 26 4 18 10 18 29 41 29 28 18 23 11
10 12 3 26 4 15 16 15 3 10 7 6 12 14 10 12 10 9 13 10
20 34 23 49 24 44 20 34 26 3 29 21 24 25 32 26 37 22 33 15
23 48 21 69 48 53 29 31 30 34 36 39 34 38 41 45 47 44 57 13
6 10 4 25 12 23 8 20 4 1 13 8 16 4 19 6 11 3 14 1
1 1 1 9 1 8 6 5 1 1 1 1 2 3 6 1 1 1 1 1
3 2 1 11 1 8 1 1 1 1 1 1 1 2 1 3 1 1 4 1
12 15 8 29 11 26 9 9 6 7 9 8 10 10 17 17 8 9 21 5
43 45 29 79 43 58 39 25 31 31 22 37 34 44 50 52 42 32 50 36
3 3 1 24 12 18 16 15 5 1 16 20 21 8 14 9 8 7 21 1
4 5 4 16 1 8 7 6 1 1 4 7 6 4 10 1 1 1 8 1
24 26 9 41 12 38 21 20 9 18 28 13 21 7 23 29 13 20 32 5
31 33 13 56 21 44 33 29 21 35 35 22 29 20 18 33 22 36 47 18
4 4 1 14 3 8 2 6 1 1 1 1 7 1 5 1 6 1 8 4
10 27 14 38 17 22 16 11 16 20 11 10 5 30 19 32 22 24 25 5
29 40 14 51 33 39 29 28 17 32 16 22 29 27 41 46 40 23 42 27
1 16 3 22 16 10 7 5 5 7 8 10 9 13 6 15 20 9 24 1
5 8 1 18 4 9 2 4 1 1 1 1 2 3 8 4 5 1 5 1
14 28 18 55 24 36 34 32 27 11 22 23 24 23 30 27 38 21 32 16
24 48 28 78 35 47 36 14 32 21 21 19 21 46 42 53 50 37 47 13
37 35 23 67 45 58 42 16 39 21 28 43 34 25 42 46 28 37 39 22
43 42 20 74 53 66 39 50 38 31 25 46 47 28 57 39 43 14 52 46
1 16 8 22 5 13 10 15 5 7 5 6 15 7 14 8 12 5 11 8
18 33 15 38 28 33 14 14 17 9 11 11 15 17 31 30 24 13 24 4
44 35 11 70 38 59 29 25 30 23 28 30 23 16 42 34 29 26 40 20
16 11 1 12 14 20 12 12 5 1 8 4 11 6 21 18 12 2 6 4
10 12 10 23 17 24 12 13 16 6 5 11 8 15 20 12 20 14 5 9
10 1 3 21 10 21 12 10 5 1 9 7 4 8 11 1 15 5 6 6
9 16 2 22 16 14 2 10 6 4 1 8 6 3 14 8 23 1 14 13
22 17 6 40 20 33 18 10 12 5 11 14 15 9 26 21 4 10 18 2
21 28 20 47 23 39 27 20 14 16 16 18 17 26 40 36 31 22 27 10
41 35 12 59 34 56 44 22 26 15 38 23 24 19 31 47 38 26 33 15
13 23 1 37 16 20 13 19 11 14 13 12 17 5 7 21 13 2 23 9
3 3 1 5 4 7 2 6 2 1 3 3 6 1 6 1 3 1 4 1
1 5 1 13 1 3 4 7 4 1 3 6 7 3 4 1 5 1 7 4
1 8 4 15 1 5 7 12 3 1 4 1 8 4 9 2 6 1 4 1
3 6 1 28 10 12 6 13 1 1 7 16 16 4 10 3 8 2 20 4
25 46 8 74 47 50 26 41 34 27 25 44 42 28 41 38 34 26 54 24
20 33 15 33 30 34 13 9 22 4 11 15 10 8 30 32 21 10 17 3
16 14 2 36 18 32 28 24 10 1 26 22 25 18 19 24 24 16 16 5
36 34 13 61 32 49 27 21 22 11 3 18 20 23 45 34 32 9 26 25
18 34 23 48 22 34 23 22 16 17 22 8 15 29 36 35 30 19 34 3
11 51 23 65 45 31 20 21 29 25 11 33 33 29 36 47 48 24 43 14
20 22 10 37 20 44 28 24 15 3 20 12 18 16 33 28 19 14 17 1
26 20 4 56 29 39 24 27 20 11 14 22 18 16 27 21 24 7 28 18
47 43 27 64 32 59 43 17 33 19 25 21 29 29 56 58 32 33 23 22
4 15 6 11 12 7 2 2 1 7 1 4 2 9 10 11 14 4 12 3
4 29 13 29 22 12 7 18 13 12 6 15 19 20 22 23 25 14 27 6
2 6 1 5 2 3 1 4 1 1 1 2 4 1 1 2 4 1 3 1
26 34 17 61 31 53 37 42 33 23 40 33 34 34 46 44 32 40 45 11
43 43 19 78 54 65 52 17 47 29 32 45 39 48 39 59 42 47 48 34
4 13 5 8 8 9 4 6 1 3 4 2 6 5 10 9 11 1 9 3
34 39 18 55 34 54 35 27 25 21 27 21 22 28 46 51 33 27 24 10
24 48 28 66 42 55 35 42 32 23 26 30 40 35 52 44 53 33 47 23
33 58 25 76 47 51 42 46 30 40 37 43 49 41 53 65 53 46 56 23
24 40 22 56 32 55 38 48 34 21 32 28 35 31 44 34 49 31 45 27
28 39 24 47 14 37 25 15 16 13 24 6 12 22 24 33 40 18 22 14
30 60 49 75 47 58 48 33 49 21 33 34 31 46 67 64 56 45 35 12
25 41 18 52 11 32 28 18 14 22 15 11 17 16 20 34 32 16 26 17
14 33 18 59 25 43 48 39 29 17 34 30 36 32 22 36 44 29 46 27
36 44 33 69 28 60 42 32 32 18 32 28 28 30 52 47 50 35 21 20
25 18 6 51 32 51 28 45 19 16 28 29 39 24 37 19 30 22 41 23
5 9 1 12 1 4 1 1 1 1 2 1 1 1 2 7 1 1 6 1
1 1 1 9 1 2 2 4 1 1 1 1 4 1 5 1 1 1 4 1
21 31 15 54 33 39 19 20 25 8 18 23 19 19 31 30 32 17 22 9
32 31 18 58 33 52 12 30 27 7 22 26 22 25 42 20 34 14 32 19
32 31 18 58 43 47 39 19 32 27 22 36 28 42 39 42 39 35 47 32
1 7 1 12 4 4 1 5 1 1 1 1 3 10 3 5 4 1 12 1
1 4 1 15 1 7 3 5 1 1 1 1 3 6 6 1 3 1 8 1
3 7 7 21 4 12 10 11 4 1 6 5 7 10 14 4 6 4 9 1
6 13 1 22 14 14 8 4 1 6 1 3 4 11 11 14 12 5 14 1
3 6 1 11 5 10 8 13 5 3 8 7 13 5 8 5 4 4 8 1
15 31 9 40 33 28 21 26 18 14 25 25 25 22 21 27 38 17 35 15
26 48 32 57 38 48 32 9 29 22 21 23 25 40 40 52 49 39 34 21
16 15 15 51 13 43 25 20 12 4 18 15 13 26 30 20 25 19 31 11
8 6 5 19 10 18 7 5 8 1 2 4 2 7 14 5 11 6 1 3
10 9 5 32 13 22 11 18 9 2 7 13 9 12 16 3 23 5 15 13
17 37 16 50 20 28 23 24 19 18 14 19 23 7 27 33 28 5 22 18
19 41 26 67 44 51 29 29 34 26 24 31 27 36 49 42 40 38 44 9
14 2 2 24 9 21 11 4 5 6 2 1 3 10 12 8 4 7 10 6
5 4 1 19 6 13 5 1 4 2 1 4 1 6 7 5 7 7 5 4
9 8 1 31 9 22 16 10 3 8 14 15 14 10 11 13 5 13 24 4
32 49 26 70 55 54 29 41 41 41 16 46 38 43 44 42 54 29 53 44
18 38 12 57 49 40 15 29 32 15 15 32 26 20 34 32 42 20 37 13
32 48 33 62 51 44 23 20 37 18 17 25 27 28 51 46 44 27 36 11
17 16 1 37 12 24 17 7 3 12 11 7 10 13 14 24 12 11 25 6
13 24 12 26 18 24 20 22 8 3 15 19 21 16 31 31 27 13 9 4
5 2 1 21 4 15 8 1 1 3 4 7 3 6 2 5 3 7 9 1
29 45 21 58 32 43 34 40 29 24 29 30 27 25 38 44 54 24 39 22
40 49 23 80 48 64 31 48 34 35 38 51 48 27 48 37 51 34 61 36
22 36 14 57 28 37 30 35 29 21 31 23 26 11 23 34 28 12 37 16
8 8 2 9 11 15 3 10 4 1 9 9 10 2 9 5 7 3 10 5
7 4 1 17 5 14 6 4 3 2 1 1 4 4 8 5 2 3 7 1
10 17 5 13 9 15 15 15 3 4 13 9 15 9 21 23 13 7 8 2
21 18 16 48 24 48 36 32 26 9 34 25 26 30 29 24 31 31 38 16
15 34 18 45 38 31 22 20 27 16 19 28 22 25 32 38 32 23 24 6
15 18 8 28 15 26 7 1 3 9 1 1 1 16 20 18 20 7 19 7
13 13 4 14 14 20 7 4 10 6 1 7 1 10 12 12 15 8 9 11
25 28 10 57 25 39 24 26 22 20 19 20 20 16 27 29 29 17 33 21
2 11 5 34 13 20 8 21 10 1 9 19 20 9 13 5 12 10 18 2
1 8 4 22 1 8 6 5 1 1 1 3 3 3 9 2 6 1 3 1
13 21 2 29 17 19 15 18 13 11 4 9 10 13 12 18 26 7 15 17
7 7 2 17 8 14 4 6 5 3 5 5 5 8 6 5 8 5 12 4
31 41 23 51 22 43 28 24 14 25 28 14 25 20 23 38 32 21 41 16
11 6 2 20 11 16 9 9 10 1 8 9 6 5 10 10 4 1 6 1
3 12 7 21 1 9 5 6 1 2 2 7 6 1 10 5 10 1 6 4
1 6 1 10 1 6 1 2 1 1 2 1 2 4 4 2 2 1 9 1
24 32 21 52 30 42 28 37 28 20 30 31 28 25 34 29 39 27 24 20
33 23 11 33 20 35 18 24 17 16 20 16 17 14 28 21 24 10 17 18
40 38 19 64 31 52 39 18 26 30 32 22 25 26 21 47 37 37 45 24
8 6 1 15 7 11 9 7 1 1 4 8 7 1 8 4 8 1 7 6
14 37 15 52 44 35 27 23 25 17 30 34 41 41 34 35 41 28 53 16
27 33 10 54 31 32 29 23 18 30 13 18 29 29 37 45 25 22 43 16
8 2 1 21 7 15 5 9 2 1 2 4 10 3 12 2 5 1 9 3
7 15 5 26 5 15 2 9 1 2 6 6 10 4 17 11 4 1 14 1
15 29 15 60 36 42 38 29 23 22 29 29 36 49 34 39 39 35 56 16
35 44 40 76 43 66 41 35 40 30 27 36 29 54 59 51 51 43 44 28
28 53 23 64 58 51 48 40 42 31 37 46 47 27 42 58 49 23 50 25
2 2 1 7 2 7 3 1 1 1 1 1 1 7 1 1 4 2 3 1
23 44 16 51 40 46 32 42 28 28 26 29 38 23 42 29 49 26 45 19
19 41 26 67 29 39 24 22 26 18 26 19 20 35 36 44 42 30 46 6
1 4 1 14 1 8 1 1 1 1 1 3 1 2 4 1 1 1 1 1
13 38 13 56 22 37 26 36 23 21 25 24 31 13 25 29 29 16 34 14
3 18 15 30 12 16 15 16 10 8 17 9 6 23 17 16 24 15 27 1
15 37 20 54 30 43 33 22 26 8 22 23 23 33 32 33 52 26 34 18
24 20 2 44 18 32 21 12 13 12 18 15 13 6 15 26 11 15 23 3
3 4 1 28 10 16 11 8 7 1 9 15 12 7 13 8 5 6 16 1
13 12 8 30 11 25 19 16 5 9 11 5 11 19 18 13 15 11 18 9
18 22 14 50 28 43 31 31 27 24 28 29 27 27 30 15 27 33 43 10
1 3 1 6 5 7 1 7 3 1 6 5 5 1 2 3 2 1 5 1
10 13 6 36 12 26 18 12 9 1 11 14 12 6 27 20 12 5 11 1
26 34 12 44 40 35 20 25 27 17 9 25 22 18 36 31 37 13 29 21
19 14 1 34 21 24 13 12 11 2 10 14 15 5 22 17 19 4 18 9
19 11 14 34 8 34 21 7 11 8 6 3 3 22 23 17 20 16 14 15
40 42 38 67 37 64 48 37 41 19 28 30 37 48 64 54 54 41 40 34
23 40 22 66 43 57 39 44 34 18 46 44 45 28 45 24 47 35 51 10
38 42 20 68 57 50 28 43 36 25 20 33 40 42 56 32 51 21 51 30
24 30 4 44 32 30 19 19 14 29 9 20 18 24 20 33 30 16 38 26
3 10 1 14 11 10 2 3 2 7 1 4 4 12 5 8 11 5 17 2
13 18 1 30 18 22 14 24 10 7 17 19 24 2 13 16 15 5 21 10
34 49 32 76 46 67 42 33 45 28 31 36 27 42 55 55 44 42 40 17
25 28 6 49 25 36 33 39 17 22 30 32 37 19 25 38 25 23 31 19
20 31 14 42 24 33 16 9 10 18 7 14 10 21 27 31 32 19 28 16
4 13 7 18 15 17 3 7 10 3 4 13 8 10 12 11 15 10 8 3
32 22 9 51 37 48 28 17 28 3 20 33 23 10 44 35 24 17 17 9
28 37 27 65 39 56 48 50 22 15 48 43 45 41 50 49 56 38 46 21
28 50 33 76 48 56 49 35 41 37 34 39 37 56 47 59 58 52 51 29
3 18 2 25 13 9 15 14 10 5 8 17 18 3 9 14 19 6 19 9
5 3 4 21 6 17 9 15 5 1 11 5 7 7 12 4 6 3 9 1
10 23 1 28 24 21 6 19 6 9 16 15 17 10 13 14 22 9 24 4
34 39 18 58 43 42 24 14 25 30 19 23 23 30 40 48 39 33 47 15
9 24 15 25 14 17 10 6 11 3 5 12 5 11 20 20 24 7 10 5
24 50 14 65 49 40 44 29 40 25 35 32 41 39 29 54 52 32 51 20
31 59 38 76 41 56 44 54 43 38 46 35 46 33 38 53 61 37 54 35
43 33 11 59 43 53 34 21 29 9 26 34 26 23 48 39 31 18 25 15
17 25 3 51 30 41 28 36 16 11 31 39 42 16 30 27 27 23 36 11
4 13 1 12 6 6 7 8 2 3 4 4 8 5 10 12 7 1 9 1
3 7 1 19 7 16 7 9 1 1 3 5 9 8 15 6 7 1 13 1
10 25 9 42 28 31 16 28 24 4 15 28 30 6 34 24 15 12 20 3
4 2 1 15 2 10 2 1 3 1 1 1 1 5 6 1 1 2 3 1
1 14 2 9 8 10 1 1 1 4 1 1 1 8 6 10 11 2 11 1
29 27 22 55 28 54 37 41 27 5 31 31 31 26 48 33 48 23 25 19
5 17 6 25 6 9 5 13 4 3 7 8 11 9 11 10 11 1 15 4
