1000 20 10 1728
2 1 4 2 3 5 1 7 4 5
9 3 1 4 2 7 6 10 1 3
8 24 2 18 10 4 3 10 10 2
2 2 16 3 8 4 6 1 10 13
8 9 5 3 8 8 3 2 6 2
12 13 4 14 12 1 3 0 7 25
5 2 8 10 2 1 6 6 2 8
1 4 11 4 8 7 14 26 5 10
8 5 4 8 3 3 2 1 6 1
6 0 4 4 1 7 6 4 2 5
4 5 0 5 3 9 6 0 1 16
9 2 5 4 1 6 7 9 16 0
0 2 5 9 6 8 2 1 6 0
8 5 13 6 2 5 6 3 3 1
5 2 10 1 14 5 2 7 7 3
5 10 5 0 1 3 8 2 10 3
7 4 8 0 3 6 17 9 2 10
1 1 3 2 7 6 17 7 11 1
6 6 1 6 5 5 5 2 8 9
5 3 7 3 5 5 6 2 4 2
1 3 5 10 3 7 9 3 11 1
7 13 1 12 3 8 6 2 7 1
1 1 1 7 4 3 0 3 3 2
3 6 3 4 1 9 3 5 3 1
11 4 7 10 1 5 23 19 15 11
8 5 5 4 1 5 4 2 2 9
1 1 0 4 5 3 4 4 13 8
1 4 3 5 4 3 3 2 4 1
3 11 4 2 1 14 19 18 5 4
0 1 2 5 0 1 4 10 2 1
10 2 4 3 8 11 6 15 9 5
14 1 21 4 2 15 5 8 6 6
15 4 11 7 2 11 11 1 4 1
8 4 2 8 2 0 1 2 0 4
19 10 16 15 6 10 0 7 8 10
2 4 6 11 1 1 11 15 8 7
3 3 2 6 1 2 0 3 6 0
6 1 17 2 15 2 5 3 0 7
14 7 10 1 3 4 13 11 3 8
4 1 2 7 3 11 1 1 8 6
4 6 13 2 18 10 7 5 7 1
1 4 0 1 4 10 3 2 4 14
5 3 5 4 10 1 1 3 1 5
2 2 3 12 9 11 3 7 16 4
1 2 5 1 1 2 3 8 1 4
21 13 6 15 10 7 5 5 1 2
13 4 10 7 5 5 5 8 3 7
9 15 3 3 19 11 1 5 16 4
5 15 5 2 3 4 3 3 1 8
0 1 2 1 19 2 3 0 3 9
20 9 2 8 3 1 18 9 15 10
1 1 2 16 5 8 3 21 13 13
1 3 1 6 8 0 0 1 2 1
27 8 6 17 7 8 11 8 1 1
4 2 8 2 1 3 1 6 5 4
9 3 3 2 3 0 0 1 4 6
1 2 5 1 1 3 9 3 4 1
1 4 3 0 5 3 3 4 3 4
3 12 6 3 11 4 6 8 2 8
2 10 19 0 1 18 14 3 21 4
1 8 2 7 5 2 4 4 4 1
0 6 20 13 3 2 7 14 6 1
13 2 6 8 6 0 2 2 10 3
6 5 7 4 8 3 1 1 3 1
1 7 11 1 9 6 4 7 3 0
11 5 3 2 3 9 15 11 1 12
2 4 15 20 4 0 1 3 2 4
6 7 3 4 7 4 1 7 2 7
19 11 14 17 4 1 1 3 16 17
1 8 8 6 4 8 5 2 4 11
4 21 7 4 11 4 11 6 5 9
5 7 1 1 3 5 8 12 7 3
3 6 3 8 20 9 2 11 6 5
1 13 17 6 2 17 7 4 6 11
3 7 7 32 6 6 10 5 12 10
3 2 4 9 3 10 10 13 12 10
3 6 6 4 10 9 2 1 0 0
1 12 9 4 1 1 1 11 3 1
4 3 0 0 7 9 6 3 2 2
9 10 11 8 3 3 8 12 10 7
4 1 3 14 9 1 5 2 9 3
1 12 9 13 9 10 3 10 1 7
2 3 3 14 6 0 8 3 3 2
13 11 4 11 1 1 1 8 13 12
1 3 4 3 1 4 6 3 0 3
4 12 6 3 1 4 9 11 3 16
16 10 8 3 9 0 11 0 17 6
13 1 21 5 5 14 1 6 15 1
11 9 20 11 0 10 2 5 17 12
4 4 15 0 14 15 6 5 0 4
1 28 0 2 3 2 15 2 8 16
5 3 11 0 0 4 9 5 7 8
21 4 6 0 8 11 10 19 17 5
10 3 7 29 7 2 9 3 3 10
3 12 15 3 3 11 19 5 15 4
5 13 3 13 22 2 4 2 3 7
2 1 22 3 7 2 7 21 7 12
13 6 3 14 9 14 5 3 8 2
4 0 3 6 2 2 13 5 10 5
2 2 1 0 2 5 3 16 3 4
7 16 7 2 8 3 21 7 10 3
1 3 0 5 0 1 1 3 8 5
4 2 8 8 5 1 4 3 1 7
13 9 2 0 1 12 9 10 10 11
0 2 3 12 21 13 0 1 13 6
0 2 11 0 2 4 3 0 3 0
5 25 8 13 12 10 1 6 3 2
7 6 6 1 5 13 4 4 18 9
3 14 4 9 6 11 20 9 6 11
5 1 20 3 13 13 21 4 5 5
19 6 21 1 8 7 8 21 10 8
15 2 10 24 2 1 6 12 2 16
1 5 1 5 1 2 1 3 9 1
9 0 10 5 1 6 0 8 7 3
2 6 8 7 0 2 7 3 8 6
1 4 3 3 6 2 2 3 1 9
11 5 10 4 8 4 7 10 7 11
2 1 2 3 0 9 1 3 0 4
3 4 5 7 9 0 1 3 0 14
9 2 0 17 15 0 3 1 24 7
2 4 3 5 2 13 1 8 7 2
8 12 4 4 2 9 4 3 3 5
3 1 0 6 5 1 4 3 7 1
10 3 5 0 15 1 3 6 3 0
10 9 7 2 2 2 13 4 7 11
4 3 1 3 1 3 2 0 6 3
2 4 4 0 11 13 3 16 7 4
10 3 3 2 3 3 0 9 4 1
1 4 4 10 1 1 1 3 0 1
2 2 2 14 5 2 2 2 3 2
5 1 1 0 13 6 1 9 12 1
5 17 3 5 7 13 6 7 2 2
2 4 6 4 8 6 6 9 10 1
4 10 8 7 6 7 13 1 11 14
9 2 1 2 1 3 2 4 2 2
22 7 3 4 5 16 5 2 14 18
12 11 8 1 24 7 14 5 1 9
19 14 12 8 16 14 9 11 9 1
4 4 5 5 4 3 2 2 5 4
2 10 20 14 7 6 5 4 3 4
7 2 6 4 7 6 12 1 8 5
8 2 2 9 3 5 5 1 8 0
17 11 12 2 5 6 4 3 6 14
5 2 4 3 0 3 2 10 5 2
3 12 13 17 7 11 10 17 8 3
2 1 12 2 8 9 0 1 6 4
6 12 3 2 4 12 25 6 3 5
1 2 1 1 0 3 6 16 1 9
2 2 13 19 19 13 3 0 9 16
3 1 18 9 23 6 18 4 4 3
1 3 2 2 2 3 7 3 3 3
8 3 1 7 7 5 2 9 10 3
0 6 12 15 6 1 9 4 6 1
24 13 6 12 17 1 11 8 11 1
1 2 7 2 5 14 8 5 3 22
11 15 12 11 1 14 3 15 1 11
5 5 2 2 13 8 3 9 6 2
2 15 8 19 17 4 5 1 0 2
8 8 1 6 2 4 17 22 22 1
5 14 7 1 4 3 5 1 4 7
14 11 5 1 10 3 6 7 2 22
2 0 10 6 10 2 11 13 3 6
7 3 4 10 10 13 11 2 3 1
1 1 0 4 4 2 6 4 4 2
1 13 15 10 16 2 2 10 12 16
1 1 1 3 7 4 2 0 5 3
0 3 3 4 5 10 12 15 11 7
22 10 12 14 5 3 11 0 5 17
3 16 5 18 9 2 15 3 19 8
10 1 10 3 3 4 3 14 6 3
3 8 2 18 21 9 15 1 13 15
5 5 1 2 2 1 9 3 2 2
0 2 2 4 10 4 9 8 4 23
10 5 6 21 2 8 1 26 13 3
8 12 10 3 5 2 2 7 4 1
0 5 3 12 3 7 5 6 11 5
3 11 15 1 14 9 8 1 3 14
6 3 0 0 2 5 0 9 1 4
0 2 14 1 5 5 13 2 10 20
3 1 5 3 1 3 7 2 3 3
5 10 17 3 10 4 3 4 1 15
5 6 3 1 8 1 4 15 6 1
1 3 0 1 15 2 14 3 19 27
2 4 13 7 11 7 13 4 10 1
14 4 7 0 2 4 5 1 17 3
9 4 1 2 3 4 0 7 0 0
9 2 7 2 7 5 1 5 1 6
11 13 5 6 1 2 2 4 7 8
0 1 3 1 2 2 1 3 9 1
0 1 9 10 1 4 7 5 16 28
12 0 3 7 8 14 11 17 1 9
10 3 7 3 13 3 12 18 9 2
4 2 8 6 6 1 7 7 5 3
22 16 7 5 1 8 16 6 2 0
1 25 9 7 18 9 9 0 1 1
13 9 13 7 7 7 9 15 3 4
7 6 8 1 3 5 13 10 2 4
12 13 3 2 19 14 8 6 5 10
3 5 10 5 7 0 4 5 0 8
3 3 4 4 2 1 12 1 4 4
8 12 0 4 12 3 6 19 4 0
10 2 3 3 17 7 4 8 0 3
2 2 2 5 8 4 8 4 4 5
3 7 0 13 1 6 2 6 1 1
14 11 3 15 5 16 15 11 18 1
24 6 5 2 13 11 7 12 16 11
23 2 1 13 1 6 7 4 3 0
10 3 9 7 4 6 16 1 29 10
1 9 1 3 9 0 0 2 7 3
7 5 4 0 4 0 11 4 6 1
18 1 5 19 5 9 3 10 16 16
0 1 3 1 22 6 2 1 9 10
22 6 9 5 18 11 1 2 7 20
4 1 6 1 4 5 4 4 2 3
2 9 1 5 4 2 0 14 6 9
2 5 9 9 4 2 0 5 2 5
5 4 8 4 10 1 4 2 8 4
3 25 12 4 2 16 6 6 7 3
1 3 9 2 7 0 5 2 2 5
9 10 3 7 2 0 13 10 3 10
11 3 18 2 6 15 11 4 2 9
11 7 11 2 20 7 21 15 8 10
3 3 1 12 2 3 8 5 4 1
3 8 19 10 12 8 2 14 4 0
4 7 0 5 5 3 5 2 2 1
21 8 9 0 6 9 10 6 23 6
2 7 6 3 0 2 6 7 10 5
1 1 6 6 4 8 2 4 10 3
6 0 8 19 6 14 14 17 9 6
6 4 29 1 10 2 11 6 7 2
3 15 27 6 10 1 7 3 3 4
4 2 0 1 1 8 1 4 5 1
5 3 4 3 4 3 7 7 0 4
10 5 8 8 5 18 4 5 21 18
2 11 23 1 18 4 8 4 8 12
3 12 19 13 5 10 11 8 1 20
2 7 2 5 3 15 9 12 5 2
3 22 3 9 5 9 13 11 7 15
5 2 8 2 13 6 16 5 3 7
5 11 5 10 3 0 2 6 6 1
0 6 14 12 9 1 5 4 10 25
23 9 8 2 1 19 2 1 6 4
2 10 1 7 2 4 2 0 2 2
2 12 0 25 6 19 10 8 9 11
0 20 22 7 3 12 11 6 13 0
1 2 2 7 4 1 4 7 11 0
10 7 5 4 14 6 8 6 16 10
4 4 2 4 2 8 2 1 5 4
4 0 0 6 4 2 2 4 4 0
7 13 5 5 10 9 2 14 0 4
6 6 9 4 14 3 11 9 3 20
1 10 1 4 0 3 6 12 15 7
4 9 1 13 7 5 7 1 10 16
8 0 1 6 22 16 7 11 11 5
0 1 5 2 6 2 4 1 3 2
6 2 5 4 3 4 3 2 2 1
7 12 6 7 11 21 3 11 6 13
17 1 0 1 4 7 10 13 2 0
12 3 3 9 10 8 4 2 5 4
12 4 2 0 6 0 5 3 7 0
6 9 2 9 3 2 1 1 11 13
3 3 17 14 5 11 8 3 2 9
0 11 4 2 1 5 9 3 6 3
4 0 1 3 8 5 1 2 1 9
6 3 1 6 9 4 7 5 4 3
8 1 2 6 8 25 6 3 24 5
1 13 4 1 17 4 2 5 8 28
7 7 15 1 16 10 3 4 5 5
2 0 11 7 0 8 1 0 3 4
10 6 12 2 16 3 10 6 1 0
3 7 6 2 10 4 4 8 4 2
5 7 0 1 1 3 3 0 2 7
2 16 3 3 11 2 11 7 4 8
26 4 12 3 6 10 6 16 0 2
0 13 20 8 3 8 11 8 5 1
3 1 2 1 5 0 7 5 1 2
1 4 5 5 4 5 1 2 1 2
3 14 23 0 14 4 7 22 7 3
6 2 19 13 10 4 3 12 7 9
10 3 2 0 8 4 1 2 4 9
6 11 8 19 3 2 6 9 13 0
7 2 19 6 1 13 10 1 10 16
26 0 10 5 8 8 4 6 9 7
3 1 1 3 3 8 6 2 3 1
1 1 7 4 3 9 2 2 3 7
4 0 16 4 12 13 6 1 12 18
3 1 3 13 5 8 15 22 17 9
2 10 6 3 15 11 12 12 21 7
1 5 14 6 14 20 1 5 14 5
7 4 15 6 10 9 18 5 6 10
11 9 6 3 6 8 3 11 7 1
4 7 8 12 3 8 13 2 3 7
3 16 2 7 2 0 14 2 1 6
1 5 18 12 21 10 4 6 0 2
1 0 0 2 3 1 5 2 8 4
3 5 4 9 5 3 8 9 4 10
7 6 10 2 3 2 13 14 2 5
13 7 7 13 0 7 6 10 6 9
4 9 15 5 0 19 6 9 7 8
9 12 5 15 17 0 3 9 12 5
6 9 4 5 0 6 9 8 2 1
1 9 6 2 15 4 4 3 5 1
2 11 5 3 7 7 12 4 2 7
12 2 1 3 10 2 12 4 0 9
19 5 2 21 14 10 1 9 3 12
12 8 2 3 2 1 2 0 13 6
1 2 4 6 6 3 4 3 3 6
2 4 2 1 5 6 0 0 4 3
9 11 6 10 6 5 4 16 0 14
8 10 0 2 4 3 1 9 9 3
1 4 19 5 6 11 12 1 8 5
0 10 3 9 19 3 21 13 3 0
12 5 2 3 8 10 19 3 1 3
11 0 20 13 1 14 4 15 1 2
11 4 10 8 23 2 20 8 6 6
11 8 7 2 14 7 2 26 15 9
24 7 17 9 12 1 4 2 15 6
2 7 1 3 6 2 7 5 10 23
3 3 1 4 1 11 2 3 5 6
6 1 2 4 3 17 0 8 9 3
3 19 2 6 2 2 14 5 6 7
15 3 5 7 4 3 5 15 17 2
19 14 15 7 3 6 4 13 3 1
4 14 4 16 10 6 8 3 3 8
4 12 1 4 18 11 7 4 4 4
9 4 16 4 3 16 7 12 5 12
2 4 7 2 3 7 5 3 17 10
13 8 8 3 20 4 1 1 6 18
5 5 2 6 9 4 4 1 6 3
7 9 6 7 5 3 11 2 1 3
3 4 4 1 2 10 2 2 7 3
0 2 4 2 2 5 2 11 8 1
4 0 4 6 2 3 1 2 1 3
0 14 2 5 0 1 8 3 8 3
10 10 8 27 17 13 3 3 1 5
1 6 8 6 9 5 6 11 4 6
2 9 5 13 12 9 8 5 7 8
3 2 22 5 10 3 12 3 1 7
13 1 8 18 7 4 7 4 3 5
6 2 6 15 6 30 2 0 2 7
4 9 1 3 2 3 6 5 4 1
10 6 5 9 3 8 2 2 11 3
9 2 12 10 9 5 10 2 10 18
0 2 1 5 27 19 12 2 9 1
13 17 8 20 2 12 11 14 6 0
4 7 6 2 0 18 20 24 5 3
13 4 5 2 5 13 1 1 6 16
3 17 2 0 0 7 1 3 0 13
9 0 9 0 22 12 2 18 1 9
2 7 4 11 4 1 18 2 9 5
4 3 17 20 9 4 8 5 17 8
5 5 3 8 2 4 4 3 4 3
3 10 11 0 10 4 2 1 7 0
6 5 1 0 4 1 2 2 7 9
1 2 7 3 0 6 1 4 6 3
11 2 3 20 2 10 20 5 19 11
2 1 6 1 3 1 2 6 5 2
16 2 6 3 9 9 13 1 13 6
1 7 7 12 5 0 10 9 2 9
8 1 12 2 10 1 10 4 10 11
0 2 1 3 3 8 5 3 6 1
12 1 33 1 2 2 7 15 4 5
15 7 2 2 3 2 1 3 9 3
9 0 3 8 25 16 8 13 12 5
8 7 9 2 4 5 4 17 16 23
2 5 5 0 6 4 1 4 2 7
1 4 1 1 2 5 6 5 4 0
1 4 10 7 8 11 5 8 3 1
12 8 4 11 1 7 5 3 5 6
12 2 9 6 10 11 1 8 6 14
5 4 1 15 3 2 2 4 4 3
2 3 5 3 3 4 3 5 4 9
2 3 13 5 7 8 2 1 7 4
3 5 4 10 5 10 9 4 6 6
5 0 3 4 4 5 1 1 3 1
7 4 3 2 5 3 2 1 2 3
4 5 5 4 2 11 2 7 6 4
17 12 0 21 6 7 2 9 12 6
1 8 6 13 10 2 6 2 17 4
6 4 3 0 10 2 2 14 3 6
0 14 5 20 24 10 2 10 6 11
4 6 6 18 3 2 25 1 13 3
7 0 2 6 3 4 10 9 7 5
24 6 2 12 6 1 9 13 6 13
0 1 1 2 13 2 3 8 2 1
2 4 4 3 19 4 14 9 19 4
2 1 13 7 5 9 7 3 1 9
2 6 14 18 9 1 4 6 4 14
3 1 1 4 10 18 6 10 1 12
13 4 1 5 8 1 3 1 3 4
5 2 0 2 7 14 10 3 0 6
7 5 3 5 1 1 4 2 2 1
0 2 1 2 4 5 11 17 4 3
4 1 2 10 2 1 3 3 5 1
10 0 1 1 7 13 13 8 4 4
6 7 4 2 1 1 1 2 2 4
10 7 8 7 8 9 9 9 1 9
3 13 1 11 6 3 4 8 3 13
9 4 13 2 7 16 5 0 19 8
1 5 5 8 0 8 4 0 12 6
4 0 4 6 2 3 3 8 6 3
10 18 26 5 10 1 1 1 5 7
2 3 6 3 7 7 5 3 1 1
1 13 2 15 10 0 7 3 1 23
3 2 2 20 7 9 12 11 7 17
20 1 3 7 5 2 1 1 1 10
6 2 4 4 1 3 6 3 1 7
11 11 6 10 1 9 13 9 6 4
15 0 9 21 2 2 13 11 1 1
3 6 13 6 5 4 2 6 8 5
8 6 0 20 1 1 4 10 5 7
6 5 3 14 8 12 13 0 15 1
1 1 6 1 4 12 8 17 7 0
0 16 1 6 7 4 4 20 4 8
4 3 2 2 9 2 0 13 6 7
3 0 8 4 1 4 2 1 6 2
4 3 5 6 4 20 5 14 13 14
4 16 11 1 2 3 23 9 2 3
5 19 9 15 3 6 3 0 6 15
6 30 12 1 5 13 2 13 2 10
10 8 4 6 0 2 3 6 10 2
16 22 8 3 10 7 0 2 3 9
4 18 19 15 4 6 11 6 4 2
5 4 0 1 5 0 1 1 4 4
10 2 6 5 6 8 6 12 11 3
0 6 4 5 5 3 3 0 6 2
9 13 2 10 6 9 4 9 4 2
7 9 8 7 4 11 12 13 17 15
2 7 0 1 1 2 5 4 4 2
31 10 18 1 5 9 4 3 6 3
2 16 1 10 2 14 11 9 6 6
2 0 6 9 6 9 6 2 2 5
15 7 8 1 7 6 18 19 6 1
8 15 3 21 12 12 0 8 11 7
10 6 12 13 15 14 10 12 8 2
14 6 8 3 11 4 6 4 13 12
13 0 11 14 13 11 21 14 7 7
2 11 8 24 4 11 6 15 16 8
2 2 0 7 15 8 4 18 7 3
6 4 3 4 5 3 1 1 2 10
4 1 2 3 7 2 2 8 6 3
5 5 6 8 12 7 13 17 9 23
10 7 2 27 17 1 13 4 0 10
22 2 24 7 4 7 15 7 5 5
2 8 6 7 7 2 10 1 17 11
2 3 5 5 3 1 4 4 1 3
3 6 11 18 13 10 15 14 8 1
6 3 12 2 13 5 2 10 0 2
3 12 7 5 5 2 5 0 8 6
2 6 2 5 0 2 0 5 6 2
5 6 1 6 11 13 4 5 7 7
0 9 6 4 8 6 1 3 4 4
3 4 3 3 2 1 4 6 1 4
8 5 8 24 3 5 6 2 11 10
11 2 8 14 1 19 10 13 5 8
18 1 0 11 10 11 22 7 0 4
1 10 12 10 23 18 3 1 7 7
3 2 4 0 7 6 2 7 1 4
2 2 7 1 2 4 2 5 5 8
7 1 0 7 13 5 4 11 4 6
2 4 5 10 5 11 3 0 0 2
12 9 1 4 2 9 1 8 23 11
14 7 9 9 5 6 5 3 12 8
0 8 5 6 6 0 2 4 10 5
3 2 5 16 0 14 8 4 16 4
4 10 7 5 15 2 19 18 5 1
9 22 14 1 5 8 0 2 2 10
7 1 2 7 2 0 4 3 8 6
11 2 11 9 3 3 5 7 3 7
7 12 1 5 18 11 16 1 3 1
6 1 1 15 15 9 14 3 23 8
1 9 0 7 12 19 7 3 2 14
15 5 2 12 4 12 10 26 2 2
10 1 9 4 4 4 14 2 0 12
7 4 10 9 1 2 8 6 8 3
7 5 4 14 1 3 3 1 3 6
12 3 7 22 0 5 0 9 6 12
1 8 2 0 5 1 3 3 2 8
15 10 8 5 7 1 3 15 4 12
1 1 1 11 1 1 6 4 3 3
7 2 3 22 7 12 2 5 13 18
1 8 22 9 6 5 3 10 1 12
9 17 7 7 5 1 7 14 12 6
21 14 11 4 3 7 2 0 15 8
23 4 13 11 17 3 1 10 2 7
11 6 6 10 7 19 3 4 1 29
3 0 5 2 6 6 7 2 6 6
10 0 1 6 1 16 5 9 21 6
16 1 3 15 9 9 16 3 9 4
16 1 2 3 20 10 3 7 5 17
3 4 18 2 9 15 15 16 2 12
3 0 16 17 7 6 19 16 13 6
1 1 4 4 4 2 6 1 7 3
7 5 1 1 13 14 19 9 2 1
2 5 10 1 1 8 8 4 3 12
11 6 7 5 0 0 8 1 2 5
2 3 21 18 12 13 6 2 5 12
4 1 3 2 4 2 7 5 6 7
2 7 4 2 4 3 5 4 6 1
19 13 7 7 1 8 5 8 9 26
1 13 15 10 8 3 22 1 0 8
4 9 4 17 3 7 2 1 7 11
17 3 1 11 11 13 5 10 11 14
2 3 1 4 1 0 2 6 0 10
9 14 2 18 2 0 3 1 8 13
2 6 5 3 9 6 7 1 11 12
12 5 7 1 5 5 8 7 7 4
2 3 3 1 7 6 1 0 8 7
0 11 13 4 7 11 13 14 3 7
1 5 14 1 5 7 4 4 4 10
5 11 15 15 1 1 8 24 3 13
4 1 2 2 1 2 5 4 7 7
6 4 2 12 5 1 4 1 4 5
3 10 4 4 2 0 4 5 4 0
11 6 5 3 11 12 0 10 7 28
3 1 9 9 2 3 8 9 6 4
3 1 4 11 8 8 11 4 3 2
4 8 23 3 3 9 8 10 0 5
18 8 7 8 19 5 18 3 5 4
6 12 15 18 8 3 14 11 16 9
0 4 6 11 3 5 4 16 9 16
7 1 6 1 7 7 5 2 17 3
1 3 6 8 1 14 5 5 7 6
2 12 2 2 6 0 3 2 3 3
13 1 4 4 2 5 4 5 1 7
3 5 2 0 6 2 3 1 9 6
0 5 2 2 7 3 22 1 4 2
4 7 10 4 16 14 4 1 5 1
5 18 11 0 12 9 8 4 2 17
4 2 3 11 4 5 3 2 1 2
6 3 11 28 5 8 7 4 2 17
4 3 4 3 1 11 14 20 17 12
2 10 2 6 13 13 5 11 5 12
6 12 3 4 5 4 3 16 11 9
14 1 1 5 4 8 9 7 8 3
8 0 14 1 2 8 24 17 3 11
4 14 9 8 11 11 2 1 13 8
6 1 11 3 0 3 2 0 5 4
5 1 4 4 12 18 5 6 12 19
9 7 9 8 17 11 9 16 3 18
5 5 3 13 1 8 6 24 13 2
4 3 8 7 1 3 1 6 5 0
1 13 7 1 2 21 5 8 2 2
2 9 3 7 13 8 9 2 0 11
2 20 5 6 15 5 7 11 5 13
5 12 12 0 14 3 4 2 11 11
3 12 9 15 1 15 4 13 13 6
4 10 5 9 11 5 3 16 17 10
2 3 2 5 2 10 2 7 11 19
9 13 1 0 1 14 12 5 15 5
4 0 6 4 3 2 3 1 3 0
5 7 2 3 4 3 2 1 0 2
1 2 3 8 3 3 1 5 0 3
5 1 14 10 9 11 19 21 13 3
8 0 8 11 17 5 9 17 6 1
5 1 15 8 19 0 7 11 17 19
4 7 1 2 9 4 17 5 16 5
8 3 6 2 12 14 11 4 5 2
1 5 15 1 3 6 6 1 6 12
1 1 2 1 6 6 5 2 5 4
12 15 8 2 15 11 19 12 1 8
4 8 5 3 2 11 1 10 6 2
12 7 2 4 7 19 1 16 11 2
4 4 4 4 4 0 7 1 7 5
8 9 1 1 8 4 13 2 1 1
2 1 5 0 1 7 0 4 2 10
1 1 1 19 16 12 4 0 6 6
14 13 6 0 6 1 10 11 7 15
10 10 2 8 14 11 9 1 3 4
6 2 2 2 1 4 2 6 11 12
2 3 1 4 14 2 6 7 6 1
5 14 13 3 2 0 6 2 2 4
8 1 10 4 1 0 6 0 8 11
6 13 11 16 0 14 16 5 5 10
14 9 7 2 1 9 10 11 12 5
8 1 4 2 4 4 3 2 3 6
4 4 3 4 2 5 1 5 5 2
2 10 9 12 9 0 5 2 12 1
1 9 13 11 4 6 4 7 8 3
0 13 5 3 5 10 11 4 1 10
2 0 13 5 8 5 3 1 2 2
1 7 2 8 4 8 12 26 13 16
7 3 4 7 5 5 8 6 10 12
8 14 4 17 7 4 13 8 8 8
1 24 8 23 4 8 11 8 7 5
4 5 3 5 8 2 26 1 1 7
4 4 3 12 5 7 22 0 5 23
8 4 6 4 1 4 1 1 3 15
0 3 0 11 1 6 11 8 13 14
11 11 8 1 18 8 11 0 11 1
2 1 3 4 2 2 1 8 4 1
2 7 0 6 4 3 3 0 4 3
1 0 2 0 2 7 4 7 4 6
9 6 5 7 2 1 5 9 2 7
10 17 19 5 6 3 20 1 1 1
10 9 15 1 8 12 1 1 3 2
7 0 3 2 1 1 10 1 2 2
3 9 8 22 5 2 6 7 2 7
23 14 12 9 6 13 0 2 11 8
3 0 9 6 3 8 1 1 2 1
4 18 6 1 14 4 5 8 8 2
7 8 4 13 6 0 1 26 2 0
4 4 6 4 4 3 3 2 5 4
1 3 7 12 9 4 10 23 10 12
6 5 3 11 1 7 3 5 4 3
4 2 12 9 12 1 13 11 1 3
9 7 1 2 9 4 0 6 2 10
10 3 6 8 0 5 1 7 3 2
2 10 7 5 2 2 10 8 2 7
8 4 9 2 5 2 12 7 27 13
5 5 8 3 7 4 16 7 13 4
5 10 23 4 9 5 12 1 18 17
5 21 1 3 6 13 3 12 14 1
11 5 7 2 5 2 2 22 9 4
2 7 9 4 3 2 3 3 2 3
19 7 10 2 7 1 10 5 12 3
9 2 5 7 14 5 16 10 2 4
7 4 2 5 5 2 8 8 5 10
2 2 0 5 1 1 6 13 6 2
1 6 5 1 2 1 5 3 6 1
9 1 1 1 6 9 4 2 6 4
11 6 0 1 6 13 18 4 1 11
6 2 7 6 3 8 5 19 0 10
4 5 7 0 10 2 3 14 7 6
6 10 2 10 3 5 2 4 10 0
3 9 4 3 2 3 0 2 3 1
4 6 3 5 6 1 8 3 5 4
1 2 18 9 3 1 15 2 3 2
3 0 9 5 12 25 9 22 9 10
2 1 2 2 2 4 4 1 6 6
1 3 1 6 10 0 0 2 11 4
2 1 5 2 2 9 5 0 4 2
8 13 12 6 12 22 7 10 6 17
17 6 0 20 4 18 5 15 4 2
4 2 7 4 3 2 4 2 2 7
2 7 2 14 8 6 3 28 11 11
2 6 4 1 3 1 11 0 6 2
20 10 8 2 9 4 0 0 11 14
5 4 4 7 5 10 16 16 25 12
6 20 7 8 9 5 4 12 0 5
6 7 2 5 2 4 0 8 6 2
5 5 3 3 5 7 7 7 1 5
9 10 3 12 1 0 5 8 6 9
4 11 1 8 3 13 16 9 6 9
4 1 4 6 13 14 3 5 11 2
5 9 2 4 2 4 2 0 0 2
0 0 25 0 8 16 16 5 2 16
3 6 3 3 3 1 1 4 0 7
5 1 4 2 0 6 5 1 5 1
5 1 2 7 20 14 10 18 6 4
16 5 1 1 2 1 2 3 0 7
1 5 5 6 4 0 6 4 4 1
0 4 4 0 3 7 3 7 1 5
13 3 4 4 2 15 24 8 9 11
2 2 8 2 14 9 5 3 1 5
0 1 1 1 20 7 13 5 0 2
3 1 13 12 15 2 7 2 16 11
0 3 5 5 16 3 1 7 3 11
12 5 6 6 8 4 1 1 2 4
4 3 6 1 10 9 11 6 5 1
9 3 1 1 1 3 10 12 11 5
2 15 5 13 3 7 3 1 5 10
2 1 13 0 9 1 0 1 3 13
7 1 0 16 3 4 18 4 17 4
6 19 5 13 13 13 1 4 11 12
7 0 1 20 9 3 1 5 5 10
5 5 2 13 10 14 3 2 13 8
5 7 5 13 4 2 5 10 1 1
5 2 7 4 2 1 15 0 5 3
4 1 12 11 2 1 5 10 6 21
12 19 9 3 1 6 6 20 3 19
3 6 11 2 2 4 2 1 9 7
2 2 10 11 17 4 1 20 4 2
11 10 14 8 6 12 7 14 13 21
4 9 0 8 9 8 0 2 7 7
9 1 5 1 13 28 6 12 12 13
8 9 1 1 11 3 5 0 2 7
16 0 4 8 2 0 9 5 5 4
16 12 13 0 1 8 1 13 7 20
11 1 10 11 12 9 7 6 2 2
10 8 16 2 6 5 5 7 0 12
14 13 16 8 1 24 12 5 7 0
11 1 1 6 7 8 6 9 13 5
8 15 5 3 4 21 1 7 8 8
0 16 2 7 3 2 4 9 6 5
14 23 15 9 15 0 7 1 10 6
16 19 7 22 5 3 14 2 1 10
7 4 7 2 17 5 12 6 10 2
1 7 3 5 4 4 7 1 2 10
4 1 8 8 15 6 6 20 1 9
7 9 0 11 5 5 3 2 9 9
12 2 6 10 5 7 3 4 1 4
7 3 4 4 2 6 10 3 1 8
7 5 3 5 8 7 4 0 1 4
7 1 5 6 1 8 1 4 5 0
10 0 2 21 5 5 4 6 18 1
3 9 9 3 5 7 12 11 4 2
2 6 2 4 13 2 5 0 6 10
21 11 9 8 5 5 8 6 23 7
2 1 1 1 0 1 3 12 7 2
1 5 10 15 4 4 3 1 9 13
3 3 7 17 12 1 22 4 1 11
5 7 8 6 9 10 3 8 0 2
17 3 9 8 11 13 3 6 7 3
16 21 2 5 3 2 14 5 11 1
5 9 22 5 4 3 9 2 4 4
8 0 15 2 6 4 4 2 14 5
1 1 1 2 3 7 2 0 3 6
17 22 15 5 4 13 9 3 9 5
2 2 2 1 8 4 5 1 1 4
15 5 7 0 7 2 5 3 1 3
17 5 6 4 2 3 17 9 5 3
17 25 9 11 8 1 6 2 3 9
6 3 2 4 2 4 1 2 1 4
15 6 11 0 2 7 4 8 24 1
1 16 4 9 0 5 2 2 11 4
7 10 2 4 5 1 1 4 16 1
1 7 12 0 0 4 2 2 2 1
12 3 12 4 7 6 9 14 2 0
5 10 5 7 7 15 10 19 18 8
0 5 4 1 0 3 4 3 1 5
6 6 3 12 4 0 12 10 6 8
7 0 5 2 11 0 0 4 8 2
0 3 11 8 3 6 2 10 3 12
15 10 14 8 7 18 7 6 8 0
28 10 6 9 7 4 15 3 2 11
8 0 6 7 10 11 9 8 22 13
29 1 4 9 9 4 10 17 3 5
6 14 10 8 17 12 13 12 14 4
11 7 9 4 2 7 4 10 2 5
7 5 7 8 8 11 0 18 10 12
3 1 3 0 1 3 6 9 4 3
7 1 15 3 20 13 12 2 10 10
1 6 5 1 1 3 3 0 5 0
4 7 0 0 3 10 4 21 3 2
3 5 1 8 1 3 2 8 3 5
10 3 1 6 12 11 16 18 1 5
0 1 2 3 4 0 2 6 5 2
1 8 2 13 2 4 1 2 3 3
3 6 1 3 13 3 7 4 4 6
8 2 5 11 3 1 11 15 1 13
8 4 19 14 7 4 2 5 6 3
14 1 0 7 10 0 18 10 8 8
1 9 5 4 1 11 3 5 7 1
7 6 19 1 8 22 3 2 5 10
4 8 3 5 3 3 5 3 1 4
14 5 7 4 3 3 5 8 5 3
2 5 5 8 11 1 9 3 14 4
0 16 4 10 2 6 9 17 4 9
1 8 15 5 7 14 3 4 7 5
8 10 6 15 11 16 3 4 15 4
18 8 18 11 12 12 1 6 0 3
1 10 3 1 8 1 8 5 1 2
10 3 24 4 5 1 6 15 1 8
1 6 3 7 7 3 1 3 6 1
11 10 20 13 14 8 9 7 12 6
10 9 18 14 11 3 3 6 9 7
3 8 4 0 3 1 7 12 3 0
13 5 1 7 8 11 5 0 1 6
8 25 9 14 14 7 4 3 17 8
10 9 8 5 7 5 0 7 0 15
7 6 5 5 4 3 5 1 0 12
1 5 8 9 6 2 7 3 5 1
7 11 2 4 5 1 5 1 1 4
3 17 9 4 3 2 11 6 4 14
17 17 8 12 10 1 8 0 2 10
1 1 3 5 1 4 7 5 2 6
3 0 8 6 8 10 0 12 26 9
18 1 1 12 6 14 9 3 8 13
7 1 10 1 15 3 9 7 5 15
16 7 4 14 8 4 7 16 4 12
4 5 4 9 10 26 17 9 8 9
4 1 19 2 1 9 4 0 1 3
15 13 19 5 8 10 14 4 6 0
6 12 14 4 4 18 11 8 15 6
10 3 9 12 5 5 16 10 13 8
5 4 5 1 9 3 3 5 0 9
18 4 1 2 10 5 9 5 6 15
3 3 7 1 2 5 0 4 6 4
4 5 3 1 3 1 5 5 3 0
18 1 22 2 19 8 13 8 3 5
5 17 2 12 9 7 4 8 2 1
2 1 5 5 7 6 18 4 1 2
9 13 16 15 18 17 8 1 5 10
5 4 5 5 3 12 14 7 9 8
0 14 9 14 1 10 12 7 15 6
2 5 1 0 20 11 7 2 2 12
0 4 6 2 3 6 1 5 1 1
5 15 20 7 8 7 3 9 17 9
6 10 6 3 18 2 6 2 9 21
1 1 9 26 3 3 8 11 16 2
14 0 0 1 2 8 2 20 10 2
18 12 6 6 4 1 3 8 2 5
23 1 1 7 9 3 9 2 4 2
21 5 15 4 0 8 2 14 10 3
22 16 11 2 3 15 2 4 3 3
3 5 4 10 2 1 2 2 5 1
8 6 4 3 4 1 6 5 5 1
18 8 4 3 1 2 5 2 6 11
3 0 5 11 2 2 9 12 7 4
1 1 1 3 0 5 6 3 4 10
13 17 3 5 1 14 1 5 4 8
13 6 9 11 2 4 2 13 1 2
2 0 12 8 0 8 7 14 14 7
10 6 7 8 7 7 5 11 9 2
0 2 6 5 6 2 10 4 1 5
11 6 17 3 9 1 9 0 6 19
3 5 1 3 0 11 6 3 4 3
3 12 7 2 10 9 14 9 2 4
6 6 6 1 5 0 5 1 3 6
9 3 0 4 5 0 6 5 0 12
11 12 13 4 12 10 9 7 4 11
3 3 5 2 2 24 4 10 3 3
1 4 6 5 2 3 2 0 4 8
15 20 8 4 10 5 11 6 1 6
11 7 1 6 0 0 7 6 8 2
28 10 3 1 11 12 0 1 6 18
8 1 0 3 0 8 9 4 3 4
2 5 8 4 2 3 0 7 9 7
1 4 5 2 2 6 2 5 2 7
2 7 10 12 2 2 15 22 6 13
5 10 19 8 2 4 11 3 5 8
6 5 1 15 9 10 7 6 15 10
6 3 2 3 0 3 4 3 4 3
5 6 3 5 4 3 1 4 1 6
3 6 11 12 8 1 9 11 4 24
6 3 7 15 1 9 1 4 5 0
0 4 0 0 0 10 3 6 1 7
14 2 0 12 9 3 2 2 2 1
0 8 3 2 8 1 9 3 1 10
9 0 3 2 2 2 3 2 2 4
2 9 3 18 10 4 13 20 5 1
5 5 6 1 2 3 0 2 3 1
10 6 8 3 0 9 5 0 2 1
7 4 0 6 3 4 3 2 12 3
12 9 5 5 21 0 0 5 12 18
10 12 3 2 2 6 0 2 8 9
8 13 2 13 11 9 8 7 1 14
3 2 1 8 5 2 2 3 4 5
10 13 0 20 17 18 2 10 3 4
2 11 7 7 5 2 13 10 9 8
6 5 0 8 10 0 1 6 2 4
13 5 10 4 9 5 6 4 4 1
3 3 5 1 3 2 16 3 2 2
14 8 5 6 12 2 11 3 17 11
9 2 18 9 6 0 2 14 12 21
3 18 8 4 4 6 3 19 4 1
9 9 9 9 6 8 10 5 3 13
4 1 7 1 2 2 2 6 2 2
9 6 11 1 4 12 2 1 7 3
13 7 21 3 10 15 7 9 1 4
14 14 8 10 15 9 4 2 11 12
1 11 10 8 30 8 9 1 11 4
2 6 7 3 6 6 3 21 11 9
16 3 2 5 8 10 10 15 10 5
1 10 5 5 10 7 5 7 5 4
3 6 11 3 4 1 23 1 0 2
9 7 1 10 1 12 2 1 2 2
13 11 7 3 4 11 5 1 8 12
11 9 17 6 15 8 5 4 6 4
5 8 18 6 11 3 9 5 8 17
7 17 1 1 15 15 17 16 0 5
7 5 5 2 4 13 7 4 12 8
1 3 2 0 1 5 3 8 2 7
7 2 10 1 2 1 6 7 2 2
0 9 9 4 13 10 14 22 7 1
13 13 4 7 4 8 11 4 4 2
7 7 14 15 12 2 7 3 4 11
3 15 7 17 8 3 7 2 15 16
4 6 5 2 22 7 13 10 7 1
6 1 4 1 8 3 8 5 3 2
1 4 5 12 5 10 17 3 2 3
17 2 18 1 5 5 3 5 8 8
16 2 2 12 6 3 1 3 5 15
3 2 9 5 12 9 2 7 9 10
5 1 2 5 1 12 1 1 1 0
5 18 1 11 1 12 11 11 0 17
10 3 2 4 5 11 16 3 3 22
3 5 13 3 1 1 18 24 4 6
10 4 3 10 3 1 12 18 4 2
2 8 14 3 5 12 12 0 12 17
6 6 5 10 1 8 9 6 10 8
4 3 8 9 22 9 1 5 4 0
0 13 16 15 10 10 8 11 21 4
9 2 3 16 8 6 1 1 8 4
6 2 3 5 4 11 2 4 2 3
3 19 11 15 0 1 14 6 7 4
5 17 2 23 0 7 13 3 9 16
2 1 2 4 4 3 1 1 7 2
3 6 1 2 3 8 7 8 1 2
7 6 5 11 10 7 6 20 2 9
6 4 6 2 4 7 7 2 2 0
7 2 1 12 23 10 16 18 2 3
6 5 3 1 6 5 0 0 1 2
2 3 1 2 1 2 1 1 12 7
0 1 0 9 0 19 10 1 19 11
8 10 5 3 6 7 1 11 25 14
3 3 7 10 16 2 2 18 7 1
2 7 9 4 1 7 12 4 2 2
6 0 10 17 17 5 10 10 13 16
1 3 12 9 9 12 17 14 4 1
7 11 1 9 1 8 3 12 1 6
0 4 2 5 2 6 15 9 11 8
10 13 3 1 7 1 4 1 17 10
13 2 2 3 6 17 4 9 1 19
0 8 8 1 9 4 12 14 5 2
5 14 0 6 10 3 14 21 6 9
8 3 10 14 19 2 4 2 0 4
7 5 17 2 6 4 23 4 4 2
1 1 0 7 6 8 1 6 5 12
9 7 8 5 1 2 9 12 2 3
14 8 1 19 8 4 1 8 5 6
10 13 2 14 12 2 21 4 16 1
20 8 8 15 5 12 8 4 13 15
2 4 0 3 15 6 2 4 1 4
13 10 3 19 7 6 11 11 12 21
13 4 0 13 10 15 11 0 4 9
7 8 4 4 2 1 2 10 1 11
1 1 1 0 2 0 4 6 2 7
3 10 5 4 8 0 5 2 4 8
6 2 1 3 2 6 3 1 3 1
3 13 19 5 3 20 12 6 12 6
12 6 20 22 6 3 4 4 4 10
4 3 5 3 9 10 10 5 1 3
0 5 1 2 6 6 1 1 5 1
4 1 1 3 9 0 4 7 2 7
6 2 1 0 0 6 2 4 2 4
13 15 7 13 11 3 15 2 6 11
7 3 5 7 2 1 0 4 0 4
1 3 8 8 4 8 2 4 4 9
2 7 9 12 6 14 10 2 5 3
11 5 4 3 2 2 2 4 0 14
9 13 5 5 5 8 7 16 7 1
11 3 9 13 7 3 5 6 13 4
4 3 5 2 5 3 4 4 3 3
11 12 12 9 3 20 9 2 1 3
6 23 8 1 10 14 7 7 3 22
0 3 16 15 6 6 7 10 5 14
2 1 8 10 2 10 1 13 9 12
4 3 7 7 2 4 8 15 2 7
13 18 7 1 13 10 1 3 17 11
8 2 1 1 12 15 11 15 3 12
0 2 3 3 9 3 6 3 2 6
2 6 7 13 8 12 19 11 5 6
6 15 7 9 4 5 9 7 5 9
8 3 5 11 2 10 6 14 4 11
4 10 10 10 12 10 8 4 4 13
0 6 6 1 11 3 6 3 4 12
1 3 0 11 4 3 9 2 5 1
1 0 9 6 7 14 16 6 5 12
1 7 18 21 10 1 12 1 4 2
26 6 7 9 6 2 2 11 3 6
1 1 4 4 7 1 6 5 7 1
0 24 18 5 1 3 17 13 5 12
3 18 5 4 1 16 8 2 8 14
5 9 11 8 14 15 11 9 2 2
8 9 4 1 7 1 5 8 10 9
6 17 7 3 9 4 1 2 9 5
10 6 3 3 1 6 1 3 7 3
2 1 9 2 7 8 3 25 3 7
11 5 8 0 3 3 4 2 10 3
15 8 4 1 7 8 3 0 8 12
19 1 4 7 2 4 10 5 11 5
5 8 24 9 4 5 6 14 3 17
13 20 17 0 7 1 11 1 5 6
18 2 15 6 8 6 7 9 7 8
4 1 9 4 7 9 11 24 7 16
22 2 10 14 3 12 12 10 1 2
7 5 5 1 4 1 1 2 5 1
0 2 13 3 5 1 2 2 2 3
14 11 11 4 17 4 11 15 11 7
1 1 1 7 0 0 8 9 4 2
6 6 8 4 4 17 11 1 4 5
4 3 14 1 1 1 7 0 2 8
0 3 2 2 3 10 5 6 2 1
3 2 0 5 14 3 6 4 1 6
13 14 3 3 3 1 18 2 25 9
11 9 7 5 2 15 3 0 9 6
4 1 9 9 9 5 18 4 2 1
2 10 6 14 3 6 1 11 7 31
4 5 3 2 0 7 2 0 9 1
19 10 7 8 14 5 1 12 11 2
4 4 7 12 22 7 3 11 8 3
4 4 5 1 6 11 4 2 1 1
6 9 5 19 8 5 4 7 4 17
7 4 9 6 0 5 4 4 3 2
17 1 1 6 5 3 5 2 1 4
22 3 13 12 5 12 2 6 4 0
1 3 5 6 3 13 5 3 10 1
3 20 0 4 10 2 8 13 7 5
12 10 10 12 3 18 10 5 13 2
3 4 5 3 3 24 1 9 28 10
9 1 10 18 6 2 15 20 9 10
7 7 2 1 5 6 2 9 1 2
3 8 0 15 6 9 4 17 8 4
2 21 11 3 0 7 20 8 15 2
13 18 15 8 0 13 5 9 10 3
4 7 4 9 3 13 14 25 2 5
6 14 3 7 8 5 4 4 12 5
4 2 6 13 6 7 24 0 15 9
1 34
1 41
1 56
1 97
3 14
4 43
5 7
5 71
5 94
5 102
6 36
6 47
6 99
7 78
8 103
11 33
12 16
12 47
12 50
13 52
13 64
13 88
14 87
14 109
15 44
16 50
16 89
16 109
17 56
18 61
18 82
19 81
19 114
20 73
20 117
21 25
21 67
22 114
23 65
24 38
24 42
24 80
25 37
25 50
25 124
27 70
27 115
27 117
27 119
27 122
28 52
29 30
29 120
30 38
30 64
31 116
33 35
34 131
35 116
36 87
36 101
37 58
37 107
38 90
38 137
39 90
39 128
39 134
41 140
44 87
45 50
45 95
45 144
46 87
46 130
48 62
48 75
48 81
49 116
51 82
51 105
51 115
51 127
52 100
52 101
52 137
53 56
53 77
53 122
54 57
54 74
54 76
55 76
55 79
55 95
56 135
58 78
62 152
62 153
63 70
64 145
65 130
66 73
66 143
67 87
69 85
69 129
70 119
70 159
71 79
71 117
71 137
72 75
72 85
72 136
72 144
72 168
73 74
73 91
73 92
73 160
74 101
74 132
75 89
76 117
76 123
77 174
78 141
79 139
80 109
80 120
80 165
81 150
81 151
82 118
82 138
83 100
83 177
84 87
84 113
84 166
85 117
85 121
85 174
86 157
86 164
87 120
87 152
87 178
88 90
88 161
88 182
90 93
90 123
90 127
90 148
90 187
91 101
91 123
91 144
91 179
92 130
94 105
94 163
94 170
95 97
95 102
95 165
96 185
97 107
98 134
99 105
99 109
99 143
99 148
99 156
99 164
99 194
100 119
100 137
100 140
103 153
104 176
104 197
105 163
106 190
107 108
107 161
108 130
108 157
108 189
108 197
110 145
112 128
114 193
114 211
114 213
116 176
117 160
118 202
119 155
120 164
120 203
121 148
121 216
121 218
122 183
122 204
122 216
123 146
123 177
123 180
123 198
123 211
123 217
124 218
125 143
125 166
125 224
126 159
127 226
128 131
128 165
129 132
129 164
129 175
129 204
130 192
132 146
132 165
132 211
133 179
134 141
134 227
134 228
135 171
135 200
136 157
136 200
136 204
136 228
137 195
137 227
138 220
139 216
140 223
140 233
141 195
141 217
142 146
142 178
143 155
143 220
143 233
145 229
145 232
146 185
146 225
146 230
146 243
147 205
147 232
147 236
148 168
149 151
149 193
149 224
152 170
153 156
154 205
154 223
156 249
157 182
157 255
158 235
159 167
159 193
159 212
159 241
161 170
161 204
162 163
163 218
164 189
164 225
165 231
166 256
167 242
168 262
169 173
169 208
169 223
169 253
170 172
170 181
170 221
171 175
171 185
172 192
173 210
174 187
174 204
174 237
174 256
175 180
175 194
177 235
178 254
178 275
179 240
179 262
180 209
181 265
181 274
184 214
184 221
184 222
184 224
185 282
186 225
186 280
187 266
188 205
189 217
189 249
189 271
189 289
190 216
190 220
190 251
192 227
193 196
194 209
195 252
195 275
196 281
197 293
198 215
198 242
198 291
198 294
199 208
199 210
199 255
201 210
201 236
202 271
202 285
203 279
204 237
206 241
206 263
206 280
207 217
211 233
211 250
212 242
212 276
213 290
214 233
214 246
214 276
214 281
214 309
216 249
216 281
217 238
218 251
218 287
219 264
221 223
221 229
222 249
223 227
223 239
223 317
224 254
224 306
225 314
226 231
226 267
226 306
226 323
227 268
227 285
229 279
229 306
230 295
230 306
232 312
233 235
233 236
233 272
233 284
233 287
234 273
234 308
235 320
236 317
236 318
236 320
237 269
237 292
238 302
239 284
240 323
242 246
242 256
242 267
243 248
243 259
243 315
243 319
244 248
244 275
244 324
245 293
245 298
246 252
246 311
246 329
246 346
249 300
251 288
252 303
253 284
253 297
253 340
254 280
254 316
255 291
255 297
255 320
255 321
256 269
256 283
256 305
256 356
257 260
259 349
260 299
260 316
261 352
263 289
264 295
264 314
264 317
264 320
265 288
266 282
266 343
267 299
269 297
270 319
270 324
270 351
270 356
270 362
271 309
271 351
272 326
272 328
272 348
273 284
273 289
273 340
273 361
275 301
275 320
276 281
276 365
277 286
277 367
277 373
278 347
279 311
280 373
281 317
282 366
283 315
283 373
284 300
284 353
286 316
287 308
287 348
287 372
288 290
288 385
289 301
291 376
292 329
294 332
294 394
295 303
295 333
296 312
296 347
297 322
297 348
298 325
299 307
300 319
303 386
304 370
304 385
305 309
305 329
306 368
307 344
308 357
309 328
309 357
311 387
312 334
312 378
313 325
313 328
313 360
313 379
315 354
315 362
315 380
316 322
316 370
316 381
317 372
317 381
318 332
318 396
320 376
321 421
322 369
323 330
323 343
324 350
327 340
327 421
329 335
329 374
329 391
329 393
330 393
330 396
330 420
330 425
331 359
333 405
333 433
334 337
334 347
334 386
334 431
335 394
335 423
336 346
336 374
336 402
338 364
338 376
339 401
341 396
341 405
341 434
342 363
342 405
343 384
343 409
343 414
343 428
344 347
344 387
344 439
345 404
346 365
346 382
347 351
347 429
348 358
348 364
348 376
349 426
350 395
350 420
351 354
351 355
351 442
352 446
353 402
353 415
353 416
354 429
355 365
357 360
357 361
357 378
358 428
359 428
359 430
360 411
361 425
361 441
362 432
363 369
364 414
364 417
364 438
364 459
365 463
366 416
366 425
366 448
367 372
367 373
367 428
367 438
367 443
367 452
368 382
368 391
368 431
368 446
369 384
369 394
369 427
370 470
371 390
371 395
371 402
372 386
372 446
373 382
373 446
373 467
373 473
374 438
375 415
375 440
375 446
376 382
377 420
377 455
379 475
380 419
380 430
380 443
380 479
383 434
383 458
383 464
384 395
384 406
384 453
384 454
384 478
385 407
385 437
385 462
385 467
386 470
387 401
387 482
388 421
388 431
388 455
388 466
388 467
389 457
389 465
390 405
390 449
390 471
390 474
390 490
391 415
391 420
391 434
391 478
391 485
391 488
392 453
392 467
393 410
393 461
393 483
395 466
396 436
397 431
397 452
399 496
401 422
401 434
401 491
402 427
403 424
403 425
403 439
404 416
405 454
405 492
406 431
407 424
407 448
407 490
407 491
407 507
408 433
408 473
408 489
408 505
409 419
409 476
410 449
410 456
410 472
411 498
412 419
412 461
413 454
414 483
414 509
415 428
415 452
415 471
415 486
417 451
417 514
418 439
418 445
419 458
419 491
420 436
421 467
421 506
421 515
422 448
422 498
423 451
423 487
423 489
424 454
424 480
425 488
426 428
427 446
427 470
429 458
430 440
430 496
431 467
431 473
431 475
431 489
431 494
432 465
432 476
432 506
433 447
433 497
434 520
435 485
435 487
438 473
438 513
438 518
439 462
439 472
440 461
441 502
441 539
442 533
442 535
443 451
443 468
444 488
445 523
445 539
445 541
446 450
446 459
446 492
446 524
447 495
450 496
450 508
450 516
450 532
451 469
451 545
452 473
452 477
452 505
452 522
453 457
454 461
454 474
454 484
455 492
455 530
456 494
456 530
457 468
457 473
457 480
457 518
458 508
459 557
460 466
460 476
460 534
461 508
461 528
462 543
463 487
464 487
464 564
465 491
465 492
465 496
465 528
465 562
466 543
467 476
467 526
468 521
469 499
469 547
470 473
470 474
470 504
470 514
471 517
471 544
471 566
472 559
473 486
473 508
474 511
474 513
474 530
474 538
475 508
475 543
476 482
476 511
476 559
478 493
478 505
478 525
478 547
479 546
479 569
480 526
481 539
481 548
482 579
483 534
484 556
485 551
486 511
486 530
487 533
488 512
488 539
488 574
488 580
489 508
489 527
489 559
489 575
489 576
490 499
490 575
490 587
492 539
492 577
492 587
493 526
493 580
494 591
495 530
495 535
495 582
496 579
497 534
497 565
497 571
498 546
499 583
499 596
500 502
500 549
500 552
500 563
500 564
501 507
501 539
501 545
501 587
501 596
502 514
502 537
502 588
503 568
504 547
505 524
506 563
507 522
511 583
511 586
511 603
512 545
512 558
513 517
513 560
513 569
513 598
514 614
515 591
517 522
517 526
517 535
517 554
517 611
518 554
518 607
519 619
520 592
520 619
521 556
521 566
522 591
523 615
524 530
524 547
525 573
525 577
526 546
526 552
526 562
527 608
528 530
529 568
530 569
531 567
531 624
531 629
532 563
532 582
533 536
535 584
535 629
536 585
536 601
536 606
537 569
537 581
537 626
538 565
538 570
541 566
541 568
541 583
541 599
542 547
542 599
542 628
544 585
545 598
546 596
546 626
546 644
547 594
547 613
547 632
548 583
549 577
549 581
550 568
550 600
550 638
551 614
552 561
552 616
552 631
552 648
553 594
554 581
554 583
555 577
555 606
556 572
557 595
557 654
558 587
558 604
560 650
561 580
562 608
562 643
563 585
566 580
568 605
569 609
570 654
571 635
572 591
572 604
572 613
572 626
573 602
574 584
574 645
574 650
576 598
576 666
577 588
577 635
578 601
578 627
578 630
578 654
578 663
579 647
580 591
580 624
581 608
582 634
582 638
583 610
584 674
584 684
585 597
585 677
586 590
586 594
587 620
588 656
588 670
588 679
589 654
589 673
590 648
590 679
591 599
591 666
592 635
592 640
592 648
592 678
593 646
594 678
594 692
595 610
595 643
595 673
595 678
596 613
596 646
596 667
597 603
597 631
597 638
597 643
597 673
598 635
598 656
598 664
598 680
599 659
599 678
599 682
600 664
600 699
602 646
602 651
602 680
603 610
603 627
603 666
604 629
604 645
605 633
606 661
607 674
607 700
608 635
608 644
608 662
608 686
609 624
609 626
609 629
609 696
609 700
610 662
612 631
612 684
613 704
613 705
614 622
614 625
615 617
615 630
617 684
617 689
617 706
618 619
620 668
621 647
621 675
621 713
622 709
622 719
623 664
623 699
623 721
624 691
624 719
625 672
625 673
625 679
625 714
627 688
627 713
628 694
629 693
629 714
630 668
630 670
631 657
631 674
632 659
632 679
632 711
633 636
633 657
633 686
635 731
637 666
637 725
638 664
639 650
639 704
640 652
640 671
642 668
644 678
644 730
645 664
645 669
645 688
645 699
645 700
646 728
647 678
648 676
648 740
649 657
649 693
650 677
650 691
650 708
651 666
651 724
652 670
652 703
652 711
652 745
653 691
653 738
654 681
654 705
654 722
656 731
657 728
658 732
658 755
659 727
659 751
660 746
661 664
661 727
661 752
662 746
662 758
663 740
663 746
664 673
664 686
665 668
665 712
665 755
666 673
666 731
667 688
667 746
668 736
668 748
669 680
669 694
669 753
671 705
671 740
671 742
672 752
673 674
673 740
673 761
674 678
674 719
674 770
675 693
675 707
675 742
675 764
677 766
678 769
678 777
679 743
679 770
680 707
681 713
681 780
682 741
682 756
683 708
683 749
684 740
685 753
685 769
686 703
686 760
687 764
688 782
689 716
690 737
690 764
691 702
691 724
691 737
692 731
693 702
694 767
695 724
695 735
696 722
696 774
696 789
697 703
697 725
697 755
697 768
697 775
698 707
699 731
700 738
700 772
701 709
702 795
703 788
704 740
704 746
704 748
705 772
705 794
708 763
709 740
709 752
710 756
710 763
710 799
711 755
711 782
711 790
712 735
713 766
713 770
713 777
713 799
715 754
715 775
715 786
715 810
716 724
716 726
716 748
716 773
717 746
717 759
717 769
718 768
718 818
719 731
719 790
719 791
720 721
720 725
721 728
721 737
722 745
722 759
722 761
722 818
723 798
723 800
723 805
724 820
725 773
725 807
726 727
726 757
726 788
726 812
727 728
727 757
727 761
727 808
728 744
728 824
729 744
730 746
730 758
730 806
731 785
732 776
733 770
733 773
733 827
734 747
734 773
734 776
735 739
735 743
735 769
737 767
737 811
738 785
738 798
738 819
739 742
739 789
739 837
740 773
740 790
741 833
742 806
743 759
743 808
745 778
746 756
746 785
748 811
748 835
749 770
749 777
749 803
749 811
751 847
752 771
752 824
753 781
753 834
754 755
754 831
754 854
755 850
756 769
756 777
756 782
756 803
756 817
757 762
757 766
757 820
758 767
758 778
758 822
759 803
759 832
759 855
760 763
760 800
760 804
760 825
760 841
761 801
761 811
762 803
762 824
763 848
764 801
764 850
766 784
766 809
766 821
766 824
766 846
767 820
768 788
769 806
769 848
769 861
770 843
771 786
771 788
771 806
773 848
774 775
774 814
774 831
775 794
775 837
775 844
775 857
776 799
776 834
776 838
776 867
778 784
778 814
779 821
780 785
780 792
780 801
780 868
781 801
781 872
781 880
782 848
782 857
783 785
784 791
784 804
785 830
785 833
786 793
786 800
786 803
786 808
786 865
786 885
787 822
789 791
789 871
790 837
790 863
790 864
790 881
793 834
793 864
793 880
794 861
795 814
795 847
795 858
796 896
797 841
798 860
798 872
799 807
799 868
799 885
800 812
800 829
801 830
801 835
804 820
804 885
805 859
805 877
805 900
806 814
806 823
806 867
806 880
807 819
807 875
807 890
808 844
809 828
809 837
809 900
810 874
810 878
811 856
811 887
812 835
812 905
813 828
813 868
813 876
813 878
813 904
813 910
814 850
814 904
815 841
816 824
816 835
817 900
818 848
819 842
820 908
821 871
821 878
822 830
822 861
822 913
822 916
822 921
823 894
824 909
825 875
825 916
825 917
826 890
826 901
827 922
829 890
831 852
831 893
832 909
833 855
833 857
833 923
834 901
834 905
834 906
834 924
835 872
835 891
836 888
839 937
841 939
842 940
843 920
846 901
846 902
848 860
848 869
848 910
848 920
849 934
850 861
850 865
850 895
850 918
850 931
851 948
853 929
853 953
854 926
855 872
855 902
855 923
856 862
856 928
857 915
858 860
858 903
858 925
859 918
859 934
860 863
860 903
860 910
860 935
861 950
862 957
863 879
863 948
863 951
864 954
867 897
867 964
868 880
868 894
868 911
868 920
869 870
869 881
869 941
869 954
870 897
870 900
870 939
871 880
871 966
873 905
873 909
873 920
873 938
874 888
874 893
874 908
874 926
874 949
875 968
877 887
879 945
879 977
880 886
880 945
881 912
881 958
882 914
882 937
882 981
884 969
884 972
885 910
885 912
885 948
886 890
886 973
887 895
887 923
887 981
888 963
888 970
888 982
889 912
889 958
889 966
890 935
890 958
890 980
891 960
891 972
892 940
893 977
893 984
894 987
895 916
896 930
896 962
896 989
897 960
900 915
900 929
902 925
902 948
902 950
903 999
904 959
905 912
905 950
907 947
908 950
908 983
908 989
909 936
910 956
910 960
911 973
912 938
912 955
912 957
913 944
913 971
913 977
914 933
914 946
915 958
916 948
916 950
916 951
916 962
916 963
917 944
919 953
920 956
920 972
920 1000
921 926
923 967
924 958
926 952
926 964
926 976
928 961
928 977
929 974
930 987
931 988
932 936
932 948
933 972
935 969
936 973
937 941
937 989
938 979
939 951
939 988
940 968
941 964
942 969
942 972
944 947
945 965
946 958
946 999
947 985
947 991
949 966
950 953
952 974
955 997
956 960
962 993
967 973
968 995
969 991
970 978
972 976
972 977
972 988
972 994
977 991
979 988
982 999
984 986
987 992
989 991
991 997
993 1000
6 6 1 22 3 8 7 8 18 9
25 2 6 11 3 7 25 13 39 8
6 6 9 1 10 15 12 11 5 9
26 1 9 23 7 17 2 1 22 13
23 9 32 8 30 23 3 12 13 5
8 9 18 2 20 6 30 26 7 9
9 9 3 6 7 5 1 8 5 6
2 7 5 3 3 3 24 3 13 7
4 2 3 4 5 4 8 2 3 18
5 1 6 8 17 14 8 2 15 1
16 4 2 25 11 14 28 4 2 22
5 3 16 15 24 9 14 2 11 5
1 21 5 4 6 7 0 26 29 4
1 33 10 25 4 3 0 1 1 1
3 16 7 7 7 23 28 7 6 37
10 3 23 7 2 16 4 3 8 21
0 9 2 5 18 10 12 0 8 6
3 0 0 11 4 7 9 4 8 12
29 22 6 7 9 25 18 25 0 8
30 22 31 1 2 12 12 15 4 4
1 1 1 4 1 1 1 4 6 7 5 3 1 15 1 3 9 6 2 1
8 4 9 18 6 7 12 22 20 19 9 15 17 32 12 12 22 19 4 6
31 37 43 37 26 35 40 54 61 46 35 36 32 37 35 50 49 53 25 34
24 20 18 13 11 8 31 23 23 23 22 8 29 39 14 10 26 25 25 23
15 14 9 12 1 4 10 19 24 13 13 10 14 27 7 13 14 25 7 11
41 40 46 30 30 36 44 54 48 49 20 37 51 52 22 33 46 50 34 47
5 1 7 8 6 6 14 15 14 14 6 5 21 21 4 6 22 12 5 11
40 26 22 42 29 3 45 41 47 46 33 29 27 60 23 39 41 45 12 28
6 4 11 5 1 7 6 12 16 8 8 6 14 15 7 5 15 15 8 11
3 1 3 7 3 3 8 10 8 7 2 3 12 23 3 3 12 7 2 4
5 10 8 8 11 10 16 16 6 16 1 10 21 27 1 2 11 9 6 14
10 1 19 16 9 14 23 22 31 15 24 18 17 43 20 19 31 28 18 17
9 6 11 3 3 11 12 16 17 4 9 1 10 16 4 8 10 12 10 16
11 7 8 11 1 1 12 16 18 12 10 3 20 19 8 1 20 20 7 2
21 16 8 16 1 1 18 26 28 13 20 6 20 33 14 17 21 28 17 16
11 10 11 18 8 6 17 8 20 13 19 9 14 26 8 15 15 21 12 8
17 3 4 23 16 1 24 17 25 29 8 15 29 41 4 18 28 26 3 9
17 5 13 22 15 5 24 12 27 15 14 9 19 40 6 26 18 22 12 19
3 8 9 10 7 6 11 14 15 15 9 9 18 30 6 8 13 12 10 18
9 5 3 8 4 2 10 10 9 5 8 1 13 19 3 6 13 14 6 6
6 1 15 11 8 13 22 11 22 6 12 1 15 25 8 12 15 11 14 17
5 10 18 14 8 13 17 22 27 15 11 9 18 21 7 15 17 17 9 12
2 2 7 3 1 6 2 6 5 3 2 2 4 6 1 3 7 3 4 9
4 7 4 11 1 6 7 11 13 9 6 7 8 18 1 6 10 13 4 4
42 14 47 44 39 23 60 44 66 56 35 45 50 79 34 49 65 57 29 44
6 4 5 7 5 2 8 11 10 15 4 9 16 23 5 2 16 15 3 8
1 1 9 3 2 6 11 3 10 7 9 5 6 25 5 7 10 5 11 17
4 4 5 6 1 4 3 4 5 4 4 2 5 8 1 4 5 8 5 7
36 21 20 44 24 10 40 31 49 40 26 34 28 56 11 38 36 46 6 14
6 1 7 14 4 6 8 12 12 11 9 11 8 17 6 10 13 12 5 7
20 9 12 18 4 8 23 31 34 21 18 18 20 51 17 19 27 31 7 12
34 22 23 21 2 19 37 45 47 35 27 26 43 57 25 9 45 44 20 9
27 12 18 15 9 18 32 32 36 22 12 14 39 38 17 14 29 34 10 7
1 1 7 2 1 4 1 9 8 7 1 2 10 10 4 1 11 9 1 5
39 31 43 23 14 32 46 61 65 55 33 33 50 56 36 33 56 55 29 29
15 3 16 25 15 9 28 20 32 27 20 15 22 38 13 23 27 22 11 16
1 1 5 3 1 3 1 3 6 2 3 1 3 8 1 1 6 4 5 6
29 24 15 22 5 1 28 29 28 20 20 6 35 37 22 15 26 33 18 18
25 7 9 26 11 4 27 25 34 38 17 23 33 44 16 24 34 37 5 4
1 1 6 1 1 8 7 11 12 2 3 1 10 21 1 1 5 5 5 10
31 31 17 31 6 6 36 36 42 18 28 9 35 46 21 26 22 40 25 22
5 9 2 3 6 6 12 12 6 13 1 8 13 24 1 1 8 6 7 9
9 6 1 5 1 1 3 9 8 5 1 1 8 15 3 6 9 14 1 10
13 13 24 12 9 26 29 32 39 16 20 14 21 43 19 26 28 28 23 32
2 1 1 7 1 1 2 3 6 8 5 4 1 11 1 3 10 9 1 1
34 22 36 22 13 31 37 51 53 39 19 29 41 40 29 40 44 48 10 22
20 10 16 16 6 12 19 31 30 29 15 19 30 37 16 15 34 31 9 14
31 31 32 28 7 20 33 42 53 25 33 24 24 52 26 37 29 50 24 29
12 12 9 16 8 5 11 12 16 21 13 15 10 16 1 12 18 21 1 5
17 17 9 13 4 1 17 18 14 10 9 4 21 28 12 17 4 18 14 22
33 11 43 34 24 29 47 38 58 51 29 43 49 70 31 47 51 51 20 33
21 22 38 22 26 27 44 45 46 40 29 31 26 54 31 36 46 34 28 43
2 3 2 1 1 1 1 5 3 1 1 1 1 2 1 3 1 5 1 8
38 21 41 26 23 38 47 57 62 49 25 37 55 54 37 51 53 56 13 23
7 2 1 6 1 1 5 8 11 10 11 4 7 16 2 3 16 13 7 2
3 1 2 1 1 1 1 5 5 9 1 3 8 14 4 1 9 10 2 2
7 1 1 11 7 1 11 1 6 4 6 2 10 15 1 6 8 8 5 1
1 1 1 4 1 1 1 1 1 5 1 1 1 9 1 2 3 5 1 1
16 15 6 23 6 1 14 19 22 21 13 15 15 28 2 22 17 26 1 12
39 29 32 31 17 25 56 37 60 39 43 27 37 61 24 29 43 55 31 22
2 5 5 9 1 2 1 5 9 6 3 4 4 8 1 6 4 8 1 6
28 24 30 37 14 16 40 39 48 39 37 22 34 38 29 27 43 41 29 18
12 1 16 1 1 11 12 17 21 8 9 5 16 25 12 7 21 19 8 14
11 9 3 5 1 2 5 12 12 6 7 3 10 12 4 8 12 19 4 9
20 19 6 21 4 1 17 22 27 19 19 12 16 24 9 18 20 29 11 10
25 12 15 30 22 12 32 31 34 40 12 28 38 55 15 26 35 34 8 16
14 20 24 10 11 17 25 27 30 27 12 6 27 12 20 15 32 27 23 20
6 8 3 11 1 1 1 13 13 17 6 11 9 22 2 12 14 18 1 10
39 32 57 20 25 44 55 57 61 58 35 41 53 55 42 36 66 59 42 42
14 15 11 13 10 10 19 19 20 21 14 13 20 26 3 10 17 19 11 16
30 26 16 35 21 11 30 30 35 33 24 23 23 36 7 34 27 37 6 15
4 3 2 21 3 1 11 12 19 16 14 12 10 31 6 16 15 16 5 2
23 23 18 28 1 9 24 37 40 21 23 12 25 45 18 30 20 34 18 28
31 32 22 25 11 18 39 37 42 35 28 24 35 43 7 12 34 37 17 16
25 33 41 28 37 37 52 44 55 46 27 31 49 49 32 46 49 44 41 50
13 4 17 20 13 16 33 26 33 23 20 17 25 50 13 22 29 22 15 22
16 16 6 11 1 8 14 19 20 8 9 6 14 19 6 14 11 23 4 14
15 11 7 19 1 3 10 16 23 21 21 16 3 11 4 15 20 26 4 1
8 10 1 11 6 6 12 15 12 7 1 4 15 25 4 10 10 12 5 8
21 12 21 27 7 10 27 29 41 33 30 22 28 42 19 23 36 36 15 16
6 7 15 4 6 12 16 17 18 6 6 1 19 22 11 14 15 12 14 23
27 27 21 26 13 21 31 42 46 36 24 23 28 33 16 32 33 40 13 25
7 8 14 11 12 13 16 15 14 11 3 2 20 17 8 16 16 12 11 18
21 16 36 20 15 28 29 36 45 41 27 34 31 46 25 28 45 37 24 30
3 1 2 8 3 1 6 1 3 5 2 1 6 11 1 2 6 7 1 2
23 18 15 31 20 11 27 26 23 36 20 29 25 40 5 22 32 30 11 14
28 13 25 17 11 17 34 27 43 29 24 22 31 49 24 33 29 44 16 21
32 21 30 14 1 24 38 44 51 24 31 23 34 52 30 13 46 46 27 17
33 29 45 24 15 32 49 53 62 48 40 34 46 61 37 23 56 51 40 32
35 33 13 27 6 12 37 40 40 22 21 13 38 46 19 20 30 42 17 18
38 35 37 45 43 28 47 31 39 50 31 38 35 39 15 38 36 39 23 28
15 9 7 18 12 1 23 16 21 21 18 9 26 35 10 10 24 20 15 10
39 14 32 27 15 25 51 50 62 41 36 39 35 77 39 46 51 58 14 21
23 25 32 16 31 29 39 42 39 39 9 24 51 37 28 31 45 37 27 38
33 21 29 36 19 15 47 26 53 35 33 21 33 53 15 32 37 47 23 19
30 34 33 32 14 19 32 40 40 30 24 14 38 37 25 38 27 40 24 37
39 30 28 36 18 6 44 42 42 44 40 30 32 58 28 24 47 41 25 22
19 18 21 10 6 24 28 37 41 19 7 15 35 41 19 19 28 32 13 24
7 1 10 14 9 6 16 6 16 11 9 2 18 32 4 12 13 10 9 12
10 5 7 19 6 1 12 17 17 20 15 16 6 28 11 15 20 17 5 3
37 21 27 42 26 11 38 26 50 39 29 28 32 49 10 43 38 49 15 23
1 4 10 7 1 7 6 5 11 10 9 4 6 17 5 1 7 6 11 12
7 2 5 3 1 4 9 10 8 8 4 1 15 14 1 2 15 10 2 11
23 17 19 26 14 18 33 35 42 37 21 33 35 60 19 25 34 36 15 15
24 24 29 14 4 23 35 36 42 13 21 6 30 43 25 28 19 33 29 41
12 7 4 6 1 1 12 9 10 8 12 1 11 9 6 1 11 15 10 1
35 37 31 32 19 29 36 51 53 34 29 25 28 26 21 39 39 48 15 23
15 15 16 12 12 20 32 28 38 22 24 24 24 51 18 19 33 35 21 25
36 25 30 42 32 22 44 38 51 46 24 35 41 58 7 42 40 43 16 32
50 32 27 41 20 12 53 41 54 35 25 19 56 67 23 31 41 52 28 27
53 33 41 45 18 19 59 62 70 61 50 45 49 82 50 43 64 67 26 23
28 22 38 18 27 33 47 54 45 53 13 37 54 44 34 30 61 46 28 32
1 1 6 4 1 3 2 1 9 3 6 1 1 9 1 1 3 5 7 7
13 5 11 9 1 5 11 23 26 17 18 11 15 27 12 6 26 21 12 8
6 5 8 11 4 5 14 6 17 12 13 4 15 21 2 5 12 13 9 11
4 5 1 4 3 1 3 4 3 11 1 5 6 13 1 4 7 8 1 10
22 14 12 19 9 6 24 31 31 31 19 21 30 46 15 18 33 32 13 18
3 3 3 3 1 5 5 7 7 5 1 2 5 14 1 1 6 6 1 3
13 12 9 6 7 8 11 16 10 15 1 9 17 21 1 6 17 14 4 21
21 18 43 12 22 33 41 44 49 29 26 21 36 51 42 39 39 41 40 52
4 5 3 7 1 7 7 14 19 7 7 8 6 23 1 3 11 14 4 5
12 12 11 15 4 8 11 18 21 19 11 13 14 25 5 9 16 23 3 4
5 5 10 7 4 7 8 9 10 4 8 4 11 18 4 6 10 5 10 14
18 11 7 14 1 1 11 21 21 9 8 7 19 28 13 14 17 26 7 11
24 14 16 25 19 7 27 20 31 34 18 22 34 44 11 19 28 30 14 15
1 3 5 4 1 3 4 4 6 6 6 1 7 14 3 1 6 7 8 6
27 22 11 26 7 10 28 34 39 23 22 22 18 48 17 26 26 36 12 17
4 1 2 7 1 1 1 11 12 11 5 9 6 17 6 4 17 15 1 1
3 2 9 5 2 8 5 7 10 6 2 2 7 3 3 4 11 8 3 9
6 8 16 5 9 15 12 16 13 11 4 1 16 11 10 13 16 11 13 19
11 10 10 14 1 5 15 22 27 7 17 8 12 36 16 21 18 22 16 19
20 23 13 24 9 16 19 31 31 20 15 21 16 29 1 23 22 32 1 8
10 6 7 15 2 4 15 15 23 9 16 7 9 30 6 16 16 20 9 14
23 17 20 19 18 14 33 24 31 27 19 14 30 43 5 21 24 28 17 26
5 1 6 6 1 3 3 10 9 10 1 8 12 17 8 3 15 11 4 3
39 27 40 16 17 43 50 49 47 43 25 45 50 72 28 27 50 52 25 35
47 34 28 44 18 12 46 47 54 44 28 23 52 62 28 45 37 55 20 30
57 39 42 43 12 33 60 69 78 44 43 40 56 71 39 50 54 70 24 29
2 1 1 1 1 1 1 2 4 3 3 1 3 10 1 1 6 7 2 4
25 27 26 24 7 13 29 35 39 32 23 11 30 28 18 19 32 34 22 16
18 7 10 14 12 6 21 17 22 14 13 5 24 38 9 16 15 21 11 16
1 1 10 1 1 5 7 11 12 2 3 1 14 18 6 1 10 6 7 10
31 20 23 15 9 13 29 35 34 39 19 27 34 43 16 15 37 37 15 13
7 1 4 12 1 3 6 12 14 12 13 10 8 22 7 9 19 16 7 5
37 35 35 39 24 24 51 54 64 46 38 28 38 51 28 44 47 52 25 27
17 13 5 4 1 3 15 18 20 9 14 1 12 21 6 6 13 19 12 9
32 17 21 40 26 10 35 24 42 38 13 29 37 51 4 36 32 42 11 18
5 1 2 17 8 1 13 12 11 20 9 15 8 26 6 12 17 12 1 3
40 45 42 21 22 33 59 59 54 36 26 19 58 55 33 30 42 49 46 53
46 30 34 42 14 8 50 42 51 31 28 6 53 56 27 36 36 45 30 33
3 3 3 11 6 1 8 1 4 7 3 3 9 15 1 5 6 7 5 3
4 2 10 7 1 5 5 19 22 11 10 7 10 30 8 10 18 16 7 14
17 18 19 19 14 14 28 24 32 22 17 6 28 22 14 22 25 25 21 21
50 28 51 40 19 36 56 59 73 46 42 37 56 66 44 61 52 65 26 35
29 25 15 21 23 22 37 33 22 27 8 26 36 48 1 11 32 29 19 25
39 30 32 31 17 27 44 58 58 51 31 41 40 49 24 28 56 52 13 18
13 15 6 20 1 3 14 25 27 13 13 10 16 36 11 20 15 25 11 15
28 35 32 25 17 21 36 40 43 26 21 14 33 19 21 38 27 42 20 31
33 16 43 44 34 20 48 40 61 47 43 43 27 68 37 52 51 55 23 36
17 16 10 18 11 7 16 15 20 22 19 15 16 20 4 16 19 25 7 7
37 30 26 32 22 21 33 42 35 45 13 39 41 53 14 27 42 46 17 26
26 12 9 26 11 5 26 26 29 24 19 13 26 38 13 26 25 28 9 16
23 17 13 18 13 18 29 32 31 12 6 9 36 39 13 21 22 28 10 21
2 2 4 8 4 3 6 4 4 4 3 3 7 14 1 6 6 2 5 6
42 40 41 38 16 23 48 51 56 45 42 29 39 53 28 37 46 53 38 42
2 2 1 1 1 1 1 3 2 1 1 1 1 10 1 3 1 3 3 6
15 5 10 23 11 7 27 19 29 22 18 13 15 47 10 23 17 24 8 13
44 27 43 24 26 34 51 52 49 56 24 35 61 54 30 35 52 51 26 29
28 26 43 31 37 34 52 37 57 43 31 28 37 48 25 52 44 49 29 45
16 2 8 12 1 1 14 22 25 20 19 14 14 30 14 9 29 25 7 2
37 41 48 37 33 33 62 50 59 43 26 22 60 67 33 52 38 51 44 60
2 3 1 13 6 1 8 3 6 7 1 3 13 17 2 7 8 8 2 1
25 23 18 29 25 17 29 31 19 31 8 25 33 49 5 21 26 26 21 31
26 26 46 28 26 28 47 54 66 47 37 38 28 53 46 43 60 55 27 39
20 17 12 19 4 5 12 23 28 24 22 18 15 20 9 17 27 32 9 6
3 5 18 13 7 16 19 17 27 17 14 7 15 29 11 16 18 15 17 21
36 36 19 29 15 9 39 38 34 31 23 16 39 45 14 23 26 39 22 21
1 1 1 9 1 1 1 11 10 12 4 7 4 17 4 5 14 10 1 1
29 19 19 22 22 11 39 23 23 30 17 12 35 46 8 11 28 28 27 23
5 1 3 7 5 2 9 2 3 3 5 1 10 15 1 4 9 7 4 3
36 36 23 29 14 11 32 38 33 39 24 23 37 41 18 19 37 41 23 24
15 12 6 23 5 1 13 21 25 19 19 17 11 32 12 22 22 27 7 9
36 30 37 36 37 28 54 36 41 37 24 29 44 69 19 38 36 43 42 51
25 16 16 24 9 8 33 24 37 16 18 2 29 39 13 21 21 29 18 21
11 1 17 3 3 13 22 16 27 14 17 13 17 34 19 12 26 28 15 10
5 4 6 11 1 3 1 14 14 14 5 12 10 17 8 8 18 16 1 4
12 4 3 4 1 1 3 16 14 13 5 7 13 22 5 6 18 18 1 7
18 13 21 17 9 13 15 22 30 29 19 23 20 30 11 14 27 28 9 14
2 1 4 2 1 2 4 1 7 1 8 1 1 11 3 1 5 5 9 5
29 25 41 26 34 38 51 40 40 38 30 33 43 56 17 25 49 37 44 47
32 17 18 26 17 17 36 46 42 33 14 31 39 61 20 29 39 38 2 21
34 16 19 34 14 4 35 34 44 28 27 20 29 55 26 34 33 43 13 20
12 7 7 14 6 6 13 17 17 12 14 7 17 26 4 13 20 18 9 12
39 14 32 32 18 24 40 39 51 43 23 34 39 46 17 38 42 50 1 6
46 44 34 43 23 25 47 48 52 30 36 23 35 30 23 44 27 51 17 26
36 21 25 34 10 12 33 46 49 41 29 28 34 51 25 32 42 47 11 12
15 5 1 24 9 1 18 16 25 24 13 12 21 33 7 19 23 27 3 1
42 39 27 38 17 20 42 52 52 37 26 34 48 66 24 39 35 52 20 30
14 12 6 12 5 4 13 16 17 19 11 9 18 21 4 10 19 20 5 14
9 2 4 13 10 3 13 3 8 10 5 1 15 21 1 9 7 11 5 4
27 24 20 37 12 4 23 36 38 30 25 28 18 41 21 36 29 39 6 16
21 15 14 21 2 5 17 32 28 15 12 12 25 40 19 21 20 30 9 18
6 4 3 10 4 2 7 8 6 6 1 1 12 23 1 10 5 7 3 10
3 9 15 13 7 13 11 19 22 17 7 10 15 14 8 15 19 13 9 14
34 22 42 31 24 40 55 54 71 45 31 39 46 67 33 50 55 60 24 36
40 20 35 26 13 31 54 55 63 44 36 44 47 82 41 47 52 60 22 30
16 1 28 8 8 25 27 34 31 25 7 19 37 36 25 22 34 24 8 11
31 4 36 20 31 27 49 36 49 38 31 27 35 62 29 32 46 44 31 40
10 14 8 12 1 2 5 9 16 11 11 7 4 15 4 14 4 16 8 13
6 1 1 13 5 1 9 4 12 8 4 3 14 22 1 9 10 12 3 1
29 21 49 14 26 47 54 60 58 49 26 42 50 67 41 39 64 51 37 46
19 18 14 12 2 2 22 22 22 11 16 2 21 37 15 18 8 20 21 28
51 36 39 22 13 31 50 60 53 43 25 35 57 68 31 29 44 58 29 37
6 1 1 5 1 1 6 7 6 4 4 2 8 15 1 3 12 8 2 2
13 13 14 24 9 6 13 21 26 31 22 25 10 30 10 22 22 23 10 16
9 7 8 8 1 7 9 13 17 15 9 5 11 10 4 8 18 15 7 11
15 12 7 10 2 4 15 15 19 9 13 2 16 26 9 10 14 21 12 16
41 41 31 39 22 31 46 46 55 41 43 36 31 39 18 30 44 51 19 16
10 6 1 4 1 1 8 6 7 7 5 1 9 12 1 4 8 13 3 5
15 7 12 26 13 5 17 21 26 32 11 21 27 38 6 20 25 26 2 10
35 24 14 22 11 11 39 39 39 33 16 19 46 54 18 12 38 40 14 12
55 31 36 54 26 6 59 51 69 55 38 35 57 82 35 52 50 65 29 38
1 1 9 10 7 8 11 10 11 7 1 1 16 15 3 9 13 4 7 9
32 27 23 32 1 8 32 45 49 31 31 17 28 39 24 26 36 43 20 16
5 9 7 12 4 5 6 8 8 8 5 6 11 13 3 10 8 11 4 9
36 13 34 20 17 31 48 45 60 44 38 37 37 69 36 43 48 56 25 24
9 8 11 19 6 7 16 8 23 18 21 12 12 29 7 15 18 21 13 12
5 1 9 2 1 8 11 10 17 3 11 1 5 20 3 4 11 9 9 12
31 23 29 27 27 26 52 50 59 39 25 25 45 60 28 40 49 46 22 34
36 29 19 37 5 8 38 35 43 32 31 16 41 50 26 22 36 43 28 8
40 39 30 40 8 17 37 39 43 37 35 22 35 37 21 25 36 46 23 11
1 1 1 3 1 1 2 7 7 2 2 1 4 15 1 1 7 3 4 1
6 4 4 15 6 3 9 10 10 12 7 7 13 22 4 11 16 14 1 6
33 26 37 14 20 41 50 52 51 39 29 40 43 68 22 21 55 50 32 45
47 46 34 45 15 12 50 45 50 42 42 25 48 59 30 30 36 49 39 29
42 41 38 43 30 29 54 56 51 56 28 33 54 55 18 29 52 50 31 30
12 10 3 21 3 9 19 20 27 16 12 17 16 35 2 16 16 22 2 6
33 28 30 41 31 26 43 43 45 47 28 35 31 49 10 38 39 39 13 23
24 10 6 23 13 1 26 19 25 18 8 5 31 42 7 23 19 27 7 17
10 10 16 16 5 11 11 18 26 17 17 13 13 17 6 16 22 21 10 13
36 37 38 31 27 30 48 44 44 44 26 26 47 51 19 24 45 42 41 46
36 19 24 8 1 26 33 40 47 34 25 32 37 46 19 20 37 47 6 8
4 8 10 9 1 6 3 8 11 10 6 7 6 6 1 7 5 11 2 6
29 43 41 31 34 44 55 56 62 52 25 42 52 55 23 47 49 47 31 48
44 40 42 47 20 33 57 47 66 43 50 33 37 50 27 34 47 57 30 17
5 4 15 12 4 12 13 12 19 9 15 8 10 23 8 12 16 13 14 18
25 21 27 27 16 17 36 35 44 28 28 26 34 62 27 34 34 42 26 36
1 2 2 2 1 3 3 7 7 5 2 1 5 16 1 1 4 7 4 3
1 1 3 1 1 2 1 5 3 1 1 1 5 9 1 1 7 1 2 5
27 22 16 29 7 11 21 38 40 30 23 25 16 37 15 30 29 41 2 13
35 30 18 36 23 13 38 39 33 38 18 26 44 55 14 28 36 43 23 31
7 7 17 23 7 10 20 14 29 24 26 22 8 36 13 24 21 25 14 16
14 21 27 16 20 21 28 29 26 28 13 17 32 39 11 22 25 22 24 35
33 29 27 31 5 21 42 50 53 24 30 20 43 70 30 35 34 44 25 38
8 4 2 3 2 1 6 4 4 2 5 1 5 10 1 5 5 9 4 6
1 1 1 1 1 1 1 3 1 1 1 1 5 8 1 1 8 7 1 1
38 35 23 28 9 25 38 53 52 39 28 38 39 59 10 29 43 49 11 33
18 1 11 18 6 8 22 28 27 23 8 21 24 41 18 23 28 23 1 1
12 6 11 5 1 10 12 25 22 10 1 4 22 31 11 9 16 19 5 14
10 5 8 8 2 4 9 13 16 11 5 9 16 26 10 8 15 17 7 7
6 10 19 6 7 13 14 16 20 20 12 13 18 26 8 10 19 16 16 23
22 22 21 18 15 17 38 36 33 28 15 8 41 37 17 14 34 28 21 21
13 12 10 22 11 5 15 9 19 17 16 12 12 23 1 16 10 18 9 6
6 7 3 3 5 2 5 12 5 9 1 5 12 20 3 7 10 7 3 14
6 7 5 13 4 4 8 16 13 8 3 4 17 27 5 12 12 13 4 12
32 24 37 18 17 41 46 48 53 29 34 34 37 69 27 34 44 47 25 46
41 43 34 39 25 22 39 42 40 40 28 34 35 52 10 32 32 45 34 41
30 29 13 24 1 3 27 35 40 22 23 8 32 43 20 18 23 40 20 15
11 7 9 3 1 8 13 16 16 9 11 1 13 14 5 1 14 13 9 7
32 24 15 31 8 3 29 32 37 23 20 13 37 39 22 27 27 41 15 16
11 10 1 16 1 1 7 13 18 11 11 8 9 22 2 15 13 21 3 7
1 5 1 7 2 1 3 3 6 12 3 6 10 14 2 4 6 9 2 3
22 20 11 32 16 6 21 20 27 28 16 19 19 33 2 31 17 29 4 13
44 18 30 25 10 23 44 54 54 45 32 37 41 58 37 36 52 56 6 7
27 23 22 36 9 11 33 33 44 32 31 17 28 34 12 21 30 37 17 6
6 5 1 12 7 1 9 8 6 7 4 6 12 18 1 11 11 8 4 6
7 5 6 6 1 5 4 7 8 6 5 3 4 7 1 5 8 11 3 8
54 48 38 59 18 9 53 56 64 51 56 37 34 61 38 44 50 64 28 21
27 21 23 24 7 10 35 45 44 36 28 16 38 47 28 21 44 38 26 26
11 8 5 5 5 3 6 17 12 16 3 10 18 28 9 7 16 17 6 12
12 18 30 21 15 24 33 32 47 30 28 21 28 30 24 33 41 39 26 27
34 27 28 22 18 22 48 41 39 33 25 20 50 59 20 8 41 38 31 24
36 13 31 11 8 27 38 46 49 37 29 29 43 59 32 28 44 43 15 20
1 3 4 7 5 5 10 8 6 1 3 1 11 18 1 5 7 5 5 5
7 3 3 1 2 5 10 9 9 7 6 2 9 17 1 1 9 10 4 7
41 38 31 24 19 26 53 47 41 30 28 21 49 64 24 19 41 44 38 39
24 13 36 32 33 21 51 41 52 40 32 29 30 66 30 46 47 39 22 41
33 21 25 35 17 18 47 38 57 32 38 28 27 66 25 47 31 52 24 32
37 36 29 24 2 26 43 44 56 26 36 20 35 54 23 27 36 50 28 37
37 24 22 34 22 10 43 38 47 38 20 17 50 61 17 27 38 43 20 29
22 14 15 22 1 9 18 31 38 26 24 24 18 39 16 22 29 36 10 12
16 11 15 20 18 14 29 21 29 25 12 8 33 32 9 21 23 24 12 18
17 13 17 27 18 11 20 13 22 25 11 13 20 21 1 22 15 22 1 9
35 35 29 32 3 13 41 48 50 27 27 7 41 40 28 27 31 44 27 28
1 1 4 4 2 1 7 1 5 3 6 1 5 16 2 2 3 1 8 6
7 6 8 17 10 7 15 17 16 20 9 13 20 30 3 16 21 14 7 16
21 8 6 29 11 1 24 20 30 31 19 16 24 36 13 23 29 33 5 3
18 11 23 21 14 19 30 38 43 38 20 26 36 46 21 24 41 34 16 21
26 25 16 25 3 13 33 36 43 33 30 23 33 48 9 14 34 39 13 15
25 25 34 27 7 19 31 41 53 30 29 18 31 44 29 39 35 46 25 35
10 9 9 24 8 5 12 18 22 18 13 15 17 27 6 18 18 22 4 6
19 18 8 19 1 1 13 15 22 8 15 6 13 21 7 18 7 25 10 14
21 16 10 26 16 7 21 16 25 25 13 15 20 33 1 25 15 25 5 13
19 9 9 18 14 6 21 21 20 23 1 14 33 41 13 20 20 22 3 16
33 33 42 21 22 39 46 66 59 51 15 39 57 59 41 45 52 53 28 42
6 3 15 4 1 8 9 8 21 16 12 12 12 27 13 9 14 21 10 10
5 2 4 4 1 3 3 5 4 6 2 1 7 14 1 3 6 7 2 10
2 3 1 2 1 1 1 4 4 4 1 1 1 9 1 3 1 6 3 2
26 18 24 25 15 13 25 41 36 40 20 32 26 41 15 25 41 36 6 21
11 12 14 20 4 6 9 19 28 24 21 20 11 29 13 19 22 24 12 11
30 23 18 24 10 11 37 28 37 25 24 7 33 43 15 14 21 33 22 14
41 24 32 52 21 8 41 35 51 36 25 25 39 50 20 53 29 49 18 34
28 13 17 26 18 11 29 24 34 27 3 18 37 47 12 27 24 35 4 17
40 28 35 30 12 27 48 60 59 42 32 31 48 53 38 22 59 51 24 17
46 25 34 44 17 11 46 43 58 41 27 19 57 65 28 44 42 55 26 39
41 31 36 38 19 11 46 53 64 45 46 42 26 72 42 47 51 61 22 39
43 24 46 21 5 30 49 50 62 41 39 28 51 61 46 36 51 59 30 30
20 25 24 27 24 20 30 23 23 33 15 27 29 47 6 19 28 26 27 33
2 4 2 3 1 6 6 9 10 7 2 3 9 22 1 1 6 7 4 5
12 12 11 9 1 17 18 26 29 14 16 17 17 38 9 10 24 23 11 16
24 20 24 37 26 17 28 21 34 36 23 24 24 34 6 31 25 30 9 15
22 5 32 20 10 23 33 35 45 29 30 30 23 51 32 30 45 41 18 22
41 22 36 34 8 22 38 52 56 48 37 37 36 45 31 32 53 55 13 8
19 24 23 24 21 19 29 33 33 29 13 16 31 31 13 32 27 30 13 27
26 31 19 32 9 12 28 34 35 19 19 15 28 43 14 31 14 34 15 21
36 28 21 29 14 19 43 49 47 43 30 32 46 63 23 17 50 46 22 20
9 7 16 10 13 14 28 15 26 18 22 15 16 39 13 14 25 22 22 23
43 36 32 26 14 16 36 45 39 38 24 27 45 53 25 27 35 49 30 37
4 6 3 5 1 1 3 10 10 3 2 1 10 18 1 6 4 11 3 11
18 12 13 21 11 8 17 17 22 18 12 11 24 24 7 19 18 25 4 12
7 7 4 6 1 6 11 10 15 7 9 4 9 22 3 3 9 13 9 5
4 1 2 9 1 1 6 8 14 8 13 7 1 19 4 6 11 11 6 3
3 1 5 1 1 4 1 5 3 2 2 1 6 7 1 1 9 5 1 5
7 9 12 18 7 6 12 6 16 13 13 9 6 16 1 12 5 13 5 5
41 48 43 28 22 37 50 64 66 42 22 31 58 45 40 44 47 62 33 45
19 15 8 24 7 7 18 25 29 24 20 16 19 34 10 23 22 29 9 17
16 18 17 21 11 12 27 28 35 21 13 10 28 38 10 26 18 25 14 27
32 22 16 28 10 6 33 26 29 27 19 8 38 39 17 15 26 32 17 14
19 14 25 9 15 22 28 36 33 27 8 14 39 33 23 24 37 30 17 24
32 32 31 16 18 39 41 49 45 33 22 26 47 45 20 28 43 42 17 41
5 9 7 18 5 3 7 8 13 13 10 11 11 18 3 12 11 14 6 4
5 2 15 3 1 12 13 16 26 10 11 5 14 26 11 6 19 19 10 13
33 23 30 21 23 22 42 41 35 33 19 18 49 55 21 19 41 35 30 37
37 33 26 31 6 22 46 39 45 17 25 10 43 57 20 34 18 39 24 38
40 33 42 39 31 38 56 62 72 54 34 43 48 51 33 49 59 62 22 22
42 24 23 45 26 9 48 36 55 43 31 38 32 64 15 40 45 53 4 22
25 18 16 6 11 19 25 32 25 26 7 24 31 44 10 7 30 30 14 19
13 17 12 15 13 10 14 18 16 26 10 20 9 18 1 11 18 17 2 6
42 31 20 30 8 7 40 54 50 34 30 25 38 60 32 33 41 50 16 26
14 4 19 21 16 9 25 7 27 21 10 6 25 30 5 23 17 19 11 22
25 29 41 24 26 30 53 47 54 39 33 20 48 53 39 37 52 47 43 45
1 1 5 6 1 4 3 7 8 5 2 1 10 14 1 1 10 8 3 5
23 22 10 16 3 3 17 20 27 16 22 9 16 20 10 17 16 29 15 13
3 7 4 7 6 1 8 9 11 15 8 9 14 24 6 6 13 11 10 12
9 4 6 7 1 4 9 9 14 9 12 5 6 17 1 4 13 12 10 7
22 12 45 20 38 36 56 42 57 45 16 32 53 66 31 40 53 45 34 46
8 1 1 8 1 1 7 7 12 8 12 7 7 16 1 7 15 12 8 5
30 10 23 16 13 20 38 29 41 24 17 16 38 58 24 29 29 39 15 23
11 8 10 20 13 8 21 19 24 26 11 13 23 26 5 22 23 20 7 17
27 18 15 19 15 7 33 27 31 25 20 13 37 49 19 19 31 29 22 24
1 1 1 3 1 1 5 2 5 1 1 1 3 14 1 1 1 1 3 2
47 31 36 45 10 21 48 52 54 53 46 39 49 64 45 29 60 56 33 5
14 8 18 11 1 12 13 16 26 22 13 18 18 30 18 14 22 25 12 10
43 33 37 38 8 29 52 59 63 31 38 26 51 79 39 44 45 54 31 45
32 25 32 31 24 20 43 43 46 47 35 42 31 63 24 27 54 50 31 33
7 6 1 7 2 1 3 5 8 12 4 6 5 15 1 7 10 12 2 7
1 4 1 13 5 1 7 6 9 8 5 6 8 17 1 7 8 8 6 1
17 15 7 15 2 10 19 27 28 13 13 9 19 26 5 13 20 26 7 12
9 4 16 10 4 12 13 21 26 21 7 12 23 29 11 10 21 19 7 11
30 21 18 13 10 19 28 45 38 31 16 25 37 52 16 16 38 37 17 26
1 9 17 9 10 16 13 19 20 17 5 6 20 17 13 14 22 14 15 18
2 1 1 5 2 1 5 3 5 11 4 5 7 18 1 1 11 7 3 6
15 12 9 5 1 4 15 18 21 11 15 1 13 22 6 4 13 19 13 11
12 11 13 17 12 15 22 21 25 17 10 9 25 35 6 17 17 16 12 19
5 3 5 1 1 4 1 9 4 1 4 1 7 11 4 4 9 7 5 7
4 3 1 2 1 1 1 6 4 6 1 2 7 11 3 3 8 11 1 3
5 5 2 8 1 5 8 13 18 10 9 7 7 25 1 4 13 16 4 3
21 23 44 19 17 37 37 51 60 48 24 36 37 48 36 44 49 47 26 34
15 16 27 16 13 22 31 24 38 18 24 12 21 33 21 31 25 32 25 34
14 9 2 18 2 1 9 21 20 20 11 14 12 32 12 19 20 25 3 9
42 51 47 42 26 36 55 66 69 53 39 34 49 56 36 56 47 60 40 53
22 10 37 27 31 21 46 18 47 33 16 18 42 41 18 40 39 40 30 39
4 1 6 14 5 2 10 13 16 13 8 7 17 33 5 11 15 10 5 8
35 15 38 26 22 32 44 52 50 54 25 43 51 65 34 43 53 44 18 28
8 8 2 12 1 1 6 13 12 4 4 4 8 18 5 14 6 13 4 10
29 19 28 36 18 14 42 30 47 26 33 17 29 61 28 46 28 45 30 37
18 15 13 14 11 11 27 25 22 19 14 8 29 31 9 9 24 20 12 17
21 28 24 17 17 18 33 37 35 37 15 16 38 32 17 21 38 33 26 31
19 19 6 14 7 14 26 33 24 20 7 21 28 46 3 16 24 22 3 22
13 8 12 6 1 9 8 19 16 15 2 10 19 25 12 11 15 20 4 11
12 10 1 10 7 7 17 17 15 8 1 6 23 34 1 10 11 14 1 9
6 6 8 10 4 6 6 10 10 9 5 7 14 15 7 5 13 15 5 7
12 3 5 24 11 1 17 15 18 19 13 13 9 32 8 21 15 16 2 3
2 1 10 4 3 9 7 10 10 4 4 2 13 13 5 4 13 5 9 11
18 9 4 17 9 8 20 26 28 18 5 14 28 47 7 18 21 24 3 6
2 3 1 5 1 1 1 2 6 8 3 3 4 9 1 2 8 12 1 1
18 12 8 19 7 7 21 31 32 26 11 17 30 41 8 18 27 30 1 14
17 22 24 24 19 20 22 32 28 36 17 27 25 32 8 26 31 24 15 26
27 21 22 9 10 22 40 38 46 26 29 22 34 56 24 17 38 45 25 28
7 7 17 9 5 16 20 13 25 12 17 7 14 28 10 10 14 18 16 20
5 1 8 10 1 6 6 12 14 10 12 8 10 22 4 7 17 11 8 9
51 46 40 40 14 25 40 52 56 51 44 35 42 45 34 29 48 60 29 19
10 6 3 8 3 3 10 10 11 4 5 2 9 16 1 7 10 13 2 8
26 34 32 29 30 28 36 38 30 39 7 26 38 34 8 28 32 33 22 38
25 27 32 28 36 32 48 49 43 45 15 29 49 58 21 37 43 36 32 43
16 1 18 1 2 15 13 24 16 21 2 17 26 27 14 10 25 19 1 12
2 1 2 6 4 1 6 4 3 8 1 3 13 18 2 1 11 8 1 5
22 10 20 28 13 15 28 32 44 32 19 20 31 44 12 26 31 35 8 11
26 13 30 21 23 26 42 43 48 40 14 25 48 37 32 36 50 42 18 21
15 14 13 15 1 6 15 19 26 21 22 8 16 26 9 10 22 23 16 14
4 13 21 16 15 18 20 30 34 34 11 21 30 30 21 23 34 26 18 23
19 18 26 18 20 28 40 33 45 18 17 12 37 47 22 33 28 36 24 33
19 9 7 21 9 5 27 24 29 14 21 17 13 38 10 19 23 24 6 6
28 27 26 38 21 13 26 37 39 42 32 36 13 39 15 37 32 38 6 21
15 10 7 19 6 1 12 21 22 22 16 16 12 34 12 20 21 23 9 16
9 4 6 1 1 4 9 8 10 5 12 1 9 13 3 1 12 10 10 7
25 19 23 19 10 26 40 38 40 30 27 31 30 60 12 20 42 36 16 31
36 18 22 45 26 6 37 22 43 43 25 28 31 37 6 37 39 46 11 10
28 32 35 22 28 30 39 43 41 43 27 27 34 30 16 26 42 38 25 29
49 45 31 45 28 30 49 60 60 57 46 49 36 43 29 41 58 62 19 19
12 9 19 16 1 12 12 18 29 20 19 17 17 30 14 13 24 26 13 14
43 33 31 28 20 26 36 48 48 45 28 37 31 39 26 36 43 52 10 18
38 37 39 44 27 26 48 49 56 48 38 25 42 38 26 38 49 49 28 19
5 7 1 6 1 1 1 8 7 9 5 4 8 15 5 7 9 10 7 6
19 7 18 19 6 14 25 31 36 21 24 18 21 48 20 21 32 32 14 18
4 5 4 5 1 2 3 3 8 5 7 2 3 9 1 5 1 10 5 8
15 15 18 21 6 15 15 34 35 25 15 20 19 31 10 22 26 29 6 12
31 21 30 32 24 26 49 45 54 43 35 37 39 68 22 35 47 49 26 32
3 7 3 14 4 1 6 3 10 11 7 8 8 15 1 8 8 9 6 1
51 32 41 29 12 29 48 55 61 52 43 38 51 60 41 33 53 61 22 8
24 24 23 35 21 26 35 36 46 35 24 29 30 44 8 32 30 34 12 18
9 5 8 5 4 10 15 16 14 5 4 1 16 21 2 8 12 10 4 13
40 14 22 37 19 4 38 36 52 42 25 32 33 58 22 41 43 51 5 14
23 34 36 23 18 32 37 52 60 39 23 29 35 44 27 41 42 50 25 37
40 31 28 35 12 22 50 57 65 34 30 23 51 62 33 37 44 54 26 31
29 21 25 19 13 19 36 33 40 32 22 26 38 56 26 27 38 40 24 31
50 23 39 40 28 22 61 57 71 50 26 31 63 76 35 49 56 59 26 39
24 30 42 28 29 37 55 52 66 48 37 39 37 50 35 48 54 54 34 40
19 15 17 25 4 4 24 33 34 16 20 13 15 43 17 25 19 25 10 22
7 8 6 5 7 5 6 12 6 15 3 9 14 19 5 6 14 13 6 14
7 6 5 9 1 3 4 13 13 10 10 8 8 24 4 12 14 13 8 11
46 34 37 49 36 26 57 55 55 49 30 38 50 78 24 42 51 53 31 47
29 34 37 31 31 25 45 47 50 43 8 25 59 46 34 46 38 46 27 45
48 19 40 35 12 26 51 52 59 52 34 31 59 68 36 30 56 54 23 13
14 11 20 13 15 15 28 16 28 19 21 15 21 38 9 23 21 25 18 29
5 2 5 8 2 4 6 4 7 7 4 3 7 11 1 3 10 9 2 6
35 29 30 38 23 20 53 49 63 38 28 19 46 53 29 46 41 51 27 34
20 14 4 17 1 1 15 27 26 15 15 6 18 27 14 15 23 30 7 9
11 10 10 11 3 4 11 9 17 14 16 7 9 17 1 10 8 17 6 10
4 7 8 12 1 6 4 7 14 12 10 9 5 14 1 8 10 12 9 9
14 19 9 16 4 12 19 27 30 15 9 13 25 42 8 15 16 24 10 22
11 10 4 9 1 1 3 10 15 10 9 5 2 14 1 10 5 17 2 7
1 1 1 9 1 1 2 3 5 9 2 4 5 13 1 3 9 8 1 1
13 21 33 11 25 28 39 36 42 35 17 20 43 36 29 26 43 35 33 38
30 16 23 22 16 27 44 49 51 39 22 29 48 58 21 26 49 42 13 24
40 14 35 32 25 27 47 46 55 41 8 31 57 65 25 45 45 45 12 31
44 44 33 29 4 23 47 51 58 32 36 17 46 50 24 32 31 51 29 41
7 4 1 7 1 1 3 12 10 9 5 5 5 19 1 9 12 12 1 5
4 1 1 3 1 1 5 4 7 10 7 4 7 17 1 1 12 8 4 3
13 9 9 17 1 4 12 28 24 15 10 11 21 38 13 18 19 20 7 18
7 6 7 2 1 11 12 15 15 4 1 1 12 12 1 5 9 12 1 10
20 15 35 19 19 30 33 41 49 42 33 40 24 60 30 31 43 43 29 32
20 11 25 12 7 19 29 29 39 28 21 19 32 43 22 19 35 33 18 24
10 10 13 11 1 8 9 9 21 14 16 8 6 21 5 13 11 18 11 17
12 13 27 11 17 32 40 30 40 16 18 14 30 43 20 23 34 28 26 30
45 27 28 52 24 5 42 37 53 38 33 29 35 55 21 51 36 54 14 29
33 31 23 25 16 15 29 39 38 40 28 26 23 27 17 20 38 42 10 7
4 1 12 6 4 8 9 11 14 10 8 6 17 26 8 1 14 9 10 14
12 2 12 9 2 7 15 22 22 21 10 10 26 27 11 6 29 21 7 9
31 26 20 33 13 8 32 32 39 19 13 12 36 43 12 34 13 39 9 21
22 15 36 20 28 29 51 42 52 27 22 14 42 64 33 43 35 39 34 49
31 37 23 26 16 26 37 41 36 30 14 29 41 50 8 25 26 34 14 36
37 24 36 38 26 24 47 56 57 46 24 40 38 61 37 44 51 49 9 25
25 10 14 15 20 9 28 22 20 27 9 14 37 38 11 14 29 24 9 17
14 9 16 18 9 11 23 22 29 19 19 10 27 31 14 13 28 23 17 15
4 6 14 5 7 12 11 16 17 17 4 5 21 16 11 9 19 16 10 15
13 14 28 7 18 24 28 41 39 39 11 25 36 34 23 20 46 32 23 28
6 9 3 11 4 1 5 5 8 16 5 10 8 15 1 9 7 12 3 8
32 18 22 22 9 12 25 40 39 43 23 35 28 46 19 27 41 42 8 15
1 1 11 8 7 10 11 10 10 8 2 3 14 14 5 8 12 3 8 11
23 33 42 13 30 44 47 53 47 40 16 33 49 56 29 30 52 43 41 52
30 28 25 29 7 13 31 40 39 42 29 25 32 38 19 17 40 37 22 19
25 16 27 31 12 16 29 33 45 35 35 29 19 42 17 32 39 42 10 16
30 14 35 12 7 26 37 37 49 38 34 31 29 45 28 27 41 47 17 16
46 24 39 27 6 25 43 59 59 46 31 30 53 56 44 41 52 57 22 29
47 43 40 29 28 46 50 62 52 50 20 47 60 65 13 26 58 54 27 48
8 4 3 7 6 1 11 8 9 6 8 2 12 26 1 8 9 8 7 10
15 8 25 10 10 29 32 37 44 24 25 29 26 59 23 19 38 34 20 27
26 10 30 16 18 24 39 36 45 28 6 12 45 53 24 32 33 34 15 28
39 30 31 25 13 22 39 53 41 36 16 30 49 68 27 29 37 44 26 35
51 37 23 44 25 14 57 52 55 50 31 33 51 71 24 34 51 55 20 25
37 21 41 37 28 19 57 44 63 47 35 22 46 63 33 46 55 50 32 38
5 2 6 5 4 3 9 3 6 3 8 1 7 15 2 5 5 6 8 9
32 22 13 37 18 10 36 34 44 26 10 23 41 56 14 36 29 43 9 22
15 14 6 16 14 7 25 18 18 23 12 13 25 32 5 9 22 18 13 10
11 4 8 10 4 5 12 12 15 15 6 8 21 22 7 7 16 20 2 4
39 44 36 26 22 31 56 57 53 40 25 21 59 54 32 25 47 47 40 39
2 1 1 8 5 1 7 4 5 8 5 4 12 24 1 6 10 5 5 7
7 8 5 14 4 1 8 4 13 10 11 8 8 16 1 10 10 13 8 7
41 29 45 33 25 39 48 56 55 56 30 49 49 66 18 29 57 54 26 31
43 27 34 41 30 14 46 31 48 46 24 23 46 40 14 39 38 47 18 31
5 13 20 5 12 15 19 23 25 24 9 11 22 22 9 14 21 17 17 24
32 22 34 20 15 35 46 56 53 39 17 34 50 71 31 32 48 43 24 38
2 4 5 8 6 4 6 8 6 16 3 10 10 18 1 4 13 7 3 10
15 23 34 13 22 26 28 34 35 38 15 25 33 29 18 21 34 29 23 29
10 11 8 9 8 5 20 11 17 13 11 7 16 34 4 13 12 16 12 21
14 5 7 15 4 3 15 19 24 19 13 13 20 36 9 14 23 24 7 5
4 3 1 1 1 1 3 5 8 6 5 1 4 19 1 3 2 7 6 10
34 23 14 36 14 7 35 34 43 38 27 22 27 46 11 31 28 43 8 10
18 17 8 16 8 4 22 21 22 25 17 11 21 30 9 8 23 22 16 11
41 39 43 46 35 20 54 57 56 61 42 39 43 55 36 42 62 54 26 33
1 1 1 4 2 1 5 1 4 6 3 2 9 21 1 1 7 2 5 5
1 3 9 3 3 8 7 13 11 10 1 1 16 15 6 7 12 9 7 13
8 9 8 16 3 4 6 8 14 13 12 11 7 14 1 10 12 16 5 4
44 39 31 35 25 31 43 56 51 48 24 45 46 70 18 29 50 55 31 40
9 2 8 13 5 6 17 16 20 13 15 6 18 25 5 11 22 14 10 9
9 3 7 10 8 8 17 17 17 6 1 1 20 25 2 15 12 9 4 13
25 22 15 33 2 6 30 31 36 33 28 17 29 40 17 14 32 37 14 1
46 22 35 36 14 15 43 41 55 36 21 22 53 60 27 44 35 53 16 30
35 32 42 40 31 28 58 52 69 55 42 31 50 61 37 52 59 61 37 42
23 16 29 26 22 21 36 36 36 38 26 29 27 47 19 23 40 30 24 32
11 5 14 5 7 12 22 19 26 7 20 9 14 38 16 16 23 24 18 19
12 9 10 10 4 15 21 20 26 11 11 10 20 32 3 5 18 18 9 15
9 12 6 12 2 2 4 7 10 12 8 8 3 10 1 12 6 15 2 4
9 1 9 5 2 6 8 15 13 16 2 12 18 27 9 4 20 15 1 5
7 9 7 8 4 5 9 7 13 12 11 6 10 23 6 10 8 13 12 14
22 9 13 26 21 1 23 6 22 21 5 12 25 31 1 27 13 25 10 18
27 27 9 16 1 8 26 30 33 8 17 7 27 32 11 16 15 35 14 18
40 40 23 36 25 19 43 45 38 39 23 28 38 46 12 29 37 45 18 22
1 1 7 1 1 6 4 10 5 2 1 1 10 7 2 3 10 3 2 9
27 36 38 22 37 37 51 54 42 47 13 29 57 43 29 29 54 42 38 44
29 17 29 34 31 20 51 37 48 40 34 34 30 72 26 37 45 43 22 31
27 29 16 29 11 16 29 40 39 30 19 28 30 51 11 28 25 35 14 27
16 14 18 25 9 7 20 26 32 32 28 26 11 41 15 26 30 32 10 17
13 4 17 15 8 14 21 26 28 19 11 16 26 44 15 17 23 19 10 12
43 16 27 43 32 4 51 38 50 52 26 34 48 68 22 34 54 48 20 21
28 28 25 18 9 23 35 36 46 24 29 19 27 40 16 27 29 41 20 30
13 8 7 5 1 4 12 13 15 12 15 4 16 18 10 1 18 18 13 6
35 34 28 23 19 32 46 46 40 29 22 31 44 69 16 23 41 42 29 45
49 40 33 44 24 22 53 63 55 46 30 38 55 73 29 39 49 58 26 38
18 17 33 31 20 19 39 39 49 32 33 26 20 51 32 36 43 38 19 30
5 1 4 5 1 3 4 10 13 6 9 2 8 11 1 1 16 12 5 5
23 23 10 23 3 16 25 28 35 24 22 25 18 29 1 18 26 35 1 6
22 24 17 25 15 12 26 28 26 22 11 15 31 38 9 25 15 25 10 27
39 37 30 44 25 21 39 46 46 42 35 36 30 49 18 43 37 46 18 30
27 27 18 21 7 6 30 27 34 24 27 12 27 38 16 21 25 36 22 23
29 28 33 28 16 34 47 47 62 41 39 32 34 50 26 35 49 50 27 31
24 20 30 28 14 18 35 40 49 34 35 31 21 54 26 39 40 43 22 36
15 17 22 16 16 23 27 27 24 27 14 22 24 46 7 9 27 23 24 28
19 16 18 24 13 19 32 26 43 25 21 24 26 51 13 25 27 36 13 12
7 1 5 3 1 4 7 6 5 1 7 1 9 10 3 3 11 9 5 6
5 8 5 8 1 3 3 6 8 9 5 6 8 9 4 8 8 13 1 6
4 1 9 7 1 8 4 9 9 8 4 5 7 9 3 6 12 8 3 10
47 26 39 44 27 19 62 51 69 42 40 28 45 74 35 48 56 58 25 38
35 21 27 34 15 10 39 48 49 25 30 19 38 53 31 39 38 40 21 30
40 33 41 36 19 23 57 55 52 37 40 26 50 72 35 35 52 53 45 49
15 9 16 25 15 7 27 12 32 21 16 13 22 47 11 32 20 29 14 24
27 18 6 20 9 9 28 29 33 12 9 11 33 46 11 19 21 32 9 15
17 16 10 14 10 3 25 18 20 24 18 9 24 30 8 5 21 20 19 11
7 6 1 7 5 1 8 9 8 6 6 1 8 21 1 8 6 8 8 8
55 33 31 52 27 17 54 53 66 53 31 41 52 69 25 53 48 67 12 27
12 11 6 17 1 7 12 19 27 17 18 16 9 28 5 13 19 25 7 5
34 27 28 26 7 26 34 47 55 36 32 38 28 60 26 33 43 51 14 26
1 1 2 5 1 1 6 1 4 4 4 1 8 17 1 3 4 6 4 6
13 9 3 18 7 1 10 11 16 13 2 6 19 23 3 18 8 20 1 4
5 2 1 3 5 2 8 8 7 11 3 7 7 18 1 1 13 6 4 6
16 25 24 10 12 22 32 37 36 15 8 7 35 34 20 25 16 26 24 35
38 24 26 35 24 19 38 41 43 49 28 41 38 58 19 35 45 46 17 21
23 21 17 21 5 12 23 33 33 16 8 12 32 39 13 23 14 31 7 17
7 7 13 9 10 10 16 16 17 20 14 15 18 37 11 9 24 15 18 19
9 10 6 17 1 1 11 14 16 5 8 3 13 26 5 16 7 15 9 15
23 22 17 25 11 9 23 21 26 26 24 14 21 21 11 16 26 32 12 5
10 4 8 2 6 2 17 13 13 14 11 6 22 27 7 1 18 13 12 11
35 32 31 34 32 29 52 47 58 48 24 29 54 52 18 35 49 49 23 30
25 11 20 27 8 15 33 31 47 34 28 26 29 55 22 29 35 42 14 11
4 1 1 1 1 1 1 6 3 6 1 2 10 17 3 1 10 8 1 3
4 4 5 9 1 4 1 9 10 9 7 6 6 17 3 5 12 11 7 6
19 19 23 16 8 17 27 23 36 17 24 9 22 24 16 25 24 30 21 27
15 14 19 19 3 9 21 25 35 24 24 10 18 24 11 15 24 24 18 15
21 19 11 25 18 11 26 20 25 27 13 19 21 32 1 22 16 25 4 12
20 15 11 9 1 6 16 20 18 11 14 1 18 18 10 9 17 20 12 13
32 27 37 43 33 20 51 42 50 48 35 40 28 68 26 42 44 43 22 40
11 8 16 14 13 12 21 22 21 20 13 14 26 43 9 13 26 17 15 24
24 23 31 32 28 22 35 39 49 44 23 26 39 46 19 41 39 41 19 31
29 36 40 37 36 36 50 49 61 51 33 33 36 31 25 49 46 49 25 28
23 6 15 26 22 1 24 8 22 25 1 13 32 36 1 27 18 27 6 24
34 21 36 34 42 26 47 34 35 44 6 28 53 57 7 30 40 35 30 45
12 8 10 4 9 7 11 16 8 19 4 13 19 24 4 1 21 17 9 13
12 10 26 22 23 23 35 26 32 30 18 20 31 49 15 24 30 19 26 32
37 28 25 31 11 12 40 37 50 23 30 15 38 51 26 36 23 48 23 24
1 1 2 6 1 1 1 5 6 5 6 5 1 11 1 4 10 7 3 2
2 6 6 7 1 4 2 4 8 8 5 4 6 9 1 6 3 7 4 7
3 1 1 10 4 3 7 10 11 12 7 8 8 24 1 6 10 7 6 4
9 5 10 17 5 7 10 18 22 23 11 17 20 29 9 11 25 23 3 10
47 29 35 42 23 12 42 35 49 44 28 26 42 38 18 32 42 54 14 14
32 28 15 17 1 10 23 36 38 25 21 16 29 33 18 14 28 42 14 8
3 1 1 5 4 1 6 2 2 2 1 1 13 15 1 3 6 5 1 1
14 24 26 20 21 22 29 33 37 37 16 22 34 24 18 32 36 34 21 29
43 26 41 16 8 37 46 54 62 44 35 35 43 53 31 32 51 56 18 23
10 6 7 1 1 8 11 15 14 5 9 1 12 11 4 3 14 12 7 8
31 30 22 37 14 13 29 34 42 27 34 24 20 37 16 36 28 42 16 19
24 21 27 29 16 8 23 39 41 35 25 28 13 32 26 35 40 39 6 24
9 6 6 8 1 5 8 8 10 9 10 4 10 17 4 6 13 14 8 9
36 26 34 37 32 19 50 46 50 44 35 31 34 61 30 43 47 41 23 43
5 6 13 12 6 13 12 21 22 16 8 9 18 24 10 11 21 15 11 13
31 17 16 32 13 9 34 34 37 26 20 11 36 40 19 31 32 36 14 21
8 10 3 10 2 1 3 17 15 20 2 14 14 26 5 11 16 18 1 11
10 2 12 9 1 9 7 21 21 14 9 11 16 22 9 6 25 20 5 8
15 11 10 26 12 6 17 14 23 26 17 17 19 27 3 20 19 24 5 9
32 14 31 26 33 26 48 38 47 44 37 35 34 66 30 37 50 47 37 38
21 10 15 25 14 8 29 16 35 23 22 12 25 46 11 29 28 34 16 21
45 40 42 39 27 27 58 48 53 49 43 33 50 69 32 32 49 58 44 37
25 26 25 30 11 25 33 38 49 28 35 33 11 41 18 35 36 44 12 15
29 17 23 27 12 7 27 34 42 36 33 30 16 47 28 28 41 42 12 18
9 8 4 9 1 2 8 5 12 12 10 5 8 9 2 5 12 16 5 4
33 16 26 22 10 19 36 31 46 34 28 25 37 51 28 33 39 45 19 17
31 13 19 33 15 8 29 33 38 26 14 16 37 51 18 33 30 38 9 24
5 5 5 15 9 3 10 16 13 19 6 13 20 34 4 12 18 14 6 13
2 1 4 14 1 1 8 9 12 10 10 8 5 22 3 9 12 8 3 3
5 5 2 11 3 1 8 1 11 7 10 5 6 13 1 5 8 12 7 3
6 4 3 2 1 3 7 15 13 6 3 3 13 28 5 3 10 11 5 5
25 15 12 23 20 11 31 26 32 32 1 24 40 52 7 22 28 30 3 17
15 7 11 19 11 4 23 30 26 26 17 20 18 39 12 15 32 25 1 13
21 14 7 23 5 1 19 24 30 24 23 17 16 38 14 23 25 31 11 15
5 8 18 12 3 12 11 17 26 14 14 10 13 21 10 14 18 17 13 16
7 8 6 10 1 2 2 4 9 9 9 7 3 6 1 7 8 14 4 3
3 4 1 10 2 1 4 4 6 6 3 1 9 19 1 8 5 9 2 6
25 12 20 24 13 7 32 19 27 22 17 3 33 27 13 14 26 26 17 12
50 40 31 40 22 24 60 59 61 43 43 40 45 78 26 43 51 53 16 44
3 1 4 4 4 1 6 3 5 7 6 3 9 18 1 1 5 5 8 7
5 6 9 4 1 6 7 8 14 3 7 1 4 18 6 9 5 11 10 18
3 1 1 1 1 1 8 4 6 1 3 1 6 14 1 1 3 6 2 1
52 49 34 42 19 31 54 66 61 52 37 45 56 72 17 35 55 63 23 39
30 28 38 24 18 40 47 61 62 48 21 43 49 55 36 41 56 52 18 28
7 2 4 5 4 3 9 6 5 9 6 3 13 16 2 2 13 11 4 8
26 28 36 32 25 17 40 45 51 45 33 33 22 55 31 42 44 40 21 43
4 1 1 11 5 1 9 1 8 6 5 1 9 15 1 8 1 9 3 1
34 20 28 10 8 20 31 36 39 37 23 29 33 46 23 25 36 43 17 23
35 15 39 36 37 31 57 47 58 47 38 40 35 79 31 47 53 51 30 44
31 26 23 35 13 18 27 42 44 36 30 29 20 32 16 35 38 44 3 16
3 6 7 14 1 4 2 13 18 15 12 12 7 20 5 10 15 17 7 7
3 4 1 14 3 1 7 12 11 12 4 6 11 25 1 11 12 13 1 5
11 12 21 21 13 14 17 28 32 33 17 23 28 35 14 20 31 26 14 20
23 19 20 35 22 18 35 32 43 36 19 28 37 53 7 31 31 34 11 23
20 18 15 12 1 17 25 29 33 5 15 9 23 42 13 17 20 27 16 26
6 9 8 10 1 4 3 9 10 11 7 8 8 10 4 8 7 15 1 5
52 40 27 37 23 23 58 48 47 46 25 31 58 67 18 21 47 49 28 25
1 1 1 5 1 1 1 1 3 10 1 4 3 9 1 2 6 6 1 3
6 1 4 6 5 1 9 9 9 1 8 1 12 19 5 4 11 10 8 5
35 27 22 36 11 11 41 48 48 22 25 19 36 64 24 37 29 41 15 29
11 4 11 7 3 9 10 15 17 23 2 17 21 26 14 9 21 20 1 4
6 5 6 12 4 5 8 6 11 7 7 5 9 13 1 8 10 11 5 8
5 4 1 12 1 3 7 10 13 14 7 8 6 19 1 8 11 13 3 4
36 12 28 31 27 20 47 33 50 43 14 36 51 73 14 29 46 45 18 30
17 13 3 11 1 1 18 18 18 6 7 1 18 26 6 11 9 20 6 12
26 20 14 31 13 4 30 26 29 15 13 6 30 41 16 32 11 26 14 22
29 26 36 21 20 24 49 40 44 25 32 14 44 52 32 32 39 37 40 46
17 15 10 15 4 3 14 21 18 15 10 9 17 29 7 16 13 21 11 23
13 5 8 2 1 5 4 17 16 11 2 6 14 18 7 7 15 21 1 8
17 10 1 19 8 3 20 19 23 9 9 4 21 35 4 18 14 22 6 9
13 4 13 24 10 8 22 19 29 25 20 17 22 46 19 21 27 25 14 11
11 14 19 12 13 16 20 22 26 25 14 14 16 18 3 16 21 19 10 17
22 18 8 6 8 4 19 20 14 19 12 8 21 23 8 7 21 20 15 16
15 8 37 22 30 27 42 27 44 30 18 18 39 50 27 37 40 31 29 38
37 41 39 29 24 37 47 54 59 39 31 32 38 51 25 39 45 49 27 41
11 20 24 9 20 22 23 36 31 29 7 18 35 32 22 25 34 23 23 36
17 22 23 12 11 28 34 35 41 19 15 15 34 47 21 24 29 32 23 38
9 9 14 19 8 12 16 22 26 20 13 13 19 19 12 21 27 23 8 15
13 1 5 13 11 1 17 5 13 10 7 1 20 24 1 10 12 16 5 6
24 18 25 22 20 20 35 37 29 36 19 23 38 43 12 11 44 28 28 28
48 37 39 46 34 24 49 57 51 63 38 54 35 58 26 36 61 59 16 21
8 7 5 5 1 1 12 6 16 14 16 3 11 18 5 2 13 16 12 7
33 23 25 29 9 7 32 43 43 25 30 16 23 37 28 34 34 39 18 28
47 38 44 40 23 34 58 63 64 55 39 46 52 77 30 32 63 63 35 37
9 14 12 11 2 8 10 20 23 14 10 8 14 26 5 14 10 16 8 20
46 37 32 33 17 33 55 58 59 41 38 43 52 83 29 39 54 56 25 45
13 15 6 15 4 1 9 16 17 17 5 11 20 26 9 16 9 22 4 12
15 1 17 11 6 14 18 21 23 18 6 14 28 35 14 14 26 18 6 8
46 32 37 36 21 26 46 57 55 61 35 48 43 63 28 27 59 58 28 21
23 14 17 15 6 14 28 39 36 17 10 9 36 37 19 20 30 30 12 19
30 26 20 26 12 8 27 37 35 41 24 25 36 44 19 17 40 39 17 16
53 40 42 42 16 36 58 59 71 50 41 39 59 64 25 35 56 63 20 24
12 7 20 14 5 17 21 29 34 19 18 17 23 50 19 21 28 26 15 22
31 30 24 26 11 25 31 40 48 38 32 37 28 48 9 25 39 44 10 23
10 12 15 23 6 10 11 17 25 24 19 18 6 19 1 18 16 21 4 8
53 44 51 43 22 32 55 58 67 48 46 32 50 52 42 46 50 64 30 32
38 32 46 30 39 38 53 51 56 58 19 38 54 39 30 49 55 55 18 31
29 20 17 31 12 6 33 29 40 18 24 10 34 51 21 32 23 38 22 25
5 8 6 11 9 4 10 7 6 15 4 9 14 18 1 9 7 10 4 12
31 22 21 31 15 6 36 44 39 28 26 22 30 50 24 33 36 37 11 30
6 10 18 10 7 11 14 21 24 21 12 12 21 29 11 14 19 15 14 23
11 1 13 3 1 11 12 23 20 13 2 7 19 23 10 7 23 16 2 10
7 1 4 12 10 2 13 10 10 14 2 6 20 28 4 6 14 12 1 7
8 8 5 7 1 4 6 16 13 9 2 4 13 21 5 8 8 16 1 10
7 3 8 5 1 8 7 16 17 6 8 6 12 21 6 3 17 13 7 8
6 11 36 6 18 31 31 37 42 24 17 21 29 37 32 29 41 31 31 36
21 12 5 28 9 2 22 21 30 25 21 15 18 33 6 25 21 29 7 5
10 14 6 12 5 1 13 12 13 12 6 6 17 27 4 13 4 15 10 20
34 12 43 20 17 35 46 47 59 45 40 40 37 62 36 43 53 54 25 30
5 1 4 13 1 1 9 10 15 12 14 11 5 23 7 10 15 11 8 4
11 14 20 3 12 16 26 22 24 24 13 7 25 21 11 10 25 18 23 27
32 20 30 30 34 17 46 31 41 38 6 18 52 45 15 39 39 37 22 43
18 18 8 18 1 10 16 29 31 17 15 13 20 29 8 18 22 31 4 14
30 16 19 10 1 20 30 43 45 21 13 18 36 47 20 18 34 39 11 18
35 21 39 38 25 29 40 34 51 42 29 34 32 45 25 42 40 47 13 16
27 24 20 29 6 7 27 25 30 28 27 12 31 32 17 13 27 33 20 6
20 13 19 10 3 8 25 22 29 17 26 7 23 38 22 11 30 29 24 17
1 1 3 1 3 3 5 6 5 7 3 3 6 15 1 3 3 4 5 6
48 35 40 35 18 33 52 52 62 47 38 35 43 53 30 33 49 57 17 12
5 4 1 4 1 1 4 5 2 3 1 1 7 13 1 6 2 7 1 5
20 9 10 10 3 8 15 20 22 19 7 14 23 27 13 14 24 28 3 6
26 2 18 26 13 10 27 22 36 33 13 23 33 46 15 27 34 37 4 8
44 33 41 31 27 35 45 53 53 51 31 39 45 38 31 42 52 53 15 25
1 1 3 3 1 2 1 6 3 6 1 1 6 11 3 1 8 8 1 3
26 10 31 19 13 26 39 40 54 36 38 33 25 54 36 30 49 50 30 21
14 15 25 17 9 19 19 18 30 20 24 14 8 19 8 19 20 24 14 16
7 9 18 11 3 11 11 14 25 13 19 15 6 25 13 18 19 24 15 17
15 14 7 13 1 1 13 11 17 15 16 7 12 10 8 7 16 22 11 1
29 12 15 25 8 6 27 36 35 28 20 19 28 42 21 23 36 37 8 8
31 24 29 33 21 24 47 46 59 37 39 38 28 69 24 42 45 52 16 34
6 6 1 11 4 1 7 1 8 12 6 6 8 13 1 5 8 12 4 4
11 7 13 25 17 11 23 23 30 30 14 16 30 39 12 26 27 23 12 20
12 7 5 6 1 1 8 13 17 4 8 3 10 23 9 9 13 15 9 13
17 12 14 15 9 11 22 28 25 28 18 17 22 30 10 11 30 22 15 18
40 31 31 25 5 27 42 52 59 35 30 30 46 55 22 26 45 52 17 22
45 18 39 26 25 30 45 45 50 51 22 38 56 59 27 43 48 50 7 23
26 15 28 16 22 28 44 45 47 28 27 29 36 69 24 31 43 39 27 40
45 15 38 30 20 29 45 55 53 47 30 40 48 67 41 49 53 51 6 19
46 36 35 47 17 25 57 55 72 37 45 29 44 68 31 52 44 64 28 34
18 10 11 19 3 8 17 27 31 29 18 20 21 34 15 14 30 32 7 6
25 19 20 19 10 14 31 42 44 31 25 26 23 52 18 23 39 37 13 27
5 1 1 14 5 1 8 9 10 11 10 9 10 23 4 10 15 11 6 1
46 37 28 33 17 15 56 48 53 30 33 14 57 71 32 31 36 50 35 36
4 4 1 6 1 1 4 1 8 5 8 3 3 7 1 3 4 11 5 1
14 14 9 26 8 2 19 25 28 24 19 22 8 35 13 21 23 26 1 5
1 3 7 11 1 6 3 11 13 14 6 8 9 17 2 8 14 10 4 8
38 22 25 41 22 14 40 46 50 38 18 28 41 65 26 40 37 47 7 26
1 1 1 2 1 1 1 1 3 2 2 1 1 9 1 2 3 2 2 2
6 11 17 11 8 14 10 15 18 17 8 8 13 10 9 14 14 15 12 15
10 14 5 19 5 1 12 12 15 12 6 6 18 29 6 18 7 16 8 15
18 4 17 21 19 10 28 29 26 32 11 21 31 41 14 21 36 23 7 17
24 22 26 17 6 13 26 38 40 30 22 10 34 33 24 15 39 35 26 20
27 6 22 27 17 11 32 30 40 33 11 23 41 59 18 32 33 32 8 27
10 11 8 13 1 7 12 13 23 11 14 11 7 21 1 8 10 19 7 6
39 39 19 23 5 18 40 46 46 37 30 26 46 55 17 15 42 48 20 23
2 4 4 10 1 1 2 3 6 9 3 4 7 11 1 5 6 10 1 3
13 3 10 13 1 7 12 19 24 21 12 16 19 30 11 12 26 26 5 4
17 14 20 20 10 16 28 17 31 12 19 9 22 38 16 26 20 26 20 29
23 18 24 37 23 14 32 34 39 40 28 31 19 38 12 34 33 32 7 15
29 29 17 20 1 14 28 32 40 25 25 15 26 38 12 14 25 36 19 18
24 26 29 14 7 29 37 43 55 23 22 20 33 47 23 29 37 45 22 35
41 29 32 23 1 22 38 56 58 38 22 24 46 47 32 27 45 53 16 17
9 10 1 17 3 1 6 7 11 10 5 7 7 14 1 16 5 15 1 3
38 25 28 37 11 12 38 45 43 47 35 31 40 53 34 20 51 48 21 12
7 9 8 8 1 6 3 9 14 7 8 5 6 12 1 9 8 13 7 14
42 37 44 41 14 25 53 58 70 46 41 25 55 67 41 40 50 59 38 35
34 32 36 29 10 18 37 47 56 43 32 21 45 48 34 28 45 49 32 32
11 8 5 25 6 1 13 13 19 19 17 17 11 24 7 20 19 22 5 3
13 10 11 6 1 13 14 26 23 15 1 11 26 32 9 10 14 22 1 12
39 39 49 34 29 38 55 58 69 45 45 34 40 49 40 49 53 60 34 44
27 23 20 19 13 14 18 36 30 37 17 29 28 37 11 18 35 36 12 23
10 10 9 9 10 7 13 14 11 19 6 13 21 23 5 7 18 16 5 15
7 5 5 8 2 4 11 9 14 5 7 1 12 12 1 8 11 12 6 10
12 14 12 16 7 7 9 15 15 18 10 13 14 18 7 15 13 21 4 9
29 25 20 32 26 16 33 27 30 40 25 28 28 35 4 26 33 33 14 15
41 30 37 28 25 31 44 50 49 46 23 34 48 43 27 41 45 49 15 28
4 1 6 11 7 5 8 7 6 10 4 6 12 20 1 7 9 7 4 8
26 11 27 16 17 27 39 43 49 31 38 30 17 57 27 33 43 41 29 38
24 13 27 6 15 30 39 42 37 28 5 24 47 57 19 19 36 25 15 27
29 22 12 23 15 5 31 33 27 25 17 16 39 49 14 21 30 31 21 24
30 20 32 27 21 23 37 49 46 48 19 36 42 56 30 39 49 43 15 28
39 30 27 39 22 28 51 46 57 41 26 33 53 72 13 41 43 48 13 44
18 14 10 11 1 3 22 21 20 14 16 2 22 23 12 1 20 22 13 1
48 32 33 38 15 19 46 48 59 43 30 26 48 56 25 32 42 56 19 14
33 29 26 32 13 24 46 41 57 37 40 29 37 60 19 31 43 52 22 23
23 5 25 23 18 16 38 31 46 35 22 18 39 54 22 30 43 37 19 29
8 7 1 8 2 1 7 11 10 12 2 6 13 22 2 8 14 15 1 10
25 14 18 17 14 14 28 33 27 32 5 25 39 55 16 22 30 28 12 20
8 4 3 7 1 1 7 8 13 10 11 4 6 17 1 3 14 12 9 4
3 4 1 12 3 1 5 5 7 8 5 6 9 15 2 7 11 11 4 2
55 33 36 43 10 16 55 59 62 46 35 25 62 75 43 39 48 62 29 20
19 23 23 28 14 20 22 38 38 27 18 21 20 26 12 32 29 32 8 19
16 1 7 16 12 1 17 7 16 10 1 3 18 26 1 17 12 15 1 12
51 52 42 36 21 30 60 68 68 46 36 27 66 63 34 39 49 63 34 42
16 8 11 22 15 12 29 20 32 22 14 13 29 49 6 18 23 26 10 17
24 22 32 30 24 30 46 36 56 37 34 23 32 45 19 38 36 43 26 27
24 29 14 24 12 9 32 31 26 19 11 12 35 46 14 24 14 27 18 27
2 1 1 4 1 1 1 3 7 3 2 1 1 5 1 1 6 8 1 1
36 35 40 37 16 26 47 53 63 47 51 35 34 59 31 35 54 57 34 32
36 36 30 33 20 16 39 37 35 31 24 24 41 54 17 26 29 43 31 40
15 17 35 18 25 32 46 37 49 31 28 24 33 34 34 39 47 39 37 37
17 5 19 16 5 8 23 31 36 25 21 24 13 46 25 20 33 27 7 8
27 14 26 22 6 20 20 34 38 37 21 31 27 35 19 27 37 40 5 11
27 8 25 12 8 22 27 33 30 22 11 20 39 43 24 27 29 29 6 15
32 11 29 20 1 17 36 43 52 40 34 27 30 53 34 23 47 48 16 6
40 24 26 17 4 27 36 45 50 39 26 35 34 40 20 24 44 51 5 2
3 3 9 5 2 8 6 8 12 6 6 2 10 9 3 5 12 9 8 10
5 4 3 12 2 1 5 8 13 10 7 8 12 20 4 8 14 15 4 4
22 12 22 14 11 16 23 24 27 33 15 27 32 41 18 17 30 30 12 14
12 1 15 20 11 11 23 20 26 19 18 12 20 33 12 20 26 15 13 15
1 1 1 3 5 1 6 2 1 7 1 3 9 19 1 1 5 1 3 5
23 19 19 17 8 21 20 34 36 31 14 30 22 35 8 16 30 35 1 7
17 4 16 14 1 11 18 31 34 28 15 19 22 25 19 17 36 31 5 7
20 11 25 24 12 18 39 32 43 27 35 20 26 50 24 24 39 32 24 23
18 10 16 19 3 12 21 32 39 22 22 18 22 41 16 20 31 32 12 18
13 5 6 14 9 5 14 9 11 11 6 4 15 21 1 13 10 13 3 11
37 30 24 26 18 12 38 37 32 39 19 22 47 52 18 14 37 41 26 24
1 5 1 8 1 4 9 7 10 5 1 3 10 21 1 2 5 8 2 1
28 20 9 34 14 6 28 27 37 28 18 16 24 40 5 33 22 37 4 11
8 7 1 9 4 1 8 8 10 12 8 6 14 19 4 8 12 17 4 6
7 6 8 9 9 5 10 16 8 19 1 13 21 29 5 6 19 10 3 13
39 33 23 34 16 15 39 48 48 41 26 28 44 57 20 30 38 48 18 21
19 15 7 17 1 15 23 26 28 19 17 20 20 37 1 12 27 28 1 10
3 1 2 1 1 1 4 2 5 8 4 2 6 10 1 1 5 8 2 6
43 29 28 38 22 22 37 44 49 45 26 34 36 45 22 42 40 52 6 15
9 8 17 19 7 11 14 18 26 20 14 17 22 33 13 14 21 21 11 12
48 33 36 19 18 35 43 56 48 48 22 45 50 64 28 33 44 55 17 24
5 2 5 11 7 4 12 13 12 10 2 6 18 30 6 7 13 8 4 3
5 3 5 8 1 2 8 6 17 15 15 7 5 19 2 5 15 15 9 9
3 1 1 6 1 1 4 4 8 11 3 5 4 15 1 2 9 9 1 3
34 22 30 39 32 12 47 37 48 51 31 31 36 52 21 37 47 41 18 30
29 24 24 33 15 11 34 30 38 36 29 17 40 41 18 18 34 36 22 15
7 16 23 14 16 24 34 35 40 23 14 15 33 50 20 28 31 28 23 36
1 1 1 3 1 1 1 1 2 3 1 1 6 13 1 1 6 5 1 1
2 4 3 7 1 2 1 6 7 11 2 5 7 12 1 5 9 10 1 7
34 30 27 35 28 24 43 45 39 46 21 30 46 51 13 29 47 40 29 36
7 8 14 5 7 16 17 25 27 13 8 3 21 19 11 9 25 19 14 15
1 2 1 6 1 1 5 7 9 10 1 5 6 18 1 1 4 6 1 1
14 7 19 4 4 16 14 27 22 14 1 9 26 22 18 16 23 19 7 18
10 11 2 15 9 1 11 7 9 16 3 9 15 22 1 14 6 13 1 11
3 1 2 1 1 1 1 5 3 5 1 2 9 14 4 1 10 7 1 1
31 29 31 42 29 17 40 43 52 42 26 28 33 45 28 52 38 46 18 33
7 5 1 7 1 1 5 6 9 6 8 4 7 9 4 4 13 15 5 1
11 7 5 7 1 5 13 16 19 11 7 7 18 20 7 3 15 22 3 1
1 2 13 5 1 9 9 9 16 7 10 4 11 24 10 6 14 12 12 14
38 33 38 29 11 20 36 43 44 37 27 28 39 58 27 31 37 49 32 43
14 13 16 14 9 8 13 20 25 26 17 20 16 30 11 11 21 24 11 12
26 30 28 30 24 24 35 48 41 39 13 28 42 48 16 34 36 37 16 32
1 1 4 1 1 3 1 5 3 3 1 1 6 11 1 1 6 1 2 8
39 47 42 34 18 38 47 69 69 46 28 39 51 55 35 49 49 61 26 42
21 12 16 30 15 9 27 20 35 31 25 19 23 39 6 28 25 30 10 19
8 11 8 13 1 7 6 20 19 13 4 8 15 22 8 15 16 17 5 16
21 12 10 13 2 6 17 25 26 17 10 11 25 30 14 14 24 29 7 9
15 3 6 20 15 1 19 3 14 14 5 5 20 24 1 15 15 17 4 7
28 17 30 22 17 21 38 32 44 31 22 26 38 59 26 34 34 42 22 34
41 29 42 31 19 25 47 54 50 50 36 35 45 64 32 21 62 51 39 37
34 28 26 39 19 14 31 39 44 39 40 35 11 32 18 36 40 44 9 12
21 16 15 17 13 11 25 32 30 30 11 18 34 40 7 17 29 27 10 18
7 2 1 6 1 1 6 8 9 7 8 5 8 13 2 4 16 12 4 1
20 17 9 9 1 9 20 25 31 18 18 12 23 30 13 7 23 30 14 7
44 36 23 35 5 19 43 53 56 41 29 31 48 60 30 25 47 58 18 14
36 29 36 21 12 26 43 49 53 34 26 24 42 53 25 31 38 46 23 34
45 43 41 43 10 26 53 48 60 33 45 16 45 55 34 47 32 53 39 44
19 14 15 23 10 2 26 25 35 30 30 23 8 44 16 25 31 32 10 21
26 9 21 23 8 16 32 38 43 30 17 23 30 61 24 30 31 37 8 15
13 13 6 19 1 3 10 18 24 15 13 10 8 26 1 18 10 22 4 11
30 13 18 31 23 4 33 11 30 29 14 15 34 30 7 27 27 34 13 18
6 8 11 4 1 13 10 21 22 11 1 9 19 19 7 5 15 17 3 7
23 17 18 11 9 15 27 29 32 28 16 23 29 41 10 12 26 30 11 14
38 33 29 32 4 11 34 46 51 32 30 17 41 51 28 24 33 48 25 22
40 38 31 38 21 16 44 43 42 42 30 25 49 58 22 24 41 44 34 34
49 38 27 54 26 17 50 52 62 46 30 39 41 65 22 53 41 61 6 23
11 10 9 12 7 12 25 18 28 15 14 14 23 44 10 12 23 24 12 16
2 2 1 11 3 1 4 8 9 15 5 9 7 20 2 6 11 10 3 4
11 5 3 13 4 1 13 15 16 14 12 8 18 21 8 7 23 20 7 1
46 34 26 49 23 8 48 45 59 39 39 29 30 59 26 48 33 55 16 28
20 11 18 22 10 14 21 26 32 24 11 18 25 33 8 21 23 28 2 6
24 27 23 21 15 13 34 37 37 32 16 11 44 38 22 23 35 35 24 29
29 35 44 26 34 38 50 43 47 41 31 31 40 45 22 40 47 45 36 47
29 21 14 38 8 1 33 30 41 21 25 9 30 51 18 37 20 38 18 23
7 3 1 9 3 1 7 9 7 3 2 2 13 22 2 10 11 11 1 4
18 8 16 20 18 14 29 18 28 19 3 6 28 30 5 22 19 22 7 19
32 16 25 17 5 12 32 37 39 37 26 22 38 50 29 14 42 38 22 13
17 8 24 2 11 21 19 31 21 28 1 19 32 35 15 12 32 20 14 24
21 18 13 14 7 11 26 31 32 20 20 12 25 43 12 17 24 27 19 27
5 5 4 1 1 9 7 14 10 1 1 3 11 14 2 1 8 10 1 4
33 32 32 42 34 34 47 51 46 50 23 41 42 52 14 36 46 42 15 25
34 23 26 29 32 24 40 36 29 39 3 29 49 61 9 18 36 36 19 30
38 20 24 46 27 1 42 29 45 47 33 28 29 53 22 36 43 46 10 18
20 6 19 29 16 9 25 29 34 30 16 21 26 41 20 27 33 30 6 12
33 29 23 25 20 19 46 30 37 34 25 20 39 53 12 19 30 39 28 25
6 5 14 17 11 13 24 20 30 20 15 11 25 40 10 16 24 19 13 19
26 23 19 20 1 11 26 37 36 12 19 2 29 34 18 23 22 32 20 27
38 35 44 38 24 35 60 59 73 47 49 30 37 60 39 51 52 62 40 39
11 11 22 3 9 17 16 29 28 17 8 6 24 27 19 16 23 21 18 26
3 2 1 1 1 5 4 13 9 3 1 2 9 18 1 1 9 9 1 3
31 27 34 38 29 24 43 35 51 44 32 21 34 32 17 38 41 42 21 20
23 32 42 29 41 36 50 43 47 49 17 31 45 43 19 37 43 39 30 37
4 3 7 1 1 4 4 4 6 3 7 1 4 11 3 4 5 5 9 10
1 5 1 17 4 2 9 11 14 12 6 9 10 22 1 12 11 12 1 2
25 20 21 32 19 11 33 44 43 37 22 28 29 51 25 35 40 38 9 29
7 4 2 10 5 2 12 11 11 5 5 3 14 19 4 7 13 14 3 4
40 27 34 46 21 15 50 54 57 37 24 19 48 66 34 51 39 49 19 37
2 3 1 1 1 1 1 6 4 3 1 1 2 7 1 3 4 10 1 1
1 3 10 4 4 7 10 1 12 10 12 5 7 21 8 6 10 10 14 14
19 17 30 12 22 36 47 34 40 24 24 26 36 56 17 24 32 27 26 39
30 19 35 25 24 28 38 45 51 46 41 44 20 63 30 38 50 50 33 39
29 20 24 28 8 8 30 38 42 21 29 16 22 39 24 32 31 36 18 29
14 8 4 19 9 3 19 10 20 16 10 6 17 22 2 13 13 19 5 3
38 35 42 34 30 31 60 58 58 42 34 27 59 69 39 46 54 51 46 55
37 19 19 35 17 13 43 39 49 30 22 18 37 49 16 33 36 43 12 20
9 9 14 21 3 10 13 28 30 27 14 20 16 29 10 18 24 24 2 9
9 1 12 23 14 6 23 11 26 23 13 11 19 42 6 20 16 19 10 17
21 20 27 17 17 20 27 28 36 31 28 29 23 44 21 27 32 38 22 27
30 23 20 16 14 26 32 45 30 36 7 36 40 57 11 13 41 37 11 25
27 16 6 33 12 1 25 23 34 27 24 18 19 37 11 32 21 35 8 9
33 26 24 46 27 7 36 38 46 44 29 32 27 55 17 45 35 42 6 26
29 26 27 20 9 14 32 40 38 22 18 5 41 32 29 26 30 38 23 32
39 20 24 39 23 1 39 25 42 38 21 19 44 49 17 29 40 45 23 19
4 6 7 3 5 8 8 18 12 13 3 9 11 26 1 5 13 4 7 17
20 10 12 27 9 7 20 24 30 28 20 21 24 34 15 21 30 32 7 7
18 22 31 18 15 26 22 43 45 41 14 28 36 38 28 35 39 39 20 30
32 20 43 36 28 24 46 35 59 36 21 26 43 53 26 50 41 50 26 41
34 24 42 16 20 41 54 52 56 45 23 35 55 64 31 34 54 49 28 35
10 12 5 12 1 1 8 14 14 6 2 1 10 21 6 13 4 13 5 13
37 34 49 37 37 41 55 60 61 61 25 46 57 71 33 47 60 57 38 49
28 23 22 18 20 28 40 45 43 31 6 22 52 55 22 28 32 35 15 31
9 8 7 15 5 3 8 17 17 26 11 20 14 26 6 11 23 21 3 9
1 1 1 10 6 1 7 6 7 13 5 9 10 19 1 6 11 7 5 6
11 11 5 12 4 1 8 9 12 14 9 8 11 20 1 12 9 17 2 11
1 1 4 4 1 3 5 9 6 4 3 3 10 15 5 1 9 8 5 4
44 39 35 42 16 29 55 45 63 46 46 32 46 63 20 32 46 56 27 25
30 35 40 22 21 28 44 52 52 52 23 29 55 43 38 26 56 49 36 32
17 12 4 18 9 7 20 19 20 11 6 6 21 33 5 17 14 21 3 11
5 8 3 6 1 1 3 8 10 6 6 4 3 12 1 8 3 10 7 8
3 3 1 7 1 1 3 9 6 8 1 4 10 22 1 8 9 8 1 9
1 1 1 5 1 1 3 9 7 8 1 4 8 18 4 2 11 7 3 1
43 30 38 35 32 27 48 46 54 48 23 30 53 53 23 44 45 50 21 36
8 4 10 8 1 8 6 13 14 12 6 7 12 15 7 4 19 15 1 9
10 8 9 7 6 10 16 19 19 16 10 8 17 23 4 6 19 14 10 16
23 21 14 17 13 20 32 29 36 19 15 11 32 33 9 21 24 29 15 20
14 10 13 9 10 10 13 18 14 26 4 20 23 29 9 5 26 20 7 13
26 19 23 34 14 12 27 37 43 32 31 30 19 44 18 31 34 40 9 13
20 13 28 13 10 23 30 33 42 26 23 15 32 41 26 24 40 35 25 29
5 2 1 6 1 1 4 4 4 5 3 1 6 14 1 3 10 9 2 3
38 31 29 27 12 29 42 46 50 35 26 28 46 43 17 24 42 47 11 19
51 52 31 46 36 36 54 61 53 52 30 49 47 59 15 37 54 61 22 30
24 23 25 23 19 17 38 42 37 39 22 16 38 43 19 21 41 32 28 28
18 10 19 13 11 18 30 33 35 27 23 20 23 41 14 15 34 23 19 23
11 1 7 19 7 2 17 18 18 19 13 12 16 30 6 13 24 19 1 6
40 34 37 26 20 31 46 50 59 40 37 38 33 58 30 39 45 57 26 32
30 21 9 27 16 10 36 42 36 30 12 27 38 63 16 27 32 35 8 19
10 8 4 11 6 3 9 8 7 9 3 4 13 21 4 11 6 12 4 13
29 16 18 32 21 16 39 33 49 35 16 20 39 51 10 37 34 40 12 27
18 16 17 27 17 13 24 29 33 31 22 22 26 34 5 25 31 28 9 16
15 7 16 18 13 14 27 35 32 29 14 21 29 45 15 16 35 25 10 16
31 31 22 26 18 19 38 42 39 31 19 20 42 46 14 27 31 35 21 30
17 17 5 16 11 4 19 15 16 18 9 12 21 30 5 15 14 20 11 18
5 4 12 12 11 11 15 11 13 8 5 1 18 16 6 13 11 5 11 15
31 19 13 20 21 16 37 31 35 27 13 19 39 51 3 21 30 29 13 26
33 37 33 31 25 22 47 41 50 39 24 15 49 33 31 37 37 47 34 31
32 9 28 15 5 25 28 43 45 42 25 34 36 46 29 33 46 45 6 14
10 7 8 11 6 5 11 10 13 6 11 6 10 22 4 12 11 12 10 14
50 35 38 56 34 18 54 44 57 63 45 41 39 49 22 41 52 56 20 17
33 34 27 28 26 30 43 36 38 35 28 34 32 47 7 22 34 37 17 24
34 29 14 32 6 13 36 43 48 23 21 17 39 46 14 30 29 45 11 20
10 10 8 16 4 1 11 17 25 23 17 17 16 37 8 17 21 25 9 14
24 23 18 20 9 12 19 24 32 23 26 16 13 26 10 23 23 34 11 16
7 5 9 8 1 4 5 12 18 14 9 10 11 24 9 4 15 17 8 6
31 22 17 27 17 4 31 37 37 34 31 27 15 46 22 29 37 37 8 21
13 6 11 8 2 7 16 13 23 15 16 9 18 27 14 7 22 24 13 8
20 14 16 7 6 12 20 27 28 27 11 21 26 42 13 14 22 27 11 16
20 1 26 13 8 21 28 25 33 24 16 18 33 48 22 21 32 27 12 15
42 37 38 45 20 23 48 55 48 56 39 39 49 59 30 25 58 51 34 25
46 34 30 37 21 17 40 41 49 47 35 28 39 43 25 33 41 53 17 9
35 17 28 24 10 17 37 47 47 40 28 26 45 60 30 26 46 44 19 21
37 25 22 32 28 9 45 44 39 40 29 30 30 64 18 30 42 39 15 29
38 14 32 23 17 34 50 54 57 43 22 30 55 54 34 37 53 50 14 16
8 6 3 7 1 1 4 8 12 8 9 6 9 14 6 6 14 16 7 5
11 6 3 3 1 1 8 7 7 7 8 1 7 7 3 1 10 13 6 2
46 28 33 43 13 12 47 48 61 44 40 30 42 67 36 47 42 60 22 26
2 1 6 14 5 5 9 10 11 8 7 7 11 20 2 10 12 7 4 6
20 16 4 13 7 12 26 22 27 17 12 11 29 36 3 12 19 28 5 10
11 7 3 10 5 1 17 10 10 15 10 1 21 20 6 1 16 16 8 2
1 2 1 8 1 2 7 8 9 4 1 3 6 16 1 3 4 8 1 1
12 12 9 16 5 4 13 16 13 9 4 4 20 27 8 16 8 13 7 19
38 16 46 36 39 32 52 35 56 52 37 44 38 66 32 49 50 56 29 38
21 16 16 9 1 17 22 27 36 21 18 19 26 38 11 8 22 33 10 14
22 6 11 18 13 4 25 18 25 13 4 3 30 29 4 21 22 22 4 18
35 35 42 38 34 36 44 51 50 55 32 43 41 52 13 34 53 46 38 45
1 1 3 2 1 1 5 4 10 2 7 1 3 15 2 1 4 8 7 4
38 20 35 27 1 22 34 49 59 35 34 31 33 53 34 41 43 54 18 26
31 26 29 32 7 17 38 47 51 27 32 13 35 50 30 37 34 41 30 38
9 8 1 5 1 4 10 12 11 2 2 2 10 17 1 4 9 15 1 3
18 27 27 19 22 23 28 41 34 39 11 26 37 38 14 26 39 35 23 35
10 6 7 9 2 5 10 16 17 12 9 6 17 19 7 3 20 18 7 6
14 3 17 5 3 14 13 21 16 16 2 13 24 27 15 12 21 18 2 9
31 13 28 8 1 27 34 48 47 31 18 21 41 41 27 20 45 41 13 11
9 7 10 7 2 14 19 13 22 3 11 5 13 26 4 4 13 16 10 13
27 25 21 40 17 13 28 32 38 34 30 28 15 38 14 39 27 35 8 15
30 22 31 21 10 31 45 42 58 32 28 26 43 51 22 28 44 46 20 25
34 23 37 26 23 43 51 48 58 44 46 47 28 70 27 38 55 53 32 47
37 24 39 34 36 21 54 51 59 53 32 32 49 62 37 45 59 50 27 41
7 8 3 15 1 1 4 17 18 17 9 14 9 22 7 14 17 20 2 4
18 22 28 28 16 20 31 40 46 35 26 23 22 43 23 34 33 32 19 27
36 22 35 45 29 20 49 29 58 42 41 32 25 46 17 44 44 52 20 19
38 30 36 33 10 29 44 52 63 42 39 33 36 50 26 27 51 55 19 13
35 25 27 44 27 16 44 42 51 42 28 33 31 58 23 41 42 46 6 25
15 17 21 19 6 15 17 23 32 20 21 15 15 33 10 22 22 28 12 21
25 6 34 23 32 20 48 24 44 30 17 18 42 55 16 37 38 35 28 44
