1000 20 13 1320
6 2 7 3 1 6 4 5 3 5 1 2 1
9 15 4 7 16 8 4 14 2 7 10 14 2
2 3 2 3 3 8 6 4 9 8 4 5 14
4 9 2 15 5 11 2 12 14 7 11 7 12
3 13 4 3 17 1 2 3 6 4 2 6 6
2 3 4 9 4 3 2 0 2 4 3 4 2
2 7 9 12 6 1 5 3 2 11 0 6 6
4 13 5 2 6 12 1 4 2 1 10 7 2
19 5 8 1 7 4 6 14 4 12 11 8 14
7 3 9 4 11 21 10 1 17 12 8 3 9
7 3 7 0 6 1 6 5 10 2 3 0 10
3 3 1 3 2 3 1 5 8 10 9 0 2
3 1 0 6 4 5 1 1 3 0 6 9 8
18 5 0 16 11 0 3 4 0 14 1 5 6
7 9 11 10 1 6 6 8 11 3 17 2 0
2 1 6 0 5 2 4 5 2 6 4 3 2
11 19 6 4 9 1 15 6 2 1 3 4 5
7 3 6 0 3 4 3 2 6 0 1 1 2
8 10 2 1 5 1 11 1 5 2 11 3 3
10 3 4 7 8 1 11 12 7 6 13 19 16
9 1 11 11 2 19 13 4 6 13 9 7 11
6 2 2 0 6 7 4 15 7 5 13 1 4
6 1 1 2 8 1 4 2 9 12 5 1 2
1 9 11 15 1 8 11 5 2 1 5 8 3
1 10 13 6 6 1 11 12 2 11 14 11 6
7 2 16 11 9 5 23 4 1 3 7 8 3
5 11 10 5 7 15 6 2 3 6 18 1 6
2 4 2 6 3 2 11 4 2 0 11 3 1
20 1 14 13 2 12 3 11 11 13 3 4 14
5 11 7 3 6 4 3 3 1 1 10 5 5
3 0 2 7 1 0 2 1 6 3 4 3 2
1 1 0 2 0 3 1 7 5 3 3 6 1
3 2 19 2 3 10 2 6 5 7 11 2 10
5 9 7 8 5 2 7 3 3 6 2 4 12
4 3 4 10 3 6 10 0 19 4 2 8 9
11 18 1 14 12 0 4 1 11 15 9 5 8
1 5 7 6 6 2 6 2 15 8 5 6 2
7 14 13 11 11 0 1 6 6 7 3 7 1
8 4 3 19 5 5 13 1 2 9 3 8 3
6 0 12 5 12 2 4 9 4 13 20 3 1
5 1 6 1 0 1 5 0 0 6 1 2 3
5 10 1 0 25 10 4 13 11 4 2 18 8
1 1 1 0 10 4 1 3 2 5 1 0 9
7 1 1 4 7 1 3 5 3 1 5 4 10
13 8 8 1 1 3 15 15 18 7 3 1 5
11 5 12 5 2 13 15 5 3 7 4 2 2
1 4 3 5 9 5 12 4 0 6 9 3 2
6 5 4 11 11 4 15 5 2 4 9 7 22
4 2 3 3 1 4 1 0 0 1 2 5 4
3 12 1 3 9 1 6 1 9 3 12 5 4
4 0 3 16 10 4 1 4 15 5 9 7 6
11 2 4 5 14 12 0 11 3 21 3 15 9
7 1 1 5 7 10 2 14 7 5 6 6 8
10 11 7 2 15 4 11 7 6 2 0 23 8
4 3 14 9 11 18 17 12 4 9 12 4 13
17 2 2 9 11 1 7 13 14 5 1 6 3
5 2 14 19 14 9 10 3 5 4 10 10 3
7 1 6 1 6 4 3 1 1 6 2 5 1
6 5 3 3 11 2 5 2 7 10 4 1 4
4 4 4 2 3 3 2 5 3 0 3 3 3
3 7 13 12 13 0 3 5 19 8 7 1 5
6 5 0 6 1 4 20 0 5 15 11 4 3
6 7 14 12 4 3 10 19 5 1 10 1 2
5 7 15 3 4 10 25 0 21 3 1 2 8
11 4 10 4 1 3 4 2 0 4 2 12 0
3 8 3 14 6 4 19 0 8 4 2 2 5
9 12 2 9 2 5 1 2 15 0 7 0 5
3 1 2 8 7 4 0 9 1 4 12 17 13
12 7 11 2 2 0 9 2 5 3 16 11 3
9 9 4 1 3 15 1 2 10 10 3 5 3
2 3 15 8 16 10 4 11 5 18 12 1 3
16 11 6 4 10 9 8 7 8 2 1 12 1
13 3 18 4 5 1 12 12 1 4 5 12 6
4 8 9 14 8 1 5 8 10 2 2 1 2
3 2 3 1 1 5 0 8 0 4 4 6 2
5 1 4 7 5 1 0 0 6 1 7 2 9
7 1 3 1 2 2 1 0 3 3 1 0 3
8 13 7 4 1 6 9 3 4 10 0 6 6
4 2 7 1 0 6 2 0 0 5 4 4 5
1 1 3 0 0 4 3 9 13 2 6 6 2
4 6 6 5 5 8 6 7 2 6 5 5 14
3 4 0 2 2 2 3 6 1 5 1 1 3
2 3 1 2 1 2 1 1 2 2 7 7 5
19 18 6 5 3 6 21 8 2 16 3 2 1
6 5 3 14 14 9 0 5 8 13 6 5 3
6 22 13 13 6 0 17 9 5 7 1 5 10
3 1 8 0 16 21 2 5 5 3 6 4 14
9 3 3 4 4 4 12 13 10 11 12 14 5
8 21 2 4 8 5 16 10 4 7 13 12 4
4 0 4 2 7 5 5 10 6 10 20 9 6
0 4 4 0 1 1 9 5 13 2 3 12 2
2 10 4 4 5 0 7 2 0 0 0 5 2
6 10 0 1 3 10 14 2 6 7 4 3 1
2 5 1 1 10 19 4 5 3 0 8 7 6
2 1 2 2 3 2 3 5 6 2 2 4 5
12 5 2 4 8 7 8 7 9 14 11 0 5
4 7 4 3 0 4 8 3 1 4 8 2 5
1 5 7 7 0 9 1 2 1 2 11 20 6
3 4 5 4 5 4 0 4 7 2 3 6 4
3 2 4 7 4 0 3 2 8 9 1 5 6
1 12 6 0 6 1 13 0 3 2 4 3 1
2 5 3 3 1 2 2 1 0 3 4 2 4
5 0 4 7 4 1 9 1 1 9 7 4 9
2 4 4 1 1 9 10 4 3 4 6 3 10
0 1 4 3 9 2 3 1 0 1 2 2 1
1 1 3 8 4 3 0 9 2 8 2 16 8
10 10 2 0 2 4 3 5 6 14 13 1 7
15 11 6 7 6 6 7 0 5 10 9 7 9
4 5 5 1 1 7 0 5 0 1 7 2 5
16 4 0 5 6 7 2 7 13 5 0 7 2
8 13 4 5 3 8 0 3 7 4 7 8 4
4 9 2 12 10 4 1 1 6 1 3 0 1
7 10 8 9 2 4 4 0 2 1 6 2 7
4 12 7 10 2 7 7 6 4 10 11 3 2
2 1 3 9 3 1 1 8 2 15 2 2 9
11 15 3 2 6 7 6 3 17 7 12 7 10
10 12 4 5 2 0 3 13 2 13 11 1 11
1 8 13 2 2 9 6 1 1 2 1 1 5
4 6 5 8 2 4 8 4 4 9 0 9 6
2 7 5 2 3 2 7 12 1 3 2 0 2
2 6 7 5 6 3 2 15 12 7 5 4 12
1 4 3 4 5 9 7 2 2 2 2 2 7
2 0 6 0 4 6 1 3 5 1 4 4 5
3 17 6 5 2 5 18 0 7 14 2 2 10
10 12 7 18 2 0 2 10 5 4 8 8 3
3 2 1 3 6 3 1 4 1 1 6 3 1
7 2 6 6 0 3 9 7 0 6 2 19 17
8 3 7 12 8 3 18 1 7 12 10 4 8
4 2 3 6 2 7 5 2 1 2 6 1 3
4 3 1 5 5 2 1 1 1 4 6 5 0
4 8 3 9 11 4 5 9 16 6 4 2 9
5 1 8 2 2 4 5 2 12 4 2 8 12
5 20 10 10 7 4 0 10 8 10 7 4 16
9 7 2 6 0 0 6 3 5 1 3 2 1
7 5 4 5 3 4 1 2 4 7 0 10 2
5 7 4 4 8 10 11 18 3 1 1 4 11
7 11 9 6 1 4 6 2 12 3 1 22 9
12 6 4 7 2 5 4 1 7 5 4 5 5
8 4 9 18 0 2 8 4 17 17 6 4 2
5 3 13 10 2 15 5 16 9 13 5 7 7
5 5 15 9 1 1 17 13 3 7 10 1 16
11 12 17 4 4 5 4 6 8 17 14 10 13
0 3 0 3 2 0 8 1 1 2 4 6 1
6 9 7 7 5 1 3 1 3 6 0 5 4
1 16 13 9 17 7 5 5 9 1 4 5 2
12 1 11 6 2 8 3 1 17 6 10 7 5
1 4 8 7 12 11 3 4 9 14 13 19 13
9 5 9 10 8 1 7 2 4 13 6 7 4
2 4 1 8 1 2 6 2 2 9 10 10 7
2 4 2 3 5 1 2 6 3 1 0 3 3
4 6 13 9 4 2 3 8 7 1 0 2 6
8 12 13 4 4 3 8 5 15 0 11 7 3
3 2 6 6 4 2 7 1 6 8 4 3 1
20 4 6 15 4 10 3 5 4 4 2 23 9
6 15 16 2 2 7 5 6 15 7 4 12 7
6 3 4 2 2 5 3 6 3 6 4 4 1
1 5 2 5 13 2 2 9 8 1 3 4 3
2 2 1 5 1 5 5 3 6 2 1 4 2
7 18 18 2 11 1 10 6 5 8 19 10 7
4 0 3 10 3 0 0 18 2 0 5 1 8
28 12 15 0 8 10 1 3 7 4 4 4 10
6 5 7 2 8 25 7 9 7 4 6 5 8
6 6 6 7 2 2 13 14 4 7 1 7 3
11 1 3 0 5 9 5 2 0 10 4 6 14
4 5 4 9 6 3 3 5 12 1 5 0 8
3 9 8 5 9 13 15 0 3 13 13 22 4
4 13 12 2 0 19 9 20 10 3 11 9 2
7 7 0 7 2 0 8 13 5 11 8 1 2
13 4 9 0 4 16 22 10 8 0 3 1 8
5 4 7 10 2 0 13 12 11 4 16 3 3
5 3 5 0 1 8 6 1 3 0 6 4 6
9 3 5 9 5 7 6 11 9 14 12 1 4
4 7 4 3 4 6 1 0 1 4 1 6 1
19 4 7 8 11 12 16 3 3 3 5 17 5
6 3 3 1 1 6 7 2 7 3 6 3 2
7 9 5 4 0 0 1 3 2 12 6 4 1
3 1 4 0 7 2 3 2 5 0 2 3 6
1 1 2 7 6 7 3 1 3 11 3 4 7
0 5 15 7 10 8 2 8 6 4 8 6 0
16 1 9 10 4 1 4 5 3 13 2 14 5
7 18 4 0 17 6 7 9 4 13 7 4 12
4 3 2 5 4 14 4 6 7 4 1 12 1
5 8 1 16 0 0 1 3 17 4 4 4 10
1 9 8 1 3 6 8 3 0 5 5 5 1
10 7 0 3 1 2 1 2 10 2 3 1 7
4 0 4 2 2 0 4 0 4 2 0 8 3
5 2 4 1 0 3 3 3 3 3 5 2 5
2 3 10 13 4 9 4 10 1 6 9 1 7
1 5 7 3 1 2 1 3 2 6 2 1 5
20 12 13 8 12 4 6 6 9 4 6 8 3
0 3 9 0 11 12 4 6 11 10 9 13 9
1 3 9 3 8 11 3 3 3 4 2 6 19
15 7 8 3 1 19 2 6 3 9 24 6 3
8 6 3 4 12 8 7 14 5 7 0 13 1
12 2 5 3 13 7 12 1 7 10 4 2 8
1 10 4 5 13 6 4 6 15 2 7 4 5
5 0 1 4 2 2 3 1 6 1 3 2 0
8 2 3 10 1 0 11 2 6 5 4 4 11
7 4 4 13 1 9 3 1 8 8 0 2 23
1 2 1 0 2 2 6 2 1 4 1 1 5
2 6 11 8 9 13 1 9 11 10 8 5 3
1 1 0 3 4 2 5 0 13 2 1 1 3
4 6 2 5 3 0 7 1 6 1 2 2 2
5 10 2 4 3 1 2 1 4 2 2 1 1
0 6 1 9 5 2 0 3 3 1 2 10 2
3 3 12 15 5 5 0 20 2 1 1 19 1
3 3 5 6 4 1 2 4 2 3 2 0 4
5 6 0 6 10 3 5 7 7 2 4 6 0
7 1 3 10 5 13 9 6 3 14 10 15 7
4 2 5 14 0 2 6 12 0 8 20 2 8
6 2 4 6 1 3 2 6 6 5 4 3 2
2 0 14 1 7 20 1 0 5 9 3 12 2
9 9 7 4 7 13 5 9 8 9 1 6 5
2 1 3 13 2 6 0 3 9 17 7 10 2
1 0 5 2 6 6 0 1 1 2 0 2 4
5 5 4 1 3 15 5 10 2 0 6 10 1
1 3 3 19 6 15 11 10 1 10 0 2 4
11 9 9 4 8 15 11 12 17 20 2 5 4
9 4 20 0 10 13 15 4 0 1 13 6 20
2 1 8 1 1 10 6 4 6 6 4 2 6
8 12 21 4 0 1 6 28 1 1 8 4 3
6 0 8 9 3 6 2 4 1 1 6 12 5
0 5 3 6 4 2 2 7 4 1 1 7 0
1 6 11 2 7 9 10 9 3 7 3 17 14
4 12 3 12 0 9 10 10 8 3 6 6 9
6 2 11 16 0 15 3 4 4 3 10 2 9
8 10 3 5 2 8 1 10 14 5 1 4 9
1 17 17 14 4 11 23 4 6 1 1 3 2
2 6 2 7 1 1 8 1 6 2 1 11 6
2 2 3 3 10 8 2 3 3 0 7 6 6
1 5 9 1 4 4 6 2 5 4 1 2 0
7 13 9 10 6 4 11 1 2 1 2 3 3
5 4 7 4 1 6 4 4 5 0 5 6 1
2 4 5 5 1 8 3 2 2 3 5 5 3
3 3 20 14 1 15 2 12 5 2 1 7 1
4 5 15 21 3 2 7 2 3 5 20 8 3
9 6 6 5 19 16 10 6 22 1 4 5 8
2 4 2 3 3 0 1 5 6 2 3 1 0
11 2 8 3 1 0 1 3 0 3 5 10 4
3 5 10 2 2 0 1 5 3 4 4 3 2
9 4 13 16 9 7 10 4 3 1 15 6 11
1 1 20 21 9 8 11 9 15 0 10 1 4
4 1 8 9 1 7 12 1 1 3 1 2 8
13 4 16 6 6 14 13 4 13 5 11 5 7
7 10 9 1 16 8 0 15 2 13 4 9 1
6 14 7 1 2 1 10 9 3 2 6 19 14
2 8 8 9 5 1 7 4 4 1 1 6 7
3 0 14 12 6 7 7 1 8 1 8 4 10
9 1 1 12 4 5 5 8 11 8 5 2 27
16 10 7 6 7 4 3 8 5 17 5 3 2
7 4 2 3 11 6 7 1 6 4 7 5 2
6 5 24 2 14 15 0 6 14 5 2 3 4
2 16 1 4 0 7 20 9 10 8 6 18 5
4 8 2 12 9 12 11 7 17 14 12 7 2
5 3 2 5 6 3 4 4 6 1 1 1 3
4 1 2 4 6 2 3 3 2 2 5 1 4
10 3 5 10 9 1 2 7 4 14 14 1 1
4 17 2 3 3 6 6 1 10 12 1 14 5
7 7 6 14 3 18 6 7 22 7 4 7 8
3 15 11 8 3 2 2 1 0 9 5 13 7
14 7 1 5 1 2 1 6 4 4 11 7 0
0 6 2 4 4 0 1 1 3 2 1 5 3
1 1 0 0 2 1 1 1 2 11 1 1 3
2 0 1 2 8 5 4 1 3 10 4 6 14
9 3 3 2 24 6 3 9 19 13 3 11 4
17 1 18 10 6 9 4 1 2 3 4 0 6
4 6 3 7 3 0 1 12 10 6 3 7 4
1 4 2 3 1 2 1 1 4 2 8 5 0
2 7 2 1 1 1 7 7 16 1 21 7 25
0 0 3 4 6 3 2 1 1 1 2 2 5
6 10 3 3 5 6 4 4 3 7 6 3 3
3 3 6 5 3 4 5 5 1 2 9 1 4
1 5 2 0 6 3 8 5 1 0 1 0 4
5 15 11 5 2 7 11 11 14 3 3 6 4
11 18 14 0 9 17 3 9 11 1 3 10 4
6 5 5 3 5 1 1 12 12 3 17 2 9
25 1 5 12 10 6 5 2 1 5 0 11 5
2 1 6 1 6 2 5 5 5 2 3 1 5
6 4 5 5 3 9 5 5 5 11 4 1 5
1 0 2 2 1 6 1 2 1 2 4 6 2
12 1 5 1 1 3 4 0 5 7 7 1 8
2 20 2 13 0 5 2 5 10 1 1 7 2
11 6 2 3 2 11 8 13 7 6 11 4 5
21 3 4 2 19 4 12 2 3 3 12 14 13
2 6 7 10 6 10 6 4 0 4 10 0 1
2 2 0 3 5 0 0 7 3 0 0 9 5
1 6 5 1 16 2 12 2 1 8 4 12 10
4 2 0 3 7 0 3 4 3 1 0 0 0
9 16 7 1 6 0 3 10 4 9 14 6 8
0 5 0 3 7 12 3 5 2 2 2 3 8
0 5 7 7 1 0 2 1 0 1 4 3 2
5 7 11 10 4 12 7 20 3 0 6 22 13
19 12 21 2 4 9 6 3 4 7 4 5 5
7 8 4 5 7 7 1 6 9 3 5 1 9
0 4 3 2 0 2 5 0 1 2 2 3 6
3 3 0 2 4 4 2 4 7 2 6 3 3
1 4 4 4 1 5 0 18 23 3 15 6 16
16 12 4 5 3 3 3 2 2 26 4 9 8
6 8 2 3 5 1 7 7 1 2 8 0 7
2 3 7 6 0 4 3 7 6 7 1 7 2
6 3 9 6 1 4 8 1 3 8 2 5 4
13 2 9 6 14 14 9 4 11 9 4 10 12
11 8 2 1 8 24 15 8 3 3 4 1 0
0 4 5 7 1 8 2 5 5 2 5 1 6
9 3 1 3 3 10 15 21 4 6 8 12 13
10 3 1 1 4 6 0 3 0 0 6 7 0
4 3 2 1 1 1 2 1 2 2 5 4 5
1 5 5 2 2 0 6 2 7 4 1 1 8
8 5 5 2 0 2 6 4 8 1 7 2 7
2 2 6 7 21 1 6 1 17 19 7 2 8
15 13 17 7 2 1 2 16 8 4 3 7 17
3 3 1 1 3 7 2 5 1 1 2 3 4
11 2 9 7 7 2 2 1 6 4 0 5 13
12 8 4 10 10 5 2 6 6 1 0 9 5
6 8 5 6 0 7 10 17 1 8 9 11 0
9 3 6 7 11 0 4 3 4 4 5 10 8
1 14 10 15 5 5 2 1 15 5 1 17 2
14 3 13 3 3 19 8 1 5 13 7 12 5
8 8 6 13 1 3 13 7 9 1 1 6 17
2 1 2 2 4 4 5 5 5 0 1 1 1
4 13 6 6 24 6 12 1 13 0 14 12 3
7 21 1 6 11 4 6 10 4 13 5 2 9
19 3 11 1 8 2 4 2 13 7 4 5 8
2 6 10 7 8 7 6 10 1 0 5 7 6
4 7 7 2 2 5 0 6 7 1 2 3 5
5 3 1 11 14 24 1 9 3 5 7 1 3
11 3 10 11 5 3 5 6 4 1 10 5 3
9 10 3 5 10 10 4 11 7 5 9 3 4
8 10 3 5 3 9 18 26 7 11 6 6 9
15 3 11 3 13 13 5 17 15 0 7 5 6
3 4 1 4 2 1 2 0 1 7 6 2 6
8 6 1 17 3 5 12 1 17 5 2 22 0
6 3 2 4 8 8 3 0 3 5 3 1 4
2 13 1 6 1 8 8 0 10 5 4 2 2
7 3 3 1 6 6 10 12 13 11 7 18 5
4 3 6 6 0 5 9 2 7 2 7 6 7
4 15 0 0 9 16 5 1 3 7 2 21 6
7 10 20 0 6 9 16 10 1 4 19 3 1
5 6 1 0 12 5 0 7 9 0 6 5 3
0 10 6 8 0 7 4 14 11 23 4 1 17
8 24 1 9 1 5 6 0 6 4 5 1 0
3 1 0 6 8 0 2 2 4 2 3 2 1
10 2 5 10 2 2 0 0 2 1 1 1 2
2 5 5 7 2 7 6 11 2 5 3 0 10
7 10 1 10 4 7 5 1 4 2 5 3 16
20 2 7 13 15 3 9 3 10 5 5 19 7
3 2 13 6 15 3 5 9 2 1 13 1 10
2 1 3 16 10 9 13 2 1 16 17 7 18
4 8 3 3 6 3 3 1 2 1 5 3 2
14 2 4 7 6 12 3 5 13 4 18 4 8
8 4 7 4 2 13 2 5 1 4 6 11 5
9 7 1 7 8 6 14 2 9 3 4 0 9
16 2 21 4 7 3 3 11 10 8 7 2 8
0 1 9 14 7 14 5 3 0 18 12 4 22
12 8 3 1 3 1 12 6 13 7 2 3 0
2 7 6 16 8 14 10 0 1 8 8 7 12
6 2 2 4 3 6 3 2 1 2 0 1 2
4 7 1 2 7 9 4 5 1 0 17 17 6
12 4 1 12 10 0 1 12 9 4 8 7 10
2 1 3 5 6 14 4 14 14 9 25 4 1
11 4 8 13 0 9 8 3 5 4 10 6 3
7 2 3 4 5 1 6 1 3 1 3 3 15
2 9 6 9 4 1 13 9 2 11 10 8 5
5 10 6 5 1 4 14 11 6 11 6 9 4
11 3 10 1 5 7 15 4 6 5 8 3 8
9 6 0 9 12 5 6 2 12 1 2 3 3
1 2 1 0 2 4 11 6 4 0 7 7 8
3 1 10 2 0 2 1 2 1 7 4 2 1
8 3 2 4 1 11 4 0 3 8 7 2 2
1 5 7 2 12 3 1 9 12 0 2 1 2
5 1 1 6 2 0 4 3 2 5 2 1 2
3 2 2 1 3 1 7 0 13 2 0 6 4
1 3 0 6 3 4 3 1 16 7 12 15 18
3 2 1 7 2 0 2 5 3 0 1 4 8
1 2 1 2 5 2 2 4 8 3 3 2 3
9 17 3 9 3 16 1 4 1 4 6 7 2
2 3 4 10 6 4 4 10 5 0 0 3 1
8 8 1 2 21 2 10 9 14 3 9 3 10
10 6 6 1 13 6 7 6 4 7 3 15 6
2 3 4 2 5 4 3 6 3 3 4 1 4
1 7 12 12 12 6 17 5 11 5 5 12 1
3 4 1 2 0 8 0 0 3 11 13 21 4
21 11 6 6 0 10 12 4 0 10 4 4 7
3 8 0 1 5 4 1 2 0 4 7 2 2
0 17 15 6 4 10 14 9 1 25 1 1 6
4 2 12 6 1 6 22 15 14 15 6 7 11
3 6 4 1 2 7 3 7 1 3 3 3 4
3 12 7 8 5 3 1 23 10 9 15 3 5
2 12 4 1 10 1 5 4 3 3 3 10 5
5 2 7 5 7 1 1 11 0 23 8 9 11
7 4 1 4 8 4 3 4 1 0 1 4 6
6 15 6 9 2 10 8 8 5 9 1 3 11
0 15 8 4 0 11 6 1 9 5 8 21 5
15 13 5 9 4 6 2 3 5 18 6 15 0
3 0 3 6 13 7 4 9 9 1 4 2 15
1 7 0 2 4 1 2 3 3 1 13 4 3
8 10 1 6 4 9 14 1 9 5 9 1 1
10 21 8 7 7 14 6 6 8 1 5 10 3
2 6 10 2 1 1 1 6 1 2 7 4 4
4 8 2 3 3 5 3 10 4 5 1 4 10
13 3 9 11 7 3 4 4 15 3 2 8 11
6 4 2 6 2 1 5 2 6 3 4 10 1
11 0 3 1 12 2 13 13 16 7 9 13 10
9 5 1 2 0 2 5 1 5 8 1 4 5
1 5 8 3 10 4 10 3 3 0 2 9 2
2 1 1 2 7 4 1 1 3 0 4 1 4
3 5 7 3 3 5 7 3 2 4 0 4 7
1 10 5 10 4 6 10 12 11 5 6 8 4
3 4 18 2 12 6 5 16 5 7 2 7 9
8 4 8 6 2 9 6 3 3 4 5 7 1
0 10 7 2 17 5 13 10 11 4 3 16 15
2 6 3 4 4 2 0 1 6 5 4 3 1
10 4 7 9 9 4 10 3 1 8 12 4 5
1 5 5 5 12 10 10 1 1 3 2 1 15
6 5 1 8 8 0 4 10 8 3 3 15 9
9 4 0 1 2 7 1 6 12 3 5 3 2
12 3 5 1 17 12 6 5 13 19 1 8 15
0 1 0 1 0 4 2 5 6 5 2 10 8
11 3 3 18 2 14 12 10 2 3 8 6 10
8 14 0 6 11 2 1 6 2 22 0 13 3
10 2 5 10 4 4 1 9 5 5 3 13 8
8 1 4 18 5 7 2 12 6 14 2 10 12
3 6 12 8 8 2 2 10 7 2 3 6 7
7 4 1 1 9 3 14 2 3 8 8 5 0
2 3 6 8 5 9 3 3 4 3 1 6 1
9 6 5 4 11 6 16 6 9 9 9 15 2
2 5 7 2 3 15 3 16 7 2 0 23 2
7 2 3 9 14 1 22 1 8 1 2 5 17
0 6 2 2 1 5 3 0 3 8 8 7 7
13 7 12 17 13 1 7 17 2 14 4 9 7
2 5 4 8 13 1 4 6 6 2 2 7 4
1 4 8 3 6 0 4 3 5 3 4 6 7
7 5 13 8 4 6 4 9 1 4 7 11 0
0 9 3 7 11 9 5 4 5 17 1 11 13
9 2 12 5 3 2 2 2 4 1 12 4 9
2 1 4 0 1 6 5 4 7 2 10 4 12
10 2 5 0 13 0 9 8 3 0 18 6 11
6 6 7 15 9 5 6 5 8 12 18 4 11
8 6 8 0 10 11 1 5 8 9 11 3 5
3 4 7 5 7 7 8 15 6 1 1 6 11
12 4 0 1 2 22 2 1 13 14 9 1 8
15 2 2 11 12 2 1 9 1 0 12 12 4
4 1 5 0 8 2 4 8 12 2 4 8 9
7 0 9 6 7 10 18 25 11 3 14 2 2
0 20 13 6 12 2 8 2 6 9 9 4 6
4 1 5 2 2 4 0 10 5 1 6 1 6
2 1 7 2 1 4 3 1 2 0 1 1 1
4 4 5 17 11 2 9 18 9 4 6 10 3
2 3 1 2 3 3 9 1 1 2 2 3 2
2 2 23 5 10 10 13 0 9 3 7 2 5
5 8 7 8 7 3 9 3 2 8 2 1 0
1 6 4 9 9 2 2 11 1 0 1 2 2
6 2 2 9 17 6 7 13 5 11 5 8 3
4 1 3 13 7 11 13 4 4 2 9 10 0
4 0 5 2 0 5 2 0 9 1 2 5 3
1 12 15 2 5 1 0 6 1 1 4 2 8
4 1 2 3 8 0 0 3 7 4 14 0 4
2 5 7 10 5 10 7 3 5 12 3 3 2
3 7 1 1 2 1 2 0 4 3 10 8 6
3 16 6 7 2 7 5 8 19 3 4 2 13
4 2 6 5 17 2 3 2 6 0 8 9 7
3 5 8 5 6 2 4 5 6 1 5 2 8
6 12 2 9 5 1 12 3 6 9 2 10 4
1 6 0 6 3 4 5 9 8 10 3 19 8
4 2 2 2 2 6 3 4 6 2 1 0 4
4 4 3 6 5 4 7 3 4 1 2 5 6
5 1 2 3 9 4 2 6 8 5 1 12 12
1 1 1 11 3 8 3 3 5 2 14 2 10
0 3 1 5 3 10 1 6 5 8 7 1 12
11 9 4 8 5 8 8 2 2 3 6 1 8
6 8 1 0 1 9 8 21 9 11 12 7 1
1 0 9 7 4 20 4 0 2 5 10 3 0
15 1 9 5 5 8 13 6 4 11 7 9 5
19 4 0 9 0 13 1 6 6 8 0 8 4
4 10 11 5 2 13 10 7 16 16 12 0 6
6 17 2 1 5 13 3 3 9 1 8 6 1
9 2 8 13 2 8 18 5 13 3 5 9 1
2 9 7 3 7 0 2 4 6 0 4 0 8
6 22 10 19 5 7 0 13 0 6 8 5 5
0 2 5 8 5 6 7 17 7 5 2 0 0
9 8 13 5 17 3 12 12 5 3 14 2 0
8 4 1 4 3 8 4 5 4 9 2 5 8
8 6 1 20 3 17 4 4 10 14 4 14 6
0 1 2 1 0 0 3 6 4 1 5 3 0
3 2 2 3 2 2 3 3 2 0 2 7 2
0 8 7 2 8 7 0 1 0 3 14 10 5
11 6 9 9 2 2 1 0 7 8 1 3 8
4 10 13 6 9 5 12 3 7 8 11 16 13
6 6 2 11 5 0 5 7 2 3 1 1 4
12 7 2 14 4 10 16 3 6 5 4 9 9
5 10 4 4 12 0 11 8 4 11 4 23 6
3 17 11 1 2 5 4 7 12 21 12 12 1
3 4 4 3 5 16 4 5 9 2 16 1 0
10 4 12 6 6 2 14 7 5 20 7 7 2
3 3 2 3 11 5 2 4 3 8 10 5 4
11 11 7 1 13 26 0 0 5 11 3 0 16
3 9 1 7 0 4 5 11 13 8 2 1 7
2 2 4 8 0 3 2 4 4 2 2 1 4
8 6 1 1 1 4 3 1 6 5 3 3 8
1 2 7 3 2 3 6 4 1 3 1 7 3
6 1 7 14 13 10 2 7 10 7 18 3 1
5 2 5 2 9 12 1 5 4 8 3 4 5
13 6 0 6 4 12 2 5 5 9 2 4 11
4 2 2 2 7 3 8 7 0 3 4 4 1
4 2 4 6 2 0 3 2 6 4 1 0 3
16 3 14 8 2 8 8 5 0 4 10 7 17
7 0 8 3 1 9 9 8 15 16 3 15 6
2 6 6 0 5 0 3 3 2 6 2 1 2
5 6 3 5 0 3 0 14 1 9 2 1 4
9 1 5 8 2 7 0 6 1 4 4 6 4
4 6 8 5 2 9 3 2 15 13 3 4 10
11 11 6 4 12 5 4 3 11 4 9 1 5
1 0 2 12 1 6 2 21 15 6 4 7 4
3 5 15 15 13 6 0 10 10 2 2 5 0
3 5 6 0 11 10 6 2 6 10 3 4 7
11 7 5 18 2 4 0 2 1 13 3 1 8
5 7 5 1 4 4 4 2 1 10 9 5 2
6 1 5 1 11 5 17 0 0 6 8 7 4
3 2 3 4 1 2 5 1 2 7 4 1 3
5 8 8 5 2 4 8 4 0 0 2 12 5
11 5 5 6 10 8 23 6 8 6 8 9 2
3 0 2 1 3 6 0 13 0 13 11 30 5
9 17 5 11 17 7 1 4 6 14 4 1 1
20 2 20 5 19 3 9 9 8 11 2 4 1
3 3 8 1 8 2 5 0 13 2 6 7 2
5 2 0 4 5 2 6 10 12 3 2 15 4
1 3 4 4 1 3 5 3 0 2 3 7 2
9 15 5 7 5 19 9 11 15 3 6 17 3
2 10 7 2 2 22 8 1 9 2 6 4 4
6 4 11 0 6 8 4 3 1 0 4 4 5
17 5 6 14 20 10 3 18 7 10 4 1 8
4 2 1 2 6 1 5 1 7 1 2 4 1
3 6 12 4 12 4 4 2 4 9 0 8 2
3 8 2 13 9 12 13 7 7 17 10 10 0
10 9 4 12 6 5 20 10 2 1 10 24 2
6 1 6 2 18 16 9 21 3 9 11 1 10
0 6 8 8 6 3 0 2 16 6 1 5 9
6 1 11 5 10 3 5 1 3 3 10 2 4
12 6 11 19 7 2 17 6 7 1 4 1 10
0 9 3 6 3 6 17 2 15 2 7 0 8
3 6 2 13 22 7 7 1 17 14 1 10 7
3 5 6 7 4 7 6 8 6 1 3 1 2
21 6 5 1 13 1 9 23 3 2 1 6 2
7 0 13 6 14 9 6 1 2 8 7 0 10
3 5 3 4 1 4 4 6 4 3 6 3 2
5 1 3 5 0 0 4 6 5 2 1 9 12
1 4 1 2 1 3 1 4 4 0 6 3 2
8 2 17 10 2 4 4 11 1 1 9 7 2
10 4 10 6 3 7 6 11 9 2 4 3 9
3 10 7 8 3 11 5 3 5 1 5 5 9
0 12 4 27 4 7 22 2 6 3 5 6 5
0 0 1 1 0 9 2 14 8 6 4 3 1
2 3 1 0 5 2 6 1 7 4 0 3 3
5 12 7 2 4 1 13 6 4 2 11 7 2
1 12 14 5 4 23 2 9 5 9 5 5 12
5 1 4 1 1 1 6 5 7 5 12 10 4
4 6 2 11 14 2 1 0 15 5 2 15 9
8 4 6 0 19 5 9 2 7 3 22 12 9
2 2 2 2 2 4 7 3 7 5 5 5 1
11 10 13 10 7 10 1 12 17 4 6 11 5
3 2 2 3 0 3 4 1 2 6 1 6 4
10 11 4 10 2 7 5 2 4 10 3 5 8
9 1 6 5 8 4 1 14 7 13 14 3 13
5 2 16 1 19 1 15 17 2 3 13 1 6
7 2 1 5 2 5 3 2 3 2 1 4 7
8 13 12 14 16 8 8 1 1 12 3 4 1
3 3 3 6 7 1 1 7 3 8 3 1 4
2 5 4 3 2 6 4 3 0 0 0 3 3
6 13 3 8 7 16 13 5 8 6 6 20 13
1 6 11 16 3 7 5 4 3 4 13 6 0
2 1 1 6 5 4 1 1 4 3 2 3 0
20 15 3 2 6 4 4 8 5 6 11 11 12
0 1 2 6 9 11 12 16 5 1 3 15 7
0 4 2 2 3 3 4 3 2 2 3 4 3
8 6 5 13 3 0 8 7 2 5 7 6 19
3 6 2 1 7 0 1 1 1 3 2 0 16
12 1 12 15 13 0 7 4 6 11 8 17 0
7 11 3 16 3 16 7 1 5 5 1 11 0
2 2 10 3 2 4 5 25 25 2 9 5 5
2 6 4 1 6 4 6 5 1 3 1 2 4
0 1 13 1 1 4 14 4 2 4 3 2 12
6 12 16 16 8 13 12 13 12 13 5 1 3
14 10 11 5 0 9 13 15 11 10 7 0 3
2 2 0 3 4 3 1 8 6 2 5 1 9
6 11 9 17 1 4 1 12 2 14 5 1 4
6 3 1 4 8 0 1 8 2 6 1 8 4
5 3 23 2 4 6 19 15 2 6 4 13 0
2 4 7 0 3 2 0 1 0 3 0 3 1
2 2 3 9 7 5 14 3 3 3 4 0 3
2 1 3 7 3 14 2 15 18 2 3 3 10
4 6 17 15 10 5 2 1 3 5 3 10 7
1 12 1 3 6 7 1 1 0 18 5 15 8
0 0 4 1 2 4 1 2 2 4 4 4 2
15 0 3 3 7 0 5 4 4 6 3 4 5
13 1 13 11 18 3 3 5 17 4 8 9 0
3 0 5 8 6 4 5 1 5 0 4 1 5
2 5 4 0 4 2 7 0 1 3 0 4 1
2 2 3 8 1 1 2 8 1 4 2 9 2
0 0 5 9 16 14 7 11 7 1 2 1 8
3 1 6 8 3 6 4 2 10 22 6 3 2
4 18 2 11 10 2 8 11 1 11 14 1 6
4 7 11 5 4 5 2 3 1 1 4 0 3
4 12 7 9 20 7 16 7 7 13 9 2 11
5 15 2 3 9 6 7 5 3 13 17 5 1
4 1 1 5 1 3 7 2 1 1 2 3 3
3 0 2 10 9 1 5 13 2 13 12 6 4
11 4 6 4 10 9 8 16 8 12 4 4 11
3 4 1 6 19 2 6 10 17 3 6 14 6
0 1 19 9 7 5 0 13 13 12 5 22 7
5 7 9 9 2 1 7 20 1 15 4 8 8
8 7 8 6 2 8 8 5 5 5 0 5 5
13 11 2 2 5 1 3 4 9 1 20 9 6
11 1 13 3 11 5 16 5 3 10 7 4 2
1 6 8 10 2 4 4 11 15 4 2 3 12
2 3 0 7 7 1 3 6 1 0 2 0 0
2 4 2 2 2 0 3 0 9 3 1 0 2
3 9 2 13 6 1 4 10 12 2 22 10 19
1 7 5 3 2 6 7 10 15 17 3 10 4
3 1 5 2 6 4 3 1 4 4 2 1 3
3 12 6 16 3 7 13 11 7 2 6 5 1
7 10 7 2 12 1 0 7 1 4 2 10 2
1 8 5 14 1 8 8 7 2 6 1 22 3
16 3 19 12 3 2 4 5 2 15 5 12 16
3 13 11 3 7 2 7 0 13 3 0 25 5
4 3 2 0 4 2 1 0 3 5 5 6 4
4 5 6 1 3 6 5 10 5 2 4 1 3
5 1 7 1 10 4 14 2 13 8 6 1 0
12 15 4 13 10 15 17 11 7 4 0 4 0
3 1 14 6 6 2 7 16 10 12 15 4 3
12 10 9 12 2 20 10 6 4 2 11 5 16
5 3 8 3 24 6 12 18 5 3 5 3 6
2 0 1 4 4 2 11 4 8 7 6 5 2
12 3 0 17 2 0 11 6 11 2 26 10 10
2 14 1 19 4 1 4 3 3 2 1 8 12
3 2 11 3 11 3 5 3 0 6 10 9 1
6 2 1 0 2 3 1 5 1 2 3 1 1
18 7 10 15 9 14 4 9 5 14 12 10 2
7 9 0 12 3 17 5 4 3 8 0 1 13
7 1 4 12 7 3 9 5 8 5 7 6 8
16 15 11 9 5 14 14 3 9 1 7 2 12
1 12 7 8 7 1 2 4 2 4 0 3 12
22 3 8 1 9 17 1 6 2 1 1 0 8
18 2 1 2 4 15 1 4 5 2 10 3 1
4 2 16 5 13 2 10 18 10 16 11 2 2
7 2 1 8 2 4 3 1 0 5 9 11 3
0 7 5 4 0 3 8 1 6 2 3 3 7
3 14 5 11 3 3 20 12 6 2 4 5 4
5 9 10 4 8 4 10 7 1 3 3 7 5
4 4 5 1 1 4 1 5 1 4 1 5 3
5 8 8 3 5 10 2 5 7 6 0 3 7
7 9 4 4 8 7 2 1 10 0 1 3 6
10 2 5 2 4 1 0 2 1 6 3 0 0
3 1 6 4 3 6 4 1 1 2 4 1 1
4 5 2 2 2 3 1 4 0 3 7 4 4
6 1 7 6 8 3 2 5 3 9 5 8 0
6 8 21 1 3 17 7 6 0 4 5 4 12
3 3 0 1 5 2 7 1 4 3 1 7 7
16 3 8 11 7 8 5 9 4 7 12 1 9
8 8 7 14 17 6 0 3 8 5 1 11 11
1 3 1 3 3 13 2 1 7 1 6 2 8
1 4 2 0 3 0 1 3 1 9 0 3 2
1 4 5 1 0 11 0 3 9 5 1 6 3
1 7 9 6 3 5 0 4 16 7 8 9 0
1 2 13 1 3 4 14 0 8 2 2 2 1
1 5 11 18 0 2 4 3 7 3 14 3 2
2 8 8 5 4 3 0 4 9 10 5 6 2
16 3 6 10 3 7 9 8 3 10 0 10 17
8 5 1 8 9 5 19 15 1 8 1 0 9
4 2 4 6 6 3 7 1 3 2 0 2 4
1 9 5 1 8 3 0 17 6 1 2 8 6
0 2 6 2 4 6 6 3 3 4 5 1 3
12 10 11 10 19 7 4 2 6 9 5 11 4
4 7 13 3 0 5 21 5 14 0 2 4 4
8 12 17 16 7 13 3 3 5 5 1 2 21
1 4 9 10 5 6 10 11 8 2 11 5 14
2 1 5 7 8 0 2 4 2 2 3 8 6
2 2 5 4 12 4 2 1 7 2 3 0 2
0 9 2 1 8 14 2 6 10 2 9 18 15
4 1 4 12 14 8 2 6 2 0 8 12 4
7 9 7 16 8 7 5 10 8 6 0 8 15
0 6 4 0 4 2 0 1 4 1 7 3 5
9 10 2 2 15 2 9 16 2 3 21 4 8
8 3 5 3 3 6 6 7 1 3 2 10 2
9 9 11 0 3 2 7 6 8 23 2 10 14
11 4 3 9 3 1 7 6 2 6 5 6 5
21 2 8 6 19 2 2 7 9 4 14 17 4
12 14 7 7 5 2 4 4 12 1 1 13 8
2 6 0 2 2 4 5 5 2 8 3 7 9
5 1 12 17 13 6 4 2 1 11 13 5 17
1 5 11 7 1 4 3 0 4 7 9 1 10
6 8 1 9 7 18 11 20 5 0 4 5 8
11 0 4 4 14 11 8 12 7 4 4 5 8
10 24 2 11 11 4 3 0 9 8 1 3 17
5 3 1 0 2 12 1 0 12 2 2 5 10
3 4 2 2 2 0 3 5 0 2 2 3 4
2 5 8 3 8 15 5 3 2 3 16 13 1
10 10 6 6 8 7 15 4 8 6 7 12 0
11 6 1 1 2 6 4 12 1 7 3 8 1
4 9 0 0 1 2 10 15 7 4 6 4 6
0 1 10 3 4 0 5 1 8 3 2 5 0
6 4 15 7 2 10 14 10 3 4 3 4 13
3 10 0 3 6 6 14 3 8 3 4 7 8
1 6 6 2 6 3 4 1 3 4 1 1 1
4 1 3 0 5 1 4 1 5 7 3 4 6
6 6 8 4 5 1 8 1 1 9 13 19 5
4 5 1 0 1 0 4 1 8 5 2 2 5
7 5 5 8 6 7 2 4 8 8 5 3 7
12 3 2 7 7 7 17 18 3 5 7 1 6
3 4 1 1 5 6 1 0 1 0 4 1 4
1 4 3 1 2 4 8 4 1 4 1 4 8
2 1 5 4 1 5 8 3 1 1 2 6 3
17 1 8 8 6 7 1 1 2 7 4 3 14
11 4 2 2 19 6 2 1 3 11 9 8 0
9 10 6 0 4 0 0 17 7 9 3 7 7
5 1 8 2 5 2 2 9 7 1 1 2 3
2 8 2 14 1 3 11 9 6 26 8 9 1
5 0 1 5 0 3 0 4 5 2 2 1 5
15 3 11 7 3 4 4 5 0 6 11 5 8
16 1 6 16 11 4 5 5 1 12 0 10 5
8 3 2 2 5 12 2 2 2 10 1 15 5
3 9 11 11 1 17 6 5 10 11 13 4 0
4 4 1 3 2 1 1 4 2 2 6 3 1
5 4 3 1 2 7 5 1 1 10 9 8 2
8 2 1 10 0 3 4 2 4 8 3 10 2
13 5 11 4 3 7 3 1 16 7 8 8 7
3 11 4 2 15 0 12 3 12 2 6 19 1
8 10 4 1 3 1 1 4 3 7 0 5 3
1 3 2 2 2 1 4 1 3 8 1 2 1
9 10 1 7 2 4 9 4 9 8 5 15 5
4 0 1 0 2 4 3 3 5 1 1 4 1
4 5 1 4 11 3 10 5 4 4 3 1 3
2 6 3 5 1 2 3 4 11 0 2 1 5
10 6 17 15 2 4 11 9 6 8 9 21 6
5 0 1 1 0 0 10 3 6 4 5 8 4
8 1 14 6 11 8 7 15 11 15 1 6 1
1 0 5 0 2 9 6 14 2 10 1 14 7
6 12 7 2 12 9 3 6 10 1 2 5 1
1 3 3 11 6 5 13 8 10 3 3 3 9
6 6 7 4 9 2 2 8 11 9 5 3 2
9 1 0 11 6 3 8 1 1 5 0 0 8
5 3 5 8 6 5 1 2 4 11 11 4 11
4 9 10 3 12 2 2 10 13 18 9 11 5
9 8 8 8 10 12 11 9 5 8 2 2 8
12 2 8 5 6 8 4 10 0 3 2 2 7
1 2 4 8 4 2 1 2 5 4 0 1 3
0 7 22 8 8 4 17 6 0 1 4 1 7
2 10 4 2 11 27 7 1 3 6 2 3 4
6 2 10 2 19 1 4 2 2 6 7 7 10
1 4 13 4 2 6 1 5 2 4 4 7 4
6 10 4 17 4 11 5 1 5 17 1 3 13
11 9 2 6 7 5 17 3 4 17 3 5 7
2 5 2 0 4 2 4 3 4 0 2 3 0
9 7 5 1 4 3 13 10 3 3 9 7 9
16 7 6 4 12 7 8 5 3 5 5 0 9
7 10 10 1 13 1 6 5 1 6 15 2 2
3 3 1 3 4 3 2 1 1 1 1 6 4
2 13 4 1 3 6 3 6 6 2 0 2 2
4 4 3 3 14 5 7 10 18 11 2 12 20
9 17 5 8 9 16 15 2 3 10 8 7 15
2 2 8 1 4 3 1 3 1 0 4 2 2
6 13 9 12 11 3 8 20 8 3 4 13 1
19 3 10 3 6 2 10 0 1 15 1 6 14
11 7 1 8 10 4 1 2 2 16 24 3 16
1 3 10 2 7 16 1 27 2 5 12 7 11
3 2 0 7 5 5 2 1 5 1 2 5 1
9 0 5 1 11 16 5 11 13 9 3 4 2
3 3 2 4 2 7 1 2 4 3 4 1 6
7 4 4 0 1 3 5 3 1 2 6 3 7
3 7 11 17 12 6 4 4 7 2 1 6 19
0 8 3 1 2 3 2 1 4 5 2 6 3
11 4 6 15 7 15 9 9 1 14 2 3 21
11 12 5 10 3 6 1 11 4 24 6 7 5
2 4 0 2 7 2 3 4 3 1 5 10 2
16 1 9 26 3 4 17 3 8 0 5 1 3
4 1 9 2 3 4 1 0 2 4 5 5 1
7 2 15 5 25 2 2 1 3 2 2 6 10
9 4 21 15 5 13 8 2 4 5 2 0 3
0 8 14 5 10 1 8 16 0 8 13 0 2
7 0 11 1 9 1 1 2 5 6 4 3 6
7 18 16 14 10 10 1 5 5 9 2 1 4
18 1 3 13 2 2 5 1 7 3 12 1 18
2 1 3 4 7 2 8 1 2 4 2 1 8
6 8 1 3 4 1 4 8 6 11 6 4 6
4 2 10 13 1 7 4 2 6 2 3 6 2
1 12 5 5 3 4 4 4 1 0 5 3 5
5 4 9 2 1 6 7 1 9 5 18 5 7
4 3 10 4 2 12 2 14 4 3 7 3 8
10 2 4 3 1 5 0 1 3 5 0 6 5
14 9 8 12 8 15 8 10 7 4 5 21 0
5 0 12 7 4 8 2 1 1 1 1 5 9
0 2 7 6 1 1 0 3 3 5 1 5 13
2 6 1 11 6 9 13 6 12 12 5 11 3
2 3 0 0 11 9 10 5 2 7 8 1 0
3 7 0 6 1 3 9 1 8 2 4 5 0
8 8 7 8 13 7 7 9 7 9 6 11 10
6 2 7 16 10 3 7 2 2 2 9 8 3
3 2 1 5 4 2 0 7 4 8 6 9 4
6 3 0 4 2 10 4 10 4 3 3 4 0
13 3 3 7 0 2 13 2 2 1 10 0 4
4 0 12 2 7 8 2 2 2 6 7 1 2
3 1 1 16 10 0 6 5 6 4 3 13 10
2 1 4 1 3 1 3 6 4 2 6 6 2
3 6 1 2 0 2 2 11 1 8 0 4 3
5 12 8 8 12 9 1 10 17 12 10 0 11
7 5 4 2 20 11 2 9 1 14 8 13 3
0 2 0 1 3 9 1 2 5 6 3 5 1
15 7 5 11 8 14 10 17 7 14 7 3 3
5 3 24 7 12 18 7 2 6 8 3 15 1
7 8 2 10 0 2 5 6 3 19 1 0 4
6 6 1 6 2 6 1 2 1 1 3 10 1
1 1 3 3 10 11 10 7 0 3 1 4 4
8 2 14 6 5 9 11 15 2 4 10 6 21
7 3 5 3 2 9 1 5 5 6 2 4 4
5 11 0 3 3 13 8 17 6 2 0 8 2
11 2 6 1 7 15 7 8 2 9 3 4 2
6 4 8 5 3 2 0 6 4 1 2 5 3
3 0 2 4 6 1 5 1 1 5 1 1 3
3 5 1 8 1 6 4 7 0 7 5 9 7
6 5 5 3 6 4 8 1 4 5 9 8 6
6 4 7 5 1 1 4 8 5 1 7 5 2
9 15 5 2 4 2 2 13 3 6 8 12 3
4 9 1 0 8 7 0 20 9 1 18 6 18
5 3 1 13 3 1 5 2 4 1 4 6 8
6 2 3 6 3 2 6 4 2 7 4 2 7
8 6 2 4 2 6 6 10 5 10 9 6 9
1 21 6 12 5 9 9 3 3 2 3 4 6
8 2 1 7 9 14 15 25 4 5 3 10 10
13 3 2 4 10 0 4 10 9 4 2 4 5
1 4 1 6 4 4 10 5 9 1 7 16 5
8 6 6 4 2 1 0 2 1 7 6 10 1
11 6 2 14 8 1 9 6 2 3 10 7 0
6 17 8 2 3 6 18 8 2 3 7 1 8
7 1 4 24 4 3 3 0 9 6 3 7 5
5 4 4 2 9 4 5 6 7 2 7 9 1
18 1 4 1 11 15 10 19 6 3 1 7 17
7 1 3 7 4 6 3 11 19 3 19 11 1
4 3 11 1 18 10 10 7 11 8 8 5 3
6 8 8 0 1 0 2 11 4 4 1 4 0
3 1 1 3 2 2 1 2 4 4 0 7 4
13 8 8 5 3 3 2 15 10 7 2 9 16
8 8 7 1 0 1 8 3 6 2 5 0 1
1 5 2 0 3 3 8 4 2 8 9 6 5
2 5 1 5 1 2 16 4 8 9 8 1 2
3 2 6 8 9 2 3 4 15 6 6 0 2
1 1 2 1 1 1 3 3 1 3 1 6 6
1 7 4 12 11 9 4 1 7 4 13 3 9
7 1 2 3 8 11 1 2 3 7 1 1 9
6 2 0 12 5 2 11 1 3 7 13 1 1
3 4 6 8 3 4 7 5 2 1 0 4 3
7 3 2 8 11 0 4 2 5 8 4 14 5
1 1 1 2 2 4 3 6 5 1 1 3 3
4 0 16 8 1 8 12 1 4 13 2 3 4
2 1 5 10 4 0 2 0 4 6 5 5 2
18 21 1 15 1 2 4 7 4 5 16 7 2
16 2 7 6 8 10 6 12 6 12 20 10 7
3 14 19 2 6 8 1 7 14 5 5 9 2
1 3 12 8 2 13 17 15 8 11 7 15 4
4 6 4 6 2 2 4 8 10 9 12 5 15
12 4 0 2 19 7 3 20 1 10 1 17 10
3 6 3 2 1 5 6 2 0 14 7 10 12
3 1 9 4 7 1 9 6 1 3 4 3 11
6 7 2 1 3 3 1 4 6 13 3 1 3
6 5 3 7 0 8 1 4 4 0 3 2 3
10 5 1 1 4 5 4 5 3 5 4 1 1
2 8 3 12 16 10 6 8 6 1 13 2 3
0 4 4 3 5 1 2 3 4 0 6 1 1
3 5 4 10 4 7 4 6 5 3 3 3 9
10 2 3 10 7 11 1 0 5 12 6 11 5
3 6 19 1 1 4 1 17 12 7 13 15 15
1 12 1 8 4 12 3 4 12 5 6 4 8
12 6 4 2 3 8 18 2 7 13 10 14 5
8 20 7 7 6 13 2 6 2 22 3 14 7
12 3 1 6 5 4 2 9 2 12 10 1 1
2 4 22 1 1 2 8 14 0 8 7 8 19
3 13 1 19 6 2 0 12 2 7 6 1 5
9 6 4 1 3 9 14 4 5 1 1 4 8
1 2 2 12 1 4 1 13 3 1 0 11 4
10 14 7 12 4 8 4 5 10 2 4 3 21
11 2 0 13 8 5 21 0 11 8 10 19 4
15 7 19 12 0 13 0 0 6 11 6 15 1
10 4 3 1 6 6 12 19 12 3 1 2 8
3 6 4 4 3 15 2 6 0 6 6 7 4
16 4 1 12 10 10 4 8 11 7 2 3 7
8 1 6 26 7 6 4 8 3 5 10 3 1
1 2 8 2 4 7 3 8 1 6 1 5 6
4 5 11 17 4 9 0 1 10 19 13 1 9
9 14 7 2 10 3 10 6 5 5 5 5 3
5 6 3 1 8 5 11 7 11 5 14 3 9
3 6 3 5 6 12 3 8 7 0 6 4 9
4 7 1 0 2 1 2 1 1 4 7 1 2
5 13 3 1 1 4 4 9 2 4 2 8 9
9 5 2 0 1 15 0 7 5 7 2 9 6
10 3 1 2 15 10 3 0 14 0 14 16 1
9 1 1 3 4 2 3 3 4 2 8 7 1
14 6 10 1 1 5 3 12 4 2 5 12 6
2 1 0 1 2 1 3 7 1 2 4 6 8
6 8 3 2 6 4 5 3 2 3 3 5 2
4 4 3 2 13 8 2 13 3 7 8 6 3
0 4 6 3 2 2 0 0 1 0 6 9 9
2 9 10 1 3 0 5 4 6 1 12 0 6
0 9 3 1 1 9 10 0 1 1 1 5 12
6 1 1 4 0 7 9 2 5 9 11 3 7
1 4 12 16 1 15 4 11 8 10 3 2 4
5 11 15 6 20 9 7 0 1 2 20 3 1
11 1 15 1 6 12 6 8 7 9 15 18 14
5 9 8 5 2 4 4 1 2 1 1 3 6
1 3 3 5 4 5 1 8 5 1 3 3 12
2 7 2 9 1 6 0 2 0 7 2 6 2
10 11 6 8 5 8 3 2 11 2 3 9 4
2 1 10 2 5 4 3 3 7 4 3 4 3
3 3 1 0 4 2 2 1 3 1 4 4 4
3 2 5 19 9 12 13 7 10 5 1 3 7
6 5 8 3 1 10 3 9 5 11 9 2 7
1 1 1 1 2 0 3 7 6 4 2 1 1
4 16 5 13 8 4 21 11 2 10 3 7 9
2 5 5 2 11 8 7 7 11 1 8 2 3
2 11 3 7 4 7 7 1 7 10 1 13 4
1 12 7 12 3 6 8 12 0 2 1 25 7
8 1 9 2 4 4 22 3 8 16 5 2 1
3 27 2 11 8 6 1 6 12 5 7 5 1
1 4 8 10 3 12 15 7 18 5 5 3 4
9 10 3 1 10 11 9 4 24 4 3 18 2
5 2 0 2 1 8 2 3 1 3 1 0 3
4 8 3 4 1 0 11 5 2 5 13 3 9
2 7 1 3 0 1 3 2 1 6 0 0 0
4 9 7 16 10 10 1 7 1 15 10 6 14
7 1 2 1 2 1 2 2 2 1 3 6 0
6 10 8 7 1 8 5 5 5 6 2 5 0
9 5 4 6 9 0 3 3 5 5 4 3 14
3 5 0 8 0 4 2 4 5 3 12 2 2
6 7 4 4 2 5 11 17 5 3 14 10 8
1 4 5 0 6 1 3 6 5 2 7 5 2
0 7 19 3 14 2 4 4 14 1 13 2 7
2 1 9 4 4 13 3 3 3 2 10 4 10
2 3 0 0 1 3 2 0 1 4 3 6 4
11 5 3 4 2 3 18 11 20 3 11 6 4
4 2 1 12 1 8 4 2 16 5 5 0 12
1 5 3 2 2 0 3 3 2 3 1 7 1
5 5 14 7 16 9 1 10 8 5 8 10 6
5 0 6 2 1 4 5 1 1 3 3 3 3
3 7 1 14 5 8 6 17 6 2 7 0 3
3 2 1 3 6 1 2 0 10 8 2 6 6
1 5 6 8 12 2 3 4 4 3 1 1 8
3 11 4 8 6 7 2 1 15 0 1 1 8
3 4 0 3 2 12 11 6 1 11 18 19 0
3 0 1 1 0 10 4 4 4 2 1 5 1
11 0 3 2 1 11 1 5 11 2 1 3 0
2 9 1 2 13 20 2 16 13 8 17 1 4
5 17 3 8 3 6 8 3 2 10 2 5 4
6 3 2 2 11 8 2 2 4 12 16 14 3
15 6 6 1 6 3 3 5 13 2 6 3 1
19 14 8 0 13 3 1 14 15 3 0 6 10
3 0 18 7 17 5 11 3 2 7 4 2 9
2 5 6 0 2 3 7 1 7 3 3 5 0
3 3 9 17 20 10 1 12 10 9 10 2 16
9 0 0 2 3 2 2 9 6 6 3 3 0
6 1 5 3 4 5 1 8 17 3 1 5 5
4 2 3 4 1 12 2 2 10 2 7 1 2
7 6 1 6 8 6 7 5 6 2 2 2 5
22 0 12 13 5 0 6 16 1 15 5 2 12
4 1 4 7 7 6 4 4 8 6 1 6 1
2 16 23 5 5 0 4 1 3 11 12 2 4
10 10 13 2 8 4 16 9 13 14 9 12 6
1 12 14 17 2 4 1 5 10 1 8 2 1
2 11 17 4 0 5 5 8 5 5 4 1 2
4 3 4 0 2 1 1 5 2 4 1 2 2
0 1 0 6 2 6 6 1 9 7 12 7 9
14 11 7 4 7 1 19 12 1 4 16 3 19
4 4 3 2 0 2 5 1 3 2 0 5 4
7 3 4 17 5 4 1 11 0 8 3 30 0
7 15 1 3 4 28 2 10 10 5 4 3 4
3 5 4 3 2 0 4 1 5 2 1 6 5
9 5 6 12 10 2 14 2 18 14 15 1 7
5 4 2 12 6 16 15 1 6 11 9 10 14
11 3 12 22 19 4 11 1 8 0 2 13 2
6 1 0 1 3 7 3 3 4 1 5 6 3
20 8 17 6 6 8 10 4 9 15 6 0 6
15 2 1 7 14 2 12 7 2 7 2 8 16
3 7 8 3 8 3 3 5 8 2 2 4 1
10 9 8 12 2 6 10 7 8 7 16 16 5
2 3 11 0 8 11 11 9 9 1 7 17 5
7 3 5 2 5 1 8 4 2 5 1 11 13
5 1 5 9 11 5 9 1 0 5 23 3 2
8 2 4 3 9 6 3 3 2 4 5 4 0
19 10 4 12 1 11 1 5 9 11 16 4 0
1 6 1 7 7 7 7 1 12 9 5 8 9
3 1 8 5 4 16 7 2 12 0 0 2 4
2 0 5 8 6 5 0 4 0 7 1 1 3
2 5 4 2 8 6 3 7 9 2 6 2 2
1 6 4 6 13 8 8 0 1 4 11 3 3
13 12 1 17 5 12 6 7 7 2 20 4 0
15 16 2 4 1 10 14 17 12 1 8 12 5
4 6 2 2 2 1 8 7 4 1 13 1 4
2 0 4 6 5 3 2 4 2 1 1 6 2
2 1 5 3 5 6 4 12 8 4 10 1 0
6 3 1 2 4 9 3 5 6 2 4 4 6
4 5 15 1 9 11 5 1 15 2 7 4 4
2 1 0 3 3 3 2 4 1 7 2 2 2
3 1 5 1 1 5 2 9 0 0 0 3 2
13 3 4 5 19 2 1 10 12 7 1 16 7
1 26
1 59
4 6
4 20
4 42
4 65
5 46
5 47
6 16
6 63
7 84
8 16
8 44
8 62
9 52
10 79
11 84
15 19
17 69
17 96
17 117
18 69
19 20
21 54
21 93
22 91
23 55
23 65
23 80
24 27
25 89
25 118
25 121
26 69
26 110
28 29
28 67
29 88
29 112
30 74
30 106
30 117
31 66
32 63
33 41
33 49
33 109
34 69
34 70
34 82
34 91
34 110
35 63
36 62
36 129
37 112
38 59
38 111
38 117
39 51
39 134
40 125
41 51
43 88
43 124
43 128
43 132
44 72
44 120
45 138
46 60
48 123
49 110
49 129
50 109
50 115
51 68
52 54
52 98
54 78
54 89
54 122
54 153
55 89
55 106
55 139
57 112
58 62
58 77
59 106
60 89
60 124
60 135
60 155
60 156
61 84
61 128
61 148
63 68
64 158
65 163
67 134
67 140
67 142
68 116
68 148
69 96
71 90
71 97
71 148
73 79
73 125
73 167
74 95
75 129
76 85
78 128
78 162
79 147
80 98
80 112
80 133
81 136
82 86
82 144
83 84
83 98
85 154
87 150
88 90
89 120
90 125
92 165
94 110
94 124
94 146
94 171
97 194
98 116
98 171
100 126
100 137
101 118
102 199
104 186
105 169
106 163
108 139
108 144
108 152
110 151
110 187
110 202
111 206
112 141
112 162
113 198
115 129
115 159
115 186
115 201
117 144
119 170
121 129
121 206
122 131
122 162
122 187
124 154
124 181
125 159
125 166
125 207
127 138
127 186
127 189
128 132
128 163
130 166
131 176
132 149
132 159
132 179
132 232
134 178
135 167
135 235
137 149
137 214
137 219
137 225
138 155
138 157
139 155
140 175
140 184
140 228
141 147
141 163
141 172
141 198
141 224
142 179
143 200
143 217
144 170
144 212
144 231
144 244
145 204
147 179
147 213
149 195
149 247
150 248
150 250
151 174
152 180
152 215
153 212
153 250
155 200
155 220
157 159
157 218
158 181
158 216
159 228
160 243
161 178
161 192
162 195
162 215
163 232
164 224
164 233
165 220
166 203
167 217
168 228
169 228
170 237
170 242
171 181
172 234
172 239
172 245
177 277
178 268
179 212
179 270
180 214
181 235
182 226
182 237
182 282
183 203
183 260
184 200
185 214
186 220
186 252
187 260
187 271
187 284
187 287
189 244
189 267
189 272
189 289
191 250
191 264
191 265
192 280
193 252
193 289
194 198
194 227
194 260
195 222
196 242
198 273
198 280
198 286
198 287
200 260
200 261
200 292
201 213
205 296
206 248
206 278
207 250
207 268
208 255
208 265
209 212
209 294
211 230
211 249
212 294
214 224
215 227
215 239
216 313
217 243
217 269
217 313
219 301
221 300
222 262
222 309
223 228
223 247
223 267
223 317
225 259
226 240
226 321
227 267
227 293
230 312
230 316
232 297
233 315
234 271
234 286
234 314
236 301
236 325
238 308
242 273
243 304
245 256
245 289
245 312
245 343
246 262
246 340
248 295
251 255
251 258
252 307
252 319
253 258
253 265
253 272
253 344
254 315
255 344
256 271
256 293
256 337
257 316
259 280
260 321
261 262
261 266
261 270
261 340
262 272
263 338
264 297
267 296
270 301
270 312
271 348
272 367
273 369
274 295
275 315
276 358
277 294
277 358
279 300
279 354
279 360
281 289
281 294
281 301
281 363
282 316
282 318
283 301
283 314
283 375
285 297
286 358
286 365
287 316
287 356
288 343
288 369
290 341
292 343
295 312
295 340
297 315
297 320
297 383
298 314
299 320
299 336
299 389
300 301
302 323
302 340
303 305
303 329
304 328
305 395
306 363
306 368
306 376
306 396
307 311
307 396
308 355
309 380
309 381
310 312
310 362
310 403
311 330
311 367
311 405
312 335
313 341
313 353
315 372
315 415
316 374
317 393
317 404
318 355
318 389
320 385
321 370
321 406
322 325
322 403
323 409
325 346
327 360
329 371
331 360
332 348
332 413
334 382
334 410
334 428
335 366
336 342
337 423
338 376
338 415
338 425
340 347
340 429
340 432
341 371
341 432
343 397
344 438
346 373
347 434
348 376
349 352
349 402
350 434
351 445
352 378
352 441
353 429
354 453
355 390
356 358
356 421
357 451
358 431
358 443
358 448
359 418
359 456
360 400
360 431
360 438
361 371
361 455
362 386
362 389
362 413
363 387
363 408
364 396
364 436
365 419
365 438
365 464
366 452
367 401
367 407
368 428
369 414
370 459
370 460
371 445
372 456
372 470
374 381
374 462
375 425
378 436
379 445
379 466
380 464
381 426
382 409
382 481
384 385
384 449
384 451
384 466
385 484
387 402
388 424
389 420
389 430
389 443
390 434
391 435
391 483
392 419
392 433
393 418
394 450
395 421
396 476
397 401
397 438
397 447
398 449
398 478
398 494
399 441
399 444
399 453
399 485
400 495
403 409
403 461
404 503
405 422
406 417
406 468
407 432
407 493
408 466
409 413
409 420
409 489
409 491
411 454
412 430
412 463
413 448
414 441
417 485
419 500
420 454
423 481
424 476
425 444
425 470
426 477
426 479
426 517
427 495
428 460
428 499
428 517
430 436
430 488
431 450
432 500
433 465
433 474
433 516
435 475
435 528
435 529
436 460
436 487
437 467
437 473
439 459
439 515
440 521
441 477
442 448
442 512
442 526
442 530
443 485
443 492
444 493
445 510
445 525
445 543
446 535
446 542
447 491
447 517
449 487
449 491
450 459
452 551
454 490
454 495
455 524
456 493
456 528
457 556
459 472
460 524
460 554
461 475
461 482
461 560
463 489
464 469
464 503
466 485
466 543
466 552
467 562
468 567
470 511
471 561
471 562
472 553
472 556
472 563
474 572
475 539
476 509
476 520
477 516
477 523
477 569
478 530
478 578
479 534
479 577
480 492
480 499
480 543
481 490
483 562
484 514
484 521
486 535
486 538
486 566
487 508
487 533
487 583
488 533
488 584
488 585
489 539
490 583
491 561
492 585
492 586
494 526
495 497
496 509
496 549
496 577
496 591
498 524
498 566
498 581
501 544
502 542
502 556
502 562
502 599
504 541
504 549
504 574
504 591
506 549
506 573
507 572
508 560
508 597
509 538
509 543
509 545
510 575
512 515
512 528
512 572
512 582
512 587
515 559
516 561
518 539
518 584
518 611
519 581
520 526
520 614
521 550
522 566
523 547
523 600
523 618
524 532
524 599
525 533
525 557
526 529
527 571
528 591
529 590
530 552
530 623
534 569
534 614
535 562
536 570
536 590
536 595
537 550
538 587
540 546
540 549
541 580
541 623
541 625
542 581
542 598
542 622
543 623
546 598
546 629
548 558
548 633
550 553
550 581
550 586
551 625
552 593
553 585
553 642
554 630
555 637
555 644
556 614
558 575
560 647
561 569
561 644
563 597
563 645
565 579
565 583
565 613
566 602
566 615
566 656
566 663
567 581
568 582
569 579
569 654
570 579
570 603
570 611
570 640
571 587
571 630
572 651
573 624
573 636
575 631
576 591
576 605
576 631
578 664
579 597
579 608
579 621
579 632
579 655
580 583
580 664
581 590
584 592
584 621
584 656
584 684
586 650
586 680
587 646
588 664
588 682
591 618
591 634
591 666
592 609
592 648
592 656
593 602
593 629
596 629
597 625
597 628
597 683
598 643
598 646
600 606
600 655
602 617
602 632
602 667
602 684
603 615
603 638
604 626
604 649
604 667
605 650
607 707
608 628
608 638
609 641
609 709
610 636
610 696
611 620
611 632
611 695
616 630
616 657
620 634
621 647
621 698
622 655
623 705
624 646
624 652
625 630
625 682
625 704
626 672
627 638
627 643
627 652
628 635
628 678
628 684
629 638
630 711
631 719
632 723
633 641
633 715
634 724
635 641
636 662
637 657
637 736
638 662
639 641
640 679
641 673
641 700
641 719
641 738
642 708
642 717
643 659
643 692
643 715
644 668
644 717
645 724
646 739
647 659
649 650
649 710
651 700
652 679
653 699
654 659
655 700
656 741
657 736
658 690
658 739
659 671
659 738
660 662
660 760
661 718
663 721
663 749
664 711
665 740
665 760
666 672
666 677
666 715
666 744
668 725
669 747
670 683
671 697
673 678
674 686
674 688
675 693
676 700
676 742
676 773
677 709
680 736
681 697
681 732
681 763
682 693
682 706
684 719
684 752
684 776
685 784
688 749
689 741
689 756
689 770
691 708
691 771
691 788
692 693
692 709
692 777
693 768
694 791
695 700
695 752
696 732
697 710
699 760
700 711
701 710
701 749
702 761
702 792
703 785
705 720
706 709
707 724
707 754
707 803
708 713
711 786
713 719
715 773
717 764
717 765
718 769
719 721
719 736
720 764
720 766
721 814
722 731
722 775
722 778
722 805
723 769
723 773
724 773
725 735
725 788
726 754
728 774
729 744
730 786
730 797
730 812
730 813
730 819
731 739
734 798
737 757
737 808
738 783
739 803
740 746
740 796
740 817
740 833
741 795
741 806
741 822
741 836
742 748
742 805
743 797
744 766
744 784
744 826
745 759
747 749
747 751
748 763
748 790
748 797
749 778
749 788
749 843
751 794
751 842
752 805
754 817
754 828
754 853
755 826
757 782
757 783
757 814
758 769
758 831
758 837
758 839
759 763
759 779
760 825
761 776
761 789
761 793
762 854
763 828
764 768
764 806
765 862
767 834
767 847
772 789
772 832
772 852
772 858
773 815
773 854
773 857
774 817
774 850
775 814
775 829
776 828
776 831
776 873
777 801
778 811
778 843
778 856
779 816
779 861
780 788
780 805
780 850
781 788
781 834
782 842
782 869
783 876
784 793
784 854
785 838
786 790
786 847
786 865
788 807
789 881
790 791
790 800
790 814
790 821
790 838
790 882
791 796
791 883
792 804
792 892
793 848
794 802
794 840
794 875
795 879
796 798
796 821
796 828
797 824
798 810
799 822
800 881
800 898
800 900
801 833
801 875
802 881
803 829
803 830
804 834
805 819
805 829
805 839
806 903
808 895
809 817
809 864
810 846
810 865
810 905
811 884
812 839
812 861
812 884
813 836
813 901
816 851
816 870
816 908
817 886
818 872
819 876
821 865
821 905
822 824
824 847
826 884
827 843
827 849
829 845
830 921
831 861
831 875
832 881
834 875
835 857
835 880
835 929
836 840
836 848
836 882
837 854
837 873
837 935
838 879
839 879
839 893
840 842
840 929
841 861
841 935
843 856
844 930
845 853
846 923
847 894
847 897
847 924
849 868
850 862
851 876
851 903
851 927
852 906
852 922
855 952
856 857
856 881
856 920
856 933
856 954
857 911
857 940
858 872
859 923
859 929
859 939
860 878
860 917
860 950
861 877
861 891
861 913
862 890
864 943
865 880
867 890
867 914
867 934
869 879
870 881
870 895
870 903
870 940
872 911
873 876
874 935
875 938
876 949
877 902
877 909
877 927
879 895
879 905
879 939
881 882
881 906
881 931
881 932
882 917
882 919
882 977
883 907
883 919
883 935
885 901
885 965
888 908
888 934
889 943
890 891
890 928
891 906
892 924
892 937
895 958
895 977
896 936
897 939
898 919
898 942
898 963
899 953
901 979
903 963
904 912
905 913
906 924
907 950
907 988
908 991
909 956
909 986
910 941
910 966
912 968
912 994
913 926
913 927
913 960
913 996
913 997
914 977
915 925
916 927
916 994
919 927
919 956
920 940
921 967
922 948
923 947
924 948
925 931
926 965
927 952
927 961
929 953
929 963
931 937
932 985
932 995
932 999
936 940
936 946
939 986
940 957
944 975
948 949
949 992
950 977
950 978
951 981
952 967
953 983
953 1000
954 999
955 995
956 982
956 992
958 974
960 974
961 996
963 999
965 974
971 975
974 986
977 981
982 999
986 994
992 1000
2 11 7 11 3 11 13 18 15 10 14 5 3
25 5 6 14 8 11 32 17 0 14 11 6 8
5 15 17 2 10 7 16 2 8 4 37 8 9
2 21 7 38 14 1 11 2 5 10 13 5 17
10 7 2 7 1 7 1 0 4 8 4 7 20
2 9 0 17 17 11 25 9 15 23 3 2 15
5 4 6 3 12 7 12 1 10 11 7 8 7
18 2 15 15 11 32 28 14 5 16 4 8 4
17 0 4 14 4 16 11 2 15 8 7 12 2
2 0 10 1 1 4 14 2 2 24 8 16 7
5 3 3 3 6 14 9 6 1 1 15 12 2
9 17 20 19 4 13 3 8 7 0 13 9 5
26 9 16 6 17 9 15 4 10 10 25 7 1
13 8 7 1 4 9 1 5 8 13 5 2 6
5 1 11 16 21 22 9 5 3 1 16 12 7
4 1 24 4 2 40 9 9 5 8 26 8 4
1 3 0 10 13 4 1 10 1 4 1 0 6
13 3 5 4 7 10 17 21 35 2 6 14 11
17 6 3 8 9 23 7 11 6 2 14 18 4
3 6 12 5 3 3 17 3 3 13 14 3 4
4 4 6 12 13 11 6 1 8 14 11 6 1 5 6 3 22 5 7 8
34 29 38 38 57 42 47 31 45 62 49 32 26 55 36 48 66 34 26 58
10 14 13 12 16 5 10 14 16 26 26 21 12 18 21 16 39 8 18 23
18 23 38 32 47 19 44 30 34 65 52 25 33 48 36 41 64 28 31 55
22 24 10 8 31 14 17 21 32 38 35 19 10 26 19 31 34 23 21 30
2 3 8 3 9 7 7 2 4 15 12 5 5 12 6 10 14 8 5 7
11 7 18 5 27 13 17 7 22 24 34 16 12 23 16 23 34 25 22 16
10 12 7 17 29 24 20 17 21 33 13 3 8 21 12 16 43 16 9 25
35 11 36 35 49 41 39 18 43 49 53 40 23 41 43 40 71 26 27 45
34 33 35 40 61 31 30 21 33 54 55 47 28 48 31 35 77 30 36 48
16 14 9 14 27 13 11 13 20 28 25 16 11 14 16 21 34 3 15 23
4 11 13 12 20 11 9 12 13 20 19 14 5 9 19 10 27 14 13 10
13 8 7 11 10 13 7 9 9 15 13 5 11 17 3 11 23 4 6 16
38 7 42 24 41 21 35 8 29 50 52 33 21 35 32 49 44 37 27 42
13 27 20 31 48 31 38 27 33 51 40 15 10 38 25 24 59 31 23 32
4 4 7 6 18 10 6 1 9 10 11 10 4 7 7 5 21 7 9 6
28 18 17 18 46 28 31 19 38 45 40 23 17 37 32 40 54 20 26 33
3 4 1 7 10 9 1 1 3 12 8 1 1 1 5 5 18 1 1 6
9 11 4 7 27 19 14 16 17 27 19 12 4 21 18 19 44 13 9 14
43 33 43 37 58 46 49 38 47 59 55 47 39 65 44 50 77 28 27 58
34 25 40 41 56 39 43 15 33 48 57 37 30 52 29 31 83 38 37 45
6 7 13 23 33 20 19 10 23 35 20 13 12 21 18 13 36 8 6 24
8 6 7 7 19 4 1 2 6 17 19 16 1 6 15 13 27 8 10 11
9 12 15 15 35 17 25 6 19 29 28 7 11 33 8 19 47 21 20 23
20 23 25 25 59 38 38 24 46 40 44 30 20 51 31 29 65 35 31 29
31 12 18 33 54 29 32 2 32 41 41 26 14 52 22 30 58 26 31 32
19 22 11 23 45 32 31 23 33 44 31 18 11 35 15 17 58 33 20 27
1 1 3 1 20 8 7 6 7 13 4 5 1 19 2 5 25 5 1 1
40 24 55 52 57 35 56 16 38 67 73 38 32 48 49 46 78 39 43 61
5 5 1 4 22 19 10 13 20 21 12 1 3 14 7 13 32 11 7 11
1 3 2 1 1 2 1 1 1 8 8 1 1 5 2 1 13 1 1 2
1 5 5 8 8 4 6 1 6 10 7 3 3 7 6 1 12 1 1 9
22 22 15 28 39 30 30 19 35 36 36 14 17 28 23 10 53 26 29 27
15 13 13 6 22 13 19 16 25 31 33 19 14 24 19 25 39 18 20 20
17 24 21 26 34 18 20 22 16 39 39 29 24 40 26 31 50 10 28 37
40 31 39 22 55 30 41 34 43 64 70 36 32 50 48 63 71 48 45 56
2 14 13 10 27 11 9 12 8 26 28 19 4 21 21 18 40 10 17 17
26 28 21 20 42 30 34 15 36 52 49 16 14 37 29 35 50 37 30 39
18 8 24 14 31 16 19 5 13 32 33 19 15 36 20 29 48 22 23 27
27 23 22 27 54 34 32 17 41 42 41 30 8 40 23 18 54 38 29 25
4 1 3 4 9 10 1 1 5 5 10 9 3 5 6 2 19 6 8 3
41 43 40 51 62 31 44 40 52 64 56 45 36 54 37 55 65 29 31 70
12 4 1 3 11 1 3 4 14 12 15 14 7 8 5 12 5 5 8 12
19 8 11 11 17 13 13 10 18 25 17 12 13 17 8 17 26 1 9 20
22 26 37 47 56 31 42 24 38 52 62 44 26 38 55 45 70 16 40 43
21 14 24 36 40 27 31 6 23 38 36 24 9 30 26 21 60 21 25 23
5 1 6 6 28 9 6 6 13 19 13 19 1 24 10 13 28 10 8 8
35 20 27 21 42 26 34 26 41 49 47 40 27 56 29 46 58 29 34 42
1 1 1 2 1 5 1 1 1 3 1 1 1 2 1 1 9 1 1 1
7 16 1 3 30 15 11 20 22 32 22 11 4 25 17 20 39 16 8 18
18 19 23 18 38 15 22 17 15 41 38 19 19 36 15 31 41 20 22 38
49 28 52 51 54 30 45 21 45 49 55 47 38 48 39 49 64 31 31 62
18 10 24 32 32 21 24 11 25 43 32 20 21 28 23 23 41 7 14 40
44 38 31 37 59 39 39 34 48 52 53 40 29 51 36 52 67 28 29 57
36 26 37 40 70 35 50 16 53 64 60 45 32 68 33 35 77 39 39 48
27 20 41 39 51 28 37 12 24 61 51 39 21 46 39 44 50 19 19 53
32 26 24 22 59 32 33 13 30 49 42 20 16 55 11 30 63 35 30 42
8 1 4 8 12 14 2 1 5 11 10 8 1 7 7 7 22 5 7 10
16 13 12 10 25 11 6 8 19 29 28 22 6 16 21 22 33 17 14 18
2 3 3 7 10 7 4 2 8 13 5 1 3 3 3 4 16 1 1 3
24 33 31 24 53 22 33 25 35 54 58 29 20 41 31 40 52 33 39 38
17 7 21 22 35 15 22 11 27 27 37 33 13 35 33 27 56 26 27 14
17 20 31 33 58 38 45 19 40 54 46 22 25 49 30 32 60 28 30 35
37 34 28 52 62 26 42 27 46 59 62 44 31 52 49 47 79 25 53 46
19 10 12 21 19 29 16 6 10 16 18 10 5 19 12 14 37 8 9 17
18 14 18 18 39 7 25 13 24 41 42 26 19 36 28 38 45 22 28 26
8 20 16 19 22 14 22 22 13 40 34 6 13 19 25 30 38 13 15 29
25 16 24 21 32 25 31 24 30 31 26 22 27 41 16 25 37 15 9 35
20 20 8 21 37 41 26 18 22 29 25 15 4 31 15 15 62 19 12 20
14 21 23 29 27 21 21 15 15 40 34 18 11 15 31 24 54 22 19 33
31 29 40 38 67 28 45 18 53 54 56 36 22 51 33 34 61 47 37 43
31 25 27 40 51 35 34 19 27 56 39 27 13 37 32 40 63 18 15 52
32 17 23 38 50 42 34 9 31 37 38 24 18 41 28 24 57 13 23 36
12 16 20 15 40 11 25 11 23 44 36 11 13 28 18 28 36 20 18 29
3 1 7 13 10 10 8 1 9 11 6 5 6 8 8 2 16 3 3 11
12 8 6 5 12 12 7 10 10 21 18 7 10 13 6 14 25 5 7 15
6 4 3 7 3 9 3 1 3 9 8 4 3 1 5 4 12 2 2 5
13 14 13 14 25 22 17 14 24 28 35 18 10 21 26 21 50 21 24 22
4 1 1 7 6 12 1 1 8 6 11 5 4 3 5 2 21 5 8 6
1 12 11 18 22 9 10 9 7 18 15 8 8 15 14 7 27 1 6 19
16 10 17 15 23 14 19 16 27 33 28 20 17 24 20 20 42 13 18 25
1 1 2 3 6 1 2 1 6 8 3 2 1 1 5 1 4 1 1 1
5 4 1 4 5 11 1 6 7 5 6 3 5 9 4 4 17 2 2 6
35 14 40 41 59 29 48 14 43 53 61 42 22 43 58 51 75 38 42 40
19 12 29 19 37 11 21 9 22 47 40 22 12 25 20 34 44 28 22 36
40 34 34 27 66 36 55 29 57 65 72 37 39 64 50 53 75 44 55 50
38 33 30 29 46 26 33 19 39 49 42 34 28 39 13 26 54 29 25 48
19 18 31 36 51 34 27 20 27 38 38 32 20 42 35 30 65 14 20 36
35 31 29 33 63 44 47 35 49 58 49 36 30 61 45 45 76 34 32 47
18 17 14 25 43 30 22 19 29 33 28 24 12 34 20 11 50 21 16 30
7 19 12 18 29 14 11 14 7 18 15 17 10 23 14 15 39 1 10 21
2 5 2 1 17 8 8 8 11 17 9 5 2 15 9 12 23 7 5 8
5 11 7 17 25 7 13 9 13 26 24 18 2 17 24 18 45 12 16 17
23 17 18 26 36 22 21 12 25 36 20 17 19 30 7 17 41 19 6 34
5 9 6 8 14 7 7 5 10 14 12 5 8 8 7 6 18 1 4 10
18 6 22 26 38 17 19 12 24 40 34 25 8 21 29 26 50 17 14 27
5 4 3 7 17 12 7 11 13 13 12 10 5 13 10 8 28 9 7 5
18 16 19 23 29 33 25 24 24 23 23 14 19 30 13 21 44 18 8 27
6 8 5 10 15 11 5 5 11 20 14 4 4 9 9 9 23 2 4 12
5 8 10 4 14 8 5 5 7 18 24 11 6 11 14 12 25 10 12 12
2 8 1 1 24 9 7 8 16 16 17 12 1 17 14 17 33 8 13 7
4 1 4 4 6 7 4 6 10 10 9 6 6 6 9 7 15 6 4 1
13 5 13 6 21 16 9 11 11 17 23 22 12 24 13 15 37 14 18 14
7 5 5 10 19 8 8 10 14 15 16 16 9 15 10 10 34 3 12 13
9 4 4 4 16 7 1 1 9 14 7 9 1 12 1 10 12 5 4 9
20 15 28 23 26 20 25 15 21 22 29 22 26 30 19 21 30 15 13 30
15 12 17 18 27 20 23 20 29 30 34 16 11 13 29 24 48 25 18 20
25 14 22 21 33 33 26 20 27 44 46 27 12 32 34 36 65 26 22 37
1 1 1 8 8 8 2 4 9 10 4 1 2 1 1 2 18 1 1 5
19 14 25 35 28 19 22 10 11 46 31 20 7 22 30 28 40 8 10 38
14 19 10 21 23 26 19 18 18 37 29 6 10 19 24 22 47 16 13 28
11 13 11 7 20 5 15 9 16 36 25 8 7 19 12 26 21 18 9 23
11 10 10 10 18 18 17 14 20 25 27 5 11 17 12 21 34 16 14 17
2 11 17 11 34 20 24 16 24 35 31 13 9 26 21 18 49 29 19 19
8 1 21 8 17 1 16 2 18 16 27 16 17 13 16 15 19 15 16 13
27 31 20 30 44 34 34 39 33 56 48 29 22 40 43 43 74 23 31 48
19 11 29 21 34 26 36 23 40 42 45 24 24 28 39 33 52 25 26 29
8 11 2 14 21 13 13 7 20 18 19 5 4 12 10 8 29 13 13 10
7 6 12 9 17 12 9 5 12 18 23 13 7 19 12 11 33 12 10 13
1 6 13 14 26 11 17 8 21 23 17 14 12 17 18 13 22 8 8 13
10 16 24 20 33 15 24 19 32 41 43 26 22 27 33 29 43 10 25 31
3 1 1 5 12 1 1 2 7 13 6 6 3 8 1 6 17 1 1 8
5 7 3 8 13 11 4 3 8 11 12 3 6 4 4 5 22 3 6 10
24 22 19 19 42 16 28 24 41 37 56 35 25 36 46 41 64 30 45 26
18 18 28 18 38 30 38 16 28 48 44 6 23 35 27 31 52 28 21 39
2 1 1 3 9 4 1 1 4 10 1 1 1 4 1 3 9 1 1 2
35 24 34 28 33 32 34 26 33 32 38 36 33 45 29 32 55 20 25 40
22 6 21 17 46 20 22 11 28 37 48 32 16 39 28 37 60 24 32 25
3 2 5 9 11 9 5 3 4 14 6 5 3 11 3 4 20 3 1 7
1 1 1 1 4 6 1 1 1 10 2 2 1 6 2 3 11 1 1 2
19 25 27 25 41 9 28 24 32 53 48 31 24 36 33 39 42 20 26 42
15 19 6 16 21 16 9 14 14 20 28 17 13 21 16 15 41 5 20 24
33 36 35 21 50 33 46 37 54 62 67 31 37 47 48 50 65 43 46 52
10 10 12 11 12 12 15 8 11 26 18 7 1 13 15 16 30 9 4 13
11 9 11 14 10 18 9 6 6 19 17 9 5 13 14 12 29 9 7 14
13 6 20 25 37 15 25 13 33 44 30 26 22 35 22 28 44 2 17 35
32 40 26 36 43 38 36 37 35 41 51 30 29 44 37 43 66 25 29 46
15 11 16 19 15 21 16 10 12 32 31 12 8 15 23 22 40 12 9 23
25 28 44 31 54 24 38 21 27 45 58 33 28 43 39 43 71 35 44 39
20 19 38 44 52 32 37 9 34 49 51 27 29 41 31 26 65 28 32 44
29 21 30 29 51 31 46 22 51 48 58 38 30 56 40 35 66 32 43 32
45 43 33 45 61 50 54 39 58 59 66 33 30 51 53 45 92 48 48 52
3 3 3 3 11 7 1 3 5 8 3 9 1 15 5 4 18 1 3 5
10 11 11 7 17 17 14 10 18 27 27 10 7 16 17 19 32 18 14 15
28 39 22 25 55 27 37 27 44 59 51 21 15 46 26 42 56 39 35 46
19 22 22 34 34 34 25 18 15 38 41 18 10 29 25 22 61 15 23 33
36 33 37 33 57 33 37 34 46 49 53 40 29 51 33 44 72 37 31 50
21 9 22 15 33 25 19 6 22 31 39 22 11 28 22 27 50 25 20 22
6 3 10 3 15 13 8 10 10 10 17 12 8 23 8 10 31 13 7 10
5 6 8 7 14 6 8 5 13 18 7 5 7 9 7 9 13 4 1 8
9 12 10 14 26 12 19 5 22 30 28 1 9 16 11 13 26 13 11 15
13 27 12 26 46 32 29 24 26 43 35 10 8 35 25 24 64 19 23 28
4 8 10 5 18 11 5 3 6 17 20 14 1 14 13 8 31 11 11 7
49 25 51 50 53 47 53 26 33 61 57 35 37 50 37 54 71 33 27 65
27 40 18 39 48 36 35 30 35 46 50 21 23 39 38 32 72 27 38 46
2 1 5 10 9 9 4 1 5 13 7 4 1 4 7 2 21 2 3 7
7 10 10 8 23 1 9 5 19 31 19 9 4 17 10 16 15 6 3 19
1 4 2 4 7 1 2 1 1 10 6 2 1 8 3 1 14 1 1 4
47 47 19 33 73 58 49 41 62 62 60 34 24 64 42 37 87 53 48 52
10 6 27 21 28 19 28 12 25 33 29 16 28 27 17 23 25 9 16 28
48 29 29 47 53 48 49 29 48 66 64 33 16 39 49 50 75 38 39 58
31 25 29 40 53 34 33 14 37 54 41 31 31 40 23 21 62 25 16 49
7 7 22 22 32 21 22 5 24 32 34 24 14 33 27 20 44 13 18 22
22 5 18 17 15 16 15 9 15 25 26 23 12 16 21 21 44 10 17 28
8 10 12 12 23 6 12 13 14 32 24 9 11 16 12 22 26 5 10 21
33 30 32 38 65 41 40 30 45 44 48 43 25 57 36 41 84 41 31 38
22 37 32 51 70 51 50 29 45 61 48 29 32 58 36 28 85 31 31 53
4 5 23 15 27 12 20 7 20 31 29 19 10 22 26 17 37 16 11 17
30 13 28 47 54 23 37 6 31 50 44 29 24 34 32 32 64 13 24 42
3 15 19 22 50 25 28 18 27 42 35 23 13 41 23 21 52 19 20 24
4 1 1 8 10 11 1 3 6 9 6 2 3 6 1 3 27 1 2 8
17 13 34 33 47 26 31 16 30 48 43 26 20 32 34 30 55 26 21 34
4 3 1 8 5 10 3 5 7 16 8 4 1 6 9 8 19 6 4 9
45 21 38 48 61 44 42 16 32 53 50 43 22 55 33 50 74 25 21 53
3 6 1 10 13 10 1 4 2 13 8 6 1 7 8 5 29 1 1 9
8 7 14 9 15 16 12 10 16 19 24 13 3 8 22 16 36 17 16 9
11 8 1 5 16 9 4 5 11 14 13 7 8 9 5 10 19 1 6 11
11 6 15 10 14 7 7 6 14 19 24 18 11 16 13 16 26 15 15 16
16 17 12 23 38 24 23 8 29 39 32 10 5 31 17 16 40 22 15 28
34 17 40 34 42 38 36 10 22 34 46 29 22 32 28 35 56 27 23 36
40 32 33 25 54 26 38 35 55 57 59 41 30 45 43 50 67 40 42 51
13 16 18 28 27 17 18 7 7 31 11 9 12 23 10 11 36 7 3 29
20 27 28 19 29 12 32 28 24 48 48 22 29 33 30 41 46 22 32 39
2 7 3 8 22 14 10 9 15 15 16 11 1 13 13 10 34 13 13 9
15 15 11 17 11 11 12 16 15 28 27 11 9 8 22 23 29 7 11 21
6 7 1 6 8 13 1 1 2 7 7 4 4 11 3 1 22 1 2 8
5 3 1 6 8 9 2 2 6 7 8 3 4 2 3 3 18 1 3 3
8 3 21 17 35 15 25 7 22 30 29 9 17 26 10 15 32 19 17 23
5 6 7 5 11 10 7 7 15 11 18 9 7 5 12 8 17 11 12 4
39 31 30 40 59 45 42 21 39 64 59 30 12 48 40 47 69 37 29 53
24 25 23 30 50 26 22 21 30 36 37 29 19 36 22 28 59 20 25 42
22 15 14 14 21 15 19 14 28 31 28 20 18 27 15 21 38 14 21 29
34 29 33 49 52 55 50 26 38 59 45 33 15 41 34 19 79 44 24 46
24 18 29 34 41 26 26 11 28 46 33 30 17 38 27 30 48 14 12 43
24 11 16 18 33 15 8 7 20 34 39 33 6 23 24 30 48 13 23 30
9 22 14 16 37 8 16 21 23 42 32 17 9 27 20 29 37 12 16 31
3 6 2 5 6 4 1 1 1 11 6 1 1 5 3 2 16 1 1 5
11 6 11 4 15 9 12 5 8 22 27 16 11 23 14 18 35 6 13 18
27 23 33 22 20 17 30 24 25 48 49 27 29 31 33 37 51 28 33 42
2 1 1 1 8 1 1 1 5 3 6 7 4 5 4 2 7 2 3 1
11 19 27 28 45 20 27 13 28 46 41 19 13 32 25 23 51 27 20 34
2 14 7 10 17 1 4 9 3 18 15 11 6 12 12 11 18 1 8 12
1 5 1 1 9 2 2 3 4 16 8 3 1 8 6 6 20 2 1 2
2 8 1 2 6 5 6 7 9 19 11 1 1 5 10 10 18 6 3 6
8 9 11 8 13 10 13 7 9 21 12 4 8 18 6 16 18 9 2 14
30 27 44 44 56 43 50 20 40 48 45 26 39 54 27 40 52 25 28 49
6 5 9 6 14 9 9 4 11 17 13 6 6 9 7 9 13 6 6 6
12 11 10 14 24 9 12 7 18 34 19 11 4 22 13 19 27 9 3 22
27 14 37 35 48 30 33 16 23 35 32 29 28 43 19 28 63 26 19 40
19 12 29 23 46 30 39 23 35 43 40 28 26 45 23 21 49 33 28 32
2 4 8 9 9 8 7 1 4 17 12 3 1 6 8 4 20 3 2 8
28 29 23 34 39 34 26 5 19 30 31 23 18 32 14 11 55 27 19 35
15 14 23 29 36 19 24 10 25 46 36 15 12 22 28 22 51 17 16 37
13 15 27 21 30 14 19 9 10 23 33 19 17 26 21 23 45 24 22 27
6 3 1 7 11 7 1 1 7 10 7 6 5 5 3 6 11 1 4 8
10 8 16 28 29 21 18 5 11 27 7 5 13 22 7 7 39 5 1 26
19 13 42 25 51 13 36 8 25 48 37 27 31 44 24 29 44 31 26 39
30 31 48 54 69 27 47 20 41 61 64 47 31 49 53 47 83 31 40 57
52 35 29 45 63 51 52 35 59 63 53 37 30 66 38 41 87 41 45 54
6 10 9 15 22 11 10 5 13 15 21 12 8 9 10 5 34 9 13 15
33 36 37 48 63 58 57 36 59 60 56 27 36 56 49 36 73 36 43 48
16 11 16 21 24 27 18 9 11 20 17 6 14 23 3 15 35 10 9 23
4 6 10 9 13 9 11 4 11 21 10 2 4 14 8 9 17 5 1 12
28 23 23 28 42 23 30 20 37 32 38 32 25 41 25 27 57 17 23 37
10 15 19 21 37 15 29 19 26 45 38 16 22 36 25 28 51 17 20 39
23 16 25 24 38 26 35 12 23 41 35 9 24 35 7 20 52 28 22 33
14 22 24 32 28 15 29 24 27 49 42 20 21 24 36 31 44 13 22 40
29 28 26 34 66 25 52 17 43 61 57 20 27 56 38 42 71 42 46 43
9 12 8 7 14 11 9 10 10 16 17 10 10 22 9 14 29 6 3 15
9 3 1 7 16 9 1 3 11 17 8 5 3 13 1 9 21 2 1 15
4 9 1 6 19 10 6 4 11 12 16 8 1 8 10 7 23 9 9 5
15 16 13 13 35 22 24 14 24 35 32 14 13 32 19 30 43 23 22 23
5 7 5 12 15 17 6 4 10 18 11 2 1 11 6 5 32 4 5 12
1 2 4 7 9 10 4 3 6 12 9 3 2 9 5 4 23 3 3 7
25 26 35 42 49 35 46 8 31 53 42 10 28 47 23 17 53 32 26 46
26 27 17 18 51 41 39 22 34 44 41 15 15 52 18 19 64 43 31 28
41 40 44 49 65 32 43 34 41 73 56 45 31 56 32 51 76 24 37 64
1 5 3 3 8 1 3 2 6 14 6 1 1 1 6 4 11 1 1 4
15 5 9 15 13 26 11 2 8 13 14 5 5 10 8 9 31 3 5 14
4 7 3 7 14 13 9 3 14 12 14 4 2 5 7 4 22 9 9 2
32 18 20 22 50 34 37 19 37 52 41 19 18 52 12 33 65 30 27 38
29 36 36 36 76 30 48 26 40 64 58 23 31 63 31 35 68 37 42 52
6 1 5 8 18 8 7 2 10 13 20 13 8 20 4 10 27 7 14 11
31 27 28 46 62 42 40 22 32 58 51 31 15 49 35 34 81 27 33 46
30 24 35 39 51 32 36 18 48 50 50 35 20 36 36 41 59 34 35 47
34 34 26 27 47 38 40 37 45 39 44 31 37 47 36 39 68 23 28 45
11 12 12 7 26 15 18 12 23 27 27 11 12 24 11 21 33 16 14 19
18 17 10 16 36 21 20 12 20 32 34 12 14 34 10 20 48 18 22 27
32 29 44 32 34 21 40 29 31 57 56 35 36 41 41 43 56 29 37 51
25 14 34 30 41 25 34 10 31 44 48 27 13 23 41 37 55 29 23 34
15 11 6 13 24 16 4 8 13 29 18 17 3 22 13 18 35 10 6 22
36 41 30 47 58 32 38 23 40 63 51 27 22 41 33 26 60 35 36 51
29 35 32 42 58 29 41 34 43 47 55 40 34 55 52 44 75 28 36 48
17 23 38 35 62 20 38 25 30 60 48 36 23 52 37 41 73 34 32 47
7 7 6 9 15 6 6 3 9 22 9 5 3 10 6 10 16 2 1 10
8 4 5 6 13 8 5 3 8 14 7 6 5 9 3 6 15 1 1 6
17 7 27 17 37 23 27 10 26 40 33 20 10 26 22 26 41 27 15 23
22 31 20 24 36 25 21 28 27 34 40 24 22 31 37 34 58 25 27 35
29 32 47 46 54 31 46 26 29 67 58 33 39 50 36 41 75 28 35 60
22 23 17 15 31 32 27 23 30 27 40 16 21 32 24 29 50 30 28 26
15 8 17 20 18 27 24 13 16 33 22 10 3 18 21 18 39 14 4 21
4 7 5 1 7 8 6 7 10 16 11 5 5 9 9 10 15 6 1 6
3 4 9 3 7 1 1 1 7 4 14 13 5 1 12 5 11 11 11 1
14 6 8 2 10 3 4 7 15 14 22 21 10 17 13 15 28 9 15 17
40 38 46 50 57 28 36 29 39 58 55 46 29 45 39 49 64 26 37 58
34 16 25 36 39 36 35 7 23 45 43 17 13 31 23 27 48 26 22 38
6 13 20 20 22 14 18 10 19 35 30 14 13 21 25 18 32 11 10 24
1 3 1 1 4 9 1 5 4 7 4 1 1 7 4 2 17 2 1 2
29 43 26 31 44 33 44 51 47 54 46 39 30 53 41 35 71 30 36 47
8 4 5 5 11 6 4 4 8 11 7 6 7 9 1 8 10 1 4 7
8 10 9 13 19 14 12 12 16 27 19 11 5 12 18 16 35 14 11 15
1 1 4 5 18 11 6 4 10 12 6 2 2 10 1 2 19 3 1 1
3 1 2 4 16 1 4 2 11 12 3 6 3 8 3 7 10 1 1 4
13 29 18 32 49 26 32 22 33 48 46 21 20 41 35 29 62 20 30 37
38 40 28 47 60 43 46 21 40 65 50 16 26 44 35 36 73 30 25 60
16 20 17 26 41 27 28 29 35 47 34 22 19 30 27 25 47 15 19 32
38 7 33 33 41 36 32 10 18 45 41 30 13 41 23 40 48 25 18 47
2 2 1 1 16 3 1 1 8 9 8 3 2 3 1 2 15 1 1 5
6 4 15 15 19 9 8 2 13 24 22 12 5 7 15 10 34 10 11 13
4 4 1 9 5 10 4 1 1 6 4 5 4 8 4 1 16 1 1 9
16 6 11 13 13 20 9 8 9 16 26 15 8 8 17 13 36 7 12 16
15 28 23 16 33 20 32 25 25 46 38 9 22 34 28 35 43 28 25 39
8 5 21 29 33 22 25 11 21 41 27 15 12 24 25 16 51 10 6 29
55 29 36 38 60 47 42 36 42 53 51 53 22 62 32 55 76 30 31 56
1 1 11 9 29 12 17 8 14 28 15 7 3 20 6 13 29 15 6 14
10 8 9 11 15 9 9 4 13 16 8 3 11 14 5 8 14 1 3 15
24 15 12 8 33 13 11 16 25 21 30 34 11 34 15 29 42 15 23 25
7 4 4 5 13 3 4 1 8 16 4 5 1 8 2 7 8 1 1 7
22 20 19 18 43 38 35 29 44 46 43 18 21 33 35 31 60 31 26 35
7 1 6 11 15 1 8 4 14 22 8 5 8 10 3 10 16 1 1 16
1 4 8 1 10 12 9 6 11 14 13 4 5 11 7 10 19 10 7 5
39 36 50 54 64 50 60 37 54 63 57 38 51 66 38 50 80 29 34 64
36 27 25 41 47 46 42 19 36 53 54 22 13 34 43 30 73 37 33 43
15 13 10 19 21 11 15 16 22 39 28 12 10 12 20 25 34 7 12 28
1 1 1 1 2 1 1 1 5 2 3 2 2 3 1 2 9 1 1 1
1 6 1 7 12 4 2 4 5 14 7 1 1 3 6 5 16 1 1 6
21 34 38 39 48 36 46 45 48 59 51 40 40 53 45 40 64 14 37 51
43 27 40 39 42 35 42 28 39 38 58 39 31 38 51 51 70 40 38 45
13 7 10 12 25 14 15 16 23 26 16 12 12 18 14 18 29 10 8 17
5 11 15 14 19 15 13 5 14 20 22 10 7 17 16 8 28 12 12 16
4 3 6 6 12 13 4 1 7 10 18 10 1 14 7 3 30 9 10 4
38 28 35 36 50 29 31 16 27 54 50 39 17 44 27 38 71 22 30 54
30 20 30 43 49 26 38 7 31 53 36 33 20 37 27 27 58 22 13 42
6 8 12 13 15 10 12 8 15 23 19 6 10 10 9 11 23 7 7 16
28 18 36 45 48 34 40 24 37 47 43 41 34 52 39 38 70 7 30 49
10 1 5 15 7 16 6 2 3 16 4 1 1 5 6 9 23 1 1 14
6 4 1 4 5 10 1 5 8 7 7 4 6 5 5 5 17 1 3 5
8 10 1 5 17 8 6 12 15 16 22 13 10 11 15 13 24 7 12 11
8 6 3 10 17 13 5 10 11 18 17 5 4 7 10 12 33 1 5 12
32 33 38 26 55 14 27 30 38 42 60 50 26 45 32 48 59 34 45 42
43 39 39 44 50 50 61 33 57 72 75 33 36 53 59 51 77 37 45 63
3 2 4 11 9 4 5 2 9 13 3 2 5 3 3 4 12 1 1 7
24 13 14 12 17 20 18 9 20 32 35 16 12 21 18 25 36 10 16 27
23 14 20 23 28 21 24 9 21 45 32 10 12 24 18 32 36 14 7 38
10 9 27 31 39 32 29 17 26 36 30 26 17 39 28 23 57 16 19 32
23 9 11 11 22 21 11 6 17 28 26 14 9 24 9 23 34 8 9 26
27 43 33 32 53 33 43 34 30 50 56 25 33 50 37 49 63 36 37 51
35 23 32 43 48 44 31 6 20 37 40 29 19 35 24 20 76 27 20 37
21 19 26 18 33 16 32 21 30 46 47 23 24 40 30 39 56 19 30 39
1 5 3 6 13 2 4 1 4 11 4 2 1 5 2 2 12 1 1 6
31 45 26 33 68 39 37 45 43 61 49 38 20 64 27 50 79 37 36 51
35 27 33 22 48 24 38 28 51 56 57 36 32 41 45 48 54 38 36 45
28 15 19 27 36 29 21 11 19 37 45 28 7 24 30 32 54 15 23 34
14 8 14 20 32 19 20 8 29 31 25 11 13 29 11 18 34 13 10 25
1 7 1 9 12 7 6 5 14 18 14 1 3 1 8 6 22 3 4 9
30 25 41 36 49 24 38 10 32 60 39 30 30 44 15 25 40 35 15 49
13 7 18 17 32 28 25 6 17 33 24 5 8 26 9 18 41 15 9 21
18 17 23 30 41 23 30 18 32 54 37 18 15 30 30 30 49 20 12 39
26 21 40 48 58 33 45 28 50 61 63 47 34 51 57 50 81 22 44 50
35 30 45 57 70 44 46 24 41 71 57 38 30 52 39 47 73 21 32 65
7 4 8 4 7 8 4 9 11 12 15 11 8 8 12 8 18 9 10 5
30 36 41 39 51 28 39 31 21 51 52 36 32 55 39 51 69 26 31 51
9 2 4 10 9 5 2 1 8 21 11 8 2 8 6 9 18 3 2 12
1 16 6 10 18 4 11 14 11 28 24 11 3 17 21 17 36 13 13 18
25 26 35 43 54 32 27 24 28 39 41 40 28 42 39 36 66 15 22 46
4 4 1 6 17 13 1 6 7 13 15 7 3 17 4 6 34 1 6 11
35 33 24 32 43 31 32 27 32 42 37 29 31 41 28 35 57 31 18 48
31 30 17 47 70 46 51 30 55 58 46 29 14 54 40 26 76 39 39 39
15 17 11 19 28 13 11 14 23 36 22 13 8 18 16 23 30 11 9 28
26 33 47 36 46 14 46 33 53 50 69 45 42 44 57 51 66 38 48 52
20 26 20 15 28 25 30 25 25 44 39 15 19 30 33 34 46 29 22 33
6 4 4 1 10 1 4 1 5 16 9 6 1 10 2 8 10 3 1 7
8 2 13 9 7 13 12 1 3 20 15 2 5 9 6 13 16 6 4 12
8 5 17 16 21 8 19 10 24 28 27 17 18 22 18 16 26 9 12 21
16 14 14 8 12 8 21 18 21 38 31 12 17 23 19 29 38 15 15 28
50 31 46 41 65 44 42 26 32 58 63 48 25 58 34 58 73 34 31 63
29 23 20 20 50 27 33 22 46 43 37 23 17 45 13 25 42 28 25 29
36 22 35 21 54 23 41 26 43 48 52 47 31 63 29 44 72 45 44 46
2 2 1 1 8 5 1 4 7 14 3 1 1 4 4 8 18 2 1 3
27 23 29 41 48 36 39 28 26 60 40 27 17 38 28 32 64 22 20 48
18 11 19 29 26 29 20 10 15 28 17 8 15 20 11 13 43 10 9 28
17 10 8 17 25 7 14 12 19 36 34 22 7 25 23 32 40 7 15 26
34 22 29 41 50 38 35 15 34 51 55 25 16 34 40 26 59 23 29 42
42 28 50 32 57 33 53 31 48 53 58 44 45 60 35 46 75 54 49 51
10 16 19 23 32 14 19 14 13 35 33 25 5 18 34 27 49 10 19 24
21 10 25 12 37 16 26 15 23 41 37 24 23 44 16 30 57 28 26 37
2 1 1 7 4 4 1 1 1 11 1 1 1 3 1 2 10 1 1 4
27 23 17 32 42 35 31 32 35 37 19 20 19 37 15 25 52 21 9 36
24 11 26 23 34 21 28 13 26 51 43 21 20 34 26 37 40 13 14 45
18 32 34 47 63 36 45 31 35 62 42 39 20 52 38 21 68 32 30 49
16 10 23 23 35 31 28 11 16 39 33 14 12 32 17 22 56 22 16 30
21 12 12 7 13 11 13 13 18 25 20 17 16 21 13 20 32 6 13 19
5 6 19 11 40 17 21 12 27 27 34 20 12 34 24 21 48 23 21 18
12 16 22 26 42 24 23 14 31 32 41 27 16 35 35 25 59 20 25 26
23 12 11 27 39 27 20 12 25 29 36 25 9 26 24 25 57 12 24 24
17 18 18 19 29 9 16 13 16 44 32 18 8 27 19 33 33 14 11 31
9 7 6 11 22 12 8 9 14 12 13 13 11 22 8 9 31 3 10 15
7 8 6 8 13 15 8 1 10 6 16 10 1 7 9 1 23 13 15 1
3 1 10 13 7 9 5 1 1 17 10 6 1 7 9 3 30 5 3 10
12 20 16 19 36 10 15 14 26 37 29 17 11 20 20 24 25 12 16 27
4 3 7 5 8 5 6 1 3 12 9 7 2 9 5 4 13 6 4 4
1 11 3 8 15 5 1 6 2 14 13 10 4 13 10 8 26 1 5 11
24 34 29 23 31 24 30 39 26 37 41 33 29 45 33 35 56 19 27 39
5 2 7 3 6 3 8 3 10 14 11 2 8 10 1 7 11 2 3 8
2 8 2 6 13 1 3 3 6 15 10 5 2 3 8 7 13 1 3 8
23 22 27 29 33 34 38 20 22 51 32 10 22 33 26 30 52 30 17 42
3 5 16 11 24 6 16 1 13 28 16 5 10 20 9 13 15 6 3 18
33 34 30 32 56 20 35 38 44 60 52 42 24 48 33 48 60 25 34 50
32 20 23 28 37 28 21 16 29 35 35 29 16 30 22 32 50 17 15 39
1 1 1 4 11 2 2 1 7 10 4 1 2 2 2 2 10 1 1 3
29 32 27 35 63 27 35 20 35 51 53 37 18 56 30 45 66 30 38 42
17 18 19 23 25 29 18 22 22 19 22 21 16 26 20 17 48 22 10 21
22 5 30 30 38 29 31 14 26 42 46 32 8 30 37 36 64 26 27 35
1 1 1 2 8 3 3 7 7 11 6 3 1 1 8 8 13 6 2 3
37 36 40 45 71 28 55 29 62 47 68 41 37 55 56 47 73 52 58 46
33 27 44 54 67 30 47 21 52 52 72 56 39 62 56 47 86 29 58 48
1 1 4 11 11 5 7 3 12 15 8 2 5 4 8 4 18 3 1 7
15 31 37 34 59 41 47 39 52 63 58 33 31 46 47 42 65 36 38 43
13 14 2 5 25 13 11 11 21 22 19 10 8 20 11 20 30 11 8 20
29 13 31 26 40 21 28 16 39 25 40 32 29 35 30 30 49 23 29 34
14 2 7 11 14 9 7 5 15 22 11 6 6 12 6 15 15 3 3 15
13 15 21 16 32 14 29 17 30 44 42 17 21 29 29 26 50 22 25 34
26 39 24 34 50 41 35 38 35 40 45 25 29 44 36 35 72 31 27 45
31 23 36 34 41 35 38 19 25 40 49 27 20 32 41 44 67 31 23 43
25 23 23 20 32 7 22 19 31 45 36 26 21 33 20 30 35 14 20 40
1 5 1 1 14 10 9 12 13 16 5 1 1 10 4 6 21 9 1 1
5 11 8 18 29 11 15 14 12 34 27 15 1 22 24 23 48 12 14 20
29 31 27 32 50 39 40 23 31 59 39 13 23 40 29 37 69 26 20 52
3 5 3 6 16 15 10 6 17 10 12 1 4 8 6 4 23 8 6 3
8 8 10 13 14 6 15 11 23 27 23 11 14 14 19 14 24 7 10 19
31 26 31 33 42 29 34 21 25 52 51 28 24 39 31 43 56 15 29 48
12 13 10 13 15 18 10 8 7 21 15 9 6 20 12 13 33 7 4 17
31 26 33 39 58 31 32 25 30 46 50 47 27 52 38 44 68 10 29 53
7 3 6 6 4 8 3 2 6 14 18 8 2 5 15 8 25 6 5 8
15 13 6 12 32 18 9 7 19 21 17 16 6 28 8 17 34 11 12 17
8 6 1 6 10 5 1 1 9 12 8 6 6 7 1 8 11 1 1 8
8 6 5 9 19 13 7 9 17 15 18 13 9 14 10 11 27 9 12 9
7 20 24 26 45 20 27 18 25 45 41 22 20 39 31 29 51 18 22 37
30 24 21 34 49 32 30 14 48 47 50 30 23 44 32 26 52 25 34 43
9 6 10 18 18 21 12 3 9 23 17 7 1 16 9 9 39 8 7 16
34 40 29 31 59 20 36 36 50 50 57 47 28 56 38 51 65 24 37 56
3 9 5 4 9 7 5 7 8 18 15 7 1 6 14 10 21 8 5 6
17 5 18 13 36 27 20 12 22 34 31 22 8 32 17 24 46 23 16 21
19 10 12 7 25 3 12 13 25 32 26 26 13 29 13 25 31 11 18 25
26 19 23 26 34 20 26 19 28 40 34 22 25 36 23 33 39 10 9 41
8 13 13 25 17 11 12 11 9 30 19 9 6 7 20 16 31 3 8 23
47 35 46 45 55 20 38 27 42 57 61 52 29 45 43 53 75 31 43 64
7 7 3 9 8 5 4 4 7 6 12 6 8 8 5 4 17 1 4 14
28 12 39 33 47 27 42 15 26 52 40 23 33 50 24 34 61 22 23 49
35 27 33 29 41 20 35 21 39 37 44 31 25 37 37 45 48 35 28 42
21 11 25 25 24 23 25 8 16 32 31 13 21 25 17 23 35 8 10 35
34 19 45 33 42 23 40 15 33 51 54 28 39 42 34 42 58 28 33 53
15 13 13 17 31 17 21 8 30 35 34 9 13 26 15 20 32 14 12 24
14 6 8 12 29 16 8 8 15 20 22 26 1 26 19 20 41 13 15 14
6 7 12 13 19 13 12 4 10 25 16 7 5 17 8 12 26 9 7 18
25 19 21 32 50 28 22 17 26 39 38 34 9 41 31 35 66 15 20 35
19 26 34 45 49 36 37 19 30 42 32 23 32 38 28 26 55 15 12 46
42 26 30 22 45 16 33 22 41 55 54 46 29 56 34 53 58 26 39 47
9 8 7 9 9 15 6 14 15 12 20 13 9 15 15 11 32 14 12 12
45 22 53 40 67 40 53 17 54 64 73 43 37 58 42 58 73 43 45 58
16 15 16 10 29 12 15 9 23 35 26 15 10 28 12 23 26 15 8 26
11 9 4 5 20 15 6 7 18 17 19 10 8 15 9 12 28 7 11 13
17 12 17 28 33 30 25 8 20 31 24 7 10 30 14 15 42 16 11 25
34 28 33 26 40 15 32 23 41 44 49 39 27 41 35 44 56 33 32 46
20 14 9 15 25 32 22 15 24 27 27 7 10 24 11 15 44 16 16 15
8 10 4 8 18 12 10 15 15 16 17 10 10 16 9 9 35 4 9 16
32 19 17 21 46 33 29 24 39 44 31 28 15 43 16 26 53 19 20 37
27 21 26 20 52 27 35 27 41 55 52 31 21 43 27 38 66 39 33 39
19 16 18 26 39 26 22 18 30 43 36 19 10 19 24 25 53 25 19 31
11 7 15 19 32 15 18 8 29 36 28 19 18 30 17 20 38 1 13 30
32 26 39 45 42 29 33 21 26 48 49 37 29 28 36 31 66 30 25 45
27 9 29 25 39 31 32 10 21 44 26 15 15 38 12 30 37 17 3 39
15 14 9 18 29 13 10 11 18 27 24 15 14 22 14 17 35 1 12 29
23 25 37 53 75 41 49 27 45 64 52 43 27 60 41 41 78 20 37 47
28 33 17 9 53 33 30 28 45 45 54 27 17 45 33 36 60 43 38 32
3 3 6 11 15 9 7 2 12 14 12 2 9 5 5 1 16 1 2 11
1 6 1 6 11 10 4 1 7 5 8 1 1 6 1 1 15 5 7 4
21 20 35 28 59 27 33 16 32 55 46 30 30 54 26 40 55 20 27 49
1 3 1 4 13 4 1 3 5 8 3 10 3 12 5 5 16 1 4 1
25 28 13 31 53 27 23 16 32 41 43 24 12 42 25 19 58 24 32 32
4 3 8 3 21 7 9 3 12 22 20 14 1 15 11 14 28 14 11 8
9 6 19 13 27 9 21 7 23 34 21 11 14 23 14 22 14 13 5 21
24 18 35 29 45 20 26 9 32 48 42 35 18 43 24 32 47 26 22 43
14 9 20 22 42 20 23 8 11 34 20 17 13 42 7 21 50 14 12 31
1 6 1 7 6 7 1 1 1 8 8 1 1 3 3 1 21 1 2 8
19 20 7 15 31 22 26 17 37 30 30 8 15 20 20 21 34 22 25 21
9 11 3 7 24 16 10 13 16 25 14 10 4 16 8 9 25 12 4 11
5 7 21 13 30 9 16 4 15 29 29 18 9 19 18 18 40 21 17 17
6 7 1 3 8 14 5 12 13 12 12 3 5 11 8 7 27 8 3 8
21 36 28 28 42 20 39 38 40 57 54 26 34 40 43 42 59 21 37 47
21 15 8 8 29 17 7 12 20 25 23 12 5 27 1 19 34 11 11 24
10 8 6 7 22 11 10 9 20 23 20 7 8 12 8 14 28 6 9 12
14 18 17 13 32 18 20 14 19 34 35 21 13 33 27 29 49 22 20 26
19 22 28 27 33 17 25 22 28 30 38 27 24 32 31 28 43 18 15 33
4 7 3 11 10 5 4 2 7 15 9 3 4 4 6 3 15 1 1 9
4 1 2 3 11 5 2 1 7 15 8 4 2 12 1 7 19 1 1 7
24 18 12 19 23 14 13 14 19 28 23 20 17 24 14 22 32 5 12 33
5 8 10 7 21 10 19 14 15 28 19 6 12 23 4 12 29 13 7 17
9 9 17 13 15 5 15 12 17 27 23 15 14 14 17 12 28 9 14 20
15 5 12 15 21 15 18 12 15 33 26 13 8 18 16 25 39 10 9 24
10 18 30 38 47 31 32 25 35 47 39 31 18 36 40 28 67 20 25 39
9 11 16 18 29 23 20 3 9 24 18 10 9 25 1 2 39 21 6 17
25 11 27 34 44 34 24 6 20 33 39 29 10 32 27 25 65 18 23 31
24 11 36 38 27 26 32 5 13 47 36 19 14 26 29 25 46 22 10 42
18 31 34 40 63 26 41 29 40 50 53 33 25 43 40 32 77 37 41 37
15 23 11 22 34 25 23 23 20 42 23 4 12 24 23 25 53 19 14 35
21 20 29 39 50 26 33 12 18 46 44 26 18 44 28 35 67 16 31 40
11 13 5 5 22 10 12 14 25 26 24 8 9 11 14 20 27 10 13 17
28 24 36 23 54 39 50 27 47 60 56 15 37 48 36 44 61 43 39 50
1 5 20 20 32 11 19 3 17 33 26 17 13 24 19 16 26 5 10 24
30 30 27 33 65 37 43 25 51 60 50 33 11 53 30 37 65 36 30 37
8 1 11 13 9 7 7 3 11 22 19 10 5 8 13 10 29 5 8 16
39 33 53 44 53 31 46 24 29 58 56 31 40 47 36 47 75 40 32 58
1 6 6 6 11 7 7 3 7 9 5 3 4 6 4 1 16 1 1 6
5 5 4 7 8 10 4 1 5 9 3 1 3 11 3 3 17 1 1 6
13 12 3 13 28 27 15 20 26 26 17 10 8 23 10 17 39 18 9 20
13 8 14 11 11 16 15 7 14 27 37 10 7 10 20 20 34 15 15 17
35 35 21 27 55 38 36 34 45 44 54 37 22 56 35 40 78 34 35 41
6 2 14 8 18 5 16 3 13 28 17 5 10 16 9 16 16 10 3 14
28 13 26 31 38 21 34 13 21 49 46 26 21 40 30 41 64 18 25 42
35 31 33 29 54 31 30 27 43 43 48 43 28 48 37 43 62 31 29 44
31 45 34 41 66 41 47 41 49 42 56 32 31 49 49 42 84 47 46 45
9 18 13 25 39 22 21 17 16 40 13 11 7 24 9 9 45 16 5 24
28 17 29 33 50 28 30 8 33 31 46 33 13 40 36 31 67 28 33 27
9 5 7 6 20 12 5 6 16 21 15 14 2 17 8 10 25 13 7 12
45 37 39 32 42 31 40 20 47 63 62 43 32 36 38 40 67 43 34 57
8 20 26 24 29 7 25 21 26 39 42 24 20 26 34 27 36 18 22 30
1 3 7 3 7 3 7 1 5 12 11 1 4 7 2 4 10 3 1 4
13 9 6 12 7 10 8 11 14 19 23 10 9 7 18 16 28 8 9 15
1 1 1 3 12 9 1 1 5 4 4 3 1 9 1 1 16 1 2 2
23 25 31 30 57 29 36 23 31 61 44 26 14 44 20 30 57 37 29 46
9 3 9 14 18 8 6 1 11 24 15 10 5 8 6 7 27 7 6 19
23 12 29 27 21 16 28 13 21 45 37 21 16 18 29 28 45 16 16 35
9 1 8 12 23 10 9 1 13 19 7 14 6 18 8 9 22 4 5 13
1 3 1 1 6 3 1 1 1 11 10 1 1 4 4 1 11 1 1 2
34 15 26 30 36 39 39 17 31 45 42 25 16 42 26 28 64 25 24 39
23 26 35 44 49 24 28 17 23 29 43 35 26 35 33 28 68 16 30 42
4 5 5 3 15 8 6 6 12 13 14 9 3 5 12 10 19 10 9 4
1 1 17 14 13 8 14 1 18 22 20 12 10 10 19 10 18 8 7 10
11 3 16 20 13 19 16 1 10 25 18 6 9 14 10 11 27 8 6 21
13 20 22 24 29 12 19 20 23 34 44 26 17 20 32 27 54 18 31 26
18 19 12 18 36 21 17 20 25 44 38 17 5 22 25 32 45 17 17 31
6 19 37 35 37 19 33 16 20 44 44 26 30 39 32 29 43 11 26 43
23 25 26 27 49 20 32 10 34 55 47 16 15 41 21 32 41 29 27 42
16 12 13 14 31 12 8 10 24 29 32 25 10 19 19 22 42 18 19 25
21 4 28 12 20 12 25 9 20 32 42 15 19 16 24 33 38 26 25 24
2 1 4 4 16 15 4 8 10 12 13 9 1 8 13 9 33 13 9 5
21 6 7 18 35 21 9 6 20 21 25 29 7 33 16 21 45 12 20 19
4 5 8 5 9 8 4 1 6 9 12 12 5 10 10 4 20 8 8 1
13 11 9 16 24 21 15 11 17 18 15 8 9 22 7 14 37 9 9 16
30 13 25 39 52 26 29 11 29 51 43 35 13 44 35 39 68 19 25 41
34 27 45 48 53 46 43 33 44 36 43 42 42 45 41 36 61 35 29 44
34 30 37 26 48 24 39 25 42 62 60 30 20 36 39 53 57 46 39 49
51 36 47 52 73 45 49 21 49 68 70 48 15 56 47 44 75 47 46 56
12 19 8 16 31 20 8 14 14 25 23 17 7 23 16 19 41 7 15 22
13 18 18 26 32 14 16 11 13 27 20 17 16 28 17 17 33 1 4 29
1 1 1 2 6 6 1 1 1 4 1 1 1 9 1 1 14 1 1 1
33 44 46 56 69 46 55 34 35 70 54 35 41 61 43 46 85 28 23 69
15 29 19 28 42 27 25 17 24 40 33 21 20 30 19 16 60 24 15 33
16 9 6 19 24 21 12 6 20 22 16 6 7 14 7 13 34 10 12 16
37 17 56 45 62 31 50 19 44 77 72 44 30 48 40 59 66 35 37 67
7 9 1 6 15 7 1 4 6 17 8 7 1 11 7 9 21 1 3 11
19 18 10 13 29 20 11 6 24 26 31 19 3 26 16 17 37 23 20 17
19 16 33 30 57 16 34 14 29 46 42 30 20 48 30 37 67 34 26 41
37 23 42 47 65 41 54 28 42 57 48 37 34 64 40 53 74 30 26 52
32 22 41 40 65 34 41 25 47 59 49 48 32 54 26 35 67 28 35 53
8 17 13 11 23 9 15 17 17 31 37 18 13 21 22 26 33 11 21 23
18 12 6 12 31 24 13 8 21 24 23 13 5 25 5 13 35 17 12 12
35 18 28 25 52 22 41 14 37 54 55 24 24 44 29 47 62 22 34 38
7 17 10 19 35 5 18 22 19 33 36 25 12 31 28 31 47 7 24 21
34 33 41 33 53 15 31 29 34 55 60 46 29 52 30 54 62 36 41 53
5 9 14 17 25 10 15 7 16 31 19 7 9 17 13 13 29 9 6 18
38 18 43 44 60 45 44 21 44 62 51 47 23 50 43 50 60 22 27 54
27 15 15 17 33 20 17 10 25 32 37 24 7 30 12 21 43 22 25 27
2 5 7 9 13 9 8 6 10 16 9 5 4 10 9 5 22 4 2 6
18 14 13 13 15 15 15 11 17 22 19 12 17 23 11 13 31 4 10 23
1 7 5 7 9 8 6 7 9 12 7 1 4 6 7 6 16 4 1 5
21 16 23 33 41 39 36 10 29 38 32 8 16 40 19 16 46 24 19 31
15 12 17 28 29 20 22 9 24 38 35 13 13 22 21 21 44 6 13 29
6 11 10 11 23 13 19 13 20 32 26 6 12 20 12 18 42 13 12 23
30 26 31 19 56 23 43 25 39 56 57 30 35 55 40 51 69 38 43 45
1 8 16 23 21 8 15 3 12 23 20 13 10 11 19 8 26 4 9 22
2 7 1 3 13 2 1 3 5 12 10 8 2 7 9 7 16 2 3 6
10 16 7 14 41 29 22 20 28 31 24 15 9 32 21 21 55 19 19 20
31 37 35 37 50 35 48 20 48 58 57 28 34 44 35 24 68 41 33 48
10 13 7 14 27 25 12 13 12 17 14 10 8 21 9 6 42 10 6 16
28 31 27 22 35 16 25 28 25 45 46 32 25 42 25 45 43 20 24 46
45 38 18 35 60 45 34 41 45 52 44 42 17 55 22 37 73 33 32 51
1 10 5 9 17 10 5 6 6 13 13 12 1 13 12 6 28 6 7 10
29 34 39 52 58 40 50 26 37 68 59 25 29 47 41 46 70 23 31 61
1 1 1 2 2 5 1 1 2 3 6 5 1 7 4 1 14 2 2 1
13 10 19 14 18 17 21 13 19 35 39 16 13 21 26 28 46 22 20 28
24 14 31 27 42 29 33 20 41 47 47 31 24 33 34 32 55 23 26 35
33 25 24 36 72 39 42 23 58 50 50 40 20 58 26 35 61 31 40 38
6 1 2 6 2 5 2 1 4 11 9 1 3 6 1 5 14 1 1 7
28 20 27 19 48 21 32 13 34 50 51 26 11 41 24 41 58 43 37 37
7 4 14 7 15 5 10 2 14 22 17 12 7 11 12 10 15 9 7 10
1 1 1 3 6 2 1 1 4 8 1 1 1 3 1 1 12 1 1 1
38 38 35 40 57 35 45 35 38 59 52 40 37 58 39 49 81 30 28 61
10 13 16 13 37 25 29 14 23 35 29 6 10 35 8 18 47 30 18 19
4 6 6 5 7 4 5 1 4 14 10 6 1 9 5 7 11 5 3 7
39 23 28 32 46 43 44 32 39 55 47 28 24 43 43 44 69 28 23 52
20 15 29 35 48 22 29 12 29 38 31 31 28 48 19 29 48 6 13 45
1 1 1 2 7 3 1 1 5 7 3 2 1 5 3 3 12 1 1 1
26 15 31 15 29 24 34 23 30 44 42 25 29 41 27 35 53 25 27 36
20 12 9 3 9 6 13 18 25 24 22 19 17 15 18 24 20 11 15 18
39 26 38 28 58 39 36 13 27 43 52 32 17 49 23 40 67 35 26 44
18 20 26 23 34 21 31 10 10 45 30 11 20 37 15 26 54 26 13 40
19 34 38 46 61 42 42 34 43 49 51 36 37 50 41 35 64 9 38 45
7 5 6 9 20 7 9 7 16 17 11 11 7 10 10 12 18 7 5 9
16 13 5 14 28 13 17 8 25 11 29 22 11 25 15 13 37 11 27 11
27 31 43 45 77 29 52 18 46 72 70 34 31 57 47 48 82 45 49 56
19 24 39 48 60 37 43 21 38 57 62 39 18 41 52 41 78 27 38 44
10 10 10 12 17 5 12 10 18 22 18 9 15 11 13 12 17 1 8 17
18 15 37 24 41 21 40 13 38 42 52 19 29 30 33 35 48 38 34 32
12 3 10 12 15 10 8 1 14 22 13 9 7 15 10 9 16 4 3 17
35 27 30 54 64 45 44 16 45 44 47 37 29 57 41 27 72 25 41 42
1 4 1 4 11 11 4 5 10 9 10 6 1 4 8 7 15 7 8 1
7 5 10 10 27 6 12 1 12 21 19 19 7 26 10 18 25 8 11 12
14 24 37 40 41 17 37 21 26 52 40 27 35 38 30 30 47 8 23 47
32 22 16 21 37 27 27 11 31 40 44 14 19 40 15 29 46 32 28 35
26 19 21 23 29 18 22 23 32 22 34 28 25 27 31 35 47 25 25 33
1 5 1 6 8 10 4 1 1 4 8 7 4 5 6 1 15 5 6 5
16 1 12 12 17 15 10 1 5 22 19 14 1 10 13 14 29 3 2 17
39 38 39 43 62 40 43 25 31 61 58 33 17 52 28 46 66 31 36 55
8 7 8 6 17 9 7 3 8 18 16 6 8 15 4 11 21 6 5 12
1 1 1 1 10 5 1 2 4 7 4 6 1 7 5 5 16 2 1 1
3 3 12 9 12 9 12 1 7 14 9 3 8 17 6 5 14 5 1 13
18 15 26 23 44 7 25 8 25 45 32 21 19 36 8 24 32 15 12 41
12 17 25 22 33 10 16 12 16 20 37 25 14 22 27 23 47 24 26 21
17 16 25 11 52 23 36 25 44 51 43 25 24 45 30 36 47 39 25 33
4 5 1 8 13 11 9 2 13 16 12 1 1 6 3 6 20 8 6 2
37 33 36 32 69 24 44 36 60 64 71 51 29 57 43 58 77 46 53 50
18 19 12 17 44 27 26 25 37 42 30 25 9 34 26 26 57 35 22 26
1 1 1 1 5 1 1 1 1 4 1 2 1 8 1 1 11 1 1 1
13 5 29 17 42 21 27 9 29 34 33 26 20 38 21 23 39 26 16 25
26 13 34 36 47 25 29 14 39 54 52 40 24 34 40 39 62 15 29 47
33 38 38 38 57 24 34 34 37 53 47 41 29 54 28 45 52 18 26 53
37 40 45 52 65 43 47 28 47 51 66 39 39 55 45 41 68 35 41 57
22 14 38 33 46 32 38 17 45 40 52 36 34 43 38 36 59 28 36 37
6 6 9 14 18 14 13 3 14 26 23 7 2 13 12 10 37 9 8 16
24 25 10 26 38 37 30 30 29 46 31 14 7 28 26 27 58 20 14 36
28 15 19 29 49 30 23 5 29 34 41 34 5 36 26 27 59 23 31 24
12 24 29 25 37 13 33 24 31 45 49 25 29 35 33 33 41 17 28 36
6 3 11 6 16 1 11 3 12 21 7 5 5 14 5 12 6 5 1 11
1 10 2 5 9 3 1 7 5 14 12 6 2 5 12 8 15 3 5 7
38 45 38 35 58 38 58 52 54 74 59 39 39 68 44 49 74 42 40 63
14 25 32 36 44 15 26 19 28 34 43 33 25 33 40 29 57 20 28 35
5 5 1 5 12 7 1 1 6 11 10 7 3 6 5 5 15 3 5 6
6 15 22 19 47 17 31 14 26 46 40 14 19 40 25 31 54 21 23 34
20 16 12 16 30 22 18 12 27 33 24 14 9 22 17 25 32 17 14 29
17 18 31 26 38 22 33 17 22 33 33 21 25 39 21 28 47 24 16 36
52 30 48 42 51 46 54 22 42 51 65 37 35 51 44 46 77 43 45 52
35 47 25 36 56 41 36 39 41 45 51 34 31 50 39 45 68 30 33 46
5 3 1 4 4 10 1 2 5 9 8 5 3 4 6 4 18 3 3 5
3 6 9 16 22 11 11 4 17 23 16 7 9 10 13 7 26 4 4 14
9 14 7 15 38 11 5 8 11 22 30 29 1 23 20 20 44 9 23 18
32 24 37 42 66 29 52 16 37 75 58 33 29 56 43 52 69 32 30 59
11 19 25 29 57 33 32 15 37 42 42 28 13 42 29 19 60 27 28 25
37 31 43 37 55 43 58 29 43 68 56 32 37 57 31 40 84 41 31 57
26 22 29 34 58 28 29 19 46 50 46 41 24 46 23 37 53 19 33 43
2 9 8 7 24 8 5 6 3 15 17 17 2 18 14 8 33 6 12 10
40 35 32 38 61 41 51 39 37 64 53 36 27 63 35 39 77 33 36 57
22 21 19 2 27 12 31 22 28 40 38 8 28 37 20 36 39 25 25 34
18 12 7 13 35 27 12 8 21 20 19 16 3 30 7 12 38 19 15 15
1 1 1 6 3 2 2 1 2 7 1 1 1 1 1 1 6 1 1 2
44 24 55 51 72 49 60 18 41 72 62 35 30 58 41 49 87 52 31 62
20 16 30 21 25 9 33 14 21 47 38 20 24 29 21 27 43 27 20 36
18 10 18 16 35 19 18 12 15 35 32 20 16 32 14 25 44 14 18 31
40 34 33 42 63 41 52 31 40 68 63 33 28 53 44 54 86 35 39 56
12 12 9 1 20 9 20 16 28 30 31 12 14 20 17 26 25 16 18 20
41 14 34 44 45 37 38 12 31 52 38 29 20 29 24 34 48 24 17 49
24 12 26 35 33 32 30 9 11 43 22 16 9 21 20 20 48 17 4 34
29 30 38 41 76 37 41 21 53 55 61 47 23 57 44 38 71 39 47 42
10 4 11 13 13 20 11 7 4 15 11 6 7 21 6 10 28 9 2 15
1 5 1 1 10 3 1 6 10 11 15 6 3 9 7 7 24 1 4 4
12 15 23 23 49 18 37 13 36 47 46 23 26 45 35 36 53 21 27 31
16 11 8 17 34 19 17 9 28 28 24 15 8 28 14 18 39 14 16 21
1 1 1 5 5 7 1 1 6 6 4 1 1 1 3 1 11 1 1 3
10 12 9 18 23 12 13 11 21 31 26 9 8 8 16 16 36 12 15 22
13 14 6 16 19 10 8 14 17 35 25 8 5 12 17 24 32 7 10 25
6 1 4 5 5 10 3 1 1 11 9 4 1 1 8 6 15 1 3 5
2 2 3 7 11 9 2 1 4 10 6 4 1 7 2 2 18 2 4 4
5 1 4 8 10 12 6 8 11 13 8 5 5 7 8 6 19 6 3 5
13 7 14 13 22 20 10 2 13 22 21 14 3 17 10 12 33 13 12 17
34 29 23 39 46 36 41 22 41 48 41 21 27 38 28 19 65 32 31 41
6 2 1 1 8 3 1 1 6 7 7 7 3 10 2 5 16 1 1 7
27 10 33 31 46 33 39 16 31 54 46 26 20 37 28 33 55 26 20 42
36 28 28 23 39 21 32 24 33 55 53 26 21 39 22 48 52 29 31 52
7 9 7 14 15 6 7 9 9 22 12 4 11 10 7 9 26 3 5 18
1 1 6 1 6 3 2 2 6 7 9 9 1 1 11 5 11 8 7 1
1 9 7 16 15 9 6 6 7 19 16 7 4 7 13 7 28 5 8 17
7 24 18 23 31 22 20 21 16 31 34 16 8 25 25 21 48 17 22 24
6 14 1 14 29 12 8 2 13 12 22 13 1 18 13 9 35 7 18 6
8 16 14 6 36 21 27 15 21 32 30 2 10 31 9 17 43 28 17 14
1 11 9 7 19 11 8 8 13 21 26 9 1 7 19 13 35 14 15 10
36 19 44 34 39 33 40 19 31 51 52 39 30 45 38 41 64 27 31 50
22 1 27 29 40 11 30 7 36 45 44 38 23 41 34 38 39 14 25 33
8 5 6 6 16 8 5 1 8 17 11 10 5 15 4 9 19 4 3 7
11 12 15 21 32 19 21 13 33 35 30 15 19 23 23 25 32 7 13 32
2 4 2 7 17 9 3 2 7 11 10 8 3 7 5 4 21 4 6 5
37 32 32 32 48 35 36 21 35 55 57 30 14 42 27 45 66 38 31 49
17 23 15 34 46 17 27 14 31 37 41 25 14 36 31 27 59 16 33 23
47 41 38 34 49 35 58 31 51 74 68 25 39 54 41 50 73 50 49 61
17 19 24 21 47 24 33 24 37 46 42 25 26 46 25 30 54 21 25 37
9 2 5 3 14 9 5 1 10 14 12 5 5 15 1 9 16 2 2 13
6 8 1 2 16 2 1 1 8 18 13 7 1 9 3 10 12 2 3 11
36 39 32 38 48 30 40 41 41 52 40 32 35 46 34 43 66 25 21 58
19 11 20 17 34 18 19 8 15 32 18 10 13 33 1 21 32 14 7 33
27 21 29 22 39 16 35 19 36 58 53 22 28 41 30 41 55 26 29 52
6 8 1 4 12 12 5 11 12 14 13 4 7 6 9 11 22 7 5 6
30 23 22 30 57 36 42 34 54 59 44 38 19 52 31 37 59 30 28 46
14 8 14 24 23 22 14 6 12 23 11 10 10 20 12 12 33 4 6 22
37 33 31 34 44 23 37 26 44 33 56 35 28 35 44 41 73 33 41 41
12 2 19 14 19 18 17 4 11 27 22 12 9 19 15 17 33 10 6 19
50 37 45 49 69 56 51 35 45 64 57 43 19 58 34 51 74 39 25 60
30 31 25 30 41 35 35 30 29 49 46 20 23 35 33 45 60 18 24 47
7 4 6 7 9 4 7 8 15 12 17 13 8 12 13 9 24 8 10 11
36 23 30 11 46 27 35 23 42 48 52 30 25 52 19 38 60 45 41 39
11 11 9 7 16 17 15 14 22 18 31 12 10 20 14 13 34 19 19 10
25 21 40 42 54 30 45 19 40 65 46 34 38 53 31 39 62 21 23 56
23 11 24 29 40 18 23 7 24 46 35 26 15 32 19 26 45 8 13 44
45 42 39 20 40 30 45 41 48 71 71 39 38 50 53 64 63 46 47 61
14 18 13 24 17 11 13 17 14 31 23 15 17 17 18 19 37 5 15 31
5 1 6 7 11 7 7 5 12 13 7 5 7 7 7 6 14 4 1 5
22 22 17 29 48 38 29 22 26 36 17 20 14 41 9 17 57 24 10 31
21 18 16 29 43 28 23 17 21 41 37 26 5 36 29 35 65 15 20 35
9 1 16 24 15 16 16 1 13 25 18 11 6 13 21 12 31 5 3 22
4 10 12 17 30 12 18 13 25 28 28 18 15 22 25 18 37 7 14 22
5 13 2 7 21 14 5 4 8 13 17 7 1 13 8 6 28 7 11 9
25 19 23 34 42 24 36 13 39 43 45 27 22 44 29 25 57 20 32 34
12 14 2 15 28 8 11 15 22 28 27 20 8 26 22 25 43 8 18 23
6 7 1 5 16 9 5 7 13 16 14 10 1 9 11 12 18 9 8 6
8 6 4 3 11 8 1 3 7 11 15 11 6 7 9 6 23 6 8 9
21 17 17 17 38 37 21 23 26 23 26 23 14 35 19 21 57 23 13 20
4 8 1 5 8 3 1 7 8 13 16 7 4 3 13 8 20 5 6 7
14 10 16 18 21 15 13 12 17 35 32 15 10 14 20 23 38 14 15 25
24 7 33 41 48 28 36 13 35 51 45 39 25 43 37 40 53 10 25 39
6 3 1 8 6 5 1 4 9 13 5 3 5 3 5 8 12 3 1 7
4 1 1 4 12 4 3 5 11 7 9 11 6 10 6 6 16 2 6 6
4 4 6 9 16 12 6 1 7 9 7 9 5 17 1 1 24 1 6 8
32 12 28 24 22 27 28 12 21 40 43 28 17 25 27 33 47 21 22 36
26 13 19 20 27 22 12 12 21 33 29 25 1 24 16 27 44 22 16 29
17 16 27 29 34 30 29 19 36 43 47 23 23 23 40 33 52 18 27 39
8 11 9 16 25 13 12 4 16 23 17 5 9 10 10 8 23 5 8 16
24 25 43 31 54 18 41 23 35 35 52 36 32 51 42 40 66 42 37 40
6 6 6 8 6 5 6 2 6 13 11 3 5 5 4 4 12 2 2 7
21 4 19 22 30 34 27 11 22 31 32 15 8 25 17 20 46 19 15 22
36 10 39 27 45 28 31 4 22 43 46 29 20 37 22 40 49 30 24 43
20 11 20 26 21 21 15 8 11 21 18 16 14 18 16 18 39 10 8 28
12 27 31 30 53 30 38 21 29 50 44 21 15 40 25 23 70 42 27 33
5 5 6 7 10 10 6 7 9 14 6 5 1 7 7 6 17 4 1 5
3 1 3 9 12 15 1 4 5 9 7 9 1 11 9 3 34 9 5 8
8 5 14 10 8 12 10 1 1 16 17 7 5 17 9 10 27 9 5 15
26 26 24 38 37 37 25 24 22 42 48 25 16 30 34 31 67 18 29 38
29 40 23 27 58 29 27 35 33 43 42 39 18 50 32 46 64 23 26 44
5 7 7 7 10 13 11 7 12 20 19 6 2 4 17 13 27 11 9 11
1 1 1 1 2 1 1 1 1 3 6 6 1 1 6 1 10 3 3 1
20 24 24 27 31 25 25 22 19 34 37 23 15 31 30 30 56 18 17 34
5 8 4 9 10 8 5 1 4 10 7 4 1 7 5 1 17 1 1 8
13 10 9 10 27 6 9 6 19 28 19 21 6 22 12 17 24 11 10 15
2 12 8 9 14 3 8 11 11 21 18 4 5 9 13 13 21 4 6 10
43 36 44 47 66 52 55 29 44 55 66 33 36 63 43 42 84 44 38 54
7 8 1 8 16 12 2 2 3 8 11 11 4 15 7 3 31 2 5 10
28 24 37 46 59 31 35 8 39 53 56 38 18 45 39 35 64 29 36 47
16 13 29 32 37 25 24 12 25 21 30 29 26 30 23 19 44 11 19 34
15 23 12 22 38 18 18 17 28 46 30 13 6 22 21 29 44 17 18 37
10 12 18 18 37 5 19 12 21 36 33 23 18 34 21 28 35 9 20 29
10 14 17 17 31 14 13 11 21 36 32 18 6 16 25 21 38 14 16 22
17 3 16 11 19 9 15 6 11 26 24 17 14 23 11 22 21 12 13 21
13 5 13 6 19 16 12 13 20 26 27 17 11 20 15 19 37 16 16 17
31 35 34 37 61 29 34 28 47 45 56 37 26 44 41 42 66 36 38 45
23 15 28 28 44 18 31 12 33 52 47 28 19 35 29 32 54 25 24 41
17 1 18 25 26 18 20 2 20 32 24 12 11 15 14 17 29 4 8 26
3 7 8 3 11 6 8 1 5 17 16 6 6 9 8 9 11 8 5 8
31 21 19 31 53 26 37 18 47 43 46 26 21 47 29 30 50 29 36 29
27 29 25 28 44 24 28 10 32 47 37 33 24 37 21 20 51 34 17 38
31 19 12 13 33 24 15 16 30 27 34 26 10 32 9 25 43 21 26 28
6 7 2 13 14 16 9 1 15 13 15 1 1 11 5 1 24 8 9 7
27 20 36 20 36 9 36 19 32 48 53 26 32 35 34 43 60 37 37 42
30 13 27 29 39 16 29 13 35 38 50 40 17 35 41 44 61 25 33 30
1 4 1 2 9 3 3 3 6 11 5 1 1 4 5 6 15 2 1 2
18 9 14 23 35 26 23 17 29 31 31 21 16 31 25 25 51 10 17 26
30 11 20 24 35 23 22 13 28 45 39 30 10 25 24 34 46 17 17 35
22 22 13 16 47 31 28 24 39 40 31 23 6 32 19 26 49 34 23 24
7 4 4 7 8 9 1 4 8 12 5 4 6 10 5 7 13 1 1 7
1 13 3 9 19 7 13 11 16 24 16 1 6 7 16 13 25 9 7 15
39 40 43 36 50 22 34 36 44 57 56 54 37 55 44 50 64 24 40 59
39 28 32 27 52 34 43 29 42 60 59 39 30 58 42 50 83 39 39 53
1 1 1 2 10 7 2 1 5 4 3 1 1 1 1 1 12 1 3 1
29 34 37 39 67 42 48 27 46 64 57 34 34 60 38 52 68 29 34 59
40 12 31 27 38 31 29 12 32 34 48 43 18 36 38 39 62 27 35 34
45 29 31 29 41 33 46 37 52 57 58 46 23 46 44 45 64 48 38 45
30 25 36 44 57 46 47 28 50 54 44 35 39 52 31 31 63 25 32 51
1 2 2 2 4 1 1 1 1 14 5 1 1 8 1 4 11 1 1 7
17 18 30 36 44 18 23 5 15 46 35 27 15 28 25 22 50 14 15 43
7 7 5 10 6 7 5 6 10 16 13 7 8 6 8 7 17 4 6 10
11 3 5 10 13 15 6 9 12 12 12 8 8 9 8 11 26 3 6 9
35 30 27 15 38 18 35 23 42 55 54 23 27 46 22 44 52 34 35 46
3 9 3 5 7 9 6 8 11 13 15 7 4 7 14 9 22 10 7 8
42 18 55 37 50 25 50 18 41 64 58 43 43 51 39 48 69 39 40 57
28 22 43 39 43 28 44 21 41 45 58 29 32 36 47 44 62 37 33 47
12 10 7 11 19 13 8 8 12 17 7 8 7 17 6 13 23 4 1 15
37 25 39 31 60 36 46 17 28 54 58 31 26 48 36 48 70 31 38 42
6 7 1 9 12 18 5 3 8 8 12 6 1 8 5 3 24 8 10 6
44 32 22 27 40 33 30 21 43 45 47 29 18 43 16 35 48 30 35 39
26 19 25 30 43 27 35 5 21 48 40 9 17 37 19 19 53 31 26 35
14 15 21 21 54 31 35 17 44 44 39 27 13 43 28 23 48 31 26 24
18 11 4 9 20 18 8 2 16 17 26 12 5 10 9 12 29 12 14 14
35 33 31 29 54 33 47 20 45 66 62 19 25 42 37 42 61 49 42 50
31 16 31 18 30 29 37 22 21 48 45 25 22 38 28 37 55 26 20 39
9 2 2 1 15 3 2 4 10 11 12 15 7 15 4 9 16 2 7 8
6 6 12 9 19 7 9 8 18 24 24 10 7 8 21 14 32 11 10 14
5 7 8 10 18 13 12 1 5 20 20 1 5 19 2 8 32 11 9 16
6 11 8 8 21 14 16 15 21 23 19 4 10 15 14 17 27 13 12 12
16 22 5 22 36 33 17 26 28 30 30 21 9 30 18 14 57 23 22 23
13 11 21 30 34 25 26 10 29 34 29 14 22 26 17 13 42 11 17 28
8 1 4 10 1 13 2 1 2 11 12 3 1 3 7 5 20 1 2 10
38 31 47 52 66 45 54 22 33 67 53 33 31 54 37 47 77 32 18 66
17 10 8 17 18 20 15 7 17 22 22 7 11 20 5 13 31 12 16 19
9 8 9 1 7 9 11 8 16 14 23 12 11 14 10 11 21 8 15 11
13 20 32 31 48 14 26 17 21 42 40 33 19 40 32 36 59 22 27 37
8 5 9 11 30 5 7 5 14 21 13 21 1 19 9 12 27 11 10 16
1 10 4 6 13 5 6 8 7 19 15 9 1 16 12 11 29 6 5 9
28 22 27 26 43 24 27 20 35 50 48 29 19 39 28 37 58 23 23 47
19 9 15 9 37 23 18 6 16 31 25 12 13 37 3 23 41 20 13 26
5 5 11 9 12 10 7 1 7 15 13 6 6 12 9 3 22 5 4 10
7 7 17 24 20 10 17 4 14 30 14 9 10 17 14 8 26 4 4 22
12 2 13 14 24 21 17 7 10 22 19 15 4 23 14 18 37 7 6 12
8 5 1 11 20 15 5 1 8 12 13 6 1 9 3 2 27 9 10 7
26 17 21 11 34 11 23 11 19 34 32 20 24 39 8 30 36 15 15 37
4 7 7 8 17 14 8 5 8 12 8 5 6 11 6 4 24 1 4 10
1 1 12 10 11 5 11 3 15 16 15 10 8 9 17 6 15 8 5 8
25 32 36 33 57 23 40 35 49 66 64 37 29 43 44 49 63 34 41 53
36 22 40 42 53 30 34 23 39 46 39 37 24 41 26 38 59 32 26 48
1 2 1 5 4 1 1 1 1 9 6 3 1 1 5 1 15 1 1 7
23 10 49 45 62 32 45 11 32 65 56 39 27 44 44 45 73 29 26 52
46 44 36 48 62 47 41 19 36 55 50 35 26 59 28 24 74 42 30 55
12 8 26 16 22 4 23 6 22 24 33 18 15 17 25 24 31 25 18 17
9 6 7 14 6 13 9 6 6 18 7 2 3 13 6 11 23 5 1 14
11 5 13 18 33 8 13 1 17 27 13 19 11 26 8 12 26 8 8 23
37 26 37 42 53 46 50 27 51 58 54 39 34 60 39 38 75 30 41 51
4 3 8 14 10 10 6 1 7 20 13 4 2 2 9 3 25 2 4 13
11 19 25 37 42 24 32 16 29 49 28 19 24 37 29 24 51 14 15 42
17 6 25 29 34 21 21 1 14 34 22 20 11 20 18 14 45 13 10 30
6 7 9 11 15 16 11 3 14 21 14 2 5 10 7 8 24 6 6 10
2 1 1 1 8 1 1 1 1 7 4 7 1 7 2 2 8 1 1 1
9 3 15 15 14 11 13 8 15 20 19 10 13 20 12 12 27 11 8 19
16 9 6 13 25 24 7 13 17 22 19 16 9 24 13 15 42 11 11 18
2 4 8 8 18 16 9 3 11 19 12 1 3 13 7 4 29 3 2 10
22 22 24 29 40 40 35 24 32 41 36 17 25 33 34 32 55 21 20 38
27 31 26 35 46 34 44 43 56 65 47 35 31 48 40 41 64 24 31 55
13 6 13 6 16 11 14 7 11 25 21 8 16 24 6 19 28 11 11 20
7 1 9 6 11 7 6 2 8 14 15 11 5 10 7 8 22 6 7 7
16 10 22 23 27 22 22 17 28 35 34 22 17 27 29 20 49 17 16 28
13 16 16 6 37 17 27 18 26 40 34 11 20 32 18 30 44 24 23 30
39 25 45 54 60 37 49 22 45 64 53 49 42 65 41 48 70 19 34 63
22 13 21 25 32 18 20 8 22 43 33 21 12 22 26 27 32 7 9 34
11 16 13 18 31 16 12 15 11 19 17 14 11 28 11 18 38 3 4 22
11 6 10 11 12 23 9 8 8 16 16 8 3 12 14 11 34 9 8 12
17 2 20 13 33 21 25 8 15 39 23 13 8 34 12 26 42 17 7 27
21 16 11 23 46 24 30 22 40 37 40 21 22 35 32 32 56 20 32 27
21 18 25 11 27 19 21 12 12 37 38 11 20 29 19 28 43 22 23 33
11 9 3 14 26 16 4 6 11 23 10 7 2 18 7 12 32 2 1 20
45 25 47 50 58 41 49 19 41 69 56 51 37 57 43 48 73 21 29 71
22 33 31 46 52 40 41 33 27 55 36 27 22 49 30 28 62 18 20 48
18 23 20 27 53 19 19 15 28 40 37 30 5 36 17 22 57 22 28 34
6 10 11 15 20 17 18 7 22 24 23 8 8 11 19 12 28 11 10 16
6 7 3 6 5 9 3 1 5 9 10 6 5 9 6 1 15 4 4 7
29 26 37 36 36 33 40 25 39 55 58 32 28 35 47 42 63 19 32 49
6 10 4 8 19 15 10 8 12 19 18 7 1 7 14 12 35 7 7 10
6 5 9 8 21 15 9 12 15 13 16 16 7 18 14 9 33 14 11 8
1 5 7 8 25 3 8 7 11 16 23 20 1 19 21 13 36 9 15 3
8 17 18 15 33 11 14 13 12 34 31 20 9 23 19 23 32 12 17 23
6 3 3 4 7 8 4 4 8 4 8 6 7 8 4 4 12 3 5 7
16 16 14 11 36 16 23 22 28 46 36 17 15 34 16 31 43 26 17 32
16 4 10 15 13 7 9 5 12 25 19 15 10 11 10 14 24 7 10 22
8 6 15 6 30 15 17 10 10 28 21 17 7 31 11 17 36 21 14 13
4 5 12 10 21 12 12 5 13 20 14 8 8 18 6 11 23 9 6 10
25 17 20 15 25 21 15 9 16 29 29 22 14 30 16 26 37 15 10 30
1 5 4 7 10 2 5 1 6 10 5 1 4 5 3 1 10 1 1 6
13 12 14 20 31 17 16 1 18 19 36 20 6 26 19 10 48 24 27 12
1 4 10 1 11 10 7 1 2 15 17 6 5 13 6 8 21 10 8 9
36 29 40 29 54 49 59 33 39 68 54 24 27 55 42 47 72 49 30 53
35 19 37 47 62 48 44 21 40 59 51 39 19 48 36 33 77 31 23 53
25 41 18 40 52 36 37 29 38 53 47 16 20 38 40 29 65 30 37 46
20 22 37 47 64 34 40 12 35 41 50 36 28 54 36 30 74 22 31 39
15 20 24 15 30 19 26 29 32 41 40 24 19 33 32 25 53 23 24 28
47 28 50 51 54 38 45 31 52 58 57 53 37 52 42 56 60 24 33 66
19 9 15 14 20 16 13 17 22 14 26 25 18 23 23 21 46 17 20 18
14 6 7 6 26 11 12 6 21 18 18 17 11 22 6 11 29 4 15 13
5 6 10 10 11 4 7 4 13 17 21 11 3 1 20 13 26 13 10 6
6 6 11 15 8 9 12 5 10 25 13 1 5 8 8 11 23 7 1 14
12 6 12 18 14 13 13 6 11 24 16 10 4 6 16 15 26 8 6 15
14 19 25 18 49 13 33 21 33 55 32 16 13 40 13 30 44 29 13 37
2 4 2 1 12 7 2 4 6 13 5 1 1 5 4 6 15 1 1 3
5 3 9 8 15 3 12 5 13 27 20 5 11 14 8 14 23 6 6 17
25 13 31 29 28 26 23 9 15 38 34 21 19 27 22 29 50 20 16 38
33 42 35 46 57 49 52 43 56 52 61 35 38 56 49 36 79 32 42 52
7 19 17 19 29 9 23 22 19 42 34 12 16 24 24 27 42 17 18 33
28 15 24 37 46 32 27 18 25 33 42 35 16 34 38 36 76 18 24 30
48 39 50 46 60 41 55 36 53 53 60 37 46 51 49 56 80 48 44 63
13 1 25 21 25 17 21 6 17 30 24 16 6 15 23 18 31 15 9 18
34 29 31 33 45 41 41 27 51 40 52 35 35 52 42 23 66 33 44 41
19 18 33 15 40 17 39 21 36 50 45 16 32 36 31 38 37 33 28 37
14 7 9 21 25 14 15 9 18 27 24 16 8 18 18 21 44 4 13 21
10 10 26 22 24 17 26 5 17 27 22 10 24 30 11 18 22 10 8 28
31 33 33 27 36 28 44 34 39 65 58 23 32 38 40 51 66 31 37 54
42 27 43 46 62 36 43 26 31 55 59 49 32 64 44 55 79 32 34 54
38 31 41 48 47 49 47 18 27 52 56 22 21 42 39 35 79 40 29 51
16 13 25 37 43 20 25 17 29 46 40 33 23 32 36 36 49 1 23 41
11 9 19 24 24 20 19 9 15 30 16 11 14 20 14 9 38 15 8 22
27 14 37 36 42 17 32 12 22 60 49 28 19 33 32 41 47 21 19 51
25 15 34 17 46 29 36 17 27 49 38 16 24 40 20 31 49 30 24 38
8 6 11 16 22 14 12 5 19 18 19 10 12 13 12 8 23 10 14 17
28 26 34 28 51 23 38 27 39 47 58 26 28 39 32 40 68 45 43 38
18 18 10 14 39 25 21 14 29 39 34 19 10 27 26 28 50 20 20 29
13 15 8 18 41 17 17 24 28 38 28 25 11 31 22 24 50 14 16 25
13 12 16 22 28 12 20 15 23 39 22 8 17 22 16 19 38 8 8 29
1 1 1 1 3 4 1 5 4 7 4 1 1 1 6 3 13 4 1 1
15 14 8 17 21 17 20 17 28 26 25 11 19 22 22 19 34 13 15 27
18 12 21 30 18 20 20 6 14 31 22 10 16 15 18 12 40 12 7 32
34 37 30 42 51 37 33 35 28 53 34 30 17 47 25 41 65 21 17 53
10 5 6 11 12 18 7 4 3 16 8 2 1 12 6 7 28 2 1 12
26 16 24 37 33 38 31 12 27 32 34 16 19 24 24 25 51 10 11 35
4 1 3 4 8 3 5 2 10 6 6 3 8 8 2 2 12 1 2 9
4 2 1 5 11 7 4 3 8 16 6 4 1 7 7 10 22 3 1 8
13 8 18 21 32 18 15 8 26 35 24 21 11 26 17 18 33 14 11 29
13 8 5 8 12 19 6 13 16 12 14 7 13 16 8 12 27 5 11 14
6 15 2 6 30 19 17 18 26 21 22 4 5 15 11 12 37 17 12 9
11 11 7 10 16 8 14 17 21 21 19 17 13 21 16 19 36 9 16 21
10 7 10 12 21 16 9 12 13 19 21 19 8 21 13 8 42 14 14 14
17 22 39 33 49 20 39 8 29 49 49 19 28 37 26 24 53 35 29 38
36 39 18 34 62 43 44 36 53 62 45 31 7 56 21 33 69 49 36 42
47 40 38 52 64 54 53 34 48 56 53 37 32 56 39 35 90 36 32 59
9 10 5 9 15 14 11 11 19 19 20 5 7 12 10 14 27 12 12 10
12 11 14 12 15 6 16 11 21 27 20 10 17 16 14 15 21 4 10 20
1 1 8 4 2 4 8 3 5 15 14 5 2 10 10 9 17 12 5 9
15 20 16 25 27 23 21 16 16 43 34 8 10 23 24 30 50 13 13 36
3 9 1 7 18 10 4 1 8 10 15 3 1 7 5 3 23 5 8 6
4 4 1 3 6 6 1 2 6 9 5 2 4 4 3 5 14 1 1 3
19 16 29 23 52 9 27 11 24 49 43 24 24 43 20 34 49 21 28 42
12 9 21 24 31 20 19 13 28 30 32 16 15 17 23 14 47 19 19 23
1 8 7 8 14 3 8 3 8 13 11 6 5 6 10 3 12 4 4 9
28 13 30 24 56 19 41 17 47 53 59 37 33 56 42 49 62 33 42 44
6 12 8 16 36 8 8 11 18 32 19 14 4 20 12 17 35 6 7 23
7 17 13 13 23 13 13 13 13 25 27 15 9 23 21 21 43 16 11 23
28 29 39 37 56 38 48 32 45 48 49 31 43 55 34 45 57 32 28 52
22 11 20 30 45 15 21 2 24 24 42 34 11 25 34 28 60 21 35 18
22 34 30 23 48 28 38 35 35 61 49 24 27 43 40 46 54 36 33 49
8 21 29 34 52 15 31 16 22 45 43 28 21 40 30 29 56 15 30 33
39 46 39 54 63 39 44 40 36 62 50 45 32 53 46 54 79 20 30 65
4 2 3 12 6 4 4 1 5 12 4 4 3 3 4 3 10 2 2 8
10 10 8 7 28 18 19 22 26 25 22 19 11 27 17 16 43 17 16 12
1 5 5 1 6 3 6 7 9 11 11 8 1 6 13 8 12 10 7 3
32 18 39 23 49 21 43 25 48 56 55 31 33 45 32 46 63 44 40 49
3 1 1 3 1 8 1 1 1 4 1 1 1 2 1 1 15 1 1 4
4 11 11 14 19 15 17 7 16 29 25 7 2 15 16 13 39 16 12 19
21 9 12 5 13 10 14 10 20 33 30 16 10 18 18 25 32 9 11 22
1 4 6 4 13 8 12 9 10 20 11 1 1 13 6 6 20 11 1 5
13 13 19 28 43 34 30 23 34 40 31 24 22 43 25 23 59 12 16 32
4 6 5 5 21 13 6 6 12 17 9 5 4 11 8 8 24 3 3 11
27 37 15 24 56 29 31 33 45 50 46 21 13 42 25 30 55 32 33 34
9 7 7 12 24 17 15 9 15 20 15 4 10 19 1 5 37 8 9 15
1 1 1 1 1 2 1 1 3 1 3 2 1 3 3 1 8 1 1 1
19 18 29 41 52 29 36 23 30 50 44 34 21 46 42 35 66 7 24 35
12 19 22 19 23 5 21 19 12 37 37 21 22 27 22 27 38 11 24 33
1 1 1 1 5 6 1 1 4 6 3 1 1 6 4 2 13 1 1 2
32 29 25 37 51 32 32 20 41 53 47 23 16 42 22 31 54 29 26 47
4 2 1 7 10 11 1 1 4 5 7 6 3 7 3 2 20 3 5 4
6 8 28 24 39 14 31 12 24 48 33 15 23 33 22 28 38 15 13 34
9 11 8 8 13 7 1 8 9 19 21 15 6 12 16 13 25 7 13 16
12 6 8 1 20 4 8 6 21 26 25 12 7 17 6 20 14 11 9 16
6 18 10 14 22 4 15 20 16 38 31 10 13 19 20 29 32 9 16 28
23 24 30 38 53 36 34 29 31 35 25 36 20 48 27 21 66 31 20 34
2 5 6 13 11 6 7 1 3 12 5 4 2 8 3 1 21 1 1 12
9 11 16 28 18 13 15 6 3 29 17 8 4 7 15 13 33 1 5 26
20 34 36 42 63 28 44 29 45 69 49 39 26 48 34 31 61 36 25 53
13 17 18 12 29 20 23 18 25 35 34 18 16 29 28 27 46 29 23 24
28 23 20 28 40 34 22 22 29 35 27 30 14 35 20 26 55 27 17 33
13 11 15 23 29 20 16 11 10 35 26 13 1 10 23 25 42 3 7 24
39 33 37 43 59 39 48 31 49 71 69 41 29 46 53 60 65 27 38 66
29 21 14 17 42 17 22 11 32 32 43 29 8 40 14 22 44 28 34 26
1 5 1 2 13 7 1 3 5 9 11 5 1 7 8 4 26 2 3 4
37 34 50 31 62 22 49 33 53 72 69 41 36 57 32 52 66 44 48 62
10 9 16 19 17 11 15 4 10 24 20 10 8 10 19 10 24 7 7 18
6 14 14 23 24 11 12 10 10 29 23 10 12 14 17 14 29 1 12 25
4 12 10 19 19 11 8 9 3 24 12 6 5 12 10 7 32 4 5 18
10 5 7 12 18 4 9 4 14 30 17 8 3 13 9 16 24 4 1 17
45 14 58 46 63 43 59 17 47 59 72 49 37 53 50 54 72 41 47 54
7 8 9 13 19 10 7 3 6 25 18 11 1 16 10 11 27 7 7 19
27 34 19 19 51 41 38 32 48 44 51 18 20 41 39 24 64 49 41 25
35 30 30 47 69 37 41 26 46 49 62 42 23 51 49 47 85 30 43 45
15 29 21 19 44 23 36 22 30 45 44 5 16 33 23 30 49 34 31 31
11 23 10 21 33 21 27 12 31 32 34 8 9 24 26 11 41 24 23 20
2 2 3 5 8 6 4 1 6 9 5 4 2 1 5 2 10 2 3 3
5 9 5 8 17 11 7 14 10 19 21 13 5 23 11 8 36 10 10 16
40 24 34 35 61 42 57 36 61 67 60 49 32 60 51 53 79 33 41 48
3 3 1 3 6 8 1 2 6 8 6 4 3 8 4 3 18 1 1 3
41 30 55 45 53 42 51 28 37 54 50 36 44 54 39 48 57 38 31 57
29 38 36 46 50 33 44 19 38 66 48 26 35 38 39 26 61 34 22 54
5 6 2 3 9 10 2 5 9 13 12 4 5 10 8 6 22 3 3 7
28 24 34 30 64 28 36 30 38 55 62 46 24 52 41 52 74 35 43 40
31 21 33 29 47 24 32 20 27 48 45 38 30 54 29 38 73 30 31 45
48 39 39 32 64 38 42 23 34 58 56 32 24 61 22 53 70 36 38 56
2 1 1 9 5 7 1 1 1 10 2 1 1 3 1 1 20 1 1 8
38 23 33 45 58 37 40 17 38 55 63 37 10 36 48 42 77 38 39 43
41 19 35 24 38 22 32 16 33 49 48 44 21 48 32 43 51 23 28 47
10 15 7 13 27 14 12 11 21 29 22 10 4 14 15 18 31 11 11 17
27 31 33 38 57 45 46 33 36 52 50 28 24 51 33 37 79 36 27 47
25 27 23 39 59 32 28 20 31 35 33 26 23 44 21 26 62 14 18 42
24 13 13 14 23 20 15 14 19 22 21 22 17 26 15 21 39 6 16 25
20 15 9 17 43 29 22 19 25 38 25 28 4 42 11 15 44 29 19 25
9 1 2 9 13 11 2 1 5 18 8 6 1 8 4 9 21 1 1 12
24 22 42 41 51 40 49 28 30 66 53 29 14 38 42 42 75 44 28 49
12 15 13 15 23 8 9 16 16 32 33 24 11 27 23 25 43 12 17 28
7 17 14 22 32 12 14 5 5 29 20 10 10 20 7 8 39 8 9 21
6 1 14 9 16 8 11 1 9 18 17 12 7 12 9 11 14 12 10 12
8 12 9 17 28 10 10 12 17 30 18 11 7 14 16 17 29 6 7 21
13 10 11 10 32 16 14 16 23 33 21 21 5 31 11 21 34 21 11 19
27 27 33 36 58 35 54 30 34 73 44 17 20 48 31 38 71 38 22 54
30 31 41 56 66 47 53 35 40 65 56 37 34 58 53 53 87 19 32 64
5 9 7 9 26 16 16 15 21 24 11 8 8 20 10 7 33 12 3 8
1 1 4 3 9 6 4 1 1 9 3 1 1 9 1 3 11 1 1 5
2 8 11 18 32 15 14 9 16 27 18 11 8 18 15 9 30 6 7 19
7 5 5 15 13 7 6 3 9 22 10 2 5 4 6 8 24 1 1 17
18 26 12 31 45 24 20 17 24 41 35 18 11 31 22 22 56 17 22 32
1 4 9 7 10 1 6 1 6 10 9 10 4 6 9 4 11 8 8 4
3 1 9 14 15 9 10 1 11 12 7 3 8 8 6 1 14 1 4 10
40 31 41 41 48 30 34 25 33 52 52 40 23 41 32 46 51 18 23 56
