1000 20 12 1744
4 0 8 8 3 3 0 5 3 12 1 9
1 0 15 2 6 6 19 12 5 10 11 19
0 10 16 4 7 6 5 4 6 11 3 1
13 8 0 6 4 12 2 2 5 4 3 6
13 9 2 16 3 6 8 0 8 7 5 2
5 5 4 13 12 12 2 4 3 6 4 8
17 2 4 0 3 14 1 6 1 4 2 5
9 10 23 7 10 1 10 5 19 2 7 11
16 3 14 5 13 9 4 16 13 11 11 11
5 2 8 13 6 7 1 0 0 4 4 5
6 21 10 6 8 10 4 5 6 5 1 21
4 6 3 1 6 8 2 5 1 7 1 1
1 10 2 6 2 4 4 16 1 9 16 3
3 5 2 3 8 5 6 7 5 3 2 6
13 9 9 10 4 13 3 0 15 6 10 4
14 10 4 6 27 2 6 8 12 2 8 14
12 11 5 13 1 2 4 10 1 4 8 15
3 7 8 3 14 0 9 1 14 16 4 2
8 2 12 7 2 7 2 6 13 6 5 3
15 1 7 4 11 3 19 2 5 4 19 14
5 14 5 4 10 9 1 3 3 12 8 4
0 0 2 10 6 7 9 0 25 3 6 9
9 4 8 23 5 13 0 2 3 9 5 4
8 1 2 1 11 5 0 12 1 2 6 6
6 5 15 3 12 8 1 9 4 1 3 13
5 3 4 4 1 1 4 0 2 2 6 1
11 27 0 5 8 5 0 2 1 8 10 10
3 0 1 5 1 1 5 0 0 2 3 18
16 12 3 8 3 7 3 22 13 10 14 3
3 21 4 1 0 0 3 2 8 3 12 13
1 6 3 4 1 2 3 0 3 2 4 3
3 3 5 3 2 14 20 5 1 12 1 6
1 2 1 1 0 2 4 1 7 4 3 2
1 14 7 10 14 4 4 11 2 6 7 9
1 8 10 3 6 9 8 2 6 2 4 12
19 4 3 6 3 12 4 12 3 4 10 16
5 4 5 2 4 4 16 10 5 2 5 4
7 1 7 12 8 3 4 5 8 16 1 6
2 7 2 1 6 7 24 3 15 20 7 6
0 6 5 6 8 1 2 6 1 2 1 0
0 11 6 7 18 0 13 8 13 12 6 1
2 4 19 20 12 13 7 1 5 11 4 5
1 6 9 7 19 0 3 4 3 13 18 14
5 2 8 8 7 10 2 6 8 4 4 2
4 1 5 6 3 1 6 10 7 8 5 4
6 10 6 3 6 0 7 8 14 5 9 3
4 11 30 8 1 1 12 0 6 12 7 9
5 0 8 1 3 0 3 5 4 0 4 1
3 2 0 5 7 6 2 3 3 0 5 6
4 9 17 9 9 6 16 2 9 16 2 1
3 11 9 5 13 8 2 6 11 1 14 0
7 11 8 3 0 7 4 5 3 3 7 2
6 3 7 9 10 5 5 12 4 1 0 10
5 3 1 14 3 2 3 2 7 7 7 5
2 10 3 5 4 7 0 1 7 3 4 4
1 6 1 7 1 23 10 6 15 4 6 9
2 2 1 5 6 8 7 0 7 2 1 4
17 4 13 8 4 4 1 6 2 2 3 6
1 5 3 6 12 1 13 7 10 13 9 23
4 0 10 13 3 19 29 1 1 0 5 3
2 2 5 4 10 2 9 15 6 4 7 7
8 6 18 12 8 9 16 11 3 9 12 4
5 3 5 7 2 22 1 14 6 4 0 8
8 6 9 1 2 2 7 3 1 1 0 3
1 3 0 3 5 5 5 3 4 1 11 4
13 12 0 15 12 10 9 10 4 8 3 7
5 8 16 2 9 13 4 0 4 1 3 7
16 3 4 11 8 4 8 4 12 10 17 8
3 22 13 10 10 1 5 7 6 5 6 10
4 2 7 7 8 5 13 3 7 5 2 2
14 1 2 1 7 6 4 2 8 6 10 1
0 4 11 1 2 4 15 7 10 0 8 2
3 8 11 11 2 3 7 0 1 11 9 7
13 4 1 1 3 0 2 8 4 2 9 1
5 2 5 7 3 3 0 0 9 2 6 2
6 4 2 1 1 4 3 1 5 2 1 3
10 7 4 1 4 9 1 7 4 1 1 2
8 8 5 7 0 3 2 4 12 3 4 0
2 2 1 14 5 4 1 2 18 10 8 4
7 14 5 7 9 12 3 1 0 4 5 5
5 17 9 25 10 13 7 3 2 3 3 7
1 25 5 0 5 8 0 15 0 11 22 6
5 0 8 3 3 12 2 5 4 2 2 10
5 0 23 11 10 3 8 15 8 5 5 16
1 6 6 0 10 14 8 10 22 11 0 11
9 13 8 18 7 6 11 2 3 3 12 10
19 13 1 5 5 2 8 10 5 10 1 9
10 5 2 12 1 2 6 3 2 6 6 0
8 16 5 3 14 10 3 3 16 2 10 4
5 0 1 9 8 5 5 2 6 2 1 3
8 2 1 8 19 16 7 4 9 12 4 10
0 1 3 2 0 4 0 3 6 5 0 3
4 0 1 13 2 7 8 1 7 5 0 4
4 2 11 1 4 7 9 10 3 7 1 12
11 6 9 7 7 8 11 20 9 2 8 3
3 0 6 6 12 1 7 1 5 1 7 6
22 8 2 5 7 12 20 6 5 12 0 4
4 1 5 6 7 4 0 3 7 2 3 2
3 3 3 6 21 14 3 14 4 3 5 8
10 10 11 0 7 9 8 0 3 5 9 11
11 1 1 2 7 3 0 12 14 5 5 10
5 5 0 2 3 1 4 6 3 4 2 2
13 1 3 1 14 3 3 9 3 13 11 5
7 7 3 5 1 4 3 0 7 0 4 2
1 4 0 6 13 1 20 5 4 2 2 10
2 4 7 3 7 3 3 4 4 1 1 2
18 3 9 4 14 8 4 1 15 5 6 3
6 9 17 3 4 1 3 9 13 0 11 4
8 1 7 3 13 9 1 7 13 17 7 7
1 14 14 1 11 9 15 2 2 6 6 18
7 12 1 12 12 10 4 21 2 14 10 0
7 10 3 4 3 4 0 3 4 0 1 13
1 11 3 4 0 18 8 2 6 7 9 6
0 0 8 2 11 1 8 2 4 0 9 3
10 5 8 3 1 3 12 4 3 3 4 6
2 8 4 9 8 3 2 11 7 16 8 2
7 9 13 18 14 4 9 7 4 9 20 5
2 4 10 7 9 6 5 13 2 0 13 6
4 2 1 1 8 2 1 2 3 0 3 1
6 0 0 3 10 6 5 2 4 10 5 1
4 9 3 20 15 6 23 7 7 9 4 2
10 2 9 7 8 11 13 8 5 4 0 2
9 6 5 10 6 10 6 3 5 4 4 10
10 5 2 4 0 6 5 7 4 9 9 1
16 5 10 2 12 7 4 5 3 3 7 8
6 5 11 3 9 0 5 9 2 5 11 8
19 0 12 1 7 14 7 7 2 0 7 5
16 5 3 1 3 3 2 4 9 7 9 6
2 3 8 1 1 9 0 0 0 2 2 7
0 0 9 6 4 5 7 1 1 1 5 3
6 6 23 0 12 8 13 19 2 2 11 9
2 6 1 2 5 4 1 8 6 2 3 0
1 8 3 5 2 6 16 15 8 2 10 2
1 3 3 0 7 3 0 5 1 1 2 2
1 11 9 16 5 7 4 15 2 0 7 6
17 4 10 10 6 11 4 6 5 11 10 10
2 1 0 4 5 2 5 2 10 2 4 1
8 16 17 5 7 11 3 5 2 8 10 8
12 2 7 2 2 4 8 7 6 1 12 6
4 2 3 3 2 8 4 2 4 7 4 0
1 6 2 2 2 1 4 4 0 6 6 5
5 5 1 2 5 4 2 1 3 4 3 1
3 3 1 0 2 3 7 2 3 1 1 1
4 2 3 1 10 15 10 10 9 13 11 3
2 2 2 13 2 2 3 11 5 0 5 11
16 0 4 3 4 6 5 10 14 6 4 2
1 4 6 2 3 6 8 20 4 3 1 4
6 2 7 0 8 17 9 4 10 9 17 16
16 3 12 4 6 0 9 10 19 19 6 12
5 5 7 17 2 1 1 12 2 17 7 3
1 1 2 7 3 7 3 5 2 3 7 7
4 1 2 10 5 0 8 1 5 8 3 7
4 5 6 7 1 15 11 1 9 4 8 7
3 3 6 3 4 7 5 6 2 3 11 3
4 4 4 2 4 0 11 0 6 4 13 13
1 3 2 1 0 3 2 0 2 2 1 11
3 10 11 14 2 5 12 4 11 17 12 13
0 8 4 5 0 0 8 4 12 4 1 20
2 8 2 4 8 1 1 9 5 3 3 17
14 3 5 12 6 5 1 3 5 8 8 7
12 4 7 13 4 1 6 4 2 1 4 12
6 1 5 6 3 4 10 8 7 1 6 3
2 10 13 7 2 8 21 5 3 2 5 4
2 3 2 9 7 9 5 6 1 1 3 3
8 7 3 2 13 12 11 16 9 2 13 7
8 6 1 2 1 7 14 3 7 12 1 14
8 7 2 11 5 5 14 17 20 11 1 4
6 9 3 4 1 1 3 2 6 8 6 3
4 27 8 2 0 7 9 0 2 6 4 0
0 1 3 4 8 9 0 6 2 1 7 1
2 2 1 4 10 2 2 0 6 0 0 0
0 3 2 1 2 4 4 4 6 1 1 4
5 6 12 4 10 2 13 6 3 0 13 0
10 2 6 1 3 2 2 4 3 2 9 5
1 0 0 5 6 5 4 0 5 4 6 0
10 18 16 4 9 2 2 10 1 8 11 19
4 5 12 4 5 2 4 5 0 1 4 7
8 19 2 2 1 10 6 2 9 14 1 10
2 3 2 8 2 3 6 5 1 4 1 4
4 5 0 1 5 3 13 18 0 7 11 5
1 9 1 9 0 2 2 2 2 12 12 10
11 3 4 17 0 5 5 13 0 0 2 4
0 1 2 1 4 3 1 7 10 4 2 3
4 10 5 3 6 1 4 2 8 0 1 1
3 13 6 8 4 6 4 1 10 3 1 6
6 8 8 2 10 0 14 5 0 3 8 5
3 7 7 7 2 8 1 1 1 5 7 2
5 0 5 4 4 4 11 4 3 4 1 1
4 2 5 5 0 2 4 3 1 7 4 0
0 1 9 3 3 3 4 0 6 8 0 2
5 1 1 2 2 4 8 1 5 3 0 11
4 1 0 4 5 3 7 1 4 2 2 1
16 5 0 2 28 2 2 15 1 2 12 10
1 3 1 11 1 11 1 1 3 5 1 1
7 9 13 9 5 7 0 4 4 5 3 11
2 10 8 1 4 7 1 6 0 1 4 3
2 3 5 8 2 14 7 16 13 3 1 1
16 11 18 2 0 1 1 5 0 6 2 1
12 2 7 25 4 5 3 7 5 4 3 1
8 1 0 8 6 12 7 5 8 3 0 0
18 12 5 4 3 7 2 12 1 13 9 4
7 8 4 9 14 16 10 18 13 0 11 7
12 6 6 4 3 1 13 8 4 13 4 3
1 12 3 8 1 11 4 2 2 0 5 11
10 1 16 0 5 3 16 2 8 3 8 3
6 5 10 19 10 1 12 11 1 9 6 5
11 13 1 8 4 23 11 1 16 10 6 5
4 1 6 3 4 7 3 4 6 2 7 2
5 3 3 9 4 2 9 10 14 1 3 10
1 0 7 6 3 3 4 9 3 1 1 16
1 15 4 7 4 8 21 9 2 11 0 8
4 11 10 7 4 5 1 5 8 5 8 1
1 12 7 20 9 8 9 15 7 15 8 0
8 9 0 2 16 8 1 1 8 13 13 6
4 2 8 14 8 7 6 5 11 1 2 5
2 1 1 4 0 5 5 10 6 7 2 6
4 20 13 6 12 1 10 15 2 7 16 5
4 3 12 9 5 2 3 15 2 17 2 2
3 5 1 6 7 1 2 1 2 4 5 2
10 5 1 11 1 4 0 6 3 2 3 7
5 3 1 7 7 4 1 1 2 1 3 2
13 12 3 5 8 3 9 10 3 0 5 1
13 4 0 5 4 1 0 4 2 9 8 2
19 4 3 7 10 10 8 10 10 0 5 1
6 5 3 1 1 3 1 4 2 10 7 10
17 1 4 6 8 12 16 10 8 12 2 4
7 4 0 5 3 3 7 0 1 5 2 5
1 1 19 5 12 3 10 2 16 12 2 8
16 5 6 5 16 2 10 10 4 5 5 11
3 1 7 1 5 0 1 2 0 3 1 3
1 5 2 2 14 21 13 1 6 23 5 4
11 12 15 6 2 1 11 3 1 7 2 6
2 8 7 0 4 8 4 5 21 16 5 8
12 3 8 9 4 18 8 7 5 12 9 1
6 3 11 3 3 7 4 6 2 0 2 3
11 3 7 9 14 0 4 9 2 6 14 12
1 8 6 8 4 13 9 7 1 5 6 7
19 8 10 16 13 7 6 10 11 10 0 10
5 4 1 2 2 2 2 23 28 3 10 3
7 9 3 5 1 10 8 9 1 4 8 2
4 0 4 2 7 9 6 1 1 5 6 6
3 7 3 9 2 4 8 1 11 1 12 13
6 5 2 3 3 5 6 8 4 9 0 7
2 2 6 4 3 6 10 7 3 10 0 3
14 9 1 6 11 1 7 5 3 8 7 4
2 2 2 8 2 6 2 3 0 8 5 3
2 4 1 0 4 5 1 1 4 3 2 2
1 5 1 5 1 6 4 6 4 1 4 0
4 7 3 3 6 0 4 4 5 0 4 3
3 1 3 1 0 4 5 1 7 0 2 2
1 6 8 3 4 11 9 10 2 3 3 10
5 3 11 15 1 5 7 1 5 3 7 3
3 3 5 2 2 2 2 1 3 7 3 2
5 3 17 1 4 4 1 4 8 2 4 10
6 4 7 10 9 6 17 2 1 11 12 4
2 7 13 5 11 7 17 2 1 1 5 12
9 2 3 4 19 4 3 11 9 1 17 24
4 12 0 9 9 2 3 2 13 19 11 2
4 1 8 4 4 4 14 6 5 13 3 9
5 3 2 4 3 3 2 1 2 0 0 5
9 4 11 0 3 2 10 1 16 2 14 11
8 4 11 5 14 1 3 5 10 5 1 1
3 10 3 8 13 1 2 4 10 14 5 2
4 12 7 8 19 4 12 14 8 11 7 2
17 22 10 11 3 2 1 2 11 2 1 15
3 1 7 9 4 14 6 12 5 12 2 3
4 13 4 19 5 8 8 15 3 4 1 18
7 9 4 12 20 6 9 5 12 1 15 4
19 7 5 16 3 11 7 6 9 9 3 11
8 2 12 4 2 1 6 8 8 2 11 1
1 3 10 9 6 3 8 5 0 3 0 5
8 1 11 12 11 4 8 6 13 2 2 4
5 5 2 5 2 9 0 4 2 3 15 2
4 4 8 7 18 10 3 9 4 1 3 2
2 8 4 6 3 6 6 1 0 0 0 3
16 1 16 7 9 15 2 2 12 5 9 3
6 9 0 3 2 4 0 2 5 4 4 1
7 6 12 16 2 14 4 4 17 11 10 11
5 1 6 3 6 22 11 13 14 14 16 3
18 9 8 10 2 12 7 6 3 2 6 3
10 4 9 7 5 11 8 2 2 0 16 12
11 9 7 10 5 8 3 9 14 4 4 7
9 9 1 1 3 3 9 2 6 3 4 4
3 1 2 9 5 4 1 8 0 2 5 2
6 4 0 1 1 5 3 2 12 1 5 1
13 11 2 1 4 27 0 10 10 6 12 8
0 14 7 9 11 17 6 12 4 10 0 2
13 4 13 4 0 1 9 8 17 8 1 4
4 0 4 6 1 6 10 5 2 4 13 1
0 10 8 4 2 18 5 9 3 5 7 7
6 5 4 14 0 10 7 9 7 18 2 0
9 13 11 13 4 4 4 0 20 4 8 4
3 8 3 3 1 1 3 5 3 3 0 0
3 0 3 8 6 2 2 4 11 4 7 10
9 2 0 0 3 13 6 0 11 6 11 10
3 0 6 4 3 5 5 1 3 8 5 6
1 7 12 8 3 4 5 2 1 6 5 6
6 10 4 3 9 5 3 4 17 9 6 11
1 6 8 3 3 3 6 3 4 1 3 7
3 7 1 1 8 3 0 1 7 1 1 1
7 5 11 5 6 1 2 1 4 10 5 0
5 2 6 2 2 7 3 7 3 8 1 8
13 9 17 4 3 1 3 10 3 0 9 17
12 11 6 6 7 6 3 1 11 5 13 4
3 5 13 19 8 3 5 13 2 0 6 4
10 3 3 3 2 7 4 0 2 2 1 0
2 0 3 3 2 1 5 0 8 3 6 1
9 3 5 0 4 4 3 4 6 0 3 1
2 5 4 5 0 3 8 4 4 8 8 4
4 4 5 2 3 1 1 12 8 17 3 1
0 4 6 8 15 5 4 4 1 7 13 7
5 1 0 5 1 1 5 7 2 5 3 1
2 22 7 11 4 4 1 20 4 5 2 7
2 3 2 3 12 23 8 10 8 5 12 9
1 1 1 7 5 0 7 2 7 12 6 12
11 1 0 5 14 16 15 13 8 3 8 14
9 7 3 2 10 2 0 3 5 4 3 3
7 4 13 3 18 8 10 7 10 1 1 3
21 8 2 1 7 12 2 3 15 2 7 2
1 5 3 3 5 13 1 5 4 5 7 8
6 17 21 4 5 19 1 3 4 1 5 4
4 10 3 4 4 4 3 3 1 5 0 5
8 16 16 5 1 5 12 11 6 11 15 15
0 4 1 3 2 5 4 6 4 13 1 11
12 9 3 11 4 6 10 17 6 9 24 0
0 7 7 7 6 10 9 5 1 1 1 1
5 1 4 2 2 5 1 6 1 1 6 3
1 5 5 8 4 12 11 2 6 13 1 6
1 1 1 1 2 8 1 6 1 0 0 1
4 12 10 15 17 8 9 6 10 2 1 4
5 0 7 1 6 18 4 3 5 6 13 1
23 17 1 4 13 7 11 11 1 1 2 10
3 1 2 1 6 5 8 4 0 5 2 3
3 2 0 1 1 0 0 3 4 8 2 1
8 10 1 6 13 3 19 0 8 8 2 20
9 9 11 13 16 9 2 15 4 10 7 9
5 4 4 5 4 3 8 0 4 11 7 6
12 1 11 5 10 4 7 2 16 6 6 4
1 1 1 5 2 4 5 3 4 4 2 2
0 7 4 14 8 0 17 9 23 12 3 1
4 5 1 1 1 0 5 2 1 4 0 7
3 7 1 6 3 1 21 7 9 8 3 20
21 5 5 4 1 2 6 3 9 14 1 3
6 13 6 1 4 1 22 11 6 8 9 2
10 22 7 0 5 4 17 8 7 2 7 7
14 3 15 2 1 16 10 8 4 11 5 1
3 0 6 8 5 1 4 4 6 4 3 1
3 3 6 1 5 2 5 4 2 6 0 2
5 5 5 1 0 0 2 3 5 1 3 4
5 2 10 3 4 1 3 5 7 2 5 6
3 3 13 1 9 4 4 5 4 8 2 9
2 3 4 8 0 4 3 0 2 3 1 3
7 2 2 2 2 1 4 7 4 1 1 5
1 4 6 2 3 5 4 7 7 6 1 1
0 0 7 10 15 6 2 22 4 4 14 2
13 6 4 0 6 4 6 8 1 11 4 3
10 5 3 9 8 14 16 1 2 4 3 2
10 4 7 0 2 2 2 3 14 2 7 0
10 17 2 18 2 8 3 5 7 10 9 2
3 1 2 4 4 4 3 2 4 1 1 2
10 18 13 12 10 6 4 7 6 2 5 9
9 3 1 3 9 15 12 10 17 18 3 13
3 6 2 6 10 5 4 4 4 5 4 0
9 8 4 13 1 2 11 2 8 1 10 1
2 10 9 2 3 0 3 10 13 14 6 12
2 1 6 7 0 7 0 2 2 9 1 5
2 9 2 15 3 3 7 4 7 6 4 14
11 12 15 3 4 0 8 21 8 5 6 10
1 2 6 3 18 1 7 8 11 8 10 4
9 5 10 6 7 12 5 0 3 13 11 5
9 4 2 2 12 6 10 12 2 6 1 7
0 5 3 1 5 0 3 1 5 4 2 1
5 11 7 7 1 13 1 11 3 8 2 17
4 10 10 4 14 13 8 2 0 8 0 1
1 5 8 7 2 2 0 1 7 1 0 8
5 1 2 8 1 7 6 12 14 1 24 5
0 0 7 0 11 11 2 2 13 4 4 6
8 7 0 1 2 0 0 0 3 2 4 1
5 3 15 17 12 1 11 9 0 10 7 9
4 3 0 10 11 3 2 3 1 2 5 8
12 2 9 2 4 5 6 3 10 5 4 1
0 2 1 4 3 3 1 11 4 1 0 2
8 7 18 4 8 6 2 0 7 5 6 9
15 0 22 18 5 10 9 5 9 7 2 5
5 1 22 1 7 1 2 5 3 12 13 11
4 4 8 6 2 6 2 6 2 8 7 13
15 0 13 9 4 19 14 15 2 13 2 12
5 2 0 2 1 0 3 2 6 4 6 2
7 3 16 3 8 13 4 1 15 13 2 9
1 4 4 5 1 8 2 1 8 4 1 2
3 4 14 8 10 8 2 5 7 1 11 4
0 12 8 2 14 13 1 5 1 5 11 2
5 14 3 12 7 4 10 5 13 5 10 5
1 2 10 6 3 7 6 4 1 5 8 8
8 1 15 2 10 3 6 4 7 6 1 7
10 2 4 9 7 2 10 4 5 5 7 10
8 12 0 4 13 9 15 1 11 1 7 5
7 11 1 9 0 3 8 7 2 14 9 1
4 1 3 1 0 4 9 2 3 7 3 3
4 8 5 4 15 6 8 2 1 1 1 3
9 5 6 3 1 2 0 3 2 3 4 6
4 3 4 2 6 0 2 4 3 4 0 3
1 1 8 7 8 5 24 2 5 15 1 12
7 4 12 2 1 12 6 3 1 6 5 3
13 16 8 20 8 12 3 1 12 14 10 2
2 12 0 3 7 6 6 0 7 5 7 0
5 0 11 23 11 7 6 9 7 6 8 14
4 1 6 4 0 4 3 5 6 2 1 0
5 8 3 7 9 5 19 3 12 19 1 11
1 1 5 0 1 3 1 8 9 6 3 5
7 1 2 4 3 3 2 2 3 1 0 2
13 8 19 11 5 6 3 15 5 2 7 7
10 16 4 8 6 10 5 4 6 8 13 14
14 2 6 9 9 3 5 16 3 8 4 6
8 1 0 5 6 1 1 1 2 3 1 7
2 3 10 1 3 0 2 8 0 6 1 7
6 2 0 3 1 3 4 2 11 8 4 9
7 2 0 7 3 5 4 3 6 2 4 6
0 4 5 2 8 6 2 6 1 4 2 1
1 2 0 5 12 0 5 10 5 8 2 6
0 1 1 1 5 2 4 1 1 6 6 7
5 3 1 1 2 1 5 1 7 3 1 1
1 0 5 3 2 1 5 2 6 1 4 3
11 0 14 7 2 6 13 17 5 18 5 13
1 2 0 8 1 14 3 5 6 0 4 4
2 5 5 8 1 0 5 1 1 3 6 4
3 1 2 0 4 2 5 4 4 4 2 5
10 14 10 19 17 10 1 18 8 3 3 8
3 13 5 4 7 4 1 12 5 3 1 3
4 5 1 3 1 2 2 0 2 1 1 9
7 4 11 6 5 1 4 12 5 6 9 9
0 14 5 2 7 6 0 8 16 3 16 19
12 6 12 7 6 10 11 0 6 6 10 2
4 3 2 12 12 23 9 3 3 7 5 22
2 10 20 5 2 14 7 8 3 12 8 14
2 6 0 4 1 4 2 4 3 1 4 6
3 1 1 5 6 15 8 1 8 10 10 17
11 4 7 1 11 8 8 5 5 10 1 1
3 12 4 7 1 7 7 0 10 5 9 5
18 6 2 12 16 4 4 2 1 1 16 4
6 21 16 16 5 7 7 9 5 9 1 5
5 1 0 4 2 3 0 1 1 4 2 6
6 1 12 3 7 8 4 8 3 5 7 5
15 11 8 1 1 3 8 6 1 3 4 11
5 2 21 5 8 8 11 9 15 10 0 2
4 2 2 5 3 2 1 1 4 1 6 4
7 3 17 6 9 2 6 3 1 0 3 9
6 1 6 6 5 11 2 3 2 0 2 1
4 1 0 5 3 5 1 5 2 2 1 9
5 13 8 1 16 5 8 20 3 12 3 18
0 6 9 1 0 12 17 8 9 0 21 7
1 2 2 3 4 1 3 4 4 6 2 2
13 12 0 3 3 1 2 6 18 4 4 6
1 8 14 2 10 1 10 4 17 3 2 2
4 6 5 3 1 3 1 4 19 12 3 0
0 6 17 4 9 2 2 2 16 6 8 1
4 3 3 15 5 1 10 2 19 3 8 10
4 16 2 2 8 23 2 2 10 4 1 8
2 2 1 8 2 8 2 4 17 6 2 3
2 14 2 5 13 1 20 10 4 15 13 8
4 6 29 5 7 4 7 3 1 6 5 0
2 3 1 5 1 6 8 10 10 4 9 0
5 6 3 4 1 3 1 3 4 6 0 1
1 3 2 4 2 4 8 5 3 9 1 1
7 15 11 16 5 1 18 0 4 5 6 3
2 2 5 4 0 2 1 0 9 7 2 3
3 5 2 17 4 4 9 1 4 2 5 7
24 1 0 22 2 14 6 13 1 6 2 9
0 13 11 2 3 9 6 2 1 7 8 0
20 4 15 9 4 4 2 3 5 1 6 16
6 8 7 13 5 13 0 11 4 1 4 6
6 0 12 1 13 0 6 0 11 7 5 14
3 2 1 3 2 4 6 1 3 5 6 3
2 7 4 0 0 3 0 3 3 1 0 5
12 1 15 5 3 8 2 13 9 9 9 8
17 11 6 2 19 1 3 23 1 1 14 0
10 6 6 28 3 8 5 13 3 1 4 5
3 18 2 10 5 7 1 15 11 17 7 5
1 1 7 15 2 4 2 10 10 3 7 11
8 0 4 2 1 4 3 1 1 1 6 1
12 13 2 3 3 7 9 1 12 0 9 0
5 2 6 1 0 1 3 4 7 1 1 3
7 9 1 2 2 0 6 3 5 13 5 18
8 9 3 1 4 7 13 11 5 15 5 7
2 3 2 1 2 3 2 1 4 7 2 2
4 0 1 3 3 1 0 7 0 4 4 3
7 6 7 5 2 10 8 7 5 6 6 9
1 1 9 7 5 5 9 17 7 7 1 11
3 3 4 4 2 5 1 4 2 3 0 3
7 3 5 10 11 3 3 7 3 11 1 3
14 5 3 8 8 2 2 1 4 2 8 3
1 13 5 3 6 1 13 8 4 4 8 3
7 4 14 3 0 2 7 2 1 1 13 2
1 1 6 0 2 2 3 5 3 3 3 0
1 1 0 0 4 0 3 3 4 2 4 6
3 7 2 0 2 1 3 3 0 4 6 2
0 2 2 1 1 3 4 9 2 5 4 4
1 1 14 1 3 3 4 2 1 3 12 1
5 3 25 3 12 8 9 2 19 8 10 1
4 5 0 5 0 0 9 1 5 0 8 8
8 5 5 8 6 1 15 3 15 7 3 2
7 4 12 16 1 26 7 17 4 0 9 5
1 7 7 1 1 0 1 8 2 4 0 5
2 4 2 2 0 8 4 7 3 1 5 4
10 6 6 1 2 6 0 4 1 2 6 4
5 2 3 17 2 1 10 6 1 7 3 7
10 20 11 4 20 7 2 16 6 2 9 8
2 0 1 4 1 0 3 4 5 16 5 8
12 8 0 9 4 7 5 3 14 9 7 6
2 6 2 3 12 5 6 3 3 3 1 1
0 11 6 1 15 19 7 17 5 8 10 9
2 6 5 2 2 2 2 3 1 6 4 2
0 4 1 3 7 1 7 2 4 11 1 1
2 9 9 3 3 14 0 1 4 7 5 9
2 2 8 1 1 7 4 7 5 5 1 1
20 14 4 4 8 2 4 6 3 8 2 7
1 2 2 5 6 11 7 3 9 19 1 4
3 2 3 4 12 1 5 11 0 3 0 10
14 7 5 3 12 12 1 6 0 13 3 13
5 5 10 3 4 1 5 2 5 4 0 1
4 3 0 2 6 6 3 6 2 5 1 8
1 9 3 8 3 2 3 18 1 19 12 5
1 10 13 4 0 1 2 8 5 19 5 3
11 7 8 1 3 14 2 0 0 3 7 4
5 6 2 6 9 9 15 9 25 11 14 0
6 1 10 1 1 2 10 1 9 8 2 9
2 6 4 7 11 14 11 2 16 5 0 8
7 3 1 4 5 2 1 1 2 3 7 4
9 21 7 17 4 9 2 5 3 9 6 9
3 7 1 6 3 4 3 1 9 10 1 15
4 11 4 7 12 6 6 4 0 12 7 5
3 13 3 4 5 1 1 7 8 3 0 6
3 4 2 0 5 2 2 3 8 3 7 4
0 12 3 3 6 8 26 5 4 12 14 2
7 1 3 2 1 9 2 5 6 4 2 3
4 11 15 14 10 17 6 12 7 11 11 1
1 0 3 3 7 19 3 13 9 0 5 20
1 3 7 2 3 8 3 1 6 6 2 9
10 9 15 13 3 13 5 2 4 1 5 4
22 11 7 5 8 4 4 4 4 3 11 14
8 5 3 3 0 1 4 2 4 2 2 2
1 0 11 1 4 2 4 1 4 1 3 9
3 1 5 2 1 4 3 1 6 0 0 1
0 8 11 0 5 3 3 3 6 14 11 10
24 0 8 2 7 9 19 5 11 11 8 8
0 2 0 7 4 5 2 3 5 2 0 1
8 6 7 4 0 4 1 11 5 4 2 10
3 10 15 1 1 8 8 3 6 7 2 5
0 6 3 5 3 0 4 0 4 2 3 2
3 6 6 4 2 1 10 0 1 12 3 8
2 4 4 1 1 4 1 1 2 3 1 6
6 0 2 1 5 7 5 5 1 3 0 3
14 1 11 3 2 3 0 2 10 3 9 8
3 1 13 6 1 6 1 7 3 14 5 10
10 6 6 11 7 8 6 12 7 12 11 0
1 0 3 2 9 4 6 3 1 1 1 2
5 5 3 4 1 2 1 1 6 3 5 2
1 3 2 4 4 3 0 5 3 4 2 2
7 1 8 5 6 16 4 3 6 4 6 3
10 0 17 4 0 11 1 2 10 3 5 12
9 7 11 4 7 6 4 6 10 9 4 3
9 2 1 4 0 3 3 3 2 2 3 3
4 6 0 7 2 2 1 4 1 0 4 1
24 8 6 5 3 2 0 6 4 13 15 8
1 3 9 12 7 6 17 7 2 7 16 3
1 2 3 1 6 2 5 1 1 5 3 0
2 1 4 0 1 3 8 6 4 6 8 0
1 6 4 1 1 3 4 2 5 4 5 7
2 1 3 15 5 16 10 9 8 8 9 18
13 6 20 8 4 11 6 0 9 6 14 7
8 6 13 2 6 0 6 16 7 5 0 7
3 3 2 5 3 4 4 5 6 0 4 3
4 3 14 2 12 7 7 8 13 9 18 15
4 2 1 1 0 7 1 1 3 3 3 4
2 7 2 6 2 2 5 4 3 3 1 7
1 5 11 8 7 2 1 11 2 22 1 6
1 0 8 4 2 2 6 0 4 8 2 3
3 2 11 4 0 4 4 7 10 7 9 4
5 9 3 1 10 14 14 3 2 6 4 3
1 6 10 4 4 8 3 1 2 7 4 8
5 2 4 2 2 1 5 1 2 5 4 2
13 4 5 9 7 3 14 11 15 8 22 3
1 14 2 1 0 1 6 4 10 5 10 7
3 2 7 3 2 2 10 3 2 5 1 1
5 8 3 4 1 5 4 6 5 9 3 1
1 6 0 2 3 3 4 4 3 0 4 0
1 6 0 1 0 5 11 4 1 9 3 0
2 3 12 4 9 2 9 8 1 5 2 9
19 3 8 3 7 4 1 3 8 2 4 4
2 0 1 1 5 2 2 2 1 4 8 8
3 1 4 4 8 11 2 0 27 16 1 16
2 0 1 1 1 4 10 0 1 2 2 6
3 8 10 6 9 4 2 3 4 2 1 15
1 3 6 9 2 6 3 2 0 8 5 4
6 3 6 1 6 1 5 6 7 10 15 1
1 2 0 1 5 1 4 1 0 3 6 2
10 17 13 2 5 4 17 4 13 1 7 10
4 8 1 6 0 2 7 10 5 7 6 8
23 2 2 1 14 2 11 7 1 3 7 15
8 2 5 1 4 3 2 3 0 4 8 2
11 9 4 2 4 4 5 4 2 6 15 7
1 1 6 10 18 10 18 13 22 5 3 6
6 1 4 1 4 8 9 6 1 3 0 7
9 8 0 5 9 9 2 24 2 5 7 6
4 0 8 2 7 1 3 1 6 4 2 4
2 10 6 8 6 12 10 10 3 1 8 11
10 5 15 6 7 1 19 9 15 8 6 7
1 7 3 3 1 3 3 2 5 4 3 4
4 2 1 0 4 6 4 8 2 1 4 8
6 5 8 1 3 4 1 7 5 7 2 2
7 3 7 9 3 4 3 8 3 0 15 3
6 12 2 4 1 1 8 15 6 4 0 7
4 5 8 7 4 12 2 0 15 3 7 12
4 15 16 12 11 5 7 9 16 2 12 7
14 19 2 6 2 24 4 10 12 5 7 7
1 3 3 3 5 7 6 2 1 3 1 0
7 18 2 12 8 2 8 3 1 6 9 4
5 6 10 1 2 10 3 1 7 1 1 13
0 20 13 9 15 7 5 10 5 10 5 3
13 7 6 2 5 10 14 7 14 3 27 4
6 17 9 6 15 3 17 10 3 1 4 9
17 13 10 3 2 1 8 4 15 1 6 17
13 7 8 11 15 13 6 1 1 0 11 6
7 5 1 4 21 6 5 5 19 0 13 7
3 1 1 5 15 9 2 2 1 9 12 13
5 6 1 5 1 5 8 1 4 3 6 8
3 1 2 4 4 9 1 5 0 5 13 13
5 6 3 1 8 0 15 25 2 13 1 15
2 0 1 0 11 10 8 4 3 4 3 3
15 7 11 13 9 11 3 1 15 14 2 4
3 4 18 3 3 4 7 18 10 6 9 4
13 9 2 9 3 32 5 10 6 2 2 1
6 7 2 6 5 1 5 16 4 4 8 4
1 16 8 2 2 10 12 3 7 8 2 6
1 6 0 8 4 5 5 5 3 1 0 1
7 2 5 11 4 0 11 21 12 6 6 8
4 9 24 4 8 12 3 5 15 2 11 3
16 6 2 1 10 10 15 15 8 5 10 5
12 6 2 2 12 6 1 7 3 0 7 5
0 1 4 8 3 1 1 2 1 4 3 1
2 0 11 7 5 7 6 19 0 7 1 9
7 4 3 3 3 1 4 7 2 12 8 2
8 4 8 19 15 8 10 8 4 14 3 8
9 15 5 4 13 6 7 11 7 13 12 16
4 3 9 7 13 8 9 2 2 6 4 11
12 0 2 1 6 6 2 9 4 3 3 14
0 4 4 5 4 4 3 4 10 5 3 1
16 2 10 0 4 1 2 9 6 10 11 5
3 4 6 5 1 13 1 9 3 3 3 10
0 13 6 8 12 13 17 14 7 1 4 6
2 12 4 10 6 9 6 10 9 8 2 5
2 7 10 5 4 6 14 1 3 7 5 14
0 4 5 13 6 0 1 5 9 10 5 6
6 5 0 5 0 1 1 2 1 1 1 0
5 4 2 3 2 2 1 1 1 1 0 8
3 0 1 7 4 7 6 7 4 1 0 2
0 0 14 11 8 1 10 1 1 6 20 23
17 2 11 15 5 6 7 3 16 13 7 9
1 2 3 1 0 3 3 6 2 14 5 5
0 2 1 5 4 0 15 4 6 10 1 6
11 1 0 2 7 1 6 18 5 11 14 5
1 10 5 6 12 12 12 5 8 10 4 4
3 1 17 1 4 6 12 2 9 7 3 3
2 6 1 3 3 11 3 9 10 0 2 5
6 2 1 2 3 7 2 13 0 6 7 3
1 1 0 1 4 4 5 3 6 3 5 5
5 9 6 0 16 5 0 12 3 7 18 12
7 15 8 13 2 12 7 20 3 14 13 3
7 2 5 3 2 10 4 4 0 4 9 9
4 7 6 5 6 6 5 22 3 3 3 0
6 6 2 0 0 4 1 1 4 9 5 2
9 3 7 2 9 1 2 2 3 3 5 3
17 5 1 4 7 17 8 8 11 1 10 11
5 8 4 2 10 3 7 10 8 9 0 7
5 1 0 2 8 4 4 6 1 1 4 3
7 3 16 12 5 10 4 7 3 15 6 2
3 3 2 4 2 1 15 5 3 8 9 2
7 3 2 4 3 9 3 2 0 4 12 13
5 5 1 3 3 1 4 2 0 4 0 8
11 7 1 6 13 1 6 10 23 2 1 7
6 6 11 2 4 10 6 5 1 1 0 2
2 9 7 7 7 1 0 13 5 0 6 10
15 2 2 24 6 1 5 11 5 2 6 8
2 7 12 1 9 5 3 7 2 0 17 3
7 17 8 6 6 1 16 13 1 7 2 7
10 13 4 3 4 12 3 9 11 0 2 2
1 10 9 6 5 8 10 0 14 3 9 10
3 6 6 1 3 6 3 2 2 3 2 0
1 9 15 14 3 19 4 3 0 6 1 23
1 2 12 3 11 10 4 11 9 11 1 0
4 6 6 5 2 1 5 6 4 1 2 2
17 3 4 13 5 2 6 9 7 2 3 2
5 12 3 19 1 19 0 8 11 4 8 6
2 5 2 0 5 0 5 5 15 5 3 3
12 4 5 1 2 7 3 8 9 4 3 4
9 1 3 9 13 1 9 2 0 2 7 2
11 14 1 6 11 4 6 0 8 4 10 5
13 8 4 7 2 20 10 10 1 2 4 20
4 3 1 7 0 3 0 0 4 1 1 4
8 7 1 0 4 1 0 0 3 0 5 4
1 2 3 0 0 1 4 5 5 2 2 4
4 16 3 16 11 10 2 6 17 15 5 16
2 3 1 29 4 8 11 2 0 4 5 13
21 4 4 6 3 11 1 3 6 4 19 5
17 22 2 5 7 8 2 3 10 10 18 4
6 2 3 6 8 7 4 4 4 2 3 1
1 2 7 7 0 6 1 2 3 3 1 7
2 27 5 11 8 2 1 6 2 0 4 3
7 1 5 5 6 1 1 9 2 4 2 8
4 11 2 5 6 11 5 16 11 1 12 0
8 1 6 5 2 5 2 14 2 3 1 7
0 12 7 6 8 2 3 15 5 1 10 8
23 9 10 16 14 5 7 8 4 9 9 9
13 3 11 6 4 7 3 11 15 1 14 1
4 15 10 12 11 1 2 13 1 5 5 2
4 6 7 9 14 11 2 8 18 8 5 11
4 4 4 4 4 1 7 3 1 4 3 7
4 5 1 1 0 3 4 6 3 2 7 1
5 2 4 2 10 4 19 8 13 3 5 0
4 3 2 8 1 2 4 1 2 2 3 2
5 6 12 1 4 18 22 9 14 4 1 12
4 12 19 20 6 15 12 0 1 1 0 2
12 1 8 2 16 8 11 7 18 3 9 7
8 3 3 1 9 5 11 2 9 2 3 2
1 3 4 4 14 7 10 4 10 11 1 8
6 0 5 0 4 5 6 9 3 2 3 4
6 2 8 1 5 10 1 5 6 10 6 0
10 5 2 4 18 2 26 7 6 4 6 3
2 2 8 5 4 13 3 9 3 1 8 3
10 5 21 1 17 2 6 19 5 17 7 1
2 11 11 10 8 8 9 4 5 22 14 1
6 5 4 11 5 16 2 4 1 0 10 12
11 6 9 9 8 3 2 8 3 6 3 9
6 8 3 3 1 2 6 8 4 6 7 7
13 1 10 6 5 2 7 7 3 16 3 3
3 3 4 0 3 3 2 7 8 3 4 1
12 4 0 1 6 1 2 0 9 6 9 13
5 6 2 2 5 3 2 4 2 0 7 4
2 15 15 6 15 4 1 12 7 1 14 21
1 9 6 5 2 3 1 2 6 13 10 0
1 17 4 9 14 7 11 1 4 17 1 4
16 6 8 7 6 22 10 6 2 16 1 3
1 1 7 2 6 2 1 2 1 2 5 7
10 12 11 9 5 7 10 1 5 4 9 2
13 3 18 0 1 4 18 2 0 8 8 10
5 1 6 11 6 5 6 6 2 17 1 3
3 5 5 7 4 9 13 1 4 8 3 1
5 3 7 1 2 4 2 7 0 6 5 0
7 6 10 11 8 4 4 3 16 5 18 4
2 4 3 14 9 1 2 23 4 1 5 5
1 2 16 8 14 1 11 7 6 8 8 11
7 4 1 2 4 7 3 5 3 5 4 2
9 0 5 3 9 0 5 11 0 11 1 5
24 12 5 8 2 2 6 5 6 14 2 9
11 13 5 8 14 2 2 12 5 5 10 1
3 9 8 2 7 12 4 5 10 8 10 11
2 2 7 7 9 0 9 2 0 10 1 3
0 21 2 17 6 15 12 10 1 2 10 8
4 1 2 3 0 3 4 9 2 2 4 7
7 5 5 13 5 0 7 11 16 2 5 12
17 22 2 6 7 5 9 8 6 9 10 17
2 13 2 15 13 5 5 17 5 8 2 9
7 1 9 5 20 15 6 3 1 3 6 9
3 2 7 4 0 1 3 4 3 2 3 3
5 6 11 11 5 7 4 3 8 13 3 1
9 19 12 1 1 0 9 7 8 10 5 6
3 1 1 2 6 1 3 6 2 3 4 6
1 4 6 2 2 1 6 7 0 1 3 2
6 11 1 1 1 4 2 5 3 6 8 2
9 6 3 0 5 2 19 4 4 1 5 2
7 2 0 1 3 10 1 2 2 4 3 1
9 3 13 11 1 7 5 4 16 12 20 3
5 8 18 4 3 1 1 12 11 10 17 2
12 13 14 2 2 13 1 1 4 13 7 7
4 1 2 1 1 5 5 3 4 6 1 2
0 2 0 4 2 6 5 0 5 3 4 1
2 2 9 5 1 2 7 14 1 14 13 3
0 0 1 1 8 2 4 4 2 3 3 3
4 1 0 5 0 2 3 3 2 2 2 6
2 8 8 9 6 0 0 2 10 6 0 2
3 1 1 3 2 2 2 7 1 1 0 5
3 4 8 8 0 0 1 1 7 18 6 5
11 2 17 9 7 3 14 10 10 0 6 7
5 3 2 5 5 1 1 1 1 8 4 2
2 6 14 3 24 6 1 9 19 1 1 8
1 7 6 2 8 5 7 5 1 3 8 3
18 13 5 2 4 12 10 11 3 5 5 4
2 4 9 2 5 2 8 3 2 0 4 7
0 14 2 3 22 4 1 12 7 20 0 9
8 3 5 1 3 2 2 2 2 4 3 2
3 13 4 6 5 6 5 9 6 2 3 0
5 13 5 0 7 2 5 7 8 9 9 4
3 2 4 1 6 3 5 9 1 7 5 5
10 1 0 12 1 1 11 5 3 8 0 11
0 1 7 7 8 7 2 7 1 0 1 9
10 10 2 8 6 3 7 17 13 5 13 8
8 8 1 4 1 4 6 3 17 8 1 8
8 8 29 13 1 1 5 8 2 11 8 5
2 4 0 9 1 11 0 2 1 6 6 8
4 4 4 4 4 2 6 1 1 1 2 2
2 0 1 2 6 5 1 6 1 0 9 3
4 7 7 0 15 3 1 11 15 4 4 2
13 4 5 8 12 10 6 25 10 4 4 9
5 8 13 3 4 7 2 6 8 14 3 19
7 10 6 1 5 8 23 11 7 16 9 10
3 14 12 6 10 5 4 4 3 12 7 15
12 2 4 7 5 9 18 7 7 9 6 0
3 0 4 2 0 5 3 3 1 5 1 2
2 0 2 1 7 1 4 4 7 2 2 0
3 3 11 1 6 1 0 2 7 1 3 3
2 2 2 4 1 14 12 0 13 1 5 5
4 7 8 15 1 16 4 8 4 5 6 5
2 2 1 1 5 0 4 1 1 5 9 3
2 1 3 8 16 8 14 8 1 6 2 2
0 7 21 14 1 2 17 3 8 8 3 4
1 5 1 5 0 8 3 2 8 1 0 1
11 12 2 3 2 7 13 1 13 7 24 3
3 1 2 1 7 3 1 1 0 1 9 5
4 1 5 1 0 6 1 5 3 0 3 0
0 0 2 2 5 0 7 4 1 1 6 7
9 6 6 1 1 2 2 1 1 7 2 9
0 1 3 2 2 5 1 2 6 1 1 7
1 5 9 1 1 8 2 8 2 8 15 0
6 12 6 0 1 2 3 4 3 11 6 6
1 4 7 1 2 2 4 4 2 8 1 14
2 4 12 8 1 3 3 1 2 4 2 0
17 9 9 9 4 3 3 8 0 2 8 8
1 19 13 5 11 19 12 4 4 2 2 10
5 2 9 1 0 3 2 0 2 4 9 7
3 1 1 4 8 10 19 7 4 2 14 4
24 1 1 6 7 6 5 15 1 3 4 8
5 2 8 3 5 10 3 7 5 2 0 1
2 13 4 6 7 2 5 10 20 7 0 15
0 5 3 4 8 2 6 6 2 5 1 0
1 3 3 2 1 0 4 6 2 6 5 5
4 6 1 1 4 3 1 6 1 1 3 1
4 1 6 1 4 4 9 1 1 4 5 4
1 11 8 9 11 18 4 17 4 3 2 1
5 1 2 6 19 8 2 16 1 2 4 10
4 17 10 4 8 5 4 5 8 7 11 3
1 8 2 7 0 4 11 3 0 4 9 4
9 11 8 3 3 5 7 5 11 5 2 6
2 5 2 1 3 2 2 4 2 3 5 0
8 1 7 12 3 11 12 9 11 2 7 13
11 14 6 10 8 2 2 3 6 13 10 4
4 0 6 14 0 3 6 4 5 6 6 3
0 9 2 4 6 6 1 4 4 3 3 4
3 4 2 2 7 25 10 9 3 19 14 10
5 3 1 1 2 1 2 5 6 1 4 5
1 2 2 4 5 6 1 1 3 7 1 7
2 2 5 1 12 1 5 5 0 6 1 6
3 3 2 10 1 2 3 5 9 3 3 4
5 10 13 7 3 8 2 10 2 7 17 5
6 0 6 1 6 4 2 3 5 4 2 3
1 13 5 16 14 3 15 7 7 0 20 6
9 11 2 0 6 8 4 11 11 1 14 11
2 11 3 8 6 4 12 12 10 6 3 8
6 3 14 3 5 2 6 2 4 6 1 5
9 3 4 12 4 4 19 9 7 1 2 0
5 1 9 1 3 1 4 1 6 3 6 0
0 8 4 1 0 3 1 3 4 7 1 2
6 2 1 18 5 1 1 4 2 6 8 12
0 3 22 11 4 12 0 5 2 12 2 3
12 2 10 3 9 0 6 23 3 5 4 20
7 12 1 8 0 3 6 10 4 22 15 6
17 3 4 4 10 5 4 0 1 7 6 4
14 9 8 11 10 14 5 11 1 1 12 3
4 1 5 4 8 1 0 7 2 5 2 5
4 1 9 15 10 5 0 2 2 2 0 3
11 6 8 10 1 11 4 3 2 7 1 3
8 3 2 16 3 1 6 3 2 22 1 3
3 3 3 4 4 5 3 5 5 5 2 5
7 20 20 3 2 11 3 4 8 17 6 12
5 1 6 2 1 1 5 13 9 1 7 1
13 8 12 9 3 0 7 11 4 9 5 6
0 17 6 5 1 1 7 6 14 10 24 12
4 1 8 3 3 4 5 4 4 4 3 5
13 2 0 2 2 8 4 2 6 8 1 4
16 11 2 3 0 4 17 11 4 6 4 9
8 8 8 16 4 7 7 4 8 4 8 0
1 6 11 13 9 4 0 9 7 2 9 7
9 4 4 8 7 6 3 3 3 10 5 9
5 4 3 1 2 1 5 6 2 2 6 1
10 2 2 4 6 4 5 1 1 6 14 6
4 8 6 1 7 15 8 4 13 13 4 7
6 2 10 10 2 16 13 5 6 8 1 4
9 3 6 3 9 3 2 12 4 9 2 1
2 2 8 1 3 5 2 9 1 7 8 4
19 8 7 1 16 8 20 13 6 10 3 9
13 12 0 5 19 9 4 2 2 9 15 13
2 8 9 3 0 3 1 1 7 6 3 5
4 1 0 2 7 2 6 9 2 7 3 7
4 3 3 0 8 1 1 0 0 3 3 3
19 1 4 16 3 1 12 0 8 4 5 2
1 10 4 6 3 3 5 0 2 2 3 1
8 2 4 1 2 2 7 0 6 2 3 15
5 14 4 1 25 5 5 2 3 4 9 3
1 17 3 7 1 3 1 6 3 7 11 4
8 3 6 8 0 5 11 6 9 10 21 4
1 15 15 6 11 12 3 5 9 18 16 11
6 5 1 8 3 7 2 2 2 3 3 2
9 2 1 2 3 30 6 3 5 12 9 3
16 6 7 5 2 3 9 6 6 17 7 17
3 14 11 5 1 7 11 1 1 15 7 7
2 6 5 7 0 12 2 8 8 8 11 12
19 13 9 5 9 3 6 2 5 4 23 3
5 1 5 3 9 19 8 7 10 17 10 3
0 14 7 3 1 7 4 0 1 2 5 0
5 3 2 2 2 2 2 3 7 4 2 0
4 3 7 8 5 1 9 8 4 5 1 6
2 3 10 5 13 3 4 2 15 3 4 15
3 5 4 6 2 8 0 3 3 4 1 0
2 13 10 6 4 1 4 1 6 10 5 9
7 3 10 0 8 2 2 5 3 7 1 2
5 11 3 11 12 9 6 1 1 4 3 4
11 0 12 11 4 4 6 7 7 5 8 3
2 5 4 11 1 7 0 6 6 3 6 2
12 4 6 2 9 8 4 1 5 5 1 1
1 2 3 1 8 4 6 13 1 4 3 4
2 4 4 4 5 4 6 2 11 4 7 4
11 19 17 10 7 10 13 7 7 14 5 3
2 6 14 1 4 2 8 27 11 3 4 7
8 6 23 5 1 0 5 4 17 2 2 13
10 4 2 3 4 3 7 3 1 4 2 4
3 19 11 12 21 5 10 15 2 1 3 6
7 15 11 12 5 10 4 6 13 7 13 2
2 3 2 9 1 3 13 4 3 4 1 9
9 12 11 12 1 8 2 14 0 1 16 14
1 6 3 6 5 3 8 3 4 11 5 2
0 13 3 4 4 6 1 9 4 6 1 2
11 1 1 3 2 7 9 20 6 1 1 8
9 3 6 3 11 6 13 3 10 12 2 11
1 4 2 5 0 1 7 1 3 4 1 2
19 8 24 15 8 3 7 8 3 8 5 5
3 1 8 6 4 2 0 13 12 9 6 10
2 0 6 1 6 4 1 4 0 7 3 4
6 21 15 5 4 0 4 11 7 6 0 6
5 4 4 6 3 1 9 9 3 2 4 8
15 8 2 25 7 1 16 17 5 2 3 3
4 6 0 17 8 8 2 7 2 3 14 4
3 15 13 10 3 6 2 2 6 20 1 0
1 3 19 13 8 5 0 2 10 2 13 26
8 10 5 4 0 7 4 13 5 11 4 5
1 2 0 17 17 3 3 2 14 3 7 5
13 5 12 9 3 3 15 14 1 4 2 13
4 2 4 4 1 7 8 3 2 1 8 8
7 4 0 9 3 0 2 6 5 11 10 5
2 11 4 5 7 5 1 1 1 13 6 4
2 3 0 4 1 7 3 1 1 2 4 5
4 15 8 1 11 2 7 3 7 12 3 10
2 0 2 6 1 5 1 1 6 2 4 2
2 6 4 8 3 2 13 4 8 4 18 3
4 8 8 1 6 9 3 4 0 1 0 2
1 13 19 0 7 26 7 0 3 6 6 5
2 5 3 0 1 6 6 4 1 2 0 2
0 12 7 4 6 27 12 9 1 9 3 13
6 3 13 6 7 7 9 3 16 20 4 13
14 8 7 4 14 11 5 7 1 1 7 9
32 1 10 6 1 8 3 3 1 12 7 7
7 3 19 4 3 5 5 6 12 4 15 12
11 4 1 2 6 1 13 11 4 4 4 1
19 8 9 18 14 11 9 0 11 0 6 13
4 6 1 1 6 3 1 4 10 3 4 1
10 3 5 14 3 6 20 2 11 12 22 7
4 0 7 1 0 6 1 10 3 2 1 2
0 6 5 21 2 1 7 1 4 6 15 5
6 9 2 8 18 5 12 1 3 15 8 5
0 1 4 10 10 5 4 2 7 3 3 6
13 4 5 16 3 2 6 0 8 7 10 8
11 2 4 2 15 6 1 2 2 16 7 7
1 1 2 4 5 2 4 5 1 9 1 6
0 2 11 5 8 5 5 11 16 3 8 0
1 16 4 6 2 16 2 11 8 4 4 6
0 2 4 5 6 20 6 2 2 3 1 14
7 1 2 12 13 3 0 1 7 4 9 6
1 8 12 2 13 15 7 1 11 12 11 10
6 2 7 4 1 3 9 5 1 12 6 19
6 4 10 11 18 6 8 5 4 12 2 13
22 5 7 5 2 18 8 6 2 11 4 8
15 3 17 7 8 9 8 5 15 10 3 13
8 11 9 2 12 4 2 7 5 2 8 1
2 11 6 8 1 3 1 14 15 5 5 1
5 11 9 0 0 25 3 10 3 21 6 7
10 4 5 13 1 2 12 8 10 6 1 2
0 9 3 7 16 20 2 5 8 2 11 16
1 6 0 4 10 3 4 5 2 3 18 14
5 4 8 16 3 3 0 2 7 23 10 5
0 0 4 10 1 3 1 3 8 1 3 5
1 0 14 21 1 9 21 11 3 1 4 10
1 4 10 9 2 4 18 5 10 9 5 10
1 5 8 17 13 18 10 13 2 20 2 1
13 8 13 15 6 0 16 4 11 3 8 6
3 6 5 6 2 11 3 1 5 2 9 3
1 6 7 3 9 4 13 1 2 11 8 7
16 4 3 3 8 5 13 12 2 2 14 1
1 7 0 10 1 4 6 1 4 4 1 1
6 1 0 2 4 4 3 2 2 4 1 1
9 16 2 8 5 3 2 4 5 12 1 3
18 2 1 5 14 6 5 5 8 2 2 4
6 13 0 0 4 1 6 2 2 6 5 6
1 83
3 32
3 63
4 7
4 101
5 73
5 87
6 88
7 64
7 95
9 29
10 36
11 102
13 15
13 94
13 104
14 41
14 93
15 29
15 42
15 93
15 98
16 31
16 64
16 100
17 33
17 38
17 44
17 55
17 64
17 110
19 35
19 41
19 59
19 100
20 120
21 26
21 32
21 61
22 48
22 69
23 102
24 79
24 119
25 57
25 83
26 85
26 86
26 99
26 106
26 120
27 110
28 74
29 69
29 106
30 114
31 100
33 35
33 55
33 86
33 100
35 90
36 79
36 113
37 93
37 101
37 112
38 59
39 102
39 118
40 57
40 61
40 62
40 93
40 127
41 129
42 64
43 114
43 128
44 77
45 55
45 81
46 70
46 90
46 124
46 133
46 140
48 55
49 66
49 134
50 87
50 129
50 146
51 69
52 113
53 120
55 98
58 101
59 81
59 103
60 68
60 153
61 73
61 116
61 138
62 143
62 148
62 152
64 146
65 115
65 127
66 88
66 133
66 163
67 99
67 138
67 139
68 76
68 153
68 168
70 143
71 101
72 89
72 140
73 172
74 107
74 109
74 125
74 168
75 112
76 171
77 164
78 80
80 107
81 85
81 90
82 153
82 173
83 118
84 107
84 139
85 124
85 153
85 154
85 157
85 179
87 133
87 165
88 156
88 159
89 100
89 107
89 132
89 140
90 91
90 126
90 168
91 114
93 105
93 113
93 168
95 165
95 169
95 190
96 98
96 106
96 147
97 119
97 152
99 107
99 147
99 193
100 117
100 129
101 168
101 201
102 172
103 115
104 181
104 199
106 113
106 129
106 158
106 198
106 199
107 147
108 156
109 125
109 164
110 192
110 207
111 164
111 186
113 148
113 192
114 166
114 179
115 143
115 160
115 177
115 189
116 155
116 203
117 158
118 188
118 214
119 180
120 172
120 212
121 168
122 211
123 134
124 181
124 203
127 166
127 173
127 175
130 166
132 133
132 163
132 198
133 224
134 229
135 155
136 214
137 184
137 228
139 213
140 148
140 184
141 149
141 151
141 208
141 237
142 150
142 168
142 186
143 144
143 147
143 187
143 196
144 172
144 189
145 171
145 214
145 240
146 162
147 187
147 190
147 245
148 167
148 241
149 240
150 169
150 242
151 154
151 164
151 170
151 178
151 188
151 249
153 217
154 208
154 214
154 215
154 242
155 173
155 187
155 221
155 248
156 191
156 220
157 175
157 220
157 229
158 160
159 193
159 204
159 212
159 258
160 259
161 162
161 232
161 239
162 221
162 244
162 251
162 256
162 260
162 261
164 184
165 185
166 203
166 261
167 182
167 199
167 251
168 210
168 236
168 237
169 172
169 221
170 227
170 254
171 266
172 225
172 234
173 187
173 247
173 251
173 256
174 186
174 200
174 266
175 247
175 259
176 182
176 186
176 232
178 188
178 230
179 216
180 203
180 237
181 221
183 254
184 205
185 236
186 218
187 190
187 206
187 235
188 245
188 283
190 251
190 264
191 278
191 284
192 272
193 205
193 226
193 235
193 241
193 242
194 197
194 214
194 216
194 248
194 288
197 266
197 272
197 285
198 242
199 231
200 231
201 251
202 232
202 266
202 282
203 209
203 249
204 243
205 222
205 256
206 272
207 217
207 240
207 269
208 292
209 217
210 239
210 279
211 217
212 288
214 223
214 261
214 267
215 237
216 293
217 248
217 252
217 293
217 317
218 252
218 277
219 261
219 295
219 297
219 318
220 230
221 268
221 276
222 251
224 267
225 266
225 286
226 243
226 252
227 251
227 319
228 275
228 321
229 253
229 286
230 310
230 324
231 259
231 282
231 293
231 299
231 308
232 250
233 235
233 300
233 318
233 319
234 326
234 331
235 286
236 279
237 288
237 290
237 314
238 242
238 283
238 302
238 312
238 313
238 320
239 241
240 242
240 297
240 326
241 247
241 257
241 308
242 268
242 322
242 342
243 279
244 292
244 307
244 321
245 285
245 291
246 340
246 344
246 346
247 249
248 291
248 306
249 260
249 337
250 337
251 313
251 326
251 331
252 277
253 349
254 287
254 302
254 304
254 333
255 323
256 356
257 293
257 352
257 354
258 260
258 266
258 276
258 333
259 276
259 344
260 331
262 274
262 303
262 332
263 327
265 277
265 315
266 299
267 290
267 291
268 291
268 358
271 291
271 344
272 343
272 352
273 316
274 278
274 303
274 326
274 346
275 354
275 362
276 372
277 363
279 294
280 284
280 287
280 307
280 334
281 284
281 328
282 298
282 322
282 374
282 378
283 351
283 353
284 304
284 383
285 322
286 326
286 362
286 372
287 298
287 348
287 372
288 299
288 313
289 330
290 334
291 319
292 359
292 378
293 365
293 385
293 390
295 376
297 299
297 329
298 316
298 362
298 375
300 353
300 359
301 315
301 357
302 326
303 396
305 337
305 354
305 363
305 376
305 404
306 393
307 338
307 360
307 405
308 391
309 351
309 364
309 383
309 384
311 330
311 370
312 316
312 343
312 368
313 365
314 383
314 393
314 406
314 411
315 372
316 373
316 376
317 339
317 358
317 369
317 387
318 390
318 400
318 401
319 326
319 412
320 376
320 387
320 390
320 395
320 413
321 379
322 326
323 351
323 399
323 414
323 416
324 333
324 336
324 410
326 348
326 378
326 382
327 390
327 391
328 350
330 379
330 384
330 393
330 396
331 337
331 369
331 372
332 406
333 424
333 426
334 353
334 417
335 343
335 379
335 397
336 368
336 374
338 430
339 404
339 430
340 404
340 412
340 432
342 439
342 442
344 384
344 401
344 408
344 436
345 360
346 356
347 366
347 426
348 382
348 403
348 410
348 439
348 447
349 429
350 425
351 392
351 427
352 418
354 390
354 411
354 431
355 375
356 380
356 427
356 456
357 379
357 381
358 450
358 456
359 398
360 400
360 459
361 392
361 427
361 441
362 423
363 410
364 447
364 464
365 400
366 367
366 421
366 428
369 425
369 458
370 399
371 395
371 442
371 456
374 410
374 417
375 383
375 386
375 456
375 471
376 380
377 401
377 439
377 449
377 475
378 388
378 445
379 436
379 447
379 472
380 407
380 445
381 469
381 480
382 450
382 465
383 451
384 385
384 425
384 454
384 458
387 442
387 470
388 392
388 420
389 398
389 484
390 488
391 435
392 402
392 488
394 426
395 487
397 417
398 433
398 444
398 453
399 403
399 433
400 445
400 464
400 465
400 490
400 493
401 458
402 444
402 484
402 495
403 493
404 423
404 432
404 462
405 471
405 501
406 443
406 459
406 484
407 432
407 458
409 492
409 493
409 495
409 499
410 424
410 456
410 477
410 485
412 510
413 438
413 498
413 503
413 509
414 487
415 422
416 479
417 506
418 431
418 500
418 506
419 456
420 464
421 424
421 427
421 447
421 485
421 487
422 482
423 471
423 485
423 508
424 515
424 523
425 487
425 505
426 489
427 521
429 443
429 477
430 502
430 511
431 464
431 483
432 501
432 516
433 439
433 449
433 467
433 474
434 474
434 485
434 517
436 466
436 478
437 505
438 440
438 496
439 530
440 477
440 512
441 503
441 508
441 513
441 518
442 476
442 538
444 527
445 480
446 449
446 462
447 455
448 476
449 498
449 511
450 457
450 496
450 538
451 473
451 525
451 527
452 456
452 522
454 528
454 549
455 526
455 533
455 551
456 483
456 546
456 547
456 555
457 459
457 499
457 505
458 479
459 500
459 515
460 524
460 525
461 466
461 493
461 508
461 509
461 557
462 556
463 490
463 497
464 523
465 477
465 484
465 539
465 545
466 517
468 482
468 498
468 568
470 522
470 547
470 558
470 562
471 521
472 474
472 506
472 550
472 559
473 488
473 514
473 541
473 555
474 476
474 477
474 562
475 545
475 575
478 526
478 528
478 569
479 506
480 506
481 545
481 557
483 515
483 523
485 497
485 575
486 566
487 522
487 561
487 570
488 553
489 529
489 573
490 519
492 542
494 519
494 546
494 551
496 584
496 588
496 595
497 502
497 535
498 538
498 593
499 526
500 587
501 558
501 591
502 524
502 571
502 602
503 512
503 563
504 521
504 522
505 516
505 535
505 587
506 510
506 524
506 580
507 536
507 606
508 526
508 570
509 521
509 536
509 557
509 563
509 602
510 551
511 595
512 521
512 536
512 566
512 591
513 529
513 596
514 556
514 569
514 583
514 594
515 544
516 539
516 579
516 599
517 547
517 554
517 612
518 550
518 570
519 532
519 546
519 547
519 584
520 596
521 549
521 606
522 549
522 579
522 601
524 526
524 619
525 535
525 558
526 564
526 584
526 585
526 587
527 558
527 589
529 587
531 598
531 613
532 555
533 579
533 586
536 609
537 540
538 627
539 558
540 611
540 629
541 568
541 584
541 605
542 593
544 547
545 581
545 595
546 580
546 583
546 603
547 584
548 632
549 559
550 612
550 617
551 593
551 621
552 558
552 572
553 588
553 597
554 614
555 588
556 590
556 602
556 648
557 568
557 601
557 655
558 617
558 626
559 569
559 615
559 636
559 640
560 602
560 608
560 642
561 584
561 587
561 610
561 646
562 584
562 603
563 590
564 622
564 634
565 657
566 595
566 606
566 653
567 591
568 581
568 666
569 602
571 659
572 594
574 672
575 584
575 627
576 577
576 653
576 655
576 657
576 659
576 663
576 676
577 591
577 597
577 615
577 663
579 613
580 628
581 611
582 615
582 646
583 600
583 659
584 613
584 653
585 587
585 594
586 631
587 595
587 668
588 607
588 645
588 647
589 620
589 628
590 610
590 630
591 662
592 604
592 676
593 686
594 619
595 598
595 635
595 667
596 637
596 638
597 646
598 690
599 670
599 695
601 639
601 648
601 658
601 687
602 604
602 630
602 649
602 687
602 693
603 621
603 696
605 613
605 637
605 664
606 613
606 627
608 626
608 636
609 620
609 652
609 654
610 635
610 663
610 666
611 658
612 704
613 614
613 621
613 634
613 653
614 702
615 655
615 662
615 681
615 682
617 713
618 628
618 681
618 717
620 626
620 628
620 631
620 714
621 668
622 641
622 695
623 628
623 652
623 691
623 715
624 699
626 631
626 692
627 651
628 633
628 719
629 631
629 647
629 688
629 697
630 637
630 689
631 674
632 719
633 688
633 705
633 712
634 647
634 648
634 686
636 642
638 650
638 706
638 734
639 706
639 707
639 730
640 659
640 672
641 666
641 701
643 705
647 664
647 676
647 711
647 726
648 701
648 742
649 707
650 665
650 667
650 724
650 748
651 672
651 724
651 738
651 751
652 653
652 747
653 671
653 676
653 719
654 720
655 678
656 659
656 743
657 667
657 694
658 695
658 698
658 733
661 669
661 719
661 732
661 751
662 692
662 730
662 736
662 750
663 684
663 696
663 698
664 733
665 736
666 732
667 717
667 722
668 676
668 726
668 767
669 670
670 723
671 734
671 739
671 744
672 702
672 742
674 720
674 728
674 757
674 761
675 698
675 711
675 761
676 686
676 710
676 722
677 728
677 753
677 777
679 752
681 693
682 700
682 730
682 752
684 685
684 740
684 760
684 762
684 766
685 707
685 716
685 731
686 705
687 727
688 696
688 708
688 715
689 764
689 788
690 714
690 739
691 752
692 722
692 752
692 790
692 791
693 717
693 729
696 741
696 743
697 768
697 778
697 779
699 732
699 751
700 713
701 768
701 798
702 790
703 784
703 789
703 803
704 735
704 747
705 736
705 740
706 709
708 715
708 722
708 723
708 731
709 744
710 780
711 762
711 767
711 802
712 773
712 797
713 719
713 779
713 804
715 728
715 738
715 750
716 777
716 804
716 806
717 722
719 733
719 752
720 743
720 797
720 810
721 750
721 764
721 777
721 797
723 795
723 809
724 748
724 772
724 804
725 742
725 794
726 729
726 765
728 739
729 769
730 757
730 772
730 817
730 821
730 829
731 740
731 758
733 808
733 833
734 741
734 819
735 755
735 757
736 792
736 806
737 788
738 740
738 746
739 763
742 746
742 753
742 834
744 760
745 749
746 842
747 759
747 780
749 787
751 762
751 838
751 841
752 845
754 781
754 848
755 761
755 773
755 776
755 799
755 846
756 785
756 803
757 810
757 835
758 771
758 806
758 813
758 817
758 821
759 783
760 832
760 851
761 834
762 826
763 779
764 772
764 807
764 842
765 787
767 803
767 834
767 847
769 798
769 854
769 861
770 786
770 846
771 823
772 854
773 782
775 787
776 820
776 843
777 815
777 822
777 845
779 858
780 789
780 822
780 849
781 797
781 860
781 878
781 881
782 794
782 817
783 828
783 872
784 787
784 811
784 824
785 850
785 855
786 810
787 870
787 875
787 881
788 813
788 841
790 842
790 861
790 867
791 794
791 803
791 855
791 856
793 798
793 812
793 844
793 892
794 852
794 862
795 836
795 838
796 831
796 844
796 883
797 833
797 881
798 844
798 863
798 870
799 814
800 802
800 815
800 873
801 826
801 843
801 870
802 812
802 846
802 879
802 899
803 896
804 871
804 873
805 829
805 834
805 874
806 826
806 869
806 885
807 860
807 865
808 827
808 839
808 841
808 856
809 863
810 839
810 855
810 874
810 889
811 851
811 858
811 871
811 875
811 894
811 910
812 841
812 843
813 818
813 895
814 871
815 861
815 900
816 835
816 867
818 838
819 844
819 852
819 899
820 837
820 847
820 856
821 850
821 856
822 856
822 864
822 874
823 909
824 840
824 900
825 878
825 925
826 882
826 895
827 841
827 865
827 887
827 910
828 854
828 909
831 847
831 903
832 884
832 889
833 860
833 875
833 915
833 919
833 924
833 929
834 841
834 868
834 905
835 839
835 899
835 910
836 875
837 860
837 898
837 904
839 850
839 921
840 893
840 907
842 855
842 871
842 894
843 899
844 865
844 874
844 900
844 916
845 873
845 918
846 896
847 942
848 874
848 945
849 863
849 894
850 873
850 895
850 934
851 865
851 887
851 920
852 877
852 880
852 896
853 871
855 876
855 898
855 901
855 936
855 938
856 865
856 894
857 871
857 884
858 867
858 912
858 940
858 942
858 949
859 869
861 950
862 864
862 923
862 926
863 913
864 897
864 924
864 962
865 895
865 916
866 928
866 954
866 966
867 882
867 885
867 902
867 962
868 962
869 943
869 944
871 945
872 971
873 909
873 940
873 941
873 970
874 895
874 898
874 924
875 883
875 894
875 904
877 941
877 948
878 925
878 961
879 909
879 914
879 918
879 924
880 962
881 909
881 912
881 923
881 953
882 903
882 964
885 893
885 980
886 892
886 970
887 896
887 907
887 940
887 945
887 949
888 901
888 956
888 985
889 894
889 952
889 954
890 961
891 897
891 936
891 991
892 903
893 926
893 941
893 972
894 985
895 899
895 908
895 932
895 975
896 906
900 913
900 920
900 921
900 967
901 914
901 928
901 969
902 909
903 979
903 991
904 954
905 963
905 976
907 937
907 954
908 931
908 998
910 961
910 994
912 954
912 959
912 963
913 927
913 969
913 981
915 960
916 924
916 947
916 971
917 979
918 973
920 924
920 994
921 930
923 963
923 967
924 958
924 965
927 960
927 964
928 996
930 993
931 947
931 961
932 947
932 956
932 983
932 989
933 965
934 945
935 988
936 968
939 957
940 989
940 990
940 999
941 999
942 995
943 963
946 954
946 980
947 957
947 990
948 952
949 991
951 972
951 978
952 969
954 995
955 990
960 978
960 991
961 973
962 995
964 988
967 992
972 983
974 979
979 982
980 988
981 988
984 993
984 997
988 993
991 993
22 3 8 16 1 17 9 15 17 1 3 18
9 15 6 8 3 8 11 6 5 12 7 4
3 6 12 5 7 15 1 4 34 10 21 7
3 3 28 14 7 22 17 2 9 19 33 9
5 7 5 4 4 1 6 12 5 0 3 16
10 9 2 1 4 3 4 12 4 2 13 1
7 19 9 16 9 12 6 15 13 3 28 4
7 23 19 9 3 31 4 14 2 4 21 18
7 8 5 4 1 4 14 0 5 6 17 6
2 6 14 5 20 9 4 16 4 1 32 13
1 37 5 5 15 3 15 1 4 1 16 6
18 20 5 10 14 13 26 12 1 2 10 1
6 17 18 24 1 7 2 14 13 24 5 6
11 1 2 5 8 10 8 4 30 1 2 1
0 15 21 3 9 13 3 6 10 7 17 5
3 6 1 4 28 23 22 6 3 6 18 11
11 12 4 13 19 6 26 8 9 3 13 13
5 9 18 5 23 12 13 12 5 30 2 12
12 9 4 3 2 0 6 4 0 9 4 2
7 6 4 9 2 1 18 6 6 12 2 2
10 4 6 1 18 28 11 6 20 13 24 20 2 26 15 15 10 1 24 11
41 46 42 23 52 62 42 29 52 33 52 42 42 69 41 35 29 23 73 54
32 16 14 10 35 37 16 17 32 20 30 26 10 35 8 28 21 4 34 28
9 9 12 13 24 23 7 8 19 19 25 9 13 19 15 14 7 8 25 24
17 16 32 19 42 36 13 27 28 40 37 20 16 32 32 33 10 26 33 28
20 23 18 12 36 43 11 17 35 20 32 17 19 35 22 15 10 11 42 34
8 18 19 21 32 29 17 13 31 26 38 10 23 25 21 20 18 17 29 30
38 44 39 30 57 64 33 35 57 43 52 45 37 52 37 50 28 30 68 59
35 53 39 37 67 67 32 37 68 31 67 43 37 63 44 50 36 30 77 71
9 11 10 2 25 30 2 7 20 14 22 12 5 24 15 18 6 10 28 23
36 37 40 39 48 63 24 15 56 37 45 36 33 56 34 44 31 26 65 57
16 5 5 9 18 15 6 8 17 10 20 7 8 15 6 6 8 1 16 13
32 21 22 23 36 25 9 9 26 15 27 21 18 48 19 22 19 22 36 34
11 8 9 8 11 17 2 10 15 6 13 10 11 14 8 4 1 1 23 15
24 30 22 24 57 49 14 25 41 41 49 27 26 43 27 41 25 34 53 50
36 46 49 49 49 55 32 40 57 33 47 34 46 55 48 31 12 27 62 60
16 24 39 31 30 35 17 9 36 28 40 19 20 51 37 35 7 26 39 39
30 23 19 13 39 45 19 37 33 29 27 28 18 34 24 26 19 8 37 28
10 12 8 11 33 33 5 12 27 20 37 23 1 23 13 27 14 14 34 24
42 48 44 26 57 60 37 37 40 36 39 33 61 59 48 27 18 38 67 55
39 12 18 20 41 39 13 19 32 25 26 18 17 41 15 23 18 14 39 36
16 28 13 14 41 48 18 30 35 31 33 31 26 18 30 27 15 27 53 39
21 23 23 15 49 48 15 23 41 36 47 27 12 43 30 34 26 25 45 39
17 19 20 22 22 17 8 12 27 10 24 8 16 24 20 15 7 10 32 31
22 32 24 23 29 42 20 13 43 7 37 27 21 41 22 25 16 5 51 45
4 1 5 2 5 5 1 1 1 4 5 1 3 9 7 5 1 4 6 4
47 30 35 36 52 46 25 19 42 39 26 24 33 52 33 34 22 34 48 53
1 12 13 7 3 20 12 1 11 6 13 15 13 17 18 6 3 5 17 15
35 35 39 43 62 48 20 31 53 44 58 33 27 58 40 52 29 44 60 55
28 22 22 21 28 30 10 5 24 21 15 22 18 45 16 24 8 25 38 37
2 1 1 1 1 3 1 1 1 1 1 1 1 8 1 1 1 1 4 1
24 18 23 7 40 48 28 25 29 34 34 17 27 39 28 11 19 10 39 21
5 4 5 1 9 8 3 7 5 8 8 11 4 8 4 6 3 5 11 5
32 23 31 26 37 41 12 13 40 17 25 14 19 53 22 24 10 14 49 43
17 20 17 11 25 38 14 14 27 12 24 24 22 32 16 18 12 6 40 35
15 37 39 36 40 43 27 15 48 29 54 22 39 51 42 33 24 29 56 54
11 7 20 8 14 18 7 13 12 14 14 4 14 24 19 9 1 3 28 12
22 19 22 8 37 43 15 26 35 31 38 30 10 33 27 33 16 12 41 24
44 33 31 16 57 57 36 49 42 48 43 34 28 48 39 27 21 23 59 40
14 8 8 11 11 15 1 8 18 5 10 1 10 15 6 9 4 4 17 10
40 24 33 26 49 51 22 40 43 33 30 24 26 47 30 28 12 13 50 33
38 40 34 12 63 71 28 33 56 38 51 41 23 58 30 41 37 19 66 53
50 42 27 23 51 58 31 27 46 16 36 44 41 67 32 22 22 21 60 52
9 10 7 5 26 29 1 9 27 13 28 12 8 17 9 17 8 7 33 21
13 8 15 11 16 24 7 13 20 17 25 17 8 25 17 19 10 8 24 14
19 13 14 18 25 24 1 16 22 22 24 16 12 27 13 22 6 15 29 25
46 29 40 9 54 63 39 29 40 45 45 46 25 67 34 46 33 21 57 41
4 3 6 6 5 7 1 3 11 4 12 7 4 10 6 11 5 3 11 8
7 5 1 1 10 14 1 4 11 1 6 6 5 8 5 1 1 2 20 16
47 33 38 11 61 64 33 39 48 46 46 36 24 53 34 43 28 13 60 37
32 26 14 20 43 35 4 19 36 13 23 18 22 36 10 22 10 20 51 45
13 1 12 14 21 15 1 1 13 11 18 6 4 24 7 15 4 8 19 19
12 24 28 20 22 34 10 13 36 12 31 17 19 33 29 24 10 8 45 32
15 12 16 5 27 28 8 16 20 24 26 22 8 29 19 20 8 19 30 19
16 6 7 10 19 20 1 9 15 12 13 13 6 20 7 14 4 8 24 20
18 32 25 16 48 55 25 21 43 38 46 36 32 41 33 17 26 29 59 44
8 7 8 1 17 22 3 13 14 9 12 11 13 7 10 7 4 4 26 16
7 15 17 16 26 28 13 8 28 16 31 11 11 29 20 27 12 13 30 26
43 42 43 30 51 65 42 43 52 41 45 45 46 62 45 34 24 27 67 47
25 35 38 10 54 60 28 26 44 42 43 16 38 48 43 23 19 31 59 41
13 17 19 13 19 27 5 14 23 7 18 13 17 29 18 13 6 6 37 26
44 37 41 18 64 59 26 27 50 37 52 29 32 64 37 38 26 23 68 49
9 27 22 14 31 41 15 4 39 23 45 25 18 39 29 20 24 15 49 36
8 6 14 12 13 15 5 7 12 12 16 9 11 17 15 16 8 6 13 11
15 9 7 4 17 12 1 8 11 4 7 10 16 17 6 4 1 12 24 21
30 32 48 36 55 55 23 35 54 43 49 23 32 51 44 37 18 25 57 50
21 24 13 9 30 36 11 8 29 11 26 20 17 32 8 20 19 2 41 39
27 33 25 16 55 51 19 33 37 38 42 31 34 43 34 33 16 36 53 44
37 28 32 25 41 51 13 11 46 26 28 24 19 56 23 35 18 20 54 44
12 7 13 1 24 30 6 17 15 17 15 9 15 15 15 11 2 1 29 11
17 14 13 10 32 17 9 18 19 20 25 10 20 15 14 16 5 19 26 26
17 17 18 8 29 29 12 20 21 18 20 17 18 30 14 19 9 14 38 22
26 14 16 6 35 38 15 13 21 23 26 23 12 46 22 25 16 14 33 26
9 7 14 16 15 2 5 7 15 11 19 2 12 16 14 12 1 14 14 15
8 6 6 4 16 17 1 9 11 13 14 11 5 14 11 17 3 12 22 13
1 1 3 2 4 2 1 1 1 4 6 4 1 4 4 4 1 1 8 2
4 1 8 13 11 6 1 3 15 6 18 1 6 9 8 10 1 2 15 12
11 10 13 18 23 21 4 14 18 23 25 15 5 19 17 26 7 17 23 17
22 25 12 12 45 43 15 32 36 35 38 35 15 31 27 32 20 31 46 34
22 9 16 15 32 32 1 4 24 19 18 4 13 29 9 17 8 10 31 31
32 34 39 28 54 62 12 23 53 40 40 24 19 54 33 39 26 27 61 55
54 37 31 34 58 50 15 12 49 28 34 33 30 72 29 40 39 38 62 62
4 13 8 7 17 27 7 3 23 8 26 16 12 20 11 11 11 1 31 25
28 49 47 23 46 64 29 23 60 31 58 45 29 60 39 48 29 22 72 57
26 40 20 28 49 61 28 37 56 36 53 41 35 40 33 32 32 18 64 51
29 25 37 19 50 48 13 21 36 34 32 23 27 53 35 32 8 29 56 48
24 22 39 35 36 40 27 28 40 39 41 22 27 44 38 35 19 19 40 35
13 8 22 13 26 20 9 13 17 25 26 10 12 23 25 19 6 19 18 14
31 25 21 30 48 41 6 23 39 27 26 15 24 33 17 29 13 26 51 50
9 8 12 4 17 20 1 11 17 12 15 8 11 8 14 11 1 6 25 12
30 34 32 20 55 62 31 35 53 35 50 35 38 43 40 21 19 16 59 46
4 1 1 1 9 10 2 5 4 6 9 10 1 7 1 5 2 1 11 4
4 6 15 1 23 28 3 13 15 20 21 14 6 14 18 13 2 9 27 12
13 19 21 13 23 35 18 11 30 14 35 25 17 35 22 18 15 1 39 30
23 28 36 29 47 44 14 28 45 28 46 22 30 42 37 39 19 26 57 45
12 8 9 2 14 23 3 12 12 3 2 7 15 16 11 6 1 3 26 18
33 30 44 31 59 58 38 46 48 53 52 21 45 48 46 31 26 24 55 37
8 7 3 3 13 17 1 10 14 8 12 8 7 8 8 12 2 5 21 12
26 38 30 28 41 46 20 22 50 12 39 23 32 45 32 15 18 10 59 51
24 18 20 14 36 34 14 11 25 18 28 19 25 37 19 19 10 11 39 41
9 24 16 21 24 24 10 18 32 20 36 22 13 21 23 22 8 15 36 33
6 1 6 7 3 3 1 1 7 5 11 4 3 9 5 1 1 1 6 1
33 24 27 24 41 29 22 27 35 23 32 18 27 39 27 22 13 17 38 36
8 5 10 11 12 13 1 8 6 12 13 10 5 13 12 15 1 9 16 10
23 23 28 12 25 37 22 26 27 16 13 10 32 30 28 1 1 6 40 19
6 4 1 2 7 10 1 5 11 1 5 5 6 8 1 6 2 1 14 9
20 32 24 27 51 48 19 35 42 30 40 22 30 31 29 34 21 26 49 48
28 29 20 22 33 31 10 14 35 21 36 30 12 42 14 37 20 20 45 41
29 26 18 17 48 49 19 32 44 28 44 32 16 37 25 30 21 13 52 43
44 38 42 27 54 65 36 24 48 32 36 34 41 64 31 31 26 20 65 58
46 35 46 37 62 50 20 29 58 37 53 24 29 60 42 41 28 29 62 53
10 10 15 17 9 19 10 3 15 10 17 16 11 23 17 14 1 5 23 20
23 17 17 10 39 39 16 13 23 28 26 22 23 39 15 13 18 18 40 35
15 11 10 3 17 19 3 13 14 3 3 7 19 17 6 7 3 6 25 20
9 7 19 12 21 23 12 13 11 19 18 12 15 24 21 15 5 8 21 16
33 19 22 16 36 33 14 23 36 25 34 22 11 43 23 30 17 13 41 27
54 46 42 29 71 65 24 35 52 37 49 43 39 75 42 43 30 36 72 61
24 28 20 17 32 32 6 10 34 6 26 18 22 42 19 22 14 17 50 43
7 5 2 2 5 4 1 6 9 2 4 2 7 2 4 1 1 1 11 8
21 8 11 7 25 21 9 17 18 15 19 12 13 15 13 9 8 5 21 17
49 41 54 34 65 66 35 54 56 52 48 27 37 62 52 33 15 31 65 43
14 15 25 13 36 37 10 19 31 24 33 10 25 23 25 21 10 6 41 25
14 15 21 13 28 37 11 13 28 21 32 17 21 29 26 20 8 13 37 29
13 1 11 11 22 11 6 8 12 14 23 7 8 19 13 10 3 9 16 13
19 22 21 21 35 33 15 17 33 14 30 13 25 34 21 20 10 14 38 40
24 21 14 13 24 26 7 7 24 8 24 17 18 38 13 15 9 9 33 31
13 27 24 20 41 39 18 18 41 24 41 13 32 33 24 27 23 20 45 46
15 14 13 16 29 21 14 18 19 24 28 17 15 27 16 21 8 21 25 25
3 8 1 1 15 20 5 1 11 3 14 11 5 17 6 9 9 1 20 19
5 3 6 1 13 18 1 3 10 3 6 5 7 12 6 9 4 3 18 14
45 49 47 27 57 57 32 26 54 25 49 34 41 67 37 37 31 21 74 64
5 2 1 6 4 2 1 3 10 1 9 2 1 8 1 2 1 1 14 6
24 23 31 21 35 31 13 22 27 22 26 14 24 40 28 22 10 20 46 29
7 5 2 4 7 6 1 5 12 1 5 2 7 6 2 3 1 1 11 8
16 23 29 22 33 36 1 9 40 15 32 18 8 48 24 33 15 20 49 43
25 29 28 20 53 53 25 24 48 33 54 27 31 52 34 36 25 25 56 47
7 8 5 2 11 12 1 12 12 9 10 10 8 4 6 8 2 8 17 11
44 28 26 23 55 52 20 11 46 30 42 28 22 56 17 36 29 20 55 55
11 14 20 15 26 21 10 14 17 17 23 15 21 26 20 20 5 19 31 27
11 1 7 4 18 16 7 8 11 11 18 11 7 13 8 8 9 5 15 12
15 4 6 8 12 12 7 5 8 8 11 11 7 21 5 4 6 7 9 10
6 1 1 1 5 2 1 1 2 3 5 1 1 5 2 1 1 1 7 4
4 1 9 1 7 6 4 7 6 7 6 5 9 5 10 1 1 1 10 5
27 24 19 9 46 40 15 26 38 28 38 21 28 37 21 17 18 13 51 37
1 14 18 8 9 20 4 4 23 6 22 14 4 26 20 14 1 8 31 19
6 18 20 23 29 26 10 22 30 27 39 15 14 18 23 28 12 19 29 27
10 14 23 19 19 24 7 12 25 10 25 16 14 28 20 20 14 8 33 24
26 39 20 11 51 57 23 20 41 31 46 41 43 49 26 21 25 27 63 55
30 47 39 32 57 67 43 47 62 50 68 51 33 55 53 56 39 27 65 57
26 23 31 19 38 40 17 23 41 33 47 29 5 54 37 40 27 19 42 30
10 5 7 5 18 19 5 1 16 6 15 10 8 18 9 6 3 9 25 19
10 6 12 1 16 26 9 13 13 18 16 15 10 18 18 11 4 5 21 9
10 13 11 1 34 40 10 12 19 23 25 17 19 31 18 13 10 13 42 28
10 2 3 1 15 11 1 1 10 1 11 3 9 18 2 2 1 6 20 17
16 14 14 3 17 23 12 9 8 11 12 19 24 31 17 6 1 10 30 21
1 7 5 2 4 10 7 1 5 1 6 11 5 13 7 1 1 1 14 11
41 39 39 17 63 69 33 37 50 47 54 51 27 71 44 47 26 29 70 53
7 20 19 18 16 36 16 13 23 21 25 29 17 28 21 21 8 12 31 23
13 20 17 20 8 24 12 7 26 8 22 20 17 30 17 13 4 5 32 26
16 15 17 11 35 34 14 19 26 26 32 17 16 33 25 26 8 21 34 29
3 16 25 13 18 30 11 10 27 18 28 15 17 28 30 23 2 15 26 24
6 4 17 9 16 20 4 11 14 14 17 8 11 16 18 15 1 8 27 13
29 18 29 15 41 44 20 19 31 25 28 14 22 44 25 20 12 15 45 29
7 7 11 5 18 21 1 6 23 6 17 3 12 12 11 7 4 6 25 16
30 37 34 29 48 42 14 27 42 23 38 21 39 47 32 24 14 22 63 53
18 14 26 13 30 40 27 23 22 30 34 28 21 34 32 17 10 7 36 19
27 33 38 34 53 55 25 42 49 49 56 36 27 43 51 46 27 29 60 37
15 1 7 8 14 13 4 7 5 15 14 12 1 21 7 12 4 5 10 7
30 14 30 25 39 38 14 11 25 33 15 15 17 40 22 29 23 20 34 33
10 5 2 4 16 13 1 4 17 1 10 1 10 7 1 1 2 4 22 18
11 10 6 5 10 13 3 13 12 4 5 7 11 5 6 5 1 3 19 11
3 3 5 4 7 8 1 6 8 4 8 10 5 7 3 6 1 3 14 7
31 22 20 13 32 29 12 18 23 13 17 13 29 36 18 14 9 12 41 29
10 5 9 10 16 9 5 5 11 10 15 8 11 18 11 13 3 13 17 18
14 6 6 1 17 14 4 9 10 7 9 9 11 10 7 6 4 7 21 15
47 43 44 42 52 55 30 14 57 35 49 36 32 72 33 48 31 30 62 65
12 12 6 7 12 21 7 3 18 3 16 14 8 24 9 13 9 3 21 20
32 21 33 25 45 49 21 23 39 43 40 32 18 43 30 36 25 20 45 39
5 1 10 4 11 15 2 3 11 9 12 6 6 13 11 6 2 4 13 5
28 22 28 20 32 26 16 19 24 20 27 17 26 43 27 15 15 16 38 30
25 11 12 6 28 26 14 7 17 17 19 21 10 41 16 13 8 13 28 21
1 18 33 22 24 26 5 13 31 22 36 11 8 28 34 31 9 19 30 25
4 5 1 4 9 8 1 7 13 7 13 11 1 6 1 7 1 3 17 8
10 4 6 6 6 10 1 7 10 8 6 5 5 10 3 12 1 2 13 9
16 9 14 12 25 31 3 10 22 20 18 17 6 27 11 24 5 13 34 25
28 16 24 16 29 30 12 19 19 20 16 10 26 36 20 14 6 10 30 25
13 1 3 4 21 20 2 1 11 8 15 6 4 23 7 10 7 7 19 16
11 4 15 7 15 19 9 12 10 16 14 7 15 12 17 9 5 1 19 9
6 1 3 1 9 11 3 2 4 7 10 4 1 11 6 6 4 1 5 3
8 2 1 1 13 16 3 6 7 7 11 14 2 13 1 11 8 1 13 6
1 4 10 1 5 15 6 4 4 7 10 12 9 9 13 1 1 1 17 9
8 5 10 4 9 10 4 10 8 9 7 6 12 4 12 5 1 1 15 8
36 49 46 47 47 40 31 32 52 20 44 25 46 57 46 19 18 26 57 60
7 9 9 1 25 24 5 7 18 15 21 9 7 16 12 10 10 9 25 15
21 19 18 16 31 39 15 7 32 18 36 26 12 40 21 27 14 9 40 33
11 3 6 11 14 13 1 1 17 4 13 5 3 21 2 11 5 3 17 19
7 27 24 21 36 41 7 19 42 25 44 21 18 29 28 31 24 20 49 34
26 22 28 27 37 32 24 14 33 31 40 20 13 40 19 38 25 16 25 31
15 23 34 25 38 36 15 25 39 34 45 23 11 34 35 39 17 28 40 32
10 13 18 11 30 29 5 16 29 24 32 11 20 11 20 17 9 12 34 21
31 20 35 36 45 37 23 22 41 36 46 16 20 53 33 40 25 25 41 43
28 45 39 34 57 58 17 30 55 33 48 26 40 54 43 34 22 31 75 60
25 11 31 21 32 34 25 28 26 34 34 20 22 38 34 27 16 12 28 17
13 12 18 13 23 31 9 1 24 13 19 13 13 31 15 14 7 11 33 30
24 20 24 5 38 32 18 21 23 26 26 19 23 30 21 25 10 15 39 27
32 31 40 24 47 53 20 32 45 36 44 27 22 57 41 37 23 21 52 38
34 31 37 27 68 64 32 33 52 62 55 38 38 49 44 37 33 40 62 53
10 4 5 5 16 15 1 7 14 7 16 9 8 13 6 11 5 8 22 17
5 23 25 18 21 35 12 20 33 24 33 24 17 26 32 26 9 16 43 26
2 16 18 14 7 25 12 1 25 4 21 19 14 26 19 16 7 5 32 23
38 19 39 24 45 53 28 26 41 39 34 18 26 54 34 24 15 17 51 31
22 9 9 12 29 25 3 8 23 17 24 15 6 31 8 23 8 13 32 25
38 32 45 28 61 59 17 37 58 41 51 32 18 62 39 48 29 27 67 51
41 23 18 18 48 36 18 27 30 23 27 26 24 42 20 18 10 15 45 41
7 20 17 7 30 40 1 21 34 20 30 21 11 21 19 26 8 15 43 29
5 6 9 7 11 17 5 7 12 8 19 14 2 16 9 7 5 1 21 11
56 43 45 39 61 59 20 22 52 32 35 30 37 75 34 42 34 32 69 62
22 21 23 12 32 36 15 14 40 20 42 25 4 42 27 35 27 5 38 24
12 3 1 1 10 10 1 3 8 4 5 3 5 11 5 1 1 3 11 7
5 9 17 15 19 19 8 8 19 17 25 11 7 22 22 16 1 14 24 16
9 7 7 5 13 14 1 7 13 8 10 5 9 9 12 8 1 6 18 12
16 11 29 26 23 18 7 15 26 20 19 1 19 22 23 21 2 12 26 25
20 9 13 16 26 18 15 15 20 22 26 12 16 23 20 17 11 17 15 17
15 31 37 32 44 42 18 34 48 33 45 13 34 28 36 35 18 27 51 43
17 8 8 10 19 20 15 8 14 15 23 20 8 30 16 11 9 8 19 17
27 31 41 25 56 58 31 43 50 48 53 22 39 41 44 36 25 21 57 37
9 3 12 7 13 16 6 6 5 14 12 9 10 13 15 7 4 4 13 8
35 38 25 13 53 65 34 38 48 35 41 47 26 42 28 39 32 13 60 44
24 31 41 34 37 45 29 31 41 24 35 19 38 46 42 24 11 14 48 42
4 1 1 1 4 7 1 1 6 1 5 3 2 7 1 4 1 1 5 5
46 37 37 12 62 63 40 42 48 44 41 36 37 53 39 20 34 12 62 47
28 16 31 21 38 42 24 17 28 33 32 23 18 42 26 34 18 13 31 28
29 26 13 20 44 48 25 32 42 34 46 43 16 38 26 36 30 19 49 42
22 21 29 15 53 47 23 22 44 40 52 23 31 43 35 31 27 25 49 37
3 3 6 5 11 15 1 1 15 2 18 7 2 13 5 11 6 1 18 13
26 30 29 22 37 37 17 14 36 15 32 19 32 47 30 20 5 19 45 41
15 10 16 10 29 35 9 7 25 18 25 10 18 35 15 12 11 8 36 28
28 48 49 40 63 71 30 46 68 48 67 39 33 63 52 55 29 31 70 61
31 44 23 44 46 40 24 36 48 37 53 42 31 35 41 45 35 43 57 50
17 9 22 20 28 22 6 7 20 19 27 6 16 27 20 16 9 11 27 24
16 10 9 4 22 25 7 10 15 11 16 11 16 18 11 7 8 7 24 24
15 22 19 11 27 34 12 14 21 18 22 25 22 34 24 19 3 22 43 31
12 5 12 11 14 19 9 9 15 14 23 16 7 22 15 10 6 1 19 12
15 4 15 8 23 29 14 16 19 18 23 16 13 24 17 13 12 1 25 13
24 10 23 21 30 25 12 20 24 23 22 8 22 28 21 15 5 12 22 23
13 1 7 4 22 21 8 7 15 13 19 11 4 19 11 10 8 9 16 12
4 1 1 1 5 2 1 1 3 1 3 3 1 4 1 1 1 1 9 4
3 1 5 6 8 7 1 2 9 1 8 3 2 8 4 2 1 2 14 7
9 2 4 6 2 7 1 5 8 3 6 5 6 10 4 5 1 1 9 7
1 1 1 1 2 4 1 3 1 2 3 4 1 1 2 3 1 1 8 1
9 17 18 13 20 32 10 7 28 10 27 15 19 32 17 12 12 2 37 30
12 15 21 6 32 35 6 15 22 22 28 21 10 33 24 28 12 18 37 26
6 1 1 1 7 9 3 3 2 6 7 7 1 12 2 4 4 1 5 2
14 21 10 5 21 29 14 7 26 11 29 28 7 29 10 23 13 5 35 30
39 23 30 9 53 50 22 30 31 35 31 19 33 49 34 23 14 23 50 31
29 29 27 11 36 50 25 21 33 14 22 19 31 43 27 15 10 7 50 38
41 58 47 45 52 55 35 34 56 26 50 46 55 61 47 35 21 38 76 70
41 24 22 14 49 41 14 30 38 37 33 29 13 42 23 33 18 22 46 35
22 14 23 7 29 42 25 25 24 27 30 28 20 37 28 19 16 4 39 20
1 1 1 1 1 5 1 1 1 1 2 3 1 4 4 1 1 1 8 4
17 28 17 14 37 36 16 20 25 24 30 33 28 35 26 27 13 25 47 40
19 19 13 15 28 30 8 19 29 14 25 16 14 21 13 21 8 6 31 22
32 15 16 14 35 35 13 26 33 25 25 20 10 33 17 23 10 10 32 22
45 30 45 35 56 56 25 38 51 34 41 27 31 61 41 36 18 17 62 45
23 38 43 40 47 58 24 20 54 46 44 31 26 55 42 57 25 39 58 53
13 14 18 9 31 38 10 13 37 23 41 18 13 33 23 24 23 5 41 24
19 35 50 37 39 55 19 17 54 34 50 32 23 58 46 41 21 26 62 51
39 38 38 31 58 52 16 37 44 30 35 29 39 49 37 29 8 31 64 52
15 33 41 29 51 61 27 35 52 48 61 33 30 51 45 43 24 31 55 46
12 13 12 9 21 17 2 7 18 11 24 13 11 23 12 21 6 13 27 20
10 10 13 4 20 28 5 8 21 11 16 11 12 22 13 15 7 5 26 16
15 26 26 18 40 45 8 28 40 28 37 24 19 26 28 34 12 19 49 33
15 7 1 4 22 12 1 1 9 3 13 6 11 18 5 2 3 11 22 19
16 20 19 18 28 32 7 15 36 3 24 9 19 26 18 13 7 1 41 31
10 1 11 8 11 17 1 5 10 8 8 5 9 15 11 10 1 4 14 12
23 36 19 15 59 53 18 23 48 33 50 26 27 37 21 37 28 27 57 53
12 1 7 10 12 7 2 4 5 12 12 7 2 14 7 9 2 4 10 9
22 39 20 18 61 65 21 26 53 41 63 46 22 55 36 43 32 32 66 53
36 42 30 16 64 60 25 30 52 44 57 42 39 55 38 31 40 32 72 57
10 16 30 24 40 36 11 15 35 30 39 6 23 36 28 30 16 21 37 34
18 25 20 10 37 39 12 8 28 15 29 21 34 37 25 18 12 20 48 44
13 21 22 25 37 38 8 18 39 29 43 22 12 33 26 36 11 21 44 38
9 1 15 10 14 9 3 9 6 17 11 7 10 14 13 10 1 5 13 10
6 4 7 5 12 10 1 1 16 5 14 1 3 12 10 7 1 6 17 10
1 4 2 4 12 7 1 7 7 9 13 8 1 3 5 9 1 8 15 10
34 41 33 31 57 45 27 16 51 44 57 35 38 56 33 30 28 39 61 62
29 24 30 24 46 49 13 17 51 30 39 17 23 49 23 29 26 13 52 41
10 22 20 22 36 41 19 27 33 33 44 30 15 28 27 37 21 17 35 27
15 7 13 5 26 19 6 7 10 13 15 7 17 21 15 7 2 13 26 17
17 18 16 14 32 35 11 3 30 18 31 19 18 43 13 14 19 12 40 38
18 18 30 11 40 43 15 26 38 36 48 25 7 36 34 34 20 11 42 23
27 27 24 27 52 47 12 25 40 41 42 33 18 41 30 49 20 37 53 47
4 1 2 5 1 1 1 1 2 2 5 1 1 8 1 1 1 1 2 1
14 17 9 7 23 30 9 14 25 16 24 23 13 23 16 16 5 16 35 25
12 18 11 6 33 29 9 12 20 22 31 21 22 24 15 11 9 17 37 34
8 1 1 1 12 18 4 3 4 6 9 11 2 16 5 4 4 1 14 11
19 10 10 6 24 30 10 5 17 12 19 18 7 34 11 18 13 8 26 22
28 27 17 26 39 44 19 28 37 31 38 35 21 36 23 29 16 20 43 41
3 3 3 2 4 14 1 2 7 1 4 10 5 16 4 6 2 1 15 11
13 9 4 7 11 9 1 12 12 7 7 8 9 8 5 7 1 4 18 12
20 7 4 5 22 22 8 10 16 13 20 16 5 24 11 19 13 4 19 13
7 4 7 6 14 21 8 4 15 9 23 15 3 21 9 9 7 1 20 14
24 35 37 33 30 38 28 8 43 22 45 31 26 55 31 40 22 21 47 50
26 17 15 17 41 30 5 17 24 25 25 18 19 32 14 27 5 25 38 38
20 30 29 19 33 38 7 16 43 16 36 22 11 45 28 34 20 19 49 40
2 1 10 7 13 7 3 3 7 9 14 1 7 4 11 9 1 5 9 9
6 3 4 1 9 9 1 7 4 7 7 8 5 7 4 7 1 7 11 6
3 2 8 8 8 6 2 7 10 9 14 5 7 6 9 13 1 6 13 9
11 1 4 1 15 16 4 7 4 8 8 9 6 19 7 4 2 3 14 7
17 12 14 10 18 21 12 17 26 20 32 20 1 29 18 25 17 2 25 14
34 24 17 14 40 38 16 18 29 12 19 19 28 43 17 13 9 17 43 38
6 3 11 9 8 10 4 4 10 10 16 6 5 10 12 6 4 3 10 4
34 32 41 40 43 49 16 15 50 33 37 28 18 61 36 47 30 30 58 48
31 42 29 15 50 50 24 21 47 27 42 31 44 48 29 11 22 25 65 56
20 14 17 5 24 36 20 20 25 21 25 29 18 30 23 16 11 10 32 20
25 45 45 30 52 57 31 31 54 33 48 24 50 48 48 23 15 23 71 57
17 8 11 15 16 14 5 13 15 13 15 9 13 16 11 12 2 6 17 15
23 27 27 21 40 45 16 28 40 16 33 22 26 30 23 23 11 6 50 37
18 32 23 32 49 37 18 33 43 38 45 20 32 28 28 35 24 33 46 48
14 11 2 5 22 24 7 5 20 8 20 13 14 25 4 3 9 6 30 26
37 32 29 20 51 52 21 8 49 34 41 30 21 52 17 37 37 24 57 56
17 5 10 12 14 16 6 5 11 13 13 10 7 21 8 10 5 4 15 15
45 36 45 32 57 61 32 19 47 39 50 43 30 76 38 47 30 26 70 57
11 5 9 4 14 22 14 8 17 9 21 21 5 24 10 5 7 1 21 11
43 38 45 32 63 49 19 31 48 38 56 34 41 63 49 46 29 43 61 52
7 4 10 5 18 23 1 6 19 7 13 1 13 13 8 8 5 1 24 15
7 1 7 9 11 10 1 1 11 6 14 5 5 13 8 8 1 7 14 12
17 7 14 1 32 42 15 19 23 25 25 19 15 30 19 16 15 2 37 17
1 1 1 3 6 4 1 1 10 1 9 1 1 1 1 1 1 1 10 6
29 31 38 27 52 58 13 34 52 31 38 26 25 46 31 35 12 19 62 47
21 20 8 3 37 27 9 8 24 18 29 18 26 29 11 10 18 17 39 35
28 36 56 49 48 52 30 32 54 38 39 13 41 51 47 35 20 25 58 56
12 6 10 5 16 16 7 11 13 12 14 8 14 9 11 4 5 1 15 12
9 1 1 3 10 8 7 8 7 10 13 11 1 10 6 5 7 1 6 1
36 35 45 29 45 57 37 36 39 42 35 30 43 50 45 25 10 20 55 37
35 36 38 32 56 56 21 26 58 25 53 31 24 64 40 40 22 18 64 57
19 4 11 4 21 25 13 15 10 18 15 18 12 26 18 13 9 6 23 14
22 28 20 21 46 46 17 33 36 32 38 30 26 26 27 35 20 24 44 41
7 1 7 4 11 12 4 6 8 7 9 9 7 7 8 5 4 1 13 6
38 40 36 28 57 63 32 54 55 55 51 38 34 45 48 45 27 34 61 35
8 6 8 6 7 12 7 4 6 9 11 11 7 16 11 4 4 1 9 8
25 29 36 22 31 50 34 28 36 37 39 31 33 48 39 19 10 20 48 26
14 17 26 20 34 37 24 32 28 38 39 24 18 31 31 35 21 19 27 21
42 23 41 30 42 38 24 30 34 41 35 16 30 55 34 28 14 25 46 30
33 21 40 29 42 39 17 20 34 38 23 13 28 48 32 32 10 26 50 38
23 27 32 20 54 49 32 25 45 39 56 28 28 46 33 36 35 19 47 41
5 1 4 1 9 14 1 4 12 7 12 6 4 9 7 10 1 3 15 4
7 1 2 1 7 9 1 3 7 5 9 5 5 10 3 3 3 1 7 4
5 1 6 8 4 10 1 6 6 7 10 10 1 14 8 11 4 4 11 7
6 7 3 3 9 16 1 4 13 5 15 14 2 17 4 13 4 3 20 14
21 19 10 6 25 32 15 13 27 9 26 26 14 31 10 16 15 1 33 27
1 1 4 1 9 12 1 1 3 4 6 3 1 10 6 6 1 2 11 3
1 1 8 7 1 3 1 1 6 3 10 5 2 6 7 5 1 1 9 2
11 6 9 9 16 17 6 10 16 11 20 14 7 18 6 13 8 5 21 12
35 38 32 28 49 42 14 23 46 14 34 23 31 51 29 29 19 27 61 50
21 11 22 21 27 23 16 20 26 25 32 13 18 29 24 22 12 12 19 20
20 19 28 11 42 40 17 21 29 33 29 6 33 27 31 15 10 16 39 24
10 14 11 17 26 18 7 18 21 22 27 18 11 17 17 27 11 22 25 23
32 17 34 28 54 42 12 23 42 44 43 23 11 47 30 41 19 35 45 38
3 1 2 1 4 5 1 3 5 1 4 4 4 1 4 2 1 1 11 5
30 27 36 28 46 48 11 15 49 28 37 21 17 50 27 41 13 23 56 49
27 44 38 27 58 67 38 44 61 50 65 45 39 47 49 37 33 20 70 55
18 8 8 9 19 17 4 11 17 7 13 7 12 15 9 5 3 4 21 15
13 10 25 10 30 24 6 18 15 27 20 9 16 27 26 24 1 22 30 18
26 25 21 22 32 41 19 21 40 26 42 39 10 50 23 35 22 13 43 37
6 1 1 1 17 23 5 3 10 8 15 11 1 16 6 9 7 1 16 9
11 16 23 11 22 34 11 13 25 22 27 25 12 35 24 19 3 13 33 24
32 36 44 37 43 48 26 23 49 33 52 38 26 58 36 48 26 25 53 52
33 28 23 21 39 41 17 33 36 19 27 26 29 39 20 19 11 16 45 37
28 16 12 6 44 39 12 15 28 22 33 21 21 38 18 22 20 12 41 35
16 16 26 20 25 26 13 17 26 16 26 9 21 26 25 11 5 2 33 26
9 2 2 2 5 5 1 5 5 4 4 6 5 8 1 4 1 1 8 3
15 24 26 27 30 45 19 5 41 25 46 26 17 50 27 29 22 10 47 40
31 22 21 17 42 44 16 21 35 23 28 13 27 35 18 18 20 4 37 36
1 5 1 1 7 19 1 2 9 2 7 13 1 16 5 11 1 1 20 9
23 35 23 19 43 40 4 19 37 20 42 33 26 39 32 32 23 36 59 47
17 25 8 11 35 39 8 22 32 17 26 24 17 22 9 19 16 13 43 38
5 1 4 7 4 1 1 1 1 6 6 1 1 7 6 4 1 3 1 2
33 34 38 16 49 59 26 29 49 31 45 32 24 60 39 35 22 16 56 43
11 12 10 4 17 21 4 7 19 6 11 5 10 19 14 5 1 6 25 19
6 9 11 8 23 20 4 14 18 19 26 13 10 12 12 21 6 11 19 19
1 3 5 7 1 2 1 1 11 1 8 2 1 7 4 4 1 1 14 6
26 22 14 8 33 38 15 10 26 16 31 28 11 36 11 25 14 7 41 37
25 40 43 18 64 68 30 36 58 50 65 41 26 48 36 53 34 30 64 52
40 32 19 6 41 42 28 15 38 21 40 41 22 52 16 28 26 14 48 42
16 14 14 13 25 35 17 7 26 13 32 25 13 39 19 17 12 10 34 28
26 46 52 27 64 74 44 28 66 48 73 39 42 67 59 45 42 24 73 56
8 3 6 4 10 8 3 6 5 10 12 10 4 11 7 7 3 7 10 6
25 34 15 9 50 58 23 25 46 32 51 42 19 37 21 36 33 11 55 45
6 5 3 3 17 20 3 8 11 9 14 12 3 11 5 11 5 5 20 11
27 24 13 10 40 39 9 15 36 10 29 22 19 36 12 24 15 17 51 40
34 22 14 19 43 34 8 12 34 14 21 8 25 41 5 13 13 13 41 43
31 22 29 22 47 45 9 27 35 39 31 23 21 42 26 32 10 30 52 39
12 8 6 1 22 28 6 2 17 6 18 14 10 26 9 10 8 6 27 24
18 18 13 7 26 32 11 14 24 14 26 23 13 23 11 20 11 2 31 25
14 11 22 9 26 31 14 16 21 22 24 15 23 26 27 16 1 13 32 21
29 20 29 20 43 41 13 29 28 28 18 12 29 30 24 17 3 17 48 37
30 9 30 20 38 29 16 17 26 34 32 16 14 40 29 26 14 18 31 20
7 1 10 2 14 15 8 10 4 14 12 10 8 12 11 5 5 2 12 6
20 13 19 15 21 27 9 17 19 9 8 4 21 20 17 8 2 1 26 23
5 2 6 9 10 12 4 2 6 9 13 8 3 17 10 11 2 6 10 11
5 1 1 1 3 6 1 1 6 2 6 3 2 6 1 1 1 1 5 2
38 33 38 13 49 65 40 41 43 39 40 33 37 51 43 26 18 15 60 35
15 13 12 9 31 31 9 7 21 18 32 16 13 28 13 18 20 8 26 26
47 43 45 36 82 72 24 45 67 63 63 40 28 65 43 63 40 48 73 67
20 3 8 6 21 16 1 9 11 12 8 6 9 17 2 7 1 7 21 19
33 47 44 30 54 67 27 34 60 35 59 45 28 62 45 44 26 31 74 61
2 2 5 5 8 11 1 5 8 6 13 7 2 7 6 10 3 2 15 6
42 36 40 18 53 65 37 47 46 49 46 39 31 51 46 32 20 16 61 37
4 6 3 5 11 15 3 8 11 9 16 15 1 16 2 11 3 4 19 11
3 1 6 5 6 5 1 2 5 6 8 4 4 2 9 6 1 3 9 4
24 33 37 27 44 43 18 13 48 25 51 27 16 54 31 47 23 22 56 51
34 23 30 26 47 46 17 14 40 32 38 26 30 50 27 31 13 28 52 48
15 22 31 25 33 35 13 19 37 22 38 16 19 37 32 31 16 17 37 32
7 6 5 5 9 13 4 4 9 8 10 8 8 8 12 6 1 3 14 10
8 8 4 5 10 17 6 1 15 4 18 14 2 24 5 10 8 1 15 13
6 9 6 3 16 21 8 11 11 16 21 22 3 16 11 11 5 7 19 14
3 2 8 4 12 14 1 3 9 9 14 9 4 10 12 9 1 6 19 10
8 2 1 3 10 10 1 2 12 1 8 1 4 8 1 1 1 1 13 9
19 16 16 14 18 26 11 18 25 10 18 16 15 24 15 10 8 1 28 19
9 2 1 1 8 8 3 1 3 2 3 7 5 12 1 1 1 1 10 10
4 3 7 3 6 6 1 7 5 10 10 8 5 5 8 7 1 3 9 2
2 1 4 1 3 10 1 5 4 3 3 7 4 7 3 7 1 3 9 4
32 38 51 27 55 65 42 33 55 39 65 46 27 64 55 51 34 17 66 50
1 4 3 1 16 20 1 1 17 7 17 6 5 11 4 4 5 5 25 14
9 1 9 4 12 17 1 3 7 8 8 6 6 21 11 10 3 9 13 9
7 3 5 3 6 8 3 5 8 6 9 10 7 8 6 3 2 1 12 7
37 51 54 49 66 69 22 37 74 39 62 38 29 68 49 56 28 34 80 72
21 13 18 23 18 21 1 10 26 14 20 10 9 30 13 22 9 7 32 26
1 4 3 2 1 9 4 1 2 1 5 8 2 11 7 1 1 1 10 7
20 21 19 16 24 29 11 8 28 13 34 23 15 42 22 25 15 11 40 31
35 43 26 36 47 51 20 21 48 30 39 42 35 56 24 37 21 39 68 64
27 19 22 13 48 42 17 22 28 28 35 18 29 36 25 27 17 19 44 35
29 46 44 21 56 70 39 25 58 43 54 40 50 57 49 22 30 31 69 58
33 30 28 15 47 57 30 10 48 27 50 38 23 62 22 32 31 10 57 50
6 4 3 7 7 11 4 3 6 1 7 9 1 14 6 1 1 4 14 11
23 31 19 10 42 52 27 21 38 30 40 35 37 40 29 18 22 21 55 45
22 13 22 18 36 33 17 27 31 25 33 16 24 23 23 22 14 8 31 25
20 9 15 11 32 32 5 13 16 23 19 17 10 31 12 20 5 18 34 27
34 38 37 30 53 41 21 30 39 26 30 16 43 47 38 27 13 37 51 50
40 32 46 32 57 63 19 22 57 46 50 35 15 64 36 55 34 26 63 51
7 5 5 5 9 13 6 1 5 9 10 10 4 11 10 5 4 1 12 9
16 11 8 7 25 25 4 4 23 6 26 14 9 25 7 14 10 4 32 28
11 15 30 26 25 28 17 12 25 24 29 14 20 36 26 24 8 14 26 30
32 34 28 17 54 60 27 34 52 38 54 40 23 39 27 43 34 14 60 43
5 1 1 1 6 7 1 2 4 2 3 6 3 8 6 4 1 4 13 8
17 22 19 7 22 35 13 8 28 11 24 20 16 28 17 22 13 4 33 29
7 8 8 7 18 21 1 5 20 10 20 5 11 9 12 13 10 5 24 18
1 3 2 2 5 12 3 1 10 1 11 7 3 8 8 1 1 1 16 10
44 46 57 51 52 66 40 35 65 37 55 45 42 74 52 46 34 22 70 63
29 35 19 8 47 47 13 19 31 20 32 28 36 51 21 18 18 26 62 44
7 1 1 1 5 6 2 4 6 4 7 7 3 6 1 1 2 1 6 1
14 17 17 30 29 27 12 20 29 32 32 22 12 23 20 29 10 24 28 29
25 29 18 20 37 42 16 30 36 25 29 29 23 28 18 31 20 14 42 33
16 14 3 16 28 30 15 25 24 28 32 28 6 20 18 27 20 15 26 17
33 32 11 15 43 42 17 25 36 23 33 34 17 35 10 32 26 20 46 40
15 31 24 14 39 48 17 32 36 36 36 34 26 33 38 31 13 31 52 37
29 30 22 17 44 47 16 13 43 35 35 28 25 38 18 19 23 23 52 48
5 11 3 9 28 30 6 16 24 20 29 21 5 10 13 17 12 14 30 18
61 39 48 31 59 57 37 42 49 41 34 29 43 71 43 27 19 26 67 48
34 24 21 3 37 39 21 16 31 22 32 25 19 37 15 27 25 11 36 33
6 8 10 6 20 16 1 9 15 10 19 8 7 15 10 9 1 9 28 17
9 1 3 7 9 9 4 5 4 9 12 8 1 12 7 6 4 1 9 3
9 1 8 3 14 15 8 10 9 12 13 9 7 11 9 4 6 1 11 3
36 23 42 20 50 51 17 27 34 44 31 21 23 55 36 37 16 29 50 32
8 6 1 1 14 20 6 12 7 13 14 17 1 14 5 13 7 6 16 8
7 11 18 3 21 26 5 14 16 17 15 14 9 25 23 13 2 13 31 19
14 47 54 40 57 61 33 34 62 51 71 32 33 56 58 46 38 39 62 57
29 10 15 13 35 30 9 8 24 18 22 14 14 36 6 21 18 13 29 32
16 36 36 28 39 50 33 19 46 29 49 33 30 50 39 45 25 29 54 49
8 18 18 15 26 31 1 6 33 16 33 11 8 35 20 24 11 10 42 33
24 32 21 16 32 46 21 24 34 20 33 35 24 37 23 26 15 12 43 39
10 1 7 1 13 12 4 6 4 9 9 9 8 13 8 1 4 6 12 10
1 1 1 2 1 3 1 1 1 1 1 3 1 9 1 1 1 1 6 3
24 30 24 21 46 45 22 18 45 25 54 34 16 46 27 41 26 20 52 48
47 50 54 57 57 43 30 37 57 29 45 23 50 64 46 43 26 39 59 65
18 29 43 35 40 42 16 24 47 32 50 26 14 47 44 43 24 31 51 44
37 26 33 28 52 50 13 24 53 39 46 30 6 56 31 45 28 26 60 47
9 26 23 14 30 39 9 16 36 20 37 29 10 40 25 30 10 22 49 36
1 1 4 2 7 1 1 1 1 3 5 1 1 3 5 5 1 4 4 5
21 15 27 25 38 28 11 23 26 33 26 14 22 24 23 29 9 28 35 35
1 3 5 5 5 10 1 6 8 7 12 10 2 8 6 12 3 3 12 5
19 13 24 18 19 30 22 12 22 26 31 30 16 38 27 21 13 9 24 21
26 11 29 17 32 31 20 22 26 30 34 20 14 41 30 23 13 3 37 25
7 1 1 1 9 6 4 5 3 6 7 9 1 9 2 3 4 1 7 2
3 1 1 3 2 3 1 1 6 2 9 1 1 7 2 1 1 1 3 2
9 6 13 9 22 30 7 6 17 13 27 15 12 27 16 11 7 3 31 21
11 23 25 15 27 42 14 16 35 15 36 28 17 37 26 25 16 7 47 31
1 1 1 1 5 8 1 1 4 1 7 2 1 6 2 1 1 1 7 3
17 8 16 10 25 27 7 14 25 17 24 10 9 25 18 17 6 4 26 12
14 10 15 13 24 17 6 13 18 15 16 4 17 19 18 17 2 17 23 20
25 6 21 14 22 22 6 12 16 17 8 5 17 33 11 12 1 8 28 19
14 11 9 2 21 15 3 1 8 5 13 10 11 24 8 14 7 10 20 19
3 1 3 3 5 5 1 1 7 2 7 4 2 8 1 5 2 1 8 4
7 5 4 3 5 7 4 5 8 3 5 10 6 10 4 3 1 4 12 10
9 1 1 3 5 1 1 1 2 3 5 1 1 12 1 1 1 2 1 3
5 3 8 7 8 6 2 1 9 4 12 7 2 15 4 4 3 2 12 9
16 10 2 1 20 10 2 1 10 1 9 9 8 21 1 10 7 7 20 20
43 44 27 16 66 63 32 40 52 40 51 43 36 44 27 43 37 28 66 58
7 5 10 3 9 17 7 8 4 8 6 11 12 18 15 4 1 6 20 12
20 18 23 15 36 41 17 32 26 38 30 21 23 26 31 27 12 20 36 17
24 48 47 28 60 62 23 17 60 39 65 40 34 66 50 44 42 41 75 63
10 7 8 13 9 14 5 1 13 7 15 12 1 25 6 12 7 1 15 12
1 1 3 3 7 6 1 1 8 1 9 2 1 9 1 1 1 1 14 10
11 4 10 15 19 13 6 6 14 12 20 7 9 20 13 15 5 12 16 19
11 14 27 11 26 36 14 19 24 29 30 20 12 33 30 20 10 15 29 16
46 44 47 50 58 55 21 25 61 24 43 27 33 66 39 43 24 27 72 70
14 5 6 1 15 22 14 12 13 13 19 22 1 22 12 9 10 1 17 10
22 18 21 22 43 39 16 26 33 37 41 27 17 32 29 32 15 27 38 34
15 8 9 8 14 14 2 11 14 3 6 2 14 10 7 1 1 1 17 13
42 44 40 33 57 58 28 27 57 29 46 33 44 68 34 27 31 24 70 66
13 1 4 7 11 12 6 5 7 8 11 8 4 19 5 7 7 5 7 7
15 2 5 1 13 15 7 14 11 11 9 10 9 11 6 4 6 1 11 3
20 17 8 9 31 36 14 8 25 17 28 24 15 39 10 16 20 8 35 35
2 1 4 3 12 12 1 2 11 3 17 8 1 12 2 8 5 1 17 9
22 16 28 30 32 33 18 20 32 30 29 13 21 36 22 27 13 17 29 30
22 16 14 1 36 41 16 27 32 27 32 27 13 22 18 20 20 3 38 25
11 18 17 13 9 21 7 8 24 2 16 8 16 22 17 5 1 1 25 21
25 26 26 26 39 47 27 23 44 26 44 21 29 43 29 23 18 9 40 41
8 3 4 2 7 12 1 3 8 6 12 9 4 13 5 11 5 1 12 6
10 8 7 6 13 17 7 5 16 7 18 12 9 16 8 2 3 1 21 16
41 28 34 25 44 38 23 22 41 29 41 32 17 61 33 37 29 22 47 40
32 16 19 13 32 35 20 18 31 23 34 31 1 47 16 33 25 4 33 26
13 11 11 13 30 23 7 5 20 18 27 9 17 27 13 17 13 14 25 31
44 39 23 28 64 56 27 45 48 44 48 35 42 39 40 33 27 33 68 47
13 16 17 6 26 36 18 20 18 25 28 30 14 28 21 23 14 8 31 20
20 30 18 15 45 56 19 31 39 31 34 27 32 31 27 20 18 16 55 39
12 4 6 6 13 10 1 4 7 9 10 7 9 14 10 6 1 9 15 13
31 21 35 28 51 52 14 15 47 40 41 25 14 56 33 41 23 30 51 47
12 12 9 7 16 30 15 10 19 16 24 27 9 27 16 14 6 5 28 18
36 12 22 18 38 39 15 21 31 24 24 16 19 40 21 20 11 11 33 30
14 6 8 13 11 17 1 6 17 12 12 11 2 21 4 13 1 5 22 15
13 7 3 4 14 11 1 10 12 9 12 13 8 15 5 8 1 10 20 15
55 27 36 23 59 49 31 37 38 41 33 20 41 57 30 21 14 30 55 39
4 3 7 8 16 15 2 5 12 11 22 10 4 8 8 10 5 4 18 10
45 46 40 25 70 65 23 29 67 43 63 37 32 71 36 48 38 30 76 64
10 40 26 20 30 45 21 11 50 20 45 32 31 39 27 22 23 21 59 52
9 9 6 1 18 27 10 8 15 9 19 21 9 22 7 11 10 3 27 20
20 23 28 16 44 42 13 13 39 28 41 22 18 41 25 37 21 20 45 42
23 31 33 33 40 40 23 20 38 26 35 22 37 48 32 33 13 28 48 51
3 1 8 7 5 4 1 3 3 7 9 4 4 7 9 8 1 3 5 1
5 10 4 1 7 16 6 2 12 1 8 16 7 17 5 10 6 1 21 17
1 1 1 1 2 5 1 2 1 1 3 3 1 1 1 5 1 1 9 2
30 17 8 4 30 30 16 13 23 14 24 30 12 44 9 20 15 7 36 30
36 44 45 31 71 71 45 55 57 57 62 38 51 57 51 44 33 40 70 55
1 1 1 1 6 6 1 1 7 1 5 1 1 1 1 2 1 1 13 3
4 10 13 16 10 19 6 2 16 8 26 15 4 27 17 16 5 1 26 18
22 13 16 10 32 36 15 13 23 20 29 26 9 34 10 24 19 4 33 27
9 1 6 6 6 9 1 5 6 4 4 7 7 12 6 7 1 4 10 5
14 2 10 1 15 28 15 12 8 16 14 16 9 28 17 9 9 1 16 7
1 1 1 1 3 6 1 1 1 1 1 4 1 9 1 1 1 1 7 4
4 1 6 4 9 7 1 1 10 5 13 1 5 3 6 2 1 1 11 8
15 24 15 15 34 32 16 18 26 23 33 26 18 31 20 31 14 24 36 36
20 16 12 6 31 40 21 11 31 15 37 31 4 40 19 23 20 4 38 28
28 20 28 20 45 37 12 24 41 30 46 19 21 43 32 35 17 22 48 35
10 8 9 5 11 13 1 10 13 4 5 3 14 5 6 4 1 1 14 12
4 1 1 2 5 6 1 2 1 5 6 5 1 9 4 5 1 2 8 2
6 1 1 3 6 6 1 2 8 3 7 5 3 7 2 1 1 1 10 4
10 13 7 4 30 30 4 6 24 16 28 14 17 20 12 14 14 10 34 27
10 25 14 8 34 41 16 8 32 18 41 30 11 29 15 28 16 10 43 40
23 15 13 16 34 34 11 20 31 23 37 25 12 30 14 28 15 12 33 28
2 1 9 8 9 6 3 3 6 9 12 4 5 6 11 7 1 6 8 7
7 1 5 8 7 8 1 1 10 6 10 1 3 11 10 6 1 6 9 5
32 27 28 29 47 41 30 27 35 35 42 32 31 57 34 36 26 31 45 42
37 30 29 8 54 50 18 26 34 29 31 23 35 53 28 21 15 28 57 37
12 6 7 1 11 10 5 8 9 8 7 6 11 10 6 5 5 4 10 9
8 1 7 2 13 8 3 6 4 7 9 5 7 13 5 2 1 4 13 6
5 1 1 1 5 8 1 1 1 1 3 9 1 16 1 2 1 1 11 7
20 41 38 19 52 64 29 26 55 41 57 40 39 57 43 32 25 32 71 54
35 37 27 14 59 55 24 20 41 35 50 38 31 53 24 40 28 30 60 55
16 23 21 20 22 30 9 12 31 13 36 25 12 36 21 29 17 7 35 28
5 3 6 5 8 11 1 6 11 5 11 9 6 9 8 7 1 5 17 9
38 47 24 20 54 61 24 26 50 22 49 48 36 58 27 31 26 25 70 62
3 1 2 2 10 9 1 2 5 5 10 7 1 8 5 2 2 2 13 10
5 1 4 4 4 11 1 1 6 3 6 7 3 13 7 2 1 1 11 5
31 25 21 13 35 43 22 21 42 23 39 31 5 48 26 34 28 2 44 31
8 2 5 1 12 19 5 8 6 9 10 14 5 15 6 10 9 1 12 6
16 14 7 7 28 28 7 12 20 14 28 24 7 30 7 20 13 13 33 25
29 19 24 15 39 37 17 22 26 29 25 11 31 33 21 10 14 8 36 30
12 6 1 1 17 25 6 1 13 3 15 15 4 25 2 7 9 1 22 20
3 1 3 1 3 5 1 1 1 5 5 2 1 7 4 2 1 1 1 1
39 43 36 27 64 56 22 39 46 44 51 35 45 55 47 43 27 44 66 50
24 13 15 16 26 24 7 13 18 22 16 20 12 33 8 18 7 20 29 27
4 1 7 1 10 14 4 5 4 9 8 4 7 10 8 4 3 1 9 2
12 1 8 10 13 13 5 7 9 13 19 10 1 18 8 10 5 1 12 6
3 1 1 2 1 1 1 1 3 1 1 1 1 4 1 1 1 1 4 2
11 1 8 3 16 14 9 10 6 13 11 5 7 15 9 1 4 1 9 3
17 20 17 9 22 35 14 13 27 10 23 19 19 31 16 14 11 1 34 26
11 22 19 20 32 31 15 25 30 25 32 17 22 25 22 31 15 22 33 33
10 5 1 1 9 8 3 1 6 1 5 7 7 14 3 1 1 4 14 14
30 44 15 24 50 67 37 40 54 42 56 53 33 31 39 40 37 24 64 53
4 4 11 1 11 14 8 8 1 9 5 7 10 10 12 1 1 1 15 9
18 23 16 16 20 35 14 10 29 9 23 24 19 34 18 20 10 6 39 33
9 1 5 1 20 23 4 3 12 10 15 9 1 22 7 11 6 6 16 11
25 12 8 6 27 19 6 14 17 16 22 19 17 29 10 15 10 15 27 19
11 4 5 1 9 5 1 4 7 4 4 4 9 10 4 1 1 6 8 9
35 32 38 28 51 53 24 29 43 41 36 29 29 50 34 40 18 30 59 49
15 9 18 15 16 22 10 10 16 16 23 17 9 32 19 13 7 6 26 18
22 37 48 38 41 45 37 34 45 32 39 20 50 46 47 26 14 26 50 48
10 1 5 5 13 5 1 1 6 8 11 2 7 13 7 8 1 8 9 11
29 17 18 19 32 21 13 11 16 21 23 19 25 37 18 17 8 22 27 33
35 52 42 36 65 75 34 51 64 42 53 35 45 48 52 37 26 29 82 56
3 2 11 5 12 17 4 4 12 9 16 5 10 11 12 4 1 1 19 12
29 26 30 34 39 34 14 18 39 20 40 20 24 41 29 26 20 20 46 45
7 5 1 1 9 15 1 6 9 5 9 11 5 10 2 9 3 1 16 9
20 21 28 19 33 41 13 12 37 18 30 15 28 44 26 19 12 12 52 42
37 40 36 26 56 61 34 41 50 45 53 38 33 53 42 42 25 28 62 43
9 1 5 6 8 11 3 5 4 7 7 11 3 16 3 7 3 3 12 8
4 7 9 7 7 10 4 1 15 2 15 8 7 14 10 3 1 2 20 17
10 3 6 10 14 14 4 6 13 11 22 13 2 20 7 14 8 1 17 9
11 9 11 7 21 15 1 1 14 6 17 8 11 27 12 14 2 16 30 20
10 11 25 23 14 21 4 7 19 17 23 14 6 29 21 20 6 6 27 18
13 27 11 14 36 46 12 16 35 22 38 31 20 34 22 26 18 19 52 43
39 43 35 30 60 60 15 27 57 35 44 35 25 59 29 48 22 33 75 64
31 38 42 39 61 56 23 17 58 52 56 30 32 56 40 40 34 43 64 62
8 4 7 1 12 13 1 6 11 6 9 3 10 7 6 4 3 1 13 11
36 17 34 24 43 38 8 17 31 36 23 12 22 42 27 28 12 28 39 34
8 19 12 11 19 32 12 7 24 9 28 25 14 27 15 19 12 5 36 29
44 26 34 30 52 54 15 19 53 26 32 20 17 58 23 38 24 15 57 47
41 43 35 26 65 56 17 38 45 37 51 37 51 53 41 39 29 45 68 59
39 33 48 34 44 53 23 27 46 30 25 16 33 57 40 29 13 17 60 45
14 33 36 38 38 50 26 25 44 39 44 33 30 44 37 46 21 33 48 49
26 32 30 22 49 47 15 22 40 24 31 11 37 44 31 25 13 24 51 51
33 40 22 32 47 44 20 35 41 21 34 33 38 34 32 19 11 26 59 52
31 27 15 12 38 40 21 17 32 9 24 22 30 37 21 6 9 11 44 42
10 6 12 7 15 20 8 8 7 11 12 13 11 20 17 6 1 6 23 16
16 16 6 6 22 23 10 1 19 4 22 17 19 27 11 2 4 11 32 31
39 41 50 36 40 55 41 37 50 38 50 40 41 61 53 35 30 19 56 40
16 13 14 9 25 25 8 16 23 11 17 9 22 12 12 1 8 4 28 23
31 40 32 27 67 68 26 44 60 51 63 41 27 48 40 55 36 31 63 53
24 28 23 15 37 38 13 14 35 18 41 32 12 45 16 33 25 15 48 40
24 34 44 34 49 43 26 12 53 45 57 24 37 43 44 35 30 33 52 45
17 13 21 21 17 16 2 7 22 10 24 12 12 31 21 18 9 12 29 22
22 8 19 12 35 41 11 15 23 27 20 18 12 35 11 21 15 7 36 26
9 4 11 9 12 13 1 6 16 7 12 5 9 12 11 7 1 6 19 9
17 28 36 24 37 46 16 27 38 34 45 30 21 44 41 37 18 26 51 34
41 44 23 20 59 54 20 26 53 33 50 39 30 48 16 42 35 28 66 62
32 39 44 35 56 47 25 38 46 37 47 20 44 49 41 31 21 30 62 51
20 16 19 24 26 20 11 17 27 12 22 8 21 24 18 13 3 14 30 31
7 1 5 1 10 13 3 1 10 8 9 4 4 11 7 9 3 6 10 4
17 25 24 17 30 42 15 12 39 13 40 26 16 40 26 27 23 9 43 36
18 1 11 9 18 13 8 7 14 15 22 11 7 24 13 12 8 7 13 7
34 35 47 27 59 67 31 43 57 41 53 37 29 59 51 40 25 20 66 48
44 34 45 39 50 55 28 28 52 36 45 33 36 65 39 39 19 25 65 58
22 23 24 12 36 49 20 20 33 17 28 22 28 37 27 15 13 7 45 37
5 17 20 19 15 19 13 8 27 11 30 15 17 20 22 15 1 8 29 28
9 7 3 5 15 17 3 11 14 11 15 13 5 11 3 12 4 7 19 11
22 21 19 20 35 28 18 20 31 25 39 23 19 41 22 32 19 21 35 32
5 16 10 11 19 30 9 3 26 9 29 15 12 29 15 11 12 4 35 28
31 33 42 28 49 57 18 28 50 31 33 15 33 53 32 29 17 19 67 47
20 14 21 16 32 38 5 16 35 24 32 17 10 34 16 26 9 11 40 28
19 15 18 6 25 40 20 12 18 15 20 22 20 39 21 12 8 3 37 26
20 17 12 7 30 38 12 23 30 25 29 27 8 35 17 26 11 18 34 22
4 1 5 7 5 6 1 1 5 6 8 1 1 6 10 6 1 3 6 1
4 6 5 5 4 11 6 1 6 5 8 9 5 12 10 5 1 1 11 9
2 1 9 4 9 12 1 4 15 4 13 3 6 5 10 4 1 1 19 8
41 48 34 15 54 65 31 20 44 27 41 46 47 65 36 34 30 35 67 57
23 39 35 23 64 68 31 44 57 52 64 45 28 51 49 55 32 38 64 54
12 1 5 1 15 14 9 7 11 10 15 14 1 21 5 7 8 1 13 7
15 5 11 1 18 27 15 19 11 19 11 15 13 19 15 5 4 1 21 3
32 28 30 26 39 30 18 26 35 26 40 29 30 42 32 29 21 26 42 38
33 19 24 17 46 51 18 31 37 31 29 20 28 40 21 21 16 9 47 34
22 18 17 1 35 39 19 20 25 24 30 28 14 29 13 24 18 6 38 26
8 15 10 14 18 23 4 11 26 11 26 16 10 18 8 13 10 8 33 24
11 7 13 14 18 12 3 2 18 9 26 7 4 22 13 10 9 7 21 20
7 3 4 1 9 9 1 6 7 5 7 10 6 9 3 3 1 4 16 11
40 36 25 28 39 37 17 15 36 10 31 27 32 59 24 16 13 14 54 53
40 32 46 33 65 57 16 23 55 44 57 32 25 71 41 50 35 34 66 55
9 8 8 5 20 21 5 1 13 8 21 9 13 21 11 7 5 8 22 23
19 20 25 26 23 26 8 14 32 13 31 15 17 32 25 25 17 12 36 30
13 1 3 6 15 9 6 7 4 12 14 11 1 17 8 8 6 4 9 6
11 6 8 7 15 13 1 8 13 8 12 6 10 14 8 11 2 6 15 15
18 42 34 29 50 51 27 30 51 37 52 27 46 42 39 27 22 34 63 58
23 18 20 19 23 30 12 22 27 21 27 21 16 32 19 20 9 4 32 24
6 3 6 5 7 6 1 3 11 1 8 1 7 4 4 1 1 1 12 10
26 19 23 6 46 44 16 14 42 26 48 26 8 42 23 34 25 10 45 32
20 6 15 3 23 21 14 16 9 19 13 9 18 25 17 3 5 9 20 7
17 18 15 11 26 26 13 1 19 11 26 19 23 30 19 10 7 16 33 33
4 1 3 1 1 8 2 1 3 3 7 6 3 11 6 1 1 1 5 4
25 39 29 42 39 44 23 39 49 35 43 30 34 27 42 37 18 27 51 44
8 7 8 8 16 19 1 2 19 6 21 6 9 15 8 12 10 1 20 17
12 15 14 15 11 22 3 4 26 3 19 13 8 34 15 18 5 4 34 27
16 33 42 30 36 38 19 29 45 34 46 24 19 42 45 39 17 32 48 41
33 26 11 14 33 26 6 9 26 4 20 20 24 40 6 16 15 18 42 40
30 20 38 27 35 43 15 16 34 33 28 13 19 50 32 30 16 13 43 29
10 12 18 23 25 22 1 10 31 22 30 8 10 19 11 25 7 12 31 28
18 19 14 10 36 42 8 17 26 20 23 24 19 34 17 22 9 15 48 39
6 1 1 2 8 7 1 1 6 2 8 2 2 10 2 4 1 1 10 7
28 46 39 22 54 69 36 13 59 39 60 47 34 67 38 40 39 28 64 60
27 28 18 16 41 43 16 25 46 19 42 27 18 34 16 30 26 7 48 37
1 1 4 5 1 7 1 1 6 1 6 2 1 9 5 5 1 1 8 1
7 22 34 23 29 30 12 25 36 31 38 12 21 28 35 35 9 25 34 25
20 31 28 22 51 50 11 17 46 41 49 30 13 51 29 33 20 34 59 49
7 9 2 8 13 15 1 14 16 13 17 16 6 9 6 10 5 8 17 11
2 6 12 13 18 16 3 9 18 15 27 10 5 15 11 18 1 9 20 17
20 14 27 15 30 27 12 20 24 20 17 4 27 21 28 16 1 16 27 21
29 15 24 21 37 29 6 18 23 25 17 11 22 30 17 21 1 21 36 35
11 33 44 31 39 50 31 11 47 37 52 23 40 50 47 28 22 25 51 48
1 1 5 3 8 11 1 4 5 6 7 8 1 9 10 7 1 4 15 6
11 3 8 11 7 5 3 5 6 9 9 7 7 14 10 8 1 8 11 11
1 1 3 2 1 4 1 2 4 1 5 6 1 6 1 3 1 1 8 1
38 45 42 38 65 77 29 40 72 53 62 49 26 63 45 52 33 36 78 65
22 30 39 18 42 53 27 27 40 33 40 32 24 46 43 26 18 27 52 42
25 32 22 23 52 43 19 21 34 30 42 26 38 44 29 30 25 38 51 48
48 34 30 34 67 53 19 27 47 45 39 29 35 54 29 42 30 45 59 59
8 5 8 6 15 14 1 7 16 6 14 3 9 5 10 8 1 3 20 13
5 7 5 1 16 24 6 4 13 7 14 14 4 19 10 12 6 5 24 16
30 18 28 27 31 35 6 9 37 25 10 9 15 39 20 30 14 24 38 32
9 11 11 12 10 19 6 4 18 9 20 11 9 19 16 13 4 3 22 15
21 25 20 23 35 26 1 13 36 15 31 14 19 31 17 24 13 20 48 42
2 10 15 16 13 18 3 1 19 7 25 10 3 21 19 18 7 4 25 19
24 23 23 24 26 29 5 10 33 9 21 17 17 44 16 26 11 16 46 40
39 49 56 44 70 69 37 47 65 49 61 37 45 75 56 53 30 39 71 67
14 29 17 22 41 30 7 17 38 20 41 21 19 30 23 36 17 28 49 44
29 22 30 27 35 36 4 11 42 21 30 11 9 48 21 33 15 16 41 36
27 39 22 29 51 62 23 32 56 30 51 36 28 46 33 32 23 21 65 52
8 5 8 4 6 17 6 5 8 9 10 9 10 16 12 5 2 2 12 9
4 1 3 4 5 1 1 1 3 1 6 1 1 9 2 1 1 2 8 4
22 24 26 16 34 34 13 32 29 28 26 12 25 24 26 16 3 16 42 23
1 1 4 1 4 5 1 1 2 3 4 1 1 5 7 3 1 1 6 1
29 50 38 27 55 68 37 33 58 45 62 40 43 58 45 30 29 26 75 54
32 36 40 16 58 62 23 22 50 42 44 27 24 53 32 41 31 22 61 50
25 36 30 31 55 53 24 40 47 32 42 28 40 35 37 31 15 26 61 54
8 7 14 4 20 18 3 18 13 16 13 6 16 7 13 10 1 5 23 13
21 17 15 7 33 44 18 29 29 19 22 22 20 26 18 12 7 2 39 25
5 5 14 11 8 11 1 5 14 8 17 6 8 14 13 11 3 3 19 14
16 7 4 6 28 24 7 12 23 16 30 16 8 21 9 17 15 6 27 20
39 30 43 31 45 42 30 41 37 32 31 10 43 41 41 13 1 20 48 31
6 10 5 5 20 20 1 1 23 2 20 5 11 21 5 9 10 5 32 26
57 50 55 38 65 59 43 44 67 39 64 47 36 70 46 55 44 22 67 61
48 27 29 12 61 54 22 30 44 35 40 32 22 56 28 37 27 17 59 46
14 25 17 11 32 38 13 5 34 18 34 16 25 38 25 15 11 20 45 39
14 16 18 16 25 30 10 10 29 16 31 16 13 32 21 21 6 9 32 25
14 5 14 14 13 15 6 6 9 13 18 13 7 28 13 10 3 6 18 15
20 14 25 14 33 35 20 23 33 29 38 22 15 31 29 31 20 9 29 22
8 7 7 8 12 10 1 9 15 10 17 11 5 14 7 12 1 8 18 11
16 20 15 13 24 24 16 16 20 19 27 23 21 27 19 16 3 18 29 29
8 1 1 4 4 2 1 1 5 1 4 1 3 10 2 1 1 2 10 9
48 54 44 43 54 61 30 21 63 23 43 42 39 76 34 46 28 31 82 75
29 8 9 9 30 24 13 16 17 20 19 20 9 35 12 22 15 12 26 19
47 21 41 23 55 59 26 35 44 40 26 23 24 52 34 33 22 14 54 38
32 33 42 23 63 64 39 33 57 53 62 32 41 54 48 36 41 26 57 46
8 7 1 1 9 14 3 3 10 1 5 8 6 15 3 6 3 3 16 16
29 14 29 19 45 38 13 17 29 31 30 16 23 40 26 33 12 22 43 35
34 33 39 15 52 52 41 27 34 39 44 31 33 55 37 32 24 22 46 40
24 14 25 9 34 40 17 23 34 30 37 23 12 33 29 28 19 9 35 21
13 1 11 1 23 27 9 13 11 16 14 6 13 19 15 7 6 1 24 9
8 2 6 7 13 10 3 2 10 8 18 6 1 18 6 9 6 3 11 10
32 35 15 17 53 47 7 23 35 28 39 36 27 43 24 34 21 36 57 46
16 27 28 21 26 31 6 19 38 13 29 19 14 37 27 27 13 20 43 32
34 30 30 13 43 55 28 25 42 20 33 31 29 52 26 24 16 9 56 39
8 1 6 7 13 8 1 2 10 8 17 5 4 10 6 3 2 3 12 9
16 10 18 15 18 22 9 14 24 16 26 11 12 23 18 18 10 2 18 16
28 26 45 36 47 54 36 36 46 51 51 34 29 55 46 49 28 29 45 37
32 20 32 33 37 27 9 17 36 22 27 5 21 42 25 29 6 19 41 37
28 27 13 14 41 43 14 18 37 22 38 30 25 44 13 21 18 15 49 46
20 10 15 5 26 34 13 20 22 19 18 15 18 24 18 16 13 5 22 14
34 36 44 28 57 56 15 18 53 41 35 16 33 62 37 32 23 34 69 58
4 8 11 10 7 10 5 1 12 5 15 9 5 16 12 7 3 4 17 14
7 29 28 23 26 40 10 21 39 27 41 27 17 35 37 34 9 22 47 34
39 37 52 46 56 59 34 27 55 50 46 29 44 64 48 46 25 39 64 59
34 36 45 35 46 53 19 30 54 30 43 31 24 58 39 37 20 22 60 49
22 29 21 15 40 47 16 16 38 12 31 18 33 35 26 10 12 6 47 45
1 1 1 1 2 8 1 1 4 1 6 4 1 8 2 4 1 1 7 3
22 14 14 6 36 39 12 19 33 25 38 25 6 33 20 31 18 10 37 22
33 18 32 29 43 44 19 21 36 40 36 29 14 51 26 42 24 22 40 35
8 5 4 4 6 9 2 3 11 3 9 7 6 11 4 1 1 2 13 10
1 1 7 5 1 7 1 1 8 1 6 1 4 11 4 5 1 1 5 3
18 1 10 14 19 8 3 3 8 14 15 7 3 23 6 8 3 9 14 14
21 12 26 15 24 20 17 23 17 24 17 6 26 23 27 11 1 15 25 12
2 1 1 1 12 6 1 1 7 6 14 1 3 2 4 1 2 1 10 8
36 37 22 18 68 60 21 30 47 40 59 49 27 53 36 49 36 42 63 51
41 35 19 20 45 40 17 16 38 26 46 40 15 57 17 40 32 22 51 44
30 17 18 16 48 43 21 13 35 30 40 26 13 48 17 34 26 14 40 42
7 1 7 4 12 10 5 7 6 10 14 10 5 8 8 5 5 1 11 6
4 1 4 1 9 9 1 4 3 4 6 5 4 5 3 2 1 2 12 7
23 18 19 11 32 29 11 12 26 15 30 22 12 43 22 24 21 12 35 27
9 5 4 3 8 7 1 5 11 2 5 4 9 5 1 1 1 1 11 9
1 1 1 1 1 6 1 1 1 1 3 3 1 3 4 1 1 1 7 2
14 10 5 5 21 26 2 12 19 16 19 16 4 22 7 20 7 8 23 13
1 1 1 2 1 3 1 1 5 1 5 1 1 4 1 1 1 1 6 2
24 14 14 4 33 39 19 22 25 27 31 32 4 40 22 30 22 12 33 21
24 34 37 18 45 50 24 27 44 33 43 28 26 43 35 41 17 21 59 42
15 5 5 5 14 15 8 9 11 13 14 10 7 15 11 9 8 5 10 8
34 50 25 37 49 59 30 38 59 19 47 44 31 45 32 32 26 15 68 59
15 3 6 5 15 14 1 5 11 3 6 1 12 18 2 3 1 3 18 17
21 20 39 35 42 38 18 21 39 37 41 9 29 44 31 32 21 21 43 43
5 6 5 1 7 17 3 4 10 2 6 9 9 16 7 6 3 1 17 14
52 41 44 38 51 56 36 41 59 33 45 41 25 63 37 34 27 8 63 54
2 1 3 2 5 3 1 1 2 6 8 1 1 7 5 6 1 1 3 2
18 9 20 20 20 21 1 10 26 16 20 8 10 25 14 21 5 10 30 22
29 9 15 16 27 24 5 15 23 22 21 16 12 35 9 21 7 13 29 25
12 6 8 6 12 13 4 6 14 7 15 8 7 20 7 6 4 2 16 14
12 15 32 15 29 37 23 21 26 32 35 23 21 31 37 20 8 15 31 18
6 11 8 5 14 26 4 4 24 1 16 9 9 17 8 9 3 1 30 22
29 34 35 34 46 38 13 25 42 33 44 31 28 48 37 38 16 34 56 49
12 16 13 19 27 32 14 22 20 30 32 29 12 21 23 23 13 15 28 23
41 32 41 17 53 53 30 23 47 42 56 41 19 66 34 51 33 28 51 43
11 10 7 3 26 29 9 4 18 13 23 13 9 26 13 7 10 10 28 22
7 4 9 5 5 11 1 6 7 7 6 4 10 9 11 7 1 1 9 6
9 3 1 2 10 5 1 1 10 1 6 1 7 9 1 1 1 5 16 14
20 26 15 26 28 28 7 23 35 15 27 18 14 29 18 23 11 10 39 33
23 41 43 37 49 56 22 33 57 32 55 29 36 46 44 41 23 28 62 55
25 26 22 19 33 49 28 16 42 26 49 43 14 50 24 35 25 9 48 39
45 32 45 26 54 55 35 37 46 45 51 29 34 65 45 32 19 21 64 45
42 27 28 25 45 55 27 19 47 26 38 36 25 59 26 34 24 17 54 49
22 14 29 13 43 39 21 29 31 35 37 11 27 29 32 21 8 18 38 20
7 1 5 4 12 12 5 4 7 8 13 7 4 10 6 6 5 1 9 7
4 3 1 1 4 3 1 6 9 1 5 3 5 1 1 2 1 1 10 3
11 13 1 1 14 19 5 11 18 7 15 17 8 17 6 17 10 6 23 17
5 16 11 4 30 35 9 19 18 22 21 17 17 16 16 11 12 13 38 26
14 23 23 15 40 43 10 12 37 27 43 24 15 47 25 26 21 21 48 38
13 3 2 1 11 5 1 2 4 3 4 4 9 13 2 1 1 6 9 10
26 19 30 16 38 41 19 26 32 19 23 8 29 29 28 9 6 5 41 24
30 28 33 3 47 56 26 28 35 39 38 34 16 52 24 36 21 18 49 27
3 4 3 3 13 14 1 7 11 5 11 8 3 5 4 7 3 4 19 10
38 26 26 18 57 43 12 27 26 36 34 30 33 43 28 29 17 36 48 43
9 4 1 1 9 4 1 1 4 1 1 1 7 8 1 1 1 4 13 14
1 1 1 2 3 4 1 1 5 1 8 1 1 3 2 3 1 1 9 5
5 3 4 1 4 9 2 3 7 1 2 4 9 8 4 1 1 2 10 10
12 8 12 12 16 20 14 8 11 16 21 17 9 26 16 15 9 7 15 15
2 5 1 1 7 13 4 5 7 3 7 12 3 8 3 6 1 2 17 10
24 15 7 10 33 22 7 6 20 9 25 18 13 37 6 14 16 15 32 29
22 2 12 14 22 21 10 8 14 20 19 17 2 34 11 19 10 8 18 17
10 12 11 9 12 25 16 5 18 9 21 23 12 29 13 12 10 3 20 17
6 4 3 1 15 17 2 1 10 4 12 8 1 17 5 13 7 1 16 8
19 23 31 29 35 32 17 14 36 26 37 14 23 46 31 35 14 25 38 39
35 35 34 21 52 63 23 16 51 30 30 24 36 53 27 25 27 15 65 55
11 9 4 3 17 16 5 1 6 7 13 14 6 25 8 11 7 8 21 20
30 24 23 9 40 34 14 23 26 19 21 11 37 31 22 3 6 19 50 32
8 29 35 31 33 34 18 20 41 23 42 14 27 33 38 29 17 22 41 41
8 10 10 10 18 20 1 8 23 9 25 10 11 14 9 15 11 1 28 20
24 33 25 34 33 49 21 25 47 32 41 37 24 40 30 37 19 22 52 43
13 5 8 7 10 13 2 8 13 6 9 4 11 11 4 2 2 1 13 7
10 4 8 7 11 13 7 5 9 8 13 12 5 20 5 5 6 6 11 9
6 1 3 8 3 1 1 1 9 2 8 1 3 8 4 1 1 1 8 5
11 4 12 4 16 18 7 9 8 13 11 9 13 17 13 9 6 6 18 15
24 33 33 28 45 45 11 14 53 22 41 18 27 47 27 30 26 18 57 47
18 29 28 26 28 35 14 15 41 2 31 15 22 33 30 12 7 4 46 41
39 20 19 21 43 38 7 16 33 25 26 22 17 44 10 29 17 22 45 41
14 1 12 4 20 17 4 5 4 12 6 3 11 23 11 4 1 7 18 12
16 12 20 21 29 32 9 17 24 28 30 23 12 28 17 28 10 14 31 27
11 1 4 7 9 4 1 1 9 5 9 5 5 12 5 4 1 6 9 8
8 25 32 16 39 49 14 19 40 29 45 24 25 38 36 30 9 20 58 40
36 13 25 20 45 38 13 22 34 35 31 19 16 44 23 36 13 24 39 32
9 7 16 4 23 27 4 13 16 20 23 16 6 25 19 19 7 14 25 15
13 3 3 8 12 12 1 5 12 5 8 7 5 14 1 5 1 1 17 15
43 42 34 10 59 57 37 24 51 39 52 42 43 62 40 17 35 23 68 57
1 1 3 4 2 5 1 3 6 4 9 8 1 8 4 4 1 2 10 4
7 2 1 1 10 15 4 3 6 3 7 10 2 10 1 1 1 1 15 10
18 13 12 10 16 23 10 14 18 8 12 11 16 21 10 6 6 1 19 17
3 7 9 4 15 19 1 9 16 14 19 13 2 15 11 14 1 11 22 9
31 19 13 14 39 33 6 1 27 12 32 22 12 50 10 23 18 15 44 40
10 5 6 6 13 14 3 8 11 10 15 11 7 11 8 12 5 3 18 12
43 38 39 21 55 55 13 31 40 29 21 24 38 62 33 27 9 34 69 50
25 29 26 28 36 28 10 15 37 20 36 25 26 40 23 26 9 25 52 50
22 20 29 20 31 39 14 22 32 28 30 21 18 40 26 25 9 12 46 30
12 8 7 1 15 22 6 5 12 8 17 17 5 20 6 14 10 1 19 14
12 17 35 14 30 31 14 25 28 31 30 7 22 26 36 23 1 18 39 14
10 6 7 4 13 12 1 6 10 9 14 12 7 15 8 15 7 7 17 12
11 1 2 6 10 8 4 5 4 8 8 9 1 16 1 7 4 1 7 4
13 18 18 9 24 30 10 10 25 19 29 21 10 33 25 15 5 17 32 25
25 21 16 1 44 48 19 11 43 25 44 28 9 41 11 31 30 7 44 31
23 44 46 41 36 50 30 24 53 28 54 38 39 53 45 42 29 26 51 53
40 22 34 22 45 37 19 20 32 35 37 31 13 57 33 33 21 19 47 37
18 15 20 17 32 28 15 20 21 21 24 8 23 25 20 18 10 16 24 28
24 33 34 29 50 40 10 17 48 27 43 9 34 48 31 33 18 27 53 53
10 6 4 6 8 16 2 5 13 5 12 7 6 13 5 5 2 1 16 10
11 17 14 5 27 31 1 13 27 13 21 12 9 22 17 20 7 10 33 24
9 9 16 12 32 31 8 8 24 22 34 11 11 25 19 22 13 11 25 20
24 19 34 12 38 40 21 29 35 41 42 30 9 37 40 35 23 15 32 21
4 1 1 1 6 11 1 2 6 3 10 8 1 9 1 1 1 1 14 6
52 41 43 29 66 72 37 23 62 50 61 51 22 72 32 57 46 25 69 64
1 8 12 10 8 9 1 5 15 6 19 7 2 15 11 17 4 7 21 14
23 20 31 26 35 38 20 18 36 30 43 24 16 48 33 39 21 17 35 31
46 38 29 28 55 61 19 26 45 35 41 49 33 66 31 41 32 41 63 55
7 5 7 5 12 18 4 5 11 8 15 14 7 16 8 11 7 3 18 14
6 3 11 8 22 18 9 12 14 18 25 12 9 11 13 13 7 7 15 13
20 21 41 28 34 34 26 24 27 35 34 13 26 44 37 23 9 17 37 29
18 17 26 16 40 36 5 20 31 31 37 20 15 35 27 33 11 25 41 32
24 29 18 15 36 39 8 18 38 15 31 24 16 45 19 29 11 20 53 40
18 9 13 8 28 31 14 13 24 19 28 18 13 28 21 17 7 10 28 22
6 1 8 7 5 2 1 1 7 5 10 1 5 11 7 4 1 4 7 4
19 11 9 5 25 15 6 7 7 12 13 11 19 21 12 6 2 15 22 24
25 24 14 13 44 50 19 29 39 36 42 33 22 37 23 26 26 14 47 39
11 14 19 3 40 47 14 15 29 31 38 19 18 33 24 20 18 8 42 21
16 12 17 18 21 18 8 15 26 15 28 11 11 23 17 21 12 4 24 19
14 7 7 8 20 17 5 4 17 7 21 12 6 28 6 12 10 7 23 21
38 44 55 42 60 64 43 49 58 44 55 25 48 65 55 36 23 22 67 53
50 41 40 38 61 55 34 30 49 28 41 33 49 60 39 25 16 28 59 64
11 6 2 5 15 20 4 7 7 10 13 18 1 24 2 14 8 3 18 14
15 13 14 11 14 20 10 12 20 13 21 15 14 21 15 8 8 4 22 18
9 5 2 2 7 8 1 5 7 4 5 3 7 8 4 3 1 1 8 8
10 22 38 18 41 41 19 33 29 43 36 17 25 32 41 36 12 31 37 25
12 1 11 9 11 11 1 3 8 9 4 3 7 16 8 11 1 5 12 10
4 14 21 13 10 23 15 10 14 16 21 21 19 21 24 17 4 10 24 18
42 22 30 29 40 33 15 22 31 18 18 15 29 42 21 11 7 12 40 41
29 7 16 19 31 24 5 5 20 20 14 12 7 40 8 18 10 20 30 25
26 15 17 6 46 41 10 18 22 27 34 28 24 42 25 24 14 26 45 28
61 49 34 23 75 76 32 31 65 38 53 52 34 77 25 45 40 27 83 74
8 1 9 7 16 15 1 1 13 11 17 5 4 13 13 9 3 7 17 10
33 25 29 16 52 44 30 16 40 43 50 34 37 42 35 22 34 30 46 41
22 25 38 26 40 51 37 29 40 39 49 36 29 53 44 38 24 20 47 37
37 14 26 14 47 51 25 21 30 33 30 28 15 53 26 31 25 13 44 37
16 19 10 10 31 37 11 8 28 14 34 23 15 41 14 15 10 12 44 33
40 33 30 26 54 44 11 23 36 28 32 24 41 52 28 37 23 37 51 53
31 29 23 8 52 51 21 29 44 37 46 30 29 40 25 23 27 18 55 43
17 4 14 14 22 19 1 1 14 12 10 5 5 25 4 17 9 11 20 23
5 3 4 4 8 7 2 6 7 10 13 9 2 6 6 8 2 3 10 3
5 4 13 4 12 23 4 7 15 11 16 10 8 21 15 11 2 1 24 9
19 37 19 20 33 49 20 25 41 17 31 36 27 35 26 28 16 17 52 45
9 1 4 6 16 17 4 4 13 8 16 7 5 13 9 8 6 4 17 10
27 12 14 11 27 36 14 12 25 20 22 27 9 42 14 26 15 10 32 26
14 8 6 7 18 17 4 8 17 10 20 12 7 17 6 13 9 1 17 12
21 12 22 14 30 33 3 12 26 18 18 5 16 27 18 15 3 8 31 27
17 17 23 14 36 33 10 16 31 25 38 20 16 32 24 32 11 21 38 29
7 4 8 6 20 20 1 6 17 10 20 8 1 21 10 13 1 11 25 12
13 9 14 12 25 21 7 15 19 15 22 8 17 13 13 16 7 7 22 21
10 12 15 12 12 14 1 7 20 5 16 6 11 18 11 9 6 2 22 19
14 10 7 5 20 23 3 15 14 14 15 17 12 18 9 13 5 13 26 20
50 32 50 29 73 71 30 33 62 56 56 32 27 64 40 56 35 26 69 53
27 39 32 30 37 45 22 27 46 24 46 41 23 50 31 42 31 23 55 46
18 37 25 21 35 50 27 20 42 29 48 45 20 38 28 43 26 20 48 41
6 1 12 8 11 9 4 6 8 13 13 4 11 8 13 7 1 4 8 8
41 43 55 44 56 64 21 29 62 29 38 25 32 67 46 41 24 22 72 61
32 24 22 21 56 46 3 16 43 34 43 26 15 47 17 39 19 31 56 46
8 9 19 3 19 28 14 11 13 17 15 13 15 23 23 7 2 5 27 10
25 36 37 32 46 46 14 5 46 21 47 29 23 64 35 41 19 32 61 59
18 1 8 3 19 20 9 14 13 14 12 12 9 20 12 9 7 3 17 7
21 7 15 20 20 19 6 8 22 15 19 11 6 27 7 16 8 7 25 20
3 18 30 23 22 26 13 16 28 17 34 17 18 21 31 22 10 12 35 27
22 19 25 11 38 48 24 32 31 30 33 27 26 32 29 21 9 6 43 28
3 1 5 1 5 9 1 3 1 5 2 4 4 6 6 1 1 1 6 1
39 45 53 31 64 64 36 38 61 51 63 39 33 67 43 58 37 35 62 58
17 26 16 18 29 39 15 19 38 21 41 34 11 40 25 31 21 16 45 35
13 5 1 4 15 17 6 8 13 8 14 11 7 16 4 8 8 3 14 14
36 28 34 33 37 44 16 11 43 31 36 29 12 53 24 45 29 18 48 41
7 9 19 12 10 21 9 8 17 12 18 11 13 24 22 12 3 5 24 14
32 45 64 45 54 54 31 48 56 52 55 28 35 58 63 51 27 41 62 46
23 21 17 12 37 29 1 12 30 15 27 15 16 36 18 14 6 23 44 35
37 17 25 12 47 48 20 20 41 35 39 30 1 48 22 43 28 11 45 32
39 58 37 21 60 68 34 27 60 35 54 56 38 66 34 51 31 41 81 70
16 6 20 21 23 24 8 9 22 19 32 16 2 35 19 25 13 5 27 22
24 34 25 19 45 45 12 35 41 25 28 29 21 34 28 25 10 27 53 42
20 35 47 31 40 51 31 20 45 32 49 26 32 55 50 39 20 20 53 39
4 4 8 1 13 19 5 3 7 5 10 7 10 15 12 3 1 5 21 17
22 7 14 11 27 24 11 12 20 22 28 19 10 33 19 18 10 16 27 14
27 3 6 6 26 25 8 11 17 15 13 12 5 29 8 14 8 4 21 19
1 1 1 1 7 9 1 1 2 1 4 2 1 7 1 1 1 1 10 9
35 20 27 21 36 46 20 26 37 30 28 30 21 46 22 29 18 11 42 35
2 1 1 1 10 10 1 4 5 4 7 6 1 5 5 6 1 4 14 6
26 15 14 4 33 30 7 14 13 18 15 18 25 35 17 11 5 21 37 20
12 8 7 10 17 17 1 5 19 6 17 6 10 16 6 12 9 1 19 20
44 36 31 14 58 58 29 10 47 37 42 37 32 58 18 28 39 23 59 59
2 1 4 3 6 6 1 1 5 2 7 1 3 6 4 1 1 1 6 4
38 39 43 28 53 67 39 19 56 43 52 38 45 66 40 27 34 23 64 57
29 37 27 14 53 68 34 37 52 39 56 51 21 46 40 44 32 14 63 49
20 24 27 26 35 37 15 17 37 15 30 8 31 36 25 18 9 12 41 45
26 29 33 29 56 55 37 32 45 41 55 34 30 51 41 45 37 32 48 47
27 35 21 13 42 45 18 10 35 21 43 42 22 47 18 31 20 22 56 48
11 9 24 15 17 12 9 15 17 18 20 2 18 17 23 11 1 5 20 12
23 51 51 37 64 74 30 45 62 45 56 34 44 58 53 49 24 37 76 69
14 11 4 10 16 12 1 14 17 13 17 13 8 12 7 11 4 10 20 15
46 43 41 15 74 70 32 45 46 54 55 45 45 66 54 42 25 50 73 50
3 7 9 11 11 11 1 3 16 5 20 7 1 15 10 13 7 1 20 14
25 21 21 9 35 35 9 18 18 23 20 26 15 45 21 21 13 28 38 28
48 24 39 23 54 51 31 38 36 35 30 26 33 52 40 23 15 13 51 38
13 15 13 5 23 30 5 15 22 12 15 14 13 19 12 15 1 10 33 21
18 24 29 15 40 41 16 26 28 36 37 27 22 42 34 34 12 32 40 34
35 23 24 18 44 40 28 30 35 26 32 24 24 38 30 23 15 13 38 38
13 5 5 4 12 17 9 8 13 9 13 13 7 15 7 5 7 1 13 9
17 27 12 17 34 33 5 20 37 15 32 22 16 25 15 29 17 17 47 38
17 18 19 21 33 37 6 5 36 24 30 16 9 40 13 24 17 16 44 37
10 25 17 5 25 41 18 5 32 16 28 22 30 28 21 7 15 10 40 35
20 19 16 9 32 29 6 17 22 17 18 14 16 26 20 16 1 17 38 27
41 40 20 15 59 62 27 31 48 30 42 40 36 57 23 28 29 19 65 58
14 15 25 15 25 40 26 13 25 25 34 29 20 40 31 22 17 11 33 25
33 33 38 24 48 63 32 33 51 27 46 37 32 53 43 30 17 10 59 42
18 31 36 28 54 59 38 29 49 46 58 31 39 52 44 34 37 28 50 46
25 42 34 26 59 71 36 36 61 42 65 46 33 46 40 49 33 24 65 56
25 13 18 22 28 19 3 12 25 12 19 7 15 30 11 20 4 10 32 30
13 17 17 25 29 28 3 13 31 22 32 19 1 33 19 33 15 19 37 28
39 35 35 22 55 55 33 17 53 43 59 42 20 67 36 35 43 18 59 55
11 16 32 17 34 36 14 27 27 37 37 19 16 30 33 31 7 20 35 17
35 46 32 27 51 57 29 21 55 26 41 34 46 57 31 20 19 28 70 63
26 25 11 11 23 25 8 4 20 1 13 20 29 36 11 1 3 15 38 35
29 24 23 6 46 46 18 28 35 36 41 37 4 51 31 39 24 18 48 34
1 9 8 4 15 22 4 10 15 12 14 14 1 15 10 17 1 12 24 12
24 43 48 21 51 64 31 30 53 33 51 31 25 59 47 35 24 26 70 48
20 20 22 4 38 50 22 24 29 29 32 27 18 43 26 21 10 14 45 21
39 49 52 26 70 74 35 43 72 49 64 38 34 68 54 44 45 22 76 58
27 33 36 18 52 53 20 34 40 42 41 27 27 49 38 41 13 31 53 40
12 6 4 4 21 20 1 4 12 7 14 7 11 21 7 9 7 9 27 20
31 14 16 6 34 38 19 23 18 20 15 19 24 39 18 12 12 7 35 25
22 25 32 23 37 23 14 21 27 22 27 3 35 33 30 19 8 21 40 35
7 2 11 4 13 14 1 5 7 11 9 5 4 14 11 8 1 5 15 5
4 1 3 1 6 2 1 1 3 5 8 1 2 1 4 1 1 1 6 3
29 4 23 22 33 29 12 16 29 33 27 17 8 32 21 30 14 15 28 19
14 23 27 25 34 33 16 29 35 22 29 10 28 19 27 21 7 16 37 32
20 3 15 13 15 15 5 5 10 18 11 10 7 25 10 10 4 8 14 16
