1000 20 10 2586
2 0 0 7 10 18 14 7 4 27
3 3 5 9 2 4 2 0 8 7
2 7 9 0 3 6 2 8 0 7
12 18 7 2 12 0 8 5 15 2
2 4 4 9 1 6 4 4 6 22
12 0 2 2 4 0 3 10 8 9
11 2 3 1 6 0 15 17 0 3
4 5 7 9 8 5 6 5 7 1
1 16 8 11 19 6 13 12 7 15
18 6 5 4 0 3 2 3 5 6
14 3 11 2 18 5 2 7 14 2
1 8 16 2 0 0 8 0 7 4
2 1 8 10 3 2 13 0 5 4
6 2 9 4 3 4 2 3 13 1
3 5 4 2 5 3 8 8 7 1
7 11 1 1 2 5 4 0 5 5
2 19 2 2 8 3 25 10 9 15
3 13 0 5 12 3 1 0 6 12
12 1 0 2 1 0 2 1 12 3
3 1 1 3 11 5 8 0 3 2
3 7 4 3 5 0 6 6 10 4
1 3 5 1 1 7 0 8 1 0
11 1 14 8 2 11 7 8 3 2
6 16 1 14 1 0 4 3 5 8
7 8 11 5 3 5 7 12 27 1
3 9 7 14 3 17 7 5 5 14
12 4 27 8 12 6 16 7 12 3
5 6 2 1 5 6 11 17 4 11
10 5 5 13 16 22 8 19 3 4
4 1 3 2 2 10 4 9 3 0
0 1 5 5 4 3 8 6 4 4
26 2 19 3 5 12 8 13 9 5
16 12 2 4 16 0 1 11 16 8
2 6 7 21 13 12 10 7 2 7
4 15 11 7 13 21 12 13 7 5
19 9 7 5 9 3 4 3 8 6
5 6 0 4 9 8 1 2 12 4
1 4 5 4 4 4 1 10 5 7
5 1 3 9 18 4 7 10 17 9
1 4 1 2 1 4 6 4 1 5
0 5 1 1 2 6 10 1 2 1
2 14 8 9 2 1 14 4 13 2
13 5 10 2 5 16 4 9 9 9
3 1 15 12 2 1 22 0 5 8
6 6 1 9 6 18 5 4 20 21
9 1 8 1 1 9 10 4 9 25
16 2 6 1 1 11 2 5 5 7
3 9 8 12 4 24 16 3 15 11
18 4 6 1 16 13 17 9 6 3
2 12 7 4 7 7 15 7 3 6
16 5 2 1 8 10 1 5 12 7
1 22 9 1 7 10 5 20 13 10
14 10 0 17 10 4 15 2 3 11
2 7 12 11 6 9 7 10 2 4
15 13 3 1 2 6 3 5 3 3
6 6 10 3 0 10 12 8 12 18
2 9 2 1 3 3 8 3 2 5
15 16 9 6 6 5 4 13 12 18
6 6 2 6 3 20 7 1 18 3
5 6 8 2 0 2 2 2 15 3
8 18 6 18 13 8 12 3 5 12
1 0 2 2 3 2 6 1 4 6
3 2 6 15 2 9 3 2 4 11
3 0 4 6 9 9 7 1 2 0
13 4 7 12 1 8 12 3 3 1
2 2 1 9 2 2 3 9 1 7
3 11 5 6 4 2 13 5 6 14
11 10 8 8 4 3 7 3 15 1
7 11 8 5 1 3 8 4 5 8
14 0 13 16 0 9 21 11 7 3
0 15 0 0 1 3 2 10 4 4
4 14 3 4 17 5 26 4 11 9
2 0 11 23 15 15 9 18 5 0
4 8 10 14 10 12 6 13 15 0
11 13 11 9 15 19 3 18 8 11
3 13 22 3 6 13 1 12 11 15
2 9 2 5 9 1 14 10 1 0
11 15 7 1 4 1 13 18 11 21
9 16 16 1 9 9 11 6 11 5
5 16 8 7 2 11 1 6 1 5
2 10 15 20 4 9 12 16 2 3
11 9 4 6 11 2 11 16 16 1
3 10 6 4 2 9 12 8 3 8
16 12 7 8 3 6 4 17 4 6
5 1 3 11 22 12 19 15 13 4
2 5 5 2 3 5 11 4 3 4
17 12 14 13 14 17 7 4 11 2
1 5 4 3 4 0 5 1 0 7
7 9 8 4 4 3 4 0 5 1
5 15 6 4 6 21 9 10 10 14
8 4 6 4 3 3 2 2 2 8
4 3 2 6 0 0 1 0 10 6
4 16 7 5 0 3 7 2 3 1
0 3 10 2 1 1 6 12 5 0
0 6 1 0 3 2 2 1 8 2
9 12 3 7 6 1 1 8 1 5
14 1 4 7 2 12 20 4 4 6
2 7 1 2 5 9 11 18 5 5
8 6 1 4 5 3 1 1 5 2
9 3 17 3 11 0 10 11 2 3
6 15 9 1 15 5 0 8 12 6
14 10 0 17 0 0 3 24 7 9
3 5 1 1 3 7 4 0 5 1
1 4 2 2 0 4 4 9 6 7
14 2 1 7 10 8 14 19 3 11
0 5 3 3 4 26 5 9 6 7
6 3 4 0 5 1 3 14 6 8
9 11 8 15 7 2 0 19 7 13
7 0 1 4 1 5 0 7 8 1
11 1 2 1 1 3 8 8 4 10
1 6 13 1 1 6 3 5 2 6
1 2 1 3 7 10 1 5 0 10
2 1 12 4 1 10 0 4 5 10
3 11 5 17 13 10 5 2 3 1
12 7 4 6 19 11 10 4 9 16
3 0 3 7 5 2 5 2 4 6
2 6 6 4 8 2 1 4 12 16
11 15 4 17 2 3 7 4 3 0
0 2 9 17 8 6 0 13 4 10
3 1 4 1 6 9 4 7 1 4
11 3 9 4 9 9 9 1 6 1
8 9 2 12 10 2 5 17 4 16
2 4 1 3 4 1 4 14 4 6
9 5 3 3 0 9 4 4 0 3
0 2 2 5 1 4 3 1 6 3
6 6 19 11 16 1 10 23 3 4
3 1 4 8 1 15 0 7 8 2
4 2 4 9 8 2 9 1 9 5
9 0 16 4 11 4 18 1 7 15
3 2 3 10 0 8 5 3 10 3
2 2 5 1 0 2 2 6 5 1
20 1 8 4 18 5 1 2 1 13
0 1 4 32 17 1 8 4 4 12
7 12 2 8 3 0 1 5 4 1
20 11 1 4 7 2 8 6 10 5
10 1 10 5 10 8 2 7 8 19
3 19 2 11 2 0 17 10 3 9
2 0 2 5 3 5 6 5 1 1
4 1 1 3 5 1 9 12 8 9
4 8 6 3 5 9 0 9 1 0
12 9 18 4 6 11 6 22 15 5
5 0 12 7 7 4 5 8 1 7
5 3 4 3 2 1 7 4 2 5
1 3 1 11 5 10 2 16 11 3
8 2 8 6 12 7 4 17 6 3
1 6 8 22 0 7 5 4 14 25
4 5 1 14 11 17 15 18 4 4
4 3 14 5 6 5 10 8 4 2
6 7 1 5 1 7 3 4 0 0
2 4 1 1 2 0 4 5 4 4
20 8 7 13 12 1 7 3 18 4
9 17 23 13 4 6 7 17 3 8
10 5 0 10 5 16 10 0 6 2
10 4 0 4 18 0 5 4 12 8
14 11 9 16 8 6 3 0 2 3
16 2 3 5 0 6 5 7 1 15
6 2 0 4 2 7 7 23 3 2
19 1 19 3 24 10 7 3 6 5
2 3 4 9 3 3 1 7 9 3
1 8 3 2 5 10 4 10 4 9
13 2 1 4 4 19 7 4 2 7
8 22 5 2 2 11 8 7 3 3
5 13 4 3 3 4 4 4 5 1
6 1 7 10 8 2 5 12 6 0
5 11 18 13 2 11 22 3 9 0
8 6 2 11 15 18 13 9 9 11
4 3 5 1 7 3 1 1 2 2
6 9 5 3 4 7 13 5 6 0
15 1 10 3 18 9 18 9 21 0
6 3 5 30 1 13 11 1 10 11
2 1 1 5 4 1 3 6 3 1
4 9 5 9 2 8 9 1 7 1
12 14 15 9 6 25 4 2 3 5
2 4 10 3 6 1 9 2 3 0
1 5 5 13 1 8 6 0 0 1
5 3 7 2 10 9 8 5 11 3
3 7 1 7 1 8 7 1 1 9
5 3 3 7 16 0 7 0 7 1
4 6 2 6 0 12 1 7 5 6
4 3 0 4 5 6 4 1 4 10
1 2 9 4 7 22 9 9 6 16
14 8 1 2 9 3 7 11 5 13
6 9 8 26 7 21 1 9 4 8
9 10 7 17 14 17 8 14 5 6
10 6 6 2 2 13 2 2 2 1
0 0 0 5 7 4 3 4 5 2
8 2 5 2 2 1 1 9 5 7
16 5 6 14 7 2 4 25 1 7
1 3 10 5 1 7 10 2 5 4
4 2 9 2 4 7 10 19 2 9
12 15 12 2 1 8 8 3 3 1
14 0 14 11 15 12 1 18 8 0
3 3 15 4 14 14 6 1 1 14
2 0 6 7 1 1 5 4 7 8
4 1 10 6 13 1 15 9 3 0
5 3 9 1 3 10 8 1 2 1
2 10 22 4 4 12 12 4 7 3
4 9 1 1 1 14 8 7 9 1
7 10 11 6 5 21 15 9 12 10
17 5 13 12 12 3 14 11 12 15
14 14 17 3 15 3 13 14 6 8
1 5 7 5 1 9 1 9 5 3
10 6 3 3 2 7 3 4 5 5
3 1 7 1 2 7 2 1 0 2
2 3 3 0 3 6 4 4 4 1
1 8 1 7 11 0 0 13 8 6
4 1 7 2 19 3 2 6 1 9
4 6 3 3 3 0 1 3 3 3
1 6 15 5 3 1 11 11 3 10
4 3 7 1 5 4 4 4 3 2
0 1 1 8 0 15 15 7 14 0
2 4 10 2 2 1 9 13 4 5
3 8 6 12 11 1 0 4 21 0
3 18 21 6 5 2 9 0 10 5
4 5 2 4 2 1 3 5 3 8
7 1 9 4 23 5 27 2 9 4
1 5 7 1 5 3 0 7 3 2
16 7 8 12 4 6 14 0 3 5
10 2 3 4 22 12 17 0 5 3
1 2 1 7 1 3 12 4 4 2
3 8 2 1 3 12 7 14 12 21
4 2 2 7 6 5 12 1 6 5
4 12 9 7 25 11 4 5 3 8
6 5 7 9 9 6 15 26 2 19
4 1 5 5 2 8 1 3 2 4
1 27 4 13 3 4 1 7 10 12
6 2 2 7 3 2 8 0 11 5
0 5 12 3 1 15 0 4 4 3
0 1 10 2 5 3 5 6 6 2
2 1 5 1 3 19 4 11 14 1
0 2 1 13 1 12 0 6 4 6
0 5 8 16 3 0 5 9 7 6
6 2 1 6 2 12 3 2 2 17
4 6 7 4 8 1 2 4 1 1
8 1 16 11 10 1 18 13 16 3
13 1 14 6 3 14 17 10 12 12
5 0 16 6 14 25 3 2 15 4
5 6 5 2 4 4 1 4 23 0
9 8 6 3 17 9 7 15 3 10
2 1 7 4 4 1 5 3 11 3
3 2 3 10 3 1 1 6 5 1
9 4 5 9 4 5 8 2 8 3
2 6 3 3 5 4 3 1 2 1
1 3 4 4 8 2 0 9 2 0
8 4 3 2 1 11 2 3 5 7
15 0 9 3 7 13 20 3 10 9
1 12 2 14 2 2 10 2 12 1
15 13 18 1 22 4 10 8 2 8
16 16 14 0 1 16 2 13 0 3
1 15 8 3 12 13 11 13 5 2
4 11 15 8 14 4 11 6 10 5
9 4 13 4 5 7 14 12 16 11
4 3 17 17 9 10 1 7 6 12
5 0 2 3 4 11 1 5 2 5
10 17 19 8 14 12 5 6 16 10
11 0 14 2 3 10 1 3 9 0
7 4 10 12 7 9 3 15 4 11
2 4 0 4 1 10 0 2 7 3
7 21 2 8 7 8 8 6 3 18
6 4 10 5 5 5 10 7 3 3
4 8 11 0 5 15 4 4 24 1
1 2 0 5 1 2 2 4 6 8
15 8 13 14 6 4 17 3 14 12
3 8 1 6 6 3 4 13 6 2
7 10 15 1 3 4 5 18 9 6
4 21 12 13 2 3 2 7 6 6
13 9 1 7 1 1 10 2 14 5
1 5 9 1 6 2 1 3 0 6
4 5 5 2 2 0 1 4 4 4
6 1 10 2 1 6 2 23 7 3
4 0 2 0 7 2 6 4 5 6
4 0 1 8 1 3 5 5 1 5
0 1 7 5 2 7 6 5 1 6
2 5 2 5 1 2 6 3 7 1
7 5 2 3 2 2 6 5 3 1
6 1 2 11 8 6 7 4 13 5
7 0 2 13 6 6 6 3 10 2
9 2 2 2 18 2 1 4 6 0
25 2 6 6 4 12 1 4 5 3
17 18 11 14 12 7 14 7 2 1
15 2 5 7 18 2 11 9 3 19
5 3 2 7 1 2 5 2 6 0
10 5 14 19 14 15 0 15 3 13
1 2 0 4 3 6 12 4 2 4
8 11 14 10 5 4 10 12 10 12
1 9 4 7 1 2 2 7 3 5
3 1 5 10 5 14 2 1 13 6
6 9 1 7 7 12 2 5 2 7
1 11 20 15 10 2 6 4 7 9
9 0 3 15 13 17 2 3 4 2
4 1 1 5 8 2 3 0 6 2
21 6 5 4 4 12 5 11 13 10
8 1 4 1 9 7 3 3 0 3
3 15 1 10 5 7 4 7 4 27
5 6 2 1 3 0 20 9 4 13
4 1 5 2 13 5 2 18 25 9
3 4 4 3 3 1 1 3 4 6
0 3 3 7 7 7 3 1 2 3
8 13 6 9 0 4 22 13 1 12
0 30 1 5 15 6 5 2 1 13
7 6 20 6 9 13 12 6 2 12
0 5 1 2 5 4 5 1 7 8
8 17 2 8 3 1 6 3 6 1
2 8 1 3 15 1 21 7 9 0
3 2 6 4 4 1 8 9 4 3
4 3 14 2 14 8 11 13 5 5
3 1 2 2 8 1 1 0 4 2
0 11 7 2 1 11 2 7 7 16
1 5 1 9 6 4 7 3 1 3
23 1 5 12 7 5 1 5 14 0
5 1 15 3 10 6 9 8 17 10
6 13 2 8 1 5 7 8 1 1
13 4 4 10 2 0 7 1 2 1
6 1 7 0 1 5 1 2 7 1
9 1 0 13 15 2 1 12 2 12
0 3 7 9 10 6 16 15 9 2
13 0 8 13 9 8 4 12 11 7
3 16 4 11 2 9 3 9 3 6
0 21 1 6 1 1 22 14 8 18
27 6 12 9 5 6 9 1 15 8
1 4 4 24 12 14 3 2 3 8
3 17 5 1 11 3 8 9 7 3
2 2 1 4 6 2 6 5 13 15
4 1 3 4 5 4 7 0 1 27
10 7 3 2 8 3 12 3 10 8
5 12 2 7 16 18 16 14 4 3
6 14 3 7 1 3 8 7 5 5
17 14 5 1 9 11 20 12 7 4
10 9 8 6 12 7 27 6 9 13
0 5 4 1 1 6 1 7 6 4
9 3 7 3 14 10 7 5 0 13
9 15 11 0 10 2 2 6 17 15
19 6 7 17 1 2 9 2 22 13
9 3 6 4 3 1 4 6 10 1
21 2 18 13 12 14 11 2 5 4
6 6 9 1 7 6 2 9 3 1
11 13 3 2 15 2 15 13 1 6
10 5 5 5 9 19 19 5 22 8
8 6 3 1 6 1 9 3 2 1
1 4 0 7 6 3 9 13 2 6
19 2 14 8 2 1 1 12 18 20
8 3 3 4 10 11 12 8 3 9
1 3 6 1 2 13 3 2 6 5
15 17 15 7 16 3 9 13 15 6
3 8 4 5 5 5 6 5 4 6
2 4 4 1 2 1 1 4 5 5
15 0 21 6 8 22 13 5 7 4
9 2 2 5 1 6 3 4 0 3
10 10 7 6 4 19 7 15 21 6
17 9 15 5 5 1 1 14 7 1
3 11 6 3 11 9 10 5 10 7
4 6 6 11 6 4 15 4 4 3
4 16 4 7 2 4 16 1 3 11
1 8 13 6 3 1 2 16 8 14
6 1 4 6 5 2 8 1 2 5
1 2 7 1 1 9 0 11 1 7
0 4 5 1 7 2 4 1 4 5
7 6 3 4 9 0 1 1 3 4
10 0 6 14 8 3 13 2 8 7
6 3 6 2 6 6 4 14 0 3
1 8 1 6 1 11 6 4 4 2
3 3 4 1 1 7 0 6 9 4
4 17 1 2 1 1 24 7 7 4
1 11 14 12 12 12 7 18 6 4
2 6 7 17 14 14 6 5 2 5
4 3 6 6 3 1 3 9 4 1
2 0 4 2 7 7 3 1 1 7
4 9 2 5 8 5 2 12 4 11
7 6 4 3 14 7 16 6 8 0
10 14 7 3 7 6 15 7 5 3
6 14 0 3 0 3 2 1 4 15
4 2 5 14 3 6 6 1 0 2
1 4 11 11 14 8 6 13 1 9
1 3 2 4 6 9 8 3 1 7
8 1 7 16 11 5 19 10 13 4
0 12 14 8 2 14 8 3 4 19
8 8 14 3 4 6 1 2 4 18
18 0 1 9 14 6 5 12 20 2
3 8 8 14 5 10 13 17 10 22
22 3 6 8 1 1 2 7 16 20
15 8 13 12 11 14 5 6 6 2
10 1 2 13 3 0 9 2 3 9
13 8 9 8 19 3 19 1 1 2
1 7 17 8 4 0 4 8 6 2
0 1 10 3 6 13 2 4 0 16
2 1 3 0 4 9 1 19 1 15
4 1 11 8 7 2 10 4 8 3
6 2 2 5 15 8 10 5 17 21
4 2 29 8 1 7 13 9 3 3
12 11 5 7 11 18 9 3 10 6
5 15 4 8 8 19 12 10 15 4
4 1 9 5 2 6 8 1 3 14
4 2 5 5 7 3 10 13 14 4
4 2 0 4 4 4 6 2 2 4
0 2 6 5 5 5 2 7 3 2
7 6 2 4 3 2 1 0 3 7
0 6 0 1 10 18 0 3 8 9
1 3 1 3 0 3 2 5 8 2
1 2 9 5 2 15 9 5 10 7
8 2 0 6 0 4 0 3 4 1
2 9 12 6 2 5 3 1 1 1
4 11 3 10 10 14 4 18 9 0
5 5 2 4 14 4 6 1 6 2
4 4 4 2 8 0 4 2 2 1
24 5 8 7 1 2 2 1 14 6
0 8 0 12 6 1 7 1 11 17
8 11 4 3 5 10 4 1 10 15
3 2 1 4 0 3 9 9 1 4
1 7 9 17 1 1 9 0 4 4
5 11 5 10 13 10 4 16 5 9
3 6 10 1 7 7 6 7 2 4
10 4 2 6 10 15 9 3 11 9
1 5 1 14 12 8 2 9 1 14
1 4 5 3 2 1 1 1 7 2
7 11 9 4 5 4 0 2 3 13
3 7 7 1 4 5 4 0 5 5
1 7 9 5 1 4 1 1 13 1
1 1 9 2 13 4 2 8 10 0
14 2 2 1 11 3 4 1 6 3
4 4 16 23 17 1 0 1 16 4
15 13 1 6 3 0 8 2 16 3
0 1 2 2 1 1 6 11 5 6
7 2 10 8 24 14 3 7 3 3
18 2 6 7 5 13 14 2 9 3
10 14 14 4 2 7 12 10 11 11
4 0 4 2 8 7 6 4 0 4
4 4 3 3 0 1 3 4 8 5
2 7 8 17 11 5 1 1 3 1
0 3 1 2 9 6 1 7 2 5
16 3 2 8 7 2 4 5 9 6
1 4 5 1 5 2 1 7 1 10
8 4 1 8 4 14 5 5 3 6
1 5 18 2 1 10 4 4 10 7
8 1 7 7 5 5 3 3 5 11
6 3 6 4 2 2 2 5 3 8
6 0 2 3 3 6 7 3 3 6
4 3 6 2 6 5 7 4 1 1
2 1 6 2 6 1 1 6 10 6
5 14 4 3 7 2 6 1 13 3
2 24 2 8 6 4 4 3 5 18
5 1 10 18 10 7 2 5 4 3
6 11 6 12 2 1 19 7 10 15
5 3 5 4 12 4 0 6 2 2
2 1 9 3 0 0 3 6 4 5
8 1 14 6 7 2 3 5 0 19
9 8 4 7 8 2 14 12 1 7
3 7 19 10 7 11 8 17 7 4
17 17 5 8 8 1 15 9 13 18
2 1 1 2 1 9 8 3 0 6
6 12 0 1 3 2 3 3 5 1
5 1 11 13 7 12 14 16 11 12
13 8 2 12 3 4 3 1 5 0
24 12 9 2 13 1 10 14 4 5
6 1 4 23 1 7 14 9 25 4
2 0 5 8 5 6 3 3 4 4
5 1 13 6 1 10 0 2 7 9
3 0 21 14 19 9 7 7 3 10
5 2 9 6 0 1 4 5 3 2
13 3 18 0 2 7 9 10 13 1
6 1 4 1 1 5 2 4 4 4
9 11 4 14 10 0 12 3 12 5
3 1 9 4 17 11 0 1 2 0
1 2 4 11 11 11 5 1 8 12
7 10 16 8 16 18 4 4 5 19
3 14 6 1 9 10 8 14 1 16
5 7 20 10 9 0 14 0 4 16
2 6 7 10 9 4 7 17 4 5
3 1 3 6 2 3 3 5 2 2
5 6 3 6 4 15 6 5 8 0
23 9 2 2 3 5 14 1 4 2
15 3 11 13 13 7 16 8 10 11
8 18 6 4 9 0 11 13 5 7
8 3 16 17 5 2 3 10 12 4
1 9 2 0 1 1 10 7 3 3
7 8 2 6 16 8 20 5 7 7
2 8 4 2 4 8 0 1 5 0
18 7 10 14 8 3 3 1 17 13
1 5 1 3 2 6 2 4 11 2
5 14 0 17 13 3 12 7 1 14
20 4 2 10 6 10 15 12 4 15
5 6 8 1 8 1 6 1 7 1
7 15 0 14 7 19 11 10 2 7
10 2 0 5 2 4 0 4 2 3
8 4 12 7 10 21 10 2 5 3
1 7 5 2 16 14 16 14 5 5
13 1 9 6 11 4 3 4 14 0
17 10 8 13 0 10 10 5 14 12
0 1 2 5 0 11 7 1 3 4
1 5 2 4 3 5 4 1 4 6
6 20 2 20 5 13 7 9 1 16
11 1 8 3 12 5 1 1 6 10
1 7 4 6 4 1 2 2 12 3
6 3 5 1 10 9 9 12 7 5
6 7 15 22 4 8 7 15 12 2
1 9 4 4 1 2 3 0 1 3
13 10 6 12 0 9 7 17 10 23
19 0 20 1 7 9 7 1 1 8
15 1 4 4 2 11 8 1 8 1
8 6 1 6 5 6 10 2 9 2
7 7 15 1 6 15 6 4 3 2
3 10 1 5 6 4 6 6 3 0
1 6 4 1 2 1 6 6 3 1
2 6 1 0 3 5 9 9 10 7
2 5 14 1 0 4 1 7 2 1
4 10 12 5 1 11 1 2 1 19
0 6 6 4 10 7 0 0 3 2
6 3 4 1 1 0 3 0 5 8
2 10 1 22 17 18 6 4 17 1
3 6 1 8 10 8 2 14 10 5
0 5 6 2 1 0 3 8 4 3
5 2 6 5 8 4 2 2 4 0
5 5 5 3 5 3 10 13 11 13
0 4 16 2 5 8 10 4 4 8
16 8 8 3 0 4 2 21 5 18
1 8 13 4 8 10 29 7 2 11
14 3 3 14 8 5 16 11 8 25
1 9 5 8 10 6 4 14 0 6
1 2 7 0 1 3 4 2 5 1
1 1 4 3 1 6 5 12 0 6
10 8 8 14 24 5 3 6 3 3
10 0 2 11 4 2 1 14 3 7
2 0 3 5 4 7 3 2 5 9
3 3 2 4 9 2 1 3 3 8
2 2 5 1 6 0 5 3 1 5
4 3 0 8 2 8 13 2 20 11
3 4 10 0 10 16 10 1 24 14
4 16 4 9 6 5 6 0 0 5
0 3 0 4 2 7 5 4 7 7
6 0 17 9 7 8 10 3 6 15
7 4 6 2 1 3 2 3 5 1
2 2 2 2 7 3 5 7 1 3
12 0 2 14 13 12 13 7 10 5
5 5 2 4 5 1 1 5 1 13
20 5 0 8 14 11 4 14 0 5
11 1 6 5 19 2 11 2 4 10
6 0 4 5 10 1 5 4 2 0
5 2 2 18 5 9 14 9 1 5
1 6 4 5 6 3 1 1 4 9
1 3 3 2 4 0 2 4 10 5
6 4 8 8 20 6 13 16 10 21
7 1 7 18 17 12 7 2 10 2
21 10 1 2 4 13 3 4 9 2
0 0 1 12 4 1 1 1 6 9
8 20 7 3 14 7 1 15 13 12
3 0 8 8 4 5 4 3 6 3
17 14 5 7 8 17 3 14 15 10
15 1 10 4 16 5 10 18 1 3
13 0 23 3 6 11 6 12 4 3
9 7 9 2 1 10 10 19 8 1
3 15 4 5 3 3 0 5 0 3
22 3 15 10 6 5 4 17 12 9
1 10 4 10 1 4 4 1 0 5
20 8 4 4 9 7 22 12 16 6
4 6 15 4 11 11 15 4 13 3
2 4 4 0 0 1 4 2 6 5
5 16 21 17 7 2 1 1 15 15
1 13 17 17 4 6 23 2 5 11
13 10 0 10 2 3 3 12 10 14
1 1 3 8 2 3 12 5 4 0
7 0 3 6 6 10 7 4 5 9
11 5 15 4 1 4 20 9 12 9
4 3 5 11 2 2 1 1 9 9
1 5 4 11 10 6 1 14 5 15
4 3 6 6 2 11 13 0 2 1
5 1 3 7 6 1 8 3 2 1
8 5 4 2 3 1 1 4 2 1
15 8 7 8 2 9 19 2 7 21
7 12 4 3 12 8 5 1 2 15
2 9 1 8 11 1 11 4 15 6
0 22 0 12 11 10 9 4 10 9
4 5 10 8 5 1 2 32 8 4
6 7 10 6 0 9 3 24 4 22
4 2 10 3 2 12 11 1 3 18
8 1 1 5 3 5 1 1 3 2
18 4 11 4 5 5 3 25 19 4
0 13 3 11 2 10 10 2 7 7
1 0 11 0 11 11 2 5 0 6
3 3 6 6 3 12 6 0 5 4
2 4 3 2 10 9 1 2 5 4
5 2 1 2 6 3 4 5 0 2
2 17 0 0 17 12 2 12 8 13
10 1 8 2 19 12 21 3 14 1
2 4 13 9 22 18 6 7 15 5
4 1 5 2 4 3 2 3 6 3
5 0 4 2 8 1 1 10 10 11
8 12 11 3 11 18 1 15 2 3
4 4 2 5 2 0 9 1 4 3
17 3 9 2 0 2 11 2 10 2
17 3 6 9 1 4 4 5 3 2
6 11 2 10 9 13 8 12 12 18
3 9 17 9 4 6 11 6 14 7
4 0 5 2 6 3 1 1 1 4
5 14 10 13 6 15 5 17 10 1
12 6 3 5 7 17 12 9 2 16
4 9 9 6 14 14 10 8 7 4
0 2 2 1 0 3 10 3 2 1
10 1 0 0 4 0 11 3 2 2
5 1 6 1 0 11 3 2 7 1
13 8 1 19 12 2 15 2 12 17
4 11 20 12 8 23 1 5 6 5
7 6 13 14 1 5 29 9 10 3
11 5 1 3 8 2 7 6 2 3
6 3 9 3 12 11 2 8 5 9
7 4 1 2 5 5 1 7 5 5
6 11 4 2 7 4 6 3 2 8
7 5 2 2 3 6 3 5 1 3
11 2 8 22 8 24 9 11 3 4
4 0 2 9 8 24 16 5 23 2
3 5 4 8 1 6 1 1 3 3
27 5 7 11 8 4 7 16 5 8
3 10 5 12 2 2 2 9 10 11
0 1 3 5 8 9 7 4 1 1
4 2 9 12 12 11 3 11 11 17
13 6 1 5 8 8 12 2 3 13
1 4 5 3 2 2 7 0 2 1
2 11 3 2 12 7 1 10 3 12
14 19 0 5 14 4 7 13 12 15
5 5 12 4 4 13 7 6 5 4
14 6 1 4 4 8 11 2 2 11
8 1 8 10 13 22 18 14 8 5
3 3 4 6 6 1 2 3 7 3
1 8 4 8 9 14 3 9 6 11
13 8 3 9 12 11 22 8 10 3
5 7 2 3 2 3 0 4 2 2
8 1 8 6 6 12 10 1 6 1
7 5 6 5 9 6 9 4 1 7
2 18 6 14 6 9 1 13 4 2
4 5 3 3 4 1 6 4 0 8
9 15 12 14 0 2 20 5 1 2
7 22 6 15 7 1 5 18 8 14
9 2 14 11 5 9 7 9 18 9
6 10 2 4 5 6 6 8 12 13
9 12 2 3 4 12 0 1 11 1
1 1 14 2 10 1 2 4 3 1
8 14 5 0 7 5 3 1 13 13
4 9 1 19 8 13 0 7 5 16
11 6 9 10 1 3 4 2 5 22
9 6 5 25 10 3 9 7 3 9
4 6 4 3 10 4 1 4 1 6
2 2 1 5 0 4 5 2 15 8
3 0 18 6 1 6 22 11 17 1
1 4 1 11 9 2 2 6 5 19
4 9 7 20 11 9 7 12 8 4
16 7 9 8 2 14 5 3 8 9
13 9 7 19 10 16 12 1 1 0
5 0 8 6 1 7 3 3 1 0
34 3 9 3 8 9 10 3 10 1
2 8 0 6 7 5 10 12 1 13
4 7 5 6 8 1 3 1 3 4
3 2 5 8 5 1 2 5 1 7
3 2 3 2 3 1 9 1 3 2
0 16 4 5 15 15 23 2 9 8
11 4 9 3 1 4 2 7 2 4
1 9 2 2 6 4 1 3 5 15
8 3 2 2 4 10 1 15 5 2
11 16 5 7 20 7 5 17 7 2
20 4 2 11 8 10 1 5 16 4
3 6 7 6 6 7 6 9 11 3
10 9 14 14 4 9 6 8 9 7
4 2 2 3 6 4 1 6 6 4
2 3 11 9 7 12 4 13 24 11
15 3 12 0 16 5 2 4 1 1
8 11 20 8 10 14 6 24 7 0
3 11 9 4 8 7 14 9 9 2
1 6 10 23 2 4 13 8 14 18
5 2 1 5 11 3 4 9 4 8
3 8 2 2 10 9 10 4 2 5
5 4 3 3 8 3 17 7 20 7
1 1 4 8 0 6 9 8 2 2
2 3 3 5 4 6 1 4 1 4
4 2 8 10 19 6 4 1 7 8
14 20 15 1 0 10 5 6 10 5
3 7 4 0 0 4 3 8 1 6
4 1 4 5 9 6 2 9 4 6
2 3 2 22 4 13 1 7 6 1
2 0 7 1 0 3 1 3 2 7
3 4 3 4 0 4 1 5 1 1
9 15 11 1 9 2 4 11 3 18
11 10 9 3 7 15 1 2 12 5
4 0 2 2 4 8 7 3 2 6
7 1 14 2 8 4 6 8 20 7
2 0 6 3 6 3 3 5 3 6
11 1 5 1 8 2 6 6 2 2
16 9 5 3 3 4 12 13 7 3
3 7 0 6 1 2 3 1 6 6
7 8 16 1 10 4 1 4 5 5
12 10 14 12 4 11 3 4 2 7
5 3 4 1 5 3 14 8 4 3
6 4 2 6 7 2 9 6 1 8
16 7 18 18 0 9 9 10 2 5
7 3 6 7 8 5 8 2 12 13
3 1 3 20 1 2 7 3 18 15
3 7 12 5 2 4 7 7 5 15
13 7 3 1 4 25 2 5 17 8
8 2 6 12 21 9 5 3 6 1
3 6 1 0 2 1 6 5 7 1
11 6 4 1 8 0 0 15 1 2
0 10 1 0 2 3 0 5 0 1
5 5 3 5 17 2 8 5 13 13
8 1 8 3 12 10 4 6 4 4
17 12 2 5 6 5 14 10 10 8
14 8 2 10 1 10 5 2 4 11
0 9 8 1 1 8 4 9 5 3
4 5 12 9 5 2 2 12 17 8
19 0 17 3 9 4 19 13 9 3
11 10 6 8 1 20 13 12 13 2
3 19 10 15 15 4 7 11 5 12
9 18 4 11 11 7 20 0 7 5
6 0 7 2 8 4 3 6 0 5
3 7 21 5 3 5 7 11 5 15
1 1 16 11 6 4 1 12 16 7
10 17 11 8 5 3 17 5 6 7
7 6 0 4 1 0 9 13 2 0
1 11 4 4 5 5 6 5 14 2
4 4 6 3 4 10 7 1 3 4
6 2 13 16 16 6 7 15 15 13
3 12 9 1 9 7 9 7 9 12
12 9 4 4 2 4 11 1 7 11
1 4 8 6 13 6 9 8 12 6
2 6 1 3 0 2 1 2 6 7
3 1 1 11 0 13 5 6 13 4
4 7 5 1 1 18 11 7 6 2
13 2 1 7 6 3 7 0 3 9
1 7 12 6 7 2 9 18 1 3
11 6 3 9 0 2 4 12 6 4
5 1 8 1 4 1 1 6 5 6
3 1 6 2 4 1 0 10 3 8
4 4 1 3 2 3 4 13 9 2
3 9 19 7 6 21 3 10 16 7
3 1 4 4 5 3 2 11 1 0
1 12 12 3 4 6 5 0 10 3
3 3 3 3 0 8 5 13 5 3
2 7 0 6 7 10 10 6 17 13
4 1 4 2 2 12 0 8 2 4
4 4 11 1 6 7 1 3 9 3
1 11 10 7 3 8 11 7 12 5
11 12 20 16 6 1 13 9 11 9
1 1 1 2 6 3 9 11 3 13
0 3 7 4 7 1 4 7 2 18
10 12 6 22 16 1 1 7 7 5
5 0 7 0 1 6 13 2 3 4
6 2 12 1 9 15 4 3 23 9
0 13 2 4 7 0 4 4 1 3
7 10 9 4 24 4 8 9 0 12
4 5 2 6 6 2 0 3 7 4
10 8 4 5 1 0 11 1 9 3
2 6 2 5 8 2 3 5 3 2
5 4 15 20 12 7 1 0 2 27
8 5 3 13 5 10 1 7 2 3
1 1 5 4 20 15 3 7 10 17
1 8 0 10 12 7 6 2 15 12
3 5 3 8 1 7 2 6 6 9
2 13 1 3 2 3 9 5 8 10
26 4 10 3 14 14 2 2 13 5
4 16 4 7 3 4 2 16 6 7
19 8 4 5 19 12 3 1 2 5
20 11 0 3 4 8 17 2 6 10
6 18 4 10 3 17 5 7 9 18
4 4 16 7 13 1 12 0 6 5
9 14 0 6 20 2 4 27 6 1
3 5 0 4 4 3 0 0 5 6
12 3 8 9 10 8 7 7 3 16
6 4 5 10 13 1 4 9 4 2
5 1 3 2 2 2 1 2 3 7
7 2 16 4 9 3 4 4 0 6
1 1 4 9 0 0 2 6 0 4
11 11 2 6 10 3 10 10 5 10
7 0 8 8 9 1 1 4 8 1
7 7 6 0 12 9 5 9 17 7
13 5 11 10 2 5 6 18 6 12
11 12 7 11 4 7 2 12 4 7
11 2 2 11 8 2 1 12 3 4
9 10 2 21 6 5 15 16 13 14
5 11 1 8 1 7 19 3 7 3
13 12 7 3 4 2 5 8 13 7
1 6 3 2 10 10 13 10 5 23
12 2 4 16 9 6 1 5 10 0
4 9 15 0 13 11 4 13 3 0
12 0 2 3 14 3 1 7 22 14
3 0 6 1 3 3 20 2 20 1
9 3 13 4 6 7 2 1 1 6
6 20 7 15 19 5 12 8 3 3
0 5 17 7 29 11 5 1 4 11
8 6 11 15 10 12 1 16 21 4
2 9 9 7 2 8 9 9 3 6
1 1 1 4 0 5 7 7 1 2
5 2 10 5 10 3 7 6 5 2
14 2 2 16 3 3 9 18 20 3
8 17 4 3 10 8 5 19 2 12
1 6 23 9 4 2 18 9 9 15
3 4 7 11 3 1 7 4 3 6
11 6 6 10 11 12 0 19 7 17
4 10 5 2 12 20 6 2 5 13
1 1 1 6 4 1 1 0 5 7
0 6 7 0 8 5 3 4 2 5
8 18 1 6 0 2 6 15 18 5
13 11 6 8 3 10 7 10 15 1
0 15 0 3 0 3 4 7 0 8
2 1 1 1 12 1 1 3 9 6
5 1 15 6 4 11 11 9 1 2
7 3 2 4 6 2 4 8 0 12
2 10 23 11 2 17 13 7 5 0
7 5 3 0 7 9 5 3 3 2
4 2 14 1 21 4 11 16 10 11
4 14 0 10 10 8 1 12 3 12
5 1 2 10 10 8 7 5 6 6
11 1 17 3 6 4 4 14 16 6
11 7 10 9 4 13 2 16 3 10
2 13 0 22 12 3 5 5 22 10
4 1 8 4 4 1 6 4 3 1
18 4 6 15 6 7 2 6 18 11
10 0 12 0 24 2 8 3 5 3
4 5 2 13 12 2 11 2 25 21
6 5 1 5 1 2 3 3 6 3
13 11 4 21 1 1 9 12 16 2
1 1 4 2 5 5 5 0 7 1
0 4 10 3 3 1 5 2 9 11
1 9 2 3 1 8 7 7 4 6
15 0 2 6 11 10 10 9 11 9
3 2 2 1 5 9 3 11 4 2
7 4 9 5 1 1 9 0 16 10
1 20 11 3 4 1 0 4 13 6
2 5 1 3 3 1 3 4 2 6
12 6 8 4 1 8 2 4 12 8
2 5 8 1 15 8 8 6 9 3
10 14 4 7 2 7 2 2 4 2
16 13 0 13 13 4 5 9 13 11
19 14 8 13 23 7 11 1 0 7
2 3 7 3 5 5 5 3 1 10
12 0 7 3 3 1 4 11 2 1
5 29 9 10 6 0 3 3 1 3
3 4 2 0 3 2 2 4 2 7
0 7 16 4 15 11 13 25 9 5
25 3 11 3 4 2 8 2 10 14
8 14 15 17 10 0 11 1 14 4
9 14 6 2 9 10 7 1 7 8
4 4 2 10 2 5 4 1 1 3
3 3 14 21 11 6 2 5 14 11
4 9 4 7 1 21 13 6 17 12
10 9 4 0 3 3 7 2 7 3
13 10 8 10 13 9 3 7 1 3
11 16 14 10 3 11 5 14 16 8
12 7 12 5 2 3 1 4 0 1
6 11 1 8 11 3 5 25 1 12
6 1 23 5 1 1 11 18 7 5
5 1 10 6 8 5 1 8 8 4
1 0 3 5 4 6 3 0 1 3
2 3 6 3 1 5 6 7 6 1
17 14 17 13 5 6 3 19 2 5
10 9 17 8 5 7 12 17 4 10
17 8 9 0 5 15 21 1 9 10
9 6 8 16 8 13 12 5 3 8
2 6 0 2 6 8 2 5 5 2
5 1 7 2 3 2 0 2 2 2
10 10 7 10 2 7 11 2 15 1
0 6 2 10 5 1 8 5 4 0
3 18 5 20 7 20 7 5 1 13
7 6 4 0 3 1 8 8 3 5
6 8 10 5 2 17 12 15 7 25
6 6 8 13 4 6 5 21 18 11
14 8 8 15 1 5 3 0 19 16
4 1 1 6 18 11 3 4 15 9
12 1 9 5 4 5 4 12 4 4
3 6 7 9 16 8 4 1 15 5
1 2 3 16 8 0 11 14 16 9
4 0 1 3 8 20 23 9 12 15
8 20 11 4 17 8 11 1 5 2
8 3 11 2 6 11 3 12 3 6
0 0 6 9 4 2 14 5 17 22
8 13 3 0 6 1 10 23 0 12
1 8 4 3 4 12 0 5 11 3
5 4 19 3 11 15 19 12 16 1
1 7 1 2 2 4 4 0 5 2
11 3 1 6 3 0 1 1 4 3
4 3 3 8 14 5 9 2 8 7
5 1 3 10 13 2 0 1 22 2
5 5 8 11 8 7 1 13 11 7
1 3 2 5 5 4 0 4 3 1
3 2 3 2 8 1 7 3 3 0
5 3 7 2 4 0 4 1 7 4
10 0 28 0 17 12 9 8 8 3
19 6 19 8 3 8 4 12 9 9
16 8 5 11 2 6 2 3 5 9
13 10 15 6 10 9 19 3 2 4
3 19 5 8 22 0 10 2 5 13
3 9 3 9 0 1 10 0 3 9
6 5 4 4 18 14 5 22 9 9
6 5 11 2 3 5 1 4 0 3
8 1 5 3 0 4 8 5 9 8
8 5 12 9 0 10 6 1 3 0
3 4 5 2 1 6 0 2 4 4
5 4 2 6 3 8 7 1 9 11
5 21 1 3 11 4 6 9 5 9
3 19 1 2 2 6 13 10 0 17
9 17 0 10 5 2 8 2 5 2
13 6 1 7 0 18 7 8 5 7
1 18 8 7 10 12 2 1 21 1
10 5 8 7 4 1 3 0 6 8
9 11 8 1 2 2 7 5 7 7
13 9 8 11 1 0 5 6 1 3
7 4 2 3 7 23 0 12 8 9
11 10 9 7 18 17 8 6 2 5
9 3 1 5 4 3 2 0 3 5
2 0 3 17 9 0 18 17 14 12
10 9 6 6 10 6 3 1 10 15
4 3 5 1 4 0 3 1 3 8
0 12 17 3 5 7 11 3 1 3
5 2 8 5 4 6 0 0 4 7
6 9 3 2 7 8 12 4 3 5
2 4 2 2 3 2 3 4 6 2
10 14 6 11 2 2 6 8 8 11
9 10 9 13 13 0 13 4 7 4
6 4 2 6 1 2 4 5 6 2
5 9 5 1 8 3 7 2 20 2
4 4 1 1 5 5 3 1 2 6
18 22 7 4 6 4 7 5 2 12
1 1 1 4 2 9 1 2 4 2
9 5 1 1 5 7 0 17 18 8
1 10 16 5 3 5 2 2 2 1
0 3 5 9 8 6 11 6 6 7
2 3 3 2 8 4 1 9 2 3
8 11 13 13 16 3 3 1 5 13
21 2 5 15 2 10 4 8 8 11
3 3 2 6 3 3 6 1 4 7
18 2 3 16 1 9 5 14 8 5
1 4 4 1 5 2 1 4 6 3
23 7 5 9 0 13 14 4 15 1
23 0 7 5 4 22 2 18 1 7
11 12 12 4 7 8 6 1 15 0
2 1 3 6 9 2 7 1 12 5
1 19 12 21 14 11 1 3 6 15
7 6 1 9 5 10 4 1 1 10
17 5 1 25 2 20 4 3 13 0
8 3 9 1 7 1 1 1 3 7
5 1 9 5 7 13 12 15 7 10
7 8 4 1 18 2 0 9 6 6
2 3 4 11 6 9 2 13 2 13
4 14 28 8 4 0 8 7 3 8
17 2 6 11 10 10 9 0 8 11
9 12 13 8 10 10 6 7 4 4
6 3 7 6 6 5 10 1 2 13
15 12 12 1 4 8 4 15 0 13
4 12 9 9 2 7 2 5 2 5
4 12 6 14 3 13 2 10 3 7
4 8 12 7 6 2 9 6 1 0
12 8 17 9 6 5 8 1 22 10
2 8 6 2 10 6 7 2 3 6
18 0 6 11 2 4 15 1 13 7
4 8 4 18 2 9 4 5 2 2
3 7 1 4 1 6 0 0 1 2
14 1 20 3 5 2 14 3 0 14
18 8 2 13 9 4 2 14 6 2
19 1 1 4 4 3 2 16 3 6
8 9 2 1 8 4 0 7 9 6
4 0 8 1 0 1 7 1 0 4
5 7 1 1 5 4 3 1 3 3
9 19 0 4 6 17 10 0 3 7
5 7 3 6 6 19 11 6 13 2
8 22 3 12 1 16 6 1 15 10
5 11 10 9 13 12 2 0 1 5
5 10 2 3 6 7 2 0 0 5
7 12 3 22 6 20 10 13 4 4
23 2 22 3 9 4 12 2 5 4
1 1 9 3 9 13 2 6 7 4
1 2 5 0 2 5 3 1 2 6
4 5 3 5 5 6 8 8 2 7
4 7 8 5 9 1 1 3 1 2
3 6 3 4 2 1 3 3 1 7
5 9 11 4 16 2 3 1 3 13
7 3 0 10 5 7 6 21 4 0
13 6 13 6 15 5 1 1 4 16
13 11 7 3 6 13 6 9 2 15
3 3 16 8 7 10 18 23 3 13
2 10 25 1 20 3 13 6 11 7
1 11 14 4 8 4 12 1 2 1
17 0 2 6 5 2 8 4 9 6
0 3 3 4 4 7 3 7 4 3
0 5 1 4 1 5 9 1 1 1
3 24 9 22 4 5 6 4 8 11
1 7 4 15 5 5 2 1 4 12
1 3 2 5 5 6 10 10 1 4
8 0 0 11 0 0 5 27 23 9
1 3 3 1 7 6 1 5 10 1
5 8 10 0 7 1 2 18 0 6
14 6 1 3 3 1 0 9 1 4
9 5 2 4 1 8 1 2 21 1
8 6 4 4 0 13 8 2 23 16
9 25 0 5 2 13 16 0 6 9
2 0 3 1 5 4 8 3 2 7
2 5 1 5 3 5 4 0 6 14
2 7 6 3 10 0 1 2 10 9
10 8 8 0 1 7 3 9 9 18
11 5 0 5 0 15 4 3 8 4
21 4 15 4 2 15 6 3 9 0
12 8 3 0 2 11 9 3 2 11
18 4 15 7 10 1 11 5 14 16
4 8 5 6 1 2 2 3 8 1
1 2 3 4 0 0 5 5 2 7
0 14 3 4 10 3 3 4 6 2
12 3 7 2 7 2 8 4 2 2
1 13
1 15
1 39
1 46
1 74
1 88
1 93
1 94
2 48
2 89
3 55
4 11
4 52
4 101
5 80
5 95
6 10
6 31
6 38
6 86
7 95
8 26
8 39
8 44
8 81
8 84
9 11
9 62
10 39
10 99
11 12
12 18
13 63
13 93
13 103
14 80
15 17
15 67
15 75
16 29
16 50
16 75
16 88
16 97
17 91
18 21
18 61
18 71
18 94
19 22
19 42
19 45
19 64
19 72
19 105
19 117
20 81
21 33
21 51
21 88
21 120
22 103
23 79
23 109
24 52
24 61
24 120
26 39
26 61
26 77
26 96
27 41
27 43
27 107
27 124
28 55
28 95
28 106
28 115
29 70
29 121
30 123
31 41
31 58
31 71
31 112
32 55
32 70
32 88
32 108
32 124
33 66
33 92
34 73
34 82
34 107
34 128
34 134
35 97
35 105
35 121
36 85
36 120
37 96
38 50
38 136
39 51
39 65
39 112
39 120
40 78
41 50
41 67
41 81
41 83
42 46
42 68
42 96
42 121
43 46
43 59
43 130
44 82
44 127
44 129
44 143
45 82
45 97
45 115
46 64
46 79
46 106
47 52
47 58
47 90
48 62
48 86
48 92
48 129
48 144
49 88
49 109
50 63
50 94
50 116
51 134
51 144
51 149
51 150
52 54
52 109
52 128
52 132
53 81
53 110
54 94
55 63
55 98
55 105
55 107
55 116
55 148
56 58
56 73
56 88
56 94
56 123
57 109
57 126
57 132
58 69
59 146
60 86
60 114
60 145
60 147
61 67
61 97
61 152
63 67
63 69
63 126
63 158
64 68
64 100
65 113
65 128
66 81
66 103
67 102
67 121
67 136
67 146
67 149
68 116
68 130
68 162
69 85
69 111
69 121
70 75
70 106
70 111
71 96
71 115
71 120
71 129
71 131
72 78
72 107
72 124
72 141
73 88
73 147
75 134
75 175
76 78
76 111
76 132
76 137
76 146
76 155
76 167
77 162
79 83
79 96
79 104
79 119
79 137
80 82
80 94
80 158
81 96
81 106
81 118
81 134
82 91
82 130
82 169
82 171
82 172
83 97
83 118
84 130
85 101
85 120
85 142
85 168
86 89
86 110
86 124
86 149
86 170
87 98
87 124
87 186
88 115
89 135
90 157
90 187
91 92
91 106
91 169
92 115
92 150
93 119
93 189
94 143
94 144
95 155
95 160
96 108
96 159
96 172
97 137
97 139
97 141
97 165
97 166
97 196
98 120
98 140
98 159
99 134
99 145
99 162
99 181
99 198
100 170
101 136
101 149
101 201
102 115
102 149
102 161
102 178
104 191
104 192
104 193
105 139
105 146
105 164
105 184
105 198
106 171
108 126
108 148
108 149
108 198
109 128
109 183
109 203
110 116
110 133
110 138
110 149
110 201
111 118
111 167
111 180
112 123
112 157
113 127
113 132
113 134
113 151
113 156
113 210
115 116
115 182
115 189
116 143
116 211
117 118
117 138
117 155
117 164
118 140
118 142
118 149
118 205
119 126
119 171
119 180
120 156
120 180
120 203
120 205
120 210
120 218
121 133
121 150
121 151
122 137
122 145
123 220
123 222
124 145
124 152
124 197
124 198
124 219
125 170
125 184
125 194
126 178
126 208
127 189
129 166
129 175
129 195
129 207
130 140
130 154
130 186
130 190
131 138
131 183
131 199
131 220
134 136
134 159
134 223
134 226
135 163
135 229
137 156
138 147
138 181
139 197
139 201
140 167
140 187
140 203
140 215
140 223
141 162
141 176
141 226
141 237
142 160
142 208
143 188
144 150
144 184
145 161
145 170
145 183
145 191
145 208
145 211
146 165
146 175
146 201
146 214
146 242
146 244
147 148
147 156
147 159
147 173
147 187
147 234
148 157
148 162
148 182
148 210
148 226
149 178
149 214
149 218
150 181
150 191
150 193
150 214
150 218
151 167
151 240
152 202
152 231
152 241
153 176
153 196
153 229
153 232
154 165
154 177
154 212
154 252
155 212
156 160
156 188
156 193
156 199
156 226
158 174
158 206
158 256
159 166
159 174
160 180
160 185
160 250
161 185
161 205
161 208
161 209
162 168
162 221
162 238
163 196
163 206
163 209
163 260
164 173
164 186
164 242
165 201
165 244
166 191
166 199
166 214
166 215
167 192
167 249
167 253
167 264
168 190
168 233
168 234
168 240
169 210
169 251
169 269
170 215
170 218
170 237
171 271
172 231
172 260
173 204
173 206
173 219
173 252
174 193
174 241
174 242
175 186
175 256
176 235
176 269
176 275
177 178
177 193
177 241
178 206
178 208
178 237
178 254
178 278
179 191
179 224
180 221
180 268
180 273
181 187
181 226
182 258
182 261
183 195
183 244
183 245
183 246
183 258
183 266
185 223
185 230
185 244
185 276
186 225
187 224
187 227
187 236
188 193
188 212
188 255
188 258
189 191
189 196
189 222
189 237
189 265
191 201
191 230
191 240
191 291
192 240
192 275
193 228
193 247
195 238
195 279
195 289
196 230
197 199
197 213
197 238
197 283
198 210
198 232
198 256
198 271
199 201
199 280
200 237
200 243
200 280
201 258
201 261
201 284
202 216
202 268
203 262
203 299
204 250
204 268
204 278
204 283
206 268
206 297
207 234
207 276
207 292
208 215
208 230
208 282
209 236
209 264
210 272
210 279
211 266
211 307
211 311
212 216
212 240
212 283
213 225
213 308
214 228
214 235
214 245
214 290
215 226
216 251
217 264
217 275
217 280
218 290
219 271
219 296
219 310
220 266
220 297
222 281
222 284
223 306
223 319
224 248
224 264
224 271
224 275
224 305
224 308
224 313
226 228
226 239
226 294
227 236
227 302
228 251
228 254
228 266
228 299
228 310
229 252
229 298
229 314
229 320
230 250
230 285
230 318
230 327
231 280
231 314
231 324
232 256
232 259
232 275
232 278
232 297
233 296
234 250
234 261
234 263
234 271
234 273
234 275
235 238
235 260
236 280
238 255
239 273
239 294
239 308
241 333
242 313
243 281
243 301
243 306
243 307
243 329
243 334
244 248
244 296
244 311
244 333
245 276
245 333
245 334
246 265
246 323
246 336
247 257
247 346
248 313
249 301
249 315
250 256
251 273
251 277
251 288
251 305
251 306
251 336
252 260
252 283
252 339
253 262
253 277
253 283
253 315
253 318
253 323
254 268
255 275
255 278
255 308
255 345
256 262
256 312
257 306
258 265
258 324
258 338
259 293
259 338
259 353
260 275
260 288
262 299
262 300
263 290
263 303
263 363
264 267
264 285
264 337
265 294
266 301
266 320
267 308
267 338
267 352
268 282
268 283
268 292
268 327
268 351
269 304
269 337
270 304
270 360
270 363
271 357
272 303
272 361
272 365
273 288
273 302
274 340
275 339
275 345
275 352
276 292
276 342
276 367
277 345
278 310
278 322
278 377
279 295
279 306
279 322
279 374
280 307
280 308
280 362
280 369
281 301
281 345
281 352
282 289
282 306
282 333
282 339
282 350
283 313
283 323
283 357
284 294
284 309
284 343
285 293
285 306
286 297
286 298
286 363
287 295
287 325
287 356
288 312
288 356
288 370
289 361
290 389
291 364
292 310
292 367
293 346
293 391
294 305
294 331
294 340
294 361
294 378
295 333
295 344
295 376
295 394
296 340
296 369
297 334
297 364
298 299
298 310
298 314
298 338
298 368
299 300
299 345
299 356
300 310
300 322
300 362
301 318
301 325
301 373
302 312
302 345
303 328
303 384
304 352
304 377
305 365
305 403
306 335
306 338
306 339
306 345
306 376
306 390
307 339
307 392
308 359
309 401
310 349
310 360
310 384
311 326
311 329
311 411
312 407
313 352
313 361
313 378
314 318
314 337
314 347
314 366
314 371
315 365
316 327
316 338
317 325
317 348
318 322
319 325
319 337
320 364
320 413
323 345
323 347
323 364
323 405
323 410
324 325
325 368
325 401
326 329
326 332
326 356
326 384
326 402
327 418
329 386
329 393
329 429
330 339
330 382
330 404
330 407
330 422
331 371
331 382
332 347
332 352
332 407
332 416
332 424
333 371
333 380
334 364
334 418
334 422
335 368
335 384
335 413
335 422
336 343
336 345
336 393
337 347
337 406
337 422
338 348
338 376
338 403
339 408
340 354
340 361
340 381
340 405
341 391
342 390
342 409
343 404
343 410
344 387
344 395
344 406
345 389
345 399
345 415
345 425
345 433
346 397
346 403
347 356
347 369
347 436
347 444
348 358
348 376
348 403
348 436
349 398
349 441
350 377
350 384
350 395
350 438
350 440
350 441
350 445
351 373
351 433
352 407
352 422
352 452
353 363
353 364
353 401
353 410
353 429
354 381
354 400
354 410
354 420
355 373
355 379
355 400
355 420
355 437
356 367
356 375
357 360
357 384
357 427
357 435
357 450
358 374
358 391
358 427
358 438
358 446
359 364
359 370
359 433
360 421
360 459
361 398
362 372
363 368
363 380
363 399
363 400
363 414
364 399
364 402
364 403
364 431
364 460
365 376
365 420
365 452
366 405
366 445
367 431
367 451
368 409
368 412
368 453
368 457
369 382
369 390
369 394
369 407
370 434
371 409
372 379
372 409
373 391
373 402
373 442
374 382
374 411
375 413
375 463
376 401
376 414
376 426
376 430
377 410
377 440
377 458
378 398
378 408
378 438
378 476
379 382
379 431
380 386
380 404
380 419
381 409
381 412
381 425
381 463
382 397
382 434
382 456
383 414
384 400
384 412
385 388
385 400
385 441
385 459
385 477
387 400
388 448
390 440
390 455
390 471
392 428
392 466
393 395
393 401
393 430
394 433
394 436
394 490
395 420
395 441
395 450
395 483
397 422
397 429
397 449
397 462
399 426
399 433
399 455
399 464
399 480
399 491
400 403
400 419
400 426
400 432
400 444
400 477
400 497
402 438
402 446
402 468
402 480
403 405
403 428
403 473
405 417
405 456
406 464
406 476
406 481
408 490
408 494
410 469
410 484
411 421
411 473
412 413
412 464
412 509
413 421
413 473
413 502
414 417
414 435
414 452
415 456
415 473
416 417
416 432
416 434
416 486
417 432
417 473
417 497
418 461
418 518
419 437
419 487
420 445
420 514
421 455
421 485
421 488
421 501
422 516
423 471
423 523
424 452
424 460
424 469
424 499
424 515
425 458
425 479
426 506
426 518
427 472
427 493
427 506
427 519
427 521
428 437
428 469
428 480
428 492
430 514
430 518
431 441
431 513
432 528
433 439
433 496
433 502
433 523
434 461
434 468
434 493
434 511
435 439
435 493
435 504
436 484
436 534
437 535
438 453
439 443
439 450
439 500
440 487
441 446
441 479
441 493
441 506
442 524
442 529
443 453
443 460
444 465
444 476
444 501
445 446
445 482
445 486
445 503
445 541
446 465
446 481
446 492
447 493
447 514
449 528
449 532
449 537
449 542
450 459
450 501
450 520
450 529
450 544
451 473
451 508
451 523
453 464
453 481
454 466
454 521
455 462
455 480
456 490
456 507
457 459
457 506
458 494
458 501
458 519
458 529
458 531
458 540
459 501
459 528
459 544
460 514
460 522
460 523
460 528
460 547
461 479
461 494
461 558
462 466
462 500
462 513
463 478
463 493
463 525
464 522
465 472
465 489
466 557
467 499
467 511
467 558
468 476
468 489
468 502
468 542
469 471
469 478
469 490
469 492
470 521
470 531
471 530
471 549
471 561
472 489
472 509
472 535
473 478
473 520
473 558
474 480
474 481
474 525
475 516
476 494
476 515
476 527
476 529
476 558
477 541
478 486
478 488
478 536
478 569
479 529
479 535
479 573
480 567
481 521
481 553
481 564
481 580
482 496
482 514
482 578
483 489
483 493
483 510
483 514
483 525
483 527
483 555
483 582
484 536
485 555
485 558
486 508
486 524
486 545
486 576
486 585
487 508
487 531
487 552
487 582
488 494
488 529
488 530
488 541
488 571
488 573
488 576
489 525
489 570
490 563
491 517
491 563
492 533
492 563
492 584
493 519
493 565
494 515
494 590
494 592
495 511
496 559
496 582
497 530
497 566
497 574
498 535
498 567
499 538
499 542
499 557
502 508
502 538
502 550
502 554
502 572
503 551
503 597
504 506
504 512
504 515
504 516
504 563
504 597
504 602
505 535
505 542
505 551
505 567
505 576
505 603
506 508
507 562
507 588
508 591
509 533
509 551
509 570
509 573
509 575
509 602
509 604
510 526
510 555
510 574
510 578
510 583
511 514
512 520
512 526
512 542
512 556
512 575
512 586
512 595
513 532
513 571
513 606
514 517
515 530
515 570
516 552
516 598
518 567
518 569
519 527
519 544
519 558
520 538
520 541
520 546
521 579
522 554
523 526
523 548
523 552
523 558
523 580
524 526
524 552
524 556
524 557
524 558
524 615
525 608
525 623
526 538
526 575
526 584
526 606
527 549
527 562
527 625
528 553
528 578
528 621
528 627
529 548
529 621
530 546
530 552
531 622
532 538
532 548
532 568
532 602
533 584
533 592
533 621
534 626
534 628
535 592
535 593
535 631
535 635
536 560
536 583
538 554
538 566
539 576
539 591
540 561
540 598
540 601
540 605
540 622
541 548
542 623
543 554
543 565
543 575
543 615
544 548
544 566
544 574
544 608
544 637
546 576
546 635
546 642
547 625
548 590
548 641
549 565
549 606
550 617
550 628
551 625
551 631
551 642
551 649
552 592
553 638
555 599
555 649
556 656
557 568
557 584
557 600
557 616
557 627
558 573
558 604
558 613
559 610
559 622
559 651
560 564
560 641
561 564
561 570
561 609
562 588
562 595
562 615
562 626
563 600
564 571
564 573
564 601
564 616
564 655
565 574
565 598
565 653
566 604
566 650
566 663
567 582
567 591
567 595
567 611
567 619
568 570
568 579
568 590
568 602
568 614
568 618
569 605
569 614
569 618
569 629
569 642
569 657
569 662
569 665
569 666
570 586
570 590
570 635
570 639
571 594
571 597
571 630
572 595
572 607
572 622
572 626
573 583
573 585
574 590
574 600
575 582
575 622
576 601
576 625
576 628
576 672
577 591
578 587
578 597
578 600
578 644
578 658
578 665
579 581
579 596
579 611
579 634
579 635
579 669
580 628
580 667
581 676
582 630
582 671
583 612
583 616
583 618
583 642
583 680
584 591
584 608
584 636
584 679
585 586
585 626
585 648
585 682
586 628
586 635
586 645
587 601
587 657
587 672
588 589
588 618
588 640
588 648
588 660
588 680
588 683
590 600
590 639
590 674
590 687
591 654
591 671
592 615
592 638
593 640
594 597
594 651
594 671
595 628
595 634
596 654
596 686
597 606
597 610
597 622
597 659
599 608
599 617
599 628
599 655
599 667
599 683
599 694
600 640
601 602
601 616
601 640
601 646
602 621
602 628
602 638
602 639
602 646
602 688
604 610
604 683
605 642
606 648
606 665
607 608
607 609
607 640
607 690
608 640
608 674
608 686
609 634
609 684
610 665
610 700
610 704
611 649
611 709
612 624
613 637
613 645
614 634
614 692
615 677
615 693
616 701
616 714
617 671
617 710
618 699
618 707
619 632
619 644
619 710
620 656
620 692
620 720
621 647
621 657
622 639
622 661
622 667
623 667
623 680
624 636
624 656
624 697
625 630
626 650
626 658
627 695
628 631
628 680
628 693
629 656
629 673
629 727
630 663
630 673
631 656
631 701
632 657
634 713
634 721
635 645
635 689
636 660
636 674
636 736
637 654
637 665
637 725
638 672
639 640
639 654
639 686
639 712
639 723
640 731
641 653
641 657
641 686
642 697
642 704
642 715
642 742
644 685
645 681
645 695
646 663
646 728
647 652
647 707
649 695
649 718
649 743
650 744
651 660
651 672
651 744
652 668
652 746
653 656
653 716
653 719
653 751
654 672
654 687
654 712
656 704
656 709
656 714
656 715
656 741
657 707
658 672
658 690
658 696
658 712
658 753
659 666
659 703
659 705
659 750
660 735
660 755
661 695
661 721
661 726
661 758
662 703
662 736
663 670
663 709
663 726
663 738
664 708
664 742
665 674
665 735
665 739
666 721
667 738
667 744
667 754
667 763
668 705
668 738
669 683
669 685
669 699
669 708
669 735
669 751
670 688
670 693
670 700
670 718
670 724
670 731
670 753
670 768
671 770
672 688
672 710
672 733
672 743
672 746
673 709
673 733
673 759
673 771
674 753
675 731
675 768
676 680
676 687
676 688
677 724
677 752
678 753
679 715
679 736
679 742
680 683
680 731
680 738
680 762
681 683
681 728
681 741
681 763
681 777
682 697
682 711
682 751
682 753
683 688
683 692
683 722
683 744
683 761
684 730
686 743
686 753
687 691
687 729
687 730
687 747
687 755
687 768
688 708
688 778
688 783
689 733
689 779
690 764
691 713
691 736
691 767
691 778
691 781
692 716
692 737
692 742
692 777
693 727
693 751
693 762
694 726
694 755
694 757
694 772
695 711
695 722
695 748
695 770
695 773
696 724
696 725
696 766
696 791
697 703
697 720
697 772
697 797
698 724
698 744
698 771
700 706
700 758
700 778
700 796
701 753
702 710
702 734
702 744
702 756
702 759
702 766
702 780
703 741
703 757
704 772
704 785
704 786
704 788
704 797
705 740
706 721
706 729
706 769
707 730
707 738
707 797
708 790
708 794
709 733
710 725
710 736
710 794
711 714
711 727
712 721
712 750
712 776
712 785
714 732
714 805
715 745
715 786
716 771
716 790
716 811
718 769
719 773
719 816
720 723
720 761
720 791
720 793
720 808
721 754
722 736
722 786
722 791
722 818
722 819
723 726
723 792
724 771
724 811
725 727
725 815
726 773
726 822
727 740
727 754
727 821
728 731
728 755
728 793
728 826
729 731
729 782
729 794
729 803
729 808
730 774
731 741
731 748
731 758
731 767
731 827
732 734
732 739
732 809
732 821
733 741
733 785
734 739
734 764
734 787
734 806
734 820
734 825
734 827
735 820
736 738
736 742
736 824
736 833
737 738
737 773
737 779
737 787
737 830
738 765
738 773
738 831
739 749
739 753
739 757
739 804
739 830
740 752
740 763
742 786
743 799
744 815
745 776
745 810
745 819
745 830
746 830
747 750
747 811
747 822
748 760
749 773
750 815
750 833
751 752
751 835
751 847
752 797
752 814
753 783
753 822
753 849
753 853
754 755
754 825
754 847
755 771
755 780
755 832
756 837
757 770
757 810
760 823
760 828
760 842
761 826
761 853
762 805
762 814
763 799
763 812
763 824
763 854
765 767
765 768
765 845
765 862
766 802
766 806
766 851
767 799
767 810
767 845
768 769
768 776
768 786
768 789
769 829
770 776
770 800
770 820
770 851
770 861
771 811
771 816
771 821
771 850
772 824
772 835
773 816
773 870
775 867
775 871
777 845
777 857
777 859
778 819
778 856
778 877
779 846
781 786
781 813
781 814
781 823
781 826
781 827
782 786
782 789
782 798
782 838
783 790
783 817
783 873
784 791
784 807
784 833
784 882
785 803
785 865
785 883
786 810
787 791
787 797
787 847
787 861
787 881
788 849
789 851
790 798
790 863
790 869
790 871
791 833
791 840
795 823
795 824
795 862
796 806
796 808
796 821
796 825
796 884
796 893
797 800
797 870
797 892
798 835
798 861
798 864
798 892
798 896
799 820
799 882
800 850
800 857
800 881
800 883
801 806
801 824
801 853
801 860
801 865
801 868
801 893
802 833
802 883
802 890
803 844
803 858
804 813
804 863
804 870
805 842
806 833
806 835
806 853
806 866
808 822
808 835
808 861
809 826
809 839
809 840
809 876
809 889
810 815
810 840
810 854
810 858
810 863
810 869
810 909
811 874
811 895
812 866
812 876
812 884
813 829
813 835
813 863
814 818
814 820
814 858
814 893
815 828
815 869
815 872
815 879
815 896
816 830
816 882
816 890
816 913
816 915
817 821
817 854
817 886
818 830
818 840
818 842
818 858
818 891
818 909
819 821
819 844
819 862
819 895
821 822
821 835
821 891
822 875
824 839
824 864
824 873
824 875
825 829
825 890
826 827
826 885
826 923
827 830
827 834
827 925
827 927
828 848
829 853
829 863
830 832
830 843
831 856
831 890
831 901
831 914
833 866
833 895
834 860
834 892
834 894
834 904
835 878
835 905
836 853
836 912
837 843
838 854
838 857
838 874
838 925
839 863
839 914
840 851
840 904
840 917
840 923
841 887
841 896
841 918
842 848
843 869
843 871
843 880
844 939
845 867
845 942
846 915
846 925
847 882
847 885
848 851
848 886
848 894
848 896
848 903
848 924
848 925
849 866
849 919
849 926
850 890
850 911
850 920
851 913
852 909
852 916
853 864
853 888
853 928
853 932
854 856
855 909
855 915
856 892
856 947
858 878
858 880
858 912
858 938
859 886
859 892
859 954
860 876
860 899
860 924
860 946
861 870
861 912
862 899
862 918
862 948
862 953
862 954
863 924
863 926
864 886
864 904
864 941
864 951
865 872
866 869
866 870
868 929
868 937
868 968
869 947
870 954
871 958
873 874
873 926
874 880
874 933
874 972
875 891
875 896
875 903
875 915
875 928
876 901
876 903
876 916
876 919
876 933
876 950
877 881
877 928
878 886
878 921
878 969
879 889
879 904
879 933
879 956
879 961
879 964
880 886
880 929
880 952
882 919
882 951
883 885
883 930
883 974
884 897
884 904
884 964
884 984
885 972
885 974
887 893
887 906
887 908
887 915
887 917
887 974
888 929
888 970
889 892
889 945
889 983
890 919
891 919
891 942
892 900
892 922
892 992
893 938
894 942
894 965
896 949
896 979
896 981
896 987
897 927
897 928
897 948
897 987
897 993
898 966
898 970
898 985
898 997
899 909
899 919
899 992
899 993
899 998
900 928
900 937
900 945
900 994
901 926
901 935
901 939
902 908
902 958
903 906
903 916
903 930
903 935
903 946
903 987
904 905
904 907
904 985
905 916
905 977
906 928
906 944
906 961
906 991
907 909
907 968
907 974
907 977
908 915
908 941
908 948
908 953
908 972
909 989
910 984
912 937
913 937
913 998
914 974
916 924
916 925
916 933
916 941
916 981
917 971
917 989
918 924
918 931
919 999
920 966
920 980
920 983
920 991
920 998
921 929
921 965
922 951
923 942
923 958
923 963
925 945
925 999
926 947
926 973
926 994
927 945
927 961
927 973
927 997
928 965
929 933
929 934
929 940
929 955
929 958
929 963
929 976
929 982
930 989
931 944
931 960
931 980
931 985
931 986
932 948
932 999
933 968
935 983
935 990
935 991
936 950
936 981
938 960
939 942
939 957
939 961
939 985
940 949
940 957
942 966
942 980
944 968
944 997
944 999
945 989
946 972
947 975
948 980
949 972
952 978
952 994
952 998
953 957
953 970
954 958
954 983
956 981
956 992
956 995
958 986
958 995
960 965
961 986
962 972
962 991
963 981
963 995
964 976
964 994
967 969
967 976
968 979
970 989
970 1000
971 988
971 997
972 976
972 981
975 998
976 987
979 980
979 992
979 996
980 997
984 999
986 991
988 995
988 998
989 996
994 995
30 9 19 17 7 1 5 15 31 6
19 9 0 14 9 9 14 10 4 3
8 1 6 18 5 13 1 7 20 20
24 5 16 18 7 8 36 21 18 5
18 2 9 7 8 8 16 13 20 18
17 9 12 0 1 4 10 7 15 3
7 18 2 16 6 2 8 25 3 7
15 8 25 1 24 3 16 17 13 19
3 1 1 1 8 13 7 10 5 15
12 8 24 13 18 19 10 3 17 15
0 0 3 0 11 15 8 9 4 6
38 25 4 10 11 13 22 8 9 8
12 4 16 0 10 0 14 10 10 4
10 22 12 8 1 15 1 5 7 1
6 18 8 9 41 10 12 8 27 9
12 0 10 5 5 17 8 8 3 8
2 1 4 13 26 3 11 8 11 1
23 3 8 12 9 12 5 10 3 12
18 23 32 15 17 15 23 5 6 2
10 12 23 12 5 4 20 17 31 20
53 37 33 38 24 61 50 32 35 23 42 27 51 56 31 37 47 35 33 29
3 12 2 1 2 13 9 8 16 1 21 1 15 9 1 11 10 4 6 1
7 14 12 5 6 10 12 4 15 6 17 6 13 13 2 8 21 6 9 3
19 32 38 20 22 24 30 15 50 14 50 12 25 31 8 39 37 35 11 17
24 28 11 20 11 33 27 17 25 11 37 17 36 28 16 28 30 17 23 7
1 9 6 1 1 11 9 1 11 4 19 1 4 18 5 5 17 2 11 1
14 13 31 1 6 23 14 1 28 21 31 11 11 36 19 21 27 19 15 4
6 10 13 1 5 17 14 10 21 2 25 3 15 13 1 16 11 7 1 4
39 40 46 31 27 56 38 19 51 19 59 22 49 52 11 54 40 38 21 18
1 6 13 1 1 5 14 3 24 3 28 1 14 11 9 11 24 2 1 5
14 29 26 10 12 19 41 3 42 5 43 18 20 31 10 29 26 22 10 17
2 19 23 2 12 6 17 1 25 1 26 11 5 13 7 17 21 19 2 1
6 7 11 1 1 13 10 6 19 1 21 1 9 16 1 10 6 7 1 1
3 18 5 1 1 6 19 4 23 1 27 9 11 9 1 12 13 11 7 1
8 10 15 1 6 10 10 4 14 8 17 1 9 17 1 12 8 12 7 1
3 3 10 3 6 4 2 2 11 1 17 1 11 5 1 10 18 7 1 1
41 39 47 24 25 48 34 20 41 32 54 11 41 51 21 53 47 44 22 14
18 19 20 21 16 30 16 10 22 6 31 6 28 23 4 28 25 17 11 9
1 9 6 1 1 3 15 2 18 1 24 4 5 11 7 11 14 10 8 3
8 1 10 1 1 11 5 1 3 1 4 1 6 15 1 4 1 2 1 4
2 12 12 3 6 9 10 3 17 4 21 2 7 17 1 15 11 13 8 1
3 2 1 1 1 2 5 1 3 2 4 1 5 1 1 1 4 1 1 1
15 19 21 6 12 22 28 18 31 8 34 13 22 17 15 11 31 11 6 11
9 14 18 14 21 26 3 21 31 9 39 4 30 16 5 27 27 17 6 6
5 35 29 11 14 24 35 19 48 18 53 28 32 34 7 36 40 35 27 1
27 28 20 23 24 41 30 29 32 5 42 18 47 30 18 27 41 20 15 16
30 41 51 17 26 43 58 13 66 14 66 28 32 53 30 49 48 44 10 16
17 16 24 6 7 25 11 2 18 14 27 11 22 35 10 21 29 16 20 1
36 34 44 22 36 58 35 32 53 18 51 28 50 50 30 39 45 31 22 31
6 1 2 1 1 8 6 5 1 3 4 1 9 5 1 1 7 1 1 3
4 5 6 1 1 8 4 3 8 2 7 1 7 13 1 1 3 3 2 1
17 42 48 12 25 42 55 25 55 27 59 23 39 51 41 39 61 29 25 27
12 28 32 17 16 30 31 9 46 14 51 13 31 41 11 41 38 28 20 15
28 26 27 17 28 46 30 30 40 13 39 17 42 43 15 33 32 22 14 26
38 40 51 28 32 51 42 30 53 20 52 21 45 40 18 42 50 41 17 27
1 11 24 4 6 15 23 6 35 5 38 1 19 23 10 22 30 8 4 10
10 10 10 4 6 18 19 9 19 1 24 4 17 17 1 20 18 13 9 9
3 9 5 1 1 13 6 3 9 6 13 2 10 13 1 7 12 2 9 1
18 30 21 14 11 36 30 12 33 6 38 17 32 46 1 34 19 24 23 12
3 2 7 1 1 3 1 1 3 1 6 1 6 8 1 3 7 1 2 1
11 2 14 1 4 5 7 4 8 1 9 1 9 11 1 8 8 8 1 3
14 22 28 9 14 19 22 14 43 11 45 8 23 22 2 34 23 30 7 2
18 28 21 12 12 26 36 14 31 7 36 11 25 25 16 14 43 14 15 15
17 27 28 1 15 31 28 15 38 10 43 11 23 34 18 27 28 24 4 1
35 47 19 32 22 54 50 35 45 13 58 32 59 49 23 45 56 38 39 19
29 32 14 18 5 25 38 9 27 8 39 18 28 32 16 23 38 21 23 7
14 16 13 8 6 15 27 12 22 9 27 5 22 16 14 11 34 5 8 16
38 43 35 25 27 48 51 34 55 11 61 25 54 48 22 45 52 40 26 19
35 24 44 16 18 37 50 16 44 21 44 10 31 47 23 36 42 26 7 30
18 13 27 7 9 23 17 10 27 12 28 2 21 26 2 20 26 18 5 4
13 17 17 7 7 20 30 10 27 8 33 5 23 26 12 23 34 13 13 17
29 47 41 22 27 44 31 22 45 29 52 21 46 38 16 46 54 38 28 19
24 16 36 16 22 42 27 21 48 15 55 12 39 48 23 41 42 25 13 16
9 12 21 2 12 24 16 15 26 6 29 10 22 21 7 17 24 9 6 5
6 4 18 5 8 5 10 5 23 7 26 1 16 7 6 13 27 7 1 5
26 32 19 14 5 25 38 7 32 8 44 17 29 34 9 27 39 25 23 4
3 2 13 2 5 3 1 1 8 1 10 1 8 11 1 7 10 7 1 1
22 41 34 23 13 39 37 14 52 23 66 22 44 42 23 44 57 31 29 10
19 25 16 11 14 25 31 25 32 1 35 14 34 24 8 23 33 26 16 14
3 21 10 3 6 4 20 5 27 1 31 12 13 13 1 20 20 17 12 1
38 35 38 28 34 56 33 34 56 19 62 18 53 46 16 51 49 36 15 26
1 3 3 1 1 5 1 1 1 1 1 1 4 10 1 1 3 1 2 1
10 12 1 4 6 26 13 17 17 1 25 7 28 17 5 13 19 1 6 5
11 3 9 2 1 18 11 10 8 1 9 1 14 13 1 4 6 1 1 8
17 10 23 1 10 21 24 19 38 6 40 8 24 21 13 19 26 11 1 10
1 3 3 1 1 14 1 6 7 4 12 1 12 12 1 5 6 1 7 1
19 20 22 15 9 25 18 8 26 8 37 7 25 28 6 26 27 21 12 1
5 20 20 5 9 12 23 11 41 2 45 10 22 18 5 25 26 21 9 1
6 13 16 6 6 9 7 4 23 1 28 1 16 11 1 10 23 10 3 1
24 26 37 1 19 37 42 26 55 24 58 18 35 41 32 36 45 30 9 14
6 5 16 8 11 8 1 5 12 12 14 1 12 7 1 16 17 11 5 1
45 43 52 25 33 50 45 23 55 25 58 15 46 55 16 55 42 50 17 23
35 41 41 20 37 59 41 35 51 25 48 36 51 50 32 42 39 37 21 33
13 26 25 8 18 35 32 22 43 9 46 19 36 34 12 37 32 24 15 13
35 48 46 30 35 58 45 27 59 17 64 27 54 43 26 45 61 36 25 25
26 49 32 27 27 46 45 15 41 12 55 29 43 38 25 43 57 36 23 9
10 1 27 5 7 19 8 4 20 11 22 1 10 25 3 20 12 14 4 3
35 49 45 29 24 45 39 13 57 34 70 31 42 56 31 54 61 48 40 9
24 33 41 15 24 29 38 15 48 13 50 15 25 32 12 38 45 36 10 14
18 20 18 15 18 25 16 23 31 12 34 5 32 7 2 19 35 14 5 12
17 25 37 5 28 40 25 24 50 21 52 26 38 39 23 39 41 32 14 10
10 22 34 6 11 25 25 7 46 13 47 13 24 39 11 38 28 31 19 5
17 11 20 8 8 18 15 10 21 8 25 1 22 21 1 13 25 13 8 4
12 22 35 10 17 30 21 17 46 24 50 14 37 30 21 31 47 19 18 10
40 39 43 19 27 58 48 22 53 25 54 23 48 61 18 52 32 42 24 25
11 7 15 1 4 8 10 4 14 3 15 2 9 16 1 9 11 9 3 2
27 36 46 22 35 43 52 31 65 9 64 21 47 39 27 45 50 35 6 29
2 9 9 3 4 11 3 3 10 1 12 1 8 14 1 6 11 3 6 1
5 12 16 7 10 10 12 7 25 4 29 7 15 9 4 14 20 11 1 1
39 42 35 33 27 47 39 29 40 17 50 20 47 41 19 37 53 35 28 22
2 9 2 1 1 9 5 1 14 1 19 1 9 8 1 2 16 1 4 1
1 8 1 1 1 6 4 2 11 1 16 1 5 5 1 8 6 4 5 1
14 17 25 14 17 15 9 15 29 11 32 6 23 9 1 19 23 18 1 7
1 13 16 1 2 7 10 1 14 9 16 10 5 12 6 9 12 7 7 1
1 4 5 1 3 1 4 1 7 1 9 1 3 4 1 10 5 7 1 1
1 5 11 4 7 15 1 7 22 6 25 1 14 9 1 12 19 6 3 1
29 19 28 8 11 32 35 22 36 16 38 1 32 32 21 21 38 19 7 15
20 15 30 6 14 28 15 11 22 19 27 13 26 34 13 25 29 23 19 9
1 1 3 1 2 6 2 1 11 1 17 1 7 3 1 6 10 3 1 1
9 20 33 5 12 22 24 2 33 8 33 16 6 32 15 21 27 17 7 6
18 32 28 19 20 26 28 9 39 12 40 12 26 27 1 34 31 28 13 14
12 26 33 11 28 40 13 24 51 28 61 23 43 41 31 44 48 29 28 15
9 5 10 1 6 9 10 7 7 1 13 1 12 8 1 10 12 7 1 6
6 10 10 4 4 10 7 4 8 8 12 3 11 15 3 10 13 6 11 1
29 20 38 10 9 45 28 14 37 23 45 15 34 51 24 32 43 20 24 16
28 28 25 22 23 36 30 27 24 15 24 16 35 30 19 20 36 21 22 24
2 15 11 3 2 16 6 1 13 11 19 6 9 22 6 12 19 7 15 1
11 30 24 11 20 42 16 16 45 18 57 22 39 36 21 40 43 22 23 4
7 8 1 1 1 8 11 8 13 7 18 1 12 6 4 8 10 8 7 4
10 10 12 6 1 10 10 1 11 6 18 3 11 21 7 5 19 5 12 2
8 19 17 5 11 10 18 6 20 5 21 12 14 11 8 12 25 11 7 5
13 9 3 7 2 22 12 9 3 2 10 2 19 15 1 6 17 1 8 8
14 22 7 8 6 18 24 11 15 2 22 11 21 10 6 8 25 7 9 7
18 16 23 15 27 38 20 27 36 8 36 11 38 26 9 32 24 18 3 20
35 32 31 26 17 42 44 11 40 1 49 14 39 44 12 36 37 27 17 21
2 7 5 2 1 15 3 7 9 1 11 1 12 14 1 4 7 2 5 1
15 30 11 16 7 27 27 6 24 5 36 16 25 30 10 29 26 19 23 6
8 11 21 8 21 22 6 21 39 10 42 5 29 15 11 25 25 17 1 7
8 20 11 4 8 37 16 17 26 12 31 17 30 31 13 23 25 8 16 8
10 7 6 3 3 14 11 8 5 6 8 1 12 15 1 4 12 1 6 8
17 14 23 6 6 20 28 12 28 1 30 8 16 20 9 14 25 11 1 13
16 23 27 18 18 44 15 12 35 16 47 19 38 44 21 39 38 19 26 5
1 9 14 2 4 17 2 3 10 12 15 7 11 21 7 12 15 7 14 1
7 2 7 1 3 7 9 7 13 1 16 1 12 4 2 4 18 1 1 4
5 6 5 1 1 7 7 7 9 1 11 1 11 6 1 7 6 5 3 1
19 37 51 12 33 47 26 13 57 17 57 33 33 52 25 46 39 36 17 14
15 15 3 8 9 20 21 20 16 5 18 3 24 5 6 10 15 9 5 12
7 12 13 2 3 19 12 9 20 1 23 1 13 23 1 17 8 11 7 4
28 36 33 13 11 37 44 5 39 7 47 18 23 44 22 32 40 29 13 5
10 12 8 1 6 17 17 17 20 1 24 4 21 14 4 17 12 10 8 7
1 4 1 1 1 1 3 1 3 1 6 1 1 1 1 2 1 1 1 1
22 28 27 19 12 35 40 10 37 8 44 16 34 39 18 27 36 10 14 24
31 36 30 28 31 54 32 28 41 17 43 29 45 55 23 42 27 29 24 29
3 5 11 7 11 13 1 11 23 6 27 1 16 2 1 16 16 10 1 1
6 12 31 6 11 17 21 11 36 14 41 1 22 31 14 28 32 18 10 12
25 33 14 19 6 36 40 11 31 10 42 19 30 33 18 24 39 17 23 11
26 22 38 19 23 39 13 23 40 26 47 5 35 34 11 38 36 29 13 8
2 1 2 1 1 5 1 3 2 1 4 1 7 4 1 1 1 1 1 1
5 11 11 2 1 16 6 1 8 7 17 3 9 26 2 10 12 9 14 1
11 9 12 7 10 17 14 11 18 9 21 6 19 11 4 12 21 8 7 8
17 44 44 9 27 38 41 18 58 19 63 33 39 46 30 43 61 40 28 14
6 18 15 4 5 20 15 9 21 7 24 10 16 21 6 8 20 6 10 4
1 4 6 1 1 4 1 1 7 1 10 1 3 9 1 1 7 1 1 1
13 18 15 5 13 33 19 20 27 16 32 14 31 28 13 28 22 17 20 9
15 22 25 7 10 32 23 11 32 16 34 16 24 30 13 24 28 15 15 12
27 45 17 22 23 44 43 29 49 17 60 35 53 46 26 48 46 34 35 15
35 23 41 15 29 56 30 30 43 23 43 20 44 50 27 40 40 32 19 24
9 14 21 1 6 14 18 6 23 5 25 10 10 20 6 11 17 12 3 2
6 1 8 2 5 8 5 8 13 1 18 1 15 2 1 7 14 4 1 3
1 4 8 1 4 5 3 1 5 4 9 1 3 9 1 7 8 4 4 1
4 23 30 5 15 28 36 19 56 6 57 13 33 43 15 43 35 23 13 15
23 43 50 22 39 52 28 24 63 23 69 31 50 44 31 47 61 39 18 8
21 10 19 9 15 27 23 23 28 1 31 4 28 18 12 16 27 15 2 13
12 21 21 13 11 25 24 2 29 1 34 9 17 32 3 25 18 18 12 12
6 11 22 5 16 25 18 19 42 6 45 9 29 21 14 25 33 11 1 11
11 12 10 7 1 16 19 5 17 5 29 4 23 23 13 10 29 1 12 5
17 14 24 3 11 25 6 14 21 21 27 16 25 27 16 18 26 16 19 10
31 42 52 25 32 46 61 16 56 16 57 31 41 52 27 42 46 34 14 37
3 10 3 1 4 12 10 9 18 5 21 1 13 10 1 14 5 7 7 1
13 11 14 10 9 22 13 9 11 8 16 4 22 21 3 13 25 7 13 7
20 14 17 12 10 25 22 18 19 1 23 5 26 21 15 4 33 8 8 17
24 18 26 18 21 21 15 21 30 16 32 1 29 10 5 20 36 20 1 15
7 9 15 8 11 9 6 8 19 6 23 1 16 5 1 15 16 12 1 1
1 8 10 1 1 19 7 6 18 6 23 4 11 17 2 13 8 2 4 1
27 33 41 9 31 39 43 27 58 13 61 15 39 33 23 45 44 40 1 8
41 33 37 28 28 55 44 28 46 12 50 17 46 51 19 41 42 32 22 27
5 8 7 1 4 10 8 1 10 1 13 4 7 10 1 8 9 1 1 5
11 4 17 1 4 9 13 4 21 3 24 1 12 12 1 14 16 14 1 1
31 39 43 14 14 40 62 17 59 20 59 25 37 56 17 45 42 41 19 22
36 39 24 23 29 48 42 39 47 18 55 25 50 45 26 41 44 32 28 27
1 1 1 1 1 7 1 3 3 2 7 1 5 5 1 1 1 1 1 1
10 7 15 3 8 13 13 13 24 1 27 1 21 9 1 17 15 13 1 3
27 36 40 24 35 43 39 34 54 10 55 21 43 26 26 30 58 29 11 24
4 10 16 1 3 8 9 2 16 1 17 6 4 13 2 6 9 7 1 1
5 2 6 1 6 14 6 14 17 1 18 1 19 7 1 10 7 1 1 2
11 12 12 1 1 13 21 4 17 1 18 2 9 19 1 13 13 9 3 7
15 10 15 9 8 20 11 14 15 1 23 4 26 17 1 13 23 9 10 7
14 16 22 12 12 25 18 9 25 1 26 8 16 24 1 23 8 16 4 14
9 7 3 4 6 15 10 12 10 2 15 1 20 5 1 7 19 3 4 6
6 4 2 2 1 14 5 3 3 1 12 1 13 13 1 3 13 1 5 1
36 38 26 26 15 44 42 23 26 11 34 24 39 41 22 23 42 23 26 21
11 11 25 11 5 22 17 1 19 8 32 6 19 34 13 22 32 9 15 6
29 35 28 26 37 54 36 42 49 20 52 27 54 39 27 36 53 28 25 31
29 34 40 24 36 56 35 34 54 19 53 25 52 47 26 41 50 33 19 29
15 13 11 9 12 15 21 14 21 1 24 5 20 5 10 9 28 7 1 12
1 1 1 1 1 8 2 2 1 1 3 1 6 6 1 1 1 1 1 1
1 9 2 1 1 8 5 1 10 5 15 1 5 10 2 4 14 1 8 1
10 23 33 4 20 40 12 20 48 25 53 21 37 45 30 35 42 17 23 16
8 9 12 1 1 6 14 5 15 1 16 3 9 9 1 4 12 6 1 1
16 22 23 2 4 24 14 5 21 14 27 15 21 32 10 14 29 13 19 3
13 15 28 7 13 9 18 10 33 4 35 5 18 6 7 14 34 16 1 6
25 38 38 15 28 49 46 23 55 20 56 28 41 40 31 40 44 28 18 26
28 35 25 21 18 40 39 13 25 1 32 20 31 33 15 22 37 16 11 18
2 14 4 3 1 12 9 6 13 1 17 2 12 11 1 6 9 4 7 1
14 13 26 4 4 23 20 3 26 9 25 7 9 28 4 16 11 14 2 6
15 13 15 5 6 12 18 10 16 1 18 8 14 12 4 6 20 7 1 9
19 26 33 12 22 25 35 11 37 2 39 15 25 23 13 27 36 29 1 5
15 10 15 9 12 10 17 11 14 4 18 1 19 10 3 14 20 16 4 9
36 41 39 24 24 43 48 26 52 16 57 22 43 43 21 36 55 39 25 18
27 39 46 17 18 46 53 15 62 19 72 27 39 63 32 54 51 34 27 16
22 36 56 18 25 39 38 5 57 19 60 20 29 48 21 44 50 38 12 13
11 11 10 4 7 15 17 13 17 9 19 7 18 9 4 11 19 7 8 8
8 8 11 3 6 11 13 8 18 3 22 1 15 9 6 10 23 7 5 5
9 10 5 1 1 8 13 7 9 1 12 6 11 6 1 4 12 1 1 6
7 5 7 1 3 6 8 5 6 3 7 1 8 7 1 6 7 3 1 4
3 12 18 7 8 25 9 5 21 9 23 4 16 23 4 25 16 14 13 5
19 25 18 18 13 28 23 3 21 6 24 14 21 30 1 18 15 12 12 16
1 4 6 2 5 6 2 3 11 1 14 1 6 5 1 7 10 4 2 1
11 24 29 7 11 23 20 5 29 10 34 17 16 31 12 20 29 18 15 1
4 8 7 1 2 6 8 2 10 2 13 4 6 9 1 4 10 1 1 1
24 18 16 7 8 24 31 20 26 9 26 7 28 23 8 22 19 24 10 11
3 14 20 1 2 10 9 1 17 9 19 10 6 20 6 10 17 10 10 1
7 28 17 13 18 31 30 22 45 8 46 19 32 31 6 42 23 28 18 9
14 36 38 16 26 28 25 13 47 8 50 16 26 26 11 36 37 37 5 4
4 9 8 5 5 12 3 5 11 4 17 1 12 12 1 7 15 4 8 1
45 45 50 19 29 48 55 19 57 25 57 25 38 56 20 47 34 46 18 29
5 10 8 1 6 8 9 1 13 7 14 6 8 10 1 8 11 5 5 1
13 9 28 1 9 22 24 14 43 7 45 5 25 29 14 23 33 12 2 7
35 20 33 16 16 37 38 10 34 8 34 8 28 36 8 27 23 24 3 22
12 4 15 1 1 12 9 9 15 6 17 1 13 15 1 12 6 11 1 1
25 32 18 20 11 33 30 8 22 14 37 19 37 39 17 33 41 26 31 6
12 7 14 1 1 18 11 9 16 3 20 1 14 21 1 13 11 11 4 3
34 36 38 32 31 47 37 20 44 14 46 20 46 35 3 35 34 27 15 28
44 43 45 24 23 62 35 23 53 35 64 35 51 65 34 52 57 38 41 18
4 3 1 1 1 8 6 6 6 1 9 1 10 1 1 1 8 1 1 1
27 37 26 29 31 42 25 32 46 23 54 10 48 28 16 46 38 32 20 16
4 11 8 1 1 11 8 6 18 1 22 2 11 17 1 12 9 11 8 1
11 15 9 4 10 11 21 11 16 1 14 7 16 1 6 5 23 7 1 8
1 11 7 1 1 5 11 1 10 2 11 5 4 9 1 3 6 4 1 1
17 25 12 10 10 21 30 16 19 7 21 14 24 21 11 16 22 18 17 14
11 7 1 5 10 24 11 21 13 3 15 3 27 11 6 11 15 2 5 9
1 16 12 1 12 23 10 15 28 9 29 11 19 23 8 21 17 10 10 4
25 21 6 19 7 32 23 17 14 5 28 12 34 22 13 15 33 8 18 11
1 7 10 2 4 11 7 3 15 1 18 3 7 8 1 9 10 3 1 3
17 37 39 4 16 40 43 16 58 19 60 26 26 53 24 47 38 39 20 6
31 39 33 13 12 39 53 17 46 15 55 20 34 44 27 31 52 29 21 13
32 50 34 25 31 46 58 30 51 7 49 34 41 41 24 37 45 39 22 31
6 27 11 9 10 16 28 15 33 10 37 18 24 22 1 29 25 26 20 1
24 26 34 19 18 39 27 8 34 12 39 17 34 41 11 29 38 20 18 17
1 12 3 1 1 5 11 1 13 1 16 3 4 11 1 7 3 6 4 1
1 6 3 1 5 14 5 11 14 5 18 1 13 7 3 11 4 4 3 1
6 8 10 1 3 12 12 9 24 1 27 1 13 13 2 12 14 8 2 1
4 4 8 2 5 8 4 4 10 1 12 1 10 7 1 7 7 4 1 1
1 1 4 1 1 10 1 1 5 3 6 1 3 8 1 4 1 1 1 1
9 8 2 3 3 11 11 7 9 1 14 1 14 5 1 4 21 1 3 5
28 29 29 7 7 32 46 14 38 11 43 5 28 39 19 23 43 22 9 14
8 12 19 6 16 17 10 16 34 4 36 6 25 20 4 31 12 24 5 1
29 40 58 28 34 38 45 6 58 17 59 25 35 51 19 43 47 38 14 23
25 34 44 22 30 30 38 25 50 25 51 21 38 23 30 32 62 29 13 25
29 25 39 20 22 36 28 19 34 18 33 10 32 30 8 32 34 27 8 19
17 29 37 12 21 28 32 10 46 6 46 14 23 33 6 37 27 32 7 8
17 32 26 3 3 27 38 7 41 10 50 20 23 41 13 30 42 27 23 1
16 31 16 11 21 44 34 22 36 7 45 23 35 34 19 32 38 16 13 14
12 8 1 5 5 17 11 12 7 4 10 1 17 9 3 1 17 1 5 9
27 51 41 28 33 49 51 25 62 9 67 24 49 40 15 50 59 40 16 19
6 17 8 1 4 9 27 5 23 1 26 7 9 4 8 7 23 9 1 4
15 25 21 9 13 41 23 19 34 14 43 20 35 34 17 26 39 11 21 9
12 7 6 5 7 13 15 13 11 1 16 1 17 5 1 11 15 8 5 9
31 26 26 26 17 42 18 22 33 16 45 7 44 28 10 33 44 24 14 12
8 9 15 1 2 9 12 5 21 3 23 5 9 16 1 5 16 7 2 1
14 37 21 16 19 24 43 23 39 8 40 24 33 24 8 30 41 32 18 11
1 5 1 1 1 8 2 2 4 1 10 1 9 6 1 3 6 1 4 1
19 33 36 8 16 34 44 14 61 9 70 20 38 49 25 46 49 33 16 6
5 9 20 6 9 20 7 8 19 13 26 8 19 20 8 21 17 14 11 4
9 34 35 8 21 23 23 6 41 19 46 23 23 31 20 33 43 30 22 3
11 26 24 14 25 26 14 22 42 14 46 8 32 11 8 31 32 23 3 7
7 15 24 6 9 11 21 10 38 4 43 7 21 25 9 27 28 24 13 5
2 13 9 2 4 10 8 1 13 1 14 6 7 11 2 7 15 4 5 2
1 8 6 1 5 6 6 3 12 3 15 3 5 6 1 8 12 5 4 1
16 29 24 5 14 23 19 13 31 23 36 24 24 24 20 23 33 22 23 11
1 3 4 1 1 6 1 1 1 1 2 1 1 13 1 1 4 1 1 1
4 5 6 1 3 12 3 9 10 4 14 1 14 10 1 5 8 1 5 1
10 13 9 4 1 15 13 11 13 5 13 6 17 14 1 4 15 4 7 6
1 2 6 1 1 2 1 1 8 1 12 1 5 2 1 6 1 4 1 1
1 1 8 1 2 3 1 1 10 1 14 1 5 5 1 4 8 2 1 1
9 14 10 2 5 23 17 14 23 2 28 6 22 27 3 21 14 13 11 6
4 6 4 1 4 18 9 13 20 1 24 2 17 17 3 14 7 7 2 2
14 15 17 13 12 21 19 3 22 3 24 9 14 19 5 20 10 14 3 15
12 17 19 6 12 26 35 25 34 15 38 3 32 21 22 19 38 5 9 24
30 24 52 19 30 42 37 30 66 25 65 13 43 40 22 47 48 33 3 26
34 33 36 28 14 46 41 9 44 17 52 23 38 57 23 38 37 25 25 21
2 5 7 1 2 8 4 7 13 1 18 1 10 5 1 9 6 4 1 1
31 46 35 24 36 64 46 31 56 19 62 37 54 49 37 45 60 30 26 28
12 1 12 1 1 11 8 6 9 3 11 1 10 16 1 6 8 7 2 2
14 31 30 11 15 30 27 11 45 10 55 17 29 36 14 35 40 26 19 1
3 8 11 6 9 11 4 9 19 7 20 1 17 9 1 13 14 8 7 1
14 23 3 8 10 28 26 21 23 1 26 7 30 19 6 17 21 13 12 11
11 7 10 9 10 24 10 15 16 2 22 1 26 12 1 12 26 5 4 9
13 35 36 19 32 42 30 19 49 8 52 24 35 39 20 43 38 31 10 10
23 17 15 16 23 41 27 29 32 3 29 12 36 24 17 20 25 14 3 25
5 6 8 4 1 15 8 7 9 1 15 1 10 13 1 10 6 6 1 6
12 24 23 7 8 27 37 15 36 14 45 7 34 36 18 27 45 11 21 16
11 7 9 5 4 15 14 7 12 1 14 1 11 15 5 8 15 1 4 10
36 34 27 35 28 50 29 31 38 26 52 22 54 40 22 43 48 31 30 16
20 16 24 7 6 23 17 2 19 14 29 4 16 35 11 23 28 18 13 1
15 43 24 16 14 41 36 15 38 22 43 29 37 51 9 41 36 33 38 9
1 10 6 4 5 11 6 5 11 1 14 1 9 10 1 8 12 5 7 1
4 1 4 1 1 14 5 8 8 1 8 1 12 8 1 5 6 1 1 3
30 30 39 15 19 40 26 20 48 27 57 11 41 41 20 40 48 30 18 3
39 36 41 39 33 50 29 27 38 20 44 12 49 36 14 43 42 32 16 28
28 33 34 19 21 42 41 15 39 5 46 20 33 39 19 29 48 23 11 13
7 11 10 5 5 13 9 4 9 1 14 1 13 17 1 11 14 8 9 1
7 10 19 10 14 16 2 14 28 7 33 1 20 5 1 21 20 16 1 3
25 20 38 12 19 29 29 8 35 16 36 5 21 39 10 38 18 34 6 12
2 5 9 1 1 8 4 2 9 5 11 2 4 15 1 3 6 3 4 1
19 24 34 6 11 29 30 5 29 10 30 17 17 36 10 25 27 21 10 12
2 3 4 2 1 10 4 2 3 1 7 1 4 9 1 6 3 2 1 4
22 27 12 20 12 24 27 12 20 8 30 11 32 18 8 23 36 16 17 7
3 1 9 1 3 12 1 7 10 1 13 1 12 12 1 8 5 2 1 1
5 20 18 1 11 26 35 23 45 14 49 9 33 31 21 33 28 12 14 17
14 34 21 6 6 25 37 7 32 3 37 19 20 40 6 26 30 24 20 5
11 7 20 9 13 15 4 15 24 11 28 1 23 10 1 17 19 13 4 3
1 2 12 1 3 9 6 7 23 1 26 1 9 10 6 8 12 1 1 1
5 11 2 1 1 2 13 3 12 1 15 4 6 1 1 6 10 5 2 2
17 19 18 17 15 43 18 14 29 11 38 17 32 39 16 29 24 11 19 13
19 20 31 3 7 34 27 11 36 18 35 10 22 38 11 33 21 23 13 7
9 20 18 3 6 33 28 16 37 9 41 12 27 35 14 24 29 10 16 11
13 12 17 11 17 27 7 22 26 12 29 1 32 13 1 21 26 11 6 7
40 43 47 28 25 51 32 23 49 38 61 15 49 47 27 56 53 49 26 10
8 33 35 4 15 27 45 22 57 12 62 11 38 42 22 37 49 24 21 16
24 24 16 17 26 47 26 31 31 8 30 13 41 33 16 27 29 15 12 26
18 19 32 17 19 22 14 10 27 16 27 3 19 24 2 29 22 24 7 12
12 23 8 11 1 22 19 4 13 3 27 12 21 31 7 21 18 15 21 2
23 24 10 19 6 29 20 9 15 9 27 16 28 33 15 17 26 14 22 4
14 16 24 8 7 18 21 3 28 4 33 3 14 30 6 23 24 20 12 5
40 27 49 26 29 52 35 25 46 21 45 16 45 44 18 41 42 38 13 25
13 14 23 12 15 17 7 15 28 13 31 1 24 16 1 21 24 19 8 5
32 24 50 14 20 37 41 20 49 30 52 5 35 44 24 43 53 32 10 20
37 36 42 14 19 44 48 18 52 18 59 12 39 49 20 44 49 35 16 14
3 5 2 1 1 2 7 1 6 2 7 1 6 3 1 6 8 3 2 1
26 24 20 18 10 33 30 10 23 3 30 12 27 32 8 18 32 9 12 16
22 46 29 26 20 32 40 14 47 13 57 25 34 38 15 45 51 36 28 11
14 40 29 15 19 38 46 31 64 18 74 30 51 55 27 52 54 34 32 16
1 10 4 1 1 4 11 1 19 1 23 1 3 7 1 8 9 5 3 1
26 32 46 15 30 48 55 31 59 12 58 21 42 48 35 41 50 26 7 31
8 12 16 4 7 14 15 6 19 9 22 9 12 14 5 12 21 7 7 7
23 20 45 17 18 34 21 6 41 20 41 9 24 42 13 35 35 29 12 12
33 40 33 17 17 46 54 29 52 13 54 17 43 49 17 38 52 39 23 16
4 3 14 1 4 6 3 1 14 1 16 1 4 13 2 8 11 7 1 1
8 8 20 3 4 23 4 8 16 12 19 7 17 28 7 15 15 10 14 3
17 50 28 18 12 41 55 20 60 25 74 38 45 52 37 50 61 34 41 12
26 15 22 13 9 32 24 14 22 10 25 4 23 34 6 16 28 11 13 15
13 15 5 6 7 14 19 11 9 1 11 3 16 8 4 7 19 5 4 10
20 44 54 19 26 39 42 14 68 19 69 24 39 49 18 53 51 44 18 18
5 7 12 4 6 13 6 6 14 2 17 1 16 14 1 9 15 7 4 1
1 8 4 1 3 5 5 1 7 2 10 1 4 6 1 7 8 4 4 1
34 40 48 22 28 46 60 26 56 13 56 28 38 45 37 34 56 37 12 28
6 3 5 1 1 8 7 8 13 2 17 1 12 5 4 3 14 1 2 3
21 43 33 20 22 42 43 31 54 18 57 28 49 42 20 38 58 39 33 15
1 21 32 3 13 18 26 6 45 16 50 16 19 22 23 28 39 20 9 6
20 20 25 13 13 24 25 11 28 5 29 3 23 28 1 26 25 22 9 11
13 7 20 1 8 21 14 11 29 6 31 3 18 24 5 21 16 14 1 1
24 19 28 15 12 27 14 13 32 12 39 1 30 24 4 27 31 22 7 2
11 36 26 14 15 31 25 7 35 15 46 25 29 31 20 33 39 25 27 1
1 3 4 1 1 9 1 2 9 1 11 1 6 12 1 1 5 1 1 1
12 15 9 6 4 17 15 9 11 11 14 9 17 15 6 8 22 4 14 8
1 7 8 1 2 9 5 1 7 1 7 1 4 13 1 7 8 2 3 2
5 7 12 6 8 16 7 6 18 1 20 1 9 14 4 13 16 6 5 7
11 13 16 2 6 27 19 12 33 3 36 5 19 31 9 21 18 14 6 4
3 8 11 1 1 14 6 2 13 9 17 6 10 17 4 8 17 2 8 1
10 2 11 5 8 12 9 12 11 1 14 1 20 5 1 9 15 6 1 6
8 12 4 1 3 7 15 6 11 5 15 1 10 8 1 11 12 8 8 5
27 23 39 12 23 25 20 18 37 27 42 2 26 28 12 37 34 37 6 9
20 30 39 12 29 44 28 21 44 15 44 20 38 36 18 39 39 27 12 13
18 19 18 11 23 39 23 24 31 3 29 11 35 28 9 24 24 13 2 21
1 9 9 1 4 13 8 8 16 9 19 6 10 11 4 9 10 4 7 1
8 9 5 3 1 16 9 6 5 1 7 1 13 15 1 3 11 1 6 6
13 15 20 14 10 29 13 10 19 13 29 10 27 28 9 23 29 12 19 7
22 13 27 6 8 23 26 4 30 7 30 1 16 28 3 26 17 22 1 10
19 13 31 8 11 20 21 10 35 14 38 2 19 23 6 24 32 22 2 5
15 16 13 18 11 19 9 7 17 5 31 6 26 14 5 21 30 14 12 1
5 4 5 1 6 17 6 15 18 1 21 4 19 13 4 10 8 2 1 3
18 25 28 11 14 40 25 15 32 10 34 17 31 37 10 26 28 13 15 13
9 3 7 1 1 15 4 6 4 1 6 1 13 15 1 1 11 1 2 3
22 26 28 4 15 40 35 20 49 19 50 15 30 50 18 41 29 30 15 11
30 36 25 25 21 38 35 20 35 6 42 20 43 26 18 29 48 26 15 8
17 29 15 16 11 25 29 5 30 3 42 20 27 22 17 23 43 18 16 2
9 21 25 6 5 32 37 18 43 15 46 15 34 44 13 37 30 21 18 16
37 43 35 24 25 58 43 25 54 27 67 34 55 60 30 54 54 41 38 12
15 39 18 16 9 32 46 19 50 20 63 22 42 44 28 42 49 22 35 13
19 24 34 15 26 35 41 24 49 8 49 14 36 28 23 32 43 19 3 23
9 10 12 6 8 23 8 14 24 1 30 6 20 25 10 13 18 7 9 3
26 22 45 13 19 33 36 8 53 9 52 11 28 38 13 35 30 28 1 15
1 22 24 6 17 20 21 10 33 8 35 16 15 18 12 23 23 19 6 1
25 30 9 19 9 33 31 15 15 5 24 17 31 24 15 13 34 10 17 13
24 27 15 14 10 35 19 11 14 19 25 21 32 34 20 22 34 15 30 10
7 16 17 1 4 15 18 8 25 2 28 8 11 19 4 15 12 14 4 3
34 38 20 23 9 42 44 14 36 7 46 24 41 52 11 40 35 33 29 14
26 31 40 15 23 35 39 17 45 16 47 28 30 37 25 32 39 31 7 11
29 29 35 23 24 38 39 26 46 5 44 9 37 33 16 30 43 29 13 24
31 31 36 21 24 41 36 31 46 15 48 13 42 37 10 40 42 37 19 20
19 23 13 12 1 22 21 10 17 1 27 14 24 24 9 10 26 9 15 5
6 18 17 1 1 17 17 4 24 9 28 10 14 32 4 21 14 18 17 1
3 1 5 1 1 7 1 3 4 1 9 1 7 10 1 1 6 1 1 1
2 4 1 1 1 8 5 4 8 2 8 1 8 6 1 1 4 1 1 1
1 3 2 1 1 7 1 1 10 1 15 1 8 5 1 3 13 1 2 1
22 19 14 17 15 29 26 14 14 1 16 5 25 20 7 17 27 14 11 18
1 4 2 1 1 2 5 1 6 1 10 1 5 2 1 7 2 4 1 1
19 25 14 9 7 21 28 16 22 2 22 8 23 18 6 10 24 15 9 11
6 1 4 1 1 9 7 9 14 1 19 1 13 1 5 7 11 4 1 1
4 12 16 4 10 8 13 8 24 1 26 8 16 3 4 12 18 10 1 1
21 24 30 15 25 42 23 24 37 18 39 11 39 29 15 37 33 25 16 16
13 11 20 9 11 19 15 6 19 1 21 5 15 21 1 19 11 13 1 11
1 1 6 1 1 6 1 1 5 1 8 1 1 7 1 4 2 1 1 1
4 29 26 4 12 20 37 19 50 15 54 12 31 30 21 33 41 17 21 17
10 18 11 12 8 28 15 8 23 1 35 10 28 32 8 30 20 17 17 1
22 27 15 20 13 29 28 14 27 5 40 10 33 26 10 27 39 20 19 8
6 2 11 1 1 7 2 3 6 6 10 1 7 15 1 4 6 4 6 1
1 10 14 1 12 15 7 13 29 1 29 9 18 17 6 18 15 12 1 2
19 23 28 16 20 43 20 17 34 14 39 10 39 34 7 33 35 18 16 12
4 8 13 1 2 8 11 1 11 1 14 3 7 13 1 5 16 3 1 2
26 24 22 16 13 34 33 19 30 1 33 7 29 31 11 22 33 19 14 18
17 12 11 11 11 39 16 15 18 4 26 9 32 32 8 25 21 6 13 10
1 7 2 1 1 3 6 1 10 1 12 1 3 1 1 7 4 4 1 1
15 24 16 17 12 23 18 10 28 6 38 13 27 19 9 19 36 13 14 1
3 9 9 1 4 6 9 1 11 1 15 2 9 9 1 8 15 5 2 1
6 21 12 5 8 8 22 8 29 1 31 12 18 9 4 20 17 18 10 1
6 16 10 3 2 12 20 1 16 2 15 5 6 16 1 13 3 9 4 5
3 3 13 1 1 8 13 1 14 1 16 1 4 16 5 10 12 2 1 7
15 45 29 14 33 44 44 24 60 9 61 37 36 46 21 52 34 40 19 22
6 16 25 7 10 12 20 12 40 7 45 6 23 24 8 29 31 25 10 5
1 7 9 1 1 9 2 1 3 8 6 3 6 16 3 6 8 4 10 1
32 32 29 25 26 43 40 20 40 12 39 22 38 31 9 26 27 21 12 31
21 15 24 5 5 25 38 19 38 10 41 2 26 29 17 22 34 16 4 17
23 34 37 15 17 28 36 13 47 15 56 17 29 33 14 35 48 32 19 5
7 4 7 1 1 12 8 4 4 1 6 1 8 14 1 2 8 1 1 5
1 8 4 1 1 4 5 1 10 1 14 1 4 6 1 8 8 5 4 1
9 14 15 7 19 29 16 19 33 5 32 12 27 20 9 26 17 12 3 13
9 5 8 4 4 16 9 6 6 6 7 1 11 16 1 9 11 1 7 8
4 13 18 4 5 20 19 11 30 9 35 1 19 25 13 21 24 9 10 11
7 14 5 7 4 14 8 1 9 6 14 5 11 17 3 8 15 3 12 1
12 8 7 6 8 23 12 17 15 1 19 1 23 11 5 6 24 2 3 9
8 27 17 4 12 16 29 6 25 1 28 13 16 16 8 18 29 17 7 4
7 14 1 4 1 18 13 6 15 1 24 4 17 14 2 6 19 1 7 1
6 14 6 6 4 13 8 6 16 5 21 5 13 12 1 6 18 1 9 1
8 6 7 2 1 11 5 6 7 1 10 1 12 14 1 1 13 3 5 3
4 4 7 1 1 6 5 1 7 1 10 1 5 9 1 2 6 1 1 1
1 12 1 1 1 7 8 1 8 1 11 1 2 11 1 6 4 4 6 1
6 17 19 8 11 13 12 7 27 5 31 3 17 18 1 25 19 21 7 3
28 31 25 30 21 41 19 22 32 17 45 8 44 25 13 38 39 27 15 11
11 16 11 4 15 31 21 22 31 8 32 15 26 23 12 21 21 11 5 15
25 31 28 16 17 36 30 17 46 16 58 12 36 42 16 43 38 32 19 1
6 6 7 3 3 13 9 2 13 1 13 1 8 11 1 8 6 1 1 5
1 11 5 1 1 5 8 2 10 3 12 5 4 7 1 2 9 2 4 1
14 30 12 14 6 30 26 5 27 6 39 21 23 28 18 19 34 13 17 2
11 9 28 5 5 26 11 5 30 12 34 3 17 32 8 22 26 15 11 2
18 35 41 11 28 44 34 20 46 17 50 27 37 40 25 39 45 32 18 12
32 39 45 27 17 46 44 19 61 29 73 17 46 56 25 57 57 41 28 16
10 3 6 1 1 9 6 6 1 1 4 1 12 11 1 1 10 2 3 4
3 3 12 6 9 5 1 3 13 3 19 1 10 3 1 13 14 10 1 1
28 37 30 12 16 50 40 22 44 18 54 25 41 51 23 39 42 28 27 12
5 5 16 5 13 16 12 14 31 3 36 4 23 13 12 20 21 9 1 5
16 29 56 15 24 35 36 16 55 29 55 15 33 50 27 43 50 27 20 24
22 36 26 13 22 44 43 39 56 29 59 31 46 54 18 49 40 43 34 15
7 8 4 1 3 17 10 12 13 1 14 3 16 11 1 6 9 3 4 4
10 21 5 4 4 17 23 10 19 1 26 8 19 7 3 8 25 7 6 4
26 36 33 21 29 51 40 17 42 4 45 29 41 48 17 34 32 25 10 19
1 11 9 1 1 8 9 7 18 4 21 7 9 6 3 5 12 3 1 1
13 30 33 5 13 16 41 7 42 11 45 23 16 32 22 28 38 27 15 9
7 8 4 1 1 6 9 5 9 4 12 1 9 7 1 5 12 4 5 4
12 17 27 9 18 29 21 16 46 6 47 7 24 35 8 38 24 27 9 7
20 19 15 13 12 27 27 11 20 1 20 11 22 16 2 13 14 9 1 19
21 22 12 15 11 38 27 19 21 1 26 6 32 30 7 24 21 8 13 14
43 53 41 41 38 61 57 27 55 10 63 36 56 46 30 47 62 40 23 28
31 31 33 26 18 42 26 15 27 20 38 18 39 41 15 34 46 24 25 14
21 32 36 18 19 42 36 8 44 4 54 23 28 45 21 40 42 29 13 3
11 18 28 5 14 32 13 12 30 16 32 14 26 34 12 27 24 15 17 6
2 3 2 1 1 7 2 5 7 2 10 1 9 4 1 2 2 1 1 1
18 16 15 11 14 23 22 20 22 5 24 5 26 12 8 15 23 15 5 14
16 9 39 7 15 18 29 15 40 19 43 1 26 32 22 30 38 19 8 17
26 29 36 10 12 41 46 14 53 12 58 14 33 51 20 39 39 24 14 15
21 26 40 20 20 35 16 16 41 24 45 10 27 35 10 35 39 29 16 13
1 28 17 1 18 29 25 16 45 11 50 24 21 32 20 32 30 22 15 5
5 2 17 4 7 1 2 1 12 5 12 1 6 13 1 11 10 11 3 1
32 22 37 14 18 39 32 14 40 12 42 5 33 40 9 36 32 31 6 15
4 2 4 1 3 6 7 3 8 1 11 1 11 1 1 7 9 4 1 1
9 32 24 10 12 33 41 19 54 6 65 22 41 44 22 43 46 22 21 12
7 10 7 1 5 8 14 7 14 3 18 4 13 9 1 15 10 12 7 4
28 23 32 24 27 47 20 22 41 16 50 15 43 47 13 44 34 29 16 15
30 21 37 14 11 48 39 23 42 24 55 13 44 54 30 39 52 19 24 19
5 14 18 5 7 11 15 1 19 1 23 7 7 15 1 16 15 11 4 6
28 17 32 20 28 46 18 33 38 13 42 9 44 34 14 30 41 24 11 19
1 1 1 1 1 4 3 3 10 1 15 1 7 1 2 1 10 1 1 1
25 23 28 13 17 30 35 21 35 1 34 13 25 23 14 18 34 19 4 19
35 28 42 19 22 44 37 14 35 19 33 15 34 45 16 36 35 32 14 23
4 18 13 1 1 13 28 4 32 1 33 7 13 19 5 17 17 11 5 6
24 32 32 17 19 32 45 27 57 12 66 19 49 42 21 43 52 27 21 17
13 6 7 4 4 14 10 13 6 1 7 1 17 10 2 2 12 3 3 8
7 8 10 4 6 13 7 8 11 1 13 1 15 13 1 9 14 6 7 4
40 38 31 35 38 61 28 43 45 28 58 21 63 43 26 46 58 34 25 27
14 21 13 11 5 23 26 5 23 1 28 8 17 22 7 14 25 7 9 10
1 12 7 2 5 9 11 5 21 1 23 3 12 11 1 17 9 13 7 1
14 12 19 3 3 21 18 5 16 8 18 4 12 27 3 16 20 10 10 9
13 35 32 5 27 39 33 25 55 20 60 32 39 41 26 44 43 36 22 13
1 3 9 3 6 3 1 3 13 1 14 1 10 3 1 8 9 5 1 1
29 39 32 23 22 47 39 22 54 24 68 28 53 49 32 48 58 33 36 10
11 23 31 6 11 25 37 8 33 5 37 14 23 34 23 17 44 12 5 14
15 12 16 5 5 14 26 13 24 5 27 1 20 16 12 11 23 10 4 14
8 4 12 1 2 10 11 6 20 1 25 1 12 14 1 13 13 12 1 1
12 18 20 6 15 17 23 9 23 1 24 10 16 11 10 10 32 12 1 9
2 1 12 2 5 8 1 4 10 2 15 1 12 8 1 8 8 5 1 1
4 7 13 4 7 5 5 1 11 6 12 1 7 10 1 9 8 7 4 1
8 10 14 2 3 8 10 1 11 5 15 1 9 22 1 14 13 13 12 1
1 12 10 1 6 1 12 1 15 2 17 8 4 2 4 7 13 6 1 1
23 30 14 21 14 28 30 13 28 5 40 18 36 17 14 22 44 17 16 6
6 4 7 1 3 13 10 4 12 1 10 1 10 7 1 8 9 1 1 5
5 13 7 6 4 9 8 1 11 1 17 1 8 12 1 8 16 5 9 1
36 42 37 31 44 57 49 44 58 14 58 33 62 50 23 56 41 48 23 38
7 11 15 1 5 27 14 9 20 8 25 4 20 23 3 24 18 12 13 6
1 3 4 1 1 1 2 1 7 2 7 1 1 4 1 3 5 1 1 1
3 5 4 1 1 11 8 4 11 1 14 1 8 7 1 5 6 1 1 2
16 27 21 10 5 25 22 4 26 12 37 15 22 39 11 27 27 21 26 1
15 22 23 4 10 20 25 7 23 2 24 13 15 25 9 14 28 16 7 5
18 32 29 13 11 29 27 5 40 22 54 24 37 37 29 34 53 21 29 7
42 40 48 15 28 48 49 26 47 26 52 22 43 51 27 41 54 37 20 21
38 35 38 24 18 57 47 24 54 30 67 27 48 66 39 53 52 35 34 18
7 12 22 7 10 28 10 10 24 11 24 6 24 25 5 22 22 10 12 6
5 11 8 1 1 1 11 1 10 1 11 6 6 6 1 7 7 5 1 1
8 12 12 4 1 16 9 8 10 12 12 7 16 19 7 8 15 5 14 5
19 21 30 18 27 36 28 13 48 8 48 19 35 32 7 34 22 20 7 20
4 12 11 4 7 27 5 12 24 13 29 9 22 23 14 14 22 6 16 1
12 13 5 7 1 20 13 11 9 1 14 4 20 16 1 6 15 5 10 6
8 10 9 8 5 20 7 6 10 1 15 1 13 18 1 10 13 1 9 7
1 7 6 1 1 8 3 1 5 1 7 1 2 13 1 3 6 1 3 1
17 21 11 5 1 26 29 16 28 3 38 11 30 33 1 28 27 22 20 1
29 47 26 24 15 39 54 22 37 5 43 28 38 47 11 36 47 34 29 15
9 10 18 8 13 21 2 15 24 5 27 1 24 12 1 18 20 11 1 3
7 7 6 2 1 12 9 7 7 1 11 1 14 11 1 7 12 4 6 3
18 28 19 8 7 33 32 10 28 1 39 17 26 32 12 22 33 17 10 3
2 7 4 1 2 2 7 1 13 1 17 2 5 1 1 6 10 3 1 1
2 2 7 1 1 8 2 1 3 4 6 1 5 14 1 4 3 1 3 2
24 16 23 9 15 38 33 21 38 7 38 6 29 40 13 28 25 20 8 19
8 13 5 9 4 19 7 4 11 3 22 6 16 17 5 11 20 4 12 1
14 11 32 7 13 37 27 17 35 16 38 6 34 36 18 28 37 8 11 23
20 20 24 14 8 28 25 1 29 1 32 9 19 35 3 18 17 14 7 12
4 6 10 4 3 15 7 5 13 2 13 1 7 14 1 6 5 2 1 6
17 7 15 1 11 34 14 22 27 14 30 8 27 34 11 21 22 14 9 10
6 11 7 6 5 17 7 5 13 1 17 2 16 14 1 10 14 5 8 2
1 10 2 1 1 6 7 1 9 1 11 1 2 10 1 9 5 6 6 1
43 50 43 30 22 60 51 13 56 25 66 36 48 66 22 56 45 43 38 19
23 27 18 13 23 41 34 25 40 4 41 17 36 35 11 32 22 22 6 25
10 10 21 7 13 16 28 16 29 9 35 1 27 16 15 22 36 11 3 17
6 12 1 7 8 24 8 14 15 1 20 6 21 18 6 14 11 6 10 1
28 44 35 27 24 45 34 16 49 22 57 19 44 38 12 48 50 35 25 18
6 12 7 1 3 14 14 11 17 1 20 6 15 10 1 8 11 5 3 3
29 43 41 27 25 49 48 33 58 25 65 22 57 47 28 47 65 35 31 28
20 24 41 8 13 30 30 5 42 17 42 20 25 43 20 26 32 21 13 17
18 30 36 13 20 34 40 13 39 13 42 26 27 36 30 23 47 22 11 14
15 20 28 1 10 17 21 7 33 13 37 13 21 21 12 22 33 21 13 5
8 10 14 10 13 13 3 11 21 9 24 1 19 4 1 15 17 12 1 3
9 39 39 4 18 40 42 18 58 24 66 24 39 50 33 43 53 23 29 14
3 6 11 4 10 12 3 11 20 1 21 1 20 8 1 14 13 6 2 1
22 27 46 3 12 36 47 18 56 26 59 8 38 57 25 48 51 34 20 16
24 29 34 8 16 29 44 11 42 6 42 15 22 35 11 34 34 32 8 13
1 9 7 1 3 3 6 1 8 1 10 1 3 8 1 8 8 5 4 1
17 52 30 24 34 49 39 24 61 10 74 35 50 44 25 58 55 44 22 9
33 43 46 16 37 53 42 32 61 23 67 25 50 50 31 53 55 45 12 12
10 19 20 13 10 27 20 10 34 11 49 10 31 30 16 32 36 17 22 2
11 5 13 1 3 13 9 9 16 6 16 1 13 14 1 11 3 10 1 1
15 12 8 7 3 24 14 13 12 2 18 2 22 20 2 6 21 5 8 8
20 34 36 3 12 24 41 7 48 15 54 15 21 39 20 32 43 32 16 1
7 19 5 7 8 21 14 13 24 1 31 6 21 17 5 19 16 9 13 1
20 25 19 16 13 44 23 16 26 14 36 17 36 38 17 34 30 15 25 10
16 6 12 1 2 15 16 11 17 1 19 1 15 11 1 7 14 6 1 5
4 4 9 1 1 13 2 7 12 1 14 1 9 13 1 5 4 4 1 2
1 6 6 1 5 6 5 3 15 3 18 1 6 4 4 7 12 4 1 1
38 34 35 21 15 42 50 19 53 19 65 17 47 45 29 43 58 33 21 12
24 22 22 22 14 33 22 11 24 4 33 8 32 29 7 26 35 15 13 11
7 14 21 6 8 19 17 7 29 1 30 3 19 30 1 30 14 23 10 3
35 30 37 29 32 49 29 34 44 17 46 6 48 35 9 46 38 34 13 24
14 34 31 8 21 35 17 19 43 26 48 27 29 33 23 34 36 28 28 12
32 42 30 22 21 46 30 20 43 27 56 35 49 41 30 38 58 30 38 13
30 29 16 18 6 29 33 12 21 5 32 17 30 29 14 16 36 15 17 9
7 4 1 1 1 11 7 9 12 1 17 1 13 6 5 4 12 1 1 4
16 44 40 7 18 35 41 24 62 32 67 36 41 51 34 46 58 37 37 19
17 13 19 10 15 24 13 20 27 3 28 1 31 17 1 23 23 17 4 5
17 21 15 11 11 23 26 11 16 5 12 10 17 19 7 10 23 8 7 16
13 12 8 5 6 18 17 15 13 1 17 3 19 11 3 7 18 4 3 9
8 3 5 1 2 14 11 4 5 1 6 1 8 9 1 8 9 1 1 7
3 2 6 1 1 8 2 2 5 3 10 1 6 10 1 4 6 1 1 2
34 33 32 32 26 45 30 16 28 16 37 13 41 35 8 41 39 28 18 23
41 40 40 18 22 41 58 18 51 14 51 19 36 47 17 41 36 39 12 25
31 46 35 23 30 45 53 23 50 6 48 29 43 43 11 39 33 36 20 29
2 7 1 1 1 5 7 1 7 1 11 1 5 6 1 4 5 3 1 1
3 15 3 4 1 17 12 1 8 4 17 3 7 22 1 12 12 4 15 1
27 33 38 24 30 41 34 24 44 19 43 22 38 28 23 30 51 28 17 23
3 1 10 1 1 5 1 3 10 1 13 1 4 10 1 5 6 5 1 1
4 12 21 1 1 1 24 1 31 3 34 3 6 18 9 15 20 11 1 4
5 8 16 1 5 11 18 13 31 9 34 4 20 14 13 14 23 1 1 9
31 33 26 26 18 49 34 22 37 15 50 17 48 46 17 43 46 29 29 13
11 30 28 6 16 23 32 12 44 4 48 17 27 32 8 33 33 31 13 1
1 3 1 1 1 5 1 1 3 1 5 1 2 5 1 1 3 1 1 1
19 32 32 14 28 42 26 28 48 18 51 19 43 27 18 37 41 29 14 13
31 22 26 19 11 39 33 16 28 7 37 11 34 38 19 19 44 17 18 15
24 22 30 16 18 30 32 16 33 5 32 8 28 27 4 24 28 22 5 18
5 1 8 1 1 1 1 1 3 1 3 1 2 7 1 2 1 3 1 1
7 1 13 1 1 5 7 1 12 2 15 1 1 15 5 5 10 7 1 1
13 14 5 6 6 11 20 11 12 1 16 5 15 5 4 8 16 7 4 10
26 29 31 18 19 46 38 15 53 11 64 19 41 57 25 52 42 36 22 14
27 41 38 27 41 51 45 35 53 10 55 29 48 32 29 41 53 35 12 23
30 36 44 3 30 39 44 30 63 28 66 24 38 46 31 49 45 43 17 14
6 3 18 3 5 12 8 4 16 5 21 1 8 19 7 10 17 6 4 6
15 18 11 9 5 25 23 7 16 2 20 4 18 20 1 10 24 3 7 11
6 6 5 1 4 11 7 5 10 6 16 1 10 12 3 8 16 5 7 3
8 11 17 9 9 15 6 5 17 3 22 1 17 18 1 13 22 9 6 2
3 1 4 1 1 4 2 2 8 1 12 1 7 4 1 3 12 1 1 1
30 30 33 18 28 51 38 39 48 19 49 27 44 45 32 30 47 24 21 31
35 38 32 22 21 50 52 39 48 19 49 25 48 49 18 42 41 43 26 23
7 6 6 1 6 12 8 12 16 1 19 1 17 4 1 10 12 4 3 4
10 28 43 8 20 43 33 24 51 29 58 13 42 52 32 40 49 17 27 21
4 17 9 8 10 21 11 10 26 5 35 5 24 20 3 25 19 11 14 1
13 5 11 4 3 19 12 12 8 3 8 1 16 15 1 6 8 4 1 10
26 36 17 20 12 48 40 19 34 10 45 22 40 43 16 36 35 18 26 14
21 10 23 9 3 27 23 8 23 2 34 4 24 32 10 18 33 10 10 9
2 4 8 1 1 3 2 1 8 1 9 1 4 6 1 3 3 2 1 1
22 20 23 21 16 33 20 11 20 13 26 10 29 30 8 27 30 14 18 13
32 39 46 32 24 47 36 17 50 24 63 19 47 51 21 52 52 39 28 21
16 20 18 7 13 19 25 15 22 5 26 10 20 15 9 11 30 13 5 11
18 9 21 7 4 20 20 8 23 3 32 3 23 27 10 14 32 9 9 8
40 39 43 20 25 57 49 30 53 22 52 21 44 52 27 40 46 36 21 26
1 9 6 1 3 13 8 7 14 1 18 1 9 10 1 11 7 6 4 3
22 21 18 19 16 38 26 20 22 8 27 7 35 26 9 24 31 12 15 16
34 24 43 13 23 42 45 24 53 20 53 4 37 46 20 43 41 34 10 21
1 1 3 1 2 1 1 1 8 1 12 1 6 1 1 4 7 1 1 1
14 11 10 2 2 17 20 12 19 1 22 2 16 12 2 6 17 6 1 7
14 12 18 6 6 21 14 9 22 3 24 4 17 24 3 12 22 8 7 8
18 19 25 15 25 40 13 30 39 22 42 12 41 21 11 35 33 22 9 15
5 10 11 5 5 13 4 4 11 3 16 1 11 17 1 7 15 5 8 1
22 24 40 10 27 30 24 24 57 20 59 12 33 26 20 38 40 33 1 5
24 43 38 26 33 56 21 29 55 31 68 23 52 44 26 55 53 37 27 16
11 32 16 3 8 31 36 19 41 5 48 20 31 36 10 27 38 21 21 3
11 18 12 10 5 19 16 5 20 4 32 5 24 26 1 21 26 15 17 1
17 18 15 14 17 20 23 18 29 7 34 5 27 10 8 23 30 20 8 11
4 16 15 4 8 14 17 2 17 2 16 11 4 13 7 11 11 8 1 6
17 30 18 18 13 23 25 9 31 7 41 11 28 27 7 32 37 23 19 6
28 27 15 25 27 51 30 32 31 15 46 20 52 38 23 39 44 23 23 22
18 29 16 18 11 29 29 12 37 7 50 19 33 27 20 27 40 16 20 3
17 20 23 12 21 37 19 21 40 13 43 14 32 41 16 30 30 18 16 15
7 9 11 6 7 16 9 4 14 2 15 1 12 15 1 12 14 5 5 6
4 16 4 2 1 9 14 6 14 1 21 5 17 18 1 13 12 11 14 1
21 39 36 1 14 31 47 17 49 19 52 24 29 42 22 39 37 41 16 3
14 16 6 14 6 33 15 8 16 5 28 10 26 29 10 25 19 8 16 2
16 21 27 10 23 40 25 25 41 16 43 16 36 38 14 38 32 24 15 18
14 22 20 10 10 23 33 17 36 2 42 5 32 18 13 18 42 10 7 14
26 19 33 15 28 41 35 31 51 9 49 14 40 34 22 32 41 24 4 26
5 7 3 1 1 8 10 8 13 1 15 3 12 1 1 1 10 1 1 2
21 33 46 15 21 35 55 30 54 25 57 9 37 46 32 40 48 27 23 35
16 12 23 11 6 28 12 7 17 9 28 9 26 34 8 22 25 13 18 3
1 3 8 1 2 11 2 2 13 1 16 1 7 9 1 8 9 1 1 1
1 9 2 2 1 16 3 7 12 2 16 1 12 11 1 5 9 1 5 1
1 1 6 1 1 1 1 1 3 1 5 1 1 8 1 1 1 1 1 1
48 41 48 28 34 54 45 30 50 20 47 6 49 44 15 46 45 45 8 27
1 7 7 1 1 1 10 1 18 1 21 2 4 4 3 1 18 1 1 1
10 13 7 12 5 17 10 1 8 1 20 5 20 17 4 17 21 9 11 1
9 9 10 2 5 19 11 8 14 12 20 7 17 14 9 12 23 7 10 6
26 31 45 22 28 44 28 16 52 22 54 17 41 35 12 44 37 33 14 21
9 16 17 2 9 28 35 24 41 9 46 7 34 31 15 33 35 13 13 18
8 15 15 2 5 17 19 10 23 7 27 7 17 21 2 18 17 13 11 5
7 20 21 4 17 26 25 17 42 4 47 11 28 24 12 25 36 18 8 4
1 3 1 1 1 7 3 1 4 1 9 1 5 7 1 4 5 1 1 1
16 45 22 16 13 46 45 28 42 17 51 30 45 45 12 39 46 27 35 10
11 17 25 7 10 14 29 1 31 2 30 11 12 19 11 17 23 9 1 15
27 43 50 20 38 52 37 26 58 22 60 31 45 39 32 47 57 40 18 20
21 19 34 10 12 25 29 13 35 16 38 9 21 30 7 30 28 27 10 9
30 45 28 20 22 44 45 25 55 22 65 35 48 56 27 51 45 42 36 12
5 5 9 4 1 19 5 1 7 3 11 1 10 21 1 7 9 1 7 3
13 2 18 4 6 15 10 4 11 1 12 1 13 19 1 12 15 8 1 7
19 29 25 8 6 29 33 13 37 17 41 14 25 47 8 36 30 33 24 6
6 1 6 1 1 8 4 7 9 2 9 1 11 9 1 2 1 1 1 1
5 4 2 1 1 11 5 7 8 1 10 1 11 6 1 3 8 1 2 2
21 28 22 17 16 37 30 14 33 3 36 14 31 32 3 27 19 16 11 18
23 38 41 20 29 26 40 22 52 20 56 15 33 22 20 37 56 34 11 21
3 7 9 3 5 4 4 1 9 5 11 1 9 10 1 7 13 4 7 1
8 8 8 4 2 21 11 8 10 7 12 2 14 19 2 8 12 2 9 7
17 16 6 9 21 34 20 31 25 13 29 12 35 19 16 23 21 14 9 19
3 11 1 2 1 5 6 1 6 1 8 3 7 6 1 1 9 1 5 1
4 4 4 1 3 5 4 5 9 3 12 1 9 1 1 5 6 2 1 1
24 36 34 28 19 37 28 10 38 21 50 23 32 37 21 36 51 25 25 10
18 29 22 15 18 26 37 19 39 5 41 13 30 19 14 24 43 23 12 17
8 4 5 1 1 11 5 5 2 1 5 1 11 13 1 1 11 1 3 3
9 37 20 8 8 24 36 12 36 11 41 24 22 39 10 28 34 27 25 6
1 6 1 1 1 8 2 1 4 1 5 1 5 9 1 1 4 1 1 1
4 6 12 2 1 9 10 1 13 4 16 2 4 16 6 5 12 2 2 5
9 10 32 3 6 12 21 4 36 16 40 5 18 28 14 25 31 19 9 5
3 7 10 5 7 11 5 7 14 1 20 1 15 9 1 13 14 9 6 1
6 20 22 6 15 16 22 1 28 1 30 12 10 17 9 21 29 16 3 5
10 19 21 8 19 27 24 19 40 1 44 10 30 17 14 19 41 11 3 7
8 1 13 1 1 7 7 1 11 6 13 1 1 19 1 7 7 7 1 1
6 6 12 2 1 16 2 4 13 2 18 1 11 21 1 7 13 4 6 1
13 24 37 5 26 34 35 24 55 16 58 24 37 39 31 35 51 24 11 17
13 22 10 7 1 23 22 6 23 1 33 8 21 29 3 20 22 11 15 2
16 36 9 13 14 36 29 25 35 9 48 27 42 44 18 39 30 29 31 9
13 24 17 11 7 17 21 4 20 3 33 14 22 22 9 17 29 14 14 1
25 36 23 21 21 31 44 25 41 8 45 19 40 33 21 29 51 30 26 23
25 23 24 18 22 40 33 20 39 6 40 17 35 31 8 31 18 18 7 24
1 4 10 1 4 1 4 1 7 2 12 1 3 6 1 10 6 8 1 1
2 10 20 3 7 17 9 1 22 13 26 8 9 20 13 17 23 9 11 5
6 5 12 8 11 5 4 5 12 7 13 1 12 4 1 13 12 10 1 1
22 31 24 19 13 32 29 5 31 3 38 16 28 42 5 33 22 25 19 13
14 13 12 7 6 21 22 9 18 3 18 5 15 18 2 9 20 4 3 13
16 14 35 8 8 24 25 10 40 18 47 1 25 38 13 31 38 23 13 7
11 8 14 8 8 21 17 13 25 1 34 1 30 17 8 16 33 3 6 7
10 12 18 7 10 10 17 9 18 10 19 8 17 12 4 15 23 11 8 7
1 29 13 1 5 22 22 9 35 6 42 17 22 27 5 26 28 19 21 1
18 29 49 2 12 32 48 9 53 25 55 17 22 51 33 39 45 31 12 12
25 26 33 14 18 30 38 23 49 12 51 14 36 29 17 32 43 32 16 14
31 40 44 31 35 54 29 28 51 23 59 24 50 46 17 50 44 34 18 22
37 29 46 20 30 48 33 31 57 23 57 4 43 39 16 49 44 39 7 18
4 9 6 1 1 11 9 2 10 3 12 3 7 14 1 3 12 1 4 3
18 36 32 18 18 34 33 7 32 9 46 28 31 38 23 31 44 26 20 2
6 36 18 4 13 32 31 16 40 11 44 26 28 36 16 33 30 25 24 3
20 25 36 11 16 28 22 14 48 15 52 4 27 23 9 30 40 29 2 2
7 6 22 4 7 13 4 6 20 13 25 8 12 19 9 15 18 13 11 1
5 14 13 4 7 9 14 7 23 3 25 3 18 15 1 20 14 18 6 1
8 5 6 1 1 10 9 6 8 1 11 1 10 9 1 1 14 1 1 3
26 51 36 20 26 55 46 23 57 18 66 41 50 63 26 54 46 39 34 20
18 23 23 13 8 21 24 5 23 5 31 6 21 28 1 24 29 17 12 4
11 12 19 7 4 11 17 2 26 1 34 1 17 20 5 16 26 13 7 1
12 20 19 4 4 21 24 5 26 2 24 6 16 30 1 20 13 15 10 7
1 4 2 1 1 4 1 1 5 1 11 1 7 3 1 6 8 3 2 1
9 12 1 2 6 18 18 17 15 1 21 2 24 14 2 14 13 8 7 6
25 18 23 14 17 18 27 17 23 7 24 8 24 18 10 16 27 21 7 16
9 9 15 6 1 20 11 8 19 3 27 3 18 24 9 9 22 4 9 6
9 21 34 3 14 24 13 7 33 16 34 19 20 30 15 24 27 21 15 4
3 10 18 3 8 17 10 10 28 11 33 6 17 17 11 19 23 10 11 3
1 13 3 2 1 8 9 1 10 4 14 5 5 10 1 4 13 3 6 1
2 11 3 3 1 13 5 1 6 7 12 4 7 15 2 3 12 1 11 1
4 11 14 1 4 12 9 4 15 12 22 7 11 17 7 17 13 12 13 1
23 49 37 24 32 46 51 30 53 12 57 34 47 42 26 42 57 41 28 20
5 8 8 1 1 15 6 6 10 11 14 6 11 14 6 7 7 4 9 1
11 24 24 10 16 14 24 12 32 7 34 12 20 15 7 24 27 23 8 5
9 9 14 1 3 15 11 9 11 12 16 7 16 16 7 12 17 7 11 6
23 26 19 14 9 32 33 18 28 5 39 15 37 40 6 33 33 26 25 10
9 6 1 2 2 11 10 8 3 3 6 1 12 5 1 1 12 1 3 6
8 18 11 1 6 11 22 6 20 1 24 9 10 11 5 14 20 12 6 6
13 20 22 4 8 16 24 12 34 6 35 7 23 21 1 23 24 23 9 2
15 38 43 15 30 43 37 19 65 16 71 26 35 50 26 49 50 41 17 6
12 11 12 7 1 20 7 1 3 7 13 7 14 30 6 10 14 5 16 1
11 21 7 12 1 24 16 2 13 6 22 12 18 27 8 14 21 5 17 1
19 31 30 22 35 44 29 27 56 19 57 21 40 37 19 46 36 32 15 23
12 7 12 1 1 5 13 2 13 2 13 2 5 14 1 4 13 7 1 1
18 42 18 17 13 33 47 21 35 5 39 24 33 34 8 28 44 26 23 14
5 7 18 9 12 15 2 9 17 7 18 1 14 12 1 16 15 11 2 4
32 36 42 31 26 41 34 8 43 16 48 25 38 47 8 36 34 28 23 21
1 6 5 1 3 12 4 5 13 1 18 1 9 8 1 11 9 6 3 1
6 9 19 3 6 6 14 4 29 1 32 1 9 14 4 17 17 17 4 1
1 1 9 1 3 11 1 3 9 1 12 1 8 9 1 8 5 2 1 2
38 51 31 32 37 64 51 34 57 22 66 44 55 55 39 53 57 37 33 28
9 4 4 2 11 23 10 19 23 4 26 3 24 13 6 13 19 3 3 7
35 39 16 29 16 45 44 12 25 5 31 19 39 39 10 29 26 23 21 23
16 21 17 13 11 31 26 13 28 1 35 9 34 35 2 34 24 19 17 8
8 10 4 3 3 16 10 10 13 2 20 1 20 9 1 11 16 4 7 2
12 14 18 11 9 13 8 5 17 5 25 1 19 17 1 19 19 17 8 1
23 41 39 18 26 40 60 27 55 17 55 17 42 43 29 40 53 26 21 38
14 25 27 15 19 31 9 17 34 23 40 10 34 22 10 31 34 24 18 6
21 17 32 17 20 33 35 15 39 6 39 6 36 31 13 27 35 13 4 29
24 14 37 10 11 28 33 15 39 17 48 1 34 37 19 32 47 22 9 13
39 43 27 37 30 51 36 35 45 19 56 16 57 33 19 41 54 34 25 21
12 23 31 5 13 26 27 5 35 1 35 13 11 30 7 26 21 22 2 7
31 35 52 28 38 50 21 21 54 32 58 28 45 44 22 52 39 42 25 27
5 7 7 4 6 13 6 6 10 1 16 1 13 11 1 10 13 7 7 1
20 20 17 12 3 33 28 11 27 3 37 10 27 33 11 18 34 5 14 9
4 7 14 4 8 22 9 7 22 4 22 2 12 20 1 17 8 4 2 6
3 8 1 3 1 8 2 2 6 1 10 1 8 8 1 2 10 1 6 1
1 16 15 1 5 16 15 1 21 1 23 9 6 17 6 9 20 5 1 1
1 6 2 1 3 11 3 9 12 4 13 1 10 7 1 6 4 1 4 1
13 10 27 11 8 24 13 5 26 7 33 1 19 30 5 22 27 13 10 3
5 15 9 5 5 19 17 10 25 4 27 7 12 12 4 15 12 8 5 7
13 25 18 9 9 23 30 9 30 5 31 11 23 34 1 28 31 20 19 11
16 32 32 9 15 34 28 14 44 18 55 23 35 37 26 31 47 19 25 7
12 18 23 11 16 31 17 20 39 15 44 10 33 23 13 25 39 14 14 6
3 6 13 2 5 25 7 11 23 10 28 6 16 22 12 16 18 3 10 5
25 34 34 14 22 50 31 21 55 25 68 26 49 59 28 55 50 41 33 8
23 12 29 7 14 23 21 18 34 13 39 1 28 21 8 30 28 27 3 4
2 20 19 6 7 11 18 3 34 7 39 4 17 22 4 20 30 16 12 1
38 27 29 25 14 44 37 13 25 19 34 18 34 49 18 36 39 26 27 15
6 11 8 1 9 25 20 17 33 4 36 6 21 20 12 23 16 10 4 11
19 27 37 16 24 31 32 12 34 14 34 21 25 29 16 30 37 23 11 18
19 38 17 22 10 36 42 13 37 11 46 24 34 47 13 36 36 28 32 13
18 29 20 3 5 19 35 12 34 14 36 14 21 35 9 30 22 33 15 1
9 19 15 4 8 19 21 10 26 1 29 12 16 15 11 10 30 8 7 7
37 32 49 30 40 51 30 31 61 25 60 19 48 44 11 51 36 40 9 29
35 45 41 30 33 53 50 17 45 9 47 32 44 45 10 40 36 30 19 29
16 41 26 12 25 49 43 32 59 20 62 33 47 45 22 49 51 35 29 17
8 9 18 2 4 14 11 9 21 4 22 3 19 15 1 10 21 8 5 1
7 2 7 1 1 6 4 6 4 5 7 1 10 10 1 2 4 3 3 2
6 11 15 2 2 13 14 3 17 2 19 5 7 16 1 8 10 6 1 4
9 28 26 2 14 34 26 23 53 23 58 27 39 50 25 43 37 33 29 9
28 31 37 22 23 45 18 18 37 25 45 15 41 38 16 37 49 24 24 16
25 42 39 16 20 43 43 8 48 12 58 25 33 50 26 45 44 38 18 1
1 7 7 1 3 13 2 7 16 1 19 1 11 13 1 7 9 1 1 1
27 34 23 18 17 51 34 17 40 15 51 19 44 40 24 38 49 20 27 14
31 29 26 28 22 38 33 18 24 1 30 12 37 31 12 25 39 20 14 21
4 9 1 5 1 16 5 8 8 1 13 1 13 12 1 7 9 5 8 1
3 7 9 1 2 8 8 1 9 1 8 1 6 11 1 7 12 1 1 2
12 32 31 14 19 29 17 21 46 24 53 17 37 31 10 42 42 37 26 7
16 23 27 11 15 24 33 22 45 14 50 13 34 27 12 32 39 25 17 12
10 11 17 13 13 14 2 9 16 11 20 1 21 12 1 15 21 12 8 3
8 15 10 9 7 18 15 1 11 1 13 4 9 21 1 17 8 12 10 10
14 15 19 1 7 20 23 11 23 5 25 10 15 19 7 9 22 11 2 5
7 11 7 7 1 19 5 3 10 5 20 4 14 22 4 8 18 1 13 1
30 34 43 22 36 41 44 27 52 10 52 25 42 32 26 37 45 38 5 14
8 3 10 1 4 11 9 6 10 1 12 1 10 11 1 7 16 2 1 7
29 46 44 20 21 41 43 1 43 17 49 32 29 56 16 43 32 37 28 16
18 14 20 16 14 39 12 17 24 12 34 5 35 26 5 29 32 11 14 8
15 11 14 7 8 29 16 17 18 5 21 1 23 25 4 17 16 9 7 12
1 34 23 1 7 22 32 4 39 9 44 24 18 35 18 26 37 24 21 1
20 30 26 15 19 40 29 21 40 16 48 19 40 29 22 24 51 16 22 13
19 39 28 25 31 50 34 34 53 20 59 27 53 52 13 57 40 41 30 17
2 9 8 1 1 8 7 4 12 2 15 5 6 9 1 2 7 2 1 1
8 26 12 3 7 32 36 23 47 9 56 16 40 40 17 36 41 16 19 12
18 25 31 14 16 20 30 1 32 3 30 18 13 29 5 20 15 21 5 16
28 45 28 29 22 54 46 27 53 16 63 34 51 65 17 59 41 44 39 10
1 1 4 1 1 3 1 2 10 1 16 1 6 2 1 6 8 3 1 1
9 26 30 8 22 28 26 25 57 20 61 21 37 40 22 45 38 35 22 11
1 4 1 1 1 4 6 1 3 1 5 1 4 5 1 2 1 1 1 1
3 21 9 4 1 11 16 1 16 1 22 7 9 16 2 11 17 7 10 1
6 2 11 2 4 7 4 5 8 2 10 1 15 10 1 7 15 6 3 1
18 15 21 7 2 27 30 9 27 6 30 1 23 37 7 19 26 12 13 14
7 2 6 1 1 13 7 5 2 7 7 2 10 12 2 5 11 1 5 4
5 25 11 2 1 10 21 4 29 1 36 11 15 23 1 17 24 16 15 1
14 37 27 19 23 23 24 17 42 16 44 14 28 17 8 34 36 33 14 11
1 2 4 1 1 6 1 1 4 1 8 1 5 7 1 3 7 1 2 1
6 18 9 1 1 10 24 5 28 1 34 4 17 12 3 12 29 9 9 3
19 20 24 9 11 20 28 6 24 4 23 9 16 27 1 22 16 18 6 15
14 12 19 12 15 19 14 19 32 9 35 1 27 6 7 20 29 15 1 8
17 24 33 19 21 38 31 18 49 14 57 12 42 46 16 46 39 24 19 15
34 31 54 27 34 50 43 26 67 19 67 19 53 52 17 50 44 32 12 33
5 11 4 2 1 12 8 1 7 1 13 2 11 14 1 2 13 1 5 1
1 10 14 1 1 11 12 4 20 10 23 8 7 15 11 5 18 3 8 4
18 27 32 22 28 33 16 28 45 19 48 7 33 16 11 33 36 25 5 16
1 4 2 1 1 4 1 1 2 1 6 1 3 7 1 2 8 1 3 1
39 49 59 20 37 55 46 22 59 28 57 36 42 59 30 54 52 50 29 28
9 31 28 7 7 22 38 9 39 10 50 11 25 38 24 27 42 14 20 12
16 37 39 14 32 38 35 25 65 13 66 25 33 43 19 52 42 43 14 14
21 21 25 17 16 27 23 15 29 7 34 3 27 22 4 23 37 18 8 13
6 4 8 1 7 14 5 13 16 1 20 1 17 10 3 11 11 3 3 3
19 42 21 14 24 44 42 25 48 11 54 30 40 44 21 44 38 29 24 18
31 35 25 21 17 35 42 26 41 6 48 17 45 37 12 35 44 34 25 14
2 5 14 2 5 1 8 1 18 1 21 1 6 8 2 11 16 10 1 1
12 10 23 9 14 25 23 14 37 4 37 3 26 20 5 21 29 8 1 13
16 41 34 14 23 38 36 25 57 16 64 20 44 33 16 41 57 33 22 9
5 15 19 5 11 9 19 7 33 4 36 11 14 6 13 12 27 11 1 5
21 26 35 18 22 44 8 15 35 22 44 18 39 42 17 38 39 22 27 11
11 34 36 5 17 28 26 3 41 14 45 27 20 36 23 29 35 31 15 1
4 14 7 1 1 15 17 6 18 4 22 5 10 13 1 9 13 6 6 3
4 2 1 1 1 9 4 6 5 1 5 1 10 6 1 1 4 1 1 1
3 6 5 1 1 2 8 2 8 2 11 1 6 5 1 4 4 2 1 1
14 33 47 10 32 43 29 25 64 27 68 27 45 41 35 45 59 30 17 14
18 30 41 9 19 38 30 11 49 16 56 23 33 40 22 34 51 29 19 2
34 34 41 15 18 33 52 19 49 16 53 9 37 42 27 34 58 31 11 19
24 21 24 12 20 41 28 27 40 9 44 12 37 35 15 26 39 17 9 18
4 1 4 1 1 8 5 3 3 1 8 1 9 4 1 6 8 2 1 2
2 8 2 1 1 5 6 2 10 1 13 4 5 4 1 2 8 1 1 1
11 17 20 3 9 14 26 15 43 1 46 7 26 19 3 28 26 23 7 1
5 4 14 3 9 16 3 11 18 4 18 1 15 15 3 14 7 9 1 1
39 40 33 34 40 60 31 45 46 19 54 22 62 40 24 42 54 33 20 31
6 9 16 4 7 8 5 1 16 8 17 1 7 19 4 9 17 9 9 1
43 49 40 33 26 52 50 25 50 25 61 35 53 49 33 41 64 42 37 19
13 38 22 4 15 40 26 21 48 16 58 29 44 46 16 42 43 27 34 4
16 39 19 17 16 35 43 24 56 9 69 29 49 42 23 46 52 30 29 10
22 27 13 16 11 34 33 13 24 1 30 12 33 33 1 26 20 19 15 18
2 10 13 1 1 13 14 4 21 7 25 7 10 16 9 4 22 2 7 1
19 30 23 13 17 33 36 18 40 1 41 17 34 34 1 36 25 25 15 18
11 28 22 6 11 39 22 19 38 16 43 21 32 52 14 40 24 28 28 8
45 39 32 21 17 51 50 24 31 18 42 17 43 55 26 36 45 36 26 20
37 34 49 28 32 39 37 23 53 16 53 16 38 30 10 41 41 39 1 27
11 19 16 5 7 23 20 10 21 10 25 12 18 20 11 10 33 6 12 9
26 38 15 17 6 37 39 15 39 13 47 24 36 48 15 38 32 33 31 2
23 29 38 17 21 34 9 11 35 25 43 19 31 43 20 35 44 28 28 8
8 11 4 4 7 11 17 8 15 1 17 1 17 6 1 13 15 10 3 5
35 49 50 17 28 49 62 23 58 21 57 31 38 54 30 50 53 49 20 20
2 1 8 1 4 2 3 1 6 1 10 1 8 4 1 8 7 5 1 1
1 1 3 1 1 6 3 3 13 1 18 1 4 3 3 3 11 1 1 1
15 15 18 8 7 25 17 8 22 1 23 2 19 27 1 20 11 13 6 9
7 25 10 10 10 29 27 18 35 5 36 15 27 30 1 33 15 23 16 8
8 22 15 3 7 31 21 14 32 10 38 12 26 28 7 27 26 13 18 6
4 3 3 1 2 10 3 6 8 2 10 1 10 5 1 4 4 1 1 1
1 1 8 1 1 7 1 1 2 1 5 1 1 11 1 3 1 1 1 1
1 9 4 1 1 4 7 1 11 1 15 1 1 7 1 5 9 2 1 1
31 40 42 23 29 38 53 9 45 6 43 27 28 43 23 33 40 34 3 22
12 34 39 10 18 36 45 18 54 18 62 22 37 40 30 38 56 24 20 15
5 9 13 4 7 17 17 11 31 1 38 1 27 16 9 18 30 4 4 5
26 23 46 9 20 34 41 16 52 12 52 11 27 36 21 33 48 29 2 13
37 39 44 37 32 49 30 18 46 15 53 17 44 42 5 48 32 37 16 24
7 8 16 7 8 14 4 8 20 1 25 1 19 17 1 15 16 10 6 1
34 41 37 22 28 52 34 19 40 19 44 23 44 48 18 39 41 31 28 28
7 14 12 1 8 8 15 6 21 4 24 10 11 7 6 9 22 8 4 4
8 15 7 3 1 8 13 3 16 2 21 1 11 16 2 7 15 9 9 1
9 12 14 1 9 14 18 14 27 1 30 7 19 5 5 10 24 6 1 5
2 3 1 1 1 2 5 1 5 1 8 1 5 1 1 2 8 1 1 1
15 16 10 7 3 21 17 11 16 1 26 4 22 21 3 15 22 10 13 5
22 21 32 23 21 32 13 15 26 18 32 1 29 26 3 30 32 22 10 14
37 28 36 29 20 38 23 18 30 26 44 14 39 37 15 38 45 32 23 12
12 9 24 12 18 22 4 18 32 9 37 1 25 14 4 24 24 19 1 5
18 13 20 11 12 24 22 19 24 4 29 3 29 19 13 10 35 11 9 15
26 41 29 26 26 42 41 36 51 17 51 19 47 27 5 46 43 37 18 22
2 15 10 3 3 15 13 6 25 1 31 4 13 12 4 10 23 5 6 1
5 16 18 7 8 7 11 2 24 4 29 3 12 12 2 14 26 13 5 1
1 8 19 4 11 11 12 11 35 5 38 5 17 13 9 16 25 6 2 3
26 29 21 20 18 40 30 23 26 14 33 16 34 31 19 23 41 20 25 22
33 31 41 27 29 42 40 24 48 7 45 18 41 34 15 27 43 27 9 29
5 6 7 1 4 13 6 7 15 1 20 1 12 11 6 6 16 1 6 1
26 39 34 12 20 55 34 22 49 29 56 28 43 67 29 53 37 39 35 12
16 24 16 16 8 28 29 8 31 1 42 9 27 27 9 28 34 16 16 6
1 9 3 2 1 8 3 1 6 1 11 1 4 11 1 2 11 1 5 1
17 22 34 10 20 21 25 12 35 7 34 15 21 23 11 24 32 26 3 5
6 12 3 2 1 14 11 7 14 1 18 4 14 9 1 3 17 1 5 2
11 2 18 1 4 13 9 4 16 1 18 1 13 18 1 12 19 10 1 3
1 3 4 1 1 3 2 1 5 1 9 1 3 4 1 6 3 3 1 1
12 23 21 15 16 26 16 16 38 11 47 6 30 23 8 28 33 17 14 2
18 21 36 14 22 33 28 17 51 9 51 13 25 35 12 38 29 28 6 12
1 3 5 1 1 5 2 4 12 1 17 1 7 3 1 7 7 3 1 1
2 18 14 4 4 10 20 5 26 1 30 9 16 24 1 26 19 22 11 1
7 7 8 4 5 12 6 5 7 1 12 1 11 14 1 7 15 4 7 4
23 28 38 23 19 31 26 20 44 21 53 6 39 29 18 32 51 20 9 18
6 1 1 1 1 8 6 7 1 1 4 1 11 1 1 1 5 1 1 3
12 29 17 5 9 28 25 11 32 17 41 20 30 36 14 31 40 26 32 5
7 19 22 7 17 15 19 10 30 4 31 14 18 9 10 18 25 17 1 3
14 12 16 4 4 24 16 12 20 5 21 2 19 26 1 17 13 10 7 6
7 6 10 4 4 14 8 5 8 9 10 4 9 16 4 10 9 1 8 6
21 34 31 24 28 42 32 16 48 4 56 23 39 36 16 41 38 25 12 13
13 20 17 7 12 34 33 26 39 15 48 8 40 35 22 28 39 7 16 19
7 9 10 5 4 15 5 8 11 1 16 1 15 16 1 8 12 5 8 1
11 18 25 4 14 34 27 27 43 23 48 15 39 37 28 33 39 16 18 20
4 9 6 1 5 8 8 1 10 4 12 1 6 9 1 10 8 7 4 1
21 24 34 7 17 28 48 28 55 16 58 7 41 35 22 40 45 26 14 22
22 33 34 13 21 44 38 29 44 26 46 19 46 40 36 23 56 15 27 29
8 23 24 4 10 14 30 11 40 1 44 11 22 17 6 25 34 23 6 4
2 10 7 1 1 13 10 2 12 1 14 1 8 20 1 12 2 8 6 1
37 47 33 34 40 60 41 36 53 16 61 26 59 37 21 53 53 37 16 29
16 12 11 11 11 29 14 18 20 1 29 5 30 20 5 15 29 6 11 9
27 32 30 19 33 42 47 43 57 18 61 26 54 39 37 43 50 33 22 36
1 11 5 1 1 9 7 1 13 1 17 3 3 10 1 3 17 1 3 1
26 31 27 13 10 40 33 17 29 17 37 17 32 39 15 23 38 21 22 14
12 18 22 15 16 23 17 1 25 6 26 8 17 26 2 25 18 17 9 13
15 17 10 9 6 37 15 16 18 10 28 11 32 29 11 20 25 4 19 6
22 41 45 27 35 40 30 19 52 17 56 27 37 38 23 38 49 37 11 10
23 22 25 13 10 36 38 21 39 7 45 8 35 40 17 29 37 12 13 20
16 19 29 12 19 28 26 18 38 8 39 9 26 20 8 24 37 17 4 11
17 18 14 9 2 23 17 8 20 1 29 9 21 27 5 13 24 7 12 3
19 32 37 17 17 31 32 11 41 21 52 22 36 35 26 31 58 21 23 11
6 11 12 4 9 15 9 13 25 3 28 2 22 4 1 13 23 7 1 1
17 18 16 15 23 36 16 28 31 13 36 9 39 21 11 24 35 13 11 12
5 12 22 3 9 12 11 6 27 3 29 8 13 14 4 14 17 13 1 1
14 45 35 16 21 37 48 22 61 8 68 31 40 47 19 44 55 39 27 7
7 7 15 4 5 13 9 1 12 1 12 1 11 17 1 10 14 5 1 4
17 23 27 5 7 25 37 17 49 14 52 10 31 41 20 32 34 23 15 11
6 5 7 1 15 21 8 20 25 4 28 5 28 12 6 18 18 8 1 8
5 1 6 2 5 6 4 6 9 1 14 1 13 1 1 7 11 4 1 2
18 30 32 12 10 29 37 1 38 5 48 21 20 41 26 24 43 22 11 3
8 11 32 8 17 32 22 19 44 20 49 12 34 35 25 38 34 16 12 16
5 12 23 3 6 23 15 9 27 22 33 10 24 31 23 18 32 8 18 11
7 13 14 9 10 14 14 5 21 8 26 1 15 19 5 21 23 15 12 6
1 6 5 1 1 1 3 1 5 1 7 1 1 6 1 1 6 1 1 1
1 1 5 1 2 2 1 1 5 1 10 1 5 5 1 4 9 1 1 1
35 25 36 28 29 39 23 31 37 14 40 7 42 25 14 25 48 29 10 24
21 19 20 10 13 24 28 18 30 1 31 7 28 24 6 21 25 24 9 13
30 38 26 27 30 41 32 37 49 11 55 10 54 24 13 40 50 33 15 19
20 22 24 17 22 34 26 21 35 4 35 9 33 19 5 24 33 15 4 17
8 6 12 6 9 15 6 9 15 3 19 1 18 11 1 12 21 8 4 5
29 26 35 20 34 50 25 39 48 21 49 21 50 41 26 38 47 33 19 24
13 26 45 6 17 28 45 9 48 11 50 16 22 43 29 33 43 21 5 15
14 17 8 7 6 21 25 12 13 3 14 5 16 13 4 9 18 6 4 13
2 6 1 1 1 3 4 1 3 1 3 1 5 6 1 1 7 1 2 1
6 4 9 1 1 13 2 4 9 2 12 1 12 17 1 2 12 2 5 1
1 5 9 1 3 10 6 1 16 1 18 1 6 6 1 8 10 1 1 1
1 6 6 2 3 8 1 2 9 1 13 1 9 8 1 5 11 2 4 1
14 25 23 18 14 26 22 1 28 1 35 14 23 26 4 23 27 14 8 8
13 11 21 1 12 31 6 17 26 18 32 13 28 27 15 22 24 13 16 7
20 30 25 18 13 33 37 5 38 1 47 19 29 31 17 28 40 17 12 12
26 27 26 23 16 35 32 17 30 12 42 13 37 33 19 23 51 15 19 15
37 44 47 12 23 58 39 22 48 28 58 32 44 57 33 44 56 35 29 14
34 51 58 32 39 44 54 5 60 14 60 35 36 58 21 56 41 54 17 20
16 19 35 10 17 20 23 10 34 8 34 13 18 23 9 25 25 24 1 6
7 13 19 4 1 16 19 10 28 9 31 1 18 28 14 15 23 12 10 10
9 6 7 1 4 13 10 10 10 7 10 1 14 12 1 7 11 4 6 6
7 1 11 1 2 4 3 4 8 1 9 1 9 7 1 5 5 5 1 1
27 41 32 26 34 46 28 36 52 23 61 17 51 32 19 46 47 35 16 20
9 13 6 8 12 28 10 15 22 1 29 8 30 22 8 21 20 7 9 3
11 4 15 1 2 16 7 8 11 8 13 3 12 22 3 8 11 6 8 3
13 40 25 13 19 43 23 28 48 28 57 33 44 51 21 44 43 35 44 8
7 11 6 1 3 11 15 5 11 4 13 3 9 11 1 14 7 9 6 6
5 23 27 6 14 22 11 3 28 17 31 18 17 27 14 22 33 17 19 5
1 5 16 4 7 11 10 5 21 11 26 4 11 16 12 12 24 6 9 7
10 22 9 6 7 17 29 19 33 7 38 15 27 17 6 26 29 23 18 7
23 38 13 20 10 32 41 21 34 5 46 20 42 36 10 32 46 29 29 7
42 30 40 29 28 43 33 31 44 23 52 1 46 27 17 37 54 37 9 22
4 4 4 1 1 6 1 1 1 1 1 1 5 14 1 1 4 1 2 1
12 14 7 9 3 19 13 6 9 1 22 6 21 18 5 14 19 7 12 1
7 20 12 10 8 19 18 3 21 1 25 5 12 21 1 21 17 13 12 6
16 26 13 14 4 18 29 2 26 7 38 13 23 23 12 23 39 15 21 1
13 10 11 6 9 16 21 15 20 1 24 1 20 7 9 9 27 9 3 11
17 30 34 9 20 25 48 23 46 11 48 15 30 24 29 26 47 20 8 24
18 12 18 11 8 15 19 7 19 1 25 2 21 20 8 11 34 8 8 8
16 36 34 11 7 31 48 7 51 7 61 21 27 49 23 41 45 27 19 10
1 8 7 2 5 5 7 4 19 1 23 1 11 1 1 13 9 9 1 1
1 4 2 1 1 5 1 1 3 1 5 1 4 7 1 1 4 1 2 1
12 13 22 14 16 20 11 11 23 9 22 1 19 14 1 24 16 17 1 9
7 10 19 1 4 11 14 4 22 4 24 6 7 19 9 8 19 6 1 7
