1000 20 12 2160
11 8 0 7 2 12 8 12 9 3 16 6
1 5 15 7 9 5 12 18 1 8 4 8
8 4 2 1 5 3 3 5 8 7 0 9
13 7 8 0 18 12 17 2 4 14 14 12
8 2 16 9 19 1 4 5 4 14 7 9
3 0 1 3 3 1 0 1 7 2 14 14
23 1 2 1 6 1 10 1 5 10 17 18
8 5 5 4 14 7 1 2 5 3 6 2
7 3 5 1 7 6 14 1 1 9 0 1
5 3 1 9 8 2 4 7 7 2 14 4
15 7 1 1 5 3 13 2 13 1 1 13
5 8 16 11 5 3 5 14 5 6 4 6
10 16 2 2 21 5 4 5 11 17 8 10
3 7 8 3 6 6 1 12 10 0 11 9
10 12 6 14 2 12 10 4 1 2 0 16
3 0 5 7 9 1 1 8 5 6 3 6
4 8 3 1 5 4 2 10 1 2 5 11
3 0 7 4 4 5 3 2 3 0 1 2
16 2 10 2 7 14 2 12 4 1 4 19
1 2 19 12 2 13 6 5 2 4 2 4
2 1 3 3 6 6 3 1 1 1 4 8
1 3 5 1 4 7 10 1 3 5 0 2
10 9 7 10 4 7 2 3 1 6 8 5
7 0 7 7 1 1 4 9 4 1 2 4
8 14 2 0 7 6 2 13 2 16 13 3
3 6 8 3 7 5 3 8 5 7 8 6
11 3 12 3 4 6 6 22 6 12 11 1
2 1 1 4 11 11 11 7 3 3 3 9
1 3 4 4 3 4 1 4 5 5 5 1
2 0 2 3 3 2 6 0 6 4 2 0
7 8 14 1 11 2 12 0 7 20 11 12
4 12 8 2 5 6 0 5 5 4 7 3
27 3 14 0 6 4 13 17 4 6 2 9
2 5 2 5 0 1 5 6 1 6 7 0
4 11 2 1 8 3 3 4 0 2 1 4
4 14 9 3 2 6 2 11 2 17 6 8
3 6 8 5 0 7 1 9 0 1 7 3
8 0 1 2 7 6 2 4 3 5 4 4
4 2 4 0 2 3 2 3 5 3 0 2
2 1 10 7 8 3 2 3 3 2 4 7
7 4 8 13 6 6 10 15 9 7 1 20
7 17 7 1 17 7 15 3 15 7 15 9
6 7 4 6 17 8 4 3 4 9 5 1
12 5 3 4 2 4 3 7 3 6 4 6
1 1 7 2 1 1 0 2 5 6 2 0
1 5 4 7 17 11 3 7 12 5 2 1
1 2 1 8 20 17 2 8 7 19 6 17
13 4 3 5 4 2 2 6 1 2 10 13
5 9 11 21 5 1 14 5 16 10 10 0
12 15 2 3 1 11 12 1 7 2 7 13
5 1 1 7 2 4 2 5 1 8 5 2
0 9 3 8 1 11 9 4 3 2 7 0
21 1 8 10 12 4 1 11 1 0 1 14
11 0 17 1 1 0 4 5 11 4 5 11
5 2 4 1 2 5 3 1 3 2 7 1
9 5 11 6 8 21 2 12 10 6 14 3
13 6 4 3 14 1 6 3 10 1 10 14
3 1 4 8 5 1 7 0 1 4 2 1
4 2 0 4 5 1 2 4 4 0 2 4
4 4 1 6 4 9 7 3 15 2 14 5
2 8 11 13 2 10 2 8 2 2 4 5
0 4 3 1 0 1 1 4 3 7 7 1
0 4 14 1 5 3 2 4 8 11 6 0
1 0 6 6 2 0 6 8 0 8 1 11
0 6 8 1 0 6 2 9 3 2 8 2
1 6 1 4 19 13 6 8 1 13 0 9
2 0 13 17 14 15 8 7 1 9 12 18
3 4 2 7 9 21 8 9 10 5 12 9
9 5 3 3 5 7 1 4 6 1 5 4
5 2 5 2 3 1 5 3 4 3 1 1
7 7 2 2 6 4 4 0 2 1 2 4
3 1 1 1 2 4 3 3 5 1 1 5
7 21 13 2 1 2 1 9 3 11 14 7
8 3 2 3 1 3 3 3 1 1 3 6
7 4 3 8 3 5 8 23 1 10 7 14
5 14 15 1 9 17 3 5 10 2 18 11
7 8 10 6 4 11 10 2 12 15 0 4
3 5 0 15 7 6 9 3 7 7 9 2
6 4 5 12 4 0 4 2 1 1 1 13
3 2 2 1 1 1 7 3 1 4 0 3
1 1 3 5 2 7 5 4 2 9 1 2
5 4 8 4 1 4 10 11 2 1 2 2
11 6 17 14 7 2 6 12 3 0 4 14
4 2 1 2 1 2 5 2 4 9 1 5
6 0 5 4 0 0 5 2 2 3 3 2
5 10 8 4 1 7 3 4 4 8 3 3
1 4 2 1 3 0 11 2 5 3 1 1
4 1 3 5 4 2 2 7 1 5 3 1
20 4 6 8 12 20 3 7 6 6 0 9
8 6 7 0 0 5 5 0 1 2 9 1
1 1 2 4 3 6 4 6 7 2 1 6
2 7 4 10 19 7 5 9 12 9 9 9
4 4 2 4 17 9 5 14 2 6 20 3
12 8 18 5 6 6 16 3 4 5 1 6
4 4 2 4 3 1 1 4 1 3 1 5
4 7 12 9 4 3 7 1 10 0 13 9
1 14 3 19 12 24 5 1 5 4 0 8
15 3 5 10 9 0 18 6 1 17 21 5
3 2 7 4 23 0 3 1 23 5 1 3
13 9 14 4 0 2 9 10 16 14 4 15
2 9 6 7 7 5 9 21 8 2 7 4
9 5 2 12 10 5 11 1 13 8 9 0
2 3 9 4 7 0 9 3 10 3 11 4
14 2 3 3 4 3 3 0 2 9 0 2
1 4 0 8 2 0 10 7 3 13 1 4
1 15 11 5 8 3 1 3 3 5 3 2
10 5 9 9 9 14 10 9 14 3 2 4
8 0 15 8 1 5 13 2 2 3 5 13
3 0 16 5 3 3 5 4 2 8 6 11
1 7 14 7 3 6 1 4 21 23 6 5
5 3 5 2 3 2 2 3 5 1 2 2
2 2 3 2 6 1 0 5 1 6 3 4
2 5 4 5 4 3 6 3 3 5 9 5
6 1 15 7 16 6 3 23 0 5 7 14
5 2 5 2 5 6 3 4 6 0 2 2
5 3 6 1 0 0 2 0 3 0 9 3
7 7 2 5 1 8 2 2 3 10 9 4
15 2 10 7 12 2 4 15 1 4 3 7
2 6 13 3 5 9 4 0 6 3 2 1
11 14 3 6 16 13 2 2 8 6 3 4
10 3 2 8 11 6 13 7 9 0 1 0
4 8 8 8 7 9 0 13 6 4 1 5
11 9 9 3 7 1 9 3 11 25 13 3
2 6 21 1 3 11 4 5 0 4 6 9
14 14 21 1 8 4 0 4 2 3 9 17
5 0 4 6 6 8 14 6 1 3 7 2
0 4 15 2 7 4 12 11 6 9 6 7
3 1 0 9 3 6 4 12 3 12 6 9
2 19 1 8 4 6 15 12 1 2 19 5
22 9 6 3 4 0 5 8 13 5 18 9
16 5 9 21 6 18 6 0 1 2 4 9
15 9 0 7 13 4 3 16 16 5 13 8
4 12 2 6 23 13 5 12 1 9 0 3
6 5 16 16 6 18 7 1 13 6 13 2
0 4 0 1 5 4 6 0 1 3 1 1
9 7 10 3 0 8 8 9 7 15 2 9
7 1 2 18 1 9 8 3 0 1 4 9
2 8 2 9 7 0 5 1 3 12 5 2
1 3 2 3 2 12 1 2 1 9 5 2
4 2 8 5 11 4 2 1 11 3 4 1
1 2 5 21 12 8 4 0 9 4 0 14
8 7 12 10 7 6 6 7 0 6 11 8
15 25 17 0 2 4 2 1 6 9 2 16
5 9 4 7 9 8 6 21 3 11 13 0
10 1 4 1 2 3 10 5 1 0 0 1
5 2 7 1 10 1 7 8 10 19 21 19
5 1 1 4 3 8 2 2 3 4 1 1
5 2 2 5 1 15 3 0 11 3 1 1
7 9 6 1 5 6 14 21 8 2 13 18
1 4 2 6 1 12 0 5 5 13 8 3
6 4 8 3 2 4 1 2 2 2 2 7
0 4 7 9 8 4 8 7 3 5 4 0
8 24 15 11 9 3 3 6 8 0 5 13
5 7 1 2 4 1 5 5 7 3 0 2
9 2 6 18 6 7 20 14 1 11 2 6
4 2 3 3 3 3 6 1 4 1 8 4
2 7 9 1 5 15 4 11 11 21 3 1
9 0 3 2 12 15 14 7 5 7 11 5
4 3 14 3 6 3 3 2 1 0 0 12
14 2 1 2 1 0 9 1 1 7 8 3
8 1 5 5 2 8 3 6 3 7 8 4
3 4 7 1 2 1 3 1 2 1 1 3
14 5 15 9 7 7 8 7 8 14 7 5
1 3 6 2 1 13 15 2 5 9 6 4
9 2 12 3 14 5 9 6 3 5 10 21
9 12 0 5 0 1 5 1 2 5 5 6
2 2 11 10 7 19 9 3 10 9 23 3
2 7 3 4 1 1 3 1 8 3 2 7
4 1 2 1 6 11 1 4 4 3 0 1
6 7 3 1 8 10 9 0 15 18 8 16
11 6 11 8 4 9 17 6 13 4 13 8
0 2 5 8 3 1 2 6 0 3 4 2
4 0 6 6 1 4 6 5 1 2 5 6
17 16 17 3 1 9 7 15 5 0 14 11
2 6 1 7 2 3 11 3 7 1 7 2
16 12 1 9 2 6 13 1 6 1 10 9
8 4 9 15 6 16 3 6 8 10 9 4
8 2 15 0 0 3 2 3 5 4 8 6
0 5 6 0 1 3 2 2 4 7 3 11
1 1 3 2 3 0 6 2 2 4 3 12
5 12 12 5 3 6 7 2 7 1 11 7
12 0 14 11 10 13 4 2 14 11 4 0
1 5 3 4 6 2 0 4 4 0 6 5
10 4 10 14 11 8 3 21 16 5 5 10
5 1 3 0 1 5 5 4 6 3 4 3
12 9 7 5 5 12 9 12 19 0 20 5
2 2 3 1 2 1 0 1 4 9 5 3
8 16 9 2 16 4 2 13 11 2 1 2
4 10 12 10 7 12 13 9 4 3 10 5
5 0 14 8 0 20 7 14 0 2 3 3
4 15 2 7 15 5 1 5 6 2 0 2
9 11 2 1 8 5 14 2 4 4 1 1
13 4 1 15 1 4 10 3 11 14 9 13
2 1 8 1 5 12 0 2 3 3 6 7
1 7 5 2 6 2 2 7 0 5 3 11
7 6 11 0 3 0 1 3 4 6 3 3
2 20 13 5 9 6 1 0 26 7 4 4
11 1 8 3 1 0 4 18 14 22 0 8
6 1 3 7 4 3 1 1 2 2 0 3
15 18 8 1 8 11 1 1 2 3 5 16
5 7 1 2 2 3 8 3 11 0 1 4
1 20 0 4 10 4 1 14 4 18 0 16
1 3 4 0 5 8 0 2 4 4 2 3
8 5 5 9 7 1 2 2 14 3 3 4
1 3 2 4 1 2 10 5 0 5 8 2
2 0 5 7 1 3 11 11 0 2 3 6
3 3 1 5 10 3 5 6 3 3 4 2
13 3 11 6 3 1 2 6 5 3 3 2
3 6 2 5 7 5 0 5 3 4 2 2
6 12 3 11 10 9 0 16 7 1 0 9
2 3 6 2 5 5 2 8 1 1 7 2
9 3 5 2 0 5 3 3 1 4 10 1
15 8 1 6 7 5 0 11 4 0 2 4
1 1 9 5 15 9 5 6 3 6 6 8
2 6 8 4 5 12 1 7 10 0 1 13
1 2 9 5 2 18 4 5 6 9 0 5
1 17 11 5 4 9 7 4 4 21 1 11
6 1 0 6 7 2 13 23 3 5 4 4
4 3 0 2 6 4 2 4 1 6 1 1
9 2 1 8 5 17 6 1 6 2 4 7
6 10 2 3 1 3 1 0 5 12 5 5
2 11 18 17 1 2 8 9 3 2 8 9
5 6 7 1 2 3 1 3 15 1 6 4
6 2 8 6 1 9 13 9 12 4 14 0
3 6 4 4 3 3 4 3 2 1 4 0
2 16 6 1 3 5 16 14 17 0 7 12
21 8 5 5 11 8 2 11 16 8 4 9
1 11 1 2 3 1 9 6 6 0 8 0
1 4 8 9 7 7 6 5 1 5 0 0
7 3 9 1 3 6 8 1 2 7 6 7
6 10 1 13 8 16 26 3 1 6 7 5
9 1 2 3 8 0 0 3 15 13 13 10
3 11 2 25 9 3 2 0 5 12 15 0
10 0 8 7 3 0 6 3 13 2 2 2
4 4 0 10 6 2 1 9 3 15 2 3
16 2 10 6 1 4 11 0 6 4 13 6
8 7 7 3 11 4 15 0 29 1 3 12
1 4 4 2 0 1 7 2 0 1 3 5
5 3 2 4 4 3 9 7 6 1 3 5
9 0 1 2 6 2 5 0 5 0 2 4
3 2 1 4 3 5 6 6 7 16 2 7
9 7 4 8 3 8 2 3 4 2 1 4
2 3 9 22 18 0 5 8 2 14 3 1
2 21 0 2 9 7 8 3 6 13 6 1
5 2 10 1 3 10 1 6 3 6 1 12
9 5 1 12 11 7 8 8 8 3 5 2
5 9 6 3 10 1 4 3 4 1 1 2
1 6 5 1 11 21 4 7 1 9 10 15
1 15 10 3 1 5 1 7 4 16 8 3
6 15 5 2 4 3 17 2 3 10 1 3
3 3 2 2 6 2 3 2 1 1 1 4
17 1 2 8 4 5 11 3 6 6 0 17
8 2 4 0 4 5 3 11 6 2 3 7
4 7 11 5 9 2 19 17 2 10 5 0
4 15 1 1 9 5 0 1 5 11 3 8
8 3 0 4 22 9 4 28 2 3 4 7
0 1 4 5 9 1 4 6 5 2 6 5
3 10 8 0 7 14 2 9 12 10 7 14
6 2 0 5 6 7 2 1 21 7 8 4
7 2 2 0 8 4 3 5 4 0 1 5
3 6 0 4 1 3 3 4 0 9 1 1
4 7 5 3 5 4 2 6 9 1 2 1
14 18 3 7 16 7 15 10 4 3 6 5
2 7 0 1 0 0 4 1 3 2 3 7
4 4 5 1 1 9 3 1 10 3 1 2
15 2 8 3 6 5 6 17 5 5 5 2
5 8 7 3 6 16 2 10 16 7 5 2
10 6 3 3 3 12 4 4 7 2 3 1
15 12 14 6 8 8 5 5 16 2 4 3
0 1 0 4 5 1 5 3 7 2 7 1
8 0 3 4 15 10 7 8 14 3 5 2
7 19 3 4 4 4 9 10 11 6 3 5
10 6 7 10 14 2 18 8 0 17 3 0
4 4 2 3 7 9 14 1 14 5 9 18
3 6 4 13 17 0 7 0 1 7 11 13
0 6 1 6 4 1 3 1 3 1 1 2
15 7 15 15 13 13 5 9 17 4 7 6
4 4 19 4 0 14 14 3 9 18 6 17
2 17 0 13 0 3 3 0 0 8 9 29
4 17 8 19 4 3 4 7 9 8 2 6
22 13 8 9 9 2 6 5 9 8 11 11
1 17 3 9 8 6 4 8 10 3 4 17
1 10 2 1 10 2 3 1 3 9 7 10
1 7 6 4 6 3 8 5 1 6 3 4
6 4 2 8 7 3 2 4 0 0 1 3
4 4 6 2 3 0 1 4 1 0 4 4
5 1 8 6 7 8 3 9 3 9 4 13
4 2 3 4 2 6 2 7 2 4 4 2
6 8 7 5 1 2 16 4 1 1 8 13
8 2 2 1 0 3 6 4 5 0 7 8
4 1 2 6 6 16 14 0 7 15 12 5
9 6 7 3 2 0 15 21 0 12 5 9
19 2 2 10 4 6 1 19 13 4 9 2
1 0 5 6 3 2 1 5 1 8 6 9
3 0 0 3 21 2 7 1 2 1 6 5
9 2 2 6 2 7 13 24 8 2 1 5
10 6 1 3 3 4 2 5 8 3 0 12
6 6 6 9 1 4 8 2 12 4 1 8
10 2 9 3 6 5 6 1 4 18 1 6
17 7 8 20 6 7 17 1 4 6 4 1
14 0 7 3 14 1 15 5 1 0 5 17
6 13 1 9 11 5 21 2 8 2 2 1
5 0 12 8 8 10 1 9 2 12 6 4
2 5 5 4 2 12 0 1 0 15 7 4
6 1 3 0 0 4 1 6 0 10 2 1
7 3 3 10 9 11 1 3 7 6 8 7
0 6 1 4 1 3 7 5 1 4 3 8
11 1 1 1 5 2 23 12 9 1 5 5
2 6 4 5 11 10 9 12 1 1 8 10
6 5 5 5 4 5 2 3 3 7 4 2
2 12 6 9 2 1 16 8 0 6 3 3
0 1 7 4 17 16 5 14 0 2 8 5
6 0 0 4 3 1 9 3 10 3 3 3
4 7 2 4 11 6 6 4 5 1 11 3
6 5 7 15 1 0 1 9 8 5 7 3
2 5 2 0 2 6 14 0 1 9 5 1
5 2 1 12 1 9 0 1 1 4 3 6
4 6 1 4 14 2 1 5 1 1 1 1
11 0 5 14 18 7 8 6 3 3 17 3
16 3 21 8 19 2 1 11 4 5 9 10
5 3 0 3 1 3 1 2 7 7 10 1
8 15 8 13 7 1 3 5 11 1 6 12
9 4 15 5 6 4 5 9 3 4 4 1
21 10 6 10 8 13 13 9 15 9 7 6
2 20 9 15 13 0 3 20 3 2 0 12
2 18 4 12 2 9 1 22 8 2 5 2
2 4 4 2 3 7 8 6 3 1 4 7
10 4 2 8 2 16 13 1 7 2 1 3
16 5 8 5 0 8 16 1 6 15 3 20
3 0 4 5 3 3 5 3 3 1 7 2
5 13 10 8 17 14 7 6 8 8 10 16
1 3 8 0 2 7 3 4 0 4 1 7
6 12 1 15 2 13 5 6 14 3 18 14
5 16 5 5 4 14 13 3 10 22 8 12
4 8 9 6 4 6 2 19 8 1 2 7
8 1 2 3 13 5 2 8 2 1 5 1
3 1 4 10 23 0 5 6 4 5 8 2
14 9 1 7 7 9 3 10 8 3 0 8
4 4 0 6 0 1 5 3 2 1 0 4
1 2 2 3 5 2 0 2 5 3 4 5
0 3 4 2 2 1 15 5 2 7 6 9
1 3 1 0 3 2 1 2 1 8 0 3
1 9 1 15 1 8 8 2 5 7 12 16
6 14 9 0 15 1 5 15 19 2 0 4
0 1 3 2 1 4 4 6 4 5 6 3
5 22 13 1 15 9 1 0 9 11 20 2
0 5 11 10 1 13 4 5 21 13 14 5
5 16 12 0 2 6 6 17 6 10 8 1
5 1 2 6 5 0 5 5 5 9 5 3
15 5 16 6 6 1 14 5 7 0 3 7
3 2 0 5 5 3 2 5 1 2 2 3
6 2 9 9 7 24 9 15 8 8 2 4
4 5 7 16 12 8 7 6 0 3 9 0
3 8 4 6 8 14 1 7 12 1 26 17
7 6 3 2 9 5 4 5 2 2 11 7
1 4 8 3 4 2 5 4 0 1 5 1
8 1 9 0 6 25 15 8 4 5 3 4
2 0 7 2 4 0 9 3 6 4 1 3
1 3 5 1 4 1 0 3 3 3 5 1
2 17 6 18 7 12 4 3 7 9 10 10
1 7 5 4 3 3 0 1 2 2 1 6
6 2 11 3 2 0 11 12 1 5 7 10
9 16 2 3 4 12 0 1 4 7 12 7
3 5 8 8 5 20 5 21 8 10 9 9
2 7 8 6 3 2 10 12 12 6 1 7
6 13 5 5 4 7 10 2 6 8 8 13
5 22 1 9 2 1 12 3 8 10 1 14
2 4 18 7 11 11 6 8 3 2 3 7
1 2 4 0 0 1 4 14 4 4 0 10
4 7 19 2 10 5 3 5 3 8 5 6
4 7 8 9 4 10 16 0 5 6 7 2
3 3 3 2 3 2 1 6 5 2 3 2
10 13 7 4 5 1 10 9 1 3 4 23
0 6 3 5 6 4 11 7 2 18 23 4
7 4 1 15 16 4 3 2 4 3 11 6
5 2 3 1 5 0 5 2 5 1 1 0
17 8 5 0 16 2 8 0 0 5 1 7
2 1 3 5 2 3 6 1 3 1 4 2
2 8 5 2 13 10 10 7 7 7 11 4
5 10 11 1 10 3 6 7 10 1 9 2
1 5 11 2 2 13 6 5 9 4 5 18
5 5 1 3 10 13 16 3 16 19 0 3
6 10 7 5 8 4 4 4 9 3 8 14
12 4 4 9 8 13 9 1 19 13 12 11
4 5 13 24 8 10 6 3 5 9 4 5
11 1 0 4 2 2 0 8 4 3 24 6
3 5 12 5 4 4 6 6 5 2 4 7
4 10 13 1 5 7 17 13 12 20 7 11
7 0 3 6 6 0 4 4 10 4 4 2
5 4 5 6 0 8 10 6 8 1 6 3
3 7 4 4 5 1 3 1 4 9 3 7
5 6 4 1 6 5 1 6 2 0 9 3
6 2 12 8 12 8 5 1 16 3 2 12
4 1 11 17 8 1 20 8 9 6 3 15
9 9 0 7 5 6 10 4 4 2 1 3
18 8 3 1 11 8 3 10 3 2 0 2
2 4 3 9 3 10 1 2 2 1 4 3
10 9 1 4 23 3 4 12 2 1 5 0
19 6 8 2 4 6 13 2 3 6 7 2
6 6 5 9 2 2 8 2 2 3 2 8
6 7 6 2 4 17 6 11 10 18 11 4
8 5 4 6 9 4 5 6 0 9 6 3
9 2 3 8 7 2 19 12 3 2 10 3
1 7 3 4 4 0 18 9 12 6 4 1
4 6 7 1 12 4 8 3 6 9 3 14
1 26 7 15 6 4 9 7 12 4 12 2
14 5 13 4 1 4 9 12 6 7 15 12
5 5 2 2 1 2 1 1 4 5 3 3
8 8 11 4 3 10 9 13 9 10 4 10
8 0 6 1 2 1 6 1 5 4 9 13
3 1 2 0 1 1 1 7 2 7 3 1
0 4 1 5 4 3 0 5 9 4 0 1
0 2 4 10 1 1 1 1 8 4 1 3
1 3 9 9 3 0 4 13 4 1 8 9
1 6 7 2 3 5 3 5 7 3 2 0
6 8 9 7 4 9 3 3 3 10 13 2
16 3 13 11 4 7 4 4 6 1 3 4
4 0 0 4 22 8 7 9 13 0 4 21
2 3 17 2 1 5 2 10 6 1 2 4
1 5 7 5 4 5 6 3 0 17 5 0
2 2 1 3 10 0 1 6 6 6 3 10
18 11 7 2 0 1 10 9 3 2 6 5
11 3 10 0 1 2 16 15 1 3 17 6
6 4 4 1 13 19 6 4 18 3 20 9
4 1 2 0 2 2 8 10 3 4 4 0
2 21 5 3 5 9 0 11 5 2 1 15
8 12 12 11 1 14 2 2 13 2 4 14
6 21 10 3 0 5 9 0 0 2 8 0
4 2 10 0 0 8 3 0 2 7 3 9
7 13 14 3 8 8 0 1 7 8 7 1
6 9 3 16 0 17 1 15 6 8 12 4
4 2 5 0 0 2 3 2 3 1 2 7
16 2 1 1 4 2 13 10 12 4 19 5
5 4 5 11 13 13 4 8 17 4 9 3
10 3 7 1 5 4 6 7 8 3 5 8
5 20 3 1 2 8 21 12 5 12 7 0
7 2 4 1 6 17 1 4 6 7 6 3
4 4 0 2 6 15 3 1 8 7 7 0
8 10 1 5 13 4 2 17 0 17 3 14
11 7 7 7 16 14 9 14 14 10 4 4
3 4 4 3 2 3 4 0 4 1 3 1
0 3 0 7 1 3 8 9 8 4 1 1
2 3 3 1 3 4 5 2 2 2 0 3
6 11 6 10 4 11 3 4 1 1 9 9
3 7 3 2 9 3 2 2 5 6 4 13
12 7 0 1 4 0 1 2 6 1 7 1
2 10 1 2 7 1 4 2 5 5 7 1
13 11 6 9 14 5 13 21 6 9 11 1
15 11 5 2 3 4 0 4 8 9 10 2
2 1 2 3 2 2 5 3 4 1 6 5
1 1 11 9 6 0 11 3 16 9 2 13
0 0 4 2 5 10 4 11 9 10 8 4
3 12 6 7 2 13 5 11 5 7 5 7
6 2 2 9 3 2 13 5 0 0 1 3
5 2 2 9 5 0 1 12 6 4 7 4
0 3 0 3 1 4 1 9 0 0 1 3
4 0 2 1 4 7 10 0 2 1 7 0
1 4 20 6 3 6 10 6 9 12 0 3
1 5 3 7 1 2 4 4 7 3 3 3
3 3 1 6 1 9 4 2 1 3 4 12
6 0 1 12 2 7 0 4 6 16 5 7
4 6 8 2 3 2 24 20 4 5 2 14
23 15 13 8 2 0 3 4 9 9 3 9
9 5 11 6 8 1 5 8 6 10 6 17
0 12 1 12 5 1 21 4 1 22 8 8
8 1 4 6 5 6 4 0 2 1 1 6
3 1 15 1 9 7 3 1 6 7 2 2
4 7 5 4 19 1 11 6 8 26 2 15
5 9 9 3 10 1 8 7 13 21 3 11
12 14 8 8 8 2 14 4 13 21 2 8
6 2 8 5 7 6 17 22 4 19 1 6
2 3 10 14 10 1 11 6 15 10 1 4
3 6 1 2 6 4 3 2 2 3 3 2
1 3 4 5 0 2 4 3 3 4 2 3
4 4 2 3 3 0 6 0 3 1 0 10
4 9 2 14 6 10 9 17 7 12 5 3
6 7 3 1 2 0 3 3 2 0 3 1
0 6 4 4 1 11 3 10 1 5 2 6
7 6 3 2 2 7 1 2 1 1 9 5
3 25 7 2 1 1 3 18 2 19 14 4
6 5 7 1 1 8 2 4 2 14 5 7
13 5 8 8 1 4 15 5 13 11 1 2
12 17 0 8 2 4 6 1 1 9 11 4
5 7 3 8 8 14 0 22 16 3 2 17
4 2 6 6 9 0 5 4 12 18 8 10
3 7 3 5 7 9 10 12 5 19 18 7
2 1 4 3 0 10 5 4 4 4 6 4
13 17 0 13 23 7 5 8 1 6 5 12
3 2 14 2 7 5 7 6 8 3 4 8
5 15 5 2 5 9 5 2 1 7 9 3
2 2 2 1 6 1 4 1 5 2 6 2
8 9 8 12 3 9 3 14 14 1 3 2
6 5 5 1 3 3 3 3 5 1 3 2
4 2 1 0 1 2 4 1 3 2 7 3
7 1 6 0 7 4 1 3 10 5 13 25
10 5 3 1 12 7 2 6 4 2 2 1
12 10 1 4 4 9 19 9 14 16 12 10
2 3 9 2 6 2 1 2 6 4 1 2
5 7 7 7 10 4 3 4 9 3 2 2
3 8 4 20 5 3 4 13 9 11 7 5
3 5 4 3 2 0 2 5 2 4 3 1
14 7 3 2 5 19 6 5 4 9 2 3
18 4 8 3 16 19 1 10 1 9 11 4
13 11 6 8 4 1 11 3 11 10 3 0
8 17 5 11 8 8 16 22 7 7 2 10
6 6 4 5 2 1 7 8 1 2 7 1
7 2 5 3 5 11 5 2 2 3 5 4
8 3 7 6 9 1 11 12 6 5 4 6
12 6 3 1 2 6 9 5 0 2 1 7
4 21 5 7 17 7 9 2 10 1 14 2
4 5 2 2 3 1 6 2 2 5 6 4
1 3 7 7 6 4 9 3 3 2 2 3
1 2 6 10 2 3 3 4 1 8 8 3
2 7 10 6 2 14 6 0 0 5 4 1
2 1 4 7 7 1 1 5 6 4 5 3
6 4 2 6 2 7 4 4 15 8 8 3
3 1 3 4 10 1 1 1 2 1 9 1
4 4 5 2 4 1 1 1 1 1 0 5
2 8 17 5 12 10 3 9 11 1 4 17
0 5 4 4 7 6 4 5 4 2 5 6
2 5 10 7 2 6 9 3 10 4 10 1
1 0 4 1 2 11 5 0 2 7 2 3
0 7 4 2 6 5 4 6 2 6 7 2
8 6 10 2 2 8 4 1 6 2 1 2
5 1 1 2 7 0 2 0 2 7 2 4
10 11 16 5 8 3 15 12 2 2 2 1
5 6 4 3 1 3 6 12 0 8 8 1
5 4 3 3 8 1 11 3 12 8 7 8
1 3 1 8 3 5 3 9 5 1 1 3
7 7 7 22 8 0 16 16 2 0 2 19
2 6 1 8 5 3 4 16 2 4 4 8
5 2 6 4 0 5 4 5 0 3 1 2
2 3 8 4 2 7 1 7 3 4 1 5
13 3 12 5 1 6 2 7 5 1 3 3
1 5 2 1 2 1 6 7 3 7 5 4
20 3 23 0 7 1 6 6 7 7 16 4
10 4 16 2 1 6 5 4 5 7 14 13
9 3 13 7 5 8 16 3 19 7 12 11
2 8 1 4 5 0 3 12 3 6 9 5
4 8 10 3 4 0 4 1 2 3 3 4
2 17 2 12 4 5 3 10 4 2 0 1
19 10 2 2 7 10 12 7 20 9 4 13
5 8 2 11 1 4 2 8 3 10 10 9
0 5 5 2 2 8 11 1 5 3 11 2
6 16 1 5 4 8 4 12 6 9 1 3
1 7 16 7 0 11 3 13 7 2 3 2
1 2 4 7 6 1 8 0 0 3 11 1
3 6 0 0 4 2 3 2 6 2 0 1
7 1 8 1 3 5 7 1 10 13 11 9
14 9 6 1 22 15 1 5 6 3 4 1
5 1 5 5 2 8 18 15 6 11 6 7
2 6 6 9 1 12 13 12 1 2 1 3
5 7 4 0 2 6 6 2 0 0 2 9
8 3 2 11 11 0 5 5 19 4 6 3
3 12 1 8 0 0 5 7 2 8 2 2
2 0 2 1 2 2 1 1 9 0 4 5
1 3 3 11 10 3 3 5 1 11 13 1
0 15 15 2 20 2 12 7 22 2 7 5
6 2 0 2 9 1 5 4 3 2 5 5
5 9 8 18 14 0 12 7 1 14 2 9
2 0 2 3 3 8 0 1 4 0 1 1
5 9 5 5 13 1 8 14 12 4 25 10
3 9 10 15 1 22 6 4 11 4 7 11
18 6 7 2 12 14 11 11 8 10 4 8
3 13 9 3 1 6 2 16 5 1 7 1
6 3 2 1 0 2 7 2 6 5 1 1
11 23 14 6 7 0 8 2 4 16 10 10
4 2 2 6 5 0 2 1 5 0 1 1
2 3 13 7 1 16 11 7 13 14 1 1
1 1 1 5 0 4 2 1 2 2 5 9
3 5 7 2 5 2 8 3 12 2 3 9
1 11 3 3 5 2 5 1 2 0 1 2
1 6 7 2 6 4 2 15 1 5 0 1
2 3 2 4 11 2 9 2 2 1 10 3
10 12 30 9 7 7 7 1 7 1 6 5
1 7 6 1 10 4 3 3 18 10 6 0
2 4 7 6 1 3 3 4 10 1 0 2
8 2 15 15 2 5 4 15 3 7 2 4
14 3 4 3 0 3 7 6 4 1 6 1
0 3 6 5 2 1 7 11 2 4 2 13
4 3 6 5 3 2 1 1 2 3 2 4
3 1 5 8 3 9 2 1 3 1 2 1
17 9 3 12 20 3 4 9 1 3 3 17
2 1 0 2 6 4 2 5 8 2 0 9
1 2 0 7 1 2 4 1 1 4 0 6
2 3 9 1 6 13 8 7 6 8 1 4
2 4 1 7 2 2 5 1 3 0 4 3
1 2 3 2 4 1 2 4 1 4 4 12
4 5 1 10 3 7 1 7 3 6 7 2
10 10 0 7 21 8 2 2 9 3 0 3
6 10 18 4 9 4 4 5 4 2 6 2
7 6 15 2 2 8 4 8 13 1 4 7
9 11 1 0 9 1 5 1 18 9 1 4
14 12 6 3 5 26 0 0 2 6 17 1
1 1 8 2 6 2 3 10 2 1 3 0
12 15 18 11 12 1 5 1 2 10 5 13
11 3 9 11 8 10 4 4 10 10 0 16
1 3 6 2 0 1 3 0 0 5 5 3
3 7 3 3 4 6 4 2 4 3 5 3
6 1 12 4 7 12 0 2 1 8 1 5
13 4 7 4 1 4 0 6 11 7 8 9
5 3 2 0 0 7 0 2 5 5 2 0
8 5 10 11 6 0 0 19 20 13 5 9
7 8 4 0 15 6 5 0 13 9 1 6
3 1 2 6 7 2 2 0 4 2 3 1
26 1 3 16 3 8 13 9 11 3 6 8
1 9 2 5 1 4 4 5 2 4 11 7
6 2 9 4 1 4 6 1 17 2 7 6
7 7 1 3 4 2 5 8 4 2 1 13
7 3 8 2 4 10 11 3 2 3 1 1
1 4 4 1 5 0 1 3 6 1 3 1
25 1 7 20 20 6 3 3 1 8 3 3
8 3 1 0 2 9 21 1 8 6 8 1
8 7 2 1 7 3 8 7 12 8 4 10
12 7 7 0 8 5 3 10 8 15 12 7
10 3 3 4 13 5 4 1 1 5 16 8
12 0 4 2 7 5 9 5 2 0 11 2
7 13 0 15 6 1 6 1 11 19 3 16
7 14 8 17 17 10 6 1 12 5 11 6
1 1 1 1 4 1 5 2 3 6 2 6
0 6 9 3 7 3 2 14 6 2 4 0
10 3 12 6 5 5 2 0 1 5 10 6
0 5 4 14 1 5 1 1 4 2 2 2
6 2 7 24 0 2 24 3 4 2 15 8
16 8 2 5 11 1 15 4 11 8 0 5
2 4 3 4 1 7 2 1 2 6 4 4
19 4 3 4 4 6 8 12 14 6 8 2
5 6 1 2 0 3 5 9 5 2 2 12
1 13 4 2 9 4 9 9 8 6 6 1
2 3 1 7 13 10 4 15 5 8 9 6
1 2 1 1 5 0 9 2 1 2 6 0
2 1 1 2 5 0 2 8 2 2 7 2
6 11 3 7 11 6 12 9 7 1 8 17
5 5 14 7 2 11 5 10 25 15 10 5
16 11 13 4 10 1 4 5 14 17 4 1
17 0 12 5 12 6 5 11 10 6 9 9
12 2 19 1 7 10 13 4 4 1 2 6
12 3 12 6 9 17 1 13 12 11 4 12
12 8 3 8 3 13 13 5 4 3 6 10
4 0 7 5 2 2 6 0 2 0 4 3
2 3 8 6 7 0 6 9 6 4 2 6
3 4 6 3 9 13 4 3 0 2 9 11
8 0 7 13 20 8 10 7 2 11 4 1
10 6 3 4 0 21 2 12 11 5 4 6
11 1 7 4 7 3 1 1 2 8 4 1
5 2 3 24 5 1 15 2 11 5 4 21
12 1 8 0 8 6 16 12 0 22 7 11
8 19 2 6 3 21 3 6 8 8 7 12
11 6 4 2 7 4 1 5 3 15 8 16
5 1 1 10 1 7 7 3 3 5 6 6
8 4 4 18 26 14 6 4 4 5 8 1
5 3 4 10 4 5 2 6 4 2 6 3
4 4 3 3 6 2 7 10 2 8 1 5
4 3 1 10 13 5 1 0 12 0 8 3
5 5 8 4 1 1 4 1 8 9 6 6
2 7 16 27 4 4 6 8 0 9 6 1
3 4 1 5 4 2 6 10 2 3 1 1
1 1 3 4 3 3 3 3 16 4 3 10
3 4 15 5 8 4 3 1 0 1 1 4
2 7 3 2 1 6 1 7 2 3 8 2
7 6 1 12 4 7 4 10 12 16 21 4
6 10 4 10 8 7 3 11 24 6 1 2
2 5 4 8 2 2 3 6 1 8 1 9
6 1 3 10 4 7 9 0 7 3 10 3
7 2 4 3 1 0 1 1 4 2 22 5
6 6 1 3 1 8 8 1 2 5 0 8
1 7 2 0 2 1 22 10 7 0 7 14
7 14 0 6 7 11 19 3 1 3 0 3
1 1 19 7 0 8 2 2 10 0 1 2
11 5 15 3 0 18 0 4 10 4 7 7
24 4 7 1 11 2 2 9 18 13 3 5
8 3 10 1 4 5 1 2 8 7 0 5
7 12 1 19 8 8 5 6 8 4 6 10
0 1 4 2 10 6 19 13 1 0 7 4
3 4 1 2 10 3 1 2 1 5 4 11
10 6 8 3 11 8 8 11 4 14 6 1
4 17 4 18 15 4 6 4 3 4 2 5
2 2 2 8 3 2 8 1 2 1 1 6
5 11 2 7 1 2 19 1 2 12 10 11
7 12 4 10 1 1 8 1 0 3 2 3
5 1 2 3 2 3 0 7 5 1 1 5
2 4 3 14 3 3 2 10 0 7 1 2
5 4 8 3 6 4 5 12 11 16 3 6
0 4 1 3 3 5 1 5 8 3 6 4
2 4 0 15 17 5 12 16 12 16 13 0
9 13 13 6 5 5 16 2 15 2 10 20
1 1 10 7 6 8 9 7 7 1 1 2
7 12 9 6 1 0 3 5 2 5 6 1
3 3 8 7 14 8 5 11 2 14 20 4
7 3 10 4 3 10 6 6 5 28 6 17
9 13 10 3 10 9 6 20 10 4 9 19
17 21 3 13 11 2 7 5 3 9 7 13
10 2 4 10 4 1 7 0 1 12 6 23
9 7 2 6 6 2 6 3 6 1 3 2
7 3 7 4 1 2 4 5 5 1 2 4
0 4 0 2 1 2 3 4 5 4 13 5
1 3 2 2 1 1 0 1 6 2 6 3
7 7 18 6 7 7 13 5 11 2 14 3
3 0 3 4 4 6 5 8 4 4 5 9
3 1 1 0 8 9 5 6 3 12 1 4
7 5 10 11 2 1 8 8 1 1 8 8
1 4 6 0 2 3 2 3 8 2 0 8
8 4 4 19 10 10 6 6 2 10 14 18
1 14 10 1 1 7 4 3 4 5 6 12
21 2 5 10 1 0 15 3 2 5 5 18
2 1 7 1 0 5 9 5 5 3 0 1
9 18 10 13 12 13 15 13 5 0 3 2
2 0 3 12 2 0 7 12 1 4 4 1
8 6 4 16 9 2 9 5 0 1 10 0
3 0 0 2 10 5 12 6 12 7 5 18
1 11 2 16 21 4 12 1 5 5 1 2
1 0 6 11 6 1 15 21 2 11 9 20
4 2 3 1 4 5 5 3 1 3 0 3
2 1 1 0 7 2 4 5 5 1 1 1
1 2 3 10 6 0 4 3 5 4 3 3
1 4 8 3 4 14 14 19 5 0 16 20
1 1 2 8 7 7 14 6 4 3 3 5
3 9 7 1 1 5 1 3 11 9 4 3
0 12 1 3 11 14 1 16 12 6 1 1
6 4 3 4 2 5 1 0 1 1 1 6
6 16 15 5 14 2 18 19 3 9 1 3
9 10 3 15 1 13 6 9 13 5 2 3
4 10 8 23 8 1 10 9 4 8 5 17
10 3 7 11 6 8 7 1 5 4 0 20
1 2 15 11 4 12 0 14 1 4 12 16
4 8 4 16 8 3 8 4 13 6 7 12
9 8 6 3 1 4 0 1 7 4 4 4
16 4 18 6 8 2 9 4 7 16 16 5
8 2 5 1 8 7 9 2 3 1 6 10
3 10 11 9 13 5 19 7 3 5 6 2
1 1 6 7 6 3 0 2 2 2 1 8
12 4 3 4 9 2 17 6 12 3 1 22
9 0 9 9 0 3 8 5 11 9 2 0
5 10 7 2 1 3 4 10 5 14 5 5
9 2 6 4 6 5 8 9 2 12 5 8
0 9 4 5 3 1 5 6 1 5 4 9
3 7 4 3 3 5 5 2 4 3 1 7
10 14 5 0 7 3 1 13 16 12 18 11
0 6 6 5 0 14 4 2 6 5 8 13
10 15 6 5 4 4 11 7 3 2 4 10
20 2 3 4 14 17 14 6 4 9 5 10
9 5 12 4 2 2 4 9 2 3 22 8
0 4 11 1 3 5 2 3 2 7 1 2
25 5 9 12 9 14 10 8 2 4 7 1
8 3 6 13 8 0 6 1 9 6 4 2
3 6 9 11 8 11 9 1 7 6 8 4
4 1 2 2 8 8 2 6 3 4 7 1
2 1 3 7 6 1 1 1 1 1 3 2
3 4 9 3 5 1 1 3 7 1 3 2
13 1 3 5 14 21 7 7 11 11 5 0
0 6 11 11 13 1 28 7 2 4 15 9
1 7 2 5 4 10 7 1 9 3 6 0
4 1 0 1 11 2 1 6 5 9 4 3
3 8 7 2 8 2 4 10 1 9 0 6
2 5 1 2 2 2 5 6 2 6 1 3
5 0 0 5 1 1 1 5 9 0 1 1
4 6 1 8 1 6 21 0 3 10 2 1
21 5 6 0 1 12 13 10 4 6 8 7
3 6 3 7 5 12 1 1 0 10 14 0
5 9 4 8 8 3 10 6 0 4 4 4
11 4 1 7 4 0 10 3 3 6 1 2
2 0 6 6 1 1 3 7 4 4 4 5
7 5 2 11 8 7 15 2 9 5 6 0
9 2 3 0 0 6 11 16 7 2 8 20
4 3 1 2 4 3 6 2 0 3 2 3
2 1 2 4 5 11 1 12 1 1 7 0
13 9 8 17 20 3 4 12 2 8 7 11
6 3 4 0 7 5 6 4 1 6 1 5
2 8 4 7 8 3 2 4 2 2 4 2
6 6 3 11 2 7 0 7 12 6 5 3
3 5 1 8 10 11 3 2 12 6 1 5
5 2 0 15 4 5 10 6 6 2 12 1
7 9 7 8 4 21 4 1 12 10 6 8
7 5 9 6 8 6 0 21 1 3 3 5
4 5 5 1 7 5 2 2 9 4 9 4
21 2 1 11 12 9 12 0 3 12 9 6
7 4 2 1 2 2 1 7 5 3 2 1
14 12 5 1 1 1 3 8 4 6 3 9
3 23 9 17 2 12 9 3 5 3 6 16
9 3 5 3 4 16 15 14 6 8 9 9
9 5 4 8 5 2 1 5 12 16 1 8
5 2 2 2 4 2 2 3 5 1 2 2
2 3 4 6 2 5 3 0 3 5 4 4
21 10 0 19 4 5 11 2 10 6 2 7
2 5 7 6 27 10 11 4 8 0 5 0
20 6 6 12 4 10 1 2 13 2 15 17
5 11 2 4 10 1 8 14 12 5 5 1
9 6 6 1 12 9 6 16 9 5 1 2
6 0 4 1 0 6 1 4 1 5 9 4
5 0 2 4 4 24 3 8 10 3 0 26
3 3 4 6 2 3 3 3 7 5 8 5
5 5 4 5 6 3 1 4 1 3 11 3
1 1 0 3 3 9 2 6 3 1 9 2
7 6 3 3 1 7 5 6 13 1 6 9
2 2 5 2 2 4 2 5 3 1 3 3
1 14 13 0 23 6 7 19 1 13 8 7
4 7 1 1 1 1 5 4 3 7 2 1
2 6 2 13 12 16 3 0 1 12 7 2
4 9 19 7 2 11 6 10 2 3 16 0
1 9 3 3 1 3 5 6 3 2 2 3
8 5 8 10 6 12 10 18 2 5 12 9
5 2 18 2 4 5 15 6 0 4 30 1
10 2 0 1 0 7 2 9 5 4 6 5
5 2 6 5 8 7 21 5 15 10 7 1
10 14 5 8 12 9 15 11 0 4 13 10
12 7 3 14 7 0 11 12 4 6 6 14
4 3 2 4 8 1 1 2 0 1 3 1
12 3 5 14 9 6 5 8 2 5 3 9
5 9 5 10 1 8 2 0 13 3 6 1
12 13 2 1 17 0 4 9 10 9 13 7
0 1 7 1 6 26 5 5 9 14 15 8
0 2 3 5 2 0 5 2 1 9 8 13
4 4 11 1 6 8 2 12 3 1 6 10
10 7 2 0 3 12 20 6 5 2 2 7
12 1 13 15 2 2 15 6 6 20 8 4
3 0 7 1 4 8 5 1 6 2 5 7
3 3 10 17 11 1 6 1 2 2 13 23
13 13 2 6 3 2 4 5 15 2 4 11
1 6 0 1 2 3 0 0 3 2 6 1
1 10 3 14 6 20 0 13 2 4 4 12
5 3 9 13 4 6 3 13 7 5 2 24
5 4 1 7 7 1 2 8 3 1 2 3
8 0 2 7 4 1 5 0 5 5 3 3
5 7 2 9 2 0 8 6 0 9 0 3
6 8 0 21 9 9 11 14 6 14 2 3
3 0 1 3 4 3 5 2 3 2 4 1
8 4 0 2 6 4 10 1 5 6 4 3
2 1 5 1 5 1 4 3 10 0 3 10
1 11 6 3 9 8 15 7 8 14 3 10
18 3 6 9 1 5 6 1 14 1 4 12
2 8 0 1 1 11 2 7 4 2 10 6
8 6 9 19 5 0 10 19 4 6 14 9
6 7 4 1 5 5 9 6 15 3 5 4
14 16 13 0 10 2 1 5 10 6 3 19
1 3 9 3 4 13 29 7 2 2 10 4
13 3 9 3 1 3 9 18 2 9 3 10
0 3 4 4 4 9 0 5 1 1 6 3
3 6 9 10 5 4 10 5 4 4 5 2
13 8 2 16 21 5 2 15 5 4 6 18
1 13 4 2 17 6 2 7 2 12 2 9
2 7 3 1 4 5 0 11 5 1 14 8
5 16 2 4 13 4 8 5 5 8 9 6
2 2 7 1 4 4 1 3 8 1 3 6
3 8 21 1 19 0 9 17 7 11 6 6
3 7 8 10 6 15 1 0 5 9 11 2
8 8 3 2 2 8 7 2 0 3 5 9
9 4 5 6 7 7 4 2 4 4 4 6
3 8 7 0 7 8 8 19 10 0 2 14
3 1 3 0 1 4 13 0 15 3 7 15
10 5 14 9 14 14 7 6 1 25 3 5
2 2 2 4 2 4 5 4 4 4 7 4
12 5 11 7 3 3 20 7 3 4 15 1
6 14 6 11 2 8 11 14 8 3 11 3
5 2 4 2 1 9 9 3 14 2 3 8
0 1 3 8 3 5 8 1 1 3 7 10
2 6 0 4 5 5 13 1 2 2 8 16
5 3 1 1 3 4 2 5 6 2 3 1
15 13 3 1 4 6 10 13 11 13 2 0
4 1 2 6 3 6 5 6 2 5 1 3
6 1 14 5 8 3 9 13 1 2 6 1
3 2 13 1 9 11 2 0 18 4 4 1
13 20 3 3 2 11 10 6 1 3 1 13
1 4 3 2 5 8 4 1 2 9 0 5
3 0 1 2 1 4 3 7 1 3 8 2
6 6 11 1 11 9 9 5 10 5 13 8
4 1 6 4 1 6 7 0 4 4 1 1
4 11 5 4 13 5 5 15 0 5 5 1
9 3 1 16 9 6 5 7 12 17 0 1
4 2 10 7 7 11 8 5 11 11 22 17
7 2 5 3 0 6 1 7 5 11 5 13
3 5 3 8 4 21 11 7 4 2 11 9
6 5 10 9 3 14 8 6 2 5 2 4
5 5 3 4 1 7 1 0 1 7 2 4
1 14 5 4 12 0 1 4 1 1 4 0
9 9 14 4 12 8 9 2 8 1 3 9
2 6 3 1 0 14 2 1 0 0 5 1
3 8 12 19 0 4 8 18 9 7 3 5
1 3 5 7 12 3 3 5 7 15 1 6
12 3 4 0 10 0 3 7 1 6 6 2
9 6 10 14 3 8 4 4 2 9 5 2
0 7 3 5 6 0 1 14 1 4 4 3
2 0 12 2 2 9 15 9 1 19 11 3
5 0 5 4 0 0 5 3 0 3 9 2
4 2 16 8 8 8 9 4 3 10 2 1
8 6 13 7 3 10 12 5 4 8 6 11
5 13 9 13 5 11 2 1 17 4 3 6
1 1 2 9 5 2 11 1 1 4 3 2
3 8 15 5 7 7 3 1 9 9 6 5
3 10 12 7 13 3 13 13 14 3 4 0
5 6 0 1 11 3 2 4 9 2 2 1
2 3 8 5 1 7 6 7 14 8 0 7
5 3 2 3 3 2 4 1 1 2 1 4
5 1 4 1 3 1 2 3 0 5 6 4
5 1 16 4 11 1 2 3 2 3 10 3
5 4 12 2 0 2 14 10 11 1 0 1
6 1 4 6 4 2 9 6 2 7 2 1
6 2 5 2 2 5 1 2 2 7 14 4
6 1 14 5 12 11 1 4 10 5 0 3
14 2 7 7 2 8 5 10 7 17 12 5
2 9 10 6 11 10 13 7 3 9 7 5
2 2 8 4 4 2 4 10 2 4 2 8
10 9 5 16 14 11 3 4 15 2 3 16
10 16 13 4 13 5 3 3 22 3 9 7
1 13 2 3 7 4 14 15 6 17 11 11
8 1 2 0 7 3 8 0 2 5 4 2
4 3 8 10 2 5 6 3 17 11 22 21
0 0 5 5 18 12 10 7 3 0 13 13
1 2 3 0 3 5 6 3 2 1 1 3
1 6 0 0 2 2 8 2 4 2 0 2
4 16 1 8 1 2 16 0 7 3 11 3
4 8 9 2 3 1 2 3 2 8 3 3
2 6 10 2 4 8 6 5 5 1 1 7
9 4 9 8 5 10 5 6 2 8 20 9
14 8 6 14 9 13 3 11 11 18 3 11
20 12 5 3 3 15 5 5 9 3 7 3
1 5 1 4 4 6 4 1 2 3 9 3
2 8 4 8 7 2 3 8 7 0 2 2
4 6 11 4 3 9 4 0 4 14 8 5
12 4 12 10 4 6 2 1 9 11 1 7
2 0 0 5 15 3 5 3 3 2 10 3
3 3 2 1 1 4 3 1 2 4 7 6
0 5 0 2 4 1 3 8 4 1 4 5
6 5 12 4 5 22 10 3 8 15 11 1
13 9 4 4 19 6 9 2 4 14 3 13
5 1 1 2 3 4 5 1 4 6 1 1
6 0 5 7 6 8 1 0 2 3 3 0
10 2 4 3 5 3 1 6 1 1 0 3
4 9 0 8 0 6 2 1 10 7 6 6
9 1 2 4 6 4 12 13 1 5 0 2
13 9 10 4 2 7 4 4 3 4 2 8
8 16 5 0 12 6 12 1 7 2 14 4
18 7 4 11 2 10 8 10 6 3 8 6
12 6 3 1 3 9 4 9 6 10 3 7
4 14 10 5 10 14 18 1 1 16 1 14
2 3 4 19 4 5 1 2 0 4 9 1
1 3 1 7 22 6 6 12 10 11 4 7
7 18 7 2 4 3 8 8 0 4 0 25
1 3 2 4 1 4 3 3 3 6 3 0
2 2 0 1 6 7 8 7 0 6 7 2
11 9 12 12 3 3 2 19 12 9 12 13
4 14 4 6 0 24 10 6 14 7 2 9
4 1 4 3 0 1 6 4 1 4 0 0
1 11 2 4 15 0 11 8 7 16 9 6
16 15 18 1 4 7 1 1 0 3 15 2
10 14 9 7 14 14 13 11 13 14 0 3
4 17 2 6 12 7 1 13 3 11 12 11
4 1 9 2 5 2 6 7 11 2 4 1
2 2 5 0 2 2 6 3 3 2 5 1
3 1 1 13 6 4 1 4 2 9 4 0
5 3 3 10 11 6 2 10 9 15 8 3
4 11 14 1 16 19 2 20 0 11 6 5
1 1 0 3 1 5 8 3 3 2 5 1
7 1 5 6 0 2 1 0 3 2 2 6
5 16 1 1 4 3 11 8 7 16 19 12
5 5 3 6 11 0 1 11 4 3 5 0
4 6 8 11 21 3 0 16 7 11 2 1
4 18 5 2 10 1 14 10 9 9 5 4
2 16 17 8 13 1 5 1 7 0 17 14
8 6 7 1 6 4 10 9 16 8 10 14
3 2 4 6 2 4 4 2 3 2 1 3
3 0 15 5 14 5 13 3 1 6 4 5
6 3 9 8 4 10 3 4 6 18 11 2
2 3 7 7 2 6 3 3 6 4 14 7
1 5 1 1 1 8 4 0 5 3 0 2
3 7 3 2 2 2 5 1 0 3 3 8
5 5 2 12 9 3 4 1 3 4 7 9
2 0 3 6 3 3 6 0 0 1 2 1
6 2 4 2 7 3 2 1 3 4 6 3
2 2 4 3 3 2 8 5 5 5 2 3
6 7 4 4 2 3 2 4 7 8 20 8
3 1 2 8 1 3 5 1 3 10 1 2
4 0 15 14 19 5 11 4 9 15 9 3
3 3 9 8 4 6 2 16 1 3 12 15
11 12 9 14 9 5 1 9 6 3 1 5
11 12 7 21 14 1 1 13 15 4 7 11
6 18 12 5 3 5 18 13 1 15 1 5
8 5 22 2 12 0 10 7 2 4 8 1
3 5 14 2 4 5 8 3 3 5 5 3
8 21 6 5 7 6 2 9 9 5 0 9
3 2 7 5 2 0 11 3 1 2 18 4
2 18 5 5 11 2 11 9 7 5 1 12
2 3 1 1 1 1 2 2 2 7 7 3
9 6 2 6 4 14 7 7 3 4 7 16
6 10 10 4 14 2 6 2 7 25 11 12
1 3 5 3 15 7 7 13 2 7 4 2
8 12 2 0 6 4 16 8 3 2 9 3
0 13 4 12 5 7 3 9 2 2 8 8
7 5 1 1 3 3 10 0 1 0 7 3
1 9 16 4 0 3 4 3 12 14 8 11
10 7 2 7 8 2 21 1 6 2 8 4
1 2 7 6 1 1 3 3 10 15 3 15
0 2 2 4 0 0 8 1 3 3 7 3
9 12 3 5 4 1 1 11 5 2 1 6
1 6 1 1 3 1 7 5 3 1 1 2
1 3 0 4 4 5 3 1 2 1 1 3
4 1 2 2 1 3 5 0 2 3 4 5
2 4 3 0 2 9 2 7 1 4 8 1
1 6 0 4 9 6 4 10 10 4 3 2
7 3 8 7 12 9 2 7 2 2 7 17
8 3 5 2 9 1 11 3 17 5 9 1
1 28
4 95
4 96
4 97
6 88
7 30
7 45
7 73
7 93
8 13
8 77
8 84
9 27
9 48
9 56
9 97
9 109
10 50
10 88
10 100
11 57
11 69
11 89
12 18
12 89
13 86
13 93
14 76
14 80
15 63
15 93
16 30
16 37
16 48
17 34
17 103
18 43
18 56
18 75
18 103
19 34
19 50
19 91
19 101
19 111
20 32
20 106
20 118
21 22
21 25
21 34
21 37
21 57
21 77
21 84
21 117
22 32
22 36
22 44
22 110
23 32
23 64
23 113
23 123
24 32
24 94
24 106
25 61
26 66
26 99
27 59
27 76
27 122
28 41
28 52
28 67
28 81
28 96
28 99
28 106
29 75
30 43
31 68
32 55
32 68
32 128
33 40
33 51
33 89
33 102
33 110
33 117
34 50
34 58
36 86
36 102
36 122
37 41
37 79
37 82
38 60
38 68
38 74
38 97
38 99
38 135
39 105
39 120
40 116
40 135
41 81
41 102
42 90
42 92
42 124
42 129
42 133
43 61
43 64
43 83
43 84
43 89
43 112
44 64
44 74
44 78
44 82
45 57
45 81
46 65
46 97
46 99
47 65
47 93
47 138
48 51
48 52
48 68
49 117
50 143
51 83
51 104
51 147
52 57
52 59
52 68
52 93
53 82
54 56
54 124
55 82
55 111
55 154
56 61
56 153
57 119
58 144
58 145
58 146
58 150
59 73
59 75
59 85
60 103
60 106
60 113
61 86
61 94
62 69
62 121
62 137
63 116
64 76
64 81
64 100
64 107
64 144
65 70
65 104
65 141
65 152
66 69
66 129
66 133
67 94
67 150
68 78
68 104
68 123
68 129
68 141
70 121
72 96
72 138
72 155
73 86
73 144
73 159
73 163
74 87
75 115
75 165
76 100
76 119
76 132
76 155
76 167
77 87
77 106
78 112
78 121
78 138
78 177
79 96
80 88
80 95
80 99
80 114
80 140
80 157
82 95
82 159
83 110
84 172
85 162
86 140
86 163
86 179
87 130
88 95
88 109
89 102
89 113
89 120
89 158
90 159
91 108
91 119
91 136
91 143
92 119
92 192
93 150
93 163
94 136
94 166
94 179
94 187
95 98
96 151
96 156
96 172
96 182
97 126
97 142
98 109
98 118
98 158
98 159
98 172
99 168
100 107
100 122
100 125
100 172
100 191
101 156
101 188
101 189
102 112
102 154
102 175
103 122
103 130
103 173
103 187
104 201
105 149
106 146
106 200
107 117
107 121
108 112
108 151
108 199
108 200
109 144
109 165
110 205
111 140
111 146
112 145
113 119
113 120
113 144
113 149
113 209
113 211
114 117
114 123
114 155
114 206
115 135
115 138
115 149
115 156
115 202
116 125
116 169
116 198
116 212
117 216
118 129
118 149
118 191
119 161
119 167
119 169
119 170
119 190
120 219
122 131
122 213
123 188
124 127
124 173
125 129
125 154
125 161
127 208
127 220
128 192
128 201
129 150
130 154
130 156
130 169
130 229
131 145
131 179
131 231
132 143
132 201
133 172
134 163
134 181
134 192
134 198
135 188
136 166
136 181
137 160
137 174
137 191
137 213
137 226
138 164
138 204
139 161
139 207
141 205
141 207
142 158
142 178
142 226
143 159
144 166
145 188
145 208
145 217
145 220
146 172
147 153
147 170
147 192
147 217
148 160
148 227
149 241
150 177
152 165
152 173
153 158
153 227
153 235
154 163
155 198
156 174
156 182
156 219
157 230
158 161
159 239
160 194
160 197
160 242
160 258
161 205
162 168
163 173
165 219
165 224
166 220
166 223
166 224
167 196
167 199
167 229
167 257
167 258
168 178
168 181
169 203
169 210
169 228
169 262
170 260
170 270
171 175
171 186
171 196
172 193
172 206
172 207
173 246
174 195
175 200
176 178
176 199
176 205
177 258
178 212
179 186
179 198
180 222
180 243
181 182
182 186
183 184
183 200
183 281
184 186
184 238
184 260
185 203
185 238
185 253
185 261
186 201
186 226
186 250
187 193
187 248
188 241
188 273
188 274
188 281
189 250
189 257
189 284
190 197
190 212
190 234
191 218
191 260
191 273
192 215
192 259
192 278
193 229
193 259
194 206
194 237
196 225
196 254
196 277
196 296
197 216
197 229
198 255
198 282
198 284
199 289
200 263
201 287
203 216
203 230
203 237
203 245
204 207
205 207
205 250
205 274
205 304
206 249
206 296
207 264
207 295
208 218
208 223
208 224
208 247
208 302
209 250
209 255
210 309
211 229
211 252
212 267
212 312
213 257
213 265
213 313
215 266
215 290
217 270
217 279
218 284
219 278
220 289
221 231
221 316
222 256
222 265
222 278
223 295
223 305
224 279
224 288
224 324
225 246
225 254
225 283
226 247
226 254
226 270
226 271
227 254
227 303
228 231
228 251
228 261
228 290
228 315
228 324
229 266
229 271
229 314
230 249
230 297
231 235
231 243
231 259
231 293
231 302
231 320
231 328
232 241
232 254
232 271
232 313
233 249
233 263
233 277
234 317
234 323
234 329
235 242
235 289
236 249
236 254
236 313
237 294
237 307
237 322
237 331
238 273
238 298
238 316
239 278
239 282
239 285
239 321
240 280
240 323
240 335
241 243
241 262
241 315
242 321
242 325
245 258
245 323
246 249
247 274
247 301
248 286
248 288
248 317
248 330
248 331
249 281
250 315
250 341
251 272
251 277
251 305
251 349
252 277
252 306
252 328
254 314
255 280
255 322
255 352
256 275
256 277
257 275
257 280
257 298
257 345
258 300
258 318
259 284
259 309
259 313
259 321
260 335
262 263
262 298
263 309
263 314
263 361
264 312
264 340
264 360
265 285
265 305
266 350
266 360
267 292
267 318
267 320
268 292
268 304
268 310
268 321
268 337
268 345
268 359
269 349
270 326
270 348
270 355
270 357
271 273
271 275
271 290
271 322
272 274
273 282
274 278
275 289
276 307
276 358
277 294
277 334
278 355
279 316
279 320
279 329
279 343
280 334
280 379
281 333
281 362
282 298
282 374
283 290
283 336
284 341
285 295
285 316
286 326
287 332
287 369
288 335
289 342
290 303
290 354
290 387
291 333
291 351
291 382
292 316
292 321
292 337
293 298
293 363
293 384
294 346
294 385
294 387
295 340
296 306
296 316
296 371
296 375
297 348
297 397
298 330
298 371
298 372
299 300
299 365
299 367
300 307
300 327
301 343
301 346
301 363
301 370
302 322
302 346
303 312
303 343
303 363
303 370
305 322
305 327
306 391
308 321
308 330
308 408
309 311
310 330
310 408
311 345
312 391
313 380
314 334
314 384
315 348
315 358
316 332
316 342
316 380
316 415
317 321
317 330
317 337
318 352
319 350
319 368
320 340
320 381
320 419
321 324
321 372
321 411
323 334
323 383
323 421
324 396
325 409
326 373
326 379
327 401
328 356
328 410
329 352
329 362
329 367
329 390
330 415
331 348
331 393
332 339
332 359
332 376
333 353
334 406
336 365
337 348
337 413
337 423
337 431
339 356
339 361
339 381
339 403
340 344
340 360
340 377
340 386
340 404
341 384
342 364
343 352
343 406
344 366
344 369
344 380
344 406
345 381
345 414
345 433
346 394
346 428
346 437
347 406
348 406
348 409
349 355
349 363
349 417
349 423
349 432
350 369
351 423
352 361
352 449
353 400
354 370
354 402
354 426
355 381
355 446
356 408
356 427
357 367
358 365
358 402
358 417
358 439
358 442
359 426
359 444
360 421
360 445
360 452
361 377
361 383
362 372
362 377
362 407
362 409
363 390
363 422
363 432
363 453
364 400
364 449
364 451
365 393
365 418
366 392
366 400
366 439
367 452
368 381
368 418
369 461
370 376
370 435
371 380
371 449
372 379
372 400
372 404
372 419
372 462
373 432
373 445
373 466
374 378
375 423
376 400
376 427
376 454
378 397
379 400
379 409
379 452
380 386
381 443
381 445
381 449
381 464
381 468
382 476
383 390
383 445
384 418
385 386
385 393
385 464
385 477
386 419
386 474
387 395
387 437
387 450
388 403
388 413
388 459
388 474
389 405
389 473
390 451
391 422
391 490
392 442
393 451
394 489
395 455
395 472
396 420
396 459
397 429
397 432
397 461
397 469
399 433
399 483
401 413
401 426
401 428
402 486
403 442
403 491
403 501
404 420
404 446
405 458
406 407
406 408
406 431
406 467
407 432
408 416
408 449
408 458
409 426
409 429
409 487
409 495
410 433
410 501
411 427
411 463
414 466
415 426
415 430
416 469
416 488
418 460
418 485
419 444
419 488
420 455
421 443
421 444
421 514
422 507
423 459
423 512
424 426
424 447
424 459
425 464
425 499
426 444
426 451
426 479
427 480
427 520
427 526
428 450
428 451
428 479
428 511
429 445
429 469
429 513
430 437
430 450
431 479
431 498
431 518
431 519
433 487
435 490
435 521
435 534
436 473
436 510
436 516
436 536
437 488
439 476
439 501
439 506
440 461
441 476
441 539
442 446
442 494
442 522
443 460
443 514
443 542
444 456
444 527
444 536
445 447
445 453
446 461
447 482
448 507
449 475
450 461
450 467
450 539
451 476
452 480
452 548
453 477
453 536
454 509
455 464
456 488
456 523
456 544
457 498
457 516
457 517
457 526
457 528
458 470
458 474
458 525
459 502
460 468
460 474
460 494
460 507
460 546
461 488
462 516
462 523
462 528
463 522
463 526
463 550
464 485
464 520
464 525
464 536
465 481
465 513
465 529
465 564
466 500
466 504
466 514
466 515
466 530
467 490
468 491
468 519
469 543
469 553
470 476
470 495
470 537
470 566
470 569
471 527
471 542
472 528
473 490
473 508
473 553
473 564
474 476
474 521
474 540
475 495
475 550
476 517
476 518
476 563
477 498
477 511
478 502
478 577
479 534
480 508
480 535
481 541
481 560
482 548
483 558
483 576
484 562
485 563
485 572
486 573
487 561
488 523
488 560
489 497
489 510
489 513
489 514
490 558
490 559
490 585
491 527
491 544
492 507
492 571
494 506
494 507
494 534
494 542
494 562
495 510
495 584
496 531
496 573
496 580
497 532
498 501
498 552
498 558
498 583
499 506
499 554
499 570
499 582
499 597
500 523
500 566
500 591
501 531
501 580
502 520
503 560
504 545
505 531
506 585
507 508
507 587
507 605
508 538
508 571
508 572
508 574
509 535
511 560
511 585
512 528
513 530
513 536
513 597
514 524
514 612
515 575
516 525
516 531
516 545
517 559
517 568
518 546
518 582
518 605
519 525
519 573
519 596
520 543
520 577
521 559
521 589
521 592
522 572
522 578
523 539
523 546
523 549
523 602
524 537
524 546
524 552
525 536
525 570
526 564
526 572
526 606
528 530
528 559
529 605
531 537
531 594
533 563
533 586
533 592
533 624
533 628
534 546
534 628
535 551
535 579
536 550
536 598
537 560
539 579
539 595
540 578
541 621
542 640
543 563
543 567
543 577
543 624
544 545
544 551
544 593
546 566
546 567
547 557
547 629
549 608
549 613
550 557
550 644
551 587
551 611
551 613
552 562
552 616
553 598
553 601
555 566
555 571
555 603
555 617
555 620
556 601
556 614
556 648
557 604
558 576
558 580
558 645
559 628
559 643
559 648
560 564
560 565
560 599
560 609
561 597
562 583
563 565
563 618
563 626
563 641
563 653
564 658
565 611
566 580
566 614
568 584
569 620
570 583
571 582
571 604
571 639
571 646
573 574
573 640
574 583
574 593
574 623
574 641
575 592
575 624
576 634
576 656
576 674
577 594
577 608
578 598
578 601
578 637
579 641
580 606
580 626
581 586
581 618
581 671
582 612
582 677
583 618
583 653
583 659
584 586
584 607
584 643
584 653
584 671
586 659
587 618
587 661
588 646
588 650
588 656
588 669
588 679
589 611
589 631
589 677
589 685
590 632
590 639
590 688
591 598
591 617
591 631
591 677
592 606
592 649
592 660
592 661
593 606
593 615
594 628
594 665
595 621
595 649
595 664
597 607
597 672
598 675
598 698
599 656
599 676
600 606
600 607
600 695
601 653
601 671
602 623
602 638
602 692
603 657
604 647
604 648
604 655
604 666
604 667
604 672
604 695
605 649
605 697
605 703
606 647
606 648
607 615
607 616
607 669
607 691
608 642
608 652
608 675
608 689
608 694
608 698
608 699
608 702
609 622
609 673
609 683
610 667
610 692
610 710
611 631
611 679
612 658
613 650
613 696
613 697
614 664
614 703
615 655
615 661
616 623
616 670
616 684
617 707
618 643
618 655
618 660
618 707
618 710
618 718
619 630
619 686
620 649
620 662
620 677
620 717
621 659
621 714
622 670
622 675
622 676
623 652
624 698
624 714
625 641
625 654
626 649
626 655
627 631
627 658
628 667
629 659
629 662
629 679
629 688
630 637
631 634
631 641
631 646
632 652
632 669
632 704
632 718
635 686
635 695
636 641
636 692
636 720
637 692
637 722
637 729
638 697
639 650
639 682
639 715
639 728
640 642
641 730
642 643
643 648
643 689
643 715
644 653
644 658
644 689
644 715
645 657
645 659
645 660
645 701
645 709
645 716
645 717
645 724
645 738
648 690
648 721
648 746
649 684
649 715
649 744
650 714
651 721
652 657
652 716
653 659
653 679
653 744
654 705
654 723
654 739
656 742
658 723
659 660
659 722
659 735
661 686
661 697
661 714
661 743
662 678
662 714
662 726
663 664
663 757
664 716
664 763
665 757
666 707
666 710
666 744
666 746
668 684
668 722
668 748
669 687
670 681
670 750
670 760
672 682
672 704
672 717
672 765
673 698
673 762
674 734
676 677
676 715
676 746
676 750
678 717
678 721
680 685
680 726
680 757
681 756
682 725
682 748
682 771
683 706
684 694
684 697
684 706
684 726
685 723
685 767
685 780
686 768
687 715
687 777
687 781
688 717
688 763
688 782
689 693
690 754
690 778
690 779
691 739
691 751
691 777
691 788
692 715
692 737
692 784
693 697
693 755
693 757
693 764
694 737
694 748
695 712
695 787
696 787
697 709
697 788
698 725
698 767
698 772
699 739
699 768
700 712
702 719
702 725
702 778
703 713
703 715
703 732
703 747
704 706
704 776
705 734
705 766
705 789
706 711
706 762
706 766
707 732
707 751
707 789
708 715
708 764
710 753
710 762
712 749
712 759
712 777
712 810
713 802
714 728
714 760
714 763
715 783
715 804
715 806
715 808
716 730
717 779
718 748
718 755
718 770
718 797
719 788
719 790
720 728
720 799
721 797
722 769
722 820
724 788
724 813
724 824
725 733
725 767
725 796
726 764
726 792
727 788
727 815
729 767
730 762
730 797
732 774
732 795
732 810
733 829
734 781
734 798
734 808
735 755
735 802
736 810
736 818
737 769
737 775
737 824
737 826
739 748
739 784
739 799
740 809
742 789
742 796
742 822
743 750
744 817
744 831
745 778
745 804
745 829
746 842
747 769
747 806
747 825
747 832
747 843
748 787
748 813
748 846
750 780
750 784
750 845
751 774
751 810
751 839
751 842
752 786
752 827
753 761
753 801
753 824
753 835
754 757
754 811
754 835
755 773
755 806
755 809
756 771
756 782
757 831
757 840
758 778
759 851
760 783
760 786
760 828
760 833
761 842
761 861
762 768
762 792
762 828
762 851
763 769
763 807
763 830
764 776
764 790
764 791
765 766
765 771
765 773
765 829
766 809
767 785
767 820
767 823
767 831
768 830
770 794
770 813
770 818
771 829
772 813
774 814
774 816
774 833
775 780
776 788
776 800
777 780
777 823
778 872
779 799
779 820
779 846
779 872
780 789
780 817
780 838
780 857
781 860
782 786
782 830
782 870
782 873
782 879
782 880
783 851
783 861
783 863
784 805
784 846
784 868
785 811
786 820
787 848
787 882
787 883
788 794
788 838
788 855
789 821
790 823
790 872
790 876
791 811
792 835
792 874
792 882
793 797
793 826
793 867
793 887
795 827
795 836
795 875
796 850
797 818
797 823
797 859
797 876
797 879
798 845
799 889
799 898
800 850
800 858
801 820
801 899
801 900
803 837
803 874
803 880
803 884
804 820
805 817
805 851
806 810
806 817
806 882
807 813
807 862
808 824
809 885
810 880
810 888
812 839
812 875
813 835
813 875
813 885
813 886
814 858
814 871
814 913
815 816
816 864
816 909
817 825
817 906
817 908
818 839
818 869
818 895
819 827
819 857
819 889
819 907
819 909
821 841
821 849
821 851
821 880
821 908
822 823
822 872
822 886
822 912
824 907
825 881
826 838
826 845
826 895
826 897
827 925
828 830
829 837
829 857
829 870
829 883
830 911
831 851
831 899
831 918
832 840
833 909
834 846
834 866
834 882
836 914
836 922
837 873
837 896
838 914
838 925
839 871
839 886
839 933
840 879
840 908
840 913
841 936
842 847
842 901
842 908
842 926
843 895
843 903
843 911
843 934
844 845
844 876
845 868
845 898
845 903
846 875
846 878
846 938
846 940
847 857
847 867
847 905
847 915
847 920
847 921
848 938
849 868
849 898
849 934
850 855
850 946
851 875
851 878
851 881
851 895
852 891
852 942
853 909
853 911
854 877
855 868
855 914
855 926
855 939
855 952
856 864
856 899
856 913
856 941
857 871
857 886
857 927
858 879
858 953
859 868
859 879
859 893
859 918
860 918
860 955
861 887
862 876
862 960
863 905
863 940
864 868
864 871
864 881
864 946
864 955
865 897
865 921
865 964
866 899
866 903
866 945
866 954
867 876
867 930
867 959
869 901
869 925
870 918
871 906
871 927
871 954
872 893
872 922
872 969
873 891
873 912
873 961
874 958
875 931
875 956
876 899
876 918
876 942
876 956
877 901
878 921
879 891
879 912
879 967
879 978
880 960
881 882
881 955
881 956
882 938
882 962
882 977
883 917
884 943
884 978
886 924
886 950
887 945
887 966
887 984
888 892
888 909
888 973
889 893
889 895
890 941
892 939
892 948
892 988
893 894
894 915
894 993
895 968
895 972
896 906
896 923
896 947
897 922
898 900
898 904
898 928
898 947
898 986
898 992
899 905
899 968
899 976
899 981
900 915
900 919
900 950
900 974
900 978
901 945
901 953
901 955
901 974
902 919
902 923
903 921
903 949
903 985
904 921
904 937
904 960
905 932
905 947
906 947
906 976
908 921
908 987
908 989
909 918
909 943
910 932
910 941
910 970
910 977
910 998
911 928
911 966
912 952
913 951
913 983
914 945
914 966
915 983
916 973
918 989
919 930
919 994
920 926
920 943
921 945
922 948
923 934
923 945
923 947
923 988
923 989
923 995
924 978
924 981
924 983
924 993
925 943
925 945
925 966
925 987
925 990
925 997
927 936
927 960
927 988
929 931
929 948
929 967
930 980
931 942
931 946
931 985
932 942
933 967
933 987
935 971
935 974
935 992
938 993
939 944
939 949
939 974
940 994
940 999
941 948
942 948
942 997
942 1000
943 957
943 967
945 986
945 988
945 989
945 999
946 953
946 984
946 987
947 981
947 986
948 989
949 963
950 959
951 985
953 969
953 993
954 975
954 997
955 996
957 968
957 969
957 989
960 995
962 970
963 986
964 988
965 977
965 978
965 981
968 997
969 997
970 973
970 986
971 986
975 1000
981 988
982 993
985 991
985 992
990 991
991 994
994 997
0 6 3 11 16 45 18 10 4 9 7 8
5 17 18 6 20 28 10 0 19 4 17 16
5 4 10 9 8 3 2 1 1 12 7 16
9 7 3 3 11 31 13 1 8 17 22 1
0 18 2 1 14 3 15 27 25 18 7 6
6 3 0 3 1 21 7 4 15 8 16 4
4 4 6 1 12 8 3 6 10 8 0 1
4 11 6 10 11 10 3 2 10 2 5 3
12 15 5 14 2 3 4 12 3 6 8 0
9 4 6 3 6 17 4 3 2 7 6 22
12 23 15 2 17 3 22 5 25 12 1 11
13 8 21 34 19 8 21 1 4 17 12 11
4 7 15 10 25 15 18 3 9 16 1 18
5 4 12 13 3 5 22 11 12 0 4 8
16 11 6 1 11 1 15 15 7 8 19 6
11 13 5 15 17 25 15 4 26 20 2 25
16 4 20 17 15 22 19 4 24 10 29 1
4 2 21 3 16 11 16 8 4 8 1 4
7 10 4 6 3 12 8 4 14 2 13 11
9 16 2 11 9 6 5 6 11 18 19 6
28 18 52 23 34 25 52 38 32 39 35 23 31 32 18 21 16 43 16 16
22 26 37 41 25 53 49 46 44 42 24 18 19 26 25 27 23 25 43 35
12 10 14 11 10 14 11 17 17 7 1 7 5 12 5 1 8 14 8 2
36 26 57 31 46 59 68 63 68 50 26 7 21 60 33 19 20 44 47 42
33 24 34 42 41 57 54 49 49 44 21 7 16 44 38 22 20 33 48 30
17 1 11 11 18 11 27 18 23 11 15 6 11 16 8 10 11 24 2 6
48 30 45 34 48 47 65 64 57 40 37 26 38 57 24 30 27 55 43 34
9 3 17 6 16 21 15 7 18 11 9 1 7 20 10 2 1 12 12 7
12 15 20 6 16 23 18 24 25 16 6 1 6 19 9 1 1 8 21 15
18 13 24 18 23 20 31 20 23 28 25 14 21 20 12 18 9 27 15 4
27 12 34 21 19 30 37 31 35 26 2 11 12 19 12 1 12 31 14 20
28 24 35 43 32 48 47 36 28 40 25 17 21 22 25 26 22 30 36 25
45 26 56 38 27 57 58 53 53 53 20 23 29 60 39 16 37 56 45 19
24 14 32 28 23 32 34 26 31 29 23 19 22 18 17 22 21 32 17 17
28 15 36 36 44 44 51 33 30 25 24 14 14 29 33 1 21 38 20 27
4 9 10 16 10 21 14 11 13 13 8 6 5 10 4 3 7 7 14 3
6 7 11 17 8 22 20 13 12 8 7 6 9 9 5 6 17 16 5 7
8 3 7 8 14 12 7 2 9 4 5 2 1 2 9 3 2 2 5 6
38 28 41 45 51 51 53 48 47 25 35 30 27 39 33 22 28 39 39 44
17 11 30 31 38 29 36 26 29 25 24 8 8 18 35 14 3 11 24 25
2 1 4 7 10 12 13 5 15 1 7 1 3 5 9 2 7 7 3 3
4 3 15 4 9 12 9 11 15 8 5 1 1 9 7 1 2 2 8 10
17 13 17 19 28 27 32 16 12 15 18 2 14 22 15 7 8 27 14 6
12 13 16 20 19 18 20 14 8 14 11 9 11 4 8 8 9 10 10 9
34 30 41 23 19 40 46 42 29 39 29 21 35 47 18 23 29 43 34 9
7 8 14 14 11 20 18 16 16 12 10 5 9 14 5 10 8 11 14 5
40 35 44 31 29 41 48 51 36 42 30 22 35 37 23 33 19 37 40 28
5 10 30 17 18 26 28 23 35 20 16 11 8 20 18 6 13 10 17 19
3 5 8 5 7 7 8 5 5 5 7 4 5 6 6 3 1 7 3 2
1 1 6 1 1 1 4 2 3 3 1 1 1 1 1 1 1 1 1 1
39 17 38 23 28 52 55 50 56 45 16 4 15 44 24 15 22 39 38 26
13 2 16 13 11 19 17 7 11 13 6 6 10 15 6 6 8 14 8 3
44 42 55 51 41 62 60 64 51 49 27 28 36 38 25 36 30 37 53 50
2 8 9 7 6 8 14 12 1 8 10 5 9 10 4 7 3 11 6 1
10 5 12 11 5 18 12 4 11 11 1 7 6 15 3 1 11 10 7 1
28 25 30 31 19 42 43 37 27 32 21 17 22 31 25 17 32 34 32 15
7 8 13 16 16 17 19 10 9 12 16 7 11 7 11 12 8 12 8 9
7 7 10 5 11 8 11 9 11 2 5 2 7 12 5 1 2 6 7 1
8 5 8 6 8 7 3 4 6 5 1 5 1 5 4 1 3 3 3 4
7 2 2 17 15 22 18 7 16 9 6 1 1 5 11 5 4 8 10 7
34 29 41 47 40 53 51 48 44 35 31 26 18 27 33 12 28 41 39 34
41 11 63 37 28 49 60 53 61 56 16 23 31 51 28 17 21 47 37 30
10 10 26 13 22 29 23 18 26 22 14 3 7 32 20 4 6 17 22 13
13 17 19 16 18 19 23 21 8 11 9 7 16 15 7 7 10 18 13 6
9 7 8 8 10 10 7 8 7 7 4 5 4 9 5 5 1 5 10 8
12 10 37 22 21 30 21 18 34 31 17 18 9 27 28 4 7 18 22 18
25 24 45 37 38 51 57 52 64 39 42 26 13 57 52 9 32 45 49 34
18 11 13 20 25 24 32 25 15 10 13 4 18 19 9 9 11 28 8 9
44 32 54 43 39 52 62 52 47 63 30 19 34 37 38 23 12 51 43 35
28 9 41 22 28 33 51 33 32 27 16 14 21 33 22 7 22 38 15 21
5 10 5 9 12 7 13 10 5 7 10 4 7 9 9 4 2 9 8 1
1 4 23 8 14 14 26 9 11 16 18 5 7 14 15 3 3 16 1 8
32 30 31 47 44 57 46 39 36 34 26 20 24 30 27 19 24 36 40 33
37 13 31 35 33 32 37 35 33 26 8 13 19 21 22 18 13 27 22 24
8 3 7 3 11 7 10 5 5 4 10 1 9 7 6 7 1 9 1 4
29 15 48 23 45 31 48 41 43 37 39 29 31 40 30 23 8 41 33 27
26 8 31 22 25 34 38 29 35 25 11 8 16 31 13 7 12 35 17 17
5 3 6 7 13 14 14 7 8 9 8 1 2 7 8 1 1 7 7 5
3 3 5 6 6 4 7 2 7 3 2 2 1 1 2 1 2 1 1 1
21 2 33 15 21 8 32 20 33 26 22 15 18 19 20 11 3 29 2 8
11 12 21 27 27 29 30 13 15 21 21 6 9 8 23 9 9 17 15 14
1 10 8 6 4 7 10 12 5 6 9 6 10 13 1 8 1 11 8 4
14 8 11 11 9 19 14 17 19 16 2 4 3 14 11 10 1 11 18 9
7 12 11 23 15 21 21 23 16 11 7 7 5 11 10 5 14 10 12 12
6 9 16 14 10 16 16 12 8 13 14 8 13 9 7 14 8 12 9 9
7 15 33 22 20 35 33 35 43 27 16 10 3 38 29 4 19 18 30 21
34 26 49 51 59 60 69 62 65 46 48 21 23 54 54 24 21 45 52 48
17 13 49 24 37 28 49 41 51 37 40 29 26 38 34 17 15 41 26 26
12 9 18 7 17 13 17 9 15 7 10 6 11 12 9 4 5 15 5 3
7 3 8 4 9 7 5 5 4 3 1 2 1 3 1 1 1 1 2 3
10 4 11 5 11 14 15 7 11 5 4 1 6 11 6 1 8 11 5 1
6 5 10 8 6 5 7 5 10 5 3 5 1 3 5 1 6 4 1 1
40 21 38 37 29 42 53 48 31 42 16 22 35 40 22 32 28 41 34 19
8 6 6 7 10 6 14 8 6 1 3 2 6 4 4 1 5 9 1 1
24 30 29 37 22 41 51 47 33 30 32 22 26 30 26 21 29 40 29 26
44 5 54 34 47 43 56 43 58 43 30 30 29 49 35 27 20 48 31 28
30 15 37 19 28 32 38 31 43 35 15 12 7 28 31 5 12 27 22 19
15 18 30 18 25 25 34 24 25 30 27 8 16 23 22 10 5 29 22 11
16 11 9 26 29 29 29 17 17 11 14 5 6 10 20 1 14 24 12 13
2 2 6 3 2 1 5 6 5 2 1 1 1 3 1 1 1 1 1 1
1 8 10 5 9 6 8 10 9 5 6 2 1 10 10 1 1 2 6 1
10 10 19 16 14 19 20 18 11 16 9 9 9 1 7 9 7 7 12 15
35 25 36 50 46 59 58 45 32 38 26 13 24 24 32 21 22 38 39 34
1 4 4 2 2 1 6 8 7 2 1 1 1 6 1 1 1 1 4 1
8 3 6 5 12 6 11 5 3 2 4 1 4 4 3 1 1 5 2 3
14 8 17 14 18 16 17 11 13 13 8 5 7 16 11 4 8 12 10 7
3 4 15 2 2 10 10 10 12 11 1 3 1 4 1 1 1 4 5 7
1 5 3 5 6 8 5 5 1 3 4 3 3 3 2 1 1 1 4 1
28 28 50 36 53 47 46 44 50 35 35 29 27 48 36 15 17 41 43 38
17 6 15 7 20 15 21 14 10 10 13 1 15 15 8 12 5 19 7 8
5 7 17 12 8 10 11 9 15 10 7 9 4 4 9 3 8 7 3 1
18 18 43 36 27 44 44 36 44 45 26 16 17 36 32 14 20 38 32 20
24 21 47 24 31 36 43 41 41 40 38 24 32 45 20 30 16 31 37 22
26 14 38 28 33 44 44 37 36 32 6 1 9 23 19 12 6 15 30 27
5 5 4 9 8 8 9 6 7 3 3 4 2 4 4 1 5 5 2 1
27 4 25 25 31 30 42 24 33 33 19 7 13 14 22 18 11 34 12 15
20 16 54 33 45 50 55 38 49 45 40 25 27 50 49 7 23 48 42 34
41 47 54 31 46 59 71 65 55 60 39 18 37 52 25 30 15 53 56 26
35 11 40 36 22 40 33 31 48 42 10 25 16 38 34 10 12 29 37 33
50 27 49 48 36 53 64 60 50 50 16 25 27 39 35 18 28 50 40 37
26 25 44 35 17 44 45 31 34 43 32 28 29 27 20 26 28 37 28 26
18 13 32 11 21 26 34 25 27 33 17 6 16 23 18 4 1 31 21 7
15 1 19 11 13 15 23 15 25 20 9 5 8 11 6 10 1 15 8 8
15 15 12 7 18 16 15 18 10 8 4 2 11 20 6 4 2 12 16 7
2 15 14 11 5 15 21 21 14 19 6 3 1 10 9 1 6 9 15 3
16 2 14 19 12 30 22 11 12 19 3 7 8 19 13 7 10 15 18 7
26 17 47 30 36 37 43 33 43 38 23 24 18 26 31 9 9 30 27 27
27 12 25 32 39 39 49 36 36 25 16 5 10 17 29 15 14 24 24 30
17 6 11 26 24 25 30 27 24 13 7 1 5 15 19 13 8 12 16 17
43 25 43 40 26 45 52 44 52 50 23 25 24 39 47 15 19 46 38 26
8 3 6 5 9 7 5 2 5 3 1 3 2 1 2 1 1 4 1 3
1 4 1 4 1 6 4 5 5 1 1 1 1 6 1 1 1 1 5 1
2 1 8 6 7 9 18 10 7 6 8 1 5 9 3 4 2 11 1 1
36 25 39 55 37 62 57 52 51 43 34 24 27 43 40 33 32 36 49 44
11 6 14 8 14 11 7 5 13 7 6 7 5 5 8 1 3 6 5 5
11 1 5 6 12 7 13 6 6 5 9 1 10 6 1 9 3 11 3 5
11 10 15 6 18 11 24 16 14 12 16 1 11 23 13 7 6 20 8 2
27 26 30 38 30 48 40 36 28 32 20 16 25 27 13 21 17 27 37 27
15 1 19 11 22 21 16 10 22 14 9 4 2 13 18 9 3 8 13 15
23 10 42 21 29 37 37 23 33 31 16 16 16 43 26 2 14 30 26 17
13 15 34 11 18 28 23 19 25 29 9 9 8 12 12 1 1 15 19 10
15 14 26 26 22 33 25 16 22 25 19 14 10 17 16 11 16 18 20 15
51 32 51 27 35 47 58 51 51 52 28 21 34 51 28 22 24 52 39 22
20 7 26 29 31 31 34 28 33 18 18 6 12 23 27 20 11 13 19 26
51 17 38 49 47 60 60 49 43 36 23 16 32 50 32 27 27 43 40 35
9 13 25 14 20 24 28 22 24 20 19 8 13 15 15 10 6 13 15 16
17 20 33 30 18 40 39 41 39 34 14 14 15 20 17 23 15 18 35 28
12 26 21 28 20 28 36 31 22 24 25 14 17 20 23 15 21 27 24 12
28 22 53 33 24 44 62 45 35 52 33 28 38 34 19 30 26 44 32 18
49 27 55 38 42 42 58 51 43 47 31 32 46 44 17 32 23 56 30 24
35 28 45 41 63 51 63 45 47 34 43 15 31 41 45 19 15 50 40 42
42 28 58 44 30 48 59 49 45 56 32 31 45 48 23 27 24 58 36 27
21 22 49 35 30 47 42 37 40 42 29 26 16 48 33 16 28 29 40 29
40 15 54 33 57 37 60 46 53 47 43 21 29 42 49 24 3 47 36 36
1 1 5 1 1 5 4 4 7 2 1 1 1 5 3 1 1 2 3 1
25 22 33 21 25 33 37 38 34 28 12 9 10 24 21 8 19 25 24 17
15 17 25 25 33 24 38 23 23 19 25 3 14 13 28 5 9 26 12 16
8 13 10 9 11 24 25 13 15 19 12 1 6 22 13 4 8 21 18 1
1 6 9 1 11 3 12 8 13 1 13 4 3 16 13 2 1 6 6 5
19 4 17 13 18 23 14 7 25 21 10 10 8 14 16 8 1 15 16 11
23 14 30 34 36 43 33 25 41 30 26 7 10 29 37 5 16 32 29 25
22 16 26 29 36 38 44 33 28 28 23 6 18 24 22 19 13 30 24 14
56 22 42 51 46 60 59 54 46 42 12 24 30 51 37 26 34 48 46 38
28 29 43 27 24 42 46 40 33 44 38 22 33 44 22 28 23 40 33 20
8 7 14 3 9 10 10 13 4 6 1 1 5 2 1 1 1 3 3 5
50 30 47 33 38 51 58 61 65 48 38 32 31 54 30 25 31 53 47 26
5 2 8 2 13 4 5 3 7 2 7 1 1 7 10 1 1 2 2 2
9 1 20 2 18 1 11 5 18 8 12 11 1 10 19 1 1 11 1 6
42 27 55 41 30 53 62 54 52 44 36 31 33 39 22 27 37 51 32 38
4 11 16 6 13 9 21 16 18 13 18 6 6 21 18 4 3 16 9 3
10 2 3 11 15 12 13 7 10 1 2 1 2 2 7 2 5 7 3 6
5 12 16 17 15 26 20 15 14 19 14 7 8 11 13 8 4 12 18 10
47 21 44 54 44 65 60 41 44 49 17 27 29 38 42 26 34 51 41 28
7 3 14 3 4 7 6 5 7 9 1 5 1 5 1 1 3 7 1 1
27 47 48 43 39 57 57 54 42 46 30 13 27 28 31 19 18 36 50 35
8 4 11 6 11 8 19 10 11 9 11 1 10 8 7 9 6 10 1 5
27 26 44 21 22 35 34 36 41 35 27 26 15 34 32 11 19 32 34 22
11 15 43 9 24 25 37 37 40 25 21 11 16 34 13 9 4 18 25 20
17 1 4 21 22 25 19 15 23 6 1 1 1 7 16 7 9 7 12 16
17 15 19 9 18 13 29 26 13 14 11 3 19 22 3 11 4 19 15 11
8 9 14 9 18 9 16 14 7 5 13 2 11 14 8 5 2 10 6 2
5 1 1 4 6 7 2 1 3 1 1 1 1 1 1 1 1 1 1 3
35 29 40 33 39 48 51 45 43 44 23 11 20 36 30 21 12 36 40 23
6 13 29 10 17 16 29 25 32 17 16 8 6 20 15 6 4 11 18 22
36 18 38 39 43 51 53 52 51 29 25 17 22 41 32 19 24 33 39 36
14 5 15 11 12 15 28 13 6 10 6 3 13 17 4 2 12 22 6 1
35 21 55 25 55 37 60 49 63 50 49 33 30 49 43 30 5 47 43 33
10 4 14 10 10 14 17 8 15 13 6 7 4 9 8 1 12 17 4 5
1 1 11 1 9 4 1 1 11 1 5 3 1 9 7 1 1 1 1 2
36 15 39 23 25 38 51 45 58 36 25 19 17 47 37 6 26 47 28 23
31 18 50 33 40 40 56 45 47 45 22 13 23 24 27 18 8 39 24 27
3 9 6 14 11 15 13 6 4 9 11 6 7 4 8 5 4 9 7 4
6 4 8 14 13 11 17 8 9 6 8 3 5 2 7 4 5 8 2 4
58 28 68 56 53 60 77 64 50 58 38 31 50 51 33 45 35 56 42 43
2 2 16 4 5 10 21 8 10 16 8 2 3 3 5 2 1 14 1 3
26 16 39 24 31 36 54 32 28 36 21 7 24 26 15 11 14 42 17 16
22 21 34 23 41 30 40 32 33 27 32 14 18 31 32 10 2 34 29 18
20 4 13 17 20 17 24 20 16 12 5 1 9 12 9 14 3 12 12 11
6 5 5 14 9 15 14 13 14 3 2 1 2 11 7 2 11 12 7 9
4 1 5 11 8 12 17 13 14 1 2 1 1 7 6 1 10 9 2 7
29 4 31 25 29 30 42 24 30 31 18 10 18 19 19 18 16 31 12 15
35 21 41 29 44 40 43 34 43 39 22 16 17 37 40 12 1 34 37 26
1 3 6 7 4 11 13 4 9 4 6 2 5 5 3 3 4 9 2 1
45 35 54 56 40 60 58 49 51 53 37 32 39 39 43 25 26 54 47 40
10 7 16 8 11 6 12 9 12 9 8 8 8 6 7 5 5 9 4 4
49 22 70 37 43 44 67 53 52 56 38 39 48 45 29 29 17 57 31 33
3 7 4 3 4 6 9 8 8 5 5 1 5 11 2 4 3 6 8 2
34 16 46 36 19 48 34 29 31 44 9 27 25 32 21 16 23 30 34 21
20 16 43 31 35 44 52 33 38 41 30 14 18 26 26 20 15 27 27 27
23 19 42 34 44 32 48 38 37 33 37 28 22 25 37 23 15 26 33 39
12 3 26 18 10 30 18 8 17 27 4 10 7 22 15 1 10 16 16 3
17 13 32 9 14 30 27 21 23 24 5 7 12 23 7 1 10 17 19 12
33 27 36 30 34 36 55 46 36 38 24 8 21 31 31 6 13 50 28 17
7 2 12 12 18 15 18 10 22 3 14 5 5 14 14 7 6 9 7 13
7 8 9 18 10 24 18 16 15 7 4 6 6 14 7 4 16 14 10 9
15 7 10 12 16 17 15 13 11 9 2 2 5 10 5 7 4 9 11 9
50 15 50 48 25 53 52 40 53 54 12 36 35 47 46 19 23 47 44 32
44 39 45 39 22 42 46 52 41 43 21 29 30 34 27 16 30 42 39 26
6 3 2 6 13 10 10 2 5 4 5 1 2 4 8 1 2 6 2 1
43 15 36 40 42 54 53 38 42 27 23 23 29 50 32 18 32 46 34 32
10 1 18 5 3 4 12 6 13 13 1 6 1 1 4 1 3 10 1 1
35 30 40 42 16 58 51 49 44 44 22 30 25 51 34 16 48 46 47 22
1 1 8 3 7 7 3 1 11 1 5 1 1 8 6 1 1 1 3 3
17 5 15 15 16 18 20 7 17 17 6 8 8 10 12 1 1 22 7 3
5 9 16 9 8 10 22 19 11 14 12 7 12 12 7 10 5 12 9 8
5 13 19 21 11 22 27 20 13 19 13 10 10 2 8 8 12 11 12 14
5 8 14 10 9 16 13 9 13 13 9 7 8 12 8 6 5 8 12 3
21 13 17 20 26 24 22 18 11 17 7 5 13 10 9 10 2 15 15 12
6 8 13 10 12 17 12 8 12 11 9 7 6 13 11 4 7 10 10 1
21 21 39 35 25 45 38 23 30 37 25 22 20 26 22 11 27 35 25 17
2 5 6 8 6 11 8 5 5 3 8 4 8 3 2 7 2 4 5 3
14 7 12 4 18 8 16 13 5 4 11 2 14 14 5 8 1 15 5 3
18 21 29 23 22 31 30 21 15 24 16 12 21 18 9 11 14 24 19 11
9 10 25 26 23 33 28 25 34 21 17 8 10 26 23 12 11 13 25 20
15 4 23 23 24 25 22 16 32 14 12 15 2 13 23 3 14 18 8 17
11 12 28 18 29 17 25 26 32 16 20 18 7 24 27 7 7 15 21 21
37 23 42 39 30 52 53 46 48 42 20 19 18 44 43 13 36 39 36 25
20 29 37 29 12 35 42 38 30 35 26 23 26 23 15 22 23 24 32 26
1 3 1 1 3 2 1 3 3 1 1 1 1 6 1 1 1 1 4 1
8 4 24 8 28 13 31 16 26 8 20 8 7 17 21 1 3 21 8 10
17 12 14 10 11 17 26 17 16 17 8 6 12 23 11 6 15 23 13 1
31 21 41 50 39 52 60 41 30 47 30 12 28 25 33 27 21 37 32 32
22 5 20 18 12 13 20 12 20 18 7 15 14 10 13 8 7 23 6 11
28 15 46 22 32 24 41 36 35 40 29 21 26 21 22 22 7 29 19 23
7 6 10 7 11 13 13 5 4 6 8 5 6 6 8 5 5 11 1 5
33 17 54 45 12 47 55 45 42 48 15 32 31 24 23 17 30 44 27 32
42 34 56 46 39 53 51 47 50 49 29 33 39 47 31 22 27 51 41 35
7 4 23 7 1 13 20 11 7 19 6 8 12 9 1 6 7 16 2 2
4 7 10 13 17 20 11 9 12 11 9 2 1 9 14 2 1 6 13 6
12 5 11 11 17 15 22 20 19 6 7 1 7 11 8 7 5 11 9 10
17 26 47 29 39 42 59 40 43 38 31 14 20 33 35 13 14 39 35 30
35 19 30 21 24 26 42 40 43 31 17 17 26 39 22 14 15 42 22 11
37 30 39 29 38 47 53 38 36 52 40 10 36 51 33 26 20 53 41 17
26 11 25 20 24 20 25 17 20 22 8 13 13 10 16 5 3 22 10 12
9 23 13 16 12 24 22 19 15 21 15 7 6 17 16 4 11 17 24 2
29 10 30 20 34 27 45 35 29 30 19 4 22 22 10 19 3 29 18 19
39 15 48 35 23 50 52 42 58 44 6 23 23 33 31 3 16 41 32 38
1 1 5 5 3 5 11 5 7 2 1 1 1 1 1 1 3 4 1 3
9 9 20 13 10 14 20 16 17 16 8 10 9 4 7 6 9 10 7 7
13 7 14 6 13 12 16 11 14 7 4 4 9 10 5 1 6 10 8 1
15 20 23 14 11 19 24 27 28 22 12 10 6 18 18 4 16 18 18 4
14 12 20 14 26 21 22 10 14 13 14 5 8 15 17 1 9 18 7 7
26 34 36 39 34 55 43 42 38 47 28 7 19 38 37 17 16 30 52 29
25 18 38 18 12 34 36 30 34 36 12 19 21 42 24 14 22 33 30 11
13 5 11 20 23 19 16 19 22 5 6 5 1 12 16 4 10 6 10 15
17 21 38 20 27 33 33 22 27 33 24 14 19 22 21 10 9 28 24 12
13 5 16 10 13 23 13 5 14 13 3 5 5 15 4 3 8 10 11 7
12 11 33 21 33 32 41 40 46 20 32 22 18 47 29 10 18 34 31 29
22 16 24 20 11 30 33 27 18 29 13 10 16 28 19 13 19 25 25 6
15 13 27 14 9 29 30 25 19 25 1 5 7 20 8 1 10 15 21 12
1 1 1 2 2 5 3 1 6 1 1 1 1 2 1 1 1 1 1 1
26 19 29 29 35 36 42 38 34 22 17 12 11 26 21 4 15 31 24 23
14 16 23 19 15 21 20 19 16 14 12 14 16 8 7 10 15 16 11 10
25 35 42 35 24 55 49 47 40 48 22 19 22 29 21 29 19 28 48 37
19 11 21 18 11 31 27 21 27 24 7 11 13 31 16 6 22 26 23 5
30 31 51 43 25 49 49 45 47 40 37 29 30 44 34 29 35 36 43 37
2 6 12 12 6 17 15 8 14 11 9 6 8 10 4 6 6 9 8 2
29 17 38 35 30 40 43 38 48 31 26 29 20 40 32 15 26 40 28 28
25 8 27 19 16 14 29 23 32 24 15 18 22 27 25 7 4 29 16 12
7 7 11 8 8 12 8 8 13 6 1 4 5 7 3 1 5 4 6 1
5 11 8 6 8 7 9 11 6 8 4 5 3 13 8 1 4 8 9 1
13 7 18 9 11 16 8 5 12 14 5 11 5 7 8 3 6 12 6 4
27 27 61 41 28 61 61 47 41 54 22 21 34 44 25 19 26 39 44 31
3 1 7 6 3 7 13 5 7 4 2 1 2 5 1 1 9 10 1 1
13 2 17 6 14 7 4 2 16 9 7 8 2 8 12 1 2 9 3 7
27 27 35 27 24 34 34 33 22 26 21 18 28 24 9 22 13 24 30 23
23 13 41 23 25 24 32 27 35 26 23 29 21 30 27 11 11 30 23 24
16 12 30 7 25 15 21 14 18 12 15 13 12 19 16 4 5 19 6 11
44 15 49 39 37 44 46 31 40 44 15 22 28 34 30 16 11 39 28 25
3 3 11 3 3 5 12 5 9 8 8 5 6 7 3 5 1 10 2 1
21 14 45 22 23 27 31 26 39 33 19 22 21 29 26 10 8 22 21 21
25 14 42 27 11 31 37 30 23 35 8 25 24 22 16 11 23 31 19 10
20 36 40 25 25 56 47 44 37 46 16 5 12 33 24 8 11 28 48 24
28 10 37 26 28 32 46 39 53 28 24 20 15 32 31 9 19 36 22 29
13 7 21 26 28 39 43 31 32 28 20 1 10 32 22 6 13 31 25 18
1 3 7 6 7 12 11 1 6 8 6 1 1 6 7 1 5 9 3 1
48 31 69 57 55 64 70 56 59 63 39 31 39 51 50 27 16 55 52 46
40 20 46 35 43 48 62 57 67 39 31 17 8 42 49 15 21 36 42 42
35 21 30 45 36 46 59 42 31 31 34 24 29 44 40 12 38 55 35 23
32 23 38 42 27 45 41 31 25 42 19 19 23 27 29 13 22 38 33 15
48 31 49 47 47 58 63 50 46 52 29 25 38 52 28 26 28 59 40 27
28 13 36 42 25 48 45 29 36 35 23 29 20 32 34 11 34 44 27 16
8 7 12 13 6 26 24 17 22 15 7 3 10 28 7 6 16 22 15 6
5 7 13 11 8 18 17 13 13 10 4 4 4 12 5 3 7 8 10 7
3 4 1 7 10 11 9 1 5 4 3 1 1 2 6 1 1 6 3 1
8 5 4 10 10 10 9 4 7 2 4 4 5 1 2 4 4 6 3 5
17 16 18 30 30 34 30 29 31 17 20 12 12 23 24 12 19 20 24 20
3 6 9 7 10 7 8 6 4 4 9 5 6 4 7 4 3 3 4 1
21 14 26 28 27 35 47 34 30 25 15 8 14 18 17 12 19 29 16 26
10 8 15 11 11 9 22 17 13 8 7 5 12 7 5 6 8 16 2 4
17 14 38 7 26 24 46 38 48 31 30 10 11 36 26 9 8 29 25 18
28 38 39 34 19 48 54 53 37 37 21 20 27 30 16 22 29 35 39 33
38 36 49 40 32 39 49 40 31 46 39 32 42 33 26 29 18 49 33 24
2 7 2 15 10 14 17 14 10 4 7 2 5 9 7 3 7 11 6 4
7 1 18 13 11 20 24 16 26 17 9 1 4 20 12 7 9 10 17 13
29 33 51 32 20 38 45 41 37 41 29 29 28 23 23 22 26 31 29 29
21 13 22 19 22 22 24 22 22 14 6 12 11 17 15 4 17 25 9 10
20 9 25 24 24 23 30 19 26 25 11 12 8 10 21 4 12 27 10 13
27 22 22 15 23 32 32 33 33 21 11 3 10 28 21 6 15 20 29 11
29 33 45 31 45 52 52 40 34 42 27 1 23 30 27 15 4 36 41 33
24 17 30 31 29 47 45 40 41 24 10 8 13 27 14 6 14 24 32 33
19 16 41 20 21 40 38 21 33 42 9 9 11 19 20 5 10 28 26 17
18 20 19 26 30 34 33 27 31 25 23 11 13 25 27 17 11 17 31 18
9 11 12 5 16 15 24 17 21 10 19 3 5 25 20 4 8 17 13 8
7 13 7 5 8 7 6 14 6 6 3 5 6 11 5 2 2 5 10 1
9 9 19 13 25 20 27 14 24 15 21 6 8 22 18 4 4 22 12 5
1 2 8 9 2 7 16 11 8 5 1 1 1 3 4 1 7 8 1 1
21 29 44 26 17 33 40 37 31 35 10 16 23 10 9 17 14 26 27 24
8 12 31 23 20 35 37 26 31 25 24 13 16 23 17 14 19 23 17 22
10 9 10 9 17 14 14 10 9 6 10 4 7 12 10 4 4 12 9 5
14 22 32 29 18 38 39 27 19 34 15 14 15 17 13 10 17 21 26 20
8 12 37 26 23 33 37 30 36 25 29 19 17 32 23 16 14 19 29 29
14 6 21 9 11 7 18 12 18 16 6 10 7 6 8 3 4 13 4 6
10 4 24 6 14 17 22 11 22 20 15 4 11 20 8 9 5 17 8 3
19 21 24 27 26 27 31 21 12 28 24 13 20 13 17 13 9 29 21 13
1 8 15 1 4 12 17 17 16 12 6 1 3 11 5 2 1 7 12 8
7 8 10 15 23 13 22 9 13 10 19 2 6 9 20 2 6 15 9 5
7 8 15 11 10 22 11 9 16 16 5 7 5 17 10 4 6 8 15 8
27 19 47 28 44 41 49 39 35 43 33 9 29 39 25 17 6 35 34 20
44 30 50 59 55 69 66 60 51 55 34 15 36 50 37 39 23 40 56 47
12 6 11 2 11 1 14 12 9 10 11 5 11 14 5 9 1 15 6 1
32 12 30 38 29 44 44 24 25 32 14 16 21 22 25 7 20 44 20 11
21 13 23 22 27 31 27 25 17 19 11 8 14 14 16 17 5 13 23 16
40 38 67 46 45 57 69 55 57 59 38 35 39 51 36 22 22 56 45 39
38 30 47 61 29 72 57 44 39 54 27 30 33 41 37 25 41 48 49 37
32 29 51 43 21 47 48 29 26 48 37 36 36 32 34 26 33 47 32 24
2 5 16 11 9 12 15 12 15 7 7 4 5 2 7 3 7 7 1 6
10 8 32 5 27 16 31 19 26 17 16 8 4 15 19 1 1 18 11 16
38 30 40 33 43 51 58 54 53 33 23 11 13 39 32 7 22 41 40 37
3 2 6 5 8 7 13 4 3 4 8 1 5 3 5 4 1 7 1 1
36 13 50 45 48 56 62 50 60 47 33 26 20 55 44 16 29 47 41 37
6 4 8 14 12 12 9 10 14 3 4 3 1 6 9 3 6 4 6 8
41 15 55 39 47 35 64 44 45 46 42 31 35 42 40 16 21 61 21 20
40 23 55 32 33 50 65 52 57 47 31 27 23 51 44 10 34 54 35 28
26 20 33 35 21 39 34 25 29 33 23 23 19 16 20 20 26 29 22 22
6 9 16 7 10 18 12 10 12 10 8 5 11 13 6 5 2 6 13 4
15 17 31 29 27 38 34 27 28 35 25 12 13 32 24 17 14 24 32 19
18 17 34 24 25 32 30 21 23 25 15 13 16 22 14 6 15 28 16 11
7 6 9 11 12 7 13 7 8 7 7 5 1 4 8 1 6 8 1 1
5 5 8 8 6 10 13 6 13 6 7 5 6 8 6 5 7 8 6 1
2 13 18 15 6 19 27 27 21 13 5 4 7 10 4 5 9 11 13 15
1 4 1 1 1 1 1 4 4 1 1 1 1 6 1 1 1 1 4 1
23 15 33 31 36 33 52 36 34 31 35 9 19 34 32 11 21 44 20 20
39 15 52 44 13 48 40 36 40 51 9 34 30 35 21 15 23 35 36 29
1 7 11 7 3 5 10 9 5 5 7 5 8 7 4 6 4 5 5 1
51 15 55 31 40 53 54 47 59 59 25 28 35 62 36 35 20 48 49 27
37 21 48 37 36 34 56 46 53 49 33 29 28 42 46 20 10 49 33 27
36 24 44 35 20 42 44 42 27 44 23 27 32 34 21 30 26 36 36 23
7 11 12 10 11 12 17 14 13 12 9 6 8 13 7 5 4 11 11 1
33 21 41 35 37 48 49 41 41 39 12 11 18 20 18 19 10 27 32 32
3 5 4 8 7 7 8 3 6 4 4 4 3 4 6 1 3 3 3 1
20 22 49 28 41 36 48 44 48 40 38 33 23 35 34 14 15 32 41 37
12 13 26 20 28 32 27 18 20 27 25 2 14 21 21 9 1 21 22 14
42 17 52 35 51 45 60 46 61 43 48 40 33 50 41 27 23 58 29 30
12 8 19 11 17 20 25 18 20 13 13 5 16 20 7 11 10 21 8 3
4 2 4 6 7 10 9 4 5 2 3 1 3 1 3 4 1 4 3 4
14 17 48 18 37 32 44 44 46 29 27 24 21 31 27 9 10 20 36 38
7 2 13 7 7 11 10 9 14 9 1 3 1 4 1 1 1 1 6 8
4 4 5 5 5 9 6 3 4 2 5 3 5 6 1 4 1 6 4 4
28 17 41 36 36 45 52 34 37 37 31 15 24 43 36 13 20 47 29 19
4 1 4 8 7 14 12 3 7 4 2 1 1 5 5 1 8 8 1 3
17 14 21 27 20 29 38 36 22 21 13 10 16 11 10 18 16 17 20 24
21 5 30 12 23 21 38 25 22 17 18 9 22 36 16 10 15 31 11 4
26 28 49 37 37 42 57 50 51 41 46 35 30 43 39 26 25 48 40 37
17 13 32 28 13 30 31 28 25 32 10 18 11 9 13 10 16 22 17 18
24 8 30 24 26 33 43 31 31 25 17 11 16 31 20 7 22 34 16 17
35 22 40 39 28 47 55 44 41 44 13 26 19 37 33 12 34 46 33 24
14 6 29 29 30 37 32 23 36 26 18 7 7 19 26 15 7 8 24 24
9 15 19 24 8 21 19 23 14 14 10 14 12 10 5 11 20 13 13 15
21 10 23 25 24 35 27 25 32 24 10 4 10 26 18 18 9 11 29 18
10 10 27 14 25 29 35 20 27 26 19 2 5 17 19 8 3 17 19 20
5 7 10 7 6 8 6 5 6 7 4 7 6 3 3 4 4 5 3 2
36 21 37 42 35 53 55 44 34 25 21 25 26 34 23 9 36 41 31 31
27 30 43 15 24 39 53 50 45 45 36 20 30 44 23 26 18 40 37 14
13 11 24 21 26 30 35 21 24 27 22 1 16 25 20 7 4 27 21 9
7 3 9 2 7 8 5 4 7 5 1 3 2 4 1 1 1 3 3 2
24 16 33 25 26 43 36 33 33 29 8 7 17 37 11 9 15 25 30 25
3 2 7 4 8 7 13 4 5 6 7 1 4 2 7 3 2 6 1 3
15 12 42 16 19 30 32 28 38 33 21 13 17 35 14 14 12 21 23 19
27 9 32 22 18 32 28 20 28 34 12 16 19 21 12 18 12 25 19 14
24 7 30 30 33 29 37 31 42 17 21 21 6 24 32 10 19 28 18 29
24 21 48 14 16 30 38 38 56 40 15 18 8 36 32 1 9 26 32 22
24 3 20 24 23 31 33 19 27 19 12 11 11 23 16 6 17 32 10 11
43 23 51 34 45 45 66 55 62 48 32 23 32 54 45 14 16 59 34 32
25 23 33 34 42 42 42 31 40 35 29 2 14 29 37 16 9 27 36 26
27 20 32 16 30 20 40 35 22 27 27 18 34 28 8 25 8 32 19 8
12 5 16 21 18 23 23 16 20 16 7 5 5 3 13 10 8 11 10 11
40 33 56 43 25 59 62 59 60 57 23 22 23 36 34 21 32 44 44 36
12 5 15 8 12 11 13 7 12 11 6 8 7 8 7 1 1 14 4 1
14 9 28 15 21 17 24 16 22 21 18 12 12 9 16 9 7 18 8 13
6 7 8 9 10 18 17 12 15 9 5 1 3 15 6 2 10 13 10 4
6 4 10 6 9 12 12 7 8 6 9 3 10 8 2 7 4 11 3 1
29 2 28 32 32 35 34 25 46 30 11 11 8 22 34 5 9 26 21 24
30 29 40 49 41 58 55 49 50 47 22 14 14 20 35 16 17 34 45 39
11 8 25 10 17 19 25 13 15 17 7 3 7 13 10 1 6 15 6 4
18 21 35 18 22 34 21 20 20 24 14 12 20 28 7 11 11 20 23 16
1 2 6 6 15 9 13 1 8 3 14 1 1 3 14 1 1 8 1 2
25 23 42 30 25 45 40 32 24 36 22 19 24 36 20 20 24 32 34 24
26 23 35 19 31 35 40 35 28 27 18 9 23 29 13 18 8 27 28 26
6 4 9 14 17 18 24 11 10 10 6 1 1 4 9 1 7 15 3 6
33 29 54 22 32 33 50 47 48 40 39 29 28 45 33 20 24 45 34 24
11 16 16 13 18 24 23 20 17 15 13 7 14 23 11 8 7 18 18 4
13 25 35 22 22 35 44 34 23 33 20 9 22 15 10 18 8 24 25 19
9 18 37 17 7 26 29 27 25 33 8 15 11 9 10 9 7 19 19 17
16 8 20 20 18 33 25 26 37 19 6 7 2 26 14 3 15 19 22 19
41 24 57 45 33 51 58 42 38 59 29 31 41 38 37 27 25 54 36 24
40 24 45 38 43 42 59 57 39 41 27 18 33 34 19 32 20 42 33 32
2 1 1 1 3 1 5 1 1 1 1 1 1 3 1 1 1 3 1 1
32 25 45 35 34 43 49 44 43 38 23 22 21 29 28 20 25 35 29 31
21 6 15 17 23 20 30 25 21 10 12 5 14 19 9 10 14 24 9 14
1 8 5 4 1 3 2 8 1 2 2 4 4 5 1 2 1 1 6 1
5 5 12 7 4 8 4 5 9 11 3 9 2 5 8 1 1 9 4 1
4 4 7 9 10 10 11 1 7 12 7 3 1 3 9 1 1 10 5 1
9 13 15 29 17 28 32 21 13 20 19 9 14 5 11 16 14 21 14 14
10 7 17 10 11 15 8 7 11 12 5 9 5 7 8 5 5 10 7 7
21 11 22 14 31 23 32 22 23 22 23 4 15 29 19 15 5 26 15 10
26 18 28 29 39 32 34 22 23 25 17 6 14 14 21 12 1 23 22 17
30 14 47 43 33 42 45 41 57 35 27 28 14 34 40 10 30 35 32 35
19 11 24 27 21 24 22 21 22 23 11 12 11 7 17 19 10 7 20 20
14 17 15 9 13 24 24 21 20 17 15 3 6 21 19 6 9 19 20 7
7 9 13 15 9 19 15 16 22 12 5 8 6 16 7 4 12 11 14 6
25 20 36 27 22 34 41 30 17 28 13 14 27 22 2 16 16 28 20 20
36 30 47 34 33 41 58 56 38 44 29 22 38 29 9 35 19 36 37 33
35 8 59 24 40 29 53 48 65 42 35 36 35 51 35 18 8 50 29 31
3 9 16 8 3 9 12 14 3 11 7 8 9 3 1 7 5 4 7 6
26 13 35 38 23 43 38 29 30 26 15 27 20 30 27 13 36 32 23 23
41 13 42 44 50 44 57 33 45 36 29 26 20 32 47 12 24 50 24 31
26 2 25 18 19 27 36 22 15 25 7 10 20 21 17 16 14 25 15 14
11 2 6 14 19 14 14 14 19 3 6 1 1 10 13 5 7 6 10 12
25 4 23 14 23 29 26 18 24 23 9 5 12 29 16 11 6 20 21 11
25 29 50 31 40 32 54 41 31 40 48 25 34 40 30 21 18 47 31 25
7 3 5 10 9 9 9 5 8 2 2 2 2 2 3 1 7 5 2 5
37 27 55 25 29 31 52 51 41 47 28 28 41 32 7 29 11 42 30 21
22 13 44 30 30 32 38 27 39 38 30 25 23 32 34 11 6 34 26 22
15 9 20 15 15 19 20 18 18 11 4 7 11 8 4 5 7 16 9 7
27 33 54 31 18 46 51 49 34 50 17 23 31 34 25 25 27 38 40 28
8 7 22 4 21 8 18 16 23 3 17 12 9 24 14 2 1 14 11 11
6 2 18 1 15 4 13 10 20 5 16 9 4 21 14 3 1 14 9 7
30 30 33 33 18 53 48 44 39 36 23 18 21 45 25 11 36 41 39 20
32 28 62 38 36 50 55 49 54 52 29 30 27 47 35 15 18 41 43 38
1 1 2 1 4 3 3 1 1 1 1 1 1 1 1 1 1 1 1 1
6 12 23 14 8 12 17 16 12 22 11 14 8 6 11 7 7 12 10 8
2 2 6 3 4 5 4 2 6 1 1 1 1 2 3 1 2 1 1 1
17 9 23 25 32 29 38 15 21 18 24 9 15 22 22 8 15 31 8 12
9 3 8 12 11 23 19 13 21 8 4 3 2 19 9 1 14 17 11 7
15 9 16 4 12 13 18 10 6 11 6 3 14 15 1 6 3 21 6 3
4 1 10 1 1 11 12 3 5 8 3 1 6 15 1 2 3 12 4 1
36 38 61 38 29 62 61 52 42 61 34 23 39 50 20 27 22 48 50 34
27 17 29 14 21 23 29 23 15 24 11 10 23 30 4 10 6 32 15 7
1 1 5 3 1 1 11 3 4 1 3 1 2 1 1 1 1 3 1 1
26 12 27 36 25 37 42 37 46 34 10 16 8 21 30 6 12 29 27 27
11 19 30 17 13 19 24 24 26 22 22 19 17 23 16 15 12 19 19 13
14 15 35 28 24 30 37 24 22 24 25 20 17 24 20 11 21 27 18 17
5 11 15 11 13 16 22 14 12 16 6 3 3 1 8 1 2 7 8 7
11 17 18 22 15 22 27 18 12 22 22 15 18 12 10 15 13 21 17 8
1 12 12 13 6 8 11 10 7 9 9 11 9 1 8 8 10 5 8 6
5 1 14 1 9 9 15 10 13 8 11 1 7 8 7 6 1 7 4 7
23 13 31 25 24 32 29 32 37 35 10 7 5 18 27 14 3 11 27 20
7 8 15 12 11 12 16 7 10 14 10 9 6 7 10 4 6 15 5 4
6 1 8 14 19 11 21 10 17 2 13 2 2 10 18 1 10 14 1 8
16 23 20 18 22 22 32 24 24 23 22 5 9 20 26 3 12 28 20 3
33 37 48 50 30 58 57 57 49 45 23 27 26 26 28 30 38 37 44 49
51 32 47 52 47 57 59 48 40 50 22 28 33 43 34 26 29 53 42 31
28 18 21 33 33 44 43 40 36 23 17 14 14 30 22 13 20 32 31 21
24 39 44 37 24 55 66 51 44 52 27 12 24 36 34 14 29 49 43 23
8 2 8 8 17 14 15 7 11 2 6 1 3 6 9 1 4 8 2 1
17 4 16 13 20 23 12 14 27 16 5 2 1 18 15 10 1 3 22 14
41 32 52 42 35 66 58 59 67 55 27 25 17 55 42 13 42 46 53 39
38 24 40 33 22 48 46 44 52 45 14 20 18 37 29 9 29 39 34 22
49 37 56 43 33 64 66 56 55 61 19 25 29 47 37 9 31 55 48 28
33 45 50 39 22 57 55 58 54 51 30 23 24 36 31 23 32 32 52 35
25 22 36 34 24 39 37 35 41 46 14 17 14 22 28 8 6 26 36 23
3 2 6 2 5 9 7 1 7 2 3 1 2 8 4 1 3 6 4 1
5 6 9 10 10 9 12 7 6 6 7 5 4 7 8 1 5 7 5 5
4 1 4 7 8 9 12 8 11 1 1 1 1 1 4 1 7 6 1 3
22 32 45 30 23 42 47 34 33 44 34 21 23 32 27 15 21 37 34 21
5 2 6 1 5 6 6 1 1 1 1 1 2 2 1 1 1 7 1 1
1 8 17 13 10 13 16 12 11 7 13 9 5 10 10 3 10 7 6 8
6 1 8 2 12 6 16 6 7 2 9 1 8 9 4 4 3 13 1 1
52 42 55 45 25 55 64 59 42 58 36 39 50 58 31 41 48 58 51 28
17 17 15 15 19 20 23 23 24 12 13 5 9 22 17 7 13 20 17 10
32 30 42 29 30 37 42 41 36 43 11 16 18 24 24 9 7 32 32 25
25 13 27 19 22 25 44 29 13 28 15 7 26 34 15 12 14 37 19 3
40 26 52 51 36 52 58 47 58 44 42 46 29 45 48 19 38 55 37 42
24 15 22 20 15 30 33 29 37 28 14 9 10 27 21 4 14 31 21 6
27 27 49 20 26 41 55 50 48 47 39 20 28 44 23 23 25 42 35 16
4 5 17 8 14 5 16 9 14 5 14 6 7 12 12 5 4 6 3 7
34 25 51 51 41 62 62 48 38 47 27 18 28 51 39 16 33 50 46 27
17 5 22 22 19 25 23 21 31 20 5 8 5 8 15 12 8 10 16 15
20 7 25 15 19 23 29 18 17 17 16 11 19 31 15 11 15 24 15 8
1 1 3 1 1 4 5 1 5 1 2 1 2 4 1 1 1 3 1 1
30 22 43 35 30 36 38 23 24 38 26 24 25 17 27 13 15 37 20 20
8 3 8 4 8 8 6 2 4 3 1 2 3 2 1 1 1 7 1 2
7 4 7 5 7 4 13 6 6 5 9 1 9 8 4 8 5 9 1 1
38 14 28 30 36 33 39 36 43 18 26 22 22 36 24 11 23 41 22 22
10 11 22 7 15 22 9 11 16 13 6 5 10 19 7 2 3 10 14 6
43 39 68 38 36 51 72 65 60 60 29 23 36 48 36 22 28 58 38 32
8 1 4 6 8 12 4 3 11 5 1 1 1 5 3 2 1 1 8 5
16 6 19 14 18 25 15 6 20 21 8 9 4 14 13 3 5 17 13 7
25 34 37 36 24 43 45 35 26 43 32 17 27 29 26 19 21 43 34 18
7 8 9 8 10 11 9 8 4 6 6 7 7 8 5 5 5 8 6 5
13 17 37 9 30 19 31 30 28 16 17 14 15 35 18 2 4 23 22 18
28 29 51 32 49 44 53 53 50 38 39 26 36 57 31 26 13 38 49 40
29 20 36 21 24 35 37 27 23 35 9 12 17 26 13 4 7 34 23 14
39 40 65 54 32 70 68 57 51 60 33 34 36 45 36 24 41 52 51 38
9 11 17 12 14 16 23 16 6 15 14 9 15 10 6 11 8 16 6 8
9 4 15 6 20 10 18 8 16 1 13 4 7 14 12 3 3 7 4 8
19 20 32 26 21 37 36 32 28 30 17 16 19 18 9 15 16 22 27 20
10 10 21 11 15 17 21 19 13 10 1 2 8 10 4 1 7 13 5 7
34 6 53 29 29 44 48 30 44 52 21 21 27 43 30 19 19 42 28 20
1 1 4 1 2 3 11 5 4 1 2 1 2 5 1 1 1 5 1 1
8 7 15 15 16 21 20 11 18 14 10 5 4 8 13 5 5 9 11 12
4 11 5 14 14 13 18 10 5 10 14 2 7 11 10 6 1 13 11 3
8 1 16 8 24 16 23 12 17 10 16 4 1 15 20 5 1 12 9 15
7 8 11 13 12 17 15 7 13 13 11 8 8 11 8 6 5 12 10 4
17 8 24 14 15 6 22 18 20 19 14 13 15 17 18 5 1 24 6 4
8 4 8 4 12 16 15 7 13 11 13 1 11 16 6 10 1 12 10 5
8 3 1 8 10 12 7 4 9 1 1 1 1 4 3 1 6 5 4 5
32 8 40 43 37 51 43 32 52 36 23 21 12 31 38 17 23 30 31 34
3 7 15 13 10 18 17 9 17 9 11 6 8 11 10 6 9 12 7 4
18 4 25 15 22 19 27 18 23 26 17 8 10 12 18 13 1 22 10 12
2 3 12 3 11 5 9 8 13 1 9 3 1 13 10 1 2 1 5 7
1 7 12 6 4 14 12 10 7 6 8 4 8 14 4 6 5 10 8 1
20 7 20 11 25 19 17 12 18 13 8 5 7 13 15 8 6 13 10 13
4 2 1 2 5 6 6 6 9 1 1 1 1 10 1 1 2 1 8 1
27 19 40 30 25 50 44 35 26 39 9 11 18 21 13 16 12 19 33 28
11 18 20 14 12 17 24 25 7 18 17 13 19 17 6 16 12 18 16 11
15 10 24 15 12 21 29 27 34 23 9 12 12 18 11 7 9 23 16 12
1 9 13 13 8 11 11 5 6 12 10 7 4 1 9 3 5 6 5 1
43 46 54 62 50 77 74 62 54 53 43 26 33 38 40 25 41 54 55 53
8 18 20 27 11 29 31 22 15 20 20 15 16 13 12 14 21 24 18 12
10 7 10 11 16 10 9 8 7 5 6 6 5 5 9 4 4 4 6 6
10 10 15 19 18 17 14 14 15 11 11 9 7 9 14 9 10 6 12 11
21 13 21 21 28 22 23 18 14 17 9 5 13 8 13 11 3 13 15 13
1 10 13 9 1 8 13 14 7 8 6 6 8 9 1 6 7 7 8 2
51 28 51 38 49 44 54 56 49 48 31 20 41 48 20 42 11 36 45 32
37 13 32 30 43 31 46 45 38 25 20 9 22 33 24 24 13 32 24 23
43 18 52 41 43 45 63 56 61 47 22 18 27 36 39 20 11 44 33 38
7 13 19 16 6 19 25 19 8 17 16 10 17 17 2 14 15 19 13 5
11 1 5 9 12 16 15 5 9 6 1 1 1 6 4 4 5 6 6 6
17 19 34 31 18 37 31 19 11 34 20 21 22 19 24 13 22 29 23 9
47 32 65 46 37 54 64 59 63 52 24 37 39 54 37 16 27 55 41 41
13 20 20 25 23 27 38 28 17 26 23 8 18 22 19 13 17 32 18 6
9 4 25 5 15 14 24 17 21 18 17 3 12 16 10 11 4 16 7 13
20 18 36 24 15 28 29 25 17 29 15 21 20 27 17 11 22 25 22 8
24 17 39 33 32 36 36 25 29 35 27 21 16 20 29 24 16 22 25 29
9 4 13 8 16 17 25 15 15 16 18 1 13 16 9 12 1 17 8 8
2 1 6 1 1 3 1 1 3 3 1 1 1 2 1 1 1 3 1 1
25 10 21 13 20 19 31 30 33 22 11 4 12 21 15 10 9 27 13 9
29 17 50 26 39 43 37 31 40 33 23 19 18 47 26 13 14 33 34 32
14 28 38 27 19 34 42 41 35 34 21 14 16 18 16 16 16 23 29 26
9 20 35 24 25 31 35 24 24 28 25 17 11 14 21 11 14 17 20 26
7 1 10 9 12 13 16 9 13 4 3 1 1 4 7 1 10 11 1 5
21 11 31 23 16 25 31 20 27 31 12 17 20 22 20 3 1 31 20 8
12 16 21 20 13 21 24 17 8 22 12 13 13 19 11 6 15 19 16 4
5 1 6 3 1 2 6 1 9 5 1 3 1 1 1 1 2 7 1 1
7 15 13 10 16 22 24 19 17 23 19 3 13 25 13 10 1 22 20 1
41 10 63 51 18 60 60 50 58 65 9 30 29 44 37 21 21 40 46 41
7 6 11 8 8 10 15 9 14 7 5 4 8 11 2 4 5 8 7 1
27 32 39 40 32 62 54 47 45 50 22 8 17 37 32 10 22 36 47 30
2 1 8 1 9 4 3 1 8 2 6 1 1 3 9 1 1 1 1 2
45 25 61 40 37 54 63 54 56 61 39 38 44 48 24 36 27 57 38 32
28 14 48 38 50 37 59 40 47 40 39 26 24 35 49 11 16 51 28 35
29 32 57 32 38 51 51 51 54 43 27 26 26 44 24 19 19 38 44 39
20 13 28 24 12 28 28 18 11 26 18 18 22 16 10 18 18 23 17 14
5 1 9 1 3 1 4 6 4 4 1 1 1 3 1 1 1 2 1 1
50 25 45 41 39 62 70 57 48 51 16 15 31 54 36 26 33 53 44 27
7 3 6 5 11 11 8 1 8 8 6 3 1 4 7 1 1 6 4 1
27 20 46 26 33 31 41 42 48 41 23 24 10 28 41 12 8 26 33 31
3 2 3 11 10 9 18 7 11 3 9 1 5 5 11 4 9 12 1 4
15 2 19 17 11 18 20 14 26 15 1 9 4 5 10 2 8 17 4 11
4 1 9 3 2 13 11 1 4 6 1 1 2 7 1 1 6 7 1 1
13 19 20 21 11 29 16 20 14 18 14 17 15 17 8 16 16 14 23 17
6 3 16 5 9 16 22 12 20 16 12 2 10 16 5 9 3 12 10 7
49 24 51 46 53 59 63 41 49 51 34 19 34 43 42 32 25 43 41 35
23 12 29 18 9 27 22 21 32 29 9 19 17 31 19 8 6 29 24 15
13 5 14 14 13 12 8 4 12 14 5 10 3 2 12 3 2 12 4 6
31 32 36 43 39 43 44 40 23 36 28 16 24 21 29 23 16 26 39 28
17 17 24 13 20 16 24 21 9 15 11 8 20 14 6 11 4 18 11 11
11 13 18 29 17 27 29 27 19 15 14 14 11 11 13 10 21 18 15 20
6 1 1 7 11 9 8 1 5 1 3 1 1 2 4 1 2 3 2 3
6 4 9 8 20 13 11 1 9 7 14 2 2 6 16 1 1 7 4 7
36 30 45 54 48 68 62 49 42 44 32 22 27 48 36 17 34 51 47 37
4 2 9 9 4 8 6 6 16 5 1 5 1 3 5 1 6 6 1 1
3 4 4 11 9 8 14 8 8 6 7 1 1 6 9 1 7 8 5 1
9 10 26 14 18 17 17 22 30 15 11 12 3 18 14 6 5 4 17 17
5 5 8 9 11 10 17 5 7 9 11 1 6 1 10 5 5 12 4 1
6 5 4 15 10 15 17 14 15 2 5 5 5 10 8 3 12 12 5 8
4 13 14 14 17 15 19 11 7 14 20 6 10 12 15 8 5 16 11 2
23 8 37 21 27 34 28 16 32 32 13 9 8 34 24 3 13 27 22 14
22 3 23 21 23 32 28 16 21 23 8 3 12 20 15 15 5 13 18 13
28 10 35 30 27 27 31 26 32 27 11 16 15 12 24 16 12 22 15 20
26 8 30 15 7 22 25 21 28 27 1 15 16 30 10 1 8 27 18 5
34 12 52 14 54 34 56 44 40 34 43 29 43 60 29 21 13 52 36 30
7 11 12 15 9 20 11 11 8 10 8 10 10 5 5 11 7 5 14 11
41 18 35 46 44 65 61 45 40 43 17 8 23 48 35 18 22 43 47 28
29 18 26 33 42 40 37 32 41 24 18 13 7 31 34 1 12 33 29 20
3 1 1 4 5 5 7 2 3 1 3 1 3 5 1 3 1 4 4 3
1 1 9 1 6 7 10 1 6 2 5 1 1 6 4 1 2 6 1 1
18 10 16 18 31 23 23 21 31 12 14 8 5 23 23 10 7 8 21 19
24 15 23 23 24 21 28 27 20 18 10 10 19 18 12 10 8 29 14 10
8 5 11 3 11 4 5 6 8 5 7 4 4 9 8 1 1 6 5 3
42 34 41 50 26 54 57 50 46 50 25 31 33 35 36 20 24 53 44 30
19 7 31 16 13 27 22 22 36 27 3 9 8 29 16 1 9 21 19 10
6 1 6 6 11 14 11 1 10 9 9 1 5 9 9 4 1 8 7 1
40 45 64 50 51 55 66 55 49 56 44 30 43 34 40 27 24 54 42 40
7 4 16 13 10 13 26 15 10 13 13 4 13 15 7 9 11 21 2 1
28 5 25 24 20 17 33 23 30 25 12 16 19 14 22 12 8 27 11 17
13 10 18 19 16 22 25 21 17 11 6 9 8 13 10 4 19 17 7 9
10 4 19 5 19 14 15 13 18 7 5 2 1 9 10 1 1 2 7 14
7 6 10 6 6 12 6 4 10 7 5 7 5 6 1 4 1 9 5 5
43 42 50 51 59 63 55 49 48 50 40 16 34 54 44 26 20 45 59 42
17 18 37 9 22 19 32 30 30 26 14 6 15 18 16 13 3 22 19 20
18 13 28 18 11 23 27 28 29 22 4 13 13 19 10 4 14 25 13 8
34 30 39 24 27 42 43 43 37 38 23 15 28 40 16 21 22 42 34 15
20 8 24 12 28 25 35 29 30 20 20 5 22 33 12 15 8 28 20 9
18 13 26 10 22 20 28 24 18 17 13 5 21 19 6 12 3 19 12 10
46 30 41 41 35 54 62 47 47 47 30 22 24 46 44 4 36 61 40 19
39 15 55 41 43 52 59 38 48 54 32 16 30 47 41 15 17 50 36 26
1 1 3 3 1 3 6 6 6 1 1 1 1 4 1 1 2 1 2 1
9 11 17 16 6 25 16 12 11 18 10 12 11 8 4 13 9 12 16 12
22 6 12 18 30 25 32 23 20 14 15 1 15 18 15 15 5 21 16 11
5 10 12 14 18 18 18 5 6 15 16 1 6 5 18 1 3 16 9 6
36 35 50 44 52 48 68 53 47 52 37 7 35 26 35 32 18 48 38 38
23 22 42 20 18 36 35 33 37 38 5 11 14 29 6 3 6 26 28 17
1 1 2 1 7 2 7 2 5 1 6 1 1 5 6 1 1 3 1 1
33 29 49 30 28 31 43 42 30 39 27 28 37 30 19 23 13 40 26 24
13 12 20 22 15 20 25 22 18 15 9 13 11 11 12 8 21 19 9 12
11 9 31 13 3 27 23 18 17 27 8 15 15 21 5 7 12 19 17 7
10 20 34 25 17 30 33 29 32 30 30 17 20 32 17 18 16 23 28 17
1 1 6 1 1 5 10 5 6 3 3 1 3 4 1 2 1 3 1 2
3 9 9 9 4 10 12 9 6 7 10 8 12 8 2 10 6 7 7 3
27 17 43 35 31 51 54 38 44 40 28 23 22 34 25 14 31 42 28 27
46 28 55 45 34 45 61 55 56 56 30 33 33 43 49 23 17 48 41 35
48 28 46 31 29 50 46 41 42 49 13 19 26 44 25 15 14 43 41 21
37 26 46 41 40 49 48 46 44 43 26 21 31 35 24 28 17 38 39 30
26 13 38 25 34 37 38 34 40 27 10 3 12 22 20 13 3 9 27 30
41 30 50 45 50 52 58 55 58 42 33 33 29 45 44 22 24 48 46 41
17 18 40 23 35 35 50 34 32 26 22 10 17 27 24 7 15 33 16 24
6 1 3 6 11 8 12 2 5 3 4 1 1 1 4 2 1 3 1 4
9 9 17 21 13 24 20 17 19 18 9 10 7 8 7 8 10 10 15 10
10 2 16 14 25 21 26 16 29 5 18 6 7 23 18 7 9 18 8 15
18 22 37 27 34 45 38 36 35 37 22 5 12 32 30 8 7 22 40 24
18 17 45 20 31 20 39 33 31 25 29 30 25 28 26 9 14 36 22 22
14 10 6 6 18 18 14 13 9 5 4 1 9 17 5 3 1 10 16 6
36 29 42 45 42 51 59 47 51 39 33 16 21 29 40 9 25 47 38 37
35 43 45 37 31 59 60 63 51 44 26 16 29 42 27 20 30 39 50 35
26 12 46 28 35 32 52 41 39 30 27 31 28 46 37 10 25 49 25 21
29 24 21 24 28 40 42 41 33 20 18 11 18 41 23 9 25 39 29 16
8 11 17 17 21 13 28 16 16 14 20 5 9 12 18 7 8 18 10 6
25 24 50 32 49 45 50 40 41 40 41 14 19 47 43 16 10 39 39 33
8 12 13 17 20 18 20 8 10 14 18 7 11 7 15 8 6 16 9 4
4 14 15 13 7 16 15 20 14 11 6 9 7 11 3 6 10 5 15 7
15 6 22 17 18 22 24 9 27 28 19 10 12 16 22 8 4 25 16 7
14 6 10 11 14 14 20 15 17 12 7 4 6 12 7 7 6 17 11 6
31 33 38 43 42 51 50 43 32 45 34 6 27 32 39 30 16 34 44 32
4 11 15 12 8 14 13 13 6 12 9 10 8 5 6 7 7 7 9 6
14 2 17 19 8 12 20 15 23 14 3 13 8 9 17 1 8 20 3 9
12 1 4 14 18 22 14 7 18 10 1 1 1 6 13 7 1 1 13 10
5 8 15 8 9 11 15 10 6 10 13 7 12 12 7 10 8 13 5 3
36 33 50 24 35 35 54 46 41 51 42 25 34 39 31 24 16 53 34 8
30 21 44 36 19 39 36 27 31 43 16 30 26 30 30 5 12 38 28 19
1 9 4 16 11 16 14 13 8 7 4 2 1 7 8 1 8 10 7 2
13 6 23 10 24 16 30 15 21 22 22 4 12 14 16 9 3 22 8 7
21 6 18 3 24 10 29 20 18 16 20 8 22 20 3 18 2 23 7 3
6 3 15 7 15 9 18 15 17 6 6 1 2 11 11 1 9 10 3 7
14 21 37 30 15 37 45 39 35 33 13 15 16 11 14 17 24 31 22 28
18 16 41 22 26 35 41 27 33 31 14 13 13 27 24 7 14 23 22 21
22 3 23 23 28 22 20 12 27 24 13 6 4 9 28 13 1 9 15 18
28 9 38 24 41 24 41 33 38 22 21 18 17 29 31 14 6 31 22 27
43 34 45 38 26 47 41 46 47 46 16 30 34 43 23 18 17 42 45 29
19 8 13 12 18 16 12 15 20 10 2 5 4 11 9 5 4 10 13 8
27 21 40 35 34 42 46 29 32 36 28 13 25 32 31 10 21 44 24 14
7 24 36 24 12 36 36 32 33 32 19 14 19 15 12 20 14 16 29 26
9 6 6 14 12 21 18 14 22 7 6 4 6 18 11 5 13 15 13 9
24 29 39 19 26 42 37 38 34 34 22 13 22 37 20 17 16 27 37 22
26 19 42 40 28 51 45 30 30 44 21 15 23 37 33 10 21 35 36 20
4 5 9 12 11 14 20 10 13 11 8 1 1 3 10 1 7 9 4 5
18 17 26 22 21 35 52 38 32 33 12 1 13 26 18 10 17 35 21 17
11 4 14 12 15 19 26 7 4 16 6 1 6 10 7 1 7 18 4 2
9 10 13 13 10 10 12 11 10 10 6 10 8 4 7 6 10 6 6 4
2 18 11 18 13 20 16 14 1 15 14 6 8 5 12 3 4 12 16 5
28 26 31 26 16 34 32 35 35 32 17 20 16 22 21 14 21 28 31 14
3 4 12 6 3 4 10 5 11 7 7 7 6 4 6 4 3 10 1 1
36 41 65 39 29 56 63 60 56 72 44 26 35 48 40 25 22 53 55 32
54 18 56 51 47 60 75 56 61 50 26 28 30 41 43 19 30 57 36 42
11 8 24 18 20 24 19 15 25 22 12 9 4 7 17 8 4 7 14 15
22 11 19 21 22 26 28 17 8 19 12 11 18 20 12 12 12 24 14 10
27 25 40 25 33 42 46 44 45 44 37 18 27 44 25 28 14 33 42 19
45 35 41 42 48 51 59 57 58 36 39 27 25 48 49 21 38 46 42 36
51 26 57 51 39 62 64 53 55 46 37 38 37 52 36 27 42 56 43 39
38 32 46 47 39 62 65 51 38 48 23 22 37 53 31 19 30 57 45 26
32 27 21 34 41 44 54 44 37 20 28 15 19 38 33 7 27 44 33 25
11 6 17 5 13 16 19 8 10 11 5 3 6 10 5 1 3 16 4 1
10 5 10 10 13 8 11 7 6 5 1 3 4 1 3 1 2 5 2 3
4 1 11 4 4 1 15 11 9 8 9 2 10 10 1 8 1 13 1 1
5 3 7 4 4 4 11 3 8 6 7 4 7 6 3 6 4 10 1 1
35 8 47 25 37 37 48 36 46 45 22 11 21 27 25 24 4 29 23 23
1 5 13 13 10 13 17 13 13 6 9 4 6 5 8 4 9 7 4 3
6 14 16 8 9 14 11 17 23 12 7 6 3 21 12 2 7 4 17 3
15 15 19 29 28 31 40 27 17 24 19 7 16 8 16 15 12 25 15 15
6 1 7 10 5 10 5 4 12 4 1 4 1 1 3 1 5 8 1 4
33 28 39 37 52 48 58 50 48 34 43 14 27 49 39 16 19 49 37 26
21 5 22 28 20 30 33 23 23 17 11 10 13 24 20 11 22 26 15 16
30 28 32 39 42 46 57 45 35 27 25 14 18 29 23 10 19 39 33 34
10 8 20 11 12 13 10 14 15 14 5 8 5 6 8 6 4 4 9 12
34 30 65 44 39 66 63 46 44 58 31 28 31 37 36 20 24 41 49 39
4 17 18 19 13 20 24 17 3 20 19 10 13 4 10 9 7 15 15 9
16 17 26 17 27 32 36 23 15 28 22 3 20 20 15 9 2 29 18 10
22 14 33 27 19 31 35 36 47 26 15 21 11 26 23 6 20 27 26 22
16 14 41 27 23 47 41 27 33 45 18 5 9 32 27 4 13 27 35 23
28 39 39 49 28 60 65 59 48 41 39 26 26 38 30 22 34 45 49 40
2 1 5 2 5 4 2 2 6 1 1 1 1 2 2 1 1 1 1 1
2 4 9 3 1 7 1 3 7 5 1 4 1 4 1 1 1 1 4 1
2 7 9 11 11 15 15 4 9 10 10 3 2 7 9 1 2 10 9 1
35 25 56 41 41 48 67 60 61 39 48 36 31 40 33 30 32 46 38 48
2 13 25 16 13 24 26 19 26 22 14 6 6 10 14 4 7 9 16 11
14 5 16 10 7 11 11 7 15 14 2 7 4 11 7 1 4 15 7 2
21 19 49 25 14 33 30 26 35 37 24 34 22 37 23 13 21 30 29 22
6 1 3 6 12 8 11 5 8 1 4 1 2 2 7 1 5 7 1 1
34 30 57 48 23 67 58 55 47 61 14 23 24 41 27 28 26 29 57 41
24 21 48 28 32 28 41 27 24 35 26 22 22 24 30 3 11 36 18 16
34 31 40 52 43 63 61 49 44 45 35 16 26 39 35 19 33 46 45 37
30 18 28 35 47 43 43 34 39 19 26 13 12 30 35 5 22 35 28 27
28 17 32 46 46 46 56 44 41 32 41 20 21 32 38 28 23 36 32 35
26 17 33 35 28 39 46 32 35 37 22 14 19 27 30 7 16 43 21 19
16 4 14 6 15 13 17 7 9 8 4 2 8 11 4 2 6 16 5 3
47 24 45 29 43 47 60 56 52 51 27 10 28 47 23 29 7 41 43 24
12 5 17 12 19 22 25 18 25 8 9 1 9 15 10 4 9 15 8 12
15 19 38 31 25 50 43 31 35 43 15 7 12 22 22 16 9 21 36 27
4 3 2 15 13 19 14 5 13 4 5 1 1 5 10 1 7 8 6 6
33 25 44 37 33 48 48 47 50 32 13 23 17 29 26 4 22 37 33 32
24 19 26 21 26 23 27 26 21 28 10 13 12 15 20 7 3 22 20 12
17 18 21 18 9 25 27 23 15 22 9 10 13 19 8 9 18 21 19 7
14 20 20 18 19 28 31 31 24 15 11 7 14 19 12 8 13 18 21 11
2 4 10 15 6 18 20 12 8 8 4 3 5 8 4 1 12 14 2 2
3 1 10 6 8 11 12 5 10 4 1 1 1 4 5 1 7 6 1 1
55 30 56 43 32 52 64 60 49 56 28 39 50 57 26 29 34 66 41 24
12 4 23 19 28 21 34 22 29 11 24 12 8 26 25 8 15 28 10 20
21 10 31 26 20 37 40 27 18 23 6 10 18 18 12 5 20 27 14 13
24 32 57 32 44 49 58 57 60 39 31 23 27 52 33 16 17 36 46 43
34 19 34 26 40 35 49 43 30 31 28 19 33 27 16 33 14 36 26 19
7 5 5 10 10 13 6 10 11 4 1 1 1 6 8 5 1 1 11 8
35 37 55 41 57 57 61 50 45 47 46 28 37 46 39 30 17 45 48 42
20 15 21 17 26 27 26 16 19 23 16 7 12 16 16 5 3 25 21 9
11 6 24 15 27 27 33 17 29 25 22 4 6 21 21 8 3 20 18 14
4 6 12 5 10 11 8 8 12 7 12 5 9 15 8 7 2 6 9 2
1 1 1 3 7 10 8 1 4 2 5 1 1 2 4 1 1 4 2 1
13 4 9 10 13 15 10 5 14 9 4 6 3 4 6 6 2 8 8 8
23 23 54 19 37 32 43 43 48 39 29 27 26 48 35 9 5 36 39 29
29 32 53 49 45 65 69 58 59 61 33 18 31 36 35 37 24 45 51 42
8 2 24 4 13 12 20 7 19 16 16 8 6 15 16 5 4 18 3 7
8 14 15 10 7 16 10 14 20 16 7 9 9 20 5 7 7 8 20 5
7 13 13 17 7 26 15 18 15 14 3 7 6 16 2 6 13 9 19 7
4 10 12 9 5 8 9 12 6 7 3 7 5 9 4 4 7 5 8 1
11 6 13 8 10 4 7 5 8 12 4 10 4 1 7 2 2 9 2 1
10 21 28 15 22 27 33 28 27 30 12 1 6 15 22 8 6 19 25 18
28 34 53 33 39 41 53 51 39 36 33 24 34 37 20 26 21 36 34 38
8 5 15 1 23 13 25 16 19 14 24 3 10 28 16 9 1 21 9 4
6 5 15 13 11 24 24 12 13 18 7 3 6 11 6 1 7 13 10 4
11 12 18 9 17 17 22 19 10 13 5 2 7 13 6 1 1 13 12 7
2 4 7 13 8 10 11 6 4 6 6 3 4 1 2 3 4 4 4 2
14 17 33 14 23 30 34 22 29 31 20 8 11 19 20 6 3 26 22 13
30 24 41 33 27 37 49 46 37 26 29 26 26 27 19 17 30 38 25 30
2 1 3 1 3 2 6 2 5 1 1 1 1 2 1 1 1 1 1 1
7 15 22 15 16 18 22 16 14 14 26 17 18 16 16 16 11 14 13 14
38 37 49 57 48 71 66 56 40 52 34 15 35 51 36 25 30 53 54 40
4 4 7 5 7 8 7 10 11 1 1 1 1 8 1 1 1 1 5 1
8 8 11 13 13 23 18 5 11 14 11 6 8 14 11 5 8 16 9 5
11 12 23 17 18 15 21 11 13 21 16 11 11 9 18 3 4 23 9 1
13 8 26 16 20 20 20 11 32 22 16 14 5 22 24 1 7 19 15 9
18 17 33 19 28 22 36 26 21 33 29 9 22 15 20 14 4 28 16 11
21 9 36 20 37 26 45 30 41 26 27 20 17 34 35 4 10 42 21 21
24 23 26 33 22 40 34 28 27 27 25 20 23 22 19 22 22 25 28 22
13 2 14 7 11 13 13 7 18 12 10 6 8 14 6 7 4 16 7 3
28 33 44 28 41 48 57 47 48 45 34 11 28 48 30 19 14 41 44 27
6 7 10 4 5 6 4 7 1 5 1 5 6 3 1 1 1 5 2 1
24 20 29 28 21 32 32 28 13 21 8 13 23 25 5 9 21 28 19 14
43 22 51 55 52 60 71 48 49 46 36 29 30 45 54 22 36 56 38 42
21 28 51 26 33 35 53 52 44 31 32 24 26 34 21 18 19 33 32 35
25 23 24 21 20 31 31 29 30 27 10 12 10 23 23 1 15 33 21 5
8 5 8 5 8 7 7 4 8 5 3 5 4 4 4 1 3 5 3 1
3 1 5 7 11 8 12 4 6 4 9 1 3 5 9 2 3 7 3 2
41 36 55 42 44 50 59 44 41 51 31 19 33 37 33 16 21 53 37 29
19 10 44 24 30 40 35 25 44 38 23 15 5 29 30 13 11 23 28 31
47 21 46 42 58 45 62 42 49 39 42 25 33 43 38 20 19 62 27 30
21 14 38 21 7 30 30 22 23 36 14 23 22 22 7 12 16 28 20 12
20 18 40 18 16 32 20 23 28 27 14 18 15 26 9 10 12 19 25 18
9 6 9 7 13 4 14 12 8 4 11 3 11 12 5 7 3 10 3 2
31 20 50 37 51 37 49 47 58 27 43 46 26 43 51 7 33 45 35 42
10 6 12 12 13 11 19 11 11 12 13 7 9 11 9 8 6 17 5 4
11 5 9 9 16 14 20 11 11 10 14 4 13 15 7 10 4 17 5 3
1 4 13 4 9 2 11 6 8 5 14 4 9 8 8 7 1 6 1 1
20 11 31 21 20 17 29 22 27 20 14 17 18 14 20 9 15 29 5 10
1 2 4 5 4 4 3 1 1 1 1 1 1 1 1 1 1 1 1 1
39 30 55 52 25 68 63 60 55 60 30 27 29 56 36 35 41 44 58 40
4 6 10 2 3 4 6 8 2 5 1 2 1 9 1 1 2 5 4 1
8 16 25 13 28 31 35 23 32 25 31 9 11 38 33 6 6 30 31 16
34 14 47 33 46 38 52 39 34 43 39 19 30 35 31 36 13 30 28 29
3 5 14 8 3 10 12 5 3 9 2 5 5 6 3 1 8 7 1 1
30 29 48 40 43 49 62 50 44 40 44 24 33 38 31 30 26 44 34 35
40 21 48 27 44 42 53 53 48 47 32 20 33 34 25 40 1 27 40 34
9 12 19 11 12 8 17 16 9 8 11 7 15 11 4 7 7 12 8 3
23 22 41 24 23 32 37 37 45 40 13 15 18 23 26 13 3 27 30 25
28 22 53 36 35 56 62 47 41 47 29 17 32 42 22 18 25 43 34 28
25 31 39 39 35 53 58 47 28 37 28 15 27 31 22 14 25 44 36 28
4 2 1 2 7 10 6 1 7 3 4 1 2 6 3 1 1 4 5 1
20 26 29 33 36 41 38 31 22 25 22 9 21 23 23 8 14 29 29 16
18 3 22 15 21 17 23 5 15 22 17 9 11 13 21 3 4 28 5 6
29 18 47 28 19 40 43 40 34 43 13 17 30 45 10 14 19 40 31 12
23 16 49 17 39 29 50 50 60 37 40 31 28 50 37 18 17 45 36 28
5 6 4 14 12 15 26 21 16 6 11 2 6 17 11 5 11 18 8 7
18 14 21 30 24 33 28 25 27 17 19 13 16 14 18 20 19 19 20 23
17 24 47 22 28 33 41 36 38 29 14 13 15 20 20 10 15 24 20 26
41 44 49 39 41 55 65 59 42 56 30 11 28 35 35 18 16 42 51 31
11 3 15 12 16 15 16 9 22 8 11 4 6 9 11 7 8 11 6 10
40 22 32 46 53 56 61 45 50 36 42 16 27 41 40 21 25 49 40 37
37 16 40 37 26 35 46 31 28 34 11 23 29 28 24 8 23 47 14 16
3 1 6 1 3 6 10 3 3 5 7 1 7 8 4 6 4 11 1 1
17 23 43 39 40 45 55 38 36 32 43 29 27 37 40 13 28 46 33 33
36 30 35 52 46 52 49 43 39 31 37 29 22 26 39 14 33 42 39 35
2 6 6 10 8 13 10 4 5 8 6 4 4 2 3 1 3 5 6 1
9 5 10 6 14 11 17 9 8 8 7 1 6 9 6 1 2 11 6 1
9 17 17 16 16 20 23 20 13 21 11 8 7 15 12 5 10 16 15 6
27 39 51 32 30 49 51 43 41 52 35 14 24 38 32 14 22 39 44 25
2 1 5 1 4 3 7 1 3 1 3 1 2 2 3 1 1 2 1 1
8 5 15 1 9 10 17 14 15 8 3 1 6 11 3 1 1 9 9 4
12 3 13 15 9 15 13 9 20 8 2 8 3 4 7 1 9 14 3 7
17 19 38 21 13 42 37 33 44 35 9 10 7 29 17 2 20 24 28 18
33 15 30 33 36 30 42 28 32 27 17 14 20 18 25 8 11 40 15 21
5 5 22 10 11 8 21 12 15 12 17 7 12 16 8 9 10 15 1 4
41 39 53 50 45 59 71 61 43 55 46 22 44 40 30 37 29 55 45 38
20 8 33 17 11 17 25 20 27 25 8 17 16 14 13 6 9 23 8 11
48 16 39 45 35 56 47 42 42 35 9 24 22 43 26 13 28 44 39 27
20 25 46 30 36 36 49 42 46 35 28 18 23 23 30 28 15 24 30 38
27 29 31 34 24 37 43 46 27 27 15 15 24 24 13 19 21 27 31 29
1 2 7 5 8 6 9 1 8 1 10 2 4 5 8 2 1 4 1 2
8 8 18 17 19 26 26 14 16 21 12 3 5 8 14 7 3 14 15 11
38 33 51 56 46 69 66 53 44 48 40 21 30 50 38 19 35 57 51 39
13 14 27 26 12 41 29 28 32 28 5 10 10 36 20 2 23 21 29 13
10 9 24 15 12 19 27 21 18 20 19 11 19 13 4 17 15 24 7 6
16 7 32 19 9 30 34 27 26 31 9 11 18 33 11 9 16 25 21 5
8 1 8 9 6 10 7 3 14 5 1 4 1 1 3 1 3 6 2 3
35 24 52 45 24 61 54 54 55 57 22 16 23 45 25 32 25 28 53 41
17 12 27 16 37 28 37 23 32 25 33 11 13 35 29 15 7 31 24 18
14 8 21 13 21 19 29 18 20 10 12 4 12 18 14 6 15 22 5 11
12 7 15 12 22 21 21 12 17 7 12 2 9 15 12 3 6 16 10 5
29 18 41 37 20 43 37 33 43 33 22 26 18 24 22 16 31 33 24 30
22 4 27 22 15 21 37 31 38 24 12 16 13 17 21 6 15 29 12 23
40 38 53 41 51 62 62 57 62 51 37 22 23 56 52 20 25 41 57 38
4 6 12 9 8 6 17 11 9 8 11 5 9 9 8 7 5 9 4 1
28 23 41 26 38 39 51 45 29 41 19 7 26 21 16 26 3 31 30 26
26 18 48 30 26 37 48 30 23 44 30 20 28 24 18 18 19 39 22 17
13 1 25 13 13 7 20 14 27 14 5 10 5 5 15 1 4 14 1 11
2 3 8 14 14 17 28 15 17 10 14 1 6 8 15 5 9 17 3 8
9 2 15 14 16 24 36 24 28 12 14 3 5 16 15 4 15 22 10 16
7 5 10 4 6 4 4 4 6 6 3 6 5 2 3 2 1 6 1 1
34 30 51 25 17 40 40 41 28 44 14 24 28 34 14 11 19 38 32 17
4 7 12 10 12 9 10 9 8 7 8 5 3 6 10 2 4 3 5 1
20 14 24 25 22 34 33 28 22 27 16 12 17 14 14 22 9 14 25 23
27 1 29 20 22 24 22 18 39 26 11 17 12 23 28 10 1 17 21 23
29 14 42 31 30 39 47 38 30 26 10 19 22 35 25 8 27 33 20 23
1 3 5 1 5 7 4 7 13 1 2 1 1 11 6 1 1 1 6 1
2 5 7 5 4 2 9 7 1 4 8 4 9 5 2 7 2 5 2 1
23 4 36 18 26 28 33 29 43 31 15 9 14 26 15 15 7 25 17 17
5 1 9 2 12 5 6 4 7 4 3 1 1 3 6 1 1 1 2 4
16 16 31 23 12 37 27 20 18 28 18 17 20 27 9 14 18 21 26 16
27 31 37 20 24 34 31 32 31 38 21 11 16 28 31 1 7 33 33 4
42 17 42 32 50 42 58 52 64 42 38 28 23 46 39 24 16 46 34 28
18 17 16 21 23 22 27 28 24 12 13 10 12 21 18 7 17 21 16 12
6 8 39 17 34 23 47 34 38 26 34 17 18 26 28 10 10 31 16 24
15 13 27 23 35 25 33 25 27 20 22 13 8 18 27 9 8 17 18 21
4 2 4 3 12 5 9 6 8 1 6 1 1 9 8 1 3 5 4 1
13 6 19 16 9 30 19 8 12 20 7 11 13 22 9 5 12 18 16 8
27 5 36 23 31 41 37 25 42 30 8 5 8 24 22 9 12 23 21 23
1 1 11 1 12 4 11 2 10 1 13 4 2 10 11 1 1 9 1 7
35 34 48 48 32 49 52 43 35 52 33 22 27 24 32 26 24 40 40 33
9 14 15 13 7 27 16 17 26 22 5 4 1 21 13 1 8 14 22 3
16 19 19 14 17 25 19 21 13 14 10 9 20 25 1 11 7 17 22 10
18 20 21 21 34 29 31 22 15 19 20 2 13 19 24 7 2 24 22 12
7 16 18 19 7 26 23 16 11 18 17 15 16 15 6 14 17 18 17 11
22 26 37 20 21 34 44 45 40 37 24 8 16 27 23 18 13 19 34 24
8 2 6 5 12 5 15 8 3 4 9 1 8 7 2 6 1 9 1 2
16 10 21 19 28 30 25 24 30 25 11 1 1 20 24 9 1 6 26 18
20 14 31 27 36 36 45 37 37 25 16 5 10 23 26 12 12 23 21 26
33 8 37 36 32 37 43 22 35 37 21 21 20 26 37 5 14 39 22 20
1 3 7 5 7 14 18 8 10 11 7 1 1 4 7 1 1 6 8 4
21 5 21 19 23 29 27 18 32 24 11 4 5 23 21 13 7 19 21 13
29 17 49 36 19 50 44 34 39 54 16 24 21 23 23 18 15 30 34 32
9 3 15 3 4 12 4 2 15 14 1 7 2 11 3 1 1 10 7 1
17 11 27 25 17 16 20 24 29 23 9 16 9 12 20 6 9 16 13 13
4 1 1 2 6 3 7 2 4 1 1 1 1 1 2 1 2 1 1 1
8 6 4 8 9 8 12 9 7 1 7 4 8 9 1 6 5 8 5 4
18 1 12 15 22 24 23 15 22 17 9 1 8 18 10 16 1 8 18 13
18 11 30 19 13 23 21 24 23 29 2 13 7 1 9 10 3 9 17 20
7 10 14 9 13 14 15 17 9 11 6 5 6 9 6 2 2 6 9 6
16 7 13 7 20 7 21 18 14 9 16 4 16 19 6 13 4 16 8 4
23 6 29 21 30 27 19 17 37 25 11 12 4 23 26 9 2 10 22 20
36 35 44 28 37 38 50 47 36 41 35 15 31 39 25 23 19 42 34 18
9 12 31 19 19 37 36 27 35 31 16 6 9 27 16 10 9 15 26 20
5 8 10 20 11 20 17 16 11 8 6 7 6 3 6 7 11 6 11 10
40 20 50 47 47 54 55 37 51 42 30 24 24 44 47 3 21 52 32 34
51 12 54 46 30 54 57 43 50 52 13 29 37 47 38 19 19 51 38 29
29 31 49 30 12 51 60 54 46 50 26 20 28 43 20 19 36 45 38 22
11 7 13 4 11 14 17 15 14 8 6 1 10 15 5 5 4 10 11 6
51 23 44 42 50 43 65 56 60 45 40 34 31 46 45 22 20 61 38 30
18 10 44 32 36 42 50 42 52 35 32 16 19 39 32 18 21 29 26 34
2 4 10 5 5 6 7 5 9 3 3 3 1 2 5 1 3 1 1 3
2 3 13 3 2 6 9 6 8 9 1 2 1 5 2 1 4 5 1 4
19 6 34 17 14 26 43 23 21 37 14 9 17 20 12 11 12 30 15 9
9 4 4 8 9 13 10 7 7 5 1 1 1 9 1 2 3 5 8 4
12 7 21 19 19 22 19 16 25 15 7 7 4 9 15 8 11 10 10 14
28 18 32 23 45 32 46 40 37 26 32 14 26 35 22 23 9 35 25 14
40 40 54 42 44 60 59 49 49 49 36 22 27 47 42 10 27 56 45 27
30 17 47 22 34 28 41 27 28 27 24 24 26 36 20 12 12 38 18 20
6 4 12 6 12 10 19 9 12 8 16 1 11 14 11 10 6 15 5 1
9 11 19 16 12 25 17 7 12 21 11 11 8 9 9 5 10 16 11 5
15 7 14 10 20 21 27 20 24 16 14 1 4 21 19 9 7 16 16 9
28 19 21 26 35 35 33 27 30 27 11 5 8 20 26 8 7 28 27 14
6 4 18 11 11 17 22 13 20 18 13 3 10 21 11 9 3 12 13 7
6 4 6 8 7 7 15 10 10 4 10 1 9 10 6 8 8 12 5 1
1 10 14 13 3 12 14 10 10 10 8 9 10 5 3 8 11 9 7 4
30 16 48 13 43 31 52 48 54 39 35 21 20 44 39 17 7 39 36 32
32 22 42 31 35 55 53 47 50 39 16 6 15 51 31 7 27 39 39 29
5 3 7 1 7 3 5 7 5 3 1 1 1 6 4 1 1 1 4 1
6 1 5 4 18 12 9 1 7 2 10 1 2 8 11 1 1 6 4 3
10 10 9 8 13 13 9 9 5 3 1 4 8 7 3 1 3 5 6 2
13 6 17 14 14 13 23 9 17 18 14 7 8 15 15 4 10 25 7 1
13 21 28 15 14 26 26 29 17 20 12 13 16 15 7 10 11 12 22 15
25 14 26 26 32 31 33 25 20 18 10 6 15 21 17 9 14 24 16 17
28 4 43 13 19 34 40 27 34 37 14 11 24 35 9 13 13 32 20 11
21 26 44 30 36 36 49 33 24 35 32 16 27 26 19 17 14 38 21 20
13 20 28 15 18 22 24 26 19 16 10 9 14 21 9 5 11 20 16 9
34 23 45 36 40 63 63 53 64 45 23 17 9 50 45 11 31 39 48 40
12 14 14 17 25 22 26 14 10 18 26 1 16 15 21 10 1 24 15 9
15 20 39 32 17 38 36 35 42 41 21 18 11 30 27 13 20 28 35 19
42 22 40 48 34 54 52 48 38 29 19 33 28 40 32 13 44 42 34 33
1 4 5 2 4 2 5 4 1 1 4 1 1 5 5 1 1 3 3 1
4 11 18 9 8 11 16 18 16 11 14 8 12 16 8 10 6 8 12 7
49 34 48 54 42 57 67 56 42 54 35 27 39 39 34 30 30 61 40 32
22 7 55 28 33 29 50 41 46 39 25 35 23 37 39 1 20 42 23 29
5 4 7 4 8 4 5 7 2 3 1 3 1 4 2 1 1 1 2 3
19 22 43 22 8 44 46 40 42 47 18 14 18 41 16 12 23 32 35 15
45 9 39 28 41 40 48 36 29 36 22 10 34 42 19 30 9 36 29 21
41 32 69 40 36 62 61 55 59 63 26 33 27 52 42 14 25 45 52 38
25 17 37 33 20 46 47 39 34 40 24 18 28 45 23 20 30 41 31 14
15 5 18 13 10 14 11 10 16 16 3 11 7 2 7 7 1 8 8 7
2 1 6 2 3 4 6 2 1 1 2 1 2 1 1 1 1 2 1 2
5 16 9 13 16 17 17 12 8 13 15 3 7 12 16 2 1 14 17 2
16 24 27 18 18 32 30 24 29 35 25 13 14 27 22 11 12 29 30 6
32 27 54 43 34 57 57 52 57 48 36 33 30 58 39 29 29 38 56 46
2 4 13 3 6 2 13 7 8 6 8 3 5 4 7 4 1 5 1 4
10 3 5 11 16 12 16 7 7 5 6 1 5 5 7 1 6 10 2 4
44 26 53 30 26 47 64 60 50 54 29 29 36 51 24 27 36 55 38 17
8 13 19 15 13 27 19 13 12 21 16 12 15 15 7 12 10 16 18 10
26 30 39 39 28 55 39 37 37 50 26 21 16 37 29 20 22 33 49 29
25 22 47 29 10 45 41 36 36 46 11 26 24 33 13 16 25 30 37 21
44 2 42 42 41 57 62 42 51 51 26 18 26 45 32 29 24 47 37 26
30 13 37 30 22 33 43 44 41 31 14 20 23 29 18 12 17 37 22 23
7 5 9 10 14 11 12 4 7 7 8 4 1 5 11 1 5 6 1 5
17 10 28 25 24 39 35 31 40 30 10 4 5 22 22 14 6 8 33 28
27 21 27 16 31 27 36 29 33 29 29 8 15 32 29 13 9 30 24 11
13 2 16 14 22 13 25 15 19 15 19 4 11 13 11 12 4 21 5 4
4 1 14 3 8 5 5 4 11 6 7 3 1 9 9 1 4 6 3 4
1 1 3 4 4 9 13 5 6 1 1 1 1 3 1 1 7 8 1 1
8 8 10 18 20 27 30 15 17 16 17 1 10 16 17 6 10 25 15 5
5 1 7 6 11 11 13 6 7 8 8 1 4 4 10 1 1 7 1 5
8 3 4 4 10 11 12 6 9 3 6 1 8 12 4 5 3 8 7 3
1 3 11 4 3 5 8 8 7 6 1 2 1 2 1 1 1 1 1 2
25 13 27 13 27 19 36 31 27 26 22 15 23 29 9 19 11 35 14 6
5 10 6 7 11 10 14 11 8 11 7 1 1 11 12 1 2 8 11 1
37 26 50 39 41 57 57 50 57 61 29 10 15 42 45 21 13 36 53 34
24 15 20 37 31 37 43 34 29 24 32 16 21 22 22 23 23 33 22 23
31 26 38 39 36 51 42 28 24 40 21 17 25 27 24 12 20 35 34 18
50 36 60 63 43 70 69 53 47 63 35 29 47 50 40 24 33 66 49 40
33 31 47 40 22 56 57 53 39 51 13 19 20 29 28 21 29 32 45 29
31 17 39 29 33 46 41 41 37 38 19 10 25 34 21 29 9 18 38 32
14 4 17 15 18 20 22 17 20 14 6 2 4 10 13 12 3 7 14 15
35 20 42 39 28 47 39 33 33 36 13 29 27 34 27 17 33 39 29 18
21 8 25 14 26 19 37 27 26 25 23 11 20 19 8 21 6 22 14 14
20 9 37 31 12 46 38 31 32 36 5 19 14 28 15 7 27 27 26 19
4 7 4 5 4 3 11 9 6 3 8 3 8 12 1 7 4 9 7 1
20 14 33 27 38 32 48 38 35 17 31 20 18 34 31 11 23 36 18 24
44 24 41 34 34 56 59 50 57 49 26 15 24 54 34 19 32 49 41 27
8 18 31 21 13 30 23 26 26 24 18 14 15 25 14 13 12 11 29 21
19 20 40 20 15 34 41 31 24 32 15 14 25 24 8 15 17 25 21 16
12 17 29 33 22 38 40 21 17 28 27 15 23 21 23 13 23 34 18 11
6 1 10 1 6 8 19 11 9 7 5 1 8 5 1 4 2 11 1 4
35 14 30 33 25 37 46 38 40 36 13 12 14 31 32 18 20 37 25 21
15 16 31 14 21 33 42 26 28 31 10 1 14 17 11 10 6 27 20 15
22 12 13 23 18 26 28 25 31 18 11 10 1 20 23 1 17 27 18 12
1 1 7 2 2 3 16 7 6 6 7 1 5 5 2 4 1 6 1 2
20 18 29 25 17 32 31 21 13 24 12 18 21 18 8 10 23 26 15 9
3 7 15 7 3 9 10 9 8 10 1 6 4 5 1 3 6 6 3 4
1 1 2 1 4 2 4 1 5 1 2 1 1 1 5 1 1 1 1 1
5 1 5 5 6 4 12 6 7 2 4 1 4 4 4 3 5 5 2 1
2 6 12 5 9 7 9 9 6 5 14 6 10 11 7 8 2 8 4 4
5 8 24 11 5 16 12 9 17 19 10 13 8 11 9 5 7 13 12 2
24 14 23 35 39 43 39 30 39 20 28 16 16 32 31 14 22 30 26 27
25 8 33 13 14 21 29 27 30 28 8 15 20 24 11 7 1 26 17 15
