1000 20 11 2229
12 6 9 13 5 19 5 6 1 7 1
5 3 15 17 4 7 1 4 2 2 9
16 9 0 8 6 0 11 20 12 5 10
10 10 5 8 4 5 23 2 2 2 12
8 4 19 18 2 14 7 8 8 12 12
6 8 12 10 9 10 6 0 8 1 9
10 8 5 11 4 8 6 5 5 2 0
0 5 1 7 1 1 0 8 3 6 3
4 6 7 6 1 13 12 12 16 4 12
2 1 8 10 12 6 14 4 4 7 8
3 4 2 4 1 7 7 3 1 1 5
8 8 9 6 1 3 4 4 1 6 0
4 4 16 2 3 6 1 16 12 9 1
3 14 10 0 9 8 4 3 4 16 8
4 3 5 4 2 14 0 4 11 12 1
6 5 10 8 1 5 8 6 13 4 11
6 5 10 1 18 3 2 1 4 1 11
3 4 0 6 12 7 7 3 18 2 10
3 7 5 1 3 2 1 10 9 5 3
5 3 8 17 0 9 2 1 2 2 6
9 6 5 11 3 10 2 0 7 6 17
7 0 1 0 2 10 2 2 6 8 3
1 4 11 8 4 4 2 9 1 0 0
7 6 2 5 3 6 0 6 1 2 4
3 7 6 11 24 0 12 9 1 5 2
11 9 2 23 1 12 5 2 16 9 11
12 12 16 24 1 8 2 7 7 10 8
5 2 11 1 6 4 6 8 8 8 5
12 3 0 8 1 13 1 1 1 1 1
4 1 4 4 3 3 9 3 1 15 10
13 1 17 2 5 1 1 11 9 8 13
9 8 1 0 15 15 24 3 2 14 4
5 2 5 4 15 7 0 1 9 10 0
1 1 5 2 9 1 7 0 6 3 9
0 3 3 3 0 1 5 2 1 5 5
7 13 4 6 6 1 15 6 5 4 3
1 4 3 0 4 4 4 4 1 2 7
1 8 2 4 3 0 1 3 5 1 2
1 1 6 9 1 1 3 1 1 0 1
18 4 11 5 8 8 7 13 6 16 3
3 10 3 1 10 1 1 2 6 7 0
7 10 9 9 2 6 5 14 17 5 6
2 8 8 5 6 12 8 4 6 5 10
1 12 4 19 4 10 4 8 3 13 13
13 8 11 15 16 15 8 4 5 2 7
2 1 7 6 7 1 10 7 6 1 3
5 3 4 1 13 9 2 8 6 1 4
4 4 6 3 2 16 3 0 5 6 3
8 3 1 8 0 2 1 4 5 2 1
5 2 10 13 10 4 1 10 14 4 18
6 1 4 3 2 1 1 0 7 3 2
1 1 2 1 8 2 6 4 1 2 3
7 19 2 2 14 3 4 9 15 8 9
3 1 10 2 10 1 4 0 1 1 5
0 8 2 7 8 6 10 12 2 0 4
8 13 6 12 10 5 10 13 2 6 10
4 7 4 6 12 1 1 5 1 2 3
7 4 7 18 2 15 8 14 13 3 2
1 9 3 7 10 1 0 15 7 1 4
1 5 4 1 0 0 5 3 1 10 7
4 2 5 7 4 5 0 2 11 5 6
5 10 7 10 9 7 4 1 3 9 10
12 5 6 9 16 11 1 7 11 24 4
5 9 9 4 12 8 3 7 6 4 1
8 0 3 3 2 7 1 4 3 8 4
23 15 8 13 4 8 11 5 11 2 6
3 13 6 8 5 5 18 2 6 17 18
5 2 2 0 1 3 6 8 6 1 1
4 1 9 1 9 0 4 7 2 8 10
8 5 9 8 2 12 3 9 4 7 9
12 5 1 6 3 1 3 3 1 5 4
2 3 7 9 10 5 5 0 2 8 15
1 4 9 3 12 9 14 8 2 27 11
0 4 0 13 1 5 4 4 1 1 7
1 16 3 0 2 3 3 5 10 0 6
2 4 10 3 11 1 18 2 15 6 13
3 1 4 4 1 13 2 2 1 0 4
3 16 0 6 2 18 1 20 6 4 13
1 7 8 6 1 9 6 5 6 14 3
15 16 5 13 14 3 21 8 13 4 1
13 9 2 13 3 7 2 10 8 2 6
11 9 14 9 11 9 7 12 21 1 7
12 5 11 4 13 3 1 9 3 4 9
4 7 12 5 9 12 5 13 13 8 5
4 0 4 10 2 8 2 5 4 5 6
21 8 11 0 5 17 7 7 14 6 13
8 11 4 5 7 9 8 6 15 11 13
11 18 7 3 9 2 0 12 2 6 1
16 12 1 11 2 5 19 16 1 1 0
8 5 1 13 9 25 5 4 15 11 10
0 13 13 15 2 5 5 9 14 4 8
0 4 3 1 1 1 2 1 8 5 5
3 1 2 8 5 4 2 1 12 3 6
3 11 3 5 3 3 12 12 15 3 7
7 7 9 11 20 0 1 1 6 11 6
5 3 2 6 6 6 0 4 6 11 3
7 6 26 8 2 1 2 18 9 1 15
2 1 5 7 6 6 1 1 6 2 3
7 1 8 7 1 4 1 4 1 3 1
6 2 0 8 7 7 4 10 5 11 1
10 5 6 11 9 8 3 8 5 6 4
3 1 10 6 5 20 10 11 9 6 5
5 6 13 10 19 4 7 3 7 13 15
19 5 0 1 5 10 1 2 7 11 12
4 1 6 0 1 3 3 3 4 4 5
1 15 8 3 1 15 15 1 5 20 0
9 7 3 5 5 3 9 16 15 2 11
4 23 4 14 5 14 17 3 7 6 1
3 5 0 0 2 1 2 0 4 2 8
6 1 2 7 3 2 3 2 0 2 3
9 2 2 1 1 1 1 7 7 6 15
3 5 4 2 14 0 1 8 6 15 0
5 4 6 3 7 7 23 3 14 10 8
5 4 13 21 6 13 23 3 4 4 6
1 1 5 1 4 2 4 5 5 3 0
1 2 10 19 10 18 1 2 4 6 20
2 4 10 1 1 18 15 2 3 8 6
9 5 9 5 1 3 10 5 3 6 10
9 1 2 0 4 6 0 4 9 9 0
0 2 5 3 4 5 4 8 0 8 12
8 3 15 9 11 5 3 0 3 4 17
12 4 15 3 6 18 6 0 5 3 5
4 15 8 17 8 1 4 10 9 2 17
1 5 10 0 0 4 8 4 7 2 5
7 9 4 14 7 8 17 11 5 17 9
5 7 2 4 8 8 6 2 11 7 3
5 5 4 1 16 8 1 14 11 10 0
1 2 1 7 5 3 1 2 2 3 3
5 11 18 2 10 9 6 10 0 8 7
14 17 7 3 5 5 3 5 11 17 8
7 14 7 2 21 7 11 9 0 10 11
2 10 4 11 2 1 5 3 4 3 1
1 1 5 5 0 4 2 8 4 2 4
1 4 14 2 3 3 4 14 3 11 16
24 10 6 6 7 16 4 2 11 0 9
8 8 2 15 2 4 2 20 7 8 1
6 11 24 3 3 3 13 10 7 2 13
3 1 6 6 4 4 4 3 16 24 7
12 2 11 14 4 1 8 10 0 3 10
2 10 5 5 9 3 7 7 18 2 3
4 4 18 0 1 5 13 6 9 8 2
2 0 9 2 2 9 2 8 5 9 22
8 3 3 4 5 3 2 2 7 2 3
25 9 6 14 14 7 3 9 3 0 1
0 2 3 3 17 2 5 5 19 11 3
1 5 13 7 21 9 15 13 4 2 10
9 9 3 15 2 4 6 5 0 9 14
8 15 4 2 1 2 9 2 7 4 1
3 15 7 7 5 11 6 8 7 5 2
6 1 11 8 5 4 5 4 6 5 5
7 4 1 4 2 2 0 1 5 3 2
4 9 8 5 12 0 4 7 10 13 2
5 10 3 8 6 4 3 13 3 1 15
7 10 4 2 12 9 5 6 6 3 7
6 0 5 7 15 3 5 4 4 5 1
14 10 8 7 1 25 6 6 4 0 19
11 4 3 14 1 13 2 3 13 13 4
9 1 11 10 9 2 3 2 1 8 5
8 3 11 6 4 10 0 6 0 5 6
2 7 16 14 16 5 3 8 11 3 22
11 8 6 4 1 20 14 4 1 5 1
7 4 5 12 11 12 12 3 9 5 28
2 2 8 13 3 3 3 9 1 5 12
2 6 1 1 4 1 3 2 5 0 1
11 15 0 9 5 5 11 13 5 13 4
4 4 3 2 1 5 4 0 1 5 5
15 2 2 5 8 6 14 27 10 14 3
5 6 3 1 1 9 5 16 10 5 18
1 7 13 7 17 9 8 7 4 2 7
19 8 1 5 3 5 7 6 7 3 3
2 9 4 2 0 4 5 11 13 0 2
10 12 10 10 19 3 3 13 10 10 8
14 15 5 5 4 19 4 3 1 10 3
2 2 12 0 7 3 1 16 8 29 11
2 6 2 10 5 13 4 6 8 8 0
8 0 4 26 8 2 9 6 8 11 15
1 3 9 6 7 4 3 0 7 4 1
5 0 3 3 1 3 8 1 7 1 8
5 0 3 8 2 3 3 15 0 4 4
1 3 15 7 4 8 4 1 2 6 4
1 4 7 3 6 1 2 4 14 1 4
12 7 21 9 9 11 0 20 7 12 1
2 6 4 12 13 13 1 10 0 9 0
5 3 1 4 7 16 10 7 6 4 1
8 5 3 3 1 1 7 2 11 2 2
20 13 9 8 2 11 1 0 18 2 8
10 6 3 1 11 2 8 0 6 0 6
10 2 2 3 2 8 12 8 7 6 1
4 0 5 6 7 9 8 2 7 0 8
12 4 15 11 11 15 10 1 6 0 11
3 4 5 13 6 4 4 1 3 4 12
18 9 5 1 2 11 4 8 4 20 3
1 3 4 20 6 13 6 4 2 6 7
3 2 6 1 7 0 2 5 2 1 9
2 5 1 2 4 4 0 0 1 4 3
1 4 10 20 5 7 13 4 6 18 2
3 4 4 2 4 1 4 1 4 2 10
6 4 1 3 2 1 1 1 7 1 1
8 7 0 5 7 0 2 10 4 2 0
15 1 9 10 9 11 3 1 9 4 9
1 6 2 1 12 9 12 11 7 6 7
9 4 16 1 2 4 0 1 5 12 8
8 6 3 4 3 6 4 2 4 5 3
7 9 7 9 15 5 11 10 14 12 17
7 4 7 5 2 0 8 2 5 1 5
0 10 13 15 3 6 13 8 9 10 19
0 1 1 2 2 4 1 2 10 0 9
19 14 9 1 2 0 3 9 11 14 8
7 13 10 1 11 11 1 6 11 14 11
4 1 10 0 2 3 7 11 12 5 1
17 1 9 2 16 3 12 15 20 6 2
2 1 5 3 2 4 1 2 5 4 2
0 8 5 3 2 2 6 17 3 3 3
2 0 5 5 4 4 1 1 3 4 0
12 4 2 6 6 3 2 6 6 2 1
1 2 4 1 0 1 2 3 4 0 7
13 7 1 0 2 3 9 1 10 3 2
1 6 6 7 2 4 3 7 3 2 4
6 3 0 6 4 5 3 5 2 7 4
2 4 8 7 1 1 2 7 3 2 8
13 9 1 1 1 11 15 3 13 1 13
1 11 3 7 4 4 9 0 7 7 3
16 14 13 0 9 6 8 0 2 1 4
5 2 4 7 1 2 0 1 2 10 2
23 11 2 4 5 7 21 12 5 8 1
8 4 7 0 1 4 3 1 3 5 6
7 0 4 11 2 3 16 1 5 4 4
1 5 1 4 4 3 2 4 4 3 4
1 5 3 9 12 0 22 0 1 10 1
11 5 1 8 2 3 9 7 7 9 1
2 1 1 13 5 3 5 0 12 2 1
0 12 0 2 9 16 17 25 1 5 12
7 11 5 4 8 5 1 3 12 14 16
11 18 15 17 8 5 10 2 6 1 18
1 1 1 8 6 6 6 0 3 2 0
16 9 2 6 1 10 4 3 13 10 13
0 16 2 8 3 8 2 10 3 6 8
5 16 16 7 8 0 6 4 4 3 20
12 10 3 3 2 4 1 1 2 5 0
2 1 8 2 0 1 3 11 1 9 1
5 10 6 3 8 3 7 10 30 0 9
15 14 6 3 1 1 2 6 20 9 13
10 2 6 4 1 3 1 1 6 1 2
1 7 2 6 8 3 5 23 11 7 3
5 1 13 8 1 6 3 6 7 5 12
9 4 4 19 0 3 17 3 8 11 3
13 8 24 6 1 0 9 1 8 6 11
0 5 0 7 3 0 10 2 3 6 4
10 3 4 9 5 7 4 4 1 8 3
0 15 19 12 4 4 2 4 1 10 4
1 2 3 1 4 6 5 1 4 1 6
8 9 8 12 5 7 2 0 9 6 5
13 4 7 11 11 0 5 1 5 4 1
8 7 1 4 20 5 12 3 13 4 12
3 3 4 5 17 7 17 12 10 11 6
27 3 3 5 17 7 4 3 17 1 6
6 1 4 15 8 4 14 2 5 17 1
4 0 2 2 2 3 2 8 9 13 0
9 14 2 5 4 13 11 6 9 3 22
1 5 0 1 0 7 3 0 4 1 4
10 6 19 5 8 13 15 4 19 6 11
11 14 3 17 15 6 0 9 7 15 9
1 3 3 1 5 12 7 15 1 4 0
9 3 6 4 0 3 10 12 8 5 8
3 2 21 6 4 11 16 16 8 6 17
8 11 3 11 5 6 12 22 6 11 14
1 2 7 2 11 7 8 4 19 11 23
0 0 4 0 6 4 4 3 0 3 3
20 3 1 9 1 8 4 0 20 12 7
10 2 8 3 4 14 4 8 9 3 2
4 2 2 8 3 2 4 2 5 0 4
2 12 13 17 16 3 8 6 13 9 6
5 2 1 9 4 6 3 7 8 3 10
2 0 18 6 9 14 4 1 6 3 0
13 14 4 13 5 7 4 8 14 4 10
0 2 3 1 1 5 8 2 0 3 11
8 18 1 3 2 5 10 4 5 4 13
7 7 4 5 15 11 8 19 4 16 20
1 2 1 13 12 4 13 6 3 31 1
8 1 9 3 3 1 3 5 3 1 1
5 2 4 17 9 13 0 20 0 4 21
4 1 1 1 4 2 3 3 1 4 6
0 1 9 1 12 13 8 10 14 1 2
10 8 6 3 8 1 2 4 9 5 12
2 2 6 9 1 9 5 2 8 3 2
5 1 9 1 0 14 10 1 19 5 8
3 0 2 5 10 4 2 5 2 5 5
2 11 2 8 6 4 2 6 5 8 8
1 3 6 2 1 1 1 6 2 5 3
7 9 2 4 7 7 2 2 11 4 0
3 4 3 5 1 3 1 4 3 3 1
5 14 5 20 3 11 7 1 7 13 8
7 0 2 1 11 3 15 13 13 13 7
7 11 17 12 18 11 5 10 0 13 2
25 8 10 4 16 5 2 9 12 5 2
6 1 7 10 13 4 7 4 4 5 0
5 3 15 7 5 17 7 6 16 0 22
4 8 9 6 19 16 8 0 7 5 1
4 2 6 5 1 12 4 4 4 1 3
3 4 0 3 3 2 2 6 6 9 4
3 4 5 9 3 4 1 3 2 1 5
0 7 0 2 7 0 2 2 3 2 1
6 5 0 3 2 6 3 1 1 4 1
2 4 0 4 6 0 11 3 8 2 10
7 12 10 7 8 5 5 12 1 8 12
2 1 7 4 3 0 1 2 1 2 5
5 7 2 0 1 7 0 1 1 1 5
2 2 8 1 3 7 4 13 2 21 11
17 3 3 3 1 10 8 9 14 7 0
1 4 8 5 11 3 4 26 22 3 4
16 12 2 0 1 8 1 17 8 10 3
5 1 2 2 0 1 2 9 10 2 2
5 9 5 15 2 1 7 2 24 15 8
8 2 7 2 5 7 3 2 3 3 3
3 7 2 0 3 8 2 3 0 5 8
1 8 7 5 0 7 10 1 7 1 5
11 17 6 0 10 16 18 13 1 4 14
2 3 1 2 1 3 2 1 2 6 6
8 3 3 13 21 14 2 4 10 15 2
9 2 24 1 20 1 12 3 11 1 9
2 6 4 7 3 5 9 0 4 7 9
3 2 2 6 1 4 3 2 5 9 8
20 6 0 8 3 3 4 6 14 3 3
9 1 8 6 0 4 2 3 1 8 1
0 4 15 4 2 2 7 10 9 1 0
7 9 2 21 1 2 13 4 13 7 17
6 2 6 3 1 1 2 3 12 12 5
2 6 2 1 1 3 2 7 2 6 4
14 8 1 10 3 5 3 2 8 6 2
10 3 2 2 8 6 9 5 2 3 8
4 3 1 9 2 17 12 2 4 1 5
7 6 2 7 2 3 1 5 2 1 2
2 5 6 6 4 5 3 0 4 3 4
6 10 15 1 0 6 9 7 5 11 13
6 0 7 22 10 15 4 15 9 3 6
3 2 19 6 7 10 5 6 5 10 22
0 2 8 7 3 17 4 1 10 3 4
0 1 11 9 1 19 2 3 5 3 5
15 1 9 9 9 17 8 14 17 7 1
3 12 2 3 11 10 4 14 4 18 9
0 4 2 2 1 6 0 7 6 5 2
1 6 0 5 3 11 3 0 3 11 3
17 13 14 0 15 8 4 5 6 8 16
12 15 4 3 7 1 3 10 4 10 17
2 3 7 1 2 3 9 5 8 1 5
14 4 12 3 11 27 1 1 2 5 4
1 3 2 2 3 3 2 2 1 5 7
2 15 10 12 1 0 12 6 6 10 2
1 0 12 4 9 12 10 1 7 2 8
2 1 2 6 1 5 3 1 1 5 0
8 1 2 1 1 11 2 1 5 8 4
13 22 14 4 1 6 12 23 3 2 3
14 4 9 1 2 1 4 2 2 6 3
6 4 3 4 0 6 1 6 0 4 13
17 4 4 4 13 10 0 1 6 9 3
1 7 2 2 1 4 5 7 0 5 0
4 9 5 6 6 1 10 11 1 2 7
10 1 0 1 3 2 1 1 1 5 4
2 7 4 20 1 15 10 5 10 6 20
16 1 1 8 11 9 13 12 5 21 10
3 7 6 12 7 2 17 5 2 5 4
25 9 13 7 12 4 4 8 1 5 2
1 5 7 3 3 9 0 5 4 3 4
7 2 3 2 15 2 1 7 0 7 6
2 5 18 3 0 11 8 12 1 10 3
1 3 6 1 1 4 1 1 3 3 3
2 8 1 9 5 1 11 1 1 1 7
8 8 12 20 18 7 6 5 12 1 6
12 2 5 4 5 11 3 3 11 9 10
1 4 3 3 1 5 2 5 2 4 0
4 2 7 2 4 1 1 3 2 4 3
6 11 15 19 8 6 23 3 2 6 4
4 5 3 2 7 5 4 2 3 2 2
0 1 1 9 1 2 1 3 9 2 0
2 9 5 5 2 2 7 5 2 1 4
5 13 2 9 3 18 6 5 6 4 2
5 5 1 1 4 10 6 14 1 8 10
1 4 18 1 4 1 16 5 13 2 2
14 3 11 11 8 19 1 3 14 11 6
2 6 1 4 0 3 6 6 9 0 6
6 15 11 11 3 18 5 15 3 5 6
7 4 9 12 12 1 5 10 8 8 2
7 16 1 15 12 12 1 20 9 2 6
13 0 2 8 4 4 3 4 3 10 13
1 5 7 1 1 4 11 12 2 3 13
10 7 5 2 3 2 11 1 8 6 12
0 1 2 3 13 2 4 5 1 6 15
5 16 12 13 17 7 18 0 10 7 3
4 0 3 0 1 9 2 2 3 0 1
8 9 9 10 5 3 9 16 8 12 2
1 5 2 5 2 6 6 2 1 1 11
1 0 5 0 0 6 1 0 1 4 6
2 0 5 8 3 4 2 6 13 10 1
5 10 3 11 1 0 9 10 4 3 2
3 12 2 1 7 11 3 15 11 3 1
3 2 9 19 0 5 9 8 2 5 12
2 10 2 7 3 8 2 3 3 4 3
2 0 6 5 7 7 1 9 1 0 2
7 5 2 4 2 3 1 2 4 2 7
2 2 8 7 4 3 2 1 1 6 0
4 4 0 10 6 4 23 10 8 0 1
5 13 1 5 6 3 8 4 19 10 5
6 15 8 0 12 6 4 3 14 6 8
6 4 3 7 12 4 7 2 7 3 2
0 6 2 6 8 9 1 6 8 5 10
0 9 3 5 1 3 8 2 9 11 3
7 13 13 14 1 5 6 9 18 6 8
2 2 1 7 9 3 4 6 0 5 4
7 20 3 8 3 3 1 26 6 6 4
1 4 2 3 1 0 0 5 3 11 12
0 2 0 0 7 6 4 7 3 2 5
15 1 8 16 13 17 3 2 8 1 17
6 12 15 6 4 1 3 6 3 2 15
19 3 5 6 3 6 17 16 3 1 13
2 4 2 2 3 3 1 6 1 4 1
2 13 3 1 8 3 2 15 7 14 19
8 1 1 5 17 3 0 9 15 4 2
8 8 10 1 4 1 7 1 5 3 2
7 6 4 3 15 11 4 9 6 12 1
7 3 10 3 3 6 0 3 5 4 2
6 11 7 1 1 1 15 19 17 5 1
4 6 5 8 20 3 11 4 5 11 6
4 1 5 7 0 9 3 1 3 6 2
5 14 10 9 18 6 7 2 7 3 2
1 4 3 8 3 10 8 4 2 10 8
14 22 5 2 8 12 12 15 1 1 17
21 3 2 3 2 11 3 3 7 2 2
5 9 6 4 11 5 7 3 4 13 0
3 3 7 5 2 4 0 0 4 1 1
17 12 10 1 11 7 1 1 11 7 4
7 1 6 2 0 8 1 1 6 1 6
3 3 5 2 5 5 1 6 1 4 1
3 2 2 2 12 8 0 5 8 0 3
4 2 10 1 23 1 2 9 5 10 15
17 4 7 7 11 11 4 7 2 6 3
5 12 10 21 2 11 4 8 10 9 8
7 5 0 5 4 2 3 4 4 0 9
4 14 1 0 5 5 15 0 2 9 10
5 6 0 11 9 17 13 1 4 14 2
4 19 0 7 7 18 2 7 6 3 1
3 5 7 4 10 1 5 0 1 7 8
2 6 2 1 3 3 5 2 7 3 0
9 9 2 13 5 5 27 1 6 4 7
12 9 2 5 1 4 4 1 11 5 5
9 3 4 12 4 3 8 5 16 5 1
2 3 8 3 1 2 1 3 5 6 13
12 6 10 8 6 15 7 23 8 4 12
3 3 2 2 11 0 2 0 1 4 2
5 2 2 0 12 0 1 7 2 11 4
1 3 1 8 12 1 5 13 14 5 6
3 3 15 2 6 2 13 5 2 7 8
8 3 4 3 0 3 21 11 11 13 3
4 7 6 9 11 1 2 20 1 11 3
6 2 9 5 12 5 0 6 3 18 1
6 1 7 8 1 3 11 8 5 1 6
9 1 1 3 23 14 2 6 13 2 14
5 9 7 9 2 14 2 6 3 5 11
0 5 3 6 9 3 4 1 2 1 1
1 0 0 6 1 11 7 2 5 9 1
5 4 5 12 9 26 4 11 12 1 8
0 0 14 1 2 2 3 8 4 2 2
9 5 15 10 13 15 11 1 2 0 2
7 11 15 5 16 2 15 2 8 19 1
1 8 6 16 1 5 4 15 20 8 2
3 7 3 10 1 10 3 5 0 0 2
8 6 2 12 17 0 9 13 10 1 17
4 2 3 1 8 7 5 0 5 5 2
9 17 7 1 5 5 4 9 2 14 7
4 2 3 5 6 7 2 5 0 3 2
3 10 12 3 6 4 3 5 3 8 8
2 5 7 29 10 14 10 6 9 9 0
6 1 3 1 0 6 7 2 3 4 3
0 18 2 7 4 4 3 8 6 12 5
14 13 4 10 6 3 13 1 2 3 12
11 8 5 5 4 3 0 4 5 5 0
18 1 12 7 9 10 14 20 12 2 7
10 12 5 9 6 11 11 3 3 10 3
21 10 12 16 13 15 3 11 5 1 1
2 3 0 1 10 4 4 1 13 1 2
1 6 7 3 1 4 4 10 3 2 2
14 5 2 6 5 15 6 8 1 6 17
0 2 7 10 7 6 5 13 6 7 14
3 3 5 2 6 1 4 6 6 4 12
5 8 2 4 3 3 14 20 1 8 1
4 5 0 3 1 1 1 8 2 3 1
1 3 4 2 1 6 3 4 2 4 5
1 9 0 5 22 22 4 6 4 13 11
8 10 0 5 2 2 18 3 4 9 1
10 23 7 5 5 5 5 2 16 5 15
13 4 7 1 6 2 11 3 5 2 16
3 11 2 8 14 12 2 5 3 13 11
1 11 3 4 2 3 10 2 13 7 3
4 6 0 5 0 4 0 3 5 1 4
11 2 7 1 2 2 3 7 14 6 5
4 2 0 2 3 5 3 4 2 0 4
8 1 3 9 14 12 22 11 11 14 0
9 6 5 4 3 10 2 1 9 2 4
1 18 8 1 5 12 3 0 3 8 17
2 7 5 5 2 3 6 7 1 6 2
3 10 6 5 8 18 1 4 9 13 5
0 4 8 18 8 6 8 2 8 5 3
7 1 0 4 3 2 9 4 0 9 5
2 8 4 6 2 8 6 1 25 9 14
1 9 13 0 5 5 15 12 17 5 13
25 3 9 5 4 17 6 3 8 11 13
6 2 0 7 3 9 3 5 3 2 1
0 3 2 1 6 13 9 3 8 9 1
6 13 0 9 4 3 17 13 14 6 2
11 16 14 6 6 11 8 11 9 2 8
11 5 4 16 8 5 16 17 22 3 5
2 1 7 1 1 9 3 6 7 1 2
8 2 1 3 6 5 5 7 7 3 5
4 4 4 25 8 1 12 2 9 5 14
1 4 1 12 7 4 6 6 9 1 1
0 2 11 5 5 8 8 10 5 0 5
7 14 17 4 11 5 2 2 1 4 10
0 3 19 14 0 0 7 19 11 2 11
3 5 4 13 8 8 10 4 3 2 14
6 4 2 16 14 4 8 7 26 7 2
2 7 9 3 0 9 16 8 11 3 4
15 9 7 2 2 3 13 1 4 18 21
4 9 6 5 10 0 6 3 6 13 11
2 2 3 3 7 1 3 8 8 2 2
1 0 1 7 15 22 16 4 1 17 6
6 2 4 3 2 2 3 4 5 1 2
8 2 16 0 12 2 2 7 11 3 8
9 1 5 3 7 3 6 4 6 0 5
6 9 1 12 2 8 9 4 12 12 0
10 4 10 1 7 8 11 7 8 10 14
6 7 5 8 3 4 1 1 10 1 6
1 0 1 5 2 5 1 6 1 9 2
4 6 3 1 0 2 5 2 2 0 3
3 5 16 13 10 3 8 4 6 26 8
8 4 12 16 9 13 16 12 19 1 0
8 13 7 1 9 10 4 16 7 11 10
18 4 5 2 2 14 4 7 9 15 4
3 10 9 2 3 10 7 23 6 14 5
13 4 13 23 18 10 7 4 8 13 1
12 6 12 2 15 1 2 2 0 4 1
10 2 13 10 2 8 10 8 1 6 10
5 4 6 16 4 5 1 14 6 2 12
7 6 2 10 5 2 1 12 23 8 8
12 5 9 3 27 7 2 9 8 10 14
3 3 2 2 3 12 4 2 0 5 7
6 1 5 10 5 3 2 9 13 1 12
14 3 7 17 9 20 3 1 9 4 10
2 3 3 12 8 9 9 6 3 4 3
2 1 9 7 2 2 6 2 2 2 1
3 8 4 7 2 7 3 16 16 14 6
7 2 2 0 3 7 7 10 12 7 6
6 1 10 6 14 15 20 8 11 18 2
11 8 5 1 8 21 5 5 4 3 6
19 3 8 9 2 5 11 3 7 4 4
5 0 2 3 2 2 4 6 5 0 1
18 2 2 5 7 4 2 5 0 1 5
6 1 5 5 12 4 1 1 8 1 4
7 8 5 5 5 6 0 0 1 1 4
10 9 11 4 2 6 20 6 18 15 11
10 8 6 2 3 8 4 7 1 7 12
10 17 1 11 16 3 4 8 1 14 3
23 5 10 3 5 5 20 6 1 11 9
0 3 0 1 1 0 6 3 5 5 14
7 3 6 3 5 10 1 3 3 9 6
10 12 3 2 11 2 5 5 0 13 25
1 6 0 2 3 7 3 3 4 5 2
0 2 9 6 5 1 2 4 2 7 4
3 1 1 3 10 3 5 4 1 2 6
17 10 4 6 1 14 2 9 13 4 16
9 15 0 5 2 12 6 1 4 10 11
11 12 11 4 6 17 4 3 6 4 2
9 13 2 2 14 27 7 14 8 7 5
5 6 11 19 10 2 8 15 5 21 4
4 17 5 15 10 0 10 2 4 11 11
11 13 6 4 9 7 3 9 0 9 3
0 0 3 4 1 2 6 0 3 1 10
1 11 7 4 1 14 16 7 1 17 6
2 1 1 3 5 11 2 1 4 4 3
17 2 1 10 15 2 10 16 15 9 3
12 5 15 4 0 5 6 3 18 9 13
7 2 3 6 4 0 3 5 5 2 1
2 7 12 4 0 10 7 2 15 20 10
2 16 3 4 2 2 4 3 8 20 2
19 6 4 16 2 5 11 4 20 5 3
3 5 2 2 13 11 10 5 13 3 4
5 7 7 0 4 1 4 1 2 1 8
2 8 4 2 4 6 4 11 3 8 6
3 4 11 20 7 7 4 13 5 12 10
1 0 7 3 0 1 9 7 1 7 3
6 13 19 19 5 6 4 3 3 9 5
5 0 9 16 7 4 10 2 9 7 2
1 0 2 3 2 2 4 5 5 4 3
11 3 4 18 9 0 6 10 1 4 21
11 12 11 6 2 3 18 6 19 7 9
3 6 8 9 7 11 10 3 9 4 1
4 8 4 5 2 5 2 1 3 1 14
5 4 9 6 0 3 3 3 7 1 9
0 7 1 1 4 3 3 3 7 4 7
7 1 5 1 6 2 11 13 0 16 21
2 3 3 7 1 4 4 2 1 4 9
4 6 2 12 1 1 6 3 6 1 0
0 10 6 2 4 7 9 2 7 3 2
1 9 3 6 0 5 4 5 4 0 2
7 7 1 7 1 14 16 8 18 12 6
5 3 2 3 10 11 1 0 6 4 0
4 7 3 0 1 3 0 4 4 2 0
11 1 1 4 13 3 7 3 5 6 8
7 1 1 1 1 1 1 2 5 4 2
3 9 8 8 4 1 7 2 7 4 2
0 5 9 4 1 4 6 1 9 8 6
1 5 4 4 11 4 2 5 1 4 4
2 7 1 7 0 1 0 0 2 2 2
3 2 2 11 6 14 15 13 7 3 5
12 13 1 14 14 13 9 0 11 8 16
14 7 6 0 20 1 4 1 13 5 17
1 2 13 32 4 8 2 7 0 0 7
6 4 3 4 11 1 1 5 12 5 3
8 2 2 1 0 1 6 3 3 2 2
2 8 6 13 13 1 1 12 18 5 3
3 5 5 3 5 3 2 3 3 4 6
1 20 3 1 6 1 6 13 2 8 2
2 5 16 3 11 3 3 5 14 7 1
13 0 6 11 1 10 10 3 7 1 2
14 12 9 15 0 12 5 13 10 11 8
2 6 2 2 1 0 5 3 2 2 6
2 8 8 17 1 19 4 1 1 1 9
3 10 4 3 5 1 0 3 2 3 0
6 12 7 9 21 1 6 5 5 4 12
6 12 21 16 3 8 11 8 9 2 6
6 2 2 0 0 9 10 2 0 1 3
2 1 10 1 2 5 10 8 13 1 11
4 2 1 3 4 3 6 8 0 0 6
9 2 10 2 2 1 3 10 4 8 6
1 4 5 8 22 2 7 2 12 23 3
3 5 0 2 0 2 6 6 5 5 2
8 7 10 12 8 12 0 5 25 3 6
8 6 4 8 8 6 6 8 10 9 3
6 9 0 34 12 10 1 7 1 5 3
0 2 0 6 6 1 14 2 1 11 8
7 1 5 10 8 2 3 12 2 15 1
14 5 8 3 9 4 8 7 4 3 5
2 13 4 11 29 13 0 2 8 12 0
7 3 2 6 2 5 5 6 1 3 2
1 8 4 7 8 0 3 3 5 0 6
12 2 17 8 12 5 9 12 11 5 3
0 4 0 0 11 13 8 5 7 4 9
6 4 9 4 6 8 1 15 22 10 11
2 17 15 8 8 6 10 10 5 5 2
5 0 5 1 1 1 1 2 4 2 5
21 9 22 18 5 7 3 2 4 3 4
6 2 2 4 5 4 2 1 2 4 4
1 3 2 3 5 0 2 3 3 4 5
13 9 7 4 11 6 2 6 5 12 5
16 11 8 2 20 15 12 6 1 0 7
3 10 9 2 4 6 3 7 7 0 15
2 4 6 12 9 3 5 6 6 15 5
4 1 5 2 2 2 10 0 0 5 3
1 2 3 4 2 1 7 6 6 2 2
6 11 8 5 15 5 5 1 4 0 3
2 2 3 5 9 6 1 25 12 21 5
1 0 6 1 3 4 5 2 8 7 2
4 6 3 5 1 3 11 3 2 3 3
13 1 11 1 12 3 15 11 5 0 7
1 5 2 7 2 1 1 1 3 3 3
10 6 0 2 3 4 2 6 1 4 1
7 4 1 4 4 4 2 2 6 5 2
4 2 8 3 11 10 3 6 3 12 3
5 4 4 2 1 3 6 4 1 6 1
4 0 1 0 10 5 2 1 2 3 5
11 5 20 6 12 4 3 6 21 2 1
4 2 4 10 7 0 9 5 14 1 3
2 1 8 6 5 1 1 1 1 2 6
12 4 6 1 4 5 3 16 10 0 8
5 2 9 3 0 4 1 4 4 5 7
5 3 8 14 1 4 6 16 3 5 5
2 5 9 1 3 19 6 4 11 4 7
4 1 5 4 4 2 4 5 6 3 0
8 9 3 1 7 1 1 3 4 1 8
15 10 5 0 9 8 10 12 21 0 19
1 0 1 5 2 5 5 9 2 6 0
0 5 14 6 13 13 14 6 10 1 1
17 8 4 4 3 13 14 15 9 8 2
4 3 20 0 11 5 15 1 5 2 16
4 7 10 11 20 1 1 2 13 0 16
6 19 1 8 4 11 2 5 1 4 11
15 5 13 6 1 12 4 15 1 6 21
3 16 0 1 25 3 14 19 3 6 4
11 1 7 5 2 2 1 6 1 8 2
8 5 9 1 16 11 7 6 12 18 4
5 1 6 6 9 2 17 3 7 13 4
1 0 1 2 2 2 1 5 8 6 9
4 2 7 1 6 7 9 3 4 4 1
11 2 3 4 1 7 4 0 3 1 7
1 1 1 5 0 5 2 5 2 4 4
3 3 2 2 2 12 5 3 1 2 4
1 1 6 15 20 1 7 8 14 2 7
23 5 9 7 5 1 3 1 8 15 2
8 11 21 4 0 6 6 1 3 7 2
5 5 8 9 12 14 6 6 18 2 12
4 1 8 9 9 4 10 1 2 4 3
2 10 1 3 11 1 3 4 6 3 7
8 12 13 7 3 7 5 6 6 10 5
3 12 16 8 3 2 1 5 5 12 7
1 3 7 1 8 1 3 4 3 7 3
1 3 23 4 1 9 3 14 6 1 15
15 4 1 7 2 1 4 7 6 4 3
1 4 3 1 2 1 1 3 6 5 5
11 8 10 5 5 18 15 16 0 8 2
12 7 2 4 0 0 7 9 2 0 4
1 0 5 1 7 3 1 5 7 3 2
4 13 17 2 16 20 8 2 5 15 5
4 4 1 2 9 1 14 0 10 0 2
4 5 4 0 8 1 5 4 3 2 1
5 2 1 4 7 9 17 2 20 3 3
8 12 4 10 10 6 5 10 7 3 0
3 0 9 1 2 6 1 1 10 3 2
10 9 11 10 4 10 2 8 3 3 4
2 9 5 8 3 7 1 16 9 5 19
2 1 4 6 0 4 6 0 5 3 3
8 6 3 7 4 10 0 2 11 7 3
5 8 7 16 3 4 10 14 1 8 1
13 3 3 3 7 17 5 15 6 11 11
6 1 5 10 10 1 23 7 11 11 8
4 2 1 1 2 5 3 7 1 1 2
4 4 5 2 3 2 6 3 2 3 0
13 1 4 11 15 4 1 5 3 1 2
2 11 5 9 12 18 7 6 10 1 3
7 4 2 11 12 1 6 10 10 5 9
0 0 6 1 1 1 5 6 22 7 3
0 5 11 3 4 12 11 14 23 5 12
5 7 2 4 1 9 13 0 1 5 11
7 2 6 13 8 4 14 4 20 0 0
0 4 7 2 6 4 6 5 2 1 2
13 15 0 5 7 1 10 7 14 6 18
8 3 12 7 8 1 1 5 6 8 2
12 3 4 3 0 6 7 7 2 11 13
1 3 20 5 1 9 2 21 10 12 1
1 4 6 3 1 1 2 5 1 15 5
8 0 12 13 5 14 8 6 11 3 6
2 3 8 5 2 8 0 2 2 2 5
0 2 5 5 4 6 3 7 1 3 6
13 6 1 5 4 4 2 1 10 4 13
3 5 9 10 3 4 11 10 16 1 7
3 7 1 1 8 2 2 4 2 2 7
1 14 14 13 4 1 13 9 4 20 0
5 4 1 1 0 1 5 5 0 1 2
5 1 0 3 4 2 2 0 3 7 2
2 1 5 3 7 6 4 1 0 1 0
10 1 1 1 1 5 2 1 6 2 3
3 5 1 1 13 4 7 4 7 2 10
5 6 2 3 1 4 1 4 0 1 3
17 16 9 1 22 11 1 9 4 4 1
17 0 7 6 9 7 9 12 2 8 3
7 1 4 12 11 4 5 1 0 3 3
4 0 4 1 3 8 7 0 3 9 0
1 6 1 2 12 4 6 8 24 0 20
1 4 6 4 4 5 2 1 1 2 2
13 9 5 3 2 1 0 5 7 2 5
2 2 7 10 10 2 8 2 1 5 3
4 7 0 1 2 5 5 2 4 5 3
2 0 1 12 7 0 14 15 7 23 8
1 10 1 9 6 13 6 3 5 11 0
13 0 2 2 6 1 0 3 3 3 1
5 6 20 8 3 1 7 11 6 4 11
1 4 1 2 4 2 2 5 3 1 6
1 13 9 1 17 17 15 19 0 6 9
9 15 5 3 10 6 12 2 12 14 7
6 2 4 6 1 7 6 8 1 8 6
8 1 1 1 3 3 3 0 0 2 7
0 10 7 1 8 5 5 5 3 5 4
3 9 8 17 2 6 12 4 5 18 8
3 4 4 3 2 1 5 1 3 0 9
6 6 6 3 4 2 1 1 1 2 8
3 8 11 4 10 2 9 3 1 9 2
5 7 3 2 3 3 6 12 11 8 2
5 2 2 0 7 2 10 2 1 3 11
0 3 2 12 1 2 3 2 3 1 0
5 5 4 3 11 0 13 6 3 9 6
6 10 13 1 16 3 11 13 5 3 8
6 16 5 13 1 5 2 4 16 15 3
5 7 3 2 0 4 1 1 4 3 1
3 1 8 4 1 6 3 1 1 1 1
8 9 1 5 10 6 3 0 2 2 12
10 13 1 2 10 16 16 3 10 1 14
21 4 8 8 14 13 8 6 5 8 0
10 1 4 5 12 1 3 3 2 8 8
8 9 2 9 13 14 4 5 6 6 10
4 1 7 4 3 12 5 3 8 5 5
18 1 8 8 6 6 1 4 3 9 19
6 3 8 6 5 0 3 1 1 1 1
5 5 1 0 5 5 9 1 0 5 7
2 1 2 12 5 15 10 18 14 18 4
0 2 4 3 9 7 5 1 9 7 8
3 1 2 11 6 12 12 3 5 1 17
4 0 1 3 8 5 2 3 2 3 2
7 3 5 10 6 10 1 4 6 3 2
5 1 12 7 2 4 3 11 2 3 2
2 3 6 4 6 15 0 2 15 2 7
1 5 11 17 3 9 22 7 1 4 7
0 7 4 5 9 4 2 9 6 0 4
5 2 0 10 11 7 6 7 15 7 6
3 2 6 0 7 1 8 1 8 1 6
5 15 1 4 4 3 1 7 5 10 2
2 0 0 9 0 3 2 4 0 3 1
2 4 1 5 4 5 1 2 3 6 3
3 0 9 4 3 3 4 5 0 1 7
1 5 4 2 5 0 3 7 7 1 5
5 7 1 2 6 2 2 7 8 1 4
4 7 3 1 3 1 1 2 1 2 5
1 5 11 2 13 14 1 2 0 5 12
7 0 8 1 1 6 10 12 3 8 11
1 0 7 3 8 6 2 2 0 5 5
5 17 4 6 11 8 18 8 5 10 5
6 13 3 1 8 5 0 12 5 10 8
13 13 9 16 3 1 2 1 2 11 9
7 4 1 1 4 11 11 3 10 3 3
9 13 12 13 4 0 0 7 13 4 5
0 1 8 12 4 4 0 1 2 2 8
2 2 3 1 1 5 2 0 7 12 3
4 8 1 13 8 4 22 1 9 0 14
1 5 3 5 3 7 5 1 3 0 9
15 0 4 11 9 0 7 9 12 3 2
12 8 4 15 9 13 3 11 9 3 9
6 0 1 0 5 15 2 2 7 7 2
7 22 10 2 6 7 13 15 2 0 6
26 5 9 22 4 1 12 2 4 5 2
4 1 4 2 3 3 2 1 3 4 8
13 14 9 10 9 2 2 19 4 8 1
1 11 8 5 14 9 3 2 5 13 1
5 2 2 3 2 6 3 5 7 3 2
7 16 1 8 1 4 5 0 3 3 3
1 3 1 2 7 2 6 1 6 1 7
17 2 1 2 19 16 5 5 11 0 0
5 3 1 2 1 4 5 5 6 1 2
2 2 1 1 1 2 5 6 8 1 3
4 1 4 5 4 1 4 2 6 6 2
14 4 4 0 1 6 13 2 3 4 14
2 2 3 9 2 1 1 8 5 1 2
2 2 2 0 3 0 12 1 2 3 6
2 1 6 4 2 9 7 14 1 9 19
5 2 1 8 11 2 10 4 2 5 7
1 3 2 4 2 2 4 1 4 5 3
3 2 2 3 2 3 5 3 5 1 6
11 11 17 0 5 14 8 9 16 4 4
4 7 2 0 5 1 4 8 3 0 4
1 2 2 10 1 7 5 8 6 1 6
10 9 5 11 10 2 10 1 2 5 1
0 11 7 3 2 9 9 3 5 1 0
0 1 2 8 5 5 6 2 7 2 9
13 4 4 3 14 11 3 1 3 9 11
0 3 2 6 3 2 5 2 5 2 1
13 4 12 19 19 3 0 8 6 1 6
1 6 3 3 9 2 3 3 4 0 0
7 18 7 12 22 16 5 10 12 2 6
25 8 11 2 2 5 10 3 5 4 4
2 7 7 9 2 1 5 2 0 3 1
23 16 7 17 10 9 6 11 1 6 0
5 8 2 3 14 20 20 7 6 12 10
1 7 1 14 4 1 10 0 1 2 12
1 2 11 5 2 4 1 21 3 10 1
2 3 5 5 2 3 5 1 5 7 1
10 5 3 1 9 1 8 0 0 5 5
2 2 6 2 5 4 5 0 2 6 0
4 0 0 0 4 5 2 1 0 5 4
10 8 4 5 6 8 0 7 0 0 2
11 4 7 3 9 7 2 2 19 11 16
12 16 9 5 21 9 4 9 10 5 9
7 4 2 0 11 5 7 5 4 1 1
2 1 2 6 2 1 7 1 5 2 1
6 3 18 5 3 11 3 4 7 1 0
3 5 5 2 2 3 1 6 1 2 1
2 6 17 1 9 7 3 1 7 8 7
2 5 3 6 3 8 1 10 12 4 2
5 4 1 7 8 3 3 8 12 3 6
1 7 19 6 12 1 5 8 6 4 6
3 4 1 16 8 6 29 1 5 13 14
0 2 5 7 4 7 16 13 27 5 6
1 1 3 4 4 5 4 3 2 7 0
5 4 8 19 12 10 6 6 6 2 7
1 5 9 8 3 3 9 6 6 5 11
2 9 7 10 1 3 6 13 10 10 1
3 0 2 1 1 6 0 5 4 3 8
8 8 7 5 3 2 2 8 9 1 7
14 11 8 1 1 4 2 7 10 0 7
12 1 2 3 3 16 18 5 2 16 9
3 3 5 1 0 3 4 2 3 7 2
1 2 1 7 6 20 14 1 4 5 19
4 8 14 3 7 13 7 14 11 4 12
7 5 0 9 0 9 7 2 6 13 5
15 15 14 8 6 12 1 13 1 17 0
9 4 10 5 4 2 2 4 11 1 1
7 2 3 2 4 3 0 3 8 6 2
6 1 2 4 11 5 1 4 5 2 10
10 9 2 2 4 14 14 9 8 8 16
6 4 8 12 14 2 0 2 7 16 6
14 0 8 7 4 2 8 3 1 1 5
2 11 16 6 2 4 5 2 0 6 2
5 14 12 11 17 3 1 7 2 11 5
4 5 2 2 5 3 5 5 2 1 2
5 1 1 1 10 5 1 1 2 1 1
6 6 2 13 1 6 1 0 3 2 2
3 2 6 6 14 31 4 3 5 12 12
1 3 5 3 3 8 1 0 12 0 8
11 2 6 3 1 1 2 5 3 4 1
3 1 6 7 8 9 5 12 11 3 12
0 14 11 8 15 16 2 4 1 6 6
17 7 2 3 4 7 0 9 1 12 8
3 12 4 7 3 7 3 6 10 5 10
18 6 3 7 0 0 1 4 5 0 8
5 1 5 4 1 6 2 1 11 1 7
17 12 15 8 2 9 5 3 1 7 4
12 1 5 8 1 2 0 11 6 5 1
6 2 5 5 35 11 3 6 2 6 8
8 3 12 5 11 13 1 29 2 1 6
11 10 2 4 10 4 3 20 12 0 0
2 9 7 15 3 7 9 19 3 3 8
9 1 4 2 5 2 4 2 2 4 5
5 22 1 3 4 5 19 6 8 2 7
1 3 3 6 3 3 1 1 3 3 5
2 3 1 3 7 2 3 10 4 14 4
1 2 1 4 2 1 2 7 2 6 0
2 3 0 15 8 4 1 5 2 6 8
5 7 5 8 13 12 2 3 2 9 1
10 4 5 6 5 2 6 3 3 0 2
5 3 6 5 5 14 5 13 13 20 9
13 13 11 8 1 17 1 20 2 18 8
8 8 2 13 12 1 5 25 18 2 12
1 2 3 5 5 10 5 10 0 7 10
7 12 13 7 10 7 6 10 3 8 2
17 6 0 23 1 8 2 6 2 2 1
8 23 10 1 21 1 12 12 2 6 3
3 8 6 10 6 9 14 0 6 9 5
0 2 5 4 0 6 16 3 2 2 4
3 21 2 8 6 11 8 6 2 14 11
3 6 12 19 6 13 10 2 2 7 15
5 4 4 3 3 0 1 4 2 1 2
11 3 4 5 2 5 4 11 4 13 22
4 16 6 13 5 2 9 8 2 2 10
3 14 10 13 16 2 6 5 1 12 5
4 4 6 9 2 6 9 10 8 1 7
8 0 0 1 5 1 4 1 2 2 1
8 8 6 6 2 8 4 11 5 1 3
8 0 8 1 2 9 0 0 9 17 7
7 15 5 6 7 0 1 27 5 5 8
0 3 7 3 2 6 9 10 16 3 3
2 9 1 3 20 10 10 3 7 18 3
7 3 7 9 10 9 13 5 5 12 4
20 9 10 15 6 8 13 0 17 4 3
8 2 8 4 7 11 1 1 12 8 5
4 6 1 10 8 5 1 7 9 12 10
7 1 6 2 1 4 6 6 1 1 3
10 10 12 11 6 3 6 12 18 2 7
7 0 6 5 14 8 13 10 13 3 13
12 15 16 8 1 15 14 7 9 1 17
3 5 6 5 1 7 0 5 1 1 9
10 13 4 17 7 17 4 12 10 7 5
13 8 2 8 5 4 4 12 1 17 7
1 5 3 5 3 1 6 3 3 1 13
7 5 3 3 6 0 2 7 6 7 3
4 17 2 6 5 17 1 5 6 9 3
14 4 8 9 16 9 12 10 4 0 7
16 11 9 18 8 6 17 11 4 1 7
3 4 4 8 3 3 6 3 5 6 5
3 4 5 9 5 5 5 4 1 8 4
9 7 7 2 25 2 4 0 9 13 4
14 4 10 2 8 1 5 4 13 9 9
3 1 15 3 20 8 4 3 1 7 17
0 11 9 1 2 1 10 6 10 6 8
4 7 0 5 5 9 5 4 12 3 3
8 17 17 5 10 10 8 9 2 4 7
3 14 15 1 5 7 23 1 17 2 4
2 3 3 7 2 3 5 8 3 7 0
0 12 4 9 20 15 2 2 9 16 8
2 1 9 2 1 0 1 4 4 3 1
2 1 16 5 6 12 4 1 0 0 5
7 0 2 2 1 2 3 4 2 7 1
7 4 7 4 2 2 10 1 16 8 6
5 12 21 14 4 11 6 3 11 7 21
1 0 5 5 10 0 2 3 4 1 5
2 5 2 12 8 2 1 3 5 3 1
1 2 1 4 0 0 5 3 1 7 7
0 6 3 7 2 1 1 2 0 1 5
1 6 0 7 4 8 10 1 2 2 2
5 2 2 12 13 8 2 2 0 3 0
17 1 4 15 1 5 15 7 12 5 4
1 4 0 4 1 7 0 3 6 2 1
0 2 1 3 1 8 1 3 5 7 6
0 3 6 10 9 5 9 16 8 19 7
2 5 1 3 2 2 4 1 7 2 6
7 4 2 3 2 8 4 3 6 7 8
10 5 10 4 10 9 5 9 14 0 5
1 10 2 0 10 0 0 1 0 10 10
3 1 8 1 10 6 9 4 13 2 2
1 15 22 3 11 6 12 7 4 6 2
1 14 5 2 11 6 1 4 12 5 2
7 20 10 4 3 6 1 5 19 15 9
4 7 8 4 10 5 1 6 27 9 6
10 5 5 9 1 4 3 4 11 11 9
16 19 2 16 2 15 9 4 2 3 6
5 3 2 2 4 4 3 5 5 3 1
2 9 5 4 3 12 2 9 4 17 18
1 81
2 5
3 26
3 66
4 50
5 49
5 68
6 37
6 40
6 81
6 85
6 87
6 101
7 18
7 26
7 44
7 46
7 66
8 48
8 50
9 22
9 78
10 51
10 69
10 84
10 103
11 43
11 45
11 72
12 34
12 36
12 44
13 78
13 92
14 59
14 65
15 54
15 104
16 80
17 117
19 101
20 57
20 62
20 96
21 25
21 26
21 69
21 115
23 117
23 119
24 50
24 119
25 49
26 43
26 66
26 84
27 39
28 44
28 92
29 51
29 76
29 107
29 122
30 60
31 78
31 90
31 97
31 101
32 33
32 76
32 90
32 106
32 111
32 122
33 95
34 38
34 49
34 79
34 104
34 127
34 128
35 68
35 122
35 126
36 54
36 115
37 38
37 74
37 85
37 128
38 65
38 113
38 121
39 130
40 49
40 82
40 99
41 91
41 136
42 89
42 135
43 86
45 91
45 105
45 112
47 103
47 113
48 139
49 124
49 144
49 146
51 110
51 124
52 85
53 63
53 97
53 125
54 92
54 141
55 99
55 139
56 63
56 153
58 138
60 104
61 67
61 125
62 116
62 124
63 158
64 68
64 97
65 81
65 102
65 105
66 95
66 134
68 117
68 126
69 78
69 146
69 167
71 159
72 147
72 163
73 104
73 108
73 117
74 89
74 127
74 148
75 126
76 144
76 172
77 113
78 88
78 116
78 163
79 91
79 136
80 91
80 175
82 153
82 166
82 168
83 100
84 93
84 110
84 121
84 176
84 177
85 86
85 110
85 140
86 91
86 133
86 158
87 156
88 153
88 162
89 114
89 129
90 98
90 174
91 99
91 128
91 182
92 126
92 129
92 168
93 107
94 95
94 97
94 155
95 98
95 100
95 103
95 163
95 185
96 128
96 190
97 177
98 139
98 180
99 142
99 168
100 108
100 183
101 132
102 137
102 164
102 177
102 180
103 129
103 202
104 190
104 193
105 108
105 143
105 176
106 168
106 182
107 161
107 191
107 196
108 119
108 157
108 181
110 117
110 122
110 136
111 115
112 120
112 138
113 122
113 151
113 178
113 184
113 204
113 213
114 182
114 208
115 170
115 194
115 199
115 215
116 158
116 178
117 124
117 153
117 190
118 136
118 162
118 186
119 139
119 146
119 151
119 186
119 189
119 212
121 130
122 131
122 144
123 199
123 220
125 132
125 134
126 128
126 200
127 192
127 197
127 209
128 172
129 130
129 142
129 160
129 185
130 173
130 197
131 148
131 213
132 146
132 194
132 207
132 216
133 134
133 145
133 192
134 155
134 169
135 231
136 184
136 190
136 201
137 158
137 192
138 237
139 160
139 210
139 213
140 214
142 164
142 198
142 239
143 233
143 243
144 160
144 195
144 236
145 146
145 166
145 210
146 191
146 200
146 208
147 159
148 198
148 238
149 207
150 228
151 159
151 206
151 217
152 172
152 204
152 226
153 167
153 234
153 244
154 204
154 244
155 160
155 212
155 239
155 249
156 179
156 200
156 251
157 191
158 187
158 205
158 242
158 246
159 169
159 202
160 168
160 179
160 229
160 251
161 176
161 225
161 245
161 252
161 259
162 194
162 230
162 253
162 261
164 233
164 251
164 260
165 183
165 197
165 217
165 257
166 202
166 207
167 255
167 260
168 209
168 255
169 175
169 210
169 213
169 267
169 269
170 239
171 177
171 229
171 231
171 234
173 177
174 211
174 260
176 273
177 242
178 201
178 217
178 243
178 252
180 259
181 238
181 246
182 230
182 242
183 184
183 188
186 212
187 221
188 190
188 195
188 210
189 273
190 192
190 221
190 227
190 243
191 193
191 200
191 213
191 216
191 226
191 238
191 246
192 204
192 256
192 282
193 217
193 223
193 249
193 266
194 230
194 232
195 262
195 284
196 255
196 293
197 211
197 217
197 246
197 263
197 280
197 282
197 287
198 297
199 243
199 275
200 229
200 283
201 210
201 269
201 272
201 279
202 214
202 231
202 251
202 276
202 285
202 297
203 246
203 262
203 287
204 219
204 256
204 258
205 222
205 225
205 232
205 266
206 209
206 264
206 283
208 210
208 252
208 291
209 238
209 268
209 275
210 231
210 263
210 279
210 302
210 303
211 228
211 297
211 302
212 214
212 276
212 297
212 303
213 220
213 229
214 223
214 233
215 261
215 291
215 296
217 267
217 288
217 290
217 316
218 223
218 246
218 250
218 269
218 298
220 319
221 251
221 270
222 242
222 273
222 300
223 250
223 258
224 231
224 232
224 253
224 255
224 278
225 270
225 280
226 281
226 297
226 302
227 234
227 249
227 257
227 305
228 250
228 296
228 318
229 269
229 279
229 305
229 314
229 320
230 291
230 314
232 258
232 288
233 308
234 292
234 302
235 238
235 264
236 238
236 240
236 246
236 271
236 312
237 250
238 283
238 296
238 326
239 266
239 281
239 295
239 302
239 308
240 273
240 281
241 261
241 277
241 286
241 335
242 273
242 324
244 263
244 291
244 312
246 285
246 311
246 316
247 291
247 311
247 334
248 281
248 315
248 331
250 299
250 300
250 311
250 345
250 350
251 253
251 297
251 299
251 306
252 292
252 314
253 257
253 317
254 274
254 299
254 313
254 347
257 261
257 294
257 297
257 316
257 326
257 347
258 302
258 318
259 264
259 277
259 286
259 346
260 262
260 296
260 325
261 294
261 296
261 315
262 279
262 291
262 313
262 314
262 320
263 318
263 329
264 269
264 293
264 303
265 276
265 341
265 356
266 310
266 363
267 269
267 273
267 320
267 345
267 356
268 308
268 347
269 272
269 279
269 298
269 309
269 328
269 340
270 289
270 353
271 312
271 340
271 349
271 354
272 302
272 303
274 312
274 338
274 361
275 302
275 338
275 362
276 341
276 342
277 297
278 290
278 297
278 324
278 344
279 350
280 305
280 351
281 317
281 333
281 340
281 351
281 367
281 369
282 322
282 353
283 287
283 321
283 326
283 333
284 326
284 362
284 379
285 302
285 346
286 345
286 353
287 303
287 365
288 307
288 345
288 380
289 368
289 376
290 301
290 340
290 365
290 373
290 389
291 310
293 347
293 367
294 346
294 371
294 394
295 370
296 319
297 315
298 372
299 302
299 375
300 338
300 355
300 364
300 382
301 387
302 355
303 336
305 316
305 359
305 370
305 401
306 388
307 336
307 359
307 373
307 380
307 382
308 315
308 320
308 356
308 369
308 384
308 407
309 311
309 312
309 318
310 324
310 366
310 367
310 388
311 370
311 378
312 389
313 369
313 376
314 401
315 330
315 374
316 324
316 327
316 397
317 344
317 406
318 352
318 359
318 409
319 352
319 371
320 358
320 368
320 369
320 395
321 331
321 358
321 369
321 376
321 418
322 331
322 367
323 357
323 377
323 401
324 373
324 408
324 414
325 349
325 389
325 396
325 403
326 334
326 405
327 338
327 382
327 396
328 347
328 371
328 387
329 366
331 414
332 360
332 411
333 397
333 432
334 354
334 368
334 383
334 395
334 424
336 338
336 393
337 394
338 357
338 431
338 433
339 411
339 426
339 428
339 433
339 434
340 420
340 426
341 409
342 355
342 397
342 439
344 347
344 355
344 382
344 434
344 442
345 387
345 445
346 411
346 438
347 426
347 438
349 385
350 393
351 416
351 445
352 366
352 402
354 396
355 424
356 359
356 379
356 403
357 429
358 409
358 435
360 396
360 429
361 388
361 414
361 417
363 410
363 429
364 385
364 392
364 395
364 398
365 412
365 426
366 382
366 420
366 458
367 396
367 419
367 456
367 459
367 463
367 466
369 374
369 398
369 417
369 457
370 380
370 384
371 395
371 397
372 390
372 455
372 471
372 472
373 427
373 438
374 378
374 408
374 471
375 437
375 448
376 420
376 437
376 439
376 458
376 459
377 379
377 402
378 406
378 420
378 446
380 382
380 461
380 470
380 472
382 403
382 426
383 406
384 414
384 417
384 433
385 420
385 425
385 438
385 442
385 460
385 469
386 402
386 410
386 412
387 415
387 435
388 437
388 454
388 456
388 471
389 426
389 442
389 450
390 424
390 426
391 417
391 478
392 443
392 463
392 492
393 425
393 487
393 491
394 461
394 468
395 412
395 419
395 436
395 448
396 403
396 437
396 439
396 443
397 424
397 475
398 460
398 475
399 411
399 433
399 435
400 488
401 424
401 427
402 408
402 453
402 460
402 495
403 482
403 483
404 416
405 413
406 492
407 421
408 452
409 432
409 446
409 448
409 460
409 504
411 460
411 497
412 447
413 451
413 489
413 508
414 506
415 453
415 461
416 472
417 431
417 432
417 445
418 424
418 438
418 446
418 458
418 500
418 510
418 518
419 472
419 483
422 434
422 468
423 479
424 426
424 482
425 433
425 449
425 478
426 457
426 494
427 433
427 443
427 496
428 477
429 436
429 471
430 464
430 504
431 453
431 470
431 487
431 505
431 510
432 520
433 476
433 477
434 528
435 443
436 459
437 458
437 459
437 524
439 458
439 487
439 530
441 492
442 465
442 538
443 444
444 499
446 471
446 504
446 534
446 537
448 529
449 478
449 491
449 494
449 509
449 525
450 503
450 504
450 540
452 487
452 508
452 517
453 479
454 482
454 502
454 511
454 513
454 519
455 463
455 475
455 502
456 479
456 483
457 485
457 518
457 530
457 547
458 501
459 463
459 512
460 472
461 535
462 505
463 475
463 479
463 501
464 480
464 485
464 495
464 526
464 544
464 552
465 539
466 509
466 558
466 561
467 521
467 550
468 532
469 491
469 545
470 505
470 546
470 552
471 472
471 551
471 566
472 478
473 486
473 506
473 511
473 569
474 495
474 510
474 515
474 525
474 536
475 476
476 491
477 486
477 498
477 536
478 509
478 569
479 492
479 553
481 559
482 499
483 524
483 525
483 583
485 497
485 514
485 517
485 529
485 563
486 535
486 574
487 501
487 517
487 528
487 559
487 576
490 546
490 576
491 577
492 568
492 588
493 525
493 532
493 579
494 561
495 497
495 533
495 585
496 538
496 566
497 515
497 520
497 576
499 522
499 588
500 564
500 576
501 528
501 546
501 563
502 505
502 537
502 546
502 551
502 566
502 598
503 541
503 558
503 594
504 524
504 557
504 600
505 509
505 560
506 563
507 556
507 584
508 607
510 571
510 605
511 542
511 558
511 604
512 515
513 567
514 523
514 555
514 556
514 571
514 589
514 612
515 526
515 561
515 572
515 602
516 518
516 521
517 571
518 545
518 551
518 552
518 590
519 542
519 602
519 611
519 614
520 542
520 580
520 605
520 614
521 532
521 591
521 601
521 604
521 611
521 618
523 557
523 568
523 575
523 616
524 554
526 557
526 564
526 565
526 592
526 612
527 565
527 609
527 625
528 529
528 538
528 546
529 582
529 584
529 590
529 619
529 622
530 579
530 598
530 611
530 624
532 546
532 576
532 590
532 604
532 607
532 624
533 577
533 617
535 538
535 613
535 624
536 564
536 585
536 594
536 604
537 567
537 622
537 632
538 563
538 594
538 624
539 545
539 589
539 612
539 619
540 639
541 555
542 611
543 591
543 599
543 626
544 563
544 564
544 575
544 622
544 632
545 587
545 610
546 643
547 587
548 572
550 594
550 640
551 594
551 621
551 649
552 555
552 566
553 653
554 582
554 628
555 636
556 563
556 581
556 595
556 610
556 620
557 558
557 574
558 569
558 573
558 585
558 589
558 633
559 620
559 633
559 644
559 650
560 563
560 587
561 566
561 578
561 608
561 610
561 634
561 656
562 584
562 590
563 586
563 610
563 637
564 570
564 618
565 627
565 639
566 630
567 640
568 600
569 614
569 628
569 652
569 656
570 577
570 581
570 641
571 582
571 647
572 604
572 627
572 657
573 583
573 593
574 586
574 632
574 666
575 640
575 644
575 672
576 583
576 602
577 614
577 629
577 648
577 666
578 608
578 626
578 630
579 630
579 638
580 603
580 606
580 632
580 633
581 624
581 636
581 645
582 601
582 615
584 585
584 595
585 595
585 604
585 629
586 641
587 604
587 646
587 660
588 636
588 650
588 652
588 675
589 602
589 675
589 678
590 626
590 665
591 662
592 595
592 609
592 611
593 597
593 601
593 607
593 611
593 633
593 640
593 655
594 628
594 635
595 614
595 650
595 674
595 689
596 623
596 658
596 674
596 689
597 605
597 616
597 658
597 664
597 682
598 603
598 639
598 655
598 664
599 628
599 635
600 658
601 602
601 659
601 677
603 612
604 620
604 632
604 682
604 686
605 688
606 638
606 664
608 629
608 642
608 670
608 687
609 633
609 665
609 688
612 635
612 691
612 703
613 653
613 661
613 680
613 684
614 653
614 654
615 621
615 658
615 663
615 688
615 693
616 632
616 640
617 625
617 657
617 683
618 644
618 674
619 637
619 654
619 688
619 703
619 705
620 686
621 626
621 642
621 683
622 649
622 717
623 639
623 686
623 719
624 627
624 634
624 638
624 668
625 703
626 634
627 628
627 651
627 664
627 671
627 679
627 699
628 707
629 671
630 638
630 724
631 650
631 672
631 700
631 706
632 724
635 676
635 688
635 701
635 706
635 708
635 725
636 721
636 727
636 732
638 644
638 683
638 687
639 715
639 735
640 657
640 734
641 651
641 696
642 669
642 741
643 658
643 737
645 668
645 697
646 648
646 700
646 730
647 661
647 697
648 670
648 682
649 705
650 662
650 709
651 735
652 661
652 710
653 659
653 680
653 685
653 687
653 748
655 677
655 689
655 704
655 739
655 742
656 661
656 711
657 659
657 695
657 732
658 752
659 713
659 759
660 748
661 670
661 697
661 705
661 720
662 734
662 749
663 691
663 705
663 708
664 707
664 718
664 725
664 737
665 666
665 671
665 715
666 681
667 680
668 726
668 735
668 743
669 721
669 731
671 679
671 708
671 725
671 745
671 757
671 771
672 708
672 721
672 742
672 759
675 753
676 684
676 711
676 727
677 691
677 735
677 740
678 688
678 690
678 696
678 712
679 684
679 689
679 715
680 726
680 769
681 721
681 732
682 736
683 731
684 707
684 711
684 764
686 695
686 699
686 711
686 750
687 690
687 716
687 718
687 734
687 745
687 772
688 777
689 698
689 735
689 783
690 700
690 754
691 704
691 706
691 740
691 750
691 780
692 719
693 749
694 770
694 786
695 723
695 765
696 705
696 707
697 748
697 793
698 711
699 701
699 719
699 754
699 755
699 768
700 758
700 767
700 790
700 796
701 724
701 742
701 760
701 772
702 727
702 739
702 785
703 775
704 733
704 777
704 779
705 740
705 746
705 760
705 799
707 727
707 745
707 781
708 752
708 782
708 792
709 751
710 751
710 761
711 765
712 716
713 763
714 753
715 729
715 784
716 754
716 775
718 784
718 785
718 810
718 816
719 746
719 764
719 769
720 763
721 736
721 744
721 769
721 774
721 783
721 795
721 804
722 740
723 764
723 768
724 746
724 758
724 765
725 746
725 772
726 772
726 808
726 814
727 732
727 748
727 766
731 751
732 804
732 817
732 821
733 737
733 763
733 789
734 757
734 763
734 779
735 816
736 745
736 774
739 745
739 758
739 830
739 835
740 750
740 788
740 806
741 742
741 839
742 749
742 756
742 784
742 812
742 822
743 768
743 793
745 798
745 804
747 772
747 776
747 789
747 837
748 764
748 777
748 806
749 764
750 780
750 783
750 810
751 752
751 804
751 835
751 851
752 808
753 788
753 842
754 802
754 813
754 848
755 808
755 819
755 837
756 790
756 843
757 787
757 832
758 780
759 773
760 778
760 824
761 836
761 838
762 785
762 828
763 792
764 825
764 835
764 836
765 772
765 778
765 794
765 865
766 771
766 781
766 830
766 846
766 854
767 792
767 844
768 790
768 868
769 830
769 837
771 804
771 828
771 864
772 822
772 838
773 781
774 790
775 776
775 800
775 858
776 795
776 821
777 843
777 855
777 862
778 794
778 850
778 878
780 797
780 853
780 864
780 872
781 811
781 851
781 860
782 792
782 808
782 833
783 817
783 834
783 845
784 812
784 836
785 870
786 839
787 788
787 876
788 792
788 804
788 809
789 800
789 833
790 800
790 801
790 814
790 863
792 845
792 883
794 814
794 834
794 875
795 800
795 834
795 860
795 866
795 867
795 881
796 819
796 859
796 879
796 890
797 812
797 837
797 847
798 815
798 826
798 830
798 851
799 892
801 808
801 847
801 891
802 872
803 825
803 847
803 856
803 881
804 809
804 891
805 834
805 873
806 843
806 848
806 876
806 897
807 831
807 861
807 880
808 817
808 837
808 858
809 852
810 909
811 814
811 829
811 840
811 847
811 894
811 906
811 909
812 835
812 858
812 873
812 879
812 890
814 823
814 836
815 817
815 821
816 819
816 868
816 881
816 883
816 884
816 886
816 888
816 916
817 831
817 899
817 904
818 904
819 861
819 880
819 881
819 889
820 828
820 888
820 899
820 903
821 824
821 903
822 852
822 861
822 902
823 860
824 919
825 835
825 853
825 894
825 901
826 856
826 860
828 884
828 926
829 835
829 870
830 843
830 848
831 912
832 837
832 870
832 889
832 924
833 866
833 868
834 858
835 836
835 841
835 859
836 877
836 928
837 842
837 850
837 869
837 877
837 889
837 920
837 931
838 856
839 898
840 905
842 866
842 883
842 908
843 866
843 892
844 900
845 870
846 917
847 902
848 895
849 850
850 870
850 906
851 879
851 895
851 915
852 868
852 940
853 884
854 942
855 856
855 874
855 910
855 942
855 946
856 869
856 941
858 901
858 908
858 911
859 873
859 908
859 929
861 865
861 929
862 941
862 942
863 871
863 879
863 894
863 936
864 871
864 947
864 949
864 961
865 868
865 891
865 933
865 935
865 955
866 907
866 910
866 915
867 940
867 945
867 957
867 960
867 961
868 897
868 923
869 880
869 891
869 906
869 933
869 966
870 890
870 899
870 935
870 940
871 883
871 942
871 964
872 873
872 903
872 930
872 950
873 900
873 910
873 968
873 972
874 884
874 886
874 897
874 900
874 911
874 929
874 954
875 897
876 935
876 938
876 939
876 946
876 965
877 902
877 938
877 972
877 975
879 949
880 901
882 900
882 961
882 963
882 976
883 932
883 936
883 939
883 982
884 903
884 943
884 984
885 929
885 939
885 970
886 942
886 977
887 913
887 917
887 929
887 978
888 905
888 936
888 946
888 971
888 973
889 919
890 920
890 929
890 940
890 958
890 960
890 972
891 903
891 926
891 981
892 905
892 957
892 968
892 990
892 992
893 903
893 927
895 909
895 920
895 945
895 953
895 968
895 984
896 985
897 922
897 924
897 966
898 916
898 961
899 910
899 981
899 995
900 935
900 974
900 986
901 951
901 976
902 930
902 938
902 940
902 999
903 904
903 933
903 976
904 922
904 978
906 973
906 982
908 919
908 936
909 973
910 942
910 955
910 964
910 966
910 985
910 999
911 943
911 952
911 967
911 985
911 994
912 927
913 941
914 965
914 995
915 953
915 963
915 975
916 944
916 988
917 951
917 983
918 948
918 954
919 921
919 922
919 965
920 976
921 961
921 993
922 936
922 991
924 979
924 1000
925 935
925 972
925 988
927 942
927 954
927 979
927 982
927 998
928 958
928 985
928 992
928 998
929 940
929 992
929 999
930 937
930 956
930 967
931 951
933 942
933 975
933 983
934 992
935 943
935 961
936 969
937 972
937 976
937 992
938 956
938 998
939 954
941 958
941 978
941 985
941 991
942 948
942 970
943 956
943 984
944 953
944 985
946 947
947 963
947 977
950 996
951 975
952 956
953 955
954 1000
955 964
955 983
955 996
955 997
956 995
956 999
957 991
958 959
959 989
961 971
964 984
964 997
965 978
966 997
968 971
968 989
970 995
971 973
972 989
973 980
980 997
982 990
983 988
984 987
984 991
985 991
986 990
989 998
23 6 2 6 4 22 4 5 5 1 39
3 1 10 2 7 11 8 7 11 2 21
17 9 28 0 12 15 2 3 10 26 7
5 6 1 8 4 4 10 3 14 4 5
2 15 15 12 7 0 3 3 2 8 19
9 10 9 6 29 21 8 30 20 5 21
4 6 3 1 22 3 10 23 2 6 16
10 2 48 3 1 7 1 23 3 1 4
22 22 7 3 9 6 1 17 3 32 8
2 1 15 7 3 10 21 3 3 5 24
1 2 8 4 4 4 1 6 10 0 12
18 12 15 6 15 19 19 6 4 7 14
3 3 3 7 10 1 2 13 11 3 11
24 0 14 15 21 17 34 7 3 10 18
18 7 14 19 20 5 26 10 6 8 14
14 2 1 15 18 10 16 11 0 4 5
30 17 22 6 5 2 2 3 14 4 4
0 11 5 14 5 12 0 8 0 14 2
3 6 5 24 22 13 7 0 1 13 5
4 1 1 4 10 2 2 5 14 3 16
24 39 24 43 36 13 44 43 30 38 53 8 50 9 15 26 34 30 26 56
26 25 21 32 17 18 34 25 25 18 31 12 31 7 4 24 23 29 22 36
39 46 38 39 48 11 32 51 28 51 58 23 38 30 17 35 35 59 55 49
26 34 32 31 30 15 31 44 28 18 43 3 40 7 1 25 31 42 34 44
50 48 34 62 50 30 61 56 51 46 65 28 62 21 21 51 51 54 43 69
27 23 17 32 26 8 36 40 28 26 39 9 34 14 9 30 26 39 24 39
15 25 19 22 26 8 30 28 19 26 35 8 31 12 6 17 19 23 20 36
7 12 10 5 5 1 5 10 2 8 12 1 3 4 1 6 6 2 8 11
37 31 39 38 50 7 38 51 41 35 48 21 40 27 23 40 43 52 45 47
36 26 26 32 27 14 26 44 27 18 39 6 33 4 3 19 37 38 22 37
2 4 8 3 11 1 6 9 7 3 13 1 11 3 1 3 10 13 2 13
16 22 11 18 13 3 19 19 10 17 27 1 25 10 3 19 8 19 17 29
39 26 16 34 32 10 29 20 17 31 35 20 29 23 15 38 21 35 38 38
36 29 8 41 22 16 32 44 9 32 44 11 40 21 18 40 28 31 25 43
22 20 8 25 32 9 33 31 19 26 29 14 27 15 20 30 23 19 18 29
27 18 25 21 29 4 30 36 29 23 30 12 27 16 8 32 22 42 34 31
20 16 9 28 18 1 9 27 15 22 24 1 20 4 1 20 19 37 16 22
22 16 19 17 30 1 22 41 27 25 30 11 18 16 11 22 24 40 22 18
14 9 5 10 14 1 7 14 3 17 13 6 6 13 1 16 5 13 16 14
17 18 16 21 16 10 27 20 18 14 25 10 24 4 3 12 19 18 7 29
17 26 23 33 24 8 32 42 28 23 39 13 35 12 11 31 30 35 26 35
5 7 1 9 16 1 13 12 5 8 18 1 15 1 2 7 9 13 8 13
16 13 15 17 11 5 17 12 11 12 14 6 14 7 1 14 11 12 16 24
5 15 11 11 17 1 13 12 5 16 18 1 15 9 4 9 10 13 13 18
45 40 38 37 32 8 17 50 33 37 52 16 36 11 3 17 40 36 17 47
40 50 36 46 49 23 58 65 46 52 63 31 55 30 24 45 44 50 34 56
52 57 33 62 43 36 65 53 38 53 66 27 63 28 19 51 39 50 43 70
29 14 13 24 24 8 21 26 17 23 27 10 25 11 5 25 20 32 26 29
4 21 10 18 25 7 27 16 14 18 28 4 24 5 10 7 15 17 12 27
22 18 15 20 19 12 14 32 12 13 27 9 24 7 8 21 26 24 14 24
31 25 14 43 27 13 31 27 19 30 34 11 29 12 5 35 19 47 47 34
45 52 24 51 56 24 40 63 37 42 72 11 62 11 16 30 54 49 31 62
27 21 7 24 27 5 21 30 14 27 28 8 22 8 7 19 21 24 11 23
14 3 9 13 11 1 7 24 10 9 14 2 7 4 1 14 14 25 9 9
9 9 9 6 6 1 5 13 7 5 13 1 8 6 1 8 8 12 5 12
27 30 27 23 25 11 25 39 20 26 40 3 30 16 7 20 18 32 30 36
2 3 3 5 6 1 1 12 3 5 7 1 6 4 1 7 8 11 6 9
1 7 2 1 1 1 6 9 1 7 5 1 3 8 1 10 1 5 7 6
8 8 11 7 2 4 12 9 9 3 8 4 7 2 1 7 5 7 3 12
41 44 22 54 52 23 46 45 18 49 61 19 50 20 15 37 37 49 43 61
16 15 1 13 7 1 7 24 2 20 21 1 9 11 1 17 6 13 9 13
41 37 32 34 40 4 40 40 27 42 47 25 37 32 20 39 28 44 44 47
22 17 18 29 25 1 27 41 24 19 33 5 32 14 11 30 28 31 23 36
34 38 33 46 27 21 38 54 26 35 48 19 43 18 13 35 44 23 22 50
34 41 23 50 44 12 45 54 38 44 61 8 54 7 8 25 40 49 28 59
19 8 20 15 18 4 15 23 17 13 19 5 14 6 1 14 16 25 19 20
16 12 8 23 28 1 13 20 12 24 24 5 15 8 5 11 21 24 16 20
12 17 8 22 24 4 24 24 17 17 28 4 27 9 14 23 20 21 12 29
3 13 9 4 12 2 14 9 7 12 14 3 7 5 1 6 3 14 13 10
39 26 36 41 31 9 36 48 36 36 40 26 30 17 13 37 36 49 44 31
9 8 6 7 13 1 13 10 7 11 11 6 7 8 4 13 1 17 12 8
8 2 7 7 8 1 1 14 6 7 12 1 6 2 1 3 9 13 5 6
47 44 32 44 42 15 35 60 24 58 55 25 40 36 24 44 33 54 47 42
16 5 6 17 8 3 10 15 9 10 16 1 11 3 1 12 10 23 7 13
22 22 26 20 25 5 13 28 15 23 32 9 20 15 6 12 27 23 20 32
40 40 35 41 29 10 25 47 19 39 53 12 36 17 7 25 38 39 33 49
9 13 5 11 7 1 4 17 3 16 17 1 5 4 1 6 6 11 4 10
43 40 41 43 56 15 50 48 44 48 57 32 46 27 24 35 45 46 38 57
21 22 17 21 19 1 12 22 7 29 24 11 6 19 6 18 16 20 22 21
13 13 5 12 5 6 6 20 5 10 18 4 14 6 3 16 13 13 6 18
17 13 11 10 19 4 22 24 15 15 16 11 12 13 8 20 10 22 17 16
27 29 17 31 16 9 27 41 14 26 39 7 31 11 7 28 27 27 17 36
51 52 19 57 60 26 55 62 27 62 65 30 54 28 28 41 48 49 39 61
26 21 11 29 26 1 24 30 15 29 33 5 27 14 7 23 20 27 23 31
11 15 7 16 18 6 16 11 4 13 21 4 19 1 5 12 13 17 14 19
36 48 37 47 49 29 60 61 32 52 61 22 59 23 21 41 26 56 52 64
45 43 39 48 34 27 44 70 35 31 59 19 55 23 19 50 48 49 43 56
7 5 10 7 19 1 6 9 9 13 13 5 9 7 1 8 11 18 16 12
18 6 7 23 6 1 5 21 4 12 18 1 11 1 1 16 17 23 15 14
16 20 14 29 23 1 26 25 14 19 32 2 27 5 4 21 24 24 22 36
2 18 5 6 9 1 11 14 3 12 21 1 12 3 1 3 1 16 10 15
25 21 23 31 13 9 19 41 21 17 32 8 25 6 4 26 32 32 16 27
57 44 28 62 52 31 42 64 27 42 61 25 56 25 26 44 64 53 43 62
6 13 15 8 7 6 13 17 12 9 15 6 12 3 1 4 15 9 5 16
19 18 13 18 17 9 21 29 12 27 19 13 19 26 16 30 9 26 28 22
47 29 33 38 36 15 33 58 42 27 44 14 37 19 12 41 37 60 43 36
1 1 1 9 11 1 11 5 6 1 9 1 10 1 5 4 8 6 1 11
30 42 40 50 42 7 35 45 27 45 52 21 41 34 33 46 43 45 49 50
22 21 11 24 23 8 28 30 14 19 30 8 31 13 9 27 22 16 14 36
60 62 48 54 58 31 56 74 44 59 75 23 60 26 15 36 40 62 55 66
21 34 22 30 34 13 36 33 19 39 40 17 30 19 8 19 23 31 33 39
50 45 33 52 53 10 53 52 41 53 63 25 50 31 22 43 39 62 53 59
28 29 16 39 29 8 23 29 13 33 36 6 28 10 1 23 23 41 33 34
43 32 24 42 42 9 39 45 30 42 51 20 38 26 20 40 35 44 37 47
8 10 10 11 12 2 15 15 9 6 17 2 12 1 1 7 13 12 8 15
32 40 26 57 57 16 54 63 38 52 62 15 61 20 25 55 36 65 59 60
37 33 29 40 41 9 40 59 31 43 51 17 44 26 22 44 37 46 41 43
36 39 23 42 27 13 27 32 1 44 45 14 33 25 15 29 18 32 37 42
39 55 46 45 50 27 41 45 28 44 64 17 52 23 13 23 40 47 49 63
35 48 34 47 52 16 55 70 46 55 64 27 51 25 31 44 51 52 39 51
45 36 34 37 29 17 46 47 34 38 44 24 40 27 15 41 26 38 41 47
5 3 1 1 4 1 3 10 3 5 5 1 1 6 1 10 1 10 5 4
13 9 11 4 16 3 19 24 16 14 14 11 6 11 7 15 7 22 14 8
36 30 34 24 38 8 27 44 28 35 40 20 27 31 18 32 27 42 41 35
43 44 22 41 28 14 32 50 27 44 49 19 39 14 6 32 32 40 19 45
11 15 5 11 15 4 16 20 4 16 20 4 13 5 2 13 11 11 9 16
43 42 31 52 39 19 40 28 39 43 49 31 40 35 24 55 32 62 61 50
6 3 5 6 8 1 13 11 5 4 8 1 5 2 1 8 4 9 4 9
9 10 8 10 10 1 15 6 5 6 12 1 12 1 1 8 4 12 11 15
23 25 20 24 28 11 24 29 14 28 36 14 23 11 8 15 28 22 20 30
25 30 20 32 29 10 30 32 17 33 41 11 30 11 6 18 26 28 23 38
30 23 27 36 43 4 36 41 35 28 43 11 37 14 19 30 37 41 34 46
49 43 32 50 35 18 35 64 42 41 58 20 51 15 9 45 47 56 31 52
14 30 9 36 36 17 33 42 13 34 40 9 37 11 11 30 24 38 32 36
10 6 4 8 10 1 8 10 6 6 12 1 11 5 1 12 6 18 11 11
45 44 22 48 42 27 50 56 26 36 58 17 61 27 30 46 42 37 34 64
31 30 35 29 43 2 24 40 26 41 41 22 27 29 16 34 30 51 46 35
45 48 40 43 42 28 51 65 37 39 64 19 57 24 23 35 40 39 35 62
1 2 1 1 2 1 1 9 1 4 6 1 1 4 1 8 2 13 4 2
5 11 11 5 9 4 11 12 9 7 15 4 8 4 1 4 5 13 8 10
12 14 16 24 20 4 13 23 14 20 21 8 16 9 5 23 20 33 32 15
29 24 8 28 23 9 14 32 7 33 31 11 18 13 6 22 24 19 14 25
43 31 28 32 43 19 38 53 33 27 47 16 42 14 11 36 37 50 37 41
53 49 45 53 50 37 59 62 57 32 68 22 64 14 13 38 53 56 36 69
8 4 8 9 11 1 8 13 8 8 9 4 8 6 1 12 7 13 12 9
31 31 34 56 30 14 45 57 44 29 50 18 47 9 18 41 51 44 29 47
29 26 20 36 34 14 33 39 32 17 44 4 46 8 16 30 38 38 26 49
21 22 21 24 23 6 19 28 18 17 31 1 30 8 1 24 22 37 28 33
14 15 3 15 24 6 20 19 8 21 21 9 19 9 7 17 12 20 20 18
16 12 18 24 14 6 11 24 10 13 17 6 17 6 1 18 25 17 18 21
29 28 23 41 19 12 31 38 30 21 42 9 35 7 7 33 29 48 32 35
16 23 7 34 31 6 37 27 24 23 41 1 40 5 11 26 19 40 25 42
39 33 41 47 23 15 37 56 32 43 46 25 35 25 13 42 35 46 42 41
12 1 4 7 12 1 10 13 11 6 11 1 15 6 1 16 7 21 13 18
48 49 36 50 46 26 43 61 29 43 65 21 51 19 12 30 54 41 37 62
17 14 7 11 22 1 18 31 14 22 28 5 19 13 6 18 14 24 13 20
39 31 18 37 43 6 21 37 18 45 43 20 27 21 15 27 35 35 27 37
2 5 5 1 1 1 4 8 2 1 5 1 1 1 1 1 1 3 1 3
42 33 16 47 29 14 31 36 21 34 52 9 43 19 13 33 31 37 33 50
38 42 15 45 38 23 48 52 9 51 49 21 47 31 23 47 22 44 45 49
49 43 34 54 41 11 24 57 25 46 60 13 51 15 11 32 48 48 32 57
15 20 16 11 6 6 18 25 14 15 24 6 16 12 4 16 9 12 11 23
6 3 9 8 10 1 8 4 3 5 5 1 4 2 1 7 6 8 10 9
33 25 26 44 21 13 20 31 20 22 36 16 32 14 11 41 35 39 38 38
16 37 18 45 46 13 52 54 25 47 50 11 46 16 23 42 21 51 43 50
35 44 32 34 35 12 28 31 20 45 47 27 33 25 12 27 32 30 33 45
43 35 28 46 37 20 37 36 37 33 48 15 46 27 14 46 29 57 56 51
36 29 12 27 34 17 39 46 17 32 35 27 32 26 24 41 27 37 30 32
28 27 30 35 25 13 29 31 24 26 38 12 30 5 1 15 27 36 31 40
28 18 20 18 26 1 23 37 20 31 29 12 20 22 12 27 15 29 25 23
40 26 17 31 33 20 32 30 32 23 39 12 40 17 10 35 24 42 37 43
18 9 22 40 21 5 25 32 22 11 29 13 31 7 13 35 35 33 33 30
8 12 7 9 17 1 15 15 9 17 15 6 10 10 4 13 4 21 16 12
28 48 28 50 43 21 42 45 19 52 56 15 46 9 8 23 26 39 34 55
39 29 22 29 36 6 24 46 28 39 37 21 27 19 16 28 29 37 23 26
46 36 39 51 44 9 26 48 39 30 53 11 41 9 5 26 50 54 34 55
20 31 25 29 17 10 23 40 20 26 39 8 33 6 1 20 29 25 20 35
22 23 16 16 20 7 21 29 13 25 33 7 28 20 10 24 8 29 25 30
28 24 23 30 26 7 33 39 19 28 39 10 33 21 16 29 21 23 26 42
15 10 9 11 12 1 19 18 13 8 19 1 17 1 1 14 7 23 15 20
3 11 5 3 11 1 10 9 4 11 12 2 7 7 1 8 1 13 10 7
36 28 11 31 25 8 27 42 16 38 36 13 26 19 11 33 22 28 23 32
15 21 26 26 16 1 12 29 12 24 29 8 16 14 5 23 25 28 29 25
20 20 10 28 29 1 20 34 14 30 35 3 26 14 8 20 24 31 22 29
19 18 13 17 19 1 11 26 14 17 27 1 16 1 1 8 16 24 9 19
18 40 38 59 46 11 53 56 42 41 58 13 60 21 29 49 47 58 54 61
30 39 18 33 41 19 49 44 30 41 49 24 41 18 21 30 29 30 24 44
27 25 13 27 13 11 26 27 15 21 34 7 26 3 1 17 16 28 16 29
17 18 12 27 22 5 27 19 14 15 27 1 27 6 8 16 17 21 21 32
44 34 38 55 32 14 42 59 49 38 53 25 44 20 13 46 44 56 45 48
21 36 23 36 42 9 37 39 29 28 51 2 50 12 17 24 33 36 30 52
30 34 41 49 44 15 44 69 52 31 61 23 51 18 22 39 55 58 41 51
24 20 28 29 13 10 20 29 20 16 23 13 20 7 1 19 27 23 22 28
1 5 2 1 4 1 3 11 4 8 7 1 4 8 1 9 1 10 6 6
42 51 36 40 42 23 39 50 20 49 62 22 47 28 18 31 36 40 40 58
3 5 2 2 6 1 1 8 1 3 12 1 8 2 1 4 5 10 1 10
52 53 39 53 67 19 40 49 30 57 67 32 52 31 26 36 51 60 54 61
23 20 29 35 36 1 18 36 25 29 39 21 29 23 19 36 39 45 41 34
35 26 24 39 32 7 27 41 31 27 43 6 37 10 6 25 35 40 24 45
9 26 14 19 33 9 27 30 11 30 34 3 29 11 2 17 10 33 29 31
23 17 19 17 28 1 20 24 17 29 23 17 18 26 13 26 16 26 29 25
55 52 32 56 43 13 40 57 29 60 61 24 45 25 14 41 40 54 43 58
18 41 14 40 31 12 42 43 15 38 52 3 49 14 21 30 22 28 26 52
52 36 17 55 40 24 35 43 10 44 44 33 37 32 26 52 45 49 49 47
19 24 18 23 26 10 30 39 25 27 35 12 28 14 13 23 27 18 16 34
47 42 46 50 43 29 43 66 45 46 57 31 47 19 15 41 53 55 34 47
17 10 9 13 11 1 19 21 13 12 15 5 13 9 3 18 7 19 12 18
9 5 12 7 18 1 10 17 13 9 14 5 12 6 3 14 13 28 15 12
17 19 22 15 19 3 9 12 8 17 24 12 10 9 6 7 17 18 18 21
17 14 7 18 7 6 21 15 15 2 22 1 22 2 2 17 9 17 10 28
16 7 8 9 14 1 18 19 12 18 10 10 8 15 8 22 2 22 19 9
57 59 27 67 56 26 55 41 33 60 73 32 60 34 29 51 42 52 53 73
31 34 21 38 28 11 26 40 21 35 45 13 31 10 10 16 38 15 11 42
12 12 14 16 31 1 18 29 20 19 31 1 23 3 8 10 25 24 17 25
8 7 6 2 17 1 12 15 11 15 16 4 9 10 2 13 2 23 14 12
33 45 27 47 48 19 63 54 30 50 55 22 54 31 29 50 22 54 51 56
15 18 9 17 25 3 12 28 14 26 29 4 20 11 1 15 16 36 16 22
20 20 20 21 37 8 22 24 19 21 34 7 29 9 6 12 25 31 28 32
9 2 10 12 18 1 15 23 14 7 17 1 14 1 2 11 16 24 10 16
29 33 20 45 37 13 43 46 39 30 51 4 46 5 8 30 36 53 33 51
14 15 19 17 7 6 15 30 16 12 21 6 15 3 1 15 19 20 9 20
26 40 7 46 45 22 41 41 7 44 54 13 50 19 18 34 30 31 34 55
28 29 28 34 28 18 33 45 32 26 42 17 36 11 12 21 39 25 10 42
4 1 2 11 1 1 1 9 1 5 4 1 1 1 1 8 6 14 8 3
2 5 1 1 3 1 1 8 1 4 7 1 5 4 1 3 1 3 1 6
48 40 30 41 38 31 47 53 34 33 52 25 51 18 11 34 43 33 23 57
3 3 7 8 5 1 4 16 6 6 9 1 4 5 1 14 8 19 9 8
1 5 1 1 8 1 7 5 2 9 6 1 2 6 1 7 1 12 8 3
7 14 9 11 12 1 8 13 1 21 20 1 6 8 1 6 6 15 16 13
23 24 13 36 33 10 41 40 23 29 39 9 33 7 9 23 23 42 29 36
31 24 21 30 38 7 15 42 23 29 41 10 28 16 8 18 39 37 26 36
23 23 1 28 17 12 26 18 9 18 28 5 30 8 4 31 12 29 23 32
2 12 3 5 12 1 9 12 2 9 18 1 14 4 1 8 4 14 7 16
57 49 45 55 52 16 43 75 45 55 68 28 55 28 20 50 56 64 51 57
8 9 10 7 12 1 13 14 10 9 16 1 14 5 1 12 6 24 12 18
52 42 47 56 36 26 51 67 50 36 60 27 59 21 17 52 53 51 51 63
2 1 1 1 9 1 7 10 5 4 1 3 1 5 1 11 4 15 12 1
41 46 20 52 41 26 49 52 15 56 54 23 48 31 22 52 24 50 54 55
40 30 11 49 36 11 40 51 19 44 46 13 41 23 21 46 33 39 37 44
25 6 12 15 24 1 14 17 15 16 20 10 15 11 4 19 12 28 25 20
58 49 39 55 67 14 41 56 38 59 66 27 53 27 20 38 43 72 58 58
9 6 6 7 10 1 11 9 5 5 8 4 9 6 1 12 5 11 9 10
19 17 19 18 18 1 5 12 3 19 23 9 14 16 6 17 16 17 19 25
7 6 6 5 6 1 9 9 3 2 7 1 7 1 1 8 3 7 4 9
6 17 10 14 21 4 18 18 8 23 21 3 13 8 1 10 6 22 21 17
1 1 1 2 1 1 1 2 1 1 1 1 1 1 1 6 1 9 5 1
15 20 9 11 30 7 20 28 17 26 30 8 25 16 6 17 10 34 25 25
9 11 13 10 10 2 12 13 7 10 13 3 11 7 1 13 9 11 11 19
9 17 12 10 14 5 13 18 8 14 21 1 15 6 1 9 12 16 12 17
7 5 9 11 3 1 9 9 3 4 7 1 3 1 1 12 6 13 12 12
23 28 24 32 46 12 37 48 35 31 46 10 44 20 16 30 32 53 45 40
20 21 16 10 15 5 18 34 16 17 27 4 22 15 5 21 13 18 13 28
30 33 13 40 29 17 35 35 15 35 49 4 47 16 10 30 16 45 33 49
10 14 5 7 5 4 10 11 2 7 15 2 9 1 1 9 5 5 2 13
40 59 43 55 61 34 50 59 28 50 72 18 61 21 16 37 40 56 58 69
8 10 1 10 10 1 9 9 1 8 15 1 15 3 1 12 5 19 10 17
20 21 23 12 22 11 21 27 23 9 30 4 24 1 1 6 18 28 16 27
4 9 7 3 8 1 7 13 5 9 9 1 6 8 1 9 4 11 9 7
40 39 30 30 27 23 25 51 31 22 48 10 34 6 3 19 37 32 16 41
20 27 20 16 29 10 23 31 18 27 36 9 27 10 3 16 20 28 24 32
19 14 20 8 18 9 24 30 25 19 21 17 14 12 8 14 13 21 13 15
47 47 47 59 53 10 28 56 37 44 66 18 53 29 30 39 63 53 50 61
33 31 18 38 28 11 34 52 19 39 41 18 36 25 19 47 29 38 36 32
50 51 48 62 37 32 58 67 47 47 70 26 67 27 19 54 43 69 56 67
4 3 9 1 7 1 8 13 7 1 12 1 7 1 1 1 8 8 1 9
17 32 14 32 35 9 39 47 22 34 44 9 38 16 13 34 22 41 36 37
21 27 22 26 16 8 22 31 7 23 32 9 23 18 11 22 20 17 24 33
34 31 33 46 14 15 37 50 32 27 50 13 42 22 18 49 26 53 46 43
12 25 7 17 17 6 18 18 1 22 27 1 24 13 6 16 6 18 18 26
22 13 13 22 12 6 11 12 5 14 19 9 14 7 4 15 16 14 16 22
47 37 40 42 48 12 40 55 36 53 48 32 40 42 29 49 39 57 52 44
34 40 25 43 34 12 43 50 21 48 45 18 41 29 20 49 21 50 52 40
7 12 6 12 17 3 18 6 6 14 12 4 14 7 1 13 3 20 16 15
36 32 30 29 35 2 16 33 21 41 40 24 23 31 18 32 30 36 34 35
23 17 20 28 20 9 29 26 24 14 25 8 25 8 5 30 22 36 32 28
38 41 31 29 37 25 39 46 34 30 49 18 42 11 2 22 33 37 23 47
37 40 17 41 32 21 43 37 36 33 50 13 46 23 13 45 18 58 47 51
15 18 18 5 11 7 10 26 16 8 24 4 16 8 1 11 14 18 10 21
11 20 10 16 15 5 19 19 8 16 28 2 21 1 1 7 13 14 9 26
39 39 17 36 9 24 39 33 20 28 41 14 41 18 13 36 13 21 25 47
1 1 1 2 7 1 2 7 2 1 4 1 5 1 1 4 6 11 2 7
23 25 10 21 18 5 32 31 16 26 31 9 28 13 5 23 12 23 17 33
23 30 16 26 22 11 28 34 18 30 38 8 26 8 1 15 16 33 19 32
39 37 33 33 47 7 26 60 40 42 50 17 40 20 10 30 39 61 36 37
51 39 35 44 53 16 30 55 35 40 54 19 38 17 12 25 51 51 33 49
30 45 29 44 58 18 46 55 33 55 55 24 45 20 22 34 24 64 44 45
42 39 28 33 36 28 37 51 28 32 51 21 42 11 10 22 40 33 21 45
17 11 5 13 20 6 13 18 5 19 17 11 11 8 6 17 13 13 15 13
21 28 36 42 40 7 40 58 38 32 52 14 48 23 25 41 40 52 48 46
1 2 1 1 7 1 4 4 2 3 7 1 7 4 1 5 4 8 1 8
50 45 31 54 55 18 57 60 53 42 66 18 61 26 25 51 41 70 56 61
48 56 30 56 43 24 45 61 22 61 63 24 48 24 13 35 44 40 34 57
17 12 17 22 27 1 8 18 11 17 28 8 18 10 11 9 26 15 14 29
26 22 24 24 34 4 19 26 17 25 31 12 23 15 6 21 25 40 34 32
49 36 42 59 49 20 43 47 50 28 59 22 53 22 23 47 50 65 59 60
47 51 48 52 46 15 32 54 32 49 65 26 51 29 19 43 54 51 50 61
42 26 36 49 43 10 40 64 43 34 50 30 47 26 29 52 51 59 45 41
9 4 5 8 8 1 5 13 6 6 11 1 9 1 1 6 8 9 6 10
26 42 21 33 46 18 50 49 25 43 51 23 43 19 20 34 25 46 35 43
15 14 10 27 35 1 31 21 18 25 27 7 27 9 12 20 19 28 27 31
4 10 12 3 10 4 12 14 12 8 12 5 7 6 1 8 6 17 9 10
63 49 38 50 39 23 48 68 46 53 62 25 53 26 15 45 41 52 36 58
11 12 18 13 20 4 19 25 16 17 18 9 11 8 4 14 19 25 22 15
23 17 7 31 23 8 34 25 27 15 33 4 29 6 12 26 17 30 19 32
31 38 30 36 35 13 44 50 25 46 48 19 38 24 15 32 23 40 42 43
8 3 12 10 11 1 3 17 11 2 12 1 11 3 1 9 17 18 10 13
20 26 26 24 24 9 22 39 15 25 37 6 34 19 10 28 21 40 35 32
48 48 44 68 57 12 34 65 36 53 75 29 59 29 30 49 70 61 47 65
53 49 30 44 45 36 40 61 23 43 58 29 48 21 21 28 55 39 30 52
5 4 4 11 8 1 11 2 2 6 9 1 10 1 1 9 1 16 14 11
35 36 47 58 41 10 32 47 36 39 57 31 42 19 24 32 59 43 37 49
2 2 1 1 3 1 1 9 1 2 8 1 3 1 1 1 2 11 4 1
33 13 18 32 42 1 28 35 30 30 34 14 29 15 16 25 31 36 28 32
16 17 7 23 16 1 18 30 9 25 23 3 16 12 2 26 11 33 27 18
16 12 15 14 20 6 26 22 21 11 21 10 19 10 9 16 16 19 13 24
33 20 21 29 43 4 37 42 37 25 40 17 41 19 24 37 32 48 34 38
9 8 6 9 9 1 4 16 3 9 14 1 4 1 1 3 10 14 5 5
20 25 17 21 13 9 21 36 11 25 28 7 20 16 7 25 19 19 21 26
8 4 4 8 3 1 3 4 1 4 5 1 4 2 1 8 3 5 7 9
15 16 5 12 21 1 22 26 11 25 25 7 17 17 9 19 7 22 19 18
3 7 6 3 6 1 5 6 2 5 8 1 3 4 1 7 2 7 6 7
40 42 29 41 34 24 48 59 30 40 56 23 51 24 18 39 39 32 18 56
44 32 25 34 48 13 24 47 24 39 48 20 30 17 13 25 40 49 37 35
58 56 30 64 43 23 48 55 37 53 74 21 62 20 18 35 47 39 31 72
42 49 27 54 56 20 48 54 27 61 59 22 50 23 17 42 24 59 52 55
26 21 18 21 22 5 19 31 19 20 32 5 24 3 1 12 22 28 13 27
31 27 39 51 45 9 54 57 57 31 52 22 52 22 32 56 45 64 55 50
36 34 22 40 42 1 33 53 38 37 53 9 46 14 15 31 37 43 19 50
4 6 8 14 18 1 18 11 12 7 16 1 17 3 7 11 13 14 9 19
13 14 9 11 14 7 12 19 7 17 17 7 11 10 4 16 11 16 14 13
7 11 10 6 6 4 12 12 7 7 11 4 9 5 1 9 7 10 5 15
3 4 1 2 1 1 1 11 1 8 9 1 2 5 1 6 1 5 3 4
2 9 3 2 9 1 6 8 1 7 15 1 11 4 1 3 4 9 3 11
12 7 15 7 13 2 9 29 17 10 16 3 9 8 1 14 15 29 18 11
34 32 27 42 22 7 26 40 15 33 44 8 33 17 7 32 31 36 34 44
6 2 4 6 1 1 7 5 1 1 3 1 4 1 1 7 1 9 4 6
1 7 1 4 9 1 5 5 1 8 12 1 11 6 1 6 5 8 3 12
35 27 18 44 32 17 25 33 9 28 36 22 32 20 19 35 42 33 32 42
22 25 17 27 46 8 33 33 20 34 42 11 34 14 11 21 21 38 35 37
52 40 41 44 50 1 31 40 35 52 47 37 34 41 31 45 39 55 49 43
28 40 15 40 42 12 31 29 5 47 48 16 38 25 17 31 24 34 41 47
7 1 5 4 15 1 7 6 5 13 7 6 1 7 1 8 3 15 17 3
50 48 34 37 39 22 50 64 38 49 56 36 47 34 26 48 38 43 34 50
7 6 2 12 13 1 13 7 2 8 15 1 15 1 1 8 5 16 10 16
4 8 1 9 8 1 5 16 2 6 16 1 12 6 2 9 10 10 6 14
18 15 16 14 22 5 22 25 19 14 23 6 26 15 7 22 17 26 17 30
48 52 44 69 57 21 44 66 36 50 75 14 62 25 26 42 57 65 58 69
7 8 4 5 5 3 3 11 3 5 11 1 7 5 1 8 7 12 5 8
45 49 24 50 52 18 45 61 39 55 61 28 48 16 22 32 48 40 22 53
55 41 25 52 51 22 40 46 51 45 56 24 50 23 18 43 35 76 50 52
16 18 18 13 15 6 14 32 16 10 26 3 21 9 1 20 21 24 11 27
9 13 9 10 10 5 13 20 8 9 16 4 11 5 2 15 13 18 10 14
16 34 22 20 39 15 37 39 21 40 39 16 30 19 12 26 10 41 38 31
10 13 3 12 8 1 15 8 2 7 16 1 16 1 1 9 3 12 9 18
27 15 18 23 22 8 24 18 23 18 22 11 21 16 6 27 14 30 30 29
44 46 49 41 41 25 45 69 52 43 60 30 51 28 17 45 46 58 44 48
24 18 7 16 21 9 25 24 12 23 22 15 18 15 12 27 11 26 20 19
8 10 6 8 8 2 1 11 2 11 14 2 9 7 1 10 8 9 9 13
12 28 9 14 21 8 27 29 12 26 32 6 25 11 1 14 8 23 20 28
14 15 15 20 26 5 13 25 11 20 30 1 22 6 4 10 23 33 21 23
8 17 18 13 27 4 23 28 26 11 31 1 26 1 9 9 26 25 12 29
1 14 9 5 10 1 9 9 4 12 14 1 9 6 1 7 4 10 10 13
4 7 5 4 5 1 10 12 4 4 10 1 8 4 1 10 2 10 2 13
36 29 21 42 28 15 31 39 25 27 45 8 46 16 10 44 33 43 40 48
45 41 38 53 54 18 48 51 40 51 57 32 42 23 23 34 52 50 33 53
32 24 28 54 29 17 42 46 40 21 49 17 47 14 21 47 41 50 42 47
14 13 11 20 26 1 33 28 26 15 22 7 23 9 16 24 18 24 17 28
17 20 16 29 25 8 38 27 29 16 30 7 31 8 17 27 24 26 22 35
45 44 34 53 62 10 54 55 39 54 66 23 52 21 26 38 44 58 50 60
36 36 18 46 36 12 26 46 8 42 51 16 34 25 21 33 43 32 29 44
4 3 3 5 11 1 5 6 1 7 7 1 5 4 1 7 6 3 9 9
8 15 4 12 13 4 16 22 7 10 23 2 20 5 7 13 15 6 1 22
39 45 21 65 39 20 43 59 30 48 64 7 60 17 12 49 37 63 52 57
30 37 29 49 24 15 29 48 14 43 50 15 38 21 15 40 31 44 45 41
13 3 10 8 17 1 10 16 13 9 11 4 13 8 2 15 11 24 16 16
27 41 16 52 44 15 46 41 29 41 55 9 51 15 23 34 33 48 35 53
7 8 5 7 6 1 4 14 4 5 10 1 7 6 1 9 8 12 7 9
39 33 28 30 15 18 34 42 23 27 42 11 38 15 7 31 22 26 27 46
24 9 13 27 26 5 26 32 25 12 28 3 28 4 8 23 26 35 20 29
1 4 4 1 2 1 4 6 2 1 8 1 4 1 1 1 2 3 1 6
8 12 2 16 21 4 18 15 9 13 24 3 21 4 7 12 14 18 11 20
54 56 46 60 53 24 44 35 24 51 69 26 64 37 28 47 38 63 64 74
13 19 4 20 15 7 17 16 6 17 26 1 24 5 1 15 5 26 19 27
7 12 15 18 15 1 10 17 8 12 16 1 14 6 3 14 18 20 19 15
20 32 5 35 36 12 31 36 12 35 42 4 34 7 6 19 21 32 20 36
10 11 11 9 12 1 5 15 6 12 17 3 14 9 1 9 12 8 10 18
21 19 22 19 18 2 10 28 12 21 30 5 17 13 3 14 20 24 20 28
1 7 1 3 7 1 3 3 1 5 11 1 7 1 1 1 1 11 5 5
35 36 45 48 43 19 47 69 56 36 58 28 54 23 23 47 57 51 37 55
43 50 29 55 60 28 44 61 24 48 68 21 50 17 17 28 56 57 46 58
31 28 29 23 19 15 22 40 25 18 39 6 30 7 1 14 26 27 18 36
31 46 21 48 37 20 40 43 18 44 56 9 46 10 8 31 17 44 40 54
4 3 2 10 10 1 11 7 1 4 8 1 11 3 1 10 6 6 7 14
23 21 12 26 22 5 8 25 9 27 28 4 17 5 1 9 22 25 15 20
35 25 17 38 29 13 28 22 22 21 43 11 39 13 13 28 29 28 25 49
6 3 1 5 5 1 5 3 1 2 4 1 6 3 1 9 2 7 4 9
12 16 17 6 8 5 10 28 15 10 23 2 15 7 1 8 14 18 8 20
52 47 37 51 50 20 51 59 49 55 61 28 54 25 13 38 43 59 34 58
16 17 7 27 29 5 31 33 16 24 29 7 26 8 10 24 19 32 25 27
2 4 3 3 5 1 2 4 1 3 6 1 4 2 1 4 3 3 4 7
7 3 1 5 2 1 4 5 1 3 6 1 5 1 1 7 1 9 6 7
61 57 44 54 40 38 55 61 48 36 72 19 66 18 8 40 45 53 40 71
4 4 3 5 8 1 3 12 2 9 14 1 8 4 1 7 6 12 4 10
7 6 8 1 8 2 14 12 11 7 6 7 2 6 2 8 2 9 10 4
7 9 10 7 6 1 7 14 6 8 14 1 12 7 1 11 5 11 7 16
13 27 19 22 27 3 32 38 23 27 40 3 33 14 16 23 22 22 21 37
18 19 19 26 27 3 10 27 11 22 34 9 23 12 9 16 33 26 21 31
37 21 20 25 30 17 32 31 36 19 32 12 32 18 11 32 16 43 39 34
39 46 21 51 49 20 63 57 38 51 60 21 54 19 27 44 36 51 42 56
4 4 8 1 13 1 7 15 9 11 7 2 6 9 1 11 7 18 12 8
38 45 35 51 37 12 45 44 28 42 60 17 51 24 26 40 39 41 41 64
38 32 23 34 27 10 29 39 24 38 42 16 27 13 3 23 28 34 26 38
47 51 39 53 50 15 43 51 30 62 63 32 45 35 29 35 45 46 43 56
9 22 14 22 17 9 20 29 10 17 27 3 22 1 1 16 19 28 22 22
23 15 27 26 23 5 8 26 17 15 25 8 22 12 4 22 31 33 29 30
20 21 17 21 25 6 18 36 20 21 31 5 28 13 3 27 20 40 28 29
16 13 18 26 13 3 4 33 16 15 23 3 15 3 3 16 27 28 17 11
66 56 42 54 46 29 54 71 49 48 72 20 64 24 16 41 44 59 40 69
2 2 1 8 13 1 8 4 5 3 10 1 10 1 5 6 8 10 6 10
45 41 30 38 38 12 34 42 22 44 52 23 41 25 14 36 33 37 37 54
3 8 14 10 10 1 8 19 11 5 13 1 12 6 2 12 16 18 9 15
9 5 1 10 9 1 8 8 1 1 9 1 11 1 4 9 9 10 4 12
26 19 17 16 23 10 28 30 19 22 22 17 18 13 12 26 16 20 21 21
20 23 24 14 16 4 15 25 15 22 32 7 18 12 1 12 17 18 19 29
27 20 18 29 33 2 23 32 15 37 37 16 22 28 21 27 24 27 31 32
33 24 37 34 25 15 27 37 31 20 35 16 33 8 1 23 38 34 23 40
5 13 5 6 6 1 13 16 4 6 18 1 12 7 3 9 4 5 6 17
13 7 13 19 15 1 13 10 5 12 13 5 11 4 4 8 15 10 12 17
3 12 6 7 12 1 10 12 4 12 13 1 10 8 1 12 6 19 13 11
9 7 4 6 1 1 8 10 3 1 8 1 7 1 1 7 1 5 1 12
36 33 41 27 42 22 32 44 37 28 42 19 32 15 5 20 38 41 37 40
39 36 28 24 34 11 36 54 28 43 47 22 38 32 24 39 24 41 35 36
35 27 11 30 26 4 29 45 16 37 39 11 33 24 15 37 17 42 32 32
14 14 9 8 19 1 11 26 14 17 24 1 11 5 1 8 12 24 8 16
14 15 14 21 21 1 19 33 15 20 22 6 15 13 8 21 22 22 20 20
25 23 14 15 21 9 22 35 18 23 29 12 25 19 11 28 17 21 17 29
47 41 34 40 34 13 48 48 34 43 52 23 46 27 15 43 28 45 45 52
13 13 14 11 11 3 8 21 9 12 19 3 8 4 1 3 14 14 8 12
42 50 40 41 38 11 29 34 15 50 52 30 38 40 27 41 29 41 47 51
8 11 8 15 4 4 6 18 2 9 11 2 8 3 1 18 15 12 12 10
8 3 8 11 14 1 6 13 5 11 13 3 9 4 3 5 15 14 11 11
29 39 31 60 47 17 53 61 46 45 57 18 53 8 18 37 48 60 41 51
20 22 20 33 8 7 25 29 19 18 30 1 28 12 6 36 14 35 36 30
26 39 41 47 50 18 32 39 23 31 50 10 42 11 7 26 40 57 51 52
5 6 6 5 7 1 2 8 1 7 8 1 5 5 1 5 5 5 7 8
38 34 30 50 28 13 24 52 17 43 48 26 34 31 24 49 42 41 44 40
27 23 18 20 35 1 18 30 19 35 30 13 16 12 6 12 17 33 25 16
13 11 4 12 12 1 14 17 9 14 22 1 20 8 1 18 3 23 15 23
27 28 12 35 37 5 22 37 15 37 44 8 32 11 8 20 33 26 16 38
11 9 3 13 14 1 18 8 5 9 15 1 17 5 1 15 4 17 16 19
50 40 38 36 47 7 30 40 29 43 52 25 41 36 23 40 32 50 52 49
35 34 23 27 30 8 15 49 25 31 45 9 33 6 1 20 34 36 11 38
10 11 9 12 13 3 16 14 10 4 20 2 16 2 5 10 12 11 5 19
37 31 22 31 26 5 29 44 25 34 45 8 37 15 6 25 22 37 20 42
18 19 18 20 20 9 20 34 18 12 31 7 26 6 9 17 29 19 11 32
41 46 47 67 53 21 41 60 26 52 71 22 61 30 30 43 53 63 59 66
6 24 11 27 38 15 35 27 14 29 35 9 32 10 13 20 13 34 30 33
32 30 12 28 26 11 24 40 13 31 41 9 34 16 10 28 26 26 15 36
2 2 2 3 4 1 8 2 1 1 2 1 4 1 1 8 1 6 2 8
34 35 6 41 36 14 41 42 15 45 47 8 42 21 13 37 15 44 37 44
7 6 4 14 19 1 18 8 7 10 13 4 16 6 5 14 10 21 14 16
5 1 2 6 6 1 2 5 1 5 6 1 4 1 1 3 3 2 3 8
13 8 6 17 24 1 14 19 12 20 16 6 11 9 7 11 17 21 14 12
40 28 26 50 30 6 15 45 27 36 41 16 32 8 6 35 41 48 30 34
22 32 15 40 37 12 33 37 16 34 47 4 37 6 8 18 26 34 26 44
47 42 34 50 40 24 55 57 38 47 56 27 52 28 20 46 42 40 35 60
1 14 12 10 13 1 12 19 9 15 15 1 11 9 1 14 10 24 18 12
25 25 18 22 17 12 15 41 13 18 37 1 32 11 5 21 24 29 20 32
30 39 22 32 38 17 36 54 30 33 57 10 45 9 16 23 43 29 15 48
22 32 24 34 32 10 38 44 20 39 45 11 34 23 25 31 25 28 31 39
17 13 7 17 6 1 7 26 5 13 21 1 12 4 1 15 14 21 4 16
8 9 7 4 13 1 8 19 11 12 15 6 11 13 4 15 7 17 11 13
38 46 38 34 41 26 43 56 39 32 56 17 48 12 3 27 38 47 37 52
11 21 6 10 22 1 23 25 11 24 26 5 20 15 5 18 4 28 21 22
25 24 24 14 29 4 29 35 27 28 33 16 25 14 8 19 16 31 25 27
8 4 6 14 2 1 7 14 5 2 6 1 8 2 1 20 8 19 15 9
42 45 41 59 58 9 43 49 41 52 64 26 54 30 28 48 52 64 56 66
11 9 3 9 6 1 2 16 4 12 16 1 3 4 1 4 7 13 1 6
17 14 1 17 12 3 3 18 1 20 21 2 9 1 1 7 15 14 7 12
29 22 22 17 27 1 16 35 20 30 30 16 8 17 8 16 22 33 24 18
29 16 15 26 14 12 16 27 19 9 30 1 27 3 1 22 20 34 24 30
45 38 33 36 51 23 36 43 30 34 49 22 39 20 13 31 39 46 42 47
43 43 29 41 30 12 20 35 15 44 49 24 29 24 16 30 36 30 26 43
33 28 8 35 28 13 27 30 7 30 34 11 30 10 10 25 27 24 20 33
14 10 19 11 20 2 14 16 14 9 19 2 16 1 1 9 16 25 19 22
28 27 26 44 50 1 29 50 38 43 44 16 36 12 18 30 42 55 34 30
15 22 15 29 20 2 27 32 17 19 31 2 28 8 10 26 25 22 21 34
5 9 7 6 5 1 4 16 5 9 13 1 5 4 1 6 6 9 1 10
13 13 13 14 21 6 21 25 18 9 26 5 23 4 9 13 21 15 8 24
30 36 35 45 49 10 46 53 40 49 51 25 37 25 27 36 47 47 39 47
15 4 6 17 8 4 12 4 9 5 11 1 12 1 1 16 5 15 19 16
35 38 22 43 38 15 41 42 40 31 56 6 51 8 13 26 36 45 26 56
65 58 27 56 48 31 51 66 39 50 71 20 63 29 21 49 42 59 45 66
48 44 40 38 40 13 42 46 33 48 49 36 39 34 20 40 37 35 37 50
3 11 10 10 10 1 14 14 10 9 18 1 14 4 2 4 12 3 3 20
34 34 41 40 37 4 21 54 38 44 50 21 30 16 7 26 45 56 38 38
11 7 5 11 16 1 8 18 8 11 20 2 13 5 3 9 13 18 6 14
34 36 17 41 27 16 30 38 3 40 45 15 41 23 16 35 24 29 32 47
3 4 5 7 9 1 6 8 2 6 11 1 5 1 1 1 6 5 4 7
24 19 9 27 9 7 20 27 8 19 27 2 26 11 4 30 15 24 22 29
55 48 42 53 54 31 55 70 52 52 65 32 57 27 25 43 58 47 27 64
7 5 6 5 15 1 6 9 6 4 17 1 14 1 1 5 9 17 7 14
28 33 22 26 20 16 29 40 9 33 35 16 28 24 15 31 19 19 25 36
25 36 29 32 24 16 29 48 22 29 46 4 38 12 5 22 24 41 32 42
9 21 6 14 16 2 18 18 4 20 22 1 19 10 1 16 3 16 18 22
51 46 41 60 68 21 52 51 40 50 68 25 55 25 23 40 47 74 64 65
31 37 22 33 31 15 37 45 22 31 54 7 47 13 14 25 29 28 23 52
41 59 33 69 57 27 62 58 37 64 74 21 63 19 19 39 42 54 48 74
13 6 5 5 18 1 11 22 13 18 14 8 6 12 6 13 8 23 12 5
11 9 12 13 13 1 8 8 3 12 13 4 12 9 1 13 11 12 14 20
12 29 26 42 36 7 29 46 27 30 49 6 41 7 14 25 38 40 34 42
28 20 30 35 22 6 21 36 20 23 31 13 22 11 4 26 36 32 29 32
9 3 11 15 9 1 6 22 9 11 11 1 5 5 1 17 13 23 17 9
33 35 32 27 33 8 11 28 16 29 44 14 32 20 10 20 33 31 30 41
4 7 7 4 7 1 1 4 1 10 10 1 2 5 1 4 4 6 9 6
6 5 5 7 8 1 6 8 3 4 10 1 9 4 2 7 8 10 6 12
35 49 32 58 49 10 36 69 39 52 61 17 52 20 27 43 59 46 28 55
29 37 25 23 29 17 28 40 23 23 45 5 38 14 7 22 24 33 29 39
42 43 39 46 40 17 50 62 30 48 54 27 52 39 30 57 29 61 56 48
15 16 19 28 24 7 17 35 20 19 32 3 30 6 2 24 22 46 34 27
32 38 21 44 31 14 32 55 23 38 50 11 37 17 19 33 42 29 21 42
28 23 19 12 23 7 22 38 22 24 30 11 26 23 13 29 14 27 24 27
1 11 7 1 11 1 10 10 6 11 11 3 9 10 1 11 4 13 10 10
21 16 10 18 27 3 23 21 13 26 23 11 20 13 8 22 8 33 30 20
1 3 5 3 9 1 4 5 3 5 7 1 7 3 1 3 6 12 7 6
54 47 37 51 64 23 47 63 43 44 68 22 50 14 16 28 57 50 39 59
9 14 5 15 25 1 25 19 13 19 22 6 21 13 9 18 9 23 16 23
27 25 22 45 17 12 31 48 19 25 41 11 44 19 22 45 30 33 30 42
14 14 14 12 11 2 8 19 8 12 20 2 16 8 1 13 12 10 9 22
26 29 8 35 31 6 38 45 18 36 40 9 35 18 22 37 28 24 20 39
30 20 21 21 21 9 28 37 25 21 31 13 27 9 1 18 23 24 10 33
14 15 13 9 16 6 10 21 10 11 24 3 19 2 2 6 15 20 11 17
36 34 34 36 37 11 41 58 40 35 46 25 42 32 26 50 38 47 38 41
47 30 33 41 39 9 33 50 37 31 45 17 41 26 13 44 36 54 53 46
22 40 23 54 50 20 54 58 31 42 55 13 56 8 22 48 33 57 46 57
4 11 12 10 18 3 17 13 11 9 19 3 14 4 6 5 13 14 12 16
21 15 11 20 29 8 22 36 23 20 32 9 28 11 14 21 27 22 15 30
45 44 42 28 43 16 36 52 33 41 54 21 38 30 17 30 31 44 46 46
37 33 26 47 39 11 46 43 26 40 53 12 46 24 17 38 26 50 48 56
61 59 58 52 68 24 53 63 49 62 73 41 55 37 25 37 55 68 57 65
9 1 6 15 18 1 16 9 10 8 10 4 14 6 6 14 12 15 15 16
11 10 12 12 24 1 15 18 10 20 20 6 14 8 3 9 14 26 20 15
41 35 42 36 33 23 34 62 45 34 48 24 36 20 9 34 43 51 26 39
14 11 17 8 15 4 17 26 18 19 17 9 11 8 1 9 15 16 12 16
18 7 17 21 22 1 19 16 16 11 19 4 20 6 2 14 19 23 20 28
33 32 12 39 16 12 30 33 16 28 40 4 35 17 10 34 15 39 31 37
50 36 41 47 36 19 39 35 43 38 45 33 35 29 20 45 37 53 50 50
21 19 30 27 21 10 20 42 28 18 36 8 28 6 4 19 36 32 19 31
53 47 44 39 52 18 43 64 48 56 60 33 45 28 20 33 46 51 36 48
33 19 25 27 38 10 32 34 30 21 35 11 34 18 11 26 28 37 34 40
34 41 27 52 40 24 41 60 26 35 60 18 60 21 19 48 43 57 48 57
28 26 13 29 17 8 21 45 14 28 35 8 24 15 7 33 25 31 19 28
13 5 11 12 14 1 10 16 9 17 12 8 3 10 4 12 10 17 17 9
41 48 33 51 54 23 43 67 42 38 65 15 55 13 27 28 62 46 28 57
1 2 2 2 7 1 5 2 1 5 5 1 3 1 1 5 1 11 8 4
35 21 9 36 30 10 29 29 24 32 32 12 24 15 10 32 18 48 39 27
11 9 10 14 20 1 15 17 10 17 18 4 16 6 1 12 11 28 17 16
35 36 25 24 36 17 40 49 31 37 49 22 41 23 18 30 31 30 26 43
29 18 18 38 33 7 26 40 23 26 40 5 38 6 4 31 34 45 36 39
13 17 10 9 18 4 23 23 14 20 17 10 15 16 6 22 8 23 17 20
7 8 6 7 7 2 7 9 1 5 9 1 8 1 1 4 9 1 4 9
2 6 4 2 6 1 1 8 4 7 11 1 8 6 1 8 3 12 4 10
54 45 18 49 34 32 46 58 27 41 58 26 49 23 17 46 43 48 34 55
56 47 46 54 62 19 59 58 54 50 68 29 56 24 21 35 51 59 49 65
37 34 20 49 37 6 29 42 10 44 50 15 38 24 18 38 37 40 38 48
23 34 9 42 49 19 44 41 17 43 48 14 45 15 19 34 29 36 33 49
47 38 29 49 46 10 31 37 22 43 55 27 49 34 28 45 45 39 38 60
57 56 32 62 56 30 58 65 47 56 74 27 66 17 13 36 50 55 26 71
25 27 6 30 20 7 19 25 13 28 36 1 28 7 1 16 11 32 19 31
27 24 24 33 26 10 28 27 24 16 39 4 36 1 1 18 29 35 29 43
28 29 35 35 30 13 28 33 23 33 32 23 24 18 7 27 35 34 32 36
35 38 31 29 35 8 33 44 25 45 42 28 26 29 17 34 28 39 39 34
49 47 34 65 54 11 38 59 36 57 60 25 53 21 16 46 52 64 46 56
4 6 4 12 14 1 10 18 9 5 19 1 15 3 7 7 16 12 4 17
23 18 27 24 27 7 27 33 25 28 23 19 16 16 10 27 22 35 34 20
28 41 26 50 46 16 54 57 38 46 54 17 46 14 18 33 40 51 34 51
17 13 19 15 17 4 15 27 17 12 28 3 18 1 1 3 23 15 7 25
9 3 9 6 3 1 10 9 9 1 10 1 9 1 1 8 3 12 5 13
40 38 27 34 41 10 35 41 20 43 46 30 32 34 25 41 34 34 35 43
21 14 14 17 33 2 18 25 16 24 28 12 20 14 8 17 22 32 26 24
60 47 32 60 67 26 57 68 47 46 70 21 61 18 25 43 59 58 46 66
14 29 14 38 39 4 33 39 22 37 46 4 40 15 19 28 31 38 29 42
21 30 20 24 35 16 36 34 21 25 39 7 37 7 2 20 15 42 32 42
3 5 10 6 14 1 8 8 7 10 9 3 7 4 1 8 7 16 14 7
1 16 5 16 19 6 16 15 1 20 20 1 15 1 1 2 4 22 17 16
12 9 3 11 17 1 13 16 8 16 13 2 8 4 1 10 7 22 9 9
7 15 6 12 12 1 15 13 3 15 18 1 17 9 3 12 5 11 7 20
53 47 34 51 54 22 55 61 39 41 60 20 60 26 19 53 44 61 57 60
16 21 15 32 23 5 20 28 11 23 32 3 31 10 6 24 25 28 26 34
45 55 31 47 35 23 36 55 19 56 63 21 47 23 17 27 35 34 28 53
38 48 34 55 51 35 47 56 26 38 61 12 61 8 10 39 38 58 50 64
9 8 15 13 9 1 6 25 16 7 16 4 12 8 1 19 18 26 19 11
11 12 1 18 15 2 17 16 2 11 21 1 20 1 4 13 13 14 9 22
28 38 29 52 30 16 30 58 24 39 57 18 46 23 22 42 42 46 39 43
5 9 4 5 10 1 8 14 5 7 15 1 13 8 3 10 8 9 7 14
15 11 8 14 3 3 13 15 7 7 13 1 11 3 1 14 5 11 10 16
9 5 8 9 11 1 3 17 6 10 15 1 6 2 1 3 13 19 6 5
23 38 27 48 48 10 47 53 32 46 53 16 45 24 23 44 32 51 53 46
23 35 22 36 29 13 36 46 20 32 48 9 43 19 20 34 30 35 28 44
18 27 8 34 28 3 39 33 19 30 42 1 41 12 14 30 15 31 29 43
42 52 35 58 61 10 43 61 36 64 72 20 55 34 33 42 53 58 47 64
59 52 34 53 45 28 42 55 27 54 66 34 49 28 15 41 50 47 33 62
48 47 38 44 25 27 37 66 29 43 58 21 44 22 16 39 39 42 29 50
31 36 18 40 28 12 30 34 7 40 46 9 37 18 12 24 24 26 28 43
3 2 11 7 6 1 4 12 8 1 6 1 5 1 1 10 10 17 7 6
38 36 22 43 38 19 38 48 22 28 50 9 51 16 20 32 43 27 27 56
2 1 1 6 11 1 10 11 5 2 12 1 9 1 4 3 7 7 2 8
53 56 42 47 62 21 41 60 37 63 69 30 47 26 19 31 44 64 50 54
39 37 25 42 38 16 47 46 37 36 48 19 49 24 17 51 28 60 50 46
1 7 7 4 8 1 9 9 5 9 10 1 3 2 1 5 1 13 11 7
40 29 14 37 36 15 44 49 27 30 44 21 45 26 23 49 33 42 33 45
31 33 11 26 20 19 31 41 7 33 36 19 31 29 21 38 16 23 25 34
36 48 36 33 51 21 50 56 38 47 58 25 51 22 13 32 28 51 41 53
22 12 13 16 35 1 17 37 25 25 33 6 22 12 10 15 24 33 17 22
3 5 1 7 2 1 3 12 1 7 10 1 9 4 1 13 3 16 7 12
17 17 12 20 16 3 10 21 3 19 25 6 18 12 3 17 20 16 16 27
42 35 32 48 31 20 37 44 26 37 48 24 36 16 7 34 44 36 25 50
17 6 13 12 10 2 6 13 7 5 15 1 14 1 1 9 13 13 10 18
48 50 27 47 26 32 52 45 33 40 59 22 56 24 15 43 27 39 31 61
36 23 24 22 25 14 31 40 30 24 36 15 32 7 3 21 25 32 19 35
6 6 10 6 11 1 8 12 8 7 10 4 7 5 1 9 7 14 12 7
30 34 44 48 30 15 31 51 34 36 53 24 36 13 8 25 45 48 35 42
48 45 37 43 45 16 50 57 39 39 56 13 53 26 16 46 31 60 57 55
26 17 18 19 27 6 29 39 28 20 35 9 30 13 10 22 23 28 18 36
5 12 13 16 9 1 11 21 10 10 16 1 15 9 2 22 14 22 16 15
6 6 6 9 8 1 14 13 9 7 9 1 9 5 1 18 4 23 16 13
9 11 5 6 11 1 9 23 9 14 14 6 11 14 4 17 8 18 15 12
32 24 31 44 32 11 18 44 20 26 47 20 36 13 15 31 46 42 37 39
7 11 13 8 7 3 9 18 10 4 14 3 8 5 1 10 12 16 8 14
10 17 17 6 11 7 16 22 18 16 22 9 14 10 1 12 11 17 10 19
19 13 12 14 20 3 19 27 15 16 24 5 25 16 8 22 14 19 17 28
6 14 12 10 12 1 14 16 9 13 15 1 14 12 4 15 9 11 13 19
44 47 37 40 60 19 52 62 45 45 64 25 54 28 28 39 49 50 44 57
8 8 1 12 19 1 13 18 7 14 20 1 11 4 4 7 12 15 5 12
1 4 1 1 5 1 1 4 1 7 7 1 4 5 1 8 1 5 6 6
16 19 10 19 24 2 12 30 12 21 30 1 20 2 1 9 19 36 17 18
2 5 1 1 8 1 5 4 1 6 9 1 4 2 1 4 1 12 9 3
16 13 10 7 8 1 17 25 13 12 20 2 15 10 1 18 4 17 11 22
17 9 5 10 11 1 16 21 11 10 14 3 17 8 1 22 9 20 11 20
12 12 6 12 10 1 5 18 4 14 15 1 8 5 1 7 10 12 5 11
3 11 7 1 1 1 7 10 4 6 11 1 4 7 1 7 1 4 2 9
29 26 33 30 41 11 30 40 33 26 44 14 29 11 12 13 41 35 27 41
46 52 40 57 50 21 52 81 50 57 75 22 62 24 24 43 54 61 42 60
30 32 20 41 35 2 23 55 30 42 47 14 37 14 7 35 28 59 35 33
37 32 34 44 30 28 44 35 36 29 37 25 40 17 14 29 37 32 23 47
18 15 7 12 20 1 14 25 11 25 20 7 7 12 5 16 8 25 18 9
3 6 5 4 11 1 5 6 5 7 14 1 9 2 1 4 4 17 10 10
48 41 33 37 35 9 35 49 31 49 46 29 28 30 17 33 31 37 34 39
7 7 3 6 5 1 5 13 1 7 11 1 7 5 1 11 3 12 6 10
31 28 23 29 16 10 13 32 2 32 37 13 23 23 13 25 19 21 25 35
38 25 12 29 24 11 30 34 26 30 34 13 28 20 12 37 15 38 31 28
16 20 18 21 32 10 33 26 24 18 34 7 33 3 5 11 20 30 22 36
44 49 30 56 48 20 56 54 29 54 63 24 54 24 20 40 41 44 44 67
1 3 3 1 1 1 1 9 2 3 9 1 4 4 1 6 3 11 3 7
16 27 22 34 22 8 36 37 29 23 36 8 37 9 12 26 32 24 13 43
9 11 4 8 2 1 7 14 1 12 14 1 8 10 3 13 1 5 8 12
38 39 34 42 29 7 25 56 31 41 48 12 37 16 8 33 35 48 29 42
50 43 33 46 42 27 54 45 45 41 58 23 55 27 18 41 32 49 46 63
9 9 11 10 23 5 11 14 15 8 23 1 22 5 7 4 18 20 11 22
27 7 23 23 30 5 22 29 27 17 21 13 23 14 9 30 25 41 36 25
4 3 11 5 12 1 1 9 4 8 9 1 6 2 1 1 11 13 9 8
17 13 7 22 14 1 14 10 3 16 21 2 16 3 1 15 11 24 22 23
57 48 27 43 48 22 38 67 35 52 57 35 45 29 25 43 45 49 25 50
7 7 9 4 12 1 4 14 7 10 15 1 9 7 1 9 8 14 10 11
39 36 27 41 42 10 53 50 38 46 50 25 44 27 24 40 32 43 39 46
24 23 15 20 28 4 24 34 15 31 35 10 23 12 4 20 21 26 20 31
47 53 40 51 47 30 47 58 40 54 64 31 51 30 24 30 50 38 25 56
23 21 20 17 16 13 15 36 17 11 29 5 21 4 4 12 25 23 13 24
32 31 20 32 24 14 23 30 9 32 39 18 23 11 9 18 28 20 19 33
19 19 13 25 29 5 20 26 9 27 32 1 27 6 1 14 17 36 25 31
53 55 32 55 45 15 47 69 40 57 65 29 55 28 29 44 48 37 23 61
3 10 11 6 14 1 9 10 6 9 16 1 10 2 1 2 8 12 9 14
8 12 7 9 3 1 11 22 7 13 14 1 6 9 1 14 6 15 9 13
47 37 25 42 46 14 40 38 34 40 53 17 39 18 10 29 29 56 45 50
15 10 9 21 28 1 14 36 20 19 28 2 20 7 8 15 29 28 15 21
44 34 31 46 45 6 39 43 26 45 44 29 36 30 25 47 39 49 48 43
47 38 33 41 28 19 38 44 26 33 53 14 44 25 14 37 27 40 40 55
3 1 1 3 5 1 4 2 1 3 5 1 3 1 1 7 1 12 6 4
35 52 20 51 38 34 59 39 31 45 61 19 58 18 12 39 15 48 40 63
1 5 1 1 5 1 3 6 1 4 8 1 4 1 1 1 1 9 2 4
3 4 2 1 1 1 2 9 1 3 6 1 1 2 1 4 1 8 4 3
26 33 6 36 30 10 30 35 5 38 40 5 34 12 6 25 21 30 24 37
37 45 26 58 55 13 38 57 33 50 63 6 61 12 15 29 45 56 37 64
13 7 14 26 14 1 17 26 13 17 17 3 21 12 4 31 18 28 29 22
32 28 18 28 21 16 27 41 16 30 35 16 26 12 7 24 29 22 14 33
11 4 8 3 9 1 1 12 7 1 15 1 12 1 1 3 7 13 2 12
7 3 12 5 12 1 7 12 10 7 8 2 5 5 1 8 8 14 11 9
23 24 13 25 21 1 20 30 14 27 31 1 28 12 4 20 16 29 15 31
51 42 27 46 51 14 32 40 17 52 49 39 34 38 33 43 46 44 42 44
17 8 7 11 15 5 14 20 12 10 14 7 16 8 5 19 11 18 13 17
9 12 13 2 12 2 4 17 11 6 20 1 14 5 1 7 9 17 8 17
32 25 20 39 40 11 23 31 21 28 40 4 33 5 1 15 30 52 39 39
5 12 9 3 4 3 9 12 6 6 11 3 4 7 1 9 3 8 5 10
2 12 3 6 13 1 6 8 1 14 16 1 12 4 1 3 3 11 11 13
6 13 5 4 14 1 12 15 6 13 15 3 11 8 1 10 4 16 12 11
27 19 9 33 26 9 23 28 11 23 32 7 28 6 11 20 28 22 14 30
9 9 7 6 10 1 3 12 5 8 17 1 13 4 1 8 8 12 6 15
9 6 1 8 11 1 3 14 3 10 15 1 6 1 1 3 10 17 4 4
46 43 23 45 47 16 51 41 41 50 52 24 45 31 23 45 22 59 51 47
22 13 22 9 21 4 21 31 25 22 24 13 14 12 7 16 14 29 20 16
6 2 4 7 1 1 8 8 2 1 4 1 3 1 1 7 1 9 3 7
17 18 13 26 33 1 18 17 6 31 23 13 18 17 7 22 18 37 35 28
14 10 7 15 13 1 15 11 6 9 13 1 16 6 1 18 10 22 18 17
31 28 31 27 26 8 21 22 17 25 35 18 26 12 6 17 29 28 23 39
19 15 12 27 33 1 32 37 29 23 31 8 32 16 20 34 26 36 27 35
7 5 9 7 12 1 10 13 8 9 10 3 7 5 1 11 5 15 12 7
5 11 1 12 7 1 7 16 1 17 16 1 9 8 1 14 4 19 15 12
43 42 43 59 60 11 46 66 42 57 66 30 56 36 30 51 51 73 67 57
7 6 11 6 10 1 3 9 3 4 12 1 7 1 1 1 11 6 7 11
40 29 25 41 44 14 41 47 44 30 46 9 43 15 15 32 37 45 34 49
32 42 25 43 55 14 39 45 24 43 58 12 48 19 14 29 36 45 43 58
39 26 24 45 33 20 29 42 41 21 46 10 43 13 10 38 36 61 42 40
41 34 34 43 30 9 32 57 43 42 43 24 36 20 12 43 35 55 35 35
17 28 23 28 20 10 29 39 13 26 37 8 30 18 17 24 21 25 26 33
26 36 34 60 40 11 40 41 31 32 59 16 52 16 19 41 43 54 51 59
61 56 50 54 52 14 19 57 32 56 70 28 52 33 24 35 52 59 42 61
10 14 5 16 11 2 14 8 1 12 16 1 15 1 1 8 4 12 13 17
50 38 18 50 56 16 43 57 32 52 59 23 53 25 25 41 45 51 34 55
33 25 18 23 28 14 25 40 20 18 37 6 28 5 3 19 25 33 19 30
7 3 5 7 9 1 6 15 5 7 5 3 3 4 1 13 8 16 15 2
12 2 5 8 14 1 7 14 7 4 17 1 16 1 1 7 10 17 8 17
1 9 4 11 16 1 13 6 3 8 15 1 14 1 1 5 8 21 10 15
3 5 7 3 7 1 6 6 3 2 7 1 5 1 1 2 5 7 6 5
3 4 6 10 16 1 11 13 11 6 18 1 15 4 8 6 14 12 4 17
43 28 35 33 36 7 27 50 38 39 39 24 27 11 6 21 35 42 22 32
29 45 17 41 38 28 49 48 17 45 50 21 44 18 17 42 16 42 37 50
30 31 8 31 20 13 33 19 18 22 41 4 42 16 10 33 9 31 27 44
31 25 26 37 41 1 38 53 39 37 42 14 35 17 18 36 38 48 33 37
23 14 17 13 15 5 14 26 16 10 26 3 20 1 1 9 17 24 9 23
13 14 5 13 9 1 9 27 6 20 20 1 8 12 2 15 10 21 14 10
27 29 13 30 21 9 35 30 15 25 39 3 37 12 6 31 16 28 27 43
30 30 10 30 10 15 32 30 13 22 33 6 30 15 8 37 12 23 25 36
16 9 4 15 5 3 7 17 3 11 15 1 10 4 1 14 9 14 9 14
30 23 23 47 31 13 32 19 31 23 34 18 33 21 17 41 30 46 46 40
6 21 12 13 22 6 20 20 9 22 26 3 15 6 1 8 6 25 23 21
3 3 1 1 2 1 1 8 1 3 4 1 1 4 1 8 1 8 5 4
39 46 33 53 51 12 41 44 30 41 65 10 57 17 19 31 45 44 43 68
9 20 16 16 21 4 13 15 8 23 26 4 19 10 1 9 12 25 21 25
12 3 5 11 12 1 9 14 6 12 8 5 6 6 3 13 7 13 13 7
49 48 18 59 45 18 48 60 37 48 70 11 65 23 28 50 44 51 33 67
22 14 16 11 26 8 15 32 22 20 25 8 16 13 6 14 18 34 19 17
8 6 4 8 8 1 2 15 4 12 16 1 7 5 1 9 7 15 7 10
32 23 28 20 43 8 34 43 36 24 40 15 33 18 17 20 29 44 32 29
29 32 24 30 30 7 29 37 17 39 43 12 27 20 8 21 24 29 28 37
15 2 2 11 16 1 18 11 10 9 9 7 12 8 6 19 5 19 15 13
20 25 14 30 23 6 33 22 15 24 36 5 32 9 6 19 16 22 25 40
25 24 31 36 25 1 24 37 21 26 35 20 26 23 16 38 34 35 39 35
6 5 10 3 10 1 10 12 10 2 11 1 8 3 1 8 6 14 4 11
17 23 11 17 28 6 30 31 19 25 31 11 24 17 13 23 15 23 20 29
42 41 38 34 32 18 28 40 25 36 50 22 40 19 8 24 38 29 26 53
28 38 26 53 51 12 36 46 23 47 55 17 41 17 22 35 48 49 42 51
51 39 38 41 45 26 41 61 39 35 53 21 38 11 9 33 46 52 40 44
3 3 7 6 12 1 3 4 3 8 9 2 7 3 1 2 9 9 9 8
10 8 9 7 10 1 6 14 8 8 16 1 12 7 1 11 7 15 8 14
21 30 19 30 29 12 25 28 17 32 34 8 26 4 1 9 22 30 20 29
30 31 24 37 40 6 40 52 36 41 46 11 38 21 23 33 36 35 27 45
29 27 24 26 29 5 21 42 24 35 37 15 17 14 4 18 29 39 27 27
31 18 21 21 28 6 26 31 25 26 25 20 23 21 18 32 19 31 30 23
45 30 39 45 50 6 39 51 42 36 48 25 44 30 26 47 46 54 51 51
14 18 19 17 22 5 14 31 19 9 31 1 27 7 4 14 26 28 15 28
39 31 35 26 40 12 40 46 39 34 41 22 36 18 13 24 30 44 34 37
8 2 7 9 8 1 5 11 4 7 9 1 11 3 1 9 8 10 7 14
32 34 36 37 33 10 34 61 30 43 53 16 41 24 18 40 28 57 53 37
20 18 6 21 11 4 22 19 9 18 24 1 16 3 1 19 7 22 19 22
17 21 18 31 27 9 19 28 11 22 33 5 30 4 4 21 29 32 25 32
53 42 26 53 47 21 44 27 33 42 50 34 45 35 32 51 36 44 48 57
17 16 4 17 9 9 13 17 1 14 17 7 15 8 6 18 13 8 7 19
30 21 22 33 37 9 44 39 37 28 41 13 38 7 13 26 29 39 30 42
5 3 3 9 6 1 12 5 3 1 7 1 10 1 1 8 5 8 4 14
8 6 11 12 11 1 10 12 5 7 10 2 9 3 2 7 12 9 9 14
7 19 10 15 22 3 21 31 14 23 22 5 18 12 3 21 10 35 27 17
31 20 29 19 31 4 28 35 29 25 30 17 25 18 7 26 24 38 32 33
6 7 2 8 5 1 1 17 1 13 14 1 5 7 1 9 7 15 8 6
57 51 33 49 30 34 48 55 28 40 60 23 54 25 17 43 38 35 40 65
1 2 3 1 5 1 1 3 1 5 8 1 3 1 1 1 2 7 4 4
4 6 1 1 4 1 3 8 1 4 10 1 5 1 1 4 1 8 2 3
8 3 7 11 9 1 9 11 5 6 12 1 11 3 3 6 10 10 3 12
1 5 1 4 15 1 10 3 2 9 11 1 9 2 1 4 1 17 11 7
13 8 9 13 19 1 4 30 14 18 20 1 11 7 1 13 20 31 13 12
1 9 5 3 9 1 5 5 1 10 10 1 9 7 1 6 4 8 7 10
41 47 23 60 49 13 38 49 20 56 62 13 55 19 16 33 31 48 39 61
31 34 24 41 41 14 30 35 14 35 50 9 38 7 6 18 31 41 33 47
21 22 18 19 18 9 19 28 18 21 31 9 20 4 1 6 20 22 8 23
12 7 5 11 15 3 9 16 7 5 21 1 19 1 3 10 15 13 2 19
34 26 40 40 42 6 30 59 43 42 43 30 36 32 26 45 46 58 48 32
5 5 4 6 5 1 8 8 2 4 6 1 8 4 1 8 3 5 2 11
12 22 8 20 22 7 24 20 7 28 24 6 21 16 6 21 6 26 27 24
20 12 13 12 7 1 10 24 12 8 22 1 13 1 1 5 13 16 2 18
9 13 7 6 14 1 8 18 8 12 21 1 17 11 1 13 10 17 10 17
52 44 36 44 42 29 36 57 25 42 56 33 38 24 20 32 54 46 40 49
24 30 17 26 25 12 33 45 23 28 43 11 36 16 17 26 29 17 14 40
7 14 5 14 16 7 14 13 1 17 20 1 13 1 1 7 4 20 18 13
31 27 23 31 23 11 27 28 28 23 37 12 27 17 5 33 20 43 37 39
1 2 3 2 4 1 1 7 1 5 3 1 1 3 1 5 3 9 7 2
57 51 43 68 55 11 32 61 38 50 71 16 61 25 27 40 63 57 46 72
46 41 21 39 41 18 41 58 21 46 56 18 47 28 21 41 32 47 36 48
13 14 14 16 18 2 13 16 8 12 24 2 18 2 1 8 19 16 11 24
1 5 2 5 9 1 4 8 2 6 11 1 8 1 1 2 5 16 7 6
15 10 4 15 8 1 8 20 1 13 19 1 17 7 1 15 9 12 10 20
42 40 26 38 32 25 41 53 25 32 50 20 48 18 10 35 41 33 24 54
5 6 10 9 7 1 6 14 7 6 10 1 7 6 1 14 10 20 9 11
2 6 1 6 3 1 4 9 1 7 8 1 7 3 1 10 1 12 5 9
31 22 12 24 14 8 17 33 15 20 35 3 28 9 3 23 18 25 14 31
22 17 14 14 25 1 12 25 11 27 27 12 15 18 5 21 16 24 23 24
10 5 11 9 11 1 1 23 11 7 18 1 10 1 1 7 16 26 12 10
9 15 16 8 6 9 15 15 14 10 15 9 10 6 1 8 10 9 7 15
27 23 17 22 22 9 11 35 14 22 35 2 23 5 1 15 27 31 17 27
41 31 23 40 34 4 17 38 22 35 47 6 34 15 3 27 32 49 36 44
46 48 28 36 34 24 52 53 25 50 52 32 46 35 27 46 25 32 35 48
7 12 5 6 12 1 9 11 4 13 15 1 12 11 1 14 5 13 10 14
5 1 4 8 6 1 10 2 3 1 6 1 10 1 1 7 4 9 3 11
8 17 9 19 13 1 12 27 7 19 25 1 16 7 1 14 16 26 14 16
33 38 31 48 51 15 44 64 42 43 59 10 52 23 24 39 46 62 50 49
33 45 26 52 53 20 47 56 30 48 63 10 55 9 14 31 38 50 35 61
20 24 10 26 17 7 16 29 10 23 31 4 19 4 1 15 19 31 17 21
24 36 20 39 36 7 33 52 29 39 50 8 37 15 14 28 38 39 27 41
10 4 4 12 19 1 19 19 13 6 17 1 18 3 6 14 12 19 10 18
15 25 19 41 22 12 33 38 14 22 38 6 37 1 4 30 25 40 35 35
7 9 7 9 4 1 12 10 6 8 12 1 9 3 1 9 1 13 7 14
13 13 10 8 17 4 6 25 11 12 25 1 20 8 1 9 17 22 10 20
53 47 40 47 60 22 48 59 40 52 65 40 51 32 37 42 57 46 42 59
18 9 7 17 18 2 15 28 11 15 19 5 14 8 5 18 19 24 12 16
12 11 28 25 22 6 22 41 33 9 33 6 28 1 7 17 36 33 21 26
8 6 5 7 10 1 6 12 3 9 14 1 7 1 1 4 8 13 7 5
10 13 9 15 18 2 23 19 12 15 22 4 16 4 3 9 12 13 11 21
16 11 13 16 12 1 14 6 8 8 18 3 12 2 1 10 9 17 18 21
20 15 12 24 31 1 34 34 25 25 25 14 24 18 22 31 21 30 24 24
46 39 44 45 40 30 45 51 45 22 53 18 52 10 7 27 48 41 33 60
15 15 13 17 18 1 13 21 8 23 17 7 10 14 1 16 14 17 17 18
29 22 21 19 32 4 26 40 25 31 36 14 22 12 9 17 27 34 22 23
12 1 4 7 11 1 7 18 10 9 11 2 7 5 1 12 8 24 9 10
18 24 12 17 13 8 18 26 1 27 26 6 21 15 8 22 9 13 20 23
7 10 12 4 6 5 10 11 9 5 12 5 6 1 1 1 7 6 6 8
2 7 2 1 3 1 4 9 1 2 8 1 5 1 1 4 2 4 1 7
7 2 8 12 7 1 9 9 6 3 7 1 10 1 1 10 8 16 11 11
8 5 8 9 10 1 8 15 7 15 9 5 5 10 2 14 7 15 14 11
11 11 9 10 18 1 12 19 9 24 17 8 10 15 5 16 8 21 20 12
1 4 1 1 1 1 1 6 1 5 7 1 2 4 1 5 1 6 1 5
19 14 5 34 17 1 17 31 17 15 27 1 26 2 6 22 26 25 13 28
29 20 25 33 31 8 17 26 16 20 34 10 30 8 6 24 35 39 33 37
13 5 3 13 7 1 9 13 1 5 12 1 11 1 1 7 9 11 4 12
45 44 34 43 41 21 37 57 25 38 60 10 47 19 14 30 39 42 35 54
30 31 17 35 26 10 20 35 4 39 39 13 26 22 12 30 27 28 31 35
34 45 22 42 19 23 42 45 17 38 48 15 43 15 9 33 22 32 27 49
17 14 13 13 35 6 23 31 25 20 31 9 27 14 13 16 21 32 23 27
35 33 22 29 21 11 42 36 23 38 38 16 32 21 11 33 10 32 37 38
14 11 14 15 5 7 18 18 11 7 11 7 14 2 1 13 13 12 9 18
15 12 2 12 15 8 14 17 6 13 16 9 14 9 6 18 12 13 7 16
37 36 42 34 36 23 36 62 45 29 47 17 40 16 6 32 44 52 38 40
5 10 13 12 13 1 12 19 11 7 14 1 14 8 5 15 16 19 10 18
30 29 26 29 37 13 34 40 25 40 42 18 25 13 8 18 22 41 34 32
33 41 29 48 46 15 45 52 31 51 55 22 39 21 16 28 41 43 37 50
6 9 1 13 21 1 17 20 11 14 22 1 18 1 8 12 13 15 10 16
43 36 36 46 39 16 32 37 14 39 52 17 47 28 20 34 34 48 46 57
35 51 38 43 43 34 50 54 34 42 60 21 55 12 8 32 24 51 34 61
2 1 1 3 3 1 1 7 1 1 5 1 2 1 1 6 2 12 4 2
47 53 33 53 35 17 38 41 15 55 60 22 44 29 18 38 30 43 46 57
35 33 12 38 26 11 32 44 17 33 42 9 38 18 15 32 28 23 16 42
2 3 4 3 14 1 9 7 4 8 9 1 6 4 1 6 5 13 11 6
17 28 20 14 15 10 24 27 11 23 33 8 26 18 11 19 9 23 18 29
9 5 9 8 12 1 8 21 11 12 13 5 8 9 1 12 12 23 11 9
25 35 19 44 59 11 39 49 35 51 51 14 44 13 19 24 36 54 35 43
1 2 5 1 13 1 5 6 5 8 8 1 6 4 1 5 5 14 10 6
6 2 8 4 14 1 7 10 10 10 7 5 5 8 3 9 7 17 14 6
8 8 7 5 8 1 9 16 8 7 13 2 7 4 1 11 4 14 8 9
12 19 16 24 27 8 16 29 16 13 33 1 31 2 1 15 23 40 28 30
5 7 12 6 7 1 9 7 6 8 7 4 1 3 1 5 6 6 10 9
9 5 9 3 8 3 1 16 10 1 14 1 9 1 1 3 11 19 7 11
21 13 29 37 22 1 15 30 18 12 33 12 28 6 11 25 40 31 26 32
22 21 20 14 20 7 11 34 19 17 32 5 18 5 1 8 24 31 15 20
4 7 6 2 5 1 5 11 5 3 9 1 5 4 1 7 3 10 4 7
3 4 8 4 11 1 7 11 8 6 9 3 7 6 1 9 8 19 10 8
45 39 22 48 52 13 53 46 40 48 61 19 57 31 28 47 28 54 53 60
6 9 8 9 11 1 3 13 4 16 15 3 8 9 1 10 8 14 13 13
8 9 17 11 17 3 16 15 14 11 15 7 11 5 1 7 18 15 13 18
30 35 22 25 23 11 24 40 21 30 46 8 33 12 5 17 22 30 18 38
13 10 10 14 16 1 18 20 11 10 21 1 25 11 6 18 12 14 14 28
5 3 11 4 10 1 11 21 12 4 10 2 6 2 1 9 11 17 9 9
21 29 11 40 32 9 25 40 16 31 43 3 34 5 8 21 32 38 20 36
1 5 8 1 6 1 7 12 8 3 8 1 3 4 1 6 2 9 5 7
39 42 28 48 39 17 37 41 31 47 48 18 40 9 1 22 32 46 28 48
5 7 3 6 5 1 3 14 2 11 10 1 4 6 1 9 4 11 5 7
56 56 45 63 59 15 54 72 46 69 73 32 60 32 31 46 51 61 44 69
24 36 20 35 40 22 39 38 20 34 49 10 50 13 10 34 13 50 42 52
13 15 13 9 4 4 14 19 11 9 19 4 14 8 1 12 7 10 6 21
48 64 45 67 53 35 58 65 27 65 79 28 65 25 22 37 40 51 46 76
39 45 32 53 56 16 39 68 40 42 65 7 54 13 17 37 60 53 38 57
17 21 28 15 11 11 15 38 25 15 27 9 21 8 1 14 25 23 12 25
31 24 20 31 22 4 15 9 7 21 26 15 23 13 10 26 23 21 26 34
13 13 11 10 11 5 13 19 11 9 17 4 14 8 1 16 10 15 8 18
14 16 7 13 16 1 6 23 7 18 29 1 17 5 1 6 12 25 8 20
9 3 3 6 4 1 3 11 2 2 10 1 10 1 1 7 5 8 1 12
2 2 1 1 5 1 1 6 1 1 8 1 5 1 1 1 2 6 1 3
9 18 10 21 21 2 19 15 5 23 24 2 21 9 5 10 12 12 17 26
37 34 24 46 41 11 42 53 29 43 48 24 43 24 23 48 36 55 44 37
48 47 32 59 50 10 43 60 31 57 61 20 52 26 19 41 38 60 46 59
13 14 10 16 25 1 10 22 12 22 26 1 18 8 1 10 19 27 15 19
4 4 11 1 8 1 8 13 11 2 11 1 5 3 1 6 5 14 5 8
16 14 5 24 22 7 32 13 22 13 25 4 27 9 9 24 9 27 24 30
7 6 7 9 9 1 5 7 1 10 9 1 8 7 1 10 6 7 8 12
31 22 4 32 18 13 27 30 19 22 34 8 31 15 8 35 19 35 23 34
18 16 17 15 27 1 22 23 16 22 22 14 13 19 11 19 15 19 23 22
16 13 14 9 21 1 16 27 14 24 21 10 6 13 5 14 12 26 21 11
32 25 12 31 19 8 24 29 23 25 34 6 24 14 3 28 15 35 27 33
49 48 48 49 44 37 45 72 47 34 63 25 53 8 7 37 61 52 34 54
50 39 48 38 55 16 43 52 44 36 50 31 40 32 26 35 46 52 49 50
10 10 9 9 9 5 9 16 7 6 14 1 13 4 1 10 11 10 7 14
33 28 27 38 36 14 36 45 33 34 43 16 36 12 6 22 39 38 19 42
18 12 20 16 14 1 15 30 19 9 19 2 18 6 1 22 19 27 21 25
34 28 22 25 24 7 26 33 17 31 34 18 24 20 9 29 23 23 25 38
3 2 5 9 12 1 6 8 2 5 8 1 6 2 2 9 11 14 12 6
12 14 8 16 18 1 19 18 7 22 16 5 13 13 2 21 6 24 25 19
15 18 4 24 25 3 26 21 6 30 21 4 24 15 5 25 6 31 34 28
29 39 24 46 51 24 41 50 28 29 56 9 53 7 19 27 49 45 36 52
9 7 3 7 6 2 4 10 3 5 13 1 10 3 1 11 6 10 4 13
15 22 34 35 31 5 30 53 41 13 44 5 39 5 18 27 46 43 30 37
38 24 25 45 39 5 34 43 32 35 46 15 37 23 18 43 37 50 43 46
19 26 14 17 27 11 28 33 18 22 38 11 31 11 9 18 25 23 11 34
49 58 24 65 44 30 58 49 18 55 71 22 61 28 27 45 36 39 47 74
12 10 5 12 17 1 23 14 12 18 14 5 13 10 3 20 1 25 23 16
10 10 3 7 15 2 11 14 6 14 13 5 10 8 3 13 4 16 15 11
9 10 9 17 18 1 11 21 8 16 16 2 9 4 1 12 17 27 17 8
26 31 28 43 44 9 32 53 33 34 53 9 47 15 14 34 45 48 44 47
42 40 17 38 29 20 36 48 22 41 44 21 35 17 12 32 32 34 21 40
14 19 16 19 22 9 24 22 15 16 27 4 26 1 1 11 11 32 21 29
26 25 12 23 8 10 25 23 17 13 31 2 31 14 7 27 8 19 19 36
47 44 24 45 22 17 32 46 20 43 51 13 42 14 9 31 29 32 24 49
3 6 8 5 10 1 2 12 5 11 13 1 9 6 1 7 7 12 8 10
6 5 1 7 11 1 3 9 1 10 12 1 6 1 1 2 8 13 4 4
7 18 12 8 11 6 17 14 9 14 21 6 16 5 1 7 10 9 4 20
34 42 31 57 47 17 45 64 42 43 56 18 49 20 30 46 56 51 33 52
13 7 9 14 21 1 22 20 14 14 10 11 13 15 12 23 13 23 17 15
6 11 4 12 12 1 12 4 1 11 14 1 11 1 1 7 1 16 15 13
28 15 28 33 34 4 27 38 26 26 31 17 18 17 14 27 34 40 33 28
33 35 16 43 23 7 34 46 24 32 47 2 41 12 16 30 29 28 20 47
19 36 13 37 35 18 29 33 4 38 42 11 36 14 9 24 26 28 30 41
22 22 20 24 22 6 28 38 19 25 28 10 22 22 14 32 20 28 29 29
3 26 11 20 21 11 24 23 7 25 25 3 19 9 1 19 7 31 27 25
12 7 8 11 21 1 21 16 13 14 12 10 12 12 9 20 10 26 18 12
26 39 12 38 24 18 43 33 18 27 51 1 49 11 8 29 13 34 31 54
14 20 14 18 22 3 19 12 6 20 23 7 13 6 1 9 9 19 23 22
38 37 31 49 44 5 27 49 33 40 50 18 42 14 19 27 47 45 24 45
43 42 33 59 51 5 35 29 30 47 55 25 45 27 29 38 47 52 45 56
34 38 27 36 45 4 27 32 18 53 44 24 29 34 21 32 27 45 45 37
39 36 40 39 34 11 27 36 24 33 47 23 38 22 14 28 42 35 32 52
8 10 6 10 12 1 9 13 5 11 18 1 13 3 1 7 5 20 11 13
34 33 34 29 38 21 34 48 21 31 43 12 40 25 15 31 29 46 43 41
5 9 8 4 6 1 8 11 5 4 8 1 4 5 1 8 4 10 5 9
21 18 11 20 17 9 12 23 3 23 25 11 13 11 6 15 20 15 14 19
9 9 10 8 7 3 5 10 4 8 10 3 5 4 1 6 8 7 10 8
21 23 21 21 13 13 18 32 15 21 26 12 17 6 1 11 25 18 12 21
22 27 8 26 21 5 22 35 15 25 39 3 28 6 7 17 24 16 6 33
6 14 10 10 14 1 14 14 8 13 19 1 15 4 1 9 4 19 12 19
40 35 22 45 51 14 43 51 24 45 50 28 39 28 30 44 45 43 39 48
51 65 33 73 56 25 58 51 24 62 76 29 68 35 39 57 53 52 57 81
55 56 54 55 56 10 39 60 47 68 66 43 44 44 31 49 54 68 59 53
12 10 16 22 17 1 10 23 10 10 21 2 14 3 3 8 25 14 13 22
38 35 21 40 26 10 32 35 17 33 50 6 38 15 7 29 26 32 30 48
17 38 24 32 35 23 38 32 21 37 44 15 38 12 5 15 24 28 19 42
64 56 45 61 49 21 32 59 29 58 72 25 58 30 21 40 45 62 47 68
33 30 24 27 28 16 33 47 28 23 45 10 39 13 8 24 32 30 17 45
13 8 15 9 16 5 11 14 13 1 16 1 18 1 1 3 15 17 10 20
39 40 35 46 34 24 40 62 22 40 57 20 48 27 28 41 44 35 32 54
36 32 34 45 27 19 37 56 43 25 54 13 51 9 8 36 46 41 22 53
1 4 2 2 2 1 2 2 1 5 5 1 2 2 1 5 1 6 5 5
20 29 30 44 33 11 29 39 20 28 44 19 36 15 14 34 40 42 39 40
34 32 38 34 20 17 28 46 23 33 42 16 34 20 12 29 28 32 31 42
45 40 25 41 19 16 30 51 22 39 51 12 41 13 8 27 30 29 15 47
23 18 26 20 30 7 23 28 22 22 28 14 22 15 6 20 27 32 26 32
1 4 2 3 7 1 3 7 2 7 12 1 6 1 1 1 1 13 6 5
12 20 16 22 26 1 22 16 10 23 28 6 22 14 5 16 16 22 23 32
29 23 4 33 34 15 36 31 13 27 32 18 35 16 19 34 26 31 25 35
41 45 37 46 32 5 26 36 15 49 50 25 34 37 25 42 31 44 47 47
30 15 25 19 35 3 25 27 23 24 26 18 23 21 13 25 22 32 31 28
45 41 20 40 46 16 30 60 29 43 58 20 49 22 19 31 46 40 21 50
35 32 23 34 37 16 34 44 25 28 48 10 39 8 9 21 37 35 22 44
45 50 35 45 53 25 62 63 42 50 67 23 62 22 17 38 29 57 46 64
22 14 5 23 26 2 31 27 15 23 26 8 25 10 11 23 15 28 19 25
28 28 20 27 26 14 27 44 18 35 34 18 23 17 10 29 31 28 24 28
6 3 8 9 14 1 7 4 4 7 11 1 13 1 1 5 8 15 10 14
46 41 35 42 41 11 47 47 35 50 53 27 42 32 19 42 29 53 51 51
37 24 33 38 47 4 28 48 35 32 43 12 32 12 9 25 41 55 40 34
38 42 37 59 45 20 58 57 48 38 64 12 64 20 23 51 41 65 62 66
1 4 6 11 7 1 8 7 1 4 7 1 8 2 1 10 9 9 7 12
41 50 34 52 48 17 53 58 35 59 65 24 50 27 24 37 43 43 39 62
25 40 16 33 31 15 27 37 5 39 46 15 32 17 9 21 28 27 27 43
1 4 12 7 2 1 2 18 9 1 8 1 5 2 1 13 10 18 10 8
14 16 9 15 15 4 12 20 6 23 22 5 12 10 1 16 10 19 18 17
22 35 19 34 29 12 38 44 18 37 44 10 38 21 24 35 23 24 27 41
32 35 28 43 46 10 31 42 27 36 50 6 41 6 2 13 39 49 32 51
45 51 41 55 49 27 50 55 32 47 65 15 56 17 4 27 43 54 46 67
11 13 12 5 10 3 11 22 12 8 19 3 12 6 1 12 10 17 7 18
16 17 14 13 10 7 15 24 11 13 24 5 18 5 1 12 15 12 5 24
40 38 14 38 37 5 25 47 22 46 47 18 39 17 10 33 28 43 17 41
30 25 12 33 30 11 33 41 19 36 38 12 31 15 9 34 18 48 37 32
37 26 25 51 25 10 23 44 35 22 46 10 43 4 9 34 41 50 27 39
29 16 15 21 19 4 19 35 18 21 25 6 25 18 8 32 17 30 30 30
9 9 8 5 21 1 18 25 15 17 21 5 14 13 7 14 8 19 14 14
46 41 28 53 37 18 43 45 27 40 61 13 52 25 21 38 31 50 44 59
51 36 31 39 40 22 49 50 42 29 53 16 53 26 18 47 26 55 48 53
15 16 18 13 14 6 11 19 11 12 21 6 12 7 1 12 16 13 13 21
49 52 24 55 46 19 47 72 36 55 62 25 52 27 29 47 50 41 27 58
7 1 1 7 1 1 7 1 1 1 3 1 4 1 1 10 1 9 9 6
18 12 9 27 16 9 28 18 22 8 25 3 28 5 11 19 16 23 14 30
6 9 4 7 8 2 5 8 2 8 15 1 10 1 1 6 5 12 9 9
32 25 21 18 31 8 29 38 26 27 34 16 31 20 13 32 19 42 29 30
46 40 35 57 35 23 60 63 55 38 65 27 63 29 29 60 40 57 52 63
9 6 5 10 5 1 8 14 5 8 9 1 2 1 1 8 6 15 6 5
15 19 15 12 9 9 17 26 14 19 22 10 11 10 1 12 12 14 10 16
8 9 8 6 3 3 5 15 6 4 12 1 8 3 1 7 10 13 6 9
4 12 9 4 3 3 8 12 6 7 10 3 5 8 1 8 4 6 4 12
5 9 12 1 12 1 8 19 12 3 19 1 15 3 1 3 12 10 2 19
18 21 14 19 18 7 18 26 17 20 30 7 18 3 4 2 21 16 5 21
36 39 35 34 50 25 46 47 36 37 51 19 44 11 7 20 31 48 41 48
1 2 1 1 8 1 8 4 2 3 4 1 4 4 1 5 2 4 5 5
4 5 1 6 9 1 9 9 2 3 9 1 9 2 1 7 9 8 6 9
52 41 32 45 45 21 35 52 22 45 52 32 38 28 21 38 51 42 36 52
1 3 3 1 6 1 5 12 5 6 7 1 3 7 1 9 2 15 6 4
10 16 9 16 21 5 18 23 11 16 25 5 21 10 6 18 18 26 18 22
29 22 18 32 41 3 35 32 24 37 37 14 31 19 13 27 23 44 35 34
22 23 7 25 8 8 11 35 6 24 27 6 17 13 8 23 20 17 13 20
24 4 10 14 26 1 17 26 18 17 21 7 17 9 6 18 15 31 19 16
50 38 22 46 31 22 36 39 28 34 53 10 49 23 16 39 25 43 40 54
31 23 12 25 23 6 26 37 13 33 30 12 24 25 16 31 14 25 25 26
52 48 30 51 44 23 58 58 23 54 54 33 55 43 36 63 32 51 54 54
45 36 25 38 40 12 40 50 28 47 42 26 37 32 23 46 32 45 39 37
22 27 14 22 25 10 31 34 17 29 31 14 25 14 8 29 19 31 25 30
33 54 37 49 47 30 55 60 33 50 69 20 62 23 25 32 38 47 39 66
1 4 4 2 11 1 5 9 3 9 9 1 5 4 1 6 4 12 10 6
23 25 18 44 26 9 29 44 16 26 40 14 37 16 19 40 40 25 29 39
