1000 20 14 1089
7 3 5 1 6 6 4 6 3 5 1 6 13 7
6 0 10 9 18 13 7 6 2 1 4 1 1 4
4 1 9 7 1 5 6 2 3 1 7 1 1 0
0 4 8 0 7 4 2 12 2 2 7 6 3 3
8 18 6 3 5 2 2 6 3 9 10 14 8 19
0 3 5 4 3 2 6 1 1 3 0 8 6 1
8 0 1 0 2 2 21 8 1 4 8 2 4 10
5 6 10 2 3 0 6 0 3 1 1 1 1 4
1 7 1 3 7 2 2 1 1 1 2 2 0 4
3 2 0 8 2 4 2 8 3 5 6 2 0 4
5 14 15 5 14 0 13 11 1 14 1 15 0 2
0 3 3 5 7 1 2 1 1 8 0 5 1 5
5 8 6 11 6 15 10 4 9 4 4 15 4 8
15 5 13 13 5 9 4 4 9 2 7 6 14 8
2 7 0 4 4 1 5 3 8 2 1 7 5 1
6 1 3 6 3 9 1 1 2 12 2 3 1 4
9 7 4 4 1 9 12 6 14 20 11 15 4 9
4 1 5 4 0 4 5 2 10 1 4 4 0 2
8 0 6 3 6 0 12 6 4 8 3 1 0 10
6 1 1 1 2 3 2 3 2 1 1 5 11 4
2 6 3 1 10 0 1 3 3 1 5 2 3 3
4 4 2 3 8 5 2 5 15 7 7 7 3 0
11 8 7 9 6 4 1 3 5 7 2 3 6 10
3 11 4 2 9 4 2 3 0 5 9 16 10 11
5 0 2 5 1 4 4 5 7 2 2 7 3 0
2 10 3 2 0 0 2 1 1 4 0 1 5 1
8 4 8 9 6 0 4 1 3 2 3 9 11 7
12 6 2 7 3 11 11 0 2 2 7 5 13 4
2 2 0 1 3 2 6 2 0 6 1 5 4 1
3 3 1 1 2 1 3 5 3 3 5 1 5 1
4 1 1 12 0 3 9 1 0 4 1 3 2 1
9 14 11 4 5 1 1 9 5 2 4 5 1 1
9 1 4 1 13 2 8 1 8 5 1 3 1 1
5 1 3 0 6 11 9 5 11 4 2 1 8 7
11 12 1 6 13 7 2 8 5 14 2 0 0 3
14 1 12 6 1 14 2 4 1 8 11 1 18 8
1 4 8 4 7 1 9 4 2 0 5 1 10 9
5 4 3 1 2 2 1 3 2 2 1 5 2 4
8 1 4 9 13 9 9 11 6 11 2 7 0 4
7 4 5 6 5 1 8 3 5 7 5 13 12 2
19 11 3 3 15 7 5 4 0 4 9 11 12 0
1 4 6 0 4 2 1 2 5 9 4 1 6 1
5 4 5 9 9 0 3 3 8 4 4 5 1 3
4 1 14 4 1 17 4 6 8 9 11 2 4 5
2 10 7 0 2 2 1 7 7 10 1 21 15 5
4 1 3 4 1 4 5 10 1 6 15 22 3 2
0 8 1 9 12 6 8 7 4 3 1 3 3 14
9 13 12 2 1 2 9 8 0 15 4 17 2 7
4 2 4 13 4 5 2 3 4 1 6 6 10 8
12 11 3 2 11 4 8 4 10 10 1 22 2 4
2 1 5 1 1 5 8 3 7 0 2 8 5 3
2 2 7 7 7 1 1 16 1 4 5 8 11 1
0 2 2 9 2 0 8 5 2 3 12 4 1 3
1 0 5 7 6 0 4 8 7 2 10 11 8 1
7 0 5 3 4 0 5 3 1 4 2 12 8 5
1 9 13 0 16 13 7 4 8 7 3 1 5 1
9 7 8 1 9 1 7 6 6 5 3 1 0 5
4 0 0 1 4 4 3 4 10 2 1 4 0 1
1 1 1 2 2 3 7 5 3 1 3 2 4 2
0 6 5 5 8 3 7 5 9 4 6 6 7 5
27 3 1 1 4 3 4 7 8 10 11 15 7 10
14 9 1 10 1 5 8 5 6 3 1 3 2 3
1 5 1 2 7 4 5 8 1 1 0 4 4 2
7 9 2 4 4 7 1 2 8 1 10 0 1 4
8 7 5 0 1 18 3 5 22 0 4 9 1 11
1 8 4 3 6 5 1 5 1 2 1 2 0 1
16 6 7 8 7 6 5 2 3 6 2 10 7 14
6 5 10 4 8 4 9 2 11 0 8 6 14 5
2 3 0 1 1 5 1 1 6 3 1 3 1 2
7 3 0 5 3 3 7 0 4 2 3 5 9 8
10 13 3 10 7 5 0 7 6 8 3 7 2 19
8 5 5 2 4 1 8 3 3 3 3 8 2 3
3 4 4 3 8 3 0 1 1 4 5 1 3 6
20 11 13 2 2 1 2 14 2 1 3 2 1 4
2 10 3 9 9 9 4 4 0 1 3 5 6 3
15 4 1 9 3 7 2 13 6 4 5 9 4 0
1 1 3 8 0 4 2 2 2 1 4 2 0 2
8 3 10 9 2 6 19 8 3 7 7 1 5 7
3 5 4 4 1 4 4 3 11 2 5 2 1 0
4 3 4 8 1 5 10 3 3 13 9 7 15 3
7 3 8 2 4 11 8 16 5 3 1 1 3 1
2 1 8 2 13 9 10 10 10 14 4 19 10 3
11 20 19 5 10 4 7 0 1 0 2 9 2 10
7 12 9 1 3 9 4 3 8 1 6 4 2 3
3 1 1 12 6 2 8 8 2 7 7 9 9 2
11 16 1 3 5 6 10 7 6 20 8 4 9 1
0 12 9 10 7 5 1 14 7 6 7 8 13 5
14 15 15 6 12 2 4 5 8 8 9 4 10 5
0 3 4 0 1 1 3 5 3 3 3 3 9 1
4 10 9 7 2 21 20 8 1 1 5 13 13 1
1 5 5 15 14 6 1 0 2 1 3 0 13 18
14 1 15 1 4 1 7 10 6 20 3 5 3 9
1 6 7 2 1 10 7 3 3 5 6 2 13 4
19 3 10 3 9 2 3 7 5 2 4 8 3 3
5 11 8 7 2 5 7 8 14 6 4 12 8 9
2 12 4 6 7 1 3 4 5 1 1 6 20 6
1 5 2 13 15 1 5 1 10 2 12 4 1 1
13 15 1 0 3 8 3 4 17 0 17 6 6 6
4 0 2 6 2 2 8 1 3 1 2 3 3 4
3 8 1 4 6 1 1 4 8 4 9 2 3 11
7 1 1 9 7 6 10 3 7 1 6 14 11 10
2 3 1 2 1 1 6 8 5 1 2 1 15 6
5 4 2 4 2 7 8 4 1 0 5 0 13 13
12 4 2 4 11 5 7 5 8 8 2 4 15 9
6 1 18 2 12 9 6 15 13 4 11 11 4 4
8 2 4 0 4 10 3 4 7 4 4 5 1 1
4 8 0 23 1 14 10 6 8 5 11 2 12 3
8 6 7 1 17 7 2 5 6 9 8 1 7 1
12 1 13 5 7 3 4 2 11 6 1 8 3 11
3 4 4 1 1 4 4 7 1 7 1 1 2 3
1 6 1 6 3 2 1 1 8 2 3 2 2 2
15 12 11 6 13 10 14 5 5 6 1 8 4 9
1 7 5 1 0 3 1 2 3 3 5 4 0 2
7 2 2 3 3 2 4 3 1 3 3 1 4 4
1 0 6 5 3 6 5 2 0 1 0 4 2 1
12 1 1 14 18 6 2 8 13 9 5 7 8 16
1 5 2 2 2 1 6 0 1 6 1 0 2 5
3 1 2 9 12 11 8 13 1 10 8 10 8 6
14 6 4 13 1 5 4 0 9 9 9 4 4 2
3 1 15 8 2 1 10 4 3 5 4 3 8 3
4 6 2 9 10 9 0 3 6 3 9 2 12 1
9 1 0 9 15 7 3 1 11 16 3 10 4 2
11 1 3 6 2 5 3 4 7 7 8 6 5 5
3 0 8 1 6 12 8 11 4 14 19 12 13 6
5 13 5 9 2 3 8 12 2 2 9 9 4 19
4 10 1 5 3 1 5 11 7 0 4 3 2 9
1 2 0 4 1 2 2 0 3 7 3 3 2 1
5 1 2 3 1 4 4 1 2 3 2 2 2 5
0 1 2 4 8 0 3 2 1 2 1 5 5 3
6 3 3 4 0 5 4 7 2 3 8 8 2 4
4 4 1 20 9 10 5 11 3 10 9 16 5 6
6 14 4 8 9 6 12 10 22 5 6 12 7 3
7 13 1 13 3 12 10 5 9 0 13 4 5 19
8 12 5 9 11 1 17 0 0 13 2 1 5 3
5 3 4 3 6 2 7 9 16 3 2 8 3 5
0 2 13 5 8 2 20 2 4 5 11 1 7 8
1 4 1 5 4 2 2 2 3 1 0 0 2 5
4 1 9 4 1 1 1 0 0 5 8 3 3 10
1 2 4 3 3 4 4 9 5 8 6 18 12 5
3 7 4 6 7 5 10 18 7 12 12 1 4 12
12 11 3 3 8 13 5 11 13 13 3 3 12 8
1 5 1 6 3 7 9 1 1 4 6 11 9 11
3 2 1 1 2 0 9 5 16 19 7 13 15 13
7 1 0 7 1 1 10 6 6 11 11 7 3 7
5 8 0 9 8 1 3 5 5 3 7 1 12 8
6 4 6 6 6 7 6 9 6 1 11 10 2 13
4 7 17 7 14 21 2 4 5 4 5 4 1 14
9 5 8 6 3 5 10 1 2 10 6 2 0 5
6 3 4 2 4 7 4 1 5 2 1 5 5 1
1 5 8 2 4 17 3 3 5 14 3 6 14 12
1 3 2 7 1 14 3 1 2 4 3 4 1 1
5 7 5 15 16 7 7 4 5 0 9 21 10 1
2 0 3 3 2 4 1 3 6 0 1 7 5 7
2 4 6 7 3 2 1 4 2 6 5 4 2 7
16 4 11 1 0 11 1 8 12 20 10 1 7 5
3 5 6 0 1 4 4 1 1 3 3 1 1 0
2 5 1 6 8 2 2 0 1 6 1 1 1 2
15 6 2 14 1 12 9 1 1 0 2 16 3 6
3 3 1 3 0 3 3 7 2 4 2 3 1 4
4 2 18 7 7 4 1 10 7 2 2 7 16 2
2 3 8 3 0 1 3 1 2 2 2 9 4 2
0 1 3 4 6 1 0 2 2 5 1 2 1 1
13 13 22 18 8 5 2 4 2 9 0 3 2 8
1 2 9 1 10 5 2 1 3 1 4 3 2 10
17 16 4 7 1 13 4 1 0 6 4 11 4 6
2 7 1 17 3 16 4 6 12 8 4 5 2 6
9 4 7 3 12 5 13 6 1 14 1 3 15 12
4 2 0 3 4 1 5 1 5 6 2 1 4 5
4 10 1 4 0 3 1 2 1 4 1 3 4 1
4 1 1 2 7 6 7 0 2 3 3 3 1 1
1 7 3 4 1 1 3 0 3 1 1 0 1 2
4 8 0 9 9 1 2 4 4 7 4 4 7 5
3 5 1 9 4 0 1 2 2 3 0 3 1 1
4 0 7 2 4 9 5 5 7 16 5 12 3 3
1 0 6 7 1 13 8 11 9 17 15 3 5 8
14 7 2 5 5 5 4 3 0 2 13 11 3 3
2 5 8 8 1 2 5 9 9 3 2 12 7 2
10 4 6 5 2 10 2 1 1 6 5 6 4 1
4 16 2 11 6 4 9 1 4 7 17 10 2 6
2 1 13 10 7 7 12 1 10 5 15 23 1 1
0 3 1 3 3 7 1 0 3 5 2 1 2 2
13 12 9 4 4 8 8 18 1 7 3 12 0 0
2 2 8 2 9 5 3 2 5 5 1 11 19 2
4 2 11 2 0 4 1 10 3 1 7 8 4 7
6 0 1 1 14 3 7 0 11 7 12 9 9 11
7 3 9 3 2 7 3 7 2 0 9 7 3 4
7 1 2 1 5 1 16 10 3 2 0 1 20 3
2 2 6 14 1 4 13 5 10 2 2 1 0 4
1 1 0 0 7 1 3 2 2 5 0 2 4 0
5 5 1 5 14 1 1 1 5 6 11 9 3 1
3 9 4 4 16 19 16 1 8 5 11 6 2 11
3 4 2 5 1 4 1 4 2 2 2 2 5 2
2 1 0 6 2 3 3 2 3 8 5 6 8 7
9 6 9 9 10 0 8 10 13 3 5 6 3 0
6 11 9 1 2 9 5 5 13 0 16 15 4 3
15 17 2 4 1 2 3 9 24 10 6 6 13 0
2 12 10 11 3 5 2 8 4 0 3 8 11 4
3 1 1 3 2 4 4 4 3 1 6 4 8 12
15 14 2 1 6 8 0 10 8 3 5 14 8 1
1 2 7 3 2 0 2 1 2 0 0 2 5 5
6 2 5 0 9 5 0 1 3 7 11 8 12 9
6 2 9 2 7 7 6 1 2 2 7 4 3 4
2 3 6 8 5 4 3 2 6 2 7 1 5 0
5 9 5 3 5 10 11 5 10 2 3 5 10 8
4 6 2 3 15 15 2 6 2 3 25 10 11 4
3 14 9 0 3 4 20 5 15 5 6 3 5 2
5 6 2 3 3 1 14 2 2 2 3 4 5 2
8 0 15 17 11 9 9 7 9 7 4 3 4 17
4 5 2 3 8 0 14 3 3 1 4 1 2 0
7 1 4 3 0 6 5 1 2 4 3 4 4 7
3 2 4 2 13 14 17 2 2 2 3 8 16 14
3 4 14 2 3 2 8 3 9 1 1 8 13 15
2 1 1 1 1 1 5 1 4 1 1 1 1 6
5 6 4 12 4 6 5 11 3 5 3 4 8 1
2 2 5 10 3 8 3 2 2 4 12 7 11 3
1 5 1 5 14 5 4 2 1 1 1 3 1 1
14 9 1 12 5 1 2 8 1 9 5 3 9 4
4 1 2 5 5 11 1 3 3 1 8 0 10 3
1 1 12 7 1 10 0 7 6 7 2 16 3 0
1 1 7 6 4 2 10 4 5 3 1 3 8 1
1 4 2 2 1 1 3 5 1 5 0 1 3 1
1 1 3 4 4 0 1 3 2 6 2 0 3 1
1 5 2 2 1 2 2 4 0 0 6 6 4 1
3 3 0 1 1 3 0 0 2 2 3 1 9 5
0 12 18 1 3 4 9 10 17 7 2 3 12 16
13 3 11 7 6 6 5 4 3 0 0 14 7 1
1 2 3 3 2 5 6 14 0 1 1 4 3 13
21 5 9 1 3 0 11 16 8 5 9 1 9 2
10 11 16 10 4 11 3 1 4 1 2 3 13 1
2 7 4 3 0 1 1 7 4 2 7 2 3 5
9 4 1 9 7 2 4 10 0 2 3 1 5 0
2 21 3 5 9 6 3 4 5 14 2 1 2 1
8 3 8 10 6 7 2 3 1 9 10 8 1 7
1 3 3 9 9 2 15 1 3 6 7 0 16 7
1 2 0 2 2 2 5 0 2 5 0 5 5 0
0 3 7 7 2 4 1 13 16 8 6 1 1 3
1 4 5 1 9 1 11 2 3 8 24 1 4 9
5 8 4 12 7 11 3 5 6 4 6 7 17 7
1 2 8 1 9 3 15 3 5 1 22 16 1 3
6 2 0 2 3 2 3 6 4 2 1 1 5 1
12 6 11 4 9 6 6 4 4 5 13 1 1 7
3 17 1 21 3 1 5 3 3 5 0 6 3 1
8 5 7 7 1 9 1 1 0 1 1 7 1 2
1 10 1 4 8 12 11 17 5 6 9 2 2 14
0 5 4 5 1 3 2 5 9 5 2 4 2 9
2 4 1 2 2 1 2 0 4 1 5 4 5 1
11 11 5 1 7 3 2 10 1 15 4 2 11 4
4 1 2 3 5 4 2 0 2 3 3 1 5 4
1 3 6 3 1 1 5 3 5 3 2 1 1 3
18 1 4 10 15 1 4 5 5 15 9 8 2 6
6 14 3 10 13 11 5 9 1 5 11 12 9 0
4 5 3 3 1 3 1 9 0 9 0 3 1 1
6 4 4 1 17 4 9 10 5 4 2 2 1 7
6 7 2 2 4 6 14 0 2 6 14 7 5 10
6 3 5 0 1 1 3 7 2 8 3 8 3 3
23 5 7 1 4 4 13 0 6 1 2 11 1 7
1 2 14 3 7 4 11 2 4 2 6 8 4 16
11 4 14 6 8 1 6 2 5 5 16 1 3 1
2 6 3 3 1 1 5 1 2 4 3 1 5 4
7 6 10 1 3 3 4 2 5 2 15 5 7 10
6 4 6 16 10 3 3 10 15 6 1 6 18 9
1 3 4 12 18 4 5 13 1 8 12 10 1 3
1 4 3 5 1 5 12 0 9 5 6 0 2 4
2 9 6 7 5 3 21 6 5 17 6 8 3 11
6 0 1 4 2 7 6 2 1 5 1 1 8 3
10 6 1 6 7 6 7 1 6 5 1 2 2 2
17 1 1 1 9 2 2 1 6 6 1 2 5 11
5 2 9 4 4 3 6 4 0 2 21 1 2 4
0 4 2 1 3 5 6 1 3 5 3 1 2 3
2 5 8 9 5 5 19 2 2 4 5 3 18 14
10 4 6 6 0 11 6 4 4 12 6 10 3 6
7 6 22 4 5 10 1 10 12 6 9 5 3 5
5 14 1 11 3 3 8 4 16 9 26 2 8 2
0 2 12 18 1 5 10 12 3 2 21 7 0 1
12 2 5 0 3 7 16 17 4 1 13 14 6 6
5 0 1 2 0 1 4 0 3 0 4 4 4 2
3 7 1 4 4 0 0 5 4 2 13 4 1 6
8 6 1 1 1 9 1 1 6 6 0 5 10 5
8 5 0 3 7 6 14 1 2 10 18 11 4 15
12 23 6 10 8 1 11 8 4 4 6 9 4 8
1 5 2 5 0 0 4 2 4 1 1 3 7 8
6 4 0 6 13 19 3 8 15 12 6 1 6 1
3 3 3 2 11 11 6 4 6 7 5 11 2 2
3 8 1 0 6 11 5 5 4 10 5 10 4 3
8 1 5 5 4 1 0 1 2 2 2 4 8 6
0 4 2 0 0 3 1 6 2 6 6 2 1 2
1 5 18 12 0 9 5 2 12 14 9 15 5 11
2 4 11 6 16 5 1 11 3 15 3 2 14 6
10 5 13 11 11 15 0 2 9 12 14 10 6 5
2 10 13 18 2 4 2 17 8 2 16 2 7 12
7 11 2 8 6 7 2 13 12 13 2 8 3 1
20 4 2 2 13 2 8 7 17 1 0 1 7 8
1 5 3 2 4 6 2 6 2 6 3 1 5 0
8 4 6 7 3 7 4 3 0 9 2 7 10 1
9 2 2 1 1 3 1 7 6 2 1 4 3 0
15 9 7 4 2 1 4 5 3 0 8 7 7 11
6 1 4 12 1 5 3 2 7 2 1 3 13 11
1 4 3 2 5 7 2 4 12 6 2 1 4 2
7 4 2 9 20 0 0 1 30 1 7 2 7 6
11 12 6 0 3 6 5 2 7 2 1 2 7 0
1 8 4 0 2 5 6 17 2 1 0 10 9 10
4 1 6 5 4 14 1 2 8 5 6 3 2 0
3 2 6 10 2 6 3 6 1 4 10 1 2 3
16 7 6 8 0 14 12 12 3 4 1 1 5 0
2 3 2 7 3 5 1 1 0 8 9 3 5 2
1 5 1 1 4 9 2 1 4 6 3 11 4 4
3 9 10 1 3 3 7 2 11 4 0 21 0 4
19 0 2 5 11 14 6 8 7 15 7 5 1 6
5 3 3 2 3 6 4 1 6 3 4 0 2 6
4 5 1 2 10 6 2 4 3 2 1 4 2 15
1 3 5 1 8 1 2 3 2 0 2 3 2 2
4 9 3 13 5 4 11 19 11 15 6 4 9 8
12 2 10 7 1 0 5 7 1 11 4 3 5 6
4 12 10 19 13 6 8 3 2 11 15 4 16 5
8 11 8 4 4 14 12 6 14 21 3 8 10 1
4 3 3 13 4 7 2 1 3 3 4 2 6 13
1 3 0 3 3 5 3 6 2 0 2 1 1 2
3 5 10 14 13 2 3 2 16 7 1 6 24 1
5 1 1 4 3 2 3 7 1 0 9 4 9 1
3 4 8 1 14 5 2 0 20 18 11 4 18 3
13 4 4 7 9 2 17 17 11 12 2 1 3 10
1 4 6 10 2 2 6 7 6 6 24 9 2 3
6 1 1 3 1 2 1 4 5 3 5 3 3 0
4 13 12 14 4 5 10 7 7 18 12 18 1 4
0 3 8 4 8 4 0 5 5 3 2 8 4 6
5 16 2 5 16 5 6 2 2 4 8 6 2 5
15 8 3 17 9 11 11 10 3 7 2 5 5 1
13 2 11 1 12 2 5 1 0 4 0 4 3 6
2 10 10 7 18 15 23 11 3 5 5 6 1 1
4 4 4 5 13 9 3 12 2 6 2 1 11 6
10 8 5 0 3 1 0 8 8 7 0 9 0 4
7 14 12 14 1 10 21 6 4 8 11 4 4 5
2 2 1 14 2 3 2 10 10 3 1 4 15 5
2 2 2 7 9 11 3 9 1 2 11 3 9 11
5 1 9 20 1 0 0 12 5 0 19 6 11 12
3 5 7 17 14 3 2 5 3 8 7 17 4 15
17 0 18 16 8 12 5 4 5 2 2 9 6 16
2 6 7 0 11 5 8 6 7 5 4 8 2 0
4 3 3 3 1 3 6 3 4 1 7 3 1 1
6 5 9 8 2 6 5 4 0 7 5 4 4 4
2 10 4 14 11 8 1 2 11 8 11 1 13 8
3 12 5 2 0 9 3 0 0 15 3 2 8 7
1 2 1 5 5 5 6 0 0 2 1 1 2 5
3 2 6 7 1 5 8 1 4 2 4 1 3 12
1 5 0 1 11 0 11 7 7 2 4 9 3 7
2 3 5 4 5 1 9 4 3 2 3 3 4 14
1 1 4 3 2 14 6 7 2 3 1 3 6 2
4 6 1 4 2 2 4 3 8 2 0 1 5 3
8 2 3 0 19 5 2 8 5 6 2 8 0 8
14 2 11 4 3 10 12 2 3 10 17 7 6 12
3 5 16 2 4 8 1 9 5 3 14 2 2 2
3 2 4 5 2 10 6 5 9 1 2 6 7 7
5 13 8 2 6 4 6 7 10 19 4 16 16 7
7 2 2 5 4 1 6 4 4 3 6 1 4 7
5 4 1 4 10 2 0 5 1 1 2 4 1 0
13 2 3 5 5 4 9 4 10 2 6 1 2 5
0 3 3 1 5 4 2 2 2 0 2 4 4 4
0 5 13 1 12 12 18 16 5 2 8 6 3 14
8 2 5 3 7 6 0 8 2 4 1 5 2 0
12 8 8 3 17 2 4 6 5 6 13 10 5 1
9 5 3 3 6 5 6 8 5 13 10 8 7 4
4 8 2 1 12 3 18 14 22 1 9 3 12 2
4 3 1 5 0 2 1 4 3 11 7 5 4 1
2 4 2 4 6 1 2 2 1 5 0 4 3 0
5 4 7 3 4 1 10 22 2 19 8 8 7 5
0 6 5 7 7 2 2 2 2 13 2 2 7 3
11 7 3 8 4 4 2 8 11 1 4 6 2 0
1 24 1 4 10 6 11 3 6 1 14 3 1 10
1 9 9 13 12 1 1 5 8 1 8 8 2 19
1 8 9 8 0 4 5 4 6 1 4 15 6 5
1 2 6 2 4 1 3 4 1 2 3 2 3 2
5 4 10 1 1 5 2 7 3 4 6 25 2 8
7 1 5 7 0 9 3 5 4 6 3 4 4 6
6 2 16 3 13 15 4 6 8 2 14 7 8 1
0 9 5 9 4 2 11 1 5 3 5 12 4 5
5 1 1 1 4 1 10 1 3 5 3 2 1 1
1 2 1 5 1 2 7 4 3 3 5 0 1 3
10 5 3 3 5 8 9 9 4 11 8 1 20 3
11 1 5 0 7 9 6 6 7 7 1 9 2 1
4 2 19 9 3 7 3 6 17 1 4 3 22 16
9 5 12 5 8 2 1 12 5 11 13 5 14 7
1 7 1 2 5 6 1 3 1 1 6 8 4 2
3 6 6 2 2 6 3 1 0 8 2 7 0 0
8 0 4 8 2 7 4 2 3 12 20 1 2 1
4 0 16 10 3 3 3 2 16 12 3 12 9 4
10 10 2 10 0 1 10 9 1 1 18 8 12 11
10 1 20 7 4 12 10 0 6 10 13 4 7 3
5 1 2 5 1 2 6 7 4 8 2 7 18 4
6 3 8 6 1 4 10 3 7 5 6 1 4 2
7 7 5 5 4 0 8 2 1 2 3 6 7 2
12 0 11 14 3 4 7 3 3 5 5 18 2 1
8 11 9 7 1 0 3 1 2 3 10 8 0 0
3 4 8 0 1 1 3 7 6 4 4 2 1 0
18 12 3 2 8 7 0 6 6 4 2 8 8 0
6 4 6 3 1 3 8 3 3 7 2 1 1 1
1 2 12 9 0 1 2 8 22 2 6 6 1 5
3 2 16 16 1 5 3 11 6 0 5 10 9 7
4 1 11 4 6 1 1 6 2 1 7 2 5 11
8 5 1 5 5 6 5 5 0 5 4 1 4 3
20 3 3 3 14 13 6 1 16 0 2 7 0 7
2 3 7 5 3 6 2 4 3 6 4 2 0 1
5 8 1 5 4 6 1 2 1 3 4 13 1 2
0 1 0 2 1 5 0 1 5 2 3 5 4 3
6 1 6 10 2 3 3 7 1 8 4 9 10 1
4 3 4 3 2 2 6 0 3 8 6 7 10 2
4 17 5 3 10 1 0 1 1 6 11 14 4 2
11 3 10 5 6 11 0 6 3 19 12 2 14 7
0 10 2 3 1 0 2 2 2 17 8 2 12 8
17 6 5 6 1 14 7 10 1 3 4 2 12 3
2 9 9 9 18 7 13 2 10 10 2 1 7 7
6 17 13 4 4 7 7 0 8 3 12 6 20 3
10 10 11 23 5 3 1 14 8 13 6 10 8 5
2 5 4 17 1 2 7 14 16 7 4 24 3 4
0 8 3 3 2 3 8 5 3 1 1 2 3 0
24 7 1 4 1 3 1 9 12 12 5 2 1 3
0 5 6 4 10 2 2 3 1 3 7 2 6 3
1 4 2 0 3 1 2 6 2 5 3 6 3 1
3 6 8 4 9 4 0 3 2 2 5 7 2 2
2 2 0 6 3 4 7 1 0 5 1 5 1 4
7 2 11 2 1 5 9 3 10 3 4 3 13 0
7 5 20 4 3 14 9 12 15 3 3 10 2 13
1 5 2 7 4 1 5 2 3 2 1 7 3 1
11 10 5 2 8 11 5 4 5 4 1 3 0 5
1 1 7 5 1 2 3 1 2 1 1 2 5 2
3 6 5 12 2 1 3 3 8 7 5 2 6 9
4 3 2 4 2 0 6 1 3 1 1 8 3 2
0 2 9 9 2 3 2 2 4 4 1 1 2 1
6 3 6 2 1 1 2 4 5 7 2 1 6 0
1 1 5 4 1 2 0 7 13 1 13 3 3 4
4 10 6 16 9 15 3 2 4 16 5 8 15 13
7 5 4 9 0 2 11 11 13 9 2 8 12 1
13 1 7 5 9 2 11 7 15 1 10 5 9 4
2 0 5 3 4 2 1 3 3 1 2 2 6 1
0 3 4 3 8 4 2 5 1 1 2 1 2 2
9 13 1 1 10 15 13 2 11 5 7 0 6 9
7 14 15 11 5 2 12 7 13 8 6 2 17 9
14 4 8 1 12 3 14 13 3 2 13 2 0 7
1 9 5 12 5 6 6 10 11 4 9 2 4 4
11 6 2 1 6 6 2 16 14 0 1 8 2 1
8 4 2 5 2 3 2 2 0 6 2 7 8 2
1 9 6 3 4 9 0 1 4 1 2 4 1 2
4 3 5 16 3 2 5 4 0 14 6 8 6 9
5 0 3 3 1 1 4 0 4 4 7 1 1 3
15 3 6 1 8 6 12 3 3 1 17 8 0 2
16 3 8 2 16 1 3 1 16 4 11 6 14 3
12 5 2 17 7 7 12 1 8 2 8 22 5 13
9 9 8 0 4 5 6 8 9 10 1 4 1 5
0 15 5 18 20 9 14 4 9 5 2 3 4 7
11 22 12 2 10 0 2 7 9 18 4 0 7 0
4 1 8 1 0 3 8 8 6 7 4 4 2 4
0 14 0 17 20 9 4 1 3 6 7 2 3 2
9 5 3 7 5 5 7 2 1 11 7 8 4 1
3 2 1 0 2 4 3 6 7 2 1 3 7 3
9 12 9 4 6 9 17 4 10 5 5 18 12 15
9 5 16 10 9 11 7 4 1 17 1 10 15 2
8 7 1 0 6 6 5 2 7 8 2 5 1 3
1 1 0 8 5 0 2 18 9 14 2 3 10 4
3 4 11 3 1 12 4 14 3 5 8 5 19 1
11 13 6 0 1 5 13 3 21 5 0 1 0 1
1 10 11 12 6 16 7 2 16 7 7 19 2 1
11 7 9 10 5 1 7 0 15 8 8 5 11 20
12 3 4 5 9 7 8 3 4 8 6 15 6 0
10 15 7 9 3 6 3 17 6 4 10 0 12 5
1 2 8 6 11 4 7 2 5 0 0 18 10 8
1 3 1 3 2 23 9 2 18 7 7 1 1 3
6 18 1 6 12 1 14 5 9 0 7 20 9 11
9 0 5 10 4 7 3 9 2 7 3 12 4 17
1 6 10 8 4 2 1 5 4 8 2 1 0 8
3 3 3 10 1 3 16 1 14 5 19 1 3 12
0 8 8 7 0 0 8 8 4 8 5 4 9 8
1 1 5 4 7 19 1 10 2 5 4 1 4 9
2 0 0 5 1 2 0 0 7 3 1 1 5 4
1 8 5 22 12 13 9 10 6 13 4 5 7 1
1 11 6 0 4 1 4 3 2 0 2 2 0 2
6 20 11 16 1 1 7 6 8 2 10 6 0 1
8 4 3 8 2 4 13 10 3 2 3 12 6 0
5 15 9 7 3 8 10 12 3 6 9 12 7 14
2 0 3 8 6 3 5 8 5 1 3 2 0 1
7 4 6 9 11 1 6 3 1 5 2 4 5 6
6 4 5 2 2 1 5 2 6 1 3 11 13 5
6 2 6 1 4 1 2 3 1 6 4 0 6 0
5 0 2 3 6 2 2 4 7 3 1 8 2 2
6 7 6 13 7 7 6 4 2 11 19 5 7 8
3 5 0 1 5 5 1 1 2 5 2 3 3 7
3 3 2 11 4 8 6 7 7 8 5 7 6 1
0 5 4 6 2 9 0 1 1 3 11 6 3 1
2 3 10 2 0 1 6 4 0 4 8 5 2 2
1 2 14 1 9 9 9 15 20 7 7 3 3 3
9 3 6 2 0 1 9 0 4 1 5 0 3 5
1 19 1 4 5 0 7 13 4 1 10 5 4 6
3 3 3 2 0 3 6 0 6 2 3 0 1 0
1 2 2 1 3 3 2 3 11 4 2 8 3 8
1 5 0 4 2 7 2 13 14 10 4 1 1 4
8 9 9 7 7 7 3 7 0 6 2 6 4 16
3 9 4 16 4 6 4 2 0 8 6 6 0 7
17 10 6 5 13 13 8 14 10 1 9 12 1 14
3 3 4 3 4 16 14 20 3 7 3 17 9 6
7 15 5 5 9 6 6 2 14 14 5 15 20 9
7 4 3 5 6 9 1 4 2 4 0 3 4 6
2 4 5 11 1 4 1 9 5 10 11 2 3 2
7 3 13 7 2 1 15 10 9 11 7 8 3 10
3 0 1 2 1 2 2 6 2 1 1 5 4 2
5 4 3 10 2 16 6 24 12 7 6 1 17 6
0 8 7 5 1 1 7 16 0 5 2 14 17 10
7 6 10 9 6 2 17 10 1 1 3 7 8 6
0 4 3 15 11 1 4 3 2 9 1 3 8 7
1 4 2 6 1 1 5 5 2 3 1 1 1 7
12 11 7 0 11 10 5 10 0 11 2 7 8 8
3 6 3 9 8 7 1 1 4 3 4 2 2 3
19 8 1 6 8 1 7 1 2 0 3 17 12 7
2 1 5 0 1 2 6 6 11 1 9 2 6 3
5 1 3 7 2 1 2 0 3 0 3 4 5 5
1 8 9 6 0 1 1 11 7 4 4 1 3 3
8 5 3 1 2 12 3 0 4 10 1 2 23 10
5 4 3 7 2 1 2 2 6 4 2 4 8 5
9 0 5 3 8 1 8 0 3 0 7 5 0 2
4 11 1 2 2 3 7 4 3 2 4 1 9 2
16 18 2 11 9 4 14 1 9 6 11 4 6 1
2 1 11 10 8 1 7 15 4 9 26 13 10 5
9 10 13 15 0 6 3 6 4 1 3 2 5 10
4 8 3 3 3 7 15 15 12 1 1 7 7 9
6 4 8 3 4 2 2 1 4 3 12 1 0 3
4 3 4 6 1 5 4 4 1 4 0 0 2 0
6 1 1 9 0 9 2 14 18 15 6 12 1 11
1 15 5 5 6 10 2 1 3 1 17 7 10 3
23 4 16 17 13 4 5 7 11 1 7 5 5 3
5 6 5 14 2 3 5 8 10 18 6 17 10 12
8 6 2 21 17 9 6 15 9 5 3 14 3 4
5 6 2 6 5 3 0 1 13 11 2 3 2 4
5 2 5 5 3 1 1 2 7 5 7 3 1 1
8 14 6 5 9 10 15 13 5 18 4 2 10 2
2 4 5 20 3 4 4 5 5 3 19 9 19 5
5 4 4 0 4 6 11 10 16 10 18 4 1 2
9 10 1 3 2 18 7 3 5 13 6 1 1 14
3 0 6 1 3 2 1 5 5 6 3 2 3 8
11 2 13 4 15 8 7 2 1 9 12 18 6 6
1 5 1 9 3 2 6 0 1 2 1 8 3 12
3 2 9 2 3 7 2 4 11 10 2 14 2 0
3 2 3 0 2 2 4 0 1 2 7 1 1 0
5 20 5 5 3 6 6 1 6 1 4 3 3 13
3 2 4 6 2 1 3 5 6 1 7 0 3 0
3 5 11 2 5 6 7 4 5 8 10 4 8 9
5 20 1 9 4 7 12 4 17 12 12 11 2 1
11 7 4 11 7 1 9 15 3 6 9 7 10 10
6 4 18 9 11 2 3 9 2 4 7 2 1 10
3 12 8 17 0 1 15 11 7 7 11 2 1 11
7 2 4 3 7 2 2 5 7 4 7 4 1 5
0 4 1 1 8 1 1 2 6 5 1 3 5 5
2 2 2 3 10 10 0 13 5 4 3 2 3 2
1 2 2 4 4 5 1 3 0 2 1 4 1 5
1 19 18 1 19 0 2 5 13 9 8 2 12 3
2 2 0 5 2 5 5 3 4 5 0 7 4 6
4 4 1 5 5 0 2 7 1 6 3 11 1 11
3 5 8 9 7 1 12 8 2 2 2 0 4 3
11 11 2 5 9 1 4 3 0 17 3 5 1 4
2 11 4 0 4 9 8 5 6 17 9 1 19 9
17 10 4 1 4 14 6 5 5 5 2 2 11 16
7 1 5 11 2 12 1 5 0 2 2 7 2 0
5 8 5 7 9 0 2 7 17 1 1 2 13 1
5 4 10 9 5 9 9 3 1 6 1 11 12 6
4 2 6 13 12 16 14 0 3 7 5 3 9 1
6 2 1 9 6 4 0 10 0 10 1 12 16 2
1 4 0 5 3 1 4 1 2 2 1 3 5 1
2 5 8 0 6 2 6 10 4 9 8 6 1 3
5 5 2 8 1 0 3 1 5 2 1 0 2 9
3 2 12 9 23 4 6 5 0 5 0 3 8 1
3 1 10 10 16 2 3 10 8 1 11 15 0 7
0 31 4 6 0 1 2 7 3 0 10 2 6 5
4 10 1 4 5 10 9 13 16 12 6 7 9 17
8 2 1 7 6 0 1 6 6 5 10 6 6 4
2 3 6 11 11 2 8 10 1 10 2 1 15 2
3 3 5 0 2 2 1 1 4 0 5 2 2 2
2 0 3 1 7 1 9 1 3 5 10 2 1 3
15 5 5 1 6 8 11 4 4 5 4 1 13 1
0 0 1 4 5 1 0 8 2 1 1 5 2 1
8 10 1 16 1 3 2 2 10 5 2 6 6 8
18 10 0 3 8 3 18 7 1 3 6 1 7 23
8 5 13 6 14 2 2 1 6 4 11 8 5 4
2 0 6 0 5 1 1 0 3 1 1 4 8 8
9 4 13 16 3 22 8 1 3 2 2 6 3 11
1 1 5 4 1 4 2 5 7 1 1 0 0 6
3 17 1 13 6 5 4 6 3 8 2 8 6 8
3 6 5 2 2 2 3 1 1 5 5 2 1 11
1 5 3 0 3 1 9 1 3 1 4 2 3 2
6 6 7 1 3 1 6 10 2 4 5 2 7 2
6 10 2 3 9 5 7 9 1 15 3 16 3 12
5 2 2 8 8 3 4 9 3 5 7 6 4 6
5 5 4 4 1 10 0 3 7 9 9 9 9 5
12 9 3 0 8 4 0 2 14 11 1 9 14 13
2 5 3 7 3 4 6 10 2 9 2 2 3 9
6 2 1 2 3 3 3 13 4 7 3 2 9 5
7 2 5 2 2 2 7 4 17 12 0 20 12 1
4 10 6 7 10 4 15 0 13 11 8 10 7 14
6 1 5 3 9 5 1 0 4 1 0 3 1 6
0 5 6 9 1 1 13 3 0 16 1 1 7 8
4 2 5 5 4 0 5 6 7 2 3 3 7 6
25 3 11 6 13 8 12 5 0 7 7 9 13 4
5 5 6 3 6 2 8 16 10 6 5 16 3 1
5 1 2 3 3 2 4 2 2 2 1 3 9 4
8 4 3 19 1 11 18 5 4 13 1 6 3 20
2 10 14 2 3 2 1 6 9 3 11 2 12 5
4 6 5 2 1 0 5 0 2 0 2 2 6 0
12 0 6 8 11 9 2 9 17 20 8 1 8 5
9 5 4 5 4 2 2 2 3 0 4 1 3 2
3 4 1 13 6 14 29 4 0 2 9 14 3 6
1 12 3 3 2 3 5 9 0 4 0 3 2 5
7 2 5 9 2 13 5 10 1 13 10 0 11 2
2 4 5 1 11 3 7 10 4 13 13 11 10 4
11 4 12 1 11 4 2 5 1 1 7 6 0 5
1 5 4 1 1 1 1 2 0 1 6 0 7 2
5 8 3 3 1 1 5 4 3 9 2 7 11 2
8 1 1 7 8 5 3 13 10 7 5 2 14 4
0 5 1 3 9 2 0 6 3 10 3 0 2 3
22 7 13 1 15 5 0 1 8 11 9 3 9 7
5 6 9 3 1 2 5 5 6 5 1 4 6 1
11 3 17 2 3 7 7 1 17 8 10 9 1 6
9 11 5 1 12 11 4 11 11 13 4 1 13 0
5 2 14 13 15 2 9 2 9 5 1 3 13 11
5 10 0 4 5 12 1 8 1 0 2 3 11 8
7 13 14 0 4 6 4 11 1 5 4 12 9 14
8 3 4 3 1 5 2 1 2 2 7 1 1 10
4 1 13 4 7 0 2 4 12 7 5 2 2 0
4 3 1 4 5 4 4 1 2 9 2 9 0 7
3 14 1 2 5 2 5 3 1 2 3 4 2 5
7 2 3 8 4 1 1 7 5 6 4 6 7 10
3 4 16 6 6 5 15 1 6 7 4 10 11 9
4 1 9 1 7 1 2 12 6 1 3 3 1 1
3 3 2 5 9 8 5 12 1 9 10 5 20 5
4 5 3 0 3 7 4 4 2 3 4 0 2 3
3 2 5 6 2 4 3 8 7 4 1 6 2 4
4 1 0 2 3 2 5 3 1 5 2 2 2 2
1 2 3 5 5 1 1 4 3 0 1 4 2 1
14 13 7 7 8 10 14 7 8 9 1 9 4 2
5 0 4 0 4 3 4 6 8 3 12 8 3 14
13 6 2 5 5 3 12 1 18 13 6 15 1 7
17 6 10 10 11 9 7 3 7 7 2 24 0 5
2 4 3 2 1 2 9 2 1 3 7 9 5 12
10 3 20 4 18 6 8 17 6 7 2 4 6 12
2 2 2 1 0 1 0 1 3 4 7 4 3 3
12 16 11 2 15 12 14 1 1 4 6 8 5 13
11 1 3 2 2 4 11 17 6 6 7 15 0 9
15 11 10 4 13 2 9 3 9 10 3 3 4 25
1 13 6 5 12 5 2 0 1 6 3 6 6 17
10 3 7 18 0 15 5 2 9 18 2 0 12 15
6 7 1 7 5 0 6 1 1 2 9 3 1 5
7 1 19 3 12 5 5 18 4 10 14 3 6 1
4 3 3 6 1 4 0 0 3 3 0 0 8 0
3 7 16 19 4 5 8 0 10 8 0 5 6 10
5 1 0 5 13 17 4 1 2 2 3 6 6 2
4 1 4 0 7 9 4 16 9 24 5 7 7 1
6 13 16 8 6 7 10 1 2 21 5 3 3 0
6 0 14 5 17 13 5 6 10 4 8 18 15 8
4 1 6 14 9 8 3 14 3 8 8 17 8 5
8 0 4 13 1 8 14 1 3 9 10 9 1 11
7 23 9 0 4 2 6 1 9 12 12 2 8 2
10 4 7 4 12 12 0 10 7 12 5 7 16 4
4 5 8 2 3 5 4 25 2 3 13 2 0 8
4 4 15 1 1 9 14 8 1 5 8 4 13 23
6 1 4 8 7 11 5 8 4 16 13 7 21 7
3 2 9 5 3 16 6 1 0 16 1 4 0 22
1 13 15 3 14 10 8 2 1 8 2 7 14 2
1 1 2 1 2 4 0 0 3 1 5 5 1 4
2 1 3 3 2 4 1 7 1 1 0 0 3 2
11 13 2 11 10 0 11 9 8 8 2 13 3 2
5 3 6 8 3 6 5 2 16 4 1 1 1 3
8 1 1 7 5 5 9 1 4 19 0 4 11 1
2 1 2 5 4 2 1 5 1 5 2 2 0 4
16 6 13 2 21 7 9 12 3 0 12 6 1 11
7 10 3 7 5 7 11 6 1 5 1 9 1 1
12 1 1 2 4 4 10 12 6 11 7 4 5 2
2 4 5 3 16 2 2 2 3 6 10 2 1 5
4 3 0 2 0 0 1 3 4 2 5 4 1 2
2 0 3 7 9 6 1 0 6 4 4 2 5 7
10 4 2 3 14 1 19 6 1 0 7 9 6 2
4 8 7 6 7 6 9 1 1 4 15 7 13 10
12 5 3 14 7 5 2 1 11 11 9 16 19 8
2 5 6 11 5 1 0 4 2 3 3 1 5 8
5 8 3 7 6 3 1 7 2 0 4 3 0 2
0 2 1 2 1 1 6 1 0 6 5 2 8 0
7 3 7 8 3 11 12 1 4 14 3 7 3 17
4 1 5 6 2 0 1 2 2 2 2 3 1 3
5 11 16 7 6 4 7 1 2 1 3 5 7 6
8 1 0 1 1 6 2 6 7 9 5 1 7 5
1 14 4 4 14 9 3 2 2 2 11 2 3 9
3 11 7 3 2 10 3 1 4 2 10 12 7 5
2 3 4 1 2 12 3 2 3 6 10 4 3 2
1 1 8 1 1 5 0 4 1 3 2 7 3 8
0 4 6 3 0 2 2 3 9 3 6 6 4 3
2 9 1 2 4 8 3 6 7 1 2 1 15 1
4 1 3 4 3 1 6 5 1 2 1 1 1 4
5 2 2 0 1 1 5 7 8 6 2 1 4 0
8 12 2 5 4 4 0 2 1 3 1 1 8 1
1 6 11 4 6 6 2 2 5 11 2 13 6 6
10 9 2 0 12 4 7 5 6 9 5 10 2 6
7 6 7 9 8 3 11 13 9 11 1 7 4 8
5 3 1 2 1 1 6 2 7 4 0 2 6 0
3 1 1 3 0 1 0 1 1 4 4 1 5 8
7 1 3 5 13 5 19 3 6 1 12 3 2 6
1 0 2 5 3 1 2 0 4 2 3 3 3 3
20 7 2 4 9 0 12 7 4 16 3 0 6 9
9 14 9 8 4 13 9 10 12 11 10 4 4 10
1 3 6 3 2 1 1 4 0 6 3 4 4 3
5 4 2 5 6 13 3 10 5 9 1 10 7 7
5 0 11 14 11 3 4 20 4 10 3 7 14 13
8 1 1 4 13 3 2 10 4 0 2 1 4 2
5 8 9 3 13 16 11 4 2 7 1 21 4 5
4 1 8 3 1 2 11 3 9 0 20 13 11 12
2 4 14 5 5 2 2 9 7 8 4 2 1 3
1 10 5 6 4 0 8 7 5 2 4 11 4 5
14 1 9 6 4 10 3 17 18 6 15 2 1 9
4 4 2 3 8 12 3 16 14 7 4 1 1 9
3 1 1 2 7 1 2 4 2 2 1 3 6 4
13 5 12 1 3 2 7 4 17 6 18 12 3 14
0 8 2 2 8 3 8 1 14 1 5 6 3 2
2 6 6 12 5 9 21 10 0 7 1 3 4 0
1 0 2 10 3 2 7 11 2 12 6 9 25 1
6 1 5 6 6 1 1 2 6 2 6 5 0 3
11 6 11 0 3 1 11 3 1 3 14 2 0 11
1 2 3 6 4 14 12 8 8 17 5 3 5 23
6 2 11 4 2 4 3 10 3 5 3 0 3 5
1 6 5 7 6 3 4 2 4 6 4 0 3 2
1 5 5 2 1 1 4 0 4 2 1 0 6 0
4 10 1 20 3 11 2 1 12 7 4 16 0 5
2 5 4 2 6 6 9 3 6 3 1 4 3 3
6 6 7 3 7 1 1 6 10 3 3 3 1 4
2 3 1 7 9 3 1 1 5 5 2 0 10 4
3 4 7 9 4 0 10 10 9 1 15 7 7 5
5 1 0 0 5 6 1 15 2 6 1 8 1 6
5 10 2 15 5 3 3 10 3 11 7 17 2 14
16 5 10 12 16 4 6 13 5 10 14 1 2 4
2 3 0 8 5 4 1 6 2 8 1 8 1 3
2 2 2 3 8 15 11 7 5 7 9 7 7 3
9 7 3 11 12 0 9 12 7 14 8 8 5 3
1 3 3 0 6 8 1 4 10 4 3 0 11 4
5 1 6 0 5 3 6 6 8 2 1 6 6 4
5 3 0 5 3 4 5 3 4 7 1 10 3 7
2 1 2 8 5 4 7 6 3 1 2 3 2 2
1 7 1 3 18 8 18 6 18 6 1 10 6 11
6 5 13 4 2 8 6 3 11 6 1 7 0 9
0 4 3 13 7 5 10 1 2 0 0 15 9 12
2 1 2 3 6 7 0 1 5 2 2 3 1 2
3 2 7 0 9 16 1 9 4 1 3 5 11 1
2 1 3 1 5 3 3 3 3 0 5 5 6 2
14 5 1 6 2 4 7 12 4 9 10 3 6 11
5 0 3 3 1 7 1 4 4 1 4 2 6 2
2 5 1 2 2 0 1 3 4 8 4 5 1 0
9 6 4 2 10 4 0 6 8 8 6 1 2 2
3 4 2 8 12 5 2 24 3 13 3 2 3 2
1 1 4 4 6 10 2 2 9 10 6 6 0 0
1 17 5 3 16 10 8 2 6 13 4 2 2 4
3 1 5 5 0 3 1 0 4 1 3 3 2 2
2 6 1 7 0 4 2 11 7 5 5 1 8 3
5 1 11 8 5 9 6 2 0 13 10 8 2 1
8 7 1 7 0 7 12 3 6 2 1 4 10 4
8 0 3 2 2 2 1 2 3 3 1 4 1 2
3 2 5 2 1 1 1 3 6 2 3 3 1 0
1 1 3 2 0 5 1 6 5 4 1 6 9 8
1 2 1 6 9 1 6 6 9 6 4 1 0 3
1 0 2 1 5 2 1 1 2 0 1 3 6 5
3 3 8 6 0 3 3 2 2 4 1 5 0 5
1 6 1 16 11 2 2 12 10 1 8 26 3 2
2 1 2 2 5 1 1 0 4 9 9 2 2 3
5 8 5 0 3 8 2 6 1 17 15 5 13 5
11 2 12 2 13 5 2 8 5 4 15 1 10 17
11 6 5 1 13 7 1 15 2 8 20 7 14 9
8 6 4 17 2 0 2 4 6 6 4 1 4 10
12 5 14 6 14 2 4 8 4 15 9 7 13 15
8 1 7 1 10 7 9 6 5 5 5 15 6 15
11 14 2 4 6 5 3 5 3 4 6 5 0 2
5 3 4 13 7 3 7 9 3 1 10 3 15 16
6 2 22 10 1 5 7 5 3 1 6 12 9 3
0 1 9 6 3 11 11 3 2 2 2 2 12 11
4 6 5 7 4 11 8 0 1 6 1 2 6 2
1 9 9 3 1 5 0 0 8 2 9 4 3 7
3 21 14 14 7 6 4 10 1 9 3 5 2 10
5 8 5 10 13 1 5 4 17 9 7 1 7 8
8 17 3 0 5 2 8 14 9 3 13 5 2 2
1 3 2 1 4 3 3 4 2 6 2 4 3 1
2 7 9 7 10 1 4 8 3 6 4 2 9 2
0 6 3 3 0 8 1 3 4 8 2 2 5 1
2 2 1 11 9 18 2 12 16 12 9 7 4 2
4 10 4 12 7 2 11 10 5 12 13 8 2 4
4 1 5 6 4 1 1 9 2 3 1 1 4 4
1 1 3 4 3 3 4 1 4 1 1 0 2 6
7 10 1 13 6 4 5 6 12 1 1 5 4 7
1 1 3 2 4 1 2 5 2 2 5 4 7 1
8 2 3 4 10 4 8 9 2 6 5 4 4 2
2 8 1 9 5 7 3 7 4 1 4 4 2 8
7 3 5 4 9 15 0 4 9 8 1 2 2 1
7 2 12 1 0 2 26 1 5 9 6 1 21 8
7 5 4 4 5 7 4 19 13 6 1 3 1 5
3 0 4 5 2 6 2 3 0 0 5 14 7 8
1 3 9 4 3 0 8 4 5 7 7 14 11 4
1 4 1 6 5 0 5 2 4 2 2 4 1 3
18 2 5 5 4 0 5 9 0 1 1 8 1 1
4 1 3 14 13 14 8 7 6 0 13 9 5 1
5 2 6 0 7 7 5 4 6 3 12 4 6 11
9 5 3 2 9 4 3 2 0 7 15 14 1 4
3 3 2 2 5 1 11 1 0 1 10 7 7 3
0 5 2 0 1 5 4 4 7 3 2 8 1 4
3 2 1 1 2 17 7 2 1 2 8 2 8 1
4 3 10 2 1 2 2 10 5 1 3 0 4 2
2 2 5 0 1 3 5 8 4 9 3 5 4 1
3 3 3 11 11 4 9 18 14 12 6 3 1 6
3 2 2 4 1 3 0 3 4 2 4 1 2 4
9 15 0 19 12 3 1 7 2 7 15 5 4 1
0 6 10 6 2 1 3 14 7 14 10 12 1 9
4 6 4 9 8 4 6 10 1 10 6 7 5 17
5 0 0 3 10 2 3 4 25 7 12 1 11 3
7 4 3 8 1 0 3 0 4 1 2 2 1 2
13 5 17 7 4 5 2 5 5 9 7 1 2 3
8 4 6 12 0 12 3 7 6 8 9 3 5 6
2 3 1 3 2 8 4 6 1 4 1 0 3 3
5 4 8 9 7 1 10 0 5 3 4 10 9 3
8 8 4 5 7 9 3 8 5 9 4 8 8 4
1 7 4 8 3 14 1 3 3 4 1 4 6 7
6 7 2 4 0 4 8 13 3 11 9 2 6 1
3 5 8 2 3 2 5 5 9 1 2 7 4 6
22 1 13 7 1 1 1 3 1 11 4 2 11 18
10 13 19 17 11 1 4 6 11 7 5 4 2 2
1 12 2 4 13 11 2 2 3 8 3 13 9 10
10 2 7 11 8 3 3 2 0 13 2 15 14 17
4 4 6 3 3 4 2 0 5 1 2 4 5 2
5 4 1 1 2 1 9 2 5 2 3 3 8 1
0 4 1 10 9 6 0 20 5 1 20 12 7 8
1 6 1 3 1 5 2 4 1 1 1 5 3 1
1 12 1 2 12 8 2 13 18 0 10 4 1 12
1 4 9 3 2 5 1 1 0 6 2 0 1 3
2 5 4 4 4 1 2 2 1 3 2 2 1 1
3 2 5 1 8 8 4 8 13 2 6 6 7 4
6 3 9 6 1 2 4 4 2 2 3 4 2 10
2 4 3 2 3 4 1 2 6 5 5 1 4 3
4 4 13 5 20 2 6 14 3 5 3 6 0 12
4 5 10 2 6 9 16 4 2 4 3 4 2 1
2 2 1 1 3 0 3 4 6 4 1 4 2 1
7 11 11 18 13 0 3 9 0 1 5 1 3 7
0 8 10 5 1 11 27 7 4 15 3 7 3 7
3 5 11 7 4 13 13 8 7 1 6 5 26 3
16 12 4 11 1 1 1 4 2 5 1 2 6 8
0 0 1 1 1 7 1 8 1 1 2 8 3 12
9 3 2 4 6 5 7 3 8 8 2 14 3 10
3 4 5 4 8 5 0 4 8 4 7 7 6 4
1 1 2 3 22 19 1 1 2 2 19 9 14 9
6 2 0 2 9 9 10 16 8 0 16 14 12 15
13 9 6 8 0 6 15 9 10 11 1 2 1 2
7 3 7 10 6 10 18 17 12 3 13 3 7 6
7 9 11 14 5 1 1 8 12 8 1 2 2 8
1 3 3 1 2 4 2 2 7 1 1 2 3 0
13 1 2 3 12 15 13 1 0 8 2 10 6 1
2 13 2 4 4 1 0 7 5 3 3 10 3 7
0 3 3 3 17 1 5 2 2 8 8 2 3 10
7 6 1 6 21 9 3 8 6 11 5 1 13 9
11 13 6 3 11 6 4 6 4 4 10 5 16 4
1 11 4 4 12 8 8 14 3 3 8 1 0 12
4 0 1 2 1 3 7 4 2 5 0 6 2 0
2 4 3 3 2 6 6 0 8 3 2 2 7 4
3 1 3 6 0 2 0 2 2 2 4 0 1 1
1 8 6 3 2 5 22 8 21 3 8 1 6 9
20 0 13 7 4 6 5 10 5 1 9 14 4 10
4 4 2 6 5 3 0 1 1 0 1 3 6 2
11 17 0 11 1 6 8 7 3 2 16 8 6 2
19 6 2 1 12 0 8 18 7 5 14 1 4 6
4 14 12 8 1 5 5 8 13 15 16 4 2 7
4 1 6 0 6 3 3 1 9 2 1 5 3 6
9 4 7 4 9 4 10 6 1 9 2 6 12 0
3 14 3 5 3 14 3 4 11 11 8 6 9 1
1 4 2 5 3 1 4 0 5 1 6 1 2 5
2 3 1 0 4 1 0 7 0 3 3 2 3 1
6 3 4 5 2 3 6 6 3 1 3 0 3 1
16 20 0 7 10 2 3 9 8 7 4 4 4 6
4 1 3 1 2 3 1 6 1 5 5 3 5 2
3 2 9 17 4 1 6 3 2 6 13 14 4 7
1 4 0 3 9 4 3 6 4 1 1 0 1 3
10 12 4 2 1 15 9 7 11 16 15 9 10 14
5 4 16 22 9 8 6 3 1 5 9 4 4 4
1 1 9 2 1 3 5 7 14 3 5 9 7 0
4 5 7 12 2 8 5 9 2 6 7 6 0 4
9 4 6 2 8 8 2 6 2 4 7 2 5 9
6 6 2 6 10 3 5 9 8 5 5 3 0 0
3 0 3 7 4 4 2 14 1 3 5 1 2 3
4 13 4 1 3 1 7 8 5 7 9 1 2 2
2 1 1 8 5 3 5 3 1 3 0 7 4 5
10 5 1 5 0 12 4 3 5 7 4 12 1 0
6 8 6 7 1 3 6 1 6 1 1 3 7 1
13 12 1 6 2 8 0 4 22 3 22 3 0 10
19 9 2 1 12 1 7 11 7 6 9 6 19 5
4 3 2 1 1 4 2 2 3 3 3 1 1 4
1 7 7 4 5 8 6 1 7 4 2 1 3 3
1 5 3 2 0 5 4 0 1 4 0 2 6 0
3 5 1 3 5 14 6 13 5 3 2 2 6 8
0 3 14 4 1 12 17 16 8 5 9 3 9 2
3 1 5 9 0 4 9 7 12 5 11 2 9 9
0 11 6 1 4 8 9 5 2 3 3 3 4 3
9 8 6 8 0 4 3 4 10 12 1 11 1 7
22 10 1 1 2 13 1 18 2 3 6 7 8 2
7 4 2 2 9 2 0 1 1 1 9 5 3 3
8 1 1 6 6 2 0 2 1 3 3 6 3 5
3 5 5 10 4 14 18 13 3 4 6 10 6 9
0 9 3 16 1 5 2 1 9 10 15 3 9 4
14 2 11 5 3 15 5 21 10 7 3 4 5 3
10 13 5 2 4 4 10 6 6 7 7 9 4 4
0 6 11 11 3 3 1 15 5 4 4 1 10 21
14 5 1 1 10 7 5 11 7 10 0 13 6 7
1 2 1 5 0 5 13 1 6 3 5 17 16 9
6 3 6 4 3 2 8 4 1 3 7 0 3 3
3 4 6 4 4 1 6 5 3 6 1 6 6 10
16 3 12 0 8 5 3 11 6 6 16 6 5 11
5 5 2 6 1 1 5 2 6 2 5 1 6 3
1 0 4 5 1 9 2 1 4 4 3 1 3 9
17 3 6 10 3 7 1 11 14 5 4 14 7 0
8 0 11 1 6 1 3 1 1 5 17 6 2 3
2 1 6 9 6 17 0 4 14 13 1 7 3 5
2 11 5 7 3 15 15 26 9 3 5 8 4 7
0 4 0 0 4 3 3 2 1 5 5 6 6 4
9 12 3 14 9 11 9 5 9 11 4 3 18 2
5 1 10 8 1 4 8 5 1 4 0 6 6 8
10 4 2 5 1 19 7 6 14 10 5 16 1 2
8 2 7 1 0 5 10 9 4 5 2 0 11 5
4 2 9 8 1 5 1 4 1 5 9 6 6 2
5 1 3 4 2 0 1 2 6 2 4 1 6 12
2 1 3 12 6 5 6 7 6 4 3 6 2 2
2 0 2 2 4 1 3 1 7 0 4 1 3 8
3 19 23 0 1 17 7 3 14 3 6 4 5 5
9 5 16 2 11 8 5 7 7 1 4 3 13 6
9 14 3 4 10 10 6 3 9 23 3 3 6 15
24 8 8 3 4 1 6 19 3 6 5 2 13 5
9 16 4 18 5 3 2 6 17 1 16 9 2 2
3 6 5 6 1 3 3 6 0 5 4 2 3 1
2 1 3 6 5 7 2 1 1 4 0 1 4 3
4 9 12 7 4 3 9 3 2 7 9 9 13 10
3 11 1 0 5 7 4 4 3 1 3 9 7 12
7 5 2 10 4 7 5 12 5 3 3 9 20 4
5 0 11 4 5 1 7 4 7 2 2 1 7 4
8 4 19 18 4 5 2 4 4 0 10 6 7 5
1 11 5 3 3 1 13 4 12 7 3 5 2 6
1 13 16 5 11 4 1 0 2 7 5 5 4 20
6 10 2 6 6 5 3 0 4 1 2 1 7 2
5 0 6 3 3 1 1 13 9 1 2 7 6 4
2 2 2 6 2 2 1 2 1 1 5 0 4 1
15 1 9 1 9 6 14 3 11 9 10 13 2 18
15 9 3 8 3 9 10 8 10 3 7 12 8 13
7 12 13 3 3 5 18 10 8 5 3 11 3 8
3 1 2 2 1 1 2 2 2 3 2 2 7 4
1 3 2 4 3 2 6 4 2 2 3 4 6 3
6 5 2 1 1 8 3 4 6 6 12 13 5 7
14 1 9 7 4 1 1 3 5 0 4 1 9 10
0 3 3 2 0 0 4 1 4 0 5 1 2 4
14 1 6 6 1 9 2 9 19 12 5 16 5 12
19 15 12 6 6 14 3 16 1 4 5 14 5 6
9 5 0 8 6 5 19 2 4 8 11 6 4 10
5 7 6 6 16 2 5 5 8 11 2 3 6 27
8 14 3 5 9 9 4 4 0 2 2 6 5 3
3 7 20 11 11 4 9 18 2 9 0 13 9 13
2 8 5 5 5 2 3 1 11 9 0 2 15 4
3 8 4 2 3 2 10 10 5 5 1 4 1 14
0 8 11 12 13 2 11 5 12 5 2 18 7 1
7 4 6 1 1 9 2 2 3 7 5 3 4 6
2 3 1 2 5 3 4 0 2 0 1 6 3 5
4 1 0 0 4 4 1 11 7 6 1 6 3 4
9 2 4 4 6 1 1 14 4 1 12 2 5 1
9 11 13 1 9 4 2 16 1 7 2 4 5 1
1 5 2 3 0 5 7 3 4 5 1 1 1 0
4 1 12 1 1 4 8 15 21 2 9 11 2 1
10 7 10 0 0 5 4 1 4 5 6 2 4 7
2 1 4 2 3 6 0 3 1 3 5 3 2 3
3 4 12 1 8 4 4 9 2 2 10 4 5 8
1 2 1 3 4 0 6 3 2 0 2 0 2 6
7 2 12 1 2 3 2 5 2 6 2 2 8 0
9 8 3 3 5 1 15 2 0 2 1 1 2 8
3 7 1 2 3 2 0 2 4 0 0 5 0 1
2 3 1 3 14 8 19 1 3 6 8 1 3 5
2 5 2 3 2 5 6 3 0 0 2 1 2 4
13 7 1 7 12 21 2 11 1 14 9 11 3 3
4 2 7 2 3 6 14 2 9 6 1 1 4 4
8 12 8 17 4 0 11 16 8 15 12 9 2 1
9 5 5 1 13 6 5 4 6 12 2 8 19 13
3 3 4 3 5 1 5 10 1 0 2 8 2 5
0 2 0 1 2 12 8 7 12 0 1 1 7 8
8 8 3 16 2 12 0 5 9 1 4 0 3 9
7 5 8 2 6 6 3 1 2 5 2 7 0 2
3 2 0 9 1 4 2 4 0 4 0 4 6 6
18 4 9 3 2 17 2 13 0 5 4 21 11 3
1 1 5 0 8 3 4 8 2 6 7 1 2 6
5 4 0 1 11 6 8 4 3 6 1 10 8 5
1 10 1 6 20 2 10 12 5 1 9 12 5 12
2 3 3 2 2 2 9 2 4 1 2 3 1 3
1 0 10 8 3 1 1 9 10 1 5 8 8 2
3 2 1 1 4 1 2 2 1 1 0 3 6 4
7 8 4 13 5 11 9 4 2 2 8 13 19 10
4 1 6 3 2 3 7 3 1 4 1 2 4 3
1 16 0 9 3 1 2 1 14 14 5 5 5 8
12 1 12 20 0 11 3 1 1 4 5 3 8 11
15 15 16 2 5 23 4 12 2 9 5 5 1 5
3 5 5 4 1 4 1 1 0 3 3 4 2 2
4 1 1 2 9 4 5 2 7 1 9 0 2 0
3 26 2 8 15 4 12 6 3 1 4 7 16 2
4 0 4 1 1 3 7 3 6 1 1 7 5 11
9 14 0 8 5 5 1 7 6 7 8 2 3 3
6 13 2 9 2 0 1 5 18 3 1 0 3 10
14 14 3 3 11 1 10 18 5 7 3 8 7 7
1 86
2 34
3 73
4 26
6 42
6 64
6 105
7 65
9 40
9 89
10 83
11 56
11 69
12 17
12 36
12 92
12 93
13 92
16 42
17 81
18 32
19 42
20 30
20 32
20 109
21 26
21 82
21 113
23 26
23 33
23 111
24 52
26 66
28 32
28 64
28 120
29 117
29 127
31 35
32 40
33 83
33 128
35 90
36 39
36 43
38 41
38 116
40 101
40 110
41 50
46 84
46 93
46 99
48 124
48 144
51 148
52 64
52 82
52 97
54 103
54 127
54 129
55 90
56 61
56 77
57 83
58 74
58 89
58 143
59 75
60 78
60 90
62 63
62 151
63 108
64 106
66 94
66 127
66 130
67 158
68 136
68 154
69 165
70 80
70 127
72 105
72 116
74 89
74 128
74 171
75 152
75 161
76 160
77 169
78 94
78 118
79 100
79 177
81 106
81 135
82 147
83 88
84 116
85 92
87 114
88 95
88 133
88 178
89 140
89 143
90 99
91 122
92 94
93 147
93 160
93 176
94 107
96 120
96 152
96 173
96 196
97 123
97 167
98 129
98 130
98 138
98 159
98 180
99 173
101 112
101 121
101 165
102 165
104 174
105 205
106 125
106 132
106 189
107 199
108 186
109 127
109 159
110 152
111 121
111 146
113 160
113 192
114 138
115 143
116 153
116 170
117 187
118 179
118 191
119 181
120 166
123 181
125 126
125 147
126 200
127 166
127 179
127 193
130 164
130 220
131 179
133 197
134 198
135 169
135 177
136 154
137 186
138 181
140 158
140 214
140 228
142 196
143 220
144 192
144 214
144 229
145 169
146 190
146 237
147 227
148 160
148 198
148 245
149 227
150 169
151 155
152 226
153 248
154 196
154 224
154 246
159 171
160 225
160 256
161 221
162 189
163 195
164 193
165 260
166 186
166 194
168 176
168 185
169 172
169 187
169 195
170 199
170 218
170 229
170 248
171 172
173 181
174 190
174 233
180 278
181 196
182 228
182 247
182 264
183 245
184 197
186 189
187 248
187 258
187 280
188 274
189 231
189 261
191 256
191 291
192 283
193 202
194 208
196 243
197 238
197 284
198 280
199 254
201 234
201 298
202 227
203 292
204 208
204 294
206 293
207 234
208 251
209 217
210 229
210 279
210 305
211 221
211 228
212 238
212 312
213 308
214 288
215 232
215 236
215 278
215 287
216 249
217 225
217 299
218 260
220 303
222 232
224 268
226 253
228 304
229 277
230 280
230 306
231 289
231 290
232 273
233 244
233 286
235 263
237 305
238 240
238 322
239 260
239 274
244 249
245 295
245 308
246 253
246 340
247 347
249 256
249 265
249 286
250 307
250 345
252 256
252 259
253 335
257 270
257 309
260 347
261 299
261 300
262 279
262 334
265 273
265 332
265 357
271 359
272 317
273 313
273 356
274 279
274 325
277 291
278 369
279 287
279 355
282 375
285 353
285 359
285 382
286 290
286 330
287 294
288 323
289 298
290 358
291 315
291 349
292 388
293 347
293 391
294 351
294 379
296 325
296 350
296 366
296 395
298 370
299 360
299 379
300 303
300 369
300 379
301 392
303 334
303 371
304 362
306 338
306 374
307 404
308 399
312 403
314 374
315 334
316 388
316 401
317 335
318 335
319 328
319 339
321 372
322 408
323 381
324 334
324 356
324 423
325 335
325 395
326 338
326 416
327 378
332 360
332 421
332 426
333 384
334 370
334 375
334 418
337 423
339 351
340 433
341 418
342 350
342 362
342 404
342 426
343 383
345 368
346 391
346 399
347 414
349 407
351 437
352 367
352 448
353 385
353 391
354 416
355 442
356 373
358 385
358 394
359 362
359 363
360 377
360 415
360 458
361 408
361 447
363 380
363 387
363 451
364 376
364 390
364 439
365 416
366 429
368 457
369 381
369 405
369 430
370 372
372 408
374 400
374 413
375 397
377 421
377 437
378 477
379 473
380 473
382 456
383 470
383 480
385 468
385 473
387 445
388 413
388 429
388 432
391 410
392 464
393 408
395 436
395 446
396 433
397 399
398 467
399 433
399 462
400 402
400 462
400 478
400 490
401 454
402 446
403 427
403 430
403 454
404 466
404 491
405 451
405 455
406 438
406 461
408 449
409 427
411 420
412 506
413 450
413 470
413 513
414 499
415 474
416 480
416 489
416 513
417 517
418 460
421 481
421 489
421 513
422 424
423 507
424 509
428 450
428 452
428 455
428 459
429 486
429 487
430 469
431 438
433 450
433 478
433 501
434 477
435 439
436 451
436 491
436 511
437 509
438 451
438 456
438 472
439 460
442 485
444 519
444 521
444 544
445 491
445 496
445 528
446 506
447 483
447 487
448 483
448 511
451 492
452 524
452 547
454 480
454 534
456 485
456 518
457 544
458 471
458 492
459 468
460 482
460 496
461 465
461 524
462 495
462 547
463 503
463 538
463 559
464 557
466 478
466 498
466 511
468 478
469 497
469 558
472 503
472 509
474 487
474 497
476 515
476 565
477 497
477 564
478 552
480 520
482 492
482 572
482 575
483 518
483 549
484 517
484 559
485 558
486 506
486 516
487 503
489 565
489 566
490 562
491 525
491 536
492 553
493 501
493 502
493 546
493 586
494 518
494 566
496 508
496 574
497 575
498 550
499 545
499 556
502 515
503 522
504 548
504 599
505 531
507 524
507 540
507 550
507 580
508 604
509 546
509 549
509 569
510 565
512 543
513 570
515 607
516 561
516 614
517 546
517 604
517 612
519 546
519 601
520 526
520 580
520 591
521 525
522 602
523 546
524 530
524 570
524 596
526 591
528 535
528 602
531 532
531 579
531 580
532 549
533 536
533 562
535 552
536 579
536 586
536 616
537 565
537 579
538 565
539 598
540 571
540 593
544 632
546 571
547 604
547 611
548 559
549 565
552 625
554 576
555 576
556 621
558 621
559 644
560 603
562 592
562 598
563 578
564 578
564 661
565 650
565 652
565 662
566 580
568 626
569 589
574 653
575 611
575 642
576 621
576 623
577 581
577 598
577 654
578 637
578 643
579 621
580 652
581 675
582 674
583 604
585 671
586 614
587 592
587 625
587 634
587 671
590 605
590 640
590 681
592 635
592 652
592 683
593 654
593 672
594 613
594 645
594 659
594 665
594 673
595 625
595 630
595 645
595 676
596 662
597 639
597 689
598 606
598 645
599 655
600 636
601 647
601 684
602 612
602 653
605 672
605 687
606 685
607 610
607 632
607 638
607 673
607 699
609 632
609 648
609 659
609 677
610 709
611 631
611 637
611 652
611 698
613 673
613 711
614 702
615 668
617 623
617 636
618 661
618 682
619 692
620 642
621 623
622 651
622 655
623 637
623 680
624 650
624 670
624 672
624 723
626 631
626 670
626 694
626 715
628 698
631 660
632 638
632 661
632 727
633 639
634 715
638 648
639 682
640 719
643 704
644 705
646 702
648 666
648 733
650 686
652 680
653 695
653 702
654 690
654 708
656 671
656 741
657 678
657 695
658 750
659 677
659 712
659 743
661 666
661 714
662 751
663 749
665 746
666 688
667 760
668 689
668 705
670 716
670 726
670 741
671 676
671 718
671 756
672 707
672 743
674 736
674 766
675 769
678 743
679 703
679 749
680 716
681 743
682 774
684 699
684 764
687 697
687 743
687 770
688 745
688 762
689 789
690 784
691 714
693 750
694 708
694 714
694 743
695 767
697 783
698 729
698 756
698 762
699 745
699 760
701 703
701 758
702 721
702 728
702 744
702 799
703 754
705 712
706 793
707 778
707 794
708 785
708 808
709 756
710 723
712 754
713 729
713 761
713 801
714 773
715 731
715 805
716 725
716 773
716 781
716 788
717 758
718 725
718 768
719 780
723 783
724 778
725 822
726 767
728 767
728 805
729 730
729 811
730 732
730 761
730 810
731 782
732 763
732 778
734 784
735 765
736 823
737 770
737 824
742 766
742 818
743 753
744 840
746 753
746 778
747 767
748 759
748 765
748 797
749 761
750 799
750 828
754 767
754 804
755 779
755 793
756 795
756 818
757 770
757 797
757 851
759 782
761 808
762 804
762 839
763 784
763 803
764 779
765 812
767 803
768 801
768 809
769 794
771 804
773 801
773 867
775 871
776 778
776 801
777 817
778 818
779 862
780 830
781 787
781 790
781 825
782 872
783 798
784 790
785 854
787 864
788 804
788 839
790 848
791 850
791 882
792 794
794 830
801 822
803 848
804 844
804 882
805 841
805 862
805 889
807 819
807 906
809 832
809 892
810 827
812 858
812 886
815 847
816 823
817 827
820 870
820 911
821 890
823 832
823 881
823 903
823 917
824 895
825 891
827 866
827 884
827 912
827 918
830 913
831 931
833 893
833 910
836 899
836 920
837 857
838 932
840 849
841 847
841 881
841 902
842 900
843 909
844 845
845 914
847 873
847 892
849 881
850 878
851 929
852 873
853 865
855 902
855 903
856 897
856 927
859 894
859 945
860 886
862 900
863 950
866 964
869 873
870 946
871 914
872 873
872 924
873 961
874 884
874 954
876 930
876 966
877 951
878 960
879 909
880 910
880 928
880 972
881 957
882 943
882 979
883 950
886 903
886 926
888 958
888 962
890 906
890 935
891 903
891 951
893 954
894 907
895 924
895 939
895 982
896 973
901 966
902 937
902 991
903 932
907 925
907 985
909 931
909 958
915 944
915 967
915 970
915 975
915 986
916 943
917 946
917 989
921 996
922 939
922 977
922 995
925 954
925 967
926 981
926 995
928 938
930 945
930 972
931 937
931 978
932 980
933 978
935 936
936 976
937 973
937 976
938 991
942 967
944 996
945 990
946 973
948 950
956 986
962 976
963 974
965 970
966 993
970 983
973 983
974 979
976 984
979 981
981 998
14 3 0 1 11 8 15 9 3 15 8 3 13 18
1 4 5 11 5 16 5 11 15 16 7 1 19 12
9 5 23 6 20 2 5 2 3 5 7 11 25 2
4 7 5 12 4 3 1 1 19 7 11 23 4 16
18 5 1 4 19 3 2 10 5 8 1 24 11 13
4 10 6 12 8 10 1 1 3 6 2 7 6 0
1 21 1 3 5 6 6 2 3 4 7 10 10 2
1 1 1 2 6 9 2 21 4 22 1 24 11 16
11 12 4 2 9 32 10 2 23 5 17 14 5 8
1 15 13 3 15 1 11 1 12 9 23 23 24 2
1 6 3 11 20 11 2 9 4 2 4 6 8 9
7 9 6 9 14 7 9 11 10 16 0 8 1 20
5 11 6 7 5 7 5 12 1 3 6 0 4 6
0 3 1 8 2 8 5 4 3 9 3 9 8 13
2 4 9 3 11 11 6 12 0 11 1 0 11 12
4 10 9 6 5 4 9 0 0 2 1 8 6 6
14 1 13 19 1 6 0 11 0 14 1 11 3 18
1 10 7 5 13 14 1 14 12 11 2 7 5 7
13 5 3 19 3 4 14 2 1 16 5 34 2 11
7 2 4 5 0 5 4 2 2 1 18 6 1 4
10 14 15 27 13 27 26 18 15 23 20 15 25 24 18 28 26 19 26 35
33 28 25 45 35 39 50 48 29 36 22 21 33 45 30 42 39 28 39 46
18 11 8 15 26 17 18 29 13 15 19 13 11 20 19 16 18 20 14 14
13 9 11 17 14 20 18 15 12 13 9 10 10 23 12 20 18 5 21 24
38 46 45 33 35 58 46 43 32 34 54 34 54 52 54 59 45 47 44 68
10 5 1 4 5 4 2 9 1 1 6 2 8 3 7 1 11 4 3 13
5 23 29 29 24 45 35 31 17 31 31 22 26 31 29 36 29 34 16 36
12 10 2 9 12 12 13 20 4 4 13 3 6 17 8 3 14 10 8 14
7 6 4 4 3 5 4 9 1 3 1 2 4 10 7 5 16 1 6 12
9 5 14 11 12 18 18 16 14 21 9 8 9 12 18 23 14 12 11 18
48 56 40 58 43 61 61 54 44 26 59 27 56 69 51 56 47 41 42 78
8 5 5 4 2 7 12 7 5 4 5 1 11 6 7 9 10 1 3 15
43 26 41 26 39 39 47 44 11 32 34 22 41 44 47 43 45 28 29 61
36 27 31 40 39 49 54 54 32 38 39 38 49 51 49 53 39 43 40 61
16 10 8 7 8 12 8 16 3 4 10 5 15 13 19 11 24 5 14 23
7 5 14 11 13 10 21 10 9 19 13 2 14 11 12 19 7 5 4 17
40 37 58 37 49 69 65 46 22 40 61 33 63 59 62 68 53 46 34 69
19 9 12 9 19 19 18 24 6 11 17 7 16 19 23 18 21 12 14 13
7 14 21 22 15 32 34 23 12 19 25 5 22 25 17 28 21 20 11 34
1 6 1 9 1 11 6 2 4 8 5 8 11 6 8 9 10 9 8 10
9 12 6 11 10 13 13 19 5 7 5 10 12 20 14 18 25 7 15 21
23 14 22 13 21 25 27 29 8 16 25 16 31 31 32 37 35 14 28 37
20 17 21 15 14 21 35 30 14 27 21 10 25 27 26 27 20 16 17 42
28 31 26 20 19 37 29 27 12 17 31 29 37 37 33 37 41 30 27 50
12 8 7 7 6 10 12 12 4 11 8 2 11 9 18 12 10 5 8 11
14 10 8 8 10 5 6 15 1 4 10 8 6 14 11 7 17 5 11 18
24 20 9 20 17 25 28 29 18 19 21 18 28 25 27 22 26 25 20 36
15 22 21 34 29 34 30 40 14 26 27 29 32 34 35 32 40 35 21 39
1 3 1 3 1 4 1 3 1 1 6 1 6 1 2 3 7 3 1 10
2 3 4 8 6 11 6 10 4 7 6 10 5 7 10 14 16 8 9 14
13 11 12 9 16 10 16 21 11 15 14 6 14 13 18 10 10 19 1 17
26 25 15 24 19 24 25 34 15 14 22 13 18 38 30 25 23 15 27 34
12 22 9 22 13 24 28 29 5 10 23 4 28 32 23 26 29 16 19 30
15 10 30 28 25 32 32 24 7 24 21 15 27 28 20 32 37 16 30 43
20 27 33 41 21 36 42 35 24 33 30 10 31 43 32 47 33 18 31 53
28 21 29 44 38 52 56 47 30 35 45 45 46 46 37 55 33 40 41 53
13 10 14 24 19 30 23 25 15 12 16 17 20 23 12 20 32 20 21 35
8 10 5 5 4 9 11 11 3 11 6 4 8 10 12 8 9 6 4 9
23 24 33 40 26 38 50 33 25 34 28 4 38 39 30 46 30 18 29 50
22 20 9 20 16 31 25 28 14 10 31 20 33 29 32 30 34 29 18 40
32 48 26 50 26 48 39 53 25 28 43 39 48 55 49 53 53 44 44 61
10 2 7 7 10 10 13 13 8 3 12 10 14 13 10 18 19 4 13 25
23 14 12 12 18 18 27 31 11 15 15 6 21 26 27 26 27 14 18 28
33 17 34 32 42 44 48 41 19 28 39 31 37 40 33 48 34 24 42 44
35 26 29 22 16 40 38 20 27 9 39 27 43 39 35 41 37 22 30 59
35 34 32 20 22 45 38 26 21 18 40 33 36 39 42 45 33 37 21 35
15 17 30 24 17 31 32 25 20 28 13 2 25 23 21 31 29 17 25 47
39 46 41 43 38 59 53 43 30 29 57 28 48 55 48 47 33 42 25 64
19 9 17 11 18 20 23 22 16 24 9 18 22 19 26 25 21 21 15 27
40 50 43 35 24 54 52 42 20 22 54 25 56 57 53 53 51 36 27 67
14 11 12 12 15 17 13 15 2 8 14 6 18 13 18 12 18 9 13 18
22 14 12 24 16 23 25 15 25 17 17 18 20 27 18 28 23 12 28 38
12 8 12 9 20 21 15 23 7 8 12 9 13 12 22 19 20 18 8 12
26 15 15 17 21 30 24 24 16 12 19 21 27 27 32 32 31 21 29 34
16 17 5 13 8 21 16 15 6 11 19 13 19 16 19 16 16 18 10 24
33 25 25 41 35 34 40 44 19 15 28 21 38 44 27 42 48 15 47 60
17 22 16 26 19 30 33 35 10 18 26 9 22 36 22 28 31 18 24 38
11 9 14 9 10 16 15 13 5 12 13 4 16 16 19 17 19 8 15 18
5 6 9 13 10 16 7 10 6 9 8 9 9 7 11 13 17 10 10 15
24 15 19 20 23 29 25 32 12 14 19 15 26 28 28 28 40 15 28 39
35 45 51 39 27 70 60 45 32 44 58 45 64 53 59 69 49 52 39 67
17 21 24 23 17 25 27 35 12 27 23 8 21 27 33 25 20 23 12 32
8 9 11 18 7 16 11 11 9 13 6 6 9 15 9 14 20 7 15 23
20 16 21 12 23 23 21 32 4 18 21 12 15 30 30 27 32 16 22 21
43 26 48 27 41 51 53 47 6 46 40 28 48 46 49 53 45 30 41 53
10 5 8 8 7 4 6 10 3 7 2 1 2 13 6 7 13 1 10 15
28 34 29 30 21 38 44 39 25 40 37 22 43 34 39 41 28 36 26 56
26 23 17 30 32 41 36 45 16 12 35 25 39 45 36 33 48 30 36 44
4 4 7 3 4 6 5 6 1 6 5 2 9 6 10 10 10 2 7 9
4 9 7 11 5 19 13 15 4 13 9 8 16 9 16 11 20 15 7 19
27 30 41 24 24 37 46 36 25 40 32 9 39 38 43 47 24 27 28 56
16 21 8 16 15 21 18 26 5 13 21 8 19 22 25 16 23 19 9 23
4 2 2 1 4 6 9 12 1 5 3 4 2 12 4 8 12 2 4 14
35 40 33 44 28 45 47 45 32 36 41 30 29 52 39 41 28 30 38 47
20 14 17 21 21 10 18 25 9 18 6 10 14 19 18 17 28 9 21 31
23 23 27 27 16 31 34 29 21 37 25 18 27 31 38 42 21 23 22 42
9 1 3 2 9 5 6 10 5 8 1 3 3 3 11 8 6 5 1 2
24 28 36 40 42 48 51 50 32 40 41 28 35 42 38 45 35 39 29 52
20 7 14 9 19 19 18 27 6 11 16 9 15 21 23 21 26 11 15 18
16 14 20 28 32 35 31 32 23 17 34 22 37 27 33 36 33 32 20 38
23 19 30 38 29 33 38 26 20 33 28 16 22 38 19 34 30 18 34 42
36 35 45 49 35 61 58 32 35 24 48 29 62 57 41 64 53 33 45 78
45 54 28 46 40 49 43 59 28 33 48 31 47 55 48 38 42 42 37 59
26 22 22 24 32 26 25 37 7 18 27 16 20 35 31 27 34 18 28 31
15 12 14 18 17 24 20 21 19 16 18 16 26 20 26 29 24 24 16 37
23 33 44 51 40 53 37 41 27 31 51 30 47 53 49 55 52 42 37 64
39 22 32 34 35 38 39 37 32 25 32 27 36 45 38 45 42 21 47 62
40 46 31 50 39 58 54 65 35 26 53 40 54 64 53 59 54 42 54 70
5 3 4 12 7 12 7 9 8 5 5 12 11 6 9 15 17 8 14 17
51 46 49 61 59 58 57 62 35 44 55 52 55 63 57 55 63 51 52 75
27 23 32 30 30 38 47 38 40 36 23 24 42 39 31 46 35 34 37 58
25 32 39 47 33 60 61 35 37 41 50 24 49 51 40 54 25 38 31 62
16 10 17 29 29 27 21 27 15 16 22 25 24 25 18 30 37 21 29 37
25 35 19 34 15 37 40 39 21 27 30 23 35 42 35 36 27 27 30 42
44 29 40 29 37 48 46 46 22 30 41 25 41 43 46 44 43 30 39 63
32 19 17 31 24 31 29 33 23 13 24 25 31 35 33 29 44 23 38 46
34 23 21 19 31 32 35 47 19 12 21 19 37 40 42 41 46 26 30 38
40 41 51 36 45 55 45 57 9 32 49 43 49 55 62 56 58 41 49 50
10 11 8 10 13 14 14 18 7 12 12 7 11 11 17 8 16 14 6 13
12 7 18 3 11 23 19 20 4 12 14 8 16 20 21 25 26 10 17 29
21 23 25 24 20 41 33 27 13 24 28 20 39 30 38 38 36 36 20 45
3 1 10 20 6 26 15 10 13 9 10 13 14 13 8 20 23 13 20 26
3 5 18 21 14 31 22 19 14 22 17 14 16 14 11 24 25 25 15 30
12 20 24 37 14 44 42 34 20 25 31 19 43 36 27 45 39 27 30 54
48 44 37 48 50 64 62 51 30 35 53 38 55 66 51 66 53 36 62 67
12 11 14 16 16 16 20 19 2 19 14 8 18 20 21 26 21 11 16 20
42 30 52 46 56 53 53 60 33 43 47 45 53 55 55 62 57 47 45 66
17 22 15 31 18 31 36 36 18 17 22 17 31 39 26 43 39 18 36 46
28 26 20 21 19 37 44 34 15 23 36 14 40 35 33 34 19 23 23 44
3 1 8 8 4 11 12 8 5 10 8 1 3 8 1 11 6 3 4 13
17 6 9 1 11 11 11 18 7 7 7 7 12 13 20 14 21 5 11 19
36 51 42 54 37 51 60 59 27 39 46 27 53 58 48 50 47 36 41 74
11 7 4 2 11 7 5 15 2 4 6 6 7 12 15 11 15 4 7 10
5 7 4 9 6 14 11 14 3 12 10 7 4 10 10 11 12 11 4 10
9 2 2 7 10 4 5 9 3 6 4 1 2 5 4 2 5 2 3 6
34 36 48 40 28 61 69 47 42 51 38 28 65 52 55 74 40 41 45 77
8 5 8 8 8 13 9 12 4 6 11 5 7 8 5 8 15 8 1 17
24 23 35 41 31 44 44 30 28 34 27 22 39 36 28 49 38 24 35 58
30 25 31 21 33 35 42 50 21 30 38 26 39 40 48 45 30 34 21 41
21 18 9 25 28 27 28 32 21 12 24 20 25 22 24 23 23 26 21 35
18 13 17 22 23 21 26 31 16 19 15 22 27 31 27 37 40 21 33 40
31 30 30 34 29 41 48 37 27 30 37 15 52 42 48 54 37 28 30 57
18 19 20 18 19 31 31 30 11 26 26 19 28 25 35 34 23 22 18 28
37 34 51 57 51 67 61 40 34 34 56 44 61 60 45 67 54 45 55 68
34 34 44 28 39 50 45 44 30 40 40 18 33 43 46 43 34 39 35 54
15 8 22 14 12 26 22 21 10 19 12 3 9 21 20 21 23 8 17 29
4 3 3 2 3 5 5 6 5 3 6 5 10 2 10 11 9 3 3 10
2 3 3 3 3 7 6 7 1 8 5 1 1 4 6 4 5 5 1 3
7 7 1 8 2 6 6 6 2 3 1 5 9 7 7 6 13 2 8 13
9 11 9 11 11 20 14 18 5 16 12 7 10 14 20 18 13 13 8 9
39 33 47 38 37 49 55 39 34 44 40 35 49 47 46 62 39 38 31 67
53 46 53 45 53 61 56 65 22 38 56 38 56 67 66 64 67 46 55 79
40 38 62 38 56 58 58 60 26 48 48 31 53 55 61 61 54 49 46 64
21 30 28 36 34 32 41 47 22 21 38 15 33 44 32 32 38 28 20 53
27 18 28 20 23 37 35 31 11 23 28 13 29 35 32 32 34 18 30 41
29 33 29 38 44 49 46 49 27 22 41 38 44 45 38 43 49 40 38 52
6 1 3 2 1 7 5 6 3 7 1 1 2 4 5 5 11 1 3 9
9 7 6 1 12 16 19 17 6 9 14 10 11 14 10 11 5 11 7 15
23 17 24 21 12 41 29 14 22 14 28 27 35 28 29 41 33 25 23 44
33 27 55 40 45 61 60 41 34 42 48 26 44 53 40 59 51 35 43 65
27 20 50 51 35 55 56 42 23 41 44 27 48 55 37 63 50 25 48 75
17 16 19 18 19 31 18 21 12 19 20 18 27 15 25 24 29 26 12 38
33 26 50 38 42 74 58 35 35 34 62 38 70 49 55 68 55 52 41 75
17 22 29 22 26 42 38 32 16 23 34 15 34 28 37 38 27 27 17 34
12 8 14 17 13 25 23 26 14 17 13 15 18 25 23 29 34 20 24 38
26 23 32 23 27 44 41 34 19 34 30 15 31 35 35 41 32 30 30 41
43 34 35 41 41 48 60 52 28 43 34 27 48 51 42 55 46 31 50 65
12 15 13 19 23 26 28 33 10 16 28 8 18 25 21 20 20 20 5 26
6 6 4 7 6 5 8 10 1 8 6 2 8 10 11 8 14 5 9 12
26 10 37 38 33 44 45 26 27 33 34 28 49 34 26 49 39 24 37 61
15 3 13 13 18 8 13 16 5 17 6 10 13 8 15 18 17 5 11 16
50 47 35 36 35 50 51 52 36 27 40 40 56 59 59 59 60 50 39 67
15 10 14 7 7 15 15 9 5 14 7 8 17 10 16 13 13 4 12 18
13 4 8 3 11 12 18 17 9 13 8 5 8 10 13 15 11 5 5 19
32 27 51 48 45 61 66 46 34 45 54 39 55 60 46 68 41 37 48 65
7 3 1 4 9 3 6 14 1 4 7 2 1 9 5 4 10 5 2 7
7 4 1 4 1 2 8 10 4 4 4 1 6 9 5 7 13 2 4 16
37 39 39 31 30 39 46 44 19 41 36 31 43 41 49 39 29 41 13 49
2 3 7 7 1 11 8 6 5 11 4 1 4 5 6 11 7 3 5 8
37 25 16 39 30 38 45 37 39 25 32 30 40 45 36 41 35 28 48 54
16 12 1 5 9 8 8 13 5 1 10 8 12 9 12 5 9 6 8 12
4 1 1 1 1 1 3 2 1 1 1 1 4 4 3 6 5 1 2 8
48 49 38 49 45 48 63 62 42 48 51 35 51 59 52 55 31 44 35 70
9 11 11 13 13 18 21 16 8 12 7 8 17 18 9 17 18 8 16 23
41 40 38 37 34 39 39 50 18 39 42 35 39 43 49 42 35 35 29 52
40 14 47 27 40 38 46 42 22 39 29 24 40 36 42 50 37 20 29 55
12 26 33 51 28 55 56 38 36 33 44 21 50 47 25 50 39 37 31 66
5 4 7 5 5 12 11 11 3 7 12 6 9 9 10 12 17 8 8 18
8 8 3 1 2 1 1 11 1 4 6 2 1 8 10 2 9 1 4 11
5 12 9 15 13 11 9 14 1 11 12 6 11 14 13 12 20 13 10 16
13 6 5 5 8 7 6 14 5 4 5 4 5 10 10 6 15 5 7 10
17 16 16 15 13 17 24 25 15 17 12 12 22 21 25 26 30 14 21 38
14 8 6 4 8 5 11 16 10 12 6 1 9 11 16 11 13 9 5 16
23 16 27 25 29 34 34 19 17 23 34 14 34 30 30 39 25 20 20 43
37 18 59 46 55 61 63 42 31 43 47 29 49 50 43 64 46 32 46 60
21 30 16 18 18 31 23 35 5 20 28 23 25 32 38 27 24 29 14 24
32 16 16 18 19 28 28 27 19 15 21 14 26 25 28 27 24 16 25 40
19 18 13 18 20 14 25 28 9 23 20 17 20 23 24 25 19 16 14 25
40 37 37 24 41 38 32 49 13 17 40 27 40 43 53 38 47 39 27 44
56 48 43 30 51 55 58 52 28 15 58 41 62 61 64 59 55 52 36 60
2 1 4 3 4 1 1 3 1 5 2 2 4 1 4 9 9 1 4 11
38 44 38 46 35 44 45 40 26 36 49 26 37 51 42 44 34 32 33 59
24 17 4 27 17 26 24 21 17 5 26 23 37 30 23 30 32 21 32 42
18 16 15 16 17 27 26 20 15 20 17 15 17 24 21 22 12 13 22 24
25 32 30 27 25 52 43 39 17 19 39 25 54 41 42 50 51 35 38 53
16 18 14 19 21 25 24 26 11 20 19 14 16 24 22 23 17 17 20 18
10 17 19 43 23 43 35 29 28 20 32 25 31 39 27 36 39 35 31 45
24 11 28 18 31 27 34 35 18 21 22 9 23 27 28 26 23 20 13 31
1 1 1 4 1 1 1 1 1 1 2 1 5 4 2 7 10 1 5 12
20 25 6 10 10 20 22 29 8 5 18 13 29 28 32 30 32 15 21 29
42 42 51 46 51 58 60 64 19 37 45 34 60 62 55 61 71 39 49 68
6 2 3 4 3 4 6 9 4 9 1 5 3 4 7 6 8 1 5 9
5 3 6 5 4 14 10 7 7 9 6 9 15 1 13 15 13 7 5 18
33 26 24 30 31 38 46 50 20 23 31 14 34 49 39 40 38 24 34 51
47 38 39 28 45 48 43 49 8 18 48 35 42 52 53 47 51 34 44 46
47 44 54 51 45 67 56 64 35 42 64 51 64 68 67 74 62 50 59 77
35 21 24 27 27 26 28 32 27 22 19 22 27 32 31 28 29 21 33 45
2 3 12 9 6 22 12 8 8 16 7 11 14 4 11 18 16 15 10 18
31 38 37 38 22 42 35 36 17 30 37 32 40 49 49 51 41 31 39 60
9 3 3 4 6 7 9 8 4 3 4 5 5 7 4 3 8 1 8 10
14 21 17 18 18 30 30 25 12 17 26 23 36 30 27 36 32 25 28 36
11 15 8 18 22 19 18 25 5 13 18 12 13 24 16 16 22 17 17 19
16 2 7 7 18 11 14 23 8 10 10 11 9 17 18 16 23 11 15 20
24 19 34 31 31 35 33 35 11 23 26 17 31 36 30 32 46 21 34 50
39 39 35 47 35 50 45 46 22 23 33 43 52 53 45 58 61 36 55 53
35 31 39 34 49 46 38 55 18 19 48 32 39 52 46 41 55 32 40 58
10 20 12 18 18 20 15 27 7 10 18 14 17 21 23 14 29 20 7 24
36 38 48 45 49 59 74 55 42 50 48 25 58 57 47 65 35 45 44 76
3 13 7 16 13 14 13 23 3 5 12 7 12 20 15 14 28 15 5 21
4 6 6 7 8 12 11 12 1 13 9 3 6 7 10 10 7 8 3 8
20 28 33 46 34 49 47 37 25 31 33 30 53 41 33 47 52 35 39 60
25 22 21 25 25 44 38 29 24 17 35 19 43 32 28 31 31 31 33 50
1 1 4 3 2 10 5 3 1 4 3 1 3 2 4 4 8 4 2 5
21 10 20 22 21 19 26 27 22 28 14 13 17 24 23 30 23 19 22 38
19 9 13 13 24 18 18 23 12 14 15 21 23 18 24 27 26 21 20 23
10 12 3 16 5 11 11 17 8 7 2 1 12 15 10 13 22 4 12 17
18 21 27 28 17 31 35 35 27 31 26 23 28 34 34 39 25 28 20 48
7 2 10 15 15 14 12 14 7 16 7 19 12 16 12 22 25 12 21 20
39 25 27 23 26 28 39 23 25 22 29 24 37 30 33 40 19 19 29 46
13 8 8 17 15 17 16 18 11 6 13 9 16 15 14 12 22 12 16 27
2 1 1 4 1 5 3 3 1 2 2 1 1 2 1 7 5 1 2 10
5 1 1 1 2 2 5 4 3 2 3 3 3 4 3 9 6 1 3 11
6 4 1 2 4 7 1 8 1 2 1 7 4 5 10 7 10 3 3 7
1 4 6 7 4 11 7 8 6 9 5 13 9 6 8 9 14 9 10 14
45 36 54 47 52 71 64 53 42 39 61 38 61 61 49 63 57 45 64 87
26 30 12 28 17 28 31 30 16 22 29 21 31 30 32 27 20 29 20 39
12 9 28 21 13 32 26 9 19 29 14 7 15 15 8 23 12 12 17 28
29 36 37 49 35 60 53 51 32 33 53 39 45 60 44 55 49 43 44 62
38 30 22 41 40 30 41 49 29 30 34 35 38 47 40 39 40 35 42 54
12 6 12 7 12 18 14 18 7 11 7 10 7 18 16 18 18 7 15 17
12 11 12 22 10 19 25 24 16 25 12 10 11 23 17 23 18 17 16 29
26 21 32 33 29 27 22 31 22 21 29 14 29 35 28 38 36 16 29 47
24 21 22 18 27 28 37 33 17 27 27 14 28 28 31 33 20 23 17 33
16 16 21 33 33 39 36 40 26 18 30 30 37 35 31 40 49 36 27 51
4 5 1 6 4 5 2 5 1 2 7 5 10 2 8 6 12 5 5 12
29 4 30 15 28 34 38 29 21 23 27 14 22 30 26 40 26 9 30 39
19 24 30 27 33 42 38 39 10 6 34 26 36 37 29 40 46 31 28 38
36 19 31 34 37 35 43 43 27 34 27 31 40 43 42 48 48 31 41 58
35 45 33 33 39 51 43 44 15 7 45 36 50 51 49 45 53 42 32 40
1 4 4 9 1 10 9 6 3 10 5 4 5 9 8 11 11 6 9 13
25 32 25 34 32 43 43 49 14 27 37 25 33 46 34 42 37 33 32 41
41 33 31 28 35 26 25 43 28 27 32 25 33 34 44 34 31 32 21 46
17 13 5 9 12 4 17 19 5 16 9 2 10 14 15 8 5 6 6 12
26 26 53 42 39 51 48 34 25 40 37 24 39 46 35 55 52 27 44 64
18 5 18 6 10 21 23 17 8 16 10 4 18 13 18 22 17 4 13 25
4 3 1 1 3 5 1 7 1 1 1 8 7 5 11 7 15 4 5 9
14 20 29 39 20 38 38 28 25 29 34 20 29 44 26 42 31 24 29 53
7 6 7 7 7 9 9 10 4 11 7 10 6 11 10 8 15 8 9 14
12 3 6 9 11 13 11 15 6 5 10 4 7 10 9 12 15 6 10 13
26 33 31 37 23 50 56 45 31 35 38 20 50 48 49 56 33 36 26 53
42 40 36 45 40 43 43 52 27 32 35 35 45 54 48 57 55 38 48 64
8 7 13 11 4 13 18 11 13 14 11 1 10 14 7 17 6 4 8 20
13 21 20 32 11 36 37 30 15 23 16 4 24 36 20 32 33 16 26 40
17 30 31 22 31 37 31 37 7 21 34 23 34 33 37 32 40 33 18 36
7 9 6 8 4 14 16 11 6 9 13 2 12 10 13 16 6 6 6 16
27 41 30 32 23 44 42 44 16 30 42 24 42 44 45 32 34 36 18 45
21 27 22 23 30 40 34 29 19 18 30 18 36 31 30 29 28 30 25 43
31 33 15 32 35 39 42 53 15 16 42 31 36 48 39 41 38 38 33 37
5 1 1 2 5 6 2 11 1 1 3 4 1 4 4 4 13 3 2 10
25 26 21 20 27 38 34 38 11 18 29 26 32 35 33 31 35 31 28 30
44 22 40 39 36 53 66 51 41 40 41 31 56 57 46 62 46 37 49 74
40 33 31 36 32 47 49 44 36 31 30 26 43 46 42 55 41 32 37 52
11 4 15 10 21 22 16 25 2 6 17 7 14 17 19 18 26 12 7 20
33 31 49 39 45 54 53 44 37 39 48 21 47 47 48 49 46 38 27 67
6 8 9 18 10 15 11 13 7 16 14 10 11 9 9 15 16 15 11 19
13 17 12 19 13 18 20 27 5 18 20 6 19 24 23 21 25 17 13 29
8 22 22 21 2 30 35 22 11 27 25 16 33 28 24 34 22 22 19 40
28 26 23 26 35 38 34 42 16 15 34 28 23 37 28 28 33 33 28 21
1 1 3 5 7 7 1 8 1 3 5 2 4 2 4 8 14 4 1 11
28 24 33 40 44 51 48 48 40 33 42 35 46 43 39 45 49 48 34 62
22 19 24 27 27 34 36 31 14 31 31 16 31 27 30 37 22 22 16 38
45 33 34 39 46 51 58 53 31 39 45 34 45 59 48 58 45 30 54 60
52 37 55 38 58 58 52 68 28 23 58 45 56 58 65 63 68 51 52 63
48 39 43 44 56 51 53 55 37 29 44 37 45 51 51 51 34 45 37 43
33 49 50 49 43 66 58 44 26 44 54 44 51 59 57 59 50 50 39 57
5 9 1 6 7 10 6 11 1 6 8 9 8 8 15 9 13 11 6 6
18 17 19 9 17 25 20 25 8 14 15 16 17 24 28 24 28 16 20 20
11 14 16 17 9 17 19 15 7 19 16 13 25 18 20 25 23 13 20 30
25 46 45 36 39 59 51 45 21 32 55 33 57 47 51 56 47 51 29 53
44 50 46 48 45 55 48 64 31 41 49 34 48 61 61 54 52 48 40 71
10 4 8 8 5 15 11 11 6 10 3 8 12 6 11 10 17 7 9 16
33 18 44 45 40 50 57 48 24 41 39 30 49 53 41 65 56 24 52 67
21 22 20 26 22 28 27 26 9 18 22 16 34 28 25 38 36 17 25 41
17 16 22 22 20 23 19 18 8 18 20 14 25 21 23 31 31 12 21 40
10 10 4 8 6 12 17 15 7 13 9 10 12 14 15 10 11 10 10 16
1 1 4 3 4 9 5 7 3 5 4 4 4 5 7 15 9 2 4 9
54 31 46 32 55 60 64 50 37 37 55 39 65 51 57 66 43 44 38 72
25 19 26 48 27 47 53 33 46 29 30 23 42 46 24 51 36 23 45 65
51 40 42 44 52 54 68 63 28 38 52 41 67 64 58 68 48 39 50 70
61 41 61 46 60 65 70 60 49 48 52 48 54 65 58 66 48 48 57 71
37 25 43 34 33 37 45 34 27 35 38 12 36 44 43 49 35 16 37 59
24 30 37 39 19 55 53 47 18 35 36 24 46 51 38 49 48 32 41 60
6 1 9 10 7 7 8 8 5 10 4 7 6 9 6 16 15 2 11 21
19 16 13 24 18 19 25 25 19 21 24 14 24 19 20 25 20 19 17 33
5 10 8 10 1 13 16 11 4 15 9 4 12 15 16 17 7 7 10 14
20 27 22 24 18 36 33 38 16 27 29 22 29 32 35 31 27 28 22 37
16 5 19 13 15 24 30 21 18 25 15 13 26 19 22 27 17 23 16 30
14 1 17 9 14 15 16 14 3 9 12 7 15 16 14 24 24 1 20 29
46 36 33 32 37 53 58 62 26 38 34 38 53 58 57 58 61 41 52 61
19 20 17 24 20 19 19 32 4 16 25 14 18 30 26 21 29 18 23 33
23 19 29 28 18 36 25 13 20 27 20 15 25 24 20 28 27 17 27 42
20 5 16 12 24 13 23 24 4 18 17 13 18 24 22 27 24 6 21 25
15 4 14 9 22 16 20 24 12 18 12 10 7 17 17 22 13 15 12 16
31 30 43 50 37 41 52 50 28 48 40 28 34 49 38 47 37 32 36 57
10 6 10 5 15 12 13 18 9 10 13 14 13 11 16 18 16 11 9 18
13 11 11 7 8 11 9 6 1 10 9 11 19 9 18 19 19 6 11 26
39 31 24 11 21 34 30 28 10 4 38 15 35 38 37 26 35 22 18 43
26 32 50 56 36 61 63 48 32 53 47 29 55 57 47 68 46 35 41 64
8 5 12 8 12 16 14 16 1 14 10 6 6 13 13 15 18 10 8 15
5 15 19 13 5 21 23 11 10 24 9 2 20 16 13 23 18 12 17 30
3 3 1 5 3 3 6 7 1 1 1 1 5 9 4 7 12 1 7 10
40 27 60 46 52 61 62 45 43 46 50 29 52 59 53 62 54 39 41 79
14 16 17 26 19 33 38 30 21 25 28 15 21 25 20 28 10 20 13 34
50 46 45 58 62 60 63 72 45 31 58 47 62 69 56 64 60 53 52 75
45 34 54 56 56 58 59 51 31 39 61 34 62 63 55 61 61 37 50 80
13 5 21 6 16 15 25 19 15 28 8 11 17 12 19 23 15 19 10 30
1 1 6 8 3 8 3 4 4 8 1 1 1 3 3 9 9 1 5 7
54 30 23 39 44 47 60 60 43 19 46 39 64 60 51 58 56 39 54 74
9 12 10 17 12 23 15 18 14 15 14 20 15 19 20 23 23 20 19 19
38 25 35 39 48 59 59 50 32 21 53 39 65 64 49 65 64 39 57 69
32 37 58 54 42 69 76 52 41 53 57 28 56 63 48 68 49 40 39 78
44 30 35 28 42 44 43 48 26 19 39 30 42 40 48 48 42 37 35 40
8 10 7 8 7 13 12 14 6 12 11 10 11 13 19 19 13 11 10 13
61 51 60 44 62 67 67 60 43 35 69 40 65 72 72 67 54 57 39 77
21 16 14 15 12 18 23 18 12 15 12 10 20 19 18 18 19 5 22 31
24 31 16 27 23 29 19 41 11 13 21 15 24 36 34 29 42 21 26 34
29 36 43 48 34 37 53 51 28 45 35 26 44 51 43 52 36 34 29 65
15 30 10 29 15 30 35 34 14 19 27 15 27 35 20 23 19 22 20 35
50 48 46 66 55 55 63 67 42 44 43 36 53 68 52 61 65 37 58 77
15 12 22 35 14 29 36 21 24 28 15 15 22 31 10 37 33 11 36 46
21 21 19 14 10 25 29 24 9 18 25 4 25 29 29 28 17 11 18 34
47 47 54 50 64 55 61 70 38 42 56 43 52 62 60 60 51 51 44 67
22 4 24 20 16 30 32 21 27 23 16 17 28 25 26 35 23 18 27 41
13 10 29 27 22 34 34 23 18 31 11 22 25 26 17 39 33 21 32 39
50 38 51 42 47 62 67 52 48 45 47 47 55 57 52 64 36 52 48 56
42 39 37 23 27 49 58 41 39 35 38 28 54 47 48 58 35 39 28 68
49 50 47 53 46 59 74 58 46 63 52 43 67 58 58 65 36 55 48 78
17 19 13 21 18 21 22 27 7 8 17 4 24 28 20 24 31 9 22 36
7 7 5 8 13 15 8 19 3 8 11 8 9 13 16 14 19 14 7 8
17 11 10 14 20 18 23 28 13 18 18 9 11 16 16 17 13 15 10 24
36 21 41 29 42 41 49 50 26 27 35 32 47 49 42 57 54 29 46 64
19 14 32 28 30 26 28 23 17 24 27 18 25 26 20 28 28 17 23 42
7 3 9 10 9 12 7 10 5 11 6 4 4 7 5 3 13 7 5 12
13 6 18 10 19 22 24 22 11 20 14 6 13 13 15 16 16 18 9 22
10 19 18 21 12 32 23 22 6 9 13 7 26 24 23 25 33 12 18 38
6 7 16 10 12 24 21 16 9 15 13 4 15 12 12 15 19 15 11 27
9 1 15 21 15 14 13 10 4 16 6 10 11 11 5 17 17 3 18 22
13 6 9 7 7 14 12 17 4 9 10 5 10 13 15 12 21 7 13 19
21 31 21 32 8 37 42 28 20 31 17 11 37 36 31 42 30 19 30 43
32 45 48 49 48 61 63 56 27 39 59 43 62 52 50 59 44 52 37 57
30 25 25 30 36 37 38 38 22 23 30 29 28 43 32 42 34 26 41 38
22 11 26 22 23 26 28 23 11 25 15 14 25 19 22 26 29 12 26 31
45 35 46 47 43 64 55 40 36 27 60 35 59 62 53 60 58 42 46 81
4 4 6 8 8 20 14 17 2 13 10 6 5 12 14 15 17 12 6 15
4 10 1 9 1 5 11 12 4 8 2 1 7 13 8 11 12 2 8 13
17 19 25 25 24 39 34 39 10 26 30 16 25 35 35 31 32 27 17 32
6 5 6 6 6 8 6 7 1 8 1 7 7 7 9 7 14 3 7 11
33 40 50 55 49 65 64 47 38 43 42 34 54 59 41 62 54 36 54 73
10 14 11 18 8 12 20 15 9 20 12 4 13 22 14 21 10 8 16 21
36 46 20 37 25 45 45 53 20 20 39 30 47 55 48 50 47 34 42 53
17 22 26 31 23 41 34 30 18 26 33 19 36 36 33 42 34 27 25 43
33 38 47 47 47 65 55 57 27 32 50 41 54 69 52 63 75 41 60 72
7 7 8 7 10 14 14 14 11 11 15 10 16 10 18 22 13 8 8 17
6 4 1 3 1 1 4 6 1 2 3 1 6 7 5 6 10 1 3 13
34 35 45 50 46 60 55 32 42 40 54 32 48 54 44 53 47 40 39 64
14 5 11 14 14 13 20 16 16 11 13 8 18 16 13 20 20 7 13 32
27 20 24 18 20 27 33 36 14 27 20 12 25 34 39 33 27 18 21 34
36 42 50 43 47 55 35 55 21 27 42 33 46 52 50 51 64 41 45 53
38 32 36 21 36 42 50 46 32 30 30 15 45 46 45 46 35 28 39 58
33 19 16 12 20 25 23 26 12 11 19 16 23 21 30 19 25 17 17 33
5 1 1 4 6 6 5 7 2 1 2 3 1 6 3 5 8 1 5 9
32 32 27 16 16 41 38 21 21 21 33 27 33 36 36 38 26 30 15 41
13 8 16 14 15 16 26 17 9 25 12 7 13 13 18 23 12 10 14 21
42 37 29 49 45 50 53 54 24 27 39 39 53 57 45 57 55 33 60 54
29 21 18 11 25 24 21 32 8 9 22 13 23 25 36 19 32 21 12 37
1 9 4 9 9 11 8 13 1 3 14 3 10 11 13 10 17 13 2 14
7 4 7 11 12 17 8 15 7 9 9 7 6 7 12 14 17 11 6 11
12 13 24 45 30 48 40 36 26 24 38 28 37 43 30 50 44 35 34 54
13 18 17 23 13 22 27 19 4 20 24 6 27 25 22 30 19 14 18 34
48 26 38 41 55 66 70 55 49 43 52 43 60 56 54 66 50 52 62 74
31 30 29 43 32 55 58 44 36 29 45 35 48 56 38 58 41 33 48 60
13 12 9 8 12 11 3 13 3 9 7 11 10 13 19 13 20 7 12 19
17 14 11 10 14 7 14 17 8 10 16 5 15 14 14 13 13 7 9 20
24 21 28 27 37 34 38 38 17 23 37 23 31 32 36 44 29 33 22 24
48 27 29 25 40 46 51 42 32 26 47 33 55 43 48 49 34 35 36 60
32 37 41 40 37 56 49 52 25 32 42 34 45 48 51 48 45 50 34 48
42 41 35 50 57 56 61 61 31 36 57 45 58 57 53 57 51 49 47 60
13 8 9 24 11 28 24 17 21 12 22 16 27 18 21 28 23 19 21 32
17 13 12 17 25 25 25 34 9 13 26 12 17 25 24 21 25 20 15 26
14 15 3 12 13 13 12 25 4 7 13 7 12 18 19 7 22 14 8 19
37 37 21 23 28 36 41 40 23 25 41 29 41 40 47 39 21 42 9 44
27 25 7 11 24 16 19 37 7 8 25 13 16 28 33 16 21 20 15 19
15 9 11 14 15 18 20 21 12 11 15 9 13 21 15 21 18 10 18 22
24 34 27 35 14 26 29 34 13 27 28 22 34 39 38 38 34 22 34 50
10 10 8 13 13 14 17 22 7 10 20 3 12 16 12 15 16 13 7 18
42 19 31 18 38 42 45 42 21 26 29 24 35 39 42 41 30 24 37 40
44 28 31 35 37 46 48 40 40 38 32 33 41 41 42 46 24 35 36 53
17 14 16 17 19 29 31 24 19 21 19 19 19 27 18 25 19 19 24 31
7 8 8 16 10 17 14 20 6 19 13 8 6 15 13 17 17 13 9 21
34 34 39 39 28 48 53 51 13 38 36 25 52 51 45 51 49 27 40 54
9 2 5 7 11 6 11 13 7 9 7 3 6 8 8 14 10 2 8 14
22 22 11 8 12 14 11 19 5 14 16 11 15 19 28 17 19 14 8 22
2 1 3 1 1 3 1 1 1 2 1 3 6 1 9 6 5 1 4 5
19 12 11 16 13 19 24 20 21 18 18 13 22 17 22 26 13 19 14 31
13 13 7 15 15 20 13 21 12 7 22 18 24 16 20 21 27 20 15 26
36 39 21 17 27 28 23 39 10 6 36 29 34 44 41 35 41 27 30 43
28 27 41 52 45 57 62 42 38 44 50 42 54 56 41 64 44 42 47 64
12 8 23 22 22 32 22 18 19 14 26 20 28 24 23 33 31 20 19 39
20 18 29 44 24 40 40 40 23 39 29 29 28 40 28 41 33 29 32 47
40 34 40 46 43 48 57 57 34 28 38 22 50 52 40 49 57 29 45 74
52 42 33 50 59 57 44 67 34 18 59 49 54 65 60 53 66 52 61 63
54 42 49 47 48 58 65 55 48 48 56 38 56 65 60 64 36 40 42 80
58 34 52 22 36 58 60 40 36 33 50 36 54 54 58 62 43 39 26 68
7 5 7 9 8 8 4 13 1 3 5 1 4 8 8 5 16 4 6 15
29 29 44 35 25 51 51 45 31 40 45 26 43 49 47 57 35 29 33 53
13 10 4 14 13 15 15 23 9 7 9 14 12 21 13 18 27 9 19 25
3 2 1 3 1 5 3 3 1 2 1 2 6 3 7 10 8 1 3 12
20 19 6 13 15 12 17 25 9 10 11 10 16 24 19 15 21 8 16 23
9 9 8 9 10 12 10 13 6 11 11 3 11 7 11 6 12 10 1 13
21 20 17 32 31 36 32 37 18 14 35 23 34 36 30 32 35 30 32 38
52 36 48 47 50 68 69 55 32 51 55 32 57 59 51 62 47 39 52 74
17 10 4 8 10 9 8 16 8 8 7 6 12 9 18 9 18 9 7 18
16 19 21 27 18 20 27 29 1 24 20 8 19 31 21 26 29 12 23 35
9 1 1 3 6 3 6 8 4 1 3 4 3 5 4 1 5 1 6 6
21 3 19 3 18 19 28 27 13 17 13 10 20 18 23 26 21 14 12 34
7 8 1 2 2 5 2 9 1 1 6 1 8 3 11 1 9 6 1 7
20 6 7 8 15 9 17 18 14 11 10 7 12 12 13 13 10 9 11 19
9 6 6 9 6 9 17 14 7 8 14 7 12 13 11 17 13 7 13 20
26 11 26 11 27 34 31 30 11 14 23 21 25 31 32 35 28 15 31 23
47 30 54 51 54 53 66 52 45 52 51 38 66 58 54 68 54 45 46 85
29 18 30 31 27 42 44 38 26 22 38 16 42 38 38 44 36 27 30 53
29 33 34 39 37 56 53 55 20 28 45 34 49 57 49 51 51 39 43 53
5 1 1 2 3 1 4 5 2 2 1 5 4 6 4 5 9 1 8 10
4 1 3 8 3 5 7 7 2 5 1 1 2 8 1 8 11 1 7 11
25 29 43 43 42 49 44 53 6 31 42 30 44 53 43 52 62 31 41 64
47 31 43 49 56 66 64 69 42 29 59 41 57 67 58 63 60 51 53 83
16 38 34 45 31 56 54 50 22 32 40 26 37 57 36 48 42 35 33 48
30 8 33 18 35 31 31 39 17 23 23 14 20 37 33 37 36 17 32 44
26 23 30 26 18 34 35 24 12 30 27 13 30 40 35 38 29 14 31 42
8 10 1 7 1 7 9 12 4 9 9 7 14 7 13 10 9 8 3 15
20 12 15 12 19 6 12 18 6 11 9 7 12 19 17 14 22 1 19 22
26 16 29 21 31 34 40 32 29 33 30 19 34 26 32 35 18 30 10 45
4 2 1 2 8 11 6 13 1 3 9 5 4 10 12 11 12 10 3 4
18 39 25 35 31 39 36 46 6 19 39 25 38 44 43 38 38 38 24 29
33 36 22 36 29 54 52 57 22 18 45 40 58 61 51 57 56 40 51 57
45 51 55 33 39 64 65 54 32 44 56 43 66 60 70 65 52 62 23 74
23 22 30 29 25 36 38 34 17 25 35 7 28 38 27 33 28 16 27 44
49 43 50 51 51 51 58 65 36 38 37 32 54 59 55 59 60 37 45 79
38 39 40 53 42 52 49 51 36 29 53 32 51 65 46 60 49 36 50 74
13 13 18 18 18 27 27 22 13 15 22 8 19 23 18 23 18 14 17 26
39 34 30 39 39 33 36 52 31 29 25 32 40 45 46 51 50 33 38 58
14 16 10 17 19 22 20 28 9 17 25 10 21 22 26 23 21 20 5 28
6 5 12 12 5 16 12 8 7 12 7 8 13 10 12 15 17 7 16 19
45 52 54 48 47 70 64 54 33 38 66 43 68 66 62 66 65 56 48 87
39 34 27 57 45 49 58 47 42 37 50 33 60 54 42 56 41 45 40 74
14 18 17 18 14 21 20 23 6 17 23 6 23 23 25 26 27 14 16 29
20 7 33 30 21 38 37 10 34 27 26 16 33 29 25 44 28 14 32 51
32 17 24 47 41 44 42 37 35 27 37 40 39 45 30 51 43 30 51 53
33 33 39 31 41 42 41 54 6 26 50 22 38 51 46 41 45 33 32 50
64 33 48 29 56 48 54 57 22 27 54 41 59 61 62 59 59 38 43 74
38 32 44 30 45 61 62 59 34 38 57 31 61 57 55 58 49 51 45 73
22 33 21 30 20 34 35 34 11 22 36 24 40 36 39 41 36 32 20 46
39 30 41 44 42 51 46 48 34 38 44 36 34 56 45 55 48 37 50 60
27 25 16 21 12 34 30 20 16 10 22 18 37 29 24 26 34 22 22 44
32 13 42 28 45 45 38 43 2 29 40 30 42 38 39 49 52 27 37 47
45 54 49 43 37 69 51 55 33 27 54 41 63 63 65 62 72 53 42 78
25 26 36 22 23 41 49 26 29 46 32 15 37 31 37 47 15 33 24 51
21 7 16 10 15 19 28 21 18 16 13 6 16 17 14 21 14 7 15 33
35 25 49 23 49 55 55 56 20 28 47 33 49 45 51 53 50 46 31 46
24 16 26 27 26 36 33 32 25 20 24 18 27 26 25 31 32 21 27 46
22 7 34 30 25 31 38 22 14 37 16 21 23 30 17 40 28 11 34 44
6 1 4 1 1 6 7 5 1 4 3 3 6 4 8 6 7 1 7 10
40 27 50 52 48 45 57 50 39 41 35 26 52 54 42 60 47 28 41 76
16 11 9 12 16 10 8 20 5 4 12 6 5 18 14 9 22 6 14 18
56 45 42 39 57 49 44 69 36 31 50 36 46 60 62 50 46 47 42 54
23 28 23 30 22 33 33 33 20 28 27 19 30 30 37 31 28 31 16 40
41 41 49 42 46 57 51 48 33 39 51 32 45 50 48 53 46 44 45 71
15 6 14 16 14 18 20 18 15 18 8 6 11 17 17 21 20 12 16 22
17 18 10 20 16 20 30 32 13 19 17 7 19 25 18 21 24 16 16 33
15 12 3 13 9 24 16 18 6 6 19 15 23 18 22 19 24 19 15 25
6 6 2 8 8 7 13 14 5 7 12 9 6 14 8 13 13 9 9 17
15 14 8 9 5 14 14 11 5 10 12 4 17 16 20 16 16 8 13 20
32 27 38 31 42 39 47 47 22 29 36 26 39 41 39 47 40 35 31 46
1 2 5 1 1 4 5 4 1 8 2 1 4 5 5 6 9 1 2 14
18 7 22 17 21 19 24 23 16 21 15 11 24 17 25 31 25 15 18 37
15 7 8 3 18 7 10 18 1 8 6 12 10 11 18 15 16 7 10 11
11 10 2 11 18 18 11 21 6 2 16 11 11 15 11 12 13 13 10 13
36 26 42 41 50 55 55 44 23 30 46 31 46 56 38 58 50 27 55 65
6 11 6 12 14 20 18 24 1 9 17 7 9 19 16 11 17 17 5 13
32 29 38 34 34 45 24 37 23 24 31 28 26 42 39 38 48 26 40 46
10 6 8 8 12 12 10 17 1 7 11 6 9 12 12 11 19 11 8 11
12 4 13 1 5 17 13 7 1 7 8 2 18 8 17 16 14 1 9 21
23 6 37 23 24 37 35 22 21 27 25 13 25 28 24 44 30 8 30 42
26 29 32 27 26 33 45 33 26 39 30 11 29 35 28 34 22 24 31 51
27 16 25 13 28 20 26 33 16 25 20 12 20 24 29 25 19 19 8 32
51 54 63 58 47 76 77 66 35 57 60 35 65 77 65 76 63 44 61 83
42 39 56 53 43 62 58 32 35 46 51 46 57 53 47 62 58 41 44 75
54 40 49 51 53 71 62 60 36 31 68 44 72 70 66 73 70 52 54 87
9 9 13 14 9 12 20 14 5 23 8 5 10 15 12 17 15 6 13 22
20 5 24 11 23 24 31 27 21 20 18 14 21 25 24 36 18 15 19 30
32 32 40 39 42 61 61 50 36 34 51 23 49 48 46 53 34 38 31 61
3 5 3 5 1 7 5 1 3 7 1 3 5 4 7 7 4 2 6 7
52 21 59 58 60 69 71 53 47 56 55 50 57 63 54 77 67 45 64 81
37 25 29 36 27 49 42 27 33 24 38 29 39 38 31 40 36 29 35 60
25 29 25 36 29 38 42 41 28 29 27 19 29 39 32 28 32 30 25 48
19 13 20 22 17 24 32 26 24 20 14 15 30 20 18 31 25 17 17 43
6 1 6 6 4 13 10 9 5 10 2 1 1 2 4 7 8 3 2 11
22 32 37 49 26 41 48 37 23 37 34 20 38 45 25 45 35 20 38 64
15 8 11 8 15 6 16 21 7 15 3 5 10 17 18 18 21 8 12 23
31 44 27 35 15 46 40 40 23 27 41 36 47 45 48 40 46 44 26 56
11 2 13 9 19 25 17 21 3 5 16 12 15 20 18 22 25 11 21 19
7 4 1 1 4 5 10 10 2 8 1 4 4 4 13 4 7 5 2 7
23 6 15 13 17 20 23 23 16 12 13 7 9 24 16 21 16 3 23 29
21 14 25 38 27 41 44 30 26 28 34 30 44 34 27 46 39 31 33 53
16 9 9 9 9 15 18 19 10 14 10 11 16 13 20 17 20 12 13 23
11 20 5 18 18 21 19 29 4 10 21 11 20 28 25 19 26 22 13 18
7 9 8 15 11 14 3 18 3 5 11 11 7 13 14 11 27 13 14 23
41 51 49 46 50 52 50 74 28 34 57 43 59 67 69 60 65 54 42 69
54 46 47 52 51 67 65 50 45 27 57 49 63 62 54 68 55 51 57 70
37 29 33 32 36 36 47 47 30 40 30 25 31 40 39 38 22 32 29 48
28 26 46 35 33 46 43 33 21 33 32 18 36 41 36 39 44 21 35 56
14 11 5 5 16 17 17 25 3 5 17 12 11 24 18 17 21 15 14 12
12 6 8 11 12 9 14 17 9 16 11 4 4 10 9 11 10 10 7 12
38 21 56 29 39 59 62 30 31 52 46 22 52 44 50 68 32 32 34 62
37 29 30 31 39 29 23 39 13 13 28 36 35 40 40 37 52 27 44 37
57 54 44 59 52 68 76 81 51 52 57 49 66 77 69 72 54 55 56 77
42 24 49 28 35 60 60 36 41 40 49 28 57 48 52 64 40 45 27 73
53 47 46 49 38 57 65 52 38 49 41 31 57 62 58 69 48 39 42 76
20 8 20 6 16 20 27 24 10 14 22 6 23 24 25 25 23 6 15 32
15 8 6 4 15 14 17 23 6 9 17 9 14 20 23 21 19 11 12 15
29 34 50 64 48 54 55 46 38 40 51 29 48 63 42 62 58 36 47 77
53 33 39 42 52 57 54 58 41 31 48 52 57 53 60 60 52 55 44 55
33 28 50 36 48 58 53 51 18 26 52 29 47 55 48 59 53 37 43 48
24 22 48 39 38 50 47 40 18 45 45 22 42 40 38 53 41 33 30 56
10 6 14 7 9 17 22 12 8 15 12 7 13 14 12 20 12 6 13 24
37 50 28 41 32 56 56 48 24 21 50 38 56 54 47 54 44 44 35 59
17 10 15 6 10 19 17 16 12 18 10 4 18 7 17 11 14 16 3 26
29 19 23 15 21 26 31 19 12 12 31 13 34 26 27 33 21 12 21 39
6 5 1 6 13 11 7 16 1 6 10 10 5 12 12 10 16 13 5 6
28 23 33 21 30 33 23 38 16 26 29 16 24 31 33 29 35 26 26 39
11 1 5 5 12 13 13 18 6 8 8 8 5 13 15 16 16 9 11 11
22 20 26 27 30 40 34 34 19 20 31 25 34 32 26 36 37 28 32 46
54 46 60 40 63 62 49 66 28 35 66 39 62 62 73 67 65 51 46 72
26 28 34 35 29 47 48 41 27 37 35 25 41 46 41 49 40 37 31 59
28 26 19 33 30 43 50 45 33 34 28 20 31 44 30 44 30 31 34 48
41 33 55 36 52 57 60 60 37 38 50 29 44 56 50 56 42 43 33 63
13 13 12 13 13 24 23 23 6 16 17 9 18 26 24 27 24 14 18 21
4 4 5 5 1 8 9 6 1 3 4 4 13 9 8 13 18 1 12 22
15 12 24 28 16 22 27 15 16 25 11 13 19 27 13 36 26 5 32 37
7 4 8 5 4 8 7 5 4 11 1 2 5 5 6 5 6 1 4 8
50 42 31 53 46 63 51 63 43 17 50 47 62 69 53 68 70 39 71 81
6 4 6 5 3 10 7 5 1 10 5 1 9 1 10 8 9 2 4 13
14 13 15 8 3 23 22 11 12 20 14 6 19 13 18 22 12 13 7 29
18 15 17 24 23 23 30 32 19 17 17 10 14 29 17 19 26 18 18 36
15 23 20 28 18 27 30 28 13 21 29 7 26 32 28 29 24 18 11 36
23 12 41 44 45 53 44 36 28 26 44 30 44 46 36 54 55 36 41 65
23 29 46 44 28 50 49 40 24 48 43 31 46 46 37 53 44 37 43 66
25 14 20 18 23 11 29 25 15 31 12 12 20 21 24 24 11 14 15 24
27 12 20 20 21 28 35 35 16 16 23 17 28 40 29 34 41 17 40 47
30 25 22 33 30 33 37 33 24 26 33 23 36 32 28 29 31 32 27 52
25 22 30 39 41 30 44 47 24 29 30 29 43 42 34 44 47 31 31 56
22 17 19 29 13 32 34 18 31 24 28 20 35 29 27 38 20 25 25 48
4 1 1 3 2 3 1 7 2 1 1 4 4 2 6 2 12 2 3 9
16 14 17 22 20 30 26 24 17 13 23 11 22 29 19 30 27 14 23 34
10 2 8 1 3 11 16 14 4 13 3 1 5 7 11 9 9 8 1 14
31 29 11 39 24 32 40 41 34 22 20 21 35 37 24 33 33 28 37 50
44 35 29 27 28 51 55 43 29 24 30 24 45 52 46 51 39 31 40 52
42 34 40 36 43 44 30 49 32 31 35 40 33 44 47 43 50 35 46 45
32 25 61 40 44 61 56 38 31 45 50 24 53 51 45 62 53 32 51 79
15 16 13 13 13 24 25 24 10 18 18 16 23 24 31 30 25 18 21 26
22 14 24 41 28 37 44 36 39 23 29 21 35 39 20 43 37 27 35 58
6 3 1 1 8 6 7 12 1 3 5 6 5 10 11 9 12 5 5 7
3 9 6 9 16 17 11 18 1 1 15 8 14 18 15 16 25 15 9 15
11 24 23 42 25 37 35 38 18 26 35 29 35 40 31 41 42 36 29 50
9 7 9 11 1 11 10 5 11 11 1 5 9 10 11 13 9 1 12 15
31 21 27 13 21 23 32 35 13 27 23 14 31 28 40 30 23 19 16 40
20 49 53 53 35 64 57 56 37 52 53 35 49 59 51 57 52 55 41 72
37 39 12 27 28 38 43 50 21 16 33 26 42 48 44 39 40 29 38 44
6 4 5 5 4 9 11 5 4 6 3 7 11 9 6 6 12 4 12 18
46 35 42 43 50 46 60 57 26 51 42 35 51 48 47 47 33 44 31 59
13 1 14 7 8 16 17 10 7 13 6 2 7 11 9 13 10 2 12 13
35 28 38 29 29 30 30 35 27 32 28 22 35 31 39 37 35 26 29 55
6 2 7 1 7 13 13 13 1 9 8 2 6 9 7 11 11 8 1 15
2 3 1 5 9 9 2 13 1 1 4 3 5 8 9 4 18 7 1 11
9 9 8 19 13 21 17 22 11 12 15 10 8 23 12 19 21 13 17 27
23 31 41 33 21 47 44 25 23 32 39 13 40 40 33 45 32 29 20 60
14 14 16 18 15 25 27 24 15 25 14 12 17 23 25 29 24 17 20 30
20 13 20 15 19 25 25 23 9 17 22 19 30 21 27 34 27 15 23 33
25 26 35 28 20 46 47 34 19 28 44 22 55 43 40 50 38 28 34 65
9 1 20 14 9 23 24 14 15 21 10 1 10 11 7 21 12 7 7 30
5 6 16 19 4 25 21 7 15 20 14 11 14 16 11 27 18 10 19 29
36 28 33 24 25 51 46 29 22 17 53 29 56 44 44 51 43 37 29 58
33 34 44 29 43 52 53 52 24 26 51 23 55 50 50 49 54 35 36 71
7 10 7 8 5 9 17 12 1 12 6 1 10 17 10 10 12 4 11 13
16 9 28 26 28 32 36 26 25 22 27 10 28 22 19 26 22 23 8 44
10 2 9 9 9 18 18 16 7 11 8 6 9 13 13 13 19 7 15 21
36 54 37 66 43 66 65 66 45 42 59 48 65 64 54 63 56 56 51 76
34 27 27 23 23 40 38 27 17 17 38 17 33 44 37 41 38 22 27 51
6 8 4 12 5 14 9 10 7 10 9 11 11 10 10 10 16 13 10 14
36 43 67 52 55 63 75 53 50 68 55 29 67 53 56 69 34 55 29 75
30 20 21 24 32 38 32 38 20 10 32 30 30 42 32 36 40 23 43 45
6 3 1 3 6 1 4 13 1 1 5 4 2 8 6 1 13 5 5 9
35 27 54 50 48 63 73 49 38 53 51 35 58 64 51 76 52 40 54 76
11 10 1 8 8 12 14 22 4 13 10 9 8 18 18 14 16 12 6 13
49 47 57 48 58 59 59 59 35 53 50 51 58 57 62 59 59 55 38 68
11 7 15 14 9 16 9 14 5 10 8 1 2 14 8 10 14 3 11 22
22 10 34 40 37 42 45 35 31 38 35 27 32 38 26 52 33 31 34 47
24 28 31 39 29 52 42 33 27 21 39 28 48 46 33 53 46 32 40 56
14 26 8 25 16 29 31 33 11 18 20 15 23 35 23 26 20 19 20 27
9 4 1 7 11 11 6 15 5 4 6 15 6 12 9 11 17 9 10 13
14 14 9 18 10 18 14 18 13 7 20 12 22 15 18 21 24 14 16 30
22 16 29 37 24 44 44 31 30 32 33 24 35 41 33 52 40 26 41 52
2 2 7 10 1 11 12 7 7 5 5 1 10 9 3 20 14 1 9 24
33 44 34 46 32 57 60 58 34 30 49 38 59 63 48 61 48 38 50 69
20 15 9 17 15 18 21 25 12 11 20 11 18 22 17 17 21 13 21 29
42 39 35 32 48 58 55 57 18 31 59 35 55 53 55 54 44 43 40 55
24 19 37 50 34 45 50 41 26 29 39 22 42 56 31 60 51 21 51 69
36 31 26 40 35 50 59 52 38 26 39 26 55 51 39 49 44 41 42 68
15 13 28 29 16 24 25 20 15 30 13 19 18 27 17 27 31 12 31 41
34 36 33 38 30 50 42 35 29 33 42 27 38 44 36 45 30 36 40 62
4 5 9 5 9 18 16 17 1 17 10 6 8 13 13 16 10 14 3 8
26 15 14 16 24 25 33 31 16 8 28 16 27 33 26 32 25 14 28 36
9 10 10 6 4 14 13 9 5 11 14 2 16 6 14 12 12 7 2 19
13 14 12 13 13 15 5 19 2 7 12 8 6 16 17 9 24 10 11 21
17 13 20 14 11 26 32 21 18 27 14 12 25 19 26 31 19 18 17 34
31 32 24 35 35 46 43 41 29 22 41 31 49 40 38 39 42 38 31 60
18 15 16 22 16 23 29 19 18 17 17 10 16 31 16 25 20 10 28 29
23 18 29 46 34 49 45 35 35 28 36 34 39 41 30 54 48 32 46 55
2 1 5 7 8 8 6 11 1 10 3 2 1 7 5 10 13 5 3 10
18 8 15 11 11 18 22 16 12 18 11 3 14 16 18 18 13 6 15 20
2 5 2 7 5 9 6 8 2 7 10 4 5 6 7 9 10 8 2 11
10 5 4 6 5 6 8 8 7 7 1 4 8 8 11 9 11 1 8 11
35 43 44 49 39 44 52 54 24 34 49 24 48 54 49 50 45 32 37 70
16 16 25 8 18 37 31 22 8 21 25 12 27 25 30 33 24 23 22 28
33 35 42 24 33 58 52 47 13 29 55 27 55 52 58 52 45 40 18 60
51 54 45 40 30 55 67 52 35 37 54 35 63 62 58 61 49 47 32 74
9 11 12 8 13 26 14 17 2 11 16 10 19 11 17 15 19 19 4 23
44 51 40 65 39 71 77 55 51 53 52 36 63 66 47 69 52 45 61 83
1 2 1 1 5 6 1 7 1 1 4 7 6 5 11 10 8 4 3 4
37 55 43 56 46 58 55 64 26 36 51 37 57 63 51 54 56 46 44 75
24 33 37 31 23 55 46 26 16 33 42 23 41 42 43 49 31 35 19 48
40 56 54 54 45 70 74 68 42 45 65 28 66 69 57 65 54 48 53 85
22 25 25 19 20 24 29 27 18 19 20 10 29 28 24 27 29 14 29 46
42 25 60 52 55 64 76 51 48 63 60 38 67 56 50 74 41 51 41 79
10 11 7 6 15 17 12 26 3 10 13 7 6 18 21 11 23 17 6 14
41 46 35 59 49 62 64 50 44 37 55 42 54 65 45 67 52 42 61 63
7 2 1 4 4 1 7 10 6 8 3 6 5 5 7 5 9 6 7 12
44 28 36 27 42 40 51 49 32 30 40 22 47 42 41 38 30 33 27 62
18 18 15 29 19 19 25 26 8 22 12 18 27 25 23 27 34 12 28 31
32 25 47 48 42 48 52 21 36 42 43 27 48 49 40 60 46 27 46 63
41 40 38 50 58 44 50 52 37 33 55 29 44 56 50 47 46 44 36 64
56 47 39 57 46 75 73 59 42 36 55 52 73 72 61 77 68 51 66 84
37 30 38 32 31 42 51 30 34 36 35 32 43 44 41 56 36 32 35 61
27 32 41 28 42 45 50 45 25 39 43 25 48 35 48 49 31 45 15 45
37 34 35 36 47 48 33 54 24 16 54 34 45 54 45 47 54 38 44 55
28 24 32 51 30 49 57 41 34 35 38 29 52 54 35 62 44 24 49 67
31 27 37 33 37 47 44 31 26 36 35 28 26 44 31 42 37 29 37 38
20 34 41 49 48 62 57 45 41 41 50 36 51 50 38 56 42 51 46 66
32 20 39 51 47 57 60 41 38 38 45 36 55 51 46 66 51 43 47 63
24 17 43 34 40 43 51 28 30 43 41 12 43 34 24 40 22 28 26 51
38 38 23 53 40 39 38 47 31 13 39 32 49 49 33 43 53 29 50 67
5 5 5 2 7 8 4 6 1 6 2 6 8 5 13 8 9 4 3 4
5 1 7 7 3 8 8 4 6 10 1 2 1 7 1 8 3 1 6 9
40 45 41 41 32 48 51 53 25 29 46 24 51 56 56 54 46 38 33 70
29 9 23 13 29 25 31 35 11 23 27 10 21 27 28 28 28 18 23 31
14 18 24 35 24 33 32 20 26 26 35 15 38 30 30 34 31 32 19 44
9 5 8 7 6 11 13 9 9 13 7 5 7 9 9 13 9 4 7 14
39 56 42 61 39 72 71 65 39 47 46 36 57 71 53 66 52 51 54 68
19 23 18 23 20 18 20 28 7 18 22 2 16 24 27 17 23 17 11 32
11 22 31 36 23 45 37 29 19 29 38 20 33 38 32 44 30 27 23 45
12 13 4 11 10 20 21 25 7 4 10 9 19 25 16 26 29 10 19 23
6 9 5 5 7 11 8 12 4 8 7 8 10 10 17 14 14 9 7 8
12 6 13 9 12 13 19 16 5 15 5 8 14 15 15 19 20 5 16 26
19 41 20 42 25 45 37 46 21 23 33 27 41 45 41 40 46 37 27 47
26 27 25 28 35 37 34 42 15 17 34 26 35 39 34 31 45 34 32 43
48 36 43 37 41 63 66 55 37 36 58 48 72 63 67 73 54 54 38 77
20 5 15 8 16 14 24 23 15 20 7 11 11 17 16 18 16 11 13 30
17 14 13 13 14 14 19 24 13 19 9 7 8 23 22 18 21 11 15 22
1 1 1 8 7 9 1 8 3 1 8 11 9 2 5 10 15 10 5 14
20 24 41 30 38 41 52 33 27 40 39 11 45 32 35 43 25 32 19 53
8 3 1 1 5 2 9 10 3 6 3 1 2 6 9 3 3 2 1 3
31 28 14 27 31 25 28 40 18 17 26 20 21 33 30 16 32 24 27 39
6 9 21 20 12 28 25 16 12 22 20 14 21 18 20 33 19 15 19 29
25 24 27 26 29 31 27 37 10 17 17 20 25 36 28 35 44 18 34 38
29 23 20 16 27 22 19 28 4 12 22 24 24 28 31 24 34 18 27 33
11 7 14 12 22 15 15 19 1 13 14 17 18 16 17 26 24 11 17 18
9 6 8 5 7 10 12 5 3 10 4 3 8 5 6 7 1 1 6 13
21 9 11 7 17 19 16 22 7 7 14 12 17 18 23 21 23 8 18 20
15 7 19 26 18 22 17 19 15 14 16 18 20 24 19 28 37 14 33 38
4 2 4 7 4 11 9 9 3 8 5 1 1 7 3 4 7 6 1 7
10 7 14 14 11 19 20 17 9 13 18 8 14 17 16 24 19 11 17 24
17 17 11 17 12 12 12 24 8 15 16 14 11 22 20 14 22 14 16 26
27 19 17 17 16 24 26 17 14 11 23 15 31 24 22 25 21 10 20 43
16 29 20 26 14 35 30 32 7 17 28 8 32 33 32 34 33 18 18 44
32 27 40 35 31 45 56 40 28 34 38 9 40 46 35 44 35 21 31 62
5 5 4 8 5 10 7 12 1 4 12 4 11 9 11 11 17 9 9 16
3 2 6 1 3 10 8 6 1 8 4 8 5 4 6 9 6 5 3 11
17 32 27 32 31 44 41 45 14 23 30 20 35 43 39 39 45 31 26 33
9 4 4 3 6 8 7 8 5 5 1 7 8 6 13 8 12 4 6 10
18 34 45 50 26 56 57 44 32 42 45 25 48 51 40 54 44 40 28 68
43 30 58 45 55 62 64 61 27 42 54 29 50 61 50 62 52 34 49 74
8 3 3 3 6 6 9 9 5 3 6 5 6 5 5 9 6 1 6 14
24 16 32 31 16 33 37 19 19 34 22 17 33 27 24 39 29 13 31 50
44 38 47 54 42 63 74 41 61 51 50 38 63 57 44 69 43 45 54 82
8 15 10 23 1 22 25 17 14 19 8 6 15 26 15 27 20 8 23 27
47 49 43 44 36 51 57 46 25 28 49 34 55 58 45 50 56 35 39 72
35 34 35 28 36 58 46 41 17 13 48 36 53 44 45 46 46 46 36 44
25 13 17 22 21 30 34 28 25 16 23 14 23 31 21 32 22 13 28 38
29 21 20 18 22 28 22 29 12 14 20 13 20 27 32 20 31 16 21 38
44 33 57 41 50 66 73 53 27 52 55 40 52 64 52 70 46 40 54 61
27 11 44 30 29 42 48 27 18 38 27 18 33 40 25 52 41 13 40 54
4 8 6 11 1 10 10 5 5 9 4 8 10 10 8 10 15 6 13 17
49 50 49 34 48 75 69 64 22 35 70 45 69 64 66 68 50 58 46 65
25 18 21 15 26 26 20 33 1 7 22 14 28 31 33 25 43 15 25 35
26 21 38 35 37 28 42 38 31 35 28 19 28 38 27 36 32 26 26 54
28 13 19 39 33 45 38 30 41 19 36 29 42 34 36 49 35 35 31 55
16 11 5 6 13 14 18 21 6 11 12 7 13 21 24 17 18 11 12 14
21 33 27 29 34 48 43 48 13 22 41 26 33 43 35 35 33 41 20 36
29 24 66 50 54 67 67 40 42 56 50 26 59 50 47 68 49 40 43 76
15 11 13 20 14 24 28 21 17 21 18 10 10 22 12 22 10 12 19 25
13 1 3 4 11 7 10 17 5 5 6 4 5 12 11 13 19 5 8 20
10 2 2 6 7 5 6 11 3 1 5 7 6 9 6 5 16 5 10 14
55 36 50 23 42 39 49 46 25 36 42 33 51 47 59 53 42 33 27 62
11 10 13 15 14 16 13 17 1 9 12 3 14 18 14 13 24 9 13 24
22 16 17 15 17 23 29 29 11 15 19 7 19 32 24 26 27 9 25 31
7 3 4 9 2 9 12 11 8 7 5 9 14 11 8 17 22 6 16 26
37 26 36 30 40 47 46 48 23 23 35 26 38 45 44 41 46 33 39 45
10 14 21 18 7 21 22 3 13 26 15 4 14 18 15 23 10 5 17 27
35 29 44 20 25 46 48 31 33 38 39 21 41 41 46 52 28 35 19 61
45 46 46 56 43 66 75 69 47 46 53 38 56 72 53 72 50 48 50 70
13 9 13 9 6 12 16 10 14 16 10 2 16 8 16 17 10 6 8 23
18 18 31 35 30 35 32 30 11 22 26 25 38 33 29 42 45 21 34 46
27 28 33 37 32 47 51 45 28 30 37 14 44 51 44 52 40 29 30 61
10 1 17 17 14 20 17 12 8 12 11 14 19 17 12 28 30 7 27 33
15 12 14 16 13 21 21 18 8 14 16 7 17 22 18 16 22 11 21 26
12 13 11 8 5 19 16 12 6 16 16 5 18 8 19 16 13 11 5 23
6 2 7 10 9 10 9 11 7 11 3 1 5 7 10 9 12 7 5 14
41 43 52 45 38 63 59 51 29 39 43 32 66 54 52 63 66 38 52 83
29 20 23 21 26 32 37 33 13 21 30 9 32 28 27 30 23 17 24 39
30 25 31 22 23 35 35 27 22 26 25 22 42 27 33 32 33 36 16 50
5 3 6 5 5 3 5 4 1 6 1 1 7 8 8 10 11 1 9 11
21 15 25 38 24 27 34 24 19 28 17 26 32 36 20 39 37 14 44 45
5 5 2 7 7 9 4 8 2 5 3 10 9 9 12 10 17 7 9 12
15 23 37 33 21 51 46 36 26 40 37 24 35 35 34 48 30 34 24 49
9 8 11 13 12 12 13 13 7 16 7 12 10 12 15 18 15 10 15 15
9 8 7 5 5 9 9 10 6 5 9 6 15 8 15 18 15 5 6 17
10 12 12 15 10 22 26 26 5 13 18 6 19 30 20 32 24 9 18 31
23 20 32 37 25 35 43 20 36 35 25 15 31 36 25 47 31 16 32 51
16 4 17 12 19 14 19 14 5 10 14 7 23 18 19 29 23 3 17 25
31 28 36 43 38 39 35 43 22 19 32 18 40 46 33 46 52 21 38 58
8 2 1 1 5 2 7 9 2 4 2 2 4 6 10 4 5 1 3 2
18 5 20 18 14 25 22 20 19 21 12 14 15 20 20 30 25 12 24 33
24 19 19 24 36 27 32 31 19 20 33 16 29 29 27 30 20 25 18 34
15 20 21 27 20 28 24 30 13 22 22 14 25 24 29 24 32 25 19 33
7 12 1 7 4 9 11 11 1 11 10 4 11 12 15 12 7 9 4 8
6 1 1 1 4 3 7 8 1 1 3 1 5 7 9 8 7 1 5 5
10 6 16 13 5 19 15 4 9 16 5 10 19 9 12 20 13 6 17 23
14 7 15 17 15 24 22 22 11 11 15 6 19 20 18 28 29 10 20 30
1 1 1 1 1 3 2 1 1 2 1 4 4 3 3 1 8 1 5 9
18 12 7 9 13 13 18 19 11 14 13 6 12 13 14 9 10 9 9 13
49 37 41 23 26 50 50 36 35 25 35 33 49 55 55 60 47 34 29 63
6 5 9 4 11 15 12 11 5 3 14 11 15 14 15 20 18 9 10 17
19 19 34 34 35 41 39 29 23 25 37 27 36 40 33 46 39 30 33 44
25 39 37 45 32 63 61 46 33 37 44 35 53 58 40 64 42 45 55 60
32 42 43 53 35 62 63 47 33 36 46 40 56 62 46 70 54 39 56 64
24 13 24 11 19 26 37 33 18 30 19 14 24 25 30 34 16 23 9 37
27 38 32 51 33 68 69 49 48 39 51 31 64 60 47 68 42 47 47 76
18 32 29 28 20 45 44 26 14 28 35 16 42 37 33 43 32 32 27 54
16 23 15 22 16 21 14 30 5 17 21 13 16 29 31 26 27 18 17 27
21 20 35 31 34 50 50 40 37 39 33 29 41 43 38 51 40 46 38 54
43 38 17 39 42 46 43 48 36 33 41 38 44 42 48 43 35 47 36 48
18 12 26 33 30 34 34 26 22 25 22 23 30 23 15 27 31 25 26 43
14 6 12 14 19 7 17 22 5 14 12 7 11 16 10 10 22 10 12 28
26 16 21 10 27 24 22 31 8 11 20 16 20 28 27 20 26 11 25 27
49 38 49 46 48 48 50 53 46 43 43 30 43 52 43 53 35 37 42 70
36 19 34 24 36 45 51 53 22 26 35 22 41 46 41 51 52 27 41 62
32 33 36 34 37 47 32 45 14 20 41 23 31 53 46 44 49 29 39 44
5 5 6 7 5 8 7 7 5 7 7 6 10 6 9 13 13 4 7 16
21 16 12 27 20 24 28 31 24 14 17 17 22 30 17 29 33 16 32 44
6 1 9 6 6 3 7 6 2 6 3 4 9 3 6 15 12 1 9 18
44 19 55 39 49 51 60 45 28 46 41 34 55 54 49 71 51 26 53 69
32 28 39 29 38 40 45 45 23 24 38 17 38 47 45 44 40 30 27 51
10 3 9 8 6 12 19 11 12 16 6 4 2 15 8 12 7 4 13 18
7 1 6 3 4 10 8 6 2 7 2 2 3 5 5 5 10 3 3 8
34 22 35 22 28 32 38 40 18 32 26 14 29 37 41 33 35 21 28 46
8 6 6 11 9 13 8 9 8 7 4 14 11 11 13 15 18 9 13 17
7 18 13 26 13 26 26 26 11 19 18 9 19 28 19 28 25 17 17 30
15 7 22 13 15 18 19 18 11 24 3 4 10 15 20 21 21 9 15 28
23 13 26 26 22 23 38 30 10 26 25 12 31 33 23 39 30 9 31 40
35 38 35 56 53 68 63 60 46 30 64 51 61 59 51 60 57 59 47 67
27 15 34 27 24 37 41 24 18 33 30 10 25 38 28 40 32 13 33 42
18 14 13 8 10 21 17 11 5 16 11 16 18 12 20 17 13 15 8 21
27 22 16 23 22 39 27 27 19 8 34 28 38 29 30 33 36 29 25 44
6 1 1 3 3 6 2 8 1 2 1 1 4 3 9 4 14 2 2 9
18 24 16 26 8 28 30 28 18 27 24 12 21 29 26 23 13 22 15 26
40 33 39 40 44 43 50 51 23 35 31 32 49 50 49 54 50 34 43 53
14 15 24 19 24 32 31 27 8 22 23 17 24 27 24 33 33 23 28 32
24 34 17 18 18 34 31 32 2 14 33 23 35 37 36 36 32 30 16 28
10 18 11 15 20 23 13 24 4 4 19 19 21 21 23 14 31 23 13 21
13 8 11 8 8 15 9 11 2 9 8 2 14 7 17 14 16 4 9 15
11 8 19 26 27 24 16 24 4 20 18 26 21 20 19 26 34 21 23 26
13 7 9 14 10 18 21 16 13 12 11 9 7 20 9 17 11 7 20 21
7 4 11 12 9 16 16 10 10 9 12 5 13 10 10 20 12 5 12 21
30 18 46 35 40 52 57 39 31 36 37 16 42 49 38 55 44 24 35 61
7 3 6 3 5 10 9 10 4 10 3 6 5 7 11 11 9 5 5 7
41 47 40 39 40 43 48 60 31 33 42 37 47 58 57 59 44 41 38 56
37 23 36 26 33 52 49 30 31 27 39 20 41 40 38 49 28 23 30 53
17 17 32 21 22 36 41 27 26 34 25 7 29 29 25 38 23 23 22 50
30 26 34 28 34 51 45 44 16 24 44 39 49 49 42 58 58 37 51 53
13 8 4 6 9 9 15 20 7 12 8 3 9 12 18 11 12 12 4 9
27 25 18 30 28 38 43 44 27 29 37 25 31 40 36 42 24 30 25 43
24 11 31 22 30 30 43 37 18 35 24 20 28 32 31 43 26 21 26 39
5 3 13 15 9 13 10 8 7 16 7 6 4 6 3 15 12 6 11 17
23 20 8 18 20 22 23 31 12 8 21 14 27 26 28 18 30 24 17 37
19 18 22 27 16 25 30 24 14 24 19 12 27 27 26 34 30 13 27 42
19 3 19 12 17 10 19 17 5 22 4 10 15 12 15 18 20 1 17 30
16 18 28 30 26 36 31 30 22 25 32 18 24 33 26 37 32 22 25 38
21 12 13 11 15 22 22 22 7 11 16 7 17 20 19 15 22 7 18 27
29 38 39 43 32 59 64 45 50 47 54 38 55 47 42 58 23 50 38 64
53 46 33 45 50 51 61 71 38 33 52 34 53 67 59 61 46 41 45 71
26 25 26 27 15 29 27 22 12 17 18 20 39 27 26 39 40 14 30 55
32 35 36 34 29 52 61 35 41 41 50 30 61 47 44 56 29 48 29 69
13 8 5 5 8 6 11 15 4 7 8 7 10 14 13 7 16 5 11 15
7 13 9 17 12 19 12 20 6 8 15 13 18 15 19 15 28 19 13 23
47 39 50 41 40 56 54 36 33 39 36 42 52 50 53 63 51 39 52 58
8 6 6 6 3 5 2 6 3 7 1 3 5 4 8 6 8 1 5 9
35 27 53 32 38 55 49 41 19 36 34 25 42 52 42 60 56 23 55 61
14 6 7 8 13 8 13 15 9 7 12 7 8 12 3 9 8 4 9 16
10 4 1 3 5 4 6 12 3 4 4 3 3 10 7 6 12 3 3 10
20 12 26 24 26 31 31 27 11 21 19 18 27 32 27 36 38 14 37 38
17 14 12 14 16 24 28 25 15 22 16 9 15 16 17 16 12 17 11 20
8 1 6 2 8 10 8 12 1 6 7 8 8 11 11 15 17 4 7 16
34 34 22 41 23 49 54 40 38 33 27 18 40 45 29 46 35 26 41 57
13 21 17 28 28 21 25 29 11 16 23 14 21 28 19 21 29 19 17 34
2 1 2 2 1 6 3 2 1 1 3 1 7 3 7 9 9 1 4 10
39 35 31 39 36 41 52 55 35 35 29 24 29 54 37 41 30 30 33 55
38 36 54 53 54 54 58 47 40 44 47 30 52 48 44 52 45 33 38 68
41 26 30 55 54 56 55 57 40 28 44 44 50 57 47 54 60 43 53 67
27 26 29 24 19 27 37 40 19 34 27 22 27 33 36 32 21 27 20 43
6 7 21 11 5 20 17 1 10 23 5 4 14 4 10 19 4 6 11 21
21 24 25 18 12 37 34 23 8 23 32 12 37 26 32 35 26 24 13 42
16 9 10 9 13 15 17 21 4 10 12 10 19 21 21 22 25 6 21 26
42 38 36 50 39 57 52 47 24 30 32 51 63 53 49 63 64 42 59 57
35 46 58 52 43 76 65 39 30 43 56 43 66 62 55 74 64 54 59 71
23 26 41 38 34 42 49 47 25 33 43 10 35 45 39 44 30 26 23 52
43 36 59 52 61 64 70 59 36 49 52 41 52 66 56 66 63 44 56 69
39 21 36 22 31 36 52 44 28 30 34 14 34 45 37 41 25 20 31 56
10 4 9 6 8 9 9 10 1 7 6 6 11 10 12 12 15 4 10 13
18 35 27 43 24 35 39 37 12 27 36 26 47 39 33 40 36 28 23 52
24 19 20 12 11 22 15 19 8 13 14 11 17 21 27 21 22 8 19 34
11 14 12 19 12 32 27 26 14 11 14 13 26 22 17 33 32 17 19 34
25 26 33 50 24 54 56 41 39 41 27 28 48 48 35 63 53 32 48 69
26 33 24 44 32 44 37 49 21 22 38 33 39 53 41 49 52 35 47 53
22 22 39 38 32 44 39 35 22 32 26 15 25 41 25 44 45 20 39 52
2 7 2 6 2 6 4 5 1 5 8 1 8 3 8 6 6 6 1 8
11 3 12 11 13 15 10 16 3 8 10 8 13 11 11 13 23 8 14 21
6 1 1 1 5 2 5 9 2 5 1 2 1 4 7 5 3 3 1 1
35 26 52 33 50 58 50 54 20 35 44 34 42 52 46 51 58 36 45 62
38 40 37 38 29 60 57 46 31 43 46 36 45 51 51 54 29 46 36 56
5 2 1 1 1 1 4 8 2 5 1 3 2 6 6 1 8 2 3 10
36 41 39 39 42 43 33 55 19 30 40 34 40 46 57 45 44 45 35 44
27 41 42 47 29 62 57 49 24 36 46 33 44 62 46 60 54 38 46 59
46 29 51 37 56 58 57 57 29 28 54 28 46 56 53 57 44 35 45 57
16 11 13 7 12 16 21 16 4 11 14 5 16 21 18 13 19 7 17 22
12 22 13 35 16 28 32 30 18 15 29 15 32 32 19 29 30 22 22 43
37 20 40 34 42 38 34 42 19 24 37 31 43 41 42 50 52 20 43 55
7 1 3 1 7 12 6 13 1 3 3 5 3 7 11 8 17 5 3 8
1 1 4 5 1 7 5 4 4 6 1 4 1 6 3 9 6 1 6 13
10 8 8 14 12 16 16 21 9 16 12 7 6 14 13 15 16 13 10 14
32 40 42 42 26 49 44 52 29 38 40 28 41 53 50 54 46 32 42 64
1 3 3 4 4 8 8 7 2 8 5 7 4 8 8 12 7 4 5 12
42 33 29 19 38 41 43 43 23 24 40 34 41 39 44 40 29 40 20 44
2 2 6 11 1 10 8 6 3 7 1 1 5 10 2 12 16 1 11 15
42 38 68 55 57 77 68 56 26 47 68 39 72 65 63 77 62 51 54 79
38 34 26 37 48 38 48 55 31 35 38 34 38 47 40 45 33 40 31 51
29 14 19 19 26 32 26 27 14 12 26 21 30 27 29 30 29 17 31 37
24 13 23 20 29 23 32 33 22 30 19 13 19 26 27 32 21 20 19 32
6 11 15 20 14 23 27 22 5 25 14 12 15 25 15 29 22 14 20 31
12 11 11 17 11 21 24 27 9 15 13 2 15 27 21 28 28 10 19 30
15 6 17 16 15 21 22 14 18 24 10 10 4 20 14 22 14 9 14 22
15 14 20 17 22 26 18 30 7 8 25 12 14 30 24 27 32 17 21 31
11 6 6 6 6 10 9 9 6 12 5 2 7 4 12 6 10 7 4 16
22 21 17 20 15 23 25 25 6 24 24 16 30 22 32 34 23 19 13 29
17 10 6 9 13 9 14 25 6 8 13 4 10 17 18 8 20 11 13 20
50 46 63 38 54 65 63 68 17 45 58 46 56 62 70 69 59 50 53 58
28 37 33 54 28 62 54 55 33 29 49 37 54 64 51 63 60 43 53 70
5 6 7 6 7 10 9 11 1 12 7 6 6 8 11 11 12 8 5 8
21 9 17 16 23 16 17 25 8 12 17 9 14 22 16 18 29 8 22 31
5 1 2 6 5 2 1 7 1 3 3 4 4 4 3 3 11 3 4 10
15 5 30 29 17 29 27 16 11 31 13 14 17 24 12 30 31 7 29 42
37 31 44 55 55 59 54 48 38 35 48 44 50 54 42 60 54 37 55 65
27 13 36 22 36 46 43 40 20 26 32 23 36 35 36 43 39 31 33 44
14 14 20 22 25 17 14 24 5 12 16 9 9 20 17 15 29 10 20 31
33 23 28 18 23 34 41 33 17 27 35 6 35 31 38 35 20 18 17 42
36 42 47 54 34 48 46 41 32 52 42 44 43 53 50 57 47 34 49 61
10 19 6 11 12 17 17 24 1 11 14 14 17 25 22 20 23 16 14 16
10 14 4 8 5 12 15 14 5 16 9 7 11 13 19 12 9 10 5 14
39 30 50 45 48 52 54 47 33 51 38 35 45 48 46 54 49 37 38 68
36 19 37 20 39 34 36 42 22 19 32 29 40 35 43 45 38 28 29 42
39 29 44 50 41 53 61 41 31 47 48 34 46 53 42 58 38 27 48 62
24 30 26 26 27 37 28 40 7 18 38 18 30 39 41 33 37 27 23 44
38 24 44 34 37 51 55 36 50 46 34 28 42 44 36 54 33 35 47 68
16 28 32 36 9 44 43 24 16 32 33 14 40 37 30 47 28 21 27 58
23 22 25 24 22 45 30 24 19 13 32 31 43 28 39 37 41 36 18 44
6 6 3 10 14 17 13 23 3 8 15 6 2 16 11 11 16 14 5 13
16 12 16 15 12 22 24 19 14 18 17 9 21 16 14 19 21 14 16 33
29 38 40 42 30 57 60 47 25 37 46 34 49 55 43 59 36 39 45 54
10 3 2 6 9 13 10 20 3 7 8 8 6 11 16 11 20 11 7 14
7 1 12 4 9 9 13 5 1 14 1 4 7 3 6 14 8 1 7 14
45 33 43 34 31 47 57 47 30 44 45 34 50 52 56 61 36 37 40 65
26 32 14 23 30 32 33 37 10 11 35 27 31 39 34 31 28 31 26 22
39 11 43 27 39 34 50 32 20 36 33 18 44 37 36 47 31 13 36 55
55 41 66 56 63 63 63 54 36 54 52 40 50 63 60 61 66 36 55 78
6 7 5 7 7 12 5 10 3 7 7 12 12 7 13 12 19 8 7 17
38 28 42 54 50 49 56 59 33 34 47 34 56 59 50 63 59 41 46 77
19 16 15 19 19 23 28 24 15 21 18 8 18 17 17 13 11 18 13 28
45 32 48 39 41 58 56 48 17 40 54 35 58 51 56 64 49 37 35 61
10 16 21 34 19 35 32 25 18 24 27 17 23 30 17 30 26 24 26 36
23 17 12 14 25 18 24 29 17 18 20 20 20 21 25 22 17 19 20 23
7 2 11 2 4 17 18 11 5 14 7 7 12 9 12 16 12 10 8 18
18 7 16 13 17 15 19 19 13 18 8 5 17 17 21 23 17 12 12 26
10 4 13 5 10 19 15 12 1 10 8 9 12 13 14 16 19 9 11 18
57 38 43 50 66 58 48 67 24 36 56 48 52 63 57 56 64 39 62 69
22 27 18 46 29 46 46 42 26 27 31 28 38 47 29 45 43 30 46 55
31 34 54 48 43 55 57 40 30 45 50 23 56 53 45 62 53 37 44 75
37 42 42 58 37 62 57 50 46 46 56 46 47 63 46 59 53 47 52 71
64 48 53 34 57 57 55 72 26 38 56 45 57 69 77 64 55 51 47 59
12 4 5 6 10 9 13 18 8 11 7 5 3 12 10 11 10 6 7 16
11 4 9 9 11 7 11 10 7 14 6 6 5 10 8 10 12 6 10 17
29 27 21 26 33 41 36 42 24 17 39 26 38 36 36 32 38 36 29 52
12 14 20 15 11 20 12 13 5 18 12 9 17 11 19 18 25 13 18 33
34 20 26 41 30 44 42 37 36 35 32 28 37 39 41 48 41 36 39 55
20 14 12 22 20 26 26 27 15 12 22 15 19 26 18 18 25 18 25 31
42 35 23 32 42 41 48 52 34 37 35 38 42 46 49 44 30 42 32 45
27 20 32 20 31 34 30 37 10 10 32 13 29 32 34 29 40 15 22 44
31 35 27 26 33 37 41 40 29 23 34 19 39 41 34 38 32 25 38 56
15 12 9 14 12 8 11 21 6 12 10 9 9 19 19 10 26 10 17 23
20 11 17 14 11 21 26 14 13 16 15 7 16 24 19 22 16 3 24 27
6 1 1 1 6 4 4 10 3 5 1 7 1 4 7 6 8 4 1 5
30 52 53 42 44 73 70 55 28 40 68 33 71 63 60 69 45 54 39 73
33 35 48 38 34 58 53 49 23 44 44 28 50 47 55 56 45 44 35 68
44 48 45 47 45 59 54 55 29 35 54 30 48 58 53 50 44 40 41 68
6 6 5 8 5 10 8 7 5 8 6 11 9 7 9 10 12 8 9 12
4 2 2 8 5 10 3 9 3 4 2 6 6 2 7 6 15 5 5 12
18 20 21 11 16 30 25 21 1 17 24 19 28 22 32 34 27 20 18 29
15 15 15 19 12 30 34 28 18 25 20 20 24 26 23 27 16 24 18 34
8 1 6 6 11 14 8 13 1 5 6 9 7 8 12 12 17 9 6 7
42 34 58 33 36 66 72 42 30 53 56 36 62 54 56 72 36 41 39 73
55 52 50 58 43 60 60 54 34 50 55 48 49 68 57 60 47 40 52 77
23 36 38 32 36 49 47 48 23 37 42 29 46 41 49 48 46 44 23 50
33 35 40 38 32 53 62 47 41 39 41 15 51 49 40 55 46 32 47 71
22 26 19 29 21 18 21 31 7 21 17 14 19 29 25 22 31 14 25 33
50 47 43 52 42 64 70 45 53 45 52 33 63 58 45 61 46 46 50 88
24 6 17 17 20 26 27 27 18 6 27 15 29 29 23 28 37 13 30 43
16 18 32 21 17 36 34 23 16 26 25 4 25 28 22 29 26 20 21 42
56 45 37 36 41 49 56 55 34 17 46 33 61 58 56 53 57 37 43 78
9 10 14 13 16 16 22 19 5 20 16 11 14 17 16 23 17 11 13 22
8 9 7 7 5 11 7 8 1 9 6 6 10 8 11 5 15 7 7 12
6 5 15 8 1 15 17 3 7 15 9 1 12 14 12 19 8 1 14 22
19 20 20 24 20 32 33 27 16 24 24 23 21 38 29 37 29 20 31 28
32 38 27 43 29 35 44 37 28 29 38 25 31 51 31 40 32 21 42 56
4 1 4 7 5 6 2 8 1 3 5 1 5 4 4 8 12 3 2 10
48 38 41 34 50 60 53 48 24 32 54 37 49 58 53 53 44 39 49 55
17 20 14 18 22 27 27 33 8 20 26 18 19 29 25 24 22 21 18 28
3 1 4 3 8 6 4 6 1 7 2 4 1 6 6 9 5 2 2 6
13 15 15 21 20 30 29 26 12 16 16 17 18 30 16 25 24 16 27 31
1 1 4 5 3 11 3 5 1 4 2 1 1 2 1 4 11 3 1 8
12 14 5 19 12 16 22 19 15 12 19 15 18 19 13 20 12 15 19 25
12 24 21 24 20 30 27 33 8 21 25 12 19 31 23 17 28 25 8 32
7 7 1 1 1 1 1 6 1 2 1 1 6 7 11 4 10 1 3 8
8 23 23 31 27 33 29 34 14 17 24 19 30 31 25 36 44 24 24 40
5 2 6 8 7 10 4 11 1 8 4 2 1 5 2 4 11 5 1 8
39 42 50 56 41 60 64 52 31 55 50 37 57 63 55 72 46 39 45 73
14 14 22 19 25 25 27 27 8 14 28 10 22 26 20 22 27 16 16 32
53 46 56 49 61 63 66 62 42 40 66 33 58 71 67 66 48 48 39 74
23 25 27 44 24 53 53 37 33 30 42 22 56 43 35 56 44 34 40 67
13 10 12 15 8 20 17 13 10 15 10 4 9 16 12 13 14 8 12 20
16 6 36 28 25 36 31 21 10 26 18 17 28 22 19 33 35 13 32 41
35 18 41 24 35 33 46 43 20 44 22 21 30 37 38 44 28 24 25 46
14 16 3 12 11 8 14 18 3 10 15 3 14 19 15 12 14 8 10 18
6 2 8 4 3 7 11 7 7 15 1 2 6 1 8 6 3 5 3 14
47 44 46 52 28 61 61 40 37 46 54 53 57 61 47 64 44 45 44 72
8 6 15 17 15 24 22 17 11 16 14 11 12 22 12 26 22 11 19 26
11 25 16 28 12 27 22 21 11 18 21 13 31 22 21 27 32 20 23 41
37 40 35 40 26 58 48 44 29 30 30 26 46 50 47 51 55 34 44 66
2 4 3 6 7 10 5 10 1 1 5 1 7 6 8 4 14 6 1 7
27 10 14 15 20 25 26 23 20 11 14 14 24 23 26 26 20 11 27 34
3 6 4 6 1 8 6 5 3 7 4 7 7 7 7 5 12 6 7 11
40 29 36 40 45 51 50 51 29 37 41 39 51 50 52 52 52 51 36 64
5 4 2 6 7 8 8 11 1 5 10 1 2 8 3 3 7 6 3 11
32 14 38 16 33 35 31 34 18 18 31 18 37 32 42 40 37 18 25 52
31 26 32 34 37 38 50 44 30 44 32 35 40 37 35 44 16 40 20 48
47 45 51 64 51 61 61 60 30 50 58 43 49 67 51 64 47 40 54 72
10 5 1 1 6 2 6 13 2 5 4 3 3 8 8 3 6 2 1 7
8 10 9 12 15 18 14 21 1 8 15 11 14 22 18 22 29 15 17 17
44 48 37 60 46 54 40 62 44 28 42 41 55 59 57 54 71 48 54 72
14 14 19 12 12 25 23 16 7 19 17 8 23 15 19 17 18 16 13 24
21 20 26 21 23 28 26 36 15 24 27 17 21 34 37 37 31 21 26 39
38 20 40 15 30 37 41 42 16 32 31 18 29 37 40 39 35 24 32 49
33 49 45 54 30 57 52 46 29 36 47 30 50 58 48 54 52 35 44 73
