1000 20 10 1103
4 22 1 1 13 13 2 4 14 18
12 2 3 17 7 1 6 3 11 5
4 0 3 4 1 1 6 6 3 2
1 3 1 2 4 3 4 5 5 2
6 10 12 0 3 1 5 14 1 8
21 7 14 1 8 7 19 4 2 11
7 9 9 4 7 4 11 4 4 11
2 2 4 6 2 3 2 3 5 0
1 4 15 14 0 1 6 9 0 9
7 4 5 12 1 2 5 3 13 5
4 2 17 13 2 10 5 29 6 7
0 5 17 12 5 6 6 2 4 3
2 4 16 1 1 5 4 4 4 3
9 8 4 1 2 3 9 4 2 9
14 13 4 18 3 1 10 5 6 7
5 3 1 7 0 7 1 0 3 1
5 8 3 6 2 6 2 4 5 12
15 6 17 0 6 1 4 0 7 5
0 3 3 8 1 5 2 5 4 7
1 5 8 3 2 3 7 1 1 5
11 9 6 4 11 1 0 20 1 3
7 4 1 5 4 3 2 6 2 2
5 13 4 3 3 4 1 8 3 7
6 13 8 14 6 7 3 8 6 6
11 7 11 6 11 25 7 4 2 9
1 4 6 7 12 5 6 3 3 3
4 4 12 1 7 12 3 7 1 10
4 3 6 4 21 3 9 10 20 13
4 6 4 10 9 12 12 16 9 1
4 14 25 16 6 2 6 2 1 15
11 0 4 12 2 3 9 5 8 14
6 7 8 1 9 3 2 2 5 7
5 4 13 10 11 16 3 4 3 6
4 4 9 10 7 5 20 0 8 16
7 5 2 2 4 5 5 6 2 4
5 1 5 6 7 2 2 4 3 0
15 7 4 7 14 2 1 5 29 12
0 3 12 5 7 1 7 10 1 3
7 4 19 8 6 1 10 7 17 20
9 21 7 16 14 10 7 17 3 6
2 14 5 10 4 2 9 3 6 3
3 7 5 2 2 6 19 15 12 1
2 8 17 2 6 6 12 1 14 5
4 7 2 9 0 4 6 6 3 3
11 9 11 2 5 1 6 0 3 12
6 10 10 1 4 1 5 2 2 16
3 3 0 2 2 9 3 3 10 7
11 8 15 6 2 5 21 6 1 9
9 0 7 9 24 15 6 4 1 14
10 9 1 6 5 10 5 9 3 9
4 11 7 6 26 8 5 15 6 8
5 25 1 6 6 8 4 11 9 15
2 8 2 13 9 11 5 2 1 12
12 12 3 3 7 1 4 5 11 3
9 6 11 4 12 7 3 17 5 1
14 13 2 1 1 1 2 11 3 9
1 5 3 6 12 5 11 0 11 2
1 4 2 10 0 9 2 14 8 24
0 2 8 8 3 11 4 1 6 10
14 4 3 11 8 2 5 2 5 1
20 1 2 15 1 6 13 8 10 14
7 3 11 8 4 3 4 2 1 1
13 8 8 5 9 15 1 3 14 4
4 16 7 2 13 0 12 5 9 5
3 2 2 9 12 1 2 2 11 1
0 2 8 4 10 18 1 5 12 4
9 2 0 1 7 4 17 14 4 5
6 8 10 13 1 2 1 0 4 4
3 3 0 12 14 5 1 12 31 8
15 4 9 3 17 1 7 19 2 20
1 5 1 5 7 5 7 3 2 4
4 1 6 2 6 13 10 7 13 0
8 1 4 14 7 5 2 1 1 0
13 19 2 21 10 5 6 8 3 0
5 2 1 7 10 8 4 9 3 5
18 12 2 8 1 25 8 8 5 9
5 4 8 4 19 3 24 11 13 7
10 4 6 6 13 14 17 5 5 8
15 7 10 8 4 4 2 1 1 2
5 1 2 1 2 4 17 20 8 8
2 5 5 6 7 1 1 0 2 1
2 4 6 2 3 1 4 0 4 2
7 5 4 6 2 3 5 6 5 9
10 15 0 11 12 13 15 6 21 12
10 12 14 6 1 8 6 12 5 9
0 0 2 2 0 5 8 8 3 2
5 2 6 2 2 1 4 2 1 4
17 9 6 9 6 15 17 5 6 9
3 9 5 7 2 15 1 27 2 1
9 0 16 0 14 14 10 13 3 3
10 2 2 4 13 1 1 1 1 9
3 10 13 1 11 2 5 5 4 5
16 6 4 5 14 6 16 1 12 16
6 9 4 2 1 4 4 8 1 3
4 2 0 0 8 2 15 10 3 1
5 2 8 4 1 3 4 17 5 1
16 7 1 3 10 4 3 2 2 1
11 11 16 3 3 2 0 6 9 5
1 3 5 1 5 6 7 2 2 1
8 5 3 20 19 6 2 3 11 2
3 2 11 17 10 17 12 10 15 18
6 2 11 10 25 8 2 14 12 13
7 1 8 3 1 5 4 5 7 6
8 6 4 2 13 6 21 9 4 12
14 5 6 5 0 2 2 1 1 8
9 2 2 1 7 5 19 7 0 7
9 5 7 16 14 18 5 9 3 3
2 2 3 7 12 5 4 8 12 8
20 0 1 14 4 2 14 1 13 9
9 0 0 0 4 4 5 1 2 1
3 3 4 4 1 4 7 9 6 12
18 1 15 16 11 1 8 17 7 11
5 4 2 10 4 20 13 7 6 1
2 15 0 4 8 12 20 9 22 12
3 7 15 4 0 6 14 1 7 23
14 6 3 8 9 14 7 3 10 6
9 6 9 8 4 4 9 1 23 4
1 4 3 2 4 4 1 2 1 7
5 1 7 2 1 2 4 3 0 3
7 3 3 6 2 2 1 6 5 4
2 7 0 4 3 5 3 4 3 5
5 3 4 4 1 3 7 4 9 3
10 22 0 16 3 6 3 11 10 21
5 6 7 8 3 5 10 1 4 2
5 14 20 9 1 8 2 6 4 15
4 1 4 0 25 2 15 12 14 7
4 2 15 3 11 3 2 5 1 6
6 5 6 8 6 2 4 2 3 4
3 8 1 9 4 4 4 9 6 8
15 2 16 3 2 0 2 13 11 20
1 7 5 8 5 1 19 7 1 3
3 3 11 2 2 5 3 3 3 1
2 6 3 10 2 8 8 4 3 2
6 7 1 2 12 1 3 1 1 9
6 5 3 2 6 10 14 3 12 6
3 7 7 6 13 6 7 17 23 11
5 2 3 4 1 3 9 7 5 2
4 1 3 4 3 4 2 8 5 4
1 4 15 2 15 1 5 7 12 2
5 7 9 10 2 9 1 2 12 3
3 13 10 2 1 8 7 1 5 13
8 2 8 5 4 6 7 3 6 8
3 2 5 5 1 5 11 11 8 6
9 19 0 3 4 20 3 8 1 11
3 2 1 1 5 5 4 4 5 2
5 9 2 4 1 1 6 4 6 6
5 4 6 13 1 7 1 1 3 8
1 0 2 19 5 5 2 1 9 4
9 4 5 9 14 8 4 2 7 7
23 3 25 1 0 8 5 3 5 4
4 9 4 6 3 10 8 3 6 15
11 3 14 10 5 4 3 3 16 2
3 4 1 12 3 2 6 2 1 5
5 12 3 11 2 5 0 11 1 13
7 11 11 3 8 1 7 13 14 8
19 8 6 10 1 12 9 10 1 14
5 4 1 8 8 11 1 3 6 14
6 2 10 1 8 2 10 7 3 2
5 5 2 6 3 1 1 2 2 0
2 2 11 8 9 6 5 1 18 23
1 0 14 4 6 1 19 8 8 2
3 4 3 2 5 6 8 3 8 4
0 5 1 5 1 13 7 7 1 13
8 1 1 6 4 18 1 21 1 5
21 16 3 15 13 6 4 18 3 10
0 1 7 2 4 12 5 1 12 4
2 5 9 5 4 2 22 3 10 4
5 12 6 2 2 3 0 29 9 21
3 5 0 5 0 3 3 6 3 4
8 3 2 4 7 4 9 5 3 12
1 13 12 9 0 1 11 8 7 9
7 1 0 4 10 2 3 5 7 5
7 6 4 16 4 6 3 12 9 5
2 11 4 6 5 13 18 0 10 26
8 16 4 7 6 1 2 4 2 2
18 18 11 1 13 0 7 7 7 9
8 2 4 9 3 8 15 1 1 7
3 3 5 0 2 1 0 7 3 5
11 13 5 12 11 6 1 4 3 4
2 3 7 6 7 12 5 6 1 2
7 2 9 3 4 2 12 11 17 3
8 1 6 3 5 9 4 4 10 17
8 10 11 9 2 5 12 21 14 8
19 12 5 0 4 10 15 1 2 2
4 2 1 8 5 3 5 20 16 5
4 8 13 15 9 4 2 4 2 6
8 5 0 1 4 5 0 3 6 4
2 2 9 3 11 7 4 3 1 0
5 4 1 4 7 4 0 4 0 7
5 9 12 5 14 7 8 11 8 6
13 4 13 9 26 9 7 1 4 14
12 5 10 8 8 10 9 5 18 15
0 1 3 1 3 5 4 0 9 3
2 7 12 13 4 13 9 11 14 3
6 3 2 3 2 18 7 4 1 4
11 0 2 6 8 8 6 3 14 22
0 0 1 2 4 6 2 0 7 3
1 12 12 15 11 10 7 2 13 17
3 4 5 2 0 6 3 4 0 5
18 6 11 14 11 1 4 11 16 2
15 9 18 6 1 15 4 3 4 11
20 9 0 2 3 5 8 1 12 16
2 2 8 4 1 2 4 5 3 3
1 2 1 1 6 6 4 4 3 6
1 0 3 1 4 10 6 12 15 6
13 17 3 1 5 10 4 3 8 22
7 12 11 4 6 8 1 3 5 16
13 5 8 21 10 7 5 12 8 17
3 6 17 2 4 10 1 8 1 5
3 7 1 1 15 1 3 4 9 1
0 2 6 1 0 4 2 3 5 9
6 7 6 4 1 5 2 9 3 3
4 11 15 22 0 11 5 11 12 15
12 10 14 3 6 1 2 9 21 22
2 19 9 8 11 2 8 7 1 19
2 0 9 6 2 6 0 7 2 0
10 2 3 1 5 0 6 1 4 3
1 3 2 8 8 6 4 1 4 5
13 15 13 24 8 6 3 5 11 14
12 11 0 7 3 12 19 8 2 6
3 6 2 6 4 1 0 7 0 6
6 1 1 10 1 3 3 2 1 6
0 1 2 2 1 7 1 5 4 4
7 6 5 5 1 5 12 11 5 5
25 11 0 14 22 3 7 0 9 1
0 1 3 5 3 3 6 8 2 4
7 4 1 7 5 1 5 0 3 2
1 2 2 0 7 2 6 14 3 0
5 3 2 6 5 8 30 7 12 1
8 3 2 4 3 4 5 2 4 9
5 2 6 9 13 13 0 3 6 8
9 6 21 4 10 8 5 4 8 6
5 7 0 11 7 0 8 2 14 0
8 10 12 6 6 10 2 1 7 18
1 0 3 0 7 6 3 4 7 2
2 11 5 4 0 8 2 4 3 6
1 2 15 8 16 12 11 3 2 5
8 5 21 19 5 2 12 14 3 17
4 2 10 1 4 13 11 4 6 6
13 0 7 4 10 8 2 10 5 1
13 7 4 1 3 14 13 10 9 6
11 12 8 4 10 6 8 9 3 11
0 2 7 2 23 2 21 0 7 13
5 2 3 1 2 8 2 0 1 4
1 9 7 10 16 1 13 5 4 8
8 9 10 10 3 4 4 10 13 13
1 3 11 3 8 8 5 9 4 7
5 1 1 13 2 0 2 7 7 16
4 5 1 7 7 19 15 2 15 4
2 2 1 2 2 1 12 1 1 0
2 7 15 3 1 18 20 3 2 0
4 17 7 9 12 14 7 22 4 7
4 5 1 3 0 8 2 6 8 9
1 11 5 3 9 14 1 6 2 0
3 1 3 4 7 4 6 2 1 1
7 9 7 2 4 2 2 3 5 3
4 2 0 9 6 2 2 0 4 3
3 2 24 4 6 15 2 16 10 1
1 1 15 11 8 0 8 11 5 4
1 25 13 8 7 3 6 6 6 7
5 18 13 5 12 8 15 4 2 4
1 0 3 4 0 9 1 2 7 2
16 2 4 4 6 7 3 16 7 0
5 5 4 4 1 3 2 1 4 2
16 3 2 2 7 6 18 5 5 2
15 17 9 4 17 11 11 10 5 8
4 5 8 0 2 3 0 9 1 3
18 2 6 5 8 0 5 0 5 2
20 6 4 1 1 10 15 4 0 0
11 4 1 8 3 11 3 14 13 0
0 22 18 2 9 2 2 11 0 7
3 3 3 6 4 4 1 0 2 5
2 3 3 4 1 8 0 0 7 8
4 0 0 2 8 1 7 1 0 3
2 1 2 5 0 5 10 4 1 9
2 2 6 18 17 5 9 18 8 14
2 0 4 29 16 5 13 6 8 11
0 2 10 5 9 0 3 1 4 5
7 4 7 10 15 14 3 0 9 1
9 0 11 9 5 3 17 16 1 2
12 7 7 0 7 8 2 16 8 14
5 0 7 4 2 11 3 2 16 6
11 8 5 15 4 8 3 18 6 18
0 3 1 2 8 4 1 3 6 1
5 11 0 12 4 3 6 1 13 1
5 11 5 3 7 4 2 2 2 10
6 1 12 22 5 0 9 12 3 0
4 15 7 0 1 1 9 6 7 1
1 5 2 4 8 4 0 0 4 9
2 18 6 8 4 17 2 1 10 0
2 7 1 8 2 5 4 12 4 1
5 18 2 9 14 20 9 6 11 7
1 5 10 16 9 2 13 7 21 5
15 16 3 11 7 4 7 4 1 1
9 1 1 3 4 2 9 10 8 0
7 5 1 1 2 6 5 3 4 2
2 10 4 2 0 4 5 6 3 0
20 6 8 11 16 6 4 15 14 5
10 14 13 12 4 19 18 11 10 6
21 14 5 1 4 12 11 12 7 7
5 13 6 11 12 13 5 7 4 10
6 0 2 5 2 4 7 3 3 4
5 1 1 1 3 3 6 3 4 3
9 5 2 2 2 3 8 2 5 5
3 13 4 6 1 2 1 5 4 3
4 1 6 0 19 4 10 5 4 15
5 9 6 3 3 1 3 3 1 5
2 10 1 5 10 8 1 0 1 6
2 6 7 1 5 2 5 1 5 3
8 19 1 12 0 4 2 3 2 12
10 8 4 7 30 0 8 5 4 4
7 29 1 5 7 3 8 6 13 3
5 10 0 8 10 3 4 1 10 4
2 22 8 5 4 5 4 0 6 4
2 1 2 0 5 5 5 4 7 2
5 7 2 1 1 2 2 9 0 0
1 9 10 5 4 0 5 5 4 0
14 2 8 4 17 17 6 6 1 1
2 5 8 8 2 5 4 1 4 5
1 2 2 2 4 6 1 6 7 5
2 3 4 1 3 3 19 15 10 4
12 13 0 1 18 0 15 2 8 2
4 9 6 3 1 1 7 13 10 26
1 13 8 3 21 13 1 6 6 4
4 0 2 2 5 8 9 3 5 10
3 3 6 1 3 2 9 16 5 9
5 1 6 4 1 1 18 10 1 3
0 0 2 2 18 6 11 7 6 0
14 5 8 4 5 10 1 15 2 8
10 3 7 10 1 4 3 3 0 6
3 6 3 5 2 5 0 1 3 5
4 2 26 8 20 10 6 4 3 4
13 9 2 15 8 2 6 4 1 5
9 13 3 1 11 18 2 14 14 5
1 6 1 4 2 8 0 2 2 1
4 4 0 2 0 3 6 6 7 0
0 1 14 1 4 6 2 6 5 8
0 19 0 11 16 14 10 4 5 18
9 3 2 8 1 5 0 7 14 4
7 2 4 1 5 7 17 7 7 2
10 4 1 0 2 4 2 1 3 4
3 9 2 6 5 1 1 1 3 1
1 1 8 5 1 5 4 2 1 1
2 2 2 7 5 3 3 1 5 1
2 1 6 0 3 7 4 1 4 1
1 5 8 3 6 12 2 7 7 3
9 9 10 8 14 1 12 2 10 2
3 10 8 3 7 3 3 1 2 3
9 2 2 12 8 2 4 3 7 12
19 2 8 12 0 13 5 13 3 12
9 8 2 11 1 2 2 2 13 15
4 5 1 4 8 3 5 3 4 0
13 17 4 17 4 13 11 19 8 9
2 1 5 3 1 7 1 4 8 1
13 6 11 18 9 1 16 9 5 3
21 20 5 6 5 6 14 15 0 14
8 12 3 4 13 1 12 2 9 19
8 9 1 1 12 16 1 7 17 7
2 9 1 3 2 2 0 1 1 1
9 2 4 14 13 13 16 1 18 2
4 1 4 2 2 5 7 10 5 7
1 7 10 5 7 5 13 11 15 3
5 7 5 9 3 2 7 10 1 8
11 15 8 7 20 5 9 11 4 3
4 5 3 2 9 1 3 4 17 7
7 1 7 10 7 0 24 1 15 1
14 22 11 7 0 5 14 8 1 2
5 11 5 22 14 17 13 3 7 5
1 2 4 1 7 1 0 9 1 9
3 1 4 11 0 14 4 23 24 2
8 1 17 5 4 17 1 20 3 10
4 1 13 1 1 0 5 3 2 5
19 8 3 6 2 3 13 3 11 8
7 16 12 14 13 2 7 0 6 7
1 15 3 5 16 24 2 4 6 14
9 3 4 6 6 11 2 2 8 3
1 1 4 0 2 2 6 0 6 5
3 3 5 14 1 3 3 4 11 2
8 1 12 7 0 7 4 7 3 8
5 4 5 7 14 14 10 29 3 11
3 7 4 2 7 0 4 1 5 2
14 4 7 2 18 27 3 7 2 13
3 10 7 5 1 1 7 6 4 4
9 17 1 6 9 6 9 6 7 5
14 10 4 8 3 4 11 0 3 3
1 3 2 0 12 4 8 3 28 0
2 9 14 4 4 8 4 20 10 4
0 5 3 8 0 0 4 4 1 2
3 4 6 6 4 17 4 0 3 4
13 14 4 10 5 3 5 7 15 21
2 1 12 13 3 9 5 6 5 2
6 6 24 9 2 3 13 3 1 2
4 19 16 8 17 13 8 0 11 10
2 4 1 3 1 4 4 3 3 7
2 6 4 3 9 1 2 1 10 0
4 2 11 6 7 10 4 3 5 6
5 1 0 3 1 4 9 2 4 6
1 2 1 2 5 3 5 4 22 2
7 3 8 11 6 8 4 18 8 4
1 3 17 0 6 5 6 8 5 6
15 12 13 20 1 2 12 13 3 7
2 8 1 12 19 1 0 1 0 0
4 6 6 5 2 1 2 4 8 8
8 5 8 9 2 6 1 7 2 0
2 5 11 1 14 1 6 7 6 3
11 4 8 7 16 1 5 5 5 24
9 1 0 1 7 7 14 2 1 7
5 0 3 7 5 0 8 8 3 6
8 1 9 4 5 4 15 2 2 10
26 14 12 14 12 1 6 8 3 2
1 5 9 8 6 7 11 3 3 13
0 3 4 9 4 4 7 1 5 6
12 5 3 15 6 0 15 0 3 7
10 0 7 4 0 1 6 3 3 3
1 11 4 3 9 6 13 2 4 5
4 0 5 2 2 5 9 2 3 4
3 2 13 18 2 2 14 5 2 9
12 5 6 8 9 4 4 1 2 1
10 19 5 2 24 5 1 5 0 17
1 0 4 7 4 2 9 2 3 5
1 6 7 2 6 10 7 0 6 6
2 2 1 5 3 1 2 6 1 6
6 4 9 9 3 2 0 1 12 11
9 3 1 1 3 0 1 6 10 1
7 1 16 6 23 0 1 6 13 9
1 1 0 1 12 0 8 6 1 6
2 1 15 16 5 7 8 6 23 21
2 18 3 7 4 2 18 2 10 1
4 10 5 2 2 22 4 24 4 13
9 14 4 9 22 15 5 9 9 17
4 19 1 0 17 10 14 8 12 15
14 5 1 11 11 12 3 1 24 13
17 9 10 4 9 4 3 6 10 14
1 3 8 16 7 8 5 6 5 1
1 4 17 10 6 4 13 5 5 16
15 12 2 1 14 5 4 0 3 21
5 2 4 7 1 2 7 1 2 2
10 20 17 11 6 1 10 8 16 5
1 3 0 3 7 3 2 6 6 1
2 5 4 10 7 3 7 3 2 3
1 3 8 9 3 3 7 9 3 1
21 10 11 12 4 6 18 3 0 17
10 3 15 5 12 18 20 13 6 4
4 8 12 9 4 12 13 18 17 15
0 9 1 7 16 4 10 1 1 3
10 13 6 14 0 1 8 12 4 13
10 4 9 7 9 1 17 0 2 13
3 8 7 12 3 8 1 20 0 16
6 18 10 1 3 10 15 19 3 3
1 5 3 2 1 2 6 17 4 4
11 14 4 0 7 5 4 6 0 15
3 9 2 10 7 4 2 10 0 4
8 13 5 7 12 10 12 9 4 14
2 6 3 4 10 1 6 4 5 6
1 1 8 2 3 2 4 5 5 2
1 15 2 4 5 3 2 1 16 9
4 5 2 0 1 3 8 3 3 3
4 0 2 3 3 4 7 7 2 6
8 6 7 4 8 3 2 2 7 4
1 10 5 5 1 7 0 3 4 7
6 5 7 2 0 4 2 0 4 3
5 18 19 17 4 3 11 9 15 11
2 7 2 3 8 5 4 6 6 0
2 1 13 7 17 11 1 28 2 7
10 0 1 21 16 1 5 7 15 15
12 18 0 4 3 3 15 2 15 9
12 3 7 1 8 8 8 8 4 6
7 2 4 2 6 12 7 3 9 4
17 3 0 3 6 2 3 2 3 2
6 3 11 12 8 10 5 2 5 8
5 1 1 3 2 16 1 6 1 2
6 1 3 1 6 12 3 5 2 2
1 7 1 4 1 5 5 4 5 1
4 6 3 4 4 10 5 3 3 10
15 3 22 8 23 3 6 1 1 2
6 7 20 1 3 5 15 7 22 12
6 5 6 5 11 6 7 8 5 4
6 1 6 2 8 7 2 0 2 5
3 5 12 10 2 12 0 4 2 14
8 6 3 3 7 6 5 2 1 3
0 2 3 1 3 4 6 2 2 6
7 18 11 5 5 6 3 19 0 17
9 5 10 5 14 13 7 4 5 17
14 6 21 6 26 10 4 0 0 5
7 11 15 12 7 12 22 2 17 3
5 12 14 3 0 8 21 21 13 5
3 3 9 8 1 1 4 0 0 3
3 12 6 3 7 1 2 5 4 8
6 1 8 6 8 5 9 4 7 2
4 2 6 5 3 1 5 1 1 7
5 5 10 14 5 13 6 10 2 23
9 0 1 15 3 10 1 14 22 0
1 3 9 22 7 3 2 13 16 7
9 6 11 22 10 6 5 2 8 7
10 4 2 12 2 18 10 5 17 14
7 0 4 2 8 4 3 26 2 3
2 4 7 2 8 3 6 5 0 3
8 3 2 19 3 11 5 5 10 9
27 5 8 6 20 7 5 3 7 4
4 5 4 1 0 0 4 3 3 5
16 1 2 3 7 6 9 11 2 7
5 0 4 1 7 3 8 7 12 2
1 5 8 2 10 14 10 0 12 12
22 14 0 7 12 0 4 8 13 3
2 1 2 15 2 1 2 1 1 10
8 3 7 10 24 6 21 6 1 14
2 4 3 2 1 1 0 8 4 1
8 4 5 4 9 3 7 4 2 14
0 4 4 9 0 3 1 7 6 2
1 3 4 1 2 1 7 9 4 3
3 2 2 6 4 4 4 1 9 9
13 13 0 4 5 5 8 6 2 13
4 21 20 5 20 8 4 0 2 2
1 5 17 4 1 13 1 13 10 16
15 3 4 3 7 17 2 5 15 1
4 11 1 6 6 5 0 21 14 2
3 0 4 2 6 2 8 9 2 5
4 8 6 8 4 6 3 4 3 1
12 6 6 6 17 15 5 6 6 13
7 13 9 5 2 11 6 4 12 6
1 7 1 3 1 1 5 3 0 2
16 5 13 5 9 1 2 20 5 13
4 1 3 8 10 20 4 2 18 11
12 9 5 6 5 1 3 0 6 1
3 1 2 4 6 1 3 8 4 4
11 1 2 7 12 28 4 3 3 19
4 1 7 0 7 3 2 18 1 1
3 6 11 1 7 0 3 5 10 17
4 7 8 8 3 1 8 9 9 3
19 6 5 15 15 10 10 6 3 15
10 5 3 3 0 3 4 11 1 3
7 4 2 4 3 7 10 3 18 8
2 13 2 2 2 7 10 15 14 3
11 17 21 9 6 22 4 4 0 1
5 1 7 2 7 1 8 3 3 7
8 1 5 1 4 7 6 2 4 6
10 4 1 11 5 3 7 11 0 5
8 19 8 8 9 1 1 5 2 5
11 16 1 4 8 2 1 10 9 8
24 12 4 9 8 0 11 7 7 5
1 11 4 2 2 8 1 11 1 1
9 9 16 2 2 2 20 0 7 13
9 6 11 2 9 3 0 8 10 3
2 8 2 5 23 10 10 5 12 8
3 5 7 11 21 11 1 2 4 9
3 16 9 15 8 21 1 0 4 5
4 6 4 3 3 2 2 3 12 6
4 0 1 0 4 9 7 1 3 2
6 1 7 8 2 9 0 3 4 2
4 15 3 3 16 4 2 1 7 10
6 11 7 20 8 18 3 5 4 15
2 3 2 4 2 7 12 4 6 4
4 6 8 10 1 7 18 8 2 21
1 4 8 8 6 5 4 8 1 9
2 0 8 0 3 1 9 0 2 1
13 11 5 2 1 14 17 4 20 15
3 18 1 5 8 13 3 0 8 11
3 5 0 2 0 7 5 4 0 1
4 6 2 7 0 16 5 2 1 8
1 11 0 7 1 6 3 4 14 4
12 3 8 6 4 4 2 2 4 4
13 13 1 12 2 11 12 8 12 7
3 6 5 22 5 4 3 4 9 1
18 24 6 12 12 5 2 8 9 5
4 16 8 7 9 5 4 5 6 6
4 9 13 10 7 3 8 3 7 16
22 4 1 4 12 8 14 10 8 10
7 2 7 3 21 14 13 7 9 18
7 5 5 5 6 5 13 8 4 6
12 4 6 17 5 3 16 14 14 6
1 7 9 2 1 6 5 6 1 2
1 9 3 6 7 4 4 5 5 8
2 12 8 15 2 1 3 12 3 25
13 2 18 11 1 14 14 3 9 8
1 6 4 6 5 9 1 2 3 2
8 8 8 16 5 17 3 2 11 7
12 14 0 9 8 2 9 22 13 2
16 3 24 8 1 6 11 5 0 12
0 3 2 8 2 8 0 5 4 3
2 1 3 5 0 2 4 7 3 2
1 16 2 13 22 1 14 10 0 6
6 10 10 2 2 6 17 9 12 5
23 5 7 0 24 7 3 13 3 0
0 0 4 1 6 3 4 1 5 5
4 5 2 2 2 7 0 1 2 1
1 1 6 8 0 5 0 1 3 5
2 5 5 8 4 2 5 1 7 3
2 12 5 26 13 16 6 13 2 8
6 4 0 5 1 5 6 4 2 0
0 7 2 4 1 2 3 3 6 8
3 6 9 7 9 14 5 10 5 3
6 7 14 2 2 1 15 9 13 1
16 3 3 10 1 4 2 3 5 30
13 3 9 3 3 17 7 4 4 9
2 3 8 1 9 9 2 1 1 0
5 5 8 6 3 10 1 0 6 8
7 6 7 4 9 4 1 5 11 11
1 5 7 23 15 5 6 1 5 5
6 7 6 1 1 14 9 4 10 0
1 10 5 2 5 9 1 7 2 3
10 10 2 2 6 2 4 7 9 9
1 12 5 14 13 0 10 1 1 2
13 5 12 5 8 1 4 27 19 9
13 3 8 2 1 7 22 3 26 2
10 12 9 14 0 12 13 4 17 0
11 3 0 9 5 3 4 4 0 3
1 3 4 7 1 2 4 6 0 6
2 3 8 7 4 9 6 1 10 5
8 2 13 2 13 1 8 11 6 7
3 6 11 17 15 4 6 11 5 12
8 7 7 11 11 11 6 14 4 5
4 4 10 15 9 8 9 13 3 8
8 6 6 6 7 6 11 1 3 4
5 7 15 5 1 6 1 11 3 14
2 4 7 1 1 2 5 3 1 2
3 25 14 6 3 6 8 0 11 9
3 2 2 5 6 1 5 6 4 4
8 2 8 2 8 3 2 3 4 3
0 4 8 7 1 3 0 7 3 6
7 3 9 11 10 0 1 1 16 2
3 8 3 3 4 10 5 3 6 7
17 5 3 1 4 3 19 6 14 16
4 15 5 1 4 5 10 6 3 0
0 12 10 14 5 19 8 5 12 9
5 6 7 9 7 7 0 5 9 2
16 3 1 5 15 4 22 0 0 4
11 4 9 12 6 6 8 9 3 16
2 6 11 17 4 3 15 7 7 12
1 7 3 5 2 8 8 9 4 7
1 3 1 3 2 6 1 3 6 3
6 5 3 4 8 12 4 6 12 14
2 1 6 2 5 9 4 0 0 5
18 1 16 8 20 4 12 6 5 10
2 0 17 6 5 7 4 0 11 2
9 3 12 7 11 0 2 1 9 25
2 1 18 16 16 6 3 5 2 8
17 0 14 9 9 7 0 6 8 5
1 4 2 5 3 2 14 12 3 1
2 1 4 8 2 21 11 9 10 0
5 3 17 2 5 5 16 8 8 1
10 19 4 4 11 3 5 15 4 14
0 4 2 9 4 11 3 6 2 3
18 10 4 4 0 5 8 20 9 20
1 6 12 4 2 18 5 1 19 10
7 2 2 3 8 3 15 5 7 11
0 23 1 9 4 12 2 4 12 8
2 2 10 3 0 4 9 1 13 10
0 2 12 6 2 8 13 6 1 0
16 8 13 6 14 15 12 12 1 5
5 2 10 0 1 5 0 1 1 3
24 18 5 11 4 10 8 1 9 10
3 15 12 10 8 13 20 6 6 8
3 6 1 13 12 16 3 3 25 7
9 3 2 2 12 1 1 4 5 6
22 1 19 12 14 6 8 12 12 3
2 10 9 2 10 5 10 3 12 4
4 1 2 4 9 5 3 1 13 1
4 18 18 3 17 15 5 3 0 1
5 5 5 1 1 0 1 9 5 3
6 6 2 10 0 16 5 10 3 14
3 1 2 8 1 6 1 6 0 1
4 16 3 1 2 2 0 1 2 3
21 4 24 6 12 4 7 6 8 13
0 9 1 2 5 4 1 4 3 2
11 12 10 1 3 0 2 5 9 17
10 0 3 4 7 9 0 2 2 1
17 2 3 7 1 3 4 2 9 19
17 26 9 6 6 6 7 2 0 15
16 16 18 4 0 11 5 3 6 14
1 2 2 11 5 6 4 0 4 3
5 7 1 16 6 1 1 4 3 1
7 9 2 1 6 5 11 9 16 9
9 2 10 8 6 5 9 5 1 0
8 5 15 1 5 3 3 19 4 2
7 5 4 9 1 1 1 1 0 8
1 6 1 5 9 2 6 4 10 1
9 5 5 5 1 2 4 9 2 2
16 7 1 1 1 13 2 14 19 6
7 9 1 0 4 0 2 2 4 3
2 10 4 10 2 1 5 3 4 5
3 9 1 6 2 3 4 5 2 2
1 3 6 1 5 0 3 1 4 4
12 11 11 8 13 5 10 11 5 3
0 4 6 2 7 2 7 7 1 3
14 9 15 16 9 3 5 4 1 1
9 17 2 3 5 1 1 1 6 18
4 3 2 1 4 0 1 7 1 5
4 11 15 4 1 10 14 2 2 11
22 16 3 2 9 7 16 10 6 0
2 18 0 4 0 12 8 13 13 5
0 4 10 3 7 5 6 4 2 3
5 6 4 7 6 3 0 0 1 3
2 6 7 7 3 3 5 5 1 8
3 12 10 7 16 30 4 3 9 6
2 4 15 1 8 6 1 15 2 12
3 1 6 1 6 3 12 10 27 5
4 7 4 5 3 2 4 8 4 8
15 20 0 1 3 19 9 4 7 21
2 7 4 7 5 7 10 7 3 7
0 3 14 2 5 15 5 12 10 5
6 4 2 3 3 3 4 3 1 6
2 2 7 7 1 2 3 8 3 2
1 7 14 20 0 25 10 2 5 2
13 9 1 16 5 18 23 6 7 3
7 2 10 5 1 11 20 9 5 10
3 2 2 4 5 3 1 7 1 4
11 7 3 3 1 16 4 15 8 11
4 12 4 7 8 9 6 9 2 4
5 4 4 1 11 18 2 7 3 3
7 11 2 13 7 11 5 5 7 4
3 8 1 4 4 3 4 5 6 7
5 1 2 4 0 1 1 5 5 9
3 4 1 4 1 4 7 3 0 2
1 11 11 14 10 12 9 2 2 3
7 6 5 1 7 9 1 2 6 3
0 7 11 12 4 9 13 3 3 1
3 2 6 0 2 4 4 2 3 5
6 21 9 0 11 3 2 8 8 1
2 2 4 6 4 4 1 0 5 1
11 1 7 2 5 15 0 1 9 7
2 3 6 8 9 3 7 8 3 11
18 11 6 2 0 3 8 2 0 10
5 11 14 14 20 13 11 15 2 4
2 13 1 9 5 9 2 14 7 4
1 5 0 9 5 6 13 3 9 8
9 16 6 3 13 23 8 9 15 4
2 2 1 6 4 3 4 11 9 0
9 3 0 3 8 6 8 6 3 1
2 13 19 3 7 10 1 3 23 11
6 5 6 11 4 1 1 4 1 15
10 0 3 14 16 13 3 5 6 11
12 12 2 3 12 19 3 9 9 5
9 9 5 4 3 11 0 3 3 2
11 2 2 1 2 9 3 6 3 11
2 8 9 3 1 1 4 8 0 2
13 1 28 16 3 1 10 6 0 9
3 7 4 15 3 1 13 2 26 3
13 9 9 3 4 4 6 5 7 20
8 1 4 2 1 1 12 7 2 3
11 29 5 3 7 4 12 2 10 14
11 10 15 6 4 6 17 2 12 2
8 7 3 1 1 5 3 2 1 4
15 12 4 2 7 13 6 13 7 18
19 15 6 4 1 9 21 2 1 12
8 8 7 14 17 1 7 0 3 10
1 3 6 3 5 8 5 2 5 5
0 9 10 4 9 6 0 10 4 2
8 4 5 2 1 4 7 2 2 7
7 2 1 21 15 5 25 7 2 12
14 1 21 5 4 4 1 8 3 8
4 10 19 5 8 15 5 2 8 18
4 2 2 9 11 6 14 14 1 13
6 1 3 5 5 1 9 2 4 3
4 3 6 9 4 11 6 2 10 7
4 2 1 2 7 2 2 4 7 2
0 23 18 5 1 1 11 10 16 8
6 9 3 23 3 12 15 6 4 19
6 10 2 1 2 8 17 16 2 3
24 2 16 0 1 13 3 3 23 3
4 13 11 5 11 12 12 10 5 8
4 8 5 1 6 5 11 4 16 2
8 3 4 4 1 5 5 6 1 2
25 4 10 4 4 3 1 6 3 16
15 25 14 4 5 2 13 1 5 1
6 4 18 3 4 18 8 2 6 4
5 1 1 3 2 10 4 3 2 12
6 9 10 13 0 9 12 16 10 7
8 1 7 19 5 1 9 5 4 3
1 15 4 6 9 13 16 4 10 1
4 0 1 4 7 2 1 2 0 5
2 15 5 9 3 7 2 9 0 8
9 3 3 10 2 4 0 8 5 6
11 13 6 0 8 1 11 2 7 6
3 1 6 2 2 4 5 10 3 10
4 12 4 5 5 1 13 3 1 6
0 0 8 5 11 29 1 6 5 18
1 5 2 6 2 2 3 1 2 3
8 11 10 3 1 12 12 2 6 3
5 3 2 2 5 2 2 5 2 0
4 6 6 8 6 13 7 9 16 5
6 5 7 8 1 4 12 4 18 9
9 13 10 2 6 2 1 4 16 3
3 10 2 4 0 4 15 22 19 10
12 13 15 11 11 11 2 6 18 6
7 17 7 4 4 3 11 9 2 3
2 6 5 1 1 0 7 0 1 5
12 1 17 10 1 18 2 11 10 5
12 18 17 13 11 7 4 4 5 5
8 1 2 5 6 12 2 2 3 7
4 4 5 5 2 3 1 7 6 3
2 3 7 5 4 4 15 2 12 4
5 8 17 13 13 4 15 3 10 3
8 8 3 16 9 4 23 8 14 15
8 0 18 4 5 0 11 1 1 8
2 8 6 2 1 0 6 0 1 7
3 4 0 3 4 6 4 7 4 2
4 5 17 1 3 3 4 1 9 4
4 1 8 1 1 3 4 2 0 3
5 0 5 7 19 13 7 9 8 1
1 6 5 7 0 0 7 4 5 6
0 0 9 11 15 0 9 8 12 2
2 6 7 6 10 11 23 14 1 6
11 10 3 5 7 8 7 1 16 2
8 17 2 2 14 0 5 4 7 4
4 6 16 1 12 4 4 2 9 10
7 4 4 10 4 15 12 0 0 16
8 2 13 4 7 4 9 4 6 18
5 2 5 1 1 2 7 4 6 6
1 8 3 4 5 1 0 1 5 10
9 12 9 4 10 7 20 18 14 12
5 8 4 3 2 12 2 2 15 11
16 8 2 4 3 5 0 5 2 7
13 3 3 5 2 5 1 3 1 10
4 3 2 1 5 3 2 6 1 5
13 1 3 4 5 2 6 12 0 4
3 17 8 11 1 14 2 3 15 5
12 5 6 9 1 2 7 6 0 4
3 1 5 2 3 2 10 6 1 8
8 11 5 9 3 8 0 1 0 2
0 12 11 1 14 1 10 14 13 12
6 6 9 2 4 7 4 5 5 4
2 8 10 8 8 8 6 6 6 7
6 2 3 7 3 19 1 16 9 17
27 6 14 2 0 3 6 0 15 17
8 7 5 13 16 9 12 12 19 15
16 10 3 10 10 4 21 9 0 0
4 8 17 11 1 9 12 5 12 7
4 8 1 1 11 2 4 2 1 0
9 4 2 7 10 4 15 7 1 3
11 12 5 8 5 6 3 23 3 12
2 3 4 4 3 7 0 7 3 2
18 1 15 2 4 5 8 4 5 2
3 7 1 10 3 1 3 15 10 5
7 5 0 2 1 2 1 3 1 4
6 2 4 1 5 2 3 2 20 1
2 14 2 10 3 6 17 3 4 2
9 1 3 3 11 14 17 6 11 8
6 1 16 4 2 6 7 18 23 0
2 10 12 5 11 5 3 6 4 6
4 5 9 2 5 4 3 12 1 2
6 3 2 0 10 18 14 1 7 4
2 5 1 4 0 3 2 8 2 2
5 11 1 4 4 7 3 12 6 9
1 1 1 2 3 1 9 0 10 1
12 10 4 10 9 3 32 3 2 4
5 4 6 19 4 2 10 18 12 6
7 5 0 1 7 2 4 1 2 10
4 1 1 5 3 9 2 4 0 0
9 16 10 14 10 4 4 8 16 12
10 12 2 2 7 11 9 4 5 2
1 4 6 20 1 5 11 6 11 7
13 9 3 4 10 3 7 19 1 11
6 2 0 3 12 4 2 2 4 1
5 6 2 3 3 20 17 6 4 9
3 6 7 1 0 14 11 11 3 5
6 3 2 13 14 19 19 8 1 0
3 2 15 3 19 26 2 15 6 7
5 1 0 3 0 7 5 2 6 2
3 4 7 14 1 4 10 5 9 5
6 10 7 8 20 8 16 1 18 12
3 1 6 1 2 4 3 5 5 1
2 8 6 3 5 4 1 4 3 0
11 11 8 4 6 8 10 2 5 6
6 20 5 7 7 15 15 11 8 5
4 4 5 4 1 3 3 8 11 12
1 3 5 9 2 2 1 2 15 0
5 1 5 11 8 3 6 8 2 8
4 7 5 7 6 9 0 4 3 12
9 4 2 3 10 2 2 7 6 5
4 1 4 3 5 7 1 2 1 7
7 6 9 0 2 3 6 3 2 0
1 2 4 9 4 7 7 0 20 0
10 2 18 11 5 9 17 5 4 1
6 15 5 9 5 6 3 2 3 6
1 3 1 0 5 16 5 9 0 8
21 5 8 0 8 4 16 17 7 5
2 2 9 9 2 8 2 5 4 6
3 0 14 9 1 2 7 20 13 5
3 1 2 4 2 0 1 4 8 4
8 3 6 3 6 1 3 1 0 12
10 15 15 25 0 8 5 4 18 1
13 6 3 1 16 0 2 2 16 4
9 1 0 11 9 4 17 10 15 19
12 6 17 1 3 7 7 22 6 16
13 0 7 1 1 7 3 3 1 9
4 21 3 16 10 8 4 21 7 11
1 8 7 1 1 9 15 11 6 8
10 6 13 2 1 2 1 5 9 2
12 5 4 3 21 8 14 4 7 3
3 8 1 10 2 3 6 4 5 1
9 13 8 2 12 3 6 5 2 17
10 6 3 2 2 2 1 2 8 6
4 15 4 6 10 10 9 3 8 15
5 10 2 13 9 4 17 9 22 7
1 10 18 1 2 2 3 7 7 21
15 6 6 6 14 8 1 8 7 11
5 1 1 3 2 7 20 3 4 16
1 5 0 2 6 7 4 6 3 4
8 16 5 9 2 14 6 1 23 8
0 2 3 7 3 3 1 1 13 9
11 6 11 6 3 1 17 1 14 3
2 1 3 6 2 1 6 2 5 0
3 2 0 0 0 3 9 1 9 13
3 2 6 4 0 5 0 2 1 5
15 2 1 16 13 6 17 0 17 10
7 2 5 0 10 8 3 2 0 1
8 23 5 4 9 22 11 6 4 7
7 4 3 15 6 2 14 1 3 6
19 4 17 18 2 0 8 19 4 6
2 14 1 6 5 2 3 0 12 5
7 1 1 9 4 12 4 3 4 1
1 6 2 4 5 2 0 9 3 1
12 2 2 5 1 3 2 1 3 4
2 1 12 8 1 5 1 3 0 6
6 21 7 2 17 17 1 1 7 2
3 7 2 3 4 0 2 3 2 6
3 1 15 7 5 5 3 2 8 10
8 4 4 6 4 4 0 4 7 8
2 9 10 7 0 6 2 4 15 10
7 1 3 2 0 10 11 4 7 8
5 8 19 2 10 1 23 10 9 5
3 5 7 8 4 0 2 3 1 6
7 5 3 2 9 25 4 7 5 12
1 11 19 6 12 2 13 8 1 6
6 9 2 3 4 6 1 1 2 2
13 6 16 17 1 15 1 4 1 10
0 1 4 0 5 7 2 2 0 5
14 1 2 9 2 7 3 13 6 8
10 15 9 1 1 2 1 2 1 2
0 5 3 6 9 10 12 14 2 7
3 7 0 10 2 5 8 16 6 13
18 2 7 5 4 4 12 24 5 9
21 1 1 11 8 2 4 11 11 4
8 0 1 0 5 4 22 7 2 9
2 4 1 0 7 9 5 1 4 1
3 2 3 2 6 5 1 3 2 3
4 17 5 13 9 0 13 9 2 13
11 4 2 4 3 2 5 2 2 4
4 6 12 4 4 2 5 4 7 16
8 18 13 1 11 0 6 6 6 5
7 4 6 9 16 1 12 21 4 1
3 5 14 14 9 12 10 11 22 6
5 12 11 1 1 12 18 3 15 12
1 0 3 9 2 2 5 1 2 1
11 14 1 11 3 1 10 26 11 16
2 0 4 4 10 5 4 1 4 2
23 5 16 5 2 5 8 22 4 7
4 5 7 28 5 3 11 0 6 9
20 28 9 4 11 1 14 0 1 3
11 10 1 1 0 11 7 13 2 4
0 15 1 3 9 8 7 5 5 7
4 1 3 3 1 5 13 7 0 1
1 2 18 4 7 5 0 2 5 6
4 2 4 7 5 12 12 16 3 1
2 9 18 11 5 10 7 22 13 15
5 7 0 22 0 7 12 6 14 4
5 1 2 11 20 9 6 5 12 18
23 22 7 1 8 10 1 5 10 0
3 3 16 22 1 19 2 6 5 8
3 13 8 5 1 0 6 23 1 7
1 2 0 1 7 32 3 12 17 4
17 12 4 18 4 5 3 7 12 22
5 1 1 5 2 21 5 2 1 14
1 0 0 10 2 4 2 4 6 9
9 3 7 12 9 1 16 2 0 0
16 3 18 7 10 1 5 17 10 7
4 6 6 7 4 4 5 4 14 2
9 1 2 14 0 12 1 5 16 5
10 5 5 2 5 1 4 9 9 1
3 19 5 4 0 1 7 14 7 17
9 20 5 5 10 19 8 13 10 7
14 5 7 6 13 4 7 17 7 1
9 7 21 8 5 5 2 8 11 8
1 1 0 2 2 0 4 3 5 8
6 6 2 9 3 4 6 11 1 0
10 7 7 3 5 18 7 12 4 0
7 2 6 2 2 6 11 3 3 4
5 2 11 1 9 11 4 13 2 2
3 2 17 5 3 15 3 1 6 6
5 17 14 3 12 9 17 4 8 6
12 5 6 8 5 4 26 12 1 2
4 1 23 2 4 2 11 6 6 6
10 15 3 18 3 7 5 6 16 5
3 5 9 2 0 1 5 8 4 3
8 3 15 7 11 27 6 9 8 5
14 9 2 19 7 1 13 10 2 10
6 2 8 11 2 4 20 7 2 7
8 1 11 6 8 1 14 9 25 7
19 9 8 14 10 3 6 17 9 8
4 1 3 3 5 6 4 1 5 3
0 5 21 6 13 3 9 8 16 4
4 6 4 3 2 7 6 26 1 8
6 7 5 10 11 6 2 18 9 2
5 4 11 9 4 6 19 5 3 2
4 11 5 3 11 23 11 13 5 10
6 4 10 13 4 16 11 2 8 5
12 0 16 6 7 13 6 18 4 8
3 4 4 17 0 8 12 2 10 0
7 1 12 2 11 1 12 6 7 8
2 0 4 1 6 2 8 4 1 0
1 83
1 99
2 9
2 42
2 61
2 88
4 43
5 70
5 76
6 62
6 74
10 80
10 95
11 31
11 68
11 85
11 106
15 35
16 28
17 60
18 92
19 95
19 98
20 66
20 114
21 86
23 122
23 123
24 82
27 54
27 110
30 39
30 121
31 71
32 90
33 113
33 122
35 53
35 95
36 41
36 113
37 108
39 85
40 44
41 122
43 126
45 68
45 79
46 82
46 108
47 66
48 121
49 100
49 133
50 83
50 84
51 63
52 101
54 80
54 112
54 146
54 151
55 98
55 109
56 156
57 86
58 73
58 125
58 147
59 77
59 109
62 160
63 102
64 119
64 154
65 85
65 144
67 94
67 140
68 167
69 149
71 160
72 128
74 127
75 87
75 153
76 94
76 104
76 106
76 137
76 151
77 143
78 112
78 165
79 105
79 135
80 96
80 101
81 102
81 150
81 174
82 164
83 90
84 90
85 179
85 183
87 160
89 111
90 159
91 174
92 134
92 142
92 167
94 125
94 135
94 136
95 151
98 163
99 140
99 175
99 188
101 107
102 104
104 143
104 177
104 184
105 205
109 130
109 171
110 112
110 138
110 165
112 116
113 176
114 138
114 146
115 126
115 149
117 170
117 174
118 121
118 143
118 188
119 128
119 196
119 202
120 141
121 206
122 154
122 185
123 149
123 175
123 183
123 211
125 178
125 200
125 209
126 194
127 222
128 192
128 228
129 145
133 154
133 216
133 225
135 201
136 230
137 190
137 205
137 212
138 236
139 192
139 219
140 144
140 180
142 206
143 211
145 158
145 162
147 150
147 200
148 176
148 222
149 169
149 225
150 164
154 206
154 219
155 215
156 204
157 197
157 249
158 185
158 189
160 197
162 214
162 261
164 174
164 204
165 246
166 207
166 251
166 258
167 170
167 249
169 218
172 213
172 220
173 207
176 218
176 232
177 229
178 193
179 226
180 228
181 183
181 227
181 273
182 207
182 243
183 213
183 272
184 277
186 282
187 248
187 258
189 205
189 243
190 284
191 224
192 278
193 277
193 287
195 263
195 276
195 285
198 223
198 298
201 230
202 271
202 285
203 240
206 217
206 264
208 240
211 240
212 241
212 282
214 220
214 231
217 232
217 240
219 225
219 297
220 296
222 242
223 307
224 234
224 302
225 227
225 269
225 280
229 276
231 257
232 293
232 294
233 309
233 316
234 300
235 292
236 252
236 278
236 281
237 254
238 325
240 267
241 281
241 289
242 325
244 308
245 279
245 284
245 288
245 302
245 329
246 324
247 258
247 321
249 276
251 302
252 308
253 341
254 278
257 290
257 312
257 357
258 280
258 301
259 347
260 308
261 343
262 265
262 324
262 338
265 308
266 296
266 330
268 312
268 340
270 357
271 330
272 354
272 368
273 304
274 330
276 298
276 337
278 301
279 288
279 333
282 295
283 367
286 296
286 358
287 295
287 301
289 317
289 384
291 292
291 330
292 370
293 364
294 298
294 384
295 330
295 355
296 303
296 305
296 323
296 395
298 327
299 325
302 312
302 338
302 388
303 314
304 376
305 344
307 362
307 377
308 317
308 356
310 338
312 406
313 328
314 411
316 387
317 383
318 358
318 377
319 369
321 326
321 365
321 395
322 389
323 410
324 415
324 419
325 361
326 332
326 341
326 344
327 374
328 365
328 398
328 399
328 407
329 359
329 405
329 424
330 375
331 372
331 378
333 371
336 371
337 359
337 382
338 348
338 361
339 379
339 410
339 420
340 403
340 404
343 360
344 396
348 349
349 356
349 418
350 365
352 395
353 387
354 369
356 431
357 420
357 431
359 407
360 404
360 447
361 376
362 370
364 404
364 436
365 460
366 439
367 369
367 420
369 386
369 393
371 404
372 437
372 438
373 406
373 449
374 397
374 442
375 422
377 379
377 388
377 477
378 470
380 418
381 443
383 393
384 436
384 475
384 478
385 433
387 446
388 412
388 451
389 481
392 483
393 398
393 433
393 461
394 413
394 457
394 474
396 415
397 413
397 435
397 473
397 491
398 435
398 489
399 499
400 420
400 485
400 496
402 429
403 481
404 425
405 453
405 483
406 436
408 428
409 417
409 457
409 467
410 441
411 491
412 443
412 446
413 452
414 474
415 467
415 473
415 500
417 485
417 510
419 434
419 471
420 517
422 481
423 443
423 467
423 517
425 440
426 483
427 480
427 491
428 488
431 437
431 453
432 451
433 530
434 448
434 471
435 437
435 485
437 478
437 511
439 489
442 452
442 458
442 503
442 525
443 467
443 526
444 476
444 523
445 465
445 492
445 498
445 520
446 456
446 477
448 521
449 451
449 465
450 483
451 482
453 463
455 544
456 527
458 506
458 536
459 482
459 532
459 547
461 559
464 512
466 473
466 557
467 535
468 476
470 483
470 531
470 550
471 487
471 545
471 551
472 526
474 542
476 575
478 490
478 509
479 547
479 548
480 550
480 554
480 574
481 493
481 549
481 568
484 574
485 562
485 566
486 508
486 550
486 560
490 554
491 506
491 552
491 587
494 495
496 533
496 538
496 546
496 590
497 499
497 565
499 509
499 554
503 508
504 513
506 545
506 573
506 595
507 551
508 561
509 547
510 593
510 596
513 532
513 593
513 608
515 525
517 531
517 565
517 578
517 609
518 535
518 556
519 529
520 527
521 530
522 545
523 548
524 587
525 530
526 537
526 556
527 621
530 531
530 549
530 553
530 593
530 625
533 601
534 562
534 583
535 587
536 560
536 626
538 561
538 615
538 630
539 615
539 639
541 581
543 575
543 589
543 627
544 548
544 624
544 633
545 553
545 603
546 606
547 553
547 587
548 622
548 640
549 626
549 630
552 583
552 620
553 564
554 586
554 626
555 581
556 560
556 573
557 628
557 646
558 564
558 622
558 626
559 594
560 631
562 577
562 605
562 615
562 631
562 642
563 601
563 644
565 614
565 627
566 576
567 590
569 644
570 581
570 584
570 637
570 648
571 642
574 609
577 636
578 613
578 640
578 667
581 582
583 590
583 611
584 638
584 675
587 608
587 615
589 668
590 638
592 600
592 664
594 652
594 693
595 681
596 649
597 621
597 639
598 604
598 659
598 664
600 680
601 666
602 611
604 637
605 647
605 674
606 629
608 645
608 674
608 682
609 639
611 650
611 664
612 704
613 624
613 704
614 710
615 673
616 707
617 622
617 641
617 691
617 702
617 710
618 631
621 681
622 666
622 718
624 627
625 683
626 705
627 699
627 709
628 636
629 666
629 693
629 700
630 654
630 659
631 697
632 694
634 650
636 736
637 708
638 698
640 678
640 738
641 692
641 733
644 694
644 710
645 682
645 695
645 702
645 711
647 657
648 674
650 653
650 711
651 687
651 728
652 724
652 746
653 736
654 690
660 699
660 704
663 704
664 709
666 701
666 746
668 696
671 712
671 746
672 699
672 757
673 690
673 756
674 676
674 695
674 732
676 715
676 737
677 741
677 742
677 765
678 761
679 687
679 744
680 686
680 690
683 775
684 709
685 728
685 753
686 733
686 748
689 692
689 706
689 713
689 767
690 713
690 722
690 767
692 709
693 753
694 699
694 705
694 741
694 747
694 770
694 789
695 700
695 714
695 775
696 770
696 779
698 728
700 729
700 779
701 716
702 720
705 734
707 786
708 801
709 712
709 786
711 782
713 787
713 788
713 801
714 721
714 732
714 733
715 735
715 755
716 774
718 731
720 749
723 792
723 808
724 816
725 735
725 781
727 730
727 805
727 809
727 824
728 755
729 785
730 738
731 802
731 817
732 798
733 825
734 810
736 768
738 770
739 819
739 827
740 743
740 776
741 817
745 803
747 779
748 793
749 762
752 763
752 850
753 780
753 781
754 804
754 824
755 794
755 842
757 832
757 834
759 803
760 860
761 779
761 852
762 767
762 823
763 802
764 828
765 828
766 773
766 859
767 803
767 849
768 798
769 865
770 852
773 834
773 867
775 849
776 874
777 792
778 809
778 838
779 839
780 798
781 831
782 812
783 829
784 865
785 793
785 803
785 809
785 845
785 881
786 832
786 878
787 800
787 832
788 868
789 797
789 852
789 865
790 803
790 840
791 833
792 888
793 794
793 836
793 863
793 881
794 838
795 876
796 860
796 870
797 799
798 859
799 818
799 829
799 831
800 803
800 830
801 888
801 901
802 822
802 831
802 866
802 887
803 810
803 814
803 875
804 858
805 825
806 808
806 818
806 905
807 831
808 827
811 815
813 833
814 824
816 836
816 867
817 863
820 870
820 876
821 882
824 871
825 861
826 829
827 892
829 852
830 885
830 891
831 878
831 910
831 927
834 906
835 903
836 897
836 916
837 930
837 931
840 891
841 868
841 881
842 895
845 862
845 935
846 888
847 859
847 903
851 935
853 922
853 944
854 901
855 892
855 954
856 916
857 941
858 944
859 869
860 868
860 896
860 931
861 936
863 920
864 918
865 925
865 947
866 910
867 903
867 930
869 876
869 902
869 923
871 887
871 933
871 964
871 965
872 968
874 915
874 963
875 925
875 934
875 935
875 952
878 921
880 930
880 971
881 894
881 932
882 902
882 926
882 946
882 968
883 966
884 887
884 894
884 919
884 973
885 952
886 900
886 923
886 986
888 965
889 901
890 945
891 914
891 990
892 900
894 895
894 968
896 954
897 991
900 911
903 960
903 987
904 925
904 981
904 993
905 914
907 991
908 998
909 958
909 963
910 979
913 943
913 955
913 993
914 951
915 967
917 988
920 956
920 992
920 999
921 948
921 958
922 925
923 930
923 934
923 975
926 929
926 931
926 982
928 975
928 985
930 936
931 934
933 988
936 998
937 938
937 950
937 964
939 973
941 950
941 997
942 971
943 948
949 963
951 956
954 997
963 983
965 969
966 977
966 996
967 996
969 977
970 990
972 974
975 994
978 996
978 1000
5 21 4 1 20 15 12 13 1 1
2 10 13 3 8 16 12 1 4 0
2 2 24 30 10 34 12 4 1 6
5 6 2 12 3 12 4 2 8 4
14 1 14 1 33 19 6 18 35 7
14 37 4 27 2 5 10 1 24 10
1 0 15 7 1 10 3 22 6 10
38 1 6 9 31 10 11 4 10 11
7 21 24 16 9 21 7 2 24 8
2 13 8 3 8 7 0 7 9 5
19 23 6 9 7 14 5 1 3 17
21 6 11 11 16 4 13 6 11 10
22 22 18 15 2 13 7 4 8 19
1 1 3 14 20 5 6 13 1 5
13 1 4 9 1 21 4 8 8 16
11 8 27 7 22 21 1 5 16 15
10 4 2 3 5 2 18 11 4 6
13 13 0 14 16 19 5 8 14 11
15 11 19 15 9 3 0 8 1 3
9 7 14 18 14 19 2 4 12 17
31 50 50 49 32 30 56 35 17 42 21 36 17 58 41 18 59 17 55 18
35 36 18 22 15 5 35 8 5 30 17 4 8 23 18 14 24 5 18 5
5 9 5 6 2 4 5 1 3 8 5 1 1 4 1 5 1 3 7 5
9 10 9 7 6 9 10 6 6 7 9 1 6 9 8 6 5 4 11 6
19 27 26 34 12 24 21 27 14 25 21 15 13 29 28 17 23 20 18 18
41 38 34 55 27 35 48 19 28 47 25 11 15 56 43 25 37 33 35 26
22 19 19 31 19 14 29 10 8 23 12 3 8 33 25 10 21 14 22 10
11 8 6 5 8 4 6 3 3 7 6 1 1 9 4 3 9 6 8 1
32 30 10 29 19 19 14 22 8 30 23 10 5 19 22 16 27 17 13 10
31 31 20 14 15 4 25 10 2 24 16 4 6 24 14 10 22 6 20 5
50 51 31 45 25 44 21 39 25 51 44 35 23 44 39 32 52 36 40 29
27 15 4 17 16 16 17 16 1 22 15 7 1 20 24 8 27 16 10 5
18 10 6 17 6 16 8 14 3 13 15 7 1 21 16 4 18 17 10 5
10 16 14 17 9 1 20 4 4 17 4 1 1 21 10 5 7 5 13 5
40 46 33 39 36 8 49 25 18 42 24 17 11 44 33 31 36 17 27 23
10 10 8 1 10 4 9 4 1 10 1 5 1 12 4 1 11 3 9 1
22 24 21 15 19 8 17 10 8 17 7 8 1 25 10 3 21 6 20 3
33 25 23 29 9 18 29 16 8 26 15 6 4 39 25 7 26 19 12 11
19 19 9 10 12 7 7 6 6 12 8 4 4 10 5 5 13 6 14 4
12 7 5 12 9 6 12 8 1 9 6 1 1 12 14 8 10 12 11 7
17 32 30 36 10 27 26 21 21 23 20 14 22 25 29 13 23 15 11 17
11 17 13 10 10 10 16 8 7 12 8 1 7 13 9 5 6 4 6 5
8 18 19 16 12 6 17 14 4 5 5 7 3 19 12 6 12 2 8 8
27 32 23 26 24 16 29 22 5 19 16 14 7 29 25 16 33 7 16 10
35 34 17 45 18 37 44 24 11 45 23 20 19 48 28 8 46 17 36 11
12 13 6 16 9 14 18 3 4 14 8 1 10 8 18 5 18 7 13 4
20 21 14 28 9 29 18 17 10 22 15 13 11 30 20 7 29 15 22 7
40 57 49 59 17 36 52 23 30 50 47 24 42 42 46 20 48 28 55 31
22 33 28 33 22 33 36 23 21 38 33 20 27 35 33 27 37 21 39 24
52 49 26 53 49 33 51 45 10 51 30 34 14 52 50 22 58 35 30 24
35 38 23 24 19 6 26 5 13 34 14 3 1 28 7 11 23 9 25 8
15 14 14 17 6 12 20 8 1 9 7 1 7 22 18 1 16 8 10 1
28 24 10 29 14 34 29 19 6 33 19 16 14 33 25 7 40 15 25 3
44 37 29 39 35 26 41 21 21 41 24 14 18 44 31 23 35 29 42 18
7 14 11 8 5 7 16 6 4 10 5 1 4 11 8 5 4 2 9 5
5 6 2 6 2 6 8 1 1 5 1 1 2 5 4 1 5 2 1 1
54 63 56 55 17 23 58 26 24 50 36 20 33 55 41 16 53 21 42 23
17 17 10 28 10 25 16 17 11 19 20 8 14 15 24 14 17 19 12 14
62 58 43 61 35 38 51 38 23 57 44 28 24 63 45 21 53 39 46 27
32 58 44 58 35 35 54 40 21 54 32 36 25 46 54 39 57 27 43 31
18 19 18 19 26 6 28 15 4 18 11 9 5 25 24 18 23 11 18 15
25 34 38 39 23 28 35 30 28 34 40 22 30 40 37 31 26 29 43 31
34 22 22 38 20 23 36 26 8 29 32 16 18 45 42 14 37 27 33 19
9 13 8 4 11 2 12 5 1 11 3 1 1 8 5 5 8 1 6 3
28 22 25 31 15 13 29 15 9 26 7 6 4 36 22 7 22 14 18 9
25 23 25 29 20 17 28 20 10 24 7 12 4 35 21 9 26 17 21 8
14 14 10 4 1 4 8 1 1 7 7 3 1 17 3 1 12 1 20 1
36 34 26 44 27 24 34 25 20 41 27 12 13 45 33 18 27 28 26 22
33 47 30 48 16 43 46 10 26 53 24 24 25 36 29 10 52 20 45 15
22 30 27 25 17 18 26 15 13 27 10 14 10 30 16 11 21 4 23 13
26 46 43 49 14 42 39 20 28 38 35 26 33 34 44 19 48 22 42 28
33 53 52 45 39 24 45 37 22 39 20 35 17 51 35 28 47 22 48 29
24 25 13 19 25 17 29 14 5 28 8 14 8 22 21 11 34 4 23 5
23 28 33 26 15 11 37 15 10 18 14 8 11 34 22 10 22 5 17 13
22 30 30 37 8 35 25 23 20 28 28 14 23 31 32 14 31 20 23 14
20 35 36 31 15 11 27 20 18 23 11 13 8 32 17 16 17 7 16 19
15 15 14 19 13 10 28 4 6 19 18 1 16 18 24 9 21 8 25 8
43 51 40 35 32 34 26 30 31 40 29 30 18 37 21 25 42 24 45 20
26 18 10 13 12 12 8 5 3 19 6 8 2 23 8 5 27 9 25 3
20 20 15 13 10 4 27 2 4 22 3 1 3 17 11 8 14 1 6 5
53 59 41 46 35 22 47 16 32 55 30 13 13 47 25 33 41 22 42 27
14 10 4 10 7 8 12 5 1 15 4 1 1 14 10 2 13 9 2 1
32 30 30 32 11 23 41 18 7 28 18 16 15 47 25 2 42 8 27 7
19 30 31 41 25 23 46 21 15 25 27 13 21 39 42 22 33 20 34 23
20 22 15 14 11 13 24 4 5 17 16 1 15 15 17 5 22 4 17 1
22 19 10 24 2 27 23 12 2 16 20 13 16 28 16 1 34 6 27 1
16 29 24 33 11 24 29 16 23 30 25 11 24 23 25 24 6 17 28 24
25 18 13 12 19 6 19 15 1 17 9 4 1 22 17 6 22 10 5 1
51 65 49 51 17 33 51 37 25 50 52 31 46 40 48 30 54 24 50 30
41 58 50 65 19 47 46 28 43 55 34 22 29 44 42 27 44 32 42 30
9 9 5 9 10 8 16 5 2 10 5 2 6 7 14 7 9 4 12 6
16 18 18 25 6 21 27 10 9 23 22 13 16 31 19 12 26 12 33 13
15 16 5 10 12 4 20 4 1 18 4 3 4 7 10 7 17 3 3 1
27 44 31 42 35 12 54 31 15 41 20 23 15 36 38 32 41 13 22 24
11 21 9 14 6 18 15 5 7 15 10 6 12 9 10 6 14 1 14 6
44 51 39 49 34 33 52 32 25 54 25 31 19 60 26 28 50 18 46 32
37 53 46 59 24 45 54 28 36 49 53 21 46 44 53 29 38 33 53 35
29 35 26 42 21 34 44 15 21 44 25 15 24 43 31 17 31 19 42 18
21 17 15 17 11 6 22 7 5 19 1 1 1 24 14 3 20 9 1 3
26 39 33 35 14 26 22 22 28 36 36 18 26 32 26 31 17 26 42 31
9 6 6 9 11 8 14 6 1 6 1 1 7 10 13 1 11 7 4 1
10 5 8 7 7 6 11 6 1 7 4 1 4 13 10 6 7 9 10 5
22 26 20 17 14 8 17 9 8 20 10 1 5 22 9 8 14 7 18 8
47 60 52 58 36 28 69 35 20 60 38 30 31 65 49 29 58 18 59 31
33 36 34 41 19 25 25 28 15 34 23 20 9 43 28 17 35 20 27 19
5 10 7 11 4 8 6 5 8 10 11 4 6 5 5 11 4 6 13 11
7 9 4 5 3 4 9 2 1 8 2 1 1 9 5 4 5 7 6 3
39 40 35 45 31 29 50 19 23 49 19 17 16 56 31 24 40 21 41 25
25 35 35 37 26 40 25 39 28 37 30 38 28 40 32 26 44 27 36 28
22 33 24 50 8 47 35 25 23 46 36 24 27 38 38 19 39 28 35 21
14 21 12 18 4 9 21 1 6 17 4 1 9 12 11 1 10 1 9 1
19 16 17 31 12 25 27 20 8 17 19 9 13 27 32 9 26 16 15 10
45 50 47 52 30 27 59 17 31 52 27 12 25 54 37 21 43 23 49 21
6 16 17 14 11 9 17 14 8 11 9 7 6 16 10 9 11 6 7 10
6 16 14 25 11 21 25 12 17 21 21 7 21 16 22 20 4 13 20 20
12 19 17 18 1 17 4 13 12 15 17 8 10 15 11 12 12 14 14 12
17 21 23 22 13 14 34 9 13 22 7 4 11 25 21 10 19 7 10 11
32 28 28 31 14 18 27 22 8 17 21 10 4 41 25 4 27 16 10 10
1 1 1 7 2 5 10 1 1 6 2 1 2 6 9 5 6 6 10 4
36 48 31 35 26 23 51 19 19 41 36 17 28 31 39 17 47 15 33 10
56 56 33 63 34 46 56 40 25 64 48 35 32 59 44 29 66 31 60 20
46 62 47 57 16 49 43 21 33 52 46 25 37 42 43 16 60 28 50 21
19 18 12 13 2 8 9 3 3 10 10 1 1 18 4 3 12 8 15 3
27 40 36 47 26 33 45 21 30 41 31 15 30 39 35 24 25 22 41 24
24 24 19 19 11 4 20 6 9 21 1 1 1 25 9 6 15 9 9 7
16 26 17 30 13 19 31 11 18 27 19 7 19 23 21 19 6 15 24 19
32 42 24 41 22 39 48 28 17 47 30 25 26 36 32 20 47 13 32 11
26 33 21 26 10 19 23 9 11 21 23 6 20 18 18 8 27 5 27 8
47 46 32 35 26 9 44 8 18 48 22 3 11 40 27 26 30 14 34 21
8 11 11 9 1 5 16 1 5 15 1 1 5 12 7 7 5 1 10 6
20 25 19 21 12 11 12 9 12 19 14 6 6 19 7 11 14 9 24 11
57 62 39 62 24 39 42 27 30 61 41 19 22 47 44 33 52 32 35 27
17 21 11 20 17 23 31 16 8 33 21 14 15 31 13 14 24 8 32 12
44 53 54 60 37 34 61 44 25 51 44 41 39 65 53 37 52 28 65 42
47 35 34 46 37 32 37 33 25 44 31 24 14 56 37 24 44 39 46 22
31 33 26 27 14 19 41 10 9 35 14 11 11 39 20 11 35 7 31 11
44 38 36 35 18 10 44 24 7 39 30 15 22 47 36 19 38 25 36 21
5 6 1 3 2 1 5 1 1 1 1 1 1 3 4 1 2 1 4 1
4 6 1 4 1 3 4 1 1 5 1 1 1 6 1 1 3 5 2 1
11 15 9 4 4 2 7 1 1 6 4 1 1 9 1 1 2 1 3 1
11 11 9 6 11 6 12 8 4 6 5 4 3 11 10 4 9 1 11 3
14 16 13 9 7 4 15 3 3 12 12 1 2 17 7 7 10 7 16 6
50 70 59 53 50 23 57 45 26 54 28 39 13 58 40 37 56 24 48 28
16 12 12 13 18 6 22 8 5 20 9 3 6 22 18 12 17 14 17 10
42 41 30 42 36 30 31 34 12 36 21 27 5 51 30 11 50 26 27 16
27 50 42 54 9 39 48 16 34 46 50 20 45 33 45 24 34 27 52 34
21 20 7 29 7 27 18 14 8 18 20 7 13 20 25 4 23 18 10 5
13 12 7 6 9 5 15 2 1 11 1 1 2 12 9 2 9 4 5 1
19 24 18 13 15 9 15 11 6 15 10 4 6 16 10 8 15 1 15 7
55 57 48 56 21 37 35 32 33 48 35 24 15 55 30 20 44 34 36 22
18 22 16 27 27 20 29 18 18 25 21 9 19 22 27 22 13 20 20 21
8 2 2 8 1 7 4 5 1 5 5 1 1 12 8 1 10 9 5 1
11 11 5 6 15 5 15 5 2 15 6 3 1 12 10 9 15 5 14 5
13 20 17 19 12 13 26 9 7 18 8 4 13 18 20 5 16 4 15 4
19 21 19 21 12 14 31 8 7 24 19 7 14 33 22 12 18 11 34 11
45 56 50 57 17 33 44 34 23 47 46 28 40 47 49 26 54 28 54 30
11 16 13 14 10 9 15 7 10 16 15 4 8 15 9 13 7 10 16 13
12 17 12 9 5 10 8 6 8 8 11 4 7 9 4 6 7 5 10 6
26 27 23 37 7 32 28 19 13 24 34 8 22 28 35 8 33 17 24 10
27 22 19 12 15 10 21 12 1 17 14 7 4 31 17 3 32 9 18 1
21 16 21 25 18 10 20 16 3 17 6 12 1 35 19 9 29 12 26 9
24 21 14 19 8 10 17 4 3 19 10 3 3 24 12 7 17 11 21 6
15 21 13 19 8 10 12 6 11 17 19 4 9 16 10 14 10 12 24 14
19 36 31 37 23 23 39 30 9 34 11 30 11 45 19 14 36 5 34 16
4 6 4 3 1 5 8 1 1 4 4 1 2 6 4 2 3 1 9 1
14 16 16 10 12 4 17 9 3 12 8 4 1 19 11 7 9 4 15 7
26 24 12 12 19 7 17 10 1 20 7 8 1 20 12 9 24 9 15 1
30 26 9 11 19 4 20 11 4 19 17 10 9 14 16 14 25 8 18 2
25 30 20 21 11 17 29 3 7 26 12 4 12 24 17 5 28 5 24 2
43 37 24 40 19 32 34 18 15 41 24 17 5 50 31 13 40 32 26 25
26 26 25 23 25 15 26 14 11 28 10 16 4 36 16 10 31 13 34 10
39 31 23 27 9 13 28 15 3 30 22 6 9 36 23 3 32 14 17 5
16 17 4 4 15 3 17 7 1 17 6 2 2 6 11 11 10 3 9 5
19 33 24 22 24 10 21 19 11 20 9 12 4 20 14 11 24 5 13 9
30 35 37 44 13 24 35 27 10 28 30 14 20 40 37 16 32 17 29 19
41 50 40 46 34 30 44 22 31 53 17 21 11 50 26 27 45 24 38 27
22 23 15 13 14 15 18 4 4 19 3 8 3 24 7 1 24 1 22 1
9 11 8 24 4 17 20 7 7 15 15 1 11 18 19 10 10 14 11 10
5 6 6 1 8 1 10 3 1 6 1 1 1 8 5 1 3 1 1 1
56 46 37 48 27 31 42 29 18 44 31 25 24 49 37 18 56 30 48 18
30 24 20 38 18 32 25 22 20 29 36 13 22 33 32 23 21 30 28 23
9 9 8 6 4 4 15 1 1 7 8 1 2 13 9 5 7 4 17 4
16 21 13 18 15 17 15 12 10 23 8 13 3 21 7 8 21 5 27 8
21 34 21 28 6 33 17 23 18 33 22 27 22 26 14 14 27 12 29 15
47 70 57 63 40 37 58 36 37 60 32 29 26 50 52 43 60 26 42 38
16 10 9 9 1 10 12 3 1 11 8 7 4 20 9 2 21 5 24 1
31 24 22 29 24 21 32 18 16 26 29 9 19 36 32 21 20 26 32 20
44 56 58 52 34 38 35 43 37 38 35 37 25 55 38 31 48 34 45 31
10 13 9 5 9 6 8 7 5 7 6 1 3 9 5 4 5 1 7 4
16 20 13 20 10 8 21 1 7 20 5 1 5 18 10 5 8 4 18 5
30 28 24 35 27 16 24 22 11 26 23 10 8 36 27 20 31 18 25 19
16 21 13 14 4 13 18 2 5 12 12 1 10 13 10 3 10 1 13 3
31 41 27 23 22 16 29 22 12 28 26 15 14 25 22 20 29 12 23 11
42 39 41 45 43 32 51 32 26 46 26 32 20 59 37 28 46 29 57 26
11 21 21 20 21 7 28 15 3 15 3 10 4 24 20 9 19 7 8 9
34 47 47 57 24 28 52 25 21 40 23 13 14 53 44 25 45 23 33 28
22 24 12 21 20 11 27 7 11 32 12 8 11 25 16 18 17 16 26 15
8 13 8 10 3 8 7 6 6 2 7 2 4 9 5 3 4 6 5 4
23 31 23 26 23 14 38 15 8 22 10 10 9 27 26 10 32 5 11 8
8 9 2 13 6 19 13 6 3 12 5 7 6 13 11 4 19 6 13 4
26 30 27 35 8 18 30 18 13 29 33 10 22 34 28 17 19 21 30 21
33 33 27 27 13 20 25 7 13 26 11 13 6 36 10 6 29 13 34 3
47 51 47 54 28 30 38 37 26 50 44 24 29 55 45 32 47 32 46 33
22 26 33 37 27 20 47 17 22 37 12 16 12 48 34 28 30 23 30 30
36 46 36 33 13 25 25 26 21 35 35 22 30 29 29 23 30 18 37 26
27 22 7 24 19 17 25 18 1 21 16 6 5 21 28 7 31 12 5 1
11 14 14 5 4 4 15 4 2 6 5 1 2 16 7 1 6 1 8 1
5 3 1 14 1 16 12 2 1 6 7 1 7 8 14 1 16 7 8 1
12 17 9 12 9 11 17 6 5 9 6 1 8 12 12 1 9 4 8 1
24 31 28 39 14 32 33 21 15 28 31 12 20 33 36 14 35 18 30 15
48 50 41 56 20 42 52 14 30 59 30 22 25 49 41 15 57 29 45 22
50 47 39 48 21 25 46 20 16 47 27 17 18 56 31 11 49 21 44 16
11 9 9 3 1 2 8 1 1 5 7 2 3 9 4 4 10 4 15 3
38 36 28 37 24 31 37 33 14 41 38 24 20 43 38 23 47 22 38 19
12 16 8 15 8 19 24 13 5 25 12 17 8 24 9 9 19 7 26 8
42 43 35 35 17 20 37 12 16 38 17 16 12 40 18 9 36 11 40 10
6 3 3 1 1 1 1 1 1 1 1 1 1 4 1 1 4 1 8 1
49 43 33 47 35 29 47 31 10 44 28 25 13 50 43 19 63 20 42 10
6 9 3 6 4 5 6 3 2 4 3 2 1 8 4 2 7 5 8 1
48 53 42 48 21 29 50 27 21 47 36 12 23 44 42 22 47 20 26 21
41 33 27 39 21 27 32 24 11 43 15 21 1 55 23 7 46 19 26 13
43 43 47 39 27 14 48 16 23 41 14 12 7 52 26 19 37 16 40 20
9 6 1 7 2 6 2 2 1 3 4 1 1 7 3 1 5 6 4 1
6 8 1 6 1 7 7 1 1 4 2 1 3 4 5 2 4 1 11 1
17 26 20 21 1 16 13 11 8 19 22 14 15 18 14 10 19 7 32 13
35 45 48 40 30 21 47 26 20 38 11 28 5 56 25 20 44 17 42 20
29 25 27 31 21 20 27 19 7 20 7 14 2 41 21 3 34 14 22 3
53 61 38 52 32 30 49 30 29 51 31 24 20 47 33 27 52 23 39 16
19 18 10 24 10 28 14 21 7 16 19 15 7 27 22 4 26 18 11 8
9 18 20 17 7 17 27 7 9 12 18 2 15 17 22 3 19 2 18 3
13 11 6 9 2 3 1 1 1 5 3 1 1 11 2 1 9 5 12 1
13 19 19 16 12 13 15 14 10 12 11 8 8 19 12 8 14 10 10 8
56 56 37 52 39 31 42 45 21 53 40 37 17 59 41 27 64 29 45 18
60 58 59 64 26 34 53 44 26 49 39 32 25 68 44 20 54 33 42 25
29 41 33 51 38 28 44 31 18 36 17 22 12 40 39 24 45 25 33 22
10 8 3 11 4 11 1 5 4 3 8 2 2 8 5 1 13 8 3 2
8 9 9 8 1 1 16 1 1 12 1 1 1 11 5 3 1 2 7 3
15 11 5 7 10 8 13 3 1 10 3 3 7 7 10 5 13 3 13 3
62 61 42 60 43 23 59 40 22 52 34 29 18 65 47 27 67 27 39 19
27 36 32 36 30 25 43 25 24 41 22 22 18 44 28 26 25 15 33 29
13 19 11 11 13 11 14 11 8 8 9 4 8 11 11 5 8 5 6 6
16 19 5 4 10 2 10 2 1 16 3 1 1 7 2 6 9 2 7 2
4 5 1 1 1 3 1 1 1 1 2 1 1 2 1 1 2 1 6 1
17 25 22 25 17 15 23 15 16 25 21 8 14 25 19 19 13 17 25 19
43 55 52 50 35 31 70 15 31 55 34 18 24 45 52 30 56 20 38 33
6 11 3 7 2 6 4 2 4 7 6 1 3 1 2 6 2 2 6 6
8 8 6 2 6 1 13 1 1 11 1 1 1 8 5 1 1 1 4 1
6 16 15 21 4 21 14 14 15 16 17 11 18 7 18 17 8 12 17 17
35 40 37 38 32 33 45 27 29 41 41 24 34 45 37 32 30 28 47 32
16 16 12 8 6 1 13 1 1 15 1 1 1 15 4 3 5 1 14 2
21 25 12 19 9 22 22 3 4 22 10 8 10 23 14 1 32 5 23 1
34 29 16 33 13 29 31 18 3 28 24 12 9 40 30 2 35 19 21 8
26 25 24 18 21 9 37 15 4 27 20 7 15 28 27 14 26 6 24 11
39 30 32 34 25 25 31 22 11 31 11 19 4 49 24 6 43 19 30 4
7 8 6 7 1 9 7 1 2 3 7 2 5 7 6 2 10 3 12 1
13 13 13 14 15 9 14 12 4 7 5 11 1 21 13 6 19 7 14 6
25 24 9 37 16 37 30 14 14 38 28 14 20 28 36 13 41 23 32 14
55 58 30 62 43 40 48 44 28 64 43 31 23 53 48 32 48 43 38 26
19 16 10 24 9 23 22 11 9 25 19 12 9 33 20 13 24 19 32 12
18 25 21 28 3 23 21 7 15 20 15 8 14 23 14 8 21 9 14 10
19 29 28 30 10 19 35 15 17 32 20 12 12 41 17 16 22 11 34 18
27 35 33 45 22 24 39 20 18 30 18 14 16 39 31 17 32 14 26 20
34 40 35 51 23 38 46 14 33 44 37 18 35 37 43 21 36 32 51 28
1 5 1 1 1 1 5 1 1 4 1 2 1 6 1 1 5 1 6 1
21 26 18 35 23 22 35 11 14 29 22 1 19 23 34 14 28 13 26 14
41 43 37 35 22 18 31 23 13 33 23 11 11 41 23 11 37 13 28 10
21 18 13 28 7 27 15 15 10 16 18 10 14 21 21 11 22 15 21 11
36 41 25 21 24 15 22 15 16 29 17 12 6 24 8 13 26 9 24 6
28 26 20 27 17 23 42 20 6 37 26 19 24 42 26 12 33 10 44 14
3 1 1 10 10 4 15 4 7 14 9 1 7 10 12 13 1 10 14 12
23 12 12 35 21 34 31 30 12 36 28 24 16 45 31 17 32 28 34 17
30 48 42 54 30 44 42 40 24 48 31 38 30 48 48 35 56 28 49 34
16 19 16 8 7 7 9 5 4 8 9 3 1 20 3 1 13 1 19 1
5 8 13 21 13 23 24 17 5 10 8 16 11 23 20 5 27 6 14 7
4 5 2 8 4 7 13 1 1 9 3 1 6 3 9 6 7 5 8 5
10 9 14 10 7 5 16 7 1 5 3 1 1 20 12 1 9 5 4 1
16 14 8 6 12 7 15 4 1 13 4 1 7 10 9 6 10 1 8 1
32 32 19 41 11 46 24 33 11 35 38 31 23 43 33 9 45 29 33 19
31 28 14 34 16 30 20 21 13 30 30 12 17 21 30 20 28 24 19 17
29 32 29 41 29 17 33 31 6 28 16 19 8 39 39 22 41 24 27 22
20 27 25 45 30 30 45 28 13 35 25 20 18 44 48 24 40 28 32 24
8 5 4 1 1 3 1 1 1 2 3 3 1 8 1 1 10 1 11 1
22 32 31 29 5 22 22 12 22 26 18 12 15 27 16 17 22 14 21 19
8 7 10 3 8 1 10 5 1 7 2 1 1 13 5 2 6 5 6 1
26 30 29 35 20 23 42 13 26 35 22 10 20 37 28 25 16 21 29 27
26 45 44 58 23 34 53 23 25 46 27 20 22 51 45 25 47 21 41 31
4 11 8 11 2 10 7 9 5 2 8 1 3 10 8 2 6 7 1 3
23 20 19 22 8 11 27 1 10 22 2 1 5 24 15 10 17 10 11 11
16 22 23 28 18 17 35 7 21 34 12 6 6 37 21 21 20 19 25 22
25 35 32 22 9 19 24 16 15 31 22 16 15 31 15 11 26 6 28 13
19 32 25 47 23 28 30 37 7 25 21 25 11 35 43 18 36 27 17 23
8 7 1 1 5 1 6 1 1 3 1 1 1 3 3 1 4 1 3 1
18 14 11 7 8 5 7 4 1 7 6 6 1 17 4 1 15 5 18 1
4 6 3 9 3 7 15 1 1 10 4 1 7 5 11 7 4 3 8 6
10 12 1 11 8 1 7 1 4 14 6 1 1 7 4 7 6 5 16 6
47 62 39 58 31 41 45 30 37 56 48 28 37 36 46 35 56 31 53 27
47 56 22 53 40 26 52 25 34 54 48 21 37 38 45 36 52 28 52 27
17 8 3 15 5 13 10 5 1 8 7 1 7 11 15 2 14 10 8 1
19 22 17 19 9 22 31 6 3 26 13 7 12 27 19 2 36 4 25 1
29 36 25 43 20 33 29 24 27 43 33 15 26 31 33 30 22 32 26 28
35 45 44 43 15 32 32 24 27 33 23 21 19 45 25 15 37 20 35 17
24 21 16 13 1 8 14 6 1 17 13 10 6 28 10 1 25 7 27 3
45 55 43 42 29 28 34 31 27 46 24 27 13 43 26 23 44 20 35 16
5 4 5 5 2 7 9 1 1 1 5 1 5 6 8 1 6 1 6 1
21 21 22 11 19 1 31 14 1 20 12 6 5 24 21 11 24 1 16 7
15 17 19 20 17 9 23 12 4 12 3 7 7 24 19 6 20 7 13 6
30 32 12 36 22 20 29 25 16 39 32 16 18 25 32 28 28 26 20 17
10 17 24 24 18 9 26 18 7 14 15 10 5 31 23 17 20 14 20 18
17 13 12 13 12 9 15 7 4 8 5 1 9 14 14 1 13 5 13 1
21 21 26 25 25 17 35 25 1 24 11 26 9 43 25 13 45 12 33 12
8 15 14 9 11 9 9 12 8 12 10 6 6 8 9 9 10 3 11 8
29 46 36 46 29 32 58 30 11 46 30 28 26 51 38 21 55 12 52 21
43 40 24 43 23 19 44 28 8 38 42 13 27 37 44 25 40 24 33 20
19 30 26 29 26 8 43 16 9 30 6 9 4 29 27 21 29 9 12 19
11 18 18 16 3 9 18 4 10 17 16 2 8 16 8 11 2 5 16 11
6 9 11 4 4 3 14 4 1 10 3 2 1 14 6 4 5 1 11 3
6 8 15 14 13 8 16 14 7 8 8 7 5 16 13 10 13 7 11 11
47 62 51 53 20 38 52 23 32 50 38 13 30 44 45 25 54 21 40 27
49 52 42 59 36 43 59 46 23 59 45 36 28 68 47 34 53 30 52 31
28 43 45 47 24 28 47 22 27 42 22 21 13 54 35 32 38 23 42 35
21 31 23 30 22 23 34 17 7 28 11 14 10 32 25 12 40 3 27 9
7 9 3 2 2 1 7 1 1 10 1 1 1 5 1 3 1 1 8 2
6 9 7 4 1 4 11 1 2 10 5 1 2 8 5 6 2 3 10 5
16 17 17 12 10 4 22 7 6 18 9 1 4 21 12 10 6 8 17 9
7 11 13 9 14 1 12 10 1 2 2 4 1 15 9 2 11 1 3 4
17 30 22 38 10 26 32 3 21 31 20 6 19 21 24 7 27 16 34 12
8 10 10 9 10 5 15 8 1 6 2 3 1 15 12 3 9 6 5 3
10 11 9 14 14 12 21 10 2 8 4 9 9 15 19 3 20 2 11 4
6 1 5 5 2 3 10 3 1 2 1 1 1 11 10 1 5 4 6 1
28 40 32 27 36 6 35 24 8 32 7 18 1 35 23 19 34 10 23 14
26 41 37 42 14 31 50 7 27 41 30 15 29 31 39 14 34 20 32 24
27 42 45 41 33 9 52 32 12 34 23 24 19 47 42 28 38 19 37 30
17 18 18 11 14 6 27 7 1 13 8 2 8 20 18 4 21 1 13 3
19 22 27 25 27 8 29 25 3 17 7 19 4 34 30 19 33 19 25 19
5 6 4 3 1 4 7 1 1 3 5 1 1 5 3 2 4 1 11 1
1 9 11 6 4 6 9 9 5 5 6 2 3 8 5 3 1 1 1 3
12 5 10 15 11 11 13 12 2 8 8 2 2 17 17 4 14 9 7 5
19 30 22 41 5 37 42 13 20 39 22 15 22 32 25 10 39 12 29 15
20 12 8 9 13 6 11 8 1 11 5 3 1 15 11 6 17 10 13 4
12 14 9 7 3 9 7 4 5 2 10 3 5 9 5 2 8 3 13 3
21 31 28 32 15 24 26 21 25 28 35 15 26 28 28 28 14 25 36 28
18 33 39 40 21 22 55 16 22 35 27 11 24 39 40 20 28 12 33 26
41 49 50 48 33 33 39 35 32 40 33 29 21 48 33 29 40 31 47 28
14 26 28 35 13 35 35 18 15 19 23 20 20 30 35 5 43 12 30 14
13 14 9 13 6 7 12 1 4 16 7 3 4 17 8 7 10 5 24 6
18 27 22 29 8 19 14 15 18 24 22 11 16 22 20 20 14 19 28 20
12 21 14 25 14 18 19 12 18 24 21 8 16 18 17 21 4 20 19 21
8 20 18 29 8 26 27 5 20 23 28 7 25 13 26 14 21 12 30 18
28 37 31 36 10 28 24 19 22 30 18 17 16 35 22 15 28 18 23 18
25 26 12 16 14 8 18 7 7 22 7 1 1 19 9 8 17 10 10 5
12 10 9 4 11 1 11 7 1 5 1 3 1 11 8 1 10 5 8 1
37 42 19 48 23 51 42 24 18 49 40 28 29 37 47 9 55 34 37 25
28 33 20 26 24 11 41 16 10 31 13 9 8 23 25 18 25 6 10 12
25 43 42 45 12 35 47 34 16 35 32 32 30 47 34 15 45 9 42 18
3 2 4 1 7 3 6 4 1 1 1 3 1 8 5 1 8 1 5 1
9 12 14 8 6 7 13 7 6 10 12 1 4 14 7 8 6 3 14 8
22 16 9 22 2 19 5 11 5 12 16 6 5 20 14 3 20 15 15 3
32 48 40 51 44 35 58 32 23 53 23 32 19 49 44 28 60 19 56 24
25 30 22 13 7 4 18 7 5 15 15 3 7 21 6 1 16 1 14 3
17 24 22 27 15 21 30 13 18 25 25 11 19 30 21 21 13 19 30 21
7 9 9 2 1 1 11 1 1 7 1 1 1 11 1 1 1 1 3 1
6 4 9 4 12 2 14 7 1 4 1 2 2 11 11 1 7 1 2 1
7 3 1 5 3 4 1 1 1 5 2 1 1 4 3 2 10 7 5 1
9 5 3 1 6 2 6 1 1 6 1 1 2 5 4 1 5 1 6 1
3 1 1 2 1 3 3 1 1 2 1 1 1 7 2 1 7 4 9 1
13 11 11 13 5 20 12 10 4 6 11 8 6 21 12 2 20 7 16 2
26 26 26 35 20 20 43 12 11 32 25 2 18 37 36 12 32 16 25 11
7 2 8 12 9 7 16 9 1 2 1 2 3 15 17 2 13 6 2 2
32 33 19 18 17 10 26 5 7 27 10 3 6 22 11 8 21 3 19 2
39 47 31 38 19 28 29 16 24 47 14 16 6 38 17 22 40 17 32 19
43 43 37 25 28 9 35 19 12 34 16 12 8 40 17 8 33 9 29 5
9 8 11 10 10 11 20 7 4 11 7 1 9 13 15 7 9 4 11 6
48 66 54 60 43 32 58 45 32 65 40 42 26 65 48 48 61 31 56 41
13 11 10 8 5 9 7 1 5 4 11 6 1 15 4 1 15 8 15 1
39 40 25 45 29 25 47 26 21 45 34 10 21 40 39 29 31 24 21 20
41 64 60 70 48 36 61 38 42 62 27 32 23 63 51 47 51 41 52 50
32 39 40 44 32 23 52 20 21 38 22 15 17 46 35 19 36 18 41 17
28 38 37 38 10 29 46 26 11 32 29 24 27 46 30 6 42 6 39 12
5 4 10 6 13 1 14 11 1 1 1 6 1 12 12 4 8 4 1 5
41 45 33 43 26 27 59 24 17 56 39 24 32 47 42 26 48 21 49 22
9 17 11 14 1 7 7 4 6 12 11 3 4 9 4 9 5 6 17 9
28 28 28 39 18 25 33 25 16 28 35 12 26 35 38 19 30 23 33 22
14 24 14 17 14 9 17 10 6 20 9 3 5 14 12 11 12 7 12 9
22 44 43 53 24 33 51 24 27 41 31 20 28 36 46 22 41 22 33 31
24 27 23 22 6 11 28 12 3 17 20 7 17 26 22 4 21 7 24 7
37 33 28 35 24 19 43 17 14 39 30 12 26 39 34 23 28 24 35 22
27 40 39 51 36 19 47 34 22 44 22 21 12 51 40 34 39 31 28 37
33 39 21 43 36 28 59 30 16 49 35 27 27 47 44 28 54 19 45 17
9 18 9 19 4 14 9 7 9 7 9 4 11 7 9 5 8 6 8 6
45 54 44 42 16 32 32 40 22 52 46 41 37 46 34 34 55 30 54 34
37 39 25 45 9 43 17 31 18 43 30 30 19 44 25 12 42 26 33 16
11 6 1 11 1 8 3 4 1 9 6 1 1 11 7 1 8 10 5 1
39 40 38 36 27 12 44 12 21 40 20 4 11 47 28 22 29 19 34 24
37 39 31 43 32 22 48 29 7 40 25 17 14 41 46 24 47 20 28 17
29 40 30 45 28 38 46 29 16 38 23 31 23 45 30 9 55 11 48 13
20 20 17 11 9 13 21 5 4 18 8 9 6 26 9 3 21 6 19 1
6 4 2 2 1 1 2 1 1 3 1 1 1 3 1 2 1 2 10 1
28 27 15 13 18 7 20 11 5 20 19 6 6 19 14 12 25 8 16 4
23 21 10 19 4 13 6 6 3 18 9 2 1 20 5 2 18 9 12 2
35 52 41 56 28 51 40 32 38 58 40 34 41 46 44 33 51 31 57 33
9 7 13 10 10 8 19 9 1 8 5 4 8 16 15 6 11 7 11 5
38 52 33 58 18 50 54 26 32 53 31 29 33 51 30 13 54 20 47 21
12 11 13 15 13 7 15 11 3 9 8 3 1 18 14 8 12 8 10 9
17 29 28 29 22 11 38 16 6 22 13 11 9 32 27 16 25 7 24 17
23 23 25 25 24 5 37 12 14 31 9 7 8 33 22 19 22 14 17 20
30 33 33 37 7 19 44 23 12 34 38 20 34 34 40 22 36 22 42 25
32 31 32 36 13 34 18 32 18 26 34 24 20 39 35 19 39 26 31 20
5 7 1 1 8 1 4 1 1 6 1 1 1 1 1 1 4 1 1 1
16 11 7 12 10 18 19 12 1 20 5 15 8 24 10 5 24 8 23 4
54 63 58 53 39 23 58 35 27 49 26 27 18 59 34 26 52 19 43 27
22 15 3 13 9 15 9 9 1 18 14 5 1 15 12 8 25 9 12 2
33 28 11 35 32 27 35 27 9 41 30 15 14 40 37 16 33 34 20 23
36 43 38 53 30 33 51 30 9 49 29 26 17 57 51 17 66 24 49 21
9 8 4 3 4 1 5 2 1 5 1 1 1 7 2 2 2 1 10 1
8 4 10 7 4 4 16 2 1 1 6 1 6 13 12 1 11 1 8 1
20 13 5 15 5 18 11 5 1 15 8 5 4 21 13 2 22 10 17 1
12 12 8 9 7 3 13 1 4 15 8 1 4 13 7 10 4 6 18 9
21 21 19 17 1 4 22 11 1 16 20 9 15 20 18 8 17 7 24 11
30 37 26 26 11 27 20 19 15 28 25 15 17 27 22 19 31 17 26 15
25 21 12 31 8 27 16 20 9 20 24 12 11 24 25 11 23 21 18 14
49 54 38 60 40 27 51 42 31 58 40 27 22 54 49 43 47 36 32 35
13 22 17 20 20 19 34 12 12 22 17 8 19 10 30 7 29 6 12 8
22 21 17 12 12 7 14 7 4 11 10 1 1 23 10 3 16 8 16 1
15 17 12 13 11 10 14 8 5 12 7 2 2 17 8 3 16 7 4 2
12 15 13 25 2 23 20 10 8 13 20 1 13 16 24 5 19 10 14 5
45 52 42 51 28 38 47 21 32 47 26 16 22 43 33 15 43 23 39 17
14 19 12 23 10 14 28 5 11 25 12 6 14 22 18 15 10 11 24 14
10 17 6 12 5 7 10 1 4 14 7 1 5 6 5 7 2 3 10 7
21 18 11 26 12 11 21 4 8 25 11 1 8 25 17 11 11 16 21 10
46 53 45 59 39 38 61 29 29 52 32 20 19 50 53 37 55 28 26 33
26 20 12 27 22 17 22 9 10 25 11 6 8 27 21 11 26 17 27 9
17 13 5 8 11 2 12 2 1 14 4 1 2 9 8 8 11 6 15 5
33 33 20 29 28 10 42 15 14 40 17 7 13 30 27 24 19 15 22 17
17 16 12 15 5 7 14 3 6 17 6 1 1 17 7 7 8 10 10 7
12 11 15 25 21 14 31 14 8 16 14 9 15 24 29 17 19 14 23 17
6 6 3 7 3 1 9 1 1 10 4 1 1 9 6 7 5 8 13 6
35 29 6 33 26 15 25 19 11 37 27 8 9 28 28 22 27 24 22 11
20 20 17 20 14 12 29 7 8 23 5 1 10 22 17 8 21 9 9 8
29 56 53 60 31 36 60 27 32 45 23 31 25 47 45 17 53 27 42 26
14 12 4 11 11 5 11 1 4 15 7 1 6 8 10 10 8 10 15 9
17 11 12 16 10 15 18 9 1 14 9 9 7 24 19 9 21 12 25 8
12 16 5 9 8 9 8 6 7 8 8 1 6 6 6 5 5 4 8 5
37 31 24 21 17 9 22 10 5 22 14 4 7 33 16 4 28 11 21 1
14 20 20 11 3 7 18 5 7 10 13 1 6 20 7 2 7 2 11 3
45 52 38 53 12 41 40 18 22 43 44 17 31 41 42 5 50 26 36 17
2 12 1 16 1 12 14 1 5 10 10 1 10 1 12 5 4 1 11 5
67 59 38 58 31 31 47 40 17 57 47 34 23 56 45 29 64 38 52 23
23 28 33 32 37 13 43 26 13 30 23 19 17 41 38 29 27 23 36 29
38 47 43 51 28 47 35 46 31 49 35 46 32 56 31 28 52 29 55 31
38 61 55 58 31 45 62 29 31 55 30 35 28 54 38 18 64 18 56 23
26 51 51 57 33 35 59 30 27 47 34 28 29 54 47 26 51 20 59 30
57 59 49 45 23 22 58 27 17 57 30 27 28 58 36 20 59 17 50 21
42 41 40 44 20 24 40 16 19 31 17 6 10 48 27 9 40 16 25 12
26 23 10 22 20 20 23 16 7 22 19 12 11 19 23 17 31 13 18 8
39 30 15 39 28 27 27 20 14 37 23 9 8 36 28 13 33 27 28 12
34 44 46 46 28 26 53 23 28 41 13 20 16 45 33 19 42 16 34 19
6 7 2 3 6 1 8 1 1 12 1 1 1 6 2 4 4 4 6 3
45 52 43 56 34 22 55 40 10 48 36 25 17 59 51 26 50 29 34 31
10 11 11 11 7 13 12 7 7 5 11 1 10 10 11 5 8 1 10 5
15 15 7 13 17 10 22 8 4 17 8 1 8 11 17 12 16 9 11 8
17 18 11 19 14 16 14 12 10 18 15 6 9 13 15 15 16 14 13 13
54 51 42 56 47 32 58 28 33 59 23 17 11 60 43 34 48 36 39 29
39 44 33 60 21 56 48 37 30 58 48 32 37 55 45 27 44 35 49 29
54 56 50 60 32 44 46 44 31 61 47 36 33 66 48 30 61 39 62 33
11 18 16 25 21 17 34 11 13 25 17 6 20 15 32 13 25 9 21 15
33 44 35 39 31 14 35 25 17 38 18 17 7 35 25 24 30 13 25 19
36 33 25 42 28 24 40 16 20 41 19 9 19 40 31 18 24 25 30 18
36 45 33 37 29 32 23 32 26 36 23 27 17 34 27 21 43 24 31 17
21 37 41 50 28 36 38 41 26 42 33 34 25 52 48 39 39 37 43 40
11 20 19 18 5 16 8 17 15 16 18 11 13 11 15 17 8 13 19 17
22 35 34 37 23 17 38 21 17 26 7 16 9 36 21 12 29 11 23 15
11 20 13 14 16 13 19 14 7 12 9 6 10 9 16 9 15 3 5 7
28 41 37 49 33 32 46 23 24 42 23 22 22 46 35 22 41 18 41 23
12 13 8 14 8 11 19 5 3 10 9 1 8 11 16 5 10 4 14 4
10 7 5 9 1 9 4 3 3 4 8 1 2 9 6 3 7 8 8 3
27 28 32 25 20 4 30 21 2 17 14 15 12 34 27 9 29 7 28 13
5 8 8 6 7 3 14 5 3 11 6 1 2 12 9 8 3 6 11 7
10 16 8 12 5 9 11 5 7 12 10 3 6 8 7 10 4 6 14 10
16 13 14 11 6 8 19 4 1 7 5 1 4 20 13 1 13 5 7 1
14 11 12 11 13 5 10 9 1 4 3 7 1 18 10 2 17 5 11 3
12 9 12 8 7 5 12 7 1 8 4 1 1 18 9 3 10 9 8 1
53 59 41 61 45 25 55 46 13 56 45 32 19 63 56 32 60 33 41 31
4 4 9 7 5 8 13 5 1 1 6 1 5 9 10 1 8 1 8 1
34 44 30 51 13 54 22 29 31 43 41 29 36 32 42 20 51 31 39 24
53 66 40 51 28 25 54 24 27 55 39 20 30 40 35 20 49 13 44 15
32 40 43 39 28 4 49 23 11 38 20 15 13 52 34 22 29 13 39 27
19 24 19 30 5 20 27 8 13 22 14 7 12 27 17 12 17 11 20 14
15 17 14 13 4 14 23 4 2 18 11 9 6 25 11 7 19 7 26 6
16 17 17 14 6 7 23 1 9 17 1 1 3 19 10 7 7 3 6 8
31 24 12 21 15 20 23 11 1 28 13 8 7 28 21 10 33 12 22 4
7 13 8 11 5 19 15 11 7 16 10 15 8 18 4 4 17 4 17 5
3 10 6 8 1 15 13 3 3 12 4 8 5 13 5 2 12 3 13 2
6 5 8 3 8 2 8 5 1 5 4 1 1 9 6 3 7 1 10 2
11 12 9 7 8 6 11 2 1 13 1 3 1 17 6 1 13 1 18 1
36 41 24 49 15 37 47 15 19 50 30 15 22 35 43 8 46 29 20 24
49 47 39 55 23 27 46 37 14 48 46 24 25 62 46 19 45 36 45 29
13 20 15 21 8 18 23 7 7 16 14 3 12 17 18 8 17 7 16 8
8 8 4 10 1 9 12 1 1 5 1 2 5 10 8 1 11 5 8 1
31 25 13 22 20 22 17 16 8 26 10 13 1 32 14 3 36 15 21 1
8 11 11 10 8 8 22 6 2 12 2 3 6 14 13 5 10 4 9 4
6 7 1 5 1 2 7 1 1 7 2 1 1 3 5 5 3 4 11 4
35 50 47 55 32 36 35 43 26 42 23 34 18 50 40 28 48 33 38 27
32 34 27 40 17 34 38 15 16 40 16 14 10 42 25 6 41 16 38 3
40 45 31 51 16 45 50 19 23 52 33 25 26 46 47 9 56 31 31 25
52 44 40 51 38 36 60 42 15 56 44 33 29 67 57 30 58 35 47 30
47 51 53 62 33 46 43 51 35 51 56 40 38 66 58 42 50 45 56 44
16 11 4 9 11 7 9 7 1 13 5 1 1 12 9 6 14 11 6 4
17 18 20 24 17 14 23 15 6 9 8 9 9 25 22 8 19 9 14 9
14 12 7 16 5 10 17 1 1 13 11 1 5 16 13 5 15 9 14 4
13 12 4 9 6 4 10 2 1 12 1 1 2 10 7 5 8 7 10 4
39 43 27 39 30 36 36 31 20 46 22 26 10 39 27 22 45 22 36 13
43 53 41 36 17 22 37 31 17 46 41 32 28 39 31 26 44 19 38 23
50 53 29 46 26 25 37 36 20 40 44 26 32 36 42 27 47 27 36 20
45 40 19 34 26 17 42 23 9 38 27 13 15 39 35 19 44 19 27 7
47 49 34 38 24 20 48 24 14 54 29 24 17 53 21 14 45 12 51 14
20 34 29 34 10 32 18 23 25 28 27 21 29 22 26 24 23 23 24 24
6 7 3 15 4 13 15 5 3 6 7 1 7 8 15 5 9 8 6 5
35 38 17 18 19 8 28 11 5 33 18 12 5 30 14 13 31 4 29 2
41 50 45 48 23 40 54 7 33 46 30 14 24 44 43 21 51 27 40 28
4 7 5 2 2 1 7 2 1 4 1 1 1 8 2 1 1 2 6 1
17 28 20 29 4 15 25 4 17 26 11 4 11 19 14 16 10 9 18 18
13 20 18 20 3 12 22 6 7 15 19 3 14 19 15 10 14 8 20 10
25 20 18 31 12 21 31 11 6 27 17 11 14 38 25 7 36 12 40 6
35 49 48 43 25 23 52 18 22 36 23 11 17 44 36 21 40 8 27 25
20 19 1 6 14 1 8 3 1 16 3 1 1 4 4 6 13 1 6 1
42 58 41 61 34 47 59 20 41 60 41 23 39 43 47 27 47 35 51 32
4 8 9 7 4 7 5 7 6 1 8 2 4 7 3 3 1 3 3 4
24 28 20 30 17 18 30 9 12 27 10 7 10 26 18 9 20 13 22 8
13 15 9 6 10 5 5 5 4 6 8 1 2 8 2 3 10 3 5 2
4 10 8 11 2 7 7 6 6 8 10 2 4 6 6 9 1 6 10 9
22 19 13 8 9 3 12 2 2 13 7 1 4 16 6 4 14 3 20 3
27 36 35 37 26 14 40 19 19 31 11 14 9 38 23 18 26 8 26 21
23 37 33 51 31 38 50 35 12 42 28 33 21 45 56 17 59 33 33 29
38 37 29 39 17 37 18 30 17 33 28 26 9 44 22 7 44 25 36 10
25 27 26 28 2 19 36 12 8 28 16 14 14 40 14 2 32 4 27 7
24 35 38 30 15 21 24 28 16 21 28 21 24 31 31 16 31 11 25 20
6 14 7 17 3 12 12 5 8 11 11 3 10 6 10 11 3 8 12 11
8 8 7 6 11 5 12 4 1 7 1 1 1 13 9 1 14 3 5 1
29 40 33 40 14 33 41 12 20 41 17 13 17 40 22 4 43 7 38 9
24 24 24 23 13 11 27 15 1 19 13 12 1 39 21 7 32 7 27 7
5 6 7 5 10 4 11 8 3 7 4 3 1 8 9 6 5 3 7 5
47 50 44 55 18 40 31 29 32 45 30 19 23 48 36 21 41 30 29 23
40 40 25 34 13 26 39 19 5 42 26 25 26 42 20 7 49 9 48 10
19 17 23 16 14 5 25 9 6 17 4 4 4 27 14 5 16 6 9 7
12 16 11 12 6 14 11 7 9 9 11 5 11 8 8 8 5 5 10 8
48 53 29 50 30 47 53 29 29 59 26 36 28 52 24 17 54 22 53 18
9 21 17 26 1 26 11 16 17 16 19 13 20 13 20 15 16 18 13 15
35 31 29 34 18 26 28 20 15 23 19 10 11 39 24 7 33 20 29 5
24 26 23 22 18 16 24 16 11 20 22 7 11 27 21 15 22 15 20 14
46 57 40 54 37 35 59 18 33 60 25 16 19 48 39 27 54 22 42 22
9 21 18 15 6 10 15 11 12 16 10 5 7 13 7 9 3 6 7 10
29 30 26 23 11 5 31 11 4 28 22 10 14 35 21 11 22 11 36 14
16 28 33 30 15 14 28 25 14 21 28 20 18 32 30 22 26 12 34 25
39 41 25 52 35 42 54 44 8 52 27 40 17 62 40 16 61 29 32 25
9 9 3 14 1 7 13 1 1 10 3 1 3 11 10 4 5 7 11 3
9 10 6 8 1 3 11 1 1 10 1 1 1 12 3 2 5 3 13 1
21 33 19 22 16 15 27 14 14 29 16 7 12 15 17 18 11 8 14 15
22 33 28 35 28 18 38 24 7 22 11 16 11 34 33 15 33 17 15 16
22 36 37 32 17 13 34 19 10 18 14 12 11 34 23 11 22 4 19 15
36 43 40 44 33 22 52 13 25 38 21 9 14 45 35 30 35 20 28 31
3 14 18 18 13 15 14 19 11 8 12 16 9 16 16 11 17 9 11 13
41 32 33 44 29 23 38 27 18 41 27 16 11 55 35 18 29 31 34 20
23 24 24 27 6 21 26 14 8 13 21 2 13 30 22 3 22 11 9 4
28 40 36 42 19 33 47 13 23 39 37 19 32 37 42 13 45 17 50 22
25 32 21 28 16 29 32 8 13 31 19 12 19 24 29 4 42 12 30 7
29 26 15 32 28 24 41 32 1 29 15 28 11 40 30 13 50 12 26 8
16 16 15 7 5 1 15 5 1 6 9 1 3 19 9 1 10 2 14 1
6 7 7 7 4 9 13 1 1 14 5 8 5 13 9 9 10 6 18 8
14 12 6 6 6 8 7 1 1 10 3 4 1 15 3 1 16 6 8 1
15 26 29 27 17 12 32 12 7 17 11 7 12 26 27 6 30 3 25 8
45 45 28 46 39 33 51 37 16 47 24 35 19 53 33 20 59 19 40 10
9 8 4 8 9 5 12 1 5 11 11 1 3 14 9 9 6 7 20 8
42 45 34 45 42 34 40 31 32 46 29 23 19 46 31 31 37 33 43 26
22 24 12 23 15 18 14 12 10 17 12 6 11 15 15 10 21 11 15 9
8 4 4 14 6 8 12 5 5 12 9 1 6 13 14 11 9 15 13 10
49 52 54 57 31 26 61 35 26 57 33 34 24 74 37 26 51 28 60 32
19 24 27 23 23 13 31 18 1 21 4 20 4 38 22 10 37 4 33 10
1 5 4 3 5 5 9 4 2 6 3 3 1 8 5 4 6 1 9 3
17 18 11 12 15 15 20 14 1 26 6 15 6 25 9 7 25 5 26 6
24 24 24 15 18 6 21 16 4 14 16 12 8 26 18 7 27 1 22 9
23 19 15 15 8 8 18 5 6 16 5 1 3 22 10 3 14 9 8 4
36 45 38 36 29 15 47 23 17 42 26 18 13 49 28 26 39 8 37 24
33 32 16 21 29 10 33 21 11 26 25 14 14 28 27 20 34 16 22 8
42 61 53 53 39 24 61 31 24 44 23 23 18 52 46 33 57 23 34 31
23 28 25 30 24 18 31 21 6 18 14 14 11 32 30 14 34 14 22 15
37 28 23 33 26 20 31 19 8 31 15 9 4 38 26 10 37 19 25 6
35 47 40 47 22 31 46 9 32 45 28 7 20 44 32 26 31 18 42 28
35 49 41 57 22 49 54 19 34 52 37 25 31 50 37 18 51 28 60 23
16 21 16 25 15 15 26 10 12 22 16 3 14 23 19 15 10 13 21 15
47 56 38 49 28 23 49 29 26 52 42 19 29 44 40 34 33 25 39 28
9 9 9 15 9 13 11 13 6 8 10 5 4 15 14 7 16 11 10 7
16 16 14 15 14 9 16 9 3 10 6 3 6 15 14 4 16 3 14 5
47 53 42 49 46 33 40 44 30 43 30 34 17 43 38 34 49 30 35 25
50 42 24 43 25 30 40 23 15 54 32 19 10 57 29 20 47 28 39 21
8 6 6 4 10 8 10 5 1 6 1 5 3 12 9 1 14 4 9 1
38 33 21 26 20 18 38 22 1 34 19 18 9 43 23 9 44 8 30 1
37 52 52 50 28 27 47 34 27 45 36 26 31 48 44 34 41 19 38 36
52 49 25 54 34 33 41 25 23 56 31 20 14 54 35 19 46 37 32 30
13 13 6 4 10 8 6 4 4 7 6 5 2 9 4 2 12 3 9 2
4 7 2 3 1 3 1 1 2 3 3 1 1 1 1 2 1 1 3 2
21 47 34 50 35 33 54 28 28 45 37 23 33 26 52 32 39 22 37 35
30 32 35 40 23 24 38 28 19 30 35 16 21 46 36 24 28 25 36 25
28 50 50 56 14 49 51 15 43 47 35 21 33 39 46 25 46 31 38 35
9 7 5 7 1 5 7 1 1 5 3 1 5 6 6 4 6 5 11 3
1 1 3 1 2 1 6 1 1 1 1 1 1 7 2 1 3 1 2 1
13 8 1 3 5 1 1 1 1 3 1 1 1 3 1 1 10 4 4 1
19 14 12 8 14 6 16 7 1 13 7 1 5 16 12 8 15 8 14 6
35 50 25 54 37 35 53 43 25 52 38 40 34 41 48 36 60 23 46 26
4 7 5 3 5 1 10 1 1 10 2 1 1 7 3 3 3 1 7 2
17 15 14 8 12 4 9 8 3 9 7 3 1 16 8 4 10 4 15 3
20 22 18 27 14 33 25 21 11 25 19 17 17 29 24 12 33 14 25 12
25 24 27 35 14 21 30 24 13 29 34 9 16 41 32 16 22 23 26 17
50 51 40 36 33 21 38 19 29 45 15 17 8 43 17 21 38 22 32 17
28 24 18 30 7 21 28 12 9 33 12 13 5 40 12 8 28 11 30 9
7 4 4 15 5 18 15 7 1 8 7 8 10 15 17 4 20 11 11 1
23 18 15 12 12 12 13 8 1 15 7 8 3 28 12 1 24 10 20 1
26 27 23 24 10 13 24 6 4 14 13 1 9 29 17 1 24 5 18 1
33 33 12 31 26 16 38 19 13 33 26 13 21 21 37 21 40 17 28 10
15 16 21 20 12 17 29 13 7 24 17 14 8 38 18 11 28 13 32 10
7 11 14 16 12 16 16 14 7 5 8 12 8 18 16 6 18 7 10 8
19 25 27 20 9 7 25 9 6 13 9 2 5 27 12 4 12 1 15 6
18 23 16 30 31 15 41 19 10 29 19 12 17 20 38 23 33 13 18 16
58 61 56 62 17 38 41 40 30 53 47 28 38 59 47 28 51 34 45 34
49 47 47 51 19 22 54 31 24 50 44 27 33 62 42 33 40 37 51 38
43 41 38 43 34 21 54 33 14 49 36 26 18 59 42 27 52 23 42 25
14 19 8 8 8 4 18 1 4 17 1 1 1 10 4 3 6 1 2 2
9 13 1 6 6 3 2 2 2 7 3 1 1 2 1 2 4 2 5 2
20 12 7 9 5 7 11 1 1 10 7 2 1 18 10 2 20 6 20 1
27 33 25 43 7 33 29 18 18 33 32 10 22 30 32 16 25 22 27 16
39 46 28 46 27 33 38 27 21 43 35 14 23 30 40 22 45 20 32 13
27 38 28 35 19 34 35 23 18 37 25 19 22 30 32 21 37 17 30 17
31 37 19 39 23 30 31 24 15 38 30 17 20 27 35 26 36 22 28 18
12 10 9 15 12 6 24 2 2 17 3 1 6 20 17 7 12 9 14 6
27 28 22 30 15 23 12 22 12 23 16 13 4 31 17 3 27 18 17 5
5 5 3 8 4 6 8 5 2 6 4 1 1 9 8 5 6 8 6 4
36 35 36 42 32 11 38 32 5 35 20 23 7 53 42 23 49 28 40 23
11 13 7 9 6 10 12 4 5 9 7 1 7 7 8 6 4 3 10 6
14 12 10 16 3 13 17 4 3 9 7 1 7 17 13 2 11 9 6 1
15 14 5 11 7 8 2 6 3 3 6 1 1 9 5 1 9 6 3 1
32 28 20 23 11 12 31 12 1 23 20 4 15 28 25 3 31 10 16 3
15 14 15 11 11 11 17 9 3 13 7 10 4 23 13 6 18 5 23 6
50 56 53 54 32 28 57 26 37 53 33 18 25 60 35 29 34 29 50 32
3 12 19 23 18 8 28 16 7 14 10 10 7 25 24 17 17 12 18 18
45 40 28 44 31 30 46 35 8 43 33 28 18 52 37 21 58 16 45 15
23 23 19 16 16 17 24 10 6 12 14 6 10 26 18 5 28 10 15 4
29 38 31 42 25 28 52 14 31 46 26 10 29 34 38 27 25 22 32 29
42 45 31 42 28 27 38 22 23 43 20 15 13 38 24 20 35 21 30 16
46 41 25 42 38 25 38 29 21 42 36 14 18 42 37 29 38 28 35 19
15 19 16 18 14 13 15 13 10 17 14 10 8 18 14 13 15 9 23 13
10 8 7 2 5 4 5 3 2 2 6 3 1 9 4 1 7 2 10 1
25 29 25 22 11 19 27 10 7 23 12 10 9 33 12 1 29 3 32 1
9 7 1 9 3 11 9 1 1 8 1 7 5 10 8 5 13 8 14 4
46 53 37 63 23 42 49 14 34 59 38 10 26 46 45 21 50 33 39 30
29 16 10 20 8 18 13 12 1 18 19 9 6 27 20 3 30 17 18 5
51 45 37 45 27 33 40 23 22 41 25 17 17 48 31 12 45 27 35 9
40 41 13 43 23 36 32 23 13 40 35 17 19 26 39 14 49 23 23 11
39 35 22 33 9 25 26 8 12 26 18 4 7 34 20 7 36 16 13 8
8 16 14 20 15 16 17 14 17 21 20 7 16 13 19 20 3 15 20 20
20 22 12 25 12 23 25 14 9 31 26 18 17 30 9 13 30 11 37 14
22 20 16 32 13 26 25 19 12 26 31 9 13 34 28 15 19 25 22 18
29 52 51 55 31 30 47 35 27 43 22 29 23 45 39 28 40 23 39 30
13 16 7 7 13 15 12 8 6 15 7 9 6 12 8 7 17 4 14 5
47 58 59 55 30 30 42 31 39 50 28 26 16 56 32 33 45 30 47 34
39 26 24 32 9 19 28 26 1 34 24 21 14 48 24 5 46 15 43 8
25 28 22 30 18 18 31 8 16 28 21 5 17 30 21 16 14 14 31 16
31 41 37 31 34 15 39 29 7 32 15 29 10 46 32 21 48 14 42 19
29 19 16 24 9 6 16 8 4 20 18 2 7 29 17 8 23 14 29 8
15 10 4 24 14 20 14 12 11 22 20 6 9 21 20 14 20 21 19 14
30 40 33 58 21 47 51 29 30 54 34 22 28 49 45 24 48 28 37 27
11 9 6 11 4 9 9 8 1 8 7 4 1 15 10 1 14 13 5 1
46 52 49 45 41 17 55 18 19 50 15 20 5 61 38 33 55 23 45 31
38 37 32 50 39 38 48 36 18 44 32 27 22 56 47 31 49 30 45 29
44 46 33 36 18 25 51 31 6 46 36 29 31 45 38 18 56 13 48 15
12 19 12 15 1 11 20 1 5 11 8 1 8 13 11 1 6 1 9 1
53 60 40 60 23 44 52 23 28 59 46 16 23 48 49 27 57 32 35 29
17 13 16 26 11 12 30 11 2 13 19 3 12 28 30 8 26 11 22 8
16 15 15 12 4 8 20 4 1 12 13 4 13 16 14 3 18 3 18 3
14 25 23 45 21 39 45 32 7 37 23 29 15 43 46 12 53 22 30 19
9 17 17 12 6 11 11 11 9 8 12 5 7 16 8 6 7 8 8 7
27 35 25 25 22 25 27 22 15 38 13 21 10 33 10 13 32 8 34 10
6 11 2 3 6 5 3 1 3 6 4 1 1 2 1 1 8 1 3 1
1 8 14 8 12 1 17 12 1 2 1 7 1 16 13 5 10 3 3 6
59 58 38 62 31 44 52 24 25 56 36 15 17 59 44 16 55 35 38 28
5 6 10 8 10 7 14 9 3 2 4 4 4 11 13 2 8 2 5 3
39 40 42 40 24 21 37 25 19 28 17 16 6 51 24 10 36 19 28 11
12 14 12 13 6 13 18 1 6 14 4 8 8 17 9 1 14 6 10 4
45 45 37 30 23 14 32 10 22 38 10 10 2 40 10 14 32 16 31 13
44 53 51 59 45 22 59 35 25 52 12 30 11 62 45 33 56 35 42 35
43 41 38 46 28 25 38 28 13 43 14 25 1 62 30 14 51 24 32 20
12 8 1 1 8 1 8 1 1 9 1 1 1 2 4 4 9 1 7 1
15 18 8 8 19 5 23 11 1 15 8 4 3 12 16 7 15 1 2 1
24 33 34 34 14 12 37 18 11 28 26 11 20 37 28 14 23 10 34 19
16 15 7 22 10 13 21 5 6 22 11 1 6 18 16 8 16 13 10 7
25 29 28 36 7 33 17 29 19 29 29 18 19 33 31 17 24 27 18 18
16 18 9 7 12 1 12 3 1 14 1 1 1 13 3 1 10 3 5 1
13 13 13 12 9 10 21 5 2 10 13 1 9 14 17 5 14 2 15 4
13 21 18 16 10 11 16 11 11 17 10 5 7 17 8 9 8 8 8 9
33 46 45 36 6 21 36 26 19 38 27 24 19 47 24 16 36 13 38 22
9 11 17 8 10 5 20 10 1 9 4 5 4 19 13 4 7 3 7 4
19 17 14 12 21 5 20 13 4 15 7 7 1 17 15 12 18 7 13 9
10 13 13 9 16 7 16 12 6 11 7 6 4 14 12 7 12 4 8 8
8 4 4 6 2 5 7 2 1 3 1 1 3 8 8 2 4 6 7 1
25 33 31 44 19 26 40 20 19 35 26 9 19 35 36 18 33 17 21 20
3 7 3 14 3 11 12 4 3 5 6 1 6 5 12 6 4 6 5 6
37 34 21 40 26 23 43 26 11 40 23 14 10 37 38 19 42 20 8 13
27 33 38 30 28 10 36 22 11 24 3 18 2 41 21 11 26 12 26 10
7 16 9 10 5 11 12 8 8 6 9 4 8 8 8 5 1 5 6 6
26 19 18 34 25 21 25 21 9 32 18 16 6 44 30 15 33 23 29 16
26 41 48 53 33 31 57 25 31 42 27 20 21 52 45 38 35 27 38 41
16 32 34 30 19 16 30 28 9 26 22 26 12 36 28 22 33 10 40 24
8 3 1 13 2 11 10 4 1 5 5 1 2 8 14 2 10 8 6 1
6 8 5 3 9 2 13 3 1 5 1 1 2 8 8 1 8 2 1 1
14 14 5 11 10 6 9 5 1 10 3 1 1 11 9 2 12 5 8 2
43 45 28 52 31 50 56 38 20 46 40 35 35 57 45 19 67 24 53 23
24 27 19 38 8 33 13 23 16 22 23 16 16 26 27 9 29 22 20 11
30 36 31 41 4 18 36 22 14 32 38 18 32 35 34 25 27 26 40 29
15 20 17 14 12 9 14 11 7 13 9 4 6 17 9 7 10 5 13 7
43 56 55 58 40 33 66 41 28 60 23 43 14 75 36 33 59 26 61 33
17 20 14 22 19 14 22 12 11 19 14 8 12 21 19 14 18 12 23 14
21 20 15 28 1 31 15 20 7 22 24 17 12 29 20 8 29 15 29 8
11 15 9 7 8 6 15 6 4 12 5 1 4 12 8 6 4 5 10 5
12 13 6 11 7 10 3 6 6 8 8 2 4 8 4 5 9 7 5 5
47 34 12 43 38 34 45 43 14 54 41 37 23 54 40 29 59 34 44 19
48 51 40 49 43 37 66 40 29 61 41 35 30 61 41 38 48 24 48 32
32 33 25 38 21 29 25 19 21 39 28 16 17 42 23 22 25 25 39 22
3 9 1 4 1 6 5 1 2 1 3 1 3 1 2 1 1 1 1 1
27 37 36 31 11 25 26 22 19 35 20 22 13 41 12 12 31 9 38 14
9 19 17 21 16 17 24 15 6 15 9 13 10 19 20 12 23 5 15 13
4 14 8 18 1 25 23 11 4 16 11 12 14 20 10 1 21 1 18 1
24 28 22 17 23 16 34 17 4 25 13 15 7 29 22 14 32 3 21 9
13 14 13 8 9 5 13 7 2 7 6 1 2 15 9 2 8 1 12 3
16 19 12 9 6 5 6 2 5 10 7 1 2 13 1 1 6 3 12 2
4 6 3 4 7 2 10 3 1 9 4 1 1 6 6 6 3 3 8 5
23 18 10 28 26 23 35 22 3 30 18 16 10 29 36 18 42 15 20 11
12 13 16 11 7 13 20 7 1 10 6 7 7 24 14 1 18 7 14 1
22 14 9 22 25 19 26 17 8 28 19 8 9 28 29 18 29 20 22 12
9 8 4 6 2 4 7 2 1 6 2 1 1 9 5 4 7 7 10 3
10 27 32 34 17 18 35 24 5 16 16 14 10 35 32 14 32 14 18 15
12 8 7 6 9 5 9 4 1 7 5 1 5 10 7 1 11 7 9 1
25 22 19 21 2 17 24 7 5 20 9 12 7 35 9 1 26 8 25 3
19 22 10 24 12 15 16 4 7 18 9 1 9 13 13 8 17 6 15 7
27 30 31 34 22 9 35 12 16 31 6 7 3 39 23 19 26 16 20 21
28 45 33 56 27 50 51 36 27 56 45 32 32 40 57 29 59 30 40 29
18 29 27 21 20 20 21 22 12 17 17 20 13 24 22 17 28 7 23 16
27 25 17 20 23 12 27 9 10 25 19 5 13 26 21 17 21 11 32 14
36 51 46 60 26 42 66 41 19 50 41 39 37 63 46 24 59 21 56 30
15 20 17 13 8 14 12 10 11 13 18 7 12 12 10 11 11 6 17 11
6 11 10 15 4 10 21 2 5 13 7 1 7 13 11 6 5 1 11 6
51 43 40 53 25 30 44 40 6 37 37 36 23 64 50 14 62 30 42 24
27 30 16 19 22 12 22 10 9 23 5 5 2 22 11 4 22 10 13 1
33 44 25 32 17 27 35 9 16 42 21 13 15 28 20 9 41 3 33 5
22 34 32 35 10 29 43 22 12 28 21 21 19 41 21 8 36 1 31 11
11 12 16 11 11 10 20 9 3 12 2 10 1 26 11 1 18 5 10 2
18 25 18 17 5 10 14 3 11 20 5 6 2 23 2 3 13 2 19 5
9 10 11 16 10 13 11 15 7 7 11 5 5 15 13 7 12 10 5 8
54 52 19 52 34 29 43 30 17 57 38 21 16 46 38 21 44 34 25 27
42 40 32 33 27 7 49 30 8 43 38 20 25 42 41 30 39 25 38 25
40 38 39 40 23 21 38 21 21 33 15 13 4 47 22 13 34 19 30 14
8 16 11 19 8 9 18 5 12 19 14 2 9 16 9 14 3 12 14 14
42 52 56 59 46 16 65 35 26 50 24 30 22 67 48 35 50 34 54 37
36 27 30 38 23 19 40 23 11 36 28 12 13 51 37 15 32 24 28 18
9 14 14 8 9 4 17 9 4 12 4 5 1 16 9 5 10 6 9 4
37 51 53 53 27 37 50 33 32 47 21 33 17 56 31 27 48 22 46 28
39 45 45 52 42 25 53 25 30 50 17 24 14 61 39 35 41 31 44 37
32 38 27 37 26 20 44 15 13 40 20 8 17 28 36 15 38 12 26 11
13 8 6 9 5 10 10 3 1 7 4 5 4 13 10 5 12 7 17 4
13 13 16 25 11 23 17 18 8 7 16 9 13 19 24 6 22 12 8 8
15 17 13 15 8 5 18 6 4 18 6 1 1 19 10 9 9 10 16 8
45 59 31 55 43 34 58 29 36 60 44 24 38 39 46 38 42 27 47 28
41 39 22 41 14 28 25 21 15 34 24 14 11 38 23 8 31 24 13 18
46 36 32 47 32 43 44 37 13 44 25 34 12 61 37 12 60 29 42 15
26 42 25 42 26 33 34 19 29 43 29 17 29 25 30 27 29 22 38 25
13 13 10 12 10 7 19 1 5 18 9 1 8 14 12 11 6 10 15 10
23 20 11 10 8 9 17 1 1 19 7 5 2 23 9 5 24 5 25 2
11 13 11 9 5 11 15 4 5 7 10 1 8 13 10 4 8 4 11 1
42 49 44 60 36 24 44 46 14 46 40 33 19 60 53 30 51 38 45 39
45 49 30 44 49 25 53 36 28 56 30 32 17 53 36 34 47 28 49 22
10 25 28 30 18 23 28 25 22 29 25 20 20 30 29 27 15 20 29 28
52 46 41 47 10 29 43 24 15 50 34 26 14 64 36 19 55 33 41 26
24 30 28 46 25 36 39 28 17 35 29 21 22 45 41 23 41 22 38 24
16 18 22 24 11 8 33 12 5 19 21 7 15 31 27 9 22 12 27 13
4 11 6 7 2 2 9 1 2 9 2 1 1 7 1 2 3 1 4 2
46 45 39 45 26 30 37 14 30 38 15 10 7 47 24 16 35 27 26 18
30 31 39 50 33 15 51 32 16 43 18 20 10 58 47 31 38 34 29 33
30 20 13 30 13 32 30 25 3 35 25 23 10 45 26 9 36 23 31 12
17 20 13 12 10 12 12 4 8 20 5 11 1 20 4 6 17 5 24 5
37 42 33 40 26 27 33 29 19 42 37 20 19 44 36 29 42 25 39 24
26 26 7 22 18 7 27 9 6 28 17 5 7 19 19 17 18 13 13 6
20 25 28 36 31 26 45 24 13 31 25 23 20 44 38 24 39 19 41 24
4 6 1 2 1 3 6 1 1 1 1 1 2 1 3 1 1 1 1 1
18 29 22 25 25 14 22 21 9 17 10 17 8 24 20 16 29 10 18 15
23 29 17 14 12 8 16 8 9 17 11 3 5 16 5 7 12 4 9 5
21 24 28 33 19 12 41 14 10 23 14 9 12 39 30 17 22 14 24 19
14 20 13 19 4 11 6 6 10 14 9 4 6 12 6 9 10 8 17 9
13 18 16 25 25 11 32 16 10 21 13 9 12 26 27 19 15 15 20 19
45 44 21 51 27 52 39 32 26 43 31 35 29 48 26 14 56 27 50 15
11 9 7 1 12 1 9 7 1 9 1 1 1 8 8 5 7 5 7 4
21 16 23 27 21 19 32 20 9 28 18 16 8 45 27 17 30 20 29 17
1 5 4 3 1 5 9 1 1 3 2 1 2 5 4 1 1 1 1 1
28 32 26 27 13 22 32 19 7 29 23 17 17 35 24 11 35 11 35 14
34 33 25 29 17 6 30 12 6 32 24 5 13 38 23 12 28 16 34 14
28 28 33 32 13 13 36 22 4 17 20 12 12 42 31 5 30 12 18 10
41 50 51 51 27 25 36 39 29 46 46 29 36 51 44 35 38 30 54 40
51 52 42 52 24 32 52 35 12 45 36 26 22 60 46 15 62 20 35 19
13 26 28 35 26 16 36 24 13 25 17 16 13 34 32 25 22 20 21 26
7 7 6 9 8 3 13 7 1 9 4 1 1 11 11 8 7 9 11 7
44 43 25 39 11 35 28 26 13 43 32 24 13 46 18 10 45 19 30 12
37 41 28 43 29 24 45 29 6 38 21 20 6 45 41 17 50 19 20 16
15 16 9 9 4 12 15 2 1 17 1 8 4 18 5 1 14 2 17 1
12 15 12 8 7 7 8 6 5 5 9 1 3 13 5 2 8 5 6 3
27 21 18 24 18 14 28 12 11 23 24 6 17 30 26 17 20 20 31 16
39 36 24 42 31 31 48 26 13 43 40 12 21 43 49 20 45 27 29 17
54 61 47 56 45 30 63 36 28 57 43 25 32 54 45 32 46 25 48 26
30 23 11 35 16 21 25 15 8 34 21 10 10 33 28 13 22 27 19 16
6 4 4 8 5 1 9 4 1 5 1 1 1 10 8 2 6 4 7 2
7 10 10 7 6 10 11 7 6 6 8 4 6 10 7 6 5 1 11 6
25 16 14 17 8 15 17 16 1 16 18 7 3 30 21 4 23 18 14 6
7 7 3 7 1 6 6 3 1 7 4 1 1 9 5 4 8 9 5 3
14 31 24 30 7 34 31 8 17 33 27 15 22 22 23 10 36 11 35 15
18 16 10 12 14 6 12 7 4 14 9 1 1 15 11 8 12 9 16 7
27 32 20 34 13 25 30 11 14 29 33 3 23 20 30 15 33 13 26 12
25 35 25 45 27 43 37 29 29 40 35 25 34 35 42 31 32 31 41 31
25 24 31 25 13 7 39 14 3 25 14 12 12 37 25 7 29 6 26 13
14 30 32 29 18 16 41 17 9 22 15 12 13 30 31 14 26 7 24 14
26 22 17 27 7 20 22 12 2 20 19 2 8 31 26 1 31 13 20 1
25 27 16 27 26 19 35 14 12 42 8 16 8 36 14 14 31 15 36 9
34 27 20 36 15 22 26 12 12 31 15 7 4 36 20 8 27 21 27 5
8 11 5 7 1 1 7 1 1 8 5 1 1 11 2 3 2 4 12 2
17 13 15 12 14 4 13 8 3 7 3 3 4 17 12 1 12 4 12 2
46 56 55 67 30 41 53 39 33 51 46 30 38 63 54 33 48 32 55 36
28 28 30 20 15 11 27 16 5 24 15 17 9 41 17 3 34 7 35 6
19 24 21 17 10 5 23 6 10 15 2 1 1 23 10 3 13 3 6 7
19 23 14 14 7 1 14 1 7 17 1 1 1 17 1 1 11 1 8 2
1 9 2 4 1 5 7 1 1 1 2 1 2 2 3 1 1 1 1 1
12 25 17 21 1 12 18 6 14 21 10 4 9 10 8 12 4 6 9 14
31 33 29 27 25 14 35 28 1 27 17 24 7 45 28 13 49 12 34 12
17 22 12 15 10 4 19 3 6 20 4 1 1 16 6 7 10 5 5 7
11 16 7 19 8 9 14 4 9 16 12 1 8 13 11 12 7 12 17 12
12 14 14 10 17 4 21 9 1 12 1 8 1 21 12 4 21 4 4 3
33 44 44 59 22 36 43 32 26 39 42 20 32 45 50 24 46 25 45 26
16 15 15 14 8 15 17 11 5 11 11 5 5 24 15 5 17 11 15 5
24 19 14 24 14 20 20 13 4 16 14 6 8 25 22 7 29 11 20 7
37 47 34 36 16 36 27 27 22 41 25 31 19 42 12 12 42 16 46 11
62 53 53 55 28 29 50 23 28 54 28 19 11 67 38 22 53 35 45 24
47 64 51 60 31 36 61 31 29 62 46 26 37 52 48 26 58 24 58 26
28 39 35 46 34 28 54 24 30 45 27 14 26 38 39 33 29 22 24 33
38 31 19 33 24 21 30 22 6 36 31 12 8 45 32 13 41 22 31 13
1 9 12 13 10 13 25 10 5 12 8 5 12 13 20 6 13 4 9 6
14 24 14 26 17 18 32 9 15 27 18 2 18 19 22 15 10 11 16 15
35 48 44 44 26 27 28 29 27 38 20 25 20 41 29 23 37 19 31 25
6 9 6 7 5 9 6 5 5 1 6 4 4 8 4 2 8 4 6 3
27 21 17 30 5 17 23 6 11 28 14 2 1 32 20 11 22 20 14 13
24 33 26 17 15 15 18 18 13 20 22 10 14 19 18 15 20 8 21 12
8 13 10 5 7 4 13 6 3 8 4 1 1 12 6 1 3 1 4 1
18 20 21 15 1 2 23 9 1 16 16 7 13 24 15 4 16 8 20 7
21 23 23 25 36 14 37 23 14 28 19 17 14 32 32 28 24 18 29 25
25 32 24 36 11 27 39 10 15 36 26 11 22 38 23 14 25 12 42 14
44 45 41 50 7 31 30 38 17 46 50 32 30 48 42 27 46 38 43 33
19 15 13 27 12 21 20 16 5 12 15 5 10 22 26 4 26 11 12 5
6 14 12 18 4 18 11 14 9 10 13 5 10 12 16 8 10 12 7 8
18 20 16 27 13 28 40 16 11 34 23 18 23 37 24 16 27 14 40 15
2 7 5 3 4 4 3 5 3 1 4 1 1 3 1 1 1 1 1 1
15 26 27 20 14 14 17 17 10 15 13 13 9 24 16 11 18 4 21 12
12 9 11 9 6 3 15 1 4 12 13 1 7 14 11 10 8 7 20 9
42 46 41 50 46 33 63 33 33 52 34 25 34 50 48 39 38 33 36 38
40 49 29 39 24 20 35 28 21 43 40 20 26 35 37 33 34 25 37 22
13 16 14 13 8 6 19 5 3 15 1 1 6 17 11 4 8 1 13 3
7 10 5 5 7 11 9 1 5 11 6 8 4 10 5 4 12 4 11 1
52 60 49 56 36 26 56 38 16 47 35 25 23 55 46 24 59 19 38 22
10 15 21 21 14 13 33 11 6 20 8 12 6 32 21 11 19 5 21 12
39 38 17 31 29 10 32 19 14 34 32 12 16 31 28 26 34 20 34 15
27 43 38 46 17 27 35 23 27 39 23 17 23 33 31 23 29 16 27 26
7 11 10 11 4 12 19 2 4 11 8 1 11 10 13 2 10 1 10 1
23 26 20 30 21 28 36 23 15 37 24 20 20 42 20 17 23 15 43 18
6 13 11 21 7 20 17 14 10 20 14 12 9 24 15 13 16 13 26 13
27 40 23 44 30 45 55 30 26 55 40 28 37 37 37 30 40 19 43 24
35 45 25 57 9 61 36 35 26 48 48 36 39 43 40 14 56 30 49 22
5 5 5 1 1 1 4 1 1 5 1 1 1 8 1 1 4 1 11 1
26 24 10 16 18 5 21 8 4 20 19 1 3 19 16 14 21 10 19 7
40 48 46 54 28 29 59 21 21 51 37 21 34 52 50 17 54 24 55 26
8 9 8 9 1 8 6 3 5 6 8 1 3 11 5 4 9 8 10 4
5 2 7 9 8 7 12 6 1 1 2 1 2 12 12 1 9 5 3 1
21 18 21 27 16 11 32 11 6 21 9 8 6 36 24 11 22 12 21 13
23 41 40 47 35 32 51 36 18 43 27 33 23 53 41 33 43 26 49 34
27 31 26 22 13 12 16 11 12 18 17 6 9 27 9 7 20 8 24 7
20 15 12 7 7 1 12 4 1 10 10 1 4 15 8 1 17 3 12 1
22 29 13 23 14 17 22 9 9 24 14 5 13 13 15 15 20 9 15 11
23 24 18 20 20 17 20 10 9 18 6 11 7 27 15 1 27 9 20 1
14 21 16 16 4 13 20 5 7 10 11 1 10 15 11 2 6 1 9 2
5 7 1 4 1 3 5 1 1 2 1 1 1 5 1 1 5 1 6 1
10 9 12 14 7 9 18 10 3 14 8 1 1 20 15 7 12 12 9 6
28 23 20 19 11 5 26 12 1 25 20 13 15 25 20 13 30 13 31 14
40 34 20 42 29 35 39 25 19 48 34 19 17 46 37 23 34 33 29 24
17 22 19 17 22 6 26 14 1 16 1 11 3 25 19 11 24 7 15 9
8 16 8 18 3 22 15 13 7 19 10 15 11 16 8 8 16 2 24 8
35 44 42 52 18 36 43 21 35 42 33 11 25 46 41 34 29 33 37 36
22 17 5 13 10 13 7 6 4 12 9 5 2 16 8 4 20 10 14 2
44 44 32 42 14 32 18 30 21 40 42 22 24 36 33 26 39 31 36 25
12 12 7 1 2 2 5 1 1 2 7 1 1 8 1 1 4 1 8 1
19 19 14 19 10 9 18 4 6 17 1 3 5 20 10 3 12 8 13 2
57 55 38 53 39 17 56 47 14 54 43 38 20 66 52 31 66 32 41 26
25 35 35 29 4 14 42 10 12 27 22 4 21 31 27 2 28 4 24 9
53 62 47 55 35 34 55 29 33 58 41 23 32 49 37 31 40 25 52 28
49 53 47 57 22 43 31 39 33 52 37 31 19 58 37 25 47 38 43 29
20 23 15 20 3 8 13 2 9 19 4 4 1 23 4 5 17 8 14 6
40 63 50 54 43 33 46 45 24 51 35 41 27 49 50 42 61 27 49 34
17 22 22 30 16 21 19 18 16 23 23 13 14 31 23 19 19 19 33 20
21 16 18 17 3 10 15 10 3 11 14 1 1 29 12 1 15 10 6 1
20 34 32 39 14 29 48 7 26 38 30 10 26 34 34 14 30 18 37 22
15 15 13 8 18 5 19 10 4 16 9 4 1 15 13 10 15 4 12 7
25 34 32 43 22 24 41 20 16 28 11 13 10 37 29 11 33 14 25 10
20 21 21 10 8 3 20 7 5 12 8 1 1 24 8 1 9 5 13 3
24 31 29 33 28 18 38 16 9 29 12 18 8 41 26 13 40 12 38 13
46 54 45 50 34 24 60 38 19 50 47 26 38 49 51 36 43 25 46 35
41 36 33 43 28 32 27 35 19 30 27 24 6 47 30 13 41 29 28 16
34 44 37 39 16 27 36 10 23 32 19 8 17 38 23 8 38 9 26 11
31 32 27 32 28 23 32 17 25 37 21 19 16 37 20 23 20 24 43 21
4 7 5 5 3 9 9 4 2 2 3 1 4 6 7 2 5 1 9 2
38 42 41 36 21 7 47 29 1 42 18 29 13 55 31 19 51 15 46 21
27 23 16 12 10 2 12 5 2 14 11 3 7 18 9 1 19 4 20 2
38 30 31 34 21 15 40 20 14 37 28 7 17 47 33 16 25 23 30 19
6 2 1 1 2 1 3 1 1 6 1 1 1 2 1 2 2 1 7 1
21 20 17 16 11 4 17 4 8 19 11 4 4 23 8 9 14 7 28 8
11 10 3 7 6 5 6 3 1 4 3 3 1 8 5 1 10 8 6 1
52 56 38 49 28 17 59 18 21 58 36 14 28 47 41 27 44 17 45 23
6 12 8 15 4 16 20 4 4 14 7 7 11 15 14 5 17 8 12 4
22 36 30 50 30 28 55 33 9 43 19 32 20 55 36 24 45 21 46 27
27 27 13 23 27 10 36 14 9 34 17 7 13 23 26 23 16 15 21 14
61 63 40 61 34 39 44 41 35 65 45 29 22 54 50 43 50 44 35 37
20 20 23 15 18 3 25 15 1 10 9 9 7 25 21 8 21 2 19 8
14 15 9 5 9 12 16 3 2 21 4 9 3 17 4 6 17 2 17 3
4 9 10 8 7 10 9 9 6 2 7 2 7 6 9 3 2 2 2 4
13 13 9 4 2 1 10 1 2 11 1 1 1 11 1 1 2 1 2 1
17 10 1 10 4 7 1 3 1 8 5 1 1 8 5 1 15 9 3 1
12 28 34 38 19 28 48 26 6 30 16 27 17 45 37 11 50 14 37 15
9 10 8 6 9 5 13 7 2 5 3 2 3 11 10 2 4 3 7 1
36 25 15 24 13 18 12 12 5 23 18 8 6 29 18 5 31 18 22 5
19 21 14 10 7 3 13 1 1 10 5 1 1 18 4 1 10 2 10 1
32 25 22 23 14 7 16 14 1 16 16 6 4 33 18 1 33 8 23 2
18 21 15 18 9 11 18 1 8 24 15 8 6 27 9 12 16 11 31 11
37 39 32 53 28 43 46 36 23 40 47 22 30 50 51 25 34 37 34 31
18 17 7 12 14 10 14 8 4 12 6 1 5 14 13 5 14 10 8 1
27 33 20 34 15 34 36 22 12 34 20 23 21 40 15 8 35 9 38 10
29 31 19 51 30 38 39 32 18 36 36 18 24 37 48 21 37 30 22 27
2 3 9 2 7 1 14 5 1 2 1 2 1 12 8 1 6 1 2 1
45 41 19 38 26 25 34 28 11 47 22 22 4 48 25 12 50 19 22 6
1 3 1 2 1 3 2 1 1 1 1 1 1 1 1 1 4 1 5 1
28 39 27 23 8 13 16 8 17 29 14 9 8 22 6 14 20 7 21 14
10 15 20 20 13 5 23 16 2 11 3 8 1 28 18 6 17 10 4 8
10 21 12 27 12 24 19 12 14 25 19 11 19 16 23 17 18 13 27 17
27 36 28 26 21 16 19 19 18 31 20 13 11 24 18 19 25 11 31 16
41 49 41 52 21 32 31 21 37 49 31 16 25 45 34 35 32 33 40 37
39 48 36 33 17 23 38 10 23 37 23 5 16 30 23 23 29 12 24 21
22 31 23 33 18 21 30 14 22 32 23 10 21 28 22 23 9 18 30 23
6 4 8 8 6 12 16 6 1 10 4 8 8 14 13 7 12 4 17 6
4 6 2 5 2 6 9 1 1 2 2 1 4 4 6 1 5 3 4 1
26 41 30 45 40 21 46 28 17 39 21 18 17 36 38 30 36 19 30 25
11 13 10 5 4 1 16 1 2 13 1 1 1 12 4 2 1 1 5 3
34 27 24 28 19 21 23 18 12 25 15 9 4 36 19 7 28 19 26 5
19 27 28 39 15 21 36 24 5 23 18 12 9 37 36 14 31 17 20 15
25 42 35 48 22 40 38 23 33 47 39 17 38 31 43 31 33 28 37 31
47 46 30 49 19 32 45 36 10 50 47 28 29 48 48 26 54 28 44 23
39 37 40 46 29 27 45 32 17 43 33 26 19 64 40 22 45 27 52 25
12 10 4 5 11 1 8 1 1 14 1 1 1 4 5 9 10 6 9 6
53 68 62 58 43 31 51 42 38 59 39 33 28 60 43 40 50 29 53 38
8 6 4 10 4 9 12 1 2 8 5 2 9 6 10 4 12 5 11 3
54 56 48 61 27 44 36 34 39 58 41 26 22 57 47 38 47 45 41 42
44 39 14 36 39 9 42 25 18 43 30 18 21 40 38 32 38 28 36 20
34 45 47 62 44 24 68 33 29 52 22 23 22 60 59 42 48 40 38 44
13 28 30 27 13 21 28 22 18 29 17 21 12 30 20 19 21 11 25 22
14 20 21 26 19 16 29 17 5 15 12 15 10 26 27 15 25 7 26 16
5 12 8 17 11 11 16 7 13 17 16 4 11 12 11 16 6 13 17 16
23 11 1 19 5 17 8 10 1 9 12 5 2 18 18 1 20 15 6 1
9 20 14 24 11 25 18 14 17 30 20 16 18 21 19 20 19 17 29 20
59 58 46 60 35 48 37 47 27 57 47 39 26 61 50 28 66 38 52 30
38 42 24 30 34 10 44 27 16 40 37 19 21 40 34 28 38 16 38 19
37 52 36 39 20 33 44 11 23 46 29 17 22 31 28 11 49 13 48 11
32 44 52 50 31 28 56 24 21 36 18 25 11 62 44 27 54 27 37 31
46 38 8 37 24 29 28 34 8 43 33 29 13 44 25 15 51 22 32 6
26 37 34 41 23 28 21 35 23 29 27 26 21 33 35 30 32 26 29 31
36 44 24 43 14 43 41 38 21 41 43 40 41 44 31 21 46 20 53 27
59 66 53 52 44 21 58 34 29 51 27 26 13 58 35 30 57 21 39 20
21 23 9 18 11 19 21 12 4 31 6 19 6 27 1 2 27 4 32 3
20 19 6 5 9 1 2 1 1 11 5 1 1 7 1 2 12 1 12 1
22 22 12 27 23 17 37 11 11 33 18 4 16 24 28 20 18 18 16 14
50 54 38 55 14 40 36 27 25 48 38 18 23 47 40 21 44 30 29 27
20 19 17 12 9 5 20 7 1 14 12 1 6 22 15 2 20 4 17 3
39 42 26 21 16 14 31 17 8 34 25 19 12 33 16 10 36 7 30 8
15 22 24 18 5 12 22 9 10 14 14 3 9 23 11 7 9 6 13 8
28 45 46 45 33 22 34 35 22 35 20 29 11 43 30 29 37 26 42 28
25 46 41 52 22 32 52 34 12 44 27 33 23 53 37 24 49 17 49 25
27 40 37 42 10 30 35 18 26 37 29 11 24 32 32 21 32 19 27 23
45 42 28 39 21 27 31 26 8 33 30 14 13 45 30 5 39 21 21 11
14 13 8 7 4 4 5 1 3 9 6 1 1 9 3 5 5 1 15 4
11 22 17 14 15 13 20 14 11 22 13 7 10 12 14 15 12 8 12 13
17 22 25 33 10 31 33 24 14 32 20 22 17 37 21 14 26 14 30 15
13 14 10 17 10 9 20 4 8 19 11 5 7 21 14 13 11 15 20 12
10 19 14 27 2 33 17 17 12 22 20 15 17 21 22 12 25 17 19 12
28 16 7 21 9 25 14 18 1 25 16 18 4 34 17 3 33 18 24 5
27 31 30 47 27 32 46 28 13 35 31 21 18 52 48 23 41 28 40 23
31 42 35 45 31 32 44 27 34 46 32 19 30 38 36 34 23 31 31 35
29 24 8 34 14 26 22 18 7 28 30 11 12 33 28 10 22 28 22 19
41 50 38 35 31 8 49 31 9 37 27 24 14 44 34 23 44 11 33 18
14 14 14 17 8 15 12 14 9 11 14 5 7 18 13 10 11 12 11 10
46 46 23 52 20 53 45 36 19 51 43 33 31 53 35 18 55 28 45 21
39 49 32 47 37 18 51 27 27 50 28 16 22 40 37 34 32 19 28 26
31 34 18 32 26 21 30 18 19 35 26 9 17 29 25 26 20 24 27 22
49 49 40 56 15 28 47 30 18 48 47 20 37 51 44 28 39 34 45 32
52 61 49 56 29 35 51 30 30 51 35 19 24 48 46 35 52 26 35 31
8 6 6 3 2 4 9 1 1 6 2 2 3 8 4 3 6 3 11 2
43 42 28 51 22 38 42 32 15 41 48 20 31 43 49 14 47 30 34 25
24 37 32 34 18 29 19 29 26 32 28 25 24 29 28 28 28 25 35 28
23 36 30 28 13 26 26 19 16 25 26 13 22 25 27 15 33 13 23 12
27 24 17 30 26 25 31 19 17 33 25 10 17 33 30 22 22 27 26 20
25 37 30 52 25 42 46 33 22 44 34 32 33 48 36 24 45 21 50 27
34 27 16 26 23 24 37 20 7 39 25 17 12 41 26 19 39 19 36 12
39 41 29 48 8 42 24 27 21 47 29 26 19 43 30 19 41 27 34 23
27 24 14 19 27 8 31 14 8 31 25 12 11 29 23 23 30 16 30 12
27 27 19 39 11 27 30 12 14 30 29 4 19 33 29 15 24 22 28 15
1 2 1 10 1 6 10 1 2 7 5 1 4 3 8 6 2 6 7 5
