1000 20 11 1123
3 1 2 8 0 1 3 2 2 4 5
15 4 8 2 6 7 2 2 3 1 3
5 3 14 8 12 12 4 7 4 1 13
4 0 8 9 8 0 4 5 1 2 6
0 3 3 1 11 2 2 12 4 1 5
3 19 1 7 7 12 5 16 8 14 1
10 0 2 5 13 5 13 14 7 13 1
7 16 14 4 4 15 5 2 16 4 3
2 4 4 2 1 1 4 8 3 4 1
0 11 5 5 11 17 5 9 13 11 1
22 6 21 10 2 2 13 4 17 2 7
5 0 5 8 10 7 0 5 9 9 12
7 4 11 3 12 12 1 13 3 19 13
3 9 5 0 3 2 1 4 4 5 1
8 0 0 0 8 3 5 3 5 3 2
4 21 7 1 5 10 11 8 15 15 0
7 6 11 7 4 8 2 10 13 8 8
3 19 14 20 4 10 2 9 5 4 5
11 3 1 5 24 7 18 3 5 7 7
1 6 1 9 14 18 6 19 1 2 4
7 0 6 11 8 0 2 1 6 7 5
9 6 0 14 21 1 3 7 1 1 17
10 1 4 1 1 4 9 10 1 8 3
1 4 2 2 2 0 1 3 7 6 2
3 10 2 3 0 2 5 1 3 4 11
8 0 3 1 3 6 4 7 1 0 13
0 3 3 0 13 9 6 8 1 4 8
3 11 8 24 10 9 4 3 6 4 7
2 4 1 7 4 2 3 7 4 3 4
6 7 13 1 6 4 13 13 6 17 8
11 20 7 16 3 6 0 1 4 5 2
2 3 3 2 8 7 2 7 2 1 6
8 4 3 5 3 6 8 2 6 21 1
4 18 0 4 4 9 13 1 1 15 4
2 0 5 7 0 2 7 5 2 6 8
8 10 17 2 5 14 2 15 1 6 1
6 4 6 10 4 9 3 23 5 5 15
6 9 11 15 2 0 3 5 16 3 3
14 3 13 5 1 11 6 10 14 13 16
9 1 26 8 6 18 8 8 9 4 8
7 0 5 5 5 2 10 1 3 1 7
8 19 4 1 5 8 3 8 5 15 20
2 6 3 17 3 0 3 2 7 6 1
16 11 9 12 17 9 1 3 18 11 3
9 1 16 10 0 1 16 4 2 7 14
13 1 3 5 9 20 8 4 11 12 4
2 6 1 14 4 4 4 10 13 12 3
3 7 2 4 3 3 2 1 3 0 3
11 23 10 14 1 3 9 13 9 8 0
3 9 24 10 9 13 20 7 3 1 6
6 1 11 2 1 9 1 1 4 11 10
7 5 2 0 1 0 3 1 1 4 0
6 1 11 1 3 5 5 4 4 8 3
1 5 5 6 1 0 2 1 3 2 0
4 4 3 10 7 8 2 2 1 5 6
3 5 7 7 0 0 13 3 12 4 16
11 7 8 0 2 8 4 12 4 5 7
6 2 1 2 1 4 4 4 8 6 1
20 11 5 2 7 1 8 6 12 14 18
8 6 8 3 2 1 5 6 1 6 0
1 8 6 13 6 19 1 3 1 0 8
4 1 27 5 2 8 5 11 11 6 1
2 13 17 5 5 1 6 3 15 8 2
17 12 5 2 9 10 6 2 16 3 5
10 3 5 3 3 6 10 6 7 9 3
4 3 8 10 3 16 23 10 7 9 11
17 5 11 13 7 7 7 8 8 20 17
27 4 2 4 2 6 3 5 9 7 7
2 6 16 2 12 2 8 9 2 8 24
2 0 2 4 7 5 19 18 11 7 1
3 4 4 3 2 1 1 6 2 3 5
4 10 7 9 1 12 10 20 13 12 16
2 7 18 2 11 10 1 20 0 12 6
1 6 4 0 1 0 6 0 6 4 0
1 5 3 1 3 6 3 3 1 6 3
18 2 1 6 8 12 3 7 5 1 3
3 1 4 9 6 3 6 7 6 5 5
12 11 5 2 2 3 15 5 3 8 14
5 6 17 1 4 13 7 11 4 4 2
0 7 3 0 1 3 3 5 4 0 2
0 14 2 9 10 7 3 2 2 9 3
20 18 6 2 17 5 4 17 10 6 11
3 2 2 5 0 4 11 5 4 5 1
2 4 2 7 4 0 2 2 7 1 9
0 6 6 7 6 1 5 5 5 4 1
10 13 8 2 2 5 7 1 14 3 5
2 1 14 4 8 3 4 8 10 0 6
3 17 6 15 3 2 18 1 12 15 18
14 5 2 8 5 6 6 0 1 8 3
11 9 9 0 9 16 1 14 10 2 8
7 15 3 8 16 5 1 5 7 7 2
5 4 9 5 1 2 14 7 6 16 24
3 4 3 6 7 2 1 4 3 5 8
9 4 5 2 4 3 6 4 1 1 2
1 9 2 1 1 1 5 2 3 2 2
6 10 2 18 5 3 16 13 2 11 22
26 11 5 8 4 5 5 12 5 6 1
3 0 0 5 7 12 12 4 3 6 4
4 6 8 4 7 3 0 2 8 2 2
2 4 3 0 4 3 3 3 0 3 3
1 2 2 7 4 3 3 13 5 1 3
1 6 11 4 2 5 12 11 3 14 13
2 3 0 1 6 3 7 0 1 3 0
5 9 14 15 15 21 8 3 11 12 5
1 19 15 1 7 1 1 10 15 0 5
9 6 19 11 1 16 9 9 8 13 2
8 11 1 3 5 3 10 6 9 10 1
2 6 3 6 6 2 3 5 2 6 7
1 5 0 2 2 1 9 4 0 3 4
7 4 5 0 15 21 2 3 4 6 6
4 13 15 3 10 7 6 0 3 16 23
11 3 15 4 9 8 5 1 8 8 2
9 3 4 3 6 3 9 6 5 5 25
1 4 3 13 6 14 3 0 5 15 4
1 20 4 7 11 13 5 0 2 19 2
1 3 3 9 3 3 5 2 7 1 2
3 3 4 3 1 0 0 9 0 3 3
2 1 1 16 3 12 16 15 9 8 3
3 5 8 2 11 0 2 16 6 1 7
9 4 7 1 2 4 3 8 3 2 0
9 5 4 1 0 3 7 1 8 8 7
6 7 3 20 11 12 4 0 7 16 22
3 9 4 1 18 5 3 4 3 4 2
11 6 9 17 6 3 20 4 11 13 8
6 3 10 2 8 1 3 3 5 21 7
4 5 3 7 1 5 8 2 4 3 6
8 13 15 6 14 11 3 4 9 0 15
2 9 7 7 7 12 18 5 1 5 3
10 10 16 5 3 15 5 2 3 3 5
6 22 6 20 14 7 1 14 2 7 0
18 8 21 2 2 1 18 2 1 10 4
24 6 4 8 4 2 5 9 1 8 1
1 6 2 0 3 1 9 1 0 5 5
1 5 11 4 7 7 6 6 10 1 18
1 4 1 0 11 11 2 0 0 3 12
1 10 2 13 1 18 19 9 3 3 4
4 8 3 7 0 2 4 1 3 3 7
3 4 3 2 4 2 5 2 2 1 2
3 8 5 3 2 1 7 6 3 4 3
1 4 3 12 4 0 4 3 5 5 12
9 7 6 4 7 1 5 5 4 7 0
0 8 9 4 3 1 12 12 21 2 7
10 18 8 7 2 4 9 6 7 7 0
4 0 3 6 2 10 1 2 5 10 10
14 14 8 4 6 12 4 5 8 15 15
2 2 2 5 5 6 6 2 3 2 7
6 6 2 9 18 5 3 12 7 2 6
3 2 6 0 14 2 2 8 7 6 5
2 1 8 7 1 14 5 3 5 9 2
3 2 0 8 13 5 11 0 4 0 18
1 0 8 12 6 12 11 7 7 11 1
5 8 2 9 17 16 8 3 10 5 9
21 0 1 3 8 10 1 1 14 2 17
2 4 3 3 1 5 6 3 3 3 1
1 23 13 11 4 9 12 10 2 2 6
5 7 14 7 21 1 9 5 4 18 3
12 2 3 6 21 3 5 3 2 11 3
2 0 6 6 1 8 5 5 11 7 2
14 7 3 11 13 9 5 6 13 13 11
12 10 9 11 18 13 7 19 4 14 3
8 10 8 6 5 3 13 3 18 12 9
7 11 1 9 4 3 19 24 3 5 10
5 7 6 10 2 8 9 1 5 5 1
5 4 5 6 2 9 6 10 1 7 2
12 9 4 8 2 12 9 5 14 2 3
3 3 1 0 8 1 0 5 0 0 4
12 5 9 5 26 7 9 9 12 10 2
2 4 5 5 1 1 5 3 5 2 1
3 13 17 14 11 5 5 3 7 2 5
2 6 5 11 2 1 4 0 7 17 1
1 8 4 7 5 3 1 7 4 7 1
1 6 3 9 5 19 3 12 8 8 3
8 4 10 2 6 30 0 6 1 1 14
1 4 20 2 4 8 4 5 2 22 14
8 12 3 14 2 2 5 2 23 11 4
3 6 2 0 2 2 6 4 8 11 9
6 9 4 1 5 2 10 7 6 12 7
7 2 2 5 5 3 1 1 0 5 4
11 25 10 0 2 4 1 1 4 15 3
10 9 7 7 13 3 11 2 11 3 5
7 13 24 3 4 2 4 11 4 2 13
10 21 9 20 10 1 15 4 8 10 9
1 2 10 3 1 4 2 0 4 2 1
21 7 0 11 0 3 2 0 10 10 8
1 12 3 5 1 11 7 8 1 11 1
7 1 2 2 1 4 6 3 3 4 2
2 0 0 0 4 3 10 0 1 2 14
1 16 5 6 4 4 16 4 4 15 13
1 4 3 5 1 0 2 3 5 2 5
5 23 1 7 3 14 2 6 20 2 7
2 2 5 4 7 9 8 2 1 9 11
22 17 3 11 7 13 11 4 8 5 2
5 7 11 4 3 2 0 1 1 1 6
12 2 1 5 5 6 1 2 2 2 7
9 7 13 4 1 10 4 1 3 3 0
6 10 2 1 11 22 12 16 8 4 11
18 9 8 4 9 11 12 16 9 4 13
6 2 3 7 2 8 6 13 4 5 12
14 13 7 12 9 12 2 6 10 3 10
0 2 5 9 10 19 0 3 7 11 8
11 12 10 15 9 2 1 10 2 13 6
3 2 7 5 2 4 6 3 3 0 4
9 18 3 6 16 1 12 4 9 14 10
17 3 16 11 5 7 16 11 8 11 0
7 1 14 15 0 0 4 1 4 4 4
3 2 1 0 3 4 1 5 4 4 5
12 6 8 4 3 10 2 2 7 9 11
1 22 5 6 3 14 14 7 7 7 17
4 28 9 12 3 8 8 6 2 2 11
3 4 8 8 0 7 5 2 6 2 6
1 14 6 3 3 6 4 4 17 10 9
1 2 4 2 6 4 6 5 2 3 9
8 2 15 4 3 1 28 10 6 10 11
5 1 1 5 14 7 9 4 5 8 4
4 7 8 1 4 13 9 2 6 3 9
4 5 4 3 8 2 2 1 1 13 3
6 3 2 13 2 14 4 17 2 9 3
1 2 1 7 1 4 1 3 10 2 3
2 1 1 20 3 11 9 16 18 10 5
3 2 11 4 2 0 7 4 5 4 3
2 7 11 7 2 3 11 16 5 0 5
10 4 6 25 3 9 18 0 8 10 4
5 2 25 8 2 2 3 2 1 16 3
1 5 2 6 13 6 3 5 0 7 4
1 4 7 3 7 3 10 5 11 3 2
1 1 9 0 2 6 1 4 8 6 2
4 1 10 3 1 4 4 8 3 10 0
4 2 3 0 7 4 5 5 2 2 2
3 10 1 0 6 2 4 1 6 0 1
1 3 3 1 1 2 6 0 7 2 1
8 13 9 1 13 12 8 7 9 1 25
0 7 3 8 4 0 6 1 2 1 2
7 5 7 15 3 0 2 1 7 4 2
7 11 6 1 11 6 3 5 4 8 11
6 4 5 6 0 15 13 3 6 4 11
2 18 5 3 7 3 7 3 6 0 4
2 10 3 2 1 12 4 14 3 4 3
14 12 11 5 14 4 4 2 10 0 18
1 8 2 10 2 24 7 3 22 1 15
0 4 7 3 10 3 4 5 5 4 3
3 3 9 2 8 2 4 2 5 4 1
7 7 21 13 8 14 15 5 10 1 16
3 7 22 18 10 4 8 7 3 11 9
14 11 19 7 16 5 14 5 1 19 1
5 7 4 1 1 3 4 3 1 5 7
17 15 11 5 4 8 12 17 5 7 0
3 17 5 2 1 15 3 4 7 11 1
13 8 2 5 10 12 7 10 9 6 2
5 3 4 5 2 0 4 6 6 4 2
3 9 13 24 3 15 4 1 11 7 8
4 6 7 20 1 4 0 9 2 8 3
4 7 6 5 4 1 7 3 3 12 8
9 10 8 9 12 3 11 14 5 7 2
4 9 13 7 9 6 12 6 13 4 24
2 8 3 10 7 7 8 4 6 12 1
1 9 17 4 16 1 4 7 7 5 14
4 6 10 13 3 12 1 2 6 27 2
13 8 8 3 3 6 6 5 2 0 0
2 0 6 13 4 1 0 10 1 2 3
5 4 7 1 10 5 12 1 3 9 10
5 7 1 4 6 0 9 2 5 12 2
0 7 10 11 8 10 2 4 17 7 5
11 17 2 6 8 1 2 1 2 2 20
7 17 4 8 1 3 5 3 7 11 8
2 7 9 0 2 4 7 14 8 9 4
9 8 14 4 14 9 16 12 10 11 19
3 5 1 7 0 3 3 3 4 4 2
6 3 31 3 3 4 4 7 4 17 3
0 9 7 3 4 3 9 0 0 11 1
13 3 22 1 13 4 7 2 7 5 9
0 0 4 4 2 5 3 4 7 0 4
9 9 10 7 5 4 2 4 2 10 3
26 17 0 11 7 6 6 4 3 8 8
0 7 13 12 8 4 0 12 13 1 4
2 15 3 0 7 6 7 1 0 8 6
3 7 3 7 4 15 5 18 17 5 12
2 8 8 5 6 5 6 0 3 16 5
7 4 1 8 8 15 1 9 8 6 0
3 7 12 6 6 6 2 3 8 6 1
1 2 5 3 9 3 2 3 1 3 2
6 9 2 14 3 2 7 13 20 12 10
18 1 1 20 1 7 6 3 1 10 3
7 6 4 1 0 3 4 7 13 5 8
2 8 1 2 3 10 12 2 18 7 4
1 3 17 2 2 6 5 9 9 6 0
7 5 1 5 23 14 2 18 1 0 2
4 7 4 1 5 1 0 0 6 4 2
3 13 14 0 3 3 17 11 5 12 2
1 16 5 1 7 7 17 6 21 11 7
2 9 14 16 3 5 7 7 3 5 16
4 8 2 3 2 6 2 8 6 7 1
2 7 8 10 3 5 4 2 9 18 7
13 1 7 5 18 9 24 2 2 1 2
3 7 1 7 2 2 2 4 2 2 3
5 13 0 4 17 10 3 7 4 17 9
2 10 2 13 14 4 11 4 4 10 4
1 4 4 2 4 4 0 3 0 1 5
11 11 2 14 12 1 6 24 4 1 16
4 3 3 1 3 7 9 0 2 3 6
0 3 0 0 3 0 1 2 2 4 9
6 15 13 5 15 2 3 15 3 11 7
6 2 0 3 3 6 5 0 4 0 1
4 14 12 20 6 4 1 3 12 3 9
9 1 8 7 2 23 3 11 5 7 9
8 12 11 2 10 8 4 0 1 2 6
3 3 14 12 0 1 3 3 8 8 7
7 8 12 11 6 20 14 9 12 3 3
13 1 11 8 13 15 2 5 19 10 4
9 5 3 11 13 9 4 5 24 15 11
18 4 6 8 4 9 8 3 7 13 6
6 2 5 5 0 15 0 6 7 5 4
2 13 12 3 7 16 8 7 3 4 2
3 6 7 2 2 5 5 0 3 2 2
8 12 2 2 5 2 2 7 8 13 3
8 14 4 15 7 4 2 3 2 12 7
5 3 6 6 1 1 1 2 0 1 1
14 3 4 9 2 4 2 1 1 2 2
3 8 3 1 4 0 3 2 3 0 3
11 10 3 14 6 23 0 3 8 6 20
8 14 14 16 13 12 7 2 11 6 13
7 10 4 5 1 7 3 1 2 11 5
1 7 1 9 4 3 6 10 4 8 4
7 20 1 6 3 11 7 1 9 11 5
5 9 13 4 13 16 12 22 9 1 0
11 24 16 8 7 2 11 14 8 5 6
9 0 6 12 0 3 1 4 9 2 2
5 4 0 0 4 7 1 1 3 0 5
12 8 5 3 11 10 3 17 9 0 18
18 3 6 8 12 2 7 5 26 2 9
9 1 2 0 1 4 8 2 3 6 2
5 3 5 1 1 2 3 2 5 2 0
4 2 6 6 12 1 8 9 10 12 6
1 4 0 12 6 2 3 8 10 9 4
17 1 13 5 1 15 7 9 14 1 10
1 5 0 7 5 11 12 5 0 8 5
4 5 0 5 27 5 4 7 13 5 2
6 4 0 6 2 2 5 2 5 3 1
11 2 0 8 9 5 10 4 4 10 13
6 15 4 1 4 5 15 5 10 8 2
1 12 21 8 8 12 17 11 2 6 11
2 8 1 18 1 15 6 2 1 2 2
4 3 11 3 2 6 2 3 6 7 0
1 3 1 2 5 10 8 10 2 5 8
10 4 3 6 5 20 10 14 0 11 2
5 10 5 22 15 9 11 21 4 1 1
7 3 2 1 2 5 4 2 8 2 6
3 11 7 9 9 9 3 4 3 0 13
9 18 1 16 13 2 5 19 2 1 6
5 11 7 7 10 18 7 9 10 15 10
3 5 1 5 2 2 3 3 7 1 2
5 7 6 4 2 14 1 10 7 0 7
7 6 11 5 10 2 6 3 1 4 12
6 10 12 16 15 6 18 7 4 9 7
3 1 2 1 3 5 2 1 4 9 10
5 6 6 0 1 1 2 10 2 7 5
5 4 5 4 10 13 0 3 8 8 1
1 1 8 3 1 10 1 15 3 2 1
1 5 6 9 1 1 5 9 4 2 3
4 7 7 4 6 7 7 1 5 4 6
0 9 6 11 9 5 21 4 6 7 0
6 3 4 1 4 4 6 3 1 7 0
6 1 6 0 2 4 5 3 5 2 0
2 3 2 0 2 0 3 6 2 7 1
12 3 1 16 7 11 2 1 11 1 5
17 2 4 3 7 1 4 8 3 0 6
4 6 0 2 1 3 5 5 2 3 2
3 7 10 1 1 0 10 0 10 8 0
6 9 4 2 1 11 8 9 11 4 1
1 1 1 4 2 4 15 1 17 3 18
15 12 2 6 6 8 2 10 9 4 1
6 8 7 4 0 11 3 2 1 2 1
5 9 14 5 9 6 5 2 15 7 1
5 2 8 0 2 0 12 15 9 9 5
1 0 3 11 4 4 10 0 0 15 1
15 4 4 6 8 8 15 7 5 4 3
5 7 7 6 12 4 2 1 0 1 1
0 8 3 4 4 2 8 7 4 5 0
3 6 9 6 2 2 4 3 8 3 12
0 2 6 2 3 9 3 1 1 2 3
8 0 0 7 2 6 6 8 1 2 7
12 8 13 7 11 2 12 12 13 7 8
2 10 4 6 6 4 6 21 20 19 11
0 0 2 6 2 3 2 0 6 7 3
10 1 3 0 0 5 1 7 1 7 1
3 1 2 2 2 7 4 3 0 1 3
2 4 1 8 4 8 5 0 1 4 6
11 6 7 0 13 14 8 7 3 3 24
6 5 6 0 6 7 1 9 6 9 3
0 5 10 1 1 8 1 2 10 5 10
0 16 1 2 7 1 4 14 6 13 8
6 7 2 0 1 1 3 10 0 2 2
6 7 3 6 2 6 11 2 5 1 2
5 6 10 16 4 3 10 6 1 16 0
11 6 5 17 9 18 11 19 2 0 4
1 2 6 6 0 3 3 1 3 5 0
11 3 2 3 3 2 1 12 4 0 14
4 2 23 0 7 5 3 1 0 3 14
14 4 4 22 8 7 4 10 3 0 2
9 3 2 7 0 2 3 12 9 1 3
1 11 1 2 2 9 8 9 7 4 5
6 5 2 3 3 2 5 5 1 0 3
9 2 5 16 6 6 5 4 3 1 10
17 4 1 5 3 16 3 11 7 6 3
5 5 3 4 1 3 2 2 4 5 4
1 12 7 7 3 8 8 8 7 6 8
6 1 1 2 3 6 3 6 4 13 11
4 2 12 2 5 10 3 5 4 6 12
9 1 1 0 2 6 1 4 9 1 2
1 11 3 3 5 2 2 2 2 6 4
14 1 6 27 3 4 12 14 8 1 7
4 5 5 2 5 4 9 6 5 0 0
5 2 0 9 1 6 4 0 1 6 1
14 2 7 8 14 8 14 5 24 6 5
4 2 1 8 14 1 1 4 2 13 1
0 3 4 9 6 17 7 8 8 8 2
6 6 7 2 3 1 2 5 4 12 10
1 1 1 10 1 3 5 0 2 4 3
5 8 2 1 2 0 4 6 6 5 3
1 4 3 6 2 1 1 3 4 3 4
4 4 2 2 1 3 7 6 7 5 1
3 2 6 5 14 4 7 4 16 22 0
12 12 13 0 20 0 3 1 18 10 17
1 0 2 2 3 3 2 4 5 5 5
4 20 10 11 7 8 6 14 15 4 14
2 1 2 17 10 4 5 6 15 1 2
3 8 7 10 26 4 12 1 4 9 10
2 8 11 1 10 6 6 12 5 12 6
6 13 15 5 9 7 5 0 8 5 14
3 1 2 6 2 3 0 7 6 6 1
8 10 0 3 13 18 4 6 11 14 4
14 3 18 11 6 1 10 3 9 21 16
8 14 3 13 10 8 11 8 1 9 22
10 10 7 7 16 3 3 3 18 2 11
2 3 8 12 8 3 11 4 4 13 5
1 6 2 4 2 13 3 14 5 12 3
5 5 10 9 1 6 7 1 6 0 3
5 6 7 1 0 0 4 0 4 4 1
2 2 4 4 1 3 5 2 0 6 1
7 11 5 9 2 15 5 14 14 5 11
1 5 1 4 4 1 11 3 3 4 3
11 10 14 16 5 3 8 5 10 24 2
2 2 2 0 3 2 6 0 7 0 4
3 1 1 11 9 3 1 2 10 1 7
0 9 5 2 9 9 0 14 3 4 7
3 3 0 1 11 1 6 3 4 6 8
6 6 9 1 9 2 2 6 0 3 0
0 1 2 8 8 7 0 5 5 9 2
2 1 1 2 3 2 4 3 1 6 8
5 1 11 3 2 9 9 2 6 3 4
13 13 5 16 12 6 7 6 7 24 7
19 11 15 2 15 2 4 3 12 9 15
1 4 2 3 2 10 6 5 5 2 12
0 1 3 5 4 8 4 3 6 7 10
2 2 6 1 3 4 2 4 3 5 6
10 16 4 0 11 1 13 21 14 11 5
6 2 0 3 7 15 4 7 4 0 7
7 3 2 2 2 7 2 1 3 2 1
22 9 16 6 1 0 1 8 14 19 0
8 2 5 2 4 10 8 2 8 1 1
4 1 6 2 8 2 2 0 9 4 8
2 0 1 4 4 6 14 8 4 5 9
3 16 9 3 2 5 14 6 8 11 3
5 1 20 4 4 11 14 3 6 4 1
8 9 12 14 4 10 9 1 7 2 2
2 17 4 3 6 1 1 5 7 5 3
5 0 1 0 1 3 1 4 1 7 1
6 8 15 4 5 4 14 4 0 5 0
0 5 4 0 7 3 5 3 1 1 4
9 2 8 0 11 7 10 10 1 6 1
0 1 0 2 2 3 4 4 5 2 5
8 14 2 3 6 10 3 15 4 4 6
11 6 0 2 2 15 0 13 14 9 4
2 1 4 26 11 7 10 7 20 6 5
1 0 3 8 8 1 4 12 5 6 21
6 1 2 5 3 2 0 3 1 4 5
4 3 1 1 2 11 4 2 1 2 1
18 8 14 8 1 10 13 3 7 11 4
11 6 2 13 21 7 3 19 4 19 4
13 3 2 7 3 8 4 6 3 1 2
3 9 9 9 1 6 8 4 0 1 2
2 2 10 9 5 4 4 5 2 5 0
11 10 0 6 11 8 14 10 4 4 1
23 9 12 12 2 5 7 6 6 11 6
8 0 3 1 12 5 9 3 1 7 0
12 0 8 5 10 3 8 11 15 4 9
6 11 6 15 16 3 24 3 6 5 14
3 6 15 8 11 3 1 4 6 6 17
4 16 1 11 20 3 10 4 10 19 2
1 3 11 16 18 9 2 8 5 3 4
5 1 10 5 10 4 2 11 2 8 2
1 13 4 11 1 8 15 7 4 4 20
14 4 2 1 3 1 9 5 3 12 2
0 5 4 10 0 4 1 2 4 3 5
3 7 7 6 2 6 0 5 1 2 8
3 4 4 2 2 5 8 0 12 0 14
6 16 2 11 5 9 11 12 12 18 8
6 3 1 1 6 3 5 2 3 4 11
3 25 2 14 1 6 16 6 8 14 3
1 3 5 1 5 3 3 1 10 4 5
0 8 7 4 24 6 10 10 10 5 6
2 2 0 2 3 7 1 7 1 1 3
3 13 9 10 15 2 0 1 3 1 9
1 3 3 0 6 6 3 7 2 8 0
3 0 6 1 0 2 12 1 3 12 1
5 9 8 2 4 6 5 0 5 1 4
6 15 4 3 3 4 11 6 4 8 5
11 4 13 5 18 5 2 7 1 22 0
3 4 4 5 8 8 5 5 4 3 7
14 11 9 14 5 3 11 17 10 7 8
7 2 3 14 1 1 14 5 8 0 1
4 7 17 10 0 1 7 14 6 24 1
3 5 1 5 2 2 2 1 0 2 5
10 1 6 11 8 1 8 3 6 3 4
7 9 9 9 8 5 7 14 6 10 2
20 9 16 2 9 11 11 6 7 4 11
15 20 4 5 7 3 4 2 5 23 7
11 7 8 6 10 11 5 15 3 0 11
16 0 9 14 9 4 8 2 24 16 2
21 3 2 5 16 6 3 9 6 10 5
10 9 4 5 9 1 4 7 5 2 6
2 6 16 9 0 1 3 8 3 6 6
3 21 2 14 12 8 3 5 4 4 0
10 5 1 4 1 7 3 1 0 4 7
5 1 9 5 6 11 1 14 4 3 4
0 17 16 3 3 11 8 20 9 9 10
5 4 7 2 6 2 6 7 3 3 1
9 1 3 0 8 11 9 13 11 4 14
10 0 2 10 10 10 5 19 18 2 8
3 3 5 6 18 12 1 4 6 18 15
6 2 19 3 4 1 9 3 7 11 8
7 14 13 1 13 3 13 17 4 13 1
2 3 5 8 1 2 7 10 5 2 8
18 1 6 14 4 4 11 1 11 4 9
6 9 0 3 4 4 0 3 14 19 2
6 13 1 18 7 16 7 8 7 5 0
9 9 0 2 18 1 0 9 8 11 1
10 4 20 20 6 16 6 8 6 4 13
4 1 14 6 0 4 2 6 5 5 3
9 12 2 3 1 16 17 8 5 3 10
1 2 6 8 1 2 2 0 3 5 0
2 1 1 2 5 3 2 3 8 1 0
3 0 1 3 2 7 7 7 4 0 6
4 14 4 1 0 7 2 2 4 0 2
7 8 5 2 15 5 3 8 25 14 9
14 13 16 5 3 9 19 3 2 2 9
5 9 20 10 3 6 5 15 21 0 11
10 17 11 11 20 17 9 0 4 3 7
0 19 3 18 18 9 3 4 6 9 4
15 13 6 13 6 11 3 6 1 9 14
1 7 3 0 1 4 1 5 6 11 7
7 2 8 3 16 12 15 14 11 14 15
6 5 14 24 1 3 4 1 10 6 0
7 7 1 10 3 8 1 8 13 3 11
0 0 3 8 16 2 17 13 5 11 13
5 2 7 5 5 2 2 2 3 4 3
8 7 8 15 8 11 12 5 5 7 9
5 4 0 4 3 4 1 3 1 2 6
2 15 2 2 5 4 11 13 4 8 8
14 3 1 4 3 6 4 1 2 6 3
4 16 19 6 3 4 2 11 3 0 18
9 1 7 1 3 2 3 7 3 1 1
6 1 18 5 12 8 4 6 0 14 18
1 8 2 10 12 7 5 4 3 7 7
5 8 5 4 1 2 7 2 8 3 9
4 3 3 4 3 1 3 4 6 1 5
4 19 8 2 3 5 0 27 13 11 4
8 13 10 4 22 10 16 2 5 9 16
6 10 1 1 6 0 1 12 1 6 5
3 10 11 6 7 11 13 13 2 1 9
5 13 3 0 5 2 7 6 9 1 1
2 10 4 7 8 5 6 6 3 2 3
2 12 11 28 16 11 5 8 3 6 7
6 4 1 3 6 7 5 3 1 3 2
7 8 14 8 18 4 12 7 2 9 11
2 5 1 3 4 15 1 13 0 9 4
18 16 3 12 0 16 16 5 3 3 13
5 7 16 6 11 4 1 9 5 13 5
10 9 6 2 6 7 7 2 0 0 3
5 9 14 8 10 13 21 7 5 18 3
3 17 10 3 9 4 10 1 11 8 1
10 13 2 7 7 1 5 2 1 10 2
3 8 0 1 1 10 6 16 4 5 2
21 8 17 6 2 5 15 4 1 4 1
2 5 3 4 3 4 1 5 6 11 2
3 1 12 6 15 19 8 5 15 6 16
10 5 4 3 6 3 7 4 1 0 1
3 4 1 9 3 1 5 0 0 8 2
5 3 2 4 2 1 3 1 0 5 8
4 6 1 13 5 0 4 8 2 9 1
6 4 2 3 15 5 7 2 7 4 2
19 2 11 3 15 3 11 2 11 9 23
8 8 4 1 6 15 10 1 2 1 5
5 1 1 1 5 10 6 16 1 4 3
10 17 0 0 0 6 1 9 2 8 0
3 3 6 20 8 13 9 5 8 8 6
4 3 1 1 1 6 4 1 6 10 6
3 8 7 1 23 8 1 3 2 2 12
3 6 5 2 3 1 7 3 2 3 15
23 2 5 8 7 0 1 6 19 1 1
5 11 19 10 2 4 4 5 6 13 14
15 1 3 1 7 21 4 1 8 4 1
12 7 11 10 14 10 6 2 9 6 3
0 1 3 4 5 2 2 3 0 12 10
4 5 3 11 7 10 4 7 1 8 6
5 5 8 1 6 8 8 19 3 9 10
10 0 4 2 10 0 0 1 3 4 6
6 10 23 8 17 3 6 9 11 6 2
3 3 4 1 2 2 6 3 2 3 5
10 1 7 0 8 13 11 12 2 5 6
1 5 7 8 1 7 7 35 4 7 5
1 1 7 1 2 1 5 3 1 5 5
5 23 10 18 4 2 1 9 7 14 9
4 0 3 1 1 10 0 1 7 2 2
3 7 2 14 23 8 4 15 3 8 9
7 4 4 10 10 3 3 8 5 0 16
4 11 5 4 1 1 3 12 2 5 9
3 4 16 13 18 0 6 3 7 6 0
7 6 1 11 8 3 4 18 5 4 1
3 6 2 6 3 4 3 14 1 1 0
3 1 7 4 12 2 5 7 9 1 6
10 4 7 2 11 4 2 15 11 11 21
7 6 1 9 6 1 3 0 4 6 1
5 4 9 1 5 0 0 3 6 3 2
1 1 4 1 7 2 2 7 1 0 1
8 5 2 5 3 2 1 2 1 3 6
2 3 3 4 8 9 2 6 7 15 7
4 1 7 3 7 7 5 2 5 1 5
5 6 9 6 8 1 1 6 19 23 18
5 7 7 23 14 6 21 2 13 0 5
1 9 4 12 8 6 1 5 13 10 7
21 4 8 4 0 8 1 6 11 13 9
9 5 5 3 5 4 2 9 1 0 1
1 5 15 4 13 5 5 6 1 18 12
6 6 6 10 19 7 3 2 3 2 3
3 4 3 2 5 5 2 0 2 1 5
8 1 7 7 17 13 5 13 6 4 10
2 1 3 3 5 2 1 6 1 5 0
2 5 1 7 1 2 13 2 5 3 5
6 2 1 20 7 8 19 10 9 3 4
5 13 5 1 8 1 3 0 8 6 4
2 4 3 5 3 9 6 4 12 6 6
1 4 2 3 3 4 0 1 6 6 1
3 9 14 17 2 12 0 7 7 5 8
6 4 6 13 17 7 14 6 3 10 7
2 0 4 2 7 1 1 1 3 6 1
1 11 4 3 2 0 1 3 4 9 8
2 19 18 3 16 16 4 1 6 0 12
7 3 13 3 3 4 1 13 10 3 4
4 4 4 10 5 8 5 10 4 10 4
2 1 2 2 0 5 9 2 6 3 0
16 3 8 13 3 11 9 4 3 4 6
2 1 0 4 1 5 4 8 4 1 2
2 7 6 3 4 2 15 3 2 2 12
9 8 6 8 11 6 0 1 3 1 4
6 7 0 2 7 1 5 0 1 4 1
7 8 4 7 5 2 2 3 2 3 4
13 7 10 1 4 9 2 19 13 1 3
2 2 1 8 1 6 3 1 0 1 2
9 4 0 9 9 6 6 3 9 8 3
2 9 9 9 9 8 4 5 5 4 4
11 2 2 21 5 4 2 9 20 0 1
12 4 22 14 6 6 8 3 9 7 8
0 0 3 2 9 1 4 1 5 4 1
3 15 1 3 17 7 6 17 1 8 8
3 8 1 5 2 3 28 4 7 12 5
2 6 7 2 2 0 10 2 3 3 11
0 2 7 11 0 3 4 6 7 1 10
4 1 2 6 5 1 7 0 5 6 2
5 8 2 4 2 2 8 4 2 1 0
3 5 1 5 8 2 7 1 1 1 2
7 12 1 8 13 9 4 26 3 5 3
5 16 10 7 12 5 11 4 2 5 9
8 2 2 6 6 2 10 6 1 2 5
6 1 14 14 1 0 5 6 4 4 7
8 4 3 7 14 13 2 12 21 0 0
3 0 4 3 7 21 4 2 2 9 2
3 8 6 0 4 2 0 16 4 5 10
1 1 8 2 2 0 4 6 5 1 3
11 7 12 7 2 6 8 6 1 7 1
5 8 11 6 1 5 2 8 3 10 2
8 0 10 7 11 2 4 3 14 14 7
5 8 11 8 18 5 1 0 13 10 9
2 9 1 2 3 5 6 14 6 7 9
11 0 7 1 3 12 2 1 23 1 11
7 3 6 2 9 6 1 3 2 5 4
6 12 21 6 4 0 13 5 12 23 4
4 6 15 3 4 12 2 3 10 7 0
4 5 2 15 2 26 2 4 10 2 11
0 1 2 5 7 3 9 10 7 14 1
16 2 25 1 12 9 0 12 11 3 11
4 7 7 19 1 16 6 2 11 25 4
7 18 6 5 8 6 13 10 12 17 5
1 8 5 1 1 7 1 2 0 6 3
5 1 1 3 3 2 4 5 6 1 7
1 2 5 4 1 1 8 3 3 21 11
5 9 2 2 2 18 5 6 11 8 15
7 4 13 7 23 4 14 1 0 22 4
2 12 0 3 2 12 7 4 3 8 8
0 2 4 12 10 6 13 8 8 2 6
1 2 12 10 9 1 9 4 6 10 13
5 9 8 4 15 2 12 8 9 1 11
2 6 3 1 3 0 0 4 7 3 3
6 6 17 1 3 17 8 5 18 16 3
21 13 5 11 6 4 20 7 10 1 12
3 3 4 5 6 3 4 7 0 4 4
5 1 0 1 2 11 2 4 0 0 1
0 1 4 13 1 1 9 14 5 10 12
4 5 1 1 5 1 8 8 9 7 6
5 5 2 5 4 10 6 19 12 4 1
7 6 0 5 4 1 5 1 3 7 0
1 2 2 0 6 3 3 1 2 1 10
2 9 11 22 3 3 13 13 4 3 3
4 4 3 3 2 2 2 6 4 4 5
3 4 2 3 3 4 0 2 3 6 1
1 7 6 4 0 8 4 2 1 4 13
15 0 3 6 5 3 8 2 8 5 5
9 7 3 10 8 20 7 6 2 11 1
3 3 5 11 6 6 14 10 12 8 8
6 25 5 4 8 11 1 2 10 7 16
1 4 19 10 3 2 12 13 2 4 21
13 2 3 23 13 9 15 0 4 9 6
1 11 1 6 5 9 6 8 7 6 4
3 8 8 13 3 15 0 2 5 20 3
0 2 11 7 4 11 1 4 1 1 2
7 1 2 11 5 7 7 1 5 1 1
4 5 8 3 3 6 8 0 1 4 11
8 5 6 1 8 11 2 6 8 5 14
9 0 3 4 2 6 11 4 3 5 7
28 4 1 14 2 11 4 5 2 12 15
2 3 3 3 10 5 1 5 1 6 0
8 8 2 9 11 3 7 7 0 7 4
10 3 0 0 12 13 1 9 18 2 6
4 3 5 7 1 3 1 3 2 6 1
6 5 13 10 2 16 8 7 4 2 5
1 1 8 3 12 5 2 9 4 10 14
0 4 29 3 6 2 7 6 14 1 4
2 4 5 0 11 14 18 9 8 13 5
7 18 6 2 1 3 12 6 10 6 2
4 8 1 10 13 13 10 1 6 2 1
21 3 9 8 9 10 1 3 12 6 22
11 2 6 1 3 4 4 7 7 13 6
1 20 1 3 3 5 10 8 26 12 0
6 9 1 13 2 2 1 4 13 12 11
1 8 2 8 3 7 2 4 18 6 15
0 6 15 7 17 16 3 17 8 0 11
7 0 3 9 1 6 4 1 10 10 15
1 0 3 2 2 8 4 4 1 11 5
6 13 5 1 3 13 3 7 10 6 11
3 1 3 8 0 8 8 5 10 2 8
4 2 4 3 6 5 0 3 1 5 2
0 0 1 1 1 6 7 3 6 0 9
16 10 1 5 14 23 0 13 5 9 1
0 0 1 11 11 15 10 4 5 0 2
4 4 9 2 1 1 5 6 5 0 5
11 16 5 13 12 3 6 9 10 5 5
2 2 3 4 0 3 6 4 2 1 4
15 5 5 22 3 18 10 3 16 7 6
10 2 9 9 6 2 4 5 0 9 8
2 11 2 10 9 3 1 2 2 16 12
4 9 4 8 2 4 1 12 9 11 10
4 5 6 4 7 1 3 5 6 8 15
1 11 2 12 4 4 6 3 3 2 20
1 1 8 14 3 17 4 6 10 8 0
10 5 5 6 3 6 14 11 2 5 6
1 1 6 3 5 8 8 12 5 7 9
2 4 1 3 9 5 3 4 1 10 2
5 3 1 4 3 2 5 4 3 0 2
7 6 3 21 17 4 7 12 17 1 1
4 3 22 12 2 1 7 8 9 10 14
1 4 5 2 3 9 4 4 6 0 11
1 2 8 19 19 15 1 1 12 8 0
1 0 5 5 3 1 3 3 1 0 5
6 9 6 2 21 20 7 8 3 13 0
11 5 10 1 7 11 3 7 9 25 7
7 3 3 0 2 0 5 1 5 2 5
7 2 11 8 0 11 8 15 14 10 9
4 5 4 8 3 13 10 4 4 4 8
5 8 6 7 4 3 15 1 5 4 2
6 2 1 6 3 5 6 7 2 2 3
1 2 5 1 4 3 8 4 3 9 5
22 13 7 10 12 5 4 4 13 8 3
5 3 6 7 2 8 5 0 25 10 2
21 5 3 0 1 11 9 18 0 1 3
2 3 10 1 1 1 3 2 1 4 1
5 15 9 15 0 15 1 3 4 14 8
2 10 7 27 1 15 3 0 3 0 9
6 15 12 12 13 5 12 19 2 4 11
6 10 6 3 2 6 10 13 1 6 2
4 3 0 5 7 2 4 4 4 6 3
12 10 5 4 8 1 5 2 18 2 6
0 2 0 3 3 1 4 10 2 5 2
0 5 4 7 4 7 15 2 27 12 6
4 1 4 4 2 5 9 6 1 1 3
13 16 0 15 6 24 1 15 6 5 7
1 3 26 1 4 21 7 6 1 12 3
3 2 3 8 13 11 0 6 5 7 4
0 13 7 10 4 10 9 9 2 6 12
6 1 2 3 1 3 1 4 3 5 0
7 7 25 8 0 4 6 3 14 4 22
9 3 13 4 11 6 0 6 3 13 4
3 0 13 9 13 0 11 6 3 1 12
2 4 10 4 3 3 9 2 12 7 3
3 1 4 9 1 1 9 3 7 7 12
2 3 7 0 8 2 6 6 2 5 3
6 10 3 10 15 3 20 3 2 4 1
1 18 1 5 24 11 5 4 4 14 6
0 2 6 8 1 6 0 5 0 3 0
5 5 6 3 5 2 2 5 0 2 1
4 1 12 4 0 1 7 19 1 15 6
8 5 5 11 8 6 6 5 7 4 6
2 4 16 0 9 9 14 3 8 8 17
3 0 0 7 5 2 9 0 4 3 0
2 8 13 11 12 2 15 15 7 18 8
5 1 19 8 1 5 7 1 5 0 9
10 15 3 22 12 7 2 2 23 6 5
2 15 2 6 10 10 4 14 3 9 2
7 5 1 16 17 6 6 9 4 5 3
3 1 7 4 0 12 4 6 4 1 6
17 1 5 4 4 2 12 5 24 8 2
11 4 1 1 8 2 10 4 5 8 3
6 11 13 14 3 7 5 2 0 9 8
2 11 7 17 9 1 6 5 1 8 5
11 13 4 2 7 5 16 10 2 5 12
6 4 4 11 1 1 6 5 9 8 8
4 1 3 16 3 4 7 8 7 12 3
19 10 12 1 6 21 8 13 12 6 9
1 2 3 4 4 2 2 5 2 6 0
1 14 11 1 5 3 9 4 5 4 28
4 6 3 1 1 3 0 10 0 2 1
5 9 16 11 5 1 8 6 9 8 17
12 6 2 13 13 2 14 7 15 4 4
1 7 1 4 1 8 5 6 1 4 3
4 5 1 2 5 1 0 1 7 6 0
3 3 11 4 3 8 3 4 0 7 3
4 12 4 19 9 14 3 8 7 11 20
21 8 6 9 3 2 5 7 8 3 5
1 2 5 0 3 3 2 5 5 2 1
24 1 6 4 15 4 9 16 14 1 6
3 3 1 4 4 6 2 4 2 8 7
5 5 1 1 13 0 9 2 0 3 4
16 12 1 15 5 7 4 3 3 10 9
0 3 2 2 3 3 8 1 5 17 8
10 1 10 1 5 7 4 7 9 7 4
0 9 5 10 17 2 25 7 15 7 2
14 13 20 12 14 3 12 12 9 6 7
4 4 1 7 6 9 3 1 0 5 2
3 7 7 4 5 4 2 1 1 2 3
0 5 1 6 1 2 5 4 6 1 4
3 4 3 2 2 1 6 5 8 5 5
5 2 9 6 6 2 2 1 3 3 7
1 5 6 5 4 2 4 13 3 7 4
5 7 13 8 1 5 5 9 2 2 1
3 3 0 2 4 19 4 15 2 10 1
3 5 3 2 3 5 9 2 1 12 18
1 10 2 17 1 9 17 7 1 7 0
12 13 7 4 1 6 5 4 2 10 2
9 26 2 10 8 4 10 18 7 1 4
1 4 3 6 1 2 8 9 11 0 7
8 1 6 7 4 2 4 12 11 1 12
6 1 9 3 16 10 9 8 5 16 6
3 7 2 0 6 0 7 3 3 0 1
5 4 5 5 2 9 1 6 2 3 1
3 4 8 1 2 2 1 1 2 2 2
18 2 15 14 2 4 8 3 12 6 3
12 18 7 4 3 9 12 2 2 16 0
1 4 2 6 3 0 3 4 1 6 5
4 5 11 10 3 9 9 8 6 16 10
5 10 2 14 4 19 3 14 17 2 6
12 5 4 15 8 8 9 9 5 4 7
1 1 8 18 14 10 13 11 9 8 12
6 2 3 5 0 2 1 4 1 0 4
7 10 1 3 3 6 8 1 0 1 7
1 5 6 15 1 20 18 7 18 9 6
8 11 12 19 1 7 6 3 9 15 0
13 7 6 8 13 19 6 10 10 0 13
2 0 7 0 8 8 9 8 4 5 4
2 1 5 10 2 7 7 13 1 1 12
1 6 2 15 4 10 6 7 10 3 0
5 9 7 4 7 8 1 4 4 7 1
3 18 9 6 14 1 14 25 2 9 1
10 25 7 1 12 1 2 14 3 0 3
4 6 1 5 10 8 7 0 4 2 1
0 14 4 10 14 18 6 14 12 3 16
3 17 17 2 6 10 11 2 2 5 0
6 0 3 2 4 3 5 7 1 0 4
2 16 11 5 23 2 2 16 7 7 14
5 3 5 4 4 3 3 6 4 0 1
13 17 1 5 9 0 7 4 1 19 3
1 5 1 12 1 19 3 9 6 1 6
10 5 1 3 3 4 15 10 3 0 2
4 4 8 1 1 3 2 10 7 18 3
4 10 0 6 1 0 3 4 3 1 1
5 1 6 3 1 4 9 5 5 5 0
7 1 1 6 3 10 19 13 2 7 3
6 14 9 14 12 1 6 1 1 5 1
7 5 23 2 17 2 9 3 6 8 5
12 2 2 0 6 2 0 1 1 4 1
2 1 7 2 6 7 6 2 6 2 3
9 16 21 3 5 14 2 8 10 2 6
2 0 3 8 4 21 3 3 2 0 2
2 14 7 13 1 8 26 17 2 4 0
8 21 13 3 1 11 5 9 20 14 1
9 6 1 1 12 2 1 15 4 18 4
5 7 4 4 5 12 6 13 4 6 12
0 6 0 0 3 1 4 4 3 4 4
8 8 7 8 5 4 3 3 3 0 7
0 1 4 1 7 7 5 13 11 0 1
4 5 4 11 1 9 9 7 6 3 9
7 0 4 10 11 2 6 5 10 10 6
8 6 12 5 11 10 6 0 5 17 3
8 9 11 12 1 1 4 2 3 17 1
2 2 8 3 0 6 4 31 8 16 7
4 1 11 4 3 16 1 2 1 2 2
7 3 2 1 3 2 7 4 1 9 4
6 0 12 1 6 6 9 4 4 10 4
6 4 5 3 6 3 0 1 3 3 3
5 25 5 3 10 2 16 12 2 7 5
2 3 1 3 3 6 5 0 5 7 4
5 1 12 12 15 10 14 7 17 7 1
1 4 3 8 5 4 0 2 3 2 1
1 3 7 4 6 1 1 5 5 6 5
0 5 20 2 8 4 19 12 1 10 6
2 10 19 14 7 2 9 4 11 9 5
4 8 9 5 4 5 12 3 2 0 13
13 0 4 9 5 20 3 15 15 11 3
7 8 16 10 3 9 8 8 7 0 11
5 7 4 2 0 2 2 2 2 7 1
2 5 0 6 0 10 6 7 0 4 6
13 1 15 11 8 11 7 2 17 9 16
4 2 3 3 4 15 0 1 3 0 2
0 4 1 3 2 0 8 2 1 2 1
7 2 9 11 1 3 3 2 0 6 5
6 6 1 11 4 2 14 8 18 4 3
12 16 10 5 1 20 1 12 2 0 5
1 1 2 2 0 1 7 4 4 4 8
3 8 3 2 7 0 0 6 5 3 9
4 2 8 9 5 18 20 5 5 5 1
0 2 1 3 0 2 11 4 9 3 7
1 1 2 6 3 1 3 14 1 12 4
2 4 16 1 11 17 2 4 9 1 8
3 5 6 2 0 1 0 6 4 2 2
23 4 4 10 8 12 7 9 5 15 10
5 6 12 5 7 5 4 7 4 5 28
3 8 7 2 3 3 6 2 3 4 4
3 13 12 2 10 7 22 1 9 9 12
9 8 9 3 3 3 13 4 4 1 2
1 4 3 7 22 20 1 3 9 12 8
0 7 2 7 4 0 1 1 1 6 3
4 4 4 3 18 2 8 7 5 2 1
6 9 5 2 0 9 8 9 10 5 1
2 0 16 5 0 3 15 17 9 5 1
5 11 14 11 3 4 7 10 1 7 6
10 1 17 8 2 11 22 7 10 1 11
3 2 4 2 7 0 5 11 5 1 0
4 1 4 3 6 1 3 1 1 2 2
0 4 2 0 5 5 0 1 1 7 4
7 14 12 9 7 18 2 2 7 4 9
4 14 3 5 3 2 7 14 8 9 14
4 10 14 3 7 21 1 9 0 3 0
4 11 4 0 5 2 2 7 13 7 3
14 11 2 5 5 13 20 5 9 13 1
3 8 1 6 9 4 8 8 4 1 2
7 9 10 4 3 10 8 2 7 10 3
5 2 7 8 1 0 10 1 14 4 8
21 10 4 9 5 17 2 6 10 7 7
1 6 1 4 4 5 2 4 3 3 3
4 6 5 13 9 0 6 6 11 1 1
8 6 7 3 2 10 14 27 13 1 4
5 6 1 1 0 3 5 6 0 1 4
3 1 7 3 2 8 5 14 1 4 6
1 9 8 5 10 1 5 4 4 2 12
1 0 26 6 17 6 8 12 14 6 6
11 3 2 17 3 13 15 6 6 11 0
1 16 8 0 5 1 12 8 1 24 11
3 2 11 6 15 8 19 3 6 7 10
5 1 5 5 11 2 6 3 8 7 5
12 5 7 18 13 8 10 7 4 11 9
9 10 8 5 5 11 11 9 7 9 9
7 4 2 16 1 4 12 5 2 1 12
14 3 16 8 1 1 12 18 1 9 2
6 2 5 1 2 5 1 2 2 1 4
5 1 7 13 13 19 3 2 12 15 8
1 4 4 7 3 6 9 2 4 4 1
2 5 2 6 4 3 7 2 5 6 8
6 2 0 3 2 3 1 6 6 3 5
7 5 6 1 11 3 3 12 2 4 5
1 4 1 2 9 1 13 10 9 1 2
0 8 2 12 2 8 4 13 6 18 5
4 0 0 2 3 1 5 2 5 3 1
14 6 21 2 2 1 10 26 2 8 3
4 0 3 8 13 2 5 3 9 7 6
16 7 2 11 11 2 10 2 1 16 24
10 7 4 0 4 7 2 4 2 12 8
3 10 2 15 3 5 1 7 6 3 11
3 3 7 6 1 2 2 2 1 2 2
13 14 16 4 8 2 0 6 16 9 5
1 9 3 2 1 0 4 9 1 3 0
8 3 2 1 6 7 1 1 2 3 7
8 7 2 0 6 4 3 8 7 7 10
3 10 0 4 8 10 5 4 14 6 7
2 60
2 89
3 33
3 40
3 59
5 21
5 26
5 31
8 59
9 26
10 83
10 110
11 27
11 82
13 33
15 106
16 108
17 35
17 97
19 117
20 69
21 66
24 32
24 47
24 93
26 94
27 31
27 66
29 60
30 110
31 93
32 68
34 67
34 102
36 54
36 86
37 39
37 45
37 68
37 121
38 82
38 102
39 73
41 56
41 69
41 121
41 141
42 70
42 78
43 82
44 48
44 81
44 82
45 52
45 145
46 116
47 78
48 82
48 105
48 136
49 138
50 76
50 104
50 134
50 145
51 104
51 143
52 70
52 101
52 152
53 59
53 127
55 89
55 96
55 122
56 101
56 125
57 113
57 123
58 98
58 144
59 95
60 144
61 124
61 135
64 161
65 96
66 138
67 137
67 145
68 79
68 162
69 98
69 169
70 106
74 94
75 174
76 97
76 127
79 134
80 173
81 127
82 105
82 117
82 134
82 165
84 125
84 136
86 117
88 151
89 135
89 138
91 108
92 97
92 134
93 132
94 137
95 104
95 111
95 124
96 176
97 195
98 191
99 101
99 133
99 143
100 129
102 162
104 130
107 114
107 185
107 194
109 112
110 164
111 154
112 162
112 169
112 199
113 204
115 184
117 122
118 146
118 163
120 172
122 154
124 187
124 217
125 214
127 185
127 218
129 161
129 176
129 227
130 156
132 182
133 232
134 151
135 182
137 175
140 186
140 201
140 231
143 220
144 191
146 171
146 198
148 186
148 238
149 176
150 227
151 164
151 166
154 193
155 189
155 193
155 195
155 225
156 191
156 244
157 192
157 253
159 220
159 253
162 231
164 211
164 232
165 169
166 222
167 205
167 236
167 244
168 174
168 194
171 228
173 179
173 197
173 214
175 275
176 184
176 193
177 214
179 214
179 235
179 260
180 231
181 222
181 270
182 252
183 252
185 218
185 276
186 201
187 286
188 275
189 245
189 273
192 223
193 276
194 270
198 284
202 295
203 281
205 218
206 266
207 265
209 288
210 292
210 307
213 215
213 271
213 311
215 231
215 309
216 276
216 287
218 303
220 244
223 235
223 242
223 277
223 298
223 317
224 283
224 310
225 226
225 301
226 300
228 244
228 266
229 278
229 320
229 325
230 316
231 286
234 275
234 334
235 267
235 278
235 294
236 318
237 285
237 329
238 332
239 249
239 296
239 336
240 246
240 305
241 311
242 284
242 290
245 283
245 308
247 272
247 285
248 283
248 338
249 263
250 324
251 350
252 338
253 265
253 333
255 266
255 305
256 259
256 324
257 344
259 300
260 278
260 294
260 334
260 344
260 358
261 267
261 329
263 321
264 270
264 311
265 267
265 312
266 334
267 279
267 311
267 337
268 279
269 321
270 273
270 346
271 275
273 296
273 341
273 364
274 334
274 350
275 322
276 358
277 312
278 321
279 310
280 287
281 326
281 352
282 368
283 331
283 382
286 302
287 326
287 385
288 349
289 336
289 375
292 302
292 361
293 365
294 354
294 379
295 394
296 317
297 310
297 333
298 362
298 366
299 361
299 372
301 313
301 400
303 398
304 391
304 400
305 334
306 397
307 318
307 405
308 353
309 357
310 389
310 407
311 347
312 408
314 355
314 414
315 345
315 361
316 388
317 331
317 360
317 407
318 349
318 370
323 334
325 331
325 354
325 392
326 332
327 356
328 396
330 345
330 393
331 388
332 384
333 342
333 347
333 348
334 349
334 355
335 394
336 358
336 408
337 360
337 365
338 376
338 405
340 386
343 388
343 416
347 378
348 393
348 415
349 388
349 428
350 382
351 353
351 366
351 372
352 444
353 367
353 395
354 402
357 425
358 400
360 397
360 426
360 430
362 438
364 365
366 379
366 436
366 459
368 456
369 384
370 401
370 430
370 448
371 386
372 394
372 450
373 387
373 471
375 457
376 466
378 380
379 412
379 476
380 398
380 401
382 475
384 467
384 477
385 404
385 441
385 463
385 470
386 396
386 442
387 399
387 441
388 429
388 445
390 393
390 416
390 475
391 458
392 430
394 464
396 411
397 403
397 426
397 445
397 470
398 487
399 439
399 488
400 429
400 476
401 403
401 480
401 501
402 432
403 473
403 479
404 425
404 463
405 503
406 498
407 471
407 486
407 503
408 423
409 483
410 427
411 445
411 455
412 431
412 438
412 484
413 430
414 450
414 485
416 436
417 426
417 469
417 491
417 505
417 507
424 486
424 519
425 509
426 443
427 462
427 501
428 443
428 466
428 521
428 522
429 453
429 474
430 479
431 455
431 477
431 479
432 468
432 501
432 525
433 451
433 452
433 528
435 441
435 449
435 471
436 439
436 461
436 480
436 518
437 484
437 529
438 471
440 485
442 452
442 498
443 521
444 486
445 456
445 475
445 478
448 480
448 487
448 491
449 519
449 521
449 528
450 457
450 537
451 466
451 471
452 479
453 474
454 458
454 523
454 551
455 465
455 471
455 554
456 496
457 538
458 467
458 536
458 549
459 504
461 465
461 518
462 546
464 466
465 543
467 544
468 503
468 535
468 567
470 540
471 495
471 560
472 508
474 502
474 572
475 506
476 515
477 487
477 518
477 526
479 503
479 515
481 504
481 554
482 500
482 520
482 551
482 566
483 517
483 526
483 579
484 542
485 498
485 524
486 553
486 576
487 498
488 549
488 550
489 524
491 582
492 529
493 531
493 544
493 555
494 496
495 533
495 578
499 564
502 516
502 524
503 527
504 520
505 521
505 524
505 528
507 568
507 584
507 598
508 582
509 520
509 574
509 593
510 551
510 604
512 562
513 527
513 589
514 559
515 545
515 576
516 541
516 577
517 613
521 560
522 526
523 567
525 571
526 565
526 618
527 534
527 577
529 594
531 587
531 592
532 538
532 568
532 580
532 603
536 567
536 580
537 569
538 586
539 593
539 639
540 624
541 616
541 625
541 641
546 568
549 565
549 574
551 628
551 634
552 615
552 649
553 630
557 566
557 606
557 637
557 644
557 652
558 609
558 632
559 631
560 585
561 598
561 651
562 606
562 624
562 657
565 660
567 609
568 575
568 585
568 628
568 643
570 577
570 656
570 670
571 629
571 653
572 607
572 622
573 590
573 673
574 653
575 593
577 609
578 611
580 601
580 613
580 674
580 675
581 635
582 609
582 633
582 679
584 601
584 633
585 679
588 612
589 647
590 681
591 677
592 645
593 630
593 693
594 638
594 668
595 627
595 660
596 597
598 599
598 672
598 686
599 629
603 618
604 654
604 659
605 622
605 690
607 673
608 648
610 661
611 691
612 629
612 694
613 700
614 627
617 654
617 694
618 661
619 639
619 719
620 672
623 628
623 667
625 683
625 705
625 720
627 718
627 722
628 672
630 672
630 690
632 732
635 647
635 680
635 706
635 719
636 672
636 696
636 717
637 675
638 682
639 725
642 730
644 666
645 685
646 735
647 685
649 656
649 709
650 652
651 659
651 683
651 742
653 718
655 721
657 748
658 751
659 663
659 673
659 676
659 737
662 709
663 729
663 760
664 743
665 689
666 739
666 744
667 759
668 701
669 726
669 764
671 716
672 699
672 741
673 714
673 726
675 685
679 753
680 708
680 755
680 763
681 734
681 746
682 743
684 697
686 691
686 761
687 737
687 774
689 709
689 758
690 763
690 784
691 763
691 769
692 694
692 751
692 779
693 704
694 775
695 702
695 725
697 797
698 724
698 746
699 720
699 766
700 743
704 717
704 738
704 795
705 711
705 730
706 716
706 740
707 714
707 749
708 711
708 756
708 779
709 760
710 774
711 733
711 783
713 733
713 793
714 719
717 728
718 777
719 734
719 749
719 807
720 797
721 771
721 780
721 798
721 803
722 748
722 779
724 781
725 797
726 732
726 756
727 783
730 731
730 741
730 777
731 774
731 776
732 734
732 807
734 756
735 756
735 812
735 829
736 741
736 751
736 822
737 775
737 835
739 758
739 767
740 777
741 777
742 774
742 830
743 756
743 807
744 757
744 790
744 793
746 764
747 763
747 796
747 810
747 818
747 819
748 792
749 796
751 820
753 765
753 772
753 839
754 757
754 793
754 796
754 815
760 780
760 804
760 805
760 837
761 793
762 804
763 766
763 807
763 818
763 842
764 857
768 783
768 797
768 798
769 786
769 814
769 834
769 853
769 860
769 863
771 816
772 859
773 777
773 867
773 873
774 779
774 819
775 849
778 828
779 834
780 795
780 817
780 826
780 863
782 797
783 798
783 882
784 785
785 826
785 835
786 871
787 833
788 826
789 791
789 792
789 877
790 800
790 801
792 827
793 849
793 878
794 852
798 817
802 830
803 827
803 867
804 897
804 903
805 808
806 855
806 884
806 899
807 826
807 878
809 908
810 845
810 846
811 850
812 818
812 880
812 882
815 820
816 830
816 910
818 883
819 887
820 855
820 864
820 892
821 915
823 827
823 889
825 912
827 839
827 840
830 842
830 864
830 928
831 838
831 887
833 848
833 865
834 835
835 908
835 922
839 889
839 898
840 842
840 858
840 937
841 901
842 917
842 933
843 931
846 907
846 926
851 940
854 915
857 906
857 917
858 880
859 894
861 862
861 891
861 907
861 942
862 914
863 955
864 923
864 955
865 930
865 952
867 870
868 872
869 922
870 964
870 969
871 895
871 916
871 941
871 949
872 921
872 925
873 880
874 883
875 886
876 957
877 910
878 910
879 898
879 953
879 956
880 954
880 969
882 929
884 921
886 892
887 925
889 908
891 901
892 940
892 946
895 922
896 902
897 899
897 970
898 938
899 906
903 969
904 917
904 940
904 963
904 994
905 921
907 910
907 977
909 963
910 913
910 975
911 918
912 930
912 954
913 931
916 923
916 967
918 920
918 926
919 992
920 931
920 992
922 925
924 926
924 956
924 979
926 941
927 966
927 997
931 954
931 981
932 978
933 955
934 955
934 972
935 960
939 988
941 962
943 995
948 982
953 969
953 970
953 986
953 987
953 995
958 972
961 978
963 969
963 983
965 994
970 989
975 979
981 993
7 16 9 12 9 7 10 22 1 5 5
14 2 11 14 16 4 19 25 4 10 2
1 1 21 2 19 12 11 31 31 18 13
2 4 21 37 17 1 5 3 6 27 7
2 20 21 21 1 12 12 35 17 8 3
6 1 8 1 7 2 6 4 14 3 7
21 25 16 9 11 6 15 6 7 15 8
19 15 14 4 6 10 1 10 7 6 11
12 29 11 11 27 1 23 13 5 2 18
9 8 8 22 13 23 9 10 15 5 19
26 4 12 11 6 14 13 11 6 3 22
7 5 3 1 10 3 17 10 16 8 2
11 14 8 19 17 10 7 4 5 11 3
3 11 14 8 7 13 22 9 16 7 11
23 9 18 3 15 18 18 6 3 2 1
17 3 22 23 15 6 11 14 4 1 22
7 4 14 11 9 15 11 30 15 5 15
4 0 2 6 9 16 10 7 7 7 3
21 15 8 2 10 9 12 0 3 5 1
4 24 1 7 13 5 2 18 12 10 4
1 1 5 1 1 5 1 3 1 1 1 7 1 1 8 1 1 2 9 1
8 5 15 17 16 16 1 1 7 4 1 17 2 10 1 1 6 19 2 18
27 26 15 27 27 42 16 20 17 9 11 43 24 12 22 9 6 34 40 36
2 5 11 5 13 11 1 11 1 1 3 18 5 4 12 2 1 13 18 14
7 6 4 12 14 16 8 10 3 4 8 8 12 9 13 1 4 15 20 5
27 36 28 45 16 60 20 32 32 29 37 44 28 25 44 44 27 40 45 17
22 5 12 30 24 42 8 29 16 15 19 19 18 22 23 15 15 24 31 19
28 41 26 41 11 41 18 19 30 15 26 38 24 11 25 37 13 40 32 33
1 1 1 2 1 6 1 1 1 1 1 1 1 1 1 1 1 4 5 2
29 31 17 35 17 45 19 27 32 8 29 29 19 11 25 37 16 28 36 20
46 38 34 41 24 51 15 36 31 30 20 47 44 27 28 22 26 62 45 58
18 16 8 17 20 25 5 12 15 2 11 22 12 6 27 12 3 18 30 14
32 28 9 30 35 53 21 24 26 18 22 44 30 25 34 23 15 45 46 36
1 5 8 6 1 8 1 1 2 1 5 4 1 1 2 8 3 10 3 2
7 3 9 10 15 6 1 8 5 1 4 3 1 8 6 5 3 6 8 9
31 39 21 46 12 48 12 31 30 23 36 32 27 17 37 45 25 42 35 26
20 22 15 28 12 32 11 11 20 5 13 25 21 5 30 20 4 33 37 20
23 36 38 31 6 57 18 21 23 17 27 54 19 20 38 24 24 49 44 32
37 20 29 37 44 51 19 39 13 26 29 34 24 27 26 26 30 39 38 41
19 23 21 39 23 54 31 38 26 13 25 42 27 26 25 24 13 32 45 24
10 8 18 8 17 19 5 14 9 5 9 19 6 11 23 11 5 17 22 16
25 21 28 24 38 45 22 30 1 5 17 39 18 29 31 6 18 42 43 31
8 3 11 24 10 22 6 12 11 6 7 8 10 11 14 9 8 15 17 18
6 4 2 1 1 6 1 1 5 1 3 1 1 1 8 8 1 3 8 1
9 18 13 13 10 17 4 5 4 3 8 17 9 1 14 11 7 19 13 12
8 12 6 20 17 14 5 4 4 1 1 14 12 6 12 1 1 14 18 17
8 11 1 14 16 20 6 11 9 1 7 14 8 5 10 5 3 13 17 13
25 34 37 19 20 47 21 30 27 8 28 48 13 22 37 20 24 43 37 36
1 2 7 3 2 10 1 3 1 1 1 6 2 1 8 1 1 4 14 1
25 20 11 27 22 42 7 24 19 22 18 29 30 15 30 22 15 42 39 34
18 25 46 33 14 48 10 20 16 17 26 44 9 28 32 24 28 45 25 26
2 8 3 10 10 12 2 3 6 1 2 9 6 1 6 1 1 7 12 6
24 19 18 16 23 35 8 25 27 18 20 23 14 21 26 25 19 25 26 26
19 30 26 34 16 48 5 26 23 26 28 33 17 18 28 36 28 32 22 22
5 6 6 6 5 12 1 9 5 1 3 14 6 1 15 5 1 9 18 13
20 27 21 40 15 50 21 16 28 20 21 40 27 18 17 24 14 40 33 32
20 24 21 43 22 51 31 28 24 16 17 47 34 26 46 21 1 45 50 34
22 23 28 23 7 30 17 24 18 7 21 29 17 12 30 22 12 40 38 27
44 34 18 44 27 50 21 23 31 15 16 45 36 20 40 24 13 50 51 46
38 37 22 38 25 49 23 30 35 15 19 50 37 20 27 21 14 39 51 51
5 6 10 12 14 10 1 11 2 2 1 12 8 5 9 1 1 11 11 19
36 47 34 48 36 57 18 26 24 24 29 48 32 32 48 35 33 53 45 34
9 7 18 1 1 21 5 12 9 1 9 14 1 6 19 8 6 15 19 10
39 30 32 38 31 58 20 32 32 21 36 48 16 30 36 34 31 56 41 37
29 19 24 28 24 43 10 29 12 19 13 38 30 15 27 13 13 43 41 49
34 25 21 37 30 40 16 29 34 9 21 31 19 22 23 30 16 23 34 32
20 15 17 18 6 34 14 24 23 6 20 19 14 11 36 22 11 27 40 11
1 5 9 5 2 9 1 1 1 1 2 5 1 1 2 3 2 6 4 1
24 25 43 46 11 59 13 32 14 24 31 44 25 30 43 31 28 54 43 29
32 32 29 38 22 61 20 39 23 26 25 49 36 12 19 22 22 46 46 52
20 16 7 17 16 24 7 7 19 11 10 28 12 9 21 15 8 25 22 25
1 1 7 3 2 3 1 1 1 1 1 1 1 1 1 2 1 5 1 2
6 1 3 7 4 9 1 4 8 4 3 9 1 2 7 5 1 11 11 13
1 1 6 1 1 7 1 1 1 1 1 5 1 1 1 1 1 6 3 2
2 10 14 9 11 20 3 8 10 1 3 18 3 3 15 7 1 12 15 10
28 28 19 28 18 30 16 28 12 7 11 27 29 8 33 18 7 35 36 32
13 17 19 31 17 30 11 8 13 7 9 26 15 14 19 13 10 32 22 25
8 4 6 10 4 7 1 4 10 1 5 2 3 3 9 9 1 5 10 4
45 42 33 47 44 50 14 28 26 22 24 43 36 30 39 31 31 56 40 43
1 1 10 8 4 11 1 1 1 1 2 6 1 2 1 5 1 13 5 11
17 28 26 24 18 38 18 19 21 1 12 41 15 12 19 19 11 28 32 30
32 29 14 30 11 41 24 25 35 23 25 36 34 18 30 21 16 36 44 34
28 31 19 22 7 34 12 22 25 20 31 29 22 9 28 31 18 40 34 26
29 35 28 44 26 36 14 18 27 14 22 31 20 18 22 28 20 40 21 32
10 4 9 19 8 21 1 9 11 3 4 9 4 6 10 8 4 11 14 16
40 31 31 49 30 60 28 39 26 20 21 45 40 12 39 35 19 41 56 51
45 36 35 39 45 65 20 35 32 24 21 59 37 36 49 24 28 61 56 57
32 27 31 35 30 36 8 13 29 20 8 31 25 24 22 22 22 33 27 29
31 29 15 27 30 46 18 28 16 14 17 37 33 19 30 10 17 45 43 39
20 7 10 37 12 36 19 31 19 19 22 14 31 8 26 24 9 23 36 17
1 5 6 4 4 7 1 1 1 1 1 6 4 1 5 3 1 8 11 4
32 38 19 54 16 62 31 40 33 17 28 51 40 20 53 36 11 52 59 37
21 23 6 28 16 53 19 24 32 26 31 43 29 23 28 24 15 45 43 27
2 3 2 1 1 3 1 2 1 1 1 1 1 1 2 5 1 5 1 4
1 3 1 3 1 8 1 1 6 1 1 1 1 1 3 4 1 3 3 1
23 17 25 34 26 35 10 11 20 12 5 29 15 19 11 11 14 19 21 25
3 3 7 6 6 12 1 8 4 1 1 10 4 1 15 4 1 6 19 8
26 23 28 40 27 42 8 21 10 17 16 28 23 15 23 21 21 41 26 37
18 20 11 28 8 35 14 14 21 11 9 27 20 8 10 14 6 27 27 31
5 7 8 9 1 10 1 4 4 1 5 4 3 1 4 6 5 10 9 5
4 14 18 14 8 33 1 12 11 8 18 21 1 7 18 18 13 18 13 4
39 39 36 58 42 65 23 28 25 33 38 55 39 42 43 34 36 67 45 34
6 1 8 14 3 17 1 13 8 4 4 7 7 1 8 6 1 5 11 12
11 13 10 4 10 12 2 5 3 1 2 14 9 1 17 5 1 12 20 7
5 6 11 5 6 14 1 8 3 1 4 11 2 1 9 8 3 12 13 9
18 27 23 33 13 23 9 15 16 8 19 24 13 11 22 24 14 36 18 23
17 15 5 13 12 17 7 10 12 8 10 20 20 3 17 8 1 22 30 19
44 43 41 43 29 63 22 49 23 26 38 51 38 26 57 41 35 64 56 46
12 8 25 21 18 30 1 13 15 10 8 20 5 14 15 11 13 20 13 19
28 34 25 48 29 44 24 19 24 11 20 40 30 21 25 26 13 41 39 33
14 16 25 22 19 38 4 14 10 11 25 24 3 16 21 21 19 27 23 8
41 34 26 36 36 51 20 39 24 24 18 42 40 26 45 25 25 48 52 49
4 7 8 3 11 10 1 2 3 1 2 10 4 1 12 4 1 9 14 5
5 5 14 14 13 11 1 8 5 1 1 8 1 9 4 4 5 15 8 16
4 9 10 7 1 10 1 6 1 3 7 6 1 1 3 9 7 11 5 6
34 31 42 46 32 67 29 46 20 19 24 46 35 30 51 20 29 57 58 45
24 23 41 44 27 51 11 17 22 23 11 38 23 26 22 23 27 43 26 30
9 9 5 19 7 22 5 14 14 3 3 14 7 1 8 11 1 2 13 16
10 11 13 11 11 12 4 5 8 1 8 12 6 4 10 11 5 16 13 10
1 3 4 2 3 4 1 2 3 1 1 1 1 1 3 3 1 5 5 3
6 4 8 14 5 19 9 10 4 5 4 12 11 6 17 3 1 11 24 4
26 23 11 30 20 47 13 25 19 19 16 35 31 14 33 20 15 41 40 36
1 4 6 7 8 7 1 9 6 1 1 1 1 1 4 5 1 6 1 8
48 43 37 39 35 69 32 51 46 19 44 62 30 33 40 42 31 56 61 52
24 36 19 32 9 33 13 15 15 19 29 30 31 11 31 28 17 46 38 19
34 29 24 34 14 59 17 32 35 17 21 45 27 21 27 27 16 40 48 46
14 14 18 26 12 28 2 15 14 9 17 11 9 8 16 22 13 20 18 12
2 7 8 3 7 12 1 2 3 1 3 9 3 1 11 6 1 9 14 4
1 7 6 8 4 10 1 10 3 1 3 5 5 1 6 6 3 8 9 9
26 24 19 26 32 35 20 22 25 4 20 30 15 21 14 22 14 25 28 28
39 46 27 35 40 59 18 33 30 28 31 56 33 29 41 28 31 57 42 46
19 11 12 16 15 28 1 9 18 10 11 22 8 10 11 11 6 23 17 25
25 24 22 33 33 32 16 21 11 5 4 27 25 19 28 7 11 31 32 35
23 21 17 14 16 40 13 25 29 11 15 33 10 15 29 25 13 22 32 24
29 38 28 30 24 58 13 35 31 28 39 46 19 27 35 44 34 39 32 25
9 7 12 6 5 14 1 12 7 1 4 11 5 4 14 6 1 10 17 10
1 2 5 7 1 9 3 1 1 1 1 4 5 1 6 2 1 7 12 3
26 16 20 37 6 51 25 38 28 15 20 30 26 15 36 24 13 28 47 30
10 11 7 16 16 22 11 13 5 7 12 19 18 12 20 7 4 27 27 11
1 1 8 12 5 9 1 1 1 1 1 4 1 3 1 1 1 12 5 9
13 11 11 13 10 13 1 8 10 2 7 7 6 6 16 12 5 17 14 15
51 50 40 36 43 69 34 49 42 16 33 61 31 41 58 30 34 56 60 52
9 8 8 10 16 21 5 12 4 4 16 13 1 9 4 10 12 18 11 7
41 25 40 36 33 54 18 44 26 23 31 42 28 24 43 32 30 57 52 51
22 17 9 3 27 23 5 18 18 17 19 25 15 17 26 20 15 30 28 25
3 7 11 9 4 14 1 9 4 1 1 11 3 1 10 3 1 9 12 9
34 40 25 37 31 50 17 20 18 13 23 51 24 19 27 20 16 49 41 37
12 15 20 30 11 38 8 22 13 9 12 24 13 1 8 22 11 22 20 28
21 28 25 29 16 39 10 13 21 12 12 41 16 12 9 19 12 33 24 36
23 30 45 40 20 67 24 37 22 22 43 52 20 39 44 27 35 55 46 24
39 25 34 36 29 55 11 31 27 39 28 41 35 28 17 25 37 56 32 53
22 16 36 33 27 42 8 17 21 20 9 28 20 24 17 19 24 35 23 29
1 4 2 3 1 7 1 5 1 1 1 1 1 1 4 4 1 5 2 6
24 28 11 26 21 28 14 16 11 3 6 31 25 7 25 9 4 32 35 30
13 19 3 15 19 21 9 8 11 1 5 19 10 5 12 8 2 15 14 14
25 26 36 45 16 57 25 37 22 14 20 38 28 12 21 31 21 33 41 39
4 11 15 7 6 13 1 6 2 1 4 14 4 1 11 7 4 14 12 7
3 4 7 4 6 6 1 6 3 1 1 3 1 1 3 3 1 7 5 7
1 5 8 8 1 11 1 4 1 1 3 6 1 1 2 6 2 9 7 7
11 13 13 5 12 21 7 12 4 1 3 21 9 5 25 6 1 20 26 17
5 3 14 10 11 15 1 4 3 1 6 8 1 4 5 8 5 14 8 11
24 28 10 35 10 32 20 27 16 12 20 24 34 8 31 24 11 40 39 30
14 20 32 34 10 39 1 16 11 14 20 29 11 15 23 25 20 32 21 21
15 13 5 12 10 21 4 4 15 3 5 20 5 2 20 12 3 9 21 11
40 43 31 46 37 56 15 20 30 22 25 54 26 27 39 36 28 52 40 43
3 6 4 5 7 8 1 5 4 1 1 11 3 1 7 1 1 5 10 8
19 17 20 24 27 38 16 24 9 10 19 28 17 21 27 13 14 31 39 16
10 4 1 6 14 13 3 7 5 1 10 8 6 5 12 6 4 12 19 5
18 14 11 16 6 27 11 17 23 7 9 26 7 6 17 20 7 13 23 22
19 15 12 20 26 31 10 26 2 1 5 26 17 11 21 1 5 22 25 22
15 9 7 19 5 34 7 22 20 5 7 25 8 5 20 16 4 14 27 26
30 32 22 31 29 45 20 32 23 4 23 38 18 16 26 27 13 29 39 30
44 40 27 48 42 38 22 19 29 14 12 40 35 27 29 21 18 40 32 39
3 4 6 6 1 9 1 6 6 1 1 5 1 1 2 4 1 6 5 7
14 29 29 38 6 53 6 23 7 20 17 45 25 13 28 22 17 44 34 29
35 24 19 18 35 53 15 40 21 29 37 43 22 29 31 29 30 46 45 39
23 6 17 15 32 34 9 25 10 16 22 24 4 26 19 15 22 26 25 21
10 8 2 11 1 13 3 8 15 1 6 10 4 1 14 12 1 5 17 8
42 34 31 40 40 56 19 34 32 16 30 45 26 29 42 31 25 50 49 37
33 25 31 48 35 76 30 46 31 30 38 61 25 41 41 36 30 59 54 44
35 34 25 39 25 42 15 34 28 19 30 32 29 15 40 37 22 48 41 38
20 19 33 54 24 60 26 39 18 29 30 40 41 22 41 32 17 52 49 36
8 13 21 20 7 29 6 17 13 1 8 22 5 7 15 14 6 19 14 22
7 10 14 22 7 28 10 11 16 5 7 16 9 6 16 13 5 14 20 16
24 27 26 41 12 36 14 22 21 5 14 28 16 10 19 24 11 29 28 29
1 4 5 4 10 5 1 3 1 1 3 3 3 2 4 1 1 5 9 1
35 21 22 39 34 51 21 35 18 19 31 34 22 28 31 28 25 44 41 35
5 4 8 1 1 8 1 6 1 1 1 7 1 1 5 4 1 8 9 8
15 21 23 12 10 38 3 19 12 11 20 38 10 12 20 11 14 37 30 24
15 11 12 1 7 26 1 18 14 9 14 19 5 10 24 19 11 21 22 14
2 3 9 7 1 18 1 1 4 1 5 7 1 1 8 8 3 8 12 1
19 21 16 28 8 40 17 18 24 2 12 25 17 8 23 24 6 17 36 16
34 40 29 45 40 45 30 23 29 9 16 48 35 25 25 25 16 41 42 48
36 36 5 13 25 46 16 25 33 26 24 46 32 21 32 21 20 45 44 43
28 29 27 29 14 40 18 32 28 15 33 30 16 20 43 35 23 43 40 25
17 16 7 10 11 15 2 11 13 6 12 11 9 4 22 17 8 17 23 11
17 19 16 22 19 27 4 18 15 12 17 17 15 11 23 22 15 25 26 21
1 1 7 4 7 6 1 1 2 1 1 3 1 1 5 1 1 3 4 1
25 27 32 31 20 43 1 17 14 29 31 38 15 28 30 34 33 46 24 20
18 17 22 26 22 30 6 24 9 4 17 23 12 13 17 15 12 32 22 22
26 35 22 32 21 44 18 16 14 22 21 43 33 20 28 13 19 52 41 37
40 38 53 42 31 67 15 47 22 28 43 55 28 37 52 37 41 66 52 47
3 1 1 2 1 6 1 1 2 1 1 9 1 1 1 1 1 9 3 8
29 22 33 27 24 38 3 15 22 15 12 32 18 22 28 21 20 38 26 23
7 15 11 22 1 34 4 10 16 7 13 19 2 2 13 21 11 15 16 11
1 1 4 7 3 3 1 3 3 1 1 1 1 2 1 1 1 2 2 6
6 9 1 11 11 9 3 9 1 1 1 9 11 1 10 1 1 8 10 15
25 28 22 31 22 48 4 27 14 23 25 35 23 13 34 30 25 41 34 30
1 3 3 1 1 4 1 1 1 1 1 4 1 1 5 1 1 4 9 1
32 49 30 49 14 45 18 26 25 17 30 41 31 16 38 42 21 39 44 18
14 16 6 17 17 25 8 13 17 6 9 23 11 4 20 13 6 17 20 23
32 38 49 56 29 62 13 29 30 26 20 49 26 30 27 36 30 45 28 43
4 10 13 8 9 13 1 1 2 4 4 18 7 3 7 5 4 21 12 14
10 9 17 17 20 17 1 3 7 5 1 19 7 11 10 3 7 16 13 14
10 12 15 18 6 24 3 2 11 4 3 23 4 5 1 9 4 22 8 23
31 38 24 56 31 55 29 34 28 10 26 39 39 22 31 32 15 39 44 36
32 33 27 59 33 58 21 24 24 18 16 47 38 25 30 22 16 51 37 45
10 13 10 26 13 28 12 11 9 2 3 23 17 7 25 5 1 20 29 18
24 31 33 40 25 46 12 15 18 8 15 45 17 17 28 22 15 42 33 32
30 27 17 22 26 40 15 25 31 8 20 37 18 16 29 28 13 23 39 27
15 15 31 22 22 47 7 18 13 13 22 38 10 22 32 18 21 45 35 26
1 1 3 2 1 4 1 3 1 1 1 8 1 1 2 1 1 5 6 7
35 33 30 35 35 54 9 36 16 25 38 40 23 29 40 35 33 49 41 30
38 19 34 44 28 63 12 33 30 32 19 43 35 27 29 22 25 52 45 51
11 6 19 5 6 22 6 14 9 6 7 27 7 11 18 3 4 26 24 26
2 2 2 5 4 4 1 1 4 1 1 3 2 1 6 2 1 3 9 1
22 20 16 24 19 30 5 2 16 5 7 29 9 9 20 16 9 28 21 25
40 51 37 58 25 66 21 36 23 24 27 53 41 21 45 42 28 46 50 41
21 40 41 44 21 54 12 29 9 22 26 55 27 23 39 29 26 50 41 34
5 10 10 6 3 14 1 7 6 1 1 19 3 1 12 4 1 14 15 14
23 32 12 27 8 29 9 15 23 11 26 25 16 5 33 31 15 35 30 16
2 4 1 5 8 4 1 2 1 1 1 7 4 1 6 1 1 7 10 9
38 21 24 37 31 49 17 29 15 28 22 35 40 13 33 25 21 48 50 48
11 5 6 13 16 23 3 18 11 3 12 13 2 9 12 8 7 8 18 10
18 26 13 26 15 25 11 14 17 1 6 27 15 4 15 18 6 22 20 30
11 10 11 7 17 20 1 13 15 11 16 12 5 11 16 17 12 16 15 9
12 11 19 30 7 44 22 25 25 10 13 31 16 18 29 18 5 23 38 19
10 8 7 8 1 10 4 7 9 1 5 9 6 1 14 8 1 7 18 1
34 30 19 39 7 54 37 46 43 14 33 40 31 24 54 30 17 40 60 33
3 1 2 1 1 6 1 3 1 1 1 9 1 1 4 1 1 8 10 12
4 6 9 21 1 30 7 16 2 8 5 22 18 4 17 4 1 26 27 17
36 22 40 29 21 55 21 41 31 16 26 39 19 25 36 24 27 44 40 47
26 20 14 7 15 37 9 26 28 27 25 37 21 21 27 17 21 36 37 32
7 8 9 9 14 25 3 13 11 3 13 14 3 7 12 9 8 11 18 4
13 12 7 17 9 14 7 17 12 4 9 9 13 1 13 13 1 16 18 17
5 3 1 5 1 5 1 1 9 1 2 6 1 1 7 6 1 6 9 6
8 1 4 10 4 17 2 7 11 7 7 12 6 4 10 9 5 13 16 11
3 1 6 9 10 6 1 7 5 1 3 3 3 3 3 3 1 5 8 7
3 8 9 6 4 7 1 1 1 1 4 3 1 1 2 7 4 8 2 1
7 5 3 4 1 3 1 6 4 1 2 1 3 1 5 5 1 5 5 7
36 45 29 52 38 52 26 30 20 10 20 48 31 25 33 22 22 50 42 44
2 6 13 5 4 14 1 10 1 1 4 10 1 1 7 5 4 11 9 8
7 5 21 5 5 18 4 10 6 1 5 16 1 9 17 6 3 20 17 15
12 18 14 21 21 27 1 7 9 4 15 20 7 7 17 13 10 27 18 15
20 22 15 28 14 31 10 17 15 2 1 26 18 3 16 15 1 18 25 32
9 22 21 20 9 23 1 12 5 12 17 21 8 9 17 19 16 24 15 11
10 20 13 31 1 34 17 12 17 9 13 23 15 8 16 19 9 21 22 14
33 29 29 35 37 43 13 19 7 10 17 44 23 23 26 12 20 51 33 34
47 56 28 52 29 54 40 44 39 7 29 51 42 22 45 40 19 46 58 48
8 7 7 7 12 14 1 10 7 1 8 10 4 6 9 8 4 13 13 11
5 3 5 3 9 7 1 6 4 2 4 8 2 2 5 5 1 11 6 11
42 42 29 43 27 61 25 41 27 16 19 54 41 20 32 19 14 54 56 60
32 28 25 17 20 57 17 38 30 20 32 49 24 25 37 14 25 50 51 44
40 25 30 32 38 70 10 42 29 39 39 52 28 35 23 28 41 60 41 50
1 9 9 7 6 8 1 2 4 1 4 7 3 1 8 7 2 13 8 8
20 20 33 53 17 60 12 19 20 29 20 43 27 25 25 24 23 48 26 35
23 32 23 32 9 40 11 16 27 17 25 32 12 14 23 38 21 26 24 18
20 18 21 37 19 40 11 14 19 4 13 21 13 13 16 20 11 22 23 21
2 1 6 3 1 6 1 1 1 1 1 2 1 1 5 2 1 3 10 3
42 46 38 29 17 57 31 36 43 13 32 58 29 21 44 32 23 50 54 48
10 9 24 11 1 34 12 16 16 1 14 24 4 12 26 8 12 26 30 17
15 16 15 11 17 24 1 16 13 10 15 22 9 9 22 18 13 24 23 19
15 12 27 35 21 48 12 29 11 13 22 29 17 20 26 17 16 38 31 26
37 42 28 46 31 51 22 36 23 14 19 45 41 16 39 21 15 50 49 44
9 10 13 11 7 29 1 17 14 4 11 17 1 4 17 16 8 15 19 12
31 29 12 18 27 42 14 20 12 14 24 40 26 16 24 15 16 43 42 32
36 33 30 17 25 55 24 34 41 26 30 50 23 28 41 39 28 43 46 41
8 9 21 24 14 22 1 6 7 5 5 20 4 11 1 6 11 24 7 22
1 1 9 4 1 15 5 6 1 1 1 13 3 3 13 1 1 11 20 8
11 8 5 14 17 21 1 15 8 4 7 12 9 4 13 7 3 19 11 20
8 5 9 7 9 18 1 11 7 4 9 6 1 4 11 13 7 10 11 7
22 27 15 24 9 34 16 21 26 6 20 30 16 5 31 27 7 32 36 24
20 32 36 34 32 39 11 15 1 11 14 38 19 23 29 14 21 40 25 23
16 25 28 22 13 34 1 15 13 15 22 29 10 14 33 27 19 33 28 15
12 12 8 22 4 27 10 15 15 10 15 17 16 8 24 17 8 26 28 14
47 36 26 53 41 69 25 39 24 20 28 49 42 26 39 27 24 62 57 51
4 4 12 5 2 13 1 6 5 1 3 7 1 1 9 6 2 7 11 2
38 30 19 22 26 47 19 32 39 36 34 42 33 31 33 26 30 45 47 42
7 9 10 12 7 23 1 14 12 8 14 14 3 5 10 17 12 19 8 15
35 24 17 22 32 38 11 23 22 20 22 38 26 26 21 9 20 44 33 42
3 3 1 3 1 3 1 1 3 1 1 5 1 1 5 1 1 1 10 1
12 11 24 19 16 31 1 11 14 11 15 26 5 12 17 18 15 29 21 17
26 33 48 43 33 54 5 22 23 27 17 48 21 31 30 28 33 48 28 33
18 20 18 24 10 35 17 20 16 9 17 30 24 10 30 15 6 38 42 20
2 17 13 16 7 22 1 7 9 8 15 15 2 3 15 17 12 18 7 8
28 36 13 46 13 46 32 28 31 7 21 36 37 10 41 31 2 36 51 25
11 14 9 7 13 25 1 14 16 9 15 23 5 7 18 18 13 23 16 16
16 17 18 27 15 33 13 12 21 1 8 19 13 7 17 19 1 12 27 14
13 14 14 13 8 24 3 6 15 7 10 21 9 1 14 15 6 20 19 14
1 1 1 1 7 5 1 3 2 1 2 3 1 1 1 1 1 4 4 3
34 34 26 40 21 50 28 39 30 17 34 37 33 23 55 34 21 51 59 32
22 12 33 21 16 41 10 23 27 12 14 35 6 28 25 9 23 30 26 31
18 22 14 24 13 16 10 12 16 1 14 11 19 7 24 19 5 25 27 16
24 28 9 32 4 30 15 23 27 8 20 15 19 2 23 30 10 22 23 21
18 15 3 15 2 25 7 10 20 11 12 19 19 4 14 11 5 23 26 21
18 17 16 37 26 48 29 28 15 15 22 33 21 27 20 19 12 30 37 19
4 6 8 4 5 6 1 1 2 1 3 2 1 1 5 8 2 8 3 2
21 15 18 30 10 44 5 21 13 25 22 22 22 7 20 26 20 39 30 28
37 42 23 50 24 50 19 39 33 30 42 32 36 16 42 49 32 50 44 36
22 27 26 24 15 47 16 23 15 7 14 46 22 13 32 10 11 44 42 39
9 12 13 18 5 23 4 4 13 4 10 10 7 3 12 15 8 11 16 4
24 25 16 11 17 34 7 24 25 14 22 34 16 14 36 27 17 35 36 24
35 15 31 42 43 50 22 39 13 27 26 38 23 26 15 22 31 41 29 49
4 9 16 9 5 15 1 7 4 1 6 12 1 1 9 8 6 11 14 1
32 34 20 29 36 54 16 26 26 23 36 43 17 26 34 34 31 40 40 25
15 10 21 16 16 42 7 31 13 10 23 26 5 15 23 16 18 27 28 17
1 8 6 6 8 9 1 1 6 1 1 9 5 1 7 4 1 11 10 7
23 21 33 45 31 60 30 38 12 17 27 51 31 37 45 16 16 57 52 35
3 9 6 13 8 11 2 9 8 1 1 9 6 2 7 4 1 8 6 14
5 8 2 2 8 5 1 1 2 1 1 7 6 1 10 3 1 9 10 5
20 21 22 28 25 50 13 22 14 25 33 42 21 25 32 23 23 50 40 21
5 4 9 11 8 9 1 6 7 1 1 7 1 5 3 1 1 6 4 8
29 37 37 26 16 43 20 24 24 13 28 48 21 19 43 24 22 52 45 32
30 29 26 41 27 45 25 22 29 5 15 43 28 20 31 26 14 32 44 38
5 17 17 20 17 25 1 6 6 6 11 25 5 8 7 11 9 28 7 20
16 12 13 2 4 23 3 12 12 8 9 26 12 4 25 10 3 26 32 21
29 30 31 47 18 51 22 33 26 7 15 38 31 12 23 30 10 39 44 43
42 27 20 39 30 48 22 32 36 15 27 42 25 23 31 32 18 40 46 36
47 42 21 40 41 57 27 43 40 19 38 45 32 31 52 39 26 53 58 41
26 19 24 26 25 39 1 16 25 15 9 34 13 19 23 18 17 31 24 33
14 16 12 22 8 22 9 6 19 1 4 20 10 5 12 16 1 8 22 16
11 21 15 28 7 35 8 11 15 6 10 29 11 2 5 20 7 20 17 25
4 7 9 9 4 11 1 6 6 1 4 10 1 1 3 6 4 13 3 11
17 19 19 22 16 28 3 10 16 13 21 16 9 13 23 26 18 24 23 9
13 19 32 18 19 39 5 18 16 12 23 34 4 19 32 21 21 37 28 19
1 1 10 3 3 7 1 2 1 1 1 8 1 2 3 1 1 8 6 6
7 1 22 15 13 20 1 6 5 5 1 17 3 12 7 1 7 18 9 15
4 9 11 7 6 9 1 4 1 1 6 6 1 1 4 7 6 11 6 5
43 47 47 50 40 62 33 31 32 4 21 58 31 31 43 31 25 49 52 48
40 45 36 42 30 64 26 35 31 15 34 61 26 26 44 31 23 60 51 49
8 16 19 18 11 28 2 9 16 9 15 21 3 9 17 19 13 22 15 12
6 7 13 13 4 26 4 12 8 3 8 12 7 3 20 11 6 15 24 6
19 31 26 33 9 40 4 18 20 15 24 31 10 14 30 34 19 28 25 13
30 29 22 55 22 63 33 41 33 24 32 48 41 27 26 33 14 47 48 41
26 33 37 47 20 58 7 29 11 30 30 49 36 26 39 27 24 57 45 32
9 4 17 12 6 14 4 9 6 1 3 15 3 9 15 5 2 16 20 14
1 5 4 6 5 5 1 1 3 1 1 4 1 1 1 1 1 4 2 1
28 30 21 48 32 48 24 20 14 7 15 40 30 25 31 14 11 45 40 29
42 33 24 42 41 41 20 34 27 19 25 39 34 29 35 23 24 50 43 43
2 1 5 10 4 7 1 4 4 1 1 1 1 3 2 2 1 3 1 9
7 5 9 7 6 5 1 5 4 1 1 5 1 5 5 5 1 10 7 9
21 13 9 16 21 28 8 25 16 8 20 19 16 12 29 18 11 23 35 16
13 10 13 10 7 24 8 16 14 4 11 14 10 6 28 15 5 17 32 6
38 32 20 46 23 40 19 17 28 11 8 42 35 14 23 17 8 39 41 46
12 16 13 23 9 34 8 20 19 9 9 20 12 4 17 18 8 14 22 20
30 24 18 28 28 36 23 31 15 14 31 23 21 21 29 27 19 29 38 17
2 1 10 3 3 6 1 4 1 1 1 3 1 1 4 2 1 4 6 3
19 11 16 24 28 34 4 21 11 7 9 25 12 14 25 8 8 23 27 24
16 19 22 34 9 31 2 18 14 15 21 12 14 7 19 28 17 27 18 17
30 35 21 41 18 65 19 30 23 25 24 49 38 9 28 24 20 50 47 48
15 22 28 20 4 38 19 25 22 1 13 33 6 13 17 16 12 21 26 26
11 7 8 9 5 17 1 4 13 7 6 15 6 3 10 10 4 14 14 13
6 12 1 19 8 21 7 6 11 1 1 13 11 1 13 7 1 10 17 14
19 16 21 40 20 49 19 27 26 9 14 29 20 20 20 22 11 23 33 29
24 23 35 43 20 69 37 50 29 19 38 52 26 38 38 19 25 53 49 40
9 11 9 12 10 7 2 5 8 1 3 7 7 5 11 6 1 11 13 9
10 23 17 21 17 31 6 10 6 1 8 33 8 3 18 9 5 27 21 20
13 21 38 37 21 55 21 34 11 18 33 45 21 36 39 19 24 51 43 19
39 45 28 45 35 59 23 36 38 16 34 49 32 21 41 43 24 44 52 39
7 7 10 5 3 9 1 4 4 1 3 5 3 1 8 6 2 6 12 2
14 22 13 26 9 26 11 3 14 1 3 23 15 3 14 14 2 18 26 17
7 11 11 11 20 19 1 8 1 1 4 20 9 5 12 3 1 25 17 22
28 16 33 30 27 59 13 39 16 19 29 42 20 19 27 20 26 50 45 42
9 6 1 5 8 9 1 1 8 1 3 8 4 1 14 5 1 7 12 4
4 8 10 13 6 16 5 3 6 3 7 8 9 4 14 10 5 17 17 8
14 12 7 14 10 22 5 7 18 1 8 12 3 3 9 16 1 8 14 10
8 9 4 24 1 24 16 8 14 8 7 22 14 9 12 9 1 18 20 15
5 6 13 9 1 19 5 11 1 1 3 14 7 3 14 5 3 16 21 12
7 15 13 15 12 18 3 8 10 1 6 19 5 3 12 11 5 17 12 17
18 12 27 26 17 42 8 31 10 15 20 23 15 5 19 24 17 29 27 28
1 1 4 5 4 5 1 3 5 1 1 1 1 1 2 3 1 4 2 6
2 1 3 5 3 1 1 2 1 1 1 2 1 1 1 1 1 5 3 8
3 1 3 3 1 8 1 3 5 2 4 1 2 1 5 6 2 3 8 2
26 23 30 28 21 35 19 22 24 6 14 34 13 20 28 15 13 30 32 27
16 10 21 23 27 21 5 7 8 11 4 20 16 17 10 1 13 24 17 23
1 1 5 5 1 5 1 1 1 1 1 1 1 1 1 2 1 3 3 1
16 14 11 16 4 20 6 17 14 9 15 12 13 4 16 20 9 22 15 20
17 24 16 36 7 29 15 15 21 4 14 17 16 6 16 24 8 22 22 20
34 29 11 35 19 28 20 31 16 8 13 21 35 8 33 19 9 31 37 32
15 18 27 36 16 36 6 3 14 8 10 23 12 12 16 17 14 26 18 13
5 14 15 19 5 20 6 4 11 1 5 19 2 4 2 12 5 16 7 16
23 25 17 24 13 31 10 19 25 11 25 24 18 6 21 25 9 32 27 23
17 11 9 28 10 27 14 24 16 15 16 17 25 13 29 18 8 28 32 22
7 2 6 5 7 25 1 22 13 8 9 15 4 8 18 11 7 11 16 16
19 10 26 35 24 38 4 19 13 13 6 21 16 14 11 12 13 23 19 31
6 8 17 12 17 21 4 12 6 1 12 17 1 10 6 7 9 19 10 10
2 5 8 11 2 16 1 6 3 1 5 5 3 1 5 8 3 8 9 7
17 21 14 14 14 19 8 10 8 4 7 25 16 4 23 12 5 26 27 21
4 8 3 10 4 11 5 4 10 1 1 13 1 1 4 6 1 8 5 12
1 4 9 14 8 13 1 5 2 1 1 12 5 2 9 1 1 7 16 9
30 23 24 39 25 47 12 28 16 15 22 33 32 16 32 21 14 48 42 35
38 41 14 45 26 58 34 43 42 31 45 46 47 27 62 47 24 58 65 33
6 2 3 1 1 9 1 3 7 1 3 5 1 1 12 7 1 1 10 1
4 1 8 15 7 13 1 1 8 2 3 4 2 6 5 5 4 7 8 7
1 6 4 9 4 8 3 5 8 1 1 8 1 1 4 3 1 3 7 7
4 12 12 9 8 19 4 10 11 1 3 18 5 1 14 8 1 11 13 11
37 37 29 49 45 51 28 32 21 8 12 46 30 29 26 16 20 44 39 49
10 10 10 18 11 21 5 4 15 5 8 10 7 6 16 14 6 16 19 10
17 22 5 16 8 18 8 4 16 3 8 21 15 1 20 15 2 24 21 19
15 24 14 23 15 36 7 15 12 19 25 26 19 15 35 26 19 33 32 8
1 4 10 13 3 11 3 1 1 1 2 1 5 3 4 4 2 11 10 3
6 9 16 19 6 21 1 13 6 3 4 11 5 4 7 6 4 12 10 15
19 15 26 18 17 45 11 34 24 17 23 34 15 22 30 21 21 37 36 36
25 26 39 53 27 67 36 46 32 16 26 52 31 37 33 23 18 46 49 47
3 1 6 3 1 10 1 5 6 1 3 9 1 1 7 5 1 7 6 7
19 16 17 29 25 27 15 8 4 7 4 23 22 17 23 1 7 29 30 21
26 28 10 18 24 29 16 18 20 18 15 37 29 16 22 6 12 37 32 36
17 11 34 23 18 42 16 21 17 3 11 31 10 25 22 1 16 33 29 30
12 9 17 22 9 21 10 11 7 4 6 13 14 11 20 7 4 18 27 9
6 18 8 23 1 24 4 5 10 1 7 14 8 1 13 15 5 13 15 9
1 3 9 7 5 6 1 3 1 1 1 2 1 2 1 1 1 6 7 5
16 15 26 19 22 29 12 19 13 1 8 33 10 17 25 1 10 30 30 31
26 21 26 39 21 42 15 10 26 10 6 29 21 19 17 19 12 21 28 25
2 4 9 5 3 9 1 1 4 1 2 4 1 1 7 5 1 7 7 2
9 21 14 23 5 31 2 8 11 3 10 26 10 1 22 17 7 22 23 17
16 13 4 15 18 20 2 8 15 7 9 17 11 8 21 11 7 16 24 13
14 14 1 15 12 20 5 1 11 2 1 24 11 1 13 6 1 18 20 22
11 8 9 17 9 8 3 3 10 1 4 6 5 7 8 6 3 9 12 7
4 13 13 10 7 17 1 3 7 6 12 12 3 1 11 15 10 15 9 4
35 24 41 37 26 54 29 41 27 19 23 48 35 37 45 11 26 52 52 50
4 4 7 13 6 12 1 8 3 1 1 4 4 1 2 3 1 8 8 11
1 1 10 6 1 14 1 6 7 1 1 9 1 1 8 3 1 4 6 4
42 28 24 49 37 52 23 43 33 22 31 39 33 27 35 31 26 48 44 47
16 5 12 5 22 27 5 21 13 11 20 18 4 16 18 14 15 17 24 7
22 20 16 27 12 37 16 23 27 5 12 25 16 8 22 24 7 14 34 24
14 13 9 10 16 18 1 6 9 6 10 17 8 7 19 13 8 24 21 15
3 3 10 4 1 13 3 12 6 1 3 12 1 4 13 5 1 7 12 8
3 7 9 8 2 9 1 1 2 1 4 2 1 1 6 9 2 7 9 2
3 4 7 1 2 8 1 2 1 1 1 7 1 1 8 3 1 6 11 2
3 2 3 7 1 7 1 3 4 1 1 1 1 1 4 5 1 1 7 3
35 22 8 15 26 34 17 38 32 17 35 24 20 20 33 31 21 33 39 25
55 46 28 44 47 57 30 38 24 28 43 52 37 35 48 38 35 71 53 48
1 1 1 1 1 1 1 1 2 1 1 1 1 1 6 2 1 1 7 1
27 43 30 51 17 54 24 31 18 16 28 51 37 19 52 31 14 57 53 31
23 17 19 18 12 27 19 32 22 1 22 20 15 15 30 14 10 24 37 20
32 25 26 28 35 53 19 41 11 21 31 43 22 24 36 26 27 46 40 39
15 15 8 19 16 34 6 17 15 12 18 24 15 11 23 17 12 31 29 19
21 33 20 27 22 38 7 12 15 11 18 39 20 10 26 18 9 39 27 30
4 1 4 5 1 10 1 1 5 1 1 3 2 1 9 5 1 1 13 1
35 35 23 37 31 48 18 30 35 11 33 34 20 23 24 39 23 32 39 23
49 36 28 27 41 59 18 40 30 30 25 57 41 35 46 23 26 61 57 60
27 37 41 50 36 67 23 38 21 16 23 49 28 30 46 22 26 51 45 43
33 31 23 32 32 37 19 26 15 9 28 35 21 18 31 23 19 48 39 29
11 6 12 8 13 29 2 26 13 9 12 23 7 10 24 11 8 23 26 24
14 14 5 22 3 35 12 12 20 8 11 20 11 7 20 19 6 15 28 9
6 8 15 11 3 19 1 11 6 2 1 19 3 3 11 4 1 17 15 18
6 7 12 8 6 9 1 6 5 1 6 8 1 5 6 9 5 15 4 12
3 1 6 4 1 10 1 6 8 3 5 6 1 1 7 7 3 6 7 8
24 36 23 46 14 45 24 22 24 4 18 38 29 9 37 28 4 39 45 28
1 1 3 4 1 10 1 7 1 1 1 1 1 1 2 2 1 3 4 6
44 36 42 29 32 63 22 43 40 32 41 54 29 36 47 39 37 62 55 52
4 3 1 1 1 1 1 3 1 1 1 1 1 1 5 1 1 1 5 3
12 12 12 8 14 14 6 14 8 1 8 16 10 6 22 7 1 14 25 8
5 16 7 23 11 28 10 6 10 4 11 21 13 6 15 11 4 22 19 10
11 9 6 5 18 12 1 12 6 3 10 9 7 6 14 7 5 12 15 10
1 3 9 9 11 9 1 3 1 1 4 6 2 4 1 4 1 14 6 9
10 6 8 10 10 22 3 11 15 6 10 14 3 5 17 12 6 7 20 6
2 4 1 1 5 3 1 1 3 1 1 5 3 1 9 3 1 4 9 4
7 7 3 13 3 13 1 6 8 1 1 16 5 1 5 5 1 10 10 20
38 35 42 29 40 65 15 40 33 26 40 55 21 40 47 34 40 57 49 43
52 42 33 42 47 56 19 28 29 29 34 53 37 34 35 29 33 67 45 47
11 16 1 14 7 16 5 3 6 1 1 16 7 1 10 4 1 10 17 15
16 17 6 13 13 20 7 8 16 5 7 20 11 1 22 13 5 12 23 16
5 6 4 6 7 7 1 3 8 1 4 10 5 1 10 6 1 11 11 9
27 28 26 54 24 55 22 41 26 30 43 33 36 32 46 42 25 56 45 27
12 15 9 21 16 18 9 8 13 1 1 18 11 4 7 8 1 7 20 16
3 5 9 12 7 10 2 2 7 1 1 6 1 5 1 3 1 7 2 7
50 40 35 39 32 58 15 28 42 37 34 49 41 34 34 40 37 62 47 45
12 11 9 21 10 15 6 9 13 1 3 12 5 6 6 9 2 11 9 20
8 8 1 4 11 1 1 2 4 1 3 7 6 1 12 5 1 9 10 6
12 10 7 22 12 24 4 14 9 6 4 14 18 1 16 8 4 12 22 19
16 20 20 30 6 38 1 19 15 19 22 24 14 8 22 29 20 31 23 20
25 19 10 23 9 34 10 21 23 18 11 29 22 9 9 14 10 25 25 39
14 16 26 24 8 37 8 17 14 4 8 33 7 10 15 13 8 30 22 33
9 21 20 18 7 23 1 4 7 11 18 18 8 8 19 23 15 21 16 5
3 1 5 7 4 6 1 2 8 3 5 1 1 3 6 7 3 2 7 2
11 11 18 22 11 30 1 15 11 13 11 20 15 5 5 13 9 28 16 29
1 3 2 1 5 3 1 3 1 1 1 1 1 1 1 1 1 6 4 4
6 4 10 26 18 27 6 15 11 3 9 13 10 12 9 7 6 19 13 23
4 4 1 3 3 2 1 3 2 1 1 4 2 1 6 2 1 3 10 3
7 21 20 36 13 36 12 6 12 10 14 27 13 13 21 18 10 28 22 12
27 25 16 41 13 37 21 16 28 7 17 22 22 14 26 28 8 27 35 17
36 34 25 29 20 50 32 49 40 11 37 38 30 26 49 25 23 40 54 41
18 17 11 20 22 30 16 18 4 2 3 25 23 11 34 3 4 23 38 19
1 6 11 8 11 8 1 4 6 1 4 10 5 6 11 6 1 8 13 7
5 9 6 13 4 12 6 5 11 1 1 9 2 2 1 7 1 4 5 9
32 23 30 36 19 53 2 19 27 23 13 42 20 17 19 23 21 42 28 43
33 22 28 36 40 71 31 47 30 32 42 53 27 48 49 32 33 56 58 34
7 3 17 19 11 21 1 4 6 2 1 15 2 8 3 1 4 11 10 13
1 6 14 12 1 20 1 9 2 1 2 18 1 1 4 3 2 16 10 14
3 1 10 6 5 17 1 9 7 3 3 17 4 2 10 5 1 14 15 14
17 15 29 41 24 47 9 23 12 12 16 23 16 16 14 18 18 29 21 25
34 28 43 38 31 57 8 26 30 28 17 52 25 31 29 27 31 54 39 46
5 1 6 13 16 16 1 14 8 1 9 4 1 9 4 5 5 7 6 12
27 21 17 37 28 30 17 24 17 7 17 25 28 17 32 17 9 36 37 32
41 32 45 42 45 64 29 50 14 24 37 51 32 27 43 31 34 61 53 53
28 27 19 18 27 39 11 18 13 10 15 38 24 13 30 12 10 39 40 30
31 30 26 26 29 56 15 44 21 27 43 39 18 31 42 39 34 44 43 25
24 16 19 17 21 45 22 28 17 11 20 42 12 22 27 12 17 36 41 31
4 1 5 12 10 21 3 7 7 4 7 11 7 6 12 5 2 14 18 8
26 35 34 45 22 56 19 32 13 14 14 44 30 16 37 21 20 44 41 41
17 5 17 19 19 25 1 15 13 13 10 12 8 17 12 13 15 20 14 21
3 6 12 4 2 15 1 6 4 1 1 14 2 2 13 4 1 13 15 7
6 16 15 15 10 20 1 5 8 1 6 23 9 1 13 8 6 20 19 14
17 20 3 18 10 13 8 12 8 1 3 13 16 1 19 6 1 19 19 16
31 42 30 47 24 62 20 38 32 26 35 46 34 26 54 42 26 51 52 33
5 7 4 7 14 5 1 1 1 1 1 6 5 1 9 1 1 10 9 9
35 36 45 45 18 66 9 46 25 35 42 45 30 29 48 46 40 49 50 30
9 10 2 6 6 4 3 5 9 1 5 5 7 1 13 9 1 11 12 6
27 28 16 34 28 45 22 32 15 14 30 33 26 20 31 26 21 39 40 30
1 6 4 12 4 12 4 1 8 1 1 8 5 1 5 3 1 4 11 4
13 19 23 14 22 33 7 16 2 9 19 36 8 13 20 11 16 37 24 19
5 4 3 10 6 15 2 5 12 4 6 4 4 2 8 8 4 6 11 5
12 3 4 10 6 16 1 18 12 11 10 8 7 6 11 13 9 12 9 18
1 9 9 10 4 10 1 1 2 1 2 12 1 1 2 4 2 14 2 9
10 19 23 30 11 33 1 15 12 15 19 20 12 11 20 22 17 26 18 18
32 17 18 16 38 51 13 28 24 27 30 40 18 32 24 23 28 44 38 34
9 14 11 13 15 18 5 10 11 1 5 18 8 4 13 8 1 13 18 15
21 18 32 43 18 53 16 28 18 17 21 42 28 22 40 20 16 52 43 35
15 6 24 20 9 26 8 26 8 7 8 15 13 12 18 9 8 21 26 26
29 24 20 15 15 53 16 34 27 29 29 42 30 25 37 26 22 47 50 35
1 4 7 1 2 6 1 1 1 1 1 5 1 1 4 1 1 5 6 1
6 2 16 9 14 15 1 14 1 1 1 16 1 9 13 2 1 15 16 19
13 13 24 30 17 43 11 24 17 14 20 29 15 17 29 20 13 35 34 21
36 36 26 46 33 53 7 16 26 21 13 47 33 20 15 19 19 47 29 52
38 40 43 33 40 55 10 29 28 38 39 50 28 39 44 42 44 55 38 34
14 18 17 35 23 40 14 13 9 4 8 35 17 14 19 7 5 34 28 27
42 25 24 35 34 50 20 44 40 25 34 42 28 35 44 32 29 50 45 48
29 13 23 28 36 44 6 17 21 18 15 30 16 28 19 14 24 32 28 22
6 10 18 15 17 19 1 5 1 1 6 14 4 7 8 6 6 18 15 11
11 13 13 7 3 28 2 9 9 9 9 26 15 3 17 8 5 27 29 20
13 22 33 26 12 45 7 23 11 12 26 35 7 20 25 22 22 31 25 11
4 10 14 14 11 16 1 1 7 1 1 14 3 6 8 5 3 14 8 11
10 12 10 27 12 27 16 9 15 8 6 27 16 10 18 10 1 20 27 18
26 37 14 46 7 59 20 24 30 28 32 51 37 18 41 35 16 52 49 32
1 1 4 6 5 4 1 2 1 1 1 2 1 1 1 1 1 7 4 8
28 29 12 46 28 36 25 24 21 6 13 28 32 17 33 18 5 31 39 33
28 27 18 47 24 45 30 35 29 14 25 37 34 25 43 25 8 40 51 30
39 31 7 19 37 48 20 29 25 15 24 44 20 23 36 25 19 35 46 32
23 16 5 8 13 24 1 16 17 15 14 25 18 10 19 11 9 28 30 30
25 20 24 42 26 59 16 36 22 33 37 37 29 30 31 31 27 54 38 32
5 6 7 9 3 15 2 8 1 1 1 13 9 1 16 1 1 14 23 12
30 20 31 34 27 37 12 26 22 13 11 37 25 23 31 13 16 40 31 42
27 26 15 20 18 28 11 20 29 15 29 18 17 15 29 34 19 30 30 13
23 32 39 38 16 52 23 29 29 7 24 40 14 20 30 29 19 30 37 31
22 12 14 19 25 34 9 16 10 10 25 16 7 19 18 21 20 28 26 9
45 43 35 36 28 64 33 36 37 14 21 64 35 31 39 17 20 54 61 63
8 4 6 7 1 16 1 2 8 5 3 17 7 1 9 4 1 12 19 12
27 31 30 50 23 48 16 22 16 12 14 32 27 10 17 28 17 32 32 38
3 1 8 2 1 11 1 6 5 1 3 11 1 1 9 5 1 9 7 7
6 3 1 3 3 1 1 1 4 1 1 1 2 1 4 3 1 1 7 1
4 7 3 13 5 11 2 6 6 1 1 10 6 1 7 1 1 3 14 9
3 15 16 18 2 18 1 1 6 6 10 14 1 4 7 12 10 16 4 5
46 42 16 42 42 51 28 40 39 24 46 38 36 31 47 42 32 55 55 35
29 27 35 44 26 53 7 20 14 27 18 46 28 14 14 21 25 51 28 50
40 47 23 47 20 58 34 38 35 27 35 55 50 24 49 27 20 65 66 46
31 36 39 43 35 63 21 37 16 19 29 61 21 32 28 31 28 52 38 48
32 35 37 28 22 62 22 38 26 23 43 51 11 34 44 35 38 47 45 26
29 34 41 45 33 60 18 21 25 18 20 55 21 27 37 26 26 51 39 42
14 14 7 9 8 18 1 6 14 7 12 12 7 5 19 17 10 17 21 7
43 29 11 47 38 58 27 43 27 19 28 42 38 26 40 28 17 50 55 45
27 22 31 11 7 37 18 26 27 9 23 34 16 19 32 14 15 40 37 34
22 30 23 34 18 33 17 15 19 1 13 28 23 9 33 20 6 32 39 20
30 11 10 27 31 48 17 38 8 18 22 28 27 17 34 16 17 35 48 29
2 1 8 4 7 6 1 2 3 1 1 9 1 2 6 3 1 8 7 7
22 23 29 32 21 47 14 28 21 7 15 39 15 15 29 19 13 36 34 42
2 7 10 7 9 9 1 1 4 1 1 9 4 3 7 3 1 9 11 4
8 17 13 29 7 35 5 13 7 13 16 19 17 7 25 17 12 26 22 12
9 4 17 17 14 20 1 3 11 6 3 14 3 11 7 5 8 13 6 13
25 38 27 36 19 51 18 17 11 20 19 50 35 20 33 13 20 52 44 32
6 1 10 14 11 8 3 4 3 1 1 8 5 8 3 1 4 13 9 14
35 31 13 25 36 49 15 29 26 19 23 48 30 26 31 15 19 44 47 42
9 14 15 11 15 30 3 17 11 2 14 23 4 7 18 12 9 19 22 12
8 14 10 11 6 10 1 4 2 1 3 12 6 1 12 8 1 16 14 12
4 5 6 2 5 4 1 1 1 1 1 5 2 1 7 1 1 5 12 3
28 34 23 54 10 55 29 34 37 36 48 46 39 33 55 50 23 58 52 20
46 41 35 52 48 70 27 42 19 30 37 56 32 32 39 38 36 62 47 56
1 9 12 17 9 18 4 1 2 3 8 8 8 4 13 10 5 17 15 1
12 20 15 35 12 42 11 17 8 10 7 34 23 2 17 12 6 32 29 30
8 16 16 21 7 15 2 8 5 5 12 8 6 4 10 15 9 17 12 8
2 10 15 14 7 21 1 10 4 2 8 15 2 1 7 8 6 13 13 7
32 34 36 21 24 64 29 37 29 15 36 59 19 28 39 23 31 53 50 44
1 3 7 8 7 8 1 2 5 1 1 4 1 1 1 2 1 4 3 5
25 18 18 26 29 51 9 28 11 16 22 38 21 15 24 15 16 44 39 37
13 17 10 26 9 35 17 12 22 8 11 21 16 9 18 20 6 15 28 11
39 44 54 65 37 72 22 35 26 27 21 60 38 32 32 34 33 56 42 58
22 18 15 16 21 41 4 17 20 17 23 31 18 15 24 18 16 35 37 21
3 11 17 21 13 19 1 6 6 2 5 16 1 7 2 7 8 19 4 18
38 29 27 38 30 66 15 41 29 30 32 45 31 14 27 39 27 45 47 48
14 21 18 26 8 32 3 19 14 14 25 21 13 8 21 27 15 29 16 16
7 10 25 16 15 28 1 11 7 10 16 18 1 11 16 18 16 22 12 9
9 15 12 31 4 32 17 14 18 9 14 19 15 10 18 18 7 20 22 12
27 20 35 38 23 49 1 21 21 27 12 38 27 21 5 16 25 45 20 46
13 8 9 8 7 20 1 7 15 8 11 9 4 6 16 16 9 12 19 5
47 41 16 42 35 50 33 40 33 7 26 49 38 19 35 29 12 41 56 48
1 1 12 12 11 10 1 4 1 1 1 4 1 5 1 1 2 11 3 12
4 3 13 2 4 17 1 12 7 4 6 9 1 3 14 9 4 9 12 6
5 9 10 6 11 10 1 4 5 1 4 11 7 4 13 6 1 11 12 9
8 6 21 11 9 29 8 17 11 6 12 16 6 10 21 13 10 18 25 10
13 7 10 12 19 19 5 16 9 3 12 10 3 12 8 8 7 13 14 11
55 35 32 48 54 57 25 40 29 27 23 51 43 40 39 20 32 61 47 57
10 20 17 29 16 26 9 14 14 1 5 20 10 7 4 14 5 16 11 26
1 4 1 23 4 18 11 8 11 3 3 11 9 6 11 6 1 8 16 7
11 20 28 35 11 37 6 7 14 16 21 21 11 17 20 24 22 29 17 10
27 26 25 23 14 44 21 34 32 5 20 38 15 16 35 20 14 28 42 37
14 12 8 10 10 16 1 10 17 8 10 12 7 7 19 14 8 12 17 8
22 26 12 22 31 33 17 17 6 9 20 34 14 16 18 15 17 35 26 26
8 14 6 10 12 12 4 7 1 1 1 14 9 1 12 2 1 18 14 17
37 27 32 40 32 35 17 24 28 21 17 31 31 26 24 24 23 41 33 34
31 33 22 21 19 49 9 23 22 21 23 48 25 17 36 21 19 49 47 36
30 23 24 36 29 30 17 17 29 7 12 27 19 21 11 23 15 20 19 32
22 15 23 24 21 40 8 19 15 6 15 34 6 16 17 16 12 33 25 29
12 10 2 4 15 15 2 7 11 7 9 15 8 5 20 11 7 14 21 10
7 13 16 16 11 30 7 13 15 3 7 21 6 5 20 13 4 15 25 15
11 14 7 32 15 35 16 18 19 12 14 27 22 13 28 16 4 32 31 23
5 2 7 6 18 7 1 2 1 1 3 7 1 8 5 1 2 10 4 9
32 27 21 25 21 49 19 32 23 21 35 38 25 21 28 21 23 48 46 32
4 7 7 6 7 5 1 8 5 1 1 7 5 1 8 5 1 10 10 11
13 14 11 36 20 32 14 18 16 6 6 24 19 12 15 12 4 22 22 32
16 17 12 39 1 50 28 34 31 25 27 41 31 24 42 28 6 40 46 30
1 5 1 1 5 4 1 6 5 1 4 9 4 1 9 6 1 10 9 12
30 36 39 29 18 56 10 27 19 23 35 52 24 28 53 33 32 56 53 27
6 6 1 9 1 5 1 1 8 1 1 4 1 1 2 5 1 1 4 4
24 21 22 29 27 57 27 35 16 16 30 43 21 27 40 20 21 42 49 26
14 15 18 19 25 28 9 15 1 1 2 22 15 12 24 1 1 26 31 20
4 15 14 19 7 24 6 3 2 4 9 19 13 3 19 11 6 24 21 9
22 10 14 2 16 35 9 26 11 12 20 31 9 16 19 10 12 32 33 28
4 5 20 24 12 33 14 20 9 8 12 19 14 17 24 11 2 25 29 9
1 1 8 14 1 19 5 5 1 1 2 8 7 2 8 1 1 10 15 1
13 10 5 10 16 12 5 13 6 1 10 14 11 6 14 6 4 15 23 12
37 29 20 42 39 47 26 30 23 14 22 37 35 31 46 19 17 51 50 30
4 4 18 7 10 17 1 7 4 1 5 9 1 5 11 8 3 12 9 6
5 4 7 3 7 4 1 1 2 1 1 6 2 2 5 5 1 12 8 9
1 1 1 3 4 1 1 1 1 1 1 1 1 1 1 1 1 1 5 1
3 8 15 9 12 11 1 2 3 1 2 10 4 6 9 5 3 13 11 8
21 20 6 13 19 28 4 13 24 11 16 22 13 10 25 21 11 17 29 15
1 4 1 5 7 4 1 2 3 1 1 10 1 1 3 1 1 5 6 9
47 46 21 30 40 48 28 38 33 21 35 44 42 27 55 38 25 55 60 41
42 33 44 37 32 57 32 56 28 17 41 45 31 27 40 26 33 57 53 49
21 25 20 21 15 34 11 22 24 8 24 28 15 10 35 26 13 32 38 15
38 31 26 37 31 42 8 14 34 21 16 40 27 25 29 27 23 44 33 36
1 1 11 15 9 14 1 1 1 1 1 5 3 4 1 1 1 13 8 7
32 28 8 15 33 47 11 27 26 22 28 42 27 21 30 21 21 44 44 35
15 14 21 17 25 34 13 24 9 9 18 30 5 20 16 12 15 29 24 22
4 9 8 8 10 10 1 4 7 1 1 9 5 1 7 4 1 10 7 6
27 22 15 33 32 44 24 26 17 9 16 41 22 21 29 16 11 34 43 33
1 1 1 3 3 5 1 1 3 1 1 1 1 1 2 3 1 1 6 1
4 4 9 7 1 14 1 12 1 1 1 6 5 1 8 4 1 8 11 9
29 20 35 38 21 48 26 40 24 13 22 31 27 19 35 20 20 36 47 38
10 19 18 16 13 18 3 7 9 8 18 14 6 7 18 21 12 21 11 8
15 19 7 16 5 17 8 11 19 1 9 14 10 1 20 17 1 13 22 12
7 5 5 4 3 11 1 1 9 2 4 4 2 1 8 9 2 5 7 2
23 29 24 22 6 45 14 14 24 6 15 45 17 8 28 18 10 36 41 33
21 10 21 21 27 46 10 36 15 13 20 32 12 20 25 15 17 35 36 33
2 1 1 1 5 3 1 1 3 1 3 1 1 1 3 4 1 1 1 2
8 13 9 6 5 17 1 1 5 5 11 14 3 1 15 14 9 18 14 5
39 47 23 34 27 57 20 27 22 23 32 59 30 24 24 28 26 50 42 40
16 14 12 25 11 24 13 9 14 11 10 21 23 11 21 11 1 30 32 18
9 8 14 16 9 31 7 14 15 5 7 19 7 7 23 12 5 17 27 12
3 1 1 6 1 5 1 6 4 1 1 1 1 1 2 2 1 1 3 6
16 13 27 28 18 36 8 17 17 6 2 37 10 17 16 7 10 30 21 39
4 2 4 10 1 11 3 4 5 1 1 6 5 1 6 1 1 3 13 3
12 14 11 18 14 21 3 14 1 5 4 16 16 1 10 8 6 24 17 25
3 7 18 13 15 22 1 6 2 1 6 18 1 7 5 2 5 19 8 9
1 4 10 6 9 7 1 4 1 1 4 2 1 2 1 6 2 8 1 4
1 6 16 8 8 12 1 2 1 1 2 10 1 2 6 5 2 13 9 4
19 18 16 43 12 35 20 14 21 13 16 29 25 18 23 19 7 40 31 22
1 1 6 3 1 10 1 4 3 1 1 8 1 1 4 1 1 2 6 1
15 12 20 18 17 27 4 19 17 5 13 16 6 12 22 15 7 17 23 14
4 13 15 13 8 26 1 10 8 1 8 24 2 2 12 11 4 19 17 14
35 26 33 35 19 42 31 34 31 10 27 32 25 28 41 19 22 42 48 33
33 26 27 23 21 47 13 28 28 19 20 46 25 23 33 12 18 47 44 47
1 1 1 1 5 1 1 3 1 1 1 1 1 1 1 1 1 1 1 1
12 21 15 32 20 48 16 23 14 19 31 34 17 21 30 23 20 37 33 12
28 20 26 29 21 40 10 31 16 23 26 22 23 8 27 33 25 30 35 26
9 14 7 12 10 15 4 10 2 2 3 16 12 1 12 6 3 20 13 22
13 13 12 11 9 19 6 12 6 1 3 24 13 5 23 5 1 21 30 20
2 1 4 1 3 6 1 5 1 1 1 2 1 1 7 3 1 1 5 3
4 9 16 15 7 15 1 10 4 1 7 9 4 5 4 8 7 12 9 11
1 4 10 6 9 11 1 10 2 1 4 5 1 2 4 3 2 6 6 6
10 15 21 42 15 54 23 28 22 18 30 38 20 26 31 26 10 38 35 16
9 21 23 27 19 39 1 19 6 11 19 34 13 11 21 16 14 35 21 23
1 1 10 13 11 12 1 9 1 1 1 7 5 3 5 1 1 6 12 12
14 10 19 9 10 24 7 16 10 8 8 31 14 11 22 5 5 29 33 30
30 26 14 40 22 42 28 29 26 7 22 26 25 18 26 23 10 32 41 22
20 18 13 22 18 28 16 19 28 5 15 23 12 11 12 24 11 10 21 22
9 15 10 23 12 25 13 7 8 7 12 21 20 8 24 12 5 29 27 12
5 3 1 4 2 4 1 4 1 1 1 8 3 1 5 2 1 8 11 10
9 8 21 23 10 33 1 11 11 8 7 24 7 8 9 10 9 25 17 25
7 5 13 14 3 27 1 5 10 6 9 18 5 3 12 12 7 20 19 9
29 20 13 16 27 26 8 27 23 12 25 27 19 17 34 24 13 34 38 25
30 23 15 19 26 38 12 24 18 11 28 35 16 14 32 24 16 42 38 21
8 14 6 20 5 25 6 7 8 4 9 15 14 2 21 11 4 19 24 6
38 37 11 42 26 29 26 20 30 11 18 34 29 16 31 26 13 37 35 39
3 7 10 12 16 14 1 5 10 1 7 11 3 8 8 6 1 13 8 11
41 40 24 25 21 54 15 40 35 36 40 44 37 24 39 38 32 55 50 43
19 19 6 16 2 25 6 5 22 6 10 21 11 1 9 18 2 19 20 18
37 41 34 37 25 46 32 31 34 3 21 46 29 21 37 29 16 35 51 37
18 10 6 17 15 28 7 21 19 12 16 13 16 11 25 19 12 14 29 15
43 34 17 41 34 49 23 20 30 23 22 47 41 29 29 12 20 54 46 44
44 44 35 24 22 58 32 47 50 18 38 54 25 31 48 43 30 46 55 46
30 38 30 47 26 56 13 36 29 28 38 37 33 25 45 43 30 50 44 30
1 8 5 8 1 13 1 1 8 1 5 8 1 1 4 9 3 9 3 4
7 7 5 6 9 3 1 3 2 1 1 7 6 2 9 2 1 6 15 6
26 22 8 9 23 30 11 24 21 18 20 29 21 16 32 22 18 29 33 30
36 43 22 43 24 42 25 24 31 6 21 35 30 14 30 34 13 31 42 31
37 23 23 21 42 58 17 47 23 35 36 44 28 33 33 31 32 51 44 47
12 23 12 22 5 29 5 9 16 6 12 23 6 1 15 21 10 17 17 15
12 10 13 20 13 30 6 25 9 4 7 19 16 7 21 7 4 19 29 22
18 11 6 8 17 29 3 20 7 6 7 28 14 6 27 8 2 26 33 27
23 22 16 29 26 34 12 23 6 7 18 27 22 11 20 13 13 36 32 28
9 11 9 7 5 8 1 1 6 1 6 5 5 1 10 11 5 10 13 5
44 42 13 37 18 47 22 36 47 21 33 38 34 19 29 41 19 42 48 46
38 33 48 57 39 59 13 30 15 26 18 46 38 22 31 27 30 58 40 49
1 6 10 10 10 14 4 7 7 1 4 10 7 1 11 6 1 9 16 8
3 6 3 13 3 8 4 1 9 1 1 7 1 1 1 4 1 1 5 6
20 14 14 23 14 40 19 29 14 12 15 32 24 17 42 13 10 32 46 27
9 10 5 12 7 12 2 8 7 1 6 2 10 1 16 11 1 9 19 6
17 20 14 39 9 35 25 23 27 12 19 23 25 15 29 25 4 26 35 15
3 3 13 6 7 13 1 5 4 1 5 4 1 3 6 8 3 8 5 5
5 7 1 4 11 4 1 1 1 1 1 7 6 1 8 1 1 8 9 7
18 16 31 25 4 49 20 33 14 11 18 37 21 18 30 10 18 43 40 36
2 4 6 5 4 7 1 1 2 1 1 4 3 1 6 3 1 6 11 2
1 1 4 2 1 8 1 1 5 1 1 1 1 1 2 4 1 2 2 1
10 21 9 17 11 23 8 6 10 1 5 25 11 3 16 10 4 22 17 20
15 8 18 20 19 19 1 10 11 6 4 16 10 12 15 8 8 15 15 20
24 24 32 36 27 50 17 31 30 8 21 35 14 22 20 30 18 27 33 33
24 20 19 32 16 39 14 30 21 11 15 24 28 8 37 21 9 32 43 28
37 52 36 50 31 52 18 24 22 21 33 49 32 25 46 41 26 48 42 27
31 31 22 34 22 55 26 37 16 21 12 49 45 23 39 7 14 53 54 50
37 19 39 30 33 59 20 44 29 16 28 43 18 34 34 16 31 44 38 47
6 16 11 19 2 26 2 4 11 1 8 16 4 1 15 16 5 10 17 5
27 28 24 18 17 48 17 27 33 14 23 44 13 19 31 33 20 33 37 32
3 4 3 8 1 16 2 1 7 1 1 19 1 1 2 2 1 9 12 13
2 2 13 11 7 15 1 11 4 1 1 12 1 5 8 1 1 7 10 13
4 12 6 13 10 15 1 5 5 1 1 17 7 1 10 3 1 17 9 19
23 28 14 31 26 29 14 10 18 1 9 26 19 11 23 17 4 27 28 27
4 4 7 16 9 14 1 7 5 1 1 10 5 3 7 1 1 8 9 17
48 41 47 49 46 68 27 36 42 29 17 62 35 43 43 31 34 56 50 55
3 3 5 7 10 15 1 5 9 2 8 5 2 4 5 6 3 6 8 3
3 6 19 16 15 28 1 15 5 1 11 13 2 8 13 9 7 16 18 10
28 26 10 36 22 29 20 18 23 2 16 19 22 12 21 20 7 26 33 20
1 1 9 3 1 11 1 2 5 1 2 7 1 1 7 4 1 6 8 3
19 23 24 30 14 40 15 22 20 8 7 38 20 11 16 16 5 27 35 38
20 13 2 17 24 29 10 14 12 5 13 25 16 11 25 9 8 26 31 17
32 31 11 21 13 28 19 27 27 20 24 29 32 14 24 17 14 38 41 34
29 19 10 31 22 43 12 31 24 14 19 20 24 8 20 29 14 25 35 30
11 19 21 32 2 28 1 14 8 11 18 14 13 8 18 24 13 27 15 15
12 14 16 20 12 34 7 22 10 1 8 22 4 6 7 12 5 13 16 16
49 45 40 52 49 56 26 28 36 20 15 57 40 34 42 24 25 56 45 52
17 8 9 15 17 19 1 8 14 8 9 15 8 12 19 13 10 20 22 17
35 42 19 49 14 52 20 38 34 30 44 32 34 23 45 49 33 44 43 23
29 30 27 25 20 36 16 24 24 11 26 32 20 16 43 29 17 40 45 21
30 38 17 33 17 36 21 22 25 6 21 31 27 8 40 27 10 35 42 23
37 35 15 38 29 60 32 32 27 19 27 56 38 23 33 23 13 48 59 38
23 20 14 21 18 27 9 18 17 4 10 25 16 11 34 14 4 24 33 20
9 10 1 10 8 17 4 10 18 8 10 14 4 6 15 14 8 9 16 11
23 36 19 38 16 34 15 9 22 7 17 30 20 6 27 29 11 30 30 23
10 13 5 15 3 14 2 11 9 1 1 15 9 1 16 6 1 9 22 13
1 2 6 7 8 9 1 1 8 1 3 6 1 2 5 5 1 5 6 4
9 11 1 9 6 7 1 6 6 1 1 10 7 1 11 2 1 6 14 11
37 29 37 51 38 65 26 27 32 16 30 45 26 35 23 32 31 41 39 30
11 9 9 17 10 28 8 23 11 1 3 20 5 6 8 7 1 4 20 19
6 8 8 7 6 9 1 6 1 3 1 12 7 3 8 4 1 15 15 14
15 21 34 32 20 43 9 22 10 8 24 32 12 21 32 21 19 41 32 20
1 2 4 4 1 5 1 5 2 1 1 5 1 1 4 1 1 4 9 6
50 45 47 49 28 63 37 48 50 13 33 53 35 34 45 35 29 52 55 60
8 4 15 10 17 20 1 9 6 4 4 22 5 8 18 6 5 23 22 20
22 28 22 17 28 43 9 23 19 17 26 36 17 17 37 26 21 36 35 21
18 20 16 24 12 35 9 12 15 8 16 25 18 7 34 20 10 30 38 10
21 21 14 16 23 24 10 12 10 6 10 22 17 9 27 14 7 25 30 20
20 30 30 27 23 39 18 25 9 7 11 39 20 16 33 12 16 37 35 29
25 20 18 24 8 36 20 26 31 4 16 33 15 12 25 25 9 21 37 29
6 6 17 28 12 31 2 13 5 4 1 15 14 6 13 6 4 22 19 22
10 11 1 20 9 23 8 9 11 3 4 18 14 2 20 8 1 15 24 18
6 4 6 6 11 18 1 10 13 6 11 7 1 6 10 11 6 8 12 2
5 4 11 8 8 8 1 7 4 1 1 6 1 5 5 1 1 7 10 7
31 23 28 30 19 48 32 44 23 6 33 30 20 29 38 16 20 46 50 31
34 28 16 19 16 45 18 30 23 18 20 43 32 18 41 13 13 45 55 40
13 18 3 13 10 15 6 3 9 1 1 18 9 1 13 6 1 15 17 17
39 27 21 22 21 49 32 40 35 9 33 44 14 26 35 28 21 37 45 35
1 1 1 1 2 2 1 1 1 1 1 7 1 1 4 1 1 3 8 4
38 34 26 42 40 59 29 41 33 20 39 44 23 33 24 41 33 41 41 41
38 34 20 26 35 44 17 24 36 23 26 40 27 25 35 35 24 43 42 40
7 8 11 8 11 6 1 7 1 1 1 6 5 7 9 5 1 12 10 12
30 26 15 42 15 45 24 30 31 15 21 39 33 15 43 27 7 42 52 35
15 21 17 25 13 31 10 19 17 4 5 27 14 4 18 15 4 17 25 27
9 7 20 19 9 24 1 17 4 6 7 12 8 2 9 13 8 19 12 19
1 1 7 10 3 9 1 4 1 1 1 5 1 1 3 1 1 1 10 3
4 1 1 4 4 8 1 8 7 2 4 4 1 1 9 6 2 7 10 9
32 29 40 40 30 49 8 25 27 20 26 40 18 28 28 30 29 49 29 29
32 28 13 31 16 34 22 31 37 17 28 27 22 16 37 34 17 32 35 27
16 16 22 47 17 43 15 17 22 18 6 29 25 25 12 13 13 32 20 30
2 2 4 1 1 6 1 3 3 3 2 8 3 1 3 4 1 12 5 11
27 36 35 30 18 55 16 25 31 18 28 55 16 23 39 35 25 45 41 36
32 42 41 25 18 53 31 33 33 10 26 57 22 24 36 23 25 45 42 45
15 23 29 45 23 63 20 34 13 22 27 52 32 26 39 20 16 58 45 35
1 10 15 30 5 31 7 12 9 7 11 16 12 7 13 12 7 22 16 16
1 1 5 1 5 6 1 2 2 1 1 2 1 1 6 2 1 1 8 1
25 28 24 30 23 25 13 19 15 10 22 23 19 14 24 24 16 37 26 25
4 1 5 10 5 14 7 6 6 1 5 5 9 4 11 7 1 8 15 5
41 37 15 40 25 48 23 45 40 27 35 32 36 18 45 43 26 43 48 39
1 1 2 10 1 8 1 5 1 1 1 4 1 1 1 1 1 1 7 7
33 42 52 58 32 71 33 31 34 18 32 62 34 39 46 38 31 54 53 39
35 33 13 27 18 48 22 32 42 22 27 43 29 22 20 27 22 34 42 45
14 10 9 14 14 29 7 13 15 2 11 20 4 6 15 12 6 10 24 9
11 26 19 32 11 44 11 14 12 5 11 37 15 4 28 18 9 32 29 28
1 1 5 6 3 4 1 1 4 1 1 1 1 2 2 3 1 2 4 2
49 52 34 42 31 52 33 41 35 23 28 55 48 29 49 23 24 64 61 55
21 13 15 18 26 36 1 15 21 16 19 29 13 19 18 15 15 31 28 24
15 9 6 12 19 28 3 20 1 4 5 28 17 5 14 1 1 25 29 28
16 13 8 14 4 18 7 16 16 6 12 13 13 1 19 17 4 19 21 18
16 14 10 12 11 21 5 16 8 3 6 20 14 3 27 10 3 16 28 21
2 3 4 6 8 8 1 8 5 1 5 6 3 2 6 5 1 9 9 11
17 9 31 27 26 42 10 34 4 15 23 22 13 13 12 19 21 33 24 27
34 39 25 32 32 58 18 35 22 30 43 49 18 31 38 42 38 43 41 26
1 4 9 9 1 15 1 6 8 1 1 15 3 1 8 4 1 10 13 9
1 3 9 7 7 7 1 1 1 1 1 5 1 2 1 3 1 10 6 6
12 8 3 18 10 33 11 22 18 21 18 30 24 17 30 17 8 32 38 22
6 10 18 14 14 21 1 12 7 1 3 18 4 7 17 6 1 18 21 17
38 34 14 32 27 46 16 30 25 19 18 37 35 14 30 21 13 41 40 47
3 1 7 6 5 9 1 11 2 1 1 6 2 1 6 2 1 1 6 7
31 22 18 26 26 60 12 41 20 26 30 43 35 22 41 27 21 53 55 38
15 14 7 8 6 21 1 12 9 8 4 29 14 4 13 1 2 24 25 27
36 43 40 39 25 58 28 38 36 14 45 47 21 34 50 34 34 56 46 34
8 17 17 29 8 44 10 14 15 13 22 25 9 12 23 22 14 23 22 6
12 6 21 15 18 38 13 25 10 1 16 23 2 19 21 5 11 25 30 18
8 11 3 14 3 14 5 4 10 1 1 19 6 1 6 5 1 8 16 16
40 25 21 45 27 38 19 32 33 25 25 25 33 25 31 30 25 39 34 41
8 1 10 13 13 15 1 10 4 3 4 2 1 7 7 6 4 9 8 12
12 19 26 17 11 39 5 16 17 11 16 39 9 10 26 16 13 38 29 29
10 17 28 12 12 36 10 25 14 8 23 31 5 14 28 17 18 32 29 23
16 20 25 43 26 42 7 15 5 12 13 24 22 10 20 17 16 38 23 30
14 13 17 11 9 20 4 16 10 3 8 17 10 7 27 13 3 21 30 17
14 5 14 10 5 28 6 21 17 4 12 18 4 11 28 11 9 15 32 15
45 46 36 64 37 61 28 26 39 20 24 54 46 28 32 37 25 57 47 53
5 1 6 6 6 11 1 4 8 4 6 6 4 1 8 8 4 6 11 5
29 39 28 38 29 42 20 25 14 18 17 43 30 20 36 21 23 48 36 41
1 3 7 12 1 11 3 1 1 1 1 1 5 1 3 3 1 9 9 1
27 29 22 24 18 42 10 23 12 9 14 39 26 11 33 15 9 43 45 36
26 15 28 33 23 40 13 35 13 6 20 21 20 18 26 18 14 36 36 28
2 11 9 14 1 19 3 5 10 1 5 12 3 1 6 10 4 8 11 7
10 9 10 7 9 11 1 1 9 4 8 4 5 4 11 13 5 8 9 1
7 8 8 11 5 20 4 5 14 7 6 19 5 1 10 10 4 14 15 16
42 48 41 43 33 69 33 39 35 12 29 59 28 30 54 31 28 50 60 43
22 21 35 31 24 34 3 13 15 13 7 32 19 20 18 16 19 36 24 29
1 1 1 1 1 1 1 1 1 1 1 1 1 1 1 1 1 2 4 1
36 23 24 49 38 45 23 34 26 22 21 38 38 35 27 18 22 49 41 37
8 10 8 9 10 16 1 5 13 5 7 13 6 3 15 9 5 10 17 6
3 4 7 7 15 12 1 14 1 1 7 4 2 7 3 3 4 10 7 7
24 24 40 31 27 50 9 19 23 17 20 44 12 25 32 20 27 43 30 30
21 17 4 8 18 23 4 20 19 14 16 18 14 12 26 19 14 20 24 20
11 7 6 18 10 15 1 3 12 2 4 13 7 4 12 9 2 15 17 16
36 22 27 36 26 51 23 47 15 20 38 27 28 12 32 36 26 44 47 34
33 27 33 39 26 65 15 34 19 26 30 51 33 30 34 18 27 62 48 45
1 6 10 9 6 17 2 4 10 1 1 11 1 1 7 7 1 4 6 4
1 8 12 9 7 13 1 3 5 1 5 13 1 1 5 7 5 14 7 8
7 9 10 5 3 11 1 8 4 1 3 9 4 1 11 6 3 8 16 5
4 6 2 3 1 4 1 3 3 1 1 1 3 1 9 6 1 5 11 4
7 8 12 7 15 10 1 6 5 4 1 19 8 5 13 5 1 17 15 15
4 5 7 12 4 21 7 8 6 5 7 12 10 4 17 8 3 16 21 7
8 11 19 19 6 29 6 11 9 8 7 24 13 5 11 8 6 26 23 20
18 16 11 31 13 38 22 21 28 10 16 24 20 15 18 23 9 17 30 16
17 19 8 18 19 28 7 18 11 4 7 20 15 9 24 10 8 23 23 22
13 13 27 27 2 47 11 27 16 9 17 24 10 6 18 19 17 25 26 27
14 16 28 28 15 35 1 11 16 16 19 28 4 17 17 22 22 32 15 21
17 28 40 52 20 57 13 35 9 26 31 42 31 32 42 29 23 46 43 18
11 13 6 14 3 14 6 12 6 1 4 9 15 1 19 7 1 14 26 10
18 17 12 26 18 21 14 13 7 2 6 22 23 9 29 7 1 28 36 19
24 15 4 20 28 38 10 26 21 13 21 31 13 19 22 19 16 28 33 31
5 8 11 9 9 10 1 9 1 1 6 5 1 1 1 7 6 10 6 9
4 8 11 15 5 17 4 2 10 1 1 13 3 3 4 7 1 9 10 10
1 1 3 1 1 1 1 1 1 1 1 3 1 1 1 1 1 8 1 5
30 16 29 27 16 39 9 22 26 16 14 37 21 21 25 13 15 41 33 40
25 29 33 41 22 54 6 26 24 29 29 41 17 27 26 36 33 44 20 36
1 3 5 1 2 9 1 2 2 1 1 6 1 1 9 4 1 4 11 1
27 26 17 25 21 48 11 26 25 16 16 41 24 14 37 24 14 37 44 38
31 40 32 49 16 52 36 35 34 8 28 43 34 20 40 34 15 42 55 31
17 16 30 30 23 42 13 23 15 5 10 32 14 19 27 10 12 32 32 34
32 22 15 30 20 53 24 37 23 6 20 41 23 18 40 15 14 40 50 40
1 1 7 4 3 3 1 1 1 1 1 4 1 1 3 1 1 4 8 2
1 13 14 17 9 16 1 5 3 1 4 13 3 2 5 5 4 15 6 11
45 37 31 48 18 60 34 51 42 15 33 41 39 17 41 44 23 45 60 51
29 28 34 23 13 51 13 31 32 17 30 45 12 24 37 28 26 48 40 38
38 36 30 49 39 54 26 29 23 3 18 47 31 24 28 22 16 44 47 41
3 5 1 15 7 15 3 9 9 1 3 10 6 1 8 5 1 6 11 15
9 15 11 25 12 31 15 18 8 5 4 30 20 9 27 3 1 25 34 24
18 20 21 23 6 33 17 22 22 1 13 25 11 10 24 18 9 21 31 21
5 10 13 15 8 20 1 1 11 2 9 15 1 1 6 13 6 14 8 9
20 17 27 47 18 66 23 45 20 37 44 45 34 33 39 38 27 55 44 29
17 24 33 40 24 43 9 21 1 22 30 34 21 31 26 22 27 46 28 13
3 6 9 11 9 17 1 9 5 1 4 8 1 2 1 4 1 5 2 6
41 51 33 57 35 67 40 44 29 14 34 59 41 30 48 36 22 55 62 39
12 25 16 27 4 39 3 13 16 18 18 32 14 7 9 20 14 31 12 28
1 3 6 11 9 6 2 5 3 1 1 4 5 4 5 1 1 5 11 8
31 34 22 38 31 59 26 28 9 27 37 52 34 29 47 30 26 57 53 28
1 1 5 5 3 5 1 1 1 1 1 2 1 1 1 1 1 4 6 3
22 26 33 28 31 47 5 26 19 28 33 35 14 31 30 33 34 39 26 24
18 24 21 25 10 37 19 19 20 1 7 31 18 10 21 17 6 19 37 22
12 5 20 31 15 29 6 16 5 9 5 8 16 10 7 8 10 21 17 21
17 12 4 10 10 23 5 11 18 11 14 14 13 11 24 19 11 22 27 13
1 6 14 7 1 12 1 2 1 1 4 8 1 1 2 5 4 8 6 1
1 1 2 9 1 7 1 5 3 1 1 3 1 1 2 2 1 3 5 10
14 6 17 37 13 39 14 23 13 14 11 17 20 7 17 17 9 18 28 24
4 11 29 14 14 33 5 20 5 6 20 29 1 16 18 14 15 33 15 20
28 19 10 11 23 37 11 28 18 20 26 29 18 22 18 12 19 38 33 35
8 1 15 14 18 11 1 1 6 6 4 8 4 12 5 6 8 13 4 12
7 8 3 9 7 8 3 7 9 1 1 12 3 1 7 6 1 8 9 14
28 41 23 38 13 46 15 13 25 18 22 45 28 16 21 25 18 44 37 33
16 18 17 21 13 27 16 18 21 1 8 26 12 9 10 16 7 9 23 21
16 20 37 49 11 62 25 38 15 27 29 43 29 17 33 31 24 49 39 36
41 47 27 52 15 59 20 31 38 31 42 46 35 25 43 51 31 57 48 36
19 12 11 20 27 37 11 21 17 16 25 20 17 26 27 19 18 32 32 11
15 22 11 32 15 35 16 10 14 3 7 27 19 6 23 14 3 24 30 22
2 6 5 3 3 6 1 3 2 1 3 3 1 1 5 6 2 7 7 2
8 14 23 16 17 21 1 9 6 1 7 24 7 8 14 8 8 26 18 18
7 7 1 18 3 11 9 9 9 1 5 5 12 1 12 5 1 10 18 5
12 18 17 22 9 30 8 16 11 1 2 25 13 5 22 10 2 19 28 24
16 9 13 12 19 21 3 22 13 4 15 16 8 12 26 14 6 19 30 14
27 22 17 20 27 43 8 24 27 18 23 35 12 21 23 26 19 34 27 33
17 14 25 11 15 38 5 22 16 16 20 33 9 19 24 22 19 38 27 28
31 25 5 37 14 49 29 37 42 34 37 46 41 33 52 38 14 48 56 34
10 11 8 16 7 19 9 5 14 2 1 23 8 3 1 10 1 9 14 20
7 6 11 12 12 13 1 12 11 7 9 6 4 9 13 11 7 12 14 12
9 3 3 12 10 16 1 10 12 7 5 14 5 4 10 7 3 14 15 19
1 1 6 3 6 3 1 1 1 1 1 2 1 1 1 1 1 6 1 3
21 28 36 47 25 53 9 34 8 30 35 31 32 24 33 35 31 45 35 23
6 6 4 5 3 12 1 5 10 2 4 7 1 1 10 7 2 4 8 4
34 20 17 36 19 49 22 41 28 15 26 33 26 15 29 26 14 38 45 41
4 4 11 5 6 14 1 6 5 1 1 10 1 1 7 4 1 9 10 5
5 5 4 2 7 9 1 1 4 1 3 10 3 1 11 6 1 10 14 7
26 16 12 27 19 48 14 32 20 29 25 29 35 13 22 19 20 43 41 38
28 28 24 19 11 44 14 33 27 19 30 40 23 15 34 24 20 45 45 35
8 15 11 20 12 24 2 11 1 1 1 23 13 1 11 3 2 24 16 24
39 29 27 51 26 53 31 35 41 15 27 41 33 28 40 36 17 38 53 34
21 28 21 30 15 42 9 15 15 8 9 40 23 8 23 11 6 38 38 38
4 6 11 8 4 12 1 3 7 3 8 5 1 3 6 11 6 11 5 5
6 15 11 17 5 23 7 9 13 1 4 18 8 1 13 11 3 10 19 13
47 38 24 43 32 53 25 35 34 17 22 52 35 23 44 26 14 53 53 55
10 11 8 16 8 16 9 5 14 1 1 14 5 3 1 9 1 3 9 12
1 5 7 6 4 10 1 10 1 1 1 5 4 1 1 5 1 7 6 9
1 1 13 4 4 14 1 6 3 1 1 16 1 4 13 2 1 16 14 14
23 21 24 35 12 34 17 33 18 10 18 16 26 10 31 25 10 31 38 26
22 35 39 52 22 55 22 16 21 17 21 51 27 26 23 29 24 45 35 35
8 8 1 6 7 6 1 8 4 1 3 9 7 1 12 5 1 8 14 12
6 12 7 8 11 10 1 1 1 1 3 9 6 1 9 6 2 13 14 5
28 19 29 39 23 45 20 35 23 14 16 34 25 10 16 29 15 26 34 43
9 8 1 9 2 6 1 10 4 1 1 5 10 1 11 5 1 7 15 10
7 4 4 11 7 24 8 14 11 11 12 15 12 10 24 11 7 14 28 4
29 30 8 20 19 30 12 16 24 7 14 33 23 9 12 16 5 27 33 30
4 4 7 6 2 8 1 1 1 1 2 5 3 1 3 4 2 10 9 6
43 36 36 46 45 64 17 32 38 27 17 53 33 34 37 31 29 49 46 51
28 31 26 33 33 41 20 21 17 12 10 41 31 18 33 12 14 41 41 37
1 5 6 5 1 7 1 2 1 1 2 7 1 1 2 5 1 11 2 7
33 31 23 39 28 50 12 29 16 24 29 36 30 6 30 33 23 47 34 39
7 5 17 21 9 20 1 11 1 4 3 12 6 5 1 6 7 22 8 23
46 39 21 30 40 54 29 39 35 18 36 47 27 29 38 40 27 37 53 34
1 4 9 1 1 13 1 1 2 1 4 7 1 1 8 7 2 6 7 1
13 5 7 11 19 21 8 19 1 5 12 11 5 12 6 6 9 15 18 14
8 15 10 27 1 22 6 7 13 1 8 10 8 1 10 16 2 16 13 13
19 9 7 28 2 36 12 25 17 20 16 23 32 9 21 15 5 30 36 27
9 17 24 23 9 40 7 15 12 12 14 33 16 7 25 15 10 36 33 26
45 34 29 50 30 55 23 35 24 26 21 49 44 13 30 25 20 50 54 59
3 1 2 8 6 8 4 5 1 1 1 2 6 1 6 1 1 7 12 5
1 1 3 1 6 1 1 1 1 1 1 2 1 1 1 1 1 2 2 3
4 7 5 6 7 12 1 3 11 4 6 6 3 1 10 9 4 7 8 3
23 36 31 34 22 44 12 14 21 9 16 47 19 12 24 28 12 37 33 33
17 25 17 32 13 38 12 15 9 11 18 27 21 11 37 20 11 33 36 14
19 28 22 34 17 41 18 12 24 8 16 36 22 9 8 24 12 29 28 29
13 18 12 20 5 16 6 7 13 4 17 7 10 1 19 22 8 18 20 3
41 29 38 53 32 60 16 34 31 29 29 37 28 19 25 43 33 41 36 42
5 8 15 18 11 24 4 14 5 1 9 11 7 4 9 7 6 11 16 8
18 20 19 26 12 34 7 14 22 11 16 27 8 10 18 25 13 26 21 26
18 18 13 19 10 16 9 22 13 3 11 19 19 4 27 15 1 24 27 24
34 36 38 45 29 50 11 16 32 13 14 44 25 20 22 31 21 37 33 34
3 7 8 8 4 12 1 2 6 1 3 8 1 1 5 6 3 7 9 1
11 11 19 13 10 21 8 21 8 1 12 15 8 8 18 10 4 20 25 14
27 25 18 59 12 50 33 38 33 24 28 36 41 25 36 34 8 48 46 39
1 7 10 11 5 9 1 5 3 1 3 4 4 3 4 4 3 9 10 5
4 10 5 21 7 21 12 10 12 6 6 21 15 7 17 7 1 18 22 16
14 20 14 14 21 23 7 13 1 4 12 26 12 7 17 10 9 28 22 21
38 30 7 28 22 48 27 39 31 23 35 42 37 23 37 19 19 45 56 38
29 14 30 32 16 51 13 33 26 12 14 31 12 19 24 21 18 28 35 38
25 35 20 26 26 48 12 28 20 28 31 39 30 20 39 35 30 48 36 36
27 11 12 22 26 40 9 27 10 14 16 30 20 5 18 15 13 30 33 35
12 8 8 8 16 13 2 14 10 3 12 11 6 7 17 11 5 11 19 11
26 16 28 26 28 53 12 32 20 7 20 41 10 26 31 11 20 41 38 39
19 23 18 36 16 41 7 13 17 6 11 30 16 6 23 21 10 30 28 30
12 12 22 20 12 31 9 22 6 1 3 24 13 11 22 1 4 26 28 29
21 7 23 35 14 52 13 29 20 29 18 37 31 25 26 14 15 45 38 37
1 2 5 7 5 3 1 1 3 1 1 5 1 2 2 1 1 7 4 5
38 31 19 25 31 45 21 38 37 7 29 45 22 24 37 32 17 36 49 34
5 6 10 11 4 19 1 13 9 1 3 12 4 1 9 6 1 9 10 13
11 13 12 9 11 18 1 11 9 4 7 14 8 1 19 11 5 13 19 13
8 8 10 12 10 9 1 1 7 1 1 8 8 6 11 7 1 9 17 6
3 6 10 17 17 19 6 9 4 2 8 9 10 11 12 5 3 21 17 10
12 8 6 19 10 20 7 18 5 5 7 2 17 4 12 9 3 13 19 12
18 22 16 20 12 47 14 25 24 15 21 34 18 18 38 25 17 32 42 19
7 4 6 5 7 4 1 7 4 1 1 4 1 4 6 6 1 1 7 6
25 14 16 40 11 56 23 32 29 36 29 42 39 34 29 20 17 53 42 44
15 9 9 6 17 17 4 18 10 2 14 14 7 7 21 11 6 12 25 8
42 36 42 41 54 65 20 45 26 25 24 53 35 43 46 22 35 57 47 52
15 17 16 20 21 26 2 8 17 9 13 21 7 13 18 17 14 26 19 18
12 19 22 17 9 31 8 9 8 1 8 28 10 5 26 9 8 25 31 14
1 1 7 1 1 6 1 2 1 1 1 8 1 1 3 1 1 7 6 5
34 34 29 37 23 44 11 18 27 25 34 37 27 20 32 33 25 52 39 31
1 9 10 13 1 16 5 5 3 3 7 7 7 1 6 10 7 14 11 6
6 11 11 14 17 11 3 1 9 1 1 12 6 7 9 5 3 13 9 12
16 18 15 23 20 23 6 5 12 4 10 14 15 7 22 15 8 21 25 14
21 31 15 27 14 26 13 15 24 5 21 22 15 3 25 28 9 23 27 15
