1000 20 15 1070
2 4 3 1 0 3 3 3 2 5 2 4 3 4 2
3 10 6 5 18 2 1 12 3 5 6 20 8 3 12
4 1 3 4 2 4 2 1 0 5 4 2 4 1 1
7 4 7 3 4 5 7 1 12 4 7 4 13 1 13
5 6 3 0 5 8 7 21 11 7 5 8 0 5 10
2 3 5 5 6 10 5 0 1 3 1 0 8 7 4
5 1 4 3 3 1 1 1 1 0 1 4 1 7 0
10 5 11 5 8 5 3 6 16 6 12 8 3 5 3
14 3 12 7 3 3 1 1 6 2 9 4 1 1 13
1 4 2 3 13 0 1 3 8 4 0 0 3 8 9
2 6 0 0 4 2 1 2 5 5 4 1 1 3 3
5 13 9 4 13 2 20 4 9 9 8 3 9 11 2
4 4 5 6 2 4 0 0 3 2 5 10 3 4 4
22 0 7 16 2 1 1 3 4 7 2 5 10 6 3
1 7 1 2 3 0 1 7 1 6 4 4 9 1 1
2 6 4 4 17 9 1 6 0 2 17 6 15 12 7
0 1 3 3 4 2 2 4 9 3 1 5 2 1 3
1 5 3 11 7 5 7 0 6 5 1 1 2 7 5
2 6 3 2 9 9 6 8 13 2 26 2 3 1 1
3 2 1 5 6 2 6 7 11 0 10 5 1 1 7
1 4 2 8 0 2 11 4 11 8 5 11 3 2 8
4 1 13 9 1 13 17 5 9 10 13 10 12 13 12
0 7 9 6 1 4 2 6 8 3 2 2 7 1 3
9 2 4 2 4 1 0 2 2 4 2 2 10 1 1
2 6 11 7 11 4 3 6 7 7 1 6 5 4 3
1 4 2 2 5 5 9 3 7 1 8 5 4 3 9
6 4 11 6 17 13 4 5 8 3 1 9 0 1 4
13 4 12 4 5 15 14 6 7 11 2 13 1 13 4
5 21 7 2 2 13 1 22 4 5 2 1 10 8 7
2 6 6 6 6 5 5 9 0 9 6 11 7 0 3
15 3 10 7 14 12 11 19 5 2 13 4 3 13 2
10 1 2 15 3 11 16 3 7 6 10 2 5 4 1
2 7 2 18 7 3 9 15 4 17 11 11 9 3 15
2 6 4 6 2 0 4 7 0 5 3 5 4 5 2
3 9 4 10 6 3 4 14 1 3 1 22 16 2 5
2 9 13 1 1 16 4 2 0 14 2 4 2 6 16
3 1 3 2 4 5 18 6 6 15 1 14 3 9 8
5 2 5 1 0 2 3 4 1 2 3 4 1 1 3
9 13 11 20 8 1 16 6 3 6 12 0 1 17 6
5 3 5 5 10 9 20 8 19 0 1 2 2 6 5
20 7 0 5 9 13 5 15 12 4 0 8 13 1 8
4 3 4 6 1 1 1 0 0 3 4 3 3 2 3
10 9 2 0 0 4 2 4 4 1 5 2 3 0 5
4 3 5 4 5 2 1 2 2 1 6 2 1 2 2
5 2 10 0 1 3 4 4 7 5 2 3 3 2 4
2 3 1 2 1 8 0 6 4 8 2 4 4 2 7
12 1 4 18 5 8 8 4 15 3 5 2 12 17 2
7 2 9 7 2 7 19 12 4 2 16 8 8 4 7
7 4 14 2 21 6 11 11 6 5 1 7 10 3 15
0 1 1 1 2 3 5 4 7 10 2 4 3 3 1
13 5 10 8 5 6 7 6 9 9 12 11 18 11 1
5 5 11 1 8 8 9 1 6 6 23 5 0 3 19
2 4 2 4 9 1 4 8 1 6 0 2 1 3 4
2 0 2 6 1 2 5 3 1 1 12 2 2 0 4
6 11 15 1 7 7 9 4 6 6 4 0 3 11 1
7 14 11 0 17 4 5 3 9 4 9 0 4 2 4
4 5 11 0 6 2 3 7 6 6 1 3 0 10 20
11 2 6 5 7 5 5 5 2 5 16 18 6 14 9
1 7 6 5 1 1 1 1 10 5 2 2 5 1 3
1 1 0 3 3 3 5 2 4 1 1 0 2 6 0
3 5 2 1 1 8 9 3 11 7 14 9 5 5 12
3 2 0 6 1 2 5 4 4 1 5 2 3 6 0
0 1 5 0 3 3 0 1 1 2 2 5 0 3 3
1 8 14 11 17 10 7 15 2 2 9 4 3 3 4
6 2 6 5 1 2 5 3 0 1 1 2 0 6 8
2 21 0 13 11 8 4 9 12 4 8 6 10 7 4
5 4 1 12 5 4 8 11 2 5 2 1 4 5 6
3 2 7 1 2 4 1 2 1 2 5 3 4 0 1
5 5 8 1 3 6 7 3 7 2 1 5 3 4 5
3 10 2 0 7 4 2 1 4 14 1 10 11 9 3
1 5 7 7 4 3 1 4 9 10 7 13 8 22 1
8 2 17 8 0 2 7 11 15 10 9 1 1 8 11
3 17 9 4 1 10 5 2 13 9 6 7 10 7 12
7 1 2 2 2 5 1 4 8 1 0 4 4 9 4
3 4 9 11 2 0 5 5 4 1 3 1 1 5 2
8 3 5 11 3 5 8 9 8 2 8 7 6 3 2
12 11 3 4 2 2 7 11 12 5 7 5 7 4 2
3 9 11 7 13 3 6 13 15 5 1 6 3 1 18
12 1 3 1 5 0 9 1 1 9 6 1 3 2 10
5 1 6 2 13 4 4 2 1 6 9 11 0 9 4
2 2 2 16 7 17 14 0 2 3 11 8 2 4 1
5 5 6 2 0 6 2 5 6 17 5 4 8 1 9
1 8 4 4 2 7 0 6 0 5 5 8 0 4 1
7 3 5 8 4 18 16 2 5 3 6 9 10 17 7
7 6 2 2 6 10 3 1 8 6 18 1 2 9 2
3 3 12 0 3 3 3 2 2 7 3 14 2 0 5
5 2 7 13 2 11 11 4 3 2 11 5 6 8 6
2 13 2 5 8 1 2 4 2 7 11 11 6 5 20
0 5 5 5 1 1 11 1 1 9 10 9 1 8 0
1 1 4 13 11 12 18 1 5 8 7 4 6 5 3
4 4 5 7 12 2 7 3 8 7 2 7 10 1 4
18 2 2 0 7 11 6 1 4 3 2 12 5 9 7
7 15 9 2 3 1 6 6 8 2 11 0 7 1 5
5 7 2 2 2 3 2 4 2 2 1 2 2 1 1
0 3 3 3 2 3 2 1 3 4 0 5 2 3 0
0 3 2 4 2 6 1 4 6 6 4 2 5 0 4
1 13 16 4 11 2 15 1 15 9 4 0 9 2 1
5 14 11 3 18 14 7 5 2 9 13 7 9 3 1
3 2 1 6 0 5 0 2 3 3 6 1 2 3 2
9 4 4 0 2 2 4 1 5 2 7 4 6 2 2
10 1 4 10 2 5 6 2 5 5 5 11 4 10 10
5 4 13 1 0 3 3 6 0 8 3 9 9 2 5
2 13 11 12 12 6 6 3 14 0 0 9 8 2 4
2 0 0 2 7 1 4 2 1 1 1 3 5 1 3
0 6 2 2 0 2 7 0 5 11 1 3 0 1 5
6 0 4 4 3 11 5 7 1 5 2 1 1 3 3
4 11 11 1 11 12 0 20 6 2 11 5 15 6 2
1 0 3 2 1 1 5 1 3 2 5 0 2 1 5
0 4 1 5 1 8 3 1 4 7 2 1 3 5 7
5 3 1 0 1 4 0 1 9 1 5 1 4 3 5
23 5 6 5 7 12 8 6 5 6 3 10 12 2 10
7 8 4 1 13 8 12 7 12 3 8 1 22 15 4
6 0 15 1 6 0 1 21 5 3 7 3 11 11 3
0 5 8 3 16 7 1 3 3 4 5 14 5 8 4
3 3 2 4 4 9 2 6 5 2 7 1 4 4 5
5 4 10 0 9 1 11 12 11 14 6 9 4 19 10
2 9 5 8 5 3 6 0 3 8 11 8 7 7 7
4 6 7 7 3 5 0 9 3 1 8 9 4 4 3
12 9 3 5 6 1 6 0 2 4 11 9 10 5 4
5 1 5 0 1 3 1 2 5 4 5 12 9 4 4
4 0 5 1 1 4 3 1 6 0 3 5 1 11 0
7 2 1 4 4 1 3 9 5 6 1 9 0 2 3
10 11 3 0 16 12 1 5 5 4 1 9 11 15 4
0 7 2 1 2 0 6 5 3 4 0 0 1 3 8
5 9 1 26 11 12 6 0 3 4 1 3 2 2 3
1 5 4 5 15 3 2 2 1 9 8 4 0 15 9
1 3 3 1 9 3 3 6 5 6 2 3 3 6 2
1 9 0 1 9 8 1 0 4 12 3 19 12 11 4
5 5 8 11 5 6 1 1 2 3 7 7 9 5 3
15 17 1 3 6 12 1 3 11 11 19 3 14 4 1
12 4 5 11 3 8 7 0 4 5 5 3 12 5 0
12 5 4 7 4 8 6 8 11 2 1 7 1 5 16
5 9 15 7 17 3 0 8 17 7 11 3 4 8 1
6 13 2 10 14 5 1 2 0 7 0 23 7 8 2
2 6 6 11 8 5 14 2 10 7 5 7 4 6 11
2 1 0 3 4 8 3 2 4 3 9 0 4 6 6
9 8 1 5 7 11 6 7 7 9 9 0 10 7 3
5 9 6 3 13 8 9 0 7 6 5 6 1 8 3
11 6 4 16 19 8 3 10 8 1 0 7 1 1 7
4 0 4 3 5 3 7 5 1 1 13 2 0 1 2
14 8 6 8 6 2 2 2 5 2 1 7 11 0 3
13 8 11 1 7 9 4 6 8 0 5 2 16 6 3
9 4 4 8 9 6 5 4 6 1 1 7 0 2 8
6 6 6 7 15 7 4 2 2 17 4 13 8 3 5
4 10 3 10 17 6 4 18 0 7 1 3 14 3 17
8 6 5 2 2 3 6 4 1 13 3 7 1 8 6
8 1 7 1 6 0 0 1 4 4 0 0 3 1 2
7 3 6 10 6 5 0 3 6 6 3 4 5 1 9
10 3 11 3 3 3 10 3 8 3 4 0 3 8 2
1 2 1 1 2 2 8 0 4 1 1 5 4 4 3
1 12 9 7 11 11 2 8 9 1 12 0 7 15 13
1 3 14 2 6 4 9 4 2 7 4 3 6 5 1
1 4 11 5 11 5 12 2 2 4 2 8 8 2 3
1 2 3 5 5 3 1 0 3 5 2 9 16 12 2
1 4 1 11 5 8 9 13 1 16 4 12 1 1 9
9 1 0 7 8 4 14 4 3 2 9 1 1 10 0
8 4 0 4 2 4 2 2 0 10 7 1 4 3 3
4 13 3 7 6 1 4 17 11 15 5 0 4 1 3
6 10 6 3 4 4 5 3 0 7 5 7 3 5 1
6 3 5 0 6 5 2 5 1 6 3 3 1 3 0
8 16 6 8 1 4 6 6 12 2 10 6 4 8 12
6 8 1 1 7 0 7 10 1 0 9 4 1 5 0
6 4 2 3 9 5 4 6 5 1 6 7 3 0 5
1 6 4 12 3 2 4 2 5 10 1 9 8 10 3
8 11 5 4 2 4 13 2 4 2 0 5 1 7 3
5 5 7 1 6 9 3 2 14 11 8 12 12 7 15
2 14 8 1 13 0 4 9 17 0 15 0 3 2 7
21 2 5 2 2 23 2 1 13 7 9 6 3 10 11
8 3 0 13 3 5 10 8 3 1 12 9 1 1 5
5 8 5 12 6 6 7 9 6 0 1 2 11 13 7
5 1 2 1 1 4 0 6 4 1 2 2 1 1 1
4 5 1 6 10 2 1 3 3 2 7 5 9 6 5
4 4 1 2 2 3 0 1 1 2 1 4 4 3 1
10 2 3 10 12 3 4 11 0 14 13 0 6 1 13
5 11 3 1 3 9 8 2 1 12 2 8 14 5 1
11 0 1 0 0 2 3 4 1 12 12 18 1 5 10
16 2 6 0 11 0 2 9 3 5 2 11 3 7 4
10 3 12 0 8 10 4 0 5 15 0 2 6 3 6
6 1 4 13 0 8 4 2 1 9 1 11 3 2 1
14 1 1 5 9 8 11 6 6 13 0 3 3 13 1
10 6 7 2 6 27 2 0 13 10 8 4 7 14 2
1 10 4 7 4 6 1 1 1 0 0 0 8 2 6
8 3 5 3 3 0 5 3 7 2 6 6 3 9 8
6 5 1 9 12 6 8 8 11 2 16 11 1 9 6
1 8 2 2 4 1 12 12 11 12 1 9 3 0 7
0 0 4 7 4 18 4 4 1 9 19 1 17 1 1
14 5 7 16 17 7 6 13 4 5 10 9 3 12 4
1 5 11 8 0 2 2 5 12 9 9 6 4 16 11
4 9 2 5 3 5 10 5 11 6 6 3 5 5 1
12 6 6 9 17 3 0 5 8 6 6 15 9 8 10
0 7 5 1 3 3 2 0 3 2 9 0 5 1 1
4 3 4 6 6 2 4 7 2 2 2 3 5 10 1
10 1 0 2 0 6 7 3 3 5 3 7 1 15 14
1 2 1 0 2 2 1 4 2 5 4 6 3 1 1
6 7 5 2 5 0 5 7 1 2 2 4 1 6 1
1 11 6 6 1 14 14 5 9 1 2 13 8 1 15
2 10 12 1 6 6 5 8 3 5 3 1 6 5 4
5 3 4 5 5 6 9 8 7 6 11 1 0 8 3
4 4 9 6 6 5 4 8 6 6 5 7 7 3 2
3 5 4 2 5 3 7 2 4 3 7 4 5 8 2
5 8 10 7 7 4 7 1 3 5 2 5 13 13 17
1 4 12 8 11 3 8 3 11 1 11 4 13 6 13
3 5 3 6 1 1 0 0 4 2 4 1 1 1 2
3 11 2 4 4 13 6 1 12 11 11 7 8 1 10
4 4 4 6 1 0 4 2 5 17 8 4 4 6 7
1 5 3 1 0 1 3 4 4 2 0 3 4 4 4
1 7 6 3 7 4 2 1 5 2 7 0 10 6 3
7 5 3 2 4 12 2 2 3 1 11 11 18 19 2
6 8 8 4 6 3 3 2 2 7 10 7 5 6 3
2 7 15 4 11 12 2 2 10 8 3 3 3 9 19
0 10 3 4 3 0 1 2 0 1 3 1 5 3 2
4 3 2 5 3 2 5 0 1 2 1 4 1 3 5
3 0 2 4 2 1 3 2 4 3 2 5 5 4 2
9 5 0 9 1 3 8 2 4 2 0 0 6 6 4
2 0 0 2 0 3 1 4 3 6 2 2 1 8 0
2 2 1 9 12 5 7 6 3 1 2 7 2 4 18
7 7 9 4 0 7 3 6 5 4 4 0 3 0 4
10 11 9 28 6 8 13 1 5 6 4 3 5 2 1
2 1 5 4 3 5 2 2 1 2 2 1 5 4 0
1 14 19 5 1 2 5 3 4 1 10 1 12 1 7
4 16 9 6 3 6 7 4 2 0 0 4 2 7 5
2 5 2 4 6 3 1 2 12 6 4 2 7 3 2
12 3 5 0 4 23 8 12 4 9 9 10 5 2 3
6 8 1 2 9 10 2 22 1 18 11 12 2 2 6
7 10 7 6 1 7 7 11 6 17 1 7 12 1 6
16 12 18 1 10 1 5 8 3 4 7 15 2 12 8
7 15 7 5 7 3 2 20 13 5 6 2 8 10 3
7 3 7 0 7 3 4 3 3 3 8 1 5 8 3
5 1 0 4 1 0 2 4 6 4 0 0 0 1 0
16 9 0 6 11 5 8 4 8 6 11 16 1 8 6
1 3 1 3 1 1 0 7 2 1 7 4 2 5 2
3 1 8 4 8 2 0 1 5 6 8 1 7 7 8
2 6 6 4 3 11 4 4 4 0 2 4 1 8 1
9 11 8 4 7 6 16 0 13 5 0 12 11 2 10
7 1 7 5 4 1 7 6 5 0 3 0 2 2 0
2 8 5 0 0 1 4 3 1 1 3 3 3 3 2
6 13 17 4 2 9 10 4 6 10 0 9 3 10 1
2 13 17 13 3 3 0 6 3 11 5 7 4 2 8
2 0 8 1 3 4 2 6 1 1 2 5 4 4 2
4 5 2 3 7 2 0 0 8 0 11 6 1 7 7
4 1 1 4 4 8 5 1 2 21 9 1 2 2 8
9 8 5 12 3 3 15 1 1 1 0 2 2 20 9
11 9 9 7 0 11 1 0 4 2 1 1 3 11 2
5 8 3 4 5 9 6 1 8 0 1 2 3 4 11
12 2 8 1 2 2 1 7 7 8 17 7 2 1 24
11 1 14 16 6 0 9 11 2 3 9 6 4 9 2
0 7 0 5 0 2 10 3 7 5 2 12 14 19 5
8 13 8 2 15 4 3 0 12 9 7 4 0 2 5
3 4 1 2 2 1 6 4 0 6 2 1 4 6 0
2 4 12 4 5 6 3 1 2 3 3 2 5 2 5
6 0 6 2 3 4 4 1 5 5 3 4 1 7 2
2 2 5 4 0 8 0 1 4 2 1 9 3 3 9
1 12 8 3 7 16 3 3 1 7 3 8 4 4 8
6 7 10 2 6 3 3 13 2 1 1 9 12 0 2
2 1 7 1 2 1 9 7 4 1 5 11 0 0 5
7 6 3 2 1 1 5 10 0 3 5 2 9 4 8
9 3 5 1 2 1 1 1 2 1 2 4 6 3 2
3 4 4 1 4 5 7 4 1 1 2 5 3 0 5
3 12 15 2 9 7 0 14 15 15 0 10 3 9 8
8 3 2 1 12 4 0 3 4 5 1 1 4 1 6
1 4 8 8 15 1 1 7 3 6 9 21 9 12 6
5 0 7 6 11 7 1 5 1 8 1 2 10 9 8
3 1 0 0 1 0 2 3 1 7 0 5 0 5 3
1 0 7 1 8 10 10 12 1 13 8 1 4 4 10
7 9 3 7 5 8 8 2 2 3 7 5 5 2 2
6 5 6 9 0 0 1 14 4 8 3 13 2 1 3
7 6 10 8 11 9 2 9 1 18 1 18 15 6 6
13 4 2 8 4 2 6 13 13 11 6 2 3 5 1
1 13 3 2 20 9 7 18 1 13 13 8 6 6 2
6 6 2 6 3 1 8 2 2 2 3 4 4 2 11
4 3 4 3 4 3 2 0 2 3 0 0 3 3 2
6 7 3 22 3 10 3 0 8 9 12 3 7 3 10
1 4 9 5 7 4 1 2 1 6 4 5 0 4 2
1 3 1 11 1 0 3 6 8 6 1 4 1 2 14
12 1 2 10 1 8 4 0 5 2 4 8 0 1 0
16 7 1 7 6 9 12 10 13 5 11 10 4 5 17
2 9 9 1 3 3 1 2 2 5 3 6 4 5 3
4 2 5 2 8 4 0 2 1 3 0 1 5 4 3
2 3 6 1 3 2 1 8 6 4 4 2 1 2 5
2 2 9 4 10 5 4 7 5 1 3 3 4 2 1
10 10 15 4 6 10 12 7 4 2 8 9 5 1 2
3 6 0 2 5 2 5 2 1 3 6 1 1 1 0
2 1 3 6 5 0 3 8 0 2 5 2 2 11 4
2 4 5 1 17 4 13 2 2 1 22 3 17 2 4
4 3 2 1 2 10 3 4 1 0 7 3 3 3 2
5 5 1 7 8 6 4 2 5 2 2 8 0 0 3
2 3 6 0 3 5 4 10 5 1 9 13 9 0 3
5 1 19 25 8 3 5 2 9 7 14 5 3 3 6
5 9 3 1 4 0 5 3 5 3 6 4 5 3 5
6 6 8 1 1 16 6 3 1 6 4 16 4 10 14
11 1 4 9 3 9 4 0 3 0 3 3 7 2 8
1 3 6 0 1 6 5 1 4 6 7 0 1 2 6
1 2 4 2 1 4 6 2 6 0 5 0 2 2 2
6 5 2 6 3 5 1 9 1 10 3 1 1 6 1
8 5 4 5 4 0 4 2 0 4 6 3 7 4 5
6 11 12 12 5 6 18 15 6 7 5 2 0 10 5
4 1 4 3 2 3 5 4 3 3 0 4 3 2 2
1 0 3 8 4 3 0 8 0 1 3 2 2 4 5
8 9 6 1 11 4 1 3 6 1 0 3 8 0 7
2 0 2 5 3 1 0 3 3 1 2 4 2 4 2
2 6 4 6 5 8 1 1 4 5 1 8 4 1 1
8 6 5 6 4 13 5 15 7 15 5 4 1 5 7
3 1 6 10 3 4 10 15 3 3 5 12 5 10 9
3 6 7 9 13 6 6 9 4 8 0 8 10 3 1
2 0 8 1 9 10 6 8 5 6 9 4 9 4 8
10 7 8 19 3 2 7 0 4 6 5 7 8 4 15
2 4 3 14 4 8 4 6 10 8 14 3 2 4 5
8 10 14 3 2 20 4 10 2 1 4 12 0 10 5
6 4 0 8 1 1 4 1 1 3 4 5 4 2 3
2 3 3 1 4 2 6 5 5 7 1 4 1 3 1
6 11 5 8 5 6 1 3 14 6 9 15 2 12 11
4 3 13 3 4 4 3 6 6 1 6 1 10 7 1
6 1 9 21 10 4 7 11 3 1 9 10 7 0 3
3 22 1 9 10 10 5 1 10 16 7 6 16 5 6
1 9 24 8 13 9 5 1 7 10 1 11 5 12 4
0 3 3 5 6 2 4 1 5 10 1 0 4 3 0
1 18 1 25 5 2 2 9 3 13 6 1 2 4 9
5 3 2 1 1 5 2 5 1 11 4 3 1 0 0
9 2 6 5 5 3 2 20 10 6 15 13 2 7 9
10 18 3 7 6 7 5 8 19 7 0 1 6 10 7
7 6 6 7 1 3 3 2 0 0 8 4 0 2 4
6 13 5 12 2 3 7 2 12 5 3 5 1 7 10
2 4 1 1 4 4 2 3 5 2 3 1 2 4 1
1 1 2 3 2 1 3 1 7 5 4 0 0 2 2
3 3 3 0 1 4 3 1 2 3 3 1 4 6 0
5 0 9 2 1 3 0 1 3 7 6 5 6 5 12
2 5 7 10 8 1 6 17 3 18 0 7 1 0 4
13 9 5 13 17 6 6 9 1 6 0 4 8 12 1
4 3 3 1 6 5 12 4 3 22 5 8 7 7 7
1 7 3 4 1 4 1 2 1 2 7 2 1 3 3
1 4 11 6 10 10 11 2 2 1 11 1 0 11 1
0 5 11 4 6 0 7 18 11 9 16 2 16 7 15
16 4 2 12 14 8 4 7 2 4 5 1 2 5 7
1 4 1 6 1 10 8 2 8 1 6 5 1 2 3
4 6 4 1 3 1 13 15 1 1 3 8 3 11 1
15 3 2 1 4 4 2 6 8 10 5 1 1 4 4
2 7 2 2 21 17 6 0 6 1 24 1 4 2 4
12 5 0 4 13 14 6 8 4 0 1 3 5 5 6
5 3 10 8 3 1 5 12 7 13 18 3 3 11 3
0 1 2 0 3 4 2 1 2 5 1 4 5 1 2
13 11 15 1 0 10 8 5 12 1 15 11 2 2 7
7 4 3 0 7 4 8 3 2 1 5 6 9 0 5
1 3 5 6 1 5 1 2 4 0 1 1 4 1 5
2 0 7 4 2 8 1 9 10 1 3 10 10 2 1
2 4 4 3 1 5 1 11 10 6 5 1 1 1 1
6 3 1 9 1 7 6 17 9 16 20 1 5 3 8
4 5 4 3 3 1 3 6 1 3 0 1 1 0 3
3 1 3 1 5 5 2 2 1 1 2 4 1 1 3
12 5 17 9 4 7 2 0 8 5 2 5 4 6 6
10 7 9 0 0 0 9 5 5 2 10 5 7 2 16
7 1 2 1 0 3 1 5 0 1 0 6 4 3 4
2 22 1 20 7 0 3 5 3 6 4 6 5 6 2
5 4 13 6 0 3 4 7 10 4 7 6 9 14 4
20 0 7 9 4 9 1 6 18 4 2 13 5 2 14
1 5 9 13 1 5 11 7 4 4 11 3 6 3 7
7 8 2 1 11 2 2 5 6 8 10 15 20 15 4
2 0 4 7 0 1 3 1 8 4 5 8 6 6 8
0 5 17 11 2 12 6 6 3 18 5 6 3 13 9
2 14 1 6 7 7 6 4 3 2 11 8 22 4 5
14 2 10 5 14 14 0 7 2 7 1 9 22 6 10
6 1 3 1 4 3 1 1 2 1 4 1 1 1 5
3 3 2 9 3 1 2 8 5 1 1 11 5 6 8
8 15 1 9 8 2 15 8 0 5 11 6 20 6 0
0 2 2 4 2 1 1 5 3 4 1 1 4 5 3
4 3 7 7 0 13 5 8 13 7 4 9 4 10 7
7 1 6 4 4 0 12 1 2 2 12 10 17 12 22
1 2 2 4 9 1 14 1 8 11 2 3 4 0 14
4 4 12 9 10 6 7 1 3 6 2 2 14 4 2
1 2 3 3 3 0 5 1 1 4 0 4 2 2 5
2 2 3 1 0 1 8 2 2 2 0 4 1 3 8
1 0 6 1 2 3 1 4 2 0 5 1 0 3 1
5 2 5 2 2 1 3 8 1 4 1 2 1 0 1
11 10 1 6 3 3 1 12 10 7 7 1 8 4 3
2 3 4 1 9 14 0 2 4 6 5 9 3 2 1
13 5 5 1 12 7 26 4 2 1 14 0 1 9 10
1 2 1 1 5 6 4 3 1 0 1 0 1 4 2
10 6 0 9 0 6 5 6 5 6 3 10 6 1 1
3 1 6 0 3 3 2 4 3 3 3 3 3 0 2
5 3 2 5 6 3 5 7 2 7 1 3 2 4 0
14 8 18 11 1 5 14 5 15 7 4 4 3 3 7
2 2 3 0 6 1 5 1 9 6 8 0 2 0 2
1 7 0 5 2 1 3 1 1 5 0 2 6 0 5
3 2 2 1 0 1 5 4 1 1 3 1 10 3 1
5 4 2 5 12 2 3 5 1 5 4 3 1 4 1
4 12 3 5 9 2 3 0 5 4 6 2 6 5 8
3 1 1 4 3 3 3 1 2 4 4 0 6 7 5
5 14 14 3 16 3 10 2 23 3 5 4 2 6 10
1 4 8 3 1 2 4 3 6 2 5 10 2 1 2
2 1 15 9 4 1 9 8 1 8 12 0 14 7 12
0 2 4 1 5 5 3 2 0 4 1 2 1 3 6
0 4 7 4 6 1 1 2 6 3 11 1 2 3 7
4 1 0 4 2 2 3 2 6 4 2 1 2 1 1
7 3 0 15 0 18 1 15 5 12 7 3 12 3 6
2 9 9 10 2 0 3 9 5 15 11 1 4 4 18
2 3 2 1 7 18 9 15 2 3 2 1 11 7 9
11 15 1 11 3 6 0 10 6 3 2 4 3 8 9
1 4 5 1 0 4 0 6 7 5 3 2 8 3 1
6 4 3 5 0 4 2 4 0 2 2 1 3 5 3
5 8 12 3 0 10 1 3 4 12 9 9 2 13 4
6 13 11 18 7 16 2 4 14 12 1 15 5 3 5
7 18 1 4 0 9 3 11 4 20 10 3 2 6 5
6 1 8 16 8 8 6 3 4 5 5 0 2 21 2
2 10 3 10 6 0 1 6 3 2 4 8 7 7 5
2 7 4 5 16 21 1 3 0 12 11 13 15 1 5
1 9 2 11 5 5 8 3 4 5 2 7 10 0 5
2 6 6 2 5 1 1 0 6 8 4 5 9 6 6
2 3 3 1 3 3 0 1 3 0 2 4 4 4 5
6 5 8 1 3 3 5 10 1 2 3 5 2 5 4
0 8 5 4 7 8 3 3 2 10 17 7 8 7 12
2 1 7 4 1 2 2 0 1 11 14 2 5 8 8
8 6 6 9 3 14 3 17 9 2 6 17 9 0 13
8 1 2 0 3 5 4 6 1 8 2 0 8 3 2
0 2 2 3 3 1 2 4 6 1 1 8 2 0 2
0 3 1 3 11 3 3 3 7 3 4 3 2 3 2
0 7 1 2 2 2 9 1 3 2 4 6 1 2 0
7 6 2 7 4 8 10 5 19 6 5 8 2 0 14
6 4 1 2 3 7 6 3 12 17 2 12 4 10 0
5 5 14 12 7 5 12 13 9 1 2 13 20 0 4
2 1 7 2 11 10 6 13 6 15 2 11 0 1 5
3 4 9 7 16 8 0 3 1 6 15 0 2 8 7
1 3 2 2 2 3 5 3 3 1 2 2 2 5 1
4 0 3 2 1 4 1 4 0 3 4 3 1 0 5
9 6 3 5 7 6 5 3 3 7 11 6 5 1 12
6 4 1 6 1 5 2 2 10 10 6 3 13 5 11
4 5 5 3 5 0 0 1 6 4 2 2 5 3 6
5 5 1 11 10 1 5 8 5 12 7 9 1 5 27
14 8 5 11 6 9 1 3 2 2 10 16 9 0 1
3 4 1 9 11 7 1 9 12 12 23 1 7 2 15
3 12 4 9 1 8 3 0 0 1 0 11 0 15 8
2 11 4 7 4 2 9 14 2 1 4 2 3 13 4
15 10 7 3 1 7 4 5 2 10 2 7 8 13 8
7 2 7 17 1 0 4 6 6 0 8 7 1 1 3
2 3 3 1 1 2 1 2 5 5 1 2 1 0 5
4 7 3 3 4 2 1 1 9 8 2 2 1 10 0
0 2 11 3 11 7 0 10 3 4 1 1 4 20 9
0 10 1 1 9 10 23 4 10 18 2 8 3 2 5
20 11 10 2 0 15 5 3 1 1 2 15 8 14 9
9 9 4 5 7 0 7 6 8 4 0 4 1 3 10
2 0 3 3 1 6 5 6 2 4 5 3 5 8 1
1 4 7 8 8 18 2 11 3 2 7 1 10 6 2
3 7 3 13 9 9 0 2 6 12 5 1 10 1 5
4 5 2 19 8 1 9 19 15 1 7 6 8 3 5
17 9 12 17 8 2 4 6 14 1 9 5 14 12 6
3 2 6 0 4 3 2 1 2 6 12 5 9 0 1
3 13 5 2 1 1 6 19 2 13 2 2 10 14 13
3 3 6 8 0 1 7 1 8 8 3 0 1 0 2
2 1 2 4 3 5 6 3 1 2 4 2 9 1 1
6 5 2 1 2 2 0 7 8 7 5 2 1 1 0
1 2 8 5 12 5 6 1 1 2 5 4 6 9 2
4 9 13 10 5 14 0 1 7 4 3 3 1 13 7
15 1 2 10 2 1 2 4 7 2 0 4 15 14 8
3 1 11 18 0 3 12 9 3 5 4 10 7 1 2
1 1 1 2 2 2 5 3 4 5 5 1 4 2 1
9 11 1 2 12 8 20 5 4 0 10 19 1 3 3
3 18 8 13 8 10 11 8 2 10 8 3 16 0 16
6 9 4 5 1 6 5 2 3 8 14 4 5 0 10
2 3 2 4 3 2 5 3 0 2 0 3 11 8 6
1 6 1 4 0 2 1 3 7 3 3 2 11 3 4
0 18 4 9 1 7 9 15 4 0 13 4 4 2 14
2 2 1 2 7 2 3 0 2 3 1 4 1 3 5
5 4 2 3 0 3 1 2 1 2 8 4 2 5 3
10 6 4 8 4 7 9 4 2 11 7 3 1 7 3
8 2 0 3 4 10 16 21 13 1 8 19 8 6 0
6 3 7 9 8 4 19 2 7 5 9 3 3 1 10
1 3 2 5 4 3 1 6 6 8 2 7 0 2 5
2 7 1 18 6 0 10 6 0 7 3 9 7 7 8
8 0 5 3 16 10 4 8 0 9 7 2 18 13 17
1 5 5 3 2 0 2 1 0 3 4 3 4 10 6
6 0 16 13 1 5 1 4 15 7 7 2 4 4 3
7 1 1 3 13 3 1 1 13 2 2 7 5 5 6
3 10 1 11 2 21 7 10 5 7 19 9 2 4 12
15 3 0 13 11 16 2 3 6 0 11 3 1 2 4
1 5 0 7 4 4 5 4 2 3 3 4 4 2 1
6 2 7 8 0 5 1 14 1 6 6 9 1 4 5
5 8 9 5 8 8 4 9 4 8 10 14 9 3 11
5 10 8 12 7 3 3 3 4 0 4 6 2 3 4
3 4 5 6 9 1 9 9 8 4 3 4 2 10 0
1 10 2 10 21 9 3 7 2 18 4 1 2 15 4
7 5 4 5 2 2 8 3 9 0 3 1 2 2 2
1 5 5 5 9 8 4 8 0 12 2 7 6 3 4
4 11 1 2 8 17 10 8 7 4 4 15 3 2 10
7 3 0 1 4 2 1 0 1 0 5 2 1 4 4
6 5 0 2 6 17 3 9 5 6 1 6 6 4 8
5 9 0 3 0 6 7 5 4 0 4 3 1 4 3
4 4 3 14 11 3 6 1 9 0 3 2 10 0 3
12 13 12 2 4 4 12 2 7 1 0 2 3 7 8
10 3 2 8 1 2 0 4 1 7 0 2 8 2 3
9 8 11 9 5 15 4 6 5 10 0 3 5 4 7
3 6 1 1 3 2 1 2 1 6 1 6 1 1 8
2 6 3 4 0 8 4 5 2 1 1 3 3 5 4
5 5 3 6 2 8 7 8 19 5 3 2 0 15 4
4 8 3 5 2 6 23 4 11 0 7 10 1 1 3
7 3 9 2 3 7 2 17 8 10 3 3 7 17 20
5 7 1 14 4 2 18 8 1 4 0 17 15 2 8
20 8 1 2 0 4 13 11 3 5 3 3 7 1 3
5 5 2 3 10 8 3 8 5 10 7 2 1 4 3
17 17 4 17 16 6 4 2 7 3 4 4 4 1 7
9 6 2 4 11 3 2 1 9 3 7 9 10 4 3
11 14 6 5 1 14 11 9 8 9 4 7 16 4 2
0 8 0 4 6 3 0 4 0 5 1 0 10 2 4
6 5 1 1 1 0 1 4 4 3 2 5 4 0 0
10 2 4 3 1 7 1 6 1 4 3 3 4 1 1
21 9 5 2 14 7 2 9 7 6 8 18 4 2 8
3 2 3 5 2 1 2 5 4 4 1 5 3 0 2
7 9 12 11 9 8 5 9 1 4 13 4 2 8 20
3 1 8 3 3 2 1 0 1 2 3 4 1 2 3
4 5 5 2 8 4 6 8 8 13 4 1 3 6 12
2 1 2 1 1 4 3 3 3 1 4 3 3 2 5
2 1 1 1 3 5 2 1 1 3 6 0 1 0 3
5 6 8 4 6 6 5 0 2 2 11 2 3 4 5
1 5 11 11 2 1 4 9 1 10 3 0 9 13 14
7 2 2 21 7 5 1 16 3 15 13 3 6 3 14
17 8 4 12 3 6 6 11 2 1 1 6 24 1 13
6 6 11 6 1 4 1 11 4 6 18 5 9 12 5
13 1 3 3 4 4 3 2 1 1 0 2 3 3 6
1 2 5 15 4 3 4 6 2 9 3 8 13 1 2
7 5 7 9 3 9 3 1 8 4 18 4 4 4 7
1 0 15 11 0 2 19 5 2 5 5 7 6 2 8
18 5 7 3 10 0 3 1 4 7 3 7 13 2 4
0 2 1 2 0 2 3 2 3 4 6 1 6 4 8
12 2 6 1 3 5 1 5 7 7 12 6 8 13 14
0 17 20 14 0 6 4 3 2 6 1 5 3 18 10
13 1 2 7 5 13 3 1 11 8 3 8 1 11 3
1 3 5 3 0 2 4 4 0 0 1 5 3 4 1
2 0 0 3 5 1 4 2 2 9 3 6 7 6 2
5 1 6 1 1 6 6 1 13 5 12 3 2 5 2
3 8 3 0 3 6 0 1 5 0 11 10 7 2 5
8 8 5 1 5 3 1 13 8 18 18 7 4 18 8
3 3 3 5 6 5 2 2 0 0 7 1 2 9 2
11 8 6 7 13 9 2 12 7 2 21 5 7 9 1
2 5 2 2 11 12 9 2 11 10 8 5 14 6 12
15 16 1 4 5 9 8 7 1 0 11 5 13 9 17
2 8 3 21 17 13 10 2 14 2 0 15 1 6 2
2 1 18 8 10 14 8 18 6 9 5 0 13 5 12
14 2 8 1 19 6 10 3 2 9 19 18 4 0 5
3 5 12 9 6 2 0 2 11 0 3 4 2 4 2
6 6 1 3 4 1 8 6 6 7 1 0 2 2 6
22 7 6 1 5 2 6 6 4 5 14 12 12 1 5
2 6 1 4 2 8 2 4 1 1 0 2 3 2 0
10 2 11 9 8 1 4 1 3 0 4 2 2 2 0
11 7 6 18 2 2 14 9 13 10 5 8 7 12 10
1 3 18 4 9 5 13 0 10 1 0 1 18 15 15
6 14 5 2 2 7 1 4 4 8 6 1 3 1 1
6 4 4 8 3 5 11 8 4 2 7 5 12 5 12
15 1 6 18 4 14 5 4 8 6 19 8 9 7 3
1 0 2 3 3 3 0 3 3 5 4 4 1 1 3
5 3 6 12 3 4 1 8 2 2 5 4 2 3 2
4 7 9 2 1 3 2 1 3 8 1 2 3 11 9
5 3 2 0 6 6 1 0 2 1 7 2 1 2 6
3 8 15 6 0 2 6 17 7 9 9 0 6 4 2
2 10 2 9 3 23 0 7 6 7 2 12 3 24 0
0 1 2 2 11 8 2 0 6 1 8 1 5 5 5
9 5 3 13 6 5 8 8 9 7 5 3 1 3 5
14 1 4 7 9 4 4 3 5 5 0 1 4 4 1
2 7 2 2 1 3 3 4 3 6 8 7 3 1 6
6 2 9 8 4 1 4 2 4 8 2 4 0 1 10
4 5 3 7 2 6 1 23 7 6 2 12 5 5 3
1 4 5 4 5 3 6 7 5 1 7 15 1 1 2
0 12 1 12 2 5 13 8 2 12 9 15 17 10 1
4 2 2 0 4 1 3 3 2 1 4 3 6 0 2
12 4 7 4 2 2 2 9 7 5 9 11 1 7 4
2 11 7 17 3 1 9 10 6 11 0 6 6 1 3
3 8 3 5 3 6 3 3 5 10 1 2 1 5 3
8 17 13 8 1 7 3 2 7 9 11 2 2 2 13
2 1 4 2 3 9 3 1 0 0 1 1 3 1 3
3 6 1 1 1 5 2 1 6 9 12 2 13 2 3
4 5 5 0 0 2 3 7 7 1 7 5 10 4 5
2 2 3 12 3 5 6 2 5 12 8 2 3 1 4
0 2 12 4 9 7 14 9 3 6 1 2 6 2 6
17 2 8 1 8 10 6 11 9 2 3 7 1 5 0
3 14 16 7 12 10 0 4 1 24 5 10 11 0 3
1 2 5 3 4 4 3 14 4 6 0 9 14 6 13
3 7 0 7 3 3 0 1 3 3 3 1 2 5 4
6 5 11 2 16 1 12 7 10 2 0 15 10 0 4
16 3 0 6 18 11 8 0 9 12 5 7 0 4 6
1 4 3 4 0 4 5 2 2 0 6 1 3 8 4
1 3 1 1 4 0 3 3 8 4 4 1 3 2 2
4 9 6 5 1 2 9 11 2 5 7 2 3 12 10
6 15 9 12 4 1 1 1 4 15 6 11 3 2 0
5 3 2 1 11 2 8 4 2 9 1 9 0 4 3
3 1 9 11 10 23 7 5 8 17 6 3 0 3 1
13 8 7 1 1 1 7 2 2 3 0 2 2 4 7
6 5 3 9 5 14 9 4 6 8 6 7 9 1 15
0 8 7 6 4 19 10 17 5 10 4 1 5 1 2
10 5 3 6 1 2 0 1 4 4 1 2 6 10 11
7 12 5 5 6 4 7 15 3 4 1 13 14 20 6
6 6 3 10 14 10 1 2 9 2 6 1 7 2 9
2 4 1 0 3 0 1 2 1 1 4 5 5 3 1
5 12 2 9 3 1 2 5 6 0 5 8 12 8 4
19 8 5 9 10 2 4 14 7 0 4 1 12 3 9
3 8 3 14 1 4 2 3 1 11 12 17 19 8 7
3 10 7 2 12 7 11 7 4 9 5 3 14 1 4
12 0 13 10 8 0 5 2 1 8 8 11 14 3 12
8 3 2 7 3 5 0 3 4 3 5 2 8 2 4
0 6 7 1 3 1 0 0 1 1 8 4 3 2 5
8 6 8 3 3 4 0 2 11 1 3 2 3 1 8
6 2 2 4 1 2 1 4 2 1 3 2 0 4 3
4 1 8 3 3 4 0 4 2 4 2 0 1 5 6
24 13 7 5 2 8 12 1 5 2 4 4 2 2 14
4 0 2 1 0 1 3 0 3 1 1 1 8 7 1
2 5 1 5 1 2 0 1 3 0 3 4 3 4 1
1 10 14 11 2 4 7 6 8 0 3 2 3 5 0
5 3 13 3 5 15 7 8 8 5 10 7 3 9 1
7 6 4 7 0 10 6 7 2 9 4 2 8 4 3
14 19 3 11 0 2 9 11 2 1 21 3 8 5 7
0 1 7 8 7 5 5 5 4 1 1 1 2 0 9
2 2 8 4 8 2 3 6 1 5 1 4 4 5 7
5 18 15 15 11 8 4 1 10 11 5 15 2 5 6
2 7 5 2 1 3 6 3 11 6 2 3 4 6 10
5 1 3 6 4 2 1 2 3 2 2 2 4 6 2
8 11 1 19 10 10 7 1 0 16 6 8 0 12 1
10 3 21 11 2 6 4 9 13 6 11 6 12 4 8
3 5 4 0 9 1 8 9 4 9 5 2 8 1 0
4 8 9 9 9 8 5 5 4 5 4 7 5 5 7
4 5 7 8 12 4 13 14 16 4 3 9 7 0 7
12 2 3 1 14 3 2 4 7 4 4 3 5 6 5
5 3 0 2 1 2 3 0 3 4 0 2 0 7 1
7 12 3 9 2 16 18 13 12 7 15 1 3 0 6
0 3 5 2 4 3 1 2 1 1 3 4 1 1 4
1 1 3 3 5 0 5 2 1 3 4 1 2 2 2
3 4 8 9 1 6 10 11 9 1 4 2 2 7 0
1 0 14 19 1 1 10 8 2 5 4 4 7 11 6
2 1 2 6 3 1 1 1 2 6 0 5 0 1 4
8 2 9 3 12 8 1 11 3 3 17 7 3 3 4
1 2 2 6 7 3 7 5 2 2 10 6 1 3 1
12 4 3 7 3 5 5 0 8 1 3 7 6 2 3
2 17 2 6 6 1 8 7 9 6 3 14 3 8 2
9 6 8 8 0 21 5 10 15 19 7 8 9 2 1
7 12 0 4 11 3 13 3 1 2 9 3 4 13 2
9 10 2 1 4 11 6 8 5 1 3 2 20 2 0
6 2 2 1 1 1 4 2 6 5 5 1 10 1 2
7 0 19 21 7 4 4 4 19 6 1 9 0 7 3
9 8 3 0 14 18 8 4 1 3 6 1 4 12 19
7 5 9 0 16 10 4 3 8 2 7 7 1 6 24
2 2 7 2 5 1 3 3 2 6 6 2 2 4 2
19 13 10 7 19 1 6 4 1 2 6 7 7 8 7
3 5 1 2 2 2 2 4 2 4 2 5 1 2 3
9 12 9 5 8 1 12 13 4 11 10 2 22 6 1
14 6 6 0 2 1 0 9 0 6 6 2 8 7 6
2 2 9 6 0 1 8 1 1 4 6 2 2 2 3
4 2 1 3 2 1 4 0 3 3 1 2 3 5 1
10 4 6 15 9 0 11 7 1 10 6 18 5 15 3
1 6 5 1 2 0 9 1 1 2 8 1 6 12 2
3 1 3 7 2 2 9 6 11 2 4 5 4 3 0
6 4 2 6 7 5 9 18 3 2 3 1 8 1 18
0 4 3 6 1 2 4 6 5 9 14 8 18 5 5
4 7 1 0 1 3 2 1 1 2 4 0 1 6 7
1 2 4 9 3 2 2 4 2 3 1 3 0 0 7
3 10 3 13 4 1 4 3 16 17 2 12 8 1 3
9 7 13 11 18 3 10 1 9 3 6 1 1 5 1
2 1 8 12 9 3 3 4 0 8 5 10 2 8 10
2 7 3 0 2 6 5 5 4 11 7 1 5 2 1
7 1 2 1 5 2 9 4 8 3 2 10 5 24 8
4 11 5 14 0 2 1 1 11 4 18 4 8 10 1
4 0 2 5 5 1 1 7 0 3 1 5 7 5 2
5 2 13 7 4 20 4 10 6 20 6 2 2 4 4
1 1 0 2 4 4 1 2 4 2 5 2 3 2 0
3 3 1 3 6 5 7 13 4 1 7 4 15 3 7
5 0 1 2 6 13 9 1 0 1 7 1 7 0 0
1 7 6 11 6 4 7 5 5 4 6 6 5 0 6
7 6 7 3 7 2 0 5 0 6 0 3 3 5 8
1 13 12 9 2 19 8 2 12 5 20 2 3 4 11
15 3 7 3 2 7 5 2 0 15 9 6 7 2 10
1 2 2 1 2 4 8 3 0 4 1 3 1 2 4
3 3 3 0 5 1 1 1 3 3 3 7 1 5 8
3 1 2 2 0 2 1 7 1 5 3 3 1 4 3
11 5 7 3 12 6 1 5 0 3 0 2 4 9 11
0 1 1 6 2 4 3 6 7 2 0 4 2 0 5
6 0 6 1 5 4 2 3 5 4 7 1 1 3 0
13 4 2 15 0 8 3 3 3 9 0 4 5 4 4
18 6 10 9 3 1 1 3 12 5 4 8 9 6 2
8 6 5 8 4 2 1 5 12 1 0 0 0 12 4
8 11 17 12 18 9 9 10 0 3 3 12 10 7 8
1 1 1 3 3 6 2 4 1 4 4 1 6 3 0
2 2 2 8 1 5 0 0 2 2 0 1 3 0 3
3 6 6 5 1 6 6 3 5 1 6 5 3 7 0
11 4 0 0 3 7 8 5 2 1 4 10 1 1 10
3 18 15 0 15 5 0 0 2 1 8 8 7 8 11
2 1 0 5 3 6 1 9 6 7 9 6 0 1 1
0 4 8 6 3 2 14 1 10 3 7 6 6 8 3
8 23 2 2 2 7 0 4 6 7 0 3 7 9 4
4 2 4 5 3 19 4 4 8 8 2 1 2 6 16
1 0 0 3 3 1 3 1 4 0 10 5 2 6 0
2 1 1 11 4 4 9 3 7 0 1 6 9 4 5
16 6 1 9 2 9 0 4 13 4 1 2 2 21 4
6 1 3 6 7 6 5 1 5 1 1 0 5 0 6
18 14 7 16 9 4 6 8 0 5 6 6 14 3 1
6 4 4 7 2 7 7 4 7 2 1 6 12 7 7
0 3 5 4 1 5 1 3 10 7 1 2 3 5 2
3 15 0 0 2 3 9 20 3 5 1 2 2 18 9
3 4 9 7 1 2 5 6 9 3 9 1 6 7 4
6 21 15 9 1 7 7 8 2 0 6 4 2 0 11
1 7 4 11 4 5 1 19 7 8 2 8 2 3 6
7 5 2 4 5 0 2 2 2 5 4 4 2 5 9
2 8 5 8 2 7 6 7 9 9 10 0 1 12 5
7 19 1 10 10 5 10 11 2 7 3 6 6 10 0
1 6 10 9 1 6 5 26 2 4 17 5 5 10 13
1 0 1 3 3 0 2 0 1 5 1 1 8 5 4
3 11 3 5 3 21 4 10 2 6 8 5 1 4 3
6 7 2 7 0 11 1 8 17 11 15 2 6 1 7
11 6 6 17 1 3 14 1 9 12 14 12 11 4 9
3 7 6 3 1 3 0 0 5 1 5 2 3 4 1
7 0 2 1 5 2 3 0 10 2 4 2 1 2 3
1 4 2 1 4 0 4 4 1 7 5 2 3 2 1
3 13 11 4 1 11 6 2 12 16 13 6 4 15 8
2 1 4 1 2 2 1 2 7 6 1 1 4 2 2
1 1 1 2 2 0 0 4 0 5 1 12 2 1 2
4 20 5 9 0 5 4 11 8 14 3 1 8 5 6
1 4 0 6 11 5 1 2 3 1 18 0 3 4 0
9 5 0 18 11 0 4 16 3 8 5 7 3 7 4
4 5 2 1 2 2 4 1 3 2 1 7 1 5 6
6 4 16 9 1 4 0 18 1 9 6 4 1 4 2
9 6 3 8 10 5 8 0 2 1 1 5 3 7 0
20 10 1 1 12 1 5 13 10 0 6 1 7 4 3
4 0 2 6 2 4 4 5 2 5 5 2 3 0 2
4 0 5 1 2 1 4 4 3 2 1 0 1 3 8
6 6 8 8 2 18 4 12 1 6 6 5 14 5 15
1 11 5 8 2 5 0 9 6 9 2 7 13 6 4
8 12 6 7 7 4 15 0 3 4 9 10 1 6 2
2 7 7 3 5 1 0 7 8 9 9 6 4 12 8
12 14 5 8 1 7 8 14 5 2 19 13 7 10 0
8 8 3 7 2 2 1 4 2 4 4 3 0 5 1
2 2 1 0 5 0 6 7 5 4 4 0 2 2 3
17 7 11 6 0 3 3 4 7 10 4 2 21 9 7
4 3 3 3 6 3 0 1 4 2 6 2 3 0 6
5 1 2 7 8 2 12 7 3 4 3 10 3 4 16
2 7 1 6 6 3 1 4 2 1 3 10 4 3 5
1 8 8 4 8 12 0 2 4 13 9 11 8 5 3
4 5 11 1 1 6 14 1 0 2 5 8 9 6 7
5 14 1 7 3 11 11 1 13 17 9 5 4 2 11
10 13 3 1 6 4 1 4 15 6 5 3 1 15 5
4 4 6 2 1 10 1 7 2 1 4 2 0 0 1
0 6 8 6 7 3 10 1 0 9 4 16 1 4 3
0 2 4 2 1 2 0 2 10 4 1 6 0 1 4
6 2 4 2 2 3 6 8 4 2 5 1 3 4 9
12 5 4 4 8 6 12 5 13 0 10 10 4 14 15
7 8 7 2 4 5 7 6 5 7 10 2 8 7 2
0 13 13 3 5 6 8 16 0 6 9 1 0 4 9
5 12 6 0 0 8 7 1 9 12 8 11 6 10 11
1 3 2 4 5 2 2 0 2 2 3 4 0 3 0
7 11 2 11 0 3 7 4 1 5 3 3 1 11 2
3 8 6 11 1 2 1 1 2 3 5 1 1 4 12
1 2 1 5 1 3 3 1 5 9 5 4 1 4 1
9 2 3 2 10 1 2 6 4 17 13 6 0 4 4
2 4 8 10 1 7 3 1 1 2 10 1 4 7 1
4 2 5 1 0 5 4 1 2 9 1 4 4 4 1
3 8 11 8 3 2 4 7 0 0 11 7 8 3 16
1 9 2 7 12 3 3 5 2 9 3 5 12 2 6
10 2 2 22 11 8 7 1 2 10 5 9 5 0 1
10 1 8 13 3 7 2 2 9 4 4 6 2 1 8
11 1 0 0 9 9 7 5 5 7 5 0 0 7 14
1 5 1 0 2 8 1 2 4 8 3 1 9 9 1
10 2 2 4 4 3 9 1 12 7 7 1 11 8 1
13 11 3 3 8 11 18 7 4 10 7 6 7 13 3
4 9 1 1 8 18 13 17 2 4 2 10 7 6 16
16 2 5 19 2 1 2 2 10 19 15 5 4 10 5
8 8 5 6 2 2 0 3 8 8 4 1 5 1 2
9 6 2 9 12 4 1 9 1 10 8 3 2 7 2
2 10 4 6 5 3 8 18 14 7 1 8 13 10 9
7 5 11 0 9 10 1 5 3 4 3 5 5 3 6
3 0 17 0 9 1 14 5 4 3 0 1 14 8 3
8 6 11 2 8 5 3 5 6 12 9 0 9 13 12
2 9 7 12 3 2 2 7 12 3 9 0 2 14 3
9 1 6 9 5 11 7 17 15 14 4 2 3 15 2
2 5 8 2 2 4 7 4 3 2 9 8 1 9 7
7 2 5 8 3 0 2 4 4 2 5 0 0 3 2
2 2 6 13 0 1 1 3 1 12 16 7 9 0 9
5 1 2 5 6 13 1 3 15 12 6 2 9 12 7
11 1 4 13 12 3 17 8 9 3 7 17 10 1 8
4 7 14 7 3 6 16 5 8 14 6 13 5 4 9
1 6 1 1 2 3 1 5 5 2 3 1 4 9 6
4 2 1 3 5 3 2 1 2 2 4 9 4 5 7
9 20 6 15 2 4 6 7 4 1 5 9 10 13 6
3 1 5 2 1 13 2 4 4 2 4 0 4 6 4
13 9 9 0 5 1 6 4 4 4 19 17 10 1 1
0 1 2 7 3 5 2 0 3 5 2 1 1 4 2
2 6 2 4 2 4 8 2 1 3 3 13 0 1 0
17 19 8 4 9 11 3 6 5 6 16 2 14 1 10
11 16 4 5 2 7 15 8 3 15 16 2 7 12 8
3 1 0 7 7 9 8 0 0 3 1 9 8 9 5
11 5 10 9 4 8 17 12 1 8 0 7 0 5 14
7 8 0 5 3 10 8 5 1 2 5 9 10 13 2
1 3 8 8 1 1 3 5 1 5 4 3 4 7 1
3 2 7 1 5 8 5 6 8 21 11 3 7 6 11
4 3 8 8 6 7 3 5 5 8 1 2 9 3 20
2 3 1 0 4 4 3 3 3 2 1 5 0 4 2
7 3 2 6 2 8 1 1 7 3 2 6 2 7 1
3 3 4 8 6 23 0 1 0 2 9 0 12 2 12
5 2 12 1 6 5 2 11 4 3 6 2 3 4 8
9 7 3 7 1 5 1 9 14 3 15 3 5 6 9
15 10 8 6 3 8 2 7 2 4 8 6 18 2 1
7 9 5 13 10 17 5 20 2 9 3 15 9 2 5
2 7 3 8 1 0 2 1 3 1 3 0 1 4 2
7 2 7 9 7 12 8 7 1 3 13 12 16 8 0
6 0 4 5 10 11 4 1 3 4 8 3 4 2 1
2 2 2 12 4 5 8 4 4 2 4 1 9 6 7
6 6 3 10 7 2 1 5 2 6 1 6 5 3 3
1 1 12 9 7 7 11 5 1 8 10 10 1 3 1
2 5 4 4 6 5 0 7 3 4 9 6 2 4 11
2 1 4 5 5 3 2 5 1 0 1 2 3 4 4
3 1 4 2 5 1 0 6 0 4 1 4 1 4 4
6 4 7 5 3 4 3 4 2 13 4 3 9 3 1
1 3 11 7 1 4 2 1 7 5 0 2 8 3 6
5 1 1 1 11 3 2 4 3 2 3 1 3 2 3
2 4 5 9 2 8 1 8 8 1 4 3 3 2 2
4 8 0 2 6 0 9 3 15 4 8 5 7 2 7
2 0 3 0 2 10 7 7 4 4 0 3 1 5 6
8 7 2 2 2 4 10 8 3 7 7 0 6 2 5
9 6 5 1 2 15 4 17 7 1 9 5 2 0 2
1 4 1 7 1 3 5 9 6 1 8 2 1 1 6
5 17 3 7 3 1 4 3 1 6 3 12 4 4 3
13 2 8 5 5 1 6 1 4 5 4 1 2 1 6
2 8 0 3 3 1 2 1 8 0 3 3 8 4 7
3 7 7 14 9 3 1 3 1 3 7 8 7 2 6
1 1 0 5 4 5 4 4 6 0 5 1 3 3 1
11 8 0 6 1 10 7 5 5 4 8 5 11 9 14
4 9 4 13 6 0 2 1 2 3 9 6 11 7 1
13 5 8 6 3 2 10 8 10 12 0 11 4 3 6
0 13 1 2 7 2 7 4 1 8 0 9 7 1 1
10 5 1 10 13 2 2 1 2 3 2 1 0 8 1
10 1 11 14 9 2 1 10 0 3 15 7 8 9 11
4 3 5 11 3 13 1 5 13 7 0 3 2 4 5
9 5 10 1 5 3 8 8 16 1 16 0 1 9 9
4 5 7 16 9 8 8 8 3 13 1 12 18 14 0
6 13 1 10 7 6 6 10 1 9 10 15 0 2 2
8 11 11 6 12 12 4 7 3 9 4 13 4 22 7
0 2 9 12 12 1 13 0 1 1 8 1 3 15 3
0 1 12 9 8 2 4 12 8 2 9 10 10 10 5
0 4 10 11 2 5 10 1 11 6 4 15 2 8 4
6 0 3 2 1 10 3 2 1 4 0 1 1 2 2
1 8 4 9 10 5 4 10 8 12 4 0 13 3 7
5 3 5 14 5 11 2 9 11 8 4 6 1 11 8
8 10 5 15 5 5 11 16 3 0 8 9 22 3 5
4 25 5 6 0 2 8 4 4 13 1 7 2 11 16
5 3 1 8 2 0 0 10 3 2 12 2 2 5 2
11 7 11 3 7 0 1 10 11 10 6 12 16 4 21
9 2 6 10 8 1 17 8 15 9 1 6 0 4 9
3 12 8 5 2 6 6 1 4 1 1 1 1 0 11
2 1 3 5 16 0 8 9 7 14 14 4 7 7 3
0 2 1 2 5 3 3 6 2 2 0 1 4 4 3
10 3 1 9 1 5 6 19 9 5 7 7 2 2 6
5 5 2 13 4 0 15 2 5 3 5 1 5 12 6
4 2 6 0 0 3 2 0 5 1 4 1 7 2 4
13 6 7 4 20 8 3 3 6 6 0 6 4 11 3
2 4 5 5 1 6 0 3 2 3 3 4 0 1 3
3 0 11 2 12 9 7 8 10 4 12 8 7 7 12
19 2 6 4 3 0 5 1 4 11 11 7 14 5 2
2 2 4 2 2 1 0 1 3 0 2 5 2 5 2
18 11 8 5 2 10 16 7 2 0 11 7 7 8 11
6 6 5 3 5 5 1 1 0 3 1 1 3 2 5
1 5 5 11 6 1 10 4 7 1 1 8 4 11 2
1 3 3 2 6 13 15 0 2 10 1 12 10 11 5
8 2 14 20 17 12 1 3 2 4 10 11 8 5 0
10 6 5 1 5 11 7 0 10 4 1 6 9 3 1
6 3 12 3 3 8 4 4 5 8 3 13 1 10 2
10 4 0 3 10 9 12 10 16 6 7 4 11 1 14
14 1 4 4 4 5 0 18 5 4 3 7 5 4 5
1 0 2 7 5 12 3 7 1 4 2 11 10 14 7
9 4 7 0 27 9 4 9 2 10 0 17 7 5 0
9 2 8 9 5 3 17 3 9 12 0 12 0 1 10
8 3 9 3 2 17 0 4 11 6 3 8 2 16 3
8 2 5 1 1 3 5 3 4 2 4 3 11 3 9
12 7 2 1 1 4 12 12 8 17 9 6 7 2 3
20 9 3 11 3 11 6 4 7 2 14 6 1 8 1
6 6 5 8 10 4 21 18 1 7 11 2 12 9 11
3 5 3 0 4 11 1 7 3 7 4 0 6 3 4
2 1 15 4 13 8 23 7 0 1 3 3 3 0 0
0 6 6 1 7 6 5 8 2 1 11 6 2 6 2
3 2 3 5 6 3 0 6 5 2 3 1 2 1 4
6 0 0 1 5 2 5 2 1 1 2 3 4 5 0
5 0 2 9 7 11 0 8 0 4 7 1 5 2 3
1 11 6 2 1 2 2 0 8 0 1 5 8 2 6
5 3 5 1 2 3 1 4 2 2 3 1 2 5 0
4 6 1 5 9 10 10 16 14 1 1 12 14 15 9
1 6 3 4 1 1 2 2 6 3 1 0 1 0 2
8 9 0 4 5 7 9 1 2 0 7 3 0 7 7
8 3 14 4 10 11 7 0 20 6 6 6 8 2 10
2 7 3 10 7 2 8 5 8 14 1 2 5 2 15
14 9 7 0 3 8 16 10 17 7 11 19 1 0 5
8 9 2 8 3 5 3 10 4 2 1 11 2 5 1
0 7 1 9 3 9 8 1 14 6 9 3 13 16 13
1 4 1 3 1 2 0 9 1 1 2 1 0 1 4
1 3 2 1 1 4 0 2 5 3 3 1 6 0 2
5 7 1 2 8 5 8 1 4 4 2 4 2 8 6
2 9 9 12 0 6 1 3 5 9 6 9 1 4 5
10 7 0 13 9 1 2 1 11 1 2 4 3 6 8
1 4 7 9 5 2 22 13 5 13 6 4 5 13 13
9 3 7 8 7 3 5 16 8 3 0 1 3 3 12
7 8 12 2 6 4 2 4 6 3 2 6 5 6 13
9 1 2 6 6 5 12 5 3 5 12 4 7 14 15
6 5 7 9 8 11 11 11 2 18 4 9 3 12 0
15 0 0 7 1 3 0 8 7 3 11 1 1 7 8
3 16 3 0 1 5 0 6 1 6 2 2 1 2 2
17 11 6 1 1 2 5 8 9 10 9 1 9 9 1
16 2 0 3 10 19 14 3 3 7 6 15 11 9 1
1 8 13 9 0 6 1 10 1 9 8 0 7 3 2
10 14 6 5 10 0 5 11 6 11 9 6 7 5 11
3 7 5 11 7 2 1 7 18 7 1 20 9 3 7
0 5 1 1 3 5 5 7 1 4 3 4 1 5 9
7 15 12 0 6 6 5 4 3 4 6 8 12 0 11
11 7 7 9 4 9 16 19 2 7 12 3 10 15 2
2 5 5 1 1 6 12 0 1 1 8 5 4 3 4
3 3 7 4 14 8 13 15 12 14 5 2 5 3 13
13 9 4 1 14 21 8 12 3 0 2 7 16 8 2
1 3 10 0 3 2 0 2 8 4 0 3 5 0 0
2 1 9 3 3 2 6 3 4 6 10 5 1 5 10
16 4 10 4 1 1 13 3 0 1 5 19 5 7 1
2 6 0 0 15 3 4 9 6 12 18 18 5 1 16
4 4 5 4 2 7 8 7 4 9 5 11 0 5 8
2 12 4 14 13 4 10 7 15 7 5 3 3 7 9
3 3 3 2 1 4 16 5 0 24 5 1 9 2 4
10 1 6 10 2 1 8 14 13 6 9 15 1 20 3
11 8 7 1 10 4 5 5 8 3 10 1 3 3 9
5 15 11 3 3 11 3 6 0 5 1 0 3 7 5
1 5 11 6 3 14 5 13 3 8 5 10 6 5 1
19 9 5 15 0 7 12 9 5 5 1 5 10 1 2
4 4 2 20 9 8 9 8 7 4 14 6 3 12 8
14 1 8 2 14 5 2 2 20 18 0 6 9 1 12
5 0 1 3 6 2 2 3 1 7 1 0 2 3 3
5 1 4 9 5 5 1 2 3 6 8 5 4 4 1
8 0 10 11 5 4 18 14 8 10 3 1 9 17 11
4 3 7 3 2 1 4 0 3 1 4 3 1 1 2
3 2 2 2 3 0 6 6 4 1 1 1 3 3 2
1 9 4 2 4 2 2 1 1 1 4 2 2 7 3
4 0 2 1 3 3 0 6 10 7 1 0 3 1 3
4 9 4 19 5 2 11 18 4 13 3 12 7 1 8
3 4 0 4 1 1 0 2 4 3 3 2 1 0 6
4 8 2 6 7 4 3 1 5 2 4 7 5 8 6
0 2 2 4 3 5 6 1 5 2 5 5 1 0 1
9 7 0 3 3 3 14 3 6 9 1 9 3 8 3
10 13 7 6 0 1 7 4 22 0 7 3 3 5 4
0 8 9 2 17 2 9 5 3 5 8 0 1 6 5
6 1 2 6 11 1 6 9 5 7 11 11 7 7 2
1 12 3 0 3 0 7 1 6 1 6 1 1 4 5
2 5 4 5 2 3 2 2 9 3 2 1 6 2 2
1 2 4 2 0 11 5 4 2 3 1 4 1 9 1
4 2 9 11 1 4 4 3 7 3 11 4 6 5 0
2 5 4 3 4 3 2 1 5 0 2 7 2 2 0
2 9 2 0 12 6 11 5 1 5 8 5 7 6 3
12 7 0 1 5 0 11 7 4 19 8 9 2 7 3
1 2 6 1 2 3 3 0 3 5 4 4 4 4 1
7 2 0 3 0 4 2 1 2 1 1 4 5 7 4
9 0 1 11 9 6 2 4 1 5 14 8 1 4 16
6 8 20 3 11 12 6 8 3 13 11 8 5 7 8
5 4 4 1 0 10 7 3 3 2 14 11 6 5 3
0 4 0 3 4 3 5 4 0 0 2 1 6 1 3
1 0 7 10 3 0 3 7 9 4 3 1 11 7 4
3 4 0 10 1 4 4 7 1 4 3 1 4 6 1
5 2 5 16 13 4 1 6 1 2 4 7 15 9 2
3 7 3 1 4 4 1 4 0 0 6 5 2 1 4
2 4 14 9 17 10 2 8 5 11 5 4 1 20 5
1 4 1 0 2 1 3 9 1 0 3 3 9 8 0
12 11 6 4 2 1 3 6 7 3 18 3 4 9 5
5 6 1 16 7 7 3 18 5 9 8 5 16 1 13
0 4 10 1 16 4 2 15 12 15 6 16 0 15 7
5 2 4 6 5 1 6 6 4 10 4 11 6 11 2
7 15 3 3 2 11 4 3 4 6 6 0 13 11 4
2 10 18 1 4 9 4 10 15 8 2 6 9 2 8
1 4 1 0 1 2 8 8 2 13 3 0 9 2 6
2 2 0 1 7 1 0 1 1 1 5 4 2 5 2
1 8 5 6 13 2 8 1 8 4 4 4 6 8 11
1 12 16 2 2 8 5 4 1 7 3 2 9 9 6
2 3 11 5 17 5 1 20 2 0 13 11 10 5 15
3 3 8 1 1 1 0 12 3 1 8 6 1 15 2
11 4 4 1 10 3 6 5 1 8 1 8 3 10 6
6 5 7 4 0 2 5 1 3 2 2 3 1 7 0
7 1 4 8 16 9 0 7 6 4 17 1 4 19 6
1 2 4 3 1 1 1 2 2 4 9 5 1 1 4
2 3 0 1 13 18 6 2 3 8 4 7 4 0 1
4 3 3 8 19 9 0 7 3 2 9 6 3 3 6
10 1 2 1 2 3 7 15 0 3 8 8 0 5 4
6 2 1 3 3 4 4 3 4 2 0 2 2 5 2
6 5 6 1 3 0 4 7 8 1 1 5 1 1 4
18 2 7 9 0 1 1 6 17 2 7 1 8 5 14
1 7 1 4 6 1 0 13 1 3 6 2 0 3 1
5 14 16 3 6 15 3 2 6 3 6 2 10 1 7
0 1 3 1 5 9 4 1 1 13 10 14 1 3 3
0 10 6 5 10 21 12 6 3 4 5 8 20 11 6
4 12 16 12 9 14 0 4 7 14 7 8 8 4 10
8 19 20 1 11 5 7 7 16 10 9 4 4 3 2
3 0 6 5 2 2 1 0 2 0 3 2 1 0 3
5 11 6 1 7 0 4 2 1 5 6 6 1 2 2
5 12 4 16 4 1 7 9 15 8 6 7 1 9 3
4 4 5 2 3 1 5 1 6 2 4 3 1 6 4
3 2 7 1 7 4 2 1 1 2 1 1 5 3 1
2 0 4 2 7 5 15 1 4 3 6 7 1 4 1
2 13 9 14 12 5 9 6 12 3 5 11 6 5 3
7 3 1 1 3 5 2 3 11 4 3 5 6 1 7
2 0 4 6 2 4 2 2 3 10 5 5 3 6 1
9 2 6 3 1 6 3 10 1 6 2 1 5 9 5
2 11 6 17 4 5 7 8 0 15 6 11 6 8 4
2 2 1 5 3 8 1 0 3 1 6 1 1 1 5
4 6 3 1 4 9 1 4 3 0 6 2 1 2 4
3 5 1 6 11 3 1 0 11 0 3 2 13 4 3
3 1 2 3 8 0 5 2 1 2 0 3 3 0 1
13 1 1 6 5 11 1 3 6 0 2 3 2 5 3
1 10 1 15 7 5 5 14 1 2 11 7 3 5 6
13 5 20 9 17 6 15 8 15 6 4 1 3 1 3
0 8 1 2 3 6 8 8 1 3 3 8 1 2 14
8 6 1 2 6 3 5 3 3 4 0 4 6 4 9
1 41
1 84
2 30
3 67
4 68
5 78
6 10
6 79
8 57
8 95
9 70
9 92
12 31
12 50
13 26
13 89
14 97
15 75
16 20
16 81
17 57
18 50
19 42
19 48
19 64
19 86
20 23
20 113
22 116
23 102
26 84
26 114
27 94
28 109
30 119
30 128
31 122
32 89
33 56
33 98
34 86
35 38
35 89
35 111
36 106
37 130
38 98
38 99
38 109
39 81
40 134
43 87
44 66
45 58
47 114
49 110
50 55
50 125
50 136
52 56
52 62
53 97
53 116
55 115
56 122
57 146
59 98
59 120
60 109
61 146
63 112
63 149
64 65
64 121
64 134
65 71
65 143
65 145
69 79
69 111
70 160
72 124
72 143
74 165
77 132
78 161
79 148
79 164
79 170
80 132
81 166
82 105
83 178
86 164
87 168
88 131
89 184
89 187
90 162
90 182
92 112
95 168
96 115
98 149
98 150
100 103
101 159
101 181
102 105
102 124
105 128
105 143
105 161
105 163
106 196
107 142
109 150
109 187
110 143
112 182
113 146
114 173
115 134
115 169
117 163
118 125
118 140
119 123
119 183
120 167
121 176
121 183
122 149
124 127
124 178
125 164
125 175
126 204
128 164
128 212
129 200
130 159
131 199
131 202
134 197
135 149
136 183
138 158
138 206
139 223
140 214
141 142
144 159
144 171
146 153
146 190
146 223
147 193
150 223
151 182
151 184
151 244
153 217
154 175
154 210
156 210
157 197
157 228
158 163
158 202
158 246
160 239
161 234
161 255
162 200
163 172
163 258
164 261
165 178
165 251
166 194
167 200
168 196
168 249
169 262
170 239
170 241
170 248
171 175
172 217
173 273
174 186
174 263
175 238
176 254
176 260
180 256
181 280
183 185
183 206
183 247
183 253
184 261
185 203
187 194
189 262
189 265
189 270
190 264
191 193
192 207
192 220
193 244
193 251
195 205
197 201
198 253
198 280
198 293
199 250
199 291
200 231
200 295
202 213
204 247
204 252
207 222
207 297
207 307
209 284
210 227
210 250
210 308
211 253
211 261
216 218
217 233
217 299
217 314
218 227
219 300
220 257
220 294
221 284
221 296
222 280
223 300
223 312
225 244
226 276
229 275
229 288
231 324
233 322
236 321
239 316
240 258
240 280
243 298
244 254
245 257
245 264
246 262
246 284
247 260
248 295
249 342
251 259
252 270
252 305
252 341
253 255
255 347
256 333
256 351
258 348
259 270
260 336
261 267
261 286
261 297
262 332
263 329
264 363
265 301
267 281
267 284
268 291
269 283
271 283
273 316
274 341
276 298
276 323
276 355
276 366
276 367
277 318
278 293
278 305
278 333
278 365
280 312
281 330
281 345
283 324
284 305
284 342
285 331
285 381
286 301
286 325
289 303
292 307
292 337
292 342
294 367
295 344
296 332
297 303
297 340
299 340
300 308
301 392
302 304
302 339
303 357
304 334
304 351
305 352
306 322
306 398
307 331
307 366
308 321
308 392
308 394
308 402
309 357
310 345
310 380
311 384
313 329
313 382
313 406
314 336
314 395
315 321
315 334
316 360
316 412
318 342
319 351
320 420
322 344
322 385
323 335
324 379
324 415
325 339
325 386
326 391
327 373
327 396
333 398
333 428
335 370
336 392
336 418
339 372
339 427
341 392
341 401
343 355
343 396
344 379
344 410
345 387
345 413
346 347
346 409
346 446
349 368
349 403
349 418
349 446
350 377
350 411
350 449
353 399
353 445
354 449
355 364
355 399
356 386
357 358
358 414
360 371
361 388
361 390
363 454
365 455
366 392
366 415
367 380
367 399
367 425
368 400
369 443
370 394
371 437
371 468
372 401
372 469
375 462
377 379
377 442
377 468
378 445
380 444
384 391
386 390
386 441
387 401
387 454
389 431
390 425
391 447
391 454
392 484
393 403
393 451
393 465
394 443
394 479
394 491
396 459
396 476
396 494
397 448
397 496
398 408
399 401
400 426
401 408
402 436
403 427
403 448
405 448
405 481
406 444
410 486
410 495
411 484
411 488
413 482
414 459
414 504
415 441
415 469
415 479
417 434
417 466
417 472
417 493
418 505
418 514
419 513
420 471
420 518
421 438
421 465
422 458
423 501
424 433
424 446
425 426
425 513
426 500
427 448
428 475
430 474
433 491
434 453
435 466
436 468
437 501
437 506
438 459
438 529
439 486
439 492
440 451
440 467
440 511
441 528
442 465
442 540
443 514
445 467
445 483
445 532
447 489
448 545
449 475
451 488
451 540
451 543
453 515
453 545
454 501
454 540
454 544
455 537
456 470
456 536
456 542
457 537
459 469
460 463
460 497
460 524
463 467
463 524
464 495
464 502
465 540
466 557
467 468
470 559
472 510
472 526
473 533
474 485
474 540
478 498
480 505
481 492
481 567
485 495
485 546
485 569
487 505
487 570
488 495
488 575
491 576
493 557
493 579
494 514
495 513
495 570
495 584
495 585
497 541
498 500
500 532
501 575
501 590
501 594
502 554
502 557
503 556
504 508
505 574
507 538
507 572
510 561
511 551
511 575
511 595
512 590
515 525
515 542
516 568
517 591
517 610
520 563
521 530
521 562
521 587
522 601
524 530
524 582
525 621
527 534
527 549
527 583
528 614
530 603
531 536
531 542
531 608
531 622
532 536
532 557
532 598
533 565
535 544
535 592
536 609
536 630
538 547
538 591
538 631
539 626
540 582
541 615
542 617
543 566
544 627
546 628
551 632
551 640
552 561
552 586
553 556
555 654
556 565
556 650
557 614
558 625
560 578
560 650
561 595
561 603
561 659
561 661
564 629
564 640
565 597
565 607
566 641
567 608
567 655
569 590
570 572
570 653
572 593
572 612
573 655
575 616
575 663
576 613
577 614
577 622
578 620
578 657
579 588
580 604
582 609
582 668
583 608
584 679
585 606
586 598
587 595
587 659
587 666
587 681
588 627
588 636
590 626
590 675
592 645
593 626
595 611
595 655
596 625
598 689
599 667
600 623
601 688
601 700
602 658
603 676
605 699
606 621
606 653
607 705
608 647
610 623
610 649
611 651
611 705
612 637
614 681
615 652
615 669
616 694
617 701
619 703
620 641
620 657
620 679
622 635
622 638
622 721
624 631
624 722
626 703
627 637
628 658
631 729
632 665
634 703
635 677
635 690
637 655
637 663
639 702
640 683
640 707
641 727
642 680
644 645
644 670
645 742
646 746
647 671
648 691
649 717
650 662
650 711
652 701
652 743
656 743
657 714
657 754
658 686
658 714
658 735
660 668
661 684
661 715
662 715
663 676
663 699
663 702
665 720
666 672
666 753
668 754
669 720
671 733
671 752
672 723
673 754
673 765
673 771
674 708
674 747
675 746
675 767
676 699
676 714
676 723
679 696
680 720
684 717
684 777
686 696
686 708
686 710
686 777
687 753
688 712
689 701
689 778
689 781
690 760
690 763
691 724
691 738
691 769
693 695
694 702
695 794
698 787
699 713
699 799
700 715
700 739
700 754
700 800
703 727
703 769
706 787
709 782
710 722
710 762
711 796
711 801
713 715
714 789
715 813
716 751
717 740
717 807
717 811
718 806
719 763
719 804
720 775
721 761
721 774
721 797
721 799
722 821
723 734
724 737
724 768
724 786
727 767
727 789
728 775
728 815
730 751
731 736
731 755
731 812
733 758
733 819
735 797
735 803
736 834
737 785
737 823
739 791
739 792
740 787
741 804
742 754
742 827
743 821
744 806
747 764
747 801
747 826
748 759
748 818
750 845
751 796
751 835
752 844
754 832
755 762
755 835
756 795
756 809
756 834
757 831
759 786
759 797
760 860
761 788
761 797
763 793
763 837
764 853
764 861
765 807
765 829
766 837
767 863
769 784
769 806
770 818
771 780
772 785
773 832
775 784
775 807
776 840
777 784
777 831
777 836
778 793
778 835
779 879
780 830
780 833
780 842
781 861
782 841
783 826
785 844
785 854
785 879
787 792
787 826
787 874
788 868
788 885
790 862
791 842
795 848
796 823
796 849
796 857
796 890
797 858
797 872
802 841
805 849
807 811
808 839
808 854
809 847
810 863
810 906
813 816
813 847
813 852
813 905
814 886
815 821
815 840
815 907
816 907
817 857
817 871
817 906
820 880
820 896
820 913
824 862
827 838
827 864
828 909
830 908
832 848
832 873
832 878
832 889
833 887
833 909
834 848
834 897
836 837
837 870
837 909
838 887
839 932
840 873
840 881
841 907
841 924
842 913
843 911
843 919
843 937
845 887
845 894
847 929
848 910
850 893
851 898
851 912
851 913
852 870
855 954
856 901
857 908
858 885
858 908
858 919
859 935
860 943
861 960
863 957
864 890
865 874
865 927
866 895
866 944
867 940
868 884
868 926
869 870
871 961
872 953
874 919
875 943
876 936
876 944
877 914
882 883
883 945
883 974
886 908
887 976
887 979
888 904
888 937
888 970
889 971
889 979
890 900
891 903
891 924
892 910
892 916
893 943
895 953
896 915
896 992
897 923
897 960
897 992
898 990
899 908
899 926
900 972
902 917
902 925
903 915
904 960
904 969
904 993
906 912
906 955
906 991
910 942
910 953
910 981
910 999
911 918
911 923
911 953
914 924
914 949
915 963
916 956
917 988
919 963
920 960
920 974
923 987
925 947
925 979
927 954
929 946
929 977
930 940
932 989
933 948
935 986
936 949
940 997
944 945
946 966
947 950
947 982
949 967
953 979
956 976
959 977
960 972
963 971
965 991
969 972
969 973
969 978
970 971
970 987
971 997
978 1000
983 1000
991 994
9 14 14 10 1 6 6 15 16 4 5 13 2 9 13
17 2 9 12 18 6 26 13 5 1 10 13 1 2 19
7 18 11 3 15 5 19 8 5 14 4 18 2 18 9
20 11 4 13 18 10 7 7 26 12 4 17 16 4 16
2 9 5 13 22 24 12 8 28 5 11 8 5 8 1
20 7 3 2 15 2 11 10 9 11 7 17 14 4 0
11 3 4 21 21 3 10 15 19 19 4 17 10 3 3
8 7 9 8 16 1 8 29 4 18 23 1 8 23 3
1 11 8 10 9 15 9 8 2 5 3 8 5 2 13
1 0 12 0 13 4 1 11 18 6 3 1 1 16 8
9 6 7 6 12 12 12 1 7 12 1 17 9 3 1
7 17 8 11 3 1 9 15 19 5 12 10 4 12 6
14 2 2 7 7 8 5 2 10 14 4 2 10 4 14
0 4 3 5 7 8 5 1 4 1 2 7 8 4 10
2 12 6 7 0 2 7 6 12 3 7 1 2 5 7
10 5 5 5 0 6 3 9 1 6 4 2 10 2 17
6 2 18 15 20 19 7 26 24 0 3 22 15 0 7
11 13 12 16 4 8 1 5 12 24 6 17 25 9 20
7 4 1 1 1 9 7 7 2 11 1 10 16 10 10
1 9 7 2 28 10 16 8 7 10 1 12 9 17 3
1 9 1 1 1 2 1 4 2 12 4 1 5 7 6 4 10 1 2 1
31 26 21 11 32 28 22 33 34 55 39 35 52 56 56 49 23 23 54 31
3 6 2 1 1 4 1 3 3 13 2 2 1 9 10 1 6 1 8 7
20 27 28 9 30 27 25 33 31 47 30 24 22 40 37 32 21 10 33 35
19 32 27 19 30 33 27 31 36 45 42 24 38 50 46 48 24 26 38 35
18 22 16 7 9 23 16 13 12 29 10 19 12 14 25 20 14 11 17 8
1 2 1 1 1 2 1 1 6 8 1 1 4 6 8 7 4 1 4 2
15 25 22 13 15 27 18 24 36 37 31 13 35 51 41 43 24 14 47 33
12 7 23 14 32 31 27 27 28 38 32 21 19 39 34 29 25 7 42 42
16 19 7 7 11 17 15 13 19 13 20 16 16 23 23 29 19 12 24 11
5 10 1 1 3 4 4 3 7 9 7 3 5 13 7 11 14 1 12 5
42 39 16 30 30 32 36 26 50 57 38 31 52 70 54 66 48 31 59 24
1 4 2 1 4 9 3 10 7 23 5 1 11 11 13 13 7 1 12 9
34 31 39 13 37 28 20 31 43 54 35 31 31 52 52 41 33 14 43 40
12 19 8 1 6 2 5 5 7 22 11 7 13 19 18 8 14 3 10 4
44 36 30 18 23 35 37 22 40 50 44 36 48 49 56 50 29 26 39 26
1 5 2 1 1 2 1 8 5 8 5 1 4 8 6 13 2 1 12 1
11 16 11 5 6 22 12 13 12 26 15 10 15 21 20 29 17 11 25 13
31 32 33 21 13 29 29 19 33 43 36 26 38 47 38 48 28 33 48 30
7 3 11 3 4 12 7 13 15 22 22 2 13 22 12 25 5 10 24 19
10 17 13 5 13 16 8 26 19 38 20 9 22 34 22 33 19 10 26 19
48 51 44 42 49 63 58 55 60 79 59 48 63 84 80 78 50 35 60 48
2 13 8 2 5 12 7 5 6 18 9 4 13 18 9 12 6 1 20 5
12 13 11 1 13 3 1 5 14 23 4 10 3 17 22 6 9 1 11 11
15 19 8 6 9 17 11 12 14 25 12 16 24 31 29 32 14 9 32 9
14 10 10 8 10 15 15 20 13 30 19 11 16 18 21 27 17 13 22 15
25 18 18 12 16 31 21 30 25 41 20 31 38 44 47 48 8 23 43 20
39 40 23 32 42 43 41 47 51 64 36 44 55 74 73 71 43 31 52 31
30 53 32 34 41 51 46 31 40 55 49 29 52 61 54 48 31 29 46 38
15 17 10 5 12 12 8 13 13 39 14 14 25 31 32 24 15 9 24 10
49 33 42 44 39 50 45 28 60 68 55 42 66 83 78 78 41 55 75 49
30 18 29 15 12 28 18 28 33 56 23 23 26 49 44 42 27 19 42 29
47 41 47 29 47 49 25 38 50 84 58 42 55 73 75 67 48 30 63 55
6 16 7 3 3 10 7 6 6 25 13 1 17 20 13 13 16 7 15 9
28 34 31 12 36 28 19 37 33 63 36 29 50 52 54 47 13 19 41 35
26 42 23 22 35 50 47 40 26 50 38 42 35 50 49 41 39 15 37 34
25 22 1 16 28 24 18 31 35 44 24 27 33 46 47 49 33 15 26 13
1 4 1 4 8 8 4 7 7 15 10 4 10 15 9 5 6 5 9 9
43 42 26 45 43 60 47 31 55 65 63 31 69 85 62 74 59 37 74 47
31 25 23 19 17 40 24 40 39 41 36 28 42 52 46 54 22 38 50 27
39 41 50 13 42 32 33 51 46 69 45 44 44 63 69 58 27 35 52 48
4 8 7 1 7 11 1 5 7 20 8 1 7 13 9 6 10 1 14 13
1 8 4 1 11 8 9 9 12 23 14 5 9 20 11 7 13 1 14 14
3 1 1 1 1 4 1 1 4 12 5 1 4 9 6 6 5 1 14 8
5 12 6 9 14 15 10 12 14 16 13 7 14 25 17 17 10 6 18 12
9 14 6 1 10 14 10 15 7 19 13 12 8 15 18 11 12 2 5 7
40 49 47 23 35 47 26 40 59 59 51 37 42 68 62 62 35 25 57 45
32 17 28 34 34 42 35 28 41 64 43 26 49 56 55 51 32 35 49 39
37 26 29 22 37 38 28 41 42 57 42 47 50 62 72 52 25 36 52 30
7 13 2 1 4 1 1 7 10 14 3 6 3 14 13 16 12 3 6 1
39 44 40 23 40 34 37 36 59 72 44 34 50 75 68 65 42 18 49 43
38 27 33 31 40 49 49 32 39 57 44 40 44 56 59 52 46 29 55 46
10 8 1 1 4 6 2 2 3 13 10 7 10 16 15 11 11 11 13 4
10 6 14 11 7 16 12 6 13 25 19 4 12 18 10 15 13 13 20 20
14 31 6 18 18 27 29 17 25 32 25 16 33 46 35 42 27 14 35 16
21 23 12 14 18 24 24 18 32 36 31 19 36 51 35 46 24 20 50 25
12 17 9 14 27 31 30 21 23 21 33 19 27 39 34 26 29 4 27 21
35 33 23 26 41 39 35 31 47 59 42 32 46 58 63 53 40 24 47 41
1 15 7 1 1 7 3 4 5 14 4 1 6 14 4 10 8 1 18 4
4 7 1 4 1 6 5 4 8 11 6 4 4 6 7 14 9 6 8 3
20 28 25 13 18 28 28 32 28 48 32 18 27 40 37 40 33 16 28 28
2 7 6 4 2 7 5 3 11 20 11 2 6 13 6 13 10 5 12 11
4 4 1 3 4 8 3 8 3 7 5 4 8 5 10 9 7 1 9 3
27 21 31 23 19 42 28 23 29 52 44 29 56 58 52 58 17 36 60 32
1 3 1 3 11 15 9 6 8 16 11 2 6 12 7 7 7 3 8 12
34 47 37 20 22 43 33 43 43 62 51 28 50 62 53 63 36 25 59 40
8 9 11 3 8 17 4 7 9 27 21 3 17 27 22 20 10 11 18 18
1 2 1 2 1 5 3 3 2 10 3 1 5 10 8 4 2 1 9 4
1 7 1 1 7 11 9 11 8 21 5 2 12 16 14 18 6 3 12 4
23 36 7 5 20 14 13 16 26 38 14 21 20 31 41 37 29 2 16 7
31 44 22 25 30 30 28 20 45 46 32 26 43 55 49 55 40 15 45 20
17 36 35 29 39 47 34 31 52 44 56 24 44 72 45 53 33 26 53 53
22 50 28 17 34 46 42 46 38 59 42 27 38 54 47 51 40 12 44 36
1 10 2 2 6 9 6 9 16 13 10 1 6 16 16 15 8 1 6 5
3 6 9 7 7 19 9 4 10 22 17 2 18 22 11 21 9 5 24 16
11 10 20 7 8 16 6 16 21 44 21 6 26 37 30 30 13 12 32 24
16 31 27 10 21 15 16 24 35 49 34 12 32 51 31 38 31 17 41 32
22 28 32 18 32 46 31 40 35 45 49 30 50 63 52 54 27 28 63 42
17 10 9 4 23 10 10 12 18 31 17 15 7 28 27 18 25 10 18 23
20 14 7 14 14 18 17 16 27 28 21 17 31 38 39 38 23 17 29 15
38 22 33 25 6 38 27 38 25 62 29 31 41 44 50 57 24 31 48 33
22 30 15 11 30 25 17 19 28 41 24 27 19 37 35 23 28 4 24 24
1 10 1 1 1 7 8 11 1 21 9 3 16 16 13 12 14 1 12 3
42 39 28 33 30 49 42 40 43 67 39 37 48 58 63 60 34 33 47 30
27 35 25 22 18 29 33 16 38 41 28 22 28 44 40 42 38 21 36 27
8 14 3 10 22 17 12 22 16 24 14 14 25 29 30 26 10 4 21 15
21 16 24 16 8 35 24 22 22 50 27 13 33 40 37 40 19 15 33 26
27 27 24 14 29 34 36 33 27 56 41 24 37 45 44 40 44 10 42 35
17 19 10 17 7 14 17 13 22 40 16 8 31 33 27 33 33 16 24 14
44 25 27 20 15 36 25 33 31 56 26 38 38 48 53 57 31 32 51 24
21 18 13 1 10 9 1 12 17 34 7 16 16 27 30 29 8 12 26 10
24 20 21 7 28 22 26 36 31 47 23 30 24 35 51 44 25 19 26 24
13 23 14 15 20 22 25 13 26 41 30 3 31 43 22 33 24 12 37 26
1 5 1 1 1 1 2 1 2 14 2 1 5 10 5 3 6 1 4 2
1 4 1 1 1 1 1 4 1 10 1 1 3 1 6 6 6 1 4 1
4 9 4 1 2 8 2 7 4 13 7 5 1 10 11 5 6 1 10 4
33 44 23 22 26 32 27 33 40 47 30 32 44 59 46 59 31 28 61 26
48 44 30 25 26 40 40 33 40 71 38 43 59 68 67 66 36 36 58 32
1 2 3 1 1 7 2 2 5 13 5 2 1 9 2 4 7 1 9 9
7 8 9 3 9 3 4 6 16 27 7 5 9 17 16 12 13 4 15 14
8 17 16 9 24 30 19 28 27 45 28 14 24 38 40 34 26 8 26 30
8 18 6 6 20 13 9 14 14 27 14 12 21 28 28 14 9 1 11 11
18 28 24 8 16 36 20 35 26 47 28 21 42 45 42 55 12 14 52 26
10 5 4 1 3 4 1 3 2 13 4 6 2 4 13 10 3 7 8 2
9 15 1 1 11 6 6 7 10 22 5 8 8 16 11 16 17 7 8 4
11 13 10 4 9 18 11 13 9 23 12 13 13 23 22 14 11 12 14 12
43 48 43 34 36 44 47 33 49 61 51 41 64 70 67 67 28 34 60 42
1 1 1 1 3 4 2 1 2 8 7 1 1 4 1 5 4 3 7 5
7 16 7 2 9 18 13 12 8 19 10 11 4 8 13 11 15 3 8 9
1 6 4 1 4 4 1 7 11 9 7 1 1 10 5 8 4 1 8 9
43 34 39 11 44 32 37 50 38 72 36 47 40 56 67 49 35 30 44 42
49 51 34 26 32 36 41 35 58 56 49 41 55 72 61 67 42 30 52 32
25 35 29 35 38 33 29 12 47 35 46 23 44 56 51 46 18 24 43 34
21 19 8 10 13 21 18 21 23 34 20 25 37 35 44 42 18 13 35 10
7 7 7 1 2 11 9 8 8 19 13 6 6 13 11 13 8 1 13 9
38 44 18 36 44 41 35 28 53 48 52 32 55 74 66 71 47 34 54 35
16 23 14 8 8 22 19 12 17 43 22 8 25 30 27 34 27 8 28 18
8 10 12 10 9 17 14 13 14 34 20 5 28 29 24 24 15 7 27 17
24 25 24 10 21 16 19 19 30 57 24 16 26 37 39 35 32 15 33 28
8 14 9 3 15 8 5 17 20 27 10 10 15 22 25 19 11 1 14 10
1 7 1 5 2 8 7 6 13 7 7 1 10 13 12 15 8 1 8 2
2 2 1 1 7 2 1 6 9 19 7 1 11 20 20 12 6 3 8 6
35 39 18 11 25 28 29 28 37 47 29 35 43 52 60 51 30 20 36 14
1 9 1 1 7 8 9 5 2 13 12 2 9 11 4 10 13 5 6 5
30 29 28 13 16 37 18 31 21 53 23 32 34 41 44 46 22 24 42 28
27 23 5 14 18 25 23 10 27 24 30 23 29 36 37 36 33 19 33 15
11 12 1 2 2 5 3 5 8 10 10 9 11 16 17 18 13 8 14 1
38 48 16 11 33 24 26 34 38 51 23 39 37 45 60 54 32 11 30 17
11 13 16 5 9 19 11 12 13 37 13 9 19 23 28 23 12 1 25 17
52 60 47 22 43 35 46 42 61 77 46 44 41 73 67 65 54 26 57 52
20 22 27 3 17 18 13 20 26 51 17 20 16 34 37 27 20 7 27 27
10 14 24 1 24 30 22 36 25 45 31 22 20 38 36 30 24 8 33 32
30 42 32 24 16 40 30 27 51 42 50 26 56 74 53 65 31 30 68 38
33 41 19 14 30 31 25 36 39 61 28 35 48 56 61 57 29 18 47 30
18 19 15 9 12 29 20 30 20 44 25 18 27 39 36 44 27 14 41 22
14 14 13 10 8 20 19 13 16 23 20 11 10 17 18 21 18 8 18 16
30 37 27 11 20 23 24 19 35 53 25 28 25 48 44 39 33 18 33 23
18 21 5 8 6 18 18 17 21 34 14 17 29 37 34 42 24 16 34 8
25 11 26 4 17 29 9 32 31 47 32 30 37 47 50 44 9 19 48 28
15 5 11 11 7 13 11 5 15 25 19 7 18 24 17 20 14 16 23 18
19 17 21 2 21 13 11 18 22 46 14 18 17 30 34 27 16 6 31 21
29 35 30 12 32 25 32 31 40 49 34 35 31 50 48 43 24 12 38 30
8 3 9 1 14 19 9 19 12 32 12 15 14 20 28 24 9 9 24 19
32 27 13 5 27 22 9 18 31 55 15 35 28 44 54 43 23 12 37 21
35 30 37 9 37 39 28 30 34 61 48 42 43 58 63 41 25 26 48 38
13 25 4 9 22 18 15 14 24 36 19 14 22 36 31 27 30 8 16 18
3 2 1 1 6 3 1 1 6 8 1 1 2 12 12 8 4 1 11 4
8 9 9 1 13 21 8 15 9 26 14 10 9 23 26 17 9 1 23 20
11 19 10 17 18 19 15 15 29 30 20 12 23 40 27 32 23 12 32 21
7 7 4 3 4 5 3 7 6 19 5 3 8 6 11 17 8 9 6 1
33 40 31 27 29 54 52 30 35 47 53 32 49 60 51 58 41 26 61 34
16 21 8 14 13 16 14 12 14 25 16 17 22 29 29 28 17 13 25 11
19 11 5 9 8 15 9 14 8 32 5 19 25 22 35 30 10 15 27 5
24 31 18 10 19 18 17 20 25 32 20 18 24 25 39 32 20 6 16 13
20 17 16 10 26 30 10 26 20 50 30 23 31 43 48 41 22 15 30 27
21 10 12 19 12 19 18 11 29 36 22 16 24 39 32 37 29 22 32 22
10 14 6 2 12 6 4 2 16 26 8 8 4 22 18 9 20 1 10 14
17 35 20 13 24 24 10 10 32 43 34 12 27 52 31 42 26 14 46 31
6 18 1 3 7 10 12 11 11 32 11 5 19 26 20 21 21 3 19 10
4 4 1 1 2 2 1 3 4 9 3 5 5 15 15 5 7 1 8 4
8 30 23 16 24 41 35 33 34 54 46 9 39 54 31 45 37 12 45 42
11 9 7 9 6 4 12 4 16 29 21 4 24 29 20 25 17 17 21 15
9 3 2 1 7 8 6 12 10 26 13 9 14 17 22 20 5 8 18 12
16 27 14 5 12 19 9 13 21 39 15 10 23 29 33 34 23 3 20 9
10 17 4 12 13 20 19 18 20 40 15 10 28 32 24 31 28 14 26 13
30 41 33 10 36 35 33 45 45 56 36 36 33 55 59 50 34 9 38 34
24 31 25 20 19 35 30 24 36 33 48 14 49 57 34 53 26 31 60 36
42 48 51 29 36 50 54 60 58 64 57 46 46 70 67 63 49 34 57 58
18 6 21 14 14 26 14 23 24 52 31 10 35 42 38 37 19 20 33 33
22 29 22 13 22 34 25 21 29 44 35 19 34 43 40 38 20 17 34 22
1 1 1 1 3 3 1 4 6 7 6 3 4 10 7 4 2 1 4 5
16 14 11 3 8 9 8 6 15 28 13 11 13 18 22 21 13 5 20 13
4 8 3 1 3 3 2 6 5 16 1 3 5 6 11 6 8 1 3 4
33 20 29 14 34 31 18 15 34 51 40 32 26 56 55 36 34 23 46 45
27 39 16 2 21 14 20 25 23 54 14 25 25 36 42 36 27 8 14 14
25 24 16 13 39 21 21 31 42 49 31 27 30 50 46 37 37 12 27 39
21 13 13 9 24 12 14 21 29 32 25 20 31 44 45 36 24 19 31 20
26 27 13 10 30 26 17 18 27 35 13 32 14 36 46 33 22 8 28 21
11 13 14 1 11 19 5 22 15 41 8 14 17 28 33 23 11 3 16 16
33 27 13 13 24 20 18 19 37 43 20 30 21 49 51 46 37 22 31 18
47 61 43 35 28 47 46 41 57 60 42 43 48 70 67 65 46 31 58 40
8 14 10 1 8 18 12 10 2 25 9 9 9 9 13 10 9 1 17 8
2 11 4 6 12 14 12 11 20 25 18 1 14 23 18 22 16 2 17 16
23 22 24 18 17 32 25 25 39 50 39 18 45 56 47 58 27 27 46 33
15 22 8 7 15 11 8 21 21 35 20 9 28 40 30 39 20 15 26 11
52 48 50 27 27 41 40 29 38 62 39 45 39 53 56 47 31 29 43 42
40 26 38 28 32 45 30 32 54 67 55 34 62 77 74 70 38 38 66 44
16 35 19 22 26 40 33 22 35 32 44 15 37 51 34 44 36 9 41 29
11 24 12 5 2 11 11 16 19 35 17 6 19 34 18 29 23 8 28 14
34 31 29 11 35 30 23 37 49 60 38 39 45 64 63 56 33 17 55 37
9 10 8 6 1 6 10 2 7 19 9 3 13 13 9 12 14 4 18 8
12 17 9 9 7 15 10 6 14 24 17 8 18 22 22 21 16 11 17 11
7 14 6 8 25 26 23 21 21 29 27 16 16 31 34 21 28 9 13 19
3 6 1 1 1 1 1 6 1 10 6 1 6 10 10 7 7 1 4 3
1 7 1 1 1 2 5 1 6 18 8 1 14 17 11 12 10 4 10 3
21 25 25 10 24 38 34 49 19 63 27 31 40 44 43 44 23 16 42 23
9 22 5 9 11 20 20 11 9 22 22 13 24 29 23 24 17 8 25 9
12 12 9 11 3 16 12 6 21 27 21 5 21 35 23 27 22 14 26 14
13 16 11 8 11 16 10 13 15 32 15 13 22 29 31 25 14 9 28 14
7 12 3 4 1 5 7 2 11 23 10 2 13 16 13 20 15 5 14 5
29 36 25 18 39 43 41 30 32 52 39 32 36 47 53 42 36 15 39 33
27 26 32 16 25 35 30 28 33 45 40 28 34 46 43 50 22 17 49 37
1 4 3 1 2 6 2 1 5 14 4 1 4 8 2 5 7 1 13 9
32 44 33 13 24 37 35 40 32 62 33 30 32 46 46 51 35 18 41 35
20 27 14 13 22 23 14 10 29 40 24 15 17 34 26 30 32 7 26 27
1 6 1 1 1 1 1 1 1 10 4 1 4 3 1 3 6 1 2 1
18 21 13 9 10 13 15 8 18 26 15 15 16 20 20 23 19 7 27 10
43 46 33 28 35 37 44 33 50 62 39 36 49 53 65 55 37 22 35 31
13 17 7 9 8 14 15 6 15 34 15 5 22 29 27 26 23 5 25 14
27 37 27 20 31 48 45 40 33 40 38 41 36 53 53 49 33 14 51 33
2 10 1 1 1 4 4 1 1 15 5 1 6 5 3 6 9 1 12 2
5 6 5 1 9 11 5 9 7 21 7 4 6 8 11 11 9 7 10 11
1 5 1 1 1 1 1 1 3 13 1 1 1 3 7 7 4 1 5 2
9 16 15 6 14 17 9 8 18 37 13 9 13 24 20 20 18 10 17 19
1 10 1 3 1 4 4 2 8 3 8 2 5 13 7 7 13 1 2 1
18 4 16 3 18 29 19 27 13 37 28 26 23 27 35 31 17 16 30 25
1 8 1 2 9 14 11 5 8 22 11 4 13 24 12 8 8 1 17 11
37 35 33 25 30 44 27 40 36 70 33 36 45 61 57 55 40 25 61 41
5 7 4 1 1 7 4 4 3 12 3 5 3 6 9 5 6 1 10 4
18 31 24 22 30 34 36 24 28 46 38 19 36 39 27 35 20 14 41 34
6 21 5 14 18 32 28 20 15 38 24 7 31 32 22 32 22 10 28 19
10 20 11 1 2 6 1 9 14 16 8 7 3 17 14 16 11 1 21 9
35 28 33 23 20 28 25 33 35 61 33 31 43 59 60 48 27 31 40 34
41 40 32 30 42 40 31 26 46 67 46 39 53 68 69 60 36 32 50 42
27 39 24 14 37 31 21 26 34 61 29 28 36 54 49 41 29 14 33 29
27 35 19 27 48 36 45 41 49 57 53 33 61 73 61 66 41 28 58 43
22 48 31 29 33 40 30 21 48 48 49 16 48 65 47 53 33 24 57 39
10 11 5 9 7 11 10 1 16 19 14 5 13 23 19 20 16 6 18 11
1 6 4 1 5 4 1 4 10 12 5 1 4 15 7 8 7 3 9 8
33 28 25 15 31 26 31 39 49 64 37 31 46 66 57 64 43 27 55 40
2 5 3 4 1 4 5 3 7 14 15 1 12 13 5 10 11 3 8 7
20 19 13 14 17 22 20 10 21 21 22 15 17 27 26 27 22 9 30 20
5 13 5 5 1 17 16 11 7 22 7 8 17 15 16 20 10 4 15 3
24 29 20 11 33 32 27 46 34 61 25 29 38 51 53 50 29 17 45 26
6 3 4 5 9 9 5 3 11 21 9 3 13 22 12 16 5 9 20 13
2 10 2 2 2 6 7 4 3 17 8 1 12 12 4 7 11 4 11 4
22 45 16 27 31 39 39 37 38 58 30 26 50 60 52 59 37 19 39 24
15 31 17 14 27 38 27 30 22 46 38 19 40 49 37 42 25 4 42 34
6 7 4 6 6 11 8 9 5 12 11 5 15 14 15 13 7 4 12 5
9 9 7 7 5 12 14 11 19 21 18 3 14 18 17 27 15 5 23 16
29 26 19 17 28 31 20 18 28 41 27 29 15 34 36 32 33 10 27 32
22 23 11 23 28 41 32 20 32 47 34 20 38 46 40 41 38 23 39 25
12 26 17 15 19 33 29 17 24 37 19 17 26 37 30 30 27 7 30 20
10 18 13 1 15 23 22 24 14 34 16 17 11 18 23 25 16 9 22 17
29 20 33 23 43 37 37 33 42 51 47 30 37 60 51 38 44 16 46 47
23 22 31 30 27 36 22 23 39 52 45 19 49 62 53 53 27 22 52 43
27 41 17 18 28 23 26 25 36 48 29 21 40 43 42 46 32 19 27 13
19 24 9 7 19 19 18 20 31 34 24 18 30 49 33 43 26 12 46 23
4 13 1 1 1 1 3 1 6 15 6 1 6 13 8 8 13 4 2 2
10 14 9 11 14 23 17 14 8 21 14 15 15 17 22 16 10 6 23 15
1 6 1 2 3 7 4 4 10 10 4 1 6 15 13 13 9 1 10 4
5 8 7 3 11 21 14 23 7 24 10 12 12 9 19 15 9 1 11 11
24 34 16 14 18 36 35 35 9 43 26 26 34 35 40 39 25 16 35 21
13 15 13 10 21 11 10 13 18 35 18 13 31 32 38 25 4 10 22 14
7 1 4 9 12 12 9 16 11 26 17 4 27 26 19 26 8 13 19 10
6 15 9 3 17 7 9 6 15 28 20 6 13 23 18 7 14 8 11 16
2 4 3 1 6 1 1 1 7 17 1 1 3 8 13 3 5 1 5 6
5 4 1 1 5 9 5 10 2 20 8 5 11 9 13 11 3 6 7 5
23 52 25 28 41 50 36 43 49 46 52 32 57 72 63 71 36 21 56 38
14 8 3 1 11 8 4 6 12 14 7 13 7 19 24 15 9 8 15 10
40 35 22 23 32 33 28 26 43 50 40 31 56 60 60 59 28 25 52 29
24 25 14 9 22 27 19 15 22 26 19 26 18 33 40 25 19 8 22 15
2 8 1 1 4 3 1 3 6 8 5 1 4 11 9 7 11 1 1 1
32 24 19 19 26 30 25 21 23 37 32 30 30 45 45 40 31 27 34 24
12 14 12 3 5 14 13 12 9 44 11 9 16 24 23 24 17 8 23 16
1 9 9 6 18 14 1 10 18 34 17 3 29 38 28 23 9 6 25 18
48 51 30 20 52 40 30 39 51 72 37 53 55 72 80 63 32 17 48 42
16 25 27 9 22 15 7 16 40 42 31 14 21 53 34 39 28 16 39 35
48 46 33 28 27 39 32 26 47 70 50 40 62 70 69 71 41 44 57 30
3 5 4 1 11 12 8 8 2 30 10 2 6 13 14 10 10 4 11 16
7 9 4 1 6 8 1 5 7 15 4 6 6 10 11 9 10 4 11 7
35 39 41 17 29 43 27 36 39 64 38 31 32 50 51 46 36 16 46 44
8 9 2 5 6 13 8 7 5 14 8 9 12 15 19 16 13 3 21 8
3 8 15 1 13 22 10 20 8 24 23 8 10 24 17 15 15 2 19 20
2 1 12 1 7 11 3 18 12 34 7 9 6 19 24 18 7 1 18 19
32 25 42 15 32 37 38 50 46 72 50 32 43 69 62 57 46 28 57 50
2 14 1 3 3 10 10 6 2 16 9 1 16 17 13 16 14 1 14 2
7 5 1 1 1 4 1 1 2 8 1 6 1 7 12 7 4 1 9 1
1 3 1 1 3 6 2 4 4 5 12 1 9 17 5 7 6 1 13 4
10 2 2 4 3 11 6 6 5 15 9 11 15 18 20 19 2 10 24 6
26 26 23 23 24 32 34 35 30 63 30 29 49 55 52 51 28 25 49 30
3 4 1 1 1 1 3 1 3 15 4 1 4 10 4 8 9 3 10 5
9 14 7 12 9 18 13 5 15 17 25 5 18 24 17 19 18 11 20 13
55 30 35 26 27 30 32 21 44 59 39 44 49 52 57 54 32 41 48 31
6 6 7 1 1 8 8 9 6 21 8 7 7 12 13 9 6 3 7 7
4 1 2 1 2 9 2 10 4 25 2 7 7 10 19 18 2 4 15 7
10 6 11 7 11 8 6 15 18 31 16 9 26 26 28 23 5 8 21 9
39 39 44 36 38 52 31 40 50 58 51 35 48 65 58 66 31 31 68 56
9 16 7 4 9 9 12 10 13 30 16 4 15 21 15 21 18 6 20 13
16 30 15 13 28 36 35 38 22 51 27 27 37 47 50 37 25 11 26 27
14 11 21 1 20 25 13 21 15 38 16 19 8 20 31 17 10 6 22 26
3 5 3 4 6 12 10 7 6 12 10 5 7 13 7 9 12 4 12 8
1 4 4 3 3 7 4 7 8 14 8 5 6 11 5 12 6 7 14 6
7 15 3 3 9 9 6 3 14 20 12 8 11 27 20 11 18 3 12 11
11 16 12 4 14 11 9 6 16 33 13 7 10 20 20 12 18 5 19 19
20 27 18 32 32 48 35 29 41 53 49 21 55 71 52 59 37 27 58 35
4 6 3 1 5 7 1 7 6 18 6 4 8 12 11 10 7 6 9 6
4 4 6 2 5 13 4 6 3 11 17 4 9 13 10 10 6 4 16 11
16 15 8 2 16 14 13 13 16 26 11 17 17 24 27 22 10 7 25 11
5 6 5 1 4 8 4 6 7 13 8 1 6 7 9 12 8 1 12 8
7 11 6 1 1 10 6 12 1 25 1 7 10 9 20 16 8 1 14 3
22 33 24 18 30 35 22 23 35 51 31 26 31 54 46 43 29 20 41 35
7 13 15 17 20 30 14 21 22 41 34 7 39 43 39 40 17 17 31 24
21 18 13 2 9 13 6 12 15 39 10 21 28 35 41 32 12 15 29 8
26 20 18 11 16 24 23 20 18 31 25 24 25 34 38 33 18 19 29 16
23 26 32 11 35 37 22 32 30 63 35 26 32 47 48 37 33 9 44 43
25 28 32 14 14 34 22 26 32 45 37 19 28 44 34 43 28 15 42 34
15 34 20 28 27 43 42 39 32 52 41 27 55 58 53 50 22 22 41 32
4 9 9 1 8 11 3 6 8 30 9 1 8 15 14 10 10 5 12 16
7 9 1 1 3 2 1 6 8 15 5 5 9 15 12 16 12 6 9 2
14 35 21 13 27 41 33 40 40 49 42 17 43 58 45 54 36 8 49 38
15 23 16 17 18 20 19 14 28 27 24 18 24 33 28 27 15 7 29 19
27 12 28 19 22 30 8 22 29 51 34 21 45 50 51 48 10 23 47 34
47 60 37 17 39 43 38 45 49 75 44 42 41 63 61 70 44 20 53 45
39 52 29 30 36 50 44 41 45 58 37 43 56 63 68 75 37 31 57 26
13 14 4 1 5 3 1 2 9 18 1 9 2 10 15 16 14 5 14 3
32 43 24 23 37 44 27 34 36 55 53 28 42 58 43 50 47 19 51 46
6 10 1 1 8 2 1 5 10 17 6 9 4 20 16 6 12 1 3 7
23 30 34 31 40 40 30 29 53 53 50 23 49 66 56 55 32 28 55 49
21 49 26 13 27 43 29 37 43 47 45 17 37 59 46 50 36 21 47 38
1 1 5 3 6 11 7 3 8 26 9 1 11 18 8 8 9 1 17 16
3 25 15 4 15 33 20 29 22 40 32 5 27 41 22 38 24 4 35 31
5 8 1 1 1 5 5 6 8 10 7 6 5 9 8 12 10 3 10 5
2 6 2 1 1 3 1 3 6 7 4 1 1 10 4 8 8 2 12 4
5 13 5 5 4 7 7 6 9 13 8 6 7 11 10 9 13 5 7 7
10 16 11 10 23 22 20 17 17 25 22 15 15 26 27 18 22 1 19 22
22 23 19 18 26 29 7 8 23 44 28 19 36 46 43 44 20 20 40 26
32 28 24 9 18 28 19 19 36 53 34 30 42 58 58 45 30 25 45 22
31 30 11 16 24 22 13 20 30 47 24 28 26 39 46 42 34 10 25 20
5 10 7 6 5 10 11 7 8 19 13 6 12 14 7 10 17 4 17 11
23 15 12 22 6 29 28 11 20 31 20 18 33 35 34 43 23 22 37 15
43 52 51 35 52 51 48 32 59 63 67 40 55 75 65 63 43 33 61 56
23 10 21 1 19 23 17 22 26 41 32 28 22 42 40 34 22 19 37 32
10 12 16 6 5 18 13 20 12 33 12 12 15 19 17 26 12 12 21 13
15 20 11 24 16 19 17 15 26 38 28 7 43 41 37 38 25 27 27 15
16 16 13 2 22 7 9 16 30 26 21 18 8 37 27 24 27 7 23 21
53 38 42 31 17 43 40 26 41 61 42 47 50 54 56 63 31 50 61 33
24 16 16 4 13 19 17 20 18 39 18 27 22 32 40 31 12 22 27 18
27 35 26 33 32 38 28 6 47 46 44 16 42 64 47 53 40 25 48 37
5 7 2 1 1 3 1 5 1 8 1 3 1 3 12 5 5 1 2 1
20 31 32 22 35 41 42 45 43 62 45 26 51 65 46 58 31 22 53 44
13 8 6 1 11 5 3 9 10 30 8 10 10 14 25 16 5 8 11 10
1 1 2 1 1 11 2 3 1 10 2 1 1 2 3 2 1 1 8 3
9 14 16 3 8 12 6 22 15 25 12 11 18 24 27 21 1 2 20 8
2 12 9 5 4 8 4 10 15 11 17 5 14 27 12 13 11 6 21 12
30 37 39 27 37 42 24 14 47 59 48 27 34 62 50 49 35 28 46 50
1 2 1 1 1 2 1 1 1 10 4 1 6 10 2 1 3 1 5 1
7 1 1 1 6 9 5 10 5 12 7 9 6 7 15 10 5 5 10 6
16 29 27 18 30 37 29 33 33 44 29 24 28 44 44 40 23 10 43 36
19 14 23 15 31 27 30 23 27 51 34 19 32 45 36 27 33 14 36 35
1 1 1 1 5 2 1 5 4 13 4 1 4 8 10 2 2 1 1 4
32 44 27 23 25 40 25 35 32 58 44 23 45 51 45 52 41 21 50 38
14 34 20 22 24 30 25 19 37 35 35 14 35 47 34 38 24 12 35 24
24 27 45 4 39 42 30 59 42 56 45 35 38 62 62 52 28 18 55 51
18 14 21 16 11 31 21 18 18 44 31 12 35 40 29 33 22 17 37 27
44 47 24 20 39 24 33 30 56 57 40 35 52 66 65 62 41 17 41 29
7 18 15 6 11 19 12 19 17 27 19 7 14 21 17 23 16 5 22 19
33 50 30 34 41 61 44 36 40 59 51 40 52 63 61 62 41 22 49 42
32 37 31 15 25 32 36 35 31 64 38 27 39 41 44 49 32 13 37 34
48 39 38 17 45 41 41 48 43 62 42 56 46 63 78 55 30 20 43 42
3 1 1 1 8 6 2 4 6 8 7 3 1 8 9 5 3 1 8 10
3 7 7 1 9 15 6 15 10 27 18 2 18 19 21 22 7 2 14 12
41 40 31 25 29 30 36 33 43 76 45 28 54 67 58 58 46 27 49 40
3 9 3 1 2 6 2 1 4 9 8 1 4 8 5 7 9 1 6 2
13 33 22 13 15 37 24 33 26 39 31 15 33 47 36 41 19 14 31 24
44 33 38 31 47 45 48 42 52 71 50 34 51 61 66 54 47 23 43 47
25 15 10 6 20 18 14 22 17 34 16 24 11 29 34 32 24 17 29 15
27 28 23 11 23 25 20 19 24 41 19 30 26 36 43 36 15 15 33 24
1 2 1 1 2 4 1 3 1 11 2 1 1 2 5 5 4 2 4 1
4 4 1 3 9 10 7 10 4 16 10 4 8 9 7 11 9 9 5 8
1 1 1 2 1 4 2 1 2 2 6 1 6 9 2 5 4 1 9 3
1 1 1 1 1 1 1 1 2 9 5 1 7 15 7 1 2 3 5 2
16 29 26 9 22 15 12 15 34 40 30 13 22 47 30 29 29 9 37 29
22 19 14 8 5 17 15 24 10 30 10 23 22 25 36 31 14 14 25 12
47 17 28 37 40 46 50 38 52 61 51 46 51 64 63 59 55 45 56 44
1 1 1 1 1 3 1 2 1 5 1 4 1 1 6 5 1 1 1 1
8 15 15 1 13 13 7 19 17 45 12 12 19 32 31 20 16 6 19 19
6 7 4 5 6 9 5 7 6 11 9 5 10 15 11 10 6 4 13 7
9 11 3 1 6 5 2 5 9 21 8 8 8 18 18 14 13 9 11 8
22 34 33 21 35 44 32 47 46 59 46 29 45 71 50 56 32 25 61 48
9 9 7 3 1 2 3 4 13 12 9 3 4 17 9 19 10 7 20 9
9 17 9 1 8 11 9 6 4 23 8 5 8 11 12 7 13 5 11 8
11 13 11 1 9 4 1 5 11 21 9 9 5 12 12 6 7 7 6 8
9 5 1 1 1 1 1 1 7 15 5 7 8 17 16 12 9 7 16 7
15 23 10 6 15 19 20 15 16 33 22 13 18 25 20 27 25 9 32 21
6 13 5 3 6 11 6 4 9 15 11 4 3 11 12 9 12 2 8 9
25 41 23 18 25 46 35 44 47 47 51 29 55 66 50 69 28 34 67 43
1 8 5 8 9 11 9 15 11 25 11 4 21 20 15 22 10 6 20 9
31 34 34 26 35 40 37 24 35 51 50 28 41 58 49 44 32 21 42 42
3 3 1 1 4 9 4 7 1 6 5 5 1 4 9 5 6 2 6 2
8 5 6 7 5 14 12 3 10 14 14 1 11 15 8 18 13 4 25 13
3 7 4 1 4 5 1 5 9 13 4 3 1 12 7 9 7 4 11 8
40 44 48 24 36 44 26 37 46 68 46 39 41 65 62 48 24 24 44 51
27 29 29 21 34 44 36 22 33 54 50 25 38 60 42 40 47 13 52 44
33 35 32 24 24 36 29 30 25 45 38 34 35 41 50 41 18 34 30 28
10 27 20 14 28 37 29 33 30 47 42 15 34 48 39 37 34 10 38 37
9 18 10 3 5 7 5 9 11 15 9 9 11 18 13 9 12 3 13 4
1 6 1 1 4 7 2 1 6 15 6 1 4 9 5 1 7 1 5 7
20 36 11 22 26 35 36 22 35 42 30 21 40 51 44 46 37 9 32 21
37 56 38 20 37 55 32 59 46 73 41 42 58 76 70 77 29 16 67 49
28 43 20 27 36 40 33 25 44 59 46 24 41 61 46 46 50 18 41 41
31 33 23 28 27 47 31 18 37 42 39 29 39 53 50 53 32 24 49 31
10 20 12 3 7 19 13 14 10 35 24 6 25 25 23 29 18 3 26 15
59 48 41 20 28 37 38 43 46 75 38 56 55 65 75 64 30 32 53 38
16 20 16 1 9 19 10 19 8 43 16 12 20 23 29 28 13 8 24 13
12 21 5 1 10 8 8 7 14 21 8 7 10 18 19 18 16 1 16 4
3 5 1 1 3 5 2 6 3 10 5 1 3 1 8 8 4 1 5 3
1 7 1 7 11 10 8 6 9 19 16 1 20 23 17 14 9 8 14 10
33 37 27 18 26 37 38 24 28 54 36 32 32 38 50 41 43 17 36 28
19 24 14 17 18 25 23 7 24 28 25 12 19 32 25 24 31 9 22 22
21 30 39 15 38 39 27 43 36 69 37 32 45 60 60 47 14 17 52 46
9 12 4 1 10 2 1 1 11 18 4 9 1 17 20 4 10 1 2 5
4 4 3 1 3 5 1 11 6 16 6 1 10 8 12 16 3 3 11 3
11 8 3 1 2 5 1 8 10 13 7 11 8 14 15 20 9 10 21 5
4 6 1 2 1 1 4 7 2 23 4 1 13 10 9 16 12 8 11 3
14 25 26 3 18 34 19 41 27 48 33 17 27 47 41 40 22 15 39 37
19 37 14 11 22 20 12 25 39 44 20 20 25 44 44 47 29 6 22 18
33 32 40 26 41 39 28 48 48 69 43 38 60 67 69 66 15 25 58 43
27 21 14 14 26 26 14 25 27 38 22 30 35 47 51 49 18 24 36 16
30 22 20 21 17 38 32 12 30 34 35 27 35 45 41 42 29 22 44 28
2 6 1 2 1 4 3 4 5 12 6 3 4 5 5 10 8 5 6 2
1 4 1 1 8 9 5 9 6 10 12 5 6 13 9 4 6 1 8 10
19 16 19 8 21 24 23 21 20 48 24 21 18 31 40 25 29 13 30 31
17 30 22 2 26 19 17 24 31 40 24 22 8 33 31 23 23 1 18 28
5 10 2 1 5 7 4 4 6 14 4 1 4 10 10 9 8 1 14 6
37 28 32 19 40 41 34 39 41 64 49 38 43 62 59 54 47 24 51 48
29 21 32 7 24 23 21 34 33 67 23 29 35 48 54 43 23 10 45 35
41 37 43 18 34 44 33 24 43 54 49 41 34 61 57 49 41 25 55 48
9 26 10 13 22 39 32 29 20 40 29 14 35 32 32 37 28 9 26 18
11 23 11 18 16 27 19 8 19 34 35 3 36 40 24 35 26 21 34 18
23 36 16 12 36 30 33 27 33 50 32 26 31 47 48 36 41 11 26 22
8 4 17 9 11 21 5 15 20 37 23 4 26 34 22 28 7 5 31 26
1 5 1 1 4 5 2 5 4 6 5 1 2 8 4 5 6 1 5 3
6 22 2 4 5 5 9 5 19 14 9 3 10 23 15 22 21 1 16 5
25 28 9 27 29 40 35 15 27 17 39 29 38 41 46 40 27 24 37 17
46 38 21 24 31 38 31 44 37 62 34 44 44 57 58 67 46 31 49 24
32 42 28 20 48 42 51 50 42 68 43 42 53 60 65 56 39 24 45 38
6 13 7 1 15 15 12 16 14 32 17 9 16 28 20 24 19 9 25 18
3 13 5 5 1 10 9 7 9 18 14 6 11 17 14 12 14 5 8 6
32 31 35 23 14 34 28 22 23 43 32 31 36 42 43 39 17 25 43 27
31 31 25 2 18 25 14 20 24 45 19 30 17 37 41 35 21 7 35 23
33 36 48 25 28 39 13 32 46 61 51 23 51 60 53 62 19 35 62 49
42 48 52 26 45 48 42 48 65 69 67 37 60 81 67 75 40 24 72 60
20 16 16 11 9 11 11 8 17 27 12 10 16 23 26 18 16 8 20 14
24 48 21 24 45 40 34 17 38 50 49 25 40 58 48 40 42 22 34 30
6 12 9 3 7 12 3 5 12 22 7 4 9 24 8 18 10 7 21 12
11 11 10 1 6 8 4 8 8 24 7 11 4 11 16 8 6 7 11 8
2 10 2 1 4 1 1 4 13 13 9 1 7 24 10 9 11 1 11 8
18 16 10 13 9 21 16 10 16 26 15 18 23 24 31 31 16 16 29 11
13 32 17 19 18 45 37 27 21 32 30 19 34 43 37 45 21 9 42 24
28 32 33 13 39 30 28 30 44 46 40 26 26 47 47 40 29 13 31 36
21 19 22 20 19 29 10 28 24 49 29 19 43 49 43 39 16 18 39 27
4 7 3 1 1 1 1 1 4 12 6 1 2 10 6 8 9 4 8 4
40 20 15 23 32 29 33 44 45 71 32 40 57 62 61 66 37 35 56 32
47 43 38 18 42 52 48 49 36 81 54 44 54 73 68 58 43 24 57 48
17 23 18 11 20 28 27 18 21 48 27 16 22 33 31 24 30 13 27 29
14 21 13 7 14 15 12 12 16 27 17 11 11 15 20 16 14 7 9 11
12 22 15 1 12 9 8 12 15 24 12 11 9 17 13 12 13 1 15 10
16 22 28 23 28 46 36 30 24 61 51 13 45 49 40 42 34 27 50 43
4 1 1 1 2 3 1 4 1 8 2 3 1 2 8 9 4 3 5 1
6 10 7 8 8 10 10 8 15 23 15 5 12 17 11 12 17 5 13 15
15 18 11 6 14 16 12 9 22 43 16 14 18 39 30 28 30 7 24 20
41 40 41 34 40 37 31 47 64 76 45 40 61 73 72 73 26 41 60 44
24 7 13 18 20 31 23 25 24 45 26 20 27 42 37 40 26 23 44 28
4 6 1 1 4 6 1 9 4 13 7 3 7 12 13 13 8 1 10 3
25 28 20 11 17 27 13 25 20 50 31 18 35 40 40 41 26 14 30 24
47 37 31 14 41 39 40 31 47 53 49 50 40 64 70 43 38 22 39 34
6 18 4 9 9 17 15 7 11 17 17 1 15 16 13 13 19 4 13 9
11 28 29 14 18 35 17 27 36 31 35 15 29 51 33 39 14 7 45 38
14 15 10 1 9 12 4 19 23 19 14 12 14 23 28 32 7 9 25 16
34 40 43 28 25 54 49 43 34 75 56 34 56 66 58 61 41 36 54 51
36 15 38 14 17 34 26 33 33 54 33 34 30 49 51 48 21 26 52 43
6 9 7 1 1 9 4 7 1 23 7 5 8 11 12 12 9 5 13 8
1 5 10 9 15 19 7 11 15 27 22 2 24 34 25 18 10 6 22 21
24 23 19 11 29 28 27 28 27 55 29 28 37 46 53 40 26 13 39 27
11 13 12 7 13 26 15 18 13 38 22 10 27 30 26 33 15 8 38 23
11 16 6 10 3 11 8 7 16 23 17 5 25 33 23 32 17 17 28 9
46 48 24 23 27 49 29 22 42 52 50 45 49 66 60 63 46 31 54 24
1 5 3 1 3 3 1 3 10 21 4 1 6 17 5 12 4 4 16 10
21 21 8 1 10 15 8 13 8 33 10 21 18 23 35 23 17 10 19 6
23 27 14 9 18 27 27 44 17 55 27 29 41 47 47 49 20 23 38 23
1 1 1 1 6 2 1 1 8 11 6 1 1 8 8 5 6 1 5 9
19 23 14 6 11 20 19 24 12 34 18 21 20 27 38 24 11 14 17 15
1 7 1 1 3 8 8 7 7 25 11 3 11 16 7 12 10 4 10 6
25 20 26 4 13 19 4 19 24 39 18 22 18 29 33 34 5 15 37 23
12 22 8 17 27 28 30 28 29 39 26 17 30 43 32 40 30 11 38 24
9 13 13 1 14 8 1 3 13 28 7 9 3 21 20 4 13 1 10 14
25 35 24 15 27 39 32 29 24 52 27 31 32 50 47 42 26 15 40 31
5 10 1 1 10 9 9 12 4 15 9 5 9 12 14 9 13 1 5 8
4 12 6 2 4 14 12 11 5 23 10 8 11 10 10 10 11 4 8 5
13 35 19 11 12 34 19 23 33 26 35 9 31 46 32 39 22 21 33 22
22 14 18 21 19 27 26 39 34 55 30 21 41 46 35 48 29 25 44 25
34 43 33 35 56 54 45 32 54 49 57 39 46 69 69 49 45 24 49 40
39 31 27 16 39 31 25 48 39 75 38 37 54 60 61 53 26 23 41 37
21 16 18 7 23 6 15 20 26 46 25 20 27 44 37 25 29 24 28 21
20 17 7 5 11 11 12 10 20 28 17 20 16 32 30 26 22 13 24 12
36 28 31 11 34 39 28 44 43 66 45 36 42 61 56 57 34 27 66 47
20 21 18 3 15 6 7 18 29 40 12 18 18 31 35 32 18 9 31 19
35 49 34 16 33 30 33 45 41 75 34 36 47 67 58 52 37 22 44 35
15 20 10 1 9 9 7 7 6 22 10 12 9 14 18 10 14 3 13 5
3 9 3 1 5 1 3 5 8 19 5 1 9 13 12 8 7 1 5 7
6 9 9 1 10 10 6 12 11 24 10 11 9 22 21 5 11 3 12 14
41 30 28 12 41 23 34 49 50 64 43 45 54 71 68 59 39 31 62 42
3 6 4 1 3 6 1 5 5 17 6 1 8 11 10 9 5 2 10 6
23 23 30 24 31 53 47 32 32 57 54 29 48 62 56 47 40 17 55 47
1 1 1 2 4 7 2 2 1 7 3 1 6 8 7 6 2 1 11 4
17 24 7 5 21 20 16 16 22 29 26 22 16 38 31 29 28 12 27 19
1 1 1 1 1 4 1 4 1 7 6 1 1 3 3 1 1 1 2 3
1 1 1 1 1 3 1 1 1 5 4 1 1 5 3 2 3 1 4 3
13 11 11 12 11 21 21 9 15 32 17 9 18 23 22 23 19 12 28 20
23 36 24 21 37 43 33 20 29 40 45 25 35 51 46 33 36 14 36 30
43 36 46 30 48 53 24 31 50 68 59 41 40 68 71 53 43 27 58 62
32 27 47 10 47 38 36 48 38 74 51 41 42 57 63 42 32 15 43 52
23 35 25 31 31 37 34 10 41 42 42 16 45 55 47 39 35 19 40 33
5 1 4 1 13 6 3 9 10 18 7 7 1 11 16 5 8 1 10 13
21 20 20 1 12 15 1 18 14 39 18 17 21 30 34 25 7 1 20 16
18 23 27 15 18 34 28 18 27 46 26 13 25 38 33 35 25 13 38 33
17 12 14 21 22 34 23 29 18 42 32 19 37 41 35 36 19 18 37 26
34 24 24 5 33 11 18 24 32 48 20 31 25 40 50 34 26 17 35 27
2 7 3 1 5 5 5 3 4 11 11 2 1 5 3 3 9 1 4 7
24 26 24 17 33 32 32 25 40 41 39 22 26 49 49 34 40 9 33 31
22 48 20 34 41 64 52 40 36 51 55 28 55 57 51 54 41 21 50 38
23 31 26 12 21 30 22 33 35 42 24 25 21 45 47 46 28 14 35 28
1 4 1 1 1 3 1 4 1 14 3 1 8 5 4 5 4 2 5 1
15 19 6 3 8 6 4 6 12 22 8 10 7 15 23 19 16 5 9 5
9 19 18 12 7 20 16 17 28 26 21 6 19 34 19 30 20 13 28 22
13 13 13 7 9 14 17 18 17 35 16 8 22 20 26 25 16 5 21 14
41 52 28 40 47 46 39 17 61 55 59 31 56 76 66 65 59 29 56 43
9 11 7 10 5 15 13 6 15 19 16 9 12 16 16 18 16 6 19 13
37 35 39 28 26 37 35 18 49 59 42 33 51 65 61 58 39 32 60 38
40 41 32 10 25 27 31 38 35 54 31 40 29 48 53 52 31 21 36 28
40 39 41 21 47 46 55 49 48 81 60 40 47 65 66 51 53 25 47 53
41 39 38 17 17 43 19 54 45 67 36 43 61 65 63 81 24 35 67 34
40 44 45 30 44 52 41 36 41 59 51 50 48 68 68 61 20 36 58 47
56 29 32 27 44 34 31 38 57 75 41 51 58 77 80 71 39 44 64 43
4 14 12 7 8 19 10 14 16 19 16 7 17 25 17 30 6 1 35 19
8 12 1 1 11 7 6 5 11 23 10 3 11 24 13 16 14 8 12 9
38 30 36 15 40 18 32 33 46 68 40 31 45 60 56 49 39 27 45 40
3 7 4 1 1 7 7 7 1 18 2 6 5 6 9 4 6 1 5 2
10 5 11 9 16 17 9 8 16 28 13 13 14 27 26 23 9 9 34 25
30 41 32 22 35 41 24 40 51 66 50 26 51 74 59 60 44 20 53 41
41 43 33 31 46 51 49 44 48 48 48 48 45 56 62 60 32 27 52 35
9 23 6 7 13 16 19 14 17 32 17 10 20 33 20 20 25 2 24 16
20 18 22 10 23 24 21 25 24 52 32 21 27 37 37 29 23 15 28 30
50 46 59 31 36 51 38 44 56 80 50 44 50 73 73 68 43 31 64 55
5 6 1 1 4 7 1 7 4 9 9 4 5 11 11 9 9 1 11 6
6 6 12 6 7 19 6 12 11 27 20 6 21 28 20 18 10 5 25 20
9 25 3 14 22 25 25 11 19 21 21 11 21 29 24 22 28 5 16 13
9 3 6 5 10 12 11 11 10 16 13 10 6 12 16 12 10 5 14 15
14 31 25 24 24 26 22 9 34 42 34 14 38 53 31 39 23 21 44 29
36 54 30 31 21 49 46 38 39 59 44 36 58 64 60 65 41 30 50 28
17 9 10 4 3 12 12 10 13 16 12 15 8 12 20 24 10 9 22 8
12 14 16 2 12 18 6 18 22 38 23 12 20 41 30 30 18 11 34 26
15 8 12 1 11 8 4 9 17 26 8 15 4 25 26 21 16 10 26 17
7 13 6 5 7 9 12 12 9 26 17 4 17 20 14 15 18 5 14 12
8 8 7 6 21 23 13 11 12 26 16 10 11 24 24 20 13 4 22 22
16 29 27 19 26 28 17 21 33 46 30 19 38 45 44 39 16 20 36 26
6 2 2 2 6 5 3 15 12 29 11 7 25 22 19 26 6 7 23 9
40 47 29 20 32 33 33 41 47 79 43 34 60 71 63 66 46 19 42 34
6 4 3 1 3 1 1 1 4 14 5 2 1 7 11 5 1 1 6 5
7 11 12 11 17 13 13 17 29 34 24 5 29 43 30 29 24 7 29 21
26 33 24 15 22 29 14 24 24 55 30 17 43 53 40 47 28 17 43 24
5 15 1 1 5 9 7 5 10 21 5 7 6 17 13 14 18 1 12 2
14 31 22 21 37 47 43 33 34 55 41 22 33 57 41 40 41 11 50 46
3 2 2 1 1 8 3 5 1 10 1 5 1 1 8 3 1 1 3 1
22 26 19 7 15 10 15 11 26 35 16 16 14 29 27 20 23 6 16 16
7 13 10 1 8 4 6 9 16 24 15 4 14 20 12 11 9 2 13 9
19 16 17 7 13 22 10 14 21 38 20 15 14 32 26 30 21 10 29 24
23 14 9 17 17 25 19 19 13 28 20 24 28 33 38 30 15 22 32 11
19 12 22 9 21 15 19 29 29 36 25 24 28 44 44 43 18 23 38 24
45 55 33 27 45 48 36 40 44 71 40 51 54 69 71 65 37 14 59 40
16 22 21 9 28 23 18 26 22 35 32 21 27 33 43 26 17 10 20 21
2 11 4 1 4 11 7 3 6 17 9 2 6 12 5 12 13 1 14 10
29 20 12 10 23 13 10 27 36 47 19 28 44 52 51 51 8 23 43 15
39 23 26 3 26 23 18 34 42 57 25 41 26 53 57 57 30 29 46 31
3 11 5 7 4 13 11 5 10 18 15 4 10 11 7 12 14 5 11 9
6 11 6 1 3 4 1 6 9 11 9 3 4 14 8 13 10 4 14 6
11 24 11 20 20 28 28 13 21 35 38 6 36 44 25 29 34 19 29 23
21 31 15 16 29 30 21 24 32 58 27 16 39 54 44 50 35 4 47 35
15 9 1 1 8 1 1 7 11 24 4 11 15 23 27 27 13 12 10 2
41 36 33 24 16 42 26 30 34 54 32 41 39 62 54 62 26 26 57 38
3 9 4 1 17 10 13 9 12 27 12 5 11 24 12 14 18 6 14 14
30 28 32 9 26 35 28 37 22 64 28 33 27 44 52 38 26 16 37 34
30 35 28 24 16 34 25 21 22 52 28 27 41 52 45 45 20 31 46 24
3 16 9 3 18 18 14 9 17 26 15 8 7 19 21 10 22 1 11 18
27 44 21 24 44 37 33 27 45 60 45 25 57 62 60 56 33 27 41 29
25 21 25 4 16 27 20 24 24 40 24 28 21 35 38 36 15 14 41 28
8 10 6 1 1 4 4 7 6 17 7 4 8 8 13 10 10 1 8 7
12 28 18 6 16 20 18 20 24 46 28 8 28 35 28 34 20 1 27 22
31 25 38 10 40 25 24 29 41 56 44 33 35 56 51 43 27 28 54 45
42 51 39 19 41 39 35 44 53 76 47 38 54 66 63 59 41 10 43 48
35 31 16 9 21 17 22 22 25 48 23 32 36 48 45 41 25 21 35 14
28 24 32 12 43 30 26 34 36 59 36 34 31 53 60 44 26 11 42 45
6 8 10 1 10 10 2 4 12 26 8 7 1 15 17 7 8 1 14 15
6 6 5 7 6 10 12 5 5 17 11 1 15 12 9 12 12 2 17 9
2 11 7 3 15 17 12 15 15 18 14 5 10 23 15 16 8 1 24 19
1 5 4 1 9 8 4 5 10 15 11 4 5 13 9 7 8 1 9 12
1 4 1 3 8 13 8 4 4 5 10 1 7 14 8 8 7 1 10 7
26 23 28 15 42 39 45 49 34 68 39 36 36 53 48 44 47 25 53 45
7 13 7 4 6 5 5 1 13 14 5 5 4 8 11 8 9 3 3 4
1 5 1 1 1 2 1 2 2 14 1 1 3 2 3 5 5 1 6 4
6 23 17 13 12 28 22 21 18 34 28 11 33 39 20 38 15 11 40 22
18 27 19 23 9 30 30 25 26 40 29 18 40 49 43 48 19 19 37 23
12 22 12 1 11 14 8 7 13 39 10 14 11 28 24 13 16 6 12 11
38 40 44 34 46 46 44 31 51 80 63 26 56 71 54 56 53 40 62 61
7 2 6 4 11 23 12 11 3 17 15 12 10 12 15 18 4 8 22 13
7 7 1 2 6 12 7 5 1 12 11 4 11 15 14 13 7 4 14 5
28 45 22 19 39 47 34 51 48 66 40 35 53 70 62 75 31 15 66 45
1 20 6 1 7 14 12 15 12 19 17 4 11 21 10 18 17 2 15 10
5 8 5 2 4 8 3 2 9 15 6 2 3 10 11 11 8 1 12 9
41 47 28 22 31 45 28 33 43 71 38 38 48 66 65 68 48 22 50 39
29 41 49 27 41 48 36 46 54 62 56 33 48 70 61 53 28 23 58 58
19 16 6 2 7 1 1 1 12 25 10 12 16 27 25 19 14 14 19 5
14 19 12 6 12 28 21 19 10 39 22 16 26 31 33 35 17 9 33 19
23 24 27 16 20 32 13 32 33 45 33 20 47 56 50 54 13 33 54 30
21 15 12 4 16 10 8 15 28 25 20 21 15 34 34 29 19 14 30 18
1 8 1 2 2 3 3 1 9 11 3 1 3 10 7 7 11 1 1 3
38 41 42 36 31 54 45 43 47 74 56 30 59 80 55 66 42 43 68 52
1 1 1 1 1 5 1 4 1 6 4 1 4 2 6 4 1 1 8 1
7 6 1 1 4 6 1 1 4 13 8 5 4 9 8 10 9 8 14 7
3 11 13 13 6 19 11 13 18 28 22 5 26 36 20 29 13 14 31 17
18 28 21 24 22 38 18 21 25 37 40 15 41 48 39 40 21 16 36 27
4 5 3 1 4 8 1 5 2 12 3 1 3 8 10 8 7 1 8 6
29 17 24 25 25 31 27 17 33 41 34 26 42 49 52 44 25 28 46 33
15 5 12 9 1 12 9 10 11 29 16 9 18 20 19 27 15 16 24 16
12 13 19 1 16 14 7 21 21 41 12 14 11 22 29 24 14 8 26 22
17 36 11 14 19 23 22 31 30 49 30 11 42 50 36 53 33 18 41 22
40 56 51 29 31 46 29 42 52 76 43 42 52 78 67 62 35 27 61 52
29 27 10 23 17 25 29 16 32 47 30 17 40 48 39 47 40 28 40 21
24 30 24 4 21 16 23 26 24 49 22 27 26 38 39 29 17 9 22 21
10 15 11 2 11 3 2 5 17 23 8 7 2 19 16 9 9 4 10 11
29 45 42 28 33 55 22 51 54 48 50 31 54 69 63 70 23 27 63 51
41 35 31 24 31 46 49 37 37 57 47 45 46 61 61 50 42 32 49 39
31 19 26 17 31 40 40 39 38 48 40 40 41 52 55 50 32 21 50 35
10 11 5 8 7 9 9 4 10 15 12 6 11 20 13 15 16 6 19 9
35 29 28 16 35 34 36 32 44 65 48 35 51 63 56 60 38 29 60 40
1 6 1 1 3 3 2 5 2 14 6 1 8 10 8 6 9 1 4 3
46 46 36 32 43 33 38 26 55 73 46 36 57 78 64 63 50 28 58 45
14 20 15 8 22 11 16 9 25 29 26 11 19 38 28 14 27 6 21 21
1 1 2 5 3 10 4 1 2 18 6 1 9 16 3 9 7 4 16 9
3 8 2 2 3 4 3 2 8 15 3 1 2 8 7 9 9 4 5 5
41 37 21 23 36 32 20 30 48 67 37 33 57 73 68 64 39 25 53 34
12 18 6 13 4 11 15 1 14 23 15 1 21 22 14 21 23 11 16 5
7 12 13 3 2 8 1 14 14 27 14 2 14 25 12 25 9 10 24 15
22 14 27 14 33 32 20 19 23 47 35 26 25 37 44 25 17 23 35 35
28 32 27 11 22 19 21 19 32 49 31 19 30 37 35 35 28 10 23 26
1 10 1 2 8 10 11 6 8 12 13 3 7 12 5 7 14 1 6 10
3 3 7 1 7 16 5 9 1 15 13 3 8 12 8 10 4 2 14 12
28 46 33 8 26 33 10 34 41 60 33 24 38 55 49 57 29 10 49 34
25 20 23 17 17 27 19 21 39 46 29 27 41 58 42 56 24 26 61 32
16 16 13 11 19 32 19 24 18 34 30 18 30 38 39 38 23 9 32 25
11 17 5 1 4 3 8 3 11 25 9 10 10 22 15 15 20 3 12 6
25 31 12 22 30 28 26 21 36 37 33 18 34 43 44 48 31 24 28 20
21 40 34 19 14 35 27 18 39 50 38 11 39 51 32 46 35 10 47 35
7 9 5 1 3 4 1 2 6 16 7 3 7 11 15 9 6 1 7 4
35 42 33 33 32 47 32 30 41 53 42 41 40 64 55 54 29 22 54 44
3 2 1 1 1 1 1 3 3 7 4 3 1 5 7 7 5 1 9 3
18 13 18 6 19 12 11 15 21 35 27 16 21 26 30 25 6 14 18 21
23 14 17 9 6 12 14 14 11 34 8 19 13 20 28 23 8 17 19 14
9 10 11 2 4 18 10 13 5 34 18 5 22 25 19 27 10 6 29 15
6 11 1 1 12 11 10 5 7 16 10 5 11 20 17 11 14 1 13 9
36 55 50 39 33 69 62 48 42 70 61 38 58 72 53 71 45 35 73 60
27 21 21 10 35 25 22 24 31 54 26 30 16 40 47 29 35 10 28 34
4 4 1 2 4 7 3 7 1 13 6 4 6 10 9 9 8 8 4 2
6 8 1 3 10 11 9 13 8 13 13 6 10 9 15 17 12 3 11 11
1 6 1 1 3 3 1 3 4 7 11 1 6 14 6 3 9 2 4 4
16 16 10 9 23 26 23 18 21 28 23 24 22 34 38 23 25 9 26 20
1 1 2 1 1 8 1 8 2 10 6 1 3 7 4 8 1 1 8 3
7 5 4 6 6 6 7 5 14 12 9 6 9 21 13 15 12 4 19 12
16 18 21 1 17 20 7 20 21 44 16 19 10 30 34 21 19 1 19 23
16 26 28 5 23 18 16 25 35 45 26 15 26 48 39 39 25 4 42 32
6 21 13 9 13 23 14 10 27 21 23 3 21 35 18 29 19 3 29 19
36 36 33 21 38 49 36 45 43 73 50 44 66 74 75 68 24 33 61 39
8 11 7 1 3 7 5 7 5 15 8 9 4 11 14 6 10 3 9 6
4 6 9 1 5 15 5 7 4 17 7 7 4 9 9 8 5 1 11 10
3 12 7 8 3 14 15 11 14 30 12 6 19 20 14 21 16 6 20 11
8 4 8 2 21 16 13 26 14 37 19 15 17 24 31 20 15 8 11 21
24 31 12 23 29 39 42 33 32 44 42 29 48 46 51 52 31 18 47 31
10 8 11 8 4 11 9 13 15 22 17 8 17 26 22 19 15 8 21 14
14 18 13 16 6 18 15 16 22 35 17 6 26 30 22 38 22 12 33 12
16 39 11 14 25 27 28 24 31 41 26 15 26 40 36 32 36 7 24 19
20 26 24 9 18 37 30 33 21 37 28 29 17 36 35 28 21 12 30 28
10 8 9 11 1 9 12 7 16 20 15 1 14 14 14 22 16 9 18 13
14 12 17 2 8 16 4 18 13 34 12 9 13 18 24 28 6 8 20 12
25 40 32 19 32 41 35 30 47 44 42 28 33 57 46 49 41 21 44 35
11 6 9 1 11 16 8 11 10 24 7 12 3 10 20 16 3 9 18 14
40 38 41 15 38 31 31 42 42 76 47 38 52 70 63 56 39 24 59 49
10 19 15 1 14 18 12 19 19 38 14 12 14 22 25 23 8 3 12 14
7 20 10 5 6 14 8 14 16 15 11 9 9 20 13 17 16 1 18 8
23 44 15 36 40 45 41 21 38 42 54 19 52 58 44 50 43 37 39 30
7 17 16 12 8 19 15 6 21 27 24 3 20 32 12 26 17 7 28 19
13 29 21 26 38 51 45 40 27 59 50 24 48 55 41 43 28 22 48 47
15 25 24 15 22 31 16 23 24 40 33 15 37 43 39 40 19 17 40 27
3 9 1 1 11 10 8 7 8 20 12 3 4 14 15 9 15 1 10 15
13 27 15 13 10 28 25 12 27 33 32 8 28 45 23 37 32 12 32 18
29 39 18 24 26 33 28 28 33 59 39 21 50 61 57 55 41 31 45 32
26 39 44 43 42 62 52 20 41 62 65 30 59 65 59 54 37 36 56 53
12 17 9 4 9 9 6 4 9 14 8 7 4 9 14 9 13 4 7 5
22 31 24 18 8 30 31 28 18 47 33 21 38 43 35 36 26 23 37 27
25 40 35 11 19 35 25 26 37 47 37 20 30 55 39 39 27 18 40 38
41 38 39 21 42 37 25 43 57 83 39 36 46 71 64 62 45 20 55 48
2 10 3 4 3 7 9 5 10 18 7 3 11 14 6 12 13 1 18 8
7 9 8 1 10 7 1 11 18 14 11 6 1 19 14 17 9 6 19 15
6 9 1 1 1 1 1 1 3 13 6 2 4 12 9 6 12 2 7 3
35 61 29 36 40 60 53 38 53 61 54 32 54 72 56 72 55 23 58 43
8 13 7 1 5 6 1 7 10 9 5 5 5 15 10 11 11 1 12 4
5 8 1 1 8 5 1 14 7 18 7 5 15 16 18 15 9 1 7 1
21 43 19 16 32 35 24 24 35 50 38 19 32 54 36 39 36 15 42 33
22 12 16 12 5 16 16 2 18 26 17 16 18 21 24 28 20 17 31 19
27 29 30 21 29 32 12 21 40 54 41 24 44 58 56 50 29 26 47 40
3 9 1 3 9 9 9 12 9 20 9 3 11 9 12 15 12 5 6 8
14 27 26 28 33 35 23 17 35 41 39 21 41 55 43 37 21 20 42 39
15 14 11 7 10 15 12 12 17 39 9 16 21 26 32 31 19 16 26 17
29 25 31 9 29 11 20 22 43 46 39 26 33 54 43 47 30 30 50 34
5 8 7 3 5 10 4 6 7 19 11 5 6 18 12 8 9 5 13 13
1 1 1 1 6 7 3 2 2 4 7 1 2 7 2 3 3 1 3 5
32 39 44 22 37 47 44 41 32 66 48 39 44 60 60 39 28 22 43 48
15 32 16 3 16 19 16 20 19 39 24 15 28 36 31 29 22 2 24 13
20 18 11 19 17 26 26 25 28 56 23 15 40 47 37 49 37 21 44 24
15 26 7 13 14 20 23 11 24 25 29 5 29 39 27 35 30 6 28 13
23 35 35 30 35 39 36 27 51 77 48 21 60 71 59 61 44 29 55 44
1 12 5 1 6 8 7 4 11 25 11 2 11 23 11 12 18 1 17 15
6 6 1 1 4 5 1 3 7 12 13 4 8 17 9 14 9 10 12 6
35 47 36 19 51 34 40 36 55 59 45 40 37 66 54 46 44 10 43 45
10 7 6 5 10 11 8 9 11 18 13 8 7 12 14 14 9 5 19 15
17 7 12 5 20 22 16 27 15 42 25 19 23 34 37 31 22 17 28 24
6 8 4 1 5 9 5 12 3 25 9 4 14 12 17 18 8 1 14 8
31 33 18 12 18 25 24 21 24 49 16 28 31 39 47 46 29 10 36 15
14 17 8 16 19 23 23 24 20 40 18 18 29 29 33 28 19 12 21 14
33 46 32 20 32 46 35 43 40 71 40 31 37 61 50 60 47 20 52 46
14 39 14 14 24 30 26 26 40 27 39 13 32 52 35 43 38 11 41 27
3 5 4 1 2 11 9 9 3 16 8 8 12 16 12 6 3 3 9 5
16 15 1 5 15 11 6 17 14 38 5 15 27 30 32 36 19 10 30 10
1 10 7 1 5 8 3 15 10 11 9 3 8 13 9 16 7 1 14 6
5 8 5 5 15 14 11 11 14 22 23 8 13 22 15 14 13 11 15 18
32 28 31 23 34 42 39 45 50 61 49 31 46 63 61 59 45 28 55 42
15 21 9 9 10 13 17 4 23 36 18 8 23 37 26 26 25 8 23 12
12 24 15 25 28 37 34 20 23 37 44 16 43 48 34 39 29 22 44 32
21 42 19 15 32 35 37 37 38 57 34 24 37 53 44 51 43 11 32 28
4 3 1 1 1 2 1 4 1 11 2 3 3 3 8 9 6 2 10 4
7 24 10 9 13 25 18 13 18 38 26 4 27 39 22 28 28 10 23 21
3 12 14 5 15 27 20 16 9 29 25 9 17 25 13 17 22 1 27 26
6 11 4 2 5 6 3 7 12 18 6 7 4 14 12 14 16 3 12 8
30 21 14 14 24 16 11 7 35 39 26 22 24 44 42 39 34 15 34 28
10 14 19 15 5 27 21 10 15 32 20 8 22 26 20 23 20 8 27 21
6 12 1 1 5 5 3 6 8 18 1 7 4 13 15 8 12 2 3 2
19 19 27 16 27 37 34 25 22 52 41 20 37 41 38 31 28 12 41 37
27 27 15 1 17 15 12 16 15 37 19 24 21 31 34 28 19 11 26 14
32 22 26 7 20 24 4 28 28 58 18 32 26 44 55 44 20 16 36 30
5 8 17 2 16 27 11 26 18 32 20 11 14 32 29 25 9 1 32 29
20 16 16 6 26 26 24 25 25 33 29 30 14 39 40 30 30 14 25 27
16 29 12 7 10 14 15 10 18 21 11 17 10 19 26 18 22 1 8 4
22 30 24 10 17 12 10 17 38 39 20 16 15 41 32 33 26 10 29 25
47 42 22 26 35 35 41 36 47 71 41 41 50 68 67 64 56 35 50 26
33 33 31 23 28 42 39 43 27 65 42 38 50 55 65 52 29 35 41 31
48 49 51 34 47 50 29 35 69 72 59 37 45 79 66 69 58 22 65 63
10 22 12 3 12 11 8 8 19 30 11 8 12 32 18 17 20 1 26 17
19 18 12 8 13 14 11 6 26 34 22 18 25 45 37 30 28 13 32 22
23 47 32 17 30 36 25 32 40 51 46 20 47 57 49 55 27 23 41 32
13 15 6 5 14 20 17 16 9 23 13 17 20 26 33 23 9 5 21 13
29 27 16 22 24 22 24 18 31 31 26 28 35 42 41 43 16 21 31 15
32 39 19 23 41 37 38 20 44 44 39 34 33 57 55 44 44 15 41 32
12 28 20 17 9 33 24 14 30 29 40 3 38 50 20 43 29 10 45 23
26 44 31 23 31 45 21 21 50 46 42 25 39 71 57 59 30 28 52 37
9 14 8 17 13 24 25 17 18 30 27 7 32 30 22 32 23 12 22 17
5 5 9 5 9 13 5 1 14 22 13 1 10 22 12 14 11 4 22 19
27 24 27 12 23 31 18 16 26 48 30 19 26 39 37 30 25 8 31 33
29 44 27 11 22 34 23 27 39 35 29 26 19 45 45 43 25 11 33 27
42 21 30 15 36 28 16 48 50 70 38 41 50 69 66 62 25 29 62 42
24 30 14 21 35 35 30 38 39 62 32 32 42 60 52 57 35 15 48 30
4 16 3 6 7 13 13 7 11 11 18 3 13 16 10 15 16 1 9 6
4 5 1 1 7 8 4 12 6 19 9 3 6 8 16 14 6 1 7 9
25 42 26 24 38 47 35 38 44 68 50 20 54 62 53 54 38 19 48 41
10 16 11 7 5 20 16 14 10 20 14 13 13 19 17 16 10 7 15 10
34 32 29 20 37 21 28 25 45 67 31 29 47 60 56 52 35 21 50 38
6 9 7 1 4 13 6 7 6 13 7 7 1 9 11 12 12 4 14 9
1 4 1 1 3 2 2 13 4 28 1 4 16 15 15 17 7 5 11 4
53 48 45 27 54 49 59 48 52 79 58 49 53 75 72 60 53 35 65 59
45 51 26 37 47 51 48 31 57 77 56 35 53 77 65 60 68 33 55 45
20 22 17 9 13 25 17 21 16 40 14 19 19 21 37 34 16 14 16 12
21 14 20 20 37 41 31 36 29 57 37 31 39 56 57 41 36 21 42 34
19 30 15 10 16 22 22 19 24 50 21 15 30 36 40 33 24 12 18 13
6 16 10 10 6 18 11 5 9 22 17 1 18 25 15 16 17 5 20 13
32 34 25 19 29 35 26 22 36 45 36 31 24 46 45 43 37 9 35 30
22 17 23 6 29 34 23 24 19 40 24 29 15 33 40 21 23 2 30 25
2 3 1 1 1 3 1 6 3 9 3 3 4 4 9 10 6 1 3 1
3 13 8 3 5 14 9 15 16 25 5 7 8 16 20 20 12 1 13 11
38 32 43 20 21 44 38 37 25 55 37 41 28 38 48 35 22 22 41 43
6 8 6 13 19 20 17 12 17 14 27 12 20 29 25 21 10 8 26 21
15 31 32 17 22 34 28 25 39 44 44 15 33 51 34 36 33 17 43 43
29 30 34 10 30 24 32 32 32 62 33 29 36 52 48 36 31 9 37 36
40 42 39 19 34 43 26 38 37 77 38 42 57 69 75 61 17 32 56 41
1 6 4 1 1 7 4 1 3 16 6 1 6 8 1 9 9 1 14 8
38 34 38 21 26 35 34 33 39 70 35 32 50 60 63 57 26 25 40 36
20 12 15 6 5 16 13 13 13 31 8 18 14 23 30 24 12 15 27 17
15 14 17 4 11 23 10 14 15 33 22 13 13 22 22 24 11 8 22 19
9 12 8 1 5 9 1 6 5 28 8 5 13 20 23 17 11 1 17 11
18 9 12 15 9 22 16 19 16 38 18 16 32 39 38 41 19 14 35 18
12 12 11 8 13 22 21 20 13 29 28 15 22 24 25 22 24 10 25 22
5 4 3 1 3 9 2 4 3 11 8 4 5 7 8 7 4 2 11 5
2 3 1 1 2 3 1 2 2 6 7 1 6 10 8 7 6 1 6 1
17 22 8 3 17 11 4 5 18 33 6 15 9 27 28 14 18 1 16 13
5 15 10 5 12 19 9 10 10 17 8 8 8 16 15 14 7 1 19 10
8 1 1 1 2 1 1 1 4 6 4 7 3 11 13 10 1 5 10 3
4 9 13 2 1 17 7 14 8 23 15 7 14 21 15 16 6 3 23 12
14 23 17 4 8 13 11 19 21 34 23 5 21 32 22 34 17 13 30 20
7 11 6 2 6 16 13 15 7 16 14 10 13 17 15 18 10 11 7 5
14 16 8 7 13 7 10 7 16 35 18 9 19 34 23 17 23 13 18 15
14 18 26 19 15 24 21 20 26 44 26 16 35 44 37 33 12 23 36 28
1 1 8 4 4 11 6 6 8 19 19 1 11 17 5 12 7 8 17 14
12 28 9 9 21 21 18 24 20 48 22 6 30 36 30 33 28 10 30 22
8 4 7 3 18 13 8 7 14 25 12 7 6 24 19 16 13 7 25 21
6 16 7 1 7 7 8 9 10 20 10 3 5 9 9 14 8 1 14 7
20 16 20 8 12 24 14 19 13 41 23 15 30 32 32 32 15 7 37 24
4 4 5 1 1 7 3 6 7 14 7 5 3 9 8 12 5 3 15 7
17 27 27 6 26 30 31 29 29 58 33 25 23 43 41 30 33 7 25 31
21 25 24 8 8 20 16 15 23 47 24 12 28 33 32 34 23 6 33 24
18 21 14 6 27 15 9 25 30 49 18 14 27 51 40 40 26 12 33 23
13 21 2 1 7 4 7 12 5 34 7 8 19 20 23 25 17 6 13 1
11 9 8 2 6 11 5 3 17 23 10 12 14 26 25 23 16 8 24 16
29 25 35 27 35 44 32 25 40 52 52 28 47 59 61 48 32 19 52 49
14 26 25 5 9 32 15 29 20 31 22 15 21 37 28 33 13 7 32 24
17 28 25 25 26 38 32 22 44 35 48 15 43 58 39 49 32 25 47 41
47 49 31 20 37 39 28 35 46 69 37 43 55 68 75 67 34 19 42 28
20 23 18 13 24 25 21 29 29 61 32 20 44 56 48 48 31 19 43 33
37 48 17 27 43 51 47 33 44 60 43 42 61 73 71 68 43 30 56 32
33 18 17 29 17 36 27 12 31 36 33 21 43 46 41 53 30 31 51 22
19 23 26 23 23 30 21 21 34 37 39 15 41 47 45 50 17 17 44 27
10 23 14 13 16 29 15 32 28 41 23 13 37 44 36 49 20 9 40 23
4 7 5 1 5 10 7 9 5 15 2 9 3 12 14 5 6 4 4 5
30 35 24 5 25 22 16 21 28 42 30 30 26 46 41 38 24 16 39 25
19 30 24 12 18 40 22 33 31 37 38 20 33 50 44 44 22 11 38 30
35 33 42 23 36 38 27 38 44 79 49 29 59 66 62 58 26 21 53 48
25 43 15 22 42 47 42 36 37 61 44 25 43 57 45 48 55 19 40 37
7 7 14 11 6 13 9 1 18 25 24 1 18 28 15 18 16 10 22 22
38 42 41 18 58 35 39 50 58 67 54 46 49 76 72 56 43 10 56 52
25 22 21 15 27 34 18 36 37 47 35 24 37 58 48 53 30 28 49 33
1 7 2 2 14 25 21 15 2 26 14 7 14 15 10 15 12 2 20 14
43 32 23 20 19 22 16 8 43 47 35 29 37 55 50 54 35 33 47 24
3 3 1 1 1 1 1 1 1 6 5 1 1 3 5 5 3 1 2 1
9 17 28 16 25 26 13 22 32 47 36 12 30 48 36 35 17 21 37 39
18 17 11 14 12 26 17 13 25 39 26 7 25 36 28 36 25 14 31 19
3 4 3 1 6 6 1 2 7 11 4 3 2 8 6 3 2 1 9 5
30 25 17 11 18 26 20 22 36 42 23 30 33 47 53 45 27 21 40 13
1 6 5 3 4 14 7 10 3 17 8 7 10 11 10 6 8 1 12 8
25 24 23 17 19 34 32 30 30 39 38 27 38 49 50 51 23 22 42 27
38 30 33 11 35 13 24 24 47 61 29 29 27 49 51 43 38 18 35 37
4 7 1 4 4 7 5 7 8 13 7 1 9 7 9 13 8 1 10 5
36 28 33 25 38 45 53 46 41 78 51 36 54 64 61 56 51 32 52 42
7 10 3 3 10 13 10 8 7 19 6 8 9 14 15 8 11 3 14 10
13 16 11 10 3 19 10 14 15 34 16 3 29 28 27 39 17 12 28 8
37 35 16 18 24 27 25 34 29 52 17 34 34 39 57 49 30 23 23 6
44 33 43 27 29 46 28 40 48 68 40 47 57 67 75 67 24 28 63 44
18 26 21 2 12 13 12 24 22 42 4 20 16 29 35 29 15 10 23 13
11 23 6 16 24 26 22 25 30 34 20 19 32 41 43 40 21 6 25 16
35 33 39 13 32 32 26 45 43 57 42 39 35 61 62 46 31 30 48 42
13 13 20 10 25 18 10 18 27 35 28 15 22 36 40 27 15 15 31 28
24 31 20 13 21 33 25 28 21 37 27 24 29 33 45 35 19 15 21 14
43 35 23 14 30 23 17 35 45 59 24 48 50 61 72 55 26 30 42 13
26 18 16 17 38 33 21 39 37 57 25 30 34 56 53 53 32 20 44 31
21 38 19 24 21 39 32 30 34 34 31 23 38 52 47 47 25 16 37 23
9 12 10 1 20 12 8 13 17 28 15 13 6 18 21 9 10 4 10 18
31 30 25 20 30 16 13 20 44 59 31 26 34 60 50 44 41 22 39 31
27 27 38 14 20 31 37 34 41 66 39 24 41 57 48 56 41 24 51 41
47 35 37 39 44 49 43 30 53 71 58 41 58 75 71 59 47 45 59 48
17 22 12 3 9 15 13 13 10 23 14 17 14 23 25 15 16 7 14 9
35 12 15 29 23 34 31 32 28 41 30 40 45 47 50 48 19 38 49 22
9 7 5 9 1 12 15 7 9 24 18 6 24 20 20 24 16 12 21 7
3 1 1 1 2 6 1 2 3 8 8 3 3 9 6 8 1 1 14 6
3 3 1 1 1 1 1 1 5 12 1 1 1 5 10 8 3 2 2 3
17 13 19 6 6 20 12 12 9 29 19 16 15 28 28 20 11 11 25 19
7 20 10 3 12 14 14 17 10 26 12 6 17 16 12 19 12 2 20 7
1 4 1 1 1 2 1 1 5 7 5 1 5 11 4 4 6 1 5 4
35 46 36 23 38 42 33 44 50 59 47 35 56 62 69 68 25 35 46 32
1 7 2 1 1 4 3 2 4 11 2 1 5 8 1 7 7 1 11 2
7 10 4 5 9 16 18 12 13 34 16 7 15 22 19 23 19 7 18 16
27 37 34 12 27 42 27 42 38 47 33 33 36 51 57 52 16 24 50 41
25 27 21 5 25 28 18 22 20 47 28 26 18 41 36 36 32 12 37 28
38 37 35 27 40 39 37 59 61 71 50 35 65 86 69 73 42 38 69 47
4 14 10 6 13 15 12 18 19 40 18 8 28 33 29 28 18 9 24 17
31 48 39 18 29 46 41 36 41 53 48 29 36 53 50 53 40 20 43 36
1 4 3 4 6 7 4 4 3 9 14 3 11 11 6 3 6 6 7 6
1 5 1 1 1 1 1 1 1 6 1 2 1 3 4 2 1 1 3 1
8 14 1 4 7 12 13 9 11 24 11 8 14 18 21 25 17 10 14 7
10 19 14 9 15 29 21 24 19 40 25 13 31 39 28 35 25 1 34 22
10 15 17 1 12 20 9 19 22 32 21 10 15 29 26 32 14 3 33 27
40 32 26 39 45 52 41 33 46 61 56 36 53 70 63 63 55 37 58 39
7 11 21 11 27 28 12 15 22 33 28 14 20 38 32 28 14 17 37 31
7 19 8 9 23 26 26 23 17 30 25 17 23 31 33 28 21 2 28 21
33 26 26 25 32 40 37 26 39 54 42 28 33 52 55 42 46 26 41 37
35 37 20 26 27 36 23 22 35 59 31 30 48 64 64 59 38 26 44 27
15 13 24 14 23 24 23 20 35 32 38 15 20 44 27 29 31 15 33 37
2 17 1 3 8 12 13 12 6 18 15 3 17 23 11 10 20 2 13 8
28 40 29 16 31 18 30 23 48 53 39 24 35 64 41 44 48 19 41 31
49 35 31 20 29 24 31 46 48 73 28 50 44 64 76 63 33 32 45 32
12 24 19 15 16 24 20 10 18 33 27 16 30 41 28 23 22 7 33 21
25 31 20 14 34 27 27 23 36 56 38 23 37 56 48 45 41 19 47 36
26 40 30 4 25 30 12 42 38 48 32 23 43 54 49 52 15 14 49 34
3 10 1 2 9 14 13 14 4 16 19 8 12 13 14 11 15 7 6 9
15 28 14 12 33 30 33 33 23 49 33 23 33 41 44 35 23 6 32 31
43 41 38 40 39 47 40 21 54 72 50 32 58 78 71 60 47 39 58 37
10 6 6 9 2 11 12 13 9 31 9 7 19 17 16 17 16 12 16 8
32 27 23 17 29 35 19 28 37 47 37 36 34 60 55 52 29 29 53 31
47 42 39 20 26 31 36 40 44 68 42 48 56 64 73 62 25 38 46 34
8 15 9 9 8 10 9 11 11 12 8 7 13 19 16 19 8 1 20 7
11 10 9 14 16 23 22 14 17 25 26 9 21 27 21 27 23 11 25 22
22 17 14 17 30 16 21 31 38 58 22 24 41 50 47 44 27 18 39 30
49 36 29 20 43 33 34 37 50 65 47 49 54 69 71 61 44 34 57 43
12 17 7 7 19 21 17 24 20 39 22 16 27 34 31 30 23 12 19 17
23 34 22 8 13 37 20 34 32 43 44 21 44 59 39 57 30 22 55 33
34 29 15 19 28 21 11 16 31 47 24 31 24 42 38 30 35 12 26 18
23 34 31 31 37 40 24 27 58 54 51 17 59 79 57 66 37 31 60 43
14 11 11 6 16 16 18 14 22 30 23 14 20 37 25 29 23 11 35 23
13 34 10 18 22 37 36 25 19 36 29 16 35 42 31 32 28 11 30 21
21 31 25 22 20 32 26 27 23 48 27 24 42 46 48 43 21 21 37 24
31 26 35 10 26 25 21 37 35 69 32 31 40 58 52 40 31 23 45 33
38 35 35 30 25 49 32 35 41 59 52 28 51 60 58 64 39 33 53 41
45 42 38 12 45 40 21 43 55 52 41 49 33 65 73 58 34 24 57 46
7 7 1 1 6 3 1 1 6 9 3 5 1 12 12 7 9 2 6 4
12 11 13 5 5 14 8 10 14 28 13 8 12 23 24 21 16 4 24 19
41 40 30 40 54 56 40 33 58 57 57 40 53 79 73 65 47 38 61 41
1 1 1 2 4 6 2 1 4 14 3 1 6 9 6 7 3 2 12 6
5 5 3 1 4 4 1 1 7 15 8 1 7 11 7 12 6 8 8 4
1 11 1 1 1 7 8 2 4 13 10 1 10 10 5 11 14 1 13 1
4 11 4 1 4 3 1 6 11 5 8 2 2 19 9 11 6 1 9 4
38 40 34 25 42 41 18 36 43 75 46 34 56 68 65 63 33 30 56 43
1 4 1 1 6 8 4 4 4 11 8 1 2 7 3 4 5 1 7 9
8 16 5 3 6 16 13 13 12 29 14 7 14 16 22 25 16 4 21 12
2 1 2 1 1 6 3 9 5 18 4 4 5 6 10 14 4 5 13 6
16 22 4 11 16 12 13 19 28 44 12 13 26 39 36 37 32 13 20 9
12 34 28 10 18 33 23 30 39 47 38 7 38 54 24 44 25 18 50 40
24 15 7 14 9 18 20 7 20 28 28 17 37 41 27 41 25 24 40 12
22 16 14 10 11 11 9 9 29 40 21 12 29 41 41 39 20 19 30 18
6 15 5 5 9 12 16 11 12 23 18 1 17 19 5 25 20 8 23 12
4 13 9 1 1 6 1 6 8 16 4 3 4 11 6 9 7 1 16 6
2 11 3 3 1 13 11 10 4 15 6 7 11 12 13 14 9 4 3 1
9 11 19 11 5 20 13 10 20 33 19 4 20 31 21 28 14 6 31 22
3 4 1 1 1 3 2 9 4 17 1 3 10 5 11 13 5 1 13 3
28 24 13 13 7 15 20 17 20 40 22 22 33 37 36 38 30 23 31 11
30 29 14 18 27 15 14 16 40 56 30 23 35 56 47 49 46 16 33 27
6 11 4 4 3 7 5 7 6 14 6 4 8 12 12 11 12 4 12 5
3 9 3 3 8 10 6 7 11 19 7 4 5 10 15 8 9 1 2 8
21 9 27 9 24 35 26 28 24 47 36 24 25 42 48 32 31 13 38 42
42 47 28 32 36 48 48 37 43 65 46 44 57 70 70 67 39 34 54 41
17 18 18 10 11 19 19 18 22 46 18 13 28 29 31 31 19 15 18 16
4 4 1 1 1 2 1 1 1 13 3 2 1 1 6 3 1 1 3 1
12 23 21 7 12 20 10 12 19 23 24 8 18 32 21 25 12 5 27 16
1 11 8 1 1 12 4 4 5 21 14 2 11 19 11 10 11 4 10 11
34 29 29 12 21 29 16 27 35 46 35 32 40 47 53 44 16 13 37 30
1 3 1 1 1 3 5 5 2 15 9 1 10 10 8 8 6 1 10 5
38 39 19 28 31 49 38 22 44 41 47 43 53 66 63 64 35 32 56 25
8 16 8 6 5 4 6 3 11 16 15 5 14 15 17 9 10 6 5 3
21 33 26 23 27 32 35 17 40 50 42 13 39 55 33 41 44 18 45 36
38 37 47 18 43 43 30 37 43 70 53 41 42 61 67 49 27 20 47 52
37 43 19 31 44 41 27 32 61 41 53 39 63 77 69 77 36 30 63 34
17 24 8 8 17 15 9 11 26 38 18 11 24 36 36 35 23 10 20 12
25 46 21 16 28 31 36 26 35 51 33 22 32 46 41 37 36 12 28 26
20 44 29 16 29 38 31 41 32 40 39 28 41 51 47 46 18 17 42 28
21 25 10 6 20 11 7 8 15 29 18 17 14 28 24 17 21 13 9 11
7 5 2 3 2 4 4 4 7 11 8 5 5 7 11 14 9 4 11 6
17 22 11 5 10 21 18 16 17 32 21 17 23 30 28 36 23 15 35 15
17 42 17 20 28 37 37 26 24 38 33 24 33 40 36 34 28 10 29 19
40 26 40 31 43 49 38 32 48 60 58 44 59 63 72 57 25 36 62 46
12 17 11 27 19 24 23 8 28 20 35 6 39 39 29 33 25 18 28 17
17 19 5 6 19 14 11 15 22 31 18 16 23 34 38 30 25 12 16 13
1 9 1 6 6 9 9 3 11 20 5 1 12 15 9 12 12 4 12 8
41 33 26 27 26 45 37 12 47 42 48 32 45 61 56 56 37 35 53 32
2 1 3 3 1 6 4 3 4 13 10 1 8 11 6 8 9 1 11 8
31 24 16 9 4 18 16 24 14 37 12 31 24 30 43 38 11 25 26 13
27 10 20 7 8 26 15 20 22 39 29 25 31 35 39 38 13 22 37 21
5 6 13 12 17 11 6 11 23 32 26 4 25 35 27 24 16 17 19 23
2 5 1 1 5 6 3 4 10 15 5 3 2 10 10 10 7 3 6 6
1 4 1 1 6 5 3 7 9 16 8 1 13 18 10 13 3 3 12 5
19 24 43 7 34 34 26 35 43 45 48 23 26 55 37 36 30 14 50 51
9 11 11 11 8 9 9 4 12 20 21 6 21 25 17 18 17 13 25 15
24 39 25 21 29 40 40 36 26 50 32 31 34 45 42 41 18 15 46 33
22 17 10 7 16 15 12 21 22 37 12 22 20 28 38 35 23 9 21 14
48 52 35 28 23 46 49 47 35 69 44 44 61 61 64 66 35 31 49 31
38 49 35 22 37 53 43 46 37 69 44 45 48 65 65 67 35 16 61 46
32 50 27 27 35 41 37 40 53 56 48 30 57 78 58 69 38 34 65 45
1 1 2 2 4 9 2 2 2 8 4 1 4 7 4 4 1 1 12 7
6 11 1 2 5 7 10 7 5 25 10 2 17 22 15 19 17 4 21 9
14 37 25 12 15 33 16 29 37 48 44 8 46 61 36 55 30 12 48 34
4 10 3 5 7 10 8 7 14 18 11 1 10 15 10 17 13 6 16 9
6 3 1 1 1 4 1 1 1 7 1 5 2 5 11 7 2 1 9 1
18 6 4 12 5 11 12 19 16 29 11 16 21 21 26 33 20 19 27 8
21 29 22 11 14 33 19 34 29 53 34 19 50 57 41 62 22 16 57 27
3 12 7 1 9 9 3 16 13 18 11 4 3 17 17 13 4 1 10 13
7 14 4 2 4 9 4 6 12 19 7 7 7 18 16 16 17 1 13 8
7 18 10 12 18 20 15 10 20 23 22 11 19 33 28 12 20 9 15 16
30 42 24 19 27 40 23 31 34 66 42 27 50 62 51 56 40 13 45 32
7 4 9 4 6 16 11 11 7 17 11 9 4 8 11 11 7 1 14 13
7 7 6 2 5 11 12 10 7 19 11 9 10 14 14 12 9 1 13 9
20 22 19 1 10 9 5 14 22 25 12 18 10 21 24 26 6 6 26 15
11 6 4 1 4 5 1 5 5 17 4 8 5 9 15 14 5 11 13 6
16 13 19 5 16 20 15 22 22 32 14 21 9 25 30 26 15 9 25 21
20 21 28 19 16 36 23 25 24 51 45 14 43 43 39 46 25 23 45 35
40 33 37 27 34 45 30 43 55 59 50 46 56 82 67 67 30 45 77 45
5 8 6 2 13 19 19 24 1 32 24 13 21 22 24 17 19 10 15 13
10 15 6 1 16 11 11 12 12 29 12 12 8 16 24 16 17 7 11 14
