1000 20 10 2682
6 4 1 4 2 2 9 4 0 14
4 5 0 1 3 2 5 1 4 2
0 10 9 1 7 4 1 6 4 5
3 7 8 13 2 4 15 5 7 13
6 3 1 8 6 1 3 13 7 12
8 2 17 5 14 5 1 6 22 9
5 14 0 5 2 3 6 4 8 0
4 12 12 8 1 2 1 10 14 3
8 1 4 7 9 6 11 2 15 19
6 2 2 2 11 3 17 11 13 9
12 3 12 3 3 13 15 5 9 1
3 18 11 7 13 7 3 13 1 7
3 7 1 1 1 0 6 1 1 0
1 17 21 10 2 2 7 7 7 11
9 6 1 4 9 8 3 15 9 5
1 15 1 4 11 2 16 13 17 12
12 5 2 7 11 6 7 0 23 10
0 0 8 13 3 3 6 16 11 6
0 1 3 3 2 4 5 1 7 4
5 5 1 1 2 6 2 4 0 1
7 7 11 5 0 8 1 15 10 10
5 3 3 2 8 4 5 0 4 0
3 4 3 2 0 3 4 3 6 2
2 1 1 1 2 5 2 5 6 4
2 4 5 7 10 11 7 5 1 5
0 10 1 9 1 6 5 8 2 7
11 12 5 7 1 5 0 13 21 22
15 2 3 1 13 3 10 14 15 9
4 4 3 9 3 4 4 2 7 1
6 4 5 5 3 3 0 5 2 0
12 5 6 4 3 7 0 14 2 4
3 3 10 23 12 5 6 9 22 11
19 11 21 0 1 7 3 16 7 4
4 6 8 7 5 16 7 3 15 2
2 12 16 7 26 13 5 10 5 8
2 0 1 1 0 9 3 0 3 4
1 8 2 3 6 3 4 5 0 4
3 3 6 11 12 1 10 2 2 17
1 3 7 10 5 14 11 2 7 4
2 6 2 6 5 1 0 1 0 4
1 1 3 2 9 3 10 6 2 4
18 10 12 19 6 7 2 17 6 2
5 5 1 8 4 1 3 0 1 3
3 5 11 6 13 3 10 3 19 14
13 5 7 12 7 13 8 9 10 19
5 5 2 3 0 7 9 13 1 2
2 0 0 2 7 3 2 7 1 5
11 7 13 12 0 2 1 3 6 21
2 3 9 9 0 13 4 11 10 4
4 15 10 8 2 12 1 4 0 1
11 7 3 6 4 10 4 5 6 1
8 0 13 4 1 3 6 2 12 7
3 3 3 1 4 1 6 4 5 1
7 7 6 5 2 10 1 10 12 11
1 6 5 1 2 7 3 6 1 2
6 4 7 10 13 3 4 1 9 12
1 7 0 20 10 13 11 1 6 3
6 3 5 14 14 2 0 10 3 15
2 9 6 8 6 2 4 5 5 15
6 1 16 9 5 1 3 9 0 5
4 1 7 4 5 4 1 7 2 3
5 3 1 7 4 1 3 5 2 2
2 0 7 2 2 6 2 4 6 3
8 4 7 6 6 0 0 7 3 6
5 14 11 0 4 9 2 0 4 2
14 5 4 7 6 1 7 3 4 20
17 2 5 5 8 6 2 1 3 0
5 11 2 2 5 1 5 7 4 7
3 1 1 6 4 2 5 14 11 17
3 4 3 19 14 8 3 16 1 4
8 9 2 15 19 10 7 5 15 5
17 15 4 16 11 10 4 7 5 12
3 1 6 5 5 1 1 1 2 0
2 18 17 5 12 5 17 2 2 11
0 6 8 0 0 2 2 1 5 0
1 9 13 9 2 6 1 5 6 4
0 6 8 1 2 10 2 7 5 3
6 6 9 2 6 10 10 4 1 1
8 4 3 4 3 5 8 8 5 4
11 5 2 7 23 8 2 19 1 15
2 14 6 10 3 0 22 6 11 12
3 5 7 9 9 12 14 10 5 10
8 11 1 6 11 19 13 14 2 6
6 1 7 13 5 1 10 1 2 12
1 0 9 4 5 1 6 4 2 0
1 7 18 8 15 6 4 4 9 6
2 4 12 11 10 1 10 4 3 6
12 2 3 9 1 13 2 4 8 20
10 14 3 3 7 2 1 21 13 6
9 21 6 8 2 0 4 19 6 6
14 0 12 2 17 9 13 16 13 9
7 9 10 14 0 9 0 6 4 2
4 14 18 10 17 12 2 3 18 10
10 0 13 18 10 11 2 5 16 0
9 9 5 11 5 13 1 12 16 23
11 0 5 2 0 6 5 1 5 2
9 6 6 6 3 2 4 4 14 5
3 30 8 4 2 3 9 3 8 8
3 1 9 2 11 0 22 12 4 1
5 2 22 11 13 3 8 1 15 5
13 6 6 5 3 15 5 7 2 20
1 5 8 0 7 2 4 8 6 5
1 6 7 1 0 3 7 6 5 7
0 9 3 4 1 3 2 0 2 11
0 3 11 2 28 11 1 8 6 8
5 1 7 2 5 7 1 1 3 10
3 1 6 12 12 10 4 13 15 2
1 6 7 9 1 3 1 8 11 16
8 4 6 9 17 9 0 10 0 2
12 11 8 3 2 4 2 1 5 0
11 3 7 13 5 2 3 1 5 6
9 7 8 8 5 4 1 5 0 1
10 7 1 18 11 2 6 7 6 2
8 6 10 7 9 15 2 7 16 6
5 1 4 6 1 2 3 3 2 5
3 4 12 4 2 0 9 15 6 12
4 2 8 8 4 4 6 6 1 5
10 15 1 16 0 21 12 0 6 1
24 6 15 11 0 12 6 14 12 5
18 3 1 9 2 5 2 0 6 25
4 17 3 12 7 6 5 1 8 6
13 5 0 3 4 3 4 9 8 0
14 2 3 10 9 1 1 1 8 5
15 4 8 11 14 6 13 8 3 13
3 10 8 14 3 14 13 27 2 12
7 1 15 3 10 9 11 3 12 11
5 10 10 18 0 17 7 6 19 10
6 9 8 9 9 18 16 11 3 9
4 3 0 3 4 5 3 3 4 3
2 11 2 2 9 4 0 2 1 3
10 11 8 4 18 19 9 3 7 1
1 2 8 5 7 2 4 11 5 18
9 17 11 13 5 6 7 19 3 3
6 4 8 15 7 3 13 3 16 13
3 3 3 5 4 16 11 3 14 10
7 2 0 2 1 13 7 14 11 1
4 2 2 3 0 1 5 5 0 8
7 0 6 19 18 4 21 1 1 5
2 4 6 3 15 1 12 6 4 2
10 2 2 6 4 10 5 11 5 2
8 8 16 9 10 9 10 7 0 3
4 14 8 15 1 3 12 11 5 8
9 7 3 6 14 6 2 4 12 5
2 5 6 17 6 18 11 3 13 10
21 0 15 12 1 11 7 20 1 4
3 4 2 3 6 5 16 3 2 1
2 15 2 8 8 13 14 2 0 1
6 0 3 7 1 1 15 1 1 10
8 2 7 3 5 9 1 0 2 1
7 4 10 2 6 6 7 6 14 5
5 3 2 3 14 6 4 6 6 1
1 10 6 6 1 0 2 3 21 2
1 2 4 8 3 1 4 3 3 0
23 3 8 3 9 11 1 6 0 1
7 29 5 14 4 6 12 8 10 3
15 3 3 4 2 14 3 19 3 10
11 11 6 1 6 0 7 10 2 9
2 4 2 6 3 9 8 0 5 2
7 14 5 4 6 5 7 21 2 12
11 7 5 4 11 6 2 11 1 4
4 2 4 14 9 15 14 3 24 5
0 0 3 1 2 2 5 6 0 6
13 2 8 6 1 6 7 0 2 11
6 6 19 20 2 5 7 8 7 14
0 5 1 4 20 23 2 10 13 17
5 18 7 15 2 4 4 2 16 8
6 9 7 4 15 3 12 5 7 6
1 7 3 1 1 5 6 0 0 5
2 5 3 3 5 6 9 1 0 2
5 2 10 3 12 8 2 1 3 4
6 6 9 21 4 11 7 0 1 1
2 4 9 1 4 10 5 2 3 3
12 12 2 1 3 2 0 4 9 7
0 12 7 13 4 4 3 14 4 5
14 8 12 3 11 15 12 8 4 12
6 3 2 0 6 3 10 7 2 0
8 14 10 0 6 1 18 1 17 15
6 16 2 2 7 3 15 4 2 3
14 5 23 1 3 6 7 8 11 20
12 1 1 15 13 7 1 7 4 6
5 3 3 9 1 3 10 3 6 6
3 6 8 1 12 3 7 9 14 0
3 8 2 18 6 17 2 12 10 20
10 11 8 3 5 3 6 14 11 9
7 1 8 14 9 4 11 5 20 13
4 4 1 6 3 3 0 4 1 7
2 10 2 2 9 0 9 6 7 7
13 4 6 10 3 7 1 5 6 3
2 12 5 2 2 1 4 2 7 3
3 13 0 5 0 2 2 12 2 4
7 11 8 12 14 2 16 16 11 2
15 12 1 13 11 18 1 3 8 4
14 5 16 17 10 4 11 1 14 9
8 4 5 12 7 27 12 5 4 5
3 7 1 1 5 1 6 2 2 4
3 10 8 5 3 5 11 11 8 0
8 0 1 1 1 11 3 13 1 4
3 6 6 6 8 1 1 1 2 1
3 10 8 8 4 9 21 5 13 0
3 4 6 14 9 6 0 15 4 5
18 0 11 0 0 7 1 4 2 20
5 4 11 7 13 18 20 3 20 6
7 1 3 8 1 6 0 10 6 5
5 16 7 5 6 3 6 2 2 9
14 7 6 4 4 10 10 9 7 10
3 5 0 4 6 3 6 2 2 3
13 3 2 1 9 13 2 3 5 16
2 11 1 15 4 11 20 7 0 6
1 7 9 5 13 2 4 14 10 6
5 6 13 3 21 8 10 12 11 13
6 9 2 6 11 2 7 1 4 2
4 1 16 4 9 3 5 1 0 7
32 3 6 6 4 9 14 1 0 7
3 2 2 9 3 3 3 4 12 3
10 10 17 7 18 1 15 0 8 9
7 3 1 1 6 4 1 1 1 6
18 17 0 3 4 28 2 3 6 3
2 4 8 0 6 1 1 6 4 3
7 12 19 15 0 7 10 4 9 1
9 0 7 4 3 5 7 0 2 1
2 1 12 14 8 5 7 10 15 13
4 20 2 5 13 10 2 12 15 15
4 9 3 6 0 6 5 9 0 13
11 3 3 1 0 4 3 11 4 0
4 16 13 18 10 4 11 13 1 14
8 1 13 9 24 4 4 5 5 1
5 5 5 5 4 6 2 4 11 1
2 3 2 1 0 8 6 2 1 8
3 2 7 3 2 2 1 3 4 3
5 11 5 17 8 5 17 5 8 22
4 0 8 12 0 5 4 0 29 16
4 2 5 5 6 5 3 2 5 4
6 2 3 0 1 8 1 4 2 3
23 1 3 1 9 5 10 12 15 15
6 5 0 7 2 4 11 9 13 13
8 3 5 2 8 3 2 1 0 10
12 0 2 1 11 14 2 0 5 6
6 12 6 5 8 5 14 4 4 6
0 9 9 2 10 5 9 7 2 3
3 4 4 13 15 12 12 7 18 15
6 3 4 3 3 8 7 7 3 0
11 9 18 16 12 5 4 7 2 3
2 2 2 11 8 13 2 4 0 13
7 7 0 15 5 14 6 1 3 2
3 4 3 2 8 4 2 7 1 0
2 4 2 8 2 3 6 9 7 14
2 2 6 3 3 0 2 6 0 6
5 7 4 1 1 2 1 5 1 12
4 1 0 3 1 5 8 0 11 2
7 6 4 1 2 2 10 5 6 4
6 3 1 1 7 4 3 9 10 4
13 11 3 5 12 5 16 2 9 19
0 12 1 9 1 10 12 5 3 8
2 10 1 5 1 4 5 5 12 9
10 1 4 6 0 2 2 3 1 7
1 5 3 3 8 5 2 4 1 12
11 7 19 22 10 8 16 3 5 3
4 4 13 10 15 13 2 10 3 9
0 9 1 3 2 3 1 4 4 0
1 6 2 3 7 0 7 2 2 6
11 16 2 9 6 10 2 2 8 9
9 19 16 1 3 9 13 17 7 10
7 4 1 2 4 2 7 22 1 13
6 23 16 10 8 16 0 3 11 3
6 26 10 20 6 5 2 5 6 13
4 0 4 7 1 12 2 14 3 0
5 8 1 1 9 1 12 4 5 4
13 5 5 7 11 10 8 12 8 3
17 2 0 4 17 1 10 11 20 6
4 2 2 6 7 1 3 4 5 0
1 2 2 4 8 5 14 3 1 16
0 1 1 1 7 3 3 3 9 0
4 6 5 4 6 1 0 2 3 2
4 3 7 2 3 4 0 1 0 5
5 4 5 0 2 12 0 8 0 12
0 6 1 4 2 10 9 3 3 4
16 5 0 15 0 6 20 9 13 20
1 0 3 4 8 0 8 4 6 0
0 4 7 10 8 12 6 9 9 3
4 9 7 9 3 4 6 3 2 8
4 1 0 7 1 2 0 0 4 4
12 7 16 5 1 0 21 4 10 12
9 6 2 12 15 0 4 11 14 5
0 0 5 3 4 15 17 21 14 14
1 4 0 4 9 17 2 4 2 4
4 12 5 4 7 5 9 7 2 11
1 5 5 23 1 3 12 14 2 2
3 6 1 4 13 4 7 0 12 1
16 13 11 22 1 2 4 4 8 7
5 3 6 15 3 19 5 18 1 3
10 0 14 3 4 7 9 2 2 9
9 4 4 3 11 2 4 1 8 7
18 21 1 2 10 2 14 4 16 11
1 6 3 0 4 3 5 8 6 6
7 2 4 9 0 1 4 0 2 7
2 2 20 9 2 5 24 0 8 11
10 6 5 10 11 6 9 7 11 10
10 5 0 1 1 0 12 8 2 5
4 3 6 3 0 8 5 7 5 11
1 5 0 4 4 1 2 5 5 8
3 0 5 22 3 3 8 0 2 9
5 9 2 4 18 4 13 0 2 2
6 12 16 8 2 0 6 0 5 2
12 12 9 1 2 7 1 13 16 10
5 23 9 14 21 1 12 1 2 9
7 14 5 5 2 15 7 11 7 21
2 10 3 17 10 2 1 11 6 16
10 13 3 10 13 10 12 15 1 1
0 9 10 6 1 6 3 0 3 14
5 1 17 3 21 0 2 1 9 8
5 2 0 4 5 3 1 5 3 3
5 5 5 3 4 5 3 5 2 2
6 1 16 3 9 10 12 6 2 5
14 6 5 2 8 0 9 5 1 5
7 3 7 6 15 10 1 3 6 27
21 17 6 2 9 1 6 2 20 5
3 3 1 6 8 13 3 10 13 5
17 7 15 12 11 4 14 3 18 1
3 18 5 0 4 4 3 1 4 2
2 5 3 2 3 2 3 6 3 6
13 0 3 0 1 8 0 16 13 9
1 3 13 7 9 2 6 4 0 4
4 2 10 0 12 1 3 9 2 1
0 10 7 8 9 14 6 2 13 10
1 6 6 6 11 3 8 2 8 3
5 0 5 6 4 3 3 8 4 2
0 6 1 4 3 4 1 1 4 1
7 3 3 0 3 2 5 0 5 1
5 3 4 11 10 9 0 1 4 9
1 3 19 0 5 16 3 1 4 12
4 5 5 5 11 10 7 2 1 13
0 2 3 9 3 20 2 9 1 8
1 5 2 6 6 1 2 7 11 7
2 10 2 5 4 3 10 0 7 14
8 6 6 7 3 1 1 2 9 2
6 8 14 14 15 9 22 4 3 5
0 2 13 2 3 11 12 25 3 10
6 4 3 10 7 9 1 1 1 8
9 5 6 1 1 13 1 15 18 13
11 9 1 8 3 5 11 6 4 1
2 1 1 2 2 9 9 4 9 4
3 3 7 7 2 3 1 1 2 7
10 0 1 17 8 1 1 2 10 7
1 5 4 4 6 5 3 5 7 4
9 9 5 16 17 0 15 15 17 2
10 5 3 5 4 8 3 2 0 15
8 1 0 0 4 9 6 3 1 22
1 8 1 1 9 4 1 0 6 5
5 2 2 6 3 1 6 2 1 7
0 9 7 4 2 9 4 3 1 2
4 1 5 0 5 25 11 16 6 10
4 5 24 2 17 13 1 8 14 5
4 12 7 2 3 19 5 3 2 10
4 6 1 13 11 4 14 6 8 3
2 3 5 0 1 9 5 1 6 1
21 5 3 9 8 8 8 6 21 13
1 1 9 25 6 5 14 0 19 4
12 2 24 7 6 16 6 3 3 17
4 6 3 11 1 6 6 14 16 2
2 3 8 18 15 15 6 7 10 23
4 2 4 12 8 7 5 5 2 8
4 13 4 11 4 9 11 7 17 2
17 17 6 9 0 0 2 4 12 22
17 11 0 3 0 1 4 4 1 7
10 3 6 3 3 15 14 14 0 9
3 4 5 3 2 1 6 1 3 5
8 1 15 10 8 3 13 6 6 5
5 7 14 9 14 3 9 1 6 7
8 5 2 5 5 0 4 3 4 4
6 3 8 9 11 4 4 3 17 0
3 6 8 1 5 8 13 6 2 8
9 7 24 2 12 15 14 2 12 2
19 5 18 4 4 1 6 5 13 0
6 2 1 5 8 3 2 1 2 5
3 11 2 1 8 2 14 4 7 7
6 1 7 20 12 2 3 3 5 7
5 6 5 2 3 10 3 9 2 3
1 14 13 13 11 11 2 7 7 3
0 8 11 3 9 9 5 5 14 12
9 6 1 18 12 9 1 11 5 8
4 14 18 9 8 7 1 14 5 3
2 14 11 3 14 5 16 3 8 14
4 6 1 5 1 2 5 5 1 6
8 5 4 1 3 4 3 4 0 3
2 4 1 10 12 2 1 1 2 3
10 1 5 9 12 2 5 2 11 7
4 7 7 7 4 4 2 3 2 5
17 22 6 6 9 8 7 7 14 4
18 7 1 8 6 8 2 12 18 6
2 1 6 2 4 0 6 1 1 5
7 14 7 9 23 9 12 13 10 3
4 8 2 15 7 5 3 6 16 1
3 1 1 3 2 3 1 7 5 4
3 0 9 5 10 3 16 0 7 5
3 7 8 1 2 0 4 4 9 3
11 18 1 8 7 0 3 2 4 9
9 17 4 20 16 7 1 3 0 13
4 13 7 17 4 4 5 6 2 2
17 0 6 9 15 2 8 0 6 2
2 4 4 2 5 4 2 3 4 2
7 12 4 5 33 2 8 1 12 6
5 0 7 6 5 1 23 5 0 11
1 1 1 11 12 2 1 1 6 12
8 19 15 1 4 3 9 8 16 1
16 10 17 6 2 21 3 5 4 2
3 2 9 3 2 6 1 22 12 4
27 6 2 4 5 1 0 6 9 17
6 16 7 8 2 13 1 18 15 5
1 2 20 2 2 11 18 7 1 2
4 3 16 23 2 9 14 3 6 15
11 6 6 13 2 7 2 14 2 11
8 4 11 2 6 2 0 9 9 12
3 8 2 5 1 0 2 10 7 3
6 21 7 4 8 2 0 13 10 6
4 0 3 4 3 0 10 2 0 10
7 5 2 3 7 3 2 4 14 1
19 2 6 1 14 2 14 18 1 4
14 1 2 9 3 2 3 2 1 11
12 11 21 5 11 7 10 17 3 13
2 10 12 3 3 14 1 2 7 9
4 14 12 3 23 4 1 10 9 2
14 3 7 0 3 4 11 3 3 6
6 20 11 1 6 16 15 11 10 6
4 17 10 14 11 6 9 10 21 14
1 6 1 1 0 10 0 6 7 1
5 29 15 11 8 8 7 8 3 11
6 5 3 13 6 4 7 13 7 5
4 2 5 1 2 0 6 11 1 7
15 6 1 2 2 2 0 4 8 15
8 1 1 1 4 7 8 3 8 9
8 4 4 6 8 10 1 2 6 6
10 1 1 11 3 7 6 9 7 12
16 5 1 6 12 8 7 1 8 7
6 5 11 3 9 20 2 5 0 14
1 4 18 0 5 3 4 5 29 8
1 0 2 11 7 7 11 1 6 5
2 8 4 9 27 1 15 13 2 9
6 2 0 3 6 2 2 3 0 0
1 2 2 6 7 2 4 8 0 6
9 4 6 1 7 8 4 5 7 1
15 9 5 6 3 9 3 4 11 4
2 5 1 2 2 2 3 9 1 12
3 6 7 6 9 1 11 17 4 5
1 4 13 0 6 3 9 5 11 2
14 10 6 0 13 7 3 10 10 3
13 5 0 7 7 14 18 2 15 4
3 5 3 8 2 2 6 7 10 2
11 2 15 15 2 9 8 8 11 17
11 5 6 6 11 1 1 7 4 7
4 2 3 4 2 1 1 6 4 3
2 2 3 7 2 3 2 3 3 13
2 7 7 11 9 5 14 13 2 15
14 4 10 6 2 11 5 4 12 7
18 5 10 5 8 13 8 14 12 6
2 6 12 0 6 2 1 8 9 6
12 6 6 4 6 1 2 4 2 3
13 3 9 1 4 3 7 9 10 7
16 4 11 20 15 14 11 2 3 0
1 7 1 0 5 5 0 5 3 2
3 11 4 3 9 16 8 9 1 12
7 10 3 3 7 20 14 15 1 15
2 9 1 0 4 13 2 7 7 12
17 3 5 12 13 22 1 4 8 10
8 6 20 7 2 5 9 2 12 10
4 1 2 5 5 2 8 5 3 3
4 9 14 7 10 12 11 10 21 13
5 7 1 7 2 0 4 2 1 8
22 2 12 6 11 0 3 0 11 3
15 23 2 20 15 5 10 1 0 5
18 12 4 3 3 5 17 2 14 14
0 19 9 11 3 13 3 10 19 18
3 16 10 4 0 11 18 19 12 14
2 3 1 1 2 6 8 1 9 6
3 0 8 3 3 0 1 1 3 8
6 9 4 24 9 12 4 7 7 8
7 9 6 4 4 4 4 11 10 7
10 11 0 3 5 8 1 1 9 12
4 1 5 5 0 3 4 5 1 2
7 6 6 6 6 5 4 7 2 2
11 11 0 8 7 13 20 16 4 10
3 2 5 2 13 6 7 5 4 3
13 6 7 1 8 10 2 3 2 10
11 4 7 12 4 23 8 21 10 4
7 13 5 1 3 3 5 3 9 3
3 7 18 0 10 0 16 1 2 9
4 4 7 8 6 5 19 9 18 12
7 4 1 1 1 8 1 8 8 5
11 5 3 3 6 5 5 0 2 6
6 4 15 1 2 8 1 8 4 7
8 17 11 1 18 1 9 17 15 6
5 11 3 11 4 4 0 5 15 16
11 7 15 14 1 7 3 8 8 23
10 4 5 14 12 14 24 2 5 2
6 0 5 12 5 4 0 1 4 1
6 5 3 7 4 6 5 1 1 3
3 6 14 9 3 4 11 8 1 7
3 5 3 1 17 11 13 1 8 9
1 7 6 3 13 1 7 18 15 8
1 8 2 1 7 1 4 1 2 3
14 11 5 0 13 12 6 6 1 12
8 4 8 2 3 21 2 11 14 11
4 13 2 10 4 2 3 11 3 0
8 1 3 13 0 6 3 1 2 2
1 3 7 2 2 3 5 0 4 1
2 3 3 4 4 2 9 0 3 7
0 1 4 5 5 2 3 1 2 8
4 10 8 8 9 12 10 20 7 1
1 1 7 1 1 12 9 7 10 9
2 1 3 12 8 6 7 2 1 1
19 7 1 11 5 3 4 11 5 1
9 8 5 21 11 10 16 12 8 7
1 5 9 1 0 9 1 0 2 3
9 15 3 14 0 5 8 7 8 10
7 1 7 6 5 3 3 2 5 9
4 7 3 2 4 0 7 2 1 2
8 2 24 6 3 3 10 17 2 8
0 6 6 0 10 4 1 1 2 7
1 2 4 1 1 7 11 1 1 3
0 2 11 2 15 1 7 4 8 6
5 3 3 3 9 3 16 15 25 12
0 2 1 1 7 9 9 4 15 3
7 5 12 9 10 8 11 11 5 0
2 7 4 15 2 9 15 6 7 9
3 1 6 0 8 2 5 9 9 12
10 7 9 1 10 3 5 7 9 1
15 1 10 10 1 13 7 13 5 18
7 10 23 14 11 15 0 13 5 7
0 8 4 3 3 2 7 3 13 1
9 4 4 0 1 11 1 8 2 3
9 16 10 3 9 8 11 17 11 1
1 0 2 1 1 10 3 4 7 9
6 0 1 3 2 3 12 7 1 9
5 1 6 16 4 3 4 6 19 5
0 10 10 8 3 7 2 9 14 12
7 3 2 10 5 1 4 5 2 3
6 12 11 6 5 1 6 5 1 2
7 11 8 3 5 5 7 9 10 9
20 10 10 7 5 15 8 7 9 6
0 8 4 4 2 2 5 0 5 4
3 2 0 0 5 4 4 0 1 10
6 1 9 18 4 5 2 3 28 9
15 6 7 11 7 2 12 1 1 20
5 4 1 2 6 2 0 3 3 0
6 5 2 2 7 1 6 23 9 10
3 4 3 6 18 9 1 19 3 4
4 8 4 4 7 0 1 0 2 5
4 9 31 4 9 5 10 16 1 0
4 9 4 2 3 4 1 1 9 5
1 10 1 6 1 10 5 1 3 0
5 0 3 1 1 4 3 4 5 0
6 3 4 13 7 11 3 9 5 11
8 15 5 4 1 4 1 30 15 7
20 2 16 9 10 1 0 2 16 1
2 17 6 19 6 5 12 9 11 2
5 15 10 2 26 6 2 7 5 18
0 6 0 3 4 1 1 1 4 9
14 15 2 3 7 13 5 3 5 0
3 19 9 4 4 11 1 6 2 13
8 7 6 10 1 1 1 7 3 6
13 2 5 6 3 6 7 10 9 11
3 9 1 6 9 5 5 5 8 2
2 6 12 25 1 5 1 5 8 4
17 7 7 5 2 4 13 3 8 12
13 4 10 6 5 19 9 1 2 4
1 2 5 1 3 5 20 6 6 4
1 24 7 1 2 2 9 5 4 6
5 2 5 14 4 6 13 1 9 6
2 9 2 6 11 0 3 6 2 4
4 3 7 1 2 5 2 0 1 2
7 6 2 3 4 5 1 1 4 7
6 17 1 1 9 14 0 3 8 5
11 2 19 9 4 4 4 6 1 7
1 15 3 3 9 7 7 5 9 2
1 5 6 12 24 3 16 13 7 7
21 3 17 7 14 21 5 1 6 6
4 16 1 7 2 11 5 6 14 2
2 17 6 0 1 7 6 13 2 2
4 4 4 1 3 1 0 5 8 2
13 8 6 12 9 5 1 1 9 23
11 14 10 16 3 12 6 11 5 1
0 4 7 4 12 6 0 1 15 1
0 6 2 9 0 5 1 7 2 7
25 8 2 17 1 5 1 12 1 2
6 1 0 11 6 9 3 11 2 1
5 2 13 7 8 18 14 8 17 7
7 6 4 6 12 12 2 6 9 3
4 1 5 1 5 3 9 3 9 0
5 11 6 2 3 3 6 2 1 7
8 5 0 2 3 7 2 1 3 3
18 1 8 9 11 7 5 6 5 6
12 3 3 9 2 8 4 0 10 7
2 1 2 6 13 13 12 4 10 12
7 22 9 3 4 7 10 6 1 0
13 6 11 4 5 8 2 5 9 7
18 2 6 6 19 10 7 3 6 7
2 6 8 2 4 6 2 4 1 2
1 17 5 12 1 7 21 7 8 7
3 9 4 1 2 7 15 3 10 2
14 11 14 15 9 6 6 2 22 13
1 2 2 5 3 1 11 1 0 2
1 1 1 7 13 10 5 12 11 3
2 13 16 5 1 5 7 0 13 14
8 21 8 0 3 15 1 22 2 10
9 8 4 9 22 3 1 13 10 1
0 5 6 1 1 3 0 0 6 0
2 2 3 2 5 5 2 3 5 7
5 4 1 2 18 4 9 7 9 10
1 4 2 8 7 8 4 2 3 5
5 5 4 11 5 9 9 2 4 10
17 16 4 7 13 14 9 4 4 13
5 3 4 6 14 6 5 1 0 1
3 4 5 3 2 4 6 4 6 3
27 2 13 6 3 11 9 3 2 17
4 6 12 10 9 0 6 6 11 4
1 7 10 3 3 2 1 15 5 6
2 22 19 21 0 3 4 2 5 10
10 3 5 2 1 2 2 4 5 2
5 3 2 6 0 12 2 2 1 3
5 7 0 4 6 3 8 3 6 7
1 0 4 6 3 5 0 4 0 2
4 2 2 3 8 7 1 5 7 11
14 18 1 0 1 10 3 2 9 6
3 4 7 8 7 4 9 1 3 3
11 19 3 11 4 12 23 5 14 8
7 1 5 2 2 7 8 12 4 2
3 10 6 11 1 3 7 19 15 10
12 9 5 1 10 3 2 0 9 14
16 13 13 2 2 9 3 13 2 19
4 7 21 9 7 6 0 0 8 1
11 6 0 5 5 3 0 9 4 7
10 1 7 11 5 6 5 8 17 2
12 7 12 5 27 7 12 6 3 3
7 0 7 1 7 21 13 3 19 7
12 18 3 15 1 0 1 10 10 12
6 4 17 15 9 16 9 8 4 8
3 1 4 3 1 3 5 3 5 1
11 12 4 16 3 17 21 1 1 4
4 4 1 1 4 5 1 4 2 0
2 7 8 3 5 18 12 21 4 6
1 17 11 9 14 13 1 5 5 1
9 6 26 4 12 1 1 13 5 2
5 1 2 2 0 6 2 0 1 6
14 2 14 2 26 5 7 11 15 2
2 4 8 3 10 0 15 0 6 4
3 6 14 4 5 2 12 10 5 7
3 0 0 4 2 3 7 6 4 1
9 8 2 11 24 4 15 8 12 15
12 26 2 1 13 16 11 5 4 12
1 3 12 11 14 12 19 1 8 5
0 2 5 2 4 0 1 9 0 6
1 0 8 1 20 1 3 2 5 1
4 14 13 6 2 6 12 7 7 3
2 10 3 3 4 3 3 4 0 1
3 2 8 5 6 10 16 2 12 1
3 2 0 18 4 5 21 7 4 14
4 5 6 9 2 4 6 3 5 1
7 8 1 3 5 5 5 5 3 2
1 6 3 3 2 2 3 7 7 7
12 4 6 0 5 17 1 10 10 11
8 12 7 2 7 4 13 29 6 4
1 8 7 10 16 9 18 4 4 3
29 4 1 5 5 5 2 10 3 14
8 21 13 7 3 8 7 9 8 15
3 1 9 3 2 7 3 4 8 9
0 10 3 13 6 5 8 0 19 12
10 11 10 10 5 1 9 11 5 1
10 10 19 7 7 1 8 11 16 10
2 9 3 12 7 13 6 13 3 7
6 4 6 2 1 10 1 8 4 7
7 9 3 11 4 2 8 2 14 3
23 8 8 2 6 0 7 1 8 13
1 1 5 2 10 3 5 0 2 1
9 26 17 1 5 15 3 10 0 1
7 3 10 4 16 0 10 7 1 1
9 4 9 8 4 6 3 12 7 1
13 3 5 7 10 9 10 8 2 18
1 6 7 6 2 1 1 12 6 5
7 9 8 13 1 10 10 3 8 6
3 9 9 15 2 6 4 9 5 2
0 0 0 1 15 3 1 5 8 2
10 22 11 8 10 1 4 0 5 2
3 2 4 2 0 6 2 15 11 14
2 1 4 4 4 1 1 1 8 4
18 6 2 2 16 1 2 12 2 10
1 8 8 10 12 5 9 9 7 28
9 2 1 18 6 12 10 9 8 16
6 5 6 4 8 10 4 14 2 7
8 6 29 4 3 0 4 5 1 2
4 8 3 3 2 8 6 1 2 5
1 18 3 8 14 0 12 12 2 12
1 6 13 9 5 25 5 6 8 6
4 12 8 2 3 14 1 4 4 7
2 0 12 4 10 4 1 8 15 16
9 2 1 12 9 14 1 6 0 11
4 1 0 11 5 2 5 2 4 3
4 3 3 2 11 1 0 0 6 2
8 7 2 2 4 4 1 2 1 1
1 5 0 2 1 3 8 3 4 3
9 2 0 0 5 2 2 5 2 4
5 3 11 3 8 0 0 0 1 3
9 1 3 1 1 1 2 15 9 8
4 7 1 7 7 3 2 2 4 0
0 0 9 12 2 1 4 1 12 3
6 1 9 3 2 5 1 2 0 3
18 1 6 4 16 5 16 1 3 23
9 2 14 1 5 12 7 1 1 3
15 15 5 1 3 18 7 9 8 21
15 2 3 4 31 7 13 4 6 2
11 1 12 5 5 4 11 5 10 18
4 6 14 8 2 1 2 6 8 2
3 1 4 1 6 1 1 6 7 4
3 13 1 25 6 15 21 2 5 0
7 9 1 6 3 7 1 2 9 0
10 1 4 3 11 4 7 17 8 3
1 11 6 12 3 18 3 3 15 8
5 8 1 3 9 4 2 0 1 5
10 4 2 9 9 4 7 0 6 2
1 10 9 12 18 24 5 1 7 15
2 2 0 4 3 5 1 7 1 3
9 3 2 6 2 12 12 25 7 10
1 1 3 1 0 4 1 6 12 7
19 26 4 7 14 4 3 0 11 4
7 5 6 20 11 3 11 7 9 0
4 10 17 6 8 3 12 0 5 6
4 31 5 10 7 3 6 5 7 14
3 21 6 0 2 7 12 13 16 11
6 20 9 5 6 6 16 14 12 12
2 4 3 2 6 10 1 6 2 3
6 14 1 5 8 13 11 0 6 2
1 6 2 4 7 0 7 7 6 3
15 12 3 0 2 24 2 1 0 6
2 4 4 1 7 1 14 5 4 2
7 0 6 2 3 1 6 3 4 3
6 11 4 0 2 10 1 3 0 1
10 4 1 10 8 4 6 5 15 13
4 6 7 14 11 7 2 0 21 19
6 14 12 4 20 5 1 3 4 2
2 2 4 3 1 1 3 3 2 9
5 8 2 2 1 3 2 3 14 20
1 3 1 11 4 1 1 4 2 2
0 2 8 3 2 7 6 5 1 9
7 10 4 1 2 2 0 0 0 1
11 1 4 7 1 10 19 0 6 21
1 0 17 7 13 10 13 10 12 7
1 0 7 3 1 2 9 0 2 2
8 1 15 6 11 4 14 6 11 3
4 9 16 5 11 4 1 9 3 14
3 3 2 5 3 3 10 2 7 10
17 8 13 2 7 4 11 4 2 4
4 4 4 1 12 7 7 6 0 8
3 0 0 6 5 2 6 7 2 3
2 3 10 3 0 7 3 4 2 4
4 3 0 6 2 7 11 6 7 2
7 4 6 3 11 10 5 12 9 11
11 2 11 5 6 2 1 18 13 6
4 9 4 19 10 1 3 17 0 13
2 2 0 10 1 5 3 6 3 4
8 15 6 3 8 7 7 1 13 3
1 6 3 11 13 1 1 7 3 4
11 9 6 12 16 2 11 3 4 3
2 11 7 2 12 1 1 3 0 1
3 10 8 11 8 6 18 11 14 10
4 12 6 3 6 5 6 1 1 6
4 12 9 2 4 10 8 12 6 12
5 11 9 6 2 8 4 3 1 6
0 0 1 4 11 2 2 2 2 9
6 4 6 0 6 6 0 0 2 2
6 8 5 5 1 3 6 9 3 9
1 12 4 3 10 4 4 15 9 16
8 6 2 7 13 14 4 14 3 2
4 14 2 1 6 9 9 21 4 10
2 9 5 5 4 2 1 8 10 0
2 0 6 11 5 20 12 8 2 4
3 3 15 23 1 9 7 1 14 13
7 9 2 6 3 0 7 11 4 0
5 7 4 6 3 5 7 4 11 2
3 7 1 0 0 1 14 2 1 2
8 1 16 9 18 0 1 1 1 6
5 3 8 0 4 8 3 1 4 5
5 4 4 9 7 8 6 1 13 5
3 1 2 2 0 0 1 2 6 6
1 1 1 13 17 13 7 18 16 8
3 1 3 18 6 4 7 0 1 5
3 17 3 7 3 6 7 5 4 12
5 25 4 11 5 8 13 10 0 3
1 11 1 6 21 0 10 6 10 4
4 8 2 5 0 3 7 2 5 4
12 2 5 11 2 3 3 0 7 4
23 2 8 21 16 11 7 5 2 11
0 1 7 4 2 1 2 3 3 1
5 2 3 2 5 0 5 11 3 1
2 5 11 9 3 5 2 11 13 8
6 1 4 3 4 3 4 3 9 2
5 14 17 6 0 5 1 8 15 12
2 8 14 11 1 8 17 2 13 12
12 12 3 0 3 9 21 6 8 16
9 2 2 3 7 5 12 4 2 4
23 11 7 3 3 8 18 5 4 8
7 11 1 5 17 5 0 7 2 7
2 1 2 6 0 0 12 1 3 7
2 5 10 9 5 1 11 2 0 18
9 2 5 8 6 6 3 6 5 4
3 11 11 2 1 6 9 6 5 3
0 1 2 8 16 15 7 15 3 22
6 3 2 2 14 9 15 14 6 14
2 0 0 1 11 8 3 8 4 9
1 3 4 1 14 2 10 3 8 0
4 5 0 3 5 4 10 4 23 21
8 12 18 4 10 1 8 7 7 23
6 18 2 20 5 9 23 4 4 3
4 11 2 5 3 9 0 5 1 2
4 2 8 4 4 6 6 4 9 3
10 2 13 17 18 2 17 7 13 7
2 13 7 30 13 5 2 9 2 11
10 1 12 3 1 2 4 7 3 13
3 6 3 7 12 7 10 2 0 0
3 1 4 8 2 3 4 7 0 5
1 6 1 1 3 4 3 8 1 2
5 4 12 5 1 6 3 7 3 9
7 15 15 4 4 8 10 7 17 13
20 3 5 4 16 12 7 16 4 10
3 0 4 1 1 1 4 8 1 0
2 6 1 3 5 1 5 2 5 3
6 5 4 3 4 4 0 8 1 4
18 5 2 8 1 8 8 18 7 4
5 5 4 3 11 4 3 1 11 1
6 3 3 4 3 1 0 2 15 5
13 6 4 3 3 4 5 8 7 5
6 10 0 9 8 12 2 9 14 2
4 12 16 5 13 4 8 13 8 0
11 9 8 18 18 4 10 8 15 17
9 2 2 24 5 5 13 15 5 6
6 3 2 24 6 2 4 7 20 13
6 2 9 11 5 4 5 19 5 17
14 2 6 2 11 7 5 13 22 2
11 12 4 20 2 2 6 14 18 11
2 1 9 4 4 5 0 2 0 13
2 1 3 9 5 10 6 1 2 5
6 10 6 6 6 5 10 9 2 17
7 4 5 2 2 4 2 10 5 1
4 4 5 9 1 6 6 16 5 12
10 8 16 4 19 14 3 15 1 3
6 9 5 9 3 1 9 1 3 2
7 16 12 6 22 2 6 1 7 4
6 1 4 5 8 10 2 1 2 2
19 11 3 5 0 2 3 18 6 4
1 1 5 3 2 21 16 9 20 2
9 15 19 6 16 13 1 5 8 4
3 6 3 1 6 1 2 0 6 5
8 1 4 15 9 10 1 2 1 1
10 23 0 12 5 3 13 11 4 12
6 6 0 2 9 5 6 1 3 6
4 1 20 1 7 2 17 3 8 9
7 2 10 8 3 2 3 5 7 1
14 5 6 3 8 4 1 3 4 6
4 13 9 6 9 2 10 10 17 15
17 6 14 21 10 10 13 5 8 3
2 6 2 1 3 2 5 4 0 1
3 4 7 1 5 1 2 7 8 9
7 4 20 10 17 17 4 4 5 14
4 10 9 1 4 1 3 1 2 4
11 5 16 1 5 11 11 4 5 12
9 8 7 18 5 6 18 9 2 10
13 15 2 20 1 3 8 2 24 5
23 10 1 6 9 7 1 4 7 4
4 8 18 3 11 8 11 7 9 15
6 1 2 3 9 4 3 9 10 10
6 13 3 6 6 8 15 5 30 7
6 4 8 0 11 12 13 11 9 2
12 6 5 6 11 10 2 6 21 11
11 11 11 3 22 9 6 5 3 21
2 4 5 5 1 0 7 0 0 4
10 7 7 7 14 10 6 16 15 2
2 6 0 15 2 14 6 10 6 1
13 13 4 9 11 28 6 0 11 7
4 8 4 7 3 5 9 2 8 2
15 4 9 10 1 26 5 12 9 9
6 2 4 0 4 1 1 16 3 3
2 8 4 1 1 1 3 0 1 0
5 3 10 7 8 1 0 2 5 5
7 11 12 1 4 8 8 2 11 3
0 5 10 15 9 1 7 5 5 9
0 9 25 2 4 5 13 7 10 2
0 2 5 10 6 1 6 0 8 5
6 10 0 6 2 6 3 1 4 6
15 3 8 11 2 2 1 1 15 18
7 6 1 2 1 1 7 6 11 4
8 6 7 13 4 0 4 4 22 12
3 3 6 9 1 1 7 3 1 3
5 13 11 0 4 3 8 2 1 1
22 0 1 10 1 10 5 1 6 5
3 3 9 5 9 8 11 3 8 1
21 0 8 12 5 8 14 14 3 8
5 6 3 8 1 10 13 20 21 16
27 0 2 7 1 6 7 4 3 9
13 7 3 5 5 4 10 11 8 22
2 3 5 16 9 7 3 17 8 6
3 15 16 1 10 8 6 1 13 7
3 1 22 1 12 4 7 27 4 10
11 4 4 10 3 14 2 1 1 17
6 8 7 7 8 6 11 2 9 3
1 6 2 5 8 12 26 8 22 9
13 2 9 3 1 7 14 4 11 3
12 13 6 8 10 1 3 3 1 3
0 5 3 7 4 21 22 7 13 11
6 6 1 14 0 4 5 7 2 0
7 7 24 4 13 5 6 10 2 10
3 0 10 4 4 4 13 1 9 2
10 3 7 2 5 2 2 2 12 2
5 6 11 11 5 13 5 20 4 1
10 5 3 3 2 4 2 4 1 5
1 2 3 13 4 9 0 2 15 6
7 4 0 9 6 2 22 8 13 16
5 1 3 6 3 10 6 5 1 5
6 2 14 0 1 1 2 4 3 13
5 16 11 6 6 2 8 3 18 11
4 7 20 7 17 3 15 11 16 7
8 4 4 8 1 3 5 1 5 11
2 6 0 4 0 5 6 6 4 2
17 7 7 0 4 10 3 9 15 11
0 9 1 1 3 11 2 5 9 3
5 10 5 1 3 1 1 1 4 0
6 2 1 7 2 5 3 4 6 4
1 7 2 8 8 1 3 7 6 6
0 3 2 6 4 5 8 1 9 1
1 3 3 4 1 9 3 7 12 3
1 0 2 3 8 5 11 4 6 6
2 2 4 5 2 2 5 3 2 3
17 11 7 22 5 6 11 9 2 1
4 2 2 6 5 17 3 3 1 5
8 3 0 7 3 2 0 1 1 1
5 4 2 4 0 4 0 1 4 4
18 5 8 11 5 3 17 3 15 6
6 12 15 21 5 14 8 5 10 9
3 9 1 3 2 0 5 8 2 2
3 12 5 18 4 3 10 13 15 6
12 6 5 22 8 4 1 1 2 2
12 18 14 7 9 11 0 1 11 8
11 2 3 13 1 6 0 5 11 4
13 8 3 6 7 1 12 2 14 6
6 6 3 3 6 13 9 7 2 12
5 1 8 1 5 1 4 3 5 2
3 3 0 12 6 2 1 2 5 7
2 2 3 10 7 0 6 8 1 2
11 8 12 6 6 7 5 6 2 5
18 3 2 7 17 6 10 6 18 9
8 4 5 7 7 11 2 6 15 4
1 6 6 12 5 17 5 5 6 6
3 2 8 18 23 1 3 21 4 0
10 1 11 13 19 7 10 14 2 8
2 1 3 27 17 11 5 13 5 11
5 0 0 0 2 3 11 14 4 10
4 15 5 0 10 4 8 1 3 3
2 7 1 7 1 7 10 6 9 11
3 6 13 1 5 20 7 18 16 4
5 22 17 8 7 5 22 4 4 2
8 0 6 11 15 1 1 11 2 5
15 11 2 3 13 18 14 16 7 10
8 1 20 7 7 6 1 2 5 4
2 1 3 6 6 3 7 11 8 2
15 8 12 4 21 9 1 0 1 15
4 5 5 2 3 6 4 3 4 5
10 5 3 4 1 17 10 4 2 15
2 18 1 7 2 3 12 1 14 17
4 11 6 16 2 8 8 13 8 4
13 1 7 7 0 1 17 14 7 19
19 9 5 2 2 3 5 24 2 4
8 4 6 1 5 3 8 20 8 11
11 9 1 0 1 9 2 8 2 5
8 3 4 2 10 13 9 6 8 8
2 4 2 4 5 4 5 5 0 2
2 1 2 1 2 1 5 7 3 4
2 5 0 3 20 2 24 14 9 3
4 2 1 3 0 13 7 12 7 5
5 17 5 3 19 3 8 6 4 22
0 16 3 3 5 7 2 7 1 16
11 14 13 3 7 13 10 12 6 8
1 3 12 4 2 5 16 11 10 8
1 1 1 1 0 5 7 6 3 1
28 7 8 3 7 2 11 3 8 2
16 3 1 15 3 20 11 2 7 14
8 18 10 13 7 4 12 10 6 12
2 4 12 4 0 2 11 4 4 3
11 8 0 1 5 8 0 7 3 1
4 10 0 13 20 10 2 2 22 13
5 7 9 8 16 9 5 8 4 5
6 7 23 5 5 6 11 5 7 11
2 6 0 1 3 0 3 2 7 7
3 5 6 3 0 1 8 2 4 2
14 8 2 6 13 5 5 5 2 6
17 2 0 0 6 6 15 1 0 3
20 6 6 6 5 1 7 5 6 9
11 8 15 2 1 4 22 15 20 4
0 4 1 5 3 3 2 6 3 1
19 18 15 1 5 2 1 19 4 6
8 3 7 9 3 13 3 4 3 1
5 2 3 5 1 9 17 15 1 3
1 12 5 14 22 15 5 6 12 15
18 6 1 5 0 12 6 7 15 6
3 6 1 3 4 6 1 3 4 5
1 35
1 89
2 11
2 61
3 34
3 38
3 65
3 72
3 90
4 9
4 19
4 53
4 70
5 41
5 83
5 88
5 90
6 54
6 67
6 70
6 97
7 16
7 18
8 38
8 45
8 52
8 96
9 19
9 23
9 59
9 76
10 94
10 104
11 46
11 53
11 57
11 90
12 39
12 83
12 105
12 110
13 74
13 77
13 84
14 20
14 36
14 37
14 38
14 87
15 48
15 99
16 21
16 32
16 61
16 70
16 85
16 90
16 100
16 102
16 114
17 71
19 34
19 60
19 110
20 41
20 49
20 101
21 46
21 91
22 120
23 46
23 56
23 62
23 75
23 87
23 105
24 37
24 88
24 118
25 34
25 41
25 43
25 59
25 112
26 96
26 110
27 121
28 39
28 56
28 65
28 120
29 79
29 80
29 126
29 128
30 31
30 72
30 88
30 122
31 49
31 119
31 124
31 129
32 114
32 123
33 44
34 36
34 63
34 106
34 130
34 133
35 40
35 61
35 95
36 45
36 49
36 65
36 112
37 57
37 86
37 88
37 90
37 126
38 103
38 128
38 129
39 90
40 117
40 136
41 104
42 52
42 76
42 88
42 103
43 71
43 131
44 76
44 100
44 109
44 136
45 55
45 96
45 122
45 134
45 139
46 53
46 78
46 140
48 51
48 78
48 113
49 56
49 78
49 128
50 66
50 146
51 59
51 100
52 86
52 96
53 65
53 128
53 146
54 86
54 94
54 154
55 69
55 72
55 105
55 140
55 151
56 62
57 82
57 116
57 129
57 134
58 125
58 151
59 129
59 136
59 139
59 154
60 70
60 79
60 147
61 90
61 143
61 147
63 81
63 116
63 159
64 73
64 82
64 93
64 136
64 157
65 74
65 93
65 129
65 141
67 106
67 108
67 150
67 152
68 146
69 74
69 100
70 104
70 115
71 138
71 153
72 78
72 133
72 152
72 166
73 90
73 92
73 100
73 106
73 121
73 169
74 115
74 135
74 147
74 148
75 115
76 80
77 92
77 97
77 105
77 132
78 86
78 130
78 162
78 178
79 93
79 101
79 114
79 131
79 149
79 176
80 93
81 86
81 119
81 157
82 171
83 110
83 126
84 155
85 159
86 94
86 95
86 152
87 117
87 120
87 177
88 112
88 126
89 106
89 134
89 153
89 154
90 118
90 159
90 178
90 182
91 147
92 94
92 100
92 121
92 134
92 140
92 185
92 187
93 161
94 146
94 174
94 191
95 117
95 166
96 122
96 175
97 104
97 114
98 189
99 107
99 115
99 163
99 179
100 131
100 175
101 123
101 135
101 147
101 158
101 169
102 145
102 186
102 194
103 170
104 105
104 112
104 170
104 198
105 118
105 141
105 175
106 110
106 140
108 113
108 116
108 127
108 129
108 131
108 138
108 147
110 117
110 119
110 133
110 154
110 174
110 195
111 157
112 165
112 212
113 166
113 167
113 174
113 175
113 183
114 150
114 180
115 170
115 208
116 180
116 187
116 202
116 211
116 212
117 143
117 147
117 159
117 204
117 212
118 149
118 171
118 172
118 200
119 169
119 204
120 212
120 213
121 176
121 204
121 210
122 134
122 150
122 222
123 134
123 216
124 165
124 190
124 219
125 158
125 174
125 202
125 204
126 159
126 201
126 208
126 209
126 210
126 223
127 206
127 214
127 227
128 140
128 164
128 219
129 144
129 181
129 202
130 188
130 223
131 134
131 168
131 170
131 215
132 148
132 202
133 177
133 202
134 150
134 170
134 173
134 205
134 206
134 211
134 232
134 233
135 196
135 229
135 235
136 190
137 213
137 233
138 168
138 210
138 220
138 238
139 142
139 194
139 211
140 194
140 216
141 149
141 165
142 166
143 188
143 196
143 227
144 167
144 204
145 151
145 163
145 190
146 183
146 236
147 229
147 237
147 246
148 219
149 154
149 199
149 218
150 227
151 154
151 161
151 164
151 186
151 192
151 197
151 200
151 219
151 231
152 159
152 182
152 209
152 211
152 227
153 196
153 252
154 186
154 200
155 158
155 159
155 172
155 212
156 163
156 169
156 186
157 182
157 197
158 191
159 199
159 228
159 255
159 257
159 258
160 167
160 181
160 184
160 213
161 167
161 168
161 188
161 203
162 230
164 192
164 205
165 241
166 171
166 173
166 179
166 256
167 184
167 217
167 220
167 227
167 233
167 263
168 192
169 250
170 180
170 218
170 240
171 175
171 197
171 200
171 245
171 262
172 250
173 193
173 247
174 178
174 206
174 226
174 249
174 263
175 203
175 233
175 259
176 243
176 260
177 206
177 216
177 224
177 231
177 262
178 189
178 202
178 228
178 265
179 222
179 229
179 265
179 271
180 188
180 219
180 236
180 279
181 208
182 197
182 232
182 245
182 253
182 276
183 213
183 222
183 236
184 222
184 234
184 235
184 266
184 274
185 209
185 213
185 260
186 197
187 246
188 220
188 228
188 272
189 193
189 195
189 203
190 215
190 248
190 256
191 228
191 265
192 237
192 263
193 276
194 207
194 249
194 286
195 254
195 288
196 209
196 223
196 233
196 240
197 231
197 286
198 240
198 290
199 202
199 234
199 246
199 291
200 205
200 238
201 233
201 242
201 291
202 215
202 227
202 263
204 217
204 236
205 273
206 235
206 246
206 261
206 265
207 208
207 233
207 271
207 293
207 300
207 306
208 244
208 294
209 235
210 221
210 259
210 269
210 283
211 248
211 251
211 290
211 304
212 224
212 260
212 304
213 230
213 265
213 287
213 299
213 305
214 226
214 244
214 261
214 269
214 298
215 233
215 276
216 221
216 222
216 249
217 298
217 301
218 270
219 241
219 263
219 268
219 307
220 239
221 241
221 265
222 225
222 262
222 309
223 240
224 225
224 258
224 265
224 287
224 300
224 317
224 322
225 232
225 291
226 243
226 262
226 309
227 260
227 271
227 317
228 230
228 280
228 315
228 326
229 234
229 254
229 268
230 261
230 297
230 299
230 327
231 315
231 324
232 247
232 295
233 306
234 331
235 249
235 258
235 285
235 311
236 336
237 265
237 318
237 327
239 271
239 278
239 311
241 309
242 313
243 266
243 334
244 267
244 306
246 266
246 276
246 307
247 287
248 260
249 278
249 321
249 331
249 338
250 281
250 285
251 287
251 346
253 297
253 331
254 300
254 304
254 336
255 266
255 296
256 281
256 292
256 308
256 337
256 342
256 348
256 355
257 287
257 294
257 298
257 318
257 348
258 348
258 350
259 336
259 350
261 271
261 296
261 297
261 301
262 268
262 277
262 286
262 349
263 267
264 284
264 330
264 351
265 277
265 357
266 270
266 294
266 325
266 334
266 356
267 300
268 294
268 338
269 293
269 315
269 345
269 348
270 276
270 282
270 289
270 309
271 285
271 297
271 328
271 341
272 278
272 290
272 302
272 329
273 311
273 326
274 289
274 291
274 320
274 330
274 331
275 361
275 364
276 315
276 322
276 332
276 351
276 357
277 340
277 374
278 325
278 336
278 363
278 371
279 314
279 321
280 326
280 367
280 380
281 285
281 311
281 371
281 372
282 314
282 372
283 300
283 335
283 349
284 293
284 317
284 379
284 384
285 296
285 348
285 350
285 363
286 369
287 359
287 378
288 327
288 382
289 340
289 356
289 361
289 368
289 378
290 308
290 351
290 369
291 298
291 313
291 326
291 329
291 338
292 320
292 326
292 385
293 323
293 342
293 346
294 329
294 343
294 351
295 306
295 315
297 356
297 374
297 391
298 349
298 351
298 368
298 369
299 318
299 325
299 334
299 380
300 313
300 372
301 369
301 395
302 363
303 324
303 330
303 402
304 360
304 383
305 389
306 343
306 392
306 397
306 401
307 316
307 317
307 339
307 341
307 344
307 349
308 368
308 374
309 382
310 353
311 335
311 343
311 345
311 379
312 322
312 337
312 353
312 364
312 388
313 348
313 361
313 375
313 388
314 334
314 357
315 334
316 340
316 368
316 386
316 413
317 329
317 358
318 349
321 354
321 374
321 418
322 356
322 391
323 361
323 369
323 371
323 372
323 409
324 338
324 347
324 403
324 407
325 351
325 356
325 413
326 330
326 379
327 351
327 363
327 411
329 361
329 369
329 383
329 394
329 413
330 417
331 385
331 403
332 357
332 371
332 389
332 399
332 414
333 368
333 380
334 427
335 368
335 408
336 388
338 368
338 413
338 418
340 350
340 353
340 434
341 346
341 370
341 384
341 397
342 364
342 435
343 359
343 412
343 415
344 357
344 361
344 376
344 414
344 417
345 358
345 376
345 377
345 379
345 392
345 394
345 400
345 401
346 362
346 390
346 394
346 425
347 395
347 405
347 430
348 389
348 408
348 415
349 350
349 384
349 405
350 443
350 445
350 446
351 363
351 395
351 407
352 371
352 445
353 395
354 379
354 422
354 450
355 371
355 384
355 386
356 372
356 373
356 394
357 383
357 452
358 455
359 373
359 447
361 396
361 452
362 363
362 378
362 383
362 390
362 413
362 416
362 422
362 439
362 459
363 405
364 382
364 432
365 397
365 408
365 456
366 385
366 420
366 427
367 369
367 433
367 442
368 434
368 435
369 378
369 455
369 461
369 463
370 460
370 467
371 382
371 399
371 422
371 430
371 458
371 464
371 467
372 463
373 377
373 414
373 445
373 460
374 424
374 440
375 405
375 417
375 468
375 472
376 391
376 435
376 447
376 454
376 470
376 472
376 475
377 413
377 453
377 464
378 396
378 428
378 434
378 435
378 446
379 387
379 401
379 404
379 408
379 424
379 446
379 460
380 394
380 440
380 445
381 385
381 425
381 431
381 466
382 448
383 419
383 437
383 467
384 412
385 388
385 414
385 447
385 484
386 398
386 412
387 401
387 465
387 473
388 477
389 425
389 449
389 453
390 476
391 405
392 415
392 429
392 476
392 487
393 397
393 407
393 456
393 463
394 462
395 461
395 479
396 426
396 431
397 423
397 430
397 452
397 480
397 494
398 401
398 448
398 478
399 425
399 428
399 443
399 454
399 463
399 467
399 475
399 482
400 418
400 498
401 465
401 472
401 488
402 425
402 496
402 501
403 428
403 433
403 483
404 465
404 490
405 444
405 465
406 454
406 478
407 414
407 431
407 463
407 494
408 483
408 494
410 412
410 494
410 506
411 459
411 489
412 415
412 423
412 434
413 485
414 436
414 441
414 451
414 472
414 474
414 507
415 439
416 469
416 472
416 483
416 500
418 426
419 431
419 453
419 471
419 490
419 498
419 510
420 429
420 449
420 464
421 424
421 437
421 514
422 469
422 494
423 436
423 438
423 487
423 495
423 506
423 521
424 431
424 493
424 512
425 436
425 440
425 450
425 479
425 486
425 488
425 501
425 507
426 442
426 464
426 476
426 520
427 432
427 486
427 514
428 439
428 478
429 496
429 513
430 488
430 525
431 450
431 451
432 461
432 480
432 499
433 440
434 442
434 470
434 475
434 480
434 487
434 496
435 458
436 485
436 488
436 521
437 449
437 466
437 497
437 537
438 476
438 491
438 504
438 514
439 470
439 502
440 468
440 475
440 526
440 528
441 471
441 535
442 481
442 506
442 515
443 450
443 471
443 532
443 534
443 536
444 480
444 494
445 496
446 485
446 500
446 515
446 517
447 478
447 532
448 455
448 467
448 530
449 492
449 497
449 500
450 529
450 531
450 550
451 452
452 491
452 515
452 540
454 460
454 499
455 534
455 551
456 495
456 508
456 548
457 480
457 493
457 534
458 502
458 507
458 543
458 557
459 462
459 474
459 517
460 499
460 505
460 523
461 503
461 505
461 555
462 499
462 520
462 534
463 469
463 472
463 477
463 526
463 543
464 487
464 521
464 545
464 546
465 528
465 535
466 478
466 490
467 472
467 486
467 559
468 495
468 497
468 501
468 517
469 518
470 510
470 538
470 567
471 544
471 547
471 555
472 503
472 532
472 533
472 536
473 490
474 490
474 525
475 495
475 529
475 547
476 489
476 490
476 492
476 494
476 500
476 501
476 535
476 537
477 488
477 540
478 533
478 541
479 488
479 495
479 504
479 533
479 546
479 572
479 579
481 519
481 522
482 495
482 515
482 524
482 542
482 549
482 554
482 561
483 489
483 495
483 510
483 511
483 526
483 555
483 560
483 580
484 504
484 546
485 492
485 500
485 532
485 573
486 538
486 585
487 495
488 534
488 577
488 580
488 582
489 514
489 516
489 536
489 573
490 555
491 562
491 564
491 565
491 582
492 519
492 565
493 511
493 534
493 574
494 534
494 571
494 592
495 520
495 527
495 591
496 510
496 514
496 544
496 568
496 588
497 498
497 507
497 570
497 588
499 592
500 553
500 555
500 561
500 593
501 547
501 561
502 546
503 508
503 520
503 554
503 560
503 595
503 598
503 601
504 515
505 551
505 589
506 529
506 559
506 601
507 518
507 533
507 555
507 557
507 589
507 591
508 533
508 546
508 553
508 563
509 531
509 558
510 559
510 601
511 512
511 588
511 603
511 606
511 610
512 545
512 584
513 536
514 561
514 565
515 536
515 568
517 526
517 534
517 564
517 606
517 612
518 577
518 592
518 609
520 547
520 616
520 618
521 545
521 554
521 565
521 570
521 588
521 597
521 617
522 546
522 608
522 614
523 547
524 541
524 548
524 599
525 577
525 611
526 537
526 564
526 595
526 601
526 613
527 539
527 544
527 545
527 551
527 587
528 553
528 569
528 587
529 562
529 570
529 580
529 589
529 619
530 595
530 608
531 575
531 605
532 569
532 610
532 626
533 621
533 630
534 542
534 545
534 591
534 607
534 631
535 537
535 549
535 622
536 565
536 618
536 621
537 603
538 542
538 547
539 600
539 607
539 619
539 639
540 558
540 605
540 623
540 635
541 606
542 557
542 588
542 594
543 558
543 584
543 633
544 627
545 573
545 580
545 610
546 577
546 586
546 593
546 624
547 557
547 612
547 618
547 633
548 556
548 624
549 590
549 594
549 630
550 553
550 556
550 606
552 559
552 583
553 566
553 572
553 592
553 641
553 651
554 593
555 566
555 597
556 597
556 618
556 638
557 562
557 569
557 572
558 570
558 623
558 638
559 603
559 644
560 583
560 641
560 656
561 569
561 585
561 596
561 631
561 639
563 565
563 580
563 621
563 638
564 595
565 590
565 652
567 583
567 599
568 576
568 590
568 641
568 655
569 583
569 585
569 600
569 604
569 629
570 597
571 575
571 644
572 573
572 607
572 636
573 590
573 592
574 588
574 613
575 586
575 592
575 603
575 651
575 664
576 586
576 668
577 581
577 602
577 667
578 605
578 641
579 642
579 647
579 679
580 627
580 661
580 679
581 623
581 672
582 605
582 625
582 642
582 645
583 662
584 587
584 605
584 659
585 677
585 679
586 589
586 603
586 607
586 628
586 645
587 624
587 636
588 633
588 656
589 601
589 660
590 609
590 644
590 646
590 649
590 651
590 662
590 684
592 603
592 612
592 683
593 605
593 624
593 643
593 673
594 608
594 622
594 631
594 633
594 645
594 655
594 661
596 613
597 628
597 632
597 660
597 661
597 693
598 621
598 668
598 687
598 688
598 698
599 613
599 643
599 648
599 684
600 615
600 619
600 644
600 654
600 661
601 610
601 648
601 672
602 608
603 609
603 649
605 667
605 669
605 674
606 609
606 624
606 646
606 692
607 636
607 671
607 673
608 665
609 624
610 643
610 665
610 674
610 689
611 672
611 677
611 699
612 613
612 642
612 678
613 640
613 652
613 679
613 696
613 709
614 655
614 659
614 692
614 698
615 621
615 663
616 659
616 677
616 705
617 623
617 635
617 661
617 681
618 627
618 634
618 652
618 653
618 666
618 706
619 644
619 649
619 684
619 694
620 641
620 643
620 650
622 671
622 678
622 684
622 698
623 635
623 654
623 660
623 683
623 689
623 690
624 631
624 673
624 678
624 686
624 687
624 693
624 712
625 626
625 644
625 656
625 672
626 648
626 671
626 672
626 674
626 689
626 690
626 712
627 628
627 650
627 711
627 713
628 647
629 722
630 653
630 669
630 678
630 711
632 681
632 708
632 714
633 640
633 685
634 679
634 682
634 728
634 734
635 646
635 648
635 661
635 673
636 701
637 647
637 667
637 732
638 652
638 659
638 675
638 697
638 717
638 721
639 684
640 645
640 734
641 643
641 717
642 731
643 658
643 740
644 695
644 729
645 688
645 711
645 714
646 649
646 657
646 734
647 667
647 687
647 717
647 744
648 652
648 663
648 695
649 674
649 715
651 655
652 681
652 699
652 725
652 747
653 654
653 680
654 683
654 726
654 728
655 676
655 702
655 720
655 737
656 712
656 716
656 726
656 748
656 754
657 676
657 734
658 676
658 715
658 718
659 682
659 690
659 695
660 691
660 708
661 681
662 689
662 691
662 697
662 747
663 702
664 673
664 685
664 688
664 742
664 754
664 759
665 674
665 720
665 724
666 701
666 746
666 764
667 694
667 700
667 725
667 754
668 693
669 702
669 703
669 733
670 675
670 677
670 733
671 676
671 688
671 693
672 678
672 690
672 760
672 765
673 710
673 725
673 729
673 755
675 702
675 740
676 719
676 732
676 772
677 707
677 722
677 749
677 770
678 682
678 746
679 696
679 706
679 729
680 702
680 722
680 723
680 772
681 697
681 732
681 768
682 687
682 690
682 708
682 721
682 751
682 782
683 693
683 729
684 702
684 714
684 723
684 731
684 740
684 762
685 692
685 777
685 778
686 695
686 718
686 775
687 688
687 690
687 739
688 723
688 727
688 733
688 742
688 751
688 768
689 696
689 757
689 767
689 780
689 781
690 709
691 695
692 693
692 696
693 754
694 713
694 753
694 770
695 786
697 701
697 718
697 721
697 794
698 724
698 760
698 786
699 704
699 789
699 790
700 723
700 757
700 774
700 788
701 716
701 732
701 769
701 775
701 791
702 716
702 792
702 802
703 764
703 773
703 798
704 787
704 804
705 801
707 730
707 791
707 807
708 755
708 764
708 781
710 802
711 728
711 750
711 767
711 796
711 800
711 803
712 741
712 786
713 714
713 789
714 727
714 750
715 729
715 762
715 787
716 759
716 763
717 758
717 790
717 792
717 807
718 742
718 778
718 812
719 738
719 763
719 784
719 811
720 733
720 738
720 758
720 761
720 777
721 817
722 787
722 790
723 784
726 782
726 792
726 805
726 816
726 825
727 745
727 765
727 805
729 737
729 744
729 749
729 776
729 780
729 785
729 787
730 759
730 779
730 798
731 802
731 805
732 775
732 791
732 810
732 814
734 768
734 833
735 791
735 809
736 791
736 812
736 828
737 762
737 828
738 757
738 764
738 775
739 834
740 796
740 812
740 829
740 831
740 839
741 775
741 807
741 810
742 745
742 796
742 810
743 792
745 777
745 808
745 817
745 823
745 831
746 770
746 811
746 816
746 830
746 844
746 846
747 786
747 811
747 845
748 831
749 791
750 791
750 796
750 800
750 809
751 839
752 783
752 834
752 843
753 840
754 772
754 783
754 795
756 759
756 770
756 786
756 824
757 765
757 830
758 783
758 793
758 809
758 831
758 838
759 770
759 783
759 803
761 791
761 825
762 765
762 769
762 780
762 784
762 800
762 825
762 833
763 782
763 795
764 834
764 836
764 860
764 861
765 799
765 862
766 767
766 799
766 821
766 824
766 862
768 773
768 796
768 807
769 825
769 832
769 860
769 869
770 793
771 780
771 789
771 793
771 794
771 814
771 830
771 837
771 849
771 856
771 863
773 811
773 862
774 822
774 823
774 832
775 788
775 794
775 866
776 778
776 848
776 850
776 859
777 814
777 846
777 858
778 829
779 785
779 819
779 820
780 835
780 876
781 853
781 863
782 820
782 839
782 864
782 872
782 879
782 882
783 812
783 834
784 791
784 849
784 859
784 871
785 810
786 791
786 799
786 829
787 801
787 807
787 862
788 807
788 829
788 848
788 881
789 846
789 856
789 859
789 865
790 838
790 863
790 869
790 878
791 809
791 851
791 862
791 885
792 830
792 851
792 873
792 884
793 794
793 839
793 870
793 887
794 806
795 852
796 832
796 838
796 842
796 856
796 889
797 848
797 880
798 801
798 816
798 853
798 869
798 889
799 823
799 843
800 814
800 824
800 885
800 888
801 876
801 882
802 818
802 823
802 841
802 871
803 853
803 900
804 807
804 818
805 817
805 853
805 854
805 867
805 868
805 892
806 825
806 831
806 843
806 844
808 818
808 873
808 886
808 889
809 847
809 858
809 872
809 900
810 831
810 845
810 861
810 880
810 898
811 855
811 865
812 824
812 825
812 858
813 868
813 881
813 891
813 902
814 824
814 854
814 867
815 835
815 848
815 855
815 879
815 903
816 845
816 867
816 910
817 854
817 882
817 886
817 892
818 835
819 867
819 915
820 869
821 875
822 827
822 836
822 912
823 843
823 865
823 886
823 897
824 844
824 849
825 902
825 915
825 918
826 873
826 907
827 839
827 843
827 848
827 850
827 856
827 860
827 867
827 876
827 911
828 842
828 854
828 910
828 914
828 924
829 852
829 863
829 904
830 876
830 878
830 892
831 863
831 873
831 925
832 855
832 874
833 870
833 895
834 925
835 846
835 902
835 915
835 929
835 931
836 857
836 862
836 864
836 881
836 906
837 909
837 913
837 919
838 847
838 883
838 888
839 906
840 859
840 877
840 895
840 932
840 938
841 882
841 919
842 930
842 933
842 940
843 937
846 861
846 927
847 860
847 875
847 894
847 912
847 919
848 893
848 897
849 894
849 901
849 910
850 928
851 871
851 891
851 926
851 936
852 904
853 858
853 873
854 923
854 941
856 886
856 888
857 953
858 887
858 896
858 917
859 884
859 927
859 958
860 904
861 915
861 929
862 877
862 894
862 910
862 917
862 934
863 886
863 926
864 871
864 945
865 878
865 924
865 948
866 874
866 940
867 917
867 933
867 935
867 938
867 954
869 950
869 964
869 965
870 872
870 900
870 934
870 955
871 944
872 897
872 901
872 950
873 877
873 895
873 922
873 926
873 932
874 911
874 926
874 970
875 935
875 960
875 963
876 879
876 940
876 965
877 890
877 920
877 926
877 940
878 890
878 904
878 968
878 973
879 978
880 922
880 968
881 895
881 898
881 973
882 884
882 981
883 936
884 941
885 964
885 982
886 891
886 901
886 927
887 935
887 944
887 967
888 923
888 925
888 967
889 916
889 935
889 951
889 967
889 971
889 984
889 988
890 978
891 926
891 964
892 906
892 972
894 912
894 982
895 939
895 969
896 907
897 905
897 906
897 921
897 962
897 992
897 993
898 904
898 924
898 978
899 934
899 957
900 950
900 959
901 940
901 953
902 927
902 970
902 987
903 961
903 976
903 977
904 905
904 914
904 986
904 995
904 1000
905 971
906 945
906 968
907 928
907 953
907 966
908 939
908 998
909 919
910 942
910 944
910 982
910 983
911 955
912 920
913 955
914 916
914 924
915 948
916 928
916 965
917 960
917 996
918 969
919 945
919 970
920 957
920 977
920 982
920 996
920 1000
921 923
921 927
921 957
921 969
921 977
922 936
922 943
922 956
922 957
922 972
923 926
923 967
924 945
924 970
924 984
924 994
925 964
925 976
926 948
926 973
927 934
927 937
927 970
927 991
928 939
929 931
929 936
929 941
929 988
930 958
930 977
930 985
932 949
932 950
933 988
934 946
935 983
936 954
936 998
937 948
938 945
938 956
938 973
939 982
939 992
941 973
941 989
941 991
942 954
942 959
942 978
942 982
942 989
944 979
944 985
944 986
944 988
945 982
946 978
946 985
947 954
947 975
947 998
948 956
948 982
948 1000
949 988
949 991
949 998
950 992
951 965
955 969
957 992
959 990
960 968
960 989
962 965
963 993
964 969
964 974
964 986
966 968
966 977
977 994
977 995
979 999
982 992
983 988
983 989
984 989
987 990
989 992
7 1 5 1 4 23 19 3 4 15
9 14 9 4 3 2 19 16 7 2
36 2 7 3 17 8 7 24 18 22
4 8 14 33 27 12 13 10 10 1
4 26 33 12 34 0 0 4 2 7
11 1 31 8 25 25 9 5 24 1
18 8 2 13 25 7 2 15 9 14
3 10 13 12 12 16 21 9 23 11
18 6 14 16 4 7 23 3 7 11
13 6 11 16 8 4 43 18 11 11
0 19 4 12 1 21 7 1 29 7
2 1 20 5 0 24 7 14 13 17
20 6 20 10 21 0 10 16 4 25
18 21 34 1 10 3 4 17 10 3
11 15 7 1 1 18 8 20 32 5
14 12 13 11 10 4 16 9 21 18
11 25 2 17 33 19 9 21 3 21
4 5 0 8 12 14 17 8 2 14
0 12 29 9 6 3 11 9 15 2
3 9 11 10 4 7 7 2 0 8
9 14 7 17 22 18 9 8 6 5 21 13 4 21 16 1 1 5 20 15
2 1 1 1 7 3 1 1 1 1 4 7 1 1 1 1 1 1 2 3
20 10 11 7 10 15 10 1 11 5 17 17 9 4 9 1 9 17 6 13
25 21 23 13 31 28 18 2 4 2 26 24 15 33 28 1 15 19 22 25
26 19 8 18 27 23 3 10 15 3 30 17 6 18 21 6 6 15 22 29
48 44 15 26 33 9 27 10 30 23 40 29 22 27 30 9 33 42 31 47
23 4 15 8 17 14 11 7 11 9 10 19 16 7 6 3 6 17 8 18
44 17 22 12 23 20 21 6 22 12 23 20 20 13 14 3 23 35 8 29
30 41 11 30 49 23 25 16 24 18 36 28 21 40 34 6 19 29 34 43
29 25 13 21 45 26 22 8 24 8 41 29 22 27 27 7 21 21 29 46
25 21 21 13 46 11 31 11 12 12 36 25 25 25 19 11 25 29 28 38
48 29 24 19 19 31 20 13 31 20 34 33 19 17 27 16 9 30 29 30
6 1 5 1 6 6 4 1 1 1 3 8 1 2 1 1 1 3 3 1
48 30 36 26 21 30 33 15 22 21 29 24 17 20 32 13 23 40 16 33
34 19 7 16 36 21 4 14 22 7 33 24 15 12 13 12 8 23 28 36
46 28 22 30 46 39 28 9 36 18 36 37 29 31 27 7 20 30 29 53
43 44 14 32 47 16 21 11 25 19 27 39 27 35 24 7 23 33 38 43
37 20 13 14 33 23 15 10 19 1 24 15 15 20 18 11 16 32 17 30
4 3 1 2 13 2 3 1 1 1 1 1 6 4 2 1 4 7 2 6
7 6 5 3 11 6 1 4 3 4 11 11 8 5 3 4 1 4 10 6
34 20 11 17 34 25 11 10 17 5 31 12 15 16 13 10 16 31 26 30
7 7 1 1 12 2 4 2 4 1 12 13 4 3 8 1 2 6 8 10
4 1 1 1 9 2 1 1 1 1 3 2 3 1 1 1 2 5 1 5
1 2 1 1 9 1 1 1 1 1 4 1 4 1 1 1 1 2 3 6
20 25 12 7 22 10 15 1 15 12 19 18 14 22 18 10 6 8 20 17
21 13 13 7 14 18 4 1 8 5 6 13 9 15 9 1 1 6 7 8
58 45 20 49 58 43 30 28 44 31 42 39 31 41 26 12 25 54 46 60
37 29 1 25 46 20 12 15 25 8 42 29 11 17 19 6 15 31 31 49
15 8 9 1 14 5 4 2 1 1 8 13 8 10 11 1 6 10 6 9
10 3 5 3 7 4 4 4 3 1 14 11 4 5 7 1 4 8 7 9
21 7 1 12 22 14 1 11 8 1 26 14 4 5 3 5 2 17 20 20
62 57 29 23 52 32 36 12 37 24 44 43 37 49 43 17 34 47 42 54
56 31 25 36 44 34 27 34 28 26 53 33 18 8 24 25 33 57 34 51
27 28 18 11 37 7 27 2 19 17 15 17 28 28 12 13 19 25 18 28
60 52 39 16 30 26 30 22 45 40 51 41 27 40 45 31 18 44 41 51
1 7 1 1 11 1 1 1 1 3 1 1 7 5 1 3 1 1 8 3
11 4 4 1 6 8 1 1 4 1 8 11 3 1 5 1 1 3 1 3
23 31 12 16 21 22 15 6 14 10 30 24 2 32 35 2 5 12 26 23
18 23 19 6 31 10 22 1 9 11 14 17 19 29 17 11 12 15 16 20
13 8 9 5 3 10 1 1 3 1 8 13 3 8 11 1 1 5 6 3
6 6 1 1 12 2 6 1 5 1 14 9 1 5 8 1 1 1 3 11
60 33 26 21 44 37 17 27 20 13 51 45 20 19 32 20 19 52 37 46
10 5 7 2 4 5 1 1 1 1 7 13 1 6 9 1 1 1 5 2
42 42 17 25 40 21 30 7 27 19 37 31 21 37 35 6 29 32 29 41
39 44 15 25 52 29 20 15 23 14 40 29 18 38 30 8 11 31 41 47
19 8 8 8 29 16 10 9 13 6 22 12 10 14 6 10 1 11 16 19
8 8 1 4 8 6 1 1 7 1 14 7 3 3 7 1 1 1 6 9
35 31 18 25 26 28 16 16 9 11 34 24 5 27 31 2 12 35 31 30
30 23 16 7 34 14 18 4 19 11 19 8 21 21 12 13 16 23 18 27
25 14 23 5 11 12 18 4 13 15 12 19 19 14 9 9 6 18 14 12
18 12 9 6 25 5 5 7 5 6 17 19 12 11 7 5 3 15 17 19
18 13 5 10 21 4 16 3 3 1 16 5 9 9 9 1 18 25 11 17
3 1 1 1 9 1 4 1 1 1 8 6 1 1 2 1 2 5 2 6
24 21 7 13 32 19 8 3 14 6 21 11 17 19 9 5 11 21 22 28
9 6 5 2 13 8 5 1 4 4 9 8 8 5 2 4 4 7 6 6
28 29 9 13 21 16 7 5 12 6 26 25 8 21 28 3 11 19 24 25
31 33 29 1 34 20 20 6 15 14 20 33 25 34 29 16 6 16 25 30
35 37 15 19 24 30 8 15 24 13 42 32 9 32 39 11 6 22 36 38
20 19 11 14 17 21 7 3 10 6 20 16 5 18 21 1 5 13 14 16
24 15 13 6 9 7 13 4 7 3 28 11 1 8 19 1 12 18 7 14
12 7 3 4 10 6 7 3 7 1 19 9 6 6 9 1 7 9 8 11
9 3 4 1 5 2 1 1 1 1 11 10 1 5 8 1 1 1 4 6
3 2 1 1 9 1 2 1 1 1 6 1 5 1 1 1 5 8 3 5
18 10 6 10 9 11 6 6 7 1 23 17 1 9 12 1 6 13 13 16
18 9 16 7 13 13 16 5 9 12 14 19 16 5 6 6 9 22 12 12
24 29 7 29 33 26 13 20 11 10 34 27 1 26 29 2 6 22 32 30
21 20 4 15 24 9 5 16 6 8 27 26 8 9 19 7 11 21 24 23
19 10 12 13 15 21 9 6 13 8 18 21 9 9 10 1 4 14 13 17
23 20 1 19 34 23 6 9 19 4 27 4 7 19 18 3 6 17 21 30
45 35 19 10 31 29 11 17 28 14 39 35 18 29 32 24 4 25 36 36
52 47 24 15 39 20 18 16 32 25 34 46 30 41 33 20 13 38 38 47
54 50 31 34 45 44 20 27 27 26 45 54 29 35 41 21 13 41 52 53
8 5 4 1 4 1 6 1 3 1 11 8 3 6 10 1 6 8 5 5
43 36 40 29 28 37 42 14 25 25 43 41 26 31 45 16 25 32 33 40
10 1 6 1 8 6 7 1 1 1 5 6 4 1 2 1 9 13 1 6
31 18 22 7 15 15 15 1 8 10 18 17 14 15 18 5 17 25 9 14
11 7 5 1 16 7 7 1 5 4 9 5 9 5 1 4 6 10 6 11
14 12 12 3 23 7 19 4 7 7 23 19 11 15 11 7 9 13 14 15
13 5 4 7 24 9 7 5 5 1 18 13 6 10 5 1 3 10 12 17
47 45 11 28 38 30 4 31 38 22 57 41 11 36 36 25 1 30 54 51
34 21 32 25 36 38 30 4 14 7 29 34 25 35 30 6 23 29 24 37
26 28 19 9 37 23 21 1 16 8 32 24 16 33 26 8 11 12 26 31
37 34 32 26 49 31 29 17 38 26 40 37 30 37 25 24 7 25 43 49
17 23 15 15 21 19 15 7 4 3 24 22 6 29 27 4 8 16 22 18
8 1 2 1 6 1 10 1 1 1 12 4 1 4 8 1 6 8 1 4
45 37 23 11 19 13 20 10 21 19 34 26 14 20 35 14 24 32 19 31
27 21 18 5 12 12 18 1 7 3 25 22 2 19 27 1 11 16 12 16
25 39 12 29 43 23 14 19 18 19 29 20 18 36 25 12 8 25 41 38
51 23 15 34 40 37 20 26 38 16 39 38 27 15 13 17 14 45 32 50
50 20 26 34 30 41 25 29 33 18 34 39 22 14 17 21 9 44 34 43
51 43 13 28 58 27 29 24 35 19 62 38 22 33 35 20 28 47 48 62
30 19 23 6 19 17 13 7 9 9 21 23 17 20 17 9 10 26 19 19
63 59 35 28 34 25 37 16 42 40 40 43 35 41 42 23 32 51 39 53
51 47 27 15 43 13 30 16 26 21 41 37 34 34 35 17 28 46 35 49
49 49 20 36 56 39 25 20 39 28 40 34 28 45 31 16 17 43 45 54
4 4 1 6 19 1 4 6 1 1 10 7 5 3 1 1 3 13 12 11
21 9 4 10 20 6 8 3 5 1 13 14 9 8 4 1 12 21 9 19
40 25 33 30 24 37 36 21 26 25 25 35 32 23 25 19 17 40 28 33
27 14 20 14 35 23 30 7 19 6 47 30 15 23 30 13 24 23 25 39
50 44 26 20 27 10 34 14 27 22 38 30 19 26 39 14 34 42 19 41
26 37 14 32 46 29 22 20 22 21 37 23 16 35 24 14 7 24 44 38
14 4 1 1 11 8 5 1 5 1 15 8 1 1 4 1 6 9 2 12
11 6 4 6 15 12 10 1 3 1 9 5 4 7 2 1 7 11 6 9
12 11 9 12 10 19 3 1 4 4 5 10 7 12 10 1 2 8 10 6
43 45 22 11 24 18 19 19 36 30 45 33 23 35 38 28 15 34 39 43
2 13 1 8 11 7 3 1 1 1 13 6 5 10 8 1 3 7 15 6
40 32 10 8 35 12 14 3 28 13 27 21 22 24 21 12 15 27 22 38
25 21 7 13 23 21 6 2 11 2 17 7 7 19 16 1 10 17 12 22
34 27 10 6 20 11 7 12 23 15 36 31 10 22 25 14 5 19 27 29
23 7 12 13 19 13 11 12 7 7 19 24 12 5 7 1 11 27 15 18
19 14 8 9 13 9 3 6 1 1 16 21 3 12 14 1 4 19 16 14
23 10 13 7 13 8 8 8 6 3 23 23 7 10 14 1 8 17 12 12
38 22 19 6 26 18 8 12 13 5 31 37 12 19 26 7 3 22 23 32
37 35 17 17 37 11 22 4 25 16 27 24 26 26 17 10 20 29 27 38
8 8 6 8 9 7 6 5 1 1 10 8 5 10 8 1 5 8 11 8
27 13 10 16 29 24 17 7 13 2 33 9 2 17 17 6 13 23 19 26
17 13 9 7 15 9 13 4 6 1 19 13 7 15 14 1 9 11 11 9
34 33 44 22 47 25 34 21 23 26 19 38 40 41 22 25 8 36 39 44
62 47 25 32 59 35 32 29 29 25 49 34 26 32 32 26 36 56 44 56
33 40 10 38 43 34 11 29 14 20 37 32 7 32 36 12 14 31 43 38
32 22 22 12 15 23 11 6 13 11 8 30 21 16 18 6 4 23 18 20
20 5 1 7 25 8 1 8 5 1 22 17 5 1 5 1 5 14 11 23
27 22 8 15 19 11 2 12 7 3 23 28 6 12 21 1 10 22 22 25
40 40 18 24 42 30 18 17 18 13 52 43 11 37 42 8 15 26 42 44
47 41 33 30 55 50 37 19 34 22 46 39 34 50 33 29 14 36 47 47
29 37 16 19 40 15 30 9 17 15 40 22 21 28 31 10 27 31 29 39
46 47 33 23 50 26 37 6 28 24 22 28 41 47 22 17 22 43 37 43
33 35 34 22 47 31 33 8 28 19 40 35 28 42 30 17 14 24 39 42
7 8 4 5 13 7 4 4 1 4 12 11 8 7 8 4 4 5 10 9
18 11 11 7 6 14 5 3 12 8 13 21 11 4 11 1 1 10 9 10
36 33 25 16 39 10 28 17 31 30 35 38 27 32 23 23 10 36 38 45
20 18 1 15 24 21 9 6 15 4 29 6 1 16 21 1 5 15 17 24
53 24 29 25 35 37 27 24 28 14 39 41 23 20 22 19 9 45 32 38
37 38 23 22 43 28 28 10 16 9 35 35 25 41 36 6 25 33 29 41
18 33 17 19 44 15 26 1 18 17 17 14 29 37 17 14 16 19 26 32
20 15 5 9 42 10 13 9 21 9 20 7 20 15 1 14 8 18 22 33
7 8 1 9 10 10 5 3 4 1 11 5 3 10 7 1 1 4 12 6
34 36 30 14 34 26 28 16 16 12 46 50 23 45 47 20 17 29 42 41
21 13 8 2 18 9 15 4 15 8 29 24 4 16 21 6 9 12 13 25
16 10 3 6 29 6 4 7 9 4 21 12 9 11 6 6 1 12 17 22
38 28 26 9 27 14 25 9 17 15 39 31 12 21 29 9 16 25 20 27
38 17 29 13 28 35 23 9 15 7 26 30 18 26 21 7 10 29 20 29
30 23 6 9 21 8 2 6 15 8 23 26 13 14 16 4 8 20 21 28
33 47 32 19 49 25 33 8 21 18 24 27 36 49 30 21 17 31 34 41
53 42 21 32 52 33 31 32 26 22 52 34 19 30 30 29 24 49 46 48
4 3 8 1 18 7 11 1 1 1 16 16 8 13 12 1 4 1 7 11
26 22 31 10 28 20 26 6 20 19 18 33 27 28 21 13 6 13 21 24
4 9 10 11 19 13 12 1 1 1 15 13 4 22 16 1 5 3 16 12
7 9 1 4 14 1 7 5 3 5 15 12 9 8 6 5 5 11 14 10
22 16 3 9 28 6 16 2 10 3 21 13 14 11 7 1 17 23 11 22
16 12 1 1 14 1 1 1 10 5 20 16 5 6 12 3 1 6 13 19
30 14 12 12 19 8 16 1 16 12 3 17 19 14 3 1 20 28 5 21
7 3 4 1 5 1 3 1 1 1 4 6 1 6 8 1 1 4 1 3
28 26 2 16 30 12 12 17 14 15 37 29 11 12 20 13 15 24 31 30
52 34 43 26 38 42 36 25 31 25 35 51 41 32 34 22 17 46 34 49
28 28 7 30 46 28 12 21 22 12 36 21 16 22 12 20 4 25 43 40
26 14 11 20 24 25 14 12 16 7 31 27 7 11 11 3 6 23 21 25
9 9 7 1 20 4 8 1 2 5 5 8 10 15 7 5 2 5 8 8
36 21 13 31 37 40 20 21 29 13 38 31 18 21 16 15 3 30 33 36
31 19 9 14 25 18 6 13 19 9 35 29 10 11 16 8 6 20 26 28
41 51 33 24 55 18 40 6 32 27 25 41 45 53 29 19 30 35 41 52
6 7 1 8 12 9 7 1 6 1 9 5 5 7 5 1 4 6 7 7
13 17 2 17 24 11 9 8 1 1 19 12 4 17 12 1 6 15 23 13
43 38 30 17 35 30 26 17 14 13 41 23 15 32 38 13 21 36 28 37
39 57 20 28 50 23 21 20 49 37 38 22 30 48 37 28 12 32 48 60
47 34 30 26 29 33 28 15 23 19 16 37 35 28 23 12 20 44 27 34
29 17 13 8 23 16 16 6 16 10 32 32 11 19 22 5 12 21 20 29
4 4 3 2 9 8 3 1 1 1 1 5 4 4 1 1 1 3 4 1
5 4 3 1 13 3 6 1 1 1 6 9 4 8 5 1 1 1 3 1
17 19 4 5 13 5 10 3 10 9 23 17 9 11 17 7 9 13 19 15
30 28 28 3 30 19 25 13 10 13 24 30 23 32 26 18 12 26 27 20
9 12 8 4 18 7 15 1 5 8 13 9 12 10 7 8 9 12 12 8
20 8 8 16 15 16 2 9 7 4 15 22 11 2 3 1 5 22 15 21
36 15 20 12 20 29 10 8 17 6 20 23 13 15 15 7 6 27 13 22
33 37 21 22 46 25 26 10 21 17 47 33 17 30 29 10 15 26 40 44
8 4 4 2 18 5 8 3 6 1 20 15 3 6 7 1 1 4 6 15
35 28 27 37 47 37 40 14 25 19 39 41 31 34 29 5 32 41 33 48
22 10 24 16 22 25 23 11 16 12 25 36 20 14 17 6 8 17 18 27
46 45 19 39 49 29 34 30 27 24 55 25 16 24 36 14 32 48 35 52
32 33 12 13 24 15 2 13 13 8 33 33 12 24 28 10 2 19 33 32
11 9 9 5 17 8 8 1 1 1 9 12 4 16 10 1 4 8 8 11
31 16 4 3 26 8 15 1 20 6 25 18 12 8 11 1 16 21 8 28
49 56 33 29 57 46 25 22 40 29 41 33 36 51 40 28 11 39 50 55
36 14 9 21 35 26 14 12 20 4 32 22 14 10 10 4 13 34 21 33
42 45 21 28 48 23 30 11 25 15 38 37 28 44 36 6 28 38 35 48
6 5 2 3 1 6 1 1 1 1 6 6 1 6 6 1 1 1 6 1
23 13 12 10 18 18 11 1 14 7 19 22 9 12 14 1 6 14 12 21
23 16 9 11 22 9 4 10 2 3 21 22 9 13 13 3 9 21 19 19
16 2 11 7 11 14 10 3 7 7 6 14 11 2 3 1 8 18 4 11
22 1 10 7 9 19 2 3 13 4 11 10 6 2 1 1 1 9 6 13
56 25 30 19 44 35 28 16 34 13 50 49 24 30 35 14 23 42 32 54
41 41 29 23 36 22 14 16 24 24 27 42 30 28 25 17 8 33 40 44
53 47 29 23 43 25 31 18 15 11 45 42 21 33 43 8 29 46 33 47
22 38 33 21 44 14 31 14 23 21 28 29 29 43 28 22 13 26 38 40
4 1 2 1 4 6 1 1 1 1 5 9 1 1 1 1 1 1 2 1
28 5 15 3 29 17 17 2 13 5 23 17 14 13 10 3 13 22 7 22
9 9 1 8 25 9 3 7 12 5 18 5 9 7 1 9 1 8 20 19
16 8 8 1 3 6 5 1 5 1 13 16 2 6 13 1 5 8 6 7
33 21 30 14 43 22 34 1 15 12 29 32 34 34 25 11 29 29 20 34
37 26 16 12 24 26 8 11 20 6 32 26 13 21 24 14 8 24 26 29
21 32 2 31 33 24 13 22 8 15 39 17 5 19 24 7 14 29 38 29
40 48 34 28 56 18 48 4 32 27 38 40 43 52 34 20 36 37 44 55
15 10 4 6 18 8 1 4 6 1 15 8 7 11 6 2 3 11 13 17
24 15 17 18 13 24 18 9 13 11 17 25 14 13 15 5 6 20 17 15
28 24 13 21 45 25 17 13 12 10 35 27 16 25 18 8 14 26 31 35
8 4 3 1 8 5 3 1 1 1 8 10 2 4 7 1 1 1 3 3
15 35 6 25 36 19 8 15 16 15 32 22 14 23 21 9 4 16 40 35
29 26 37 15 37 35 27 4 13 12 27 37 31 41 30 15 11 17 29 29
37 15 6 6 21 17 7 3 21 3 28 16 6 7 16 5 11 23 14 28
45 40 14 13 39 22 19 13 30 18 51 29 12 32 35 15 17 34 36 48
20 10 10 4 13 9 6 3 10 6 16 24 5 9 15 1 1 10 11 14
22 22 13 11 11 9 20 7 10 9 27 14 6 11 25 6 17 19 15 14
30 35 9 32 48 31 29 26 13 21 41 41 22 36 34 20 27 31 43 35
19 13 7 5 17 5 5 1 7 2 9 10 12 11 11 1 10 14 5 15
49 36 32 22 31 24 31 18 23 21 51 46 15 32 45 13 27 41 34 46
1 6 1 5 5 4 1 1 1 1 9 10 1 1 3 1 1 1 9 4
39 43 38 44 51 31 33 37 35 43 33 43 44 30 27 36 22 47 52 54
10 3 2 1 5 5 5 1 4 1 15 8 1 1 5 1 6 9 2 9
43 26 35 10 28 17 29 13 12 15 29 27 21 22 26 11 22 41 15 32
6 2 1 4 16 1 9 5 1 1 13 9 4 7 4 1 4 11 10 7
44 42 18 19 41 25 24 7 23 10 36 21 22 35 35 7 24 35 25 39
49 43 19 30 38 37 19 16 44 30 33 33 32 28 28 17 9 33 39 53
16 14 7 10 19 21 2 1 8 4 15 8 6 16 10 1 1 5 15 10
15 5 2 9 24 9 3 11 9 1 22 12 5 2 1 3 3 16 15 22
59 44 42 27 40 51 36 23 34 22 54 47 26 39 48 18 17 42 41 49
41 33 20 5 17 2 14 18 23 19 45 35 9 24 38 15 14 34 28 36
15 9 4 1 17 3 4 1 4 1 11 10 12 7 6 1 10 14 7 14
3 13 2 8 16 10 6 1 2 5 5 3 9 13 4 5 1 3 14 3
8 4 1 5 8 6 8 1 1 1 12 7 5 5 6 1 9 12 7 8
42 41 32 28 49 47 32 18 23 17 46 47 27 49 48 11 16 34 42 49
39 46 20 33 44 23 29 11 26 23 16 24 31 44 22 9 31 40 36 39
8 9 2 3 11 4 4 1 2 1 11 9 6 7 9 1 5 8 8 8
3 8 1 5 12 4 3 4 3 5 10 7 9 6 1 5 2 6 13 9
41 44 3 40 63 34 21 27 31 20 53 35 19 30 32 13 26 40 44 60
28 25 14 20 42 25 16 8 17 7 28 19 17 30 21 1 15 17 21 35
7 13 1 12 11 10 2 4 3 1 18 15 2 7 12 1 2 8 17 10
11 25 4 13 25 4 5 7 12 11 20 19 13 13 10 9 1 11 30 26
20 12 18 11 22 20 19 4 10 6 24 29 14 18 17 1 9 16 16 22
20 8 8 1 14 9 12 1 10 3 19 17 5 5 10 1 4 10 4 12
47 58 24 25 55 30 30 11 38 29 40 40 34 57 43 18 23 32 45 57
5 3 1 1 18 1 5 1 2 1 11 6 5 7 1 1 1 4 8 9
49 33 28 11 20 17 19 14 16 12 43 37 11 16 34 10 13 34 24 33
17 35 14 14 22 17 7 3 14 12 19 16 15 31 26 10 1 6 28 19
18 22 20 3 24 11 10 4 6 8 11 23 17 24 15 11 1 10 21 17
11 6 1 1 8 4 1 1 7 1 15 11 3 1 7 1 1 2 5 9
22 20 10 16 29 23 7 6 12 6 21 11 9 23 20 1 7 11 17 23
10 7 1 8 7 10 7 1 6 1 14 7 1 8 8 1 7 9 9 7
9 11 6 13 11 18 3 4 5 3 15 11 4 10 8 1 3 8 16 11
7 5 1 1 20 1 6 1 2 1 3 2 10 7 1 1 6 7 4 11
11 4 9 8 22 11 12 6 4 1 17 17 6 9 5 1 8 14 11 18
14 8 1 2 19 6 1 1 9 1 17 10 7 1 3 1 4 9 7 20
36 35 19 32 48 36 22 18 22 17 45 43 20 35 38 3 15 29 42 48
22 20 24 12 26 23 18 3 12 13 11 22 19 29 16 7 4 11 15 18
24 16 11 13 23 18 9 1 12 6 9 11 17 15 9 1 10 17 11 18
5 5 1 9 7 3 1 4 1 1 9 6 1 6 4 1 1 7 12 6
10 17 2 10 11 14 1 1 5 1 15 11 4 12 15 1 1 2 14 10
52 44 45 17 44 29 41 24 19 21 56 51 28 38 50 21 31 45 39 50
39 41 21 10 25 19 18 6 25 19 39 26 14 31 34 16 12 22 33 33
14 4 10 4 9 11 4 1 7 6 7 13 9 5 6 1 4 10 1 9
8 6 2 3 5 8 3 1 1 1 6 10 1 6 7 1 1 1 4 3
32 27 21 22 26 23 10 13 15 15 18 33 23 20 17 9 4 26 28 28
49 29 34 35 49 44 41 27 32 24 49 38 30 23 26 24 23 50 41 54
23 18 2 27 36 32 12 19 21 6 37 20 8 19 14 13 1 18 31 30
55 48 47 28 29 28 42 21 38 36 33 41 42 27 35 28 24 51 36 49
52 43 41 29 25 46 30 26 27 24 39 47 34 33 43 21 12 46 41 43
17 13 8 4 25 9 7 6 16 8 17 5 12 15 6 13 2 11 18 21
12 6 9 2 15 11 8 1 6 1 19 22 4 7 10 1 3 6 9 17
36 25 10 13 41 15 12 13 20 9 36 29 14 18 18 10 10 24 29 39
54 42 9 32 52 22 22 24 37 25 49 46 20 32 31 15 27 42 42 62
9 4 1 1 5 1 1 1 2 1 11 9 1 3 9 1 1 3 3 9
7 20 6 14 26 19 12 3 7 4 24 14 7 26 25 1 3 2 20 19
6 5 1 1 11 1 1 1 3 1 6 5 6 1 4 1 4 6 1 11
13 6 8 4 5 9 6 4 5 1 14 16 4 6 11 1 6 10 7 9
6 6 2 5 5 7 6 2 1 1 10 8 5 5 4 1 6 8 9 2
9 21 7 13 23 18 9 4 12 10 20 9 13 19 9 9 4 7 25 18
11 13 12 6 23 11 13 1 6 9 8 12 13 19 8 9 1 6 12 12
48 47 28 41 70 50 30 25 21 16 53 44 30 53 46 14 26 40 52 63
13 8 5 1 15 1 10 1 8 1 15 12 5 10 13 1 7 10 6 16
31 26 15 4 32 13 16 1 19 10 20 18 19 22 18 10 13 19 15 27
18 13 13 8 11 16 10 1 3 3 12 17 7 16 13 1 5 12 11 4
9 8 7 6 7 6 1 4 1 1 7 8 5 10 9 1 4 5 9 8
38 29 33 32 45 33 37 16 11 10 49 34 21 33 37 11 37 41 35 47
44 27 10 11 25 16 4 8 23 7 30 32 9 19 22 5 8 27 23 39
33 41 20 38 71 40 40 18 39 23 44 25 40 49 27 27 25 34 45 60
10 21 10 6 17 4 8 1 14 12 10 10 15 16 9 11 1 1 18 17
23 18 15 16 23 25 16 5 15 9 25 24 13 20 18 3 5 14 18 21
35 18 26 3 34 30 21 14 16 5 29 26 16 28 24 15 10 24 19 30
27 19 7 4 23 7 10 3 16 8 17 21 14 14 17 5 11 15 13 23
51 31 32 21 32 35 23 24 13 14 34 42 23 23 30 12 22 49 33 37
32 31 24 18 42 24 24 17 27 15 29 22 26 32 17 28 4 29 37 36
11 16 6 11 21 5 16 5 1 3 25 11 4 14 14 1 9 17 18 12
16 12 1 9 15 7 2 4 6 1 17 19 4 5 12 1 5 13 17 19
49 39 24 42 46 40 30 24 29 25 41 54 31 23 33 11 23 43 42 59
15 9 7 8 19 16 7 1 8 1 14 12 8 7 7 1 7 11 8 15
11 12 8 11 10 10 6 6 1 1 9 12 3 14 12 1 4 10 14 8
33 34 36 27 39 27 40 10 8 10 40 24 23 38 44 16 38 34 26 37
36 32 14 17 37 19 13 8 16 6 33 32 14 27 26 4 12 24 28 35
10 2 6 8 20 12 8 5 3 1 20 16 1 8 2 1 1 4 12 18
10 15 1 10 23 14 8 1 5 4 16 4 9 16 8 4 6 9 18 15
12 9 6 9 10 13 1 1 4 1 11 10 4 10 11 1 4 5 9 10
18 23 17 5 20 19 15 7 3 3 16 19 12 28 24 8 5 16 20 13
24 16 14 2 17 12 11 7 16 12 27 34 9 20 24 7 3 12 19 23
28 9 22 7 9 10 20 6 6 9 17 18 5 7 15 1 14 26 4 14
40 23 10 28 40 27 16 13 23 12 31 24 23 15 7 5 19 41 27 39
58 46 45 26 20 41 35 28 36 32 45 62 26 42 53 27 12 45 46 47
35 34 22 34 52 40 30 21 35 30 34 25 27 38 22 19 8 34 43 47
45 37 25 21 31 42 12 15 27 15 38 34 18 32 39 11 7 29 33 40
47 27 27 18 41 29 21 19 33 20 43 46 21 29 27 18 6 29 35 44
19 20 14 15 18 22 11 4 7 9 14 11 10 20 18 3 9 16 16 10
36 34 14 11 11 7 15 15 22 19 39 24 5 18 35 15 21 34 26 34
10 7 4 6 10 6 1 5 6 1 16 12 6 6 10 1 1 5 9 12
5 1 1 1 7 2 1 1 1 1 10 8 2 1 2 1 1 3 4 4
20 23 15 7 25 7 26 5 12 11 35 17 11 18 22 8 16 17 19 26
22 16 9 17 23 15 13 14 9 4 31 30 1 11 15 1 9 19 22 24
33 46 10 28 37 27 20 22 29 28 45 32 13 40 40 19 13 29 47 43
56 40 20 43 45 33 34 28 35 32 35 54 32 21 24 15 34 56 40 54
25 25 7 6 31 9 9 1 21 9 17 10 20 18 10 8 8 12 17 29
60 45 31 25 49 23 36 18 22 21 49 53 27 33 43 9 41 52 34 55
14 4 13 8 6 15 11 5 9 9 4 19 13 1 3 3 1 17 7 10
8 4 3 5 8 10 2 1 3 1 9 7 2 4 4 1 1 4 6 7
27 22 1 25 41 20 6 16 19 5 29 13 16 13 5 10 12 30 31 38
21 14 10 2 7 4 14 1 5 2 20 12 1 8 19 1 10 12 5 8
19 9 2 1 8 4 8 1 13 3 28 14 1 1 13 1 7 10 9 17
32 36 19 16 34 18 22 1 22 17 15 21 27 30 20 10 15 23 22 28
23 14 9 3 18 8 11 1 9 4 16 19 8 11 16 2 10 14 8 17
13 7 6 5 16 7 7 5 8 1 19 11 6 8 11 1 7 11 8 15
8 2 5 1 7 5 1 1 1 1 2 8 4 4 5 1 1 4 1 4
4 1 2 4 14 3 5 5 1 1 10 11 4 2 3 1 4 10 8 10
18 28 10 9 14 13 4 2 8 7 16 21 10 22 23 5 3 10 24 16
15 34 19 18 24 11 25 5 14 19 23 5 14 20 21 16 16 21 22 24
18 31 10 15 26 19 14 6 15 14 25 20 13 28 25 10 6 8 30 20
18 32 21 18 31 16 17 7 22 19 14 11 23 33 18 19 5 14 26 24
25 17 9 10 18 15 5 1 13 1 15 14 11 13 15 1 11 14 9 21
14 13 11 13 23 21 8 1 5 5 13 14 8 19 16 1 3 10 12 15
20 7 10 7 15 8 6 7 4 1 15 18 8 8 10 1 12 20 10 16
47 43 43 18 39 33 38 13 19 20 53 53 30 47 51 23 28 37 43 46
32 30 15 24 48 33 35 16 26 16 43 20 22 32 23 23 18 31 33 39
17 25 12 11 15 14 5 5 7 7 15 21 11 22 20 7 3 9 22 11
35 35 10 33 54 28 21 16 33 20 33 20 29 30 10 17 21 36 41 50
22 9 16 8 27 11 10 8 6 4 22 27 9 16 12 1 3 14 13 20
5 9 1 1 23 1 7 1 3 3 6 2 12 11 1 3 4 6 8 13
11 10 6 7 5 9 6 1 1 1 8 8 4 11 10 1 6 8 9 3
30 28 15 13 22 16 6 13 9 2 24 29 15 21 26 7 8 25 26 29
16 10 6 5 16 9 5 1 6 3 12 12 10 8 10 3 8 11 7 14
66 39 31 24 53 36 31 24 41 21 55 59 30 43 41 21 26 52 42 66
10 21 4 19 24 17 3 10 4 7 21 15 7 20 16 3 1 9 27 14
5 25 1 22 31 18 11 13 10 13 25 12 6 24 17 6 1 9 31 20
16 13 8 6 11 13 1 1 9 5 11 18 10 5 10 1 5 10 10 13
8 9 5 9 10 9 6 4 1 1 10 10 3 13 11 1 1 5 12 5
13 7 9 2 13 9 10 1 5 8 6 10 12 9 4 5 5 11 6 4
17 32 20 27 54 21 30 16 31 20 34 13 27 35 18 27 13 27 40 45
55 53 28 22 33 14 36 20 44 37 50 31 30 27 37 30 36 44 31 56
12 23 19 18 25 18 22 4 16 19 12 14 23 23 7 13 3 17 26 19
34 24 24 6 30 21 15 5 14 6 30 36 18 27 31 6 13 16 21 33
2 5 1 1 16 1 6 1 1 3 1 1 9 5 1 3 4 7 6 6
52 55 15 42 62 30 25 22 29 26 42 46 28 43 35 13 31 42 47 56
44 40 31 12 48 24 40 12 22 17 30 38 38 45 36 14 35 42 27 42
34 52 28 37 40 17 37 25 26 30 48 22 19 34 40 22 22 37 39 45
38 20 12 11 36 18 12 6 20 7 17 17 19 21 10 7 14 27 15 30
53 65 27 27 56 38 35 23 42 34 50 38 31 58 52 30 18 41 55 59
15 21 6 4 11 9 2 1 3 1 13 15 6 18 18 1 1 5 16 9
42 28 27 16 41 23 29 7 26 21 20 35 34 33 19 9 21 33 18 37
50 40 20 44 39 43 23 31 27 26 36 39 18 28 32 11 19 49 41 49
21 11 7 20 16 20 3 13 4 7 18 23 4 4 8 1 4 17 20 17
16 18 12 19 44 21 21 9 16 8 33 17 16 27 11 13 6 16 34 32
8 6 5 7 11 10 10 1 1 1 8 9 4 9 6 1 6 9 9 6
32 24 24 12 29 14 27 10 11 7 40 28 11 23 32 5 23 28 19 32
33 25 18 5 15 11 17 3 9 8 28 27 4 19 29 3 13 22 16 21
8 3 3 5 8 5 1 3 1 1 12 13 1 3 6 1 1 6 8 9
35 27 10 11 27 5 18 5 19 11 24 27 19 19 21 3 22 28 16 30
11 13 10 6 23 16 17 1 4 3 22 16 10 18 12 3 9 8 15 13
44 42 36 22 44 12 45 17 32 30 48 36 32 27 35 24 36 42 30 54
44 27 16 23 35 13 26 22 14 16 41 26 11 10 26 11 35 45 20 40
9 10 2 6 7 5 1 3 4 1 13 13 3 6 11 1 1 3 11 9
16 8 14 8 19 19 13 1 8 3 18 24 12 12 13 1 7 11 11 20
28 28 15 6 16 16 11 9 10 6 28 29 11 23 30 9 8 22 26 25
9 6 3 1 16 8 4 1 6 3 13 8 7 5 1 3 1 5 10 11
46 30 30 7 21 21 20 4 22 19 26 31 24 20 27 11 14 31 20 32
35 35 14 18 35 21 22 4 22 15 27 20 24 25 24 8 23 29 22 31
41 36 20 13 32 28 7 14 20 11 37 37 18 30 31 16 3 23 38 38
52 27 31 18 23 27 24 17 29 20 40 29 18 14 28 17 20 39 20 36
33 27 23 20 32 31 27 7 20 16 38 34 21 29 34 5 19 26 29 37
14 8 9 8 11 13 6 4 5 1 11 11 5 11 8 1 1 5 11 8
8 5 5 8 13 8 5 7 3 1 15 15 6 3 4 1 4 10 12 9
23 19 12 5 6 10 1 1 11 7 16 23 5 14 23 5 1 6 13 13
25 23 5 12 21 6 7 6 11 3 22 23 8 15 20 1 10 20 20 25
17 12 12 7 9 13 8 4 4 4 15 17 8 12 12 1 8 12 11 7
58 41 25 36 45 34 31 28 35 30 38 49 36 21 28 19 23 50 39 54
47 35 8 27 46 23 8 16 22 15 32 34 21 21 18 9 20 35 31 44
5 7 1 7 9 7 11 1 1 1 10 7 1 8 7 1 7 9 8 4
58 36 30 14 41 27 24 23 42 28 49 50 27 35 34 24 15 44 38 56
41 29 20 8 29 17 12 6 19 10 20 31 26 24 22 7 15 28 16 31
6 2 1 2 9 4 1 1 3 1 9 2 3 2 2 1 1 3 4 9
19 14 15 9 26 13 23 1 8 4 28 22 14 20 25 1 20 16 17 24
15 3 6 2 11 8 8 1 4 1 11 9 6 1 2 1 12 17 4 11
34 24 24 28 17 28 14 19 18 15 23 39 15 16 23 9 4 26 28 28
50 49 33 27 28 41 19 28 30 29 41 55 29 40 45 24 6 38 51 43
31 14 23 4 14 21 15 7 9 6 18 28 16 16 17 5 3 22 12 16
34 27 9 16 29 10 12 19 13 13 36 37 6 19 30 10 15 29 28 34
4 3 1 1 7 3 1 1 1 1 7 7 3 1 4 1 2 5 2 5
50 38 27 18 21 22 21 25 38 30 38 48 26 34 35 21 9 43 36 47
13 16 18 20 29 23 25 3 2 1 35 24 13 31 29 6 18 13 25 24
19 25 7 10 11 13 1 1 8 4 16 17 4 20 27 1 2 7 18 18
47 23 28 23 35 22 39 17 29 23 32 34 29 12 17 10 27 48 17 44
37 36 34 27 39 15 32 22 23 30 34 26 25 23 24 23 23 43 34 41
35 18 3 18 36 22 18 14 25 8 31 13 21 14 8 16 18 34 22 33
39 37 5 39 43 38 12 30 21 20 46 35 13 26 35 13 22 36 42 47
48 28 22 26 41 30 26 16 37 21 25 28 34 23 7 20 15 41 30 45
21 20 27 12 32 13 38 7 14 16 35 14 19 23 25 16 27 21 16 30
39 48 40 19 48 38 41 21 17 23 47 33 30 52 50 22 30 38 42 44
35 27 16 23 33 31 6 16 13 5 34 26 12 26 21 12 6 27 35 30
21 14 3 12 20 15 6 3 8 1 30 12 4 7 14 1 12 20 15 24
18 1 5 1 10 11 1 1 6 1 9 6 2 1 1 1 1 9 2 12
46 20 21 24 22 34 20 19 33 16 31 33 24 7 18 14 13 39 26 41
3 8 4 9 13 10 9 1 1 1 13 8 1 16 12 1 2 3 12 6
22 14 5 9 22 6 7 6 13 5 18 19 15 8 10 1 13 19 10 25
42 28 10 30 48 33 23 30 29 15 61 46 11 20 30 21 20 36 44 53
17 21 8 22 21 16 3 13 1 3 23 21 4 18 21 1 5 15 25 17
58 43 30 39 47 38 34 30 37 25 66 40 16 27 41 22 23 47 42 56
23 24 21 14 24 19 21 1 13 17 17 14 23 21 15 12 16 24 22 19
55 29 25 9 20 21 18 19 38 26 45 40 21 18 31 18 18 43 27 45
10 10 4 14 25 11 13 10 1 1 24 20 4 10 8 1 9 17 18 18
38 29 35 23 45 33 41 12 33 23 34 34 38 24 19 19 19 38 34 49
67 54 36 35 51 42 39 16 44 31 42 50 40 46 40 14 28 51 43 59
10 7 5 1 16 5 2 1 5 5 5 4 12 6 1 5 3 6 7 13
58 49 44 34 29 45 41 24 35 32 45 46 33 35 46 24 18 45 41 45
30 16 12 8 27 20 5 7 11 1 23 21 9 17 16 5 4 19 17 25
9 5 1 7 13 13 7 3 8 1 16 5 1 6 3 2 3 8 11 11
17 18 2 23 25 21 1 14 4 4 25 18 4 11 14 1 7 18 26 27
5 14 1 12 27 8 6 5 1 3 16 11 11 14 7 3 5 11 19 16
12 16 4 6 16 5 2 2 4 3 13 15 9 12 10 3 2 9 18 15
24 25 10 19 36 20 6 10 9 6 27 19 13 27 21 5 6 18 28 28
28 28 4 16 31 13 4 11 8 9 25 29 10 17 21 6 8 17 30 28
21 40 21 25 34 19 24 12 25 22 34 19 22 32 27 18 12 21 40 32
46 42 26 32 38 17 40 13 31 27 26 26 30 26 20 15 44 47 23 42
13 17 10 2 20 7 7 1 1 1 9 15 9 21 17 1 3 7 9 12
45 33 27 10 24 29 14 16 32 18 47 43 11 39 42 18 5 25 35 42
6 4 1 3 7 2 1 4 3 1 14 12 3 3 8 1 1 3 7 7
14 10 3 5 10 9 2 1 8 1 14 9 2 8 12 1 1 2 6 9
12 8 1 3 21 1 5 4 4 2 19 15 9 3 4 2 6 14 13 18
27 19 9 14 30 13 7 10 8 8 19 23 17 11 9 4 13 27 21 25
13 12 5 13 17 21 3 3 9 3 18 8 4 12 11 1 1 4 14 14
34 15 14 14 30 26 19 11 22 4 37 26 6 17 19 11 11 22 20 31
20 10 8 1 20 2 18 1 6 1 19 9 8 4 10 1 17 20 1 18
40 25 9 15 35 20 9 14 24 14 38 35 18 8 16 8 15 33 28 40
28 31 22 22 52 16 27 8 16 12 29 35 31 35 22 10 21 21 32 44
19 5 6 1 17 5 4 1 5 1 8 8 6 7 6 1 6 9 1 13
45 47 24 27 52 29 30 21 20 17 46 25 23 41 37 13 23 43 40 48
23 15 4 11 12 10 2 6 9 1 27 23 1 8 15 1 3 13 19 22
9 3 3 4 8 6 3 3 5 1 12 7 3 5 6 1 4 7 7 11
8 16 5 13 13 14 2 3 3 3 12 6 4 17 16 1 2 5 14 10
35 31 22 20 38 38 20 10 22 9 42 30 13 36 36 7 12 20 31 35
32 30 14 21 39 15 21 14 13 12 27 21 22 23 17 10 23 33 30 32
47 36 14 26 55 25 23 20 26 15 45 29 21 23 22 18 24 40 39 50
25 13 10 6 15 14 11 1 10 2 23 12 8 4 12 1 17 21 7 19
20 10 8 13 14 11 7 12 6 1 25 24 4 6 12 1 8 18 16 18
27 17 6 18 35 17 16 13 12 1 32 20 12 10 12 1 19 30 21 30
49 50 34 15 47 23 33 25 23 25 51 52 26 43 46 27 20 40 48 49
10 6 6 2 8 8 1 1 5 3 10 12 7 3 5 2 1 5 4 8
22 29 17 17 33 24 19 1 25 18 24 20 20 27 16 11 1 12 28 28
27 36 28 34 57 39 30 19 37 25 43 30 29 42 27 23 8 26 48 50
13 20 10 11 26 19 5 1 12 11 14 10 17 17 8 7 2 8 20 20
39 57 26 34 47 23 20 23 28 29 39 39 30 42 40 27 19 39 56 54
33 28 21 19 29 12 26 10 9 9 29 15 11 20 24 6 25 33 16 28
9 6 5 4 14 4 8 3 5 1 15 10 4 10 10 1 1 5 7 11
54 51 30 25 55 28 40 6 38 29 43 35 34 44 34 11 33 40 36 54
9 6 6 5 3 10 1 1 1 1 5 10 1 8 7 1 1 1 8 1
43 32 9 22 31 15 18 20 16 14 41 34 10 12 32 10 30 40 29 39
63 52 44 33 37 46 33 39 35 34 47 71 35 39 50 30 11 49 54 53
33 30 19 38 54 38 25 19 15 17 37 40 27 31 28 5 27 36 37 47
60 54 36 41 53 46 42 20 48 40 30 37 45 47 34 20 26 52 43 57
47 32 32 37 61 51 43 19 38 22 45 32 40 40 26 23 26 43 44 57
9 12 4 7 23 9 8 1 4 4 6 7 13 12 4 4 8 10 11 12
2 3 1 4 1 4 3 1 1 1 7 1 1 4 5 1 3 6 6 1
40 39 29 7 36 30 18 12 22 17 30 37 29 34 31 18 10 28 36 36
26 11 8 11 26 20 8 6 14 3 22 17 13 8 8 2 11 24 15 23
24 24 12 23 30 24 7 12 13 13 22 26 21 19 16 7 9 22 28 27
7 3 3 2 9 2 6 2 3 1 10 3 4 5 5 1 4 6 5 6
20 11 10 7 18 11 9 7 9 4 23 20 8 10 13 4 7 13 12 16
38 30 32 33 57 41 28 16 27 14 48 44 28 40 30 20 12 26 46 52
14 16 1 3 17 4 9 2 12 8 21 16 7 11 14 6 5 9 15 17
16 24 5 17 23 15 7 9 6 5 27 23 9 13 13 5 6 16 29 21
45 43 28 33 64 27 35 28 38 23 41 32 37 41 21 33 17 49 49 57
15 2 9 8 16 12 9 5 7 5 10 18 13 1 1 1 7 21 7 16
28 26 28 18 21 24 33 8 14 13 40 29 10 21 35 8 26 23 22 28
33 30 18 24 49 27 30 1 19 8 36 30 27 40 29 3 29 25 26 43
15 13 5 10 25 13 4 7 10 7 17 12 15 10 1 7 8 13 18 22
9 9 1 9 14 6 1 5 1 1 13 16 2 5 5 1 1 7 14 9
20 19 12 11 19 14 16 7 9 10 27 11 10 11 13 8 16 21 18 20
64 35 24 32 42 35 35 28 49 27 52 49 26 23 27 23 23 57 39 61
36 34 19 26 30 30 14 10 22 16 23 27 23 31 26 1 15 30 24 33
49 44 24 29 44 36 23 23 19 19 46 30 15 36 38 12 19 44 40 44
30 34 33 17 46 22 30 9 13 11 39 46 30 43 37 20 17 24 42 45
13 13 10 3 9 5 4 4 2 1 12 17 7 13 16 2 5 14 11 11
13 12 10 7 16 9 7 6 1 5 12 17 9 13 12 5 4 8 13 7
29 19 23 8 21 19 23 3 7 5 28 19 7 22 24 3 16 18 11 16
24 34 15 11 35 19 19 8 21 19 30 31 21 33 28 17 13 17 34 35
41 23 2 17 33 23 15 7 30 7 30 22 12 16 14 9 13 29 20 37
11 6 7 3 6 10 3 1 6 3 8 15 4 1 7 1 1 6 4 6
30 36 14 25 36 26 16 15 24 21 38 36 18 24 23 12 7 23 41 37
26 35 16 28 50 19 25 12 29 20 28 13 31 31 13 19 19 34 37 45
27 5 16 4 11 18 4 4 13 5 15 21 7 7 10 1 1 14 6 15
15 15 12 7 16 8 4 8 1 4 11 16 11 17 14 6 3 14 17 12
2 1 1 1 7 1 5 1 1 1 2 1 1 1 1 1 3 6 1 1
2 3 1 3 9 5 5 1 1 1 4 5 1 9 6 1 1 1 4 2
7 11 4 9 8 9 5 1 3 1 7 7 4 11 13 1 4 6 8 5
45 25 22 13 44 26 27 13 32 16 39 33 24 26 19 20 12 31 28 41
13 21 7 9 35 11 19 1 13 9 15 4 19 21 6 9 13 16 18 24
16 18 10 1 14 5 7 1 5 3 11 16 9 18 19 4 2 8 11 8
39 21 14 17 33 24 4 19 12 8 34 35 7 12 23 8 11 28 24 33
51 41 37 18 56 42 30 20 29 18 51 52 35 46 42 22 21 38 48 56
8 8 6 2 10 6 9 1 2 5 6 4 9 6 2 5 7 9 8 4
38 24 26 22 33 32 16 14 15 11 22 32 23 27 19 8 7 31 28 33
6 9 1 8 11 5 3 1 1 1 14 8 1 8 10 1 4 10 11 8
7 1 5 1 7 7 6 1 1 1 8 12 1 4 4 1 1 5 4 2
38 23 21 26 29 19 30 22 22 11 48 19 6 14 27 17 21 35 20 36
10 12 2 4 3 9 2 1 4 1 9 13 2 3 9 1 2 5 8 6
3 8 6 4 20 7 13 1 1 5 7 8 10 13 5 5 6 6 8 7
23 18 3 4 13 5 13 2 12 6 23 15 4 11 19 4 13 19 12 20
39 32 14 32 56 28 28 8 33 13 38 33 27 35 22 7 27 31 36 55
16 20 3 7 31 3 15 1 14 9 11 12 20 16 7 5 12 14 8 24
34 21 18 4 32 13 20 6 15 7 38 27 10 20 25 6 14 22 18 30
29 28 29 13 39 31 22 6 9 9 24 29 26 40 29 12 15 21 28 30
13 14 1 8 21 12 4 1 10 1 22 6 4 7 11 1 7 11 12 21
28 11 7 6 24 8 10 7 13 3 30 24 9 1 11 1 13 24 14 27
39 43 18 35 57 34 26 26 26 21 47 23 17 40 32 17 17 38 49 47
56 48 40 24 30 27 30 18 36 28 48 35 25 28 39 27 21 44 36 50
16 4 4 1 18 5 9 1 6 2 2 8 11 6 2 1 10 16 1 12
10 10 5 7 21 8 6 6 9 7 16 11 11 8 1 7 2 9 18 18
51 21 22 22 47 30 31 21 35 16 44 39 28 16 18 17 19 45 30 50
1 12 1 5 17 5 1 1 1 3 3 1 10 10 1 3 1 4 12 10
8 10 7 12 24 15 12 5 6 1 22 13 7 18 13 1 5 5 16 17
37 32 17 17 34 16 22 9 18 11 22 27 27 29 21 8 23 35 22 34
37 27 16 17 31 24 15 1 18 11 21 16 21 24 19 3 19 28 14 26
15 10 9 6 10 7 3 5 4 1 16 18 2 10 14 1 1 8 10 11
23 4 15 5 8 10 15 3 7 4 19 19 5 5 11 1 7 18 4 9
31 18 13 17 33 25 18 8 18 9 28 23 19 16 14 4 16 29 19 28
41 34 21 24 47 23 24 15 19 20 35 33 22 25 21 15 21 37 34 40
9 1 5 1 8 8 3 1 1 1 1 7 3 3 2 1 2 8 1 3
1 10 1 7 9 8 1 1 1 1 8 5 2 6 7 1 1 1 10 2
48 49 30 31 46 25 34 17 26 23 27 39 40 46 29 18 36 50 40 44
36 38 20 33 41 37 24 24 15 14 45 42 8 38 42 6 15 31 40 37
9 6 5 4 7 6 1 5 5 1 15 15 5 4 9 1 1 6 8 11
35 23 5 26 40 33 14 19 27 7 39 26 15 18 17 16 10 28 31 40
39 30 8 13 27 21 8 17 33 17 39 29 13 23 23 24 2 22 34 37
16 10 10 7 4 14 5 4 8 5 13 19 5 8 12 1 5 10 11 9
58 34 38 27 30 23 42 29 41 28 60 38 22 14 40 29 33 46 21 47
16 9 9 7 14 14 5 3 7 5 8 15 14 6 5 1 10 17 10 12
15 11 14 3 17 10 9 1 8 11 2 12 15 14 6 7 1 8 9 8
4 4 1 3 13 1 4 4 3 1 10 6 7 3 1 1 5 9 8 11
25 32 15 13 30 22 8 5 14 8 26 22 16 29 25 10 5 16 29 29
53 27 17 39 45 42 28 28 41 22 35 36 35 23 12 21 21 51 35 51
53 41 17 26 33 13 25 22 21 21 44 38 15 18 37 11 38 49 27 46
47 25 33 8 35 32 28 11 23 12 26 38 31 26 26 11 14 36 17 39
53 48 28 28 29 37 23 31 45 39 56 47 24 38 45 24 13 45 50 53
7 8 4 8 6 13 1 1 1 1 5 9 1 8 9 1 1 3 7 5
28 22 19 19 32 18 17 17 19 20 23 34 24 14 12 13 6 26 29 33
30 28 25 25 22 33 24 13 24 24 24 25 26 23 22 16 9 25 31 27
23 12 14 11 12 17 6 7 7 3 18 20 4 14 12 1 6 17 15 15
22 19 1 17 37 16 6 9 7 1 27 14 9 17 13 1 9 21 24 28
21 9 7 1 14 6 1 1 8 2 12 16 9 5 10 1 2 8 5 13
39 27 28 1 23 22 19 10 9 8 24 23 21 24 26 12 20 33 19 24
28 24 15 26 43 29 18 17 5 8 36 31 14 25 25 5 22 30 32 35
21 29 22 20 38 9 28 14 14 16 26 23 20 28 17 16 11 25 32 28
7 6 13 10 31 16 21 1 3 1 22 17 17 19 14 5 17 12 14 23
26 13 23 20 13 27 27 13 19 17 15 26 19 10 11 11 5 27 16 23
18 20 16 5 28 15 14 3 1 1 16 22 17 27 21 4 12 18 18 20
26 15 13 7 8 15 5 1 16 9 20 23 6 10 18 4 1 9 12 16
6 5 3 3 9 5 7 3 1 3 10 8 7 4 3 3 7 9 8 4
8 10 5 10 12 12 1 5 1 2 11 15 6 9 8 2 2 9 15 9
25 25 21 17 22 20 16 10 24 22 16 29 29 13 10 15 5 21 28 32
29 24 17 17 16 8 18 13 7 7 33 17 3 12 24 5 16 26 16 20
28 14 13 8 22 15 13 5 18 13 13 23 21 9 10 6 7 20 11 23
51 37 30 14 35 31 20 18 32 18 49 46 19 43 46 21 17 34 38 51
45 56 27 33 46 16 34 28 29 36 46 36 23 34 42 31 29 46 50 53
34 21 21 13 30 17 20 7 24 20 10 22 31 19 8 11 11 24 16 30
25 6 13 11 20 23 15 9 19 12 14 15 16 4 1 10 2 21 13 19
7 1 1 1 6 2 1 1 1 1 8 6 3 1 1 1 5 8 2 10
45 46 18 33 40 37 15 24 23 18 41 42 16 35 41 9 16 40 44 43
48 27 34 16 41 29 28 20 23 18 35 38 29 28 22 19 12 42 33 40
27 21 3 5 19 3 11 1 16 10 14 17 17 13 14 4 17 20 9 23
15 11 8 4 7 12 1 1 2 1 4 7 3 12 8 1 1 2 5 5
51 33 21 25 41 39 12 31 20 17 42 44 20 26 31 22 15 40 39 41
19 16 8 2 20 8 2 4 11 4 20 15 9 15 14 6 1 7 15 18
35 41 25 19 50 13 40 2 28 20 33 23 33 40 25 12 28 31 30 47
27 25 12 6 27 9 8 5 19 13 24 24 18 17 17 11 9 16 24 31
8 7 4 1 21 1 12 3 5 1 15 11 10 7 7 1 11 14 6 16
11 5 8 9 9 15 10 2 4 4 9 15 7 6 4 1 3 12 9 4
9 9 6 9 17 9 1 8 1 6 13 16 10 8 6 6 1 8 16 11
36 34 10 22 34 17 12 18 13 14 40 34 11 20 30 11 18 29 34 34
20 21 6 13 27 9 4 8 3 3 12 17 13 16 11 3 8 19 21 19
20 35 12 11 37 13 16 1 19 14 26 18 20 34 27 11 9 10 29 35
28 12 23 15 20 21 27 14 17 17 24 31 21 11 14 11 6 27 19 23
30 23 11 17 29 15 12 12 8 6 30 23 15 14 17 6 19 30 25 26
38 43 10 23 38 17 15 25 21 25 43 40 15 31 35 22 17 34 46 43
12 7 7 3 10 8 8 1 3 4 14 11 8 6 7 4 8 11 7 5
36 23 37 22 36 39 30 6 15 13 21 37 34 35 27 13 19 30 27 36
16 10 17 6 32 17 19 1 8 8 16 21 23 17 10 5 17 18 13 21
62 56 31 36 50 31 33 17 26 24 41 49 33 40 39 7 33 56 43 52
2 1 3 1 9 1 6 1 1 1 4 5 1 8 6 1 1 1 1 1
29 24 4 3 30 7 6 2 23 9 22 13 15 16 16 10 6 13 17 31
37 30 23 24 31 26 29 10 19 19 22 14 22 24 23 6 25 36 18 29
41 32 25 39 39 44 32 27 40 28 38 35 34 22 14 31 5 41 48 47
54 31 20 11 29 19 6 23 36 19 45 43 15 23 32 19 12 39 32 48
6 1 2 1 6 3 3 1 1 1 1 4 4 1 1 1 6 9 1 5
7 13 1 9 13 10 4 1 4 4 11 9 9 10 10 4 6 9 12 10
24 24 2 7 24 11 4 5 17 7 30 23 6 19 21 5 3 12 23 31
14 18 8 5 14 8 4 1 5 5 9 14 9 15 14 5 1 4 11 8
14 23 13 9 23 15 10 1 2 4 14 19 9 27 19 4 2 9 20 13
41 46 26 35 44 33 24 23 29 31 40 47 24 35 34 20 9 31 50 50
18 18 5 2 13 3 6 5 11 9 19 21 7 14 19 7 3 8 17 13
8 3 2 2 14 5 7 1 1 1 8 6 6 5 3 1 6 9 5 8
36 48 14 39 53 33 34 30 19 29 52 32 18 41 42 20 27 39 50 44
39 24 19 7 20 14 19 4 15 5 28 24 10 16 25 1 21 27 13 25
28 7 10 12 19 23 10 8 15 3 25 12 6 7 10 8 12 24 13 20
56 44 50 28 22 43 41 27 26 29 33 37 31 28 44 26 23 52 32 39
5 1 1 4 10 1 1 4 1 1 11 8 1 1 1 1 2 11 7 11
9 15 10 5 17 6 7 4 7 10 8 8 14 16 7 10 1 5 17 10
16 12 10 10 19 15 9 5 6 4 16 19 9 14 13 1 6 10 13 15
9 8 6 4 8 4 5 1 4 4 9 7 8 10 10 4 5 7 6 5
11 18 1 9 17 10 1 1 5 2 18 10 9 13 14 2 3 6 18 17
30 24 19 26 31 26 15 20 18 20 16 31 28 11 8 13 10 32 32 33
17 13 11 4 16 7 14 1 5 1 16 18 6 15 16 1 7 10 8 10
51 45 48 42 59 45 46 22 30 27 38 57 52 50 38 25 29 48 50 60
11 6 2 7 29 9 10 8 10 4 22 9 8 10 3 7 5 15 15 20
44 24 13 22 38 32 18 7 25 6 23 21 19 24 12 7 13 35 20 33
25 26 8 23 28 23 5 13 15 9 30 29 12 12 20 1 11 25 29 31
43 34 17 37 44 42 23 27 26 24 49 29 15 22 26 12 15 42 43 44
37 26 25 7 12 7 19 9 12 13 27 20 12 11 28 10 24 30 8 22
17 8 3 10 14 12 1 5 4 1 20 16 1 5 7 1 1 8 13 17
36 26 10 16 38 9 18 9 18 10 26 25 22 23 16 4 21 33 19 34
50 39 29 12 32 17 24 26 29 26 58 50 18 35 42 22 16 40 41 47
23 43 23 30 57 13 43 12 32 28 27 27 42 43 19 20 30 37 40 50
50 32 29 30 32 42 15 23 24 14 30 39 24 24 26 12 10 42 36 46
38 44 33 15 36 19 32 9 21 18 39 27 20 36 35 19 15 29 33 39
1 1 1 1 9 1 3 1 1 1 3 1 2 1 1 1 2 5 1 4
30 31 44 25 47 32 36 13 14 17 29 46 38 45 28 21 12 31 42 40
5 5 3 1 7 4 1 2 2 2 11 10 6 3 4 2 1 2 7 6
32 29 23 24 51 32 35 16 33 20 37 25 28 34 15 28 12 31 36 42
42 31 29 9 17 16 23 8 28 25 24 33 24 21 26 17 10 28 23 31
52 28 26 23 21 16 26 25 32 21 56 32 10 7 35 21 28 42 21 47
2 9 1 7 10 6 1 3 1 3 6 4 7 8 3 3 1 4 13 4
60 45 17 18 43 13 25 29 39 28 60 42 22 28 37 21 28 55 39 61
13 6 8 2 16 9 16 1 3 1 20 18 4 11 16 1 12 9 9 17
25 11 16 5 22 18 21 1 7 2 30 15 4 14 19 1 16 19 9 21
4 1 1 1 12 1 3 1 1 1 7 1 1 4 2 1 1 1 1 6
51 47 28 22 45 32 16 21 35 22 54 51 22 49 49 13 14 35 46 59
38 46 33 38 40 36 33 24 38 35 41 49 34 34 31 26 2 33 53 56
35 37 32 12 39 21 34 4 18 17 36 36 28 42 41 17 27 27 33 39
10 7 1 7 8 12 5 1 8 1 14 7 1 6 7 1 5 8 6 9
19 16 3 1 6 1 6 7 15 11 24 19 1 9 19 9 7 18 14 20
36 14 29 11 29 23 30 8 15 15 28 26 22 19 19 7 21 30 14 28
15 5 11 5 9 12 7 1 8 7 11 16 10 5 8 1 4 11 5 6
20 19 16 7 38 10 28 1 12 9 24 19 26 27 20 8 24 20 17 28
24 32 29 21 44 38 24 9 9 6 39 33 24 47 42 13 14 16 36 37
13 6 8 1 12 4 7 1 1 1 8 11 4 10 8 1 5 9 4 6
9 2 3 1 12 5 1 1 2 1 12 14 4 2 3 1 1 5 6 8
14 5 4 6 13 13 2 1 4 1 8 7 5 6 5 1 5 9 6 12
25 34 13 25 46 21 17 13 23 15 33 20 25 24 13 16 14 29 38 43
46 21 21 30 50 42 34 27 35 17 51 45 28 24 21 20 20 43 34 50
30 26 24 6 28 19 22 3 16 14 32 38 18 34 33 12 14 18 25 30
37 38 4 38 46 39 11 30 22 20 49 35 14 28 35 17 18 29 44 44
42 31 26 28 35 35 28 17 24 22 34 28 24 23 27 10 13 38 32 39
11 13 2 8 18 8 8 1 2 3 14 3 11 12 9 3 12 15 14 11
39 38 21 23 37 26 20 3 20 15 13 31 28 37 25 4 18 31 21 31
36 9 20 9 25 17 17 9 13 4 31 29 6 13 16 1 9 29 12 25
56 36 26 30 40 25 33 16 30 18 46 31 18 24 30 9 31 48 23 48
34 30 23 13 31 28 14 6 24 14 22 24 20 29 21 16 3 19 27 27
10 13 4 8 19 12 7 3 8 6 15 8 10 12 3 6 5 10 18 16
31 19 19 13 28 16 16 7 13 9 15 28 19 21 16 1 15 28 13 23
34 30 8 32 39 32 17 23 13 15 39 35 10 20 28 10 24 37 35 36
4 5 1 1 5 1 3 1 3 1 8 7 1 1 7 1 1 2 2 5
50 38 44 32 32 33 45 30 42 40 45 40 38 20 28 33 19 49 39 49
25 13 7 2 15 4 15 7 15 7 36 25 1 14 22 5 8 16 16 24
29 10 10 8 28 11 9 10 10 3 29 18 10 11 13 6 12 24 16 24
31 40 12 29 46 28 20 20 23 17 47 32 12 36 35 8 9 21 42 42
20 2 4 3 11 13 2 1 6 1 13 5 1 4 3 1 5 13 4 13
24 19 20 6 27 16 15 2 4 6 14 22 17 25 13 5 9 23 19 19
33 15 21 2 21 20 12 3 9 5 20 21 15 17 17 6 9 24 12 17
18 15 1 2 12 2 1 4 15 8 19 16 8 6 15 6 6 10 10 23
45 23 30 22 15 23 26 20 23 19 30 43 19 9 28 11 12 38 25 32
19 18 1 17 33 22 2 7 17 3 22 1 11 14 8 6 8 18 22 28
6 3 1 2 7 2 1 1 1 1 4 3 4 3 5 1 6 9 3 7
40 32 6 27 30 30 1 24 23 15 49 39 3 16 30 15 9 27 41 43
48 43 21 26 44 39 26 16 32 23 46 36 12 42 44 12 16 32 35 43
31 40 20 18 51 29 18 15 19 13 38 28 22 43 33 13 5 23 39 45
21 16 4 10 24 17 7 6 16 4 26 14 8 12 10 9 2 12 23 22
35 20 27 20 9 6 29 21 17 18 39 23 9 3 27 16 27 34 8 27
8 8 5 3 13 10 5 1 2 5 4 10 9 10 2 3 1 5 11 3
40 26 23 20 22 35 18 11 29 16 32 36 11 25 31 10 1 19 26 37
28 36 30 15 35 9 29 6 20 20 20 12 26 31 23 18 19 29 24 30
13 14 14 9 14 14 14 1 11 13 10 13 17 13 3 7 4 14 17 14
32 33 5 19 30 17 17 4 23 11 34 11 14 21 27 1 21 26 20 35
25 38 18 20 29 19 10 9 18 14 29 27 19 33 28 14 1 13 38 30
13 12 10 4 11 7 5 3 3 1 11 15 5 13 16 1 3 7 9 9
10 6 1 1 3 1 1 1 5 1 12 13 1 1 9 1 2 5 7 12
6 1 3 2 7 4 1 3 1 1 10 14 3 1 2 1 1 6 7 4
8 5 7 5 16 9 9 1 1 1 7 9 6 8 4 1 4 5 5 9
5 3 1 7 9 3 1 5 2 1 16 12 1 1 3 1 1 4 10 11
16 10 7 5 3 6 11 4 6 1 21 15 1 4 15 1 11 14 10 9
18 7 1 16 26 16 1 11 13 1 23 8 5 4 2 5 6 21 20 27
18 11 12 1 10 9 1 4 7 4 14 20 7 9 15 1 4 8 8 11
24 15 12 5 16 7 13 1 6 2 7 10 12 14 15 2 17 24 5 15
7 5 3 5 9 3 8 4 1 2 14 7 6 5 6 2 8 12 10 4
37 48 13 41 54 38 29 33 26 28 62 49 13 45 53 18 22 36 58 56
11 16 9 5 22 1 20 5 4 9 21 11 10 10 9 7 10 17 17 14
40 45 25 46 63 44 35 31 39 37 42 36 33 38 24 23 14 46 54 59
45 42 24 19 38 19 21 34 31 31 57 54 25 40 45 28 15 40 49 56
24 26 8 21 39 16 21 12 10 5 39 16 8 24 26 1 16 28 25 34
28 10 16 1 11 7 12 2 4 3 20 12 5 7 15 1 17 21 4 16
11 8 1 6 12 7 5 1 8 1 16 10 7 4 8 1 9 12 8 16
44 42 57 19 55 44 47 19 29 30 39 56 52 56 45 34 25 37 45 51
19 10 11 5 19 9 2 5 6 7 11 18 16 10 8 4 7 16 12 14
30 14 1 15 36 14 9 15 22 3 36 22 9 7 12 9 7 25 25 37
31 36 26 19 33 19 23 1 22 21 6 20 34 34 14 13 14 31 23 29
14 11 6 5 7 11 1 2 7 3 13 19 6 5 10 1 1 5 12 8
23 16 10 9 23 7 7 9 7 3 20 26 8 14 18 1 5 15 16 20
40 56 34 26 40 25 28 16 37 36 32 32 31 51 44 27 14 38 48 46
6 2 1 1 7 3 1 1 2 1 8 2 3 3 3 1 1 1 3 4
33 28 13 28 57 33 24 21 26 14 41 27 25 36 19 23 10 28 42 47
8 9 1 5 14 4 1 1 5 1 3 1 9 4 1 1 7 10 4 13
58 42 26 35 29 34 22 32 33 30 37 56 29 17 36 21 17 49 42 52
38 25 22 1 33 18 18 10 15 5 35 37 17 25 30 8 13 26 21 37
30 19 25 9 17 16 26 4 10 9 28 24 9 15 26 3 19 24 10 21
46 39 35 35 26 44 29 24 32 27 33 43 30 31 39 18 12 37 36 41
41 28 22 30 44 39 32 13 32 21 27 29 34 24 15 14 18 39 29 45
47 28 30 33 48 45 35 18 32 17 43 37 33 29 30 14 22 41 36 52
12 15 7 5 16 9 7 1 11 9 15 12 13 11 9 9 4 6 13 14
26 20 26 13 33 19 24 10 21 20 20 32 27 24 17 14 8 19 23 31
19 7 7 4 16 11 7 1 9 1 15 14 4 8 11 1 5 9 5 16
23 35 29 35 40 23 25 25 26 31 22 29 33 27 15 24 13 34 43 35
11 7 12 5 21 12 17 1 8 1 22 20 8 13 15 1 11 9 9 20
5 4 1 8 15 5 11 7 1 1 16 11 4 6 6 1 8 14 11 12
7 5 8 2 10 7 5 1 5 8 6 13 12 4 1 3 1 9 10 6
29 30 6 20 33 14 7 6 13 3 24 23 12 24 21 1 9 19 22 31
49 55 19 30 43 30 24 12 30 25 32 38 29 46 38 9 24 39 42 45
41 25 23 11 12 16 18 17 26 24 37 39 15 17 29 15 13 35 26 32
1 5 1 6 4 7 1 1 1 1 4 1 1 6 4 1 1 2 7 2
20 23 3 21 28 23 8 8 15 11 17 12 12 19 13 1 8 21 20 26
15 10 11 3 4 8 1 1 3 1 9 14 4 12 15 1 1 6 5 7
9 13 2 9 17 10 11 1 3 4 12 4 8 15 9 4 7 9 12 6
7 1 6 3 3 7 2 2 2 2 6 14 4 1 1 1 1 10 5 3
18 32 18 33 54 30 29 18 13 16 37 28 21 46 33 12 15 24 45 42
44 41 24 13 41 17 34 8 29 20 43 23 23 33 37 16 30 32 25 46
5 1 3 2 12 2 13 1 1 1 7 4 3 8 4 1 6 8 2 5
35 25 20 11 35 10 29 9 17 9 43 27 17 20 31 5 28 30 20 40
33 27 15 13 15 22 12 4 18 11 38 18 4 14 29 1 11 19 19 26
10 11 7 10 22 13 9 1 1 1 13 10 7 18 14 1 6 8 12 13
31 21 17 17 29 19 21 15 7 9 40 34 8 11 23 4 20 30 22 28
11 17 1 4 14 8 4 1 8 4 18 14 4 11 11 2 1 1 17 10
7 2 1 1 8 1 1 1 2 1 10 4 1 4 6 1 1 1 1 5
7 5 1 1 7 2 6 1 1 1 8 1 4 4 2 1 5 7 5 1
12 6 7 1 24 5 8 1 2 2 13 10 10 15 8 2 5 4 7 15
26 26 3 14 36 19 9 6 20 8 33 18 14 18 17 9 9 19 30 35
42 21 7 24 36 20 17 18 24 3 41 21 14 12 15 10 20 40 25 40
44 32 21 18 28 41 10 16 26 8 40 35 12 26 33 14 2 26 35 34
11 9 5 1 9 5 1 1 1 1 5 5 3 10 7 1 1 1 5 5
30 17 12 15 28 15 19 9 18 13 16 27 24 11 8 5 13 30 17 27
31 22 15 6 9 16 4 4 16 8 22 27 5 17 25 6 4 12 15 21
38 26 22 12 24 18 16 14 17 13 36 46 10 26 31 9 9 29 27 33
20 8 8 2 1 9 7 1 12 8 17 21 5 2 11 1 4 12 7 10
41 28 25 18 43 33 26 1 20 6 35 33 26 35 30 3 23 29 24 39
13 7 7 6 8 13 9 1 5 4 8 16 8 6 5 1 1 10 7 4
27 19 15 17 35 29 20 7 19 13 29 18 18 21 13 9 10 24 24 28
22 15 17 12 16 18 16 6 9 12 16 19 16 16 12 7 10 19 17 10
9 14 1 7 5 7 1 1 6 2 12 10 1 9 16 1 1 1 11 9
9 10 5 6 11 7 7 6 5 5 16 16 9 6 8 5 7 11 12 10
18 10 9 11 20 20 8 4 9 3 18 13 6 13 9 1 4 13 14 15
39 27 12 26 37 38 12 15 33 15 35 24 17 18 24 8 10 29 28 41
30 23 12 9 31 13 7 9 25 13 31 24 12 18 16 16 1 13 29 34
30 20 12 23 37 35 18 14 27 13 31 27 19 19 9 16 1 23 29 34
24 6 10 2 16 12 6 1 12 4 14 13 12 5 8 1 11 18 3 17
18 30 26 12 37 13 28 5 20 17 21 17 24 37 21 17 9 16 25 29
41 47 27 14 42 26 32 12 16 18 28 20 29 42 35 16 27 39 31 35
23 4 12 7 21 16 8 8 13 5 21 19 5 10 9 4 3 16 11 19
22 12 11 6 25 10 12 5 9 5 13 16 16 14 10 4 13 19 10 18
4 1 10 1 13 10 10 1 1 1 9 12 4 8 4 1 3 1 4 6
36 33 18 13 7 8 16 16 18 17 39 30 1 21 37 13 16 29 26 27
7 12 4 7 16 8 10 4 3 6 14 11 10 9 6 6 9 13 15 9
20 21 5 5 23 5 8 1 7 3 8 14 14 17 11 1 9 14 11 16
4 5 1 6 6 6 1 1 1 1 5 2 3 5 3 1 4 7 8 7
49 48 12 19 47 22 18 12 40 20 33 29 27 41 28 24 10 32 39 51
18 21 14 3 16 13 10 5 3 1 13 19 11 22 21 6 1 12 15 10
24 20 19 20 21 27 15 8 14 14 14 22 17 21 17 7 2 17 21 19
43 28 38 21 29 39 32 19 29 24 31 45 32 29 30 19 7 31 30 36
38 22 16 3 17 12 9 7 25 15 26 32 8 20 24 8 5 21 15 33
10 2 6 1 11 8 3 1 1 1 3 7 4 6 2 1 1 6 4 4
21 15 10 13 21 10 6 11 1 1 16 21 9 13 14 1 10 23 18 19
56 64 24 31 53 38 30 35 30 32 61 56 27 52 56 34 24 46 64 57
8 1 4 1 7 1 8 1 1 1 9 5 4 6 7 1 8 11 1 7
14 5 1 5 17 10 7 7 12 1 22 12 1 5 8 5 4 11 10 18
34 21 12 10 25 17 12 1 13 2 21 10 13 17 16 2 18 25 11 21
4 1 1 1 13 1 1 1 1 1 8 5 5 1 2 1 5 10 3 10
43 28 22 23 26 24 24 8 22 17 27 16 21 18 19 4 24 37 16 35
37 36 33 20 43 31 34 4 12 14 30 26 29 42 35 8 32 33 27 34
27 28 26 36 56 41 29 17 18 17 43 39 31 37 28 11 20 31 43 49
10 10 6 9 23 8 11 7 5 2 24 21 8 14 13 2 4 8 16 19
29 23 17 31 46 35 27 18 10 16 41 42 21 28 26 12 24 32 38 38
31 23 11 12 11 18 3 10 22 15 29 32 10 17 22 8 1 15 25 26
4 6 7 5 12 8 9 1 1 1 6 5 1 16 10 1 2 2 7 7
24 27 19 20 26 27 24 10 11 10 31 21 5 33 34 1 13 18 21 18
15 12 4 7 18 4 3 5 4 1 19 16 6 10 11 1 4 12 13 16
19 5 13 3 18 11 17 1 6 5 15 12 10 7 4 1 9 18 5 11
39 51 13 30 50 32 22 22 44 31 45 26 16 48 40 28 2 24 49 51
29 33 13 24 50 33 18 16 29 17 50 31 19 36 33 17 12 19 44 50
14 23 1 10 21 13 4 1 15 9 23 13 10 14 16 7 3 4 21 21
14 10 2 1 16 1 8 1 9 4 17 17 4 8 13 2 6 10 7 20
33 39 11 33 49 25 29 11 28 22 28 28 23 40 24 5 21 28 32 43
51 39 26 36 39 37 37 26 34 29 56 36 12 29 43 12 24 45 35 51
41 33 49 23 43 44 39 20 19 20 36 56 43 43 40 26 17 36 41 46
16 8 12 4 10 11 5 2 9 10 10 15 14 10 6 5 1 8 10 9
14 9 3 3 20 4 11 2 4 3 15 8 12 9 8 3 13 16 9 13
55 44 31 19 44 26 34 18 25 15 57 49 25 44 50 15 29 45 41 58
55 45 35 12 31 45 24 19 33 24 44 47 29 39 44 21 15 36 39 42
13 12 2 15 19 11 9 6 3 1 27 6 1 9 12 1 7 16 18 18
18 16 10 1 16 5 8 1 7 6 17 22 6 17 18 4 1 3 12 10
14 11 8 7 13 9 7 1 7 1 13 9 6 12 11 1 5 7 9 8
9 1 3 1 10 8 1 1 4 1 9 7 3 1 1 1 1 1 1 6
15 12 6 6 13 10 8 1 1 1 18 4 3 10 10 1 7 11 12 9
44 35 25 30 45 29 37 13 27 25 36 30 30 31 24 9 28 43 28 45
42 41 5 30 51 30 15 27 31 22 53 37 11 29 31 26 12 34 53 53
5 1 1 1 9 3 4 1 5 1 10 2 1 1 1 1 2 4 3 7
8 2 3 1 8 6 2 1 1 1 6 9 1 2 5 1 1 4 2 5
13 7 5 7 12 12 4 5 7 1 18 14 6 6 7 1 4 8 11 12
40 23 9 25 49 27 10 24 16 9 36 29 13 18 14 17 11 31 34 40
17 11 1 1 14 1 2 1 8 1 12 15 8 2 9 1 7 11 8 17
18 13 4 13 18 8 9 5 10 6 11 13 14 12 7 1 15 20 11 20
24 12 7 16 30 17 8 13 8 1 25 22 10 9 9 1 11 22 20 26
40 30 21 12 36 18 15 6 29 18 24 29 29 24 18 11 14 24 20 37
50 22 23 10 28 20 25 12 29 17 42 28 15 13 26 11 20 36 17 39
66 58 29 31 56 40 31 28 40 27 60 55 28 53 51 17 22 53 50 65
42 31 29 17 51 38 24 26 23 11 47 41 25 39 35 22 15 35 40 47
48 48 25 25 48 33 25 18 30 20 36 39 33 44 37 14 25 39 38 50
34 28 9 26 38 33 16 18 22 6 42 20 8 27 27 9 8 30 33 35
45 33 4 26 51 13 20 15 32 18 38 33 25 19 14 9 26 41 34 51
59 38 27 33 53 42 26 23 32 17 37 42 32 37 26 14 20 52 39 54
10 18 6 15 14 15 10 5 5 6 20 7 8 18 19 4 10 12 18 8
6 15 5 1 13 2 5 1 1 3 3 6 7 16 9 3 1 1 9 3
25 23 14 20 32 30 17 9 18 11 34 23 9 27 24 1 5 17 23 27
11 1 1 2 17 7 2 4 6 1 17 9 4 1 1 1 4 12 8 16
28 22 11 20 35 29 11 12 17 6 28 15 10 25 18 12 8 20 27 27
48 34 21 14 31 16 19 20 35 25 51 32 13 20 27 25 11 36 38 45
14 3 13 2 11 8 9 1 1 1 9 19 2 11 9 1 1 11 4 6
47 27 26 13 15 17 21 19 27 24 35 42 15 19 31 15 13 40 28 36
10 16 6 5 16 3 7 5 9 8 15 14 12 13 13 8 4 8 17 14
41 13 9 27 36 32 7 24 19 9 34 29 9 5 10 12 10 36 28 38
23 31 23 22 59 11 41 4 32 25 19 17 42 41 13 16 28 30 28 49
54 41 34 22 27 18 31 22 36 35 44 39 27 23 33 25 23 45 35 50
10 7 5 5 8 10 2 1 3 1 9 13 4 3 6 1 5 9 7 9
18 23 12 2 16 5 5 6 6 5 18 23 13 19 20 8 1 13 22 17
43 29 34 31 34 45 24 21 25 16 37 46 23 29 33 12 3 31 36 45
11 13 4 7 14 10 4 3 5 2 14 18 5 8 10 1 1 4 15 11
19 20 20 15 24 13 30 5 7 6 37 16 10 16 29 5 28 23 15 30
16 3 6 1 12 1 7 2 1 1 17 10 3 5 10 1 10 16 5 12
17 15 2 14 16 11 3 10 3 1 24 23 3 5 12 1 7 17 20 19
43 28 16 23 38 29 26 6 30 15 34 28 19 27 24 1 19 32 21 42
56 47 37 15 52 30 34 24 17 20 55 52 28 36 47 20 31 47 43 54
7 1 5 1 8 6 4 1 2 1 8 9 3 2 3 1 1 4 3 3
14 10 2 8 14 13 5 1 6 1 18 9 5 6 8 1 10 13 10 15
40 56 29 25 32 16 28 18 31 32 47 28 16 39 45 25 18 34 43 47
16 6 13 8 7 15 13 4 7 7 15 18 8 4 8 1 10 17 9 7
23 31 20 21 38 18 28 13 10 14 40 23 14 25 24 11 19 27 30 34
35 28 32 19 43 39 26 12 11 6 44 43 24 41 36 11 15 27 36 37
60 43 38 35 51 33 36 25 31 27 24 54 43 40 22 16 27 56 40 52
39 29 11 24 32 24 7 20 15 18 34 40 17 15 25 12 16 30 32 35
41 41 24 21 40 28 30 13 27 23 49 27 19 30 39 13 27 32 30 44
18 18 1 10 24 12 1 2 13 1 24 12 9 9 14 1 6 12 17 26
50 42 37 38 57 33 44 16 38 33 27 51 49 48 22 17 37 44 39 54
29 23 16 7 44 17 25 8 25 14 39 27 23 22 19 14 19 23 27 42
41 43 11 28 44 16 17 8 26 18 31 34 26 31 21 6 21 32 38 46
48 49 19 30 38 30 25 29 37 34 57 45 15 40 43 20 9 42 52 49
9 5 6 5 9 8 10 1 1 1 5 6 1 10 6 1 5 7 6 1
49 29 9 16 45 16 17 14 33 15 39 32 20 22 17 15 15 36 30 47
28 23 22 2 33 17 13 4 14 10 15 17 21 27 15 15 3 14 20 26
42 49 34 34 49 21 31 22 36 31 27 39 39 38 29 23 18 42 46 50
19 9 14 3 22 10 11 3 5 5 11 18 13 15 11 3 9 15 8 13
38 42 26 32 56 22 26 22 27 21 35 21 28 36 24 23 21 42 46 48
15 3 1 11 18 15 4 11 14 1 25 12 2 1 4 8 3 16 15 21
6 1 5 1 3 6 2 1 1 1 1 7 2 1 1 1 1 6 1 1
17 11 7 4 4 5 7 1 3 1 18 14 1 7 15 1 9 13 9 10
26 17 17 11 30 14 24 7 12 12 22 22 22 12 10 6 20 32 15 22
33 27 20 10 19 21 17 5 9 3 25 25 9 25 31 6 12 22 18 21
37 21 29 11 27 13 34 10 19 16 34 21 20 10 25 11 32 35 2 33
16 13 7 4 13 7 7 1 3 1 6 12 5 13 14 1 8 13 4 10
11 7 8 6 10 11 1 1 1 3 4 13 7 8 4 1 1 6 10 5
34 34 7 30 35 23 13 16 12 10 28 23 11 27 26 1 19 36 30 35
17 7 5 8 23 10 8 5 8 1 13 12 9 7 2 1 9 15 10 20
39 35 18 27 34 21 20 7 17 12 23 32 21 33 22 3 24 37 29 36
8 3 4 1 5 2 6 1 1 1 4 5 1 8 5 1 1 4 1 1
20 6 18 8 14 14 22 7 9 9 19 22 12 6 9 3 11 22 8 10
29 33 12 25 40 20 13 22 10 18 25 29 17 26 23 17 17 28 36 31
21 16 11 1 27 6 19 1 9 7 24 18 15 18 19 6 16 17 13 21
37 31 14 26 48 32 19 20 13 9 47 35 12 31 32 14 18 33 40 41
48 45 21 38 69 40 35 19 40 24 40 33 35 51 24 18 24 39 46 59
28 33 5 32 40 25 15 25 11 17 33 29 14 28 27 16 17 27 38 31
39 33 13 34 54 39 20 26 25 15 48 33 12 33 32 9 13 34 39 48
38 27 12 10 31 25 7 10 18 2 29 23 16 20 22 14 6 26 26 32
39 31 21 17 24 19 29 7 23 21 23 24 25 13 19 9 23 36 19 30
47 41 16 32 37 29 35 25 38 22 59 26 15 21 36 27 25 41 34 48
19 36 16 26 34 22 13 15 14 17 24 21 15 35 24 11 3 17 39 26
27 18 17 7 29 14 17 6 11 7 24 28 17 19 19 5 16 22 15 23
44 46 34 34 65 34 43 6 33 20 37 42 47 54 34 20 37 33 42 58
23 16 11 15 41 12 23 12 7 5 30 22 20 19 14 5 24 29 23 32
29 13 14 13 10 13 8 10 11 7 23 33 6 5 15 1 3 20 16 19
23 38 32 28 58 26 36 3 21 16 25 22 39 50 29 20 23 23 35 47
21 11 14 1 15 12 3 4 3 1 13 17 7 14 12 2 1 9 11 13
42 34 21 20 21 18 24 15 25 18 49 26 8 15 35 14 20 30 23 36
13 6 10 1 24 5 19 1 2 1 18 11 12 13 14 1 18 17 6 15
16 7 1 8 19 2 7 6 5 1 17 14 9 2 4 1 13 22 9 19
38 25 20 11 36 22 22 12 23 10 34 24 17 23 17 19 9 29 27 31
7 3 1 7 9 5 1 4 1 1 11 11 1 2 1 1 1 6 11 7
22 27 9 8 21 9 7 1 8 7 4 13 21 24 14 5 11 19 13 18
33 33 25 32 53 37 28 12 20 9 45 35 25 44 40 8 25 24 34 50
9 15 7 7 20 6 10 4 7 8 13 9 12 18 9 8 3 6 17 11
14 19 10 17 15 16 15 9 6 8 28 9 4 13 18 4 15 20 20 19
39 26 19 24 28 22 29 5 20 14 21 28 23 22 18 1 21 36 18 31
58 41 28 19 37 22 36 13 35 22 52 36 19 32 42 14 35 42 25 54
15 17 10 17 22 16 8 8 1 1 15 16 7 19 16 1 7 14 20 16
10 2 4 1 14 6 3 1 2 1 6 4 4 6 2 1 1 2 3 7
36 35 8 29 49 27 16 15 19 16 36 28 23 21 16 10 24 37 34 43
13 10 8 1 19 8 3 1 9 8 4 9 17 6 1 5 4 10 7 14
11 1 10 5 7 11 7 4 6 6 10 17 7 1 4 1 6 15 7 9
12 10 6 7 16 6 3 5 3 3 12 11 9 11 9 3 5 9 12 13
23 13 10 5 11 13 1 1 9 1 14 17 4 10 15 1 3 8 7 15
9 5 2 1 17 1 3 1 1 1 1 5 7 8 5 1 3 6 1 7
18 14 4 5 26 7 8 1 12 7 8 4 18 12 4 6 11 14 9 20
12 15 7 8 23 10 12 1 8 4 18 15 11 17 16 4 8 9 12 19
7 4 4 4 9 5 7 1 1 1 7 5 4 7 7 1 4 6 5 5
48 30 30 14 43 34 24 23 16 15 44 49 22 29 32 14 16 39 31 40
8 23 13 10 21 6 12 3 12 14 11 10 18 22 10 14 1 6 22 15
12 6 8 7 9 5 1 8 1 1 13 16 5 9 11 1 1 7 11 9
5 3 2 3 6 5 1 1 1 1 4 5 3 4 2 1 1 4 7 5
40 31 22 28 47 27 27 15 9 9 38 43 22 31 32 5 33 38 30 43
52 49 45 19 46 34 41 18 27 27 39 39 39 43 38 24 26 47 38 46
17 1 9 4 11 14 6 1 10 5 13 13 5 5 5 1 1 7 5 10
46 25 25 14 38 32 23 9 23 9 25 31 25 28 20 8 14 37 17 37
34 27 22 8 22 20 11 18 9 5 29 39 15 21 28 10 8 27 27 26
49 40 30 26 29 25 28 18 25 23 31 38 30 20 28 14 21 44 35 41
29 24 13 14 27 12 6 12 9 5 19 22 19 20 15 7 12 27 23 28
30 20 13 17 33 16 15 9 11 4 24 31 14 19 17 1 16 26 18 31
12 23 10 13 31 17 13 3 12 9 23 16 12 25 14 8 1 5 25 23
3 1 1 1 7 1 6 1 1 1 13 6 1 1 3 1 6 10 3 7
18 18 12 8 8 14 1 1 4 1 11 18 7 17 20 3 4 9 13 11
19 11 8 2 11 8 6 1 9 1 16 14 1 12 16 1 2 6 5 11
28 18 14 11 21 12 13 8 7 6 29 23 9 12 15 3 10 22 18 17
47 46 6 28 48 17 15 18 25 21 42 43 18 34 33 11 21 35 40 52
28 27 10 13 33 8 14 6 19 12 21 21 23 21 13 8 16 23 20 32
19 26 19 7 24 11 14 1 10 10 8 14 18 26 13 11 4 15 19 19
57 38 21 10 28 26 17 28 38 19 54 44 15 33 40 31 7 43 40 49
46 38 18 16 34 21 16 19 25 13 52 37 9 35 38 18 9 34 41 41
47 52 24 10 44 34 19 21 35 24 46 36 26 47 45 31 10 32 49 50
9 7 2 12 28 18 7 5 9 1 24 7 2 12 7 3 1 7 16 22
18 9 12 7 11 14 14 4 13 9 13 25 11 3 7 1 1 14 11 15
23 22 15 13 33 21 11 1 9 7 17 15 16 27 17 6 10 13 18 22
42 38 23 26 56 22 40 14 39 24 34 19 35 29 13 26 26 45 33 49
46 29 49 27 29 34 48 18 22 22 44 48 32 27 43 20 28 41 28 44
31 22 8 9 13 13 4 10 19 7 34 27 2 17 24 7 4 19 24 28
45 40 26 36 63 39 27 23 38 26 52 45 30 37 29 25 13 37 55 64
24 22 15 11 12 1 16 10 7 9 29 13 5 8 23 7 18 25 12 20
16 4 1 1 20 4 3 1 8 1 14 4 4 5 7 1 3 9 1 16
44 49 19 27 31 27 15 27 27 29 53 43 13 34 44 19 16 38 51 42
3 5 1 2 10 6 3 1 1 1 7 7 4 4 1 1 2 5 8 4
10 28 15 24 40 18 19 11 14 16 23 15 16 34 14 12 1 12 36 30
36 31 26 31 38 37 29 15 26 22 19 28 28 33 27 7 15 30 25 38
38 19 21 7 33 27 15 8 15 7 22 24 21 23 14 11 7 29 20 28
33 25 15 36 55 38 26 24 20 9 52 26 12 36 32 8 20 33 42 51
42 21 7 33 43 38 17 31 25 15 44 37 14 11 14 20 14 40 36 40
27 17 3 24 41 28 15 16 19 2 38 21 11 15 10 11 9 28 28 36
16 11 7 11 21 14 2 7 9 7 17 17 11 7 1 4 1 11 19 17
20 28 11 15 38 13 18 8 19 14 28 23 20 24 17 12 10 17 31 34
8 3 2 1 9 3 2 1 2 1 9 7 3 4 6 1 1 1 2 3
2 1 1 1 8 3 1 1 2 1 7 1 1 1 1 1 1 1 2 6
41 23 21 15 41 28 20 14 28 10 49 39 19 30 35 21 19 26 33 52
16 15 6 8 34 13 12 5 16 10 16 4 17 18 3 13 5 11 21 25
46 43 21 34 34 41 29 30 43 36 48 47 17 37 42 21 8 38 46 51
26 26 17 26 24 35 14 14 23 21 22 23 20 22 21 10 4 19 25 25
38 24 23 20 40 25 28 12 23 16 38 29 20 20 16 11 12 34 30 40
24 13 14 9 35 20 23 1 9 1 28 11 15 20 18 1 22 21 14 27
4 4 1 1 16 2 6 1 4 2 7 1 6 6 1 2 1 3 4 8
37 22 8 23 41 24 23 23 13 14 42 41 14 17 27 12 28 38 27 39
25 45 26 30 55 26 21 20 13 19 30 30 26 46 32 19 9 28 48 45
44 27 31 22 33 38 25 13 20 10 37 40 20 27 32 6 11 35 29 40
17 7 15 5 18 10 22 1 4 4 20 10 6 13 14 1 16 17 6 14
17 11 7 8 20 10 2 9 9 7 22 22 11 6 5 5 1 12 17 19
57 62 29 28 41 28 20 14 42 37 33 50 37 53 41 21 21 40 49 53
31 24 10 2 18 10 9 3 17 11 29 25 7 19 21 8 5 15 21 23
32 28 25 19 27 16 28 11 11 13 39 20 12 20 31 10 25 30 16 31
10 7 6 8 10 13 3 1 1 1 7 10 5 6 6 1 6 8 9 9
9 1 6 3 13 7 12 1 1 1 9 8 3 8 4 1 7 10 5 7
28 22 7 13 19 13 1 10 11 7 28 31 5 12 19 2 1 14 25 23
13 16 8 17 34 15 13 14 2 6 30 30 11 14 18 5 12 13 25 24
29 22 7 24 31 22 11 17 5 7 32 29 3 16 22 6 16 27 27 28
53 28 31 35 62 33 44 17 28 15 51 40 34 31 23 14 43 55 36 60
11 3 5 1 9 5 1 1 4 1 8 7 4 5 7 1 1 3 1 8
57 30 25 41 36 45 29 37 32 24 53 45 18 7 25 24 23 57 40 52
13 15 11 4 20 2 11 4 6 8 15 14 12 17 9 8 4 12 17 15
14 6 10 9 35 18 15 5 11 2 26 13 13 20 10 9 6 8 21 25
54 61 34 24 43 33 24 19 45 37 39 43 35 53 45 27 13 41 48 57
38 35 13 27 51 22 18 18 20 20 27 26 26 26 15 15 22 32 34 43
9 10 6 6 11 11 1 1 1 4 10 12 8 9 7 4 3 6 11 7
