1000 20 13 1641
2 14 23 13 13 0 1 9 9 7 3 7 14
0 3 3 9 23 19 2 10 1 11 3 2 12
7 10 9 3 7 16 11 14 11 4 21 2 10
10 3 8 19 15 2 10 11 14 1 20 2 3
3 4 1 3 2 6 5 1 4 1 6 3 4
8 14 0 2 12 5 8 3 21 3 1 8 9
3 7 9 0 6 11 0 1 4 5 1 3 3
6 3 4 3 1 6 4 1 0 2 1 3 4
12 12 13 18 2 4 3 2 10 0 10 14 17
2 0 17 1 5 4 2 5 5 12 3 12 2
5 0 0 7 2 5 3 14 4 0 7 5 6
3 6 6 0 12 3 1 2 1 3 1 3 4
11 3 1 11 10 2 3 1 10 4 14 19 1
7 6 20 12 8 12 10 12 7 6 1 5 13
5 5 3 9 4 1 4 4 6 3 6 1 5
12 15 9 9 14 19 6 5 9 8 5 15 6
3 2 11 8 4 0 3 10 0 1 7 9 3
0 4 5 12 12 4 5 8 2 5 4 3 1
15 8 11 1 5 14 2 5 16 3 11 21 8
0 3 5 3 8 1 2 1 1 2 6 4 5
5 23 7 8 5 4 4 12 6 10 12 7 17
15 13 24 10 3 2 2 0 2 0 9 7 7
8 2 0 0 6 5 7 12 12 29 10 6 8
3 2 0 2 5 5 0 1 7 1 2 2 2
9 2 2 0 7 3 10 2 9 1 0 5 1
3 3 10 3 0 9 3 1 6 2 1 5 0
4 11 4 9 5 5 4 1 7 2 14 12 4
4 4 3 3 7 2 1 1 0 1 1 1 2
0 3 4 6 5 1 3 2 10 1 13 0 2
6 0 19 4 10 1 8 6 7 2 10 11 21
3 11 6 0 6 5 9 0 5 11 1 5 2
14 3 3 1 2 0 13 2 0 7 5 3 6
1 0 1 7 2 4 2 9 1 4 5 1 3
1 2 1 2 1 8 3 1 9 3 2 3 1
1 2 6 9 1 3 5 5 15 1 7 2 7
2 8 12 9 3 11 20 0 15 1 12 3 3
10 13 3 9 13 6 3 6 7 3 14 5 19
5 5 9 6 0 2 4 6 5 7 4 2 4
5 1 5 6 4 6 2 5 7 4 16 1 30
1 13 3 4 0 1 2 9 5 6 6 6 3
3 2 1 1 2 12 2 1 3 9 1 5 5
10 10 11 10 6 8 9 21 11 5 9 1 5
11 5 14 4 10 7 13 11 7 4 8 4 23
1 1 3 1 3 6 1 7 1 1 0 1 4
6 16 5 8 6 15 2 2 0 2 5 9 11
12 3 7 13 1 14 5 10 7 8 7 9 0
3 5 19 6 1 2 8 9 9 3 6 16 10
12 4 6 6 4 3 5 8 12 5 3 7 12
4 3 1 17 6 9 5 8 1 4 5 1 4
1 11 2 2 6 2 2 18 4 4 3 6 4
8 2 1 15 16 19 0 1 2 17 5 5 15
6 4 1 4 5 4 2 4 1 4 1 3 1
0 5 3 11 0 2 5 13 5 2 7 0 6
2 1 4 2 1 4 0 2 5 4 1 0 3
0 1 3 0 2 8 1 5 0 1 2 3 1
10 4 1 7 1 15 2 9 7 6 10 4 2
9 5 4 1 10 3 2 19 4 3 5 10 4
8 1 6 14 1 9 0 0 1 2 4 5 13
6 5 3 5 2 13 12 12 7 8 1 0 2
10 10 1 5 5 6 7 1 19 4 6 2 8
10 5 1 7 7 10 3 9 4 5 2 5 5
4 10 0 1 1 5 1 2 10 2 3 10 18
6 8 8 21 12 10 1 9 10 3 8 13 5
7 14 5 1 5 6 12 4 5 8 4 4 0
11 16 13 1 18 4 7 18 2 5 5 2 16
8 3 2 6 13 5 1 6 2 2 4 0 1
1 10 5 2 8 2 4 1 3 3 9 0 3
3 2 4 8 3 4 3 2 4 9 2 1 0
9 9 1 1 4 1 6 5 5 14 2 7 12
10 1 2 4 0 21 12 5 2 17 1 5 9
3 2 3 13 8 7 7 11 23 7 4 12 7
1 11 17 3 9 10 9 3 0 8 8 6 2
9 2 2 6 6 2 7 1 1 1 4 4 10
1 8 1 5 2 2 5 1 4 1 4 4 7
2 0 2 1 1 4 4 6 3 4 2 0 3
11 1 2 8 0 23 2 9 2 1 7 3 6
6 2 8 10 7 21 3 10 1 5 13 14 1
8 3 1 2 12 0 2 13 13 13 2 5 6
3 3 9 2 18 3 13 4 15 1 7 15 1
3 8 10 1 14 4 21 1 9 4 8 5 14
13 1 0 8 9 7 0 19 4 1 20 12 2
3 6 5 6 6 18 6 5 5 10 2 15 17
3 1 1 9 3 2 5 7 1 8 1 8 5
14 4 7 10 2 4 0 7 8 9 2 1 0
2 5 4 0 2 5 5 0 2 2 0 3 7
1 9 0 13 2 1 9 16 7 3 2 2 5
4 3 0 5 3 10 10 8 7 1 8 15 3
1 5 1 12 9 0 4 7 4 12 1 2 1
3 13 7 1 13 15 2 5 17 9 13 5 1
9 3 12 2 6 6 7 7 2 8 4 1 9
2 2 6 0 2 4 2 1 2 2 4 4 1
4 4 8 12 12 7 0 3 13 12 10 2 7
2 4 6 4 4 4 8 5 1 2 9 7 8
5 18 11 5 6 13 1 8 13 6 14 8 6
4 1 0 0 3 1 1 3 5 0 2 2 6
0 0 4 3 7 3 0 2 2 0 9 2 2
4 10 16 7 3 5 7 6 5 20 0 5 4
4 3 2 4 8 4 5 5 8 4 4 8 0
2 2 6 9 9 3 3 5 10 8 6 3 0
6 6 0 1 3 4 12 2 2 1 3 5 1
4 4 6 7 6 3 8 12 8 1 2 11 7
8 20 6 6 7 7 8 5 2 5 2 9 7
1 18 3 15 4 12 2 4 5 13 15 2 8
3 17 8 21 5 2 0 13 14 12 0 16 2
3 10 11 2 13 3 5 4 0 9 4 5 4
1 1 1 1 4 4 3 0 2 7 4 4 4
1 0 4 1 2 1 2 0 7 3 0 2 10
2 10 12 2 6 2 1 17 2 6 4 5 17
2 0 4 0 6 1 5 1 4 6 6 6 1
11 3 2 5 3 7 3 8 6 1 8 12 2
23 5 8 1 7 1 16 0 1 1 15 12 1
9 7 1 4 3 7 4 1 0 3 4 12 4
2 3 4 3 3 3 2 4 4 2 1 3 2
2 3 5 3 3 1 3 0 4 4 5 2 2
10 2 5 0 1 11 2 7 6 1 8 2 5
2 1 3 1 3 7 2 8 2 9 11 15 2
6 1 6 9 8 3 2 3 1 4 11 0 0
3 5 10 1 10 2 2 3 9 7 1 4 7
1 2 4 2 1 10 3 0 6 3 4 1 3
1 1 2 5 6 0 3 3 4 2 2 7 5
2 2 3 2 1 9 1 4 2 1 4 2 4
3 17 3 9 3 9 7 14 1 4 15 8 6
10 7 8 3 21 14 14 2 6 17 1 1 8
11 17 2 5 15 12 7 9 2 21 6 3 4
2 4 0 0 7 0 3 0 1 3 4 1 0
3 0 0 3 4 5 1 4 2 9 1 7 9
2 1 1 4 7 1 1 1 10 11 4 2 12
3 3 14 15 5 5 14 2 1 8 15 15 4
6 4 6 1 0 2 3 4 1 1 5 1 1
1 16 9 7 1 5 7 2 7 6 5 4 11
8 15 13 3 8 18 12 1 3 17 4 3 2
11 6 4 8 3 2 6 3 6 3 6 10 4
4 7 1 5 5 8 4 5 6 4 2 2 3
14 1 12 12 2 9 7 2 10 11 7 17 2
6 2 4 8 12 7 6 5 3 14 5 16 4
8 4 9 1 4 5 7 4 10 7 9 6 10
4 13 12 9 5 6 7 8 0 9 0 3 6
10 4 11 8 12 5 15 3 1 11 7 5 6
6 8 9 10 0 0 12 19 12 11 14 9 7
13 9 11 7 0 3 6 10 2 8 3 3 9
11 7 8 3 1 4 3 10 3 3 23 2 0
9 13 0 2 1 7 11 9 10 14 4 7 1
2 7 4 4 3 7 5 3 11 3 3 8 15
6 4 4 13 9 9 9 13 8 8 3 10 2
7 4 2 2 6 5 1 8 4 4 0 3 0
6 2 4 1 4 2 5 2 1 1 3 0 2
1 7 3 2 3 1 15 5 5 7 2 12 25
10 8 1 1 12 6 0 3 8 3 2 8 0
7 13 4 13 1 11 8 1 7 2 6 20 14
11 11 4 4 2 10 10 1 3 0 6 7 4
2 3 14 9 7 11 7 7 9 13 11 9 10
4 4 1 7 18 7 6 3 17 2 15 15 10
9 2 1 7 10 3 10 22 16 14 8 2 13
1 1 0 0 4 1 7 4 12 2 0 4 2
2 4 0 1 5 3 5 2 5 0 5 3 0
6 6 3 7 3 0 2 1 3 1 7 7 1
2 3 14 5 7 8 6 0 13 5 8 3 4
5 1 5 4 7 5 7 4 1 7 3 5 19
1 9 2 11 9 0 14 2 1 7 3 15 15
5 1 10 6 0 9 3 4 3 3 5 2 7
2 2 5 0 18 4 16 5 0 10 3 1 10
3 1 7 7 8 1 2 9 2 0 5 9 9
6 2 6 9 2 8 0 18 9 1 5 2 14
7 3 1 2 1 4 2 7 0 1 2 3 1
3 4 18 3 6 8 1 17 6 7 9 2 7
13 22 13 7 6 3 15 8 3 12 6 8 7
19 8 13 1 2 2 8 9 7 13 17 4 6
2 1 3 4 5 10 6 0 1 2 11 5 2
14 6 8 3 19 3 10 0 11 0 5 18 2
12 1 3 0 1 1 1 7 4 7 2 4 3
15 6 3 14 15 12 0 4 8 17 6 16 1
6 3 4 3 5 1 4 2 3 8 1 2 3
6 9 3 8 9 3 7 9 11 6 0 1 7
0 9 6 3 2 3 8 7 2 9 5 5 0
3 1 2 2 1 7 7 1 4 3 8 1 3
1 3 5 8 6 4 1 5 1 2 4 4 4
2 3 3 3 8 4 4 1 6 2 8 1 2
6 4 10 7 1 4 1 2 3 9 1 4 3
4 0 7 6 3 4 3 2 0 1 2 9 3
3 6 3 9 6 3 13 7 10 11 10 1 0
11 8 2 3 2 0 13 8 13 10 1 0 3
0 4 3 4 2 4 3 1 5 1 6 5 6
2 3 2 17 1 0 16 3 4 12 12 15 2
11 9 1 2 1 4 0 0 0 14 1 0 2
9 2 5 8 12 9 5 0 3 2 17 10 5
2 3 5 2 11 1 1 5 1 0 4 3 9
2 2 6 7 19 5 0 18 10 6 16 1 5
2 1 0 1 1 19 5 0 2 8 2 6 4
10 18 13 13 8 7 13 1 0 11 6 12 1
2 5 5 5 7 3 1 1 3 2 5 3 8
2 9 8 6 18 8 11 22 13 4 15 2 1
4 2 5 3 1 3 4 6 4 5 7 2 3
9 3 4 13 4 16 2 4 1 4 4 3 1
11 6 8 15 13 3 5 3 5 1 7 7 13
19 6 4 3 5 4 1 12 6 3 14 12 11
3 10 5 4 5 5 1 3 14 7 7 7 13
0 1 2 4 3 3 4 5 4 4 4 0 1
3 10 8 27 12 13 0 1 10 10 8 4 9
4 1 3 3 1 4 5 4 1 5 3 0 4
1 2 8 5 11 17 8 13 1 7 3 2 4
9 1 8 18 2 12 3 3 7 8 17 7 7
1 2 9 3 7 4 2 5 3 1 2 4 1
10 2 7 5 10 1 4 2 8 1 4 7 5
2 5 1 2 2 1 2 3 0 2 7 0 3
2 7 3 5 5 1 3 2 5 12 1 6 5
2 0 7 1 1 2 0 7 1 3 4 1 6
6 1 6 3 2 4 3 1 4 10 1 1 1
8 7 5 2 11 1 9 9 16 14 4 4 2
7 2 7 5 22 6 6 2 5 3 21 2 0
7 7 2 1 1 0 2 2 3 1 2 1 1
13 9 4 13 8 5 17 14 8 6 4 7 7
2 0 4 0 6 7 7 1 3 11 4 13 5
16 4 5 11 2 8 0 3 4 1 0 6 6
5 2 4 9 10 18 6 8 10 11 7 6 6
2 1 5 2 2 7 1 4 3 1 2 5 3
8 3 9 17 5 2 5 9 11 10 12 17 11
11 4 6 1 1 18 12 10 8 8 20 12 5
5 8 9 15 6 9 7 7 4 7 2 8 1
7 1 1 4 1 2 9 2 3 2 10 0 3
1 4 1 2 11 4 6 4 3 5 2 3 0
14 6 7 19 9 3 11 9 4 1 20 15 2
9 6 11 1 2 2 4 21 16 10 10 8 7
0 2 2 4 5 11 4 3 4 5 6 1 1
7 2 1 1 1 2 0 4 2 3 3 0 5
3 12 10 9 9 3 11 1 1 2 10 5 3
4 0 2 0 5 3 1 5 0 2 3 1 5
4 0 4 6 6 8 2 9 6 5 2 4 10
5 4 1 4 3 13 16 5 21 15 12 10 6
3 0 1 5 3 6 5 9 0 10 5 4 1
6 5 3 6 1 2 3 4 3 1 0 5 7
1 2 2 2 9 2 3 3 4 1 0 11 6
9 2 3 2 4 10 1 1 14 5 6 2 8
1 4 1 4 4 5 2 4 7 6 0 4 6
13 9 0 4 6 6 1 10 5 3 2 5 7
2 3 5 3 6 4 0 0 2 0 5 3 0
8 18 8 0 5 9 15 10 7 12 11 3 5
1 5 9 0 3 7 4 3 1 6 7 8 5
1 17 7 20 1 6 1 12 6 10 1 4 6
17 3 13 12 8 6 8 12 0 4 4 6 8
6 5 3 4 3 5 1 1 3 3 5 3 0
2 1 1 1 0 3 3 7 1 0 8 0 6
1 5 4 3 9 4 0 6 14 2 11 2 5
2 11 7 5 16 2 22 8 10 6 4 11 4
6 3 23 1 2 6 2 0 3 2 13 4 7
9 1 2 8 10 2 1 5 4 11 3 12 9
2 3 24 5 11 5 9 1 0 5 8 14 17
13 2 6 8 7 13 0 17 5 0 11 2 8
3 3 2 2 3 2 0 2 6 1 2 2 5
1 5 6 2 3 9 1 8 3 5 7 13 1
0 17 1 0 13 10 2 9 0 1 1 11 0
3 14 1 7 6 13 11 13 0 9 6 7 16
2 1 7 3 3 3 4 1 3 0 3 9 9
13 3 9 6 7 3 1 3 14 17 12 4 12
4 18 2 6 10 1 0 16 5 12 11 6 2
5 4 13 5 2 8 0 16 11 16 8 6 1
1 5 3 3 4 2 5 3 6 6 2 0 3
5 14 1 6 5 2 3 6 2 12 10 3 10
5 6 7 8 7 11 4 3 1 1 0 3 6
0 0 1 2 6 5 5 1 2 1 0 4 2
6 5 3 1 13 7 1 7 5 0 7 18 5
4 4 7 3 4 2 6 16 3 1 5 4 5
8 2 0 9 10 10 0 1 6 5 12 13 9
2 3 4 10 8 10 4 10 2 3 1 2 3
1 12 8 4 12 14 8 4 0 9 11 9 2
1 4 4 3 5 0 2 1 3 4 4 3 2
7 11 6 9 10 2 5 4 1 1 2 17 2
3 8 4 9 4 6 8 13 14 0 4 18 1
6 6 1 3 9 9 3 0 0 0 1 3 1
4 12 1 5 1 3 7 6 12 4 4 7 4
3 4 1 3 0 0 2 1 5 4 4 7 3
8 16 12 10 1 11 15 9 2 7 1 5 3
8 1 4 6 0 3 3 9 3 6 6 2 5
1 2 2 18 9 1 8 1 2 5 1 6 8
2 2 7 1 1 5 3 19 2 6 6 4 6
2 2 19 7 23 2 8 3 8 10 1 7 5
12 0 6 12 11 4 10 3 4 6 8 0 11
9 2 2 9 3 1 8 5 2 7 0 3 3
11 1 9 10 6 6 2 13 16 16 3 6 5
10 0 6 0 15 8 0 7 4 7 1 10 10
6 2 5 7 16 3 4 3 3 6 3 7 1
5 1 5 3 5 7 5 8 4 4 3 2 2
14 12 1 8 7 2 17 2 11 11 0 8 5
14 7 12 3 1 2 11 1 6 21 13 6 9
6 0 10 8 3 1 6 1 2 19 13 17 4
11 15 5 1 3 8 6 29 10 1 4 9 7
1 6 1 1 4 3 8 1 2 2 0 2 1
11 8 6 4 3 5 13 17 15 3 12 7 6
11 12 5 1 24 17 2 2 6 10 0 2 6
5 2 13 7 4 1 1 3 1 9 11 13 7
7 13 5 4 0 0 9 2 4 4 4 1 2
13 12 9 11 10 9 13 1 6 6 2 0 0
2 11 2 7 1 6 1 11 3 8 0 5 7
3 5 10 3 14 13 10 7 16 17 2 4 3
5 6 1 6 7 4 2 7 8 14 2 6 8
4 4 3 1 3 4 4 27 4 16 4 18 5
4 2 1 2 1 0 5 3 1 0 7 1 6
1 13 2 1 0 1 0 1 5 10 3 10 5
2 18 8 12 9 8 7 3 4 13 7 17 9
2 13 8 16 15 8 4 6 3 8 6 5 8
0 5 1 5 1 6 13 9 6 1 12 21 4
2 3 7 3 0 1 4 6 4 0 6 2 4
2 9 9 0 4 6 2 2 4 2 8 9 21
16 5 9 0 17 4 1 3 5 10 12 7 8
6 3 11 4 6 10 3 12 8 8 4 2 12
1 3 6 5 3 15 18 12 7 7 20 1 5
4 11 15 1 5 4 6 15 8 2 8 4 3
7 11 3 3 3 3 7 8 11 0 13 5 6
2 22 6 3 4 12 4 9 4 5 4 6 1
3 1 9 2 4 0 0 1 11 2 5 4 5
4 3 12 12 9 4 2 9 3 1 4 16 0
3 6 4 3 4 6 4 1 1 3 0 4 6
8 10 5 16 3 14 11 18 3 2 1 2 10
3 5 1 8 5 7 6 1 2 5 1 3 3
11 9 7 6 9 0 3 4 6 3 11 3 4
1 5 4 12 4 3 0 5 0 9 12 1 3
2 5 3 2 4 7 8 2 3 2 5 3 0
9 11 9 10 12 16 0 3 12 12 19 0 11
0 1 5 7 2 5 10 9 9 5 5 2 10
3 4 6 2 1 3 5 2 3 6 0 7 6
5 9 19 8 10 11 16 1 4 6 18 11 5
2 0 0 6 0 4 3 8 4 1 3 4 3
8 4 6 1 1 6 6 1 1 0 0 2 5
4 21 12 8 7 8 13 2 10 3 5 8 1
0 0 1 0 10 4 3 3 3 4 1 4 3
8 2 5 4 6 6 3 7 10 1 6 5 9
0 3 4 14 15 4 0 0 6 5 11 6 5
3 2 3 9 0 4 2 1 6 2 1 10 3
4 4 0 3 0 8 1 6 9 0 4 4 1
5 8 6 1 1 8 6 15 5 5 10 1 7
5 1 2 0 2 2 5 7 3 1 2 4 3
1 8 8 0 7 1 4 1 1 6 5 4 3
1 1 3 1 0 2 1 2 7 6 1 3 5
6 1 0 0 3 7 9 26 12 2 20 1 3
0 6 3 8 8 2 12 11 3 11 6 3 18
2 17 13 2 15 5 8 26 2 0 10 3 2
9 8 1 3 14 5 5 10 1 2 3 19 1
7 7 1 2 1 3 4 4 3 1 1 6 0
9 7 1 3 9 2 2 17 2 13 8 1 6
1 7 7 7 5 0 0 2 6 1 3 3 3
5 1 4 2 1 6 3 7 2 5 4 2 3
6 4 1 5 20 0 0 19 7 1 9 7 7
5 4 4 2 14 2 6 0 5 4 7 0 11
7 0 16 2 2 7 15 3 2 3 6 2 4
1 2 1 4 1 0 0 1 2 4 0 2 8
8 4 10 4 4 4 2 3 5 10 7 6 1
21 18 0 19 7 9 0 6 2 9 12 4 1
5 10 3 2 11 4 2 10 9 9 5 5 9
0 1 3 6 15 8 8 11 9 9 12 23 6
5 3 1 6 1 3 1 4 9 4 9 6 3
9 7 0 3 1 8 13 1 1 9 7 6 0
4 0 0 1 4 5 0 11 10 4 5 9 2
4 0 4 0 3 5 6 5 5 3 4 1 13
4 16 13 4 1 4 0 3 19 10 4 6 1
2 4 8 7 3 7 5 6 1 3 2 4 2
11 1 19 0 2 17 12 1 5 13 0 3 3
1 1 1 11 0 5 6 12 4 2 1 11 8
10 5 8 2 7 11 6 4 5 7 4 12 1
3 2 2 5 2 1 9 8 6 1 4 9 7
24 11 4 18 2 3 6 0 1 5 1 12 12
7 1 5 7 5 2 1 0 3 8 2 4 1
0 1 12 10 5 8 20 5 5 10 19 2 8
13 2 9 3 2 0 9 2 22 9 10 2 14
11 1 5 9 4 2 0 7 1 10 1 6 0
4 11 3 1 8 3 7 7 11 12 15 3 15
10 6 8 14 17 1 14 2 2 15 8 8 10
3 6 1 2 6 7 4 4 4 4 7 2 5
2 0 9 9 7 13 0 3 7 16 1 15 12
13 3 11 11 0 5 12 10 7 9 4 7 5
2 16 24 10 9 0 3 4 13 5 3 2 11
3 9 2 6 10 1 9 2 7 2 4 15 4
8 18 7 10 12 2 5 7 11 7 7 0 8
8 4 2 1 0 5 6 8 15 8 3 15 2
1 6 3 3 0 5 1 13 1 1 5 12 2
0 5 1 6 5 11 19 15 5 3 3 10 1
4 11 10 0 28 5 1 7 6 10 12 3 10
5 3 6 1 1 6 0 3 1 3 3 2 4
5 9 18 12 11 13 3 8 11 8 8 0 10
1 5 3 7 7 3 1 8 0 0 3 0 1
2 4 6 3 3 4 6 6 6 10 11 2 6
13 6 7 6 1 1 2 6 4 4 5 1 2
2 4 17 3 1 22 6 4 11 4 6 7 17
4 2 3 8 5 4 5 9 1 4 8 1 6
6 2 8 11 2 15 8 6 6 4 12 15 2
1 2 8 2 5 0 8 9 5 5 1 11 11
9 5 10 4 3 5 7 1 14 12 6 6 8
9 2 10 15 1 1 2 3 12 1 9 2 4
5 1 2 3 6 1 11 21 7 8 21 6 5
9 14 1 8 2 7 3 1 5 7 7 2 8
1 2 2 1 4 4 4 1 10 1 5 4 3
1 11 0 1 3 3 15 6 6 2 2 6 6
7 17 2 1 3 0 5 28 2 10 13 5 2
1 6 1 1 3 1 2 0 5 8 6 1 4
5 3 3 5 2 1 4 5 7 7 3 1 4
3 2 0 1 3 1 5 5 2 1 3 3 4
0 4 10 14 5 16 9 5 11 10 1 8 7
8 9 5 3 1 10 1 6 4 3 11 6 3
1 0 4 2 3 0 1 2 1 5 6 0 3
7 9 9 8 8 9 4 10 0 11 1 1 2
5 6 3 7 5 2 2 2 5 7 5 3 1
2 3 10 7 3 2 9 0 3 2 2 21 4
3 10 1 8 6 2 1 5 8 7 1 8 3
17 1 12 7 0 1 11 3 3 1 11 17 2
5 4 7 4 6 4 1 5 8 9 5 13 11
8 7 4 4 9 1 2 0 3 27 9 10 5
3 1 2 1 4 8 6 7 5 4 12 3 2
1 3 8 1 7 9 2 4 5 5 3 9 7
7 6 3 2 1 12 6 4 0 2 4 3 2
11 16 6 5 8 16 9 2 0 0 16 2 11
1 6 10 6 8 4 5 1 0 8 2 7 7
5 6 4 1 1 3 3 7 1 1 5 4 5
3 0 0 2 0 1 4 2 3 1 4 6 2
7 2 10 11 5 6 21 7 1 10 4 7 8
0 3 11 3 7 8 5 10 6 0 5 3 4
2 4 7 11 3 14 5 2 12 8 9 12 2
1 3 1 16 2 9 3 7 2 7 21 7 2
1 2 2 1 7 6 7 4 2 1 11 8 5
21 3 10 4 7 1 11 10 4 1 7 1 15
19 13 19 9 5 4 3 9 9 10 4 5 6
11 2 8 4 17 11 6 13 3 17 10 4 2
1 9 1 12 1 1 5 3 4 2 1 3 1
3 4 6 4 1 10 2 5 1 2 4 6 8
4 3 0 1 3 1 0 7 3 1 1 5 0
14 4 1 4 10 3 2 13 2 9 15 14 2
11 10 19 1 7 5 3 4 2 6 11 3 8
5 3 11 3 1 9 13 7 6 8 14 26 12
3 2 9 12 6 0 6 4 2 1 1 4 7
17 10 9 2 3 6 3 5 7 0 5 14 7
1 4 5 6 5 1 0 0 5 5 2 0 3
7 1 3 3 5 4 1 1 0 1 0 1 3
7 3 0 6 5 2 1 1 5 4 3 3 4
1 6 16 7 2 18 10 2 20 13 9 7 9
5 5 3 2 3 1 4 10 2 2 1 4 1
5 4 12 5 12 1 11 7 12 11 1 14 3
6 10 10 6 7 4 23 17 8 5 8 11 11
18 0 14 10 13 7 5 13 8 5 2 14 1
2 4 1 9 12 2 13 11 3 1 3 4 13
2 3 0 3 3 0 2 2 4 1 5 8 10
0 2 5 2 2 3 2 5 2 1 3 0 3
2 3 6 7 5 2 2 4 15 7 4 29 16
3 4 7 10 4 8 1 2 4 2 2 7 0
3 11 4 7 6 6 3 3 8 5 3 10 0
2 1 5 5 5 4 0 0 5 0 1 4 1
3 11 2 10 0 0 4 7 2 3 7 1 3
21 5 11 14 0 1 3 13 1 8 6 10 13
6 1 6 2 2 8 5 0 1 2 2 1 1
3 5 2 0 7 4 2 3 2 1 0 8 1
6 16 1 3 7 7 0 8 7 15 20 2 19
3 2 1 5 0 1 0 0 4 3 5 2 3
4 7 10 6 7 2 4 2 6 7 0 10 16
0 0 3 1 4 0 0 2 0 2 8 6 4
7 11 2 6 5 2 0 8 4 1 3 5 4
3 9 15 10 1 18 4 12 10 16 2 7 7
3 1 6 2 1 1 9 16 9 19 2 13 0
4 9 17 11 1 8 8 10 16 2 6 1 18
7 7 10 6 10 7 8 7 10 1 1 0 2
0 3 6 2 1 1 2 3 1 0 3 5 2
0 8 10 15 12 3 10 4 13 7 4 5 10
3 1 6 2 3 4 2 1 4 1 2 1 2
11 5 9 12 5 2 24 15 5 0 12 2 11
2 4 13 7 11 2 8 1 4 1 2 8 10
0 3 3 8 8 5 1 2 9 14 6 10 8
2 0 19 5 1 2 1 8 7 2 13 14 2
3 11 5 13 1 4 10 8 8 1 19 8 4
7 5 1 5 5 4 9 5 12 14 8 8 2
4 1 6 11 2 10 16 2 15 3 3 7 1
5 1 6 7 5 5 0 3 7 6 6 1 5
7 7 3 3 7 9 15 7 6 14 3 9 10
8 0 4 5 4 3 5 4 15 9 1 9 9
5 2 0 7 3 4 4 1 5 2 0 0 3
2 16 3 10 9 19 7 9 1 8 11 16 13
19 21 1 6 14 2 2 4 2 13 6 14 5
2 2 9 2 21 4 1 12 8 10 4 2 5
1 6 2 0 5 12 2 7 6 9 3 12 10
10 4 0 12 3 2 9 4 7 2 15 16 22
4 0 2 9 10 6 4 10 13 12 8 9 1
1 5 7 4 15 9 1 0 4 6 9 6 13
12 14 1 1 2 11 4 3 2 20 6 10 0
2 8 3 4 1 5 5 8 5 3 2 4 3
2 11 7 11 21 3 5 6 1 3 15 3 7
4 14 10 3 9 10 7 5 15 3 13 0 1
0 0 1 5 2 3 6 24 2 7 10 2 3
16 2 5 3 7 2 11 2 20 7 17 8 3
12 3 12 1 20 6 10 1 5 6 3 3 9
1 9 4 5 2 5 1 1 5 2 4 1 2
3 1 6 2 0 8 5 0 0 1 0 1 4
8 13 13 2 8 6 6 3 5 6 2 8 3
3 4 15 9 6 8 7 5 12 10 2 4 2
9 3 0 12 8 12 6 8 10 2 14 7 15
7 12 6 3 6 0 8 7 4 5 4 6 5
12 0 7 5 14 8 9 1 0 9 1 9 5
8 18 7 19 15 4 2 6 1 1 8 2 3
1 8 18 1 14 12 11 11 6 14 1 1 15
6 5 12 2 1 1 4 7 3 1 5 7 6
9 18 8 10 14 2 9 8 5 15 6 7 16
1 10 2 2 8 5 12 1 4 4 2 2 15
4 12 8 8 7 4 14 7 1 6 24 4 10
4 3 1 5 22 9 7 10 2 5 7 8 9
21 1 12 5 5 16 15 7 5 3 9 17 2
4 0 3 10 10 13 6 4 2 6 3 3 10
4 0 2 7 6 6 9 15 7 7 2 13 2
4 17 0 20 0 5 15 2 12 12 14 1 2
1 11 4 3 0 2 6 2 3 2 4 1 0
2 9 6 4 3 5 1 4 11 7 3 2 6
17 4 13 8 1 9 6 7 11 14 4 10 1
4 5 1 14 1 3 11 21 10 9 3 4 1
2 9 15 2 3 8 11 6 3 4 12 19 5
1 1 2 6 1 5 3 8 3 0 8 7 5
7 3 8 2 7 6 6 11 11 10 7 1 0
11 1 10 3 10 1 12 1 1 0 3 15 1
1 10 2 18 9 2 13 11 6 17 0 16 2
2 10 2 2 2 3 4 1 2 4 1 2 1
0 11 4 2 17 5 7 1 7 0 9 11 6
16 2 3 11 2 14 2 6 9 11 8 1 4
5 8 2 9 2 5 4 6 4 1 0 4 1
0 9 2 3 4 1 4 3 1 3 3 10 6
1 5 20 14 1 9 3 9 1 3 10 0 11
23 7 13 11 2 9 10 8 9 8 5 4 6
5 1 4 9 0 17 15 9 16 15 10 8 14
23 8 6 12 4 6 14 10 6 5 13 5 8
4 4 0 17 10 2 16 5 6 13 2 1 19
0 2 0 4 4 2 5 2 6 3 5 1 1
7 2 13 4 7 28 2 2 3 3 11 2 0
7 9 13 10 1 3 2 0 2 10 11 4 2
3 2 7 1 11 1 6 6 4 1 4 19 6
1 2 3 5 1 2 2 2 5 1 1 3 3
3 2 2 4 2 1 6 0 1 1 1 1 5
15 4 5 12 10 4 4 5 2 7 7 4 6
10 6 15 8 12 5 7 2 13 7 2 2 7
18 5 7 6 6 2 10 1 1 12 3 3 21
7 7 6 5 7 16 9 6 5 9 8 7 5
5 3 2 7 5 1 9 9 4 7 9 2 2
15 5 8 6 10 7 3 9 4 6 8 11 21
13 12 12 3 8 4 7 7 6 16 4 12 18
10 4 3 1 4 7 3 1 5 0 3 0 9
5 3 1 5 14 0 5 9 14 15 3 11 3
6 7 0 9 7 13 19 1 9 12 1 2 3
1 6 2 1 3 1 2 1 2 2 1 4 4
8 2 5 4 8 3 0 1 2 7 5 0 3
7 12 7 2 5 8 1 3 3 5 7 11 13
2 2 2 3 2 4 3 2 4 1 2 4 3
5 11 10 2 6 1 16 7 3 1 1 1 12
1 3 8 1 1 2 2 2 4 2 4 3 3
9 5 5 4 2 2 0 5 5 18 21 8 10
7 4 4 1 4 2 1 1 5 9 1 6 1
7 3 5 9 10 1 7 3 3 2 7 11 6
8 16 12 13 5 19 3 5 1 2 16 11 9
4 0 8 0 5 1 2 2 0 6 3 2 1
2 5 5 2 2 11 5 9 1 2 0 0 0
18 8 0 2 1 15 2 7 3 6 14 3 5
6 1 1 0 1 6 0 2 0 4 5 0 7
8 0 15 13 7 9 2 4 0 3 16 1 22
0 1 2 15 8 3 2 2 12 4 9 3 4
16 5 3 5 4 18 9 9 10 12 9 9 0
3 2 2 1 3 3 2 9 1 0 4 3 1
4 2 3 0 1 4 2 2 3 1 2 4 9
9 16 1 13 3 8 8 8 20 19 0 7 0
20 15 9 3 2 17 0 10 1 2 4 17 3
17 12 0 13 9 0 5 14 15 10 1 17 5
1 7 12 9 1 6 6 16 7 12 12 10 11
6 3 9 4 5 10 3 6 3 1 3 1 0
10 14 5 0 8 5 5 3 4 2 9 8 4
2 7 5 5 4 12 11 8 3 0 0 3 10
5 2 15 9 6 5 1 3 12 3 1 8 14
4 0 3 8 7 8 9 5 17 12 4 1 3
21 7 15 6 8 9 2 8 13 0 18 5 4
5 9 4 0 0 7 1 7 7 2 14 6 12
1 25 4 8 4 4 4 2 5 1 5 1 9
10 3 15 5 0 1 4 8 21 2 6 12 1
1 19 20 4 6 1 1 8 4 9 14 7 8
4 6 1 9 7 7 4 8 0 4 7 12 6
6 4 2 0 9 4 4 10 17 7 9 3 3
5 1 2 7 6 6 7 14 1 1 10 4 7
1 6 6 2 1 3 5 0 5 3 3 5 5
5 0 1 12 1 6 0 12 0 4 10 13 7
6 4 16 0 2 5 9 8 2 5 14 5 19
3 3 8 8 1 15 3 15 2 7 1 8 27
14 4 9 9 5 5 6 4 3 4 4 4 2
12 4 1 5 6 16 6 6 10 17 9 5 7
1 5 2 4 1 3 9 1 1 3 7 0 2
3 10 0 5 2 9 24 1 8 12 7 1 6
2 15 2 9 8 7 2 2 10 6 21 13 0
2 17 12 3 4 2 21 4 9 9 2 6 0
5 6 2 2 9 5 6 2 14 2 2 4 3
1 1 3 9 1 3 4 13 9 2 0 7 7
3 2 7 2 3 3 2 4 1 0 1 0 3
5 5 4 11 4 5 8 6 3 14 3 3 9
16 14 6 12 0 0 8 11 11 4 8 12 3
10 12 15 3 0 6 3 4 4 6 13 4 7
9 3 17 8 6 2 1 24 5 7 7 10 10
4 3 2 3 17 8 9 10 14 5 3 2 1
12 5 3 4 5 7 3 13 14 3 5 4 21
6 18 8 7 0 9 4 15 8 0 13 7 20
8 14 18 2 1 4 14 8 2 19 9 13 6
5 4 3 6 6 4 1 0 0 1 2 1 3
2 4 2 1 2 7 5 3 10 0 2 1 7
5 7 3 2 7 7 4 4 7 7 6 1 3
1 4 6 9 3 3 3 4 9 6 15 4 5
7 1 2 11 3 3 3 4 8 15 1 24 7
1 6 6 9 13 16 1 17 1 4 19 5 11
17 10 7 8 3 3 3 0 6 5 1 9 9
2 3 2 15 3 5 10 1 8 2 6 10 3
8 3 2 3 21 12 3 8 1 19 6 8 12
4 1 1 2 3 1 0 5 1 6 0 3 3
4 0 7 4 3 9 6 2 3 1 2 1 1
9 0 4 3 1 3 4 7 9 2 0 1 3
5 3 2 1 1 2 1 1 1 8 2 7 1
2 12 5 10 9 4 13 12 7 8 8 8 3
4 20 11 2 3 1 4 6 9 7 20 9 13
3 5 6 0 2 5 1 2 1 2 3 3 1
2 1 0 8 2 1 6 0 3 8 2 5 3
4 5 3 13 1 6 7 14 6 5 12 13 6
8 6 1 3 2 1 5 4 0 0 5 3 2
0 8 3 1 3 1 5 3 4 6 5 1 3
4 3 2 5 4 2 3 0 3 5 5 4 3
5 5 8 12 3 2 3 4 3 1 13 1 12
12 10 15 19 2 5 13 4 15 1 10 7 10
2 3 2 5 7 2 6 3 3 1 9 2 11
5 0 6 4 1 2 2 1 2 7 4 2 2
3 2 4 3 17 5 16 12 16 0 7 15 1
12 2 4 3 3 2 6 5 5 3 7 10 16
5 3 13 3 1 6 0 1 1 5 1 1 0
8 12 1 5 7 4 3 2 7 1 7 3 4
5 1 10 12 0 6 16 0 1 3 1 1 3
5 1 0 3 5 0 0 10 12 12 6 8 8
13 5 8 2 4 4 11 8 11 9 6 4 12
1 10 8 3 10 7 7 1 8 8 0 5 1
1 0 8 12 12 5 8 7 9 2 5 4 1
0 2 1 1 3 6 1 1 4 4 2 3 8
5 8 1 0 9 14 7 6 8 2 5 2 1
5 12 14 11 10 1 4 3 10 10 19 0 6
9 3 2 11 10 1 4 1 11 2 4 8 2
5 4 2 1 5 5 8 0 5 5 2 2 1
5 12 5 5 4 8 5 7 2 7 3 8 2
7 8 2 15 21 6 4 5 2 13 7 2 4
12 13 13 1 8 1 9 7 2 3 8 10 4
0 9 3 3 0 5 5 9 3 13 3 1 2
9 8 10 4 5 4 2 1 5 1 2 2 8
1 4 3 7 3 1 2 3 13 11 1 3 1
5 11 9 16 18 1 6 16 12 1 11 10 2
1 4 1 1 16 15 1 7 1 1 14 5 2
3 2 10 4 8 2 13 5 11 7 7 7 14
1 24 8 14 4 14 9 12 4 3 12 7 3
0 11 1 2 1 8 6 7 8 1 2 11 6
9 2 6 13 1 5 8 2 0 0 12 5 4
2 7 7 10 3 1 10 6 8 18 1 2 5
10 6 1 2 8 0 11 1 11 15 6 3 5
5 2 1 1 2 7 8 9 7 7 5 0 1
4 7 0 8 1 11 10 10 3 5 15 1 17
7 7 4 5 1 21 2 3 3 7 4 5 9
6 1 5 3 4 3 1 5 2 0 5 3 1
2 7 2 7 24 6 17 11 10 9 6 3 11
7 9 1 2 14 8 0 6 0 2 1 5 2
2 0 1 2 1 1 0 2 3 6 6 0 3
19 17 15 4 2 1 6 16 12 7 3 6 1
2 17 11 8 0 13 8 4 10 12 9 15 11
5 5 10 7 0 3 10 21 5 5 6 4 11
3 5 3 5 5 2 1 2 2 2 1 1 1
7 7 2 7 5 15 13 6 17 13 8 9 9
6 11 3 5 3 4 3 3 3 4 0 0 1
0 6 5 0 3 1 2 1 1 1 7 9 1
6 3 1 7 2 5 4 2 4 1 7 6 6
3 16 2 16 2 6 6 8 12 2 1 3 6
2 6 4 5 2 6 11 4 6 5 0 4 6
5 2 0 0 2 1 4 1 1 5 6 2 3
3 2 2 4 1 9 3 1 6 4 4 3 1
7 4 16 13 18 9 4 6 1 10 9 3 3
1 4 14 3 7 6 2 10 3 5 5 0 1
3 9 8 16 0 1 5 1 6 11 10 24 5
7 16 3 8 2 2 5 0 8 17 10 9 1
1 3 10 2 14 3 1 3 5 6 1 5 5
1 1 1 1 10 8 14 7 11 2 3 4 4
4 7 6 5 6 1 15 7 14 3 2 4 7
9 2 1 3 22 6 15 10 8 9 9 15 3
7 2 2 4 2 6 8 2 2 2 5 1 5
9 1 7 5 2 8 0 11 1 15 5 5 2
12 9 29 8 13 4 4 2 10 7 5 2 6
2 3 3 9 6 15 7 1 1 6 11 16 5
15 12 6 7 7 2 1 3 10 3 12 14 18
6 13 2 10 2 7 15 3 3 5 2 13 5
4 2 1 5 3 1 3 6 1 3 2 1 2
25 3 24 8 9 6 4 1 1 0 10 5 6
6 4 2 5 4 3 4 7 2 10 2 10 11
4 10 2 3 13 15 21 13 11 4 4 2 8
0 2 10 6 4 1 5 8 7 1 3 1 16
3 7 10 8 2 6 13 2 14 7 7 8 15
19 12 6 3 2 17 10 10 4 8 12 11 15
0 0 10 2 7 0 3 2 11 1 6 8 6
1 0 6 1 2 0 5 1 4 5 7 0 0
8 14 4 5 19 11 3 2 5 10 5 0 1
9 10 7 8 7 1 6 4 6 8 2 1 10
3 1 2 4 5 3 0 3 1 6 1 2 5
2 4 12 16 4 15 6 9 5 11 12 8 0
8 7 1 2 19 7 2 5 1 17 10 4 7
8 1 0 5 3 1 1 2 6 4 10 16 2
13 3 4 7 12 11 22 9 4 7 2 2 2
9 21 10 0 4 8 21 1 8 6 10 3 13
8 2 4 6 7 8 1 4 1 7 3 6 2
3 12 8 6 2 4 1 7 1 6 3 6 14
6 6 3 5 3 9 7 2 2 3 8 9 0
1 5 4 3 7 6 5 6 4 2 0 6 6
8 3 2 3 1 1 1 7 5 4 2 2 1
8 4 13 6 1 9 5 6 5 13 6 17 6
0 3 7 0 7 17 3 2 4 6 26 8 10
0 6 1 0 3 5 7 7 11 0 2 16 17
6 3 3 17 6 4 6 6 2 18 5 8 11
5 11 6 17 11 2 8 1 4 6 4 1 7
20 4 10 8 1 11 0 9 6 14 11 1 16
3 0 2 7 2 6 1 1 4 6 6 1 12
16 5 1 4 1 9 13 4 1 0 1 7 4
11 13 7 8 8 9 6 6 3 13 0 1 5
3 4 2 9 7 2 0 3 2 14 2 8 2
1 4 2 7 3 6 9 3 13 13 3 4 0
4 19 13 5 2 17 9 14 2 12 3 8 6
0 3 22 4 14 0 2 18 18 7 4 8 8
15 15 1 8 5 7 11 2 3 16 7 17 8
11 7 9 12 3 4 6 22 13 14 3 8 5
1 8 4 6 5 6 9 19 1 12 20 4 2
5 5 3 2 10 5 6 3 14 4 18 5 13
8 6 0 0 3 1 4 8 1 2 7 4 11
3 2 2 3 3 1 6 6 2 7 1 4 0
4 2 4 11 3 0 4 9 2 6 6 11 1
3 1 2 2 3 9 1 3 2 3 8 1 2
4 10 6 5 8 6 10 12 2 1 2 2 6
4 9 4 4 0 4 4 6 2 2 11 7 6
10 3 0 9 3 6 2 4 8 0 2 12 9
5 0 5 2 0 3 3 1 3 12 2 6 14
2 0 1 6 0 5 2 8 7 3 6 1 2
4 11 2 4 8 9 9 13 23 10 19 8 4
11 8 5 3 20 4 3 4 3 5 4 2 4
3 2 2 3 3 0 3 0 2 1 0 8 1
5 3 2 3 6 6 1 1 1 12 5 2 9
1 3 11 4 2 3 5 7 1 7 15 10 0
0 10 10 5 2 2 10 10 11 14 7 10 4
2 1 7 4 2 3 3 1 6 9 2 1 4
8 4 15 7 4 5 22 7 2 6 11 4 8
7 3 4 1 16 9 3 2 7 1 2 5 4
2 6 7 2 11 3 6 5 15 15 6 6 8
0 6 1 4 13 16 7 3 2 6 7 1 7
2 10 3 12 6 7 0 5 1 6 2 0 10
5 2 15 7 11 17 8 13 11 5 2 7 8
2 0 8 5 4 6 10 12 6 3 4 8 1
15 7 1 3 7 5 2 3 14 12 8 5 2
4 2 14 6 3 4 8 2 2 7 11 1 9
6 5 0 3 4 2 0 13 4 3 9 8 5
11 10 20 3 22 8 2 9 8 3 10 2 9
3 10 2 12 3 2 5 4 7 11 3 4 3
2 15 2 21 0 16 10 15 9 13 1 0 8
9 1 8 2 14 1 16 1 12 17 1 16 8
3 1 7 5 2 1 6 2 6 3 1 1 1
5 5 4 0 6 3 4 7 4 6 7 10 0
16 6 6 3 14 2 11 2 23 8 3 4 6
3 6 3 6 5 4 2 3 5 4 2 4 0
6 12 10 21 6 3 2 0 7 1 7 4 23
5 2 2 6 8 6 9 5 11 1 6 4 0
7 1 0 6 6 4 2 8 1 2 3 10 3
3 0 6 2 3 7 1 3 7 3 2 3 3
9 7 14 20 11 15 0 10 8 8 5 8 7
5 6 3 10 12 3 1 4 6 2 0 2 1
0 7 9 4 1 1 4 5 3 5 2 1 10
0 8 8 6 7 6 2 6 11 9 0 3 2
2 9 3 7 4 8 4 5 5 3 1 1 7
0 6 3 5 3 4 6 11 13 2 7 0 4
7 3 7 3 4 3 3 1 2 1 5 7 5
4 7 4 0 2 1 1 2 3 3 0 7 1
0 9 11 16 10 5 3 10 7 5 18 7 12
2 0 11 0 1 2 7 9 3 3 10 9 1
7 13 8 6 0 4 12 4 16 7 8 4 1
13 3 1 1 7 3 6 4 9 10 9 3 4
1 2 3 2 4 6 2 0 6 1 1 2 1
1 6 0 4 1 9 5 5 7 2 2 0 2
1 1 11 2 3 9 4 3 0 3 8 13 5
11 1 5 10 7 14 20 4 20 12 5 5 3
0 11 7 3 8 7 12 9 4 1 0 4 1
3 5 0 1 2 4 1 4 2 7 5 2 1
0 0 5 5 8 6 5 6 4 1 3 4 7
11 9 5 11 5 5 8 0 17 12 3 9 8
4 7 9 14 6 2 1 5 0 7 8 4 2
4 8 4 2 10 8 7 5 11 9 14 2 3
6 0 2 2 2 8 2 2 3 5 3 1 1
0 5 0 0 0 2 1 0 0 12 4 8 9
8 11 2 14 5 8 7 3 2 0 7 0 0
5 2 3 3 7 7 5 10 3 1 5 4 3
12 15 11 7 7 18 3 12 3 5 9 8 0
11 1 6 15 9 3 3 8 16 4 1 17 7
2 4 3 0 2 1 8 9 2 3 2 18 1
4 12 8 3 7 1 4 3 12 7 3 3 6
16 7 6 12 3 6 11 7 15 12 5 1 0
2 9 0 3 11 7 4 0 6 10 3 1 4
1 2 2 6 2 2 7 3 3 6 2 2 6
0 2 3 5 1 1 1 1 5 1 4 2 4
8 4 3 10 5 7 3 4 1 2 1 6 0
7 1 1 0 8 13 0 8 6 0 1 2 1
4 13 6 19 7 7 19 14 0 1 0 14 4
0 2 9 1 1 0 4 5 2 8 7 5 5
1 5 1 4 4 2 6 0 3 2 0 3 3
3 3 4 5 2 7 2 1 0 1 2 7 1
2 7 6 2 1 1 3 1 0 3 1 1 2
4 13 8 15 2 19 8 12 4 0 14 2 10
1 2 6 27 0 8 1 6 6 9 8 5 7
5 4 17 12 4 13 17 5 2 0 4 11 11
4 7 10 1 2 2 5 9 11 17 6 0 2
9 5 14 4 2 4 7 4 9 8 12 8 22
0 0 9 3 9 12 8 15 9 3 0 3 8
2 4 7 1 26 0 1 10 10 7 16 1 6
1 2 5 3 2 2 4 6 4 5 3 2 1
6 5 5 3 2 5 0 7 9 6 5 4 2
5 6 9 4 3 1 3 10 3 10 1 6 3
8 5 11 2 6 15 7 9 5 13 11 14 0
7 4 1 0 6 1 0 1 0 0 3 1 5
15 5 15 9 2 14 8 8 5 4 4 11 10
9 7 4 2 8 2 1 9 7 8 16 3 14
4 20 12 11 8 16 5 2 16 0 7 11 5
1 5 1 3 5 12 7 1 3 0 9 0 8
10 13 18 13 13 13 6 5 3 7 12 10 6
10 13 16 2 4 5 2 3 1 3 17 12 0
6 5 11 20 9 2 2 22 8 2 11 12 6
2 5 3 6 3 1 4 6 5 17 6 4 12
7 0 3 1 7 1 2 3 1 1 2 1 1
7 1 4 3 1 0 4 1 1 10 6 4 7
8 7 7 3 4 11 1 5 2 9 3 7 3
7 1 1 0 1 1 10 5 4 2 4 5 1
1 1 1 5 4 7 3 0 0 2 2 5 9
8 8 6 6 0 3 4 3 1 2 0 1 2
0 0 7 7 7 6 1 7 4 2 8 8 5
16 2 5 5 5 13 5 2 11 1 12 6 7
4 6 6 5 18 3 3 15 2 12 10 9 8
6 1 2 7 0 3 7 11 7 5 1 0 2
3 6 4 2 3 2 1 5 5 2 2 1 8
0 3 2 3 2 5 3 10 0 15 5 1 1
0 9 6 9 9 2 9 4 0 2 16 15 2
1 7 1 4 0 3 9 4 8 9 2 8 1
2 1 1 7 1 5 3 8 3 0 2 4 4
2 1 3 4 7 9 5 1 2 2 3 3 8
5 1 3 20 2 1 22 12 4 1 3 4 4
20 17 8 10 4 15 10 10 3 8 2 8 7
4 5 2 0 7 3 6 3 3 7 7 4 12
9 2 6 6 25 1 3 2 1 4 11 18 7
12 13 1 0 1 11 3 9 3 1 10 14 1
3 2 7 3 3 13 6 9 8 5 5 2 2
11 11 14 8 1 4 8 4 2 2 3 2 15
0 9 8 4 12 2 7 13 6 2 3 1 14
0 1 2 0 5 10 11 7 11 4 6 2 6
4 1 8 5 8 8 9 3 10 22 7 2 5
13 10 7 11 14 6 14 2 8 5 4 21 3
4 15 22 3 2 1 6 3 4 6 13 2 2
11 4 0 12 5 3 6 9 12 14 11 17 19
8 0 2 4 8 4 11 12 0 8 6 10 1
3 1 2 3 0 1 1 4 2 0 3 4 8
8 12 2 6 4 14 13 5 6 6 5 4 2
0 1 0 3 7 7 2 5 7 1 3 15 5
0 13 2 13 9 9 16 5 2 0 7 17 0
16 6 4 9 5 3 1 4 10 4 5 8 4
1 3 1 1 3 11 14 6 2 5 13 9 1
2 6 0 4 3 14 4 9 14 5 12 12 3
12 16 18 4 1 1 11 2 10 13 11 2 9
8 5 7 2 3 1 4 11 4 1 0 4 0
11 10 3 2 8 2 1 11 13 6 4 11 8
2 7 4 4 1 5 10 17 3 2 4 3 6
9 4 9 12 2 12 3 12 3 10 3 14 5
1 1 2 4 2 8 3 3 1 2 1 2 0
4 7 27 1 10 4 2 18 9 12 4 4 2
0 9 11 4 11 7 9 13 0 26 6 4 5
15 1 3 5 2 4 14 15 5 11 3 11 1
5 5 9 1 4 1 9 1 5 5 10 5 3
4 4 17 7 3 7 5 1 4 7 19 5 7
0 0 5 1 6 3 0 3 8 2 2 0 5
9 14 2 3 17 6 4 11 11 8 7 10 0
4 3 4 3 10 11 0 7 1 8 2 5 5
1 3 3 2 6 4 2 3 2 1 1 4 3
3 0 6 7 9 3 2 7 11 17 4 8 5
6 2 5 7 5 3 3 3 2 1 5 19 8
3 3 1 3 10 2 5 3 3 1 2 1 8
2 8 0 9 5 3 2 4 5 3 2 4 7
2 1 9 6 6 6 9 4 7 12 2 1 3
10 6 1 5 17 12 15 7 9 6 9 5 2
3 2 6 5 1 1 2 9 2 3 9 10 10
31 12 7 6 7 4 7 10 4 1 4 11 7
2 8 10 1 8 12 14 6 21 5 4 5 17
0 0 3 0 2 0 2 8 4 2 2 1 5
4 2 12 6 4 13 20 0 11 12 1 10 5
6 6 5 2 8 3 3 5 5 0 3 3 0
16 6 5 4 4 5 7 6 24 1 4 23 5
5 8 8 10 11 26 7 14 7 10 0 11 7
1 1 2 2 3 7 3 16 5 2 1 10 2
0 1 18 1 7 0 8 5 12 8 21 7 14
3 1 5 14 6 2 3 1 4 8 5 5 6
5 4 10 5 6 6 1 0 4 0 7 5 6
9 7 2 0 7 2 5 1 6 1 1 1 1
8 9 2 2 0 4 9 7 2 3 4 4 1
15 10 7 16 9 3 5 16 10 14 4 8 9
2 4 0 9 6 3 4 2 1 11 8 5 3
14 6 5 7 7 5 10 3 6 6 6 8 5
10 12 4 4 3 1 4 1 13 10 6 4 3
11 1 1 2 21 3 10 6 5 5 5 3 16
1 5 6 10 11 6 7 4 15 5 14 17 16
0 1 2 5 3 3 1 5 6 5 9 0 1
8 6 2 8 4 4 4 7 10 5 4 2 3
6 17 3 4 5 18 4 3 1 6 4 1 4
10 13 6 9 4 5 8 7 9 26 7 7 0
4 7 5 17 11 2 0 4 1 5 2 20 7
4 1 6 3 4 0 8 4 1 5 4 3 1
0 5 5 2 1 1 4 1 2 1 3 2 3
10 13 8 1 2 8 22 1 8 9 1 11 9
5 9 5 11 22 1 7 11 7 5 8 5 3
2 16 12 0 0 4 7 5 17 13 6 14 11
5 9 11 4 3 0 5 3 19 0 12 3 12
6 1 0 6 13 3 8 1 10 16 4 3 12
8 0 6 1 2 11 2 8 9 12 16 1 4
9 16 5 5 0 11 4 7 1 0 4 9 2
8 3 17 4 4 12 18 3 5 13 12 4 5
2 1 6 4 4 13 5 13 0 0 22 9 12
3 1 4 7 5 1 2 2 2 15 1 3 1
9 8 4 13 3 12 16 16 4 16 14 4 9
4 10 16 0 12 7 9 0 3 1 3 10 19
2 11 1 11 9 1 6 7 13 5 6 4 4
15 4 12 2 9 9 11 3 5 8 17 15 9
3 10 5 4 12 3 1 3 2 13 1 8 4
2 5 6 13 1 7 5 2 2 10 4 1 4
5 10 1 12 8 1 4 9 6 18 13 4 7
4 3 4 1 9 6 6 6 6 0 2 0 2
1 17 15 10 8 5 6 14 11 12 1 2 12
12 1 6 4 14 25 3 15 2 2 7 1 5
10 7 13 3 2 4 1 5 1 1 21 6 15
3 1 2 6 7 5 1 3 10 3 1 4 5
5 2 5 4 13 0 0 2 2 3 5 7 5
1 5 1 6 2 6 8 24 1 1 22 1 8
13 2 13 6 3 2 11 4 5 7 7 13 1
6 3 12 8 1 14 7 0 14 6 0 3 1
0 3 5 2 1 1 5 0 6 3 2 3 1
2 4 1 0 10 1 3 4 3 1 5 5 5
10 2 11 6 10 2 19 4 6 8 8 5 7
2 2 6 17 2 0 8 3 10 17 10 20 1
6 2 6 7 5 1 5 9 12 1 14 10 2
15 1 17 11 16 2 2 10 4 12 5 11 2
1 16 6 2 11 2 5 0 18 7 14 6 17
17 11 15 6 1 9 4 22 0 7 7 7 0
11 23 1 2 5 11 1 12 12 11 2 9 12
2 4 0 14 5 5 4 1 1 2 4 1 9
1 8 2 4 0 0 1 2 2 0 2 1 4
1 14 16 4 13 1 0 8 14 5 1 11 6
9 7 10 2 3 3 21 9 2 18 8 4 17
11 11 1 2 11 6 3 5 4 15 5 9 0
4 9 0 0 2 1 2 1 9 6 20 5 1
3 8 5 8 14 19 11 16 5 10 3 6 15
2 2 3 13 2 8 8 6 1 2 14 8 5
2 12 0 2 3 8 4 1 11 16 19 2 5
1 0 3 5 7 1 3 3 3 5 2 1 0
3 1 1 13 15 5 5 5 4 11 4 14 3
6 2 3 2 2 3 3 0 0 3 2 4 1
3 0 1 22 6 13 7 0 3 2 9 12 5
6 10 1 6 2 4 21 4 0 12 21 10 17
3 1 14 0 12 11 4 6 18 6 19 7 8
2 2 4 3 3 2 0 3 1 3 12 4 5
13 18 16 6 2 4 3 4 13 4 10 6 0
2 3 6 2 10 4 5 0 5 9 3 2 1
7 7 2 2 1 12 6 6 3 1 2 8 6
2 6 8 3 0 4 5 10 10 1 6 6 1
8 3 4 7 6 4 5 1 4 1 0 5 0
2 1 14 2 2 0 1 15 19 1 10 14 3
6 3 5 2 4 3 0 5 3 1 5 1 4
1 4 5 1 1 1 8 9 2 8 9 3 1
2 2 9 0 1 1 7 6 4 0 4 2 6
5 4 4 1 0 4 5 5 1 2 1 3 6
14 16 8 1 2 3 2 9 1 6 10 8 1
2 6 10 5 2 1 2 6 5 1 0 10 0
6 15 3 1 7 8 6 6 1 2 9 3 5
1 1 6 8 5 1 5 6 0 3 5 7 6
8 0 6 8 4 2 0 1 2 7 6 1 0
5 8 2 2 4 1 8 1 3 2 2 3 1
2 4 3 2 4 2 5 1 4 1 3 1 4
4 7 4 1 14 2 16 13 3 6 13 1 6
5 3 12 7 0 2 7 14 7 14 4 4 9
9 9 12 9 2 4 11 1 11 4 7 3 3
2 5 4 3 2 4 3 7 1 1 5 1 6
2 4 9 1 3 0 3 12 3 1 3 6 4
16 0 14 5 5 7 6 5 3 3 10 11 11
6 0 1 5 4 3 2 5 0 4 2 0 6
0 4 4 2 7 0 2 11 9 3 2 3 2
7 4 8 10 1 13 5 0 6 4 7 28 9
3 3 0 6 21 16 17 6 4 6 11 0 17
4 5 4 7 4 1 4 1 5 5 2 4 1
8 12 7 6 13 9 10 11 3 7 1 9 1
5 1 1 0 4 2 1 2 4 4 2 4 0
1 8 8 19 7 1 4 21 4 2 2 3 2
1 8 4 10 0 9 1 7 2 3 3 2 4
3 6 1 3 1 1 16 3 11 1 3 1 4
1 4 3 13 4 1 4 1 8 3 8 2 2
4 15 2 12 0 1 6 0 6 9 2 3 2
1 0 2 2 12 7 5 9 15 4 10 7 3
19 10 13 8 1 12 11 11 3 9 7 4 13
1 0 1 6 0 2 6 3 1 6 0 1 2
15 1 0 2 16 14 3 7 1 2 7 10 10
0 1 0 5 1 1 1 6 1 4 3 9 1
7 4 9 8 1 1 5 2 10 4 1 12 5
4 3 6 8 3 2 2 15 15 0 6 7 3
15 1 1 3 11 7 2 9 0 14 1 10 9
5 3 1 10 3 2 6 8 2 8 0 1 1
7 5 4 5 3 3 1 3 0 7 6 7 0
1 3 7 8 5 6 2 9 2 6 4 0 8
1 4 12 7 4 5 0 13 5 3 12 5 6
1 33
1 55
1 80
2 19
2 90
3 30
3 77
3 90
3 92
4 9
4 18
4 52
4 81
4 99
5 47
5 73
6 39
6 64
7 60
8 53
8 74
8 88
8 91
9 11
9 16
9 40
9 41
9 65
9 89
10 16
10 25
10 30
10 89
12 61
12 73
13 26
13 68
14 17
14 29
14 45
16 60
16 94
17 21
17 25
17 62
18 59
18 75
19 59
19 105
20 38
20 98
21 80
22 75
22 108
24 51
25 47
25 112
26 38
27 64
27 83
27 112
27 124
28 69
28 75
28 89
28 117
29 70
30 51
30 52
30 54
31 39
31 74
31 88
32 33
32 130
33 46
33 89
33 111
34 61
38 47
38 56
38 122
39 80
40 65
41 61
42 74
42 129
43 123
43 142
44 52
44 69
45 97
45 129
46 117
48 113
49 61
49 81
49 134
50 52
51 77
51 89
51 94
51 120
53 65
53 117
55 124
56 81
56 120
56 131
56 138
57 109
58 103
58 131
59 92
59 99
59 144
59 153
60 109
60 143
61 90
61 110
61 118
61 134
63 101
63 123
63 141
63 156
64 102
64 147
64 150
65 79
66 112
68 136
68 146
69 78
69 116
69 137
69 139
70 84
70 111
70 134
71 126
72 86
72 171
76 85
76 99
76 174
77 115
78 84
79 91
79 106
79 173
80 86
81 173
81 178
82 140
83 87
85 100
85 135
87 132
87 164
88 104
88 108
88 158
88 164
89 141
90 132
90 135
90 180
90 181
92 161
92 186
93 104
94 111
95 101
96 148
96 165
96 188
97 157
97 176
97 177
97 182
98 153
98 177
99 149
100 115
100 134
100 149
101 141
101 197
102 176
104 118
104 160
104 198
105 107
105 127
105 145
105 160
105 164
105 198
108 114
108 118
108 135
108 163
109 134
109 154
109 195
110 184
112 193
113 123
113 142
115 166
116 143
116 163
116 202
117 123
117 169
117 175
117 186
118 165
118 197
118 200
119 121
119 178
119 187
120 201
121 137
123 135
123 170
123 221
124 127
125 128
125 153
125 155
125 197
126 186
128 147
128 193
128 205
129 179
130 141
130 158
130 175
131 140
131 183
132 157
132 215
133 137
133 207
134 159
135 161
135 164
135 171
136 190
136 206
136 235
138 197
139 173
139 209
140 151
142 164
142 181
143 234
145 206
145 217
146 231
147 150
147 213
148 159
150 232
152 185
152 202
152 208
152 217
153 191
153 221
154 181
154 250
155 179
156 195
157 161
157 201
157 213
157 249
158 221
158 243
159 195
159 199
160 217
160 248
161 184
162 229
162 237
163 214
163 215
163 231
164 168
165 204
165 212
165 231
165 254
166 185
167 245
168 172
168 233
169 237
170 197
170 200
172 233
172 239
174 264
175 195
176 179
177 217
177 223
178 228
178 231
178 245
181 194
181 226
181 228
181 249
181 273
182 194
183 187
183 230
183 253
184 224
185 257
185 270
186 249
186 284
187 211
187 249
189 213
189 265
190 193
190 201
190 267
191 207
191 229
191 243
192 202
192 227
192 244
192 272
193 262
194 208
194 222
194 275
195 245
195 268
195 273
197 231
198 201
198 242
199 233
199 248
200 213
201 208
202 273
203 290
203 297
205 244
206 232
206 241
206 263
207 219
207 227
208 217
208 234
208 251
208 255
208 270
211 289
211 291
212 241
212 264
213 229
213 267
214 226
214 237
215 229
215 235
217 226
217 241
217 289
218 295
218 312
219 222
219 268
220 305
221 278
224 278
225 264
226 259
227 234
227 315
227 318
227 320
228 269
228 273
229 312
230 258
230 322
231 257
231 287
231 330
232 313
233 244
234 252
234 275
234 307
235 279
235 297
237 266
239 286
239 298
239 306
239 338
240 316
240 331
241 325
241 334
241 337
242 293
243 252
244 272
244 289
245 333
246 269
246 300
247 259
247 285
247 342
248 277
249 252
249 303
249 316
250 285
251 283
251 303
252 258
252 273
252 341
252 351
253 297
254 269
254 318
254 350
255 289
256 285
256 332
257 346
259 357
261 299
261 325
262 315
264 297
264 306
266 293
267 268
267 286
267 299
267 336
268 337
271 343
272 286
272 329
274 364
275 288
275 334
275 351
275 368
276 345
278 367
279 284
279 294
279 348
280 370
281 319
281 331
281 332
283 332
283 373
286 292
288 347
289 296
290 381
291 367
292 344
293 382
295 297
295 348
295 350
295 376
296 340
296 348
297 305
297 331
297 371
298 303
298 313
298 335
298 346
298 353
299 370
300 382
300 386
300 395
302 365
303 305
303 352
303 354
303 387
304 375
306 348
307 368
307 405
308 345
308 359
308 387
309 341
309 374
310 317
310 379
311 346
311 354
311 377
311 385
311 405
312 340
312 362
312 390
313 353
314 385
315 354
315 368
315 369
316 335
316 403
317 329
317 371
317 374
317 384
318 325
318 400
318 414
319 337
321 348
322 385
322 389
323 364
324 382
324 419
325 399
325 411
326 355
326 356
326 393
327 387
327 395
327 423
328 331
328 399
330 381
330 410
331 362
331 363
331 428
332 422
333 369
334 377
334 425
335 411
336 342
336 393
337 374
338 379
338 432
339 391
339 414
340 382
340 432
340 433
340 435
341 431
342 372
343 395
344 347
344 350
344 355
344 431
345 379
345 415
345 443
346 368
347 351
347 367
347 427
349 363
352 401
354 359
354 400
356 361
357 395
357 417
357 455
358 360
358 371
358 457
359 381
359 413
360 448
360 458
362 398
362 399
363 378
363 452
364 369
364 395
365 453
366 452
366 466
367 385
368 401
368 430
369 400
369 417
369 462
372 452
373 398
374 430
374 455
374 467
375 415
375 464
376 392
376 394
376 406
376 448
377 391
378 474
379 386
379 473
380 395
380 405
380 416
381 476
383 418
383 427
384 458
384 476
385 417
385 436
385 473
386 411
386 434
387 439
388 470
389 391
389 455
389 475
391 421
391 455
393 395
393 400
393 410
393 433
393 468
394 452
394 456
394 486
395 452
396 406
396 450
396 464
396 470
397 469
398 416
398 456
399 416
399 423
400 446
400 489
401 484
402 405
402 415
402 451
402 453
403 451
404 496
405 497
405 502
406 438
406 445
407 450
407 462
409 436
409 501
411 471
411 509
412 434
412 483
413 451
414 433
414 444
415 475
415 509
416 421
416 433
416 469
418 502
419 466
420 486
420 517
421 422
422 447
422 483
422 491
423 428
423 456
423 522
424 442
424 461
424 495
424 496
424 501
425 476
425 522
427 458
428 493
429 437
429 521
430 450
430 461
431 432
431 453
431 531
435 474
436 465
438 536
439 538
440 476
440 501
440 508
440 532
441 481
441 517
442 483
443 507
443 513
443 538
444 487
444 514
445 450
445 473
446 455
447 478
447 482
449 459
450 452
450 491
451 510
452 468
452 505
452 522
453 455
453 510
453 542
453 544
454 536
455 486
455 521
455 527
456 556
457 468
457 526
458 482
458 487
458 512
459 480
459 482
459 545
460 483
460 511
462 468
464 534
465 544
465 565
466 499
466 514
466 553
468 474
468 538
469 557
470 480
470 558
471 511
472 516
472 565
473 501
473 504
474 485
474 532
475 485
477 509
477 511
477 516
478 565
479 504
479 512
479 516
480 560
480 577
481 490
481 563
482 487
482 504
482 509
483 484
483 490
483 533
483 536
484 538
486 496
486 514
487 546
487 557
487 577
488 515
488 526
488 586
489 515
489 532
490 557
490 587
490 589
491 533
492 509
492 511
492 528
492 529
492 576
493 508
493 556
494 560
495 566
496 504
496 517
496 552
496 587
497 596
500 524
500 580
501 528
501 555
502 559
502 586
503 521
503 532
503 560
503 592
504 539
504 596
506 552
506 577
509 546
509 552
509 599
510 546
510 547
510 556
510 580
510 598
511 535
511 579
512 520
512 524
513 534
513 575
514 533
514 549
514 607
515 565
516 544
516 605
517 523
517 586
518 535
519 553
519 590
520 614
521 560
521 562
522 561
522 602
522 604
523 526
523 569
523 571
523 578
524 572
525 622
526 540
526 609
526 618
527 560
527 566
527 578
527 594
528 537
528 547
528 602
528 619
528 622
529 558
530 558
530 621
531 551
532 581
534 576
534 597
535 587
537 569
538 632
539 580
540 569
540 591
540 625
542 550
543 552
543 566
544 590
545 577
545 595
545 598
545 621
546 557
547 585
547 635
549 582
549 616
550 554
550 557
550 558
550 638
550 641
550 646
551 585
551 616
552 560
552 573
552 614
553 563
553 645
554 586
556 576
556 631
557 642
558 569
558 598
559 649
560 645
562 565
562 588
562 604
563 589
564 600
564 635
564 637
564 644
565 584
565 624
565 633
566 573
566 600
567 575
568 633
569 570
569 610
569 622
569 638
570 577
570 582
570 620
572 578
572 636
572 657
573 616
573 660
574 663
574 670
575 615
575 624
575 663
575 668
576 649
576 656
576 673
578 614
578 655
578 663
579 612
579 675
580 581
580 639
580 661
581 611
582 587
582 597
582 637
582 639
582 655
584 683
585 684
588 646
588 685
592 635
592 666
592 675
593 620
593 670
593 680
594 619
595 614
596 627
596 687
598 680
599 625
599 657
600 631
600 665
602 633
603 605
603 642
603 646
603 703
604 626
605 611
605 685
606 688
607 649
607 681
608 649
608 652
608 670
608 704
609 639
609 640
609 658
609 670
609 698
610 700
610 701
611 662
611 683
611 705
612 700
613 712
614 641
614 666
615 621
616 626
616 696
616 713
617 652
617 653
617 681
617 688
618 645
618 649
619 692
619 700
620 703
620 713
623 650
623 675
623 721
624 689
624 710
624 719
627 636
627 637
627 707
628 630
628 632
628 676
628 679
629 682
629 707
630 706
631 714
633 647
634 662
634 696
635 702
636 657
637 664
639 643
639 651
639 692
640 716
641 725
642 661
642 682
642 716
643 647
643 667
644 690
645 712
646 661
646 670
646 672
646 678
646 730
646 733
647 663
647 693
647 704
648 680
648 740
649 664
652 732
653 740
657 723
658 680
658 710
658 744
659 704
659 709
659 733
660 672
661 684
661 691
662 700
663 763
664 667
664 685
664 698
664 755
665 705
665 722
666 758
666 762
667 715
667 757
668 765
669 696
669 709
669 759
670 717
671 746
672 723
674 696
674 735
675 685
675 714
675 772
676 746
676 769
678 686
678 731
678 743
679 734
680 732
680 780
681 775
681 777
682 693
682 698
682 718
682 728
684 741
685 715
685 783
686 718
688 712
688 751
689 691
689 740
690 709
690 733
690 745
691 759
691 775
692 764
693 763
693 766
694 723
694 794
696 721
696 737
696 779
696 788
697 758
697 782
697 793
698 714
698 734
698 768
698 770
699 717
699 752
699 765
700 715
700 799
700 800
702 754
702 783
702 792
703 797
704 722
704 799
705 736
705 767
705 770
706 737
706 766
708 802
709 710
709 782
709 790
710 718
710 766
710 810
711 733
713 731
713 752
714 723
715 716
716 801
717 742
717 779
717 802
718 793
719 767
719 777
719 790
720 742
720 769
721 776
722 816
723 789
723 801
724 743
724 824
726 749
726 754
726 807
727 764
727 768
728 771
728 827
730 812
732 796
732 832
733 741
733 785
734 738
734 755
734 798
735 740
735 764
735 774
735 777
735 823
736 738
738 826
738 827
738 837
739 745
739 774
740 761
740 786
742 834
743 754
743 780
743 821
744 770
744 802
744 836
745 752
746 769
746 800
747 809
747 835
748 768
748 786
748 842
749 760
749 801
750 833
751 766
752 762
752 763
753 828
753 846
753 849
755 816
755 821
755 838
756 854
757 841
758 781
759 800
759 810
759 847
760 841
760 852
761 808
762 764
762 779
762 793
762 797
762 859
763 791
764 771
764 854
764 858
766 773
766 826
766 827
767 828
767 849
767 867
768 777
768 817
768 838
771 785
772 836
772 849
773 803
773 810
773 814
774 814
775 847
775 855
775 867
775 871
775 872
776 824
776 848
776 863
777 854
779 785
779 797
779 804
779 837
781 847
781 876
783 863
784 862
785 850
785 858
785 859
786 798
786 799
787 796
787 798
787 837
787 863
787 867
789 797
789 857
791 858
791 883
792 846
792 847
792 880
793 822
793 830
793 844
793 856
795 861
796 823
796 875
796 886
797 811
797 822
797 827
798 815
798 824
798 848
798 875
799 855
800 811
800 868
801 862
802 815
802 855
803 819
803 830
803 856
803 889
803 892
804 838
805 858
805 875
805 878
805 902
806 818
806 873
807 822
807 827
809 822
809 826
809 852
809 901
810 853
810 858
810 891
811 848
811 883
812 851
812 863
812 900
813 849
813 906
814 896
814 904
815 867
815 886
816 894
817 876
818 900
819 850
819 890
819 909
820 856
820 909
821 918
823 892
824 833
824 859
824 871
825 826
825 835
825 916
826 873
827 871
827 888
828 834
829 847
829 902
831 864
831 869
833 846
833 848
834 898
835 902
836 842
836 869
836 872
837 913
838 854
839 847
840 875
840 926
840 937
840 939
841 905
841 941
842 924
842 934
843 863
843 885
843 903
843 912
844 848
844 863
844 913
846 865
846 894
846 923
849 901
849 913
850 873
850 913
851 860
851 871
851 890
851 951
852 868
852 914
853 863
853 938
854 855
854 888
854 892
854 894
854 921
855 894
855 930
856 910
856 947
858 936
859 907
860 910
860 949
861 900
861 904
861 907
862 929
863 910
863 923
864 875
864 891
864 896
864 920
866 881
866 930
866 953
867 964
868 956
869 940
871 883
871 888
871 917
871 950
872 874
872 969
873 942
874 912
874 918
874 922
874 956
874 958
874 963
875 961
876 942
877 916
878 921
878 942
879 884
879 934
879 944
880 920
880 959
881 897
881 918
881 968
883 889
883 959
884 969
886 951
886 971
887 943
887 971
888 913
888 934
888 962
888 972
888 987
889 977
890 927
891 928
892 899
894 946
894 948
897 913
897 939
897 977
898 912
898 932
898 948
899 924
899 975
901 921
902 969
902 985
902 989
903 984
904 942
907 937
907 996
908 937
908 951
909 920
909 990
911 925
911 980
914 974
914 980
915 927
915 947
916 976
918 947
919 971
920 944
920 974
921 923
921 987
921 989
925 950
925 967
925 995
927 970
929 948
929 956
929 982
932 964
932 995
937 974
938 946
939 957
940 992
941 981
942 980
943 993
945 993
945 997
946 955
946 966
946 987
948 983
949 980
949 995
952 955
952 978
953 988
954 960
954 977
955 991
956 974
958 977
959 994
962 970
971 992
973 993
974 986
976 987
977 996
978 989
979 982
980 990
980 991
983 996
984 999
989 999
995 997
16 13 7 8 4 6 4 1 4 3 3 3 1
8 9 12 7 10 5 17 20 16 25 0 2 11
14 8 9 2 0 2 9 4 2 2 7 3 1
11 10 11 15 0 22 26 16 17 3 28 11 2
0 15 14 8 3 7 5 2 13 13 27 16 15
10 17 10 19 13 9 0 0 2 5 11 11 3
12 7 1 10 7 3 3 14 3 3 3 30 11
1 4 21 4 4 11 5 7 4 7 6 18 7
7 11 3 1 5 16 2 3 4 2 3 3 12
15 14 10 10 2 2 7 5 12 11 16 5 0
1 1 10 3 10 13 4 11 2 0 4 7 6
9 5 0 10 2 4 15 12 15 10 3 5 5
12 8 1 6 2 2 7 4 1 10 4 2 5
7 9 15 3 6 7 3 3 3 3 1 8 11
15 6 14 32 10 13 2 9 22 0 6 7 8
7 8 5 18 22 14 3 8 12 15 8 7 1
8 20 17 5 1 12 8 3 1 10 16 15 4
5 2 8 8 6 7 12 12 4 0 15 0 7
21 17 2 25 21 9 16 13 8 21 4 21 9
5 20 0 1 15 6 9 4 4 22 1 22 3
66 37 79 46 34 44 52 46 66 48 63 58 74 52 34 39 51 66 28 59
62 34 74 42 42 48 44 45 46 56 45 48 58 54 36 20 50 50 17 50
69 32 69 15 37 57 58 57 56 46 61 55 74 58 41 43 44 44 35 68
70 41 69 22 50 46 61 70 81 42 69 50 74 75 32 35 59 46 30 70
7 8 12 4 3 9 9 2 8 8 11 6 10 8 4 5 4 6 2 9
42 16 51 24 26 33 34 44 38 32 49 30 47 32 18 27 33 48 10 24
14 9 23 10 11 6 20 8 11 17 16 23 26 8 7 7 9 19 10 15
1 1 6 1 3 3 4 2 2 5 6 3 5 1 1 1 1 4 1 5
57 47 66 28 24 35 46 53 63 39 72 59 69 51 27 42 40 62 27 66
34 17 38 20 9 24 27 7 35 21 27 28 37 20 19 17 11 33 14 20
24 10 29 6 17 22 7 15 24 18 16 8 24 22 7 11 19 7 4 25
11 3 16 13 11 3 9 11 10 14 11 16 16 5 4 3 10 15 3 6
43 38 52 19 24 24 23 38 55 24 54 37 49 48 25 22 31 43 12 36
62 24 69 29 40 49 45 38 56 49 53 43 67 44 26 36 41 47 23 59
11 6 18 5 7 12 7 10 15 5 21 6 12 14 3 3 12 8 1 18
62 47 75 32 39 40 54 51 65 45 66 61 70 63 38 36 39 69 18 49
27 17 28 7 14 16 16 12 35 17 17 23 32 21 8 14 15 15 14 32
21 10 29 12 17 11 15 15 30 16 18 16 26 25 8 1 22 18 1 21
60 44 63 23 33 45 44 41 55 42 61 59 71 51 23 40 38 61 27 55
9 5 11 8 2 2 5 1 8 8 3 11 11 4 1 1 5 6 2 11
58 36 71 38 25 44 47 52 60 38 63 49 64 54 45 40 35 48 25 50
33 38 42 26 25 23 36 33 48 22 51 47 47 34 18 37 23 44 25 53
68 19 68 39 40 59 49 52 62 42 60 36 59 59 42 33 49 48 19 41
7 4 16 7 7 8 8 8 6 10 11 6 14 7 3 3 12 8 1 7
16 3 17 6 17 18 13 20 18 9 22 6 20 15 8 8 16 15 1 11
10 8 15 1 5 8 18 4 14 7 10 15 24 5 3 5 5 14 8 17
31 31 45 12 10 18 28 30 37 20 44 35 44 33 25 21 17 30 15 32
5 2 10 8 9 3 3 7 5 8 8 9 8 2 2 2 7 6 2 6
16 10 21 2 1 12 17 13 20 2 20 14 21 19 6 3 11 5 10 24
63 34 58 35 29 44 45 33 58 44 49 54 64 41 32 43 35 44 33 53
16 3 24 12 7 15 24 17 20 8 28 15 22 15 20 8 8 23 1 4
19 10 14 11 20 22 18 19 23 10 30 9 11 23 16 20 12 19 1 21
16 8 21 7 11 14 7 8 19 12 12 6 12 18 7 6 12 8 4 19
10 9 18 4 5 14 14 8 11 10 14 8 18 11 7 1 11 15 4 13
27 9 29 6 7 27 23 17 31 11 26 12 29 28 5 12 23 15 14 36
46 21 50 2 21 35 55 39 52 28 51 34 57 47 24 30 29 35 28 55
49 37 64 33 29 33 40 55 49 35 61 50 60 48 33 32 42 47 21 50
13 1 14 3 6 13 13 5 20 2 18 7 11 13 6 5 5 11 4 18
52 38 60 35 26 46 46 44 47 38 54 49 56 46 38 39 40 34 38 58
19 13 23 6 7 14 15 11 21 7 23 14 21 20 12 7 9 23 2 16
18 11 26 11 8 13 15 5 9 15 13 9 15 11 9 4 4 19 3 9
57 22 62 19 42 45 50 54 65 37 63 43 63 57 34 38 45 44 28 64
65 29 64 35 43 54 52 50 64 52 58 50 69 51 34 48 50 47 30 65
9 1 13 5 6 9 5 1 4 11 1 6 10 4 1 3 6 2 1 7
36 33 52 24 21 21 30 34 26 37 40 46 48 28 22 24 21 41 15 37
38 30 44 4 29 27 32 28 47 21 40 28 44 44 13 10 24 37 10 46
54 27 50 22 18 45 32 18 55 35 47 38 53 37 25 38 24 41 21 46
31 11 39 15 17 32 17 25 34 18 37 18 33 27 10 17 30 32 9 39
26 17 35 9 22 12 16 17 27 23 23 17 25 26 5 3 20 15 1 27
27 10 34 13 21 24 12 21 23 23 24 20 30 22 19 17 24 26 6 21
67 43 80 46 47 41 53 59 54 60 62 57 65 60 39 25 54 65 20 51
6 3 12 7 11 7 3 7 7 7 14 5 7 4 5 1 6 11 1 6
25 10 25 3 13 23 10 15 27 14 22 9 23 27 9 11 21 9 3 31
8 4 13 6 5 8 10 5 8 8 11 7 12 6 7 5 7 8 5 9
7 7 10 3 5 7 8 1 3 8 2 8 11 5 2 1 4 6 2 8
32 24 38 4 25 23 26 25 30 19 35 20 33 37 12 8 19 28 12 38
35 13 38 14 32 23 13 26 33 31 28 25 38 28 15 18 28 30 8 27
27 23 37 15 19 13 21 26 24 27 30 27 34 22 10 17 21 27 11 41
34 8 38 6 28 35 29 24 31 24 32 11 31 34 20 13 20 20 4 28
28 11 38 12 18 28 28 33 30 20 46 20 30 30 11 21 26 33 11 33
22 11 35 11 23 16 9 17 22 21 23 12 24 20 5 7 19 21 1 23
34 22 41 20 10 29 22 29 22 29 40 27 38 22 22 25 26 40 14 26
58 39 67 22 37 24 42 43 59 45 52 50 68 51 14 16 42 50 12 52
19 10 26 12 16 20 29 24 23 10 36 18 26 23 24 13 11 25 1 12
60 27 62 42 44 45 48 56 59 50 60 59 63 51 43 47 46 57 22 51
17 9 24 15 24 9 12 20 20 18 19 17 20 19 7 3 19 15 1 17
13 11 17 10 7 7 16 14 16 10 19 23 20 13 13 7 10 14 9 15
10 6 23 12 6 14 14 11 19 6 22 8 14 16 13 1 11 13 5 15
34 10 37 26 16 33 20 28 26 20 42 21 25 23 26 18 23 39 4 18
54 25 53 24 41 50 45 41 43 42 49 34 44 46 39 32 33 46 15 38
61 28 71 23 33 45 38 39 61 44 49 32 60 54 19 28 47 44 15 48
38 22 38 19 16 21 43 17 39 25 32 40 42 26 23 20 7 36 18 28
13 4 17 11 11 12 3 14 12 11 17 9 9 9 5 12 10 9 1 18
10 7 15 8 2 13 6 6 10 8 15 8 8 9 7 9 8 12 1 13
10 4 12 5 8 13 6 3 9 8 8 4 9 8 8 5 7 6 1 7
37 33 40 8 37 32 28 32 31 34 32 31 38 40 15 22 29 29 20 49
50 41 57 9 31 27 34 31 50 36 39 46 59 46 26 21 24 34 24 48
45 6 49 25 27 36 24 35 40 26 36 15 37 37 18 11 37 37 4 26
55 28 48 22 30 39 45 36 59 37 46 39 61 48 29 25 37 42 17 34
56 22 54 27 30 41 51 46 51 42 53 45 61 43 37 36 44 46 23 45
53 40 62 17 38 36 32 49 61 41 51 47 61 56 32 37 41 38 24 52
54 32 64 30 21 44 35 28 40 45 47 44 52 40 34 29 29 49 18 37
21 8 27 10 8 16 6 7 25 10 17 4 12 16 11 6 10 16 1 13
17 10 27 10 20 20 19 24 34 3 37 11 23 29 8 8 22 26 4 32
8 2 12 8 3 10 8 3 5 11 10 8 11 3 6 9 6 9 3 9
35 11 39 8 27 35 20 33 39 24 39 14 31 37 23 22 33 27 6 33
39 26 39 8 18 28 23 15 37 28 31 22 39 35 19 17 15 23 5 23
21 3 31 15 13 17 12 16 28 10 24 9 18 24 11 1 21 21 1 12
54 35 63 23 29 35 61 47 49 31 53 50 65 54 29 19 34 54 30 43
27 3 27 16 16 22 21 12 26 18 23 20 24 15 11 18 13 17 7 26
1 3 2 1 1 1 4 1 2 1 1 4 7 1 1 1 1 3 1 6
47 19 57 26 18 25 44 37 49 26 47 34 50 43 18 12 35 35 17 42
22 11 19 7 6 15 14 5 21 12 15 16 21 13 8 11 6 9 6 20
60 39 70 23 25 35 57 43 56 35 54 54 70 50 29 31 27 50 31 53
7 1 10 6 4 9 1 3 1 6 5 1 5 2 1 4 7 2 1 4
14 12 15 10 7 5 12 9 14 11 8 18 18 12 6 5 10 6 10 17
41 9 49 28 20 39 44 29 49 25 49 34 42 33 32 26 22 43 15 27
19 9 25 8 11 15 11 10 22 10 17 11 22 15 7 2 15 18 1 12
23 8 31 13 11 18 21 17 32 7 25 15 28 27 8 1 22 20 7 25
8 3 7 1 10 11 7 11 9 6 16 1 9 8 8 6 4 8 1 3
33 9 38 9 18 28 13 18 35 24 25 16 36 25 12 18 24 16 2 27
32 21 43 23 22 19 28 30 36 27 40 34 38 26 26 26 12 35 6 20
52 40 67 29 20 31 52 44 47 32 59 50 55 54 35 25 26 46 17 44
67 39 81 35 35 42 51 57 77 44 74 51 75 67 39 35 49 70 15 50
29 11 30 21 15 15 28 19 31 17 25 28 27 20 19 13 13 32 9 16
8 5 14 9 1 5 5 1 7 7 6 3 6 6 7 2 3 10 1 4
11 1 16 9 1 13 6 5 4 9 11 8 13 3 4 8 12 10 2 13
43 12 44 24 20 33 25 27 35 33 33 37 44 25 25 32 31 36 20 41
12 10 15 9 5 9 12 3 15 6 12 12 16 11 9 2 8 12 4 9
25 23 30 4 17 17 13 16 30 18 28 20 30 25 9 10 15 22 4 26
45 41 41 21 39 35 44 47 59 31 56 48 54 49 38 45 30 40 20 48
11 14 20 3 6 4 3 8 15 14 20 12 13 8 8 8 1 21 1 10
3 1 7 2 3 7 3 1 3 3 6 4 8 1 1 1 5 5 1 5
3 4 8 3 1 4 7 1 8 2 9 7 8 5 4 1 4 6 3 10
19 13 19 1 16 14 17 10 13 13 16 15 22 18 1 4 9 11 6 26
33 24 34 11 6 16 18 7 30 19 23 23 31 26 20 10 6 22 6 16
17 14 23 10 14 6 16 20 25 8 23 21 23 20 10 5 12 9 12 26
28 4 31 20 12 19 23 15 24 16 22 21 30 15 8 12 21 26 10 20
8 8 15 1 3 7 13 1 6 10 7 10 15 8 3 1 4 8 2 13
14 9 21 11 7 12 4 5 12 13 8 10 15 6 5 6 11 11 1 11
7 5 8 1 3 3 6 1 1 8 1 6 7 3 1 1 1 2 1 8
48 36 57 16 23 29 36 39 50 30 47 40 51 47 36 33 20 33 14 42
61 24 66 42 49 51 61 55 56 53 61 51 61 54 43 27 47 56 12 42
59 33 67 45 50 42 56 57 60 47 62 54 56 64 45 30 38 62 8 32
6 6 10 9 8 5 3 6 7 7 9 8 7 6 6 1 8 9 1 5
24 9 30 20 9 18 11 9 17 19 17 12 18 10 13 11 13 21 1 11
27 3 35 23 4 23 15 17 19 15 25 13 20 19 13 9 22 23 3 20
58 38 60 19 21 32 48 33 67 36 57 45 59 49 37 38 20 39 23 48
7 7 1 1 10 9 9 7 9 3 12 10 8 7 4 3 3 7 7 13
30 16 39 21 6 25 34 26 34 18 41 31 37 28 26 28 17 34 12 32
48 25 56 29 35 38 60 46 48 39 55 51 56 46 41 32 26 54 20 36
21 20 26 7 15 17 14 21 31 12 36 18 23 24 12 15 15 27 6 27
12 5 23 7 10 13 10 10 12 12 19 10 15 11 7 3 11 14 1 11
47 35 52 18 21 33 42 32 63 23 57 39 52 50 25 27 24 51 13 45
44 24 53 30 20 27 28 25 48 33 40 34 42 39 29 15 23 37 3 19
33 10 31 13 10 25 28 18 30 13 34 21 33 22 14 16 16 25 12 30
31 11 43 22 18 27 33 26 39 21 38 29 35 28 24 24 18 31 13 30
43 14 44 23 29 27 40 35 52 27 44 28 40 39 26 25 25 34 11 37
68 23 63 15 31 53 50 53 74 29 68 36 62 62 42 37 39 44 26 61
27 8 28 13 21 28 20 26 36 15 37 22 25 26 16 25 19 30 8 38
33 29 31 4 22 30 31 36 43 17 42 35 39 36 26 27 22 27 28 47
39 17 43 16 24 38 38 39 44 20 50 19 38 42 31 17 24 43 3 23
33 18 42 19 6 32 24 22 26 27 34 26 38 20 18 20 26 34 14 32
46 20 55 13 33 30 29 33 50 33 41 24 49 44 21 14 33 35 1 34
13 4 20 10 19 14 8 12 12 13 18 10 19 10 7 1 16 14 1 12
3 3 5 4 7 7 5 5 4 4 8 6 5 4 4 3 3 2 2 7
50 23 48 28 21 45 31 29 41 38 48 30 43 36 40 38 33 43 14 32
16 10 25 9 17 6 11 22 17 14 25 17 24 12 5 1 17 29 1 8
52 45 63 27 25 38 37 41 48 44 64 51 62 49 36 38 31 56 13 44
23 24 27 8 22 18 27 25 26 20 33 26 29 25 16 20 11 28 8 27
64 29 69 29 19 43 50 31 61 37 50 47 64 47 28 28 32 44 24 53
65 39 72 30 25 44 44 46 60 46 60 49 67 54 33 32 41 47 21 45
71 11 72 36 43 63 47 62 68 47 67 35 60 67 40 37 59 50 23 57
17 3 17 5 7 22 14 11 16 5 16 3 16 15 8 6 16 15 5 9
4 4 7 3 2 8 4 1 4 2 7 3 8 6 1 1 6 4 1 3
11 15 16 6 9 7 9 14 17 7 22 14 17 13 5 1 9 16 7 19
33 14 39 14 8 22 38 17 38 20 31 28 41 26 11 16 18 26 21 37
34 15 38 29 18 30 23 22 28 28 29 26 30 22 24 23 23 26 14 27
51 26 57 32 21 36 27 36 48 42 52 36 46 41 39 36 33 47 8 33
16 8 19 4 8 11 16 5 16 13 12 18 20 9 3 10 6 8 8 25
48 13 47 35 33 40 38 34 41 39 38 29 39 38 36 24 35 32 6 27
26 10 30 13 13 15 7 11 25 21 10 21 29 15 1 11 19 11 4 26
40 13 49 16 24 36 25 33 35 33 36 27 46 35 16 24 38 24 16 51
9 6 9 4 15 12 4 9 8 8 12 4 9 8 4 1 7 10 1 11
51 20 54 25 28 38 40 21 47 39 38 41 54 35 24 31 30 31 27 51
55 28 59 33 36 43 49 48 67 35 65 45 56 51 39 44 30 53 15 45
56 33 50 28 31 53 55 49 65 23 65 46 52 55 38 42 32 49 26 56
17 18 21 4 7 6 19 7 16 12 12 19 22 16 10 6 3 9 8 19
48 37 48 30 38 37 39 43 61 37 55 47 58 50 29 30 40 52 11 36
13 8 14 7 17 14 7 11 15 5 20 6 10 15 7 7 11 18 1 14
57 43 69 35 41 34 45 49 64 42 66 53 63 63 28 16 43 68 3 38
9 1 15 11 8 10 9 7 11 6 16 7 8 6 10 3 6 12 2 7
33 2 42 18 22 31 22 31 34 20 38 17 31 30 15 13 31 26 5 28
18 6 15 6 6 17 18 8 24 2 20 10 14 17 16 5 4 19 3 13
8 7 9 1 2 7 12 3 9 5 11 7 10 9 7 3 1 1 1 8
11 7 19 8 7 7 6 6 14 10 9 10 15 10 2 3 10 7 3 17
10 6 15 6 5 7 11 7 12 8 11 12 17 11 4 1 10 6 3 12
12 2 19 7 5 7 15 9 20 4 21 9 15 9 8 6 3 17 7 16
7 7 15 2 2 3 5 3 14 8 7 10 14 3 2 4 1 8 3 11
37 10 39 12 18 32 32 31 44 11 45 14 33 42 24 10 26 22 7 31
35 5 33 11 26 39 30 36 40 14 48 8 24 37 24 18 27 33 6 28
8 6 13 3 1 7 5 1 7 5 7 4 11 5 1 2 4 6 1 12
53 34 52 15 22 32 39 35 60 28 58 30 46 54 39 25 24 40 7 35
12 4 17 12 12 10 14 22 17 7 32 11 7 15 17 6 7 27 1 8
36 32 46 14 19 13 30 30 41 27 35 38 45 34 20 19 18 25 15 36
18 4 18 16 11 10 7 8 10 16 5 17 17 8 1 6 15 9 1 14
56 23 64 25 32 38 44 44 59 36 46 41 59 55 32 21 43 31 21 51
23 18 28 6 12 17 21 8 13 20 14 14 20 18 15 8 6 24 8 13
47 33 57 24 28 22 49 45 64 32 63 47 56 48 36 33 20 54 11 37
12 6 19 13 6 8 6 7 10 14 13 15 17 7 2 7 12 10 4 18
67 28 70 25 44 53 64 61 74 45 64 54 75 68 46 34 52 45 31 61
11 5 10 2 6 10 10 2 14 3 12 7 11 11 6 1 4 5 4 13
20 23 31 5 26 13 21 22 19 20 27 22 27 26 7 4 17 26 9 33
42 29 47 25 30 23 29 41 45 33 46 42 49 36 14 22 39 40 14 46
50 38 55 26 34 41 28 43 50 37 54 45 57 44 29 40 39 42 17 54
36 14 44 19 6 27 29 25 28 22 40 27 40 24 16 15 25 37 15 33
3 1 8 1 1 8 2 1 7 1 4 1 4 6 3 1 4 1 1 6
63 42 77 39 38 33 62 55 59 48 63 59 71 59 20 23 49 62 19 61
9 3 10 5 6 10 7 3 9 6 9 3 4 7 8 5 1 5 1 8
41 15 45 16 32 31 33 22 36 36 20 30 40 37 21 18 24 24 13 34
49 39 57 13 23 25 45 36 50 26 48 40 53 45 18 18 23 37 20 56
7 1 10 4 5 5 6 1 10 5 1 11 17 1 1 1 7 4 4 10
17 8 24 10 14 11 13 17 24 12 16 16 23 15 1 7 16 18 2 22
9 8 5 4 4 6 5 4 6 4 11 6 4 7 4 3 2 6 4 9
18 4 27 16 3 16 12 11 18 9 23 10 14 12 13 3 10 23 1 9
11 3 9 4 6 9 6 1 9 7 3 8 9 6 2 6 5 3 4 15
5 1 13 7 4 9 12 6 12 1 15 4 8 6 9 1 2 10 2 7
44 5 42 20 29 39 37 40 47 22 45 20 39 43 21 11 34 41 9 27
39 33 46 21 26 29 46 41 48 28 45 46 50 42 33 17 29 29 22 40
3 4 4 3 9 7 3 11 1 3 16 6 5 3 4 1 4 11 1 7
53 20 61 18 47 45 35 53 61 40 59 31 55 54 29 33 50 46 4 53
32 20 38 22 10 22 23 12 30 25 25 24 29 23 25 17 12 27 5 13
12 16 26 8 18 11 12 19 21 12 26 16 24 16 1 11 17 21 1 28
53 25 61 21 30 39 42 34 46 33 39 32 51 49 20 11 35 38 15 42
9 8 13 4 5 7 9 2 7 9 4 9 15 3 2 3 5 7 4 9
70 39 73 31 29 45 43 45 72 39 68 48 68 60 34 34 43 54 22 61
67 45 63 9 36 52 55 45 61 41 60 45 64 63 42 40 31 47 28 57
33 21 42 11 25 19 30 24 41 23 37 30 41 29 16 10 23 32 8 31
13 8 7 1 9 10 11 12 15 3 19 6 8 14 11 8 1 2 4 13
11 1 14 10 9 8 7 5 12 8 9 7 11 9 7 1 10 12 1 1
62 52 63 21 45 40 46 58 78 42 69 57 71 68 33 41 45 49 22 61
63 20 59 21 33 51 47 45 64 33 58 36 58 52 31 37 40 52 33 59
12 11 20 6 6 10 15 1 10 12 10 14 17 13 6 1 6 9 3 14
8 4 7 5 10 7 1 7 3 6 11 2 2 4 4 5 4 6 1 8
27 18 31 12 16 12 31 30 38 15 34 31 37 29 21 21 15 23 14 29
9 3 11 8 9 8 1 4 2 9 5 5 6 4 2 4 7 3 1 7
27 8 39 17 16 23 14 15 20 25 20 18 31 17 8 11 24 16 4 27
76 36 76 26 38 61 65 51 68 48 68 41 67 68 41 37 43 57 28 53
20 9 25 11 11 20 15 9 25 11 17 7 14 22 14 4 9 15 2 15
9 1 12 4 6 10 1 6 7 5 13 3 7 2 1 4 5 8 1 11
20 9 24 13 8 11 4 5 14 19 8 16 21 7 6 9 13 15 1 6
27 13 35 13 15 21 26 20 20 21 31 18 31 24 6 12 22 26 11 33
13 1 22 9 2 13 7 1 10 9 13 3 12 7 4 3 10 13 1 8
18 9 29 11 22 19 6 21 19 18 26 14 23 15 5 13 22 22 1 21
7 9 12 9 8 1 10 6 10 9 7 14 16 7 1 1 9 7 7 14
55 26 58 26 34 41 58 49 55 34 60 40 58 55 44 36 28 43 15 42
23 17 23 11 4 12 22 4 23 16 16 22 25 12 12 12 5 20 12 20
41 24 57 23 24 25 38 38 48 29 47 31 48 43 23 21 30 42 4 38
41 23 48 22 38 34 29 36 54 33 40 35 48 38 14 33 35 34 10 51
4 8 12 5 8 5 8 8 8 6 17 9 12 7 5 1 6 12 4 13
15 7 9 3 6 12 4 2 9 8 4 6 8 10 2 4 5 1 3 13
35 14 37 15 15 23 28 24 31 20 28 22 37 30 10 12 28 23 18 33
56 24 60 20 36 41 47 43 61 40 53 39 58 52 39 29 41 50 11 37
31 25 32 17 13 20 33 12 29 22 31 35 39 18 16 27 10 21 28 38
33 13 43 24 17 19 11 22 32 22 32 20 28 26 15 13 22 31 1 20
60 36 60 41 23 38 45 25 59 51 49 57 62 40 38 45 28 48 31 46
41 24 50 15 37 31 28 37 40 35 35 39 50 43 12 25 36 23 18 56
7 2 11 6 3 8 4 4 3 6 9 3 7 4 1 4 8 6 1 8
28 24 30 9 11 14 19 5 28 22 21 26 35 22 14 9 11 25 9 22
35 28 45 22 24 14 25 26 30 34 26 38 44 29 21 16 20 39 3 12
56 28 64 29 29 44 38 41 46 44 48 39 52 48 37 33 32 43 12 42
12 8 18 8 1 10 5 1 12 13 5 14 19 2 3 11 7 9 3 15
52 20 56 33 23 41 44 48 54 26 60 41 52 47 27 29 40 47 24 52
51 27 60 30 31 30 39 48 55 30 53 41 51 53 39 25 32 46 14 33
48 13 51 14 20 36 42 29 53 24 43 30 51 41 22 14 27 38 18 42
10 2 15 8 3 13 10 3 11 5 15 5 9 9 9 4 8 11 1 8
31 15 38 25 10 22 22 28 28 14 41 26 25 28 26 16 16 29 6 23
14 7 26 10 13 11 14 12 14 19 14 20 23 10 2 7 10 12 6 21
2 1 8 3 1 3 1 1 3 6 1 3 7 1 1 1 3 2 1 1
38 26 41 21 21 18 16 15 30 34 27 32 42 27 13 13 22 28 2 15
22 5 21 5 18 23 11 11 24 16 14 13 23 18 10 15 17 9 7 25
41 29 54 20 18 14 23 27 37 32 39 34 46 34 17 18 22 32 8 33
20 8 32 8 19 14 11 13 22 21 12 15 27 19 5 4 19 12 2 22
42 29 45 17 19 18 44 26 41 26 34 44 45 37 28 15 11 38 15 26
3 4 9 5 2 3 4 1 5 4 7 7 8 3 3 1 5 8 1 8
23 18 32 14 15 12 11 21 31 19 31 29 31 22 16 14 13 31 1 14
44 24 52 12 23 41 25 31 52 32 45 27 52 46 24 24 34 37 9 35
11 9 20 12 17 6 11 15 10 18 13 17 18 8 4 1 11 16 1 10
25 12 30 6 10 24 20 22 28 8 33 11 23 25 15 11 14 29 4 19
7 7 10 1 1 4 2 1 8 3 10 2 7 4 2 1 2 12 1 5
42 20 49 13 32 30 44 37 50 28 49 30 49 41 30 31 19 42 12 40
20 8 21 8 17 18 11 13 23 12 21 9 15 20 9 8 12 13 6 26
28 13 35 17 17 11 15 20 30 22 24 18 26 22 8 9 23 22 1 21
29 7 28 10 18 25 18 12 28 22 17 18 29 23 16 17 18 16 12 29
59 29 63 44 34 46 54 36 65 41 51 45 56 45 37 27 37 52 22 42
34 15 38 21 27 23 25 34 39 24 41 28 35 34 17 20 30 23 7 37
17 6 20 10 18 17 12 18 25 7 28 5 11 21 15 11 12 17 1 17
47 11 59 19 30 40 34 42 56 28 46 23 51 46 17 19 42 41 12 46
38 18 46 26 27 19 22 22 31 35 29 33 42 23 16 15 28 34 4 22
21 14 31 19 20 12 17 20 29 18 23 21 27 20 14 1 19 24 3 15
11 4 19 5 12 14 11 5 13 12 10 10 18 10 6 2 11 5 2 13
44 19 55 26 33 43 40 54 56 26 66 27 43 49 36 33 39 54 7 37
55 25 49 32 30 48 54 49 63 28 67 47 52 50 41 43 32 51 21 47
50 31 52 29 16 32 40 31 61 27 52 44 48 47 42 32 19 41 19 33
56 35 64 29 43 51 46 53 56 46 59 49 64 54 39 46 46 56 24 54
6 1 7 6 7 11 7 7 8 7 13 6 7 7 10 7 6 10 1 3
54 20 53 8 36 48 42 49 60 33 57 30 56 52 30 36 40 39 23 57
45 31 59 36 41 35 49 48 36 42 52 49 50 44 33 17 37 57 13 35
35 20 37 16 4 14 23 11 38 17 32 30 32 22 17 20 5 24 15 30
12 11 15 7 14 16 22 22 20 7 33 17 17 19 21 15 7 21 6 16
27 17 41 16 32 21 39 42 44 21 49 33 43 39 22 23 29 36 6 36
21 4 33 10 9 18 11 14 20 15 23 10 21 17 13 10 13 20 1 17
63 18 65 31 39 50 62 44 60 43 49 41 64 55 31 22 44 54 22 38
33 5 43 23 14 28 16 22 29 20 33 14 27 24 13 6 25 29 1 18
60 28 64 38 35 54 33 33 57 49 52 40 54 53 48 37 40 52 16 32
12 7 6 5 5 11 6 4 8 6 8 6 4 8 4 7 2 1 3 11
20 16 28 14 2 12 17 14 19 11 29 16 19 18 21 13 6 33 1 8
55 36 67 37 17 30 43 36 58 39 58 54 61 49 39 32 25 53 7 30
45 31 59 31 28 22 42 36 49 35 45 46 54 42 23 17 35 44 9 38
46 29 44 10 17 35 22 20 47 31 39 25 44 42 29 29 19 25 5 25
13 8 10 4 8 15 13 3 16 7 9 12 15 12 4 8 8 5 9 19
34 26 38 23 9 24 29 22 26 31 34 42 45 19 22 27 23 33 23 34
45 32 48 35 31 28 41 40 49 28 49 45 49 40 24 24 32 45 15 39
39 7 46 18 19 32 26 19 30 29 27 26 41 24 13 18 26 24 10 40
65 34 66 13 35 57 60 43 60 44 52 41 63 64 45 40 38 34 31 63
35 13 35 9 19 30 31 24 36 21 34 30 44 27 18 23 21 27 17 35
31 15 31 5 12 26 25 27 28 8 34 18 31 28 14 14 16 20 10 30
30 29 43 19 23 24 35 23 32 27 30 36 44 32 24 18 15 37 13 25
18 9 20 9 6 14 20 11 19 9 16 15 25 14 4 10 16 16 13 25
37 24 44 16 22 20 18 19 45 29 28 34 48 30 11 18 25 30 11 32
3 1 13 5 1 5 4 1 4 9 7 7 9 1 2 3 2 8 1 6
51 22 59 16 47 44 38 50 44 48 53 40 56 47 29 32 43 41 16 56
7 4 20 7 5 6 8 8 13 10 17 6 11 9 8 4 7 10 1 8
23 17 28 13 21 15 23 31 32 13 37 30 29 26 14 15 20 26 14 33
28 20 33 14 12 13 23 20 33 11 33 20 24 31 18 9 15 20 13 30
9 9 11 5 7 12 14 6 10 9 14 11 15 10 9 6 6 9 3 10
65 36 77 29 28 41 62 62 56 37 70 59 71 60 36 30 42 57 33 64
35 8 38 15 15 36 26 21 35 23 30 16 33 32 18 20 28 18 9 36
12 3 14 6 1 10 8 1 13 7 11 7 12 3 7 6 2 13 2 8
64 40 71 23 31 39 62 41 68 47 63 59 72 53 43 45 27 49 32 56
12 7 17 3 10 15 4 6 14 10 9 1 13 13 4 4 11 7 1 13
5 1 8 3 8 8 10 7 7 8 11 7 8 3 3 8 1 6 3 10
44 30 56 22 26 32 52 44 56 33 55 45 62 43 33 34 27 46 20 39
11 2 17 11 7 6 4 5 8 12 4 8 13 4 4 1 10 11 1 1
25 8 31 11 14 22 15 15 21 17 21 16 31 16 1 7 21 15 5 29
35 26 46 19 17 7 28 27 39 24 33 29 41 34 14 6 28 28 8 30
12 11 22 1 4 7 6 9 17 10 18 8 20 11 5 5 9 15 1 13
15 10 18 1 10 15 13 9 13 9 14 6 19 14 1 1 12 13 2 15
37 16 36 11 23 31 29 25 33 26 35 28 37 32 24 22 22 20 15 36
12 6 11 5 12 15 5 6 10 7 9 4 10 9 6 6 9 7 1 8
9 4 11 8 2 3 11 4 13 5 11 15 12 6 7 3 3 14 4 9
11 2 13 6 1 11 9 3 7 5 11 3 9 7 6 4 7 12 1 8
56 26 53 12 32 52 46 48 53 34 51 33 55 55 38 36 39 29 31 49
50 15 51 32 24 45 30 36 46 35 44 27 41 44 33 29 39 31 12 40
59 32 58 35 44 40 57 52 64 47 51 61 69 55 44 44 39 47 31 46
39 28 43 25 34 27 15 29 42 38 37 34 41 35 27 21 28 42 1 18
7 6 7 2 10 10 2 10 8 3 15 5 8 3 5 2 4 15 1 5
44 12 43 27 33 33 23 37 41 30 40 27 32 39 27 19 32 34 11 33
9 7 19 9 6 9 12 12 15 9 18 15 19 12 5 7 14 14 8 20
10 4 12 3 9 9 8 3 10 8 8 6 10 8 5 1 4 6 1 10
55 26 57 30 42 37 30 42 50 43 42 38 53 46 26 20 46 37 13 43
28 11 29 24 17 18 20 21 22 23 28 26 28 20 16 13 24 19 7 20
28 11 23 8 19 24 33 15 30 22 27 21 30 17 17 25 8 17 15 31
5 1 9 5 1 3 1 1 2 5 5 1 1 1 1 4 2 4 1 6
23 14 26 14 13 16 26 15 30 9 30 20 27 20 14 9 10 27 14 26
51 55 66 38 48 26 53 63 64 36 73 56 60 65 36 32 40 62 12 53
42 13 48 27 24 32 27 32 33 28 37 26 40 32 19 15 33 37 6 28
73 42 77 38 33 49 42 39 71 51 53 49 68 65 45 34 42 48 13 38
19 12 21 2 6 11 12 13 21 4 24 7 17 18 6 2 9 15 5 18
23 14 21 6 17 17 24 21 28 12 34 10 18 24 21 11 5 25 2 17
25 11 30 4 13 18 11 12 23 16 17 8 28 20 7 5 19 18 2 16
21 7 24 15 9 25 14 12 12 18 19 16 21 13 13 16 18 12 7 20
39 21 47 20 14 30 48 35 47 18 51 32 46 36 22 25 20 52 24 36
9 5 17 2 5 10 12 3 18 8 11 11 17 9 5 5 6 8 5 17
41 20 43 18 30 39 50 27 40 31 44 34 43 36 29 29 19 41 22 37
33 16 39 8 17 27 9 16 33 27 23 14 33 26 15 20 24 19 1 26
29 22 33 12 21 18 25 15 32 22 30 29 35 25 16 14 13 33 8 23
30 14 28 10 16 28 14 13 28 19 21 12 24 23 13 17 18 15 1 22
45 44 58 35 38 33 36 53 54 40 69 50 51 47 35 42 41 63 11 52
6 3 17 9 8 4 8 10 14 3 18 7 11 9 7 1 7 13 2 13
58 25 61 16 20 45 55 37 60 32 52 40 57 51 38 39 31 30 26 56
51 23 45 26 25 48 49 46 54 25 60 35 46 48 25 40 37 44 31 56
19 12 27 13 20 15 13 20 31 7 28 12 18 23 12 6 16 25 5 24
58 25 59 34 19 49 47 48 47 28 60 42 52 50 41 31 37 44 24 42
65 33 65 40 44 40 52 59 71 46 69 50 61 58 42 30 48 57 14 50
18 12 22 13 11 15 14 10 14 17 19 16 18 13 10 8 13 13 6 14
53 24 66 33 16 35 35 27 44 42 41 45 58 37 27 23 30 47 13 35
42 18 43 11 31 37 34 34 56 22 45 20 41 43 20 27 29 34 9 46
49 23 62 37 21 38 44 38 51 33 56 46 58 39 27 36 38 53 27 50
32 18 36 17 15 22 18 23 34 25 34 26 32 28 21 19 18 32 1 15
41 18 51 27 24 26 37 41 48 21 52 34 46 44 22 19 31 39 9 37
40 18 41 11 19 36 25 23 41 23 43 15 37 37 22 18 21 41 9 24
22 13 21 1 10 13 4 6 21 18 12 13 23 16 8 9 8 16 1 16
42 18 49 4 32 38 26 26 42 39 34 22 46 40 28 25 31 30 6 34
62 35 66 46 36 42 57 50 55 43 59 59 65 51 43 29 44 53 26 48
5 4 9 3 6 4 8 4 4 8 9 8 9 2 3 4 1 6 4 9
59 25 68 28 30 39 50 37 53 40 52 49 64 45 18 20 37 47 25 58
12 5 19 9 13 11 4 10 15 12 10 10 15 14 1 1 15 6 3 17
29 11 29 14 7 24 27 12 30 10 27 16 23 26 19 12 12 16 11 25
12 13 15 7 20 16 14 19 25 6 30 17 16 21 7 12 15 20 9 29
64 41 63 25 27 55 58 32 50 48 50 54 67 43 31 41 36 56 43 63
21 9 26 10 13 17 11 12 23 15 18 12 19 21 9 8 15 5 5 25
49 41 52 9 26 31 40 29 51 30 46 41 56 48 28 24 20 35 22 45
33 8 32 14 11 26 14 9 28 23 20 21 33 16 16 21 19 19 6 21
37 10 40 17 11 31 37 26 42 15 43 20 36 31 16 19 21 37 15 36
26 15 27 1 14 13 26 27 34 6 34 18 31 28 1 8 19 21 14 42
60 24 56 17 31 50 41 43 58 33 49 32 51 53 42 36 36 30 23 46
20 18 36 18 11 16 23 27 25 15 43 22 25 26 19 17 15 29 5 27
8 4 14 2 1 10 9 3 8 4 8 3 14 9 1 1 9 8 1 9
24 6 25 6 13 26 17 17 19 16 25 7 23 19 18 18 17 20 1 12
50 30 51 27 33 38 42 48 52 27 57 39 46 52 48 35 26 46 22 38
12 6 15 10 1 9 10 4 10 5 18 6 7 12 8 3 6 14 2 8
12 1 17 6 6 15 9 6 14 2 18 1 7 13 7 2 7 10 1 12
10 6 9 7 8 13 4 4 7 7 7 3 6 8 6 7 7 6 1 6
57 28 64 20 27 42 50 33 52 36 46 37 58 46 24 23 36 47 21 48
21 19 24 1 14 9 21 16 19 12 26 23 28 17 10 6 5 21 10 25
6 4 6 4 1 1 6 1 6 2 5 6 4 5 3 1 1 3 2 8
28 7 39 17 23 21 27 27 35 21 31 26 32 26 18 10 19 27 8 28
6 3 15 6 4 6 7 8 11 1 21 6 9 11 4 1 7 12 1 11
29 21 31 15 11 21 15 11 38 23 29 27 34 24 23 28 13 26 8 18
18 6 30 8 6 11 9 15 21 7 27 10 19 14 9 2 14 24 1 10
35 32 30 10 22 27 29 27 53 19 45 37 42 38 24 36 15 31 14 39
35 13 41 20 8 23 17 13 30 22 32 24 35 20 15 15 18 29 5 24
48 21 52 38 30 29 37 40 49 35 52 43 44 41 36 23 30 50 15 27
21 15 23 4 10 16 20 9 19 11 18 16 24 21 13 7 10 8 7 18
23 12 30 12 7 11 15 2 16 21 11 22 30 9 5 9 12 17 4 16
15 14 14 3 17 15 17 12 9 14 17 15 15 14 8 6 3 18 6 17
49 40 55 26 33 35 50 53 42 38 55 59 56 48 36 42 25 41 28 52
24 8 32 19 7 14 19 10 29 18 19 22 25 14 12 14 12 24 9 21
11 5 8 2 8 10 3 4 7 6 9 5 8 6 1 2 3 7 1 11
7 9 6 1 4 8 3 3 8 4 5 3 7 5 4 3 3 8 1 5
51 20 55 20 35 40 41 36 55 36 46 30 48 42 31 32 33 36 15 47
24 7 27 7 11 19 20 6 24 19 7 20 32 16 2 11 16 9 8 26
44 34 54 11 14 28 42 25 48 25 44 34 52 45 22 13 23 42 21 43
46 41 52 9 18 24 36 29 49 26 41 34 45 45 25 16 24 33 19 44
29 21 27 13 12 16 19 13 24 20 16 23 27 19 15 15 12 13 10 17
44 23 40 29 38 45 34 40 48 34 44 40 48 41 24 42 42 29 16 54
46 32 62 36 35 46 47 44 62 29 63 43 56 49 28 38 38 58 19 58
56 28 58 31 45 39 49 44 61 40 47 47 57 56 36 20 38 43 14 42
5 5 12 1 4 8 5 11 12 1 20 5 9 10 6 1 8 14 1 10
21 15 24 9 11 15 15 5 14 19 12 19 23 11 4 10 8 16 7 24
6 2 7 1 7 6 1 1 4 1 5 1 7 2 1 1 6 5 1 1
47 32 48 21 31 29 22 35 54 27 45 35 43 47 28 26 25 38 10 35
38 25 39 26 24 25 36 27 38 27 45 45 42 26 23 32 19 38 26 42
71 40 66 28 27 52 43 33 64 46 60 52 69 53 47 49 30 45 24 48
20 8 23 11 13 14 13 13 24 13 16 17 23 13 5 13 17 10 7 24
30 29 36 18 21 28 26 26 37 24 40 39 43 28 15 30 23 39 9 35
6 2 17 8 3 3 8 4 11 6 14 8 11 8 5 2 9 8 3 12
3 1 10 6 9 2 3 7 2 8 7 6 7 1 1 2 4 4 1 7
8 6 19 10 11 8 5 12 10 9 20 5 10 10 6 5 11 13 1 13
73 36 75 28 27 60 71 45 67 47 66 52 72 59 33 40 39 62 41 66
9 2 9 2 12 13 2 7 10 6 9 3 11 7 4 2 9 8 1 9
53 13 53 23 23 37 39 29 59 28 46 30 50 41 27 22 28 43 12 27
71 25 72 20 44 55 49 55 70 53 67 51 74 57 48 51 51 53 26 63
51 34 64 28 41 39 38 42 70 41 52 47 67 51 25 34 44 52 12 51
38 8 41 20 26 32 14 29 33 32 27 16 35 31 18 22 36 18 1 29
19 13 22 13 4 15 5 6 11 16 14 13 18 7 6 12 13 15 4 15
3 1 3 1 1 4 1 1 2 1 1 2 4 1 1 1 1 1 1 6
62 37 70 42 23 53 28 37 58 47 60 46 62 51 38 42 48 58 27 47
6 10 21 1 4 2 9 5 14 7 13 12 23 7 1 1 8 11 2 16
16 13 33 8 6 11 16 17 22 12 29 20 29 16 13 5 13 27 1 15
2 2 13 4 3 2 6 3 7 5 5 7 14 3 1 1 7 4 2 9
15 13 18 3 11 12 11 17 21 6 26 13 16 21 12 7 11 16 4 21
52 34 53 24 36 39 31 42 61 35 56 42 52 47 25 38 39 51 13 62
5 7 10 4 9 7 14 7 9 9 10 12 13 6 7 5 3 7 6 13
9 5 13 6 7 4 1 5 6 10 7 9 14 1 1 1 6 12 1 1
61 34 71 39 20 45 51 55 51 39 66 53 60 53 47 35 38 50 23 44
4 5 8 1 3 2 3 3 7 3 11 3 4 7 3 2 3 5 1 9
32 10 40 22 6 22 19 19 31 23 33 30 35 16 18 21 21 33 12 27
15 15 14 9 4 6 10 5 11 10 9 14 15 10 7 6 6 11 8 14
15 10 25 10 17 13 8 19 14 12 24 13 19 15 8 8 15 19 1 18
64 28 74 25 32 55 54 42 60 44 55 45 67 51 32 29 40 58 26 57
53 15 49 21 29 50 37 34 58 31 46 29 49 49 41 27 33 43 10 27
61 26 63 24 29 55 53 45 59 43 61 44 66 49 26 42 43 47 35 68
28 4 33 11 23 24 29 27 34 19 29 24 36 24 9 12 24 21 11 28
3 4 2 1 1 3 3 1 4 1 1 4 6 1 1 1 1 4 2 7
55 20 58 27 26 37 45 43 57 33 52 37 55 46 24 25 45 48 17 47
1 1 7 2 2 4 6 1 3 4 4 6 10 1 1 1 4 1 3 7
64 30 62 17 52 55 46 61 68 46 66 46 66 62 40 53 56 39 30 75
28 7 33 18 10 18 19 14 30 23 21 27 34 13 8 20 18 21 9 24
41 18 53 28 9 27 28 24 40 28 38 28 41 34 20 13 29 36 7 28
45 33 42 13 14 29 33 14 50 24 36 39 50 34 22 28 14 31 27 43
48 35 50 6 21 35 42 43 54 23 53 35 53 49 30 27 27 33 20 47
43 17 43 19 20 36 35 33 46 18 49 19 36 40 27 11 25 38 11 26
34 16 43 1 22 31 37 31 42 23 38 15 45 37 16 16 28 30 11 39
13 3 23 8 5 8 14 8 16 8 18 10 17 13 3 2 10 7 3 19
54 17 58 29 32 45 37 37 44 42 50 31 49 39 35 26 35 44 5 33
33 6 40 15 11 30 21 21 32 17 35 12 29 23 13 14 21 32 7 26
1 1 12 1 2 5 1 5 6 3 11 1 5 4 1 1 5 1 1 4
74 53 84 38 34 46 50 50 62 56 65 65 74 66 50 44 38 63 24 52
53 46 63 50 39 34 42 54 63 40 68 55 51 58 44 37 33 69 7 29
45 14 48 30 29 33 35 29 44 32 29 28 43 38 23 11 36 31 6 32
39 20 47 20 13 28 19 11 22 32 27 26 37 24 16 14 19 35 4 22
63 49 62 30 29 48 37 50 62 40 71 46 59 58 43 48 40 49 26 54
45 18 55 19 20 32 32 33 52 24 38 23 47 45 19 6 34 35 9 32
36 22 45 27 13 14 30 19 29 32 28 38 44 24 17 13 24 30 12 29
34 28 41 23 23 25 35 33 37 22 48 37 35 38 32 19 15 52 3 17
15 7 20 5 11 19 12 10 17 12 19 10 18 14 11 7 12 17 4 15
41 30 48 24 24 24 36 38 46 26 43 44 47 41 28 17 29 30 13 40
40 22 45 12 19 27 50 37 44 18 43 41 53 40 22 22 23 33 24 39
37 13 35 14 22 31 23 22 40 22 29 19 27 38 29 22 22 20 16 33
50 33 50 18 31 43 49 49 62 23 60 37 53 53 27 35 35 43 26 50
36 16 40 29 31 29 36 32 39 33 40 36 42 30 22 24 31 35 7 31
5 6 15 4 3 7 12 9 9 7 17 12 13 9 7 4 7 13 4 14
3 1 6 1 1 3 9 1 4 7 1 7 8 1 1 3 1 1 1 7
28 17 38 20 18 19 33 25 34 22 37 35 40 19 21 23 14 39 14 22
34 9 43 14 11 29 36 19 42 14 36 20 38 27 13 12 19 30 14 32
60 38 67 23 32 42 39 47 51 40 52 41 62 52 23 27 42 41 23 58
21 10 25 12 17 18 18 18 23 12 27 18 23 17 16 13 12 22 3 17
35 21 42 26 30 21 32 30 44 31 35 32 35 31 24 21 21 36 7 24
39 34 49 28 38 11 40 49 48 32 50 47 50 45 20 16 31 42 10 37
72 23 73 46 38 60 61 43 59 59 54 56 70 51 43 39 46 55 26 48
21 9 16 5 10 16 13 5 21 11 13 16 22 8 2 12 7 15 10 23
67 35 73 50 40 47 55 63 71 45 73 56 68 63 48 38 48 64 18 46
30 10 37 25 16 30 25 28 22 32 35 27 33 22 28 28 28 27 9 22
51 27 55 17 19 39 45 45 54 31 56 43 54 47 41 40 30 32 24 50
52 29 54 31 35 32 31 30 45 44 34 37 47 39 26 15 34 34 4 33
60 48 62 22 48 51 53 41 66 49 59 57 72 60 38 47 38 53 22 60
29 12 39 18 19 19 18 18 20 26 19 22 29 23 9 9 20 21 3 25
36 11 44 9 21 30 16 20 41 27 31 16 37 33 23 17 23 23 1 20
55 33 62 19 26 36 61 61 65 25 77 34 55 66 42 28 33 49 12 44
7 9 8 4 5 12 14 11 11 1 18 14 11 11 14 9 5 15 5 12
21 5 30 13 6 21 23 15 21 12 28 15 23 18 12 9 17 25 9 23
41 24 49 17 23 38 43 32 59 20 52 33 48 45 20 21 27 49 11 45
46 13 49 12 35 44 32 42 54 26 52 14 41 52 30 21 39 37 10 41
52 35 48 19 17 34 39 19 52 36 46 47 55 35 35 39 15 38 21 35
17 10 19 1 4 11 5 2 17 10 5 7 16 12 1 1 6 4 1 17
31 5 32 11 18 28 29 22 36 12 29 16 33 30 14 6 21 19 9 28
32 22 30 17 28 21 24 26 43 27 29 33 38 29 21 29 19 30 11 26
64 26 71 31 38 45 41 49 70 46 63 40 61 62 43 27 47 57 1 32
1 1 6 2 1 4 5 6 4 1 13 6 4 2 9 2 1 13 1 2
37 26 42 21 15 19 32 27 35 29 33 38 44 31 23 16 23 33 6 20
35 27 45 15 28 31 35 34 39 17 45 25 36 46 13 10 27 36 9 45
10 7 20 5 13 15 9 16 17 8 23 9 17 14 8 4 14 15 1 15
15 12 20 9 3 11 5 6 13 14 15 15 14 6 12 11 6 21 1 10
44 26 47 16 19 27 33 18 42 33 36 39 48 30 14 25 22 27 23 55
53 34 58 28 42 50 53 47 66 34 64 41 57 56 28 39 42 53 18 64
79 32 80 23 37 66 63 57 67 51 68 41 74 70 42 35 51 55 28 65
55 39 62 26 47 50 50 58 68 38 70 44 63 62 37 44 49 45 17 67
59 18 64 37 36 47 42 51 55 43 60 31 49 53 36 29 52 45 8 41
6 5 11 4 1 11 7 2 11 3 11 4 8 10 6 2 8 6 1 9
41 36 46 16 33 28 46 32 37 35 38 51 53 34 24 26 25 35 38 51
26 18 30 11 10 11 30 26 37 7 42 26 29 25 19 14 7 31 19 35
38 24 38 25 21 27 17 13 36 32 23 34 40 28 20 24 24 27 7 17
6 4 11 4 3 9 6 4 7 5 9 5 9 6 3 4 6 7 3 10
5 1 7 4 3 7 3 2 6 4 6 1 1 3 4 6 1 1 1 6
25 18 32 19 26 16 19 26 37 15 33 23 28 31 7 11 25 28 3 33
37 8 47 23 20 29 37 32 46 24 46 28 41 31 13 22 29 38 16 39
40 25 46 42 33 45 39 47 49 33 58 39 39 43 37 41 38 46 18 47
44 25 46 17 29 32 38 28 37 30 39 33 42 37 23 14 20 35 16 35
23 7 23 7 16 20 16 15 28 9 27 9 18 27 15 7 14 8 3 19
54 38 62 38 37 40 38 43 58 46 54 54 62 47 28 38 45 50 24 56
63 32 68 46 34 53 50 51 65 45 68 59 64 52 45 47 44 68 22 48
9 6 19 10 10 12 7 11 4 15 17 12 16 6 1 10 13 9 1 17
51 16 57 27 26 37 32 35 53 31 44 24 44 46 26 11 37 45 6 22
45 16 57 20 34 41 44 45 45 35 54 25 44 47 33 21 35 43 11 34
5 4 8 6 2 5 2 3 2 6 8 5 6 1 3 4 4 11 1 4
11 4 17 12 12 2 10 10 15 9 16 12 12 11 6 2 7 11 3 14
32 25 40 21 12 16 25 23 23 29 38 40 42 18 22 23 16 36 13 29
4 4 10 3 2 7 3 1 4 5 5 2 8 2 2 2 4 5 1 5
35 5 33 18 25 34 28 30 28 28 35 29 38 21 25 33 28 23 12 31
2 2 2 1 1 3 6 1 3 1 3 6 8 1 1 2 1 3 3 8
54 30 54 27 19 40 41 41 51 27 58 41 47 44 38 30 29 45 23 43
8 3 15 8 6 7 9 7 10 2 19 5 11 6 7 1 5 18 1 5
26 15 28 11 15 11 12 17 29 17 24 21 27 20 9 10 14 18 3 21
57 49 67 16 28 28 49 46 51 39 58 64 69 47 31 38 23 51 29 59
9 6 12 11 9 8 13 7 12 7 12 14 13 8 9 6 7 11 9 13
14 6 16 2 13 16 14 4 12 13 8 12 18 12 5 3 7 9 5 16
33 33 35 12 29 28 31 31 29 21 41 32 33 37 19 20 18 34 14 39
10 6 13 7 6 6 6 5 4 11 11 7 7 5 4 6 3 5 1 10
54 38 60 29 27 33 45 42 50 40 51 56 60 39 26 38 31 36 36 65
30 18 39 11 12 15 23 26 33 16 31 19 34 32 7 4 28 24 9 33
50 35 54 16 37 46 47 42 54 28 56 36 52 57 28 21 33 50 15 47
12 8 12 6 13 14 5 7 10 10 6 7 12 12 1 4 11 6 1 13
9 3 12 7 3 10 2 4 1 10 8 6 11 1 1 7 6 6 1 9
58 27 72 29 39 49 56 62 68 35 75 37 61 64 36 28 45 67 13 40
45 49 53 23 39 34 39 39 48 41 49 56 59 48 31 41 27 58 15 46
64 37 79 36 46 55 39 62 77 44 77 42 65 70 39 42 56 73 11 50
58 20 61 17 14 42 38 33 60 31 51 39 57 45 33 32 29 40 20 51
15 11 21 8 18 14 18 9 16 15 13 21 26 12 5 7 12 11 11 24
21 21 28 13 15 10 22 25 24 15 32 30 32 20 16 15 11 28 7 18
26 5 30 9 17 27 18 13 17 26 18 19 29 17 9 14 16 13 4 25
39 15 51 22 11 30 28 26 37 29 38 32 50 18 11 24 30 34 22 42
41 11 49 19 22 38 39 34 44 24 42 19 38 43 21 15 32 30 12 31
55 40 62 23 34 44 54 50 64 33 58 54 68 52 19 37 39 48 31 69
33 19 33 8 8 23 23 23 20 18 33 28 37 20 15 16 16 21 13 31
22 20 38 24 10 21 25 26 25 22 35 30 33 26 21 24 18 26 9 25
46 28 43 11 27 39 38 30 57 27 48 34 52 40 12 30 29 46 30 52
53 34 58 33 17 32 46 26 53 29 49 51 56 38 33 36 17 43 27 42
31 21 39 13 15 16 10 15 32 26 26 22 31 24 12 11 17 22 3 23
39 11 41 14 24 31 29 29 37 22 35 17 38 37 13 11 31 29 14 30
30 11 33 9 20 23 13 20 29 22 20 17 28 26 13 16 19 5 5 29
10 8 14 6 3 12 11 5 13 8 14 9 15 8 8 9 7 15 6 14
41 29 46 11 21 20 15 23 41 30 33 24 39 35 19 20 21 23 8 35
51 26 43 23 19 39 41 27 45 30 44 39 49 32 30 38 20 30 31 47
61 36 69 32 38 52 42 40 52 55 46 49 64 47 38 40 44 49 34 61
16 17 23 12 23 18 20 23 33 11 32 22 26 24 11 18 20 24 10 32
51 25 56 24 31 43 41 37 44 30 50 33 44 49 25 17 33 44 12 40
9 6 5 1 4 9 10 5 14 4 15 5 6 12 10 6 1 5 2 10
44 18 49 14 23 40 47 37 43 30 53 25 38 45 38 27 27 38 10 34
46 42 63 18 8 25 42 42 53 25 58 47 59 49 36 26 25 47 19 37
43 18 46 18 23 38 51 37 52 22 52 33 48 40 39 34 25 48 16 32
19 2 25 8 11 18 17 20 18 13 23 9 24 16 4 5 19 21 4 12
31 10 38 9 16 31 12 19 32 21 21 11 33 26 11 15 28 19 5 32
6 2 7 5 6 7 7 3 7 6 4 9 9 2 1 5 4 1 6 9
33 10 41 24 19 32 24 26 34 22 40 18 29 31 23 15 25 27 4 26
44 37 49 13 33 36 38 50 64 21 64 37 54 57 29 32 34 51 12 50
32 25 35 15 14 22 37 25 36 17 44 38 39 24 22 29 10 33 23 39
63 29 67 35 40 47 39 39 65 48 58 50 65 47 34 45 43 50 33 65
38 10 42 16 29 32 32 30 38 28 31 18 40 37 17 7 34 27 3 23
45 21 53 23 30 46 27 41 40 37 47 29 49 39 19 30 46 40 18 53
57 37 65 23 26 42 47 51 55 40 56 53 69 51 36 42 34 43 26 59
68 33 63 36 35 51 60 44 72 44 70 53 65 56 54 49 26 61 23 44
1 1 11 4 5 1 1 5 3 6 8 4 5 1 1 1 3 1 1 6
18 6 23 9 5 22 16 9 11 14 16 9 19 12 5 10 15 11 4 16
16 5 21 9 8 12 15 10 14 10 21 13 17 13 7 1 10 14 1 10
28 18 34 8 3 20 25 18 34 6 32 18 30 29 15 11 15 17 15 34
49 27 59 33 22 40 19 31 50 33 53 30 44 42 33 23 33 48 3 24
67 40 75 26 38 43 46 50 55 53 49 59 72 57 36 35 46 45 34 65
19 19 36 18 17 20 19 30 33 17 44 29 33 22 15 24 24 38 5 34
31 24 37 6 16 19 25 23 38 22 36 19 36 33 15 14 23 26 4 28
65 31 69 47 43 45 44 43 50 55 48 51 58 48 36 17 42 56 8 37
6 1 7 4 4 3 1 1 4 1 6 1 1 2 3 1 1 6 1 1
4 4 11 1 5 7 13 2 9 7 6 11 14 5 3 3 2 2 3 12
12 1 14 1 13 17 9 12 15 5 16 3 14 12 3 4 12 11 2 17
9 7 11 6 5 5 6 5 10 3 14 4 6 6 8 1 1 16 1 3
44 17 51 14 25 30 33 36 52 25 44 24 48 45 28 18 30 32 4 33
57 37 59 25 10 39 50 41 54 27 59 53 61 44 41 42 23 50 30 45
3 6 7 4 5 5 9 5 5 6 10 9 11 4 4 3 3 10 6 10
13 8 21 10 5 12 10 9 21 5 19 1 9 16 14 7 8 15 1 10
47 28 51 7 21 29 24 28 50 28 44 26 46 44 25 23 24 28 8 39
5 4 2 1 8 7 2 7 7 1 12 2 1 6 1 2 1 8 1 8
7 2 8 4 1 8 8 1 6 1 14 6 4 7 8 1 2 10 1 4
7 7 14 7 5 4 5 4 11 5 14 6 8 8 6 2 5 10 1 10
27 17 29 11 9 17 18 23 26 13 32 26 30 21 11 17 18 12 16 38
59 32 60 16 33 41 54 55 66 35 71 44 65 51 20 39 42 53 24 68
22 8 22 15 7 17 9 12 15 15 18 18 18 13 10 13 14 8 6 21
7 5 10 6 6 6 11 5 13 3 13 8 7 9 8 3 2 10 5 13
65 28 63 22 42 51 46 45 67 50 49 37 70 60 34 30 49 43 14 42
34 25 32 19 18 30 18 24 32 23 37 29 32 26 20 27 25 31 13 35
10 5 15 7 7 6 19 6 17 9 16 17 18 4 7 10 1 14 13 17
12 9 22 9 10 9 12 21 14 9 27 15 19 15 7 6 10 19 1 16
19 5 23 1 18 14 25 21 31 16 26 13 26 20 15 18 13 12 6 26
45 15 47 23 18 35 24 25 38 23 34 17 36 33 17 13 31 32 9 29
44 15 41 23 27 45 36 35 45 24 50 25 42 40 23 29 35 37 15 45
19 3 29 12 7 14 28 16 26 11 23 21 29 16 14 6 13 26 3 12
30 13 35 11 21 21 28 23 40 18 24 22 40 33 9 7 29 20 7 30
7 3 17 9 1 8 4 1 1 12 8 6 11 2 3 6 8 7 1 6
28 15 30 10 25 25 26 23 19 22 25 24 30 27 11 5 21 25 7 20
50 26 59 24 14 33 51 45 57 20 58 45 53 46 29 28 27 41 27 49
24 16 35 11 20 15 16 29 33 15 31 16 31 27 6 6 27 30 4 27
9 3 15 8 11 12 13 10 11 9 20 7 13 11 12 6 9 11 1 5
16 12 28 7 9 11 17 10 21 12 23 18 23 15 14 5 5 23 1 13
48 30 56 36 38 29 42 48 52 37 55 41 44 49 32 7 39 48 6 35
37 26 33 17 27 23 31 31 45 23 42 41 42 31 23 31 18 39 16 32
20 3 23 10 7 23 18 13 22 11 23 11 16 20 19 5 11 21 1 12
9 1 17 8 8 8 10 12 10 10 19 16 18 3 1 11 10 14 5 21
16 1 25 8 1 19 17 13 21 1 26 2 15 19 8 1 14 22 3 15
64 37 68 19 42 36 50 59 73 39 62 53 74 63 32 24 51 52 20 56
42 34 43 17 28 21 33 25 29 32 23 38 44 36 18 9 23 27 17 28
53 16 48 25 20 41 40 30 49 29 41 32 50 37 26 29 35 34 20 43
57 48 66 19 38 36 55 48 61 42 54 54 71 60 38 35 31 45 26 52
24 13 29 3 4 19 14 9 18 17 20 15 26 16 11 12 10 23 1 12
22 20 23 1 15 10 22 24 32 9 29 17 25 26 10 13 7 12 10 32
38 6 42 23 20 39 35 32 46 19 46 20 33 39 29 18 30 33 7 27
38 10 37 24 24 34 33 37 40 20 48 18 29 39 25 16 29 37 6 24
19 4 19 3 12 21 16 9 19 8 19 3 15 20 10 3 10 7 1 11
47 25 48 15 20 38 32 34 39 31 45 30 42 42 30 29 24 22 18 44
33 24 40 13 23 27 27 23 19 29 34 29 32 24 18 16 17 36 15 35
3 3 4 1 7 3 3 2 5 1 3 6 8 3 1 1 3 1 1 10
69 23 74 40 45 60 52 56 65 54 63 40 64 63 45 30 59 51 11 52
20 11 26 14 23 7 14 21 15 21 20 21 24 12 9 2 16 25 1 8
10 7 9 6 3 5 7 2 9 4 11 5 5 9 7 3 3 7 3 8
45 27 52 23 35 46 47 47 64 23 62 40 55 50 32 40 34 59 18 52
62 36 67 26 12 41 54 38 59 35 62 53 65 53 40 36 20 58 19 44
49 12 45 19 32 45 33 35 50 34 46 31 48 41 31 38 36 31 23 51
5 4 11 8 8 6 5 8 7 7 13 9 9 5 5 1 8 9 4 10
65 25 69 21 32 53 51 47 54 42 63 35 59 56 31 25 40 52 18 50
1 1 11 2 4 4 5 10 4 1 19 7 7 2 7 1 1 11 1 5
7 11 6 1 1 1 5 1 9 3 8 12 12 4 1 1 1 11 3 8
16 14 23 9 9 14 11 12 18 13 20 11 18 15 7 9 11 12 6 20
34 20 48 14 20 28 32 37 38 22 45 23 41 38 17 17 31 36 5 33
19 2 23 7 9 21 18 11 20 13 23 7 18 15 13 12 11 14 1 14
6 5 6 4 4 4 5 3 7 2 11 2 1 7 6 2 1 6 1 4
10 12 19 5 8 11 15 7 12 11 15 11 17 13 8 1 8 14 1 16
49 30 55 29 33 24 47 33 55 34 46 44 51 42 23 13 26 42 17 44
25 10 29 14 15 19 22 8 29 21 16 25 33 16 8 13 17 16 15 28
54 43 58 27 21 33 37 37 64 32 64 47 54 53 40 31 29 54 17 40
37 27 48 24 14 25 41 42 49 15 60 34 41 45 38 18 20 48 9 27
22 5 26 17 10 8 18 8 21 15 12 19 26 10 7 6 15 20 5 11
33 6 35 10 21 29 25 20 27 25 19 11 34 28 12 12 27 18 1 19
39 7 41 14 26 41 31 32 40 26 41 17 40 33 20 24 35 28 13 37
67 35 67 32 45 47 46 47 69 49 59 38 62 62 45 26 42 50 5 37
14 9 15 8 13 15 14 12 14 13 18 9 11 13 11 12 6 8 4 16
30 13 35 15 22 22 26 22 36 19 27 19 29 30 18 9 16 26 7 29
46 27 57 37 34 37 48 40 58 35 59 47 52 44 27 33 39 54 27 53
45 39 53 19 18 24 31 21 41 35 38 39 45 41 29 23 16 34 16 34
49 42 60 33 24 37 37 52 54 33 68 56 61 48 33 42 39 56 24 55
31 21 43 11 18 22 24 29 36 25 46 20 35 30 30 26 15 34 1 21
8 4 12 5 10 11 1 6 11 6 11 4 5 8 6 3 7 6 1 10
47 46 57 42 43 39 51 42 63 43 53 59 61 47 28 47 39 47 34 65
27 7 33 17 9 21 6 10 22 18 25 12 19 14 15 11 12 24 1 16
63 22 68 20 49 54 50 52 49 54 51 40 63 56 36 33 52 47 14 49
26 5 30 15 5 28 17 12 24 18 18 20 29 18 9 19 24 13 12 34
53 22 56 22 15 44 48 39 55 33 57 34 56 43 31 35 36 44 26 52
66 52 70 31 43 56 58 56 61 49 71 62 71 64 49 52 41 62 27 64
25 10 25 9 2 15 18 8 24 12 11 20 31 12 1 9 16 17 11 24
7 7 7 4 1 8 14 1 13 1 11 10 11 11 9 3 4 5 7 12
35 28 51 33 31 24 44 40 38 30 48 42 43 41 31 10 25 46 8 28
25 6 35 21 17 25 21 29 29 16 41 23 26 23 19 19 23 28 7 29
9 1 15 10 5 5 3 2 6 8 8 4 4 3 5 3 4 7 1 6
56 38 62 15 28 34 52 32 59 31 47 45 61 52 25 18 29 43 25 54
51 26 53 41 34 32 40 42 44 38 49 42 43 42 34 14 33 45 9 27
27 26 31 11 10 14 13 16 31 16 34 21 28 26 19 15 10 27 8 20
45 21 53 19 51 41 42 43 52 41 48 33 48 52 30 28 42 39 11 43
53 30 58 26 30 40 60 52 51 39 67 50 63 49 46 49 31 51 24 49
18 12 28 13 17 9 14 14 20 16 20 16 20 15 9 4 10 20 4 18
25 12 34 18 7 19 18 18 23 18 29 24 28 17 17 19 15 28 10 28
20 21 23 5 12 11 19 14 23 14 26 21 24 18 14 8 5 21 7 20
16 4 23 10 8 15 8 3 13 16 8 12 21 6 4 6 13 11 1 10
5 1 7 1 10 8 1 5 7 1 13 1 5 6 1 1 5 8 1 9
51 29 54 26 18 37 38 19 54 34 48 40 49 40 29 29 18 46 16 38
52 41 58 15 11 35 44 29 37 40 38 53 59 37 31 30 27 37 33 47
42 19 44 20 6 39 17 18 31 31 34 24 40 28 20 26 27 34 8 23
51 22 57 33 29 34 31 37 48 36 49 34 44 40 27 18 37 42 5 35
29 16 40 21 24 15 29 33 35 23 41 30 33 32 17 14 27 29 3 28
58 37 65 37 35 49 54 50 61 39 64 53 62 59 34 39 44 51 26 69
19 10 30 17 5 16 14 12 15 18 24 16 20 16 12 13 16 14 7 24
20 16 21 6 26 22 18 22 26 18 27 13 20 21 10 20 12 22 1 21
31 15 47 27 26 27 35 37 41 24 46 34 36 36 27 21 25 38 8 30
24 11 33 19 11 13 13 18 28 14 27 15 21 20 16 3 16 27 1 12
28 7 36 14 7 32 31 23 35 11 37 9 27 33 21 8 21 29 6 20
60 32 65 26 34 46 53 41 56 44 51 48 60 50 42 40 23 54 22 43
72 25 75 37 39 55 51 36 70 53 51 49 72 52 28 40 53 58 34 60
53 41 65 42 30 44 43 50 63 41 75 51 56 58 48 44 34 60 6 35
56 17 63 21 35 49 41 51 68 32 62 31 55 56 31 29 46 55 19 55
52 23 53 17 24 44 44 42 57 30 51 38 47 53 45 30 28 34 24 43
50 23 52 22 15 38 39 40 40 28 47 35 51 38 25 27 33 35 25 41
20 7 16 10 12 18 3 13 11 13 20 10 14 11 6 10 12 15 3 19
9 1 9 4 5 11 5 1 12 1 9 1 4 7 8 1 3 8 1 3
25 19 29 6 14 14 11 12 34 13 24 15 26 26 12 6 15 20 4 24
12 13 14 4 7 5 13 5 8 11 10 14 15 10 6 2 4 7 5 14
25 3 30 11 23 24 18 23 26 25 21 19 29 21 15 18 20 12 3 22
25 19 23 7 11 16 18 16 24 14 24 22 25 18 15 13 9 19 12 25
22 14 34 8 10 16 5 17 22 18 28 12 26 17 3 13 18 22 1 21
25 9 28 21 5 23 16 16 19 17 25 17 22 13 19 13 14 25 8 18
11 3 15 1 5 12 6 4 14 5 11 2 12 14 1 1 9 4 1 15
75 39 79 25 37 58 62 60 72 45 69 48 72 69 42 41 44 56 31 56
25 17 30 24 30 17 22 30 29 24 33 29 26 24 18 7 25 33 3 22
8 9 12 6 6 6 4 5 11 8 8 9 12 1 6 4 6 12 1 7
20 5 28 21 7 14 14 12 14 17 21 15 15 12 12 7 11 16 1 13
34 23 30 6 6 19 28 9 42 9 26 28 33 27 22 18 5 21 20 31
48 14 44 13 12 37 40 28 54 18 44 26 43 42 29 20 22 39 12 33
13 4 21 12 4 15 17 7 19 7 17 9 14 13 12 7 8 14 7 16
52 22 51 18 33 41 47 34 57 36 53 37 52 42 33 41 29 34 27 56
24 15 33 18 22 14 22 21 18 25 20 23 33 17 8 3 21 24 2 15
52 14 52 32 21 42 43 34 50 29 44 32 48 42 23 18 38 45 17 33
36 20 38 20 21 21 29 18 23 31 24 30 30 29 17 11 19 26 9 23
22 9 36 16 11 12 13 19 17 20 28 21 24 15 11 10 19 20 1 23
64 25 71 25 40 50 49 39 57 50 43 45 69 47 23 32 43 45 26 56
27 12 31 5 19 27 22 15 36 21 19 17 36 25 16 16 20 14 7 27
34 20 40 22 23 31 32 39 41 15 50 24 35 38 17 13 30 45 12 32
34 15 33 19 9 24 33 17 37 19 34 29 31 24 21 27 11 18 21 37
26 14 27 6 17 16 6 14 23 17 21 11 24 18 10 10 16 15 4 21
63 40 68 41 47 46 57 49 61 52 62 65 72 50 33 35 48 57 28 64
19 8 29 9 6 17 17 20 25 3 34 8 16 24 15 3 14 27 1 15
67 32 77 27 42 54 57 59 60 49 68 44 65 68 39 33 49 57 10 54
62 17 63 36 32 47 47 45 64 43 59 39 60 51 41 33 42 55 7 30
7 3 12 4 6 14 14 8 17 3 15 9 13 10 9 7 8 8 7 15
21 14 22 8 12 13 11 7 22 11 21 16 24 16 11 3 11 18 4 12
46 22 50 32 41 45 47 51 56 32 58 33 48 50 21 32 46 52 17 43
3 1 14 3 3 5 3 5 6 2 14 4 10 4 1 1 6 10 1 7
50 40 61 37 32 31 47 54 50 41 62 56 64 45 25 36 48 52 27 62
22 7 25 6 15 21 20 19 26 10 23 11 26 24 6 4 19 12 3 18
19 12 26 8 17 11 2 12 19 18 15 10 19 13 6 6 12 15 1 14
9 6 17 5 5 10 14 6 9 10 11 11 19 6 4 4 9 10 5 13
68 40 78 31 47 36 53 48 64 53 57 55 73 55 16 25 48 62 21 66
16 6 26 13 19 10 11 23 20 13 25 15 23 18 5 1 23 19 2 15
14 1 14 8 1 14 8 3 13 7 14 13 13 4 7 11 7 12 5 18
25 4 36 15 10 23 27 20 31 14 30 20 31 23 13 6 22 28 11 24
11 2 25 7 5 14 10 8 10 13 18 13 17 8 6 6 12 11 1 15
29 8 30 6 11 30 21 19 30 15 26 10 28 30 10 11 23 16 10 31
7 7 11 4 5 3 5 3 10 7 7 10 13 1 1 3 2 8 3 14
6 6 9 3 5 5 4 7 7 4 14 9 11 1 5 1 4 16 3 5
61 32 69 22 22 34 44 45 60 38 51 53 69 47 25 29 42 44 25 60
25 14 16 1 8 15 18 6 30 7 14 19 27 17 11 12 5 12 12 22
35 15 36 8 20 33 46 39 47 13 55 23 41 42 27 22 22 37 19 38
29 15 28 18 20 26 23 27 32 10 38 16 21 32 17 13 20 28 6 23
1 1 11 3 1 5 7 1 2 6 5 6 12 2 1 1 7 4 1 5
14 8 19 3 8 17 14 7 13 11 16 8 16 14 7 5 10 13 1 13
26 21 26 6 2 10 20 1 25 20 12 28 31 13 11 15 1 19 11 22
61 28 68 18 46 53 58 56 64 40 63 34 61 65 29 29 48 55 23 57
23 7 29 10 20 24 26 21 27 22 22 23 36 21 17 16 21 17 6 19
12 8 12 9 8 10 10 6 11 6 17 5 7 12 10 1 6 15 4 7
15 4 24 11 7 15 9 3 14 16 5 13 21 10 2 6 14 5 1 15
46 21 59 23 26 39 40 48 54 29 64 30 48 46 26 27 38 54 15 44
27 19 29 12 18 10 23 22 35 12 33 26 29 26 12 7 18 25 13 32
39 15 40 15 15 26 39 30 37 15 39 28 36 36 22 10 19 27 13 26
2 3 9 1 4 2 5 2 1 4 8 3 6 2 2 1 1 5 1 5
24 11 24 17 1 15 11 9 17 14 21 11 13 13 15 10 8 26 1 10
15 16 23 3 17 7 19 25 20 10 31 20 22 22 8 5 11 16 1 23
22 12 26 11 20 19 13 13 20 21 12 16 26 17 8 9 18 9 5 19
47 40 58 17 39 30 43 45 53 35 50 54 62 48 29 30 31 50 25 54
49 24 60 18 31 33 23 36 56 36 48 32 55 44 12 22 43 46 9 43
28 19 24 10 15 25 8 7 29 20 23 17 26 23 21 18 12 24 2 10
20 4 29 14 6 19 23 19 22 8 28 18 26 17 12 10 16 26 7 20
38 18 46 16 32 43 44 47 58 17 62 23 43 54 22 20 39 43 11 47
19 5 32 19 9 13 20 17 19 17 23 15 19 17 15 4 14 24 1 7
11 1 14 7 2 13 6 2 12 4 12 1 2 9 9 7 4 6 1 9
7 6 12 5 1 8 7 4 8 6 9 6 8 9 3 5 6 6 3 14
13 13 24 8 17 10 9 17 18 12 22 13 21 12 6 4 13 18 4 19
23 12 30 11 27 19 17 18 13 24 13 19 29 19 1 1 21 17 7 19
56 31 67 18 44 36 39 50 63 52 56 45 66 53 36 38 41 46 7 45
20 9 13 8 2 13 17 1 21 4 11 12 15 13 10 8 3 13 9 17
4 1 9 5 3 7 3 2 7 5 10 3 5 4 6 5 5 8 1 4
6 10 15 3 4 4 8 4 10 9 8 10 14 4 2 1 2 10 3 11
1 1 2 1 1 3 4 3 5 1 9 7 4 1 4 1 1 8 3 6
55 39 62 12 35 41 50 49 49 39 53 51 64 55 31 36 35 34 26 62
48 35 54 24 26 28 42 30 49 32 44 35 49 45 12 17 34 37 11 50
56 30 59 18 33 40 42 29 50 48 44 44 61 38 24 39 29 40 21 54
39 8 35 18 17 37 38 27 43 14 40 24 35 37 23 13 26 33 15 29
60 34 57 32 22 47 51 40 59 33 62 45 56 43 36 43 31 51 36 58
40 5 43 12 24 35 28 20 33 33 17 27 46 28 12 20 29 21 10 35
59 32 59 34 33 42 49 42 56 35 47 45 58 53 34 21 43 37 24 48
7 3 10 4 5 12 8 1 12 2 8 5 9 9 7 1 7 7 3 11
16 5 20 3 9 13 15 9 18 5 21 6 19 15 4 1 11 17 3 18
22 4 24 10 12 18 14 11 27 9 20 11 20 14 11 7 10 20 6 17
54 31 53 17 26 35 44 28 51 31 45 44 56 45 30 21 19 43 20 38
3 1 7 6 7 1 1 5 1 6 6 2 1 1 1 1 3 2 1 4
45 31 51 16 30 38 34 28 48 34 46 40 52 37 15 33 26 44 16 53
43 18 43 22 18 31 26 35 34 21 44 31 39 34 22 21 27 30 16 40
60 43 73 23 30 36 59 49 59 45 58 58 76 55 26 36 34 60 32 53
22 15 25 10 9 16 18 8 12 20 14 20 22 16 7 11 9 8 7 21
62 48 72 30 38 29 57 44 66 43 62 64 70 54 33 35 29 60 27 56
33 36 38 12 13 17 36 28 42 18 47 48 47 27 27 32 5 40 26 37
71 39 74 28 47 39 46 54 74 51 61 57 77 61 28 38 54 53 28 69
33 7 37 25 8 32 21 18 28 18 34 19 25 27 21 12 23 28 4 23
6 3 8 8 13 6 3 10 3 7 8 9 8 3 2 1 7 6 2 7
17 8 17 13 7 14 14 9 17 7 19 9 9 13 12 7 3 16 4 17
23 16 30 13 18 14 22 14 22 18 24 22 26 17 12 7 8 30 9 22
10 4 4 1 12 14 6 8 10 1 13 1 7 10 7 4 4 6 1 5
8 4 19 8 1 6 1 1 4 13 4 7 11 1 1 5 5 6 1 10
2 1 5 1 8 6 6 12 10 2 18 8 5 4 5 3 1 11 3 13
22 14 30 9 8 11 14 7 25 18 12 21 31 16 4 6 15 10 8 24
38 35 47 18 27 34 40 35 40 26 41 39 49 41 14 24 29 34 21 52
60 28 62 36 35 38 36 41 59 43 47 45 55 48 36 22 39 44 15 41
17 1 20 1 15 21 9 15 23 7 20 1 14 20 10 6 14 7 1 17
9 1 11 6 3 11 2 3 2 6 11 6 9 2 1 4 9 6 1 10
24 6 26 15 11 24 18 12 26 14 19 11 17 24 18 3 14 18 2 15
37 28 36 10 10 19 25 26 45 18 38 37 40 35 27 22 11 26 13 26
20 5 18 3 4 20 14 10 24 4 25 3 13 17 15 4 6 23 1 6
11 4 18 3 8 13 2 5 13 10 6 2 12 10 1 3 9 4 1 13
11 5 20 10 5 8 7 2 5 17 4 13 16 5 2 6 8 6 1 13
48 26 50 12 47 41 35 45 52 39 46 23 47 51 27 31 45 30 10 49
49 39 63 28 44 42 47 49 57 39 59 47 60 54 34 40 35 54 10 51
26 9 25 20 9 20 12 13 15 17 25 17 20 14 15 13 15 19 5 16
55 46 59 41 36 31 35 39 59 46 53 55 56 48 39 29 35 48 18 42
32 37 36 9 24 21 22 27 33 24 39 36 40 35 21 21 13 38 9 28
23 10 27 2 14 22 25 8 22 15 14 16 28 23 6 4 13 14 7 26
29 16 32 19 17 30 28 33 33 23 45 33 33 24 21 36 20 34 19 42
36 5 38 21 19 32 21 27 31 29 27 29 38 26 19 23 33 23 8 32
35 12 35 11 17 32 29 15 26 24 23 16 33 30 14 14 24 17 7 27
45 8 47 28 22 37 47 32 47 28 41 32 43 41 28 18 28 31 10 26
51 38 63 29 41 36 40 51 67 43 68 48 63 57 39 37 43 59 5 37
38 32 39 24 17 29 49 26 46 18 51 45 43 35 37 36 12 38 32 39
77 45 82 42 34 60 44 57 77 47 81 48 69 72 47 42 55 66 24 59
40 17 38 16 32 29 22 26 44 28 32 19 34 36 26 19 22 26 5 26
9 3 7 4 3 8 1 1 2 6 2 3 5 1 1 5 4 3 1 9
32 21 41 11 29 30 37 32 31 24 44 25 36 38 26 18 20 35 8 31
25 16 33 12 5 16 6 4 19 23 12 16 28 14 7 10 13 18 1 9
49 38 56 20 30 29 37 37 54 40 49 44 58 51 34 30 31 44 5 33
24 23 35 15 23 22 19 31 36 14 42 22 32 30 8 15 28 36 7 36
37 25 33 4 17 23 30 15 33 22 27 22 35 32 25 17 11 20 10 24
46 29 51 5 15 30 32 22 40 27 36 26 47 41 17 13 21 36 17 35
57 31 56 35 26 48 62 51 65 28 76 50 55 54 45 48 28 57 28 55
13 4 15 5 19 19 10 14 19 9 16 10 21 13 7 9 15 13 7 20
42 17 47 17 25 30 20 34 38 27 42 26 41 34 16 21 34 43 6 34
27 4 25 5 21 30 15 18 26 23 22 13 25 24 18 20 19 14 5 26
48 31 57 18 31 32 29 28 51 36 42 31 49 43 24 24 24 43 13 45
4 4 10 2 3 6 6 1 4 6 3 6 7 2 3 1 1 5 1 7
60 21 63 37 40 51 50 39 61 43 52 46 62 49 35 33 44 55 31 49
57 9 56 34 33 43 49 38 59 42 43 44 53 47 38 30 35 43 13 32
41 19 44 14 37 43 28 37 54 26 48 19 39 48 33 30 31 38 3 36
23 15 19 9 12 15 27 16 28 9 29 20 27 21 18 16 10 17 15 21
40 29 48 18 7 29 43 19 46 23 43 39 46 31 26 31 13 27 30 46
10 1 15 7 2 9 7 4 5 8 6 7 14 4 1 2 11 4 1 10
48 30 58 27 33 32 40 45 54 31 52 38 55 49 32 16 36 53 7 31
28 11 35 18 20 14 19 10 20 24 13 19 26 18 8 4 14 22 4 17
6 2 10 6 4 4 2 1 2 8 2 6 10 1 1 1 5 5 1 3
42 10 51 26 18 32 30 27 45 24 33 24 40 36 18 8 32 35 7 27
30 24 36 21 14 21 8 13 29 28 28 29 33 21 16 21 17 24 6 23
18 4 21 18 13 16 7 11 12 18 11 14 15 9 6 11 17 10 1 11
16 9 27 13 10 16 6 15 15 14 24 11 18 13 8 9 19 18 1 17
29 6 34 19 14 28 33 20 36 17 29 20 29 27 22 15 19 20 10 21
56 31 58 23 47 40 49 47 56 40 55 35 55 57 32 20 40 47 12 43
32 19 30 11 12 20 13 13 29 21 22 24 31 20 13 17 15 18 12 32
47 41 58 36 47 46 39 50 59 43 57 52 58 51 35 48 45 51 17 53
67 26 67 30 36 57 59 47 54 51 54 47 70 51 29 42 50 55 33 58
10 1 11 4 5 13 2 1 4 7 3 2 8 6 1 3 9 2 1 9
58 23 66 20 29 47 58 37 59 42 52 38 60 48 36 34 33 50 24 47
8 3 12 7 13 10 6 11 9 6 12 11 16 7 1 1 12 10 2 10
52 40 58 30 40 54 35 43 62 41 62 43 58 55 24 44 45 58 20 46
72 36 82 29 50 54 52 53 67 57 60 54 73 62 42 37 51 60 26 56
25 11 31 3 15 22 9 10 23 24 13 15 31 17 13 12 19 17 3 17
73 38 67 34 17 58 60 40 66 38 58 55 69 51 42 47 38 50 45 61
21 14 32 14 11 11 15 14 26 13 23 15 23 20 8 4 18 18 3 24
13 8 20 7 5 3 14 5 15 11 11 18 24 6 1 7 7 6 8 20
4 1 9 5 11 8 4 14 7 4 18 7 9 6 3 2 10 12 1 6
15 8 10 1 19 18 13 18 18 9 25 9 14 16 15 10 8 19 1 14
60 27 72 32 44 49 43 61 71 40 68 47 64 61 30 31 57 63 10 59
21 13 28 15 6 12 14 14 27 8 25 10 16 22 15 3 10 19 4 15
29 19 34 17 25 25 25 29 40 20 42 24 32 31 16 20 23 31 6 31
23 14 32 14 11 22 30 30 32 6 45 17 25 31 19 12 17 39 10 27
47 24 45 36 38 40 31 41 41 39 45 34 41 41 31 25 43 38 7 34
71 42 78 36 22 49 49 47 70 47 66 54 75 61 40 42 47 55 31 55
15 10 18 6 4 11 13 7 18 4 17 10 15 18 9 2 10 8 6 18
18 6 29 8 15 20 14 20 25 10 31 7 20 24 8 5 20 21 3 25
24 23 37 15 20 16 30 24 16 24 31 31 28 25 22 15 8 32 8 21
48 22 58 31 34 44 52 52 64 26 68 41 55 58 41 26 38 56 14 38
46 33 54 31 29 19 19 30 47 40 45 42 46 37 22 21 33 46 5 28
9 4 7 5 9 11 12 5 15 3 11 8 8 10 10 5 3 7 3 10
2 3 3 2 1 5 5 1 5 3 5 5 5 3 3 3 1 6 3 8
48 25 56 19 29 40 49 44 50 37 62 39 54 42 42 43 30 54 13 39
46 25 50 23 36 30 35 43 53 28 47 33 48 47 27 8 39 37 6 37
63 27 62 30 13 49 53 39 60 34 64 47 62 49 39 42 29 63 24 40
42 17 41 15 12 36 40 35 38 21 46 36 46 31 16 31 28 33 31 49
47 12 54 39 25 40 36 42 43 33 48 28 39 42 32 20 39 41 8 27
39 19 41 10 15 29 38 25 34 14 35 25 37 37 19 10 13 23 16 36
23 26 31 7 20 14 24 22 27 20 28 29 32 25 15 15 6 32 6 25
57 27 57 23 31 45 61 34 56 37 55 42 56 47 38 36 21 42 28 52
57 39 59 15 21 43 38 31 45 44 32 49 60 43 30 36 29 29 30 56
15 3 24 18 8 15 16 15 21 9 22 13 15 17 16 1 13 19 3 11
68 27 72 20 44 54 53 58 65 45 70 42 64 67 45 35 43 47 15 61
47 27 51 33 22 31 40 32 40 46 42 52 57 25 29 39 28 44 23 34
37 17 45 17 20 28 28 33 41 18 42 21 37 40 17 13 33 36 10 32
64 43 63 32 32 45 53 42 66 42 63 60 68 53 39 50 30 51 25 53
31 13 39 27 16 16 25 25 31 23 31 29 30 21 23 9 18 38 6 12
21 14 30 12 9 15 24 16 29 14 28 15 20 24 15 8 11 21 6 25
48 19 56 26 24 34 33 42 49 24 52 32 43 47 29 16 34 36 7 33
12 1 17 6 12 13 11 8 11 11 8 10 18 10 1 1 13 3 1 6
57 13 71 35 21 47 45 45 59 36 57 42 62 46 34 36 40 51 17 47
53 37 56 23 56 41 41 46 48 52 39 51 57 52 28 30 46 41 27 56
46 33 42 18 14 32 36 36 42 27 46 46 47 30 25 39 22 37 35 54
17 4 29 11 9 15 11 14 16 14 17 9 21 12 4 5 18 15 3 16
20 13 24 16 15 4 12 13 20 18 13 20 22 12 6 4 14 17 4 14
55 29 54 18 28 50 39 42 53 40 47 39 48 52 40 44 35 27 31 54
33 22 29 11 19 26 29 20 49 15 43 28 34 33 21 26 14 32 12 33
27 9 36 3 14 25 38 22 33 15 34 20 37 28 10 11 16 30 19 36
6 6 9 4 1 12 12 5 12 4 13 8 13 9 9 5 8 12 6 12
16 7 16 12 10 9 4 6 10 12 6 10 13 8 1 3 12 11 1 6
51 18 48 23 36 38 45 39 57 31 49 34 47 45 30 34 35 37 19 47
56 35 57 24 20 37 42 36 67 27 61 39 54 58 37 20 31 49 9 34
34 19 37 2 12 24 24 24 41 11 32 22 40 33 12 11 20 17 15 36
56 38 63 37 44 38 43 43 72 38 56 50 61 54 28 29 42 57 18 50
56 31 63 34 14 37 53 48 53 32 58 50 62 49 35 36 37 53 29 45
48 35 54 25 43 43 49 44 64 36 58 53 58 50 34 41 32 57 28 62
58 31 71 34 33 45 40 50 47 42 60 41 59 49 35 34 37 62 13 40
19 14 31 15 13 14 11 17 19 22 23 16 21 18 8 12 21 16 1 25
3 1 4 1 1 3 1 3 2 3 7 4 1 1 1 2 1 6 1 6
49 20 58 26 18 27 39 28 51 32 42 41 57 33 20 26 30 51 18 34
66 22 57 34 40 58 54 53 63 45 65 45 58 55 50 46 45 53 26 54
31 19 40 24 24 21 26 32 35 21 41 31 33 31 24 9 23 44 1 13
28 24 30 6 5 21 29 28 29 6 41 22 29 29 24 14 14 29 18 25
72 32 81 36 48 60 53 57 60 62 60 52 71 63 47 37 56 57 24 56
33 26 34 2 12 16 23 18 34 16 26 21 31 29 14 13 10 13 8 31
43 26 53 22 7 36 49 39 42 21 53 35 43 45 38 22 23 41 19 31
6 1 13 8 5 6 3 3 9 4 7 7 8 5 5 1 7 6 1 7
42 26 53 26 22 22 24 25 47 30 37 28 39 40 25 10 27 38 1 16
1 1 2 1 3 1 1 2 1 1 6 1 2 1 1 1 1 5 1 3
45 42 53 17 28 18 32 29 42 39 37 39 48 41 15 18 26 34 9 39
70 40 69 26 26 56 55 59 65 44 77 49 57 60 62 52 36 56 30 53
69 36 71 25 25 46 61 38 61 43 47 55 74 50 23 34 38 48 39 58
13 11 12 3 1 3 9 4 11 3 10 11 11 8 6 5 1 4 7 16
34 29 41 15 17 25 43 38 51 11 56 38 47 37 20 27 17 48 23 44
14 3 22 16 9 12 19 10 20 11 16 14 19 16 12 3 13 17 4 10
23 15 24 5 17 19 13 11 13 20 17 16 22 12 7 9 7 21 3 17
23 10 20 1 10 23 20 12 29 9 18 13 30 21 5 7 16 17 10 27
4 2 16 5 10 7 6 11 13 5 16 7 15 7 3 2 9 9 1 12
53 24 48 8 18 37 34 25 54 30 37 34 57 40 15 31 28 36 28 47
8 4 9 5 9 6 5 4 6 6 9 8 10 5 1 2 6 3 3 12
26 13 17 9 14 23 23 12 29 9 23 14 20 27 20 10 10 16 11 21
16 4 10 5 8 18 14 3 15 7 7 11 14 11 5 13 8 3 7 17
12 4 10 6 10 15 8 6 8 10 12 7 10 6 7 9 6 9 4 10
27 29 28 14 22 16 28 31 39 11 41 34 35 32 21 22 13 37 12 31
16 8 18 2 6 11 11 5 22 6 15 16 23 9 4 8 8 18 8 17
27 22 31 18 19 17 27 26 22 21 31 31 31 25 21 18 13 24 9 21
16 9 21 7 5 12 7 3 21 10 8 12 17 12 4 6 10 8 3 20
7 7 15 8 9 3 12 11 19 2 21 11 12 15 7 2 7 11 6 21
5 4 6 5 10 11 8 12 8 5 19 8 8 7 11 6 6 12 1 5
2 1 7 4 1 7 3 1 2 4 6 3 5 3 2 3 4 2 1 5
51 16 45 20 36 36 35 39 47 34 42 30 44 45 35 27 34 24 10 34
42 3 41 16 17 40 28 25 45 20 37 20 35 34 22 22 25 27 8 37
26 10 29 4 15 22 34 31 40 10 46 19 34 30 16 19 18 29 15 38
10 2 10 3 4 10 3 1 7 7 4 4 7 5 1 2 4 2 1 13
17 5 16 3 10 15 6 4 17 11 5 9 21 9 3 9 11 8 5 18
41 32 45 23 23 31 32 27 47 31 43 47 50 29 20 38 24 36 21 49
8 1 14 7 8 8 1 4 6 7 9 2 3 4 2 3 5 3 1 9
18 2 22 6 12 19 8 11 17 12 12 8 23 15 4 3 21 13 2 17
50 43 58 25 26 35 26 28 49 42 51 47 59 44 29 33 28 47 19 45
71 38 74 38 47 54 58 52 55 60 59 52 66 63 48 34 52 45 22 54
4 4 16 6 5 8 8 8 14 3 19 6 12 10 7 1 9 13 2 12
38 18 48 19 34 24 34 35 46 32 40 34 47 36 28 19 25 38 5 26
1 2 7 3 4 3 1 2 1 1 8 1 5 1 2 1 4 6 1 1
36 16 44 16 35 27 26 36 45 32 37 34 46 38 18 19 41 32 14 44
11 7 19 1 7 6 7 7 12 10 14 9 15 12 2 1 7 12 1 19
26 5 23 5 17 31 23 24 25 15 31 5 21 25 17 18 20 19 5 22
16 15 25 5 8 12 17 16 25 8 27 14 23 24 8 3 19 17 6 27
15 12 27 9 7 12 21 25 26 3 39 12 18 26 20 9 10 29 1 14
43 19 46 14 19 27 32 25 41 27 26 24 46 36 13 10 31 28 13 29
52 29 55 25 36 49 48 45 56 37 59 45 56 50 31 42 33 48 18 62
7 1 8 2 2 9 5 2 12 1 10 1 1 8 9 3 1 6 1 5
48 39 50 30 42 32 29 35 38 45 35 46 50 39 18 22 36 44 11 38
9 7 11 1 1 4 1 1 12 3 5 1 6 6 3 1 1 10 1 5
21 9 27 3 4 15 15 13 30 9 29 13 26 16 9 12 10 24 6 23
37 15 42 7 22 33 24 29 43 22 32 18 43 37 9 16 34 25 18 43
45 22 53 36 34 34 25 35 44 38 38 35 41 35 22 23 35 44 1 28
16 3 21 8 14 17 8 13 24 5 23 2 10 20 12 3 13 12 1 14
12 10 15 6 7 5 9 7 16 3 20 9 11 10 6 1 1 18 3 14
17 3 28 11 7 14 10 5 19 16 12 13 21 14 3 7 15 5 2 24
31 12 37 6 10 19 21 13 35 18 22 23 39 24 10 18 18 13 15 39
