1000 20 14 1217
4 1 2 0 3 4 0 2 3 2 6 2 2 6
3 3 5 6 6 1 12 4 1 3 4 5 1 2
3 15 6 4 4 8 0 23 4 18 8 1 5 5
3 1 4 3 2 1 1 6 9 6 1 1 8 4
6 4 3 6 3 1 0 0 3 4 3 8 4 7
2 1 5 7 8 18 5 4 1 13 1 6 3 7
3 2 1 2 6 2 2 4 3 2 2 0 6 5
6 6 2 2 5 2 4 10 2 3 3 2 7 7
11 7 11 3 9 8 14 8 12 11 2 1 10 1
4 4 3 1 4 2 6 7 2 0 3 2 10 4
3 0 1 6 7 14 0 13 1 5 4 3 7 7
3 1 10 4 12 1 1 1 0 10 9 13 8 12
5 0 3 8 7 7 6 13 0 4 1 2 8 5
16 5 8 7 15 8 4 9 1 10 13 13 8 11
4 1 5 9 12 6 11 4 2 3 7 1 2 1
1 2 8 12 5 5 1 5 23 1 6 3 6 3
0 9 3 13 4 6 7 9 14 6 0 3 6 8
0 4 4 7 10 4 1 3 6 3 3 2 1 4
17 1 3 4 10 3 3 6 7 3 4 11 1 1
2 6 1 4 4 4 1 6 7 1 2 3 1 4
4 2 6 3 1 0 6 3 3 4 4 3 6 2
3 2 0 3 0 6 4 3 4 3 5 2 1 6
7 4 3 7 6 1 1 4 2 9 16 6 5 3
1 3 4 1 1 3 3 1 2 3 6 4 2 4
6 15 9 6 8 5 9 7 5 6 4 4 1 3
1 0 2 0 3 9 5 3 0 1 4 2 1 4
4 1 6 4 10 2 7 2 4 1 7 6 4 2
11 5 3 8 15 8 7 2 4 0 1 4 0 17
4 13 5 6 7 2 1 9 3 0 19 2 11 0
9 5 8 15 2 3 1 5 1 4 1 15 2 6
1 5 4 6 5 5 5 2 1 1 5 2 5 5
3 4 3 1 4 4 3 0 2 1 2 0 5 4
3 2 1 1 1 2 1 4 6 6 2 4 2 10
5 0 5 5 13 8 4 16 8 7 3 17 12 4
8 5 10 1 6 2 16 6 15 6 7 3 14 2
9 12 10 6 9 5 3 5 0 12 4 12 10 5
2 1 10 3 2 4 1 2 4 4 5 2 4 0
1 2 3 3 5 4 4 4 1 5 3 1 0 2
5 9 5 4 5 0 0 3 15 0 5 5 1 10
5 0 2 6 3 8 5 4 0 1 1 8 4 3
1 3 3 3 4 6 5 1 6 3 4 3 1 2
15 5 3 2 6 5 2 18 7 8 18 2 3 17
9 1 8 1 2 11 15 13 5 5 0 5 8 5
2 16 17 9 2 2 8 0 7 7 21 4 8 0
5 2 3 8 3 3 4 8 4 6 3 11 0 5
5 7 3 2 12 5 4 10 1 20 12 4 21 0
2 4 3 8 1 1 3 2 11 1 2 3 2 0
8 9 12 2 8 7 1 8 6 9 9 7 6 8
2 6 2 2 0 7 4 4 4 10 1 1 3 2
0 15 3 9 3 3 1 2 16 9 10 13 14 7
1 3 14 10 6 4 7 1 14 12 8 4 6 10
13 1 14 1 8 7 4 13 2 2 12 3 4 12
5 2 22 2 3 1 4 25 1 9 10 5 1 13
6 5 16 9 1 18 2 7 3 4 7 6 1 0
5 11 12 12 5 3 9 1 2 1 1 2 7 4
2 6 5 0 4 2 14 17 12 3 6 1 20 14
1 3 2 11 4 7 1 6 1 2 5 8 8 3
14 1 2 14 1 13 2 1 1 4 13 12 10 14
5 5 3 5 2 7 0 3 0 2 1 2 3 1
1 2 1 4 1 3 3 1 3 6 6 4 1 0
2 7 4 4 13 0 4 1 12 2 6 19 0 18
20 4 2 11 4 1 4 10 0 7 4 6 2 5
12 7 5 8 3 10 9 8 4 6 12 2 5 11
5 13 9 10 15 16 7 6 4 3 2 10 19 12
2 1 1 2 2 2 2 8 4 4 1 8 9 9
23 5 7 9 4 6 5 3 13 4 3 5 5 14
4 5 18 11 5 5 4 4 14 4 2 2 5 7
1 0 5 2 2 5 2 15 2 2 16 15 4 0
1 7 3 5 2 2 8 0 2 6 7 13 7 4
1 5 1 8 10 5 19 8 5 7 4 3 5 0
7 1 8 1 15 12 5 1 6 10 12 2 1 1
8 7 1 15 1 3 1 1 0 3 0 5 7 3
15 2 22 6 0 1 4 7 10 3 12 7 4 8
2 2 1 1 5 3 9 0 1 1 1 3 1 1
5 3 7 0 4 1 2 2 6 1 1 11 0 2
2 13 6 23 0 9 7 14 10 14 12 7 2 5
2 4 4 0 6 1 6 19 3 8 8 8 3 0
3 2 2 7 5 6 2 5 2 6 1 6 4 3
0 9 7 2 4 9 2 12 5 4 8 9 1 4
5 8 4 16 1 16 5 8 7 0 1 4 3 6
2 3 0 1 4 2 9 3 3 3 5 2 3 5
5 9 4 1 5 2 3 2 2 7 11 8 5 2
10 2 5 7 2 2 3 1 6 3 6 5 7 1
2 13 0 2 2 5 13 3 5 3 1 5 3 3
8 8 5 12 3 19 2 5 0 5 9 4 6 6
4 7 4 16 15 1 18 8 24 7 1 3 0 4
5 0 3 3 1 2 4 1 1 1 0 4 4 4
3 6 6 3 10 2 19 2 8 5 2 4 5 5
9 6 10 3 3 3 7 4 8 5 6 3 4 7
6 6 6 7 4 6 11 3 10 10 3 3 9 4
8 1 3 8 2 1 3 2 1 4 0 0 8 2
3 6 1 4 1 7 2 0 6 0 3 5 2 3
4 7 4 4 5 1 0 3 0 7 11 4 1 10
6 7 5 1 9 7 4 18 1 4 9 3 13 11
7 5 9 5 6 5 2 11 15 9 7 12 3 1
12 4 1 6 3 5 19 14 3 1 2 1 11 5
1 3 6 8 5 3 5 4 3 4 5 4 6 5
0 7 5 2 3 2 2 3 2 0 4 4 3 2
10 7 19 12 11 14 8 13 0 4 2 12 5 7
2 3 21 7 0 3 15 11 14 2 7 5 11 0
2 3 3 2 3 3 1 3 27 10 11 14 16 9
2 3 4 3 8 3 1 7 1 4 4 0 0 5
4 2 2 3 12 3 11 15 2 7 7 2 10 8
2 0 8 5 12 2 1 11 2 2 4 1 11 10
3 19 3 10 4 16 9 6 13 14 7 7 8 11
12 14 2 16 4 5 10 9 7 0 7 4 3 6
4 12 4 1 12 17 3 8 16 1 5 8 9 5
7 7 4 3 2 1 3 6 3 2 7 6 1 4
3 2 1 6 0 0 3 1 5 1 2 0 1 6
12 17 9 0 3 2 2 9 1 5 5 3 3 9
6 8 12 5 4 12 6 0 12 0 13 13 12 7
9 14 2 2 2 9 4 4 11 12 0 17 5 10
4 10 3 0 3 2 8 5 1 2 4 8 3 0
2 4 3 2 3 3 6 1 5 1 2 1 0 1
7 9 4 1 1 1 3 3 3 2 3 2 2 1
2 13 13 0 14 8 6 18 11 1 10 16 3 4
9 6 1 1 10 12 1 3 3 5 10 5 5 7
1 2 9 22 1 6 1 5 19 8 21 10 1 4
19 11 3 1 7 8 6 13 8 2 19 13 4 5
6 4 4 0 2 4 2 3 6 6 6 0 2 6
5 1 4 3 4 0 1 0 4 1 4 3 2 4
4 1 14 9 14 9 3 5 14 9 4 2 3 8
4 3 6 6 3 1 1 10 7 6 7 1 3 6
5 3 5 4 17 7 11 1 7 9 7 4 9 4
8 8 0 2 12 0 17 5 9 6 14 2 1 11
8 15 11 20 12 2 8 2 11 13 2 3 0 2
0 1 1 1 1 5 2 7 4 11 2 7 6 9
3 1 5 9 8 0 8 2 15 1 1 4 2 0
9 1 1 13 11 17 12 7 10 7 4 2 1 2
7 16 1 6 5 17 10 8 7 2 10 2 6 17
14 10 7 1 1 2 11 17 5 9 5 6 10 2
4 13 5 3 5 4 3 1 12 16 14 3 10 4
1 3 10 13 2 4 7 0 6 1 0 5 18 3
3 6 2 9 13 9 5 9 5 5 10 3 2 17
0 6 7 5 2 12 1 4 7 7 11 1 7 8
2 3 12 3 0 7 3 0 5 8 7 1 9 7
6 4 9 4 1 14 7 12 1 1 12 0 2 3
11 5 3 2 5 0 3 5 5 3 4 1 2 1
8 3 0 1 1 3 4 1 9 12 3 2 3 7
8 2 2 8 6 1 4 2 1 0 2 1 4 1
2 5 3 9 3 9 2 6 4 8 3 1 8 12
4 7 3 2 3 8 1 0 4 1 5 4 0 4
4 1 1 3 10 10 15 5 3 14 16 2 8 6
4 4 1 3 3 1 7 4 0 1 3 4 1 0
3 1 0 4 7 2 4 5 2 2 4 1 1 8
1 14 0 12 2 6 3 8 3 29 3 1 11 5
3 5 3 8 3 8 3 14 5 4 9 0 16 5
5 17 3 6 6 12 1 2 24 4 0 8 2 6
5 2 2 1 3 6 5 1 2 1 6 2 11 9
9 2 2 1 14 4 5 11 8 10 6 1 18 1
1 3 0 0 6 2 4 2 4 1 1 4 0 1
8 1 5 7 7 13 4 0 1 5 7 3 6 0
1 4 21 3 2 7 5 8 6 10 19 2 0 0
7 3 0 2 4 0 1 7 4 1 6 4 2 4
4 5 2 8 6 2 2 9 11 8 2 3 0 7
1 1 4 2 2 3 5 2 3 2 3 5 1 3
2 1 5 4 5 2 7 4 2 2 4 0 4 1
3 5 3 5 4 1 4 6 4 6 15 6 12 0
1 7 14 2 7 0 7 6 1 4 6 0 4 0
2 4 3 2 2 1 3 0 2 5 2 3 3 4
18 7 18 6 14 3 4 3 3 8 1 6 5 2
1 2 4 2 1 2 1 2 2 5 1 6 3 8
21 12 4 10 11 6 17 5 7 11 7 11 7 3
3 7 9 17 4 7 12 0 9 9 10 20 7 5
2 5 1 8 17 11 8 7 13 9 0 11 2 8
6 0 3 5 19 9 12 7 4 2 10 0 0 7
2 6 1 3 14 4 13 26 2 10 1 6 5 18
2 1 1 3 3 5 3 2 5 4 1 2 1 7
10 5 7 2 4 6 17 6 1 18 18 5 0 0
0 9 5 0 12 5 2 4 6 7 6 2 3 0
8 2 4 1 0 7 4 4 7 6 4 0 8 1
7 1 4 1 7 4 0 7 0 0 2 2 8 1
2 1 2 5 3 2 1 3 6 5 1 5 7 1
5 0 3 2 8 1 8 1 10 9 7 0 5 4
1 2 8 1 5 1 1 2 5 3 4 1 6 4
3 3 8 8 5 1 5 11 15 23 2 8 5 1
0 5 4 4 5 3 9 8 7 5 9 9 19 5
4 6 1 3 4 3 3 2 7 6 3 3 0 5
18 8 4 2 4 12 6 0 11 9 6 11 17 4
3 8 0 4 0 4 3 11 6 0 1 0 0 9
9 3 11 4 6 6 4 1 6 7 10 3 10 3
3 3 0 0 7 0 3 1 5 5 2 1 0 1
5 0 2 3 2 8 3 4 4 2 4 4 3 0
2 4 6 12 11 12 6 11 0 1 7 4 14 7
7 10 15 12 5 2 18 4 13 7 0 12 6 9
2 2 1 5 9 1 0 2 2 1 10 8 11 1
2 3 7 4 0 2 0 1 3 1 2 2 2 5
3 7 6 3 21 14 5 5 6 5 3 12 4 5
16 9 12 5 7 19 4 2 1 4 7 11 7 1
2 5 3 6 7 5 2 1 3 3 15 1 2 3
14 1 18 4 5 3 20 3 3 9 10 8 3 3
5 3 2 0 4 2 2 3 3 5 3 0 0 3
1 21 6 10 15 4 11 10 1 3 3 5 6 16
5 9 5 2 12 6 4 1 20 6 6 6 3 16
12 3 4 1 1 5 1 1 1 5 2 6 10 3
9 5 3 5 2 7 11 6 10 6 4 2 2 3
0 3 4 1 3 7 6 10 3 0 11 0 2 1
8 5 4 2 20 3 2 0 2 12 12 3 4 0
1 20 5 3 0 4 12 7 7 10 15 14 11 10
2 3 1 6 2 2 0 3 0 11 2 5 0 1
8 6 1 19 20 5 8 0 7 4 13 7 6 5
2 4 2 4 2 3 10 5 3 7 6 4 22 3
7 7 22 4 6 1 17 10 8 9 7 2 4 12
1 2 10 11 6 21 1 6 8 9 4 23 12 2
10 6 4 0 1 9 5 2 18 15 8 2 11 19
3 2 4 7 4 0 5 5 5 2 2 7 1 0
2 17 10 16 11 3 2 6 1 5 7 3 9 1
7 6 2 20 14 14 11 8 0 2 1 3 3 2
5 3 2 1 1 0 6 1 2 4 2 6 8 5
11 4 5 2 4 3 10 2 6 5 2 5 1 10
7 11 8 1 3 3 13 7 6 9 10 2 6 10
1 13 2 20 12 6 7 11 18 7 6 10 4 6
13 6 7 5 7 17 0 18 11 3 13 8 10 14
0 3 6 12 17 1 9 4 3 15 8 9 5 10
0 6 17 9 9 8 13 5 5 10 12 1 1 12
22 2 5 8 5 2 14 2 3 4 15 9 10 0
11 21 8 10 0 8 13 10 4 3 4 1 14 3
8 3 7 14 7 1 17 1 5 3 2 21 1 1
6 3 0 4 8 11 2 4 7 4 6 4 2 5
3 1 3 6 3 2 0 3 3 3 4 1 1 0
1 6 2 4 2 5 7 2 0 6 1 2 1 1
9 11 3 0 5 2 4 7 1 2 3 8 6 4
2 2 2 3 3 2 7 2 2 1 5 2 6 2
5 5 5 10 3 7 8 3 1 3 5 1 5 5
8 1 4 5 3 16 14 1 1 11 1 5 13 5
0 5 3 0 1 4 4 1 2 10 6 2 2 1
2 0 8 7 4 1 3 4 1 0 3 4 2 1
6 7 12 3 5 4 5 3 6 1 1 24 4 7
9 11 7 3 4 7 6 1 1 9 14 8 1 10
2 16 10 4 3 2 18 2 1 10 5 3 11 4
8 5 7 1 15 10 9 9 8 12 3 4 16 4
2 0 8 0 4 0 7 1 6 4 8 5 5 8
1 7 5 9 17 10 4 4 4 5 8 7 2 0
13 2 3 19 2 1 3 11 10 5 5 2 15 6
1 8 11 4 8 16 11 1 10 3 3 2 5 0
5 9 8 4 11 2 10 8 10 11 16 6 5 14
9 4 12 7 7 0 5 12 4 1 8 2 3 16
5 3 3 0 1 11 2 3 1 5 5 2 0 3
1 16 9 4 3 8 6 2 12 9 3 3 4 18
7 11 0 12 9 5 2 5 8 5 6 4 3 9
0 3 6 4 1 2 2 5 0 1 6 5 3 4
7 15 21 0 22 1 3 5 7 16 2 7 3 2
4 1 3 0 5 4 5 2 3 5 5 1 3 0
7 8 6 9 1 4 15 9 3 2 6 2 8 3
1 4 0 11 10 3 5 2 1 0 7 5 1 14
13 4 7 3 4 4 6 11 18 5 13 11 4 1
0 5 4 3 3 3 7 9 3 3 20 20 9 4
4 6 6 12 2 3 2 0 1 2 16 5 8 4
5 17 10 5 14 10 5 12 7 14 0 11 0 10
4 14 12 8 4 18 3 15 4 6 0 1 9 18
17 16 17 3 4 12 12 3 7 14 5 1 7 11
2 6 2 4 2 0 1 3 4 1 6 3 1 1
2 2 2 1 4 4 3 0 1 11 3 2 0 6
11 8 3 9 2 1 12 1 3 5 9 4 6 1
7 2 27 5 4 0 12 4 6 6 6 13 2 6
1 5 6 4 8 3 5 1 9 9 5 5 4 1
3 11 8 3 12 2 3 1 9 10 0 3 5 3
5 3 0 2 6 2 5 5 12 6 0 14 2 8
6 17 0 11 2 9 3 1 11 3 5 11 11 0
14 12 12 11 13 3 18 1 16 8 2 5 3 5
8 8 10 2 9 7 4 10 0 3 3 3 8 2
1 3 1 5 3 2 13 6 2 0 7 6 6 7
5 0 1 5 0 2 1 1 3 3 1 2 4 6
9 13 6 16 11 5 7 5 1 12 2 13 5 2
0 4 0 0 2 4 5 1 0 5 6 1 2 0
10 4 3 4 2 5 4 2 3 7 10 7 2 2
13 5 1 8 7 11 9 5 12 15 12 1 2 17
4 1 1 5 3 0 4 3 6 1 5 1 4 0
0 1 2 1 3 2 1 1 2 6 5 5 1 0
5 2 2 1 4 1 3 5 4 7 3 3 6 1
4 8 3 8 1 3 6 7 7 2 6 2 17 1
11 7 12 7 1 0 2 3 16 8 9 9 10 2
18 1 0 20 3 18 8 2 1 7 0 12 2 3
4 1 2 2 3 13 4 6 11 2 4 9 0 1
7 4 4 19 1 1 7 6 25 1 5 6 9 8
13 11 9 16 12 4 12 20 11 8 4 3 7 1
3 1 11 4 7 4 6 1 13 3 2 8 0 2
2 2 2 3 1 5 2 3 1 1 0 3 7 4
5 2 2 0 5 1 5 2 3 2 2 4 1 1
3 2 8 5 2 2 2 4 5 3 2 7 5 2
8 8 3 7 2 2 7 5 6 0 2 4 2 5
2 1 3 3 4 0 12 17 4 8 1 10 9 9
6 6 2 6 11 0 1 2 7 3 7 8 7 5
2 1 2 7 4 3 15 4 2 6 0 3 4 1
8 9 13 11 4 8 1 2 7 19 13 1 11 4
7 2 5 2 10 3 15 3 27 2 2 1 17 2
7 2 14 5 14 3 23 3 10 3 13 10 0 1
5 3 4 4 1 3 1 4 6 0 0 1 1 3
6 11 7 5 10 3 12 10 11 4 2 5 12 11
3 2 7 10 0 1 5 2 4 0 3 4 2 5
3 4 5 6 2 1 12 2 1 3 11 5 1 3
10 6 2 0 9 2 1 8 13 3 0 10 4 17
2 3 1 5 0 6 0 8 4 1 12 2 5 4
12 15 8 0 10 2 1 3 20 6 2 1 1 18
4 5 3 8 2 4 14 1 0 4 0 9 13 5
9 1 10 13 5 1 8 2 4 8 7 11 7 5
8 1 3 0 0 1 1 3 4 4 0 0 3 3
1 10 2 1 3 2 9 3 1 8 4 7 4 0
3 9 7 6 2 6 11 7 8 5 12 1 8 13
0 11 4 4 23 0 5 15 5 5 8 1 2 9
6 9 13 3 6 9 1 2 4 9 17 10 3 7
7 7 9 16 6 2 4 9 14 2 4 9 13 2
6 5 6 0 1 2 7 2 3 3 2 4 2 6
7 5 5 12 3 5 0 6 1 0 1 5 1 6
15 5 3 3 8 2 2 1 4 2 6 10 5 7
3 2 7 8 15 20 15 4 4 20 2 6 8 8
9 10 4 3 0 4 1 6 8 18 12 16 0 0
3 12 1 6 7 15 6 13 2 6 5 8 10 17
4 11 16 6 7 7 4 1 5 3 17 4 3 5
3 1 3 2 1 7 10 6 0 1 4 4 11 5
4 4 11 4 7 3 10 4 0 4 1 1 1 10
5 3 7 2 5 15 0 2 5 4 0 0 5 1
10 6 2 3 1 1 1 3 7 1 2 1 4 3
2 2 5 2 2 2 1 0 1 2 2 2 7 2
2 7 8 15 14 14 0 2 3 4 20 3 3 4
8 6 5 6 2 5 7 0 0 8 3 11 3 7
1 5 9 5 1 3 8 5 2 3 2 2 5 4
8 11 6 0 4 7 6 3 5 3 3 9 3 2
19 2 1 3 2 15 3 18 10 7 10 1 4 12
6 9 4 7 2 25 10 1 10 7 1 3 2 4
6 5 5 12 10 4 2 8 3 7 13 5 3 12
2 15 12 3 10 7 2 5 8 19 5 11 5 0
7 9 3 1 8 1 3 7 1 1 2 6 7 3
2 2 8 1 2 2 2 2 3 1 5 1 4 3
2 7 2 3 0 1 6 4 0 3 3 1 2 9
11 12 1 5 11 20 2 9 5 3 12 14 7 6
15 6 10 4 5 4 17 3 4 9 2 16 4 0
4 7 8 12 9 5 12 12 7 10 9 1 3 1
5 3 2 4 1 2 3 0 4 1 0 3 4 6
6 19 8 11 2 4 17 1 1 8 5 4 17 12
3 7 7 18 10 8 1 5 13 0 20 9 7 3
2 1 4 13 1 12 6 1 7 8 1 7 3 2
9 1 8 8 2 7 1 1 1 3 0 11 10 2
0 5 3 1 2 0 9 4 11 1 5 5 2 4
1 10 15 1 1 3 7 14 1 9 10 1 5 8
10 2 20 7 6 8 0 12 7 5 5 9 3 13
1 3 8 4 3 0 12 8 4 14 5 8 9 3
22 11 7 8 14 1 6 4 7 11 6 3 17 6
6 2 0 0 13 1 6 8 13 1 5 0 8 13
2 2 5 6 7 3 3 9 1 4 3 0 11 0
0 1 8 2 3 2 6 6 2 3 2 1 2 1
0 3 2 5 3 2 5 0 9 2 1 8 6 6
9 2 4 18 3 2 5 8 1 0 5 7 8 7
1 0 2 2 3 10 4 3 2 7 4 2 1 5
1 6 3 6 0 5 4 1 5 9 1 9 0 7
10 9 2 10 13 9 2 5 6 15 13 7 9 10
3 10 5 8 4 6 8 3 2 6 4 5 10 9
11 2 7 16 2 2 2 19 11 9 5 8 7 18
4 8 5 5 20 15 2 3 1 4 6 6 15 7
9 1 5 6 4 5 1 7 9 3 0 6 1 2
6 3 3 5 18 12 11 7 10 6 4 2 2 0
4 7 1 1 1 3 0 3 4 6 3 3 2 3
1 0 4 9 1 0 15 1 7 3 6 8 5 14
8 6 1 3 8 6 6 1 6 1 4 1 1 6
2 9 5 5 8 0 3 0 4 1 5 7 2 2
6 8 4 5 17 3 7 13 1 20 2 15 14 5
5 6 9 0 0 6 4 2 8 5 15 2 3 1
3 3 7 2 3 2 4 7 12 1 4 5 4 11
2 2 16 3 2 8 7 6 13 6 17 11 7 5
11 14 4 6 6 9 3 5 0 8 26 6 7 2
1 1 4 7 3 3 5 4 1 2 1 3 7 1
0 8 4 4 3 8 3 0 2 6 1 6 8 1
5 5 10 1 1 2 2 4 1 6 3 4 0 6
2 4 1 3 8 4 3 5 7 4 2 3 4 1
5 15 1 1 12 4 13 3 3 9 6 4 5 3
11 5 2 7 6 11 8 4 3 7 1 5 14 6
4 11 2 1 14 3 3 1 7 5 2 2 0 2
5 5 0 0 6 0 0 6 1 5 4 3 4 1
1 7 1 4 7 1 7 3 3 0 6 6 7 7
3 13 2 8 3 5 11 6 9 4 12 5 3 1
0 1 6 12 2 2 1 0 4 5 6 3 1 6
1 3 4 5 1 2 3 2 3 4 1 0 1 2
2 3 4 6 6 3 1 4 2 5 0 0 3 2
8 3 2 3 2 6 5 2 11 3 12 5 7 12
14 13 7 7 8 1 9 1 8 6 8 10 6 4
14 9 5 13 12 3 14 8 10 1 8 4 4 10
3 1 5 10 3 3 8 0 4 3 3 4 1 3
2 5 4 3 10 8 3 11 4 7 7 2 6 2
7 1 1 2 5 2 1 0 5 3 8 2 1 3
13 2 2 5 11 4 8 10 6 4 3 9 14 8
10 1 3 28 4 5 5 12 2 4 9 17 1 4
4 5 2 8 4 9 0 9 9 1 9 18 3 12
1 0 2 0 4 5 6 4 8 4 15 1 1 1
4 2 9 1 25 10 4 9 0 13 2 1 19 8
14 0 6 7 13 1 1 15 8 2 8 18 4 19
3 10 8 11 6 7 0 12 1 21 0 6 9 1
10 5 3 8 0 1 0 0 22 3 2 8 1 22
3 15 1 1 12 13 1 13 13 15 5 6 3 10
1 7 7 1 2 3 4 2 2 6 1 1 1 1
8 12 3 12 2 4 5 4 4 7 1 3 3 5
3 1 3 2 3 7 1 3 1 6 3 2 3 2
11 4 9 9 5 6 7 3 3 2 10 2 9 0
7 5 5 5 2 2 1 2 3 4 2 8 6 4
2 7 8 4 6 2 4 3 9 3 1 3 5 4
2 0 8 8 4 18 5 11 5 4 7 3 2 10
4 6 1 1 1 9 16 6 8 11 12 12 12 5
2 5 11 4 3 3 14 1 2 4 1 13 7 2
2 4 12 9 8 9 13 11 3 14 5 17 12 3
3 22 3 4 13 6 5 7 3 6 3 5 6 9
6 8 1 6 8 0 9 4 2 4 8 5 7 11
1 0 4 7 12 8 7 3 13 7 6 0 14 2
5 2 1 3 5 3 5 3 2 1 0 3 4 0
9 6 8 2 16 11 5 22 3 7 12 2 16 4
0 20 2 2 16 3 11 19 2 2 15 11 9 7
6 1 3 8 2 4 2 20 6 14 18 0 17 5
5 18 13 2 3 8 4 13 12 4 5 17 2 8
4 0 7 2 3 5 0 2 1 6 1 4 6 2
5 3 4 4 9 5 2 5 2 2 1 0 2 2
2 5 1 5 3 6 8 1 3 9 4 1 4 0
1 7 0 5 3 2 1 13 5 2 7 1 7 0
1 23 6 5 4 5 10 2 1 2 1 4 1 1
0 1 3 2 3 7 5 6 0 2 1 0 4 4
10 3 2 13 10 2 23 10 2 8 1 0 13 1
8 4 6 2 3 2 4 3 4 1 10 4 4 13
1 1 3 1 8 1 8 0 5 2 2 3 1 8
4 4 2 1 5 5 1 4 1 3 0 4 3 8
2 8 6 8 1 4 13 4 7 13 11 1 8 4
7 4 10 5 10 5 3 7 2 10 7 0 1 7
5 3 5 1 2 6 5 1 6 0 5 3 0 0
1 3 2 2 0 3 9 3 1 1 2 5 3 0
1 3 3 1 11 1 2 0 3 5 2 6 5 9
17 9 7 1 4 8 0 9 0 10 0 4 2 6
4 7 4 3 3 1 0 7 5 5 0 6 2 2
14 9 4 12 1 2 13 5 6 10 5 6 9 0
3 5 1 6 1 8 2 10 4 2 6 4 2 6
0 2 11 9 7 5 0 6 9 1 11 5 4 17
1 8 6 11 3 3 14 4 4 11 15 12 0 2
5 0 7 3 4 8 3 1 1 8 11 0 3 16
5 0 3 2 9 6 3 0 7 2 4 1 6 2
3 3 6 1 1 1 1 3 3 12 2 2 2 5
2 4 0 0 5 11 3 2 2 4 15 3 3 7
1 4 2 5 5 2 3 3 0 0 9 3 5 4
1 0 4 1 5 5 7 3 5 3 12 2 4 2
15 7 1 4 29 4 11 7 5 3 7 7 4 3
3 1 1 2 0 4 2 3 1 2 3 1 7 1
1 6 9 3 6 0 1 10 3 4 2 3 1 2
3 0 3 8 4 6 0 1 6 2 2 4 4 3
2 1 4 3 3 3 3 3 4 6 2 4 1 2
3 3 7 8 11 12 10 2 1 11 12 5 0 5
7 1 18 8 2 9 15 7 10 9 12 7 5 10
17 5 2 6 1 2 10 8 4 6 8 6 2 13
0 2 2 5 1 2 3 6 4 5 2 1 2 1
4 4 2 1 3 8 2 2 8 2 1 2 4 3
0 5 9 1 8 7 3 6 5 15 7 5 3 5
6 5 8 6 11 7 8 2 12 12 8 12 23 10
8 3 1 2 3 3 6 4 8 5 12 7 3 2
7 2 4 1 2 3 13 5 4 1 5 2 8 2
5 10 10 1 10 6 4 0 5 4 0 2 0 2
0 2 3 2 5 0 7 2 8 2 5 2 6 1
6 3 6 0 3 6 3 5 0 1 1 3 0 5
8 0 3 8 1 5 3 6 11 4 3 5 3 1
11 15 26 4 1 4 3 0 0 11 10 1 7 5
1 4 4 7 2 4 7 2 4 5 2 7 5 3
15 7 6 2 23 5 19 6 3 15 5 2 2 3
4 0 9 7 3 4 0 2 1 1 5 10 7 2
1 1 9 18 2 19 15 2 0 2 14 4 6 2
6 2 0 3 8 8 6 6 0 4 2 1 3 3
1 10 1 1 3 2 9 1 0 6 7 7 2 7
2 4 5 2 5 2 2 2 3 5 5 2 6 0
1 5 3 5 2 8 4 1 1 3 1 4 1 1
17 3 7 1 8 15 13 0 16 3 0 2 11 7
1 6 6 0 11 11 6 8 1 5 0 8 4 26
4 5 0 1 1 2 1 4 1 2 1 6 1 6
3 2 15 0 1 6 7 11 2 5 4 1 3 25
1 5 4 8 10 2 1 1 9 8 5 12 3 3
3 3 8 3 1 3 2 3 1 3 1 3 2 2
16 5 0 21 2 0 5 6 0 6 14 7 4 2
18 5 16 9 1 0 7 2 4 18 0 1 2 15
7 3 2 10 16 3 8 7 1 3 2 1 7 4
7 7 6 2 2 5 8 2 5 6 2 9 6 5
7 20 4 14 5 1 11 12 2 1 4 6 20 2
13 5 9 5 6 11 9 1 1 8 3 7 13 25
1 6 16 4 19 2 3 13 12 2 2 10 2 1
2 2 7 3 11 7 2 6 3 6 3 3 13 1
5 4 13 1 0 8 2 5 2 3 7 7 9 9
3 10 4 7 3 8 3 1 7 1 8 6 2 2
6 2 5 2 5 1 2 6 0 7 1 1 5 3
10 6 5 13 6 0 14 8 5 8 3 6 1 16
2 9 4 1 7 5 0 2 3 12 4 3 4 3
3 5 7 8 8 20 1 1 25 4 10 7 3 3
10 6 3 4 10 4 0 0 11 2 5 5 3 7
1 0 12 0 1 1 0 7 8 2 0 2 10 9
5 11 9 6 0 8 1 3 12 2 5 7 2 0
5 0 8 4 6 9 11 0 2 18 16 6 5 12
8 2 7 2 5 1 3 3 1 5 0 1 6 1
6 8 1 0 1 2 4 7 0 3 0 2 6 14
11 2 4 1 6 9 1 1 4 7 13 6 10 1
7 4 1 4 7 1 3 11 0 8 10 6 8 31
2 0 9 1 5 2 3 3 3 9 3 2 5 7
2 1 3 1 4 9 5 2 5 2 8 2 2 6
4 2 5 1 4 3 1 4 2 2 1 3 3 1
6 11 1 9 11 2 2 1 2 1 8 1 13 8
6 6 0 8 3 1 9 1 1 0 2 4 5 2
4 1 5 1 8 5 3 1 12 9 1 1 2 2
5 5 18 4 7 2 5 8 15 3 2 12 3 3
4 8 11 2 14 2 8 1 3 1 4 2 1 20
3 4 2 2 14 5 0 0 2 9 5 8 0 4
2 7 2 7 4 6 7 0 2 4 2 10 0 9
9 1 3 5 14 7 11 6 2 15 15 12 2 1
2 4 10 12 10 2 1 1 17 12 9 9 1 1
3 7 19 4 2 4 6 3 3 5 2 4 8 9
7 3 5 1 6 4 3 2 3 2 1 3 0 1
3 11 13 12 6 2 5 7 6 9 5 3 4 4
6 0 7 9 14 7 8 1 2 2 0 3 7 0
5 2 2 1 4 8 7 9 1 3 0 8 5 1
1 8 4 12 6 6 14 4 5 22 5 10 10 1
13 9 1 18 8 3 15 21 1 4 2 10 3 0
3 1 12 5 6 1 9 0 1 22 6 1 6 9
2 1 7 2 1 8 5 1 2 7 2 7 5 0
11 5 11 5 0 2 3 4 7 9 5 4 8 3
0 5 0 1 7 8 8 16 2 8 2 5 1 2
2 2 2 4 2 6 8 5 5 2 0 1 7 4
3 2 9 9 0 1 0 8 5 6 3 15 1 2
1 2 0 3 6 2 2 0 2 8 2 3 5 2
13 5 2 15 9 4 1 0 4 11 4 6 9 9
8 0 7 2 1 7 4 5 18 8 0 2 13 6
14 0 15 8 3 8 2 8 4 7 3 3 7 6
9 1 2 4 8 1 6 2 0 1 4 0 2 2
5 17 4 6 17 14 7 15 14 6 1 1 9 1
14 2 4 17 1 4 6 14 5 0 8 3 20 8
16 3 4 12 3 6 1 5 1 3 5 14 17 22
0 6 0 1 1 0 3 0 8 2 0 2 4 0
15 1 6 19 20 10 3 4 9 5 0 6 11 11
14 6 0 12 6 4 13 8 14 4 8 8 8 1
11 4 2 9 3 2 5 1 4 0 5 7 0 14
7 4 3 3 11 6 9 12 11 1 9 4 2 9
1 3 3 5 3 3 2 7 2 1 7 12 16 6
4 12 8 11 8 8 5 6 12 1 1 1 11 0
4 8 3 2 9 1 3 11 0 7 6 1 2 1
3 9 1 8 5 17 5 4 6 6 2 14 16 5
3 3 1 1 2 1 3 2 3 9 1 2 8 6
1 5 2 5 2 0 5 0 0 1 3 0 2 4
6 4 5 13 18 2 2 9 4 17 9 16 1 5
2 3 4 3 2 5 4 8 5 2 7 6 14 12
1 19 1 2 1 4 4 5 0 6 8 10 10 5
5 2 8 8 9 4 2 1 11 9 1 24 7 15
10 9 7 5 14 8 8 5 3 7 2 0 4 10
7 5 1 4 4 6 0 4 1 6 0 0 7 9
17 8 9 14 10 3 0 12 3 1 0 4 8 0
1 0 3 0 6 6 3 3 6 1 2 3 0 1
2 2 0 11 2 0 2 3 2 3 2 4 6 1
5 5 0 2 4 0 1 12 9 0 4 1 4 2
2 1 2 5 2 4 2 2 6 2 4 1 1 0
4 4 2 5 3 0 2 1 2 2 2 3 2 2
2 8 10 2 2 1 1 5 5 3 3 2 4 2
11 7 10 14 6 8 12 6 8 7 13 7 1 19
7 7 0 0 12 6 1 1 2 1 3 8 6 5
4 15 2 0 2 1 1 7 1 0 2 3 3 5
11 12 0 2 1 10 13 15 2 4 4 9 4 23
6 4 14 0 2 4 17 8 2 5 12 10 1 5
1 9 1 2 1 2 1 1 4 8 1 3 1 5
7 11 10 1 13 4 16 7 10 5 5 11 6 3
4 6 8 3 1 12 5 4 4 2 2 7 1 2
2 1 5 4 1 4 6 9 4 1 8 8 1 5
22 11 1 4 20 2 9 3 17 0 1 1 1 5
5 8 7 22 6 10 7 4 3 6 3 17 4 18
10 2 15 7 2 2 8 6 3 5 5 9 11 1
1 4 5 4 1 2 2 8 0 3 1 3 2 1
2 2 0 1 4 2 3 2 4 2 4 3 3 7
3 8 5 2 2 17 4 3 9 6 1 6 0 10
12 6 9 2 4 5 14 13 3 8 1 5 22 10
1 5 1 1 2 4 4 9 8 3 1 5 8 1
11 11 8 9 6 6 9 0 6 13 2 12 9 9
3 3 2 3 3 1 1 1 3 2 0 6 7 10
2 10 7 1 9 13 3 4 1 5 3 3 10 0
1 3 3 10 2 5 12 7 5 4 2 1 8 1
2 9 1 0 11 2 7 12 8 9 3 3 14 6
1 6 1 5 2 0 9 5 2 7 4 7 2 2
9 7 3 13 19 1 1 16 5 12 1 9 5 19
27 1 1 4 13 7 2 4 12 11 2 9 4 14
20 1 7 5 2 5 3 6 10 14 13 0 2 5
4 5 7 15 12 1 1 4 7 10 4 0 8 10
2 5 5 1 1 7 1 0 3 6 3 0 2 2
7 3 6 2 3 7 9 6 27 7 4 4 0 10
2 18 0 1 8 8 7 12 2 4 13 3 4 2
6 11 4 2 5 6 9 10 16 2 5 22 1 7
10 13 4 7 9 3 7 7 15 8 5 5 10 17
2 19 7 2 9 7 8 9 2 2 2 9 6 1
0 3 1 5 2 3 0 6 1 3 1 6 1 2
7 3 8 3 1 5 11 4 2 11 1 2 3 10
4 4 5 0 0 1 3 5 4 3 2 3 7 6
5 1 1 2 3 4 1 6 4 10 5 1 7 2
2 1 2 3 3 4 4 2 2 4 2 1 5 1
7 10 2 0 7 3 1 0 3 13 8 2 1 6
12 0 15 4 9 6 2 8 4 1 0 14 20 17
6 1 1 6 6 3 15 3 2 8 7 5 20 7
9 1 12 2 2 10 5 14 7 13 3 9 2 8
9 1 2 9 2 9 15 10 17 3 1 11 17 1
2 4 4 2 1 3 4 4 7 0 4 3 2 3
3 3 2 3 7 7 0 15 3 1 1 9 5 4
0 6 1 2 2 3 5 3 3 4 8 1 2 2
3 1 5 5 5 6 6 1 5 3 2 0 0 11
2 3 16 6 0 13 3 1 5 5 4 7 3 3
1 20 19 1 14 9 4 7 6 7 6 0 9 3
6 0 7 10 6 14 8 2 7 5 10 9 3 3
8 15 1 1 2 16 18 9 2 13 10 10 1 4
22 11 5 3 8 7 11 3 6 20 3 10 1 3
11 2 1 6 9 10 3 1 6 2 8 10 2 3
4 7 13 2 4 11 1 1 2 3 1 11 6 17
1 1 1 2 6 10 4 6 5 6 1 4 2 8
1 12 7 12 10 0 16 2 0 15 6 17 7 1
9 6 4 4 5 14 4 1 8 9 8 2 2 4
0 10 3 3 1 3 11 3 4 13 1 4 1 4
1 6 1 1 1 5 2 6 4 1 3 1 1 6
3 3 4 2 2 2 3 3 3 10 10 2 0 0
5 9 0 2 8 3 5 7 12 3 0 1 1 9
8 8 6 12 6 0 7 2 15 6 1 13 4 5
7 4 2 1 5 2 0 5 3 5 2 3 0 0
1 5 12 1 20 7 2 12 13 1 4 11 10 13
3 3 4 2 4 6 11 5 5 11 0 2 4 3
1 5 5 14 4 9 13 4 4 8 4 8 6 15
5 1 6 6 2 9 7 5 1 7 6 4 0 1
6 0 2 3 1 3 1 3 2 3 1 1 4 12
3 20 12 1 3 10 1 16 12 8 2 0 10 10
10 6 5 14 7 6 1 10 11 18 5 3 15 10
6 4 3 5 3 7 4 3 2 8 1 4 4 5
3 1 6 5 11 0 2 9 6 9 3 9 9 5
10 21 5 1 7 9 2 2 1 3 6 14 12 2
4 10 2 4 4 5 15 2 10 3 0 9 10 7
13 7 8 1 5 5 2 8 9 5 1 1 2 2
20 5 4 1 6 1 8 5 7 1 8 2 1 6
2 3 0 1 2 13 3 11 4 3 7 2 6 0
3 11 8 21 2 11 5 24 6 6 7 5 7 7
4 2 3 0 1 1 3 1 2 6 3 4 0 0
3 3 0 10 3 2 6 1 13 8 1 2 1 3
4 3 4 1 5 0 2 3 5 3 3 1 1 1
10 2 1 8 5 5 5 5 3 7 0 2 1 1
1 3 0 7 4 6 3 3 7 4 3 9 1 6
10 21 6 8 12 12 8 1 2 5 7 3 12 1
3 9 10 6 1 3 3 17 4 5 6 13 2 4
5 3 6 1 6 7 3 5 4 7 6 25 2 20
3 1 13 1 8 7 3 8 3 15 17 2 14 9
7 1 8 1 6 12 27 8 6 12 7 12 1 3
6 9 18 7 2 0 1 14 2 13 4 3 0 8
6 6 6 12 9 6 17 3 8 8 2 6 6 9
3 7 6 1 7 10 4 3 9 4 2 6 2 1
6 24 2 12 7 1 2 9 4 22 4 0 0 4
8 6 2 3 6 2 4 5 6 9 3 1 4 2
1 7 1 7 4 2 13 1 2 18 4 6 8 3
0 6 4 3 1 3 3 4 2 3 2 1 0 4
1 3 24 3 9 6 3 20 6 8 13 5 7 10
10 1 6 6 9 2 8 2 9 2 5 2 3 1
2 7 5 3 2 6 6 1 1 7 1 3 13 8
4 4 14 3 9 11 10 3 2 5 0 2 6 16
15 14 8 3 6 4 7 12 11 14 4 9 3 17
6 2 6 5 0 2 7 6 0 6 8 2 3 3
7 4 3 8 3 0 4 1 3 3 3 0 2 5
12 13 7 18 3 5 7 2 2 8 9 4 12 8
7 6 8 8 6 9 3 5 4 3 1 2 4 2
17 5 23 2 9 0 4 1 9 5 10 14 7 10
1 2 2 0 11 1 11 15 4 11 15 5 2 4
1 1 4 2 8 6 1 1 2 1 4 6 2 1
4 13 5 14 1 12 2 7 7 2 3 14 4 5
5 1 16 6 4 3 3 8 5 7 4 3 6 2
6 10 9 4 10 3 12 5 3 4 16 2 2 1
12 5 9 8 7 1 5 1 11 14 7 3 8 14
14 3 1 2 3 3 0 2 5 8 9 6 8 17
7 10 1 3 0 3 1 13 16 9 4 5 11 5
2 11 6 2 1 1 5 3 11 7 3 7 5 11
4 7 11 11 26 8 2 5 5 6 6 16 12 0
3 5 1 1 1 4 1 3 0 1 6 1 3 4
4 14 4 8 12 4 3 14 1 7 5 5 9 13
4 2 4 1 1 5 1 1 4 2 1 7 1 4
1 2 4 1 2 4 5 10 1 1 4 1 6 5
1 5 3 3 12 8 2 2 3 4 4 1 6 6
0 1 3 4 5 6 7 1 22 16 11 1 3 1
15 2 7 3 14 14 8 12 7 11 14 4 1 1
11 20 8 9 2 12 4 5 1 7 1 9 0 5
20 4 3 2 16 3 1 15 9 6 3 8 4 15
8 6 2 14 0 3 4 5 2 5 2 11 1 4
1 6 5 3 3 1 1 2 5 1 3 2 3 0
3 4 1 2 0 6 5 4 6 1 1 5 0 4
3 10 14 7 1 6 6 6 10 12 5 10 5 6
12 3 1 3 2 5 4 2 5 1 8 5 4 12
3 2 1 3 9 3 1 1 11 3 3 4 4 14
2 1 1 14 4 9 0 8 7 5 1 1 3 0
9 15 7 11 1 11 8 5 11 5 13 4 14 13
9 6 3 14 16 17 8 3 5 4 2 3 6 6
1 10 2 5 5 8 7 5 2 3 16 4 19 13
5 3 7 15 1 8 1 17 4 7 0 2 2 8
1 4 1 9 4 3 5 1 10 6 8 9 10 16
2 10 13 13 6 7 2 1 18 12 2 0 0 1
3 3 9 9 2 0 9 1 1 1 5 0 4 4
2 4 7 1 6 4 2 3 2 8 5 4 1 1
5 6 11 5 2 7 12 8 7 2 0 14 8 5
1 5 0 3 8 2 2 2 1 3 1 8 5 5
7 17 2 0 7 4 2 6 9 2 3 5 1 19
5 8 6 1 4 4 13 4 4 10 2 8 12 8
10 1 5 18 9 6 3 9 5 9 1 9 9 15
10 13 7 5 6 2 14 13 7 14 4 2 1 9
3 7 7 6 1 13 8 3 0 16 15 4 3 5
1 5 1 4 3 6 2 1 1 7 2 4 1 0
1 1 1 10 5 9 13 9 7 10 9 8 15 0
1 3 10 2 2 4 4 2 9 4 4 10 11 2
8 0 0 14 3 12 0 15 6 12 1 3 7 7
2 0 1 0 4 1 2 3 3 5 4 5 3 7
1 5 5 4 2 1 3 4 6 11 2 0 3 9
3 6 2 1 3 1 4 3 7 11 10 5 5 18
3 13 4 10 5 16 4 1 5 12 7 6 0 9
5 1 2 4 0 1 0 4 1 1 2 4 5 2
4 7 2 0 2 2 0 1 1 3 2 0 4 2
13 2 2 12 12 2 0 8 0 4 2 21 0 1
7 6 0 1 1 3 7 8 8 5 1 0 9 3
1 3 5 15 6 2 4 4 11 8 3 5 14 3
8 0 1 27 5 0 12 6 2 10 0 0 2 4
10 5 1 10 7 9 4 13 16 19 6 19 3 3
5 7 12 7 2 10 3 1 0 12 7 3 8 14
2 0 2 1 6 1 6 1 5 1 2 2 4 4
4 1 1 4 3 4 2 4 5 0 1 4 3 2
1 5 8 2 1 7 12 1 7 7 9 6 5 5
10 4 20 18 2 5 6 13 17 0 14 4 3 0
7 5 3 1 2 4 1 11 6 0 4 1 8 0
0 12 3 14 3 1 18 2 1 1 12 1 6 6
7 7 6 1 2 2 9 4 1 11 9 1 11 14
5 7 1 4 1 1 6 0 4 1 0 4 0 2
7 3 8 9 4 10 1 2 2 5 6 14 5 12
4 0 10 9 11 11 1 3 10 4 20 12 5 11
9 6 7 6 1 3 2 12 0 2 7 5 4 4
7 5 0 5 0 1 5 1 1 2 7 1 12 0
2 7 6 1 5 6 6 0 6 2 2 7 1 2
5 12 2 15 1 6 9 19 4 14 9 6 9 4
5 2 9 3 3 7 14 8 1 2 2 1 3 0
2 5 4 2 7 4 0 2 8 3 1 0 3 4
1 6 2 3 2 3 4 1 5 2 1 1 1 2
7 4 4 6 8 2 6 2 7 3 2 5 3 2
4 6 4 5 8 3 0 0 3 2 2 0 4 3
4 8 1 4 3 3 3 2 1 0 7 0 3 2
19 18 6 2 6 9 8 15 5 7 6 6 3 10
23 11 0 2 14 19 9 1 14 3 3 1 7 2
3 12 7 4 5 12 2 1 10 8 7 5 0 0
6 6 7 0 2 1 1 5 0 9 3 4 1 3
0 7 4 3 1 5 11 1 4 3 0 12 10 5
5 4 7 3 9 0 5 1 16 3 16 12 4 2
1 3 10 4 1 1 2 5 1 7 2 3 5 1
2 1 8 3 2 3 5 3 0 4 1 2 5 7
3 1 3 0 3 9 3 5 2 1 1 7 1 7
4 9 1 12 18 5 4 10 10 6 17 10 10 2
2 2 2 6 0 0 11 11 1 7 1 4 7 2
5 9 3 6 2 3 4 10 4 4 8 5 3 7
9 3 15 5 1 6 16 14 8 6 8 6 9 3
1 4 3 1 3 2 2 2 5 4 5 3 1 5
8 16 2 4 2 12 1 2 3 5 6 3 1 3
8 1 7 11 11 11 6 11 7 12 8 7 16 9
8 2 7 2 1 2 0 3 0 0 4 1 8 11
17 1 10 6 15 1 5 10 18 12 7 4 9 11
7 4 21 4 5 12 2 18 14 14 4 5 1 5
9 3 6 14 6 7 6 8 5 3 2 0 12 7
2 5 2 9 9 4 3 6 14 5 1 3 6 1
6 6 5 7 1 3 1 6 0 0 6 3 3 3
11 13 3 4 5 3 16 5 16 9 11 1 9 8
1 2 13 4 7 6 3 6 8 8 3 4 11 4
5 0 0 3 0 8 6 11 6 4 3 2 2 4
2 10 3 4 7 1 6 0 1 4 2 4 9 5
3 1 2 4 5 5 4 1 4 2 1 2 5 1
1 4 4 0 3 2 3 0 4 5 0 4 1 0
12 11 5 1 5 8 5 7 14 4 9 9 3 3
11 1 6 6 1 3 4 10 8 15 6 8 13 8
9 5 8 10 10 0 23 2 22 4 5 2 10 5
6 17 1 5 0 21 8 7 4 1 6 10 2 7
3 3 2 8 6 2 2 8 4 2 0 0 1 1
12 14 2 0 5 2 10 11 5 10 1 3 2 1
15 3 17 1 0 4 5 10 1 3 15 5 14 2
2 14 12 4 0 2 1 10 7 1 11 3 4 3
7 10 7 6 3 5 4 4 4 1 9 1 3 6
0 4 4 8 2 2 2 3 2 3 5 3 3 5
9 7 2 13 8 9 5 2 2 5 13 1 3 5
2 5 4 4 12 5 0 7 3 2 0 9 0 6
2 2 1 9 3 3 4 5 3 6 8 10 3 3
8 3 2 0 7 8 9 5 8 1 2 4 2 8
3 4 10 19 9 11 6 2 17 1 10 3 3 6
0 1 6 0 2 3 6 0 2 1 2 4 6 3
2 2 6 6 8 4 0 3 4 0 6 2 5 1
10 13 8 0 5 9 4 8 0 1 4 8 1 8
4 4 2 6 4 1 14 4 3 11 5 4 0 1
4 4 3 4 4 7 11 5 2 2 9 2 3 3
3 21 9 7 12 5 6 9 1 4 5 0 16 4
7 0 9 16 3 12 9 3 14 7 7 17 0 7
5 10 0 18 6 5 2 14 7 7 3 17 4 0
9 11 2 12 2 1 6 10 1 5 2 0 4 9
1 14 4 1 10 4 7 16 5 13 2 1 2 7
10 0 2 13 12 11 2 12 8 2 2 3 14 11
10 4 2 17 12 4 0 8 10 12 6 3 1 14
13 6 10 10 7 4 1 4 7 4 1 20 4 4
5 1 5 15 1 6 6 5 14 7 10 18 7 9
3 13 5 8 2 3 8 11 9 5 9 0 2 5
3 9 9 15 2 0 4 5 21 7 6 10 2 11
1 7 5 0 1 5 4 3 11 2 3 10 3 0
1 5 12 2 14 7 2 9 14 8 2 16 8 1
4 3 13 8 4 4 2 12 4 2 5 5 8 6
3 3 8 9 6 11 3 3 9 6 4 6 7 6
11 8 3 7 4 11 2 13 2 2 25 7 3 11
0 6 6 12 2 1 2 7 5 7 0 3 4 11
4 1 1 7 3 2 7 5 12 13 8 6 1 2
2 2 7 5 6 2 16 7 6 5 10 5 5 2
4 10 12 11 6 19 2 3 10 0 13 1 11 13
2 2 7 8 6 10 2 5 5 1 1 9 7 5
3 4 7 7 2 1 6 2 4 7 11 0 6 1
8 15 2 22 8 1 7 6 5 8 22 1 8 4
3 18 2 8 3 21 19 3 2 2 1 9 10 5
13 4 3 18 14 7 3 12 13 1 6 1 1 2
9 8 5 3 2 7 2 5 0 5 8 1 3 3
1 1 2 2 1 2 3 3 6 6 2 2 2 0
4 14 7 11 12 21 3 1 5 0 11 13 14 8
2 8 6 6 9 2 1 1 2 2 4 0 2 2
8 1 1 4 6 4 1 5 5 2 0 3 1 1
1 4 3 2 6 6 2 4 1 13 0 4 3 3
7 14 9 2 12 3 5 9 11 1 6 0 4 2
1 1 6 13 15 4 2 17 24 5 9 9 3 1
9 1 0 1 0 7 3 2 2 1 4 4 3 6
2 2 2 6 9 3 6 8 2 8 1 2 4 5
3 8 7 1 5 1 2 5 6 4 4 0 2 11
2 5 11 1 1 2 2 6 8 2 0 7 1 1
10 8 13 6 13 10 10 6 19 5 1 3 6 1
0 0 4 4 1 12 9 7 1 10 16 1 23 2
7 8 3 2 9 7 0 0 6 8 8 3 4 2
16 1 2 0 19 6 10 1 8 2 9 7 9 0
3 3 0 2 4 5 3 3 2 1 4 4 1 3
4 6 1 1 2 3 3 1 5 1 4 4 1 2
5 3 4 6 1 1 6 11 5 2 9 3 2 2
3 8 3 12 6 2 6 5 2 11 1 2 1 1
2 6 11 8 5 1 2 3 6 1 5 2 5 5
3 3 1 7 16 3 3 3 0 4 4 4 4 4
6 0 3 6 0 8 1 2 4 1 3 2 3 6
5 5 3 20 2 5 2 22 4 8 3 3 5 5
4 4 4 2 10 15 7 0 10 21 1 3 6 6
2 2 7 4 2 3 7 2 6 1 2 1 6 3
0 2 17 2 2 2 3 10 6 10 7 7 4 7
3 5 10 0 10 3 7 9 3 2 2 2 1 3
2 2 0 16 8 4 9 9 8 8 6 18 5 10
5 2 11 2 9 5 3 3 6 4 6 3 2 4
4 2 1 6 1 2 2 3 3 2 1 3 3 2
8 1 3 2 10 2 9 2 7 2 11 5 3 3
10 1 1 3 3 4 0 2 0 8 2 4 2 2
15 2 13 8 18 19 4 1 3 5 12 3 5 3
2 5 2 2 5 2 4 3 4 1 0 4 5 5
3 1 0 3 8 2 2 5 5 4 4 4 4 0
0 2 6 17 6 8 0 4 2 3 13 3 7 17
11 5 3 0 2 4 3 3 1 4 13 7 10 8
3 5 1 3 0 2 3 5 4 2 2 10 3 8
5 8 4 0 5 2 3 4 4 8 0 10 4 0
3 15 1 0 8 7 1 2 8 3 1 1 9 1
1 1 18 13 4 6 4 3 5 12 1 8 3 6
2 1 9 3 2 2 7 5 7 6 4 7 11 6
7 9 3 0 6 5 3 3 3 2 9 2 3 3
5 8 8 0 9 5 3 9 14 5 10 5 6 5
6 9 8 3 9 6 10 1 12 5 10 4 8 24
2 5 12 0 3 4 4 4 10 1 6 5 11 23
10 0 3 5 8 11 8 5 1 19 5 9 4 7
9 11 3 3 5 24 3 10 8 5 7 1 11 8
1 3 5 4 1 1 5 3 3 2 10 1 1 5
5 6 1 3 1 5 0 0 1 7 1 4 1 0
6 4 5 4 1 0 10 0 0 0 1 2 1 8
8 4 9 8 2 2 10 4 8 3 10 0 19 3
5 0 1 0 4 8 0 1 9 1 4 3 1 5
13 5 3 0 4 7 8 4 11 24 3 9 2 11
1 3 1 4 8 0 11 1 22 1 9 5 10 3
10 0 2 1 0 7 3 3 9 0 10 0 4 3
2 12 9 13 1 6 13 4 2 1 4 8 13 5
1 1 4 2 1 0 3 4 3 1 7 6 1 1
0 3 3 3 7 7 7 3 0 7 0 4 15 12
4 2 16 8 5 8 1 15 1 3 8 9 2 5
8 17 3 4 26 12 9 5 5 3 4 6 10 7
2 3 12 12 9 12 5 4 2 7 2 1 4 5
1 5 10 3 0 3 1 4 3 1 1 9 7 9
3 14 1 13 1 7 0 0 5 7 10 8 9 4
6 6 5 4 14 5 9 8 9 11 14 5 0 4
3 2 2 2 5 3 4 3 5 5 1 2 2 3
5 2 18 4 10 9 8 3 1 13 0 13 13 1
3 2 1 2 2 4 2 4 4 1 4 3 6 1
1 9 3 6 5 3 3 7 0 3 3 4 4 6
12 2 5 5 9 5 3 1 8 5 4 5 4 6
2 7 14 3 7 0 1 4 9 0 4 4 10 3
2 8 2 4 3 2 2 2 0 4 4 3 6 4
2 2 1 14 0 5 2 1 1 13 3 23 15 14
6 3 2 7 0 11 3 11 9 3 31 9 8 3
2 4 8 4 7 4 1 3 4 10 4 1 3 3
4 4 7 0 4 10 6 7 4 4 9 0 1 4
5 5 10 5 8 4 3 13 1 1 3 3 3 3
8 5 3 8 1 1 3 0 1 2 1 2 3 3
2 4 0 2 1 3 6 1 2 1 1 4 5 2
3 4 3 2 1 2 0 5 4 3 1 3 4 4
14 8 4 5 9 2 9 4 4 1 8 3 9 8
1 10 8 10 2 9 6 2 16 5 6 2 5 3
12 3 10 10 3 2 7 14 5 7 3 6 9 5
7 17 3 5 1 6 7 0 3 7 6 8 7 8
6 2 9 3 6 1 10 0 6 0 6 2 2 7
10 8 7 10 0 2 8 6 10 3 12 3 4 14
0 2 10 6 13 5 3 6 10 11 7 5 13 13
4 5 10 6 17 1 6 5 21 19 9 6 2 7
3 11 6 15 12 0 9 2 0 2 5 7 1 13
6 1 3 6 3 0 3 3 4 2 5 14 5 1
6 11 0 7 0 2 1 11 6 14 24 5 7 4
4 0 7 12 8 4 8 6 5 3 18 13 9 1
2 4 13 7 9 3 6 2 4 9 6 11 21 3
0 7 9 11 4 14 7 8 10 4 5 16 23 7
9 7 6 8 9 5 8 5 3 30 11 10 3 3
3 2 6 4 5 7 5 9 5 10 1 10 2 9
9 6 5 3 6 1 1 0 6 1 13 2 2 7
7 9 13 0 3 3 8 4 5 9 16 11 6 5
10 1 1 0 2 3 3 5 1 0 2 2 5 3
10 3 5 8 13 14 8 6 6 7 18 2 1 7
9 4 1 11 9 1 10 1 8 8 29 4 12 6
1 1 5 3 2 2 0 4 3 2 2 1 5 2
1 8 9 9 3 5 1 4 9 9 5 3 2 1
1 1 3 5 2 4 1 3 3 5 6 0 2 2
3 2 7 1 0 0 3 1 3 1 5 2 1 0
7 9 6 11 1 1 1 9 6 7 1 5 3 13
11 12 12 11 11 4 1 9 3 13 11 18 0 3
3 3 5 2 2 4 3 1 2 2 4 4 8 0
11 11 4 3 3 4 5 1 8 3 9 2 1 3
8 1 4 5 8 7 4 1 0 9 1 1 1 2
1 5 2 2 11 11 1 6 5 4 5 2 0 0
0 10 6 10 2 4 10 12 1 4 10 9 0 5
1 9 2 8 3 7 1 11 4 7 1 12 21 25
4 1 0 2 5 1 2 1 5 1 0 1 1 5
1 2 8 8 12 2 1 6 4 8 2 9 1 5
1 5 0 9 0 0 3 3 4 4 1 6 4 0
0 0 2 5 4 2 8 3 13 8 3 15 16 3
1 3 7 1 3 3 10 5 7 1 4 1 1 5
8 4 3 4 5 8 12 9 14 6 0 11 1 13
7 7 5 4 11 7 10 14 7 3 3 24 4 10
5 7 4 3 11 5 7 14 2 4 2 9 11 8
7 8 8 2 5 10 3 3 19 8 22 1 6 6
1 15 8 4 11 3 6 2 2 8 1 2 21 21
2 1 5 6 1 10 2 0 12 4 12 8 2 7
1 5 6 1 7 8 20 1 4 11 12 6 2 1
3 2 12 2 1 5 0 3 3 1 4 4 6 4
7 2 3 4 9 0 14 5 13 0 1 10 3 0
4 3 5 1 3 7 2 7 2 2 9 2 4 6
4 9 14 4 7 4 6 13 1 10 16 12 4 5
6 15 5 1 0 1 1 6 3 11 4 6 5 10
5 2 4 4 20 6 15 18 1 1 2 9 1 8
20 7 4 5 3 2 6 9 9 3 3 1 4 16
2 4 23 8 6 4 12 9 5 13 7 4 1 6
3 2 2 4 1 2 0 7 4 7 5 6 1 0
12 1 10 18 13 9 0 3 1 2 2 8 8 2
4 3 4 1 2 5 11 3 1 2 4 4 3 11
6 3 2 3 1 1 7 2 5 3 4 6 9 3
8 3 12 3 13 7 11 14 12 12 6 5 1 0
15 1 7 12 2 8 2 18 18 12 3 9 4 5
3 3 1 14 5 8 10 2 2 9 4 10 7 5
9 1 11 4 10 9 7 1 5 6 0 5 20 6
6 5 2 5 2 10 2 0 0 1 5 0 5 6
3 1 5 12 3 3 15 4 7 5 4 2 4 3
13 7 10 4 6 1 2 2 8 2 2 12 1 16
8 1 8 3 3 0 6 22 4 12 7 0 11 17
11 2 2 2 0 11 0 1 10 12 0 6 19 1
19 8 3 3 2 14 4 4 17 1 15 2 11 8
3 3 10 4 1 3 2 1 2 3 2 0 4 7
20 5 5 4 3 14 10 12 6 9 5 7 9 20
4 5 6 11 7 5 7 2 1 4 1 0 4 11
3 3 8 4 6 1 6 4 1 6 3 2 0 0
4 2 19 1 12 6 2 9 4 5 2 1 2 1
6 6 9 4 4 5 5 3 9 1 1 4 4 9
5 7 0 3 0 5 7 0 4 8 1 1 2 4
17 9 5 3 1 1 10 1 7 7 2 10 2 15
8 14 5 1 7 0 7 5 3 4 9 3 3 6
6 3 0 5 2 4 4 6 0 9 10 2 7 2
4 1 7 4 1 7 4 13 2 10 5 0 6 4
16 4 1 2 5 3 20 16 11 0 1 3 15 2
8 3 3 2 2 10 2 6 0 2 4 6 11 1
0 1 2 4 5 1 2 1 2 0 2 4 0 6
12 4 3 12 2 15 6 9 12 2 8 3 3 14
12 1 1 6 0 0 2 5 5 6 5 3 8 7
7 7 14 6 4 2 3 16 2 8 17 2 15 6
3 0 2 1 0 6 11 21 14 11 13 10 10 8
2 2 0 4 5 0 3 4 4 4 1 1 1 6
1 19 1 13 3 12 5 5 4 0 9 12 9 16
4 0 3 8 1 1 1 1 1 6 3 1 6 4
4 7 5 1 0 7 3 8 10 1 3 5 0 7
5 17 3 6 2 12 5 2 19 12 2 0 8 6
0 4 7 3 3 0 2 2 2 6 1 1 0 11
5 9 0 5 12 0 3 11 4 4 13 11 22 4
14 2 10 5 5 6 11 6 7 1 2 3 0 4
0 1 4 2 3 2 3 3 4 2 2 1 3 4
3 4 3 2 0 6 1 3 4 1 1 4 2 0
4 8 5 1 3 3 1 2 1 0 7 5 6 6
3 5 13 1 7 14 9 5 17 3 11 5 8 16
3 3 13 13 1 12 16 1 1 4 10 9 16 4
1 9 11 5 17 5 7 18 15 5 13 2 12 11
4 2 4 11 2 9 1 0 12 5 4 1 0 8
1 2 4 2 14 14 0 4 1 5 3 4 3 1
10 9 6 6 5 2 8 2 7 2 12 10 1 9
4 5 0 4 2 6 0 6 4 2 4 7 5 3
2 7 1 12 3 4 3 3 11 4 9 2 7 5
7 2 2 5 4 2 2 15 7 10 16 3 5 8
5 6 4 1 1 8 7 8 5 14 7 9 5 3
2 10 0 0 1 5 3 9 5 3 1 3 10 3
4 0 3 6 7 1 6 7 2 9 4 7 3 5
0 4 0 3 3 1 9 3 4 4 9 9 8 7
4 6 9 9 9 0 0 1 4 0 2 6 1 5
1 3 0 1 1 6 6 0 2 1 3 8 9 3
5 15 3 0 6 8 3 4 8 4 12 9 3 6
1 1 8 11 0 3 5 10 2 13 10 2 7 3
2 4 4 8 7 1 10 1 10 3 3 3 5 3
4 11 1 19 9 1 9 8 6 0 1 5 11 24
5 5 6 4 3 3 6 1 11 2 6 5 6 0
18 7 13 2 15 3 1 13 5 7 0 11 2 14
10 5 3 1 5 6 8 3 2 4 6 1 0 0
9 4 3 5 2 25 9 6 9 1 7 6 2 17
1 67
2 35
2 69
2 81
3 37
4 55
4 87
5 11
5 20
8 65
12 94
13 28
13 56
13 96
14 60
15 25
17 45
17 87
18 49
18 62
19 39
19 62
19 67
20 81
20 84
20 92
21 70
21 88
22 39
23 105
23 106
25 43
26 43
26 124
27 63
27 90
27 94
28 126
28 128
29 70
29 73
30 81
31 54
31 111
32 42
34 62
34 80
34 96
34 132
37 50
38 114
39 78
40 112
43 71
43 124
43 126
43 127
45 61
45 81
45 136
46 63
46 88
47 87
48 134
49 50
49 53
49 122
49 129
49 135
49 137
50 113
50 122
51 109
52 82
52 137
54 56
54 148
56 100
57 157
58 70
58 158
59 123
60 111
60 129
61 71
61 115
62 94
63 66
66 117
66 162
67 76
67 144
67 164
68 101
68 110
69 79
69 159
69 164
70 164
71 118
71 133
72 100
74 107
74 134
75 138
75 169
76 105
77 85
77 90
78 148
80 99
81 176
83 113
83 140
84 89
85 116
85 152
85 156
88 154
88 168
90 106
90 108
90 174
90 189
91 119
93 107
94 100
95 99
95 127
96 111
96 121
96 136
96 166
98 156
98 191
99 175
100 175
103 164
105 113
105 182
106 122
107 111
108 117
108 144
108 167
108 180
108 206
110 150
115 156
116 153
117 118
117 153
120 186
120 217
121 177
121 213
123 183
123 187
124 198
124 202
125 181
125 221
127 142
127 174
128 150
128 178
131 154
131 180
131 231
132 225
134 227
135 219
137 200
138 145
138 220
139 181
139 187
141 199
142 156
142 203
142 206
143 155
143 186
143 196
144 180
144 213
144 221
146 160
146 228
146 238
147 208
149 192
150 248
151 155
152 246
153 172
154 157
155 167
155 177
155 244
156 173
158 237
158 244
159 166
159 186
159 202
159 238
160 233
161 249
165 232
165 247
167 215
168 220
168 255
168 266
169 206
169 209
170 193
171 197
171 207
171 241
173 231
174 190
175 242
175 268
176 194
176 271
177 267
178 210
178 235
178 278
180 255
181 223
183 246
183 248
184 274
185 222
185 271
186 278
187 267
187 287
188 251
188 282
189 193
190 191
190 207
190 247
191 227
191 269
191 270
193 238
196 211
196 248
201 227
201 265
202 228
202 286
202 292
204 228
204 263
205 222
205 298
208 267
209 226
210 251
210 308
214 227
216 238
216 250
218 230
219 311
219 314
220 304
221 291
222 245
222 264
222 269
222 277
222 321
224 230
225 244
225 249
226 302
227 308
229 243
229 253
229 304
230 256
230 270
231 297
232 285
232 321
232 328
233 252
233 264
233 281
234 241
236 241
236 290
236 292
236 318
238 257
238 273
238 274
239 332
240 261
240 328
241 327
243 270
245 285
247 275
247 311
247 344
249 254
250 251
250 292
250 301
250 336
251 256
251 327
252 266
252 341
253 263
254 295
254 319
255 265
255 303
255 315
256 315
256 316
256 353
258 262
259 309
259 317
259 327
260 342
263 289
263 318
264 304
266 306
267 306
267 310
267 346
268 340
270 348
271 281
271 336
271 345
271 368
272 290
273 278
274 331
277 334
277 374
280 299
281 315
281 336
281 377
284 317
284 374
286 293
289 341
290 363
291 302
291 346
292 302
294 344
295 313
295 336
296 324
296 393
297 363
298 340
298 356
298 372
299 312
299 340
300 373
301 337
302 322
302 374
304 374
307 381
308 376
308 389
309 372
310 314
310 323
310 336
310 352
310 401
311 404
312 372
313 331
314 343
314 378
315 373
315 409
316 372
317 392
319 384
321 368
321 385
321 405
323 386
324 353
325 365
326 363
327 330
329 357
329 386
331 388
332 334
332 389
334 373
335 402
335 403
335 404
335 406
336 392
336 406
338 407
340 378
340 406
340 426
340 434
341 352
341 401
342 400
344 405
348 363
348 367
348 403
348 441
350 423
350 431
350 441
351 419
352 452
353 375
354 371
355 453
356 357
356 435
357 443
358 363
358 384
358 390
360 420
361 438
363 364
366 393
367 374
367 406
369 459
370 392
370 463
371 380
371 418
371 422
371 429
371 447
372 470
373 388
374 409
374 426
374 432
376 446
377 435
377 459
377 470
378 454
379 383
379 394
380 426
381 427
382 384
382 387
382 400
382 480
384 419
384 438
386 433
386 475
386 477
387 409
388 469
389 403
390 451
390 473
390 487
392 430
393 395
394 474
395 478
396 484
397 452
398 442
398 475
399 471
400 453
400 480
401 474
404 497
406 407
406 503
407 446
407 458
407 495
408 447
408 486
408 498
410 424
411 418
411 456
412 436
412 455
412 470
412 472
412 479
413 424
413 469
414 510
415 484
416 442
416 509
417 447
417 471
419 462
421 476
422 450
422 456
422 480
423 489
424 463
425 490
425 503
425 508
426 475
427 443
429 525
430 437
430 491
430 512
431 469
431 498
432 438
433 533
435 506
435 515
436 478
436 512
436 518
436 523
437 464
438 495
438 529
438 531
439 442
439 472
440 501
440 511
443 456
443 470
444 475
444 482
444 521
444 528
445 487
445 533
447 469
447 499
450 455
451 475
452 468
453 501
453 519
455 467
455 491
456 461
456 516
456 527
457 458
457 474
459 528
462 465
463 474
463 523
463 526
464 559
465 479
465 513
466 553
467 475
467 546
468 498
468 537
469 481
470 561
472 524
473 489
475 536
475 546
477 494
477 547
479 521
479 532
479 556
480 481
480 542
480 552
481 576
482 550
483 519
484 498
485 501
485 509
485 536
487 584
488 564
489 559
490 542
491 539
492 496
493 513
493 549
494 512
494 528
495 522
495 571
496 544
497 563
499 531
499 553
500 600
501 562
502 533
504 531
504 583
506 577
507 542
509 555
509 559
510 528
511 553
512 541
514 538
514 596
516 598
520 598
521 570
521 577
522 552
522 565
523 566
524 581
525 582
526 559
527 555
529 583
530 599
531 557
532 597
532 599
532 614
533 588
534 567
536 564
537 571
538 567
540 547
544 618
546 570
546 599
546 628
548 645
549 640
549 648
550 601
550 623
551 581
551 586
552 614
553 554
553 621
554 611
554 625
555 639
555 646
556 560
556 619
557 573
557 583
558 579
559 634
559 645
560 598
562 600
563 622
563 656
564 641
565 662
569 582
569 603
570 572
570 578
570 657
570 658
571 595
572 574
572 654
572 660
573 634
573 643
573 669
574 585
575 586
575 675
577 596
578 598
578 615
580 608
580 677
581 601
581 657
581 672
582 632
583 674
586 655
588 606
588 607
588 642
591 665
592 670
592 686
593 641
595 622
596 634
596 654
596 662
598 614
598 629
599 652
599 683
601 673
605 645
607 647
607 673
608 630
608 664
609 679
610 640
611 698
612 629
613 712
613 713
614 646
614 666
614 694
614 714
615 618
615 623
615 640
616 685
616 688
616 707
617 659
617 661
617 678
619 628
619 633
620 627
620 628
620 693
620 712
621 665
621 676
621 680
621 718
622 640
622 672
625 718
625 722
626 713
626 723
627 705
627 709
628 632
628 646
629 659
629 672
630 675
631 650
633 702
634 719
635 703
635 710
636 660
637 698
638 685
639 643
641 698
641 719
642 670
642 696
643 653
643 666
643 668
643 697
643 740
645 727
645 744
646 690
646 713
646 742
647 740
648 694
649 686
650 670
651 666
652 665
653 674
654 677
656 740
657 693
657 723
659 670
659 681
659 726
660 663
660 680
660 721
661 669
661 689
663 665
663 702
664 676
664 706
664 749
665 668
665 673
666 732
666 750
667 711
667 754
668 701
669 714
669 764
672 673
672 681
674 708
676 742
676 750
676 764
677 687
677 737
679 743
679 775
681 695
681 755
682 683
682 715
682 768
683 758
684 751
685 726
685 730
686 689
686 704
686 737
687 734
687 740
689 763
690 692
690 708
690 771
690 783
691 698
692 725
692 729
693 761
693 786
695 700
695 744
699 736
699 738
700 757
701 781
701 785
701 791
702 704
702 717
702 725
704 797
705 728
706 756
707 767
709 754
709 756
709 789
711 804
712 812
714 732
715 720
715 741
716 808
718 724
720 729
720 764
721 740
721 783
722 751
723 788
723 790
724 729
724 730
724 778
725 802
725 810
726 780
727 764
727 783
728 735
728 741
729 780
729 782
730 743
730 750
730 787
730 798
730 829
731 803
734 767
735 756
736 768
736 811
737 764
737 769
737 785
738 747
738 778
739 772
739 798
740 753
740 764
740 835
741 769
742 772
742 811
744 774
744 837
745 817
745 829
745 844
746 808
746 834
748 761
749 754
750 759
751 763
751 799
753 766
756 780
756 841
757 854
758 809
758 840
761 856
763 778
764 801
764 811
764 812
765 780
767 791
767 797
767 863
768 814
770 807
770 814
771 842
773 828
774 780
774 858
777 834
777 858
778 820
778 863
779 843
781 860
783 819
784 861
784 870
785 803
785 869
786 797
786 862
788 812
788 868
789 855
792 816
792 833
794 817
795 797
795 826
795 890
796 888
797 860
797 863
797 890
797 891
798 822
799 806
799 811
799 847
800 886
802 806
802 833
802 844
803 844
803 885
803 890
804 872
805 860
805 878
806 882
807 812
807 830
807 846
807 847
807 853
807 907
808 831
808 837
808 850
809 834
809 868
810 849
810 884
810 888
811 826
811 894
812 851
813 831
813 875
813 891
817 882
820 858
820 886
824 840
825 858
825 896
825 915
827 852
828 838
828 894
829 916
832 854
832 859
832 865
833 907
833 930
834 854
834 928
836 893
837 871
837 913
838 884
839 924
840 857
840 880
841 871
841 897
842 855
842 907
843 937
844 854
844 857
844 898
844 944
846 891
847 893
847 896
848 852
848 928
849 857
849 874
849 877
850 858
850 918
850 934
850 941
850 945
853 871
853 884
854 894
854 925
855 927
856 887
856 931
857 916
858 888
858 900
859 888
860 913
861 870
862 904
864 879
864 931
864 933
865 933
866 900
866 915
866 960
869 934
869 957
870 888
871 948
875 936
875 954
876 942
877 891
877 939
877 941
879 884
879 969
881 964
882 945
883 919
883 948
885 917
885 918
885 926
885 964
886 905
886 976
888 983
889 982
890 961
890 978
892 972
892 974
893 938
893 983
894 926
894 963
895 934
895 942
895 960
895 986
896 917
896 939
896 965
897 962
899 946
899 991
900 914
900 961
900 963
903 920
904 963
904 990
906 946
908 918
908 972
909 927
910 912
910 974
911 952
911 961
911 996
915 917
917 933
919 936
921 977
922 981
923 971
927 961
927 972
928 996
929 975
931 935
931 942
933 982
934 942
935 961
935 971
936 957
936 991
940 944
940 985
941 964
941 974
941 980
943 970
944 987
944 991
945 967
946 983
949 994
952 971
953 974
954 983
956 990
956 991
957 995
958 963
960 967
969 987
971 979
971 982
971 998
980 983
980 1000
984 991
988 991
989 999
993 999
9 2 5 4 7 5 4 3 1 6 5 1 2 12
20 0 12 0 3 9 4 8 21 15 6 21 12 2
7 4 16 29 13 1 2 8 4 1 7 14 20 4
5 11 7 4 16 1 3 6 6 8 2 5 3 6
11 10 0 2 3 2 8 1 4 7 0 10 4 3
3 9 24 8 37 14 10 1 13 14 4 3 4 7
8 1 19 4 3 20 1 10 4 12 1 3 1 3
1 16 12 0 11 4 33 3 4 29 21 13 3 6
0 19 15 5 15 3 14 14 7 10 42 2 19 7
12 12 13 8 17 18 9 4 20 38 1 16 8 7
8 11 1 13 17 12 4 2 7 8 1 11 7 1
7 14 25 11 12 6 4 11 7 8 12 6 39 12
15 6 9 6 2 1 11 13 8 19 9 8 5 15
26 14 3 7 3 17 6 9 5 8 4 9 3 4
15 10 4 8 11 12 14 14 12 3 15 14 1 5
2 17 1 10 3 4 10 3 12 2 7 12 3 15
4 12 5 1 8 2 0 14 4 3 4 13 7 17
1 12 10 10 4 4 23 6 3 3 9 5 3 11
5 7 17 5 11 1 3 2 2 9 14 7 1 1
13 14 13 11 15 16 4 10 28 1 17 5 6 7
4 5 6 7 14 4 9 3 5 5 11 1 4 4 2 3 4 3 10 1
15 19 11 12 22 6 22 8 6 5 17 7 4 10 1 11 16 3 12 9
57 42 51 45 63 36 46 31 24 28 50 24 27 35 34 49 40 43 54 30
16 5 9 7 20 8 12 17 4 1 12 1 3 9 9 15 11 15 20 6
14 14 5 8 13 7 18 12 12 1 9 1 1 3 5 8 7 9 12 5
35 31 38 32 48 13 25 27 29 1 27 21 27 19 24 38 40 33 38 19
5 8 1 2 11 3 11 6 1 1 5 1 4 5 3 6 1 5 11 1
19 18 13 14 24 16 23 20 7 9 18 1 7 11 9 20 8 15 24 4
59 28 46 48 59 27 48 39 24 14 43 26 31 41 26 56 57 48 53 26
18 10 5 13 20 13 21 15 4 7 17 2 8 8 9 16 9 11 21 6
29 26 26 30 45 16 23 34 17 13 23 11 21 16 13 33 20 29 38 9
38 29 21 33 51 26 45 20 21 15 35 11 21 42 30 37 28 33 28 26
23 20 17 23 35 16 23 28 10 7 18 3 14 13 6 27 19 21 32 8
62 40 43 56 74 47 66 45 37 24 48 23 33 43 28 62 54 56 55 25
19 24 13 20 35 6 28 13 8 6 16 4 15 18 1 17 27 10 18 6
39 16 20 34 51 19 37 34 24 10 30 14 26 32 21 25 36 24 39 1
44 32 34 33 43 16 43 35 19 10 25 11 23 23 17 22 35 24 49 10
17 23 10 10 29 5 21 12 6 5 12 1 15 12 1 14 16 12 16 5
29 11 17 22 31 26 31 25 25 9 17 14 14 10 1 27 24 31 26 11
15 13 8 4 17 5 11 11 4 3 8 1 5 3 1 4 9 5 15 1
10 6 6 7 14 4 13 8 4 2 11 1 1 5 7 11 9 6 10 4
7 11 13 11 17 5 13 9 8 6 12 1 7 5 3 6 13 7 16 4
30 26 18 24 34 24 32 17 14 16 23 6 13 19 12 30 29 25 15 10
6 6 5 6 12 3 12 1 3 5 11 1 2 3 1 4 6 1 6 2
35 31 27 21 37 15 33 16 10 8 26 5 18 14 12 25 29 18 29 10
8 5 13 14 18 4 10 7 9 5 11 6 11 1 1 8 14 7 16 3
21 18 8 14 25 10 27 10 10 8 17 5 11 17 7 17 18 14 13 6
32 41 30 30 41 18 42 35 29 8 22 15 22 25 14 27 32 30 40 11
45 37 23 33 50 35 46 23 5 27 35 7 29 29 18 36 26 28 31 7
35 26 13 30 37 31 34 29 34 10 24 17 20 23 17 28 29 26 35 19
13 20 12 16 25 6 25 12 7 7 15 4 10 10 7 11 17 7 18 4
6 8 4 5 10 1 12 5 4 1 6 1 5 3 4 6 5 4 10 1
12 14 17 8 18 10 16 13 11 7 15 1 4 10 12 9 9 11 20 11
56 24 29 42 61 38 51 44 27 18 34 19 36 38 22 52 38 56 53 29
52 23 32 44 53 30 51 32 18 20 46 20 26 43 26 44 48 34 47 24
47 28 28 35 49 29 46 25 25 7 30 13 28 29 27 43 35 38 39 23
13 6 8 12 21 4 9 7 5 6 15 1 6 11 12 14 14 6 10 5
1 7 9 5 14 3 8 4 2 2 7 1 6 2 2 8 10 3 7 4
22 20 19 13 31 9 31 20 16 4 23 5 10 18 6 9 13 14 22 1
19 11 13 18 19 13 17 19 20 1 9 8 11 4 6 13 20 15 21 7
9 7 11 8 14 1 11 6 4 2 6 1 6 1 1 5 12 4 11 2
55 50 60 57 69 56 62 49 34 47 61 29 27 44 29 56 46 56 60 31
47 26 39 42 46 32 33 35 24 18 38 23 20 27 17 47 39 34 54 23
67 49 43 51 58 30 58 23 10 29 46 15 37 44 37 40 57 37 38 22
24 15 12 18 25 19 22 19 19 8 16 7 10 6 5 16 18 18 24 13
57 37 33 46 63 40 55 30 18 27 44 9 32 45 35 60 49 52 42 31
18 12 8 9 19 1 18 16 10 1 7 4 5 7 1 2 17 9 13 1
41 22 25 28 46 21 34 21 15 10 30 1 16 25 19 39 28 29 30 8
15 8 19 9 14 3 10 7 6 1 6 3 6 2 9 13 17 12 15 9
66 36 40 51 59 38 68 34 25 20 41 19 39 40 32 29 45 43 54 26
49 32 37 46 60 14 48 30 22 14 44 15 24 45 34 33 51 30 42 19
40 32 35 48 61 37 41 37 25 29 53 11 22 39 22 50 37 37 42 12
50 44 43 49 66 38 41 43 30 43 64 14 25 49 41 54 44 42 39 36
42 25 18 36 49 17 16 33 27 10 29 9 24 16 17 36 40 25 25 6
33 29 13 22 29 8 32 17 9 1 16 3 18 20 16 19 26 10 25 4
59 45 43 57 68 44 68 47 17 41 64 22 28 54 31 40 39 40 68 39
27 17 8 25 32 19 27 23 18 10 13 4 17 12 11 15 19 13 27 7
50 36 36 62 58 46 56 49 48 27 36 24 31 34 24 39 47 46 55 23
6 8 6 5 12 2 5 10 7 1 1 1 4 1 1 6 8 5 7 1
5 5 7 5 9 2 8 3 2 4 4 1 1 1 2 3 11 2 2 4
44 34 30 34 51 26 60 30 32 16 35 22 27 41 17 20 26 37 39 23
31 19 22 28 34 30 33 35 28 18 26 11 10 5 11 31 32 27 33 12
38 33 38 42 46 26 42 34 23 16 37 11 13 20 11 33 40 25 44 11
77 64 43 58 79 44 73 57 38 24 47 22 57 49 45 57 57 53 74 30
23 11 10 16 21 20 21 18 11 8 17 3 6 12 14 14 7 15 27 12
49 33 49 50 59 35 59 54 48 23 46 27 25 29 29 37 50 42 60 23
43 31 27 36 54 11 37 37 24 11 35 9 29 37 28 32 43 30 38 10
43 22 25 41 46 41 39 21 20 29 39 20 23 30 10 33 24 31 33 19
29 18 14 23 19 15 36 8 11 5 16 10 8 12 8 10 17 14 20 17
38 33 27 28 39 15 39 15 10 15 22 13 20 21 11 27 34 15 34 19
33 21 29 25 44 9 26 18 13 8 18 9 24 25 12 42 42 35 21 7
22 20 5 17 15 14 22 23 18 4 1 2 11 9 10 13 17 13 20 4
50 27 30 45 56 28 42 40 29 24 51 9 15 34 21 42 48 37 37 13
4 7 6 5 3 1 8 1 1 1 2 2 2 2 1 1 7 1 5 2
15 1 1 3 10 8 11 3 11 1 4 2 2 5 1 7 4 10 6 3
76 51 50 60 74 41 64 43 35 34 53 28 35 42 29 48 60 48 63 31
37 24 25 27 36 29 36 19 15 24 31 14 12 20 14 31 22 26 26 23
11 9 7 7 15 4 10 11 9 1 3 1 6 1 3 10 12 7 12 3
40 23 25 27 39 24 30 20 16 18 29 10 17 15 7 27 21 21 31 12
48 39 30 35 49 23 35 43 34 15 25 19 30 17 18 32 41 31 50 9
8 11 9 8 9 1 17 1 1 2 12 3 1 4 1 1 8 1 13 5
25 17 17 15 19 16 31 7 11 10 14 2 9 12 8 19 15 16 9 9
20 10 10 18 22 15 24 23 16 6 12 4 5 10 8 18 20 17 19 4
27 23 25 14 13 9 27 3 5 3 12 7 11 5 3 3 17 3 26 9
40 36 30 38 49 25 32 38 32 13 26 14 27 18 19 36 40 28 41 7
70 54 47 47 69 35 68 48 37 25 46 39 47 53 32 53 64 47 61 25
2 2 1 1 2 1 5 5 4 1 2 1 1 1 1 3 4 2 5 1
39 37 32 24 38 15 45 14 14 14 29 19 20 32 16 30 33 20 34 22
25 17 22 21 29 11 28 18 11 5 27 6 4 17 13 21 28 16 27 7
41 26 34 33 42 14 39 29 18 8 28 15 17 25 20 30 42 30 40 22
8 7 3 10 12 8 11 18 9 1 2 1 3 4 6 13 14 11 12 3
17 13 12 9 15 4 15 13 12 4 6 3 8 3 3 6 14 10 15 1
12 23 16 10 25 11 23 8 6 10 20 1 3 13 6 13 11 7 7 6
43 39 35 44 61 40 53 41 21 33 46 10 29 41 26 48 30 38 48 24
46 16 26 35 49 27 37 30 26 12 32 14 18 27 15 34 35 38 34 15
44 34 33 45 44 38 44 37 20 24 40 23 20 27 15 39 39 28 55 24
15 15 7 12 25 5 22 10 4 2 14 1 6 9 6 11 14 3 17 2
10 9 4 3 11 3 13 2 2 3 9 1 3 2 3 4 3 1 5 1
67 51 37 58 68 31 50 49 40 18 43 22 41 41 26 58 53 52 56 22
68 35 35 58 69 29 51 44 22 31 58 19 32 50 31 44 56 37 52 27
61 24 40 56 62 45 64 40 33 24 52 27 38 51 38 41 47 53 56 27
7 15 7 6 24 7 13 9 3 7 16 1 9 8 2 15 6 8 12 4
38 36 29 34 49 27 46 29 7 23 38 12 20 35 19 38 30 32 41 24
30 28 14 25 51 23 34 30 8 19 35 1 20 33 23 35 19 25 33 13
74 50 64 63 74 32 67 47 38 19 50 31 40 39 38 37 61 47 73 29
52 44 34 43 49 35 55 38 28 23 36 17 25 22 16 26 45 28 56 12
64 36 41 44 64 31 56 44 36 12 37 25 47 32 23 45 40 51 58 10
19 15 7 10 20 17 20 14 13 10 18 1 3 6 1 13 13 9 12 4
8 14 6 4 13 1 12 11 6 3 8 1 1 4 3 3 11 6 11 1
29 23 27 23 34 26 31 19 13 14 35 6 11 13 18 25 20 19 33 7
66 33 38 58 64 32 61 38 33 18 45 23 40 44 23 42 53 47 51 18
52 24 49 43 43 32 49 33 39 6 30 24 28 26 25 31 39 46 57 26
24 16 16 13 13 13 28 7 12 6 14 8 8 4 4 8 10 8 17 10
11 11 10 8 10 1 13 7 5 4 8 5 6 1 1 5 12 6 11 5
9 9 6 2 8 5 12 6 6 1 5 1 2 1 1 7 5 5 6 1
80 46 46 57 77 43 71 37 32 27 56 30 50 52 26 52 50 54 61 24
25 23 22 23 32 14 29 17 18 6 14 5 17 15 5 27 23 24 24 1
71 42 42 63 76 49 63 42 42 36 56 37 47 54 38 52 68 53 56 28
67 37 51 57 60 53 68 36 34 32 49 31 34 30 10 49 44 54 61 20
8 8 12 8 19 7 15 7 7 5 14 1 3 6 5 11 13 11 15 5
3 5 1 1 9 1 4 5 4 1 7 1 1 1 1 5 2 3 4 1
43 27 30 31 62 6 36 34 20 5 32 11 32 36 25 40 47 37 37 8
21 17 13 13 33 14 19 20 6 13 25 1 2 12 9 19 17 15 22 6
42 32 31 29 48 13 46 27 14 10 24 15 26 34 22 39 44 37 37 21
41 46 41 34 46 27 55 19 14 23 38 15 21 38 10 32 41 26 36 19
65 50 40 45 61 26 57 37 33 18 38 26 41 46 37 48 63 49 49 28
21 8 18 15 23 13 16 11 9 5 16 3 4 10 16 16 12 15 25 13
27 19 17 19 30 5 30 22 17 1 16 12 16 21 6 13 27 18 23 4
51 41 43 48 58 25 41 47 37 17 29 29 38 28 17 45 60 46 54 20
59 56 55 56 65 38 58 46 31 27 46 23 32 31 27 32 45 39 66 19
53 24 38 38 40 36 46 33 18 20 40 18 11 23 18 44 34 37 46 25
51 29 43 38 51 23 51 21 17 16 38 15 27 36 26 36 42 39 38 19
41 24 8 32 37 19 36 28 11 13 23 3 22 28 26 25 37 19 36 15
45 49 38 40 62 28 52 39 27 28 37 13 28 34 21 34 37 33 46 18
35 27 32 30 47 16 32 25 12 13 27 8 17 23 18 30 33 24 33 10
23 10 16 21 34 6 21 13 4 5 23 1 11 19 21 24 26 17 21 8
33 26 26 35 45 21 22 27 16 18 35 11 15 17 7 35 35 23 30 4
10 8 8 7 13 11 15 14 10 3 10 3 2 1 1 15 11 12 12 1
15 7 22 13 16 3 16 12 10 1 12 5 1 9 11 14 21 20 22 9
3 10 1 6 11 3 12 13 8 1 1 1 3 2 1 8 12 7 7 1
23 21 21 22 36 12 25 26 14 7 17 1 12 12 17 18 20 15 33 11
12 9 8 8 13 1 10 7 9 2 7 1 7 1 1 6 7 6 10 1
50 38 47 47 59 27 49 20 17 23 42 26 32 42 22 49 52 39 45 27
12 13 8 8 11 8 15 10 9 5 10 6 4 4 1 6 12 6 9 6
2 14 7 5 18 4 14 9 3 4 12 1 5 7 2 6 6 4 11 1
57 40 42 45 56 35 51 24 27 12 37 19 32 32 41 41 47 39 57 31
44 30 23 40 53 31 41 40 12 27 36 6 23 26 17 36 33 31 45 18
52 34 47 38 49 25 48 37 36 7 28 26 40 25 20 28 41 42 49 7
14 11 13 22 25 13 26 18 10 10 19 1 12 15 14 14 16 14 25 8
45 25 26 38 53 33 45 40 12 23 32 9 29 36 28 51 43 51 46 24
5 4 1 1 3 1 7 1 1 1 1 1 3 1 1 1 2 1 2 1
17 15 17 25 32 8 19 24 19 4 9 6 17 10 7 27 28 22 21 2
51 31 38 44 59 23 30 23 12 31 48 12 29 37 29 49 53 37 29 21
15 11 1 10 17 16 14 15 12 11 16 1 5 6 4 13 10 11 16 1
25 20 18 12 31 7 22 23 10 4 17 2 8 11 5 16 19 19 24 5
4 2 3 2 6 1 5 1 1 1 5 1 1 1 1 1 4 1 4 1
5 8 5 6 14 1 12 5 1 1 10 1 2 4 2 6 8 1 8 2
35 20 16 25 35 27 37 19 7 20 25 3 15 21 14 28 27 22 19 12
25 20 13 18 31 9 26 10 3 10 27 5 13 21 16 25 22 11 13 9
3 5 2 1 3 1 6 1 1 1 3 1 1 1 1 2 3 1 2 1
50 32 30 34 48 23 41 36 28 13 31 15 29 30 31 54 50 45 30 20
7 10 9 4 11 5 11 4 6 1 10 1 1 5 7 6 4 3 10 6
78 48 57 63 69 50 79 43 44 28 46 37 43 39 29 56 66 53 69 40
73 41 43 62 67 38 71 39 40 26 46 33 38 51 33 45 62 45 58 39
58 41 44 39 55 17 54 39 33 6 25 28 37 34 19 35 50 46 54 23
35 36 29 30 51 15 39 26 14 15 30 16 25 29 8 34 40 26 37 11
62 63 58 50 65 43 66 44 30 37 52 34 33 53 39 50 43 48 62 46
7 11 14 7 14 3 9 9 6 1 8 1 7 5 5 5 12 7 15 5
54 38 54 52 57 41 50 18 29 29 54 34 24 42 26 56 61 37 43 33
20 16 15 6 26 3 25 3 1 3 9 1 15 12 6 18 15 14 13 4
15 3 17 18 23 12 17 20 12 3 9 2 9 8 10 22 20 22 24 7
11 6 3 11 22 14 12 16 8 4 10 1 11 10 7 21 6 15 17 2
15 6 7 6 13 7 11 12 5 1 2 1 4 5 8 8 9 10 12 5
20 12 18 15 23 4 27 12 6 4 17 6 6 16 8 17 23 21 18 10
11 7 3 6 19 3 13 5 1 3 13 1 4 10 9 13 5 6 11 2
59 26 40 42 57 28 46 32 34 9 42 27 17 38 32 45 47 46 47 28
47 28 19 37 45 32 50 27 6 22 37 7 19 29 19 30 34 28 42 25
11 12 13 3 12 1 14 8 4 1 5 1 3 3 2 6 11 9 10 4
63 23 45 57 52 38 60 48 40 20 38 29 36 27 25 49 56 59 60 32
22 25 21 14 26 15 21 22 9 12 20 1 8 11 7 12 13 13 28 6
32 18 23 32 41 21 32 26 16 14 28 5 20 28 23 40 40 31 28 13
4 6 5 1 6 1 9 2 2 1 1 1 4 3 1 7 5 8 2 3
8 1 6 6 13 3 5 9 9 1 3 1 4 1 1 6 9 6 10 1
50 41 22 45 66 29 50 42 21 24 36 10 36 36 22 43 42 35 50 13
69 48 43 54 59 33 65 37 36 17 45 27 37 50 33 41 55 38 59 32
28 20 6 23 31 22 35 17 11 15 16 5 17 23 13 20 18 21 14 11
7 11 3 2 14 1 7 6 3 2 12 1 2 6 5 7 6 2 8 1
53 40 37 32 53 16 49 33 33 10 25 27 40 30 22 43 40 45 47 21
50 26 34 48 50 30 41 36 38 8 29 24 32 21 20 47 45 43 39 13
14 22 12 16 26 8 23 5 2 11 15 1 12 12 1 13 18 8 7 1
53 35 41 52 53 35 44 24 30 28 53 27 25 39 29 52 60 33 37 34
5 7 7 4 10 6 8 6 7 4 8 1 5 3 4 10 7 8 7 6
57 63 44 42 66 34 67 36 18 27 44 18 34 43 32 31 36 29 59 22
41 32 43 33 51 21 57 33 32 12 35 15 29 38 24 29 33 38 42 13
18 6 14 20 17 19 20 21 19 4 14 6 10 9 12 25 18 23 23 10
27 19 30 26 30 13 27 26 17 8 23 14 9 11 5 21 35 22 34 13
23 16 19 25 32 19 21 14 7 19 26 6 12 12 4 20 21 12 22 5
36 32 29 26 41 15 38 21 18 16 23 15 25 33 23 44 39 38 22 18
70 46 53 57 65 49 73 25 16 32 56 25 34 46 31 37 48 41 61 38
15 12 14 9 16 7 10 10 10 4 8 6 4 6 11 12 16 12 8 13
59 55 32 47 57 30 69 41 33 25 28 22 39 45 25 43 57 46 48 21
37 25 18 32 35 25 39 26 7 21 32 6 19 25 25 27 35 24 36 28
54 47 43 47 64 25 47 35 20 31 58 12 21 47 34 48 50 34 46 32
73 30 41 62 77 43 50 54 47 22 45 34 52 45 44 60 60 58 64 37
54 24 58 59 63 35 59 47 42 20 51 30 26 46 40 46 52 55 63 30
14 9 3 5 15 6 13 10 8 1 6 1 1 1 1 5 10 4 8 2
47 39 16 31 54 26 48 24 11 19 27 5 34 33 28 32 35 24 32 12
53 51 28 43 56 26 46 46 36 20 26 28 41 31 21 45 53 40 52 19
13 7 6 7 8 7 18 8 7 1 7 1 1 4 6 9 7 9 12 6
19 21 26 19 21 14 28 18 17 5 23 10 4 14 8 17 23 15 28 13
41 31 37 30 42 24 43 18 8 17 38 8 10 27 19 30 32 18 39 18
73 51 43 53 68 39 75 45 37 24 42 26 47 43 29 41 54 50 66 23
72 51 58 70 84 56 66 66 47 35 63 32 37 48 29 62 52 64 71 24
50 43 31 37 57 21 58 24 23 13 34 20 21 43 32 37 45 32 42 28
49 48 41 47 67 18 46 24 13 23 49 10 27 44 25 41 53 26 36 24
53 31 37 55 50 45 61 34 30 29 43 29 26 29 16 45 52 38 43 28
64 45 43 57 61 44 57 47 23 30 49 22 37 34 30 46 54 39 67 26
51 35 27 44 47 37 53 31 40 21 32 33 33 39 20 38 46 33 44 35
19 17 17 16 30 9 20 20 16 5 11 5 16 10 2 19 22 21 23 3
1 4 1 2 10 1 2 5 1 1 3 1 1 1 1 1 2 1 1 1
10 15 18 10 11 3 13 7 5 1 6 5 6 3 5 8 18 6 10 10
22 13 11 12 16 19 27 13 13 3 11 2 8 3 4 16 7 14 22 2
7 6 4 9 9 2 14 5 1 2 7 1 1 3 3 2 8 2 9 1
16 20 14 20 26 6 25 17 12 4 15 3 9 9 5 11 22 7 23 4
45 30 42 46 46 25 33 37 28 13 33 27 30 26 27 47 53 40 50 30
8 3 13 8 12 1 11 1 1 3 7 1 1 2 6 8 13 5 4 7
7 5 1 2 17 1 7 6 3 1 8 1 1 3 2 6 9 1 2 1
40 18 21 29 37 23 39 20 26 5 29 16 23 28 20 27 28 28 34 17
32 31 38 31 36 24 40 16 20 14 30 8 16 20 13 29 34 23 25 14
47 35 37 36 44 23 46 12 6 19 40 17 25 31 32 32 41 19 38 29
62 34 39 44 64 29 50 44 23 18 40 21 36 42 34 62 55 57 59 29
18 9 12 12 22 5 24 4 3 5 21 1 1 15 9 10 14 4 16 4
37 32 22 23 44 11 39 21 18 7 12 9 27 21 10 28 34 23 24 7
48 29 20 45 55 41 49 55 28 28 40 15 23 32 26 43 45 45 56 20
41 28 33 31 42 1 31 21 14 1 23 17 24 22 12 28 37 23 33 6
58 47 47 41 63 30 62 27 18 25 51 16 20 47 24 41 44 39 43 22
31 33 19 33 50 27 36 31 17 21 42 5 7 29 18 30 24 22 34 9
9 7 15 14 20 6 8 12 14 5 10 6 11 2 3 16 16 14 14 5
49 40 55 40 54 21 50 31 25 19 42 20 27 33 35 25 40 33 51 25
35 38 26 25 42 21 45 30 23 14 19 4 24 23 15 21 30 23 38 9
10 9 1 5 19 8 13 6 3 6 16 1 1 5 4 7 8 1 9 1
66 41 41 34 60 17 48 28 28 15 39 17 38 45 45 57 52 54 40 30
3 3 9 7 12 2 11 2 4 3 6 1 5 2 3 8 9 5 7 4
38 29 21 33 39 23 37 25 12 16 30 10 14 20 10 25 31 13 38 13
22 37 16 25 37 17 41 20 18 17 21 4 16 25 13 9 22 11 24 9
57 22 42 51 53 44 54 40 36 22 47 27 24 34 16 44 48 47 48 15
53 26 28 46 48 44 53 20 16 27 44 23 28 33 17 35 33 33 42 24
37 33 17 32 41 26 42 23 17 22 27 8 21 28 17 26 31 20 24 7
67 47 52 44 68 32 54 35 28 16 41 22 36 40 32 50 48 52 57 28
63 54 53 55 72 39 47 54 33 24 51 21 40 37 42 52 41 46 66 25
65 42 64 63 70 30 56 41 33 21 56 29 33 40 41 55 65 51 65 33
11 11 3 5 13 5 11 6 4 6 8 1 1 3 1 2 7 3 4 1
7 9 17 8 16 1 10 3 5 3 12 4 6 7 10 12 14 10 11 11
35 29 25 31 26 20 41 23 18 13 22 13 8 17 9 22 35 16 27 13
49 34 29 43 51 23 42 28 29 21 47 16 25 39 27 39 47 36 38 34
20 12 16 9 23 1 24 7 3 1 10 1 6 12 8 15 19 14 11 6
35 25 24 10 29 4 31 14 7 1 14 5 18 23 18 28 25 26 21 10
27 14 20 19 23 17 33 18 22 1 18 13 14 18 6 13 18 26 30 15
54 27 30 43 42 29 53 36 30 14 17 14 35 23 19 18 38 37 47 15
72 51 54 50 65 31 71 39 37 16 47 32 43 48 31 53 69 44 60 23
33 21 20 26 40 21 28 27 16 11 24 5 22 22 16 40 24 27 30 7
27 24 16 23 28 17 34 13 6 13 26 10 6 17 8 10 21 5 27 11
8 11 7 5 10 4 9 12 7 1 7 1 3 5 6 7 8 7 12 4
51 37 28 37 46 30 51 26 32 8 22 18 32 28 23 39 41 39 43 24
1 2 7 6 5 1 10 1 1 2 3 1 1 1 1 1 8 1 3 2
19 14 20 22 21 20 24 16 19 11 16 6 7 8 7 21 28 19 15 10
56 45 64 62 69 33 62 48 44 23 52 33 26 43 25 44 62 52 63 29
8 6 4 6 13 4 13 11 4 4 5 1 1 3 3 3 11 7 9 1
8 5 9 7 10 6 9 4 6 7 8 1 5 4 6 8 8 6 4 8
9 1 4 1 9 5 8 7 3 1 3 1 1 1 6 12 5 9 7 3
40 24 15 30 39 23 41 33 8 18 25 3 19 20 17 23 30 23 36 15
54 17 28 42 47 30 48 36 29 10 36 16 19 32 26 39 47 41 35 15
55 36 41 59 45 42 44 52 59 19 31 43 40 20 27 46 62 53 59 34
31 9 24 26 31 14 21 26 27 7 15 16 19 8 3 17 25 26 30 7
60 37 31 53 63 43 66 58 45 25 48 30 35 46 36 40 53 45 63 17
76 54 50 57 73 42 71 55 34 29 47 30 39 49 30 61 62 55 67 29
29 13 20 22 32 7 26 17 18 3 22 12 17 22 10 19 28 21 21 9
4 4 1 5 9 2 6 6 2 1 2 1 3 1 3 3 4 3 11 1
7 6 5 3 8 5 10 5 8 2 4 2 4 3 1 7 7 6 4 3
18 7 4 7 18 8 13 11 8 1 11 1 1 7 8 12 10 8 11 4
24 23 16 13 20 12 25 20 14 4 15 6 6 5 3 12 21 12 25 5
40 26 28 31 35 29 37 24 12 16 32 15 10 24 17 28 21 26 42 29
30 24 8 16 30 15 37 18 13 6 11 2 11 18 6 18 17 23 18 6
19 19 19 17 18 7 20 9 5 5 13 10 8 10 6 12 24 4 20 15
62 36 41 55 67 31 50 35 29 19 43 16 32 46 39 56 62 48 47 24
52 30 36 48 57 35 59 42 25 20 45 28 42 51 30 47 52 47 56 20
61 45 37 51 64 34 59 21 26 26 47 28 38 53 21 48 60 35 38 26
7 8 4 2 12 5 4 11 5 1 7 1 2 2 1 7 8 7 10 1
56 44 40 38 59 32 60 40 19 20 44 14 28 42 24 39 38 35 56 23
15 16 4 9 21 4 17 12 10 4 13 1 4 8 6 7 16 3 14 1
19 21 13 17 22 9 25 5 4 10 21 5 1 12 1 9 21 1 9 7
39 26 29 31 37 30 45 34 33 13 30 17 16 28 15 24 16 37 44 16
22 16 10 20 29 16 19 15 5 15 20 1 8 10 4 14 16 11 20 1
47 38 52 39 56 35 57 39 36 15 47 25 33 42 33 39 37 47 52 17
37 28 21 33 29 21 42 22 16 11 23 14 18 21 14 21 31 19 36 25
43 27 19 39 41 29 44 28 29 14 27 16 19 30 25 34 41 31 36 23
1 1 1 1 2 4 1 4 5 1 2 1 1 1 1 7 3 6 7 1
22 15 20 11 9 6 26 1 5 2 9 5 5 3 7 7 13 7 13 13
43 38 40 39 53 24 51 29 13 21 42 8 13 33 19 26 36 21 45 18
43 50 36 25 54 20 52 30 9 24 36 14 26 34 19 37 29 30 41 18
44 29 31 34 45 21 37 12 17 13 32 10 26 28 18 38 36 32 24 10
57 26 16 43 55 34 53 46 30 19 33 13 29 35 25 38 40 40 47 15
12 12 11 6 12 5 16 5 8 1 14 3 1 6 4 10 10 5 13 5
21 24 10 17 30 18 20 25 22 9 16 4 14 12 9 18 20 12 25 4
26 18 14 23 24 22 37 20 23 8 20 12 9 13 6 22 17 26 26 8
66 52 54 52 74 25 52 35 36 7 45 37 39 47 40 61 64 50 64 35
52 22 39 40 45 37 44 21 33 13 35 23 18 29 17 38 40 42 38 28
54 49 48 50 60 37 56 46 31 24 39 19 31 28 28 38 30 41 59 26
42 37 27 31 48 15 39 15 10 17 33 4 29 29 15 33 37 23 22 3
23 12 15 23 28 13 25 18 9 9 23 7 12 13 10 17 20 13 31 11
16 27 20 18 32 8 24 13 8 5 28 7 10 23 14 20 22 9 21 13
23 16 21 19 28 8 12 23 20 1 12 12 20 11 14 29 22 24 24 6
12 9 7 6 9 8 13 15 9 1 6 2 1 2 2 9 11 13 15 1
6 4 2 5 10 3 8 7 2 1 6 1 3 6 7 8 2 5 8 2
56 55 34 44 67 25 51 30 25 27 34 23 47 41 25 49 53 39 39 11
23 21 23 22 22 14 30 16 21 3 16 10 8 9 11 18 25 20 25 17
22 19 14 15 24 8 21 12 4 5 22 7 5 13 12 16 20 5 20 9
25 12 19 15 17 13 25 9 17 1 9 5 12 2 3 14 15 14 23 6
52 35 60 59 65 45 49 60 43 35 53 31 26 29 25 52 53 55 66 25
50 42 51 41 44 16 35 41 36 10 30 30 32 20 20 35 53 39 50 23
36 42 25 32 54 31 46 29 23 26 34 3 22 32 19 34 33 25 32 13
63 32 42 42 60 28 52 18 28 11 37 22 32 39 36 45 45 47 44 28
21 15 5 7 18 15 24 14 10 3 9 1 10 8 5 19 5 15 16 1
9 6 3 8 16 4 11 5 4 6 15 1 3 9 9 10 8 4 9 1
5 16 11 4 12 2 17 5 1 1 12 1 1 2 2 1 5 1 11 3
67 47 42 53 63 47 56 43 40 18 38 26 45 30 17 51 44 54 58 16
52 26 39 44 42 35 48 23 34 13 38 33 22 30 21 44 48 35 43 35
52 42 37 40 59 25 48 30 15 25 37 14 21 36 19 41 47 30 40 22
5 8 1 1 4 1 7 6 3 1 3 1 1 1 1 2 4 3 8 1
63 61 51 60 68 46 74 42 26 39 56 21 42 51 50 44 60 36 66 44
71 49 34 56 74 41 69 41 36 32 43 28 49 52 27 48 55 51 52 17
34 20 26 27 31 10 24 26 25 6 7 12 19 10 13 21 37 24 31 14
26 8 9 27 25 19 21 25 24 1 11 7 15 14 12 24 23 23 26 11
26 16 18 17 23 9 30 12 10 7 23 12 6 13 4 6 20 11 24 8
41 31 32 33 45 20 35 17 1 20 44 5 12 29 22 35 28 20 30 16
49 37 36 51 65 33 39 49 37 27 49 12 26 37 30 48 41 45 50 25
45 19 26 33 41 23 35 18 14 15 38 19 9 27 26 35 35 26 36 30
67 43 42 46 68 39 71 50 27 24 47 22 38 39 39 61 62 57 60 32
35 28 25 31 48 24 49 36 21 17 34 13 22 36 21 28 27 36 45 13
15 11 5 14 30 13 19 19 1 8 15 1 11 12 10 22 12 14 18 6
12 8 10 8 18 8 10 8 1 6 17 5 5 8 8 14 13 1 12 7
24 15 14 15 18 9 27 15 10 1 11 7 6 11 8 6 16 14 23 7
35 29 12 37 43 35 42 40 30 21 30 14 20 24 22 31 32 28 42 15
8 6 18 12 18 2 8 8 8 3 9 4 10 1 4 12 17 10 15 6
19 15 18 11 16 4 19 7 9 1 7 2 3 2 6 8 17 11 15 10
62 45 45 50 67 36 64 41 35 20 37 17 35 43 30 52 55 51 53 23
29 29 26 25 33 12 40 21 13 6 22 3 17 17 16 18 24 13 33 14
64 46 46 61 72 55 64 66 49 39 56 31 26 50 42 52 47 58 69 38
49 44 31 37 61 20 52 41 25 15 30 17 44 36 30 48 42 44 45 18
17 6 11 13 22 13 10 22 16 1 11 2 5 5 1 16 17 15 20 1
38 30 33 27 47 7 35 32 18 6 18 19 26 22 8 35 43 35 38 12
11 10 11 4 8 4 10 5 6 3 6 1 4 1 5 7 5 8 9 6
34 31 27 34 38 20 46 21 18 18 31 14 6 27 14 10 27 11 38 22
13 20 16 13 20 5 23 14 11 3 10 3 11 8 1 13 18 16 20 2
15 16 3 3 15 2 22 3 4 1 6 1 6 5 1 6 5 5 3 1
70 45 41 49 66 43 67 39 31 16 45 31 36 50 37 63 49 63 61 45
31 18 28 26 36 17 31 13 12 17 26 7 14 23 12 27 33 22 18 7
27 17 21 20 36 15 32 25 18 13 32 8 9 22 15 15 18 16 33 7
56 23 34 49 57 26 45 25 20 18 45 18 29 39 21 38 48 39 40 15
57 45 51 50 58 47 59 34 24 30 40 23 41 32 28 53 53 48 46 20
9 6 3 8 14 3 10 9 1 1 3 1 3 2 3 5 9 1 11 1
20 11 16 12 16 6 18 12 8 1 3 1 12 5 9 15 15 12 14 7
13 11 10 6 20 7 12 7 8 3 19 1 3 10 11 18 12 8 9 6
16 13 11 6 19 5 18 11 5 3 5 1 10 9 5 11 12 12 15 4
36 32 30 21 30 14 42 5 5 9 19 8 21 19 13 21 28 20 27 15
41 30 32 38 39 26 41 39 27 9 25 16 27 21 21 40 44 37 47 21
22 22 17 2 19 2 26 9 3 1 2 1 18 12 5 16 14 18 14 3
8 6 3 1 10 5 11 6 4 3 5 1 2 2 3 11 1 7 5 2
21 23 11 14 22 10 34 9 5 5 15 3 8 14 8 8 12 8 18 5
46 35 36 32 40 21 47 20 14 17 28 10 19 19 7 15 37 15 35 11
17 19 9 15 27 8 18 14 10 11 17 3 9 14 11 12 19 7 17 7
3 7 4 1 8 1 4 4 1 1 3 1 1 1 1 4 7 1 2 2
5 11 5 3 14 2 8 7 2 1 5 1 5 3 3 9 8 4 7 3
26 20 28 32 36 21 38 26 20 13 25 3 10 23 10 16 27 22 33 6
53 37 36 39 42 31 61 30 28 13 33 20 20 26 17 34 42 37 43 19
58 51 39 48 63 35 69 43 30 26 45 22 27 41 15 39 51 34 59 16
16 16 10 14 17 3 16 12 10 4 12 4 7 7 3 6 18 3 16 6
28 19 18 20 37 15 25 19 7 13 19 2 16 16 9 30 20 24 24 7
11 11 8 12 15 11 13 12 10 10 12 1 7 9 1 12 13 12 11 5
44 28 25 38 45 35 49 38 21 15 33 12 21 26 16 39 35 41 49 19
53 37 19 57 58 54 53 48 47 34 44 30 34 35 21 45 48 44 54 32
44 25 26 41 52 31 45 35 33 17 33 14 20 25 10 20 26 28 46 15
18 10 21 20 26 12 22 4 2 12 18 4 10 13 1 12 23 11 14 3
58 41 41 48 76 26 52 49 26 27 49 23 47 54 51 72 56 60 61 37
63 43 39 56 74 56 69 57 46 34 57 32 28 51 26 51 39 58 64 32
55 33 35 39 54 29 40 30 27 11 31 14 24 33 32 48 37 38 44 25
45 33 41 43 47 35 52 50 48 17 40 29 22 35 26 27 35 41 49 19
65 44 59 47 69 28 56 38 33 21 44 25 38 38 29 45 43 54 62 24
8 8 12 3 10 1 9 1 1 1 6 1 3 4 6 10 10 3 3 5
28 29 23 18 24 16 28 21 18 5 11 4 16 7 13 17 27 15 31 9
1 1 8 4 10 1 1 4 4 1 3 1 4 1 2 7 7 5 7 2
30 20 16 34 37 20 34 25 16 9 24 5 14 21 12 28 36 18 27 5
15 10 3 8 12 10 15 12 11 1 6 1 1 3 5 12 7 11 11 4
21 16 13 8 23 3 22 12 5 1 13 2 7 14 8 13 15 11 17 2
39 33 35 40 58 22 27 38 26 18 40 15 23 21 19 34 38 25 46 12
64 29 45 53 54 38 58 26 25 25 42 26 28 38 22 40 49 41 54 36
39 21 20 31 29 19 35 11 15 7 25 19 17 26 16 23 27 17 28 24
73 32 39 64 74 38 58 37 32 22 53 30 39 50 35 59 57 50 61 42
42 44 36 26 48 25 50 26 14 17 29 10 33 26 26 31 30 30 43 16
26 33 20 22 31 17 43 19 12 9 22 3 8 21 11 15 19 12 25 11
43 24 30 39 54 17 48 35 17 14 29 14 35 35 22 36 48 40 43 20
9 11 8 8 10 7 13 11 9 1 5 4 8 6 6 9 12 9 11 4
70 53 48 59 79 50 65 57 29 40 55 26 50 55 39 79 63 66 63 33
79 68 54 59 73 55 86 35 17 41 57 34 50 57 31 49 48 52 65 34
65 44 45 61 75 52 57 49 23 45 60 24 36 51 39 63 59 59 61 38
63 31 45 50 63 38 54 36 30 20 51 23 36 37 24 36 39 45 57 22
11 4 11 9 16 7 8 11 10 1 9 1 8 9 13 18 11 12 12 7
9 16 8 7 23 9 13 14 10 4 10 1 14 10 4 18 13 13 12 4
14 12 18 13 12 1 16 7 3 1 6 3 4 2 7 8 20 8 12 10
29 20 13 20 28 20 25 22 3 17 19 4 7 13 8 16 11 15 23 7
32 35 32 24 30 16 34 13 9 12 23 15 23 17 15 13 29 12 27 16
11 9 13 12 18 8 11 12 7 5 13 5 10 4 6 12 14 7 21 5
56 47 36 51 57 45 56 41 29 32 38 26 38 43 33 57 56 39 56 37
14 18 13 18 25 17 26 14 13 12 24 1 1 16 10 12 13 9 20 3
11 17 12 7 16 1 19 4 3 2 14 4 6 11 3 7 9 6 15 6
9 15 12 8 17 8 15 10 11 3 12 1 9 8 7 10 6 7 17 5
43 29 34 34 44 14 42 15 6 11 32 11 11 27 16 26 41 19 35 20
25 25 20 22 46 16 26 20 12 12 31 5 16 25 18 37 33 24 21 12
11 6 11 11 17 4 13 10 10 5 10 2 6 5 2 10 14 10 12 2
14 13 12 11 11 7 18 5 7 4 11 8 5 6 5 4 14 1 14 8
16 20 10 7 21 7 26 7 8 4 12 1 10 16 11 16 8 13 14 8
31 14 32 22 32 21 21 25 22 8 27 12 12 7 12 38 26 28 33 11
19 11 9 3 13 11 12 12 9 4 10 1 3 2 4 13 6 10 11 6
54 32 37 42 43 33 53 37 27 18 31 21 18 25 21 38 48 34 47 26
20 15 11 15 27 10 15 17 9 9 16 1 5 3 1 10 13 9 22 1
40 36 27 38 61 26 45 31 22 24 43 8 20 40 24 26 30 21 39 11
55 39 37 44 47 31 51 13 19 23 37 23 24 33 14 29 46 24 34 28
21 26 34 29 43 21 31 24 22 22 34 9 15 27 24 28 29 23 27 19
14 9 11 12 23 5 20 15 9 4 7 1 14 12 6 17 14 19 17 2
11 7 12 4 17 2 6 3 5 1 15 4 1 8 12 16 11 11 10 11
20 20 23 22 29 10 25 7 9 12 18 6 17 14 3 17 22 14 17 1
11 15 3 10 19 7 20 6 1 7 12 1 3 8 3 6 11 2 8 1
19 14 19 21 26 12 25 6 5 13 21 5 12 15 5 15 21 10 18 7
61 49 45 46 55 29 66 45 38 29 42 36 34 38 24 49 55 48 55 30
4 2 3 7 10 4 8 7 3 1 2 1 4 3 5 4 4 5 9 1
19 14 7 6 24 9 9 10 2 7 18 1 4 10 6 20 8 7 10 3
14 9 7 9 17 1 11 14 10 1 4 1 8 3 2 6 12 7 16 1
6 4 8 2 10 3 4 4 4 1 6 1 3 1 3 7 9 5 6 5
38 35 33 33 50 9 36 16 17 10 28 13 23 27 9 35 46 26 25 14
63 39 47 60 71 30 49 40 30 27 56 18 27 46 29 49 64 39 51 28
36 30 35 38 39 34 45 34 28 23 41 17 3 17 14 26 35 25 42 22
4 4 3 1 9 2 3 5 1 1 3 1 1 1 1 4 6 1 5 1
13 4 10 8 12 1 9 11 8 1 2 1 6 2 1 6 10 11 16 1
34 16 25 21 43 12 28 9 13 9 30 9 13 23 20 33 29 22 26 15
70 44 42 62 75 39 74 46 35 25 53 20 41 59 40 53 63 60 62 42
26 14 21 23 22 21 29 15 15 12 18 6 7 12 5 16 27 20 20 9
20 11 12 21 22 15 23 13 6 8 20 8 6 13 6 17 18 11 26 10
21 17 16 8 21 2 19 7 7 1 9 1 17 13 6 22 17 14 12 2
17 11 12 14 19 6 24 11 3 6 12 6 6 12 7 9 15 11 17 6
9 8 9 8 19 9 8 11 12 3 14 1 8 6 4 15 12 9 15 1
24 10 18 19 29 14 21 28 22 6 14 7 11 9 5 16 27 19 27 5
49 38 41 45 52 23 41 30 22 23 46 7 30 36 39 48 51 40 36 23
18 13 10 12 13 4 19 7 7 1 7 2 2 2 4 6 15 5 15 7
61 48 59 50 65 31 62 35 38 28 53 44 37 47 35 67 66 49 59 42
22 8 4 21 26 14 21 15 16 5 14 5 10 13 12 15 14 13 16 7
61 50 41 63 68 36 49 38 35 32 47 35 42 43 30 48 65 33 51 24
13 16 17 14 22 11 17 18 14 6 12 7 16 8 6 21 20 17 22 8
23 24 24 17 15 10 34 4 8 8 19 8 8 11 8 6 17 7 19 14
9 8 5 7 15 4 15 6 2 4 8 1 5 8 8 12 6 7 7 4
8 8 10 7 11 1 7 7 6 1 1 1 5 1 1 5 12 2 6 1
55 28 51 54 58 27 53 48 37 11 45 36 37 37 23 52 56 51 65 19
48 45 45 42 56 34 52 36 37 26 41 26 33 37 31 43 33 40 51 31
6 7 2 1 4 4 7 2 5 1 4 1 1 1 1 1 1 1 5 1
40 37 41 46 58 31 38 37 27 33 56 19 24 39 38 41 34 33 47 31
32 21 14 18 30 10 35 13 16 4 12 8 16 17 7 16 21 24 20 14
4 4 2 1 11 1 2 3 2 1 7 1 1 3 3 7 6 1 3 1
49 36 26 46 44 46 54 41 38 33 36 24 22 26 21 41 51 38 38 22
48 36 44 49 53 28 43 38 38 17 51 26 12 36 41 46 54 42 46 35
28 31 12 19 35 14 35 28 12 5 13 7 21 21 12 27 28 22 32 7
29 19 23 21 20 16 31 16 19 4 17 10 10 12 13 21 23 22 28 16
70 57 31 57 64 54 70 52 24 41 49 19 42 43 37 46 50 45 64 35
57 46 54 61 64 43 63 55 46 28 52 32 34 45 44 57 56 54 62 41
57 35 24 31 56 19 43 34 19 15 34 18 31 41 21 41 36 42 34 16
26 14 11 17 38 14 24 20 7 9 18 1 23 22 18 34 23 24 23 12
34 17 17 32 44 23 31 24 20 13 34 6 18 27 24 31 25 22 29 12
30 21 20 20 28 10 30 18 16 9 13 4 15 9 3 11 24 13 21 3
5 5 4 1 12 7 6 10 4 1 8 1 1 4 7 18 7 10 9 4
41 43 34 36 47 32 48 35 28 22 36 16 12 28 19 31 35 26 45 26
21 17 22 13 23 3 20 6 9 5 14 6 14 12 14 21 14 17 17 13
61 38 47 52 67 28 49 47 46 16 43 33 45 39 27 46 56 48 49 9
24 23 20 18 31 11 34 22 19 5 19 8 15 18 5 18 22 24 26 2
25 5 8 16 32 12 17 16 2 5 26 1 6 22 19 20 12 13 26 5
33 15 21 20 33 9 27 20 19 2 16 6 14 12 5 13 24 17 22 1
43 34 48 47 57 25 47 18 25 19 47 21 16 42 28 43 49 34 39 27
4 4 4 4 11 7 8 10 6 1 5 1 2 7 8 18 10 11 7 2
19 22 21 17 22 20 28 22 15 12 20 4 6 15 16 14 8 14 29 11
28 10 21 30 30 23 28 20 18 11 18 5 18 17 10 35 28 31 22 8
44 45 38 43 57 48 54 45 32 37 46 16 22 41 35 44 32 43 45 32
15 10 15 10 25 5 16 7 4 4 20 3 6 16 19 21 15 12 15 10
12 9 15 15 23 4 16 7 7 6 14 3 9 6 1 8 16 7 18 1
2 1 1 1 8 1 1 2 2 1 3 1 1 1 1 5 1 1 3 1
35 39 15 27 41 22 50 28 13 16 22 1 28 30 19 25 27 24 31 10
22 22 12 16 13 8 26 18 14 4 10 8 6 9 7 9 21 10 18 8
16 8 22 12 25 2 17 14 12 1 12 7 15 16 9 20 21 24 17 9
48 21 20 32 46 20 35 30 26 10 36 15 26 32 19 33 33 36 32 15
35 44 29 27 44 15 46 23 18 17 37 15 23 38 26 29 25 24 31 18
22 21 15 13 26 8 26 10 13 6 11 7 18 15 11 23 19 24 13 13
21 24 20 19 19 8 29 12 16 2 12 6 10 7 4 5 17 8 21 12
52 34 41 47 56 34 51 23 29 19 37 29 29 38 17 49 55 47 39 29
53 27 28 39 55 20 46 27 29 13 32 19 27 41 25 36 47 37 29 17
34 29 24 28 39 11 28 23 14 11 33 4 19 28 30 29 30 20 27 18
2 4 2 2 9 2 4 4 6 1 1 1 4 2 1 9 5 5 3 1
41 29 20 22 42 12 34 21 10 10 25 2 19 21 22 29 32 19 28 9
26 22 12 19 31 5 27 22 13 1 8 5 21 21 11 26 29 20 23 4
24 10 17 21 20 18 19 19 18 7 13 9 11 6 6 20 16 18 25 10
60 37 40 50 54 30 59 20 28 12 33 26 27 37 29 39 50 36 51 38
63 54 40 54 52 50 65 46 40 33 39 36 35 36 19 47 48 43 59 35
33 27 32 35 47 13 37 12 16 6 42 18 10 38 35 37 40 27 31 27
19 6 18 15 18 7 15 11 14 3 10 6 9 8 13 19 20 15 15 11
32 12 19 23 32 18 26 25 14 5 24 6 7 18 21 33 32 27 24 11
27 19 26 19 25 14 21 15 7 10 17 8 12 10 4 24 18 19 24 14
17 13 14 15 18 8 17 15 6 2 12 5 8 7 7 10 17 10 26 7
34 13 9 22 34 22 23 21 22 9 23 11 12 16 12 23 20 21 24 17
10 10 10 5 10 3 12 7 4 3 4 1 7 7 11 13 11 11 8 9
38 31 23 35 42 25 44 34 29 12 22 11 21 26 25 36 35 36 39 18
34 4 29 29 40 20 29 35 20 3 28 10 21 26 24 36 38 37 43 11
41 18 25 38 49 24 25 40 26 13 36 12 21 22 25 47 42 36 41 13
2 11 5 8 13 6 14 11 8 2 7 3 5 4 1 12 13 11 8 1
74 55 60 52 74 33 64 58 30 20 39 33 54 43 32 57 58 64 70 24
59 44 27 62 68 55 62 62 31 42 55 19 31 42 32 52 53 48 69 29
58 41 35 67 69 62 69 63 54 38 53 29 39 45 39 48 46 54 71 42
14 7 8 3 4 1 14 6 1 1 1 1 1 4 3 1 7 6 9 1
64 48 42 56 76 41 68 68 52 25 40 31 48 52 41 63 65 63 72 30
63 35 40 57 55 42 66 48 38 24 39 29 27 36 17 38 55 42 58 22
23 28 20 29 27 23 36 29 29 14 24 10 7 15 12 12 23 18 30 12
41 37 33 37 53 26 47 33 21 21 40 13 20 33 8 31 36 32 44 12
34 17 4 29 37 30 37 22 11 17 28 6 18 21 16 19 19 21 32 17
46 27 24 30 49 17 43 35 18 6 20 6 32 27 17 28 34 27 42 4
20 21 16 11 27 15 24 15 6 14 18 1 11 12 7 25 13 19 13 9
60 38 35 47 52 32 52 43 35 12 28 23 44 26 26 39 45 47 58 29
11 6 9 4 10 3 12 6 1 1 5 1 1 6 12 11 8 11 11 8
2 10 1 1 6 1 10 2 1 1 4 1 1 1 1 1 6 1 3 1
63 43 30 45 68 39 58 36 40 21 40 29 34 47 31 55 50 53 49 34
26 16 13 27 39 25 34 25 10 18 30 1 10 20 17 17 17 16 35 12
37 24 25 28 30 29 44 12 8 15 23 7 21 16 19 14 22 20 33 17
54 33 40 47 62 35 59 44 44 17 40 27 34 50 37 40 41 51 53 37
29 34 31 20 37 11 37 25 15 2 22 8 19 21 15 34 33 25 35 10
8 15 14 12 18 10 15 18 10 1 8 1 7 8 11 15 11 13 21 6
50 32 19 36 49 35 42 43 27 18 28 13 24 27 19 47 33 36 41 10
6 1 6 3 14 1 6 2 3 1 2 1 7 2 1 5 7 5 8 1
13 11 1 8 13 6 14 13 8 2 1 1 4 5 6 3 10 3 10 1
25 15 13 15 24 16 21 24 10 14 19 6 6 12 6 17 11 20 24 5
6 6 6 6 14 1 7 8 3 3 4 1 3 1 1 1 10 4 7 1
9 12 4 4 10 4 10 11 8 4 6 1 4 1 4 6 9 6 5 4
20 10 7 5 18 4 13 7 2 3 15 1 3 8 9 13 8 4 11 2
68 59 58 66 76 49 72 51 46 38 59 30 33 53 33 52 65 46 62 34
26 22 12 17 23 14 32 15 19 5 9 5 20 16 9 22 15 25 21 6
17 15 9 2 14 10 16 4 2 4 12 1 6 1 4 4 1 4 16 1
58 50 59 57 51 48 61 46 40 32 49 33 26 31 23 39 35 41 68 35
48 30 30 44 48 34 41 14 20 26 49 19 21 34 17 39 42 23 33 25
16 16 16 3 7 1 12 4 4 1 6 1 6 3 7 8 9 8 11 9
60 36 35 39 52 30 59 23 23 15 36 22 32 39 19 41 41 35 49 23
22 10 14 13 21 5 11 12 15 1 9 5 8 2 1 15 17 11 15 1
23 15 12 20 29 19 21 13 11 14 26 6 5 9 3 13 17 10 22 7
54 40 49 37 49 25 62 45 35 11 35 36 38 31 20 40 53 49 55 17
64 56 43 60 69 47 71 53 58 31 48 38 46 49 42 47 50 50 67 45
41 17 15 38 38 27 34 31 20 12 33 11 16 24 24 37 38 29 31 20
6 5 1 1 12 4 2 6 1 1 7 1 1 1 1 7 2 1 5 1
4 7 4 2 8 1 11 1 1 1 7 1 1 2 2 1 1 1 9 1
29 24 36 23 33 9 23 24 24 1 19 11 17 10 12 20 26 23 33 8
58 41 42 53 58 47 55 46 22 30 56 16 25 43 35 58 49 42 63 38
26 7 13 14 20 14 20 16 6 5 9 1 6 8 7 12 11 13 24 4
58 38 45 47 50 30 59 35 36 8 35 23 28 36 31 41 48 43 57 32
15 16 9 11 15 11 20 15 12 5 12 1 5 12 13 8 5 9 18 8
34 24 26 23 39 13 31 22 16 7 17 10 31 20 18 35 25 27 29 11
31 23 20 27 33 16 30 23 10 11 19 10 14 16 12 18 29 12 35 15
44 27 26 23 39 18 43 22 1 13 26 3 19 26 17 32 24 33 38 18
20 16 15 11 13 8 22 7 6 4 12 6 1 3 5 7 17 6 11 13
69 63 48 51 71 47 67 60 46 33 43 32 35 52 44 59 45 63 66 41
55 34 54 50 62 40 59 53 51 23 43 35 34 32 34 49 54 63 62 35
39 13 41 38 52 28 35 31 26 19 44 20 12 22 17 43 51 39 38 17
39 38 20 26 54 19 45 33 18 14 26 7 23 37 31 37 33 33 36 19
4 3 9 4 10 1 4 2 3 1 4 1 3 1 2 8 6 4 6 2
39 21 45 38 48 24 41 38 33 12 43 23 23 31 23 33 43 34 49 11
46 39 40 37 44 30 46 19 9 27 34 12 30 24 13 29 30 28 37 13
56 26 43 45 52 35 57 36 36 14 44 28 33 33 13 30 36 40 57 21
58 45 51 48 63 39 70 50 34 21 47 20 32 40 33 40 43 47 63 25
43 29 26 26 36 23 40 15 10 10 23 10 25 17 14 23 21 23 34 11
13 11 7 7 14 11 9 11 7 5 8 1 5 1 1 7 8 4 10 6
17 18 26 19 27 8 18 12 10 2 25 7 1 16 16 21 27 12 26 17
12 6 3 2 15 6 13 7 3 1 11 1 1 6 6 11 1 6 14 1
18 6 15 15 22 14 13 16 9 9 14 5 9 10 16 21 16 19 20 13
5 5 9 7 10 3 9 7 4 2 3 1 5 3 6 6 10 5 9 4
24 23 26 18 27 12 27 9 13 10 21 8 14 18 14 25 22 22 20 15
59 35 22 58 68 52 54 53 37 27 55 17 40 52 41 57 41 57 61 34
39 34 24 39 45 30 49 28 11 23 36 10 24 34 26 34 43 28 41 31
43 15 37 39 48 24 25 30 25 11 37 16 12 23 20 44 37 40 44 20
67 27 39 63 59 45 56 55 38 21 40 30 38 39 22 44 57 50 70 29
8 4 4 3 12 1 10 4 1 1 7 1 1 1 1 1 6 2 10 1
31 22 16 24 32 24 25 25 18 14 20 11 17 15 8 26 11 26 32 12
7 8 8 7 9 3 14 1 1 4 7 1 1 1 1 1 9 1 5 1
8 19 19 14 25 4 18 15 10 5 17 2 8 11 7 10 15 7 21 8
30 15 15 24 33 1 13 18 16 3 18 5 16 10 14 24 30 19 17 6
62 41 39 42 67 25 49 33 13 24 42 12 49 43 41 53 50 47 47 22
38 24 26 35 41 15 33 25 26 8 20 12 20 17 8 26 41 25 32 9
64 42 57 56 53 40 47 24 34 24 44 33 32 23 21 44 53 39 56 30
59 33 57 48 50 36 57 28 43 13 41 38 26 25 25 50 54 52 55 39
28 18 18 28 29 19 31 24 27 7 12 12 18 12 1 22 30 29 26 6
38 27 27 35 40 20 33 26 30 9 27 14 22 28 25 27 18 27 34 17
15 13 21 12 24 7 14 14 11 3 11 4 13 7 7 16 17 13 25 6
67 44 40 50 60 35 70 21 31 18 38 32 37 48 33 44 50 37 48 41
28 22 33 28 36 11 25 27 22 8 19 13 17 12 10 31 39 31 29 9
29 23 30 16 19 6 23 4 6 3 19 13 7 11 11 15 25 12 24 20
10 11 8 5 15 5 11 5 3 4 11 1 4 2 1 4 5 2 15 1
16 12 17 14 22 11 16 7 6 12 18 5 5 12 10 18 20 13 7 12
23 23 24 13 25 9 30 20 11 4 18 5 14 16 3 12 15 17 28 4
46 29 27 33 37 22 50 31 34 4 22 20 24 28 15 25 37 35 41 17
8 7 5 3 10 8 6 9 8 2 5 1 4 2 2 13 5 9 7 4
68 41 39 53 78 34 66 48 34 25 51 25 43 58 38 51 41 55 64 26
23 14 25 17 21 5 17 10 7 3 18 10 7 11 11 20 25 15 26 17
48 44 40 47 54 29 54 34 32 23 35 22 23 33 29 29 40 27 53 32
14 7 16 15 24 6 11 14 11 3 13 3 5 3 3 17 24 10 13 6
4 14 13 11 17 11 13 16 12 6 14 1 3 10 11 8 7 8 19 8
62 36 52 48 67 33 48 43 19 24 50 18 37 40 37 45 40 47 62 24
62 42 44 60 77 43 61 57 40 28 52 22 33 51 43 59 57 59 70 34
14 13 17 11 18 7 14 15 13 1 8 2 8 3 9 17 21 15 17 8
36 19 13 17 40 20 31 22 11 9 22 5 15 21 17 34 21 32 26 16
48 26 30 45 46 41 54 30 30 18 30 21 41 29 23 37 32 44 46 24
47 34 37 35 35 23 52 25 20 11 27 20 25 28 15 21 33 25 47 24
25 10 22 18 28 17 20 24 17 5 21 8 9 11 7 29 24 24 27 4
30 19 26 27 34 25 39 25 20 16 34 17 9 14 6 27 31 25 33 11
29 14 20 27 32 17 18 24 14 15 18 9 15 10 8 23 19 21 30 5
71 55 44 56 74 44 63 56 38 37 48 27 41 43 37 53 53 46 68 29
5 3 7 2 7 3 7 4 7 3 5 1 1 1 4 9 7 7 1 6
23 15 20 16 18 1 21 20 13 1 9 7 10 10 7 7 28 16 21 8
4 5 2 1 11 2 7 4 3 1 5 1 2 2 1 7 2 5 3 1
9 10 13 12 13 8 10 17 12 1 3 1 6 1 1 15 22 12 15 4
21 17 16 16 23 10 24 14 15 4 10 5 11 7 4 7 19 13 22 9
57 47 42 50 58 31 60 41 26 20 33 21 46 35 28 47 56 46 51 22
46 28 23 32 43 30 38 24 20 20 36 15 17 23 14 30 23 26 34 21
40 26 37 41 53 40 49 33 42 25 43 25 29 37 30 36 28 40 46 36
54 30 38 52 73 35 47 28 16 30 58 15 35 53 42 62 50 47 45 26
63 34 50 57 64 41 47 23 42 29 50 40 36 41 27 56 58 42 58 42
46 36 31 34 53 19 26 33 18 21 46 10 16 31 29 45 34 33 31 24
50 47 41 40 55 26 57 32 29 18 32 18 28 39 26 38 48 31 50 27
24 13 22 14 27 5 23 14 16 1 9 6 16 11 4 18 19 19 19 4
58 53 45 44 61 41 53 34 33 27 44 28 35 36 40 47 49 48 53 35
17 13 17 9 18 10 19 16 9 4 9 3 6 7 10 21 19 20 17 9
44 31 35 35 34 17 44 15 18 10 28 22 13 26 25 28 38 24 34 32
8 13 9 4 14 5 11 6 1 3 11 1 4 3 1 7 8 1 9 4
65 52 48 56 81 37 55 45 26 43 63 11 41 59 43 65 52 52 50 33
19 16 15 18 26 8 27 19 12 3 16 8 8 15 3 18 26 19 20 4
20 17 20 18 23 8 26 16 5 4 17 1 12 14 18 19 20 15 25 14
36 38 35 38 50 15 37 29 22 12 36 16 25 37 29 36 34 30 39 21
64 41 62 54 64 43 64 43 40 25 58 29 20 36 32 45 44 52 67 33
13 13 12 13 22 12 17 13 6 9 21 3 1 8 7 17 21 8 14 8
11 18 8 11 17 7 18 17 13 5 11 1 6 5 4 11 17 9 15 5
56 46 39 52 57 42 64 44 33 27 43 18 34 37 38 45 56 38 55 27
25 19 15 18 31 10 19 24 18 3 13 5 16 12 9 26 25 17 24 4
63 37 39 58 65 38 65 44 43 28 55 21 34 52 35 56 52 57 49 32
42 32 31 30 44 25 39 9 3 24 38 14 14 30 7 36 31 28 27 19
11 11 8 11 20 6 15 7 11 6 9 1 14 9 4 13 9 10 9 4
53 33 25 36 48 28 44 34 34 12 21 17 32 18 13 25 30 31 50 13
27 10 8 18 34 9 12 21 6 8 23 1 10 15 19 30 24 19 16 7
40 40 31 29 44 23 44 12 7 20 35 13 23 32 9 35 38 20 23 12
44 30 38 43 55 22 52 38 30 12 42 17 12 40 31 38 45 40 45 22
35 26 35 38 38 37 44 35 31 23 34 15 11 26 27 30 27 35 40 24
47 19 32 30 40 27 39 37 17 13 30 10 18 23 18 32 27 38 44 14
32 24 31 18 29 14 40 18 16 7 24 7 9 19 18 13 19 18 31 14
69 38 28 49 71 28 64 45 37 19 34 23 51 50 38 56 53 53 51 30
5 8 4 7 12 4 12 3 4 5 9 1 3 2 2 1 5 2 9 1
48 51 38 37 61 36 59 39 20 26 39 7 31 35 28 39 28 36 49 22
8 4 4 5 8 4 5 4 10 1 5 1 3 1 1 5 3 6 8 2
13 10 10 15 24 12 16 12 3 10 20 2 5 7 6 14 8 8 23 2
20 24 16 15 32 6 28 14 9 6 13 5 21 17 11 23 18 19 22 6
41 16 46 41 48 17 41 23 23 11 37 25 23 34 24 33 51 36 37 17
57 34 49 47 64 31 42 39 26 21 42 25 27 32 13 62 59 54 45 15
45 34 39 36 41 29 37 32 31 9 25 18 28 13 18 33 43 33 43 15
55 40 47 44 61 45 61 54 39 30 46 29 25 36 28 51 37 58 61 30
24 19 8 19 20 20 25 20 23 5 6 6 10 6 5 13 21 16 22 10
13 12 6 4 14 4 13 7 4 5 9 1 4 5 6 7 7 5 8 1
14 9 10 7 12 5 12 9 9 1 6 1 5 1 1 4 12 7 16 1
51 23 32 34 46 13 39 22 19 5 33 11 17 24 22 29 39 29 38 17
19 20 23 27 27 23 33 25 24 14 24 7 6 15 12 15 24 18 31 7
17 21 19 15 28 6 29 19 14 7 17 4 10 21 10 7 10 17 25 7
25 15 14 20 31 12 15 27 16 9 6 5 17 9 9 17 24 17 29 6
68 52 55 64 74 45 72 53 35 31 53 18 40 46 34 43 62 46 70 23
52 52 38 41 56 22 49 47 37 10 23 27 42 30 26 47 54 46 56 15
53 51 41 52 61 42 65 37 17 36 49 13 38 43 30 38 44 33 52 27
35 32 25 30 46 25 25 38 23 20 29 11 19 23 20 36 30 28 41 17
42 33 31 42 45 28 56 34 26 21 31 13 18 33 26 16 32 28 44 25
48 25 35 35 51 9 35 30 25 4 26 16 33 34 27 35 48 34 34 11
14 16 4 14 20 1 20 9 4 2 17 2 1 10 6 7 19 1 13 2
10 8 10 6 20 4 12 2 5 4 11 1 7 8 8 15 12 8 4 7
51 22 23 37 43 26 40 26 21 7 32 17 18 27 14 30 33 28 44 20
17 19 8 9 14 10 24 8 10 1 7 5 10 11 7 11 7 12 13 8
35 36 35 26 42 29 44 26 23 19 31 10 22 24 19 15 17 26 42 14
38 22 28 26 32 19 39 14 10 7 28 10 13 23 20 27 26 21 35 25
46 36 27 44 57 41 48 48 38 21 32 14 26 34 32 44 37 46 54 27
53 46 54 42 57 32 51 33 19 23 51 24 18 35 24 46 44 37 55 31
43 32 43 38 48 14 36 15 20 12 36 20 17 24 17 36 48 28 31 17
7 8 11 4 8 1 6 5 5 1 1 1 5 1 3 6 12 5 4 5
57 27 32 50 55 32 48 34 16 24 32 14 25 31 21 36 50 33 49 28
32 5 13 25 29 15 30 15 12 6 19 6 13 20 17 19 22 20 25 13
49 31 37 44 53 30 29 50 32 19 26 20 26 27 26 46 41 46 57 22
4 3 4 1 9 1 10 1 2 1 7 1 1 1 3 1 1 1 7 1
18 19 22 9 27 8 20 13 7 6 21 6 1 14 18 17 19 14 21 15
32 26 33 26 36 21 40 19 17 19 30 8 4 26 24 18 21 23 29 20
48 43 46 40 53 19 42 31 32 14 30 17 32 21 25 31 44 31 44 17
5 3 1 1 8 5 4 9 5 1 3 1 1 1 2 5 2 4 5 1
10 10 9 5 7 4 13 7 7 4 6 1 5 4 6 8 1 7 8 5
42 23 17 35 43 39 42 38 39 15 23 22 30 26 13 39 33 41 37 20
26 11 17 18 18 16 23 22 8 5 14 4 6 10 10 19 19 21 30 10
40 23 16 29 44 21 42 33 17 14 22 7 25 29 25 29 36 30 37 18
39 39 20 37 41 31 38 37 30 24 31 27 25 30 27 38 49 32 43 33
71 28 53 65 70 46 63 51 55 18 47 40 35 44 28 54 61 66 69 34
41 31 37 42 55 19 38 33 27 16 38 13 20 34 36 38 41 32 37 23
8 7 4 3 8 1 13 3 1 1 6 1 3 3 2 4 6 5 11 1
11 7 6 5 12 7 7 11 9 1 5 1 6 1 4 5 10 7 13 1
35 21 29 27 32 11 35 10 9 11 27 9 7 21 12 21 33 14 28 15
74 46 41 70 79 45 58 60 43 40 63 27 42 55 34 59 71 55 57 20
24 11 11 19 27 20 19 24 10 12 17 1 8 10 9 22 11 21 27 5
44 49 30 38 44 27 56 16 12 25 33 16 25 31 17 21 38 9 38 16
30 26 31 33 39 24 41 22 13 16 38 8 6 30 27 28 28 23 34 25
12 12 6 2 2 2 11 7 6 1 2 1 1 1 1 2 9 4 5 1
34 26 23 40 47 27 39 32 37 13 28 14 22 27 20 28 30 28 39 20
60 44 41 56 75 36 61 34 35 26 45 24 42 52 25 45 51 47 50 19
23 17 9 18 29 20 21 22 11 12 24 1 1 9 4 21 16 13 21 1
18 13 6 20 19 16 27 21 8 11 13 2 8 13 12 15 21 16 16 9
19 11 14 9 15 3 19 5 9 1 8 2 8 5 1 8 12 8 12 4
68 46 44 54 60 41 59 41 29 29 43 21 28 36 31 45 49 41 59 33
20 13 17 19 28 11 15 13 7 8 23 9 8 12 5 21 24 7 23 9
8 10 7 2 14 1 12 4 1 1 4 1 5 5 1 5 4 6 11 1
6 7 6 1 4 1 7 2 1 1 1 1 1 1 1 1 6 1 5 1
16 15 8 7 17 5 21 13 9 1 5 1 5 6 1 12 15 12 13 2
7 14 2 1 12 1 12 6 1 1 3 1 5 4 1 8 2 5 5 1
6 10 4 4 9 2 14 4 1 3 4 1 2 1 1 1 7 1 3 1
60 43 61 53 61 48 62 45 34 33 55 28 31 27 27 49 47 48 66 30
64 39 58 52 55 28 59 53 43 11 34 40 48 26 24 51 59 59 65 18
34 20 30 19 35 6 26 18 16 4 14 7 20 12 8 21 29 21 22 5
13 6 9 2 15 7 7 6 7 2 13 1 1 4 8 18 10 10 5 7
34 20 19 26 21 16 36 11 12 4 18 13 14 17 9 13 19 16 32 20
46 24 26 34 44 26 52 20 24 15 33 20 26 37 11 30 35 37 27 10
13 6 5 4 18 4 7 7 1 1 12 1 1 8 13 17 13 5 6 5
11 13 14 11 21 6 15 10 5 1 18 4 5 13 14 14 15 7 18 7
11 4 10 9 17 6 8 8 12 1 9 2 7 1 1 8 8 7 15 1
73 51 41 52 69 42 74 45 29 31 34 21 48 49 27 50 55 56 55 20
24 16 16 17 21 13 19 17 3 7 16 5 1 9 8 17 18 12 23 13
24 21 15 13 26 14 25 15 6 10 20 1 2 5 2 12 13 7 21 1
57 31 36 53 59 36 44 38 18 26 50 17 20 39 23 50 51 37 49 26
8 8 6 4 12 2 11 2 2 4 10 1 2 2 1 4 5 3 8 3
23 21 25 20 24 12 17 16 15 6 10 6 18 1 5 15 23 18 23 3
67 43 41 60 80 43 59 55 34 30 48 16 38 49 37 63 62 58 65 31
10 15 11 18 27 17 21 21 14 9 23 3 6 18 18 19 10 14 24 8
69 35 52 58 83 44 67 61 40 25 63 32 33 56 44 68 66 64 67 26
65 35 50 55 75 24 35 52 40 25 56 26 37 45 34 64 59 60 54 29
32 24 15 32 45 24 35 38 19 12 24 5 22 22 18 34 33 27 45 10
33 21 20 20 36 10 33 27 16 4 13 8 21 21 11 19 27 23 29 5
11 11 1 7 19 7 12 12 6 4 12 1 1 1 1 8 9 2 10 1
60 44 59 53 60 40 69 38 25 23 53 28 33 43 28 44 57 41 61 26
36 16 20 25 47 16 28 25 10 10 29 4 23 28 27 38 34 29 31 15
19 10 19 16 23 12 12 21 10 9 16 4 7 3 2 17 18 17 27 6
20 23 14 9 18 7 30 11 4 2 11 2 13 11 9 14 12 11 18 8
8 8 8 8 12 2 10 10 6 1 2 1 8 5 5 8 11 8 12 2
11 7 9 4 7 4 9 1 6 1 6 1 5 4 5 9 8 6 6 7
46 19 37 36 40 29 46 30 31 11 31 18 22 18 7 30 35 33 43 8
45 14 30 41 50 33 40 37 23 15 40 12 8 28 27 42 40 42 48 23
62 43 44 55 68 36 71 41 36 22 51 34 41 56 33 51 63 39 60 24
51 41 40 42 44 31 40 31 30 14 33 24 31 13 17 23 38 32 51 15
11 12 1 5 16 5 8 13 4 2 5 1 5 2 1 8 7 5 10 1
37 23 35 23 24 22 29 18 11 8 23 11 10 8 10 27 26 26 34 14
56 26 30 56 60 47 45 41 24 36 57 15 29 40 29 59 51 45 41 20
45 29 23 27 44 24 32 19 6 21 37 1 17 23 18 26 26 19 29 1
18 20 13 13 26 10 24 11 7 5 18 1 6 8 3 12 19 5 19 1
8 13 2 6 17 1 14 6 2 2 10 1 1 2 1 2 8 1 9 1
27 33 24 31 38 18 38 23 20 14 16 6 23 18 6 27 37 23 25 4
23 23 9 10 28 13 23 12 12 4 14 4 16 13 3 18 11 16 19 6
22 14 10 19 21 16 25 12 14 9 12 4 8 7 6 7 20 9 18 10
21 18 23 20 28 11 26 19 17 3 18 9 12 14 4 17 23 19 33 6
54 39 30 48 67 20 54 39 34 18 39 23 39 43 23 38 56 36 47 8
9 2 4 6 9 1 10 1 1 1 8 1 1 4 5 6 6 1 10 1
11 12 2 10 25 4 16 8 3 4 10 1 8 11 5 11 9 7 10 1
29 19 24 24 34 22 30 19 21 7 25 6 16 9 8 25 19 19 32 2
24 20 21 18 24 9 23 9 7 8 19 12 4 12 7 17 27 10 16 19
22 22 20 23 29 13 26 14 10 13 24 10 10 13 4 15 26 8 23 10
56 49 32 44 66 36 60 38 12 29 46 12 44 39 36 47 46 40 52 25
60 30 40 59 64 32 54 45 49 15 42 34 37 41 24 39 62 47 59 28
56 35 26 39 46 38 51 40 33 21 23 19 32 28 18 35 32 42 48 27
25 31 21 20 27 20 31 28 15 10 18 2 8 9 11 18 21 14 34 6
43 39 43 27 46 21 41 17 8 16 36 14 23 25 20 35 27 31 43 22
53 41 31 50 68 39 51 61 34 26 34 14 38 41 27 50 46 51 65 19
49 45 36 46 66 35 52 49 39 28 41 21 29 43 31 43 48 48 54 27
50 25 26 40 47 35 47 37 40 10 31 23 28 31 21 39 40 39 45 21
58 30 38 56 64 41 63 46 44 22 43 26 34 44 29 37 51 45 59 29
40 35 33 29 42 20 41 24 9 17 34 7 13 18 8 19 30 17 38 10
58 36 40 46 60 35 63 44 42 21 45 25 30 43 35 33 48 37 52 22
22 4 14 13 17 6 24 5 12 1 8 5 7 6 1 2 11 11 17 3
62 20 29 39 60 27 48 33 27 7 33 21 39 42 28 49 41 51 45 21
32 18 7 24 42 16 23 23 8 9 29 1 11 20 14 26 18 15 27 2
36 24 26 29 47 12 35 30 24 7 21 10 23 23 18 29 34 28 36 10
56 52 50 57 64 50 57 44 31 38 51 26 32 34 19 48 46 43 54 19
27 28 17 16 32 15 27 24 13 12 21 2 7 17 20 18 20 11 29 12
35 14 28 27 33 13 29 21 19 9 25 14 8 18 11 17 36 24 26 17
36 26 24 26 40 21 37 14 7 19 33 12 11 26 11 27 32 12 28 16
60 49 42 57 76 31 55 47 32 22 47 15 43 46 33 43 52 41 55 11
32 19 13 23 37 15 26 24 21 3 15 9 20 15 11 23 22 21 32 7
23 18 14 18 26 10 26 12 5 10 18 2 4 14 12 19 25 12 12 8
67 63 40 54 66 52 73 39 25 40 46 26 47 45 38 53 60 51 57 29
68 56 53 58 57 39 57 36 36 21 40 37 49 30 31 36 54 36 66 33
54 40 30 48 66 36 54 57 39 27 37 26 38 38 17 48 54 52 55 12
15 15 18 17 24 15 19 17 14 9 18 4 9 7 6 21 21 14 19 5
3 1 6 1 5 1 3 1 1 1 1 1 1 1 1 2 6 3 4 2
75 58 39 59 77 43 70 45 39 24 43 21 58 46 35 50 54 53 62 21
9 17 3 2 17 1 16 4 1 1 6 1 7 6 1 8 5 3 2 1
9 9 7 7 14 10 5 15 11 2 4 2 8 4 1 12 12 12 13 2
14 9 16 9 18 3 10 4 8 1 10 4 8 7 11 18 16 13 14 11
42 28 24 25 45 20 42 24 12 13 30 6 24 25 14 30 30 29 35 2
71 44 43 55 79 46 68 54 40 33 48 34 47 56 33 54 57 55 59 20
7 6 11 12 13 8 12 12 15 3 9 3 6 2 3 10 13 11 17 1
19 21 16 12 26 9 21 15 5 6 15 4 11 10 10 21 20 16 21 11
17 22 18 9 29 10 26 14 9 10 24 1 7 16 13 15 9 9 21 9
26 7 8 10 21 10 14 10 9 3 16 3 4 12 8 14 13 10 12 4
61 32 43 45 60 20 50 45 31 3 36 26 38 41 25 52 59 48 51 10
49 30 36 51 58 34 42 33 10 30 44 14 33 35 27 49 54 40 45 28
26 20 22 17 27 10 27 16 14 9 12 3 17 14 10 26 23 25 19 9
47 23 32 40 44 24 54 32 26 13 25 21 24 31 14 38 45 42 42 16
5 7 5 6 10 3 9 5 7 3 6 1 6 1 1 3 7 3 7 1
8 4 3 1 4 1 9 2 3 1 1 1 1 1 1 1 2 2 3 1
20 14 8 14 25 14 17 16 4 12 20 1 1 5 1 13 15 8 15 1
24 24 18 14 24 7 22 15 10 4 9 5 12 10 11 18 24 13 16 12
25 21 7 15 33 6 26 15 7 6 21 1 9 18 13 16 20 10 18 1
15 22 6 5 24 1 25 12 5 1 4 1 14 11 6 14 16 13 13 1
8 8 7 9 18 2 7 13 10 1 7 1 5 1 1 8 12 8 16 1
48 42 27 39 52 36 41 46 31 32 35 20 27 29 29 43 38 39 49 28
47 31 46 37 49 10 38 24 30 1 29 27 26 31 26 44 46 47 47 22
12 8 7 7 15 1 13 8 1 1 10 1 1 7 6 7 13 5 15 1
41 20 22 29 45 19 25 21 10 19 41 6 12 28 28 35 31 27 26 18
20 14 7 9 25 5 15 5 1 3 19 1 8 12 3 20 12 8 13 1
52 35 30 47 55 35 59 36 32 21 35 21 27 37 24 29 40 37 55 31
16 12 10 12 31 6 18 9 8 5 19 1 13 17 9 22 20 15 13 3
8 9 3 4 9 4 7 10 7 1 3 1 2 1 3 3 8 4 8 2
26 22 18 21 27 16 33 13 12 11 20 7 12 20 3 20 27 20 20 7
5 3 12 7 7 8 4 11 12 1 3 2 3 1 5 13 14 13 9 6
60 46 45 56 71 29 48 50 41 19 43 30 46 41 32 68 70 56 49 15
12 12 5 4 9 4 16 5 4 1 6 1 4 5 4 5 5 5 13 1
11 8 4 3 14 4 13 8 4 3 5 1 6 5 3 10 5 9 9 2
38 43 27 45 62 33 48 36 27 30 38 13 29 41 28 32 31 26 42 18
26 17 21 30 30 29 38 18 17 14 27 5 11 19 12 25 24 23 25 9
21 17 11 11 16 15 24 12 15 6 14 7 6 8 8 6 8 11 21 10
21 8 11 5 8 10 19 4 11 1 3 2 6 3 6 14 7 15 10 10
30 20 23 18 27 12 31 15 8 4 7 3 25 15 13 16 15 23 28 6
42 26 24 34 47 13 25 23 24 11 28 9 24 29 32 34 44 28 31 22
32 13 18 22 33 17 31 19 9 9 28 6 9 21 21 24 25 20 30 17
12 13 10 10 17 8 20 4 6 5 10 1 8 5 1 10 11 6 11 1
41 20 26 25 47 19 41 22 15 12 32 5 19 28 11 32 27 28 31 2
55 49 52 50 63 30 68 40 32 26 50 22 31 52 31 38 45 41 54 28
44 25 30 41 55 29 49 32 24 23 46 13 22 42 35 27 30 29 45 20
35 22 37 38 42 20 36 22 31 2 29 23 14 20 18 39 41 38 41 23
52 39 46 47 60 37 43 51 31 21 40 20 36 27 27 48 44 47 61 17
11 17 10 12 23 10 19 6 3 11 21 3 3 11 3 9 16 3 10 4
5 6 9 1 3 1 3 5 6 1 1 1 1 1 1 6 7 6 1 3
7 18 10 8 13 2 15 9 5 1 15 4 1 8 2 6 13 3 13 5
45 29 18 42 48 28 46 35 11 20 39 7 17 35 22 34 46 28 41 20
15 6 15 14 21 4 13 15 15 5 11 6 12 8 1 10 14 16 20 1
47 25 53 47 46 30 50 25 43 4 42 31 14 29 25 37 47 45 55 32
46 24 29 38 44 23 54 29 19 14 35 22 25 39 19 25 40 30 39 11
17 5 17 22 23 14 20 18 15 8 16 5 7 10 2 15 24 19 23 1
56 41 28 45 52 31 57 30 22 20 36 16 31 33 27 30 42 22 50 24
10 4 1 6 14 9 11 3 5 6 11 1 1 4 1 4 7 1 3 1
21 24 23 26 33 17 34 22 9 10 23 2 19 23 23 24 24 21 34 21
42 29 19 40 55 26 29 32 22 22 40 10 23 28 15 38 31 28 31 15
63 55 49 45 63 24 65 44 30 18 35 27 49 37 31 47 51 50 64 24
32 29 22 28 46 8 27 24 19 6 20 9 28 23 20 35 39 24 30 9
27 18 11 19 28 17 25 14 13 5 22 6 9 19 19 17 12 11 24 10
46 32 25 34 37 25 45 24 20 16 16 4 25 17 20 20 31 25 35 13
47 36 36 31 53 22 45 23 14 17 36 14 22 33 12 41 46 37 32 15
4 6 8 2 8 1 7 4 2 1 3 1 4 1 2 6 8 6 9 3
52 22 26 45 52 21 36 27 26 8 33 17 36 41 34 52 48 49 35 34
9 3 2 7 11 4 9 7 4 2 4 1 3 2 4 4 4 5 11 1
20 23 14 9 24 9 25 13 6 7 16 1 10 7 6 12 11 5 20 4
16 14 17 14 26 8 26 19 15 1 14 3 8 11 4 22 22 22 22 1
36 19 10 21 39 12 30 21 8 8 27 4 19 28 21 27 22 23 22 7
15 17 11 9 15 6 20 11 6 6 10 1 8 6 9 9 9 8 13 6
57 36 38 61 63 47 63 49 47 32 44 30 40 51 51 42 49 52 63 52
63 38 42 57 63 47 53 44 22 34 42 26 35 35 20 47 50 51 54 20
14 14 13 9 26 3 13 6 4 4 16 3 9 12 14 20 17 13 12 10
24 15 20 22 34 14 20 15 13 13 26 8 13 12 6 25 24 14 24 7
20 18 7 12 32 11 16 16 4 8 21 1 7 13 5 24 12 12 15 1
6 11 1 4 7 2 9 12 8 1 1 1 1 1 1 5 11 4 7 1
9 6 4 5 1 1 11 3 2 1 1 1 1 1 2 1 6 1 8 1
11 8 3 2 9 4 7 7 4 1 8 1 1 1 3 7 1 4 12 2
34 31 23 30 37 23 47 26 15 10 31 11 13 23 10 28 29 24 35 9
42 22 33 33 42 9 40 28 20 6 24 13 23 22 15 20 40 21 38 5
44 23 23 35 41 30 36 37 19 13 34 9 10 21 18 39 34 30 42 15
36 31 33 31 31 23 44 20 17 11 23 8 18 14 20 18 29 24 36 17
17 19 13 15 27 5 25 11 6 6 25 6 4 19 8 15 22 10 19 6
45 41 38 41 50 30 54 38 27 23 44 13 13 34 18 25 40 24 46 14
49 32 31 39 69 26 52 36 17 20 44 9 27 48 37 43 45 38 46 24
64 37 47 42 72 24 63 33 32 8 51 30 27 54 38 53 61 49 47 21
39 52 25 30 47 22 57 26 25 18 29 12 25 34 20 21 30 20 34 19
24 10 5 20 22 21 26 17 22 7 13 11 10 11 7 13 15 20 19 13
63 43 45 44 55 42 52 31 17 32 43 20 26 35 29 47 44 45 47 24
55 34 24 47 57 40 57 26 24 25 36 19 34 41 19 38 41 35 41 20
54 31 16 44 53 29 51 28 16 19 37 9 34 40 36 44 45 41 36 32
79 44 39 68 79 44 70 57 39 27 54 25 50 49 38 52 61 53 75 35
63 49 51 56 62 43 64 23 45 14 50 35 32 45 34 56 62 51 51 41
25 15 23 19 32 15 20 17 15 5 21 6 9 11 12 23 20 21 29 15
16 22 13 14 26 13 26 12 7 10 21 1 6 16 2 18 17 15 13 1
52 27 32 39 41 29 46 12 16 15 38 14 21 31 21 37 39 33 31 18
9 4 8 11 11 14 11 15 12 4 10 5 4 4 6 14 12 13 18 1
45 44 41 41 59 23 45 32 21 16 36 19 32 30 11 48 55 41 43 8
61 52 43 54 61 41 71 38 16 34 44 24 37 51 32 49 63 51 52 29
3 1 1 1 9 1 2 3 1 1 5 1 1 1 2 4 1 1 6 1
27 15 19 16 32 3 20 14 8 3 15 1 9 12 11 15 26 11 17 6
6 8 9 10 18 6 9 7 4 7 11 1 5 4 5 7 13 4 9 6
2 1 1 1 9 1 4 1 1 1 7 1 1 2 1 4 3 1 1 1
33 32 23 19 36 23 31 32 22 14 24 1 8 17 19 22 21 19 35 12
69 39 37 53 67 45 56 33 38 21 47 22 39 43 28 57 53 49 46 26
12 6 6 11 16 6 16 10 7 4 9 1 7 8 9 11 8 8 11 4
24 19 25 20 21 15 29 17 13 8 18 6 9 9 1 15 25 15 23 3
4 8 14 9 17 2 6 12 9 1 2 1 9 4 3 21 20 17 8 5
21 17 15 13 30 6 17 13 9 6 9 5 19 9 1 21 17 17 17 3
41 35 26 32 39 24 41 17 11 18 32 8 11 18 3 17 27 10 32 13
65 49 39 56 62 51 61 53 35 35 46 17 39 42 41 42 36 49 68 44
7 11 5 1 8 4 9 9 7 1 7 1 6 6 1 7 7 9 10 1
26 20 7 8 31 9 21 10 9 1 14 1 12 14 8 23 18 16 15 9
17 13 4 6 9 5 16 9 8 1 1 1 2 2 4 2 11 3 9 3
44 12 21 35 35 23 44 26 16 7 26 16 23 27 19 22 34 35 40 28
15 11 12 10 21 2 17 4 1 3 20 4 1 9 1 6 14 2 19 4
45 32 45 45 48 32 46 40 37 16 38 26 22 30 15 30 40 39 56 27
57 40 42 47 60 39 61 41 34 22 44 26 31 41 17 43 36 46 59 32
40 32 24 29 42 28 45 28 14 14 29 8 21 26 13 35 20 32 38 19
56 34 54 49 64 33 56 34 27 22 47 27 40 45 30 52 57 51 49 13
51 54 39 40 59 35 62 34 14 27 44 9 39 46 47 42 39 40 50 36
31 18 27 30 40 12 31 21 20 10 25 10 15 19 4 16 31 22 27 5
40 29 38 35 41 18 39 2 14 19 32 18 21 29 14 34 40 17 26 24
16 6 4 14 24 5 11 8 7 3 18 1 8 12 13 16 11 8 14 1
33 19 18 22 28 16 35 18 18 3 18 17 14 20 1 17 27 23 29 12
12 8 8 12 25 9 14 9 5 8 19 1 4 7 2 13 9 5 16 1
57 40 37 45 58 35 50 21 16 26 49 17 28 39 22 48 40 40 35 23
34 27 30 20 34 24 34 18 17 14 30 7 12 17 26 25 17 22 32 18
50 52 41 41 60 33 54 38 28 27 43 31 35 42 19 47 41 40 53 31
36 26 38 35 42 31 44 43 28 21 40 18 7 15 16 27 28 31 48 17
56 42 38 47 65 16 39 29 21 26 55 15 26 42 32 46 55 33 42 32
11 4 5 4 13 8 6 8 5 5 8 1 1 1 2 9 6 7 6 5
43 27 12 38 50 28 39 39 35 9 20 16 33 31 23 45 41 39 38 11
14 22 23 21 26 11 28 12 14 11 26 9 6 15 10 9 16 6 27 14
20 10 8 14 14 12 23 15 10 4 11 3 4 7 8 12 14 14 18 9
53 26 38 41 60 20 38 31 19 14 41 19 22 39 16 49 50 44 41 19
70 29 54 62 71 47 54 63 54 26 53 39 32 40 32 60 62 64 71 29
35 25 21 33 32 14 38 21 22 7 12 13 19 17 15 19 32 23 33 20
40 25 21 35 45 22 37 33 17 10 30 6 31 33 28 48 45 40 41 20
12 15 12 16 22 5 17 18 13 4 10 4 9 5 5 13 17 13 19 1
27 23 20 24 31 10 29 17 9 11 20 10 11 17 9 15 30 9 31 14
37 29 27 31 40 30 43 31 34 12 33 18 12 29 18 25 24 32 35 18
48 35 42 50 62 45 46 47 27 36 58 22 17 45 42 51 38 46 56 39
46 14 32 42 38 27 32 42 29 12 24 17 27 26 28 44 45 51 46 26
63 32 57 63 68 43 64 56 42 26 53 34 41 36 25 52 62 57 65 13
11 14 9 9 21 1 13 10 5 3 18 1 5 13 13 14 13 5 13 4
69 44 67 69 74 53 64 66 51 37 62 40 30 36 39 61 57 63 78 43
16 32 20 21 32 9 32 21 16 7 18 3 14 20 15 16 22 10 27 10
10 14 11 7 21 5 14 9 5 4 15 4 6 10 9 18 17 9 7 9
30 21 14 21 43 10 14 21 12 13 27 1 26 26 20 41 27 29 19 11
21 18 18 15 28 7 24 18 13 1 19 2 6 16 11 14 21 12 25 2
12 14 18 7 6 1 13 7 6 1 5 2 4 1 5 9 17 10 13 9
42 33 45 36 33 31 52 33 35 17 36 25 9 22 20 26 34 35 46 31
23 26 20 14 26 16 33 7 6 8 23 1 10 11 6 17 16 10 22 3
20 13 17 20 26 18 22 18 8 12 16 2 7 12 13 22 25 17 17 10
22 11 21 21 36 15 15 22 7 12 25 4 6 13 14 31 21 22 26 11
65 37 46 59 57 51 61 51 31 36 53 36 33 43 25 53 53 48 70 36
22 5 10 22 26 19 18 25 18 7 12 4 14 7 9 24 18 21 25 6
1 8 1 1 8 1 5 1 1 1 4 1 1 1 1 1 2 1 2 1
48 37 42 53 60 31 46 54 42 21 41 22 22 24 16 30 48 37 61 9
21 14 16 20 26 20 25 28 16 7 20 7 5 11 14 23 23 23 29 9
58 42 32 49 66 43 50 39 10 36 56 10 30 46 34 60 48 45 40 23
66 31 54 61 64 42 61 39 27 31 56 29 27 47 26 44 49 51 62 35
6 14 8 1 13 5 10 8 4 1 9 1 5 6 4 7 9 6 11 5
68 56 46 63 67 50 72 45 40 34 41 27 44 40 36 27 44 40 69 30
5 7 2 5 12 1 9 11 4 1 4 1 1 1 5 8 8 6 8 2
26 14 20 15 31 11 23 20 15 7 22 5 10 11 4 15 15 16 27 1
58 34 58 46 57 24 51 42 32 9 35 29 39 31 34 38 54 50 59 20
3 14 10 3 16 3 10 6 2 2 14 1 1 9 10 8 7 1 8 7
59 42 17 39 52 44 60 34 14 30 36 3 34 38 20 44 34 45 39 23
27 15 21 24 33 14 22 23 15 4 27 11 6 13 3 26 34 17 31 5
4 5 3 1 9 2 6 2 1 1 8 1 2 1 2 3 4 1 9 1
7 4 3 3 8 1 3 4 6 1 1 1 3 1 1 3 4 3 7 1
17 15 9 11 20 10 24 8 8 7 16 1 7 11 8 10 6 7 14 1
61 38 50 58 73 28 59 42 34 18 56 25 35 51 32 43 48 42 57 16
65 43 32 65 66 36 58 38 30 30 46 24 41 46 33 49 63 36 53 32
75 57 56 60 88 40 79 52 21 34 64 24 47 67 39 61 60 54 66 27
19 16 21 22 34 2 21 26 19 4 15 5 14 13 5 11 25 17 28 2
19 18 16 12 31 2 15 14 12 1 7 8 23 10 7 26 19 20 18 2
34 31 26 29 31 22 45 18 18 10 27 8 9 20 3 17 28 19 27 9
17 8 5 9 14 9 13 12 10 3 7 1 3 1 2 7 5 8 15 1
30 22 17 24 33 11 36 21 11 9 14 2 13 18 8 7 26 13 27 2
38 30 32 33 47 31 35 29 9 26 37 9 11 28 15 37 31 34 34 14
41 13 29 31 34 20 31 18 22 11 27 15 9 14 16 30 30 30 34 21
29 13 16 15 20 16 22 17 6 8 13 1 14 8 10 16 11 15 29 7
21 17 15 13 27 13 24 15 12 8 19 6 7 8 10 21 19 17 17 14
29 21 16 24 22 18 37 10 8 9 22 9 6 17 11 10 19 12 25 15
22 23 2 7 25 4 21 11 11 1 12 1 9 14 5 15 12 9 9 1
19 7 9 18 12 10 22 9 10 3 8 4 9 6 8 8 12 11 19 8
37 25 30 24 36 22 42 10 15 11 22 4 21 14 6 17 23 23 29 5
34 17 19 30 43 18 24 19 7 15 29 3 7 22 20 30 32 17 27 11
23 20 13 15 23 1 29 14 6 1 13 6 6 14 1 7 20 10 21 5
63 60 33 46 61 44 71 52 35 32 41 22 37 47 38 36 38 40 64 32
26 12 16 18 25 9 29 19 13 6 17 7 8 15 8 12 22 16 20 4
56 38 39 41 57 41 51 42 33 21 45 22 25 37 29 54 36 52 50 26
10 11 17 18 16 10 19 11 12 4 13 6 7 5 1 15 20 12 15 6
53 48 53 57 63 40 49 55 49 27 51 35 29 33 28 37 51 44 64 27
