1000 20 12 2344
4 3 24 11 4 8 8 0 5 11 11 8
0 1 4 2 2 2 8 1 8 8 5 1
6 3 12 7 4 11 17 11 5 10 5 3
13 1 13 13 1 3 0 2 11 0 5 15
1 5 2 14 0 7 1 5 7 8 4 0
15 4 11 12 10 5 1 6 5 4 1 5
11 6 1 1 1 1 3 12 2 1 1 7
1 18 12 1 6 19 10 10 10 2 20 2
0 1 2 1 3 5 5 5 4 2 3 0
10 6 4 6 5 2 2 8 3 9 1 10
13 16 4 5 9 12 10 3 15 7 2 11
7 4 3 3 4 4 5 2 6 9 1 1
1 21 12 6 16 18 9 2 4 3 3 13
3 12 2 2 6 1 9 8 3 4 11 6
1 6 17 5 6 6 5 4 1 6 0 4
6 1 5 4 7 1 7 1 2 4 1 4
2 12 7 1 7 10 6 21 7 5 5 4
0 1 4 4 1 1 2 0 3 11 7 2
7 20 6 4 4 2 16 1 7 17 19 3
10 14 4 2 3 7 6 6 4 5 6 10
9 7 4 10 10 16 2 12 17 2 16 13
9 19 21 1 4 7 8 7 10 5 15 11
0 8 15 7 6 1 5 2 10 3 18 12
5 20 6 11 6 1 5 1 15 9 18 11
1 10 12 2 13 3 1 8 7 5 7 6
2 5 14 8 1 3 0 11 1 0 4 2
5 6 1 3 14 3 8 4 1 1 5 9
9 4 1 8 8 9 1 7 1 2 5 1
23 15 9 8 7 5 3 5 5 12 3 16
3 2 6 8 1 2 1 0 8 9 1 3
4 21 6 4 1 1 1 2 7 23 0 15
4 2 2 3 1 0 2 5 2 4 6 2
1 6 8 10 16 1 9 5 5 5 1 11
0 9 5 11 4 14 7 9 3 3 4 7
3 6 12 4 5 1 6 4 9 0 2 13
10 2 3 10 9 4 2 5 4 1 4 3
2 10 5 7 6 11 7 20 3 1 17 10
6 14 2 15 7 1 0 16 6 9 7 24
8 9 1 2 4 5 20 7 11 9 9 10
14 2 8 4 2 4 0 2 1 23 4 1
2 6 5 0 8 11 2 7 3 11 2 10
4 6 0 0 6 3 5 1 0 1 3 2
3 11 1 9 7 7 1 1 0 10 1 11
0 0 6 1 2 4 5 5 3 3 1 0
9 2 5 3 2 2 1 14 12 0 6 9
4 4 1 1 0 4 5 6 3 9 3 0
3 6 3 9 11 10 1 7 6 6 3 5
4 5 4 2 4 5 1 5 8 0 4 5
8 16 3 13 16 4 11 8 5 17 17 5
7 6 4 6 1 0 1 3 2 1 5 1
2 0 4 6 11 5 13 8 15 15 12 1
5 10 11 17 2 8 1 0 8 5 7 10
9 9 1 11 9 6 2 2 2 3 5 3
3 6 3 1 5 1 2 10 3 7 0 2
6 2 2 7 5 3 3 5 10 0 12 3
2 4 1 3 3 3 5 6 3 1 5 3
2 0 2 4 3 10 2 0 1 8 4 8
1 2 1 10 14 6 9 1 3 2 4 6
3 8 22 3 3 4 8 4 13 0 2 13
1 6 0 1 1 1 4 1 5 5 2 1
1 0 2 1 5 1 3 8 7 5 9 6
2 5 7 2 9 2 8 0 0 11 1 0
0 13 4 9 18 11 11 1 6 17 7 13
1 0 5 1 4 6 4 2 7 5 4 10
3 7 3 3 7 0 0 12 1 16 8 2
11 17 1 16 16 5 3 7 11 16 8 2
9 0 10 13 1 6 7 4 2 10 7 3
14 2 8 3 9 13 9 6 8 5 6 2
6 1 4 0 1 3 9 6 6 12 1 8
2 12 4 11 5 2 8 4 4 8 2 9
13 7 2 5 15 12 1 12 2 21 14 5
5 8 6 13 9 12 1 12 20 14 4 6
10 5 1 1 5 17 19 15 11 10 15 6
5 13 4 10 3 4 1 2 0 4 10 15
2 12 20 2 2 12 9 2 8 16 8 11
2 14 5 1 12 4 3 5 10 2 1 13
6 6 14 11 10 2 7 2 19 24 8 1
0 1 3 2 2 2 5 6 0 2 2 5
0 13 4 1 4 4 4 12 11 2 6 4
13 13 10 2 19 8 2 2 4 4 2 11
3 3 16 5 10 3 5 7 4 2 14 10
6 2 1 1 8 2 1 4 2 2 3 1
1 3 11 7 2 5 7 6 6 3 5 2
5 3 7 5 5 4 5 4 5 0 5 1
2 2 3 21 0 4 12 16 6 6 3 20
0 4 4 3 0 3 21 10 8 14 16 15
6 6 13 10 10 7 14 3 2 9 3 4
10 5 1 0 4 2 0 2 4 2 3 1
11 6 4 3 3 4 8 5 7 9 2 2
0 5 5 1 9 22 13 18 3 4 1 13
1 3 9 3 2 3 2 2 6 7 9 2
11 10 4 5 4 11 4 4 8 5 2 19
3 3 1 0 3 23 5 25 10 4 6 3
4 0 5 0 0 0 0 7 5 5 1 0
3 0 5 1 1 6 5 1 7 4 3 7
13 15 7 5 19 6 6 4 13 9 10 8
1 3 4 11 1 16 17 3 10 9 2 3
12 1 4 2 6 0 3 2 7 8 0 7
4 5 10 4 0 5 1 12 2 6 3 8
2 0 5 3 11 5 2 3 9 7 4 5
9 4 13 18 5 1 15 9 1 9 0 4
7 2 3 13 4 2 11 2 3 7 13 11
0 4 1 4 4 2 3 2 6 5 6 4
7 2 12 2 16 5 0 1 1 10 5 13
2 2 11 4 3 0 4 9 9 6 0 17
4 3 3 6 6 8 4 1 0 3 1 4
20 7 8 2 8 11 11 17 7 1 16 9
1 8 4 12 5 12 9 17 8 7 3 9
5 3 7 4 7 12 13 3 0 5 8 12
4 11 10 9 1 21 2 9 0 10 2 21
8 13 12 9 12 10 13 4 15 5 5 4
2 5 1 12 2 3 2 15 3 1 7 5
19 13 7 2 25 10 5 10 4 11 8 0
8 11 11 11 11 0 10 2 20 0 7 1
12 9 10 5 1 1 8 11 7 3 0 11
11 5 6 12 18 8 5 1 0 0 8 1
13 3 12 6 5 19 8 5 14 9 8 1
1 12 1 10 11 5 10 13 7 5 10 23
5 0 4 3 3 1 8 2 9 3 4 6
2 4 6 2 4 2 1 1 1 5 5 4
11 2 5 8 15 1 3 12 9 13 8 11
4 6 0 6 2 1 5 3 2 12 2 1
2 15 14 3 7 6 12 4 9 14 3 4
5 7 8 6 20 6 6 2 5 6 0 12
3 10 3 2 8 3 12 9 1 5 9 4
7 1 5 2 5 0 1 3 3 2 1 1
0 10 5 2 3 6 8 9 13 0 13 12
1 10 3 1 8 7 11 3 6 1 2 16
9 10 1 6 6 2 12 0 1 4 12 14
8 2 14 2 7 5 6 11 11 4 14 5
2 1 10 5 5 2 1 1 4 3 9 6
5 1 14 7 3 9 0 12 2 22 5 8
9 11 2 9 6 17 9 5 6 4 15 4
9 9 10 7 5 3 2 11 2 2 6 3
5 16 5 7 13 3 14 22 5 4 3 13
2 2 3 12 6 10 6 4 6 6 1 10
3 21 3 18 3 0 3 5 5 13 4 4
1 9 11 1 6 5 0 10 13 8 12 5
6 5 4 3 5 2 12 3 6 2 3 0
5 9 2 4 7 8 4 7 7 4 18 14
18 2 13 10 17 6 2 16 11 12 2 11
1 11 7 1 1 18 17 1 4 7 2 8
3 9 4 0 3 4 2 0 11 5 1 5
11 11 11 4 9 5 11 14 1 1 6 3
5 2 4 0 13 0 8 7 2 13 1 2
3 5 1 1 1 8 1 0 1 8 0 7
8 8 12 9 6 5 4 5 10 5 0 11
5 6 8 13 18 1 1 11 7 14 8 13
1 2 4 1 7 9 8 6 5 2 0 1
3 7 6 1 12 2 3 1 0 8 3 3
11 9 4 18 2 3 5 13 2 11 5 19
7 2 0 1 3 3 2 1 6 0 2 2
11 3 1 2 2 1 1 8 4 3 1 0
1 3 2 3 7 4 1 3 3 2 1 4
1 4 0 2 1 6 1 3 0 6 4 4
4 0 1 9 11 5 1 10 10 10 13 6
7 20 15 1 3 16 0 7 5 10 21 2
2 2 5 5 5 6 4 4 8 2 6 0
3 6 0 5 5 6 6 2 1 1 8 1
5 4 6 11 1 8 5 0 2 3 3 7
5 7 4 7 1 5 0 8 3 1 13 8
5 6 15 1 24 1 21 1 1 11 8 6
19 6 2 5 7 5 11 7 3 15 4 19
9 14 8 9 18 8 12 17 5 1 1 7
10 6 17 10 8 3 4 7 5 5 3 9
4 14 6 2 17 12 4 2 15 8 4 5
4 5 6 4 6 12 7 1 2 5 0 1
0 16 21 8 23 6 1 6 11 4 5 3
1 10 1 0 5 5 1 2 1 4 2 0
3 3 6 10 11 12 4 6 1 5 6 3
7 1 4 1 5 0 1 2 9 2 3 0
4 4 8 2 5 8 0 5 8 8 2 7
4 1 10 12 8 6 2 25 9 15 5 8
2 9 14 11 7 2 2 0 7 6 5 0
8 8 10 4 0 2 4 19 2 1 9 21
2 4 5 10 6 3 26 22 0 0 2 9
5 12 7 11 4 1 4 9 5 5 1 1
5 3 0 9 18 15 0 11 6 15 4 18
2 1 3 4 0 6 2 8 2 3 1 2
6 5 6 4 2 7 4 5 0 3 2 5
8 3 19 6 3 2 4 20 4 12 22 2
5 8 2 21 16 16 12 5 1 5 9 7
6 6 1 1 3 7 4 1 7 13 8 6
7 4 3 9 8 3 8 1 10 2 2 29
2 2 0 3 4 1 1 7 3 7 5 2
12 4 1 4 8 12 5 13 6 4 2 1
10 8 3 8 3 6 2 2 10 5 3 3
2 9 1 9 9 2 5 6 10 5 0 8
6 7 8 5 18 2 8 0 2 1 10 6
6 4 12 14 6 15 6 11 4 7 7 9
3 7 5 2 11 4 4 1 4 8 1 9
1 2 21 1 8 12 10 10 9 8 12 3
1 12 3 5 1 5 5 3 3 6 4 4
1 10 8 14 5 5 6 18 3 15 5 2
3 2 1 11 3 17 0 4 6 1 8 4
7 11 13 17 6 3 9 3 19 3 2 0
1 2 12 4 8 9 6 9 2 3 1 6
10 9 2 8 8 12 1 8 8 5 5 5
2 14 19 7 12 5 12 6 11 9 11 10
14 11 0 2 8 7 7 3 12 12 2 9
5 1 1 2 2 4 2 8 1 1 3 0
7 1 6 4 6 0 1 6 2 15 11 9
9 2 3 1 1 6 2 1 2 7 1 3
3 3 4 1 4 6 6 2 2 0 4 1
8 14 8 2 9 10 1 9 10 7 2 13
2 0 2 2 0 3 4 1 8 1 3 0
1 10 10 2 7 5 7 1 4 4 2 4
4 17 1 5 2 22 10 3 12 10 8 8
5 17 3 4 5 10 4 2 7 1 4 10
0 1 10 7 2 12 6 4 15 8 8 1
5 3 1 7 1 4 6 2 9 2 2 5
15 7 7 10 13 4 1 1 10 4 18 19
5 4 5 3 1 3 4 8 4 4 3 8
11 8 23 2 0 1 7 12 7 16 15 10
0 6 8 8 3 3 3 5 1 2 2 4
2 7 3 1 3 1 12 8 3 1 3 6
5 4 6 1 5 0 3 1 8 13 7 3
11 2 10 8 27 4 4 12 10 6 10 2
12 22 2 12 14 8 18 12 5 1 7 2
3 9 0 1 1 8 6 6 0 3 1 2
1 2 3 3 1 5 5 1 5 7 0 5
1 1 3 3 6 0 11 5 5 2 15 4
6 26 8 6 1 11 5 6 6 3 3 5
5 12 11 6 7 17 2 8 1 1 7 16
0 5 1 3 9 15 4 8 8 8 2 7
1 3 0 6 1 5 7 3 1 1 0 1
0 2 8 1 2 1 2 0 0 2 5 4
9 3 13 6 3 2 2 16 14 6 0 2
6 1 7 6 6 6 14 5 8 4 1 11
1 7 0 15 3 7 4 0 4 13 1 6
3 5 1 13 5 2 1 9 3 4 3 3
4 4 5 10 5 5 7 2 5 4 11 6
4 1 2 3 7 3 4 0 0 2 2 5
5 0 5 10 11 2 6 1 7 3 7 1
4 4 4 1 1 0 7 8 1 1 3 2
15 3 4 5 9 5 11 5 8 7 4 3
6 16 4 6 2 1 8 6 11 3 6 4
0 14 6 5 5 5 5 4 6 5 7 4
2 4 5 2 1 6 1 14 1 3 8 12
2 16 5 6 6 7 23 4 2 7 12 3
11 5 18 3 0 5 0 8 4 9 13 7
1 12 7 10 16 1 5 10 7 4 17 3
4 7 0 2 2 2 0 0 4 0 0 3
2 7 1 10 3 3 4 0 2 8 1 2
4 7 2 8 17 2 1 1 25 13 2 5
9 0 2 4 15 16 7 3 12 9 7 3
17 8 10 3 8 4 2 2 4 9 5 1
1 18 9 8 13 4 3 6 19 5 8 16
6 8 9 2 10 5 3 6 18 8 5 7
0 3 0 2 4 8 7 1 11 1 3 2
1 0 1 3 3 1 4 6 1 8 2 7
2 12 9 3 5 14 10 0 6 9 14 23
2 2 13 23 2 7 1 7 12 12 12 6
5 4 4 4 2 2 2 3 5 0 2 5
7 7 9 4 8 0 0 5 1 10 6 9
9 0 8 8 1 6 0 1 1 2 4 2
4 11 5 16 5 14 15 11 17 4 7 3
11 1 2 5 6 14 26 14 8 10 1 7
7 4 7 2 0 3 11 6 5 2 13 4
0 6 3 9 5 4 2 13 2 14 1 2
13 5 6 2 2 15 1 3 10 0 20 19
10 4 9 7 7 9 3 0 7 1 3 4
2 4 4 1 6 1 3 0 5 0 7 2
5 10 3 3 0 0 1 7 9 1 2 1
7 6 11 1 7 15 10 3 2 4 7 3
5 15 4 2 0 6 0 3 1 6 4 10
5 8 2 1 10 12 1 6 5 6 5 15
10 1 2 6 10 9 6 7 1 3 8 12
5 16 6 0 1 1 6 3 1 7 2 5
4 9 17 4 2 0 16 2 4 11 3 0
5 5 9 1 2 7 8 7 1 4 8 4
3 2 1 5 1 0 4 7 1 2 2 5
8 7 16 3 8 7 1 5 6 0 6 3
4 13 13 8 3 9 15 5 7 4 9 12
6 11 15 2 4 11 12 6 1 3 6 0
13 4 7 0 11 0 1 21 4 11 4 15
1 4 1 8 4 0 1 1 2 1 0 4
4 16 28 2 16 10 2 2 4 2 0 3
8 7 12 3 17 5 3 8 4 4 4 10
8 4 3 2 14 5 6 2 6 16 11 10
9 2 14 11 5 3 3 2 8 1 8 5
4 7 8 2 2 2 17 1 0 2 1 7
2 4 1 6 1 4 7 7 0 2 3 1
5 3 5 10 14 13 19 2 12 15 12 2
1 0 2 1 1 4 3 1 2 0 8 2
9 3 10 1 2 3 3 10 6 14 2 11
2 5 4 0 9 2 3 5 7 1 3 3
4 7 10 1 0 15 4 3 4 6 3 1
3 2 2 5 3 13 5 6 14 15 14 6
1 0 2 8 3 6 3 4 2 1 6 0
2 9 3 3 5 1 0 4 1 1 1 8
2 10 4 2 4 3 1 1 3 3 1 5
18 2 6 3 10 0 1 13 1 12 13 1
0 1 13 0 1 2 4 17 0 10 10 3
6 3 6 5 2 2 5 9 3 1 1 1
5 4 7 19 10 2 10 11 1 12 11 6
4 8 1 3 1 2 2 1 7 3 1 5
6 2 9 14 11 5 4 9 4 11 16 7
6 10 12 1 12 3 13 3 6 11 5 6
10 0 10 3 1 4 5 8 17 12 6 13
10 15 6 6 4 3 6 14 9 0 19 20
13 11 10 1 1 2 11 16 5 8 6 10
6 1 2 3 1 6 5 6 5 2 3 1
6 4 0 3 5 2 0 1 6 2 10 6
3 1 10 13 3 1 5 13 7 10 4 12
2 1 3 1 16 5 8 8 18 11 3 8
2 3 3 12 7 5 8 2 14 6 4 12
6 3 1 5 17 2 2 7 6 10 1 9
6 4 4 23 10 2 3 22 7 8 3 5
12 3 2 5 2 1 6 2 1 7 9 2
5 5 8 2 3 8 4 1 3 3 3 4
1 2 1 2 5 2 3 0 1 2 6 4
4 2 1 3 2 4 7 7 3 5 6 5
4 6 10 12 1 6 0 0 10 5 10 6
0 14 12 7 6 3 1 5 9 11 14 6
0 5 5 7 9 14 15 12 7 1 13 4
3 1 1 6 2 1 4 1 5 4 3 1
3 18 19 7 5 17 13 3 11 5 8 13
8 7 1 2 3 2 1 11 5 10 1 12
4 1 3 2 26 8 13 3 4 13 9 10
9 15 9 5 0 4 2 1 9 0 16 7
6 10 3 2 4 4 5 11 0 10 1 3
8 5 1 2 1 1 2 2 5 1 0 1
2 7 4 3 2 2 5 1 3 6 1 5
8 5 2 3 4 4 12 1 5 2 5 3
2 6 6 0 0 5 13 4 3 7 10 0
0 5 4 3 7 3 8 3 1 1 2 3
16 17 4 5 1 3 4 12 7 9 4 7
5 19 6 9 8 1 17 15 1 14 3 13
13 23 3 10 17 1 6 2 0 8 3 14
5 4 3 8 0 0 6 0 7 4 4 5
3 16 9 1 7 6 11 6 14 6 13 3
0 8 4 4 17 10 5 2 6 9 1 10
0 7 2 1 8 3 1 1 8 1 1 6
0 2 4 2 3 12 5 6 3 8 1 1
10 4 0 1 7 3 12 10 3 3 1 5
15 10 12 4 5 10 8 1 3 7 11 3
12 2 6 12 5 5 7 3 10 10 6 7
3 1 2 5 3 4 5 0 1 1 5 2
6 7 5 1 1 7 1 10 2 6 6 16
3 5 6 12 19 0 5 16 18 2 2 14
5 3 5 2 5 1 7 1 6 1 1 0
0 11 7 10 6 1 9 5 13 7 16 1
7 3 1 3 5 6 3 1 11 19 4 4
3 8 4 1 4 4 8 5 10 4 6 3
5 1 11 11 16 11 7 17 7 2 3 7
5 5 4 2 3 0 3 2 0 8 7 4
2 3 4 4 2 1 1 9 4 3 10 7
5 2 4 6 6 3 4 6 7 0 8 2
1 9 2 2 6 3 0 2 4 5 2 4
11 8 3 5 1 10 5 5 3 5 14 7
4 14 6 15 6 15 11 11 4 12 7 1
4 1 2 5 12 4 11 9 12 4 6 2
7 2 19 17 2 4 8 10 12 1 12 6
2 0 2 0 8 1 1 0 3 1 5 3
1 21 3 1 13 12 24 8 9 2 10 6
4 6 8 0 2 1 1 2 2 4 4 5
6 10 4 4 2 3 1 12 4 8 2 10
16 3 23 6 9 3 11 2 2 10 2 0
2 2 2 12 12 1 0 9 8 14 8 17
24 0 3 0 3 4 1 0 3 3 7 3
4 1 2 3 8 2 3 8 7 3 1 1
1 6 5 14 4 3 10 10 1 10 1 1
5 13 3 10 1 3 1 5 5 4 9 1
6 6 1 22 1 2 0 2 9 0 2 5
8 4 8 10 2 11 7 6 3 10 3 2
15 2 3 13 16 11 3 4 11 10 11 15
10 7 14 6 2 5 7 4 8 4 9 7
4 7 11 13 8 22 4 8 19 10 8 3
1 4 1 4 1 16 6 2 5 1 1 2
9 10 5 1 12 10 5 2 2 9 5 4
26 11 7 10 6 1 1 11 5 1 14 11
15 12 8 5 1 6 3 12 1 2 2 9
5 7 3 1 5 5 2 5 2 0 7 8
0 5 1 5 10 8 2 4 3 1 3 4
6 9 4 8 4 0 5 4 10 12 10 2
4 0 8 17 7 7 6 2 1 14 1 9
5 3 2 3 5 1 1 1 3 3 3 8
4 4 6 3 0 4 9 5 12 3 15 11
14 8 3 2 12 5 11 10 24 2 4 14
11 6 9 2 10 3 5 11 0 1 13 10
8 2 25 16 12 17 2 2 7 3 5 0
14 10 13 6 3 11 8 0 16 3 3 11
8 24 10 3 2 6 11 5 3 10 9 18
1 10 2 3 3 6 0 1 1 5 6 4
2 11 15 3 22 8 8 8 3 1 16 8
4 7 13 1 3 5 4 12 3 9 8 6
15 8 2 10 10 6 8 0 1 7 4 12
1 9 5 1 1 6 13 1 11 6 5 6
5 6 3 4 7 4 8 10 5 11 5 2
4 3 14 15 23 10 0 1 3 5 3 6
4 5 2 5 7 5 7 1 1 2 4 6
5 16 7 3 4 12 6 10 9 25 13 2
8 5 3 5 8 13 12 4 4 9 8 19
3 3 4 1 2 1 2 6 0 7 0 12
22 2 15 14 15 2 16 2 5 10 1 2
5 8 17 22 9 4 5 9 13 10 3 11
2 7 0 4 4 3 3 7 3 3 1 0
5 2 3 2 1 18 6 5 5 7 8 12
5 16 9 3 8 8 20 3 9 13 18 1
3 5 8 3 1 12 1 5 5 5 5 9
1 3 3 3 6 3 6 2 0 3 1 8
4 6 6 13 1 19 0 5 2 8 2 9
0 3 0 2 6 5 2 3 5 1 5 1
6 1 6 9 8 2 10 2 6 3 1 7
11 6 10 2 4 17 3 6 10 10 6 9
0 4 14 5 14 1 0 19 5 6 6 12
8 9 0 11 7 5 6 10 10 6 13 10
7 6 7 7 8 8 9 1 11 9 2 10
2 7 1 3 3 5 12 2 5 13 0 4
3 4 0 3 10 2 5 3 4 7 7 0
7 3 6 0 16 11 13 3 12 6 0 11
3 2 5 1 9 12 1 4 1 0 2 12
0 19 5 12 4 15 11 4 6 5 6 24
9 10 10 2 5 4 2 6 9 1 10 0
5 5 8 3 2 5 5 1 1 6 2 4
7 18 0 7 19 3 2 14 7 22 6 2
1 3 3 3 2 0 6 0 5 9 2 2
3 2 5 6 6 0 0 1 5 9 4 7
5 7 3 4 3 3 6 8 1 8 0 3
1 7 3 2 0 7 0 2 2 5 1 1
4 7 8 14 9 2 3 0 6 8 11 4
2 6 4 0 2 14 2 6 2 15 25 12
12 1 13 2 0 15 9 3 0 5 2 11
1 0 0 2 6 3 1 3 3 5 2 1
1 1 2 0 3 1 12 7 1 10 6 11
4 1 5 13 8 7 2 2 7 7 2 4
0 1 1 1 2 1 0 7 4 3 4 2
7 10 6 5 6 11 3 1 4 3 15 1
2 0 5 9 4 2 2 3 5 4 11 2
9 28 0 1 7 4 10 2 2 3 2 7
2 9 7 9 4 3 11 7 2 14 5 0
5 5 1 10 1 4 4 8 7 1 3 6
8 2 5 2 1 6 4 0 3 4 4 2
6 6 16 8 1 3 6 5 10 4 10 13
13 11 2 14 13 8 17 6 4 16 7 7
4 4 9 10 12 15 11 4 23 4 6 16
4 3 7 1 2 1 1 2 4 2 2 1
3 3 0 1 5 5 1 9 5 6 5 9
0 14 6 8 14 5 11 6 12 10 7 6
3 2 3 2 6 9 8 13 0 6 15 3
8 5 4 1 2 0 2 4 3 3 1 4
5 2 7 9 6 11 3 10 4 6 14 8
7 13 4 2 5 4 12 1 6 7 8 12
8 1 3 6 1 2 2 6 2 6 2 8
4 6 4 2 2 1 2 1 17 14 5 16
13 15 0 6 8 4 12 8 4 7 8 15
8 2 5 1 2 6 3 5 6 2 4 4
2 6 6 2 1 6 16 2 4 8 2 16
4 3 3 1 1 10 6 4 4 2 4 6
6 7 2 0 6 6 4 1 4 4 6 6
14 15 8 11 6 6 14 1 7 1 3 4
11 6 10 20 4 2 23 4 11 8 9 8
1 1 9 8 4 7 5 9 8 6 16 12
2 3 4 4 4 8 3 10 3 4 5 6
5 3 7 6 2 8 1 3 14 3 8 11
7 5 12 0 8 2 8 6 1 1 6 6
8 16 1 3 0 21 2 0 9 9 3 10
18 12 8 5 0 6 11 10 2 2 7 7
7 6 23 0 16 10 2 3 12 7 4 9
1 4 2 3 2 9 7 5 4 0 2 0
9 2 6 1 4 4 2 9 2 8 14 3
1 4 8 2 3 8 10 5 0 7 4 0
1 3 2 6 2 20 7 8 5 11 1 13
11 6 4 5 0 18 2 11 7 8 3 10
2 2 8 4 9 3 6 17 13 22 3 3
4 13 3 10 10 8 2 2 11 2 10 10
4 8 2 1 4 3 5 5 1 2 1 4
8 1 1 4 7 3 2 0 2 4 1 3
1 11 7 14 2 12 7 10 7 2 13 1
6 4 2 4 3 3 1 2 1 6 2 6
7 9 8 1 5 3 4 2 3 11 5 9
5 3 2 5 3 13 3 4 1 10 2 5
0 14 3 6 7 4 1 17 21 1 7 6
27 5 6 7 1 1 5 3 8 4 5 5
6 0 3 7 3 3 12 2 8 6 10 1
15 9 6 3 14 13 13 18 1 7 9 8
1 3 3 4 1 4 5 0 7 4 3 7
2 3 1 11 2 3 1 1 3 3 4 2
4 0 3 0 2 1 6 4 0 6 2 4
16 2 7 12 16 1 11 1 9 4 11 9
9 11 3 6 9 6 7 2 7 4 4 10
3 4 7 8 8 6 6 0 11 5 8 3
4 1 1 2 2 3 6 2 12 1 2 8
2 10 5 4 6 0 10 2 4 13 13 4
18 10 5 4 5 8 13 3 14 8 15 10
7 1 5 2 12 9 0 22 0 22 1 7
16 2 5 4 31 6 5 8 3 5 6 9
0 3 3 1 5 1 1 1 5 4 4 3
3 3 1 6 6 12 2 5 2 6 3 6
17 1 9 2 3 2 6 6 5 24 1 11
14 1 11 2 2 5 1 6 2 4 8 0
6 7 0 5 10 1 9 9 5 8 7 0
1 8 13 5 8 19 1 4 3 16 11 7
5 2 4 6 4 2 8 2 6 2 1 1
9 10 3 8 3 15 13 2 6 1 6 1
7 7 1 14 8 4 8 6 4 0 8 6
1 3 13 2 3 13 2 4 5 8 5 4
8 13 12 4 23 7 4 5 12 12 9 3
5 11 11 11 3 9 5 3 5 2 6 3
24 1 0 0 11 4 10 1 1 6 2 17
7 3 2 4 2 3 4 5 6 1 3 5
3 0 20 7 27 3 0 10 6 9 0 12
4 6 17 2 8 9 8 11 4 11 14 2
1 2 2 3 3 0 0 0 2 1 5 7
2 1 9 9 3 4 10 2 6 13 2 11
3 2 3 0 4 3 1 5 4 10 3 3
15 7 2 15 5 3 4 2 16 23 1 3
2 4 1 8 1 4 4 5 3 2 1 2
7 1 1 8 7 7 1 7 8 9 5 13
10 1 13 0 8 11 23 0 6 19 9 7
20 2 5 1 0 14 8 9 1 14 7 0
3 2 7 4 2 8 2 1 10 12 4 1
0 8 4 2 5 4 1 3 5 6 4 4
6 9 23 10 2 3 12 3 16 10 8 4
7 16 1 3 2 8 5 20 0 15 7 5
2 1 0 1 8 4 0 0 2 4 3 1
4 11 4 5 2 1 9 3 2 10 2 3
1 15 0 10 6 2 21 12 11 4 3 6
0 1 10 2 0 5 4 2 0 1 2 1
5 5 3 1 5 1 3 10 0 5 4 3
2 6 1 0 4 2 6 13 21 6 4 10
0 1 19 9 3 1 4 7 10 20 6 1
19 0 14 7 8 7 20 7 14 2 2 4
1 3 3 10 14 2 19 8 9 14 11 6
9 10 9 7 0 2 13 4 4 8 3 6
0 12 22 8 13 13 15 4 10 5 12 2
13 5 4 12 7 2 5 5 7 7 3 1
8 4 13 6 3 1 3 14 2 0 3 3
1 14 11 3 3 6 12 0 7 1 1 0
5 8 9 4 1 5 1 8 4 5 6 8
5 2 3 6 2 3 9 2 4 5 2 2
3 16 9 5 5 10 17 7 6 6 16 13
14 6 2 10 9 6 5 3 12 2 4 7
4 14 16 2 11 0 12 4 2 13 20 5
18 10 4 3 8 11 5 9 15 6 16 2
9 7 4 11 14 2 9 15 4 5 3 2
9 6 2 1 11 1 5 5 10 1 9 3
2 11 5 2 1 15 1 8 10 6 0 4
10 0 2 3 7 0 4 5 4 0 6 2
0 7 8 5 1 1 7 0 2 8 3 4
2 10 10 8 13 11 10 14 5 0 3 7
8 4 6 7 5 0 1 8 3 14 11 14
12 15 3 9 4 9 6 2 12 0 9 7
4 13 1 15 7 13 17 6 3 7 1 8
10 1 11 2 0 7 9 4 4 3 3 5
3 1 6 1 4 3 1 7 13 12 9 10
7 3 9 1 1 4 2 8 3 1 3 1
6 4 10 0 2 0 2 8 2 3 2 3
1 4 3 3 2 1 0 1 2 2 8 4
11 6 18 7 1 5 7 0 1 2 8 0
5 2 19 10 4 0 1 5 6 4 0 13
2 9 3 5 3 5 9 0 5 7 2 3
4 13 4 10 10 7 0 4 12 2 9 1
6 19 9 6 2 7 5 0 14 10 1 6
4 4 9 0 6 1 1 1 14 0 4 10
6 1 8 9 10 8 5 5 11 0 9 1
14 1 4 5 11 2 15 22 3 11 10 3
7 1 13 3 1 7 8 3 12 10 4 1
8 7 6 5 0 23 4 4 8 4 12 17
13 6 9 5 12 9 2 0 14 5 2 13
7 0 20 11 1 11 8 14 8 7 13 8
1 3 12 10 2 17 3 1 3 2 6 13
6 1 4 6 5 10 2 4 2 1 7 1
0 3 1 3 4 5 3 2 8 5 6 3
9 18 7 6 0 2 10 5 6 8 1 10
2 5 18 3 8 8 2 3 8 6 0 2
6 10 9 9 1 12 8 2 10 6 9 0
14 3 5 9 12 3 15 2 6 7 8 6
6 3 4 5 4 4 3 3 2 6 6 2
3 7 7 10 6 6 12 15 16 14 5 19
1 0 2 9 10 4 15 9 15 7 3 10
13 7 8 18 0 9 12 7 2 5 10 8
2 0 3 10 2 12 0 4 8 9 5 4
4 0 7 0 3 3 11 5 11 16 6 11
3 1 3 0 3 6 2 6 9 1 2 1
1 8 2 0 4 17 3 2 5 3 16 8
1 1 4 8 3 10 3 0 9 9 10 9
2 5 13 0 15 0 4 12 13 6 1 9
3 17 2 13 4 6 10 22 9 14 10 3
1 1 8 0 7 0 3 1 4 0 0 6
2 7 1 2 3 4 5 6 0 8 4 4
2 10 9 3 17 1 10 6 5 3 1 18
0 8 7 11 11 8 4 20 11 8 1 10
8 14 10 10 1 16 2 9 2 1 0 9
1 3 3 0 2 4 3 0 12 2 9 0
3 10 4 0 4 2 9 0 1 5 1 11
1 2 4 0 1 4 1 2 7 0 5 6
2 3 14 8 3 9 11 9 10 3 3 9
10 8 23 10 2 2 11 7 1 3 7 6
4 10 5 3 1 2 9 1 7 3 10 9
5 0 1 3 2 2 4 3 6 4 2 2
3 6 8 11 6 3 11 4 4 1 3 14
10 9 7 3 10 2 9 14 6 5 5 18
8 13 16 2 19 10 3 1 1 4 2 11
11 12 4 9 4 13 3 11 9 9 11 4
2 3 5 9 10 0 15 16 2 2 1 7
0 3 8 5 9 7 12 7 6 3 9 14
5 0 20 3 0 6 10 7 8 7 5 4
7 7 1 7 18 7 9 14 2 16 22 3
3 0 4 4 3 3 0 2 6 2 2 2
5 1 9 3 1 5 2 7 2 3 2 1
1 8 9 3 5 1 11 25 10 2 5 4
14 1 1 9 6 2 3 1 3 14 5 13
1 6 1 9 4 3 17 16 13 23 8 8
2 1 4 4 1 5 4 3 5 1 1 6
1 9 7 3 4 14 2 2 5 2 8 3
2 1 7 5 1 1 1 3 5 1 4 16
9 7 10 4 5 6 6 2 3 10 5 8
22 6 5 1 1 16 18 16 6 1 3 13
3 12 1 15 8 5 12 15 11 1 10 3
9 1 17 4 12 6 12 2 10 9 2 0
3 5 3 0 0 3 0 7 5 4 5 0
11 6 8 4 2 9 11 2 9 1 15 3
14 3 16 9 16 10 5 2 20 6 5 7
7 15 8 11 5 8 7 6 4 9 4 12
8 10 2 6 4 9 4 16 7 10 1 2
3 5 4 2 1 3 7 0 0 6 2 5
5 4 1 0 11 4 1 2 7 7 8 1
5 8 4 1 6 2 0 3 7 8 6 2
2 7 0 24 0 17 12 0 18 9 2 5
2 1 6 13 6 17 9 1 8 2 5 1
1 7 7 8 2 13 1 4 20 0 5 22
1 0 2 3 4 6 5 14 9 10 10 9
13 1 6 1 9 3 1 2 4 11 15 4
6 1 7 11 0 10 1 1 2 27 16 9
0 2 12 3 4 14 2 4 12 4 4 3
12 5 7 16 12 9 2 10 7 9 15 7
5 10 3 3 3 3 2 2 0 6 5 1
1 3 3 3 7 7 6 4 0 8 2 3
5 0 5 1 3 2 5 2 3 1 8 1
6 5 0 0 8 2 11 1 5 7 14 6
10 4 7 1 8 5 5 3 6 7 16 5
1 14 5 8 7 11 4 1 12 4 10 18
2 7 3 9 4 8 2 1 7 1 1 1
4 1 0 10 9 12 7 2 3 9 8 0
8 6 9 4 11 5 1 6 8 12 5 1
1 3 1 2 3 0 4 10 1 3 2 8
5 2 3 6 3 11 15 5 0 4 0 2
6 20 5 19 11 11 5 6 3 14 12 8
22 9 2 2 8 2 6 4 4 1 6 3
6 3 3 1 1 3 5 0 1 1 10 1
3 0 4 1 3 1 19 0 9 4 4 10
3 5 4 2 4 1 4 1 5 4 4 7
5 0 10 9 14 2 2 22 1 1 8 7
14 13 1 1 7 4 3 5 8 14 10 3
6 6 3 11 10 19 0 4 4 15 2 9
12 6 1 3 14 7 14 12 12 2 12 16
1 5 13 14 2 20 12 8 9 7 13 5
5 6 2 4 7 8 5 1 5 5 2 4
3 3 0 7 1 0 0 3 5 0 3 1
6 18 6 7 2 6 2 7 1 2 1 7
8 7 5 16 2 20 4 8 1 0 0 0
2 3 6 5 4 5 9 2 3 5 5 7
0 4 6 0 10 12 6 1 3 17 0 3
3 0 4 9 1 1 3 3 9 2 2 9
1 2 4 4 9 7 5 2 2 2 4 2
3 1 8 1 11 8 5 5 6 2 8 8
4 13 9 8 6 4 2 0 14 12 19 4
1 5 1 10 1 6 6 1 3 5 2 1
9 1 9 10 9 6 11 2 6 3 0 6
1 12 6 9 9 2 2 15 1 2 2 2
5 2 0 4 6 1 2 6 1 8 5 2
6 5 0 7 9 10 8 0 15 0 10 9
4 0 4 1 1 9 5 3 4 6 2 6
2 6 2 12 1 0 4 5 7 5 0 2
2 15 6 7 5 6 5 8 7 0 6 7
13 11 15 14 9 3 2 2 2 6 1 2
14 5 0 7 6 2 4 12 4 7 2 1
1 7 0 2 21 4 1 0 12 2 4 2
11 12 6 6 6 6 8 0 12 7 8 3
2 11 7 12 15 3 13 11 3 7 1 13
2 0 6 10 1 2 11 11 4 2 19 22
4 1 7 7 14 22 2 0 8 10 5 15
6 2 19 4 3 5 5 6 4 13 9 19
6 2 2 2 3 0 5 3 2 1 4 3
2 12 5 7 4 2 11 1 10 5 9 18
5 1 2 3 0 3 2 1 8 1 5 0
17 6 13 4 15 3 0 2 19 8 11 2
4 9 0 6 7 4 6 7 2 2 3 1
8 3 2 1 7 5 4 5 7 0 1 8
1 6 5 6 5 4 2 6 0 1 1 0
7 3 1 10 5 6 10 4 1 7 4 6
15 19 5 3 9 11 17 12 4 4 7 7
4 4 1 2 7 3 5 5 2 1 8 4
7 3 9 14 5 7 7 0 5 4 0 2
17 0 3 1 0 5 5 12 9 6 9 8
1 9 16 7 1 1 6 1 15 10 2 4
5 3 11 9 15 5 1 4 19 2 1 20
8 3 14 1 6 7 2 10 4 0 4 5
2 0 2 12 0 9 2 1 15 10 1 13
0 8 5 7 6 4 6 7 1 8 17 7
1 10 12 7 3 3 1 1 3 4 1 1
4 3 3 0 5 0 7 5 2 0 4 4
3 3 1 6 3 1 2 8 4 0 4 0
1 3 2 5 8 4 2 3 5 3 8 3
7 4 8 7 2 11 8 14 6 11 6 8
18 2 8 3 11 17 7 4 9 16 6 15
6 10 23 4 5 9 8 1 13 1 6 4
0 8 3 0 2 5 6 1 5 11 3 1
9 3 5 4 0 7 0 3 5 9 2 4
1 7 3 2 5 8 1 2 1 2 7 10
3 0 4 2 4 9 7 4 1 3 0 6
3 4 3 6 2 5 2 2 2 1 3 2
2 6 5 14 8 2 0 2 2 4 0 15
17 4 6 19 3 7 7 3 11 13 7 12
3 7 2 1 5 2 3 5 1 2 3 3
5 6 12 11 8 3 9 4 3 5 7 2
7 8 12 5 10 12 5 2 7 3 4 10
7 23 4 5 5 6 7 3 2 5 13 9
2 1 1 3 7 1 4 4 6 2 7 5
2 0 12 13 3 0 3 4 5 8 11 5
7 8 1 11 12 17 13 15 17 11 5 5
3 1 1 6 6 2 4 7 10 4 8 6
11 6 5 9 6 24 4 4 13 15 3 0
15 7 8 2 10 1 16 10 3 8 10 5
11 6 9 3 12 2 4 7 12 0 4 15
11 18 5 5 2 1 6 18 4 20 9 1
1 10 8 18 13 6 3 2 1 12 13 17
5 7 2 12 21 11 11 9 0 2 14 12
0 6 0 4 9 1 2 6 2 2 2 3
4 8 12 2 3 18 14 3 11 0 3 1
1 18 6 6 10 13 9 4 9 8 2 2
11 5 0 0 2 8 2 2 18 3 7 11
13 1 13 11 5 12 6 8 7 8 0 9
7 6 10 1 5 3 27 5 5 2 11 4
6 6 6 9 7 5 8 1 3 4 5 4
8 2 0 5 4 10 0 0 6 2 13 7
5 9 3 0 6 6 5 20 2 3 8 11
4 7 4 1 2 2 1 4 0 1 13 4
5 0 1 2 11 4 2 7 0 10 5 9
1 6 6 2 4 5 6 5 5 2 2 6
5 15 5 2 2 8 7 9 8 16 9 0
11 14 0 3 19 0 9 20 5 11 13 1
1 3 11 13 6 19 3 13 14 4 8 12
2 9 5 7 3 4 1 3 1 5 1 9
7 1 2 3 3 3 8 0 1 11 7 2
10 3 11 4 2 3 5 1 1 11 9 9
8 3 3 7 14 6 3 6 8 1 15 11
14 2 9 14 4 5 11 7 15 8 1 9
11 14 6 5 13 4 10 5 3 4 8 7
14 3 15 13 11 1 11 7 8 1 5 6
2 8 6 12 5 3 5 3 3 10 1 13
9 6 0 6 3 0 12 6 9 16 16 8
3 8 10 5 5 7 2 1 8 2 5 4
11 5 14 6 1 7 4 3 3 8 3 3
16 8 11 11 3 26 0 0 11 4 4 8
5 8 15 1 6 3 2 5 12 10 13 1
1 6 13 0 17 2 7 7 2 1 12 2
4 2 1 1 3 1 7 3 5 2 4 1
3 0 2 1 10 0 5 2 2 4 5 6
9 3 7 5 4 2 3 1 6 1 7 9
16 3 4 11 0 15 8 9 3 6 8 10
0 2 2 4 7 2 4 4 6 3 4 5
2 2 1 1 3 2 2 8 2 0 12 7
7 15 1 1 5 11 5 10 1 9 3 9
7 1 3 9 2 3 1 3 1 3 4 0
7 7 1 1 8 0 7 2 1 1 0 5
7 8 14 4 4 6 3 7 10 12 5 1
6 12 1 8 4 4 8 6 8 5 10 1
4 5 7 14 11 10 2 4 8 3 2 9
12 12 7 4 5 6 1 0 4 5 11 6
2 6 6 0 6 1 4 0 2 1 1 12
8 3 13 1 5 3 12 10 2 15 15 5
5 13 8 1 7 5 1 5 7 7 16 19
1 13 1 9 13 9 6 9 1 3 3 6
1 19 3 3 8 13 1 3 4 9 10 6
16 2 17 12 18 7 6 9 0 3 5 11
7 6 5 2 9 4 13 16 9 5 3 15
14 19 3 5 6 2 1 6 8 3 10 8
7 5 2 10 0 11 9 4 2 6 4 5
8 2 3 0 2 2 1 5 1 4 9 8
4 2 5 5 4 2 2 10 4 5 1 2
12 12 16 9 2 2 5 7 7 13 4 1
5 0 1 1 3 3 1 1 4 2 6 7
1 3 1 6 4 1 9 4 0 3 4 7
2 6 3 7 14 7 5 13 9 7 20 4
9 2 7 9 13 5 1 11 1 14 3 12
5 10 5 8 15 7 12 1 11 18 4 17
10 11 6 16 3 3 13 0 3 15 4 18
6 7 15 5 8 1 12 2 18 1 24 5
1 1 2 5 15 4 6 12 3 0 2 1
4 6 4 1 7 9 5 2 1 7 3 2
6 7 13 2 1 5 15 1 4 8 6 13
13 13 11 3 14 17 10 4 4 8 3 2
1 4 4 1 8 5 0 1 1 0 3 8
6 3 1 2 11 0 1 2 1 12 2 2
4 1 7 13 2 3 5 6 4 1 4 0
0 2 5 1 2 5 2 3 6 1 2 2
16 14 23 6 6 5 7 4 14 1 2 11
2 7 1 1 6 8 11 2 1 5 1 4
1 9 4 6 6 1 2 4 1 0 3 32
6 1 5 3 7 7 4 4 11 6 7 3
3 1 4 5 8 1 0 0 0 5 5 2
3 8 1 12 4 6 8 3 2 2 5 3
1 9 2 4 15 9 2 4 1 4 5 3
1 0 3 0 4 1 6 6 1 1 4 12
1 1 19 1 12 10 5 13 8 14 5 2
3 7 2 0 2 5 1 2 14 4 7 6
7 3 15 3 1 2 15 9 5 9 14 1
5 2 13 4 5 8 8 9 6 2 0 7
1 0 12 3 13 15 4 4 6 17 4 14
0 2 1 1 9 7 3 4 2 10 2 14
1 7 3 1 1 3 1 3 2 3 4 2
2 6 6 7 2 7 0 4 6 7 0 1
3 13 2 6 5 12 3 15 18 6 2 8
7 6 1 1 7 0 2 5 2 1 1 0
0 11 1 3 1 2 8 3 11 2 7 0
1 6 0 16 3 1 0 1 3 5 5 6
2 2 23 4 7 3 5 2 9 18 3 1
12 6 18 8 7 2 1 11 5 9 0 7
4 1 6 5 14 3 9 3 4 3 3 5
3 3 12 12 22 12 17 7 15 1 3 7
6 5 1 4 2 0 4 6 4 8 0 8
12 10 2 3 7 2 0 1 8 8 3 6
1 2 8 5 4 1 11 8 0 1 2 4
0 4 8 8 0 6 5 6 13 6 2 2
21 6 8 19 8 8 5 3 9 10 10 0
4 1 13 1 17 30 5 7 1 2 11 3
7 1 5 4 7 3 4 1 9 5 2 9
9 23 5 5 10 6 18 5 7 1 5 3
5 9 11 5 8 1 4 15 6 0 5 7
2 2 3 1 3 4 1 0 3 7 2 4
7 4 5 6 10 3 17 2 6 15 0 2
4 6 23 19 7 5 16 6 7 12 11 1
6 21 5 7 20 1 6 15 4 13 5 13
4 13 9 3 0 1 2 0 2 5 4 0
1 12 2 15 1 20 1 9 3 4 3 2
7 10 7 1 2 7 7 13 4 6 5 2
3 4 1 6 5 19 3 22 9 12 17 9
11 1 9 13 1 2 5 1 20 8 11 11
5 0 7 12 7 15 12 14 8 12 9 11
6 6 1 1 3 0 3 4 0 3 0 1
2 7 3 4 5 2 2 2 3 0 0 7
0 1 6 9 5 3 0 11 9 13 1 2
7 2 5 1 4 3 2 4 1 1 0 2
6 4 3 6 2 16 13 3 3 1 7 19
4 2 5 4 7 2 4 3 8 2 4 3
6 5 0 2 2 2 7 1 3 9 3 10
2 3 6 12 3 8 12 11 3 6 3 6
0 2 0 3 2 5 2 0 3 6 10 3
4 2 4 6 11 10 14 10 13 7 1 4
8 22 8 4 12 4 11 9 2 1 6 0
1 1 2 4 10 2 1 5 2 2 4 2
10 20 4 7 5 0 1 3 19 15 11 17
9 12 9 9 6 2 19 2 1 8 6 3
2 5 7 5 6 0 3 9 2 3 5 4
4 0 3 6 9 5 17 4 2 18 7 5
7 5 2 10 0 5 2 1 5 2 8 9
0 6 6 0 4 1 0 7 3 2 8 2
6 3 17 0 5 5 7 7 4 6 11 17
11 10 15 7 7 7 12 3 1 18 11 2
7 11 1 6 3 1 2 5 11 2 8 8
8 4 5 9 11 9 10 12 5 5 5 8
1 10 3 2 4 4 1 5 5 0 5 1
5 4 1 3 3 6 2 3 0 2 5 1
7 6 9 5 2 7 7 4 4 3 2 4
3 0 1 13 5 11 6 16 1 22 0 19
5 3 6 9 1 3 3 12 2 6 4 7
1 11 11 10 4 2 8 11 22 12 19 7
6 7 1 13 1 3 1 6 3 3 7 3
3 1 2 10 13 6 1 4 3 1 1 0
5 12 3 3 2 13 3 4 6 4 1 4
13 12 2 6 18 1 9 1 19 9 4 8
13 5 3 5 6 3 13 1 8 14 1 1
9 16 9 2 8 3 8 0 15 1 13 6
7 12 10 9 19 12 3 4 17 2 14 1
4 9 4 9 5 2 3 2 1 2 4 4
1 17 3 13 2 7 7 7 13 10 7 4
5 11 21 1 6 4 2 6 2 10 6 7
4 1 3 8 12 5 2 12 4 2 4 4
2 2 9 0 7 10 3 4 11 5 5 3
3 5 6 3 1 4 0 6 9 0 6 1
3 9 5 10 9 4 2 15 8 5 1 15
14 6 10 2 4 16 4 24 10 3 4 0
11 9 14 1 5 4 11 2 21 2 11 6
0 7 3 1 9 10 3 6 5 3 3 4
7 6 7 12 9 7 6 16 1 10 4 6
3 17 15 9 5 1 3 3 10 12 5 4
9 13 1 9 14 8 14 21 6 5 7 1
1 12 4 2 0 9 0 0 1 4 0 2
4 5 4 6 2 4 3 2 3 6 1 4
8 0 12 3 3 4 9 2 5 4 0 11
1 1 5 3 5 4 2 6 2 7 7 1
5 6 5 6 13 2 2 4 6 0 6 5
6 2 9 8 12 11 6 3 4 20 14 18
11 13 2 11 10 11 2 9 5 6 5 5
1 0 1 0 1 4 1 3 2 5 4 6
1 0 3 10 8 1 5 18 4 4 30 2
1 4 13 22 8 3 22 12 3 8 12 1
5 21 16 11 10 3 7 1 4 1 7 14
15 11 2 11 1 8 3 3 9 5 1 1
4 8 15 3 7 8 8 5 3 0 0 1
9 3 4 9 3 11 5 11 0 9 8 2
1 0 10 2 12 13 6 13 4 9 12 2
3 1 5 3 3 10 9 5 5 4 3 8
3 1 1 1 2 2 1 5 8 3 7 4
19 10 1 4 2 15 8 13 2 2 5 6
12 17 5 1 11 14 1 8 12 4 1 7
2 5 2 2 1 0 3 5 6 0 9 2
2 4 7 7 2 1 6 3 5 2 4 6
3 9 7 4 0 1 13 8 14 27 4 9
3 9 2 2 1 5 7 3 2 3 4 1
1 4 4 5 2 0 6 0 1 1 0 6
4 2 4 1 5 13 5 2 1 9 0 5
2 1 3 5 9 12 3 15 8 6 2 5
16 3 2 13 6 16 13 2 1 18 8 4
5 6 15 9 5 3 1 0 4 1 10 9
12 1 15 3 7 6 2 5 6 6 5 7
7 6 3 15 9 7 0 4 9 7 3 6
13 5 2 16 4 2 14 17 12 1 18 12
4 2 1 1 1 7 3 6 0 8 9 6
7 1 13 3 12 4 5 0 4 2 7 4
8 14 4 2 7 6 9 5 7 3 4 0
2 3 10 5 4 4 1 9 14 1 7 4
4 6 3 0 9 4 3 1 1 6 0 4
4 0 7 11 9 11 7 6 10 10 5 4
3 4 6 0 2 0 0 2 3 6 2 1
6 0 1 0 1 1 0 8 2 0 3 2
3 5 1 1 3 0 12 7 1 4 5 5
1 1 4 0 1 5 4 1 1 6 2 1
8 7 1 7 9 10 9 1 5 1 9 5
2 6 3 4 12 6 11 5 3 6 12 14
22 3 14 9 3 1 0 12 3 7 6 4
2 3 11 8 1 6 5 2 1 1 3 3
0 6 14 6 3 6 12 11 10 6 2 6
5 11 10 6 7 13 7 8 9 6 16 5
12 10 1 11 3 5 7 3 11 2 4 7
28 2 0 2 5 3 1 2 2 3 2 5
13 6 4 0 0 6 1 1 7 1 8 3
2 17 1 2 6 3 3 3 7 2 4 2
12 1 0 6 2 0 3 5 8 3 4 0
11 1 5 1 1 10 2 7 6 6 4 6
4 6 7 3 18 19 7 18 5 3 5 4
13 11 20 3 5 12 13 10 2 2 6 4
12 6 6 2 11 3 12 2 13 14 8 4
4 16 3 7 0 9 5 2 11 3 1 1
3 4 13 8 11 0 9 2 15 6 1 5
12 20 6 12 13 14 2 14 3 10 7 5
21 13 2 6 15 5 9 10 10 11 2 12
12 12 3 12 4 8 2 12 5 25 7 9
6 1 7 0 4 12 14 3 7 5 6 14
8 5 4 1 7 9 13 4 3 8 0 0
14 6 10 12 2 5 13 13 0 1 10 18
2 2 0 3 14 5 0 2 4 3 4 6
3 1 6 1 5 1 7 6 2 9 3 1
6 16 6 26 8 2 2 4 3 2 5 18
9 3 4 4 3 15 0 18 5 2 10 3
29 1 12 5 2 0 7 1 11 10 12 4
9 15 2 12 0 7 13 18 12 2 15 8
5 3 3 1 3 2 5 9 6 0 1 10
1 3 0 6 1 4 0 7 2 7 15 7
11 12 4 11 7 4 13 2 8 4 2 5
5 0 6 13 9 6 4 12 7 5 1 10
7 3 19 5 0 22 2 3 2 5 17 3
8 0 0 3 12 3 7 0 3 4 11 2
3 4 14 6 10 0 3 5 15 0 5 11
13 1 2 1 7 12 3 6 6 6 17 3
3 8 2 3 9 16 7 8 0 14 2 4
2 1 1 0 8 6 3 0 1 3 6 1
3 16 11 15 7 14 11 4 4 0 9 3
0 8 6 14 10 3 14 2 18 7 3 15
4 0 1 8 7 1 7 9 2 15 7 8
7 6 2 14 3 5 2 15 9 3 3 6
7 3 1 3 2 9 9 6 6 1 1 1
3 3 0 7 13 5 7 7 3 2 4 7
28 3 7 13 0 1 13 10 5 6 8 8
11 7 8 11 7 25 7 10 5 1 5 8
15 0 11 3 4 1 0 21 0 2 11 11
8 2 8 11 9 5 5 5 9 6 0 9
2 5 3 0 8 11 4 2 7 8 8 0
6 5 2 4 9 7 3 9 1 10 3 15
5 8 1 8 3 5 5 0 7 3 3 2
4 7 8 12 2 8 0 0 13 2 10 14
7 4 5 10 14 16 5 1 9 2 16 5
8 6 1 1 18 14 5 13 5 3 8 9
8 8 3 5 18 7 9 9 1 3 13 2
8 12 3 7 0 4 2 7 6 9 8 24
1 11 11 6 14 4 8 3 4 7 8 16
0 10 6 1 10 2 6 6 5 9 10 8
2 1 11 1 3 4 8 5 6 6 6 0
2 15 14 4 3 7 13 16 11 3 2 1
10 5 3 8 8 2 0 2 3 6 1 5
3 1 3 0 2 2 2 2 15 6 3 3
9 11 1 1 5 0 6 1 3 4 5 2
1 6 10 2 4 8 13 7 20 4 2 25
11 3 5 9 3 4 2 6 5 10 17 3
1 8 6 11 1 3 2 5 3 5 15 7
8 9 16 21 3 19 2 8 10 7 6 8
10 10 16 0 8 2 10 7 19 14 8 14
1 1 0 0 3 6 3 2 2 8 1 9
1 11 13 4 3 2 22 12 11 1 8 7
5 3 8 0 18 6 3 16 13 18 2 3
6 1 4 5 3 3 2 1 0 3 2 4
6 7 8 6 5 2 2 7 2 9 1 3
8 0 17 7 21 7 8 1 1 10 1 2
9 12 9 16 12 6 8 5 11 2 4 3
1 14 13 14 13 16 9 4 7 11 0 14
4 4 3 14 9 6 6 9 0 4 6 4
5 8 5 9 3 0 1 10 1 8 1 1
1 44
2 77
3 23
3 70
4 11
4 63
5 16
5 34
5 69
6 58
7 48
8 16
8 44
8 74
8 107
10 41
10 45
10 62
11 27
11 110
12 83
12 88
12 93
13 94
14 18
14 34
15 33
15 77
16 26
17 22
17 24
17 38
17 80
18 117
18 118
19 84
20 30
20 73
20 92
20 112
20 113
21 103
22 84
22 111
23 34
23 35
23 79
23 111
23 120
24 62
24 71
24 91
24 122
25 71
25 86
26 46
26 80
26 125
27 47
27 63
27 95
27 122
28 87
28 98
28 108
28 120
29 50
30 105
32 59
32 67
32 114
33 44
33 82
35 78
35 124
36 71
36 109
37 67
37 121
37 127
38 42
38 49
38 72
38 86
38 105
38 115
38 121
38 128
39 53
39 78
41 42
41 111
42 48
43 116
44 61
44 96
44 122
44 123
45 110
45 135
46 65
46 100
47 90
48 136
48 148
49 76
49 89
49 95
49 133
50 92
50 120
51 67
52 58
52 78
52 146
53 151
54 132
55 154
56 79
56 82
56 109
56 125
56 135
56 141
57 115
57 130
58 75
58 101
58 135
58 150
59 72
60 67
60 85
60 128
60 145
60 158
61 95
62 86
63 64
63 69
63 155
65 117
65 124
65 139
66 128
66 129
67 70
68 89
68 160
69 70
69 92
69 168
70 90
70 100
71 77
71 79
71 92
72 82
72 91
72 110
72 112
72 142
72 146
72 155
73 90
74 133
74 157
75 126
75 129
75 170
76 138
76 160
77 97
77 108
77 114
77 168
77 172
78 110
78 126
78 129
79 92
79 105
79 107
79 147
79 176
80 157
80 160
80 172
80 178
81 95
81 99
81 106
81 162
81 173
81 177
82 88
82 109
82 149
82 160
82 161
83 135
83 169
84 98
84 107
84 160
84 171
84 179
85 87
85 147
85 149
86 123
86 145
87 96
87 112
87 150
87 162
87 177
88 125
88 127
89 106
89 117
89 132
89 143
89 185
90 144
90 167
91 99
91 108
91 125
91 134
92 98
92 126
92 148
92 170
92 171
93 105
93 180
95 124
95 150
95 177
95 179
95 182
96 112
96 192
97 167
98 104
98 108
98 126
98 154
98 183
99 138
99 163
99 185
101 145
101 165
101 175
101 182
101 200
102 142
102 185
103 105
103 140
103 164
103 166
103 176
103 202
104 140
104 194
104 195
105 106
105 147
106 200
107 152
108 130
108 149
108 159
108 188
108 208
109 191
109 195
110 196
111 157
111 158
111 183
111 211
112 125
112 129
112 138
113 178
114 126
114 189
114 192
115 123
115 174
116 123
117 142
117 182
117 191
118 199
119 121
119 205
120 130
120 165
120 206
121 211
122 194
122 197
122 213
122 221
122 222
123 127
123 144
124 134
124 167
124 174
124 186
125 196
125 208
126 185
128 211
128 216
128 223
129 170
129 215
131 142
132 165
133 160
133 233
134 147
134 201
134 204
135 216
136 225
137 150
137 184
137 212
137 215
138 173
138 174
138 179
138 217
138 222
138 224
140 183
140 199
141 158
141 193
141 196
141 224
141 226
141 230
142 185
143 157
143 178
144 160
144 191
144 204
145 165
145 183
145 221
147 153
147 163
147 178
147 186
148 226
148 236
149 175
150 172
150 176
150 209
150 226
151 178
151 226
151 243
151 250
152 175
152 193
153 231
153 238
155 211
155 249
156 199
156 200
156 215
159 184
159 185
159 200
159 210
160 167
160 179
160 211
160 222
160 224
160 226
161 178
161 206
161 256
162 185
162 218
162 222
163 241
163 258
164 178
164 243
165 173
165 197
165 217
165 243
165 265
166 212
167 224
167 256
167 261
168 183
169 227
170 182
170 205
170 211
170 255
170 262
170 269
171 180
171 205
171 238
171 266
172 228
172 256
173 202
173 212
174 229
174 234
174 254
174 255
175 182
175 183
175 206
175 214
175 219
176 213
176 248
177 191
177 229
177 275
178 211
178 233
179 207
179 224
179 269
180 221
180 273
181 263
182 211
182 234
182 241
182 254
183 267
183 281
184 202
184 204
184 275
185 187
185 202
185 205
185 216
185 237
185 247
185 251
186 197
187 197
187 247
188 189
188 190
188 206
188 239
188 273
188 280
189 202
189 211
189 255
189 261
189 265
190 225
191 257
191 268
192 195
193 198
193 209
193 241
194 221
194 240
195 235
195 282
195 292
196 198
196 219
196 223
196 244
196 292
198 257
198 288
200 229
200 291
201 204
201 238
201 261
202 219
202 246
202 285
203 221
203 291
203 300
204 243
205 239
205 252
205 256
205 290
205 305
206 249
206 270
208 213
209 238
209 269
209 286
209 288
209 308
210 265
211 236
211 253
211 257
211 291
211 293
211 296
211 303
213 240
213 242
213 250
213 270
214 218
215 252
215 256
215 258
215 266
215 302
216 242
216 291
216 294
216 295
216 314
217 298
217 301
218 235
218 242
218 268
218 278
218 289
218 296
218 314
219 294
219 315
219 317
220 243
220 261
220 271
220 287
220 295
221 281
222 253
222 260
223 228
223 264
224 257
225 302
226 281
226 306
227 228
227 271
227 318
227 324
228 269
228 271
228 294
228 298
228 313
229 284
229 306
229 307
229 312
230 241
230 303
230 311
230 319
231 279
232 253
232 309
233 274
233 290
233 299
234 237
234 276
235 242
235 276
236 282
236 294
236 323
237 249
237 278
237 312
238 267
239 243
239 250
239 261
239 292
240 296
240 312
240 317
242 246
242 248
242 254
242 273
243 246
243 293
243 309
244 317
245 249
245 282
245 291
246 259
246 261
246 301
248 292
248 328
248 337
249 272
249 305
250 326
251 254
251 256
251 294
251 320
251 341
252 304
252 306
252 308
252 316
252 326
253 273
253 302
253 332
254 281
254 284
255 308
255 326
255 334
256 277
257 328
258 283
258 288
258 305
258 310
259 339
259 344
259 355
260 339
260 344
260 345
261 277
261 295
261 312
261 345
261 354
262 282
262 355
263 307
265 348
265 352
265 362
266 319
266 363
267 293
267 306
267 312
268 303
268 319
268 326
268 363
269 272
269 290
269 321
270 335
270 344
271 287
271 308
271 315
272 279
272 302
272 345
272 352
273 289
274 349
275 340
275 351
276 277
276 280
276 325
276 368
277 280
277 306
277 326
279 301
279 315
279 322
279 355
279 357
280 323
280 349
280 361
281 291
281 327
281 343
281 365
282 338
283 314
283 368
283 377
283 382
284 327
284 355
285 292
285 374
285 375
285 381
286 325
286 365
287 304
287 318
287 336
287 338
287 354
287 360
288 372
288 378
290 312
290 329
291 340
291 362
291 363
291 374
292 321
292 327
292 347
292 363
293 296
293 328
294 298
294 317
294 355
294 362
294 372
295 317
297 315
298 301
298 350
298 397
299 315
300 342
301 318
301 375
301 390
301 397
302 320
302 336
303 340
303 381
304 323
304 324
304 393
305 366
305 368
305 376
306 307
306 313
306 348
306 361
307 407
308 320
308 323
308 324
308 336
308 349
308 365
309 325
310 370
310 375
310 397
311 330
311 362
311 388
311 407
312 340
312 376
312 391
312 394
313 320
313 357
313 388
314 362
314 378
314 404
314 405
315 321
315 326
316 332
316 383
317 384
317 395
318 325
318 367
318 407
320 414
321 385
321 413
322 381
322 412
323 345
325 403
325 417
326 331
326 358
326 360
327 344
328 329
328 340
328 345
328 389
328 410
328 426
329 334
329 339
329 397
331 336
331 399
332 382
332 389
332 421
333 335
334 384
334 417
334 425
334 428
335 343
335 354
335 358
335 369
335 430
336 348
336 353
337 429
337 431
338 348
338 353
338 423
339 349
339 415
339 438
340 361
341 344
341 369
341 388
341 391
341 397
342 351
342 353
342 371
343 345
343 354
343 387
343 391
343 398
343 407
343 414
344 389
344 390
344 391
345 423
346 401
346 427
346 437
347 436
347 438
348 353
348 435
349 388
349 410
350 405
350 429
350 443
351 364
351 388
352 411
352 451
353 368
353 438
353 442
354 451
355 361
355 401
355 416
355 423
355 445
355 446
356 381
356 388
357 410
357 432
357 433
358 381
358 407
358 416
358 444
359 412
359 438
361 412
362 401
363 373
363 376
363 411
363 416
363 439
363 450
364 375
364 437
365 393
365 407
366 396
366 406
366 414
366 426
366 437
367 416
367 446
367 465
367 467
368 381
368 403
369 405
369 441
370 386
370 440
371 378
371 382
371 432
371 457
372 390
372 462
373 418
374 387
374 411
374 442
375 423
375 439
376 411
377 389
377 401
377 412
378 419
379 410
379 417
379 431
379 434
380 439
380 461
381 410
381 443
382 405
382 441
382 445
383 396
384 421
384 483
385 397
385 421
385 430
385 475
386 418
387 428
387 438
387 466
388 430
388 434
388 439
389 430
389 476
390 415
391 404
391 434
391 468
392 406
392 489
393 398
393 408
393 482
394 401
395 450
395 494
396 473
397 434
397 497
398 456
399 441
399 454
399 483
400 409
400 481
401 434
401 483
402 452
402 475
403 422
404 406
404 462
404 478
406 422
406 485
406 505
407 444
407 459
407 483
407 484
407 506
408 437
408 463
408 475
410 454
410 492
410 509
411 421
412 436
412 489
412 492
413 512
414 480
414 499
415 457
416 494
417 446
417 503
418 489
419 430
419 442
419 485
419 496
419 503
420 434
421 494
421 514
422 424
422 434
422 462
423 461
423 476
423 499
424 515
425 437
425 450
426 432
427 515
428 445
428 479
428 514
429 479
429 484
429 491
430 448
430 473
431 494
432 525
433 454
433 456
434 445
434 450
434 509
435 443
435 471
435 475
435 515
436 501
437 519
438 500
438 536
439 480
439 504
439 522
439 530
440 455
442 490
444 485
444 496
444 501
444 508
444 522
445 456
445 481
445 523
446 455
446 513
447 505
448 487
448 500
448 536
448 538
449 508
451 478
452 478
452 527
453 497
453 510
454 473
454 505
455 508
455 544
456 474
456 547
457 472
458 490
458 548
459 460
459 512
459 531
459 544
460 480
460 511
460 531
460 543
461 470
461 503
462 490
462 491
462 511
463 534
464 480
464 518
464 535
464 541
465 479
465 485
466 507
466 518
467 479
467 494
467 527
467 532
467 545
468 508
468 554
468 562
468 564
469 537
469 538
471 490
471 496
471 510
471 527
471 546
473 493
473 564
474 549
474 553
474 556
476 494
476 508
476 530
477 563
478 506
479 508
479 535
479 537
479 579
480 484
480 508
480 525
480 556
481 485
481 509
483 496
483 524
484 533
484 554
485 503
485 532
485 561
485 568
486 489
487 535
487 557
487 565
488 507
488 531
490 523
490 530
491 506
492 496
492 513
492 538
492 556
493 501
493 559
494 515
494 559
497 540
498 524
498 547
499 510
499 523
499 598
500 599
501 512
501 528
501 530
501 537
501 554
502 526
502 535
502 573
502 576
502 579
503 505
503 545
503 583
503 584
504 519
504 525
504 559
504 572
505 531
505 543
505 549
505 590
506 514
506 543
507 550
507 551
507 569
508 554
509 524
509 541
510 565
510 581
511 518
511 576
511 600
512 551
512 563
512 585
513 529
513 538
513 585
513 593
513 606
514 596
514 597
517 529
517 553
518 596
520 564
520 600
522 615
522 618
523 532
523 538
523 550
523 569
523 614
524 544
524 550
524 580
524 622
525 587
526 539
526 571
527 557
527 620
528 614
528 620
528 624
529 532
529 545
529 570
529 581
530 567
530 569
531 554
531 574
532 533
532 596
533 586
533 607
533 621
534 569
534 599
535 620
536 621
536 626
536 627
536 628
537 636
538 579
538 620
539 564
539 624
539 633
539 636
540 548
540 555
540 572
540 636
541 629
542 557
542 597
542 622
542 636
543 561
543 594
543 620
543 637
544 602
544 604
544 618
544 628
545 551
545 622
546 593
546 610
547 568
547 594
547 615
547 645
548 578
548 591
548 620
548 627
548 641
549 556
549 559
549 562
549 599
550 555
550 560
550 598
550 599
550 635
550 638
552 574
552 577
552 598
552 649
553 602
553 615
553 617
555 603
555 604
555 606
555 636
556 605
556 616
556 631
557 558
557 656
558 568
558 638
559 616
559 635
560 579
560 613
560 621
560 654
561 611
561 633
561 636
562 570
562 571
562 575
562 593
562 600
562 614
562 632
562 646
563 577
563 625
563 637
563 648
563 650
563 655
564 592
564 641
566 567
566 601
567 589
567 646
567 665
568 572
568 631
568 655
568 663
569 658
570 616
570 631
570 653
570 662
571 643
572 582
572 592
572 625
572 634
573 624
573 646
573 669
574 663
575 598
575 655
575 664
576 614
576 625
576 647
576 651
577 598
577 651
578 618
578 661
579 588
581 587
581 593
581 602
581 612
581 637
581 647
581 649
581 651
581 658
581 677
582 616
582 625
582 664
582 679
583 596
583 600
583 622
583 631
583 632
583 639
583 660
584 599
584 650
585 604
585 610
585 678
586 596
586 627
587 591
587 616
587 632
587 669
588 597
588 623
588 661
588 683
588 687
589 613
589 659
589 676
590 610
590 644
590 664
591 678
591 686
592 635
593 642
594 643
594 658
595 602
595 623
595 670
595 676
597 625
597 638
597 656
599 622
599 623
599 639
600 613
600 674
601 658
601 659
601 673
601 685
602 698
603 643
603 647
603 671
603 677
603 686
603 688
604 629
604 632
604 678
605 624
605 666
605 703
607 636
607 685
608 644
608 655
608 683
609 628
610 671
610 690
610 700
611 709
612 638
612 709
613 615
613 650
614 674
615 657
615 675
615 702
615 714
616 617
616 655
616 656
616 663
618 619
618 707
619 660
620 629
620 640
620 642
620 656
621 717
622 629
622 653
622 691
623 631
623 662
623 681
623 689
624 682
624 687
625 664
625 669
625 672
625 678
626 659
627 638
628 654
628 682
628 722
628 723
629 631
629 680
629 683
629 696
629 712
630 679
631 694
632 650
633 647
633 670
634 729
635 697
635 707
635 722
635 732
636 646
636 656
636 664
637 638
638 676
639 645
639 648
639 658
640 713
641 650
641 653
641 723
642 662
642 727
643 703
643 708
643 715
644 646
644 657
644 682
644 702
644 707
644 727
644 728
645 659
645 668
645 708
645 714
645 722
646 650
646 697
647 745
648 684
649 665
649 721
649 745
649 746
650 664
650 671
651 653
651 662
651 669
651 680
651 715
651 740
652 697
653 661
653 662
653 716
654 688
654 749
655 674
655 704
655 731
656 687
656 748
657 703
657 729
658 661
658 672
658 683
658 684
658 705
658 721
659 687
659 688
659 693
659 737
659 757
660 685
661 693
661 703
662 753
663 698
663 702
663 751
664 693
664 703
664 709
664 738
664 756
665 674
665 698
665 701
665 731
666 755
666 764
667 671
667 714
668 762
668 764
669 674
669 681
669 713
670 672
670 712
670 740
671 677
671 718
671 746
671 769
672 729
673 712
673 753
674 732
674 758
674 766
675 713
676 745
677 691
677 696
679 750
680 717
681 749
682 728
682 747
683 689
683 715
683 750
683 751
684 727
684 754
684 776
686 713
686 715
686 780
686 785
687 725
687 745
687 748
687 761
688 698
688 699
688 700
688 777
689 723
689 744
690 730
691 696
691 714
691 729
691 740
691 760
691 775
692 731
692 762
692 791
694 762
695 723
696 706
696 777
696 779
697 787
697 788
698 764
698 771
699 708
699 714
699 761
700 717
700 718
700 729
700 787
700 790
700 795
701 713
701 739
703 750
703 778
703 800
703 803
705 732
705 738
705 747
705 759
706 769
707 714
707 750
707 785
708 774
709 712
709 724
710 792
710 810
711 739
711 742
711 752
711 753
712 764
712 788
713 754
714 723
714 778
714 793
714 810
716 804
717 719
717 727
717 739
717 796
717 803
717 805
718 729
718 736
718 787
719 750
721 756
721 801
721 807
721 820
723 744
723 775
723 782
723 792
725 726
725 734
725 745
725 799
726 757
726 812
727 741
727 810
729 756
729 795
729 810
730 773
730 788
731 749
731 779
732 775
733 830
734 738
734 747
734 780
735 786
735 819
735 824
736 828
737 766
737 784
737 837
738 762
738 791
739 803
740 770
740 778
740 823
740 838
741 781
741 821
742 796
742 825
743 826
744 803
745 754
745 817
745 835
746 763
746 805
748 785
748 827
749 764
749 801
750 764
750 765
750 774
750 796
750 828
751 851
752 755
752 832
752 849
753 812
753 814
753 821
754 835
754 844
755 760
755 805
756 758
756 770
757 767
757 778
758 783
758 791
758 806
758 843
759 778
759 808
760 795
760 818
760 827
761 793
761 821
761 859
762 806
763 773
763 820
763 831
764 775
764 784
764 824
765 792
766 813
766 821
766 838
766 850
767 794
767 795
767 828
767 867
769 801
769 846
771 807
771 856
772 787
772 797
772 837
772 852
773 782
773 784
773 802
773 819
773 822
773 871
773 873
774 787
774 799
774 811
775 805
775 848
776 859
777 782
777 844
778 784
778 803
778 816
778 863
778 865
779 844
779 860
779 876
780 863
781 879
782 833
782 861
783 819
783 826
783 830
784 871
785 836
785 837
785 839
786 823
786 848
786 877
787 829
787 852
788 805
788 810
788 834
788 841
788 866
788 876
789 806
789 813
790 840
791 884
791 891
792 795
792 834
792 840
792 853
792 874
793 815
793 836
794 802
794 858
794 867
795 800
795 809
795 813
796 864
796 877
797 812
797 820
797 833
797 839
797 891
798 855
798 868
799 890
800 865
800 871
800 886
803 833
804 846
804 849
804 869
805 858
805 882
805 884
805 899
806 818
806 828
806 839
807 823
807 854
807 859
807 889
807 896
808 823
808 862
808 870
808 871
809 829
809 851
809 877
809 883
810 813
810 841
810 870
810 880
810 905
811 829
811 833
811 904
812 841
812 882
812 900
813 874
814 907
815 828
816 827
816 914
817 837
817 844
817 848
817 862
817 886
817 910
818 883
819 848
819 864
819 868
819 911
820 835
820 902
823 829
823 877
823 893
823 907
824 889
825 904
825 916
826 828
826 915
827 854
827 861
827 896
828 896
828 915
829 909
830 908
831 897
831 919
832 900
832 931
833 840
833 876
833 913
834 864
834 888
834 901
835 856
835 908
836 853
836 887
836 890
838 861
838 863
838 864
838 887
838 936
839 923
840 841
840 861
840 891
841 870
841 915
842 861
842 868
842 900
842 922
843 897
843 914
843 930
844 859
844 944
845 879
845 905
847 869
847 886
848 907
848 934
848 940
849 895
849 911
850 898
850 934
851 903
851 950
852 910
853 904
853 909
854 886
854 934
855 866
855 879
855 883
855 884
855 897
855 905
856 868
857 917
857 923
858 875
858 890
858 891
858 951
859 913
860 899
860 931
860 952
861 876
861 890
861 893
862 888
862 894
863 913
863 933
864 886
865 873
865 965
866 875
866 881
866 935
867 899
867 944
867 955
868 885
868 887
868 919
869 928
869 940
869 962
870 945
871 898
871 948
872 899
872 932
873 902
873 921
873 950
873 960
874 890
874 950
874 954
874 960
875 919
875 941
875 945
875 965
876 975
877 936
877 966
878 924
878 942
878 971
879 916
879 922
879 924
879 954
880 949
880 973
881 883
881 895
881 915
881 918
881 925
881 931
881 959
881 960
882 951
882 953
882 962
882 963
882 973
883 912
883 966
884 906
884 914
884 940
884 941
884 956
884 962
885 890
885 898
885 950
885 967
887 934
887 972
888 891
888 901
889 908
890 896
891 939
892 895
892 922
892 939
893 939
893 944
893 952
893 971
893 973
894 898
894 906
894 917
895 927
895 939
895 947
896 899
896 951
896 963
897 955
897 966
898 910
899 900
899 910
899 959
899 973
899 994
900 911
900 941
900 995
901 984
902 909
902 918
902 926
902 932
902 943
902 995
904 958
904 997
907 919
907 959
907 962
909 911
909 982
910 973
910 985
911 925
911 959
911 964
911 973
912 952
912 955
912 975
912 977
913 958
914 924
914 949
914 989
915 922
915 972
916 964
917 936
917 992
918 920
918 934
918 975
919 954
920 945
920 994
921 935
921 960
922 932
922 970
923 990
924 946
924 949
924 975
924 983
926 976
927 935
927 940
927 946
928 982
928 991
929 998
930 959
930 975
930 978
930 996
931 959
931 964
932 999
933 981
934 944
934 962
934 989
935 947
935 950
935 967
935 974
935 981
935 983
937 952
937 955
937 976
938 948
938 975
938 999
939 952
939 995
940 957
941 960
941 969
941 983
941 989
942 947
942 948
943 995
943 997
945 947
945 1000
946 969
947 959
947 980
948 950
950 962
951 993
952 954
952 956
952 993
953 960
954 986
957 986
958 959
959 974
959 986
960 972
960 978
960 994
962 999
964 977
965 987
965 999
968 978
968 988
969 998
970 991
970 997
971 996
972 976
974 981
976 977
982 997
984 989
989 993
991 996
994 995
8 9 28 2 10 1 9 7 16 14 7 22
4 6 7 24 15 4 12 12 8 19 3 18
8 16 5 26 8 4 11 3 12 2 15 10
0 11 12 7 4 2 15 5 19 16 2 5
5 6 7 10 3 1 10 0 26 6 5 1
14 6 1 9 14 14 14 5 6 19 26 12
7 4 10 6 10 21 7 4 9 15 1 8
11 8 22 17 15 3 30 13 2 12 8 15
22 4 21 1 9 16 4 1 46 2 4 11
6 8 27 11 2 16 8 12 7 9 8 2
4 5 4 3 8 13 10 6 18 5 5 9
9 28 10 2 4 7 11 2 10 1 4 3
13 11 11 2 5 4 15 6 3 6 0 17
11 0 4 39 6 0 8 10 18 25 17 7
5 7 4 30 24 14 11 7 2 8 10 30
10 14 4 12 7 21 0 7 37 2 17 4
4 2 9 7 11 15 10 0 10 11 1 9
4 18 9 17 13 2 2 6 16 4 0 7
15 29 18 4 28 15 9 3 11 13 8 21
6 6 14 4 10 19 8 5 14 4 1 8
19 28 31 37 43 24 29 12 32 12 39 45 43 31 26 40 29 45 15 33
1 1 5 2 3 4 4 5 11 1 2 7 11 2 5 13 4 14 1 7
25 19 34 24 39 18 22 9 36 11 29 34 29 30 22 35 26 43 17 26
19 21 19 35 36 25 30 12 19 27 35 33 27 24 27 25 33 28 10 28
15 1 8 12 14 4 10 6 21 1 11 19 22 9 2 6 15 10 9 14
23 18 23 32 39 17 19 11 21 23 31 34 23 26 22 21 28 19 13 20
6 5 10 18 22 5 12 1 11 8 12 14 5 7 9 10 21 13 7 10
42 49 34 48 62 35 43 44 46 32 44 39 53 48 43 26 50 50 22 36
7 4 6 7 12 4 6 7 8 4 1 7 8 9 5 8 10 12 5 5
6 4 12 17 26 4 9 1 19 13 15 25 8 9 6 14 17 15 5 14
25 32 21 37 47 20 29 30 27 39 25 35 33 37 28 27 32 34 4 26
6 5 9 11 13 4 1 7 13 5 9 11 10 10 9 14 9 16 1 8
41 37 40 50 66 35 36 33 42 43 46 43 46 66 30 45 40 43 7 33
10 16 9 21 30 12 26 10 32 18 17 23 17 16 10 16 30 22 10 22
8 12 19 12 25 16 9 3 14 6 17 20 12 25 13 22 16 17 2 6
1 1 1 6 6 1 1 1 5 4 1 6 2 1 1 7 1 5 1 1
24 21 27 31 41 27 27 22 32 18 23 29 31 35 25 24 33 31 16 25
1 3 8 4 7 2 5 1 14 1 8 14 13 1 3 10 5 13 1 12
39 40 32 38 55 25 48 36 64 46 56 41 49 37 48 44 55 54 25 57
13 20 11 28 35 12 22 12 23 19 17 18 13 24 14 15 30 25 3 21
38 39 32 60 61 25 44 35 37 39 39 62 60 34 31 18 51 47 29 39
27 51 33 54 67 41 52 32 41 37 51 41 46 49 48 42 59 52 16 45
13 24 13 25 36 17 29 15 25 24 31 34 32 23 25 23 31 29 10 24
32 38 20 43 46 31 48 36 49 44 46 47 53 29 38 29 49 34 22 48
6 12 19 19 35 18 20 6 23 16 21 26 21 27 16 20 26 13 4 16
11 7 16 13 20 18 16 1 17 1 19 18 17 18 13 13 22 14 11 12
9 5 9 25 27 1 14 1 19 21 10 22 17 21 1 22 18 18 3 11
14 11 9 25 23 1 10 5 13 8 10 18 19 14 3 1 18 17 7 12
29 29 36 44 61 28 38 23 36 44 51 48 32 45 36 42 46 41 12 46
4 1 5 1 3 4 1 3 11 1 8 11 12 3 6 7 1 3 1 6
22 18 31 30 47 27 31 28 45 39 42 35 32 31 35 41 38 29 9 40
1 1 2 6 5 1 4 1 8 1 1 7 5 1 1 2 8 4 1 3
12 1 15 20 27 8 16 2 28 22 20 33 20 24 5 30 17 14 6 15
24 14 17 24 33 13 18 13 27 8 17 29 26 24 6 14 23 24 13 17
2 6 11 12 23 15 10 7 12 16 14 17 11 21 15 23 16 15 1 6
10 4 2 19 18 1 8 1 10 9 11 14 14 6 4 1 14 9 5 10
39 33 26 48 58 23 41 27 47 31 37 49 44 35 25 27 45 48 29 40
32 27 37 58 65 41 56 25 65 44 57 65 51 42 25 42 62 44 30 60
18 26 22 31 45 17 35 14 41 31 29 36 28 30 25 34 39 44 17 35
20 16 30 25 32 11 18 15 25 22 33 29 24 13 28 29 27 35 10 30
10 7 20 22 36 6 8 9 17 16 10 30 18 23 5 19 13 22 4 12
1 1 1 6 5 1 2 1 1 2 1 1 2 7 1 3 5 5 1 1
15 8 12 19 30 5 13 7 23 18 19 27 17 23 6 16 14 16 5 19
5 1 6 4 10 7 3 4 8 1 4 7 3 8 5 10 7 8 4 1
12 16 14 28 30 21 23 13 19 19 17 25 26 13 24 16 28 23 14 20
3 1 10 8 12 1 4 2 13 1 4 12 6 8 2 12 10 13 3 8
19 8 19 25 30 6 13 13 24 14 14 31 28 23 6 12 17 16 11 14
7 5 6 12 17 8 8 11 9 9 1 8 13 13 9 5 14 10 5 6
45 31 32 54 70 23 54 29 75 51 62 62 61 35 34 42 62 52 31 64
1 2 1 7 2 1 3 1 7 1 4 3 6 3 1 1 11 5 1 4
22 20 29 27 41 17 30 24 46 34 30 48 48 17 27 33 33 41 23 36
26 20 16 34 36 27 29 16 31 20 33 34 34 31 19 25 31 23 16 29
14 11 4 24 22 4 15 3 17 11 17 16 19 17 5 4 21 13 6 16
4 1 13 10 15 8 9 2 17 4 8 16 6 8 5 11 15 8 8 9
15 16 5 21 22 8 17 15 21 14 16 20 27 8 14 6 21 19 12 17
2 1 2 6 9 1 5 1 8 1 1 5 5 6 1 4 11 8 2 4
13 9 14 17 20 3 5 9 11 9 6 19 16 13 1 14 5 19 1 9
16 2 7 20 21 1 12 3 18 16 12 21 22 16 1 17 9 15 5 13
5 23 23 24 37 32 28 13 17 19 26 29 25 37 31 36 32 30 8 17
1 1 1 1 1 1 1 1 2 1 1 1 1 4 1 4 3 2 1 1
3 6 8 13 19 5 12 6 15 8 6 19 15 1 6 9 16 13 6 12
1 1 9 4 9 3 1 1 12 6 7 12 7 10 3 19 1 11 1 4
36 23 37 43 61 17 39 27 55 45 45 56 52 47 21 48 40 51 13 49
6 4 6 13 18 6 6 9 5 11 3 12 11 11 7 15 7 15 1 7
9 6 23 19 31 10 19 4 34 12 22 33 27 10 13 19 29 26 12 27
40 30 33 51 63 29 48 27 61 46 57 55 61 34 35 36 58 37 21 57
16 13 16 23 26 12 14 2 28 6 27 24 23 11 11 21 21 27 9 23
19 23 25 35 36 10 16 19 17 17 16 27 26 26 19 22 21 35 3 16
4 4 15 13 24 6 6 6 22 12 11 22 12 8 11 25 11 22 5 12
13 6 7 12 24 11 16 6 31 14 18 25 15 16 7 19 19 14 8 19
42 30 47 57 71 11 40 25 52 40 50 64 55 31 29 36 52 57 23 50
28 21 36 34 44 29 30 26 36 28 31 54 55 26 29 22 38 32 25 34
45 45 44 55 67 24 44 33 51 39 44 58 54 39 41 38 51 69 32 46
21 18 10 33 34 17 32 11 34 24 30 32 23 28 9 17 35 24 11 32
15 30 36 31 53 25 29 21 31 20 37 40 39 43 33 44 35 50 3 33
9 9 8 22 36 16 18 14 18 29 17 21 17 30 15 17 21 9 1 14
22 28 38 30 38 31 35 27 41 33 44 53 57 21 42 40 44 41 24 37
1 1 1 1 8 1 1 1 4 1 1 4 1 1 1 3 4 2 1 1
11 12 8 14 26 21 23 14 21 12 14 14 21 18 19 8 28 15 8 18
24 26 27 41 52 20 27 17 22 37 35 30 22 45 21 31 33 27 1 26
9 17 14 30 40 14 21 5 19 19 24 35 26 22 15 23 26 26 8 17
3 4 3 13 13 1 4 1 5 8 4 9 8 8 3 4 10 7 3 4
9 7 11 8 15 11 8 6 16 1 11 13 14 15 11 15 13 15 6 8
4 1 1 9 7 4 2 2 7 1 4 5 8 8 4 6 8 9 1 3
37 9 31 48 54 36 49 20 59 39 45 59 41 32 17 53 48 47 36 51
24 19 32 33 53 17 39 13 53 37 38 53 37 25 28 44 44 55 25 47
16 10 20 19 30 10 15 1 28 13 26 27 21 29 11 30 19 28 8 16
5 8 4 13 11 1 8 4 4 8 8 4 6 9 9 1 15 11 1 8
10 10 15 16 21 7 12 9 22 9 15 17 13 13 15 19 20 25 5 14
36 25 41 46 60 26 27 25 37 35 30 51 35 50 23 39 35 50 26 26
7 10 11 11 14 10 10 7 15 3 13 14 16 13 11 14 13 15 3 13
16 18 22 33 42 15 21 19 23 26 23 30 18 32 14 22 29 32 1 22
41 38 44 49 51 34 30 41 37 26 31 45 52 42 36 28 40 50 31 30
1 1 4 3 4 3 1 1 6 1 1 6 1 1 1 1 4 1 1 1
2 1 1 7 9 2 1 5 1 2 1 4 6 4 3 8 1 7 1 1
33 38 31 49 59 29 41 31 45 47 46 48 48 42 33 38 48 41 8 42
31 18 24 20 30 13 16 20 31 12 21 32 34 27 16 23 16 35 15 21
4 8 10 16 20 4 5 6 8 15 11 16 7 2 12 14 10 13 1 10
11 4 19 18 26 16 11 2 19 6 14 22 12 19 11 20 18 16 9 11
6 3 9 14 20 7 4 9 11 14 6 17 19 11 8 13 6 10 1 7
22 11 23 23 37 23 27 1 40 19 38 37 21 18 17 36 33 28 23 30
20 13 6 30 29 6 26 6 34 22 26 34 25 11 6 24 26 32 16 31
5 5 5 6 10 1 7 6 11 6 4 11 13 8 6 8 11 10 1 8
7 9 24 30 38 11 14 1 16 24 25 31 19 28 9 31 17 26 1 19
3 4 22 17 28 21 14 8 20 17 19 28 10 18 15 29 18 18 5 14
8 1 2 9 11 1 1 2 3 3 1 7 7 8 1 2 1 6 1 1
41 41 35 61 67 25 47 32 37 41 43 50 46 43 38 39 52 61 27 44
29 13 25 32 41 20 26 17 39 16 23 41 36 28 15 27 28 34 20 27
15 12 14 28 32 3 14 6 19 17 11 27 17 26 2 24 15 33 1 14
28 25 44 42 58 31 26 24 43 25 43 52 34 49 18 32 37 42 14 33
28 34 28 33 45 29 35 27 38 34 35 37 42 44 34 31 39 34 16 29
21 8 13 24 26 14 25 4 30 8 21 29 27 14 10 12 30 18 21 25
43 43 52 61 70 34 49 32 49 43 56 56 52 53 32 47 57 57 11 54
20 32 20 28 28 34 38 24 32 32 35 33 42 30 35 24 40 28 20 32
9 12 17 22 32 17 19 5 22 14 25 23 10 20 22 26 27 22 7 17
30 20 19 43 35 13 27 9 27 23 32 32 36 28 9 20 31 30 9 29
28 40 38 37 44 24 22 30 27 20 33 42 42 32 34 26 33 48 11 21
27 20 30 49 58 27 49 21 58 39 43 56 43 43 16 42 49 45 21 48
2 4 2 9 8 7 5 8 9 8 2 7 12 2 8 12 7 12 1 4
1 2 4 5 6 5 4 1 5 4 2 6 5 8 2 6 7 6 1 5
21 14 32 43 51 16 30 9 40 34 40 54 44 20 25 37 36 38 14 41
1 1 7 1 6 1 1 1 17 1 8 13 9 4 1 12 6 10 1 8
17 21 27 18 44 27 24 21 38 27 33 27 31 38 34 37 31 34 7 27
22 13 26 35 40 17 20 14 30 31 29 37 26 39 10 38 23 26 5 22
11 11 11 20 30 11 25 4 32 16 15 23 16 20 7 19 28 25 11 22
1 2 1 7 6 3 1 1 2 3 3 2 1 1 3 1 5 3 1 1
14 21 11 26 37 19 32 21 29 24 20 28 28 22 20 19 35 31 13 24
12 10 12 24 37 13 22 14 23 28 16 21 14 34 10 27 23 28 5 19
14 17 7 29 33 5 29 5 31 28 26 28 16 22 9 23 30 33 8 29
12 23 17 31 39 21 24 14 22 17 25 29 30 16 27 20 31 32 11 18
8 11 8 13 18 11 10 5 12 10 14 16 15 11 10 12 12 12 4 11
27 19 44 34 51 24 25 17 39 21 39 49 41 24 30 40 34 44 22 33
31 32 15 38 43 6 26 25 35 18 28 34 36 26 17 8 34 39 13 25
14 16 16 23 30 20 22 3 25 10 27 20 18 21 18 14 31 20 13 22
35 21 30 44 58 30 46 18 55 44 44 48 37 49 29 47 47 37 25 44
21 8 13 24 29 7 10 13 22 15 13 31 23 17 6 18 12 20 11 14
27 15 17 25 37 25 32 17 48 26 38 31 38 20 21 26 39 17 15 40
14 24 23 23 39 27 29 20 30 20 27 33 32 23 27 19 35 27 15 25
8 5 4 11 12 6 11 7 16 10 7 8 10 14 9 15 15 18 6 9
23 26 20 44 50 12 34 24 36 31 28 42 34 29 18 20 40 38 17 31
42 34 56 59 73 39 46 27 45 50 61 70 58 48 47 58 51 53 25 51
28 25 28 23 39 19 19 21 28 21 24 29 21 43 20 30 22 38 12 19
4 7 4 6 11 12 8 12 9 10 5 8 10 14 12 7 9 5 1 5
21 23 23 33 44 25 32 7 33 22 33 25 22 34 25 29 39 36 14 28
5 3 22 18 27 7 9 3 27 17 17 28 19 11 7 27 14 20 6 16
4 1 7 8 12 1 1 2 4 2 1 9 3 10 1 7 1 7 1 1
8 11 11 18 29 14 12 7 16 15 20 23 14 22 17 19 19 14 4 10
21 7 33 42 50 20 33 7 48 31 44 58 46 27 16 39 40 32 15 42
10 7 10 14 20 6 5 11 11 7 1 12 11 14 5 10 8 15 5 3
5 3 13 14 18 8 9 1 14 13 13 17 14 19 4 18 11 10 1 11
28 15 32 49 56 31 46 7 54 34 50 57 36 28 18 43 53 44 25 53
4 5 1 10 8 1 3 6 1 4 5 1 7 7 8 4 7 8 1 4
2 5 7 12 12 1 6 1 7 3 7 8 2 2 7 2 14 8 3 6
2 1 1 4 11 1 1 1 2 5 1 5 2 6 1 1 2 1 1 1
2 1 3 4 8 1 1 1 4 1 1 4 3 7 1 2 5 7 1 2
24 16 22 36 42 12 26 18 39 25 29 46 45 13 19 21 27 29 20 32
37 52 41 51 64 29 41 38 44 25 51 42 50 48 41 26 52 50 15 41
6 3 1 9 10 4 3 7 7 2 2 7 14 7 5 3 7 10 1 4
9 7 2 14 12 1 9 3 13 3 6 8 13 12 1 6 13 16 1 8
19 8 9 21 17 10 10 8 15 8 14 19 19 17 5 14 12 16 10 12
13 10 3 22 25 4 17 5 22 8 14 22 18 10 2 2 23 17 10 16
28 33 46 42 55 32 43 10 48 42 50 53 43 50 25 61 44 53 13 43
19 16 36 41 55 13 33 16 38 42 38 49 26 33 20 46 42 53 11 42
40 25 32 47 59 30 40 20 50 38 46 41 40 48 28 39 44 37 21 39
14 18 23 32 39 21 24 5 22 19 30 37 25 28 23 28 32 26 12 21
21 24 25 30 39 23 24 28 24 30 21 30 39 37 20 21 26 22 2 21
14 9 13 17 16 6 2 10 11 5 4 14 12 20 3 13 5 17 1 2
28 36 35 39 54 42 43 25 38 31 45 42 51 53 32 35 47 28 7 36
7 7 5 7 14 6 9 6 11 7 7 6 5 17 5 5 13 7 1 7
20 11 18 28 28 7 12 9 21 10 13 30 28 22 2 13 15 19 9 14
1 2 1 7 4 4 1 5 1 4 1 1 7 1 7 1 5 4 1 1
4 2 12 10 20 6 1 8 8 6 4 13 10 13 7 10 5 9 1 2
36 23 44 45 58 37 33 27 51 36 46 59 56 33 40 46 41 43 34 45
9 11 12 13 15 18 17 5 19 5 22 21 22 21 16 15 19 11 6 15
16 24 31 44 51 33 40 12 39 28 42 41 27 38 21 38 49 42 16 38
40 22 32 38 49 32 41 7 50 37 38 49 36 38 29 45 42 43 40 41
12 5 9 12 15 16 16 5 27 4 20 18 14 14 11 10 22 6 11 16
35 17 51 56 67 18 32 26 48 39 44 68 54 43 17 43 39 51 16 44
7 1 7 8 13 4 3 2 10 1 2 9 6 6 1 3 7 6 4 2
7 4 6 10 15 4 2 3 8 2 4 8 6 13 2 7 10 10 1 1
31 41 46 48 58 31 45 21 50 26 58 58 53 33 47 45 55 58 32 51
47 24 28 56 60 21 41 21 53 36 41 59 53 40 6 38 44 44 26 40
10 13 17 21 26 4 12 13 20 12 17 22 25 16 14 20 19 29 1 19
18 18 21 40 40 25 29 24 32 39 31 40 33 33 12 36 31 36 15 30
4 5 12 10 13 5 10 4 17 5 6 16 11 6 4 9 14 12 7 12
23 17 24 34 36 8 15 14 18 13 16 28 25 22 17 16 24 30 10 15
15 14 9 18 18 10 14 13 17 11 16 13 20 16 16 7 19 16 6 15
7 4 6 12 22 7 10 8 21 16 10 24 17 14 9 13 14 4 7 9
17 16 15 31 31 14 23 7 28 24 27 28 28 27 7 27 25 25 5 21
28 20 29 41 47 21 22 12 31 12 30 46 37 28 14 28 29 37 16 24
4 1 9 16 23 5 5 3 12 16 9 20 10 19 3 20 6 11 1 7
18 30 35 37 49 26 29 18 27 13 29 41 43 33 27 35 31 48 13 27
12 10 7 9 18 10 13 9 21 8 12 12 11 19 8 11 18 14 3 14
29 14 32 28 43 29 32 13 52 20 42 44 39 27 26 36 41 35 27 42
26 18 14 28 27 5 12 18 18 4 15 26 33 19 7 1 17 23 10 14
20 23 14 19 26 36 32 18 29 25 31 30 34 23 30 22 37 18 19 24
9 7 16 14 29 12 4 3 11 7 9 19 12 18 7 17 9 15 3 1
18 17 16 29 34 7 16 14 21 13 15 27 27 21 12 5 24 22 7 17
21 30 28 36 57 30 41 18 44 33 43 48 44 45 32 43 41 40 11 38
16 24 21 29 44 13 21 22 25 34 25 31 26 27 29 29 28 34 3 25
6 3 7 13 13 5 8 3 10 1 5 8 7 7 3 5 13 10 7 7
10 14 20 26 37 9 16 9 31 24 25 38 26 8 15 24 26 30 11 27
3 4 5 10 10 1 1 1 2 1 4 3 1 5 1 4 3 10 1 3
3 1 1 7 6 1 1 1 1 1 1 1 4 7 1 4 4 10 1 1
13 18 21 33 46 21 20 18 23 26 24 28 23 34 21 20 27 23 3 20
5 1 1 7 6 6 5 9 4 4 1 1 11 6 9 7 6 9 1 5
5 8 8 7 19 13 7 6 12 9 11 7 6 22 11 15 11 11 1 5
34 38 27 39 49 25 27 38 43 29 31 39 48 42 30 26 34 43 10 30
21 21 9 29 35 16 20 23 19 22 17 15 24 32 17 15 24 20 1 18
20 26 26 19 26 21 17 25 24 11 19 31 38 22 22 21 20 30 11 18
6 1 1 5 7 1 1 6 7 3 3 6 11 5 5 5 3 7 1 2
29 27 25 56 53 17 44 24 37 47 48 53 42 35 26 30 46 40 13 44
3 1 6 12 16 6 5 1 10 5 3 14 6 8 3 11 12 9 4 4
20 39 46 49 67 34 48 19 48 29 59 60 49 35 51 54 61 64 26 53
11 4 8 5 14 10 9 1 16 6 13 14 11 16 7 10 14 7 9 8
6 3 8 9 18 8 16 3 20 11 8 12 7 14 5 17 19 17 10 12
1 5 12 11 14 7 6 7 14 9 13 16 19 6 13 16 12 18 1 15
36 30 39 51 53 32 40 22 45 34 48 51 50 34 27 39 45 43 14 43
49 35 33 56 63 28 55 20 59 40 53 41 49 48 34 37 59 45 23 54
10 10 11 13 20 7 10 9 16 4 7 10 8 20 5 10 16 14 6 7
3 1 4 2 8 1 1 3 6 1 1 7 3 5 1 9 1 7 1 1
11 12 2 16 22 2 19 10 24 16 11 19 19 4 8 11 20 24 11 17
31 30 24 32 42 28 26 30 34 21 30 16 32 41 28 23 34 25 5 25
23 27 29 42 54 25 26 18 28 23 32 39 28 45 15 21 35 35 8 24
14 9 21 21 34 4 4 16 14 11 6 29 25 21 6 14 10 21 3 6
8 1 1 4 7 1 1 2 10 1 3 5 5 8 1 7 4 8 2 2
1 1 1 1 1 4 1 1 1 1 1 1 2 4 1 3 1 2 1 1
16 22 29 22 29 32 23 16 25 16 29 31 28 21 35 25 31 22 19 19
13 5 11 17 27 7 10 8 20 19 13 22 12 19 12 25 12 22 8 10
16 1 11 12 21 4 9 4 25 10 19 25 22 11 4 17 12 14 8 18
14 1 8 15 17 8 15 1 23 6 13 22 17 7 3 6 20 6 15 15
17 10 4 22 20 6 15 9 23 11 15 23 23 11 6 13 18 20 10 17
1 1 1 6 8 1 1 1 1 6 1 5 3 3 1 3 1 3 1 1
11 6 5 21 13 7 12 6 18 10 15 21 26 9 7 13 12 13 7 14
1 1 5 8 9 6 6 1 10 1 2 6 5 4 1 8 12 10 5 5
17 14 17 26 30 7 17 13 21 22 18 24 21 19 17 24 22 31 6 20
14 21 7 19 24 22 25 20 32 17 20 17 26 20 22 14 31 17 8 21
11 12 5 11 22 12 15 11 23 10 14 13 16 20 12 9 21 13 1 15
11 7 14 26 31 11 19 2 18 10 13 25 16 18 6 16 24 23 9 18
34 31 19 30 44 21 37 14 50 30 35 32 32 37 22 29 40 39 19 39
14 28 28 35 45 19 28 8 25 14 34 37 27 23 26 25 38 38 9 28
33 24 24 40 46 24 43 22 52 31 44 47 48 29 26 25 47 30 25 42
1 1 1 4 4 1 3 2 4 1 2 1 1 9 2 1 5 1 1 1
7 1 3 3 3 1 4 1 15 1 9 12 8 7 1 7 5 5 3 8
21 18 31 22 26 22 27 24 27 38 29 46 47 25 26 21 29 22 16 31
24 26 28 40 42 11 17 24 25 23 23 37 44 26 18 23 22 39 3 20
15 22 23 28 32 16 20 11 17 19 28 24 19 28 24 25 28 28 4 24
26 31 31 39 52 39 47 30 43 48 40 50 46 45 34 34 49 25 16 42
9 22 25 24 33 26 22 21 21 27 18 33 31 25 26 23 29 20 13 18
10 10 7 10 13 8 7 17 7 9 1 5 18 14 12 10 8 17 1 5
1 1 8 3 13 1 2 1 12 5 2 15 4 1 1 12 6 7 2 5
25 33 33 45 56 24 38 32 44 35 39 46 37 48 18 40 36 54 8 40
30 20 23 35 48 32 35 22 44 26 42 51 52 16 23 31 39 34 26 38
5 3 1 7 10 5 3 5 7 5 4 7 8 8 5 5 9 5 1 3
1 7 12 17 26 7 8 1 18 13 15 24 13 14 7 17 16 15 1 12
12 9 6 16 12 7 7 3 7 3 14 7 12 10 8 4 10 13 4 10
43 34 32 40 49 37 49 32 51 32 36 51 53 37 31 29 50 41 35 42
42 32 46 46 61 23 32 17 46 35 38 53 42 36 35 44 36 57 28 38
7 10 2 17 19 4 15 5 19 8 12 12 12 10 8 11 21 23 7 14
13 1 19 10 24 7 11 1 31 6 20 29 20 10 9 17 19 17 13 20
30 38 29 56 56 15 36 36 26 37 36 43 38 37 27 22 42 52 10 35
16 14 12 22 23 10 7 12 7 12 16 13 20 20 16 9 11 18 4 10
1 7 1 12 9 6 9 6 6 7 5 8 13 8 6 6 11 11 1 9
1 5 3 6 10 10 9 8 13 3 6 5 9 9 9 1 16 3 3 6
14 21 18 27 30 10 11 11 14 8 14 18 19 30 9 18 17 32 1 8
14 16 9 23 29 15 19 13 21 18 16 16 13 27 11 14 24 17 1 19
10 12 21 34 39 6 16 11 18 20 12 32 19 31 3 18 22 25 2 15
15 16 16 38 41 3 17 6 20 22 18 33 23 19 5 18 23 31 6 19
7 11 6 10 18 15 13 8 21 11 16 9 8 19 11 16 19 10 1 14
9 17 26 11 26 21 23 3 30 11 30 24 18 30 25 38 25 32 7 23
5 9 11 16 19 8 10 2 15 1 8 11 10 15 3 13 16 19 2 7
1 1 1 2 8 1 1 1 7 1 1 8 3 1 1 2 5 2 2 1
9 22 18 27 34 18 18 10 13 11 21 18 23 30 21 16 28 24 4 12
28 29 25 31 48 23 37 19 41 26 36 37 30 45 26 36 39 40 15 32
14 24 21 22 33 19 23 10 23 8 21 17 16 36 16 23 29 32 5 15
19 18 41 47 55 24 33 11 34 39 41 51 30 32 29 44 40 42 17 40
9 1 1 5 8 1 5 1 10 7 8 10 9 7 1 4 7 1 7 7
19 35 34 42 54 36 33 21 25 21 40 31 37 57 32 34 37 27 7 27
15 16 26 36 46 20 24 8 24 27 28 34 24 36 16 32 32 26 7 20
12 11 19 33 43 1 16 11 28 30 26 37 32 18 14 31 25 36 4 28
14 18 11 24 26 18 19 7 16 11 27 21 26 16 21 15 24 21 8 18
7 5 7 6 15 9 11 1 15 12 11 9 1 20 8 22 11 14 6 8
5 1 2 5 8 1 3 1 12 1 2 8 6 6 1 5 9 9 4 4
42 32 38 45 53 18 36 29 53 40 43 58 62 38 30 42 38 55 25 45
3 4 1 8 7 1 6 1 3 1 2 3 7 3 1 2 7 10 1 6
5 7 25 20 36 13 11 5 20 16 25 28 16 15 22 30 22 27 7 21
4 1 6 11 17 7 7 8 8 11 4 11 14 13 8 8 13 7 5 5
16 17 22 20 23 13 7 16 11 1 13 16 17 30 11 16 13 23 1 7
21 24 25 26 39 8 18 29 31 22 19 42 44 13 21 18 25 37 13 24
10 4 2 9 9 1 6 2 11 1 5 9 13 5 1 2 9 10 4 8
4 6 4 9 19 8 8 4 13 13 7 12 5 14 5 7 14 5 4 6
6 7 4 6 15 10 9 6 11 10 8 7 4 16 7 6 12 5 1 7
24 26 34 44 48 18 33 13 35 30 41 48 38 19 29 31 41 43 19 41
11 15 27 18 32 21 22 3 27 6 27 30 24 16 18 28 27 30 13 24
3 1 4 7 8 6 2 1 10 1 6 7 4 4 3 6 9 6 4 2
25 7 20 37 43 20 31 3 50 26 38 51 42 14 10 37 35 33 25 39
4 4 3 6 10 5 6 7 9 5 5 7 8 12 8 6 9 3 1 4
26 16 22 41 48 15 27 10 42 25 39 50 42 15 17 27 31 31 22 35
7 12 20 17 35 13 18 4 28 21 26 25 19 30 19 35 22 27 2 20
7 20 29 26 37 23 24 15 23 27 25 37 28 15 30 30 31 34 10 27
34 37 29 57 65 35 55 32 56 47 55 50 45 40 39 35 63 52 25 55
16 21 26 30 43 22 33 8 34 22 34 31 17 30 27 38 39 39 12 34
9 7 8 15 15 5 7 9 11 1 5 9 11 10 7 8 13 15 6 6
6 10 1 17 16 1 10 7 9 10 8 13 15 7 6 3 15 13 3 10
20 8 28 29 37 25 26 8 37 18 34 43 33 19 22 37 29 29 22 33
14 13 30 25 38 20 23 20 28 34 17 42 38 18 21 32 24 28 13 23
12 6 7 20 21 11 17 12 19 21 11 29 26 12 10 18 16 18 9 15
14 7 24 28 38 8 14 9 29 26 22 39 27 21 10 28 19 19 8 20
36 11 26 45 49 34 36 19 49 32 42 55 50 21 20 38 43 31 37 41
12 17 12 22 18 4 16 5 20 10 19 20 16 8 10 16 22 27 5 21
8 7 9 13 13 8 4 7 4 4 6 5 8 18 6 10 8 13 1 3
1 1 1 4 5 1 3 1 1 3 1 3 4 2 1 1 3 5 1 3
1 1 4 9 12 1 5 1 13 1 1 11 5 3 1 8 9 12 1 5
18 14 10 22 20 16 18 13 22 10 21 23 29 18 14 11 19 16 10 18
16 22 15 16 39 19 24 16 36 21 33 32 32 22 26 17 30 22 8 28
37 25 26 37 49 15 32 23 40 23 28 43 44 34 20 25 34 46 25 31
1 1 1 1 1 1 1 1 4 1 1 4 6 1 1 3 1 2 1 1
32 43 34 44 60 36 41 30 38 31 43 44 46 58 37 41 43 48 7 35
7 7 20 23 33 9 17 5 25 16 21 29 14 17 14 23 25 23 10 21
28 21 34 43 55 13 31 19 44 41 33 49 41 36 10 48 31 50 4 39
20 28 4 29 34 18 26 21 25 23 31 17 27 22 28 9 32 21 7 26
8 6 16 14 26 12 13 3 26 6 17 18 10 15 10 17 21 19 8 16
1 1 1 5 2 1 1 1 1 1 1 1 1 3 3 1 6 1 1 1
1 1 1 1 4 1 1 1 7 1 1 5 1 6 1 7 3 3 1 1
6 5 1 12 11 1 10 3 11 8 5 3 7 12 6 11 13 20 2 9
10 8 9 12 16 4 16 4 24 6 12 15 11 17 4 19 19 26 6 16
2 1 1 3 10 2 2 1 8 5 1 4 4 8 1 7 6 8 1 1
29 27 28 37 48 27 36 22 38 27 39 35 32 30 35 31 45 33 14 40
32 21 36 39 59 31 45 14 63 44 51 52 39 43 33 53 50 44 25 53
37 31 34 54 59 28 47 22 51 52 54 46 40 47 27 47 51 39 9 52
5 1 1 7 3 2 4 4 10 2 5 10 13 3 4 8 6 8 3 6
23 33 18 30 41 30 38 31 40 32 29 28 36 34 32 25 40 31 16 31
21 13 25 29 42 11 16 16 27 26 21 36 30 35 9 31 18 27 1 19
2 1 1 6 14 4 3 6 3 11 2 7 9 12 6 4 6 2 1 1
9 6 15 9 17 2 1 8 11 1 1 14 9 12 1 9 4 16 1 3
9 5 10 18 26 4 13 1 17 15 11 16 6 11 9 16 19 21 9 12
24 35 26 34 41 17 28 18 26 19 34 28 24 33 24 27 34 43 4 27
21 17 17 30 32 15 20 14 29 22 28 33 31 13 22 25 24 31 11 28
4 1 1 6 2 1 2 1 4 1 1 2 6 3 1 3 2 8 1 3
12 12 23 34 37 17 25 8 26 17 21 31 16 27 8 24 32 31 10 24
30 18 35 43 47 38 44 23 41 45 37 59 51 33 27 38 46 30 28 39
1 3 1 8 5 6 1 6 6 5 4 3 6 7 7 10 5 9 1 1
17 21 9 17 23 17 31 20 40 20 27 32 34 14 22 15 33 24 16 28
10 8 18 16 25 4 8 18 18 19 16 21 27 8 21 19 16 26 5 18
6 10 7 12 17 12 15 12 19 9 7 11 16 15 12 13 19 17 5 10
37 20 37 47 53 29 29 20 38 26 37 48 47 38 24 38 33 36 23 29
1 4 5 9 8 2 6 1 11 2 5 10 8 4 1 8 11 12 1 9
9 9 9 18 22 9 16 6 20 9 11 23 18 6 6 9 21 15 10 15
4 3 1 12 12 2 6 2 11 1 4 11 14 2 2 1 11 9 2 7
1 1 1 1 10 1 3 1 7 4 1 4 1 9 1 1 7 1 1 2
20 24 12 31 35 2 20 12 24 14 19 27 21 16 10 10 29 31 7 20
37 22 29 40 49 25 35 19 53 19 39 45 46 34 19 29 38 41 20 41
14 9 14 24 26 13 21 13 28 20 13 27 30 16 14 22 20 22 12 17
28 30 23 44 48 39 43 17 39 22 45 47 50 23 34 35 48 39 28 37
1 2 1 9 7 1 4 1 1 7 1 5 8 3 1 2 4 5 1 4
48 46 39 54 71 36 53 34 57 51 45 46 56 59 38 43 55 50 25 49
1 5 8 9 10 10 8 1 8 6 8 8 7 14 7 11 12 7 1 6
13 9 18 22 33 17 20 7 29 13 21 29 16 21 14 21 27 21 12 21
19 31 38 36 45 27 30 9 26 24 44 41 32 39 35 49 34 47 13 34
12 2 26 34 44 12 26 7 41 29 33 53 38 16 11 29 30 28 12 37
19 24 17 31 26 12 23 15 6 20 22 20 18 17 20 16 26 29 9 24
2 1 5 10 13 4 3 4 9 5 1 12 10 4 5 5 7 3 4 2
17 1 14 13 20 13 18 1 37 7 21 28 20 11 5 23 20 19 17 22
15 13 3 17 17 9 21 8 28 5 19 18 20 15 8 2 27 10 8 20
19 1 1 19 18 14 17 10 22 14 20 20 26 6 6 9 22 7 16 17
19 13 22 23 26 10 10 10 26 4 21 26 23 20 11 20 18 28 10 18
40 32 38 63 66 19 42 27 43 48 48 66 56 37 24 39 45 51 15 49
12 21 15 24 31 16 18 9 21 11 25 23 22 22 21 22 28 28 4 15
37 39 44 43 51 39 33 36 40 28 39 59 62 39 35 23 44 43 29 34
17 12 12 15 18 2 1 16 6 1 4 11 17 20 5 6 5 19 1 1
10 14 15 25 31 5 11 6 16 14 16 18 18 24 6 15 17 23 1 15
37 36 27 53 57 28 51 25 38 40 52 52 41 33 37 29 58 43 29 51
23 20 21 31 42 21 26 11 23 20 30 26 16 30 24 22 34 26 10 25
3 6 2 16 20 2 9 1 9 8 4 11 7 12 1 5 16 11 1 6
7 1 4 10 18 1 1 3 6 7 1 10 12 14 1 2 6 6 1 1
11 16 13 17 23 12 19 13 34 13 25 27 31 11 17 17 26 25 9 26
19 2 16 24 34 13 10 4 29 21 25 35 27 12 8 30 13 20 12 22
1 1 1 7 7 1 1 1 1 6 1 6 1 2 1 3 2 2 1 1
11 15 4 24 27 10 22 17 22 21 13 26 24 14 16 18 24 27 9 17
24 29 33 45 47 28 46 26 26 49 32 46 37 37 34 32 49 44 21 38
15 19 17 40 45 14 27 5 24 26 29 33 23 22 18 24 35 32 13 25
29 34 35 53 51 32 29 19 23 15 43 47 54 43 29 30 35 37 18 28
19 33 25 29 37 24 27 25 14 27 27 30 28 35 33 27 30 34 5 19
24 32 32 44 59 32 43 23 52 38 47 32 29 49 28 48 49 49 4 46
8 10 6 10 15 6 12 6 14 6 7 9 10 17 4 4 15 12 1 11
32 37 34 49 65 30 44 24 45 37 44 48 44 47 23 39 49 46 13 36
9 12 24 21 33 19 20 2 24 4 23 27 19 22 15 26 27 27 8 19
19 15 17 36 35 4 23 6 23 26 27 34 21 26 10 28 25 32 5 26
9 11 8 9 17 12 17 13 19 14 9 12 15 21 14 20 16 22 4 14
9 4 17 19 24 8 14 5 29 8 14 25 21 12 10 21 20 26 8 17
33 19 31 41 45 26 26 14 29 27 35 44 41 38 9 32 27 25 9 25
6 1 1 12 13 1 3 1 7 8 1 9 9 10 1 8 6 11 1 3
37 34 38 43 58 28 38 40 55 31 45 45 54 29 40 35 49 51 22 46
17 17 25 41 48 7 23 14 33 27 23 42 27 34 5 33 28 48 3 28
1 1 12 13 20 6 8 1 13 12 7 21 3 11 1 17 12 10 5 10
42 33 47 47 58 33 45 17 43 44 61 58 46 46 41 60 46 50 27 49
23 16 27 41 54 40 39 15 40 32 45 57 48 30 27 45 44 33 24 36
2 1 3 3 9 1 4 1 11 1 2 7 2 8 1 2 10 2 2 1
20 22 25 36 39 8 14 20 21 14 16 35 27 27 9 21 21 39 7 16
34 38 28 38 54 24 39 28 54 39 45 39 46 41 40 37 44 49 18 45
11 10 15 19 24 6 6 11 10 6 3 19 15 22 6 12 11 17 1 5
1 1 1 5 12 1 1 1 4 8 1 8 1 5 1 9 1 5 1 1
29 15 24 31 36 14 12 16 27 12 22 39 30 29 7 14 20 25 15 15
2 1 1 6 8 1 2 3 2 2 1 2 7 6 1 1 6 6 1 2
6 1 1 11 12 2 3 1 13 10 7 14 11 6 4 14 3 8 3 4
18 27 31 34 44 16 14 21 18 18 23 32 29 30 24 22 24 37 4 17
19 17 37 37 49 27 32 9 34 29 36 50 36 37 25 41 37 32 17 30
24 22 14 41 44 16 34 18 41 26 32 43 38 20 21 21 40 35 21 35
14 12 15 24 29 13 12 16 22 22 18 28 27 25 17 28 13 28 5 15
8 2 13 5 19 1 8 6 25 11 12 15 11 16 9 23 11 22 3 14
1 3 6 13 13 1 5 1 13 7 5 16 14 9 1 12 10 12 1 8
17 13 20 31 38 10 15 16 19 31 16 31 24 32 13 32 16 29 2 14
12 9 13 26 33 5 6 10 5 18 6 22 15 24 2 13 9 18 2 6
39 34 33 50 60 34 47 37 55 40 44 48 46 56 19 41 48 48 15 47
11 23 12 24 30 20 22 15 21 15 24 14 19 23 23 11 32 21 8 20
7 5 10 10 11 9 4 4 10 4 8 9 6 16 6 15 8 13 1 5
37 24 41 46 61 27 43 27 62 40 54 52 57 35 36 42 54 39 20 54
1 1 5 1 2 1 1 1 9 1 2 7 6 1 2 11 1 9 1 4
6 3 9 11 15 6 5 5 14 11 10 20 16 5 7 13 6 11 4 12
4 1 10 8 14 5 6 1 20 1 8 14 5 9 1 12 13 11 4 7
4 2 4 4 7 1 1 2 6 1 1 2 2 12 1 1 5 5 1 1
20 13 13 28 27 16 24 10 32 18 30 35 35 19 12 20 25 19 16 28
30 30 36 43 57 2 30 29 40 31 33 53 42 31 20 29 39 51 20 38
16 23 25 30 38 11 12 11 9 14 19 25 13 29 15 28 16 37 1 10
3 1 4 5 9 1 2 2 7 5 1 8 4 4 2 5 5 5 1 3
4 4 15 14 25 4 17 1 25 16 12 26 12 11 4 28 17 28 8 21
17 3 8 19 20 9 8 9 18 10 13 22 24 11 6 10 9 10 9 13
1 1 4 3 7 1 5 1 6 1 1 6 5 1 1 1 9 4 3 4
20 24 7 29 28 7 18 17 20 12 20 20 25 21 12 4 24 26 6 18
15 11 5 16 15 7 16 9 22 8 16 21 23 6 8 8 18 14 11 18
26 29 16 35 43 24 32 23 34 37 30 11 23 37 27 30 36 29 3 30
13 7 20 12 24 13 21 5 41 13 26 28 23 20 13 28 26 28 14 29
15 4 8 18 19 8 14 9 20 7 13 20 20 12 9 10 20 13 14 14
3 5 2 12 7 2 2 2 1 1 3 1 4 7 3 5 5 12 1 3
10 19 17 27 33 19 25 9 24 15 28 33 27 26 20 28 31 29 7 19
39 27 37 45 65 15 43 16 59 45 51 58 44 37 28 45 51 49 24 53
36 34 42 50 49 34 40 37 34 46 35 60 55 50 30 38 39 47 24 36
1 1 5 7 5 9 4 5 4 1 6 4 6 10 8 7 7 5 1 4
9 6 14 21 26 7 13 8 16 13 7 23 14 13 8 15 17 18 9 14
19 15 17 22 39 18 29 16 43 29 28 35 37 30 19 28 29 24 8 30
19 15 16 30 33 7 21 10 29 10 15 28 25 11 8 15 24 34 14 21
1 3 1 7 9 2 1 1 4 3 3 4 1 4 3 2 10 4 1 1
30 22 23 41 42 14 25 19 34 19 27 44 37 20 15 20 29 35 21 28
11 15 8 25 32 10 25 10 28 23 21 21 14 26 13 25 27 31 3 26
4 3 6 11 16 2 3 1 13 7 7 17 5 3 2 9 10 8 4 7
1 8 20 15 21 15 19 15 18 26 14 31 24 13 18 23 23 22 4 22
26 26 24 45 56 18 43 15 47 40 40 44 26 38 23 37 48 45 13 45
4 6 3 13 15 3 4 6 3 3 4 4 8 8 7 3 11 12 1 4
10 4 18 16 28 9 18 4 25 20 17 23 6 29 7 34 18 31 5 19
12 10 10 18 21 5 6 12 8 7 1 12 14 16 5 11 11 19 4 6
2 5 1 14 14 1 5 2 4 5 2 7 7 10 1 5 10 11 1 3
33 26 16 31 38 21 34 20 33 29 38 22 26 36 31 25 36 31 14 34
38 30 27 42 51 34 46 13 54 42 51 52 45 30 33 48 51 46 32 48
20 15 17 29 37 11 23 15 30 18 25 36 30 15 16 21 25 31 15 26
11 5 12 16 22 7 9 5 14 5 4 17 14 10 3 9 14 15 6 8
11 15 9 22 22 13 14 16 11 15 11 23 26 17 14 11 17 18 4 11
1 10 9 16 24 11 10 1 11 10 11 14 9 16 9 18 19 17 2 6
27 31 23 37 44 19 16 32 25 24 27 29 34 39 26 16 26 33 5 22
29 30 25 38 47 25 38 17 34 27 37 31 25 35 28 32 44 41 16 36
16 32 38 45 53 31 29 20 19 28 34 44 44 48 32 41 35 38 7 24
6 2 4 5 10 1 1 5 6 1 1 3 6 10 1 4 5 11 1 1
11 14 12 25 28 7 18 5 22 10 20 22 17 6 10 10 25 26 10 22
8 6 14 9 14 7 7 5 16 3 6 10 9 18 4 19 10 21 3 8
22 14 31 28 42 9 7 18 28 15 20 41 28 27 11 24 16 37 10 16
28 22 32 40 46 15 18 21 25 16 25 40 32 29 20 20 29 39 13 21
20 12 37 25 42 27 24 23 39 30 32 44 44 17 37 40 31 35 23 30
22 21 6 34 37 15 26 21 26 27 23 30 37 28 15 11 27 19 8 24
2 2 2 5 13 3 5 1 9 4 3 5 1 11 1 5 11 5 2 2
1 1 1 9 8 1 1 1 2 5 2 5 2 2 1 1 1 3 1 1
31 20 14 31 35 19 30 19 38 8 29 32 38 23 15 12 35 29 19 29
6 4 6 10 12 3 3 1 10 7 6 12 6 9 3 9 9 9 1 5
1 7 10 14 23 8 8 1 14 12 15 16 8 16 10 20 14 18 1 14
12 7 15 13 21 1 1 7 12 2 5 19 15 13 1 9 4 18 1 5
25 28 21 26 37 35 39 28 32 32 26 37 43 27 34 11 44 23 24 33
22 23 20 28 27 18 24 20 16 23 27 28 27 22 28 25 31 29 13 26
12 8 4 14 11 3 14 7 24 7 13 16 19 6 7 15 14 24 7 17
44 39 48 62 72 25 48 24 51 43 47 60 46 53 30 50 53 62 23 48
8 1 5 9 12 6 5 9 9 8 4 12 12 10 8 13 6 11 1 5
9 1 1 7 3 1 6 1 9 1 6 9 11 4 1 1 7 3 5 8
1 1 7 6 9 4 3 1 11 4 3 10 4 3 1 12 7 10 3 5
32 24 22 48 44 18 38 18 36 42 41 47 43 28 24 38 36 39 16 40
10 11 4 23 29 6 12 9 16 19 14 17 16 21 11 15 18 19 1 13
9 7 4 15 12 8 8 9 13 8 8 16 24 12 9 10 8 14 1 9
1 2 1 6 9 4 2 8 2 9 1 5 9 3 8 8 3 6 1 1
11 15 12 16 28 9 22 11 37 20 24 27 25 14 15 23 25 31 7 28
35 44 27 46 56 23 47 36 40 47 41 48 42 37 39 37 50 56 20 44
36 24 51 50 66 27 30 28 48 42 44 58 48 32 35 47 40 48 31 41
40 36 44 61 64 29 43 28 41 49 43 57 44 44 24 48 48 51 12 44
1 1 1 1 2 1 1 1 1 1 1 1 3 1 1 1 2 1 1 1
15 8 14 17 24 1 3 9 13 8 4 22 16 15 1 8 8 15 4 6
18 18 37 30 47 15 22 19 28 34 37 41 23 16 34 45 32 40 14 33
9 18 16 22 24 9 15 3 10 6 18 15 8 14 14 12 23 21 1 14
2 4 11 18 19 2 13 1 27 6 13 23 19 10 3 17 19 20 4 14
25 29 36 32 55 17 16 22 33 22 35 48 42 36 23 26 31 42 10 23
2 1 1 2 1 1 1 1 7 1 1 2 5 1 1 5 1 5 1 1
29 27 17 30 31 10 24 21 28 14 24 21 29 33 17 16 27 38 11 24
18 11 5 30 31 9 23 5 31 16 21 29 26 15 6 15 30 21 15 22
12 17 24 16 27 12 7 13 11 3 12 20 20 25 12 17 13 24 1 8
27 37 37 41 58 33 37 28 45 38 47 44 50 45 31 38 46 41 4 38
21 20 13 22 26 19 20 14 24 7 25 18 24 29 16 14 26 21 9 19
20 19 29 44 46 14 30 15 19 43 31 40 18 34 18 44 29 43 9 32
5 4 3 10 14 2 4 5 8 5 5 8 9 7 7 6 12 10 3 4
30 28 53 50 66 40 41 19 44 38 53 66 49 48 30 57 43 43 15 43
20 27 35 39 50 23 31 15 37 15 35 43 40 32 27 36 37 48 15 30
1 1 1 5 5 1 3 1 2 5 1 5 5 1 1 2 3 4 1 3
12 3 17 13 25 9 11 7 27 17 22 28 20 17 15 34 10 26 7 21
1 1 8 3 12 1 1 1 10 2 3 10 6 3 2 7 5 8 1 6
29 22 30 30 39 21 33 27 37 38 41 46 44 12 37 31 42 32 24 40
6 1 1 2 6 1 1 1 8 1 2 7 4 5 1 1 5 2 3 1
14 10 19 31 36 7 16 12 25 20 19 35 27 17 11 19 21 27 10 23
33 36 46 44 62 21 34 20 41 41 46 51 45 38 41 53 39 64 21 42
24 27 37 38 44 11 22 19 24 16 29 38 32 23 21 30 31 51 9 31
11 9 18 13 16 12 6 15 15 8 13 16 25 15 17 17 7 20 1 13
1 1 2 3 11 3 5 2 9 3 2 6 4 10 2 3 10 6 1 5
14 34 31 27 37 36 41 16 38 17 42 43 45 35 39 39 44 41 19 37
28 28 33 37 53 24 33 22 49 25 39 38 39 33 30 33 46 43 18 42
6 1 5 12 11 1 5 4 5 9 1 10 9 10 1 6 5 8 1 5
7 7 10 6 16 10 12 5 28 8 15 15 11 15 8 19 15 17 3 16
33 22 22 26 42 30 42 17 51 33 35 38 37 33 33 32 43 29 28 38
4 4 6 3 9 9 1 2 2 1 6 1 3 12 6 10 4 8 1 1
6 5 13 16 17 10 13 1 16 7 8 16 11 9 6 12 20 14 10 12
12 15 23 19 24 23 28 19 20 25 13 34 29 17 25 22 32 25 20 22
13 18 36 19 34 25 26 16 34 15 38 42 43 17 35 37 33 35 17 33
33 39 38 37 52 34 39 24 28 40 40 43 39 39 45 40 42 46 25 31
26 14 29 29 46 12 32 10 53 35 37 53 46 22 21 39 35 39 23 42
11 11 13 10 24 11 16 3 29 13 24 18 10 21 15 25 21 22 7 20
36 45 40 43 61 33 46 27 46 30 48 52 55 58 38 43 47 51 20 41
18 11 14 24 23 9 18 9 24 15 22 28 22 12 15 15 26 20 12 22
8 9 16 16 22 18 13 1 15 3 21 16 14 15 16 16 23 17 10 12
13 13 8 7 18 18 15 13 19 10 17 2 10 30 19 18 15 16 2 11
9 11 15 20 26 15 15 6 21 8 15 21 14 21 11 16 22 16 7 13
4 1 1 4 3 1 1 1 12 1 2 6 5 4 1 10 2 10 1 3
36 36 28 43 60 24 45 27 53 39 42 45 36 46 30 37 47 48 21 44
18 16 8 29 28 7 18 15 13 24 18 25 27 17 18 13 24 20 6 16
19 31 29 33 54 20 38 16 48 35 46 43 38 35 32 40 43 43 13 40
36 48 34 52 56 27 46 41 36 39 37 50 50 33 40 23 54 50 24 41
23 9 22 34 34 16 29 4 40 19 30 36 31 23 14 27 34 26 19 29
3 12 5 22 22 4 14 8 13 16 12 14 21 11 11 8 21 16 2 11
20 21 23 21 33 20 15 26 22 11 15 23 23 30 18 10 20 20 8 13
5 11 6 19 18 3 11 4 10 11 9 12 12 3 9 6 18 16 4 11
6 5 12 4 10 11 8 1 19 5 14 14 11 15 7 20 10 15 4 11
28 16 28 33 47 22 26 14 36 22 29 35 34 40 19 32 28 29 16 24
13 15 25 33 43 13 25 9 38 28 35 46 29 16 17 29 35 37 15 37
28 33 10 35 38 18 31 26 28 27 29 24 35 26 26 13 36 29 8 29
34 18 20 31 46 14 27 13 43 26 26 40 27 34 10 26 29 28 19 28
9 14 14 17 24 11 9 7 11 9 14 9 8 17 15 19 15 24 2 8
6 13 18 20 31 16 19 14 23 22 17 33 28 11 19 21 22 24 9 22
6 7 11 15 17 13 8 4 9 3 12 8 7 14 11 10 16 12 7 8
2 6 12 10 15 13 6 1 9 2 11 9 5 11 9 11 15 8 6 5
1 3 1 5 5 1 5 1 4 1 1 5 7 3 1 1 8 6 1 5
14 25 18 27 25 18 23 3 16 6 30 21 22 26 21 23 28 33 4 20
8 13 21 23 30 20 19 4 17 13 27 33 19 23 19 27 23 17 9 16
8 5 7 6 11 6 9 7 20 5 9 10 10 16 6 15 9 16 2 10
23 23 9 30 31 20 27 23 30 22 24 27 39 27 19 6 31 17 12 24
19 25 19 19 30 28 19 26 28 22 28 19 30 30 31 24 22 17 4 20
1 10 7 14 16 17 11 13 1 20 7 14 17 14 18 13 12 8 4 6
15 15 10 26 24 11 13 14 18 12 17 22 32 16 13 11 17 19 7 12
32 27 38 43 54 18 40 12 50 36 44 52 38 27 29 44 43 53 25 47
4 14 16 12 18 15 7 11 13 4 14 13 20 14 20 22 12 25 1 7
29 32 29 50 52 21 25 31 32 28 34 45 38 41 21 22 39 48 13 27
18 22 26 36 39 17 21 20 14 35 25 35 28 34 25 27 23 25 4 17
33 36 39 52 57 33 39 21 42 16 46 56 53 33 35 41 45 55 26 39
21 18 20 28 32 13 13 12 11 9 21 30 25 31 9 17 16 28 5 13
14 13 8 21 19 4 7 8 12 4 8 14 18 12 2 3 13 18 4 9
2 1 1 4 7 1 2 5 5 1 1 4 10 5 3 3 5 8 1 3
13 14 10 18 30 15 19 11 32 20 25 18 14 25 19 26 24 18 2 22
7 14 20 17 26 18 8 10 8 6 14 19 19 28 19 20 14 16 1 5
24 27 19 28 27 19 22 23 31 9 26 25 34 30 20 20 25 32 9 22
24 18 19 32 36 5 27 7 32 29 31 37 27 23 18 32 28 35 11 32
5 4 3 11 9 2 4 1 11 1 5 10 8 6 1 6 10 12 1 7
27 20 45 42 55 38 48 28 58 45 45 63 51 40 35 53 51 53 30 51
17 9 19 20 33 14 25 13 32 30 18 41 30 17 18 30 23 26 20 23
35 23 21 44 47 19 38 11 43 26 38 43 32 27 13 32 43 40 23 38
21 12 18 20 23 7 10 17 22 5 13 27 31 14 9 9 13 22 9 17
8 8 21 17 31 13 18 15 29 26 20 31 26 15 22 37 21 34 9 25
8 6 8 11 14 9 6 13 8 6 1 7 13 10 10 5 10 9 6 5
25 28 15 33 39 6 19 25 19 17 18 29 31 26 13 8 25 33 10 17
15 11 10 19 22 3 9 13 17 9 11 26 28 10 5 12 7 23 3 16
9 10 28 24 37 26 21 10 21 25 22 37 28 26 24 34 25 18 10 14
44 32 35 45 58 37 51 33 71 36 53 51 60 38 39 42 56 49 33 59
1 1 3 5 11 7 1 2 1 9 4 6 3 6 6 9 1 1 1 1
5 4 11 9 17 4 10 3 18 5 7 14 8 13 1 13 16 15 5 11
10 8 25 29 43 22 28 10 35 35 28 35 17 40 11 40 29 24 4 24
30 17 32 37 49 30 30 21 41 29 35 50 44 37 26 36 32 30 24 31
31 28 24 37 47 25 22 20 28 16 33 31 27 39 21 16 31 25 14 22
4 9 1 9 6 7 10 11 4 5 3 7 17 6 9 2 10 11 1 7
1 3 3 8 15 6 10 1 13 13 6 11 1 16 2 18 9 12 1 8
2 1 1 6 9 3 3 5 1 3 1 3 8 5 4 2 5 6 1 3
15 11 18 18 30 18 16 11 20 11 16 24 24 24 17 26 16 26 9 11
11 26 23 30 37 25 35 1 30 9 37 33 26 30 23 31 41 35 15 30
8 13 3 18 21 11 20 11 22 14 13 17 17 18 11 18 20 21 4 17
5 4 5 8 8 1 4 7 9 1 4 8 9 5 7 9 8 8 1 4
11 1 6 18 23 9 17 1 23 17 17 22 12 21 4 23 18 18 8 16
13 15 30 43 49 26 36 11 39 34 34 42 25 36 23 41 42 40 13 34
23 31 32 44 56 28 30 17 23 34 38 36 30 53 22 37 35 33 1 25
32 30 26 39 47 17 31 23 39 17 34 39 41 25 23 14 39 39 15 36
21 6 18 22 33 15 22 2 34 23 23 35 22 20 13 30 23 23 23 22
14 10 17 28 39 11 22 9 27 24 19 32 23 28 9 29 23 32 9 21
8 19 27 23 30 24 21 10 21 6 21 25 25 25 23 32 24 34 8 18
43 31 45 55 67 14 46 26 68 42 55 64 61 36 29 46 55 62 31 56
5 1 1 5 6 4 2 5 5 2 2 4 8 4 5 1 4 4 1 2
8 7 13 13 16 13 7 5 12 1 10 11 8 14 8 11 12 10 7 6
22 22 27 26 36 35 35 21 39 25 29 29 33 33 33 35 37 34 25 30
14 12 21 29 34 1 19 6 23 28 29 38 22 12 16 28 24 32 6 32
34 21 39 31 51 23 44 23 61 39 43 59 52 23 39 49 49 52 36 49
4 1 1 4 10 1 1 3 3 2 1 4 4 4 1 4 1 4 1 1
14 17 11 18 23 8 11 14 11 3 10 12 20 25 7 4 15 19 1 9
1 1 5 12 15 7 8 1 8 11 9 14 6 11 3 13 10 10 1 9
10 15 18 22 30 12 11 6 20 15 21 20 15 22 15 26 19 28 1 16
48 41 50 60 69 31 48 32 34 42 46 54 41 57 41 50 54 68 31 45
31 17 11 34 41 24 41 16 47 25 32 35 42 25 20 21 42 29 25 37
13 19 27 26 35 20 18 11 22 20 29 26 29 30 27 37 19 34 3 18
1 1 5 8 8 3 7 2 9 1 1 8 7 7 2 1 13 6 3 5
23 26 11 31 30 10 24 20 24 18 24 17 28 22 22 16 28 38 9 22
29 37 40 43 45 28 34 26 19 37 36 50 49 37 36 34 38 39 11 30
21 17 18 31 41 18 24 13 36 20 31 31 24 31 16 26 31 27 9 29
19 14 23 23 34 14 16 13 31 8 24 26 25 22 19 18 25 27 12 22
1 1 2 2 4 1 1 1 7 1 1 5 1 6 1 10 2 8 1 1
3 4 6 18 15 1 6 4 10 7 7 15 17 11 3 8 10 12 1 9
1 4 4 9 11 4 7 3 12 2 6 10 11 8 4 4 13 9 1 9
41 22 25 32 38 29 34 35 40 30 31 49 53 26 19 30 33 39 30 33
25 13 12 26 21 12 11 18 17 7 14 23 33 19 9 10 11 25 9 12
23 29 33 35 39 32 35 36 26 34 26 45 43 41 22 23 38 36 16 30
15 11 20 25 36 12 19 12 29 15 17 33 30 11 15 24 22 32 12 24
15 21 16 32 36 5 20 11 21 25 28 31 25 11 20 17 25 32 7 28
43 32 37 50 55 19 36 33 50 36 49 59 55 21 32 37 41 54 32 49
15 21 21 15 26 18 9 22 8 9 10 18 26 25 19 13 13 20 3 4
39 25 29 56 59 19 38 19 46 33 46 58 52 24 24 29 45 39 26 44
5 8 5 10 9 7 11 3 15 4 8 8 7 14 4 7 16 10 1 11
8 4 11 10 19 3 2 5 14 7 4 14 11 12 1 13 7 16 2 6
2 6 1 11 6 4 7 1 6 1 5 4 8 3 2 6 10 12 1 7
7 10 2 20 21 1 15 6 20 16 11 20 17 9 5 16 17 25 5 16
15 20 11 31 33 6 18 14 20 21 22 26 24 14 18 15 26 31 8 22
24 26 17 38 45 24 34 29 32 34 29 39 38 38 18 21 34 32 7 31
13 4 3 9 9 3 5 9 10 1 7 7 15 14 4 1 7 6 4 5
23 16 19 31 28 4 14 13 27 10 18 33 34 19 5 19 15 31 9 21
8 10 22 23 30 12 11 9 24 16 22 26 26 22 19 21 20 21 4 17
1 1 5 6 14 2 4 1 8 4 1 12 3 1 1 9 9 6 4 3
19 10 14 13 20 2 8 7 21 7 8 17 10 19 3 16 10 22 9 8
43 31 28 56 69 28 42 28 61 43 52 57 58 37 23 38 51 40 22 51
15 24 15 30 33 12 25 14 13 24 23 21 19 24 21 19 34 28 8 24
6 10 1 16 9 3 10 3 8 3 8 7 11 7 2 6 13 17 3 10
9 8 9 13 17 10 16 6 16 21 9 17 13 14 14 26 12 23 9 15
1 1 1 4 5 1 1 1 1 4 1 4 3 3 1 6 4 3 1 1
31 22 33 45 49 29 35 12 41 30 41 48 43 31 24 36 39 30 27 36
16 24 20 29 43 9 26 19 31 27 32 30 28 21 27 19 38 33 5 34
29 18 32 38 49 10 10 22 33 25 30 50 42 32 16 22 24 35 15 21
28 24 29 53 60 15 46 18 41 45 37 49 38 37 25 38 49 51 17 40
39 31 33 39 50 27 31 27 45 19 39 50 50 36 25 28 39 48 26 31
12 8 10 17 18 4 6 11 12 10 6 14 15 18 6 11 10 16 1 5
6 1 1 5 4 1 4 4 9 1 5 7 11 4 4 1 7 4 4 6
20 17 10 22 32 20 19 14 27 16 23 16 17 27 15 12 26 9 8 18
33 20 20 37 36 20 17 16 28 10 28 32 31 27 10 9 30 25 21 18
9 5 7 12 15 7 8 5 16 10 6 14 11 13 5 19 9 18 3 9
16 10 28 19 34 7 4 17 20 19 18 29 26 24 14 28 11 29 6 15
10 4 1 12 14 9 8 10 13 12 9 18 18 6 10 11 9 8 8 10
6 2 2 11 13 1 1 2 3 5 1 6 11 10 1 5 3 10 1 1
8 9 11 24 30 6 8 8 10 14 9 20 20 18 7 16 11 17 1 7
27 33 22 30 40 25 36 31 43 34 41 41 47 26 38 21 37 31 20 39
14 3 6 9 7 2 7 5 16 1 8 13 13 12 2 10 9 12 7 9
19 12 12 25 28 12 13 10 21 20 22 21 20 21 16 24 14 21 11 15
19 9 14 19 29 21 23 6 30 14 25 26 23 24 15 14 28 11 17 22
3 4 10 12 13 2 7 1 16 5 6 17 11 4 1 9 12 11 4 10
16 21 9 30 28 8 18 21 16 23 11 29 36 19 13 14 18 27 8 13
9 6 10 13 17 4 2 9 8 5 2 12 9 10 3 12 5 15 1 4
7 1 2 4 5 2 6 2 17 1 7 14 11 3 2 4 11 1 7 6
14 11 5 17 28 15 18 12 24 12 16 15 20 20 13 9 23 12 5 17
20 21 19 28 35 23 25 4 24 19 38 30 20 29 22 23 32 18 9 24
20 13 23 26 29 10 21 8 26 15 25 31 20 15 19 21 29 26 15 25
13 11 12 21 22 13 19 16 15 23 14 19 28 25 9 14 19 13 1 14
15 23 10 23 25 16 22 16 25 18 23 19 25 19 22 15 25 27 2 22
27 6 27 33 48 22 36 4 50 33 39 48 27 38 14 42 36 29 20 37
29 22 27 47 50 24 49 22 54 36 44 54 40 27 19 39 48 50 30 49
27 17 36 44 47 16 14 22 27 30 30 49 43 39 16 29 17 37 7 24
5 19 35 35 49 23 27 7 30 20 37 45 27 31 20 43 35 45 2 31
1 3 1 8 6 1 3 1 4 2 2 1 4 2 1 5 8 9 1 3
16 17 14 26 34 23 35 19 39 32 29 32 26 32 17 32 32 33 9 34
1 1 1 6 1 1 1 3 1 1 1 1 8 1 3 1 3 4 1 1
26 39 38 40 44 30 41 27 26 40 42 48 48 35 40 31 47 39 14 36
10 6 7 15 20 8 13 5 21 9 11 16 13 17 5 9 19 13 9 12
2 3 1 15 21 1 1 5 2 11 2 9 6 8 6 6 8 9 1 1
8 1 4 6 12 6 5 2 13 4 6 10 6 12 2 4 11 4 6 4
11 3 5 15 16 1 7 1 20 7 9 17 12 8 1 14 11 19 5 12
41 40 35 53 66 28 47 25 46 41 42 42 38 49 36 40 53 49 17 44
5 7 4 16 19 1 10 1 12 9 5 13 12 10 1 7 16 14 4 9
20 10 11 22 19 15 10 9 20 9 21 18 19 17 12 18 13 15 12 13
22 23 25 39 41 17 28 18 23 22 26 35 28 16 26 27 35 39 14 30
7 21 24 7 22 29 21 16 23 14 27 28 30 24 31 28 23 21 9 18
19 19 32 36 43 32 31 24 26 43 33 48 38 38 24 32 34 25 14 27
10 16 20 25 34 19 15 7 10 10 19 17 17 21 19 17 24 23 8 11
18 12 19 22 27 14 17 19 21 21 18 36 32 15 15 19 15 20 12 20
15 13 9 20 32 5 21 7 34 15 21 33 23 10 6 13 26 25 13 24
7 8 8 1 11 14 8 2 13 2 16 9 6 20 11 10 11 4 2 6
1 1 1 6 9 1 3 1 6 4 1 4 3 2 1 6 8 8 1 2
3 1 3 6 6 1 5 1 10 1 3 8 9 2 1 1 10 4 5 6
10 8 4 16 19 4 10 7 14 10 8 17 19 12 6 7 14 13 4 11
24 18 32 34 42 18 19 15 36 13 28 40 36 26 22 34 26 42 16 27
29 31 48 53 66 19 24 31 30 43 42 57 46 42 34 47 35 59 8 36
9 33 22 27 34 31 27 18 15 11 26 22 33 36 32 25 31 33 5 16
3 2 9 3 11 3 5 4 14 1 8 9 10 12 6 14 8 16 1 10
8 7 10 13 18 3 2 6 11 4 10 11 11 10 8 7 9 16 1 8
7 9 4 18 23 3 11 5 8 11 5 13 11 18 1 7 14 16 1 9
7 4 6 10 17 2 1 5 7 5 1 8 4 8 1 9 3 11 1 1
8 1 1 7 7 2 2 2 6 1 3 4 8 9 1 2 6 6 2 4
13 1 7 23 26 12 17 1 22 22 19 31 15 19 1 17 19 8 10 17
35 26 29 49 53 26 38 25 41 41 47 54 49 27 31 45 45 49 20 48
3 3 4 7 13 4 8 1 9 6 4 7 5 11 1 5 14 6 4 5
14 13 14 22 23 16 20 4 29 10 23 27 23 23 12 24 25 23 11 18
16 21 20 32 40 16 13 16 14 19 21 27 27 37 18 25 20 28 3 11
28 32 12 39 45 20 32 23 40 31 31 24 30 31 21 24 39 33 6 33
4 7 4 13 17 1 9 7 11 11 5 15 16 6 7 8 13 12 4 9
18 16 17 20 27 18 22 9 31 12 30 34 30 11 15 22 26 22 16 26
38 31 43 45 55 26 38 29 49 33 38 60 60 39 32 34 43 49 29 39
4 5 4 12 17 4 9 6 15 9 5 19 19 1 6 6 12 9 4 9
36 34 40 40 47 23 20 37 36 31 38 49 52 33 37 24 37 47 21 30
22 26 32 37 48 18 37 9 40 32 39 42 26 30 25 40 43 45 18 38
7 14 20 33 39 19 24 10 17 33 24 30 22 27 21 26 30 22 5 19
31 29 35 39 51 27 42 23 57 30 51 42 43 25 40 38 55 45 21 52
33 19 29 50 62 27 44 15 55 45 54 61 47 39 16 44 46 39 21 52
40 24 26 57 59 14 44 18 50 37 39 56 48 39 4 33 45 47 20 42
2 1 4 6 14 1 5 1 10 8 3 12 8 10 1 4 11 2 3 2
22 26 24 21 31 22 17 24 19 13 20 18 26 40 25 22 22 34 8 10
24 21 20 24 37 19 16 26 33 20 22 24 34 37 19 23 20 23 2 19
14 27 17 30 29 14 25 23 8 27 13 26 28 19 24 13 30 28 9 20
26 23 32 36 46 18 19 16 25 17 31 41 27 26 23 30 25 35 12 22
24 29 23 30 40 22 33 6 36 28 33 29 25 34 28 33 40 41 23 30
10 4 3 16 12 4 9 2 16 6 10 14 14 13 3 11 12 15 4 8
20 22 8 31 29 1 15 18 15 16 16 22 27 14 12 5 18 27 8 17
19 19 21 38 44 20 31 11 30 22 24 34 25 29 15 26 37 34 17 28
7 11 1 15 17 4 15 5 15 7 10 12 13 9 3 1 21 13 6 13
3 2 14 22 29 1 8 1 17 16 9 27 15 10 1 18 11 16 3 13
7 4 7 8 18 8 7 8 12 9 6 10 8 16 8 13 13 12 5 4
16 17 21 23 36 16 22 20 39 13 27 25 32 21 22 22 33 33 7 30
35 35 38 53 61 26 51 23 62 42 53 53 50 36 33 42 57 52 20 55
38 33 39 49 57 37 35 30 36 29 38 59 55 39 32 29 42 42 28 30
11 6 6 11 20 10 10 5 19 12 12 19 9 19 6 13 13 9 6 11
3 7 9 13 12 1 7 1 18 4 11 14 13 4 5 17 9 24 1 14
9 17 18 23 30 11 14 2 19 15 25 26 17 16 16 27 19 31 2 21
23 19 13 43 46 6 26 17 28 32 27 39 37 22 15 18 31 30 14 28
25 21 25 31 39 25 30 19 33 32 32 41 31 21 28 34 31 31 21 30
19 20 13 33 41 13 28 8 34 29 28 28 22 29 16 24 33 25 4 26
19 19 22 35 40 21 30 8 27 26 35 36 32 25 25 32 34 30 14 27
11 1 11 16 26 10 14 1 27 15 22 30 14 18 5 23 17 16 7 20
21 21 22 29 42 6 29 21 48 33 35 43 38 13 28 32 39 46 21 39
10 11 9 13 18 14 9 11 10 7 12 8 17 22 14 9 13 12 2 8
10 14 18 16 23 10 8 2 11 3 20 15 12 19 14 18 17 23 1 10
43 45 39 50 51 34 30 38 27 32 44 46 47 48 41 25 40 44 20 30
7 24 19 21 31 21 24 14 24 14 27 29 30 21 26 20 31 26 7 20
14 18 22 28 37 18 27 7 28 20 28 30 28 29 12 27 33 27 9 21
1 2 1 7 4 1 4 4 6 2 1 3 7 4 4 8 7 10 1 4
1 1 1 10 11 1 1 1 3 9 1 10 7 1 1 9 3 5 1 1
7 11 5 20 19 8 11 6 9 14 14 14 15 12 13 13 15 17 3 13
32 26 27 46 45 10 27 16 28 16 28 45 32 24 13 24 32 45 12 30
1 1 1 3 11 1 1 2 5 6 1 9 9 3 2 4 5 4 1 1
7 9 5 17 22 3 15 4 15 10 9 18 14 4 3 6 19 14 9 14
17 17 19 29 42 12 18 13 26 16 19 25 19 26 12 19 26 27 5 21
10 5 2 13 8 3 7 1 12 2 10 11 12 5 3 3 12 9 6 10
1 4 1 11 14 1 3 1 7 10 5 6 3 9 2 9 10 8 1 2
9 20 27 20 32 23 18 13 26 11 27 25 28 26 27 25 28 29 6 19
15 15 6 19 22 9 22 13 33 9 19 20 22 16 12 11 28 21 9 21
20 4 11 28 31 11 10 11 18 18 15 30 29 23 7 15 13 10 9 11
16 22 9 26 29 10 21 11 19 18 23 18 15 20 16 9 26 22 1 21
1 1 2 10 13 4 5 1 2 13 5 10 1 13 1 13 6 7 1 3
16 21 28 28 47 16 28 9 40 24 38 39 29 18 27 37 38 48 18 35
16 23 20 40 50 21 35 23 37 34 35 39 27 34 20 24 41 34 9 35
24 12 17 27 39 11 22 11 32 20 22 30 28 29 8 17 26 17 11 21
26 29 19 33 46 15 24 25 32 23 23 29 35 34 15 16 29 27 2 27
37 33 44 61 66 32 45 15 35 39 52 59 46 46 29 49 50 49 18 43
16 9 24 36 44 21 29 11 34 32 25 37 23 33 21 39 34 38 17 27
26 33 16 39 47 21 36 25 34 35 34 30 31 28 30 18 45 25 9 35
20 13 14 23 22 4 12 10 24 7 13 23 21 19 4 16 18 27 9 15
3 10 4 18 20 2 10 1 11 9 8 16 9 5 3 7 17 14 3 10
7 1 10 9 13 9 6 2 16 2 7 15 9 5 6 9 10 6 8 7
13 22 28 21 35 22 26 9 32 12 40 31 27 25 32 28 37 30 7 31
5 7 1 15 13 1 8 5 5 9 5 10 10 6 5 7 10 11 1 8
6 3 4 7 13 1 7 1 16 10 5 14 10 7 1 15 10 13 5 8
31 19 26 40 46 10 32 20 44 26 32 46 48 24 20 23 36 36 22 34
19 6 31 37 48 12 21 4 35 29 36 47 32 23 17 34 28 31 14 33
22 9 31 35 50 16 32 20 46 44 39 47 40 38 21 47 33 43 9 40
24 12 25 34 46 22 38 9 50 39 48 45 27 31 20 45 42 43 17 49
24 41 25 34 41 26 44 31 35 39 37 42 48 31 42 31 47 43 26 33
18 1 18 23 29 11 16 4 25 15 17 26 23 18 8 21 19 18 12 16
7 4 9 14 15 2 3 5 8 4 2 10 10 15 1 9 7 15 1 4
12 18 24 24 35 17 26 6 27 20 28 28 14 36 18 41 28 40 8 24
29 31 35 39 51 18 23 21 30 25 35 33 29 47 24 31 31 40 2 24
4 1 1 12 17 3 2 2 1 12 1 9 7 12 1 5 5 7 1 2
1 1 11 11 16 1 1 1 12 10 10 16 12 6 3 13 5 10 1 8
12 1 4 13 10 10 11 1 17 1 12 14 15 6 4 8 14 7 11 12
7 4 4 6 11 7 4 9 5 1 4 4 9 11 8 6 7 8 1 4
23 45 33 43 58 42 43 28 25 38 47 42 39 49 51 41 51 42 14 35
11 7 9 12 19 3 9 7 16 11 5 10 8 20 1 16 10 19 4 7
11 14 20 28 38 23 28 15 31 32 27 34 20 32 1 27 33 25 11 28
5 10 6 17 17 7 6 11 10 8 4 13 19 8 9 7 11 16 1 6
1 1 1 8 4 1 2 1 6 4 1 10 9 2 1 2 2 4 1 4
18 9 5 18 18 8 18 6 25 7 15 16 20 17 4 11 21 18 11 17
14 9 14 21 28 4 13 6 19 14 11 20 21 26 1 11 18 13 1 11
1 1 2 8 15 1 6 1 5 9 1 10 1 3 1 11 9 10 1 5
18 22 47 36 53 29 25 16 30 18 36 46 47 36 34 44 32 44 13 30
1 9 2 9 11 7 11 11 6 8 1 10 16 9 9 2 14 7 1 4
14 22 24 23 34 16 28 6 35 11 32 32 24 20 24 32 34 41 15 28
11 11 18 19 30 16 9 9 15 8 14 19 14 19 15 22 14 20 6 4
23 19 45 37 59 16 18 23 29 33 34 51 41 39 24 45 25 44 7 27
3 1 14 16 30 1 4 1 11 17 8 24 10 16 1 20 7 18 1 10
1 1 1 3 6 2 5 1 5 1 1 2 3 9 1 1 10 4 1 3
14 6 13 10 14 8 6 11 19 1 12 16 15 18 9 10 11 11 7 9
28 27 29 28 41 29 29 31 31 27 20 40 39 30 29 18 34 26 20 25
1 3 2 10 11 1 3 1 6 6 4 6 3 7 2 2 12 4 2 1
4 12 1 5 11 10 16 12 18 7 8 7 16 13 13 8 19 13 1 11
13 1 2 13 11 6 15 1 20 9 13 21 18 6 1 8 17 5 11 16
5 14 31 17 33 22 15 11 20 13 30 32 34 22 33 37 22 32 7 22
17 21 34 32 45 25 26 6 28 18 39 43 27 27 31 33 35 29 14 27
12 1 11 19 23 8 11 5 20 19 13 21 19 18 7 23 11 15 4 11
38 29 39 40 54 33 38 26 40 40 36 52 51 45 24 40 38 38 21 31
1 1 7 8 14 1 1 1 13 4 4 16 3 4 1 12 9 7 1 3
9 14 12 19 26 9 15 11 16 20 18 19 15 16 18 12 21 17 1 18
9 4 11 7 17 13 12 1 21 10 12 13 10 13 8 19 13 16 11 11
14 11 16 9 16 18 12 17 20 9 13 21 23 17 18 16 16 14 12 11
39 29 27 50 49 26 37 25 36 33 47 49 51 29 28 35 44 43 22 44
40 42 47 57 64 33 32 32 36 33 42 52 52 51 26 33 42 51 22 30
3 3 2 14 16 6 1 6 5 14 4 14 11 7 9 12 4 10 1 3
31 31 20 36 47 25 36 22 42 36 35 19 33 43 32 30 42 34 11 34
13 15 20 26 35 25 23 9 26 17 25 28 25 26 23 25 31 21 15 20
6 1 8 7 10 5 4 5 8 6 5 10 6 9 4 9 4 10 1 7
12 5 18 13 27 4 7 4 30 21 23 27 20 18 17 31 15 27 9 20
32 29 37 44 57 36 49 13 56 27 55 60 54 39 34 52 53 52 33 51
34 26 42 52 66 35 47 22 63 48 55 56 51 47 30 54 54 44 14 55
3 8 5 6 7 13 10 3 12 3 11 3 5 17 9 8 12 3 1 9
34 19 21 30 37 20 21 19 33 9 26 33 33 29 11 5 31 21 19 21
14 14 20 24 27 19 20 9 27 5 20 18 17 24 17 21 29 28 11 20
46 39 45 56 67 24 34 40 51 36 43 66 63 36 37 32 44 60 33 43
22 28 21 32 30 25 34 20 25 31 34 44 40 13 29 24 35 32 20 36
36 20 36 48 56 21 32 20 47 26 38 58 51 31 22 39 33 53 23 40
1 1 1 5 4 1 1 1 5 1 2 3 1 5 1 3 9 2 1 1
3 1 1 5 12 3 3 1 7 8 3 7 2 9 1 5 7 1 1 1
15 3 22 12 25 16 12 10 31 11 23 31 28 9 20 19 17 18 15 22
4 5 3 10 12 6 1 1 5 5 6 4 1 8 5 5 9 6 3 3
24 21 24 40 43 12 24 19 28 23 24 36 26 38 7 29 28 47 8 25
3 1 1 9 10 6 3 6 5 7 2 7 13 6 7 5 6 6 1 3
3 4 9 14 17 1 7 3 14 10 9 17 8 12 5 22 11 20 1 11
25 5 19 22 28 15 21 7 34 11 20 30 23 19 9 25 22 27 20 23
5 5 2 8 8 1 6 2 9 1 3 9 9 4 1 3 6 12 1 8
22 13 25 24 35 15 18 18 31 23 16 35 32 23 17 26 17 28 16 17
21 21 16 34 40 24 32 12 38 26 32 16 26 36 21 27 37 25 5 29
1 1 1 6 11 1 1 1 5 5 1 9 8 4 1 1 5 1 1 1
23 36 30 38 52 32 46 34 47 52 47 49 47 28 40 30 55 40 13 53
20 21 17 20 30 17 28 2 38 21 34 24 19 28 20 28 31 30 13 32
6 3 10 12 16 11 11 1 16 7 9 17 13 9 6 10 17 10 8 10
21 11 26 22 40 6 20 9 41 29 27 40 31 18 17 37 25 40 17 32
10 6 1 20 15 1 10 2 11 5 10 16 16 9 2 4 14 13 3 12
1 5 5 8 12 7 12 1 12 2 7 10 9 9 3 2 18 9 4 9
8 21 28 38 46 23 29 9 26 21 31 39 20 31 17 37 36 42 7 26
23 27 30 30 49 15 31 12 42 25 45 38 34 30 29 37 40 50 11 38
9 18 4 18 24 12 19 14 22 17 17 20 22 15 17 8 27 14 6 17
21 10 19 36 37 10 19 8 30 18 19 35 30 23 11 26 23 31 14 21
3 5 1 5 12 5 10 5 11 3 4 3 6 13 5 1 16 6 1 7
7 6 3 13 9 1 5 4 6 2 2 5 9 11 1 3 11 11 1 5
8 7 8 11 16 7 2 5 12 2 10 7 8 17 8 12 11 14 1 2
38 15 49 50 65 25 37 25 57 39 47 67 46 29 23 51 43 53 31 49
17 5 17 22 23 15 17 1 26 8 19 29 20 13 10 20 22 18 17 20
30 36 35 29 45 35 48 31 52 36 47 57 54 24 45 31 53 43 33 48
12 6 3 18 16 5 17 1 23 2 15 19 17 9 1 2 24 9 11 16
13 1 5 16 16 1 4 1 13 8 9 16 16 11 1 4 6 2 4 6
13 13 9 14 22 5 5 15 12 3 5 10 12 22 6 2 12 11 1 3
26 33 32 36 43 27 40 29 37 49 37 47 44 33 34 37 42 37 13 40
11 7 16 13 22 1 10 7 23 19 20 21 15 12 19 25 16 29 3 20
13 31 5 28 33 24 30 23 23 31 26 18 30 23 31 15 33 22 6 23
36 42 28 45 49 29 39 36 37 36 40 45 56 41 30 19 46 34 16 35
11 7 1 12 14 9 14 4 17 9 13 13 14 14 5 6 17 8 8 14
26 24 18 26 37 27 34 25 46 21 31 33 43 25 24 20 38 25 16 35
6 24 28 26 43 27 26 5 23 14 31 33 22 33 24 31 34 28 7 25
17 2 14 25 28 9 15 4 21 12 15 26 25 14 7 12 17 13 13 16
6 10 11 13 18 10 3 13 4 7 2 11 18 15 11 8 6 12 1 2
7 7 7 13 13 12 11 11 13 5 6 10 16 14 12 5 17 11 6 9
21 8 23 35 43 25 29 12 37 27 30 44 29 32 19 29 33 23 20 29
40 42 47 51 54 36 35 37 29 27 40 40 44 47 44 34 45 51 24 32
20 41 24 31 38 34 42 27 23 36 34 32 35 32 41 27 46 42 18 31
12 10 14 18 28 7 10 13 12 12 6 18 18 23 6 9 16 15 6 7
22 8 24 33 38 17 20 4 35 15 29 38 32 22 13 27 28 29 18 26
16 24 22 19 34 30 27 18 35 21 37 28 36 30 34 28 32 21 6 30
41 30 34 49 55 22 47 21 57 34 45 46 46 45 30 37 51 46 27 47
9 9 5 7 13 7 6 8 9 2 5 3 4 19 3 1 8 5 1 4
5 1 2 4 6 1 1 1 9 1 2 8 3 7 1 5 3 4 1 2
3 8 9 15 22 10 7 3 9 12 13 13 3 16 13 25 10 19 1 5
2 2 6 8 12 3 6 1 13 1 3 13 7 4 1 6 10 10 1 8
11 7 9 21 23 7 13 7 19 17 15 22 24 19 8 13 19 10 6 13
31 23 41 53 65 15 32 27 49 43 49 63 50 35 24 48 38 56 17 45
25 20 19 36 41 11 24 13 30 18 26 33 30 25 14 10 32 23 10 26
4 2 4 7 12 1 4 2 6 5 1 9 5 5 1 7 7 8 1 5
40 31 30 47 47 18 45 27 53 32 42 55 52 22 31 30 48 43 41 46
43 23 32 44 56 38 51 8 62 33 54 61 50 32 26 51 54 50 42 52
24 30 23 45 51 35 41 16 38 34 47 36 38 48 29 40 44 32 8 37
27 23 16 27 28 14 22 21 24 16 27 23 24 25 23 13 29 22 9 24
9 15 17 17 27 17 12 7 15 6 15 14 12 29 14 20 18 19 3 4
23 17 23 32 32 9 19 8 30 4 23 32 30 15 9 16 26 35 13 26
23 20 33 36 46 15 20 14 31 13 26 39 37 26 15 28 24 38 12 24
8 4 8 13 19 2 3 8 11 6 1 13 10 12 2 14 5 17 1 1
3 6 5 10 13 4 9 8 10 5 4 11 14 5 8 4 13 9 4 8
35 34 33 45 51 19 33 23 27 21 31 37 32 37 25 26 41 47 15 30
27 33 25 42 53 24 26 31 24 34 27 32 34 38 29 17 33 23 6 21
3 7 3 10 11 2 11 6 12 2 5 9 13 6 5 4 17 11 4 9
3 1 1 3 6 4 2 1 8 2 5 8 9 6 4 9 6 6 1 4
17 16 33 20 40 25 33 25 46 35 32 43 37 19 36 44 38 39 23 35
1 2 1 5 7 1 5 1 9 1 1 1 2 11 1 5 10 9 1 3
5 1 1 4 7 5 1 1 8 6 4 8 5 6 1 10 4 6 3 3
11 8 15 15 22 2 1 9 8 5 3 16 11 14 1 12 1 18 1 4
23 12 26 28 37 15 13 18 23 15 14 34 32 22 15 19 17 25 14 15
41 28 36 44 53 7 30 22 40 30 42 51 45 27 23 34 37 57 18 43
13 17 11 25 26 15 21 5 17 13 25 26 23 23 14 18 23 21 8 17
8 18 20 25 33 12 13 6 9 14 18 23 15 18 20 20 21 23 1 11
21 9 12 29 31 13 15 13 26 20 21 31 32 18 11 14 23 16 14 19
43 32 24 54 58 23 58 23 54 47 50 58 49 25 36 37 61 52 39 55
9 10 13 19 24 2 11 6 17 6 8 20 15 10 1 12 15 20 5 14
3 10 9 20 22 9 8 1 6 10 15 14 15 17 10 16 11 16 1 6
13 18 8 23 28 15 20 17 24 17 16 11 18 25 18 13 27 22 5 17
11 16 16 16 24 24 19 16 18 14 16 21 27 16 23 12 24 16 13 14
3 1 5 11 13 2 2 1 6 9 3 11 4 13 1 9 5 5 1 2
20 12 22 27 31 14 13 17 28 14 18 34 37 18 14 21 15 26 11 19
1 1 8 6 5 8 4 4 8 1 6 8 5 9 6 9 8 7 1 6
3 4 7 12 12 5 8 1 9 1 6 8 7 3 4 3 14 9 7 7
1 1 5 6 11 1 11 1 16 6 1 10 4 7 1 13 14 14 5 8
6 3 7 6 7 5 3 4 6 1 3 7 5 8 1 10 4 11 1 5
15 16 6 27 27 1 14 10 18 13 14 19 25 20 5 11 17 27 3 14
15 10 15 32 39 3 25 7 33 28 19 36 22 27 2 29 26 33 7 23
26 28 37 37 41 28 35 12 26 19 43 43 32 27 33 32 43 38 21 36
10 5 7 7 12 9 4 2 8 1 11 6 10 15 6 11 7 11 3 5
17 12 25 14 31 24 21 12 30 13 23 27 24 28 24 33 24 29 14 16
31 35 27 39 50 23 29 31 41 24 33 41 42 34 27 22 37 41 18 30
15 14 2 20 22 8 18 11 18 15 18 16 19 13 16 9 24 17 4 17
22 24 21 30 33 14 22 17 9 28 24 24 17 22 23 21 27 27 13 23
14 19 10 26 22 7 18 13 9 11 16 11 17 17 16 7 24 24 1 17
11 13 2 14 21 13 17 15 17 14 13 5 16 21 16 7 22 7 1 15
11 12 10 17 15 5 12 10 13 10 14 15 16 5 16 9 19 16 7 14
10 12 15 22 25 4 8 9 8 7 8 16 12 10 9 8 15 20 2 10
39 27 44 52 55 29 29 28 39 28 33 48 49 49 23 34 38 45 20 26
27 40 38 42 57 30 41 15 30 21 40 36 29 47 34 36 48 52 14 34
14 21 25 29 38 15 27 17 33 35 31 35 35 24 30 35 32 40 9 31
23 21 9 19 23 20 18 26 24 15 18 13 27 28 21 11 20 14 6 16
6 12 17 11 19 20 13 12 18 20 17 27 26 18 21 26 13 13 7 8
45 35 40 58 67 28 43 23 52 33 52 52 53 45 29 31 50 40 16 49
32 26 38 48 64 24 41 24 43 48 47 53 42 42 35 47 45 46 14 46
42 30 42 51 66 26 46 28 58 38 54 59 51 27 39 39 57 52 31 57
13 12 17 26 31 6 15 11 17 17 12 23 15 26 9 27 16 35 2 15
9 7 11 15 21 1 5 4 16 9 7 13 6 17 3 16 11 23 2 8
36 26 35 54 59 29 52 13 50 36 53 52 33 42 26 46 57 56 27 51
9 2 8 18 22 1 7 4 9 16 6 16 16 15 2 10 8 8 1 7
1 1 14 9 14 9 7 1 18 6 9 16 9 7 6 19 11 16 6 11
31 15 9 49 53 37 45 20 47 44 46 46 37 32 12 34 51 26 22 45
29 27 25 41 41 15 23 20 24 11 23 31 35 24 17 9 31 38 15 23
31 44 38 41 46 33 39 33 32 36 49 46 46 29 47 44 43 53 21 43
45 39 20 51 58 31 55 32 58 39 48 46 52 35 39 28 59 48 34 51
5 3 8 16 21 8 9 6 11 11 7 16 9 10 8 15 14 13 8 8
15 12 9 20 27 2 17 8 27 12 16 30 21 7 5 8 22 21 13 21
23 15 8 22 30 14 25 12 31 24 26 22 20 23 20 18 28 23 12 25
19 1 14 30 33 15 15 6 24 15 19 35 26 14 10 21 18 16 16 17
31 44 34 46 49 23 23 25 25 14 38 42 43 37 29 18 37 48 15 24
8 11 5 25 20 1 12 3 16 14 13 18 18 8 4 13 14 20 2 13
2 14 15 18 27 20 16 11 9 23 15 29 27 20 21 21 21 13 6 8
25 30 21 41 42 1 23 23 21 21 21 33 29 15 18 9 30 38 11 25
18 15 31 26 43 9 10 16 29 15 19 36 30 28 11 23 20 34 8 17
2 2 1 11 8 1 2 1 1 3 1 5 8 6 1 2 2 8 1 2
37 30 17 38 47 26 34 22 41 22 36 31 40 41 18 23 37 32 15 32
23 16 24 27 38 29 39 18 40 43 32 49 38 33 24 39 37 31 24 36
11 6 21 22 33 6 15 5 36 19 22 40 29 5 11 28 22 29 14 27
27 11 17 32 33 22 26 14 33 17 27 33 34 19 20 18 34 21 25 26
9 8 8 15 16 1 4 10 12 2 3 7 10 13 6 9 10 18 3 3
14 4 12 23 29 4 12 5 21 18 12 26 21 17 3 18 15 15 9 13
38 29 34 47 48 28 46 19 43 34 47 53 39 29 33 45 50 49 32 49
40 33 35 53 55 27 27 26 36 26 38 47 44 39 28 24 41 46 25 29
28 34 34 48 54 29 41 17 31 34 43 45 31 29 34 35 48 45 23 40
12 6 10 23 27 11 7 8 18 17 17 27 19 15 13 19 12 13 8 11
13 14 15 23 24 5 10 15 14 8 8 21 26 20 7 13 14 25 1 13
11 6 24 32 41 9 16 5 25 22 19 36 20 24 6 27 23 29 7 20
11 5 3 11 8 4 9 8 14 2 10 9 15 14 7 7 11 11 5 9
17 15 9 29 26 17 25 15 20 18 22 29 31 23 12 11 24 20 9 21
37 30 20 49 45 11 24 29 28 27 32 43 52 30 19 15 29 38 16 27
30 25 33 54 57 14 30 19 31 28 28 46 42 39 14 30 37 43 12 28
27 24 22 44 46 14 34 14 42 26 32 37 37 30 11 25 40 39 14 32
13 20 24 37 47 21 35 17 43 27 37 42 27 32 12 28 42 36 9 40
14 14 23 30 45 19 28 7 37 29 34 39 23 39 13 39 31 31 2 29
7 13 15 20 35 12 19 9 29 20 20 31 22 21 11 24 25 22 7 21
6 10 15 11 16 13 11 8 17 4 12 14 12 15 14 22 15 21 5 10
26 26 27 23 40 37 35 22 38 20 33 24 31 42 37 33 38 32 16 25
6 3 3 12 14 1 3 1 10 10 9 15 7 6 3 3 9 6 1 7
3 9 9 6 7 13 10 15 7 11 3 12 17 5 15 8 11 7 6 7
3 12 3 13 13 5 13 4 12 9 11 5 5 11 9 8 19 14 1 12
18 27 40 30 45 38 40 33 34 43 29 43 32 45 26 42 42 43 21 31
20 18 13 28 30 2 22 10 31 14 28 32 27 5 16 9 29 29 14 30
21 16 8 23 28 11 26 10 34 14 25 33 26 15 11 12 31 19 18 26
39 37 37 54 62 43 38 30 43 27 50 57 56 42 32 34 50 45 27 36
11 37 42 37 57 38 46 23 39 45 44 55 43 38 45 47 54 52 16 44
5 2 8 9 17 1 1 3 7 8 3 13 5 9 1 14 2 12 1 5
24 29 28 24 45 37 42 12 43 27 37 35 33 38 38 39 45 38 22 33
23 13 42 33 48 26 25 23 37 33 35 45 46 28 31 40 33 34 17 31
4 1 1 6 6 2 1 1 4 2 3 5 4 3 1 2 3 4 1 1
2 1 11 6 15 7 3 1 18 1 13 15 6 10 3 10 11 6 3 7
23 24 37 36 44 24 22 11 31 23 40 39 36 36 19 44 24 39 4 26
25 19 13 33 39 26 29 16 34 27 34 27 36 29 23 22 34 19 14 26
35 26 39 44 65 30 32 24 47 35 48 56 46 54 26 45 35 39 12 35
20 6 12 29 29 12 19 4 28 13 17 31 28 14 3 15 24 18 17 20
9 2 12 11 13 10 12 1 26 1 17 21 13 8 4 10 18 9 11 15
