1000 20 11 2661
5 4 7 9 11 3 3 3 1 6 8
13 3 1 2 3 2 3 3 2 8 3
3 0 4 2 5 7 4 9 3 4 4
5 4 17 6 2 5 8 2 11 9 17
5 9 18 9 23 1 1 1 7 7 11
7 9 8 7 11 2 13 11 10 14 9
4 8 8 10 1 6 2 2 3 6 2
4 4 5 2 10 9 5 3 5 3 5
15 4 0 18 21 6 9 4 8 1 3
8 1 6 15 6 1 5 7 12 15 2
18 4 11 5 8 5 22 10 4 4 9
1 9 8 7 2 6 2 3 14 3 4
5 4 10 1 9 1 2 3 2 2 2
7 2 9 3 5 12 3 2 4 1 1
11 24 10 8 14 10 4 11 4 4 1
6 5 5 1 7 2 0 14 4 3 1
2 7 2 2 2 0 4 6 2 1 4
16 10 12 21 4 4 5 2 7 3 2
4 1 6 5 5 14 1 7 11 12 9
5 6 4 0 9 2 14 14 12 3 8
8 8 12 0 1 5 8 3 7 8 1
11 2 0 10 4 9 4 3 6 2 6
4 8 4 5 10 5 19 5 16 19 6
4 3 2 2 2 9 6 5 4 3 0
2 3 1 6 2 5 3 6 1 5 2
12 7 3 11 0 9 23 4 2 1 2
1 3 5 12 8 6 10 2 0 6 6
4 2 3 8 8 2 2 1 11 23 10
1 13 11 2 11 9 7 22 4 3 14
6 3 3 3 2 6 6 8 1 5 4
4 13 1 6 9 12 8 7 3 12 2
3 5 4 3 2 2 6 3 5 2 3
12 10 4 12 8 4 13 0 17 6 2
11 4 24 7 4 4 7 2 0 17 12
4 14 5 5 13 3 2 16 8 14 1
16 11 1 1 11 3 4 5 22 0 18
8 11 6 9 8 8 0 7 2 25 6
6 5 1 1 0 4 3 4 2 3 1
8 21 10 9 0 6 0 1 17 9 21
5 6 0 7 2 4 12 9 1 5 5
0 1 6 11 1 6 3 5 9 3 6
7 14 6 6 1 10 7 7 13 11 0
0 2 2 1 11 4 5 1 6 2 5
9 1 11 7 12 4 3 3 2 14 26
0 12 3 4 4 4 7 2 8 9 1
15 21 13 3 7 14 2 9 12 1 6
3 2 8 0 1 10 3 0 4 1 1
4 5 0 5 4 6 4 2 2 8 4
3 1 12 13 4 7 17 5 2 3 2
12 14 10 9 9 1 5 2 12 14 17
5 3 2 8 3 19 13 13 15 4 4
3 1 0 1 10 2 15 5 17 10 11
4 2 2 16 7 5 14 1 2 5 14
2 2 3 0 1 3 5 14 10 1 8
7 1 8 19 3 11 1 5 5 3 5
2 2 11 2 3 9 7 27 10 2 11
0 3 15 1 10 3 6 3 14 4 3
4 19 15 4 10 18 3 1 11 7 7
16 3 24 10 2 7 10 1 18 3 1
3 4 1 2 10 1 12 2 0 4 9
10 2 8 8 8 13 20 2 4 11 13
12 5 3 8 4 2 10 5 2 9 5
2 2 0 5 3 2 6 0 7 5 8
2 6 9 5 10 13 2 5 1 5 11
2 3 3 3 2 4 0 6 3 7 0
14 3 9 3 10 2 5 8 4 4 2
13 16 3 11 4 0 3 0 16 24 6
2 4 7 3 14 11 1 6 11 2 0
1 2 2 3 6 2 9 0 1 6 7
7 12 6 5 10 4 6 12 8 3 5
4 3 3 13 2 9 3 9 5 9 10
4 8 7 12 3 14 12 5 1 6 14
3 10 4 14 3 8 5 1 0 2 3
13 6 7 12 8 2 1 2 6 4 9
7 7 8 11 15 10 3 3 18 12 10
2 5 3 11 6 4 7 26 2 8 3
2 3 6 1 6 4 2 5 4 2 0
5 3 9 2 4 2 0 3 2 6 1
8 8 2 2 5 3 3 11 5 2 2
4 5 13 0 2 24 6 4 1 11 2
9 3 1 8 9 0 7 9 4 4 5
4 7 5 6 5 8 17 3 2 15 2
1 2 1 4 5 10 9 3 1 1 5
2 0 6 0 11 9 4 8 2 7 3
2 3 5 8 13 5 4 12 4 2 6
17 1 13 12 5 5 9 6 5 10 10
1 6 13 10 12 21 3 15 4 1 5
6 5 11 12 9 11 3 9 3 14 4
0 5 7 14 0 4 14 4 7 2 2
5 12 0 3 15 13 0 8 18 14 18
20 13 3 5 13 4 10 5 14 7 17
5 2 6 8 1 1 5 3 3 2 19
2 11 6 8 9 9 10 6 1 3 2
1 4 1 4 4 2 3 2 4 2 5
16 16 1 9 10 9 5 2 19 16 1
7 0 1 12 4 3 4 6 12 2 8
15 4 7 0 1 7 6 10 1 1 5
1 18 12 2 7 14 17 15 1 7 15
4 7 4 1 3 11 1 13 8 4 1
1 6 0 6 4 3 2 1 3 7 4
10 9 10 3 4 6 4 3 2 2 8
6 9 8 3 4 5 10 5 5 6 7
1 1 11 0 7 6 1 3 5 6 8
6 11 14 5 1 12 7 9 1 21 13
3 1 0 3 6 5 0 3 5 8 6
10 6 0 7 15 5 12 22 3 2 6
4 9 3 5 4 6 9 6 18 3 22
11 8 1 8 16 17 18 2 11 7 4
8 6 0 14 3 4 2 0 6 11 6
2 18 7 1 6 0 8 1 6 4 24
1 2 1 0 0 10 4 0 5 1 1
2 0 5 2 2 14 7 3 5 17 6
6 0 5 3 4 1 5 7 1 4 1
6 4 5 5 6 8 1 2 2 6 2
14 5 6 5 3 4 6 7 1 1 4
2 9 20 15 6 7 17 0 9 18 8
12 8 27 6 8 2 1 8 10 19 2
3 1 1 4 4 1 5 5 6 5 3
8 9 9 8 7 5 8 2 3 22 2
7 3 3 3 5 0 2 4 3 1 0
4 3 2 6 4 4 4 6 1 4 0
6 10 8 16 2 8 8 16 1 5 16
15 5 14 7 7 12 9 9 1 12 7
0 5 16 2 12 6 11 5 3 8 25
2 8 2 12 5 4 3 0 9 11 19
8 8 1 1 7 2 13 11 21 4 14
2 1 3 10 11 3 3 8 4 1 4
2 5 4 2 6 6 0 5 3 2 6
1 3 20 4 2 0 8 30 3 6 11
12 5 1 3 5 1 3 4 5 0 4
0 5 1 10 10 0 2 0 10 0 5
1 6 6 7 12 17 2 4 10 8 7
4 3 14 1 13 22 1 1 3 24 3
0 6 11 24 10 11 2 2 11 13 2
6 10 1 1 0 5 7 5 2 0 6
10 0 0 1 1 5 3 3 2 3 3
5 5 1 15 15 9 10 6 5 2 1
4 0 10 9 10 0 7 6 5 5 7
12 1 0 4 12 12 0 7 0 14 14
15 12 2 3 4 19 2 10 8 1 0
11 9 1 11 7 16 2 5 10 1 2
10 9 7 0 2 16 11 5 4 8 3
18 0 9 2 4 7 1 7 8 9 21
1 4 9 15 1 5 17 19 2 7 2
11 5 18 1 2 2 2 0 1 1 13
0 5 5 10 2 9 4 3 8 4 3
9 15 20 17 11 4 7 0 5 8 3
12 1 5 9 0 2 4 5 5 9 22
5 6 1 2 12 0 6 2 1 7 3
2 5 2 4 4 2 2 2 4 5 7
3 6 4 7 10 5 7 7 4 5 11
2 7 6 4 0 0 3 2 1 3 2
1 14 5 13 2 2 20 2 2 0 12
4 1 6 7 0 26 1 12 10 6 6
3 2 4 3 1 26 2 1 2 16 8
0 4 1 6 23 3 3 0 10 14 10
5 9 16 7 3 9 3 0 1 15 2
2 5 6 8 3 7 3 17 12 8 3
16 5 3 6 8 12 11 11 10 2 5
1 2 5 7 19 3 17 15 19 1 8
6 1 8 8 2 1 0 4 5 2 13
4 3 4 4 2 0 2 7 16 2 1
2 1 1 3 7 3 0 0 2 5 5
2 12 9 17 4 2 2 6 11 15 1
4 5 1 2 16 9 12 4 10 17 16
5 0 2 1 4 2 3 8 5 2 6
6 3 12 6 1 10 3 6 17 3 12
5 3 0 18 4 2 1 16 16 1 1
1 0 3 9 2 5 1 1 5 13 4
1 5 14 5 6 8 5 8 8 12 2
12 2 9 15 11 5 6 19 2 4 3
9 12 9 2 18 2 3 11 3 7 8
27 16 4 1 9 3 12 9 17 1 4
19 11 18 1 1 9 10 7 12 17 4
5 7 8 2 15 10 12 5 12 1 16
5 11 19 8 1 22 10 4 6 5 4
5 5 3 11 7 4 4 6 8 5 4
4 2 9 12 26 3 0 4 8 7 7
1 0 9 15 16 17 9 10 7 4 1
2 10 0 1 15 14 9 23 7 1 12
3 11 2 0 5 3 2 7 12 4 5
12 1 1 2 8 1 7 3 6 10 18
6 1 7 8 3 11 5 7 3 1 5
7 16 6 9 0 7 4 14 0 18 1
1 2 0 1 3 0 8 1 5 1 3
4 3 3 8 6 14 10 6 11 12 17
11 3 2 0 1 4 1 0 5 0 4
0 1 4 10 9 2 3 8 10 15 2
2 3 1 0 6 0 3 6 7 10 6
1 8 3 6 5 5 3 4 2 5 7
3 16 18 0 2 0 11 3 3 19 20
5 6 10 12 7 12 8 3 7 0 1
1 2 9 12 2 3 2 12 1 3 8
5 2 1 2 5 6 1 4 6 2 1
4 7 15 8 20 10 14 11 4 15 7
5 7 7 6 9 9 8 5 4 0 1
2 7 11 5 2 5 18 11 13 6 7
11 16 2 11 11 13 9 2 20 3 2
4 0 4 1 3 7 2 4 4 5 3
4 0 10 9 2 6 0 1 3 4 5
12 13 10 7 4 2 4 11 11 8 8
6 0 2 1 7 2 3 0 1 1 4
6 17 6 12 15 4 2 10 12 8 3
10 2 3 1 6 0 6 2 5 0 6
4 20 7 26 5 5 9 4 4 12 10
8 2 12 2 17 4 7 4 0 5 5
0 5 7 1 13 12 9 2 2 4 6
1 6 4 0 0 2 6 4 3 8 0
5 3 9 12 12 12 7 2 1 2 7
5 11 5 4 6 1 10 4 12 11 6
9 12 20 1 12 1 21 15 3 3 10
3 6 5 3 0 2 1 2 2 7 4
8 1 1 2 4 6 10 5 2 4 6
6 1 2 8 7 7 9 2 8 8 3
7 4 7 1 3 3 2 2 1 3 1
11 5 3 4 18 14 2 8 7 14 17
1 11 8 2 9 11 8 9 7 2 12
0 5 4 1 8 6 0 12 1 5 6
5 0 1 5 1 3 2 8 1 5 1
4 1 5 5 1 0 7 2 17 6 8
5 9 8 1 1 10 1 7 12 8 3
9 8 1 20 5 8 6 7 9 3 1
7 3 3 10 4 6 4 9 13 11 2
13 5 6 1 1 12 2 16 11 17 4
4 6 15 7 1 6 7 2 4 0 1
17 12 6 11 1 3 14 9 0 6 1
12 6 8 15 22 7 2 21 7 1 4
2 19 7 19 16 0 8 2 4 15 6
11 13 7 13 8 9 5 15 26 4 3
6 0 13 0 3 22 8 6 13 1 2
1 5 3 5 5 9 10 13 6 6 2
1 3 3 4 10 6 2 10 4 8 1
1 13 4 2 9 6 11 7 12 4 11
8 4 1 10 7 6 2 4 2 5 5
2 5 5 1 2 6 3 4 2 0 6
5 6 1 7 5 3 5 1 7 1 1
3 6 6 2 6 3 4 1 2 3 2
0 5 2 0 1 0 2 5 7 1 1
1 12 2 1 1 6 9 6 13 12 9
9 8 4 0 1 5 1 4 4 7 3
2 4 3 11 6 1 3 6 5 4 2
1 0 5 6 10 8 2 5 3 8 10
3 2 1 1 5 14 7 4 5 6 1
7 5 1 6 4 3 0 2 8 4 1
0 15 0 3 21 6 21 6 3 5 18
5 10 3 5 18 7 6 10 5 3 7
11 21 19 2 16 8 3 0 0 8 3
8 5 4 15 11 0 0 6 6 3 4
8 5 10 13 2 2 2 1 11 9 17
10 8 22 2 5 14 2 14 9 17 0
6 4 9 4 3 2 7 8 5 3 6
6 2 1 13 4 7 21 16 8 13 1
0 1 4 3 2 5 5 4 3 0 7
6 10 1 5 8 6 8 1 3 1 5
23 10 6 0 11 1 8 7 14 13 14
3 11 11 8 20 0 15 9 13 19 7
8 11 8 23 10 1 20 14 2 6 1
6 4 2 4 11 3 7 1 4 1 3
14 11 2 14 1 3 10 14 0 2 7
0 0 9 10 14 6 9 21 4 9 9
4 6 9 6 2 5 12 6 11 5 8
5 2 6 5 2 4 0 1 1 1 0
4 5 2 0 6 7 4 4 7 14 5
0 4 9 4 4 7 1 2 2 8 2
14 7 2 0 11 5 1 0 28 3 10
10 9 1 2 3 2 8 1 3 10 3
1 3 3 1 2 1 1 8 1 5 3
3 5 2 14 13 9 24 14 10 3 11
7 10 6 3 4 4 6 1 9 4 4
7 3 6 3 1 5 2 1 11 4 6
2 8 1 5 2 1 1 1 3 11 1
5 5 3 3 2 7 1 1 8 3 3
1 2 1 12 4 4 5 4 6 9 2
7 14 9 5 5 4 5 6 3 6 15
10 14 1 10 13 8 1 22 2 13 8
27 5 4 6 18 7 1 9 13 1 5
5 10 5 2 0 4 5 3 1 4 0
0 2 13 6 5 9 9 7 0 10 2
11 4 3 1 8 5 0 14 13 2 6
4 2 9 2 3 2 9 1 5 1 0
12 1 9 3 2 1 20 11 6 6 9
16 4 2 18 3 12 3 3 8 13 3
2 8 1 6 14 14 13 10 4 7 2
4 18 6 1 7 1 0 20 9 4 12
10 15 3 0 7 22 1 16 4 11 10
9 1 1 7 6 5 5 7 5 3 9
0 3 7 5 6 13 6 2 1 2 13
21 3 2 12 5 17 12 18 6 4 8
7 1 0 11 4 5 3 6 2 5 5
6 10 17 6 11 19 12 10 15 5 2
2 6 3 1 5 1 2 2 2 4 3
10 12 4 3 7 8 5 1 3 2 2
1 2 4 7 5 4 2 1 15 2 3
1 20 9 1 0 12 10 12 16 0 4
6 14 14 1 0 11 5 19 14 19 1
3 12 3 3 14 9 6 28 10 0 9
5 4 5 18 4 13 18 4 15 12 3
17 2 16 4 2 2 2 3 5 7 3
15 21 3 9 4 11 1 3 8 6 14
6 5 11 18 9 8 7 8 8 5 5
13 8 16 7 5 11 24 3 4 0 1
3 1 10 14 4 2 5 1 2 2 1
6 10 5 19 7 9 8 3 16 4 3
6 1 3 3 4 1 3 3 3 3 2
2 2 1 1 7 3 3 1 8 3 2
2 7 0 6 3 1 1 17 5 1 18
7 6 0 2 4 6 11 14 14 3 4
2 6 4 11 7 7 6 13 5 1 5
11 19 12 5 12 7 1 7 8 0 13
8 9 1 1 4 3 15 5 9 1 13
3 5 3 0 1 4 4 7 16 8 2
3 0 2 3 1 8 4 1 5 1 2
8 20 11 5 12 6 13 2 6 20 3
7 13 2 29 19 1 6 3 5 3 3
2 1 8 3 5 3 10 3 5 3 9
13 4 14 15 3 8 11 15 1 2 11
12 5 12 8 5 3 3 11 11 20 6
3 4 4 0 1 1 1 1 8 0 3
1 7 10 0 6 10 3 10 8 5 15
6 14 15 9 8 6 5 23 0 14 4
2 5 0 1 1 2 11 3 3 4 7
12 7 10 1 7 13 2 8 13 1 0
7 4 1 7 5 17 6 15 13 17 11
2 5 1 9 2 3 3 3 3 0 2
11 2 10 0 6 1 1 5 2 0 1
1 3 5 3 0 0 1 10 4 4 2
1 2 16 1 8 2 1 10 5 8 4
11 9 6 2 2 10 2 11 6 22 9
13 9 15 3 4 1 2 0 20 8 6
6 1 10 7 0 14 7 16 4 0 1
9 4 6 0 8 18 22 4 4 4 10
7 9 4 8 16 14 9 6 3 3 15
1 5 2 2 5 7 6 9 1 4 10
4 2 10 7 20 16 5 21 6 1 8
10 5 6 4 1 2 3 9 5 2 3
6 5 9 3 5 15 2 10 15 19 9
9 4 9 6 5 9 2 9 26 6 16
14 7 13 16 13 11 5 8 3 12 3
0 11 1 6 4 3 8 3 4 6 5
0 0 12 4 0 4 18 6 16 7 4
7 12 2 6 10 7 3 7 1 12 2
3 1 8 4 1 0 24 12 11 10 7
2 6 5 6 1 1 9 7 2 0 3
7 9 17 4 18 13 1 4 1 13 12
7 1 0 4 3 2 6 4 2 9 3
2 2 3 7 6 14 2 7 9 3 4
11 3 11 8 13 9 10 7 2 14 7
11 17 7 8 9 3 20 8 2 0 6
7 3 8 0 3 5 3 2 4 3 1
3 21 1 9 10 14 13 8 10 5 5
2 3 7 16 8 2 5 6 5 13 6
5 7 0 3 8 12 4 0 2 3 6
6 5 4 4 5 2 5 4 6 5 0
12 1 14 5 7 7 18 7 11 6 15
19 1 11 1 3 6 10 3 2 6 1
7 6 16 9 9 2 1 9 5 3 22
4 6 0 6 2 4 6 5 7 1 0
4 1 3 5 4 0 1 1 1 4 4
1 6 8 16 13 10 13 7 6 10 13
4 7 18 4 12 12 8 11 19 2 1
2 4 6 1 2 4 5 1 2 3 3
2 2 3 5 4 3 3 3 7 10 11
11 8 1 1 21 6 2 9 16 10 3
6 3 5 16 14 9 0 5 11 4 5
20 7 7 8 5 5 4 17 8 4 1
4 14 1 9 14 4 8 11 9 3 17
4 4 9 12 15 18 2 15 2 0 3
20 6 15 7 1 14 5 13 7 3 12
8 6 4 2 8 12 7 3 9 7 4
3 8 5 6 0 8 19 6 3 12 10
9 1 6 6 14 4 5 11 10 24 8
4 9 11 8 1 1 4 1 3 21 10
3 7 6 4 0 3 8 0 3 6 8
2 12 14 7 3 10 5 9 19 20 12
6 1 10 11 11 5 5 8 3 3 8
3 10 8 12 15 26 5 5 3 7 1
5 7 2 16 3 5 14 6 11 9 5
14 1 5 10 5 1 6 1 11 8 14
9 7 7 2 3 1 14 0 10 19 8
1 24 13 7 5 7 5 11 1 1 6
2 2 8 11 1 14 2 1 33 1 2
6 28 0 12 4 6 3 5 16 7 1
6 4 2 2 3 4 5 3 9 11 12
3 5 0 6 10 3 0 0 7 5 12
7 6 4 8 3 4 9 2 10 8 7
6 5 2 13 1 1 13 18 12 4 8
2 4 4 7 5 5 12 1 10 4 1
3 7 5 7 5 6 4 3 5 6 6
2 10 10 11 2 15 3 7 4 3 0
5 4 9 8 3 2 8 2 4 5 5
4 4 9 8 2 2 3 3 3 0 1
1 1 2 1 2 2 4 3 2 6 5
7 6 7 5 15 5 6 5 4 10 8
13 6 1 7 4 11 5 7 7 8 26
1 2 1 2 2 2 8 3 8 3 2
5 8 7 7 14 2 2 7 12 9 5
4 3 4 4 4 0 9 6 2 2 3
3 5 3 2 7 5 4 2 7 3 15
8 13 6 0 7 9 11 11 15 3 14
1 6 5 2 1 1 2 2 4 3 0
3 1 6 6 6 6 6 3 2 6 10
5 4 7 0 5 2 3 1 3 0 1
0 4 1 1 3 3 1 6 2 1 5
10 0 5 2 1 0 13 7 11 14 10
8 2 4 23 19 2 7 1 19 0 15
5 13 6 9 9 14 10 1 5 14 6
4 6 13 3 5 17 6 12 1 2 2
6 11 16 10 1 1 3 3 7 6 9
0 2 12 5 6 5 6 2 6 4 0
1 1 3 8 7 12 5 1 2 10 9
19 9 7 9 3 10 10 5 3 8 2
2 2 0 9 7 12 9 17 4 20 3
6 3 6 6 6 2 4 1 1 6 11
4 3 0 1 11 17 2 4 2 2 15
3 2 2 3 0 0 4 7 3 3 12
2 3 7 1 1 9 3 4 0 3 5
11 0 13 0 14 13 13 2 4 2 8
17 16 2 4 6 12 1 5 8 4 0
1 3 3 4 1 0 7 6 3 4 2
2 2 6 5 4 6 10 9 5 2 11
15 3 10 19 8 10 12 11 4 6 2
11 2 2 9 5 13 10 4 11 6 3
13 5 0 9 3 29 7 8 6 10 2
12 4 0 14 14 5 9 4 1 9 9
7 0 4 3 5 3 1 5 3 6 0
3 7 2 6 7 1 11 2 0 6 9
2 3 6 1 2 6 1 7 3 6 2
4 5 2 0 1 1 4 3 3 5 4
0 3 1 14 1 14 0 1 0 1 9
16 7 7 6 5 13 6 6 7 1 15
0 3 0 2 1 2 1 8 5 2 3
9 9 9 10 19 2 4 18 2 7 3
6 2 1 18 1 6 11 2 12 21 12
3 6 8 1 1 3 2 2 4 7 3
3 5 16 11 7 16 14 4 15 7 1
3 4 2 8 7 12 3 9 3 8 13
0 8 2 6 10 5 3 0 0 1 1
9 2 3 6 6 0 12 0 20 15 5
4 21 8 13 2 19 4 7 2 3 20
5 4 4 6 3 3 4 2 3 7 2
5 4 3 1 8 13 4 9 3 6 2
19 7 9 3 4 6 4 2 1 12 11
7 6 11 2 16 5 4 12 2 4 3
8 9 13 7 12 6 14 17 4 4 0
2 3 7 2 7 3 6 4 1 2 2
0 12 3 2 1 1 2 3 0 1 1
4 3 0 2 10 10 6 3 2 4 5
6 1 0 4 2 5 1 3 6 0 3
11 10 4 8 13 8 14 8 10 7 11
28 2 12 9 2 6 5 0 6 13 10
2 8 1 1 2 6 2 5 2 1 0
18 15 24 2 7 4 11 4 5 9 13
11 7 4 18 6 4 3 7 4 3 4
3 14 6 2 5 2 2 4 8 6 7
3 1 2 0 5 3 1 1 14 7 1
10 13 0 8 6 1 7 2 1 3 0
1 1 5 6 1 9 2 0 5 9 3
11 7 8 11 4 9 1 9 2 20 8
12 5 9 3 5 6 7 3 5 4 5
9 12 2 3 4 1 3 4 2 4 1
22 13 1 6 14 3 4 11 7 8 8
4 0 1 13 4 2 6 11 2 12 9
7 4 6 4 1 0 7 4 5 7 7
7 0 16 1 14 7 11 9 6 5 20
9 11 13 4 3 2 3 8 4 7 2
10 9 5 5 4 6 9 2 2 6 2
0 2 9 5 2 4 3 2 3 7 0
3 8 29 7 4 8 13 3 13 1 9
7 1 1 0 6 5 1 3 6 3 1
2 3 3 2 1 7 3 0 7 3 3
3 1 2 6 0 5 3 1 3 6 2
8 2 2 3 18 16 1 3 1 10 5
1 2 2 11 9 6 1 11 16 7 4
2 8 1 0 6 9 2 6 1 8 6
3 7 3 1 4 1 7 11 5 1 19
7 6 4 4 6 4 5 0 7 7 5
2 0 12 10 11 6 1 2 1 8 1
6 1 2 8 3 0 0 7 3 4 8
2 2 4 1 5 6 2 1 3 3 3
5 18 12 11 6 4 12 6 4 12 11
9 8 2 4 8 5 11 2 11 12 9
1 6 5 7 8 12 13 8 1 11 11
4 6 8 3 1 1 2 10 5 9 3
8 9 7 2 1 3 4 8 3 3 4
0 8 0 3 5 5 1 1 2 3 0
4 4 10 2 7 3 19 1 5 1 0
7 9 18 2 14 9 4 2 10 13 5
16 1 9 12 10 6 2 6 13 1 15
2 5 3 16 19 12 6 3 10 10 4
6 5 9 7 7 6 1 7 3 6 7
13 8 18 4 2 4 12 21 3 1 1
3 0 7 3 6 6 3 6 7 4 0
4 1 4 3 1 2 2 4 7 1 4
8 0 2 2 12 12 2 4 7 3 0
2 2 8 4 3 10 8 3 2 2 1
13 4 1 14 10 4 10 3 3 5 5
2 1 26 2 1 8 6 8 11 2 5
11 1 2 4 10 2 6 2 2 7 8
4 10 2 4 4 1 3 0 1 3 2
0 7 4 1 1 4 3 2 6 5 10
7 11 4 7 10 4 3 6 7 6 9
3 5 0 3 0 3 6 3 4 1 1
12 0 2 1 2 2 7 0 8 0 14
2 5 6 3 3 4 2 5 5 0 1
7 7 9 11 10 4 3 5 4 9 5
1 7 2 11 2 7 15 5 2 5 7
7 0 18 7 13 3 8 15 5 2 8
6 7 6 0 19 2 5 3 4 11 4
3 4 3 3 2 7 1 4 2 3 5
2 1 2 1 2 1 1 4 9 2 5
3 2 4 9 19 6 1 3 7 7 1
4 15 2 5 7 6 0 4 6 6 2
13 1 11 2 1 1 0 3 12 5 4
21 6 7 0 4 9 0 10 1 10 0
5 23 6 9 3 0 3 5 9 19 2
17 13 9 16 2 3 9 20 6 1 2
4 1 6 9 4 8 1 1 4 12 3
1 4 3 1 4 3 10 12 2 26 1
9 8 8 18 11 13 14 8 12 6 17
3 9 14 13 0 12 5 9 7 7 3
7 12 21 18 3 12 12 6 5 12 2
2 6 1 8 1 1 5 2 5 2 1
12 7 2 11 7 4 3 5 4 3 9
4 1 11 8 6 5 0 3 3 0 6
2 1 16 6 3 1 9 10 12 21 23
6 1 17 5 4 2 9 0 2 1 2
7 1 5 1 1 0 6 14 1 0 6
6 9 0 2 0 1 7 6 8 10 12
9 6 14 4 13 2 10 9 8 1 3
5 4 9 2 6 2 2 5 13 2 1
6 3 12 4 2 2 4 2 9 8 6
2 0 5 4 0 7 5 1 0 6 2
2 0 5 6 2 10 1 6 3 4 7
1 4 0 3 5 7 2 7 1 4 0
8 0 4 0 2 1 4 1 7 5 3
10 11 5 10 11 3 3 2 15 4 2
7 4 13 18 8 2 13 5 8 10 19
7 3 9 14 8 5 11 0 7 7 4
1 5 0 6 4 3 0 7 1 3 0
1 3 2 7 7 3 2 3 5 6 2
6 1 6 5 14 17 2 2 9 3 5
4 10 15 21 13 0 15 3 6 0 1
13 6 1 4 3 6 13 3 19 3 1
16 8 7 3 3 12 3 1 0 9 2
6 4 8 3 9 12 8 17 11 1 6
7 5 10 7 15 0 7 4 14 2 0
5 7 2 11 0 2 0 5 9 6 5
3 3 8 10 6 4 8 11 4 6 1
1 6 1 1 4 4 5 1 3 2 1
11 3 10 9 5 8 6 1 1 1 8
6 1 1 6 4 2 3 1 3 0 0
3 2 2 2 10 17 6 4 7 13 8
1 2 2 1 5 9 8 6 19 17 7
0 3 11 2 15 2 7 4 7 11 11
7 7 11 18 22 2 5 1 4 0 6
5 6 1 4 14 0 10 1 13 20 0
5 5 6 5 21 6 19 14 3 5 6
18 12 2 14 0 7 10 6 2 4 13
3 13 3 5 7 2 19 8 10 1 19
9 5 7 1 4 2 2 4 19 7 11
4 3 7 2 0 3 0 9 1 2 2
8 12 18 6 23 1 7 7 0 0 6
11 0 9 13 8 0 0 16 6 4 7
11 6 5 9 12 0 5 6 1 6 0
5 22 14 7 14 8 11 5 7 9 11
1 17 9 20 5 10 9 13 18 9 2
4 15 5 11 10 26 1 6 10 14 6
1 0 6 5 13 0 5 16 15 14 14
3 8 5 4 3 10 5 5 5 0 5
5 8 4 2 2 0 5 5 3 2 1
3 2 10 11 1 3 9 2 8 2 22
4 7 3 3 3 1 2 3 5 0 4
5 1 0 7 2 13 8 5 7 1 10
1 2 2 2 7 2 4 4 7 6 4
6 11 12 6 3 3 2 1 5 4 3
4 5 2 7 10 2 17 1 11 3 9
4 8 11 6 3 13 3 19 10 6 20
0 7 2 0 8 2 8 0 0 8 4
8 7 8 10 9 8 0 3 3 5 10
4 1 6 3 0 13 3 1 1 3 3
9 7 5 11 5 4 3 13 4 15 3
2 2 2 8 6 0 9 8 5 1 6
7 8 5 9 3 22 0 7 7 15 14
12 11 9 2 9 3 0 12 10 17 10
1 2 1 23 1 3 0 0 1 6 3
0 3 1 7 2 3 1 2 2 5 2
9 9 1 1 8 1 9 4 5 4 17
2 1 4 11 2 4 4 0 8 7 4
4 1 15 10 6 5 6 1 18 12 12
2 8 1 4 8 2 9 2 8 4 1
3 9 13 1 4 7 16 2 3 8 3
4 4 5 20 13 1 4 10 9 3 13
12 0 11 3 1 4 4 12 4 7 12
12 8 8 13 10 17 2 9 2 11 5
11 4 11 0 7 1 5 5 0 9 3
10 3 1 12 5 12 12 13 9 7 9
3 2 16 6 12 2 5 2 6 10 2
8 0 4 27 0 2 3 4 3 3 5
1 4 5 8 5 2 1 1 3 2 8
0 0 9 2 0 10 6 14 12 14 5
0 4 13 11 4 10 19 6 13 5 5
1 7 9 9 3 12 22 4 8 1 4
0 1 4 3 6 7 3 6 4 3 2
0 11 6 3 10 9 1 4 3 19 5
1 3 4 4 0 1 4 7 1 5 1
16 25 6 5 12 4 5 3 4 5 19
14 5 8 1 15 11 9 23 12 1 9
4 7 2 1 1 19 12 12 11 2 1
4 1 4 2 1 2 5 2 5 6 1
14 5 0 14 15 9 10 4 4 19 12
4 1 0 5 1 3 7 1 1 7 5
7 15 10 1 11 2 13 11 1 5 6
4 4 2 23 7 25 5 6 5 7 9
7 2 0 20 5 0 2 7 1 7 13
4 5 9 4 7 7 7 3 14 1 6
1 3 4 1 3 1 2 3 3 1 7
4 11 6 8 23 0 2 0 10 7 8
9 12 8 1 11 11 5 13 12 13 4
6 4 12 15 12 15 8 7 5 16 1
8 5 9 2 8 0 1 1 3 9 0
1 3 4 1 9 0 3 4 2 4 5
5 2 6 1 8 0 7 7 6 6 2
3 1 6 0 7 4 6 2 1 3 8
3 4 1 1 2 4 5 1 5 3 5
0 8 4 2 5 0 0 7 4 7 9
2 2 0 9 8 2 18 2 1 11 3
14 1 12 1 1 5 3 4 4 2 8
1 3 8 5 5 1 7 12 6 0 5
9 0 3 13 8 9 2 8 4 6 0
1 5 12 10 4 0 2 7 4 7 6
6 8 7 3 2 20 8 5 7 10 12
6 4 10 11 8 9 10 2 11 8 7
9 3 6 7 10 4 1 0 6 9 8
4 7 7 4 2 1 2 3 4 1 3
1 1 7 3 1 0 1 0 2 6 1
3 8 1 7 6 1 0 1 17 2 5
2 4 2 4 13 7 5 12 7 2 0
18 1 6 4 16 16 15 13 1 3 2
0 8 6 2 3 0 3 23 1 23 13
0 5 10 12 14 4 10 2 9 4 12
7 7 5 9 3 1 26 7 3 14 14
1 15 1 1 7 4 2 6 23 5 0
5 3 6 6 0 1 3 15 10 3 3
6 4 3 2 5 4 3 4 0 2 4
8 0 8 4 13 8 9 2 8 7 3
10 6 7 1 18 18 2 8 6 17 17
11 1 5 3 3 15 0 17 21 0 5
3 1 2 2 2 6 10 1 2 6 4
17 4 15 3 4 6 11 7 22 13 1
3 4 1 1 4 9 2 7 6 6 2
2 0 1 7 1 3 4 3 4 3 5
2 2 7 5 0 3 3 1 17 11 9
7 2 15 7 7 4 4 25 8 19 8
16 2 2 0 11 3 8 9 4 6 1
9 2 3 6 0 0 2 14 13 8 2
6 3 13 15 10 5 21 4 3 5 4
20 5 16 3 12 10 16 15 1 14 2
5 7 7 9 7 10 11 1 6 6 0
1 2 1 2 4 0 3 1 5 6 4
1 4 0 1 1 2 1 2 8 1 2
7 4 9 10 2 6 9 4 4 9 6
8 8 6 10 2 0 1 0 9 4 2
2 3 2 1 1 8 14 7 1 1 8
10 4 1 7 2 0 6 1 0 11 9
4 3 1 2 5 4 3 3 8 2 0
4 1 3 3 4 6 4 1 3 6 4
1 3 7 5 6 1 3 3 0 4 4
5 2 1 5 1 10 2 2 5 2 2
17 1 8 3 3 6 3 3 2 11 7
14 12 15 10 4 13 7 14 1 5 6
9 3 16 7 14 5 21 0 2 4 7
10 10 4 1 4 7 11 3 6 2 3
13 1 5 8 17 15 4 11 9 8 8
5 7 5 4 6 5 4 3 2 1 9
0 13 2 2 4 8 6 7 2 2 5
5 3 2 7 3 5 12 0 3 11 4
0 2 5 2 2 9 2 8 0 3 1
20 7 9 5 5 1 11 4 4 7 2
7 2 1 4 0 5 5 5 0 9 10
0 2 3 2 2 2 7 4 2 1 1
0 4 14 3 1 1 7 9 10 6 3
7 14 7 12 11 2 0 0 15 4 0
2 0 1 8 3 0 6 9 9 0 6
0 17 3 3 1 4 6 3 0 7 6
3 16 12 1 8 4 10 12 21 3 9
7 10 11 30 7 4 5 1 3 5 12
8 2 4 2 0 1 3 0 2 3 2
6 5 2 17 16 18 6 1 12 8 3
7 11 13 1 4 12 0 3 11 4 7
4 6 1 4 10 6 19 8 18 13 17
4 14 5 15 8 1 4 4 1 9 2
2 21 11 8 1 4 9 1 4 2 7
12 5 12 3 10 3 21 6 5 1 10
4 4 2 1 10 3 26 3 3 19 10
6 2 1 5 1 3 3 6 1 4 1
7 3 3 1 7 1 7 2 0 2 3
4 10 6 8 2 7 0 7 16 3 9
6 28 2 13 9 6 4 9 14 5 14
3 7 1 15 3 0 15 16 2 10 4
5 2 4 4 6 3 3 2 5 1 1
4 4 6 8 3 7 2 2 0 0 6
5 9 1 8 3 7 2 11 4 1 9
18 7 10 8 3 8 12 19 7 4 5
6 1 0 1 8 3 5 3 3 9 3
9 13 2 20 7 20 0 3 2 5 9
9 3 6 14 1 1 13 4 2 15 6
1 1 1 5 8 1 4 8 1 6 0
6 6 5 7 10 2 13 11 6 3 1
3 12 6 8 1 3 5 4 5 5 3
2 6 4 2 3 0 6 0 4 6 2
18 11 3 4 2 9 9 7 10 10 9
8 0 2 0 3 14 2 10 1 4 4
3 5 6 2 12 3 2 6 3 6 3
2 2 6 4 4 3 1 0 3 2 4
9 2 3 2 1 3 1 1 0 0 5
17 6 10 10 4 20 8 2 14 11 6
4 6 11 7 2 5 13 13 11 9 3
16 0 2 7 8 3 0 6 3 10 2
2 6 5 2 6 1 4 8 6 4 5
6 5 6 1 8 1 12 0 1 9 3
10 2 2 10 3 4 2 1 2 7 0
6 4 12 8 4 2 4 4 12 8 2
6 12 7 20 15 11 7 4 5 19 4
8 3 2 1 2 0 3 1 1 2 2
0 14 4 3 1 12 6 4 3 10 6
10 6 2 3 4 5 4 1 2 3 2
0 1 1 9 8 5 9 2 5 1 4
8 6 5 1 19 1 9 0 15 6 21
0 5 3 6 14 10 10 1 8 2 7
7 11 3 7 6 14 4 23 1 13 6
0 6 2 0 3 3 5 8 6 7 3
3 0 2 2 1 0 0 15 0 5 0
0 0 2 3 9 3 10 6 4 9 4
4 3 1 18 2 3 10 1 8 10 4
6 11 26 4 15 8 4 5 15 4 4
16 11 1 11 7 11 5 2 7 7 11
1 1 5 6 3 1 6 2 8 1 8
9 4 12 4 5 2 6 12 14 13 15
2 6 1 7 4 3 6 0 6 10 7
3 6 1 7 4 2 7 10 6 8 14
3 2 3 5 5 5 2 8 2 0 2
12 18 18 11 12 5 1 1 1 7 10
8 2 0 9 2 3 3 2 6 7 2
6 2 3 8 2 19 4 1 2 6 14
0 2 5 5 10 2 17 4 5 16 4
4 4 5 8 2 7 21 5 10 8 0
6 1 2 2 2 0 2 1 1 3 7
15 3 6 12 2 10 11 7 6 14 23
6 1 4 14 5 5 0 0 13 11 2
5 1 3 6 3 0 3 5 2 6 2
8 10 20 8 5 6 5 16 3 3 5
1 11 9 2 3 8 12 0 5 4 1
6 7 9 24 6 10 0 8 2 2 7
2 6 8 3 3 2 3 5 1 6 0
0 4 1 0 5 7 6 4 1 2 4
4 1 8 6 1 1 6 1 5 9 3
1 2 11 0 2 1 1 5 3 6 10
1 10 2 2 4 5 4 1 2 5 1
0 0 9 3 9 9 0 6 13 9 21
9 12 13 5 6 1 4 11 11 10 8
4 4 8 20 10 7 1 1 5 7 9
6 5 7 4 3 10 0 2 1 6 5
17 1 3 4 1 1 1 6 8 2 8
10 7 5 3 7 18 1 7 9 3 6
6 2 0 1 1 7 0 0 4 2 2
4 2 1 6 9 3 5 4 0 1 0
5 0 14 2 1 0 5 3 4 8 2
2 5 6 8 0 4 0 4 0 2 5
11 14 0 20 4 1 4 3 8 6 4
20 9 3 14 12 19 7 3 5 8 9
20 4 3 11 6 7 3 10 12 3 9
13 13 1 5 6 14 11 14 7 9 5
7 9 5 3 3 0 2 6 4 5 1
2 1 3 4 3 0 1 2 6 14 5
13 2 3 5 8 3 2 3 8 3 2
4 1 3 5 7 4 2 3 1 2 0
10 10 2 14 15 4 16 13 2 4 13
17 2 19 5 16 2 9 1 12 3 1
5 14 5 1 4 11 7 2 1 7 7
9 8 9 1 3 2 16 2 15 16 7
7 8 14 2 1 12 8 5 11 8 7
9 2 18 8 1 14 1 13 17 8 13
3 16 16 20 14 5 15 9 9 1 2
2 10 7 11 8 7 8 23 2 6 3
1 13 11 3 10 8 6 3 8 4 3
3 1 4 6 3 1 4 2 5 2 4
5 4 3 3 0 2 1 4 5 1 3
8 23 5 9 7 8 1 4 7 2 2
6 1 2 4 2 5 6 4 5 1 3
22 4 10 3 5 6 14 6 8 0 1
7 15 7 1 4 27 11 5 10 12 5
15 1 6 6 1 15 9 2 26 4 1
8 9 2 1 1 4 3 8 4 1 8
6 6 1 3 5 8 5 6 2 9 0
5 5 0 1 17 5 2 11 3 19 16
3 10 0 0 5 6 7 4 3 15 1
11 1 6 1 3 15 7 9 13 4 28
6 15 6 1 4 6 1 2 9 15 16
6 6 0 5 8 5 4 3 6 1 1
7 6 5 11 3 0 0 4 1 9 1
1 3 13 18 3 0 4 1 2 6 11
5 14 11 22 2 1 0 8 8 3 1
4 7 5 8 3 1 5 2 9 4 10
8 0 8 16 5 3 2 12 2 2 5
15 2 1 14 9 14 5 15 15 4 20
6 2 3 1 1 3 1 6 0 2 0
3 20 6 16 11 14 15 3 3 13 10
1 3 2 3 2 4 3 6 6 1 5
3 1 0 1 3 6 2 4 0 0 5
3 1 7 2 4 2 2 2 3 4 7
6 3 4 2 0 3 1 5 6 0 3
1 22 4 9 11 2 4 8 2 7 0
6 1 6 3 11 2 8 6 7 5 8
6 0 15 1 9 2 7 2 2 6 10
11 0 7 15 4 5 2 6 10 4 8
8 0 1 2 9 0 8 7 10 20 2
5 9 20 12 15 9 4 13 5 8 3
0 15 16 1 15 9 23 13 9 4 4
6 2 1 21 4 1 22 1 2 11 4
2 7 3 5 1 24 6 0 8 1 19
8 1 2 2 16 5 16 1 6 19 6
4 14 6 2 4 4 3 6 11 5 17
4 1 1 6 0 5 0 1 1 1 5
2 14 5 3 7 5 3 4 15 5 5
5 1 4 1 7 2 11 1 8 8 1
4 4 5 6 5 2 6 3 2 2 3
9 6 14 6 7 6 5 24 11 18 6
3 7 1 0 2 6 6 3 0 4 0
11 4 18 3 3 7 17 9 6 11 7
0 3 8 3 11 4 12 1 14 7 3
8 8 13 2 2 0 4 0 4 6 1
9 2 8 4 4 8 7 7 1 6 7
3 0 6 9 4 4 3 2 8 1 9
8 6 12 11 8 8 4 22 4 1 15
0 0 11 23 8 4 7 15 0 1 6
9 7 9 10 0 5 6 2 5 7 2
3 12 7 6 5 1 3 8 2 4 6
0 1 23 3 4 2 10 21 13 4 4
1 4 3 3 4 3 0 3 1 4 4
7 3 1 9 8 1 11 3 13 3 15
5 1 2 6 3 4 5 4 8 3 4
8 2 7 3 6 7 5 9 5 4 6
8 6 8 8 2 5 0 3 6 2 4
7 2 2 2 4 4 5 6 3 0 3
3 5 5 5 2 9 3 16 13 3 10
7 14 14 0 2 7 4 12 13 8 15
6 8 4 15 1 7 2 8 2 4 3
3 3 2 2 24 7 2 2 1 7 2
4 4 5 4 9 2 2 3 21 7 4
5 7 3 8 2 4 2 3 5 4 4
2 2 4 0 9 4 2 2 8 8 2
2 7 5 3 0 7 3 8 5 5 3
11 6 3 2 0 11 10 8 4 0 3
1 10 11 6 8 1 8 3 15 7 6
6 4 4 2 9 7 3 2 8 0 5
6 13 21 5 4 1 8 7 3 12 4
1 10 2 4 8 5 2 3 12 2 1
11 17 7 8 13 18 13 7 10 8 3
3 3 5 2 0 5 0 0 9 3 2
8 10 11 1 2 11 2 3 0 4 5
5 1 2 4 10 8 1 2 4 0 4
2 10 1 0 7 3 2 9 6 7 6
20 3 2 12 9 4 14 9 6 0 16
6 4 15 2 6 13 7 14 6 5 4
3 1 2 1 8 5 0 3 1 3 3
2 8 5 6 25 2 1 8 6 8 1
8 3 5 13 9 3 3 16 1 13 3
4 12 10 0 0 4 6 10 2 1 3
0 12 14 10 3 12 5 17 7 4 12
9 12 3 4 1 5 13 2 4 5 6
1 1 3 3 11 29 15 4 0 9 9
7 6 4 2 3 2 2 3 9 7 9
6 3 2 3 6 9 3 6 2 5 10
2 1 4 6 1 8 1 2 2 3 0
1 5 2 2 12 3 2 2 3 3 5
4 1 0 3 8 0 8 3 10 10 1
10 3 1 3 6 8 7 11 9 11 10
3 3 14 13 1 9 7 1 2 1 5
0 13 12 4 3 11 1 5 2 2 4
2 5 3 1 4 1 13 1 1 0 9
7 3 15 0 13 2 2 12 9 11 1
1 2 3 4 6 1 1 9 0 2 0
7 1 3 0 5 7 1 0 2 2 0
6 19 9 2 1 9 18 8 1 2 5
2 9 6 9 18 9 4 15 4 1 22
6 2 5 9 8 8 6 5 5 12 9
4 3 14 4 2 4 6 1 8 1 1
11 3 4 1 1 4 5 0 5 2 0
3 2 7 2 10 4 7 4 4 5 1
0 2 8 20 0 1 14 9 9 2 19
4 0 9 9 7 0 4 3 12 3 3
0 5 9 8 9 3 3 3 3 4 11
6 0 12 1 0 7 1 0 9 9 2
2 2 4 2 1 4 6 4 4 1 2
3 4 4 5 1 1 5 6 7 1 0
5 7 5 9 7 8 3 16 6 8 2
10 1 15 0 13 1 7 2 6 7 3
7 14 2 9 4 1 1 3 16 10 5
8 6 11 4 6 2 3 7 24 2 13
0 2 9 1 6 3 4 7 4 6 4
8 3 5 1 9 1 0 1 5 11 6
3 0 3 12 8 15 17 7 6 9 5
9 3 15 2 6 0 33 6 2 5 7
4 2 3 1 4 13 2 1 2 13 12
5 5 1 1 3 5 3 1 1 3 2
13 1 9 10 4 3 14 0 3 7 18
6 0 3 8 8 4 6 0 7 2 1
6 5 21 13 8 2 12 2 8 5 10
7 15 1 4 2 2 8 1 1 8 3
3 21 3 14 2 13 7 10 6 10 5
0 4 4 8 6 5 3 3 0 6 2
6 11 19 3 1 14 14 19 3 10 5
16 9 7 2 9 14 6 5 2 4 5
3 6 11 0 2 1 1 12 0 2 3
2 6 10 16 7 1 2 4 4 3 2
4 6 4 1 10 6 4 3 2 4 4
5 8 4 4 0 0 1 4 4 4 1
16 2 7 12 13 15 2 6 7 6 6
4 5 1 1 4 6 0 6 3 2 0
13 4 2 2 4 10 16 12 11 0 4
2 4 3 7 7 7 0 8 2 5 0
1 5 22 3 4 6 9 2 6 11 10
14 3 4 16 18 4 1 2 1 11 2
4 1 3 10 4 6 5 3 4 0 13
15 3 11 2 7 3 3 9 14 4 0
0 5 7 5 1 8 19 0 16 20 4
16 16 6 9 14 5 2 19 3 11 13
6 11 2 11 6 17 5 6 12 17 5
13 1 5 1 13 6 21 18 5 15 10
2 3 3 5 3 3 15 17 1 2 2
8 8 6 11 2 1 3 14 2 9 11
2 7 3 3 2 11 10 19 1 18 5
12 3 3 9 6 4 5 6 4 3 12
4 1 5 10 2 3 3 10 1 7 3
0 2 4 2 4 0 3 5 11 3 5
7 3 14 8 16 2 14 10 6 0 4
2 1 8 1 2 3 2 0 4 4 0
12 0 15 1 22 6 1 6 8 6 4
1 1 3 0 9 5 12 13 3 3 1
3 5 3 2 0 2 8 0 1 2 2
1 1 6 4 2 3 8 6 4 7 2
11 9 1 12 8 4 9 16 6 4 0
0 7 4 6 5 4 15 0 1 3 9
1 5 2 0 2 0 2 10 1 2 3
9 2 1 1 6 2 1 1 5 16 14
6 5 6 8 3 17 13 1 1 18 17
8 9 2 7 9 13 3 5 9 7 14
2 13 15 3 10 2 8 9 9 11 5
9 2 3 0 7 8 3 0 8 7 6
1 2 6 5 0 6 1 4 5 1 2
10 1 0 0 5 9 1 5 8 3 1
6 15 5 13 14 9 12 3 23 10 4
15 7 20 3 4 10 18 10 10 0 2
5 3 13 3 7 8 0 3 4 18 5
24 9 4 7 3 4 8 10 17 16 9
2 6 5 5 8 8 8 21 7 9 3
1 2 2 2 0 1 3 4 3 13 0
3 9 6 0 9 11 3 8 1 3 11
0 2 2 3 5 7 1 3 7 4 2
1 7 5 2 5 1 3 0 3 1 3
6 7 13 9 2 13 4 5 4 9 11
2 4 2 6 15 22 12 10 9 7 15
4 19 19 2 5 12 1 10 12 12 5
2 8 11 13 7 6 6 17 2 2 8
23 2 0 15 5 3 16 4 11 1 1
1 4 1 9 23 4 13 5 19 18 7
10 16 2 2 10 7 2 1 7 3 8
8 17 6 4 0 1 4 8 9 15 15
0 5 4 5 4 2 3 6 0 2 2
2 2 12 5 6 7 15 18 10 2 8
3 9 7 1 6 6 6 8 5 2 3
8 6 0 1 4 3 4 4 2 5 3
2 2 10 12 4 11 3 11 4 4 8
10 5 7 6 3 26 2 16 3 9 7
5 9 2 1 3 8 9 2 1 3 1
10 1 5 2 3 5 1 3 2 6 3
11 5 2 8 13 2 1 6 6 6 2
0 2 6 4 4 2 15 1 4 4 6
10 3 4 1 7 15 21 5 3 4 10
11 5 12 1 21 11 2 1 4 16 5
7 2 3 2 16 1 13 13 6 0 4
5 1 3 3 4 7 4 2 1 6 9
3 4 6 9 7 5 1 7 6 2 4
3 29 4 3 2 9 5 8 7 9 11
5 0 6 4 3 2 1 11 6 1 1
3 1 4 2 3 2 7 7 2 1 1
8 6 4 8 10 14 1 3 16 10 15
6 1 6 1 1 4 3 4 1 1 1
0 1 7 16 5 2 2 3 8 1 8
1 0 4 7 4 6 7 7 2 18 4
11 10 10 0 10 11 8 4 0 2 6
0 6 2 11 2 6 6 3 4 12 16
7 3 7 3 3 2 5 6 1 3 3
0 2 3 7 10 10 6 8 4 4 6
3 2 6 3 2 5 4 1 5 3 5
9 7 6 6 5 4 6 13 6 2 4
6 29 15 6 4 7 0 4 13 5 2
0 4 6 4 10 13 10 7 4 6 4
2 4 2 2 0 13 1 3 4 4 5
4 13 1 2 6 2 0 2 1 2 3
1 70
1 97
3 4
3 12
3 59
4 10
4 42
4 57
4 84
4 100
5 96
7 42
7 92
8 43
8 51
8 79
9 17
9 39
10 27
10 56
10 94
11 33
11 47
12 14
12 44
12 50
12 64
13 51
13 54
13 72
14 18
14 29
14 31
14 65
14 67
15 21
15 53
16 39
16 54
16 58
16 93
17 65
17 92
17 95
18 78
18 94
18 99
19 92
19 100
19 101
19 114
20 42
20 75
20 85
21 70
21 72
21 97
21 114
22 42
22 63
22 95
22 98
24 55
24 57
24 67
24 68
24 93
24 121
25 63
25 122
26 95
26 99
26 105
27 86
27 99
28 101
28 119
29 40
29 70
29 73
29 107
30 43
31 73
31 93
31 114
31 125
32 42
32 55
32 59
32 60
32 78
32 97
32 104
32 126
33 101
33 123
34 52
34 62
34 75
34 108
34 127
35 38
35 51
35 69
35 73
36 80
37 70
37 83
37 116
38 113
39 73
39 115
40 72
40 107
41 49
41 80
42 68
42 139
43 46
43 65
43 73
43 111
43 127
44 63
44 100
44 108
44 115
45 111
45 118
46 47
46 95
47 66
47 74
47 110
47 145
48 141
49 75
49 99
49 104
49 129
49 143
50 65
50 67
50 94
50 116
51 60
51 137
52 94
52 101
52 114
53 68
53 129
54 69
54 100
54 112
54 119
54 139
55 59
55 81
55 86
55 87
55 111
55 139
56 150
57 63
57 102
57 129
57 134
57 149
58 81
58 135
59 151
60 103
61 101
61 110
61 137
61 158
61 161
62 116
62 141
62 150
62 159
63 82
63 106
64 111
64 125
66 101
66 112
66 116
66 144
67 83
67 96
67 102
67 134
67 138
67 145
68 88
68 116
69 133
71 75
71 124
71 132
71 160
71 163
72 77
72 83
72 85
72 102
72 105
72 129
72 139
73 78
73 102
73 123
73 166
74 84
74 100
74 118
74 152
74 170
75 80
75 133
75 134
75 164
75 168
76 131
76 142
76 171
77 81
77 90
77 94
77 96
77 107
77 113
77 120
77 156
77 169
78 157
78 161
79 90
79 137
79 149
80 90
80 106
81 118
81 127
81 130
81 145
82 133
83 119
83 123
83 150
83 172
83 179
84 147
84 167
85 137
85 163
86 115
86 153
86 160
87 151
88 175
89 119
90 92
90 100
90 136
90 179
92 111
92 114
92 121
92 124
92 134
92 144
92 146
92 150
92 162
93 161
94 114
94 121
94 171
94 187
95 106
95 135
96 110
96 168
97 113
98 113
98 146
98 160
98 161
99 192
100 116
100 130
100 183
101 179
102 131
102 146
102 171
102 172
102 185
102 187
103 123
103 181
104 105
104 164
104 204
105 122
105 129
105 148
105 178
105 180
105 182
106 144
106 152
107 128
108 145
108 194
108 197
109 161
109 180
109 183
110 122
110 123
110 138
110 140
110 171
110 191
111 125
111 129
112 127
112 171
113 153
114 150
114 164
114 188
114 201
115 120
115 206
116 181
116 215
118 171
118 206
119 169
119 215
121 165
122 142
122 144
122 210
123 126
123 143
123 157
123 187
123 209
123 210
124 134
124 165
124 185
124 212
125 149
125 151
125 212
126 180
126 218
126 223
127 131
127 197
127 203
128 170
128 209
128 210
129 133
129 147
129 181
129 200
130 132
130 163
130 164
130 178
132 149
132 209
132 210
133 183
133 201
133 233
134 143
134 177
134 217
135 220
135 222
136 144
136 202
136 230
137 138
137 158
137 208
138 163
138 175
138 187
138 238
139 155
139 190
140 157
140 161
141 175
141 193
142 160
142 210
142 227
143 157
143 158
143 209
144 154
144 221
144 234
145 157
146 182
146 237
147 178
148 175
148 235
149 179
149 208
150 180
150 211
151 250
152 160
152 190
152 208
152 235
153 159
154 183
155 165
155 207
155 213
155 219
156 190
157 162
157 182
157 222
158 173
158 204
158 237
158 255
159 186
159 229
159 232
160 174
160 242
161 239
162 250
162 257
163 220
164 206
164 247
164 255
165 244
166 170
166 189
166 215
166 216
166 223
166 224
167 173
168 190
168 196
169 213
170 179
170 213
170 257
171 190
172 192
173 267
174 251
175 181
175 219
175 223
175 236
175 258
176 223
176 225
177 219
179 193
179 198
179 202
179 222
179 238
180 216
180 221
180 242
182 198
182 201
182 217
182 233
182 263
182 271
184 230
184 276
185 195
185 201
185 215
185 225
185 252
186 210
186 245
187 192
187 206
187 209
187 231
187 284
188 192
188 259
188 271
188 278
188 285
189 206
189 264
189 265
189 283
190 220
190 237
190 287
190 290
191 253
191 264
192 219
193 270
194 203
194 240
194 252
194 256
195 203
195 270
195 290
196 266
197 246
197 277
198 224
198 284
199 249
199 256
200 226
200 240
200 278
201 212
201 224
201 233
202 205
202 209
202 210
202 226
202 236
202 299
203 259
203 282
203 293
204 268
204 269
206 284
207 228
208 215
208 244
208 273
209 286
210 226
210 235
210 289
210 301
211 213
211 237
211 250
211 269
211 282
211 310
212 219
212 292
214 216
214 239
215 228
215 301
216 222
216 233
216 242
216 247
217 233
218 219
218 268
218 269
218 272
219 246
219 285
219 311
219 314
220 238
220 270
221 223
221 255
221 272
221 294
221 317
221 319
222 228
222 267
223 230
223 275
223 288
223 296
224 238
224 239
224 251
224 293
224 307
225 286
225 313
226 245
226 248
226 267
226 290
226 299
226 312
227 259
227 264
227 327
228 262
228 275
229 266
229 273
229 280
229 289
229 294
230 281
230 327
231 278
231 284
231 325
232 233
232 245
232 253
232 313
232 331
233 281
233 292
233 331
234 268
234 293
234 305
235 335
236 297
237 243
237 251
237 253
237 317
238 288
238 337
239 308
240 259
240 297
240 318
240 331
241 270
241 315
241 333
242 257
242 311
242 324
243 274
243 285
243 332
244 278
244 288
244 309
244 323
245 253
245 262
245 307
245 327
245 341
246 333
247 270
247 300
248 254
248 260
248 282
248 295
248 297
248 335
248 337
249 279
249 280
249 297
249 330
250 258
250 268
250 284
251 277
251 287
252 321
252 332
253 292
253 308
254 303
254 305
254 328
254 348
255 264
256 269
256 286
256 322
257 284
257 290
257 308
257 315
257 339
259 293
259 319
260 289
260 293
260 353
260 356
260 359
261 311
261 314
261 321
262 283
262 289
262 297
262 298
262 350
262 353
262 359
263 352
264 333
265 269
265 285
265 326
265 327
266 283
266 287
266 361
267 270
267 294
268 310
268 354
269 290
269 303
269 345
269 355
269 356
271 323
271 366
272 295
272 318
272 344
273 311
273 329
273 331
274 281
274 305
274 347
275 277
275 304
275 324
275 368
275 374
276 301
276 364
277 305
277 311
277 312
277 325
277 352
278 304
278 310
279 282
279 335
280 284
280 292
280 310
280 320
280 324
280 345
281 320
281 364
282 382
284 296
284 319
285 371
286 301
286 308
286 355
286 363
286 378
287 347
288 310
288 363
288 368
288 385
289 339
290 316
290 358
291 328
291 356
291 367
292 306
292 311
292 321
292 334
292 352
292 366
292 375
292 383
293 342
293 383
294 343
294 348
295 390
296 305
296 346
297 337
297 373
297 384
298 380
299 387
300 364
301 321
301 400
302 303
302 372
303 369
303 381
303 386
305 365
306 330
306 336
308 317
308 342
308 401
309 325
309 342
309 408
310 363
310 377
310 384
310 398
311 315
311 338
311 390
312 328
312 362
312 394
313 369
313 396
313 404
314 389
315 324
315 375
315 391
316 323
316 335
316 339
316 387
318 322
318 328
318 358
320 338
320 342
320 372
321 399
322 353
322 357
322 368
322 385
322 408
322 421
323 369
324 377
324 421
325 354
325 394
325 414
326 356
326 361
326 401
328 355
328 399
329 359
329 369
329 412
330 345
330 419
330 423
331 342
331 409
331 425
332 342
332 390
333 378
333 396
334 373
336 421
337 339
337 352
337 424
337 429
338 367
338 372
338 386
338 415
338 430
339 353
339 354
339 388
339 396
339 403
340 409
340 427
341 355
341 419
342 386
342 419
342 441
343 369
343 425
343 428
344 353
344 405
344 409
344 440
345 362
346 385
346 405
346 430
346 446
347 362
348 421
349 390
349 430
349 432
350 411
350 420
350 426
350 429
351 359
351 395
351 421
352 383
352 416
353 450
354 366
354 425
357 373
357 374
357 427
357 449
357 457
358 388
358 394
358 408
358 409
358 413
358 440
359 377
359 379
359 393
359 421
359 429
359 439
360 362
360 394
360 459
361 417
361 435
361 452
362 363
362 407
362 440
363 415
363 439
364 370
364 406
364 425
364 447
365 390
366 373
366 377
366 398
366 420
366 453
366 456
367 387
367 410
368 395
368 441
369 413
369 417
369 420
369 450
369 454
369 466
370 405
371 381
372 376
372 377
373 391
373 431
373 449
374 406
374 460
374 468
375 411
376 385
376 427
376 447
377 404
378 455
378 475
379 412
379 438
379 439
379 458
379 463
380 392
380 411
380 438
381 468
382 389
382 412
382 426
382 435
382 462
382 466
383 421
383 439
383 470
384 407
384 432
384 464
384 467
384 481
385 392
385 415
385 421
386 402
386 411
386 453
386 459
386 473
387 407
387 415
387 447
388 446
388 462
389 402
389 406
389 424
389 481
390 406
390 440
391 402
391 440
391 469
391 480
392 432
392 450
392 451
393 402
393 407
393 463
393 475
395 468
396 456
396 462
396 481
397 422
397 475
397 489
398 447
399 411
399 415
399 464
399 465
399 473
400 427
400 458
400 467
400 479
401 405
401 406
401 469
401 486
402 436
402 450
402 454
402 477
403 478
403 484
406 408
406 421
406 444
406 471
407 411
407 414
407 438
407 485
407 496
408 414
408 431
408 445
408 492
409 430
409 438
409 474
409 499
410 431
410 499
411 422
411 426
411 443
411 468
411 474
411 476
411 478
411 507
412 430
412 495
412 505
413 416
413 421
414 452
414 497
415 434
415 451
416 443
416 513
417 442
417 443
417 478
417 481
417 482
418 464
418 488
419 456
420 421
420 425
420 433
420 439
420 461
420 492
421 446
421 473
422 432
422 433
422 446
422 459
423 458
424 487
424 500
424 507
425 472
425 488
425 505
426 427
426 442
426 444
426 464
426 506
427 431
428 446
429 529
430 481
430 494
430 496
430 517
431 497
431 506
432 453
432 459
433 487
433 489
434 471
435 449
435 504
435 530
435 533
435 535
436 440
436 446
436 535
437 489
437 501
438 511
438 520
439 455
439 459
439 461
439 477
439 495
439 511
440 472
440 476
440 484
440 493
440 498
440 520
440 527
440 536
441 465
441 500
441 535
442 452
442 523
443 446
443 494
444 471
444 484
444 498
444 510
445 456
445 542
446 459
446 519
446 537
446 546
447 539
448 449
448 506
448 522
448 542
448 544
449 458
450 484
450 508
450 537
450 550
451 466
451 505
452 517
452 526
452 550
453 457
453 498
453 517
454 480
454 521
454 544
455 467
455 504
455 524
455 537
455 540
455 548
456 495
456 542
456 544
456 553
457 518
457 553
458 476
458 478
458 482
458 506
459 460
460 489
460 539
461 508
461 517
461 518
461 553
461 558
462 487
462 502
462 559
463 492
463 495
463 547
464 536
464 548
464 557
465 476
465 534
465 541
466 505
467 476
467 534
467 544
468 502
468 505
468 518
468 560
468 562
468 567
469 545
470 494
470 506
471 495
471 498
471 517
472 490
472 491
472 506
472 546
472 552
473 488
473 507
473 556
473 559
474 475
474 497
474 502
474 503
474 508
474 530
475 477
476 486
476 506
476 535
477 516
478 484
478 517
478 520
478 521
478 532
478 576
479 497
479 532
479 536
479 545
479 548
479 549
479 573
480 505
480 511
481 483
481 522
481 535
481 556
481 561
481 575
482 495
482 558
483 504
484 519
485 489
485 520
486 490
486 500
486 575
487 518
488 502
488 523
488 526
488 534
488 537
488 575
489 578
490 504
490 539
490 564
491 492
491 590
492 591
493 533
494 495
494 525
494 548
495 511
495 515
495 551
495 564
495 578
495 580
496 595
497 525
497 529
497 542
497 559
497 595
498 513
498 515
498 558
498 574
499 552
500 513
501 506
501 552
501 598
502 543
502 554
502 558
502 588
503 523
503 544
504 513
504 523
505 516
505 554
505 592
505 598
505 602
506 570
507 546
507 566
507 600
508 520
508 551
509 510
509 525
509 607
510 527
510 605
511 575
512 527
512 544
512 569
513 526
513 534
513 565
513 569
513 570
513 584
515 542
516 517
516 529
516 548
516 555
516 591
517 522
517 566
517 588
517 615
518 576
519 521
519 540
519 546
519 561
519 578
519 592
519 613
520 539
520 541
520 555
521 574
521 594
521 595
521 613
522 554
522 604
522 621
523 539
523 574
523 621
524 527
524 545
524 555
524 557
524 622
525 582
525 624
526 560
526 598
527 530
527 588
528 567
528 626
529 551
529 567
529 589
530 562
530 566
530 582
530 595
530 609
530 617
531 533
531 582
531 600
531 604
531 625
532 557
532 566
532 624
533 605
534 593
535 551
535 566
535 620
535 632
536 595
536 630
537 541
537 603
538 547
538 624
539 595
540 561
540 598
540 623
540 634
542 551
542 553
542 642
543 589
544 584
544 614
544 644
545 602
545 631
546 554
546 563
546 576
546 596
547 557
547 572
547 579
547 591
547 612
547 627
548 593
548 606
548 619
548 627
548 641
549 594
549 602
549 624
550 569
550 607
550 619
551 618
551 650
552 635
553 619
554 565
554 615
555 569
555 615
555 616
556 598
557 583
557 601
557 602
558 589
558 628
559 570
559 581
559 631
559 646
559 649
560 637
561 635
561 640
562 592
562 596
562 623
563 575
563 602
563 610
563 617
563 621
563 629
564 590
564 664
566 619
566 625
566 626
566 636
566 645
567 586
567 600
567 639
567 646
568 574
568 655
569 575
570 589
570 629
571 580
571 619
571 666
572 608
572 670
572 671
573 612
573 626
573 631
573 639
573 672
574 584
574 588
574 592
574 600
574 626
574 636
575 607
576 602
576 610
576 644
576 659
577 632
577 641
577 652
579 581
579 608
579 621
579 648
580 631
580 650
580 657
580 669
580 670
581 601
581 610
581 658
582 603
582 656
583 628
583 658
584 634
585 684
587 631
587 646
587 676
588 617
588 655
588 682
588 684
589 600
589 607
589 628
589 647
589 678
589 681
590 633
590 681
591 612
591 628
591 632
591 676
591 680
592 634
592 669
592 688
593 673
593 688
594 673
595 608
595 672
595 676
595 677
596 635
597 624
597 676
597 688
598 620
598 651
598 697
599 665
600 601
600 614
600 624
600 634
600 637
600 674
600 682
600 688
600 689
601 624
601 635
601 642
601 668
602 604
603 606
603 653
603 663
603 688
603 692
604 626
604 688
605 614
605 622
605 674
605 677
606 656
606 682
606 687
606 704
607 619
607 642
607 646
607 648
607 660
607 689
608 614
608 638
608 708
609 661
609 672
609 677
609 684
610 653
610 662
610 677
612 684
613 641
613 652
614 636
614 641
614 664
614 686
614 698
614 704
615 667
615 684
616 622
616 657
616 710
617 618
617 677
617 681
617 700
618 623
618 647
619 628
619 676
620 629
620 633
620 655
620 693
620 702
622 627
622 660
622 661
622 669
622 684
622 691
622 722
623 644
624 627
624 665
624 683
627 646
628 688
628 715
629 648
629 659
629 666
630 633
630 646
630 670
630 712
631 640
631 719
632 635
632 640
632 727
633 683
634 640
634 673
634 697
634 727
635 655
635 685
635 704
635 713
636 671
636 696
636 730
636 733
637 672
638 729
639 642
639 643
639 685
639 730
640 738
645 712
645 729
645 737
646 650
646 695
646 698
646 732
646 740
647 728
648 660
648 707
648 736
649 674
649 706
649 732
649 739
649 742
650 675
650 709
651 734
652 702
652 731
653 699
653 749
654 660
654 685
655 699
656 730
656 748
656 749
657 703
658 693
658 714
658 730
658 755
659 718
659 730
659 753
659 755
660 667
660 735
661 665
661 742
661 744
662 674
662 687
662 723
662 744
663 727
663 733
663 736
663 750
663 753
664 704
664 720
664 741
664 758
665 669
666 681
666 685
666 699
666 706
666 734
666 761
667 691
667 705
667 714
668 750
669 705
670 694
670 766
671 700
671 721
673 717
673 732
673 771
674 685
674 716
674 750
675 683
675 691
676 680
676 691
676 723
676 751
677 727
677 760
678 693
678 697
678 698
678 700
678 701
678 723
678 757
679 703
679 739
679 765
680 753
681 730
681 754
682 691
682 720
682 755
683 716
683 726
684 727
684 776
685 690
685 753
685 765
686 696
686 717
686 744
687 721
687 723
688 697
688 717
691 713
691 722
691 724
692 701
694 695
694 702
694 718
694 754
694 774
695 764
696 705
696 742
697 739
698 721
698 773
699 730
699 790
700 734
700 745
700 778
701 764
701 774
701 783
702 714
702 720
702 731
702 781
702 789
702 802
703 717
703 727
703 747
703 764
703 773
703 793
704 763
704 796
705 710
705 748
706 711
707 761
707 773
707 798
707 807
708 728
708 732
708 752
708 806
709 711
709 734
709 787
710 783
711 723
711 751
711 783
711 789
712 731
712 740
713 760
713 787
713 807
714 717
714 757
714 767
714 790
715 737
715 760
716 757
716 772
716 790
717 721
717 736
718 764
718 818
719 723
719 742
719 799
720 727
720 741
720 769
720 811
720 815
721 781
721 801
721 806
722 733
722 735
722 743
722 755
722 765
723 780
724 782
724 803
725 749
725 804
727 737
727 817
728 751
728 778
729 738
729 750
729 771
729 794
730 751
730 774
730 778
730 787
730 799
730 801
730 819
731 747
731 764
731 773
731 792
731 817
731 821
732 759
732 787
732 807
732 828
733 756
733 774
733 780
733 824
734 776
734 779
734 813
734 818
734 824
735 766
735 778
737 752
737 764
737 807
738 810
738 830
738 833
739 794
740 765
740 809
741 775
741 813
742 744
742 807
743 778
743 800
744 843
745 754
746 835
747 752
747 765
748 753
748 756
748 759
748 766
748 783
748 792
748 813
749 760
749 802
750 778
750 786
750 791
750 797
751 840
752 817
752 820
753 792
754 756
754 764
754 770
754 781
754 791
754 839
755 766
756 763
756 770
756 810
756 811
756 828
757 772
757 773
757 777
757 809
757 833
757 840
757 843
757 853
758 775
758 825
759 777
759 793
759 799
759 818
759 839
760 818
760 845
761 801
761 808
761 817
761 844
761 854
762 792
762 859
763 806
763 816
764 813
764 859
765 805
765 828
765 834
765 864
766 799
766 806
766 821
767 782
767 855
767 864
768 800
768 820
768 830
768 863
769 813
769 838
769 844
770 782
770 794
770 829
770 831
770 841
770 844
771 788
771 790
771 841
771 850
772 813
773 846
774 778
774 796
775 788
775 805
775 851
775 873
777 812
777 818
778 805
778 828
778 846
779 781
779 798
779 834
779 851
779 873
780 824
780 845
780 858
780 874
781 861
782 836
782 867
782 868
783 856
784 865
785 867
786 800
786 805
786 849
786 871
787 791
787 800
787 807
789 794
789 864
789 866
789 888
790 851
790 878
791 878
792 824
792 855
793 808
794 806
794 884
795 871
795 884
796 832
796 862
797 798
797 803
797 804
797 844
797 860
797 861
797 867
797 876
797 885
797 892
798 815
798 828
798 838
798 852
798 880
799 874
799 879
799 881
800 827
800 850
800 855
800 862
801 806
801 861
801 863
801 885
802 811
803 834
803 871
804 848
805 810
805 814
805 851
806 842
806 854
806 896
807 823
807 900
808 844
809 892
809 904
810 818
810 819
810 836
810 851
810 908
811 812
811 815
811 834
811 838
811 845
811 901
811 911
812 841
812 863
813 877
814 865
815 833
815 841
815 842
815 884
815 895
815 906
816 835
816 847
816 850
817 871
817 914
818 840
818 841
819 858
819 884
819 889
820 828
820 844
820 850
820 880
820 883
820 904
820 913
821 841
821 868
821 871
821 890
821 898
822 845
822 857
822 873
822 898
822 911
823 864
823 893
823 896
823 905
823 920
823 922
824 825
824 879
824 906
825 866
825 867
826 847
826 856
826 909
827 853
827 864
827 891
828 882
828 898
829 866
829 885
830 884
831 878
831 888
831 927
832 848
832 918
833 879
833 881
833 913
835 850
835 852
835 854
835 919
837 863
837 925
837 927
837 928
838 878
839 846
839 847
839 859
839 890
839 899
839 907
840 864
840 911
841 866
841 885
841 895
841 908
841 919
841 926
841 932
842 848
842 888
842 898
842 932
843 853
843 874
843 891
843 914
844 852
844 871
844 922
844 936
845 850
845 890
845 896
846 872
846 873
846 882
846 895
846 913
846 914
846 916
846 944
847 879
847 908
847 930
848 863
848 943
849 938
850 866
850 874
850 889
850 937
851 864
851 929
852 856
852 859
852 905
853 873
854 887
854 898
854 904
854 911
855 863
855 946
856 928
857 896
858 871
858 874
858 902
858 907
858 917
858 954
859 919
860 889
860 902
860 918
860 920
860 923
860 960
861 863
861 960
862 885
862 954
863 916
863 963
864 870
864 928
865 919
865 922
865 924
866 875
866 923
867 876
867 900
867 937
867 958
867 961
868 875
868 888
868 905
869 939
870 871
870 943
870 956
871 939
871 950
872 909
872 949
872 951
872 968
873 905
873 909
873 917
873 964
874 888
874 918
875 899
875 902
875 918
876 906
876 934
876 940
876 962
877 882
877 885
877 888
877 930
877 942
877 956
878 885
878 905
878 967
879 926
879 958
880 888
880 893
880 900
880 943
881 907
881 957
881 959
881 962
881 977
882 934
882 940
882 948
883 886
884 888
884 903
884 910
884 919
884 924
886 910
886 918
886 941
887 904
887 913
887 928
887 930
887 963
888 944
888 957
889 904
889 922
889 953
889 965
890 904
890 913
890 920
890 921
890 949
891 896
891 923
891 924
891 986
892 898
892 992
893 917
893 964
894 912
894 946
894 947
896 926
896 992
897 910
897 912
897 975
898 986
898 997
899 908
899 931
899 993
900 902
900 940
900 946
900 980
900 992
900 997
901 908
901 924
902 912
902 968
902 989
902 996
903 909
903 913
903 921
903 922
903 926
903 931
903 934
905 907
905 916
906 926
906 959
906 962
906 965
907 939
907 992
908 924
908 933
908 939
909 911
909 922
909 967
910 946
911 915
911 929
911 985
912 923
912 999
913 956
913 957
914 930
915 923
915 932
915 982
915 998
916 919
916 922
917 931
917 944
917 987
918 952
918 961
918 972
918 994
919 961
919 970
920 932
920 937
920 955
920 960
920 982
920 996
920 999
921 964
921 980
922 938
922 961
922 962
923 930
924 932
924 970
924 976
924 990
925 996
926 993
927 929
927 971
928 942
928 987
929 930
929 938
929 941
929 963
929 975
931 968
931 999
932 976
932 987
933 940
933 996
933 1000
934 940
934 964
934 968
935 946
935 958
935 969
935 980
936 983
936 995
937 964
938 977
939 976
939 993
940 952
940 973
940 989
940 998
941 956
941 974
942 958
942 959
942 990
943 984
943 998
946 989
946 998
947 951
947 958
947 977
948 952
948 982
949 983
951 968
951 969
952 954
952 961
952 977
953 982
953 985
954 973
955 960
955 975
955 990
956 972
956 984
957 991
958 961
958 992
959 968
962 985
963 974
963 984
963 1000
965 993
965 997
967 970
967 992
967 999
969 991
969 997
971 985
971 997
974 987
975 976
975 988
975 990
976 998
977 995
978 994
979 989
979 993
982 994
993 997
7 16 2 16 11 28 5 6 15 27 16
9 15 4 7 6 10 19 11 1 18 2
5 10 21 9 16 15 20 28 2 17 20
7 6 23 22 24 9 3 10 14 17 20
7 3 14 4 4 7 2 2 9 4 8
3 13 9 11 6 13 6 8 5 9 4
11 6 4 5 17 11 25 4 7 2 12
4 7 5 7 9 11 6 4 9 3 11
4 19 8 16 4 5 3 0 2 14 17
8 12 3 4 1 13 13 3 3 4 3
4 11 14 3 39 17 7 8 1 14 26
2 6 7 11 2 13 9 6 7 14 5
2 2 5 15 21 14 8 12 4 14 17
12 15 20 7 6 1 8 8 0 11 4
15 19 3 3 7 10 12 1 8 11 7
11 6 9 34 1 10 11 4 2 20 15
8 18 0 29 3 7 13 34 17 17 7
13 4 16 24 5 31 12 18 18 2 2
5 12 15 14 13 2 39 12 4 0 9
8 4 2 11 13 11 7 3 15 19 2
4 15 1 1 16 10 10 9 10 25 6 14 6 13 16 9 15 15 6 10
8 8 10 8 14 12 10 16 14 13 12 14 14 6 4 6 8 9 18 8
6 5 2 2 11 2 8 7 15 13 4 8 2 11 10 11 7 5 10 11
16 35 6 2 25 28 27 26 23 41 15 26 21 25 28 17 24 20 26 28
30 50 14 5 42 39 34 38 38 59 19 46 30 35 43 41 44 41 27 42
22 28 13 17 51 37 34 39 42 52 28 37 29 35 34 33 21 34 25 35
5 8 1 1 12 1 14 9 3 12 8 4 10 10 12 2 7 7 9 9
4 13 4 3 14 7 3 2 19 16 5 11 6 19 8 13 15 10 12 7
27 43 33 17 52 43 25 40 50 50 38 43 26 46 35 33 28 22 34 29
6 21 19 3 36 22 33 31 26 43 28 21 16 24 29 18 9 14 27 12
40 30 16 29 45 41 21 42 51 48 35 46 37 36 34 34 36 26 19 47
4 17 10 1 13 7 15 8 14 19 15 9 18 17 15 14 6 6 15 11
6 8 1 1 5 4 4 4 9 13 1 11 8 3 9 7 14 2 1 6
10 13 7 6 10 7 9 11 19 14 9 13 12 18 12 11 19 1 16 11
30 31 24 27 55 33 38 45 45 50 33 49 38 36 36 43 35 33 33 42
14 11 6 7 20 13 15 15 24 23 14 20 12 15 18 21 12 7 9 18
1 3 1 2 10 1 3 2 7 5 1 1 5 2 5 4 2 5 1 8
25 36 29 16 37 29 35 37 31 42 37 36 39 29 30 21 22 11 27 35
4 22 8 4 24 15 21 17 25 34 11 14 9 29 20 19 16 16 30 17
22 26 13 18 38 33 19 25 44 38 28 34 26 35 26 34 15 18 16 31
13 13 7 7 16 11 15 18 20 16 10 12 21 10 10 9 11 9 16 14
2 12 9 3 13 9 3 8 17 16 17 10 9 17 7 5 4 2 15 5
20 27 19 25 57 44 32 42 49 53 37 40 39 48 36 37 22 40 37 28
1 3 2 3 9 1 2 1 14 4 3 2 3 12 4 4 4 1 10 2
1 1 1 1 10 1 8 6 8 9 5 1 3 7 10 5 3 5 10 5
25 13 13 27 42 27 9 30 37 23 34 26 31 30 23 15 20 15 16 26
6 10 1 5 20 7 10 10 12 20 10 7 1 14 11 5 8 9 8 9
4 29 18 9 34 32 31 26 26 48 27 29 21 36 27 22 20 35 34 16
29 40 7 25 52 34 37 38 44 52 21 47 29 43 42 41 30 34 28 51
6 4 3 5 13 5 9 10 16 10 4 8 7 8 9 7 5 7 12 10
6 9 6 17 43 11 24 23 27 25 10 19 15 20 16 23 14 25 25 17
3 5 3 3 7 1 1 1 9 4 4 1 5 6 3 4 4 2 3 4
14 23 22 19 42 28 23 31 34 33 36 32 33 29 18 26 10 11 25 18
29 33 10 10 41 41 38 43 33 53 25 39 34 22 38 19 34 34 38 36
16 21 11 15 46 26 35 35 32 46 21 33 23 29 29 39 16 31 26 27
20 51 34 25 54 51 34 41 48 56 35 58 44 49 36 46 35 38 41 42
4 16 10 12 43 23 35 34 27 41 20 28 25 27 28 18 18 35 32 23
1 1 1 1 4 2 1 1 5 1 2 3 6 4 2 1 1 1 5 1
24 52 33 23 53 46 54 52 32 61 39 53 50 50 41 40 30 46 53 49
7 1 1 6 21 7 7 11 16 10 8 6 8 7 9 4 1 5 4 13
5 19 10 1 12 7 13 7 14 22 17 4 7 21 17 9 7 6 13 11
9 16 19 15 39 18 31 29 32 30 23 22 29 24 19 24 11 21 34 20
1 15 6 4 12 9 1 4 16 17 7 11 4 17 6 16 12 11 8 5
24 40 12 10 45 43 37 42 30 58 12 44 24 38 43 26 42 45 39 36
4 8 9 11 20 5 15 13 13 14 10 10 15 12 3 16 5 16 16 10
29 43 33 30 48 38 43 46 51 53 35 51 50 40 30 50 36 27 42 50
6 7 2 1 4 1 4 3 7 6 3 2 4 13 5 2 11 1 9 6
1 3 1 1 9 1 6 5 4 9 3 4 5 7 3 3 1 9 12 3
25 18 7 17 30 19 21 28 28 30 24 21 20 26 31 16 20 9 11 27
15 41 22 16 52 40 42 43 30 60 29 46 36 34 34 31 31 42 40 38
14 27 16 23 43 29 29 32 50 34 32 28 25 43 33 34 13 4 32 25
15 32 18 18 42 36 22 29 41 44 27 34 24 39 26 32 16 28 28 24
10 24 8 12 35 26 17 23 16 32 22 27 10 33 23 10 15 20 16 25
8 17 7 5 15 14 12 10 23 22 14 13 7 21 15 17 3 5 9 17
6 21 12 1 19 10 17 16 17 25 20 12 10 25 23 4 9 1 17 16
30 39 6 19 34 32 31 29 44 47 26 33 25 42 38 33 15 16 30 40
17 32 15 6 20 22 23 20 34 35 17 26 24 23 26 30 25 11 18 17
17 43 22 23 41 32 41 37 37 49 22 43 41 40 28 46 35 31 38 41
42 50 34 24 45 48 45 50 57 54 52 46 53 40 42 40 36 15 45 39
4 8 1 6 15 12 1 5 14 12 2 13 4 10 3 7 7 11 1 9
22 24 5 22 45 32 17 34 37 41 25 32 21 38 27 19 32 29 29 32
8 5 4 9 24 11 9 17 17 17 14 10 12 4 6 2 5 8 13 11
1 12 5 3 6 6 3 2 8 13 8 4 3 12 3 7 1 9 8 6
6 20 1 3 22 10 10 9 19 26 1 15 7 23 21 12 25 18 17 21
1 1 1 1 5 1 5 4 5 5 1 1 1 4 3 2 1 3 7 2
19 20 14 12 25 18 17 23 32 30 16 27 20 14 19 21 25 11 16 21
8 34 37 25 54 41 49 50 33 55 47 43 47 37 29 33 16 38 48 28
10 24 11 4 23 16 11 13 33 30 12 18 13 31 22 27 24 11 21 11
6 7 1 8 13 8 6 8 10 13 4 8 3 8 1 7 7 12 8 9
9 15 8 9 28 14 16 16 28 27 15 24 18 18 17 27 11 15 9 22
4 18 7 1 26 10 20 17 16 30 15 12 4 26 21 9 8 15 18 17
10 22 1 14 39 17 20 22 21 28 12 17 12 31 26 8 19 18 21 30
1 7 4 5 20 2 12 9 5 12 10 8 8 13 11 5 4 6 7 11
12 27 16 7 23 20 15 18 20 34 24 23 20 21 18 14 20 15 15 21
13 42 20 6 46 35 32 34 38 56 28 36 27 47 37 31 27 31 39 22
24 22 3 21 45 20 35 33 33 40 28 25 18 28 34 28 7 18 25 27
2 3 1 1 3 1 1 1 7 9 1 2 1 5 5 6 7 1 2 4
10 9 1 1 6 5 12 11 8 14 5 10 11 6 11 6 13 7 9 10
7 5 7 5 18 9 10 13 20 15 12 17 14 11 11 17 5 5 8 13
13 24 10 19 33 19 32 30 32 31 8 20 24 25 28 20 31 11 34 27
8 11 7 7 24 13 11 14 26 23 15 18 9 11 16 16 9 10 9 11
13 1 1 13 33 16 14 21 20 21 13 13 15 20 14 9 10 19 19 14
2 1 1 5 10 2 1 1 13 4 1 1 1 10 1 2 4 1 7 3
5 8 1 1 19 4 10 10 19 20 1 10 1 14 13 13 15 11 13 9
12 18 3 4 26 14 13 14 25 32 13 19 2 23 25 23 16 13 6 17
24 33 17 15 37 28 31 37 33 48 27 29 24 25 28 18 26 19 26 33
22 40 10 18 46 27 36 36 47 51 22 34 23 42 48 40 37 13 24 39
10 18 3 1 35 13 29 27 24 39 12 17 11 23 29 15 19 17 22 17
16 18 12 13 28 15 14 19 22 22 26 10 16 25 22 10 10 5 9 19
14 48 21 17 64 46 44 48 48 62 22 51 31 59 45 49 33 49 53 39
24 48 32 29 63 52 36 48 51 58 38 58 43 49 35 45 37 46 45 44
4 19 1 1 16 14 9 8 6 20 5 14 3 16 19 2 15 14 9 18
9 6 1 12 31 7 13 12 22 18 8 13 12 15 15 15 14 12 10 17
1 9 5 1 5 4 1 1 7 9 7 5 5 9 5 8 5 6 5 6
12 31 33 25 59 40 44 46 44 53 42 45 44 42 26 40 19 34 52 23
1 20 13 1 15 14 12 11 18 26 21 14 11 21 17 13 1 4 11 8
19 13 11 12 22 16 14 20 27 21 14 18 18 14 14 11 15 6 17 23
34 34 9 37 64 40 43 52 46 54 25 51 36 46 41 43 36 40 35 63
10 11 7 7 20 10 14 11 26 19 13 13 13 24 15 20 9 6 19 16
1 6 3 1 10 1 8 6 4 11 7 4 6 7 5 6 3 11 10 6
13 16 7 9 14 14 11 15 15 19 9 21 22 13 12 9 16 13 13 23
12 14 5 11 20 11 13 16 18 19 10 14 18 15 10 11 10 15 12 22
7 16 1 1 4 5 9 7 11 21 2 10 5 13 9 9 14 10 9 13
20 29 9 19 51 34 44 45 38 48 15 37 32 35 42 21 32 40 39 42
1 10 5 1 9 4 8 7 10 16 6 8 4 13 4 10 5 13 14 6
27 24 3 21 47 35 17 33 46 38 28 38 23 33 30 31 11 17 19 31
15 38 19 16 42 36 28 28 35 42 22 36 30 43 33 32 21 27 35 35
21 31 16 28 55 39 19 39 56 42 32 41 34 47 30 39 31 27 37 28
3 18 14 3 23 15 20 21 10 27 22 13 14 20 13 8 1 17 20 11
21 36 19 24 42 31 32 32 22 42 16 38 30 32 24 33 30 42 30 45
1 2 1 1 3 1 1 1 7 1 2 1 1 12 1 1 2 1 8 1
6 14 4 10 27 13 20 19 23 23 8 6 5 27 15 9 13 20 31 11
2 1 1 1 6 1 4 4 9 7 1 5 2 1 6 4 4 1 3 5
4 3 2 1 8 4 6 6 10 11 6 9 7 10 6 6 10 6 14 4
11 7 7 8 17 9 6 12 18 15 10 12 14 4 9 6 10 2 10 15
32 40 16 20 56 45 49 53 43 64 42 43 42 45 45 34 31 39 36 45
30 36 21 11 49 42 49 50 50 62 36 46 47 26 43 38 36 33 42 36
1 9 7 5 10 4 7 6 14 12 9 6 6 9 8 11 5 7 10 6
14 16 12 17 41 24 34 35 27 37 23 27 28 23 26 15 21 30 31 19
1 1 2 1 2 3 1 2 8 4 4 7 5 2 2 4 4 1 2 1
1 1 1 1 8 1 5 3 7 8 3 4 3 4 8 5 3 2 6 3
19 32 8 15 49 30 38 38 26 45 24 35 20 37 42 18 18 23 25 45
30 27 13 20 46 31 35 41 45 48 21 33 29 25 29 25 33 23 35 37
33 46 9 16 48 42 35 42 42 55 11 44 28 41 43 33 46 40 32 47
5 32 12 4 35 24 29 24 12 43 19 24 15 34 24 19 18 32 30 24
21 34 23 22 48 43 28 36 48 44 34 46 35 42 32 37 17 25 30 37
2 12 2 1 19 4 8 8 16 22 9 10 1 13 17 15 10 7 1 7
5 9 4 1 10 5 4 4 12 14 5 8 6 13 8 10 10 9 9 12
43 44 1 23 43 40 44 44 46 53 30 41 32 30 49 37 22 27 29 53
6 10 11 6 12 10 2 9 17 13 13 14 15 6 4 9 8 4 9 9
1 16 6 1 12 7 5 2 11 21 13 8 6 15 9 14 5 6 3 1
7 31 12 10 33 20 21 18 34 39 15 21 16 37 26 28 27 22 31 20
12 36 13 18 42 35 41 43 42 50 15 37 28 42 40 32 44 29 42 27
19 41 26 6 46 31 43 38 36 56 33 31 28 46 41 23 24 20 41 26
3 6 2 9 16 7 6 8 12 6 4 10 13 9 5 6 2 11 5 13
2 2 4 2 4 6 1 5 8 1 6 7 7 5 1 1 1 1 10 2
6 18 6 4 35 16 9 18 29 27 17 18 6 29 22 16 12 8 10 10
9 20 2 3 20 9 14 12 20 30 9 14 7 13 20 14 16 12 5 15
9 25 9 10 41 32 21 31 32 42 11 32 12 32 26 19 27 33 38 23
13 23 23 25 38 24 26 31 42 29 24 33 33 32 19 35 23 11 33 31
5 23 18 15 34 18 19 21 35 29 25 24 25 31 21 25 18 8 28 16
11 11 5 18 31 12 15 23 29 14 10 13 19 19 11 10 15 9 24 21
27 43 23 15 37 38 35 40 37 54 24 41 31 40 32 28 37 34 46 43
34 24 8 25 49 28 37 44 36 42 36 29 24 36 43 23 15 13 20 39
21 28 7 5 16 27 16 23 18 30 12 29 26 12 22 11 28 15 15 32
5 14 9 3 15 5 11 6 16 16 16 3 9 21 13 9 9 6 17 7
23 36 20 15 49 31 43 46 32 50 33 44 38 23 35 33 29 28 26 37
14 30 12 8 34 27 24 28 22 39 18 27 16 26 27 12 24 27 30 29
5 10 1 6 21 11 8 11 17 17 4 16 10 10 9 14 13 18 10 6
1 5 1 1 1 1 1 1 1 6 1 1 1 5 1 2 1 6 2 3
5 16 2 4 26 12 8 7 19 27 7 16 5 19 18 14 15 19 10 17
5 3 1 2 6 1 5 2 3 4 2 2 7 2 6 2 7 5 4 8
16 17 6 23 40 23 15 26 17 28 25 26 22 27 24 16 15 26 3 36
13 35 22 22 38 28 37 31 44 43 29 28 24 44 39 35 28 11 39 35
2 23 11 17 31 24 29 28 24 31 12 19 15 36 23 16 24 20 40 23
10 32 13 1 34 31 20 24 25 46 10 27 8 36 25 28 22 36 30 16
13 11 1 2 24 14 29 25 13 28 7 16 21 12 20 11 17 17 22 18
17 23 12 9 31 18 31 25 31 38 27 19 19 30 30 27 8 10 28 22
20 22 18 20 40 28 16 25 49 33 30 29 25 33 18 28 20 9 28 25
38 44 22 26 58 51 30 44 63 62 41 51 29 56 51 54 30 28 28 43
4 18 2 1 9 10 6 6 7 21 9 11 6 13 17 2 12 9 6 16
3 14 13 1 11 11 11 9 20 18 15 11 14 15 15 17 3 1 13 6
1 7 1 1 6 4 5 4 5 11 3 7 1 8 1 8 7 10 8 5
6 23 17 4 37 16 40 33 16 42 24 19 22 24 30 18 8 19 23 22
13 34 9 10 51 43 23 34 41 50 18 37 19 51 30 26 26 42 41 25
1 5 1 1 4 1 1 2 9 10 2 5 1 5 4 7 1 1 1 6
14 36 18 6 24 28 24 22 34 39 23 28 27 36 33 22 22 13 30 27
12 30 22 7 34 27 33 30 32 42 38 30 22 35 37 28 1 1 20 20
3 10 5 1 16 6 17 14 6 20 12 1 3 15 10 6 5 15 19 5
17 20 9 5 26 14 28 25 30 38 12 17 19 19 24 23 21 15 25 21
27 32 14 18 45 30 34 39 39 48 33 39 22 31 41 27 22 11 23 33
21 25 9 9 38 25 24 34 32 40 11 39 21 23 28 31 26 32 16 35
36 42 45 44 65 51 43 53 63 55 52 60 58 45 34 57 31 34 43 50
35 38 26 25 56 45 51 57 57 54 37 44 53 36 36 36 32 33 50 44
16 37 9 10 41 35 14 24 40 42 16 36 22 45 29 27 31 26 25 31
25 38 15 28 46 29 40 40 47 38 27 33 41 33 39 34 37 18 34 44
2 15 9 2 20 7 13 10 18 24 17 10 11 17 14 15 8 9 12 8
20 40 17 1 33 26 25 28 31 50 14 30 13 36 35 29 30 29 23 25
22 38 15 16 50 27 31 37 48 49 24 30 13 46 45 35 34 15 28 31
25 41 5 28 57 38 26 35 54 48 23 42 23 53 39 46 24 31 32 43
3 16 13 7 19 10 17 13 20 21 13 17 20 17 12 24 6 14 15 16
10 27 12 10 32 29 16 24 25 36 14 30 14 23 15 16 22 28 29 21
7 11 3 5 17 5 10 9 19 17 10 7 7 16 17 8 12 4 12 13
14 10 11 18 48 24 44 42 26 39 26 29 28 24 31 22 9 30 33 29
3 5 3 5 6 2 1 2 9 4 5 1 1 5 1 5 1 1 2 2
7 30 9 12 44 28 27 27 33 43 18 24 12 41 28 22 23 26 39 25
7 11 12 7 7 11 1 10 13 9 14 12 14 11 1 6 8 5 12 8
4 15 9 1 30 14 25 20 22 38 17 13 7 21 23 20 10 17 21 7
1 12 7 1 15 7 12 11 15 23 8 7 6 11 7 14 6 15 15 9
2 7 1 3 13 4 7 4 6 13 5 8 7 10 7 7 6 13 9 12
25 35 8 19 53 42 48 51 29 51 19 43 38 30 37 25 32 48 36 49
13 22 10 10 28 11 16 16 28 27 19 14 17 26 22 16 21 6 15 15
10 14 1 1 15 6 18 14 10 26 10 9 1 13 24 6 7 4 1 20
1 5 4 1 3 3 1 1 11 8 6 6 5 11 3 8 3 1 8 1
35 33 5 13 59 40 37 48 52 59 19 41 23 43 45 37 35 37 29 42
9 10 3 7 23 8 7 7 23 18 9 12 11 16 14 13 16 8 8 12
30 27 14 20 39 31 28 35 43 42 31 30 33 36 34 32 19 21 21 39
13 34 32 30 55 34 32 38 48 41 41 41 40 43 28 41 22 21 40 24
4 6 4 1 5 3 5 4 10 8 5 5 4 12 6 6 6 6 12 6
8 13 1 1 5 3 12 8 5 15 8 5 7 11 13 3 10 5 8 11
19 26 20 15 36 24 34 34 32 44 28 35 34 20 26 29 17 22 24 36
1 6 4 1 7 7 1 5 8 10 5 12 7 6 1 9 9 7 5 5
12 29 20 10 47 25 36 37 32 49 29 37 27 32 32 40 17 29 25 27
7 11 10 8 11 11 1 8 18 14 12 15 11 9 3 10 10 7 8 9
24 39 30 25 60 36 49 47 25 56 38 40 35 41 36 21 15 37 37 48
16 19 1 2 19 18 8 19 26 26 1 23 10 12 19 16 23 15 11 15
9 15 1 7 21 10 4 9 22 17 1 10 4 21 11 12 20 13 12 11
4 3 2 4 14 1 7 6 9 7 3 1 5 5 5 2 5 9 9 6
11 24 4 8 27 14 14 16 24 30 11 19 9 27 24 14 24 13 13 15
7 15 10 11 29 16 19 19 23 26 15 18 21 15 9 19 7 20 18 17
49 41 11 34 62 54 37 57 62 59 38 65 51 38 51 53 44 40 19 64
5 6 1 1 8 1 8 6 4 8 3 3 7 5 5 1 7 11 9 9
5 4 2 7 11 10 2 9 16 7 7 9 7 10 3 3 1 5 10 8
1 7 4 3 15 7 7 8 18 16 13 7 6 14 3 9 3 6 15 1
3 1 1 1 1 2 2 3 3 4 1 4 7 1 3 1 5 1 4 3
17 41 15 11 54 43 27 42 45 56 16 42 17 50 38 34 40 43 50 35
12 24 6 12 34 16 14 15 30 32 8 23 15 29 21 24 23 21 17 30
7 6 1 1 16 7 10 9 16 20 3 12 2 13 12 14 8 10 8 15
5 1 1 1 11 5 10 10 12 10 6 8 6 6 12 7 4 6 9 8
5 21 13 5 14 16 13 10 19 22 16 13 13 19 13 13 4 8 17 9
10 19 13 7 24 12 24 20 26 25 15 16 24 24 18 19 14 15 27 19
10 23 24 9 36 21 25 24 32 33 32 26 25 31 26 18 7 7 26 20
2 13 12 1 24 13 23 21 23 30 21 14 13 20 18 17 2 7 24 5
21 26 18 16 43 33 37 40 45 44 31 29 30 38 30 26 17 19 47 27
14 13 1 3 11 7 12 10 15 15 7 9 15 8 16 7 14 1 3 14
28 16 18 29 49 25 31 41 35 30 32 31 34 20 25 22 18 20 21 36
34 46 21 13 53 41 34 46 51 61 36 47 27 47 49 41 28 21 32 42
17 34 19 16 58 32 41 45 23 54 27 35 22 34 32 28 19 41 28 34
31 45 39 32 64 42 52 52 58 61 53 54 49 51 49 51 28 25 45 45
16 35 21 20 31 28 30 31 48 36 22 28 31 36 34 33 30 1 33 28
15 9 6 12 29 12 15 18 31 22 17 13 10 23 16 19 9 7 18 17
7 9 4 1 20 8 14 14 21 23 8 14 3 17 15 19 12 13 14 10
8 22 12 14 34 21 16 17 30 30 16 27 21 29 16 27 13 23 18 27
3 10 6 3 16 9 10 11 14 18 14 13 10 14 12 8 7 10 14 6
1 3 1 1 2 1 1 1 2 4 1 1 1 6 2 1 2 2 1 6
1 5 4 1 9 3 1 1 9 10 10 5 9 8 3 8 2 1 4 1
6 5 1 3 9 1 5 3 6 10 3 7 8 6 5 7 11 6 6 8
1 8 7 1 7 4 3 3 12 8 8 1 8 9 6 8 4 3 6 5
2 17 11 10 31 17 22 21 22 25 13 14 18 23 11 17 2 23 23 18
1 1 3 1 9 3 4 7 8 4 5 6 10 5 1 1 2 7 11 6
4 11 8 1 18 1 13 10 14 20 15 7 6 12 16 13 9 6 8 7
3 15 1 1 18 10 9 7 15 26 5 13 1 20 15 11 16 19 15 13
4 10 5 11 19 4 9 9 23 12 6 7 4 20 9 13 12 6 21 6
1 4 5 1 1 4 1 1 8 7 10 5 9 7 1 6 1 1 8 1
29 36 13 28 64 47 25 47 45 51 21 54 28 51 40 46 38 56 30 53
15 23 7 9 36 21 14 21 35 33 11 31 14 30 24 32 20 27 16 26
32 35 18 20 46 37 37 48 36 48 23 51 43 24 28 41 40 39 37 42
6 23 16 4 28 18 16 19 24 32 24 22 14 22 25 19 15 13 12 15
12 39 18 3 30 29 32 31 18 46 26 29 23 33 32 15 22 25 29 28
32 35 14 15 50 40 51 52 55 57 32 43 42 37 44 41 34 26 49 41
14 16 7 7 15 9 13 14 21 21 10 13 14 11 17 12 12 8 8 19
24 18 10 22 49 33 30 43 42 45 39 29 23 41 34 29 8 18 25 27
5 10 4 5 8 6 1 1 10 10 5 5 1 13 7 5 7 8 6 11
3 7 2 9 18 8 4 7 14 10 7 14 12 11 3 12 6 12 6 10
23 45 29 24 60 49 40 47 49 62 32 50 39 41 35 40 35 44 45 41
30 39 17 18 66 46 45 55 55 67 30 49 36 46 49 45 31 46 34 41
38 30 19 29 67 42 42 56 49 54 45 52 41 41 50 34 23 25 21 50
4 11 5 6 15 11 1 7 18 13 8 15 8 13 7 14 12 9 5 3
17 17 12 20 42 24 24 32 28 28 27 28 22 19 21 15 5 10 11 32
28 35 2 16 47 28 33 37 40 54 24 32 13 38 41 31 21 25 22 34
16 23 11 11 24 19 17 18 27 28 20 16 23 25 20 15 12 13 17 25
7 5 1 1 4 5 5 5 5 8 6 6 7 7 8 4 9 1 6 7
1 9 5 1 18 9 12 11 14 22 6 6 8 17 6 10 5 17 22 5
8 7 1 1 6 1 12 10 6 14 3 5 7 9 9 4 11 7 14 8
23 48 38 25 42 48 29 34 46 51 40 51 44 48 30 43 33 32 43 33
3 1 3 8 18 7 8 14 10 7 6 9 12 1 1 3 1 11 12 6
1 1 1 1 5 1 5 4 6 5 1 1 1 1 5 3 1 2 3 5
29 40 17 25 61 46 23 40 56 59 43 47 28 61 48 43 29 31 20 41
2 9 6 4 8 5 7 5 11 10 8 10 16 9 1 11 4 7 10 9
2 14 9 1 1 10 6 5 11 12 11 8 12 15 4 7 4 4 14 6
1 1 1 1 11 1 9 7 1 7 2 1 4 1 1 2 1 11 9 2
3 10 8 1 4 7 4 3 12 8 10 6 12 16 1 9 5 5 14 5
1 11 8 3 19 3 15 12 11 21 15 4 3 15 13 8 3 8 14 3
4 17 4 7 26 13 19 20 11 27 7 25 18 14 18 12 16 24 15 30
19 27 8 21 57 35 40 46 38 53 29 44 28 37 35 36 13 37 34 35
31 44 34 19 48 45 28 40 58 56 38 49 36 47 39 48 37 30 41 35
1 1 1 4 9 1 5 3 4 1 1 5 9 2 2 2 3 6 4 7
13 6 1 3 20 5 18 18 20 23 2 7 6 6 16 8 14 5 14 14
10 20 14 5 22 23 13 18 33 31 22 27 19 24 16 25 8 4 19 16
13 11 5 8 9 6 7 9 13 12 8 7 10 9 8 7 11 1 4 11
34 23 13 25 37 34 19 38 43 39 31 34 30 28 28 24 24 21 17 41
11 28 26 12 40 27 31 34 30 38 34 23 23 36 22 15 15 15 42 17
14 14 1 16 45 17 16 25 40 26 13 22 10 31 23 28 18 18 19 20
20 33 15 22 40 31 34 30 30 47 27 42 32 33 28 41 15 30 26 45
15 31 20 32 57 36 42 46 45 49 27 47 34 41 31 42 28 31 45 47
6 14 10 7 19 14 9 11 22 24 16 19 11 17 15 14 10 12 14 15
7 18 1 8 19 10 7 7 16 21 3 13 4 23 17 9 23 13 18 19
35 44 27 41 61 46 41 51 63 54 48 47 37 56 42 42 30 18 45 48
1 8 4 1 13 5 11 11 9 16 12 7 5 11 13 5 1 6 10 6
26 41 18 24 56 40 43 47 64 52 31 48 44 44 46 51 37 16 36 41
1 1 1 1 3 1 1 1 2 3 1 2 3 1 1 3 4 4 3 3
4 3 7 10 18 7 5 10 15 8 8 18 17 10 1 12 10 9 12 11
5 18 16 4 13 13 13 9 18 23 21 14 14 21 15 20 9 4 18 6
25 32 26 30 49 28 39 39 44 39 33 34 38 40 30 40 18 20 32 41
24 32 18 22 54 38 56 53 51 54 33 43 46 42 43 40 19 27 47 37
30 44 13 30 56 41 36 38 56 54 33 51 36 54 41 54 21 37 33 45
19 31 23 21 54 35 35 42 44 46 42 30 30 50 38 27 18 18 39 26
25 26 16 11 17 22 24 29 28 29 21 25 28 12 19 18 26 11 22 25
15 35 28 26 45 34 31 34 29 43 35 41 37 40 19 30 26 36 44 38
12 28 13 1 31 17 25 23 30 40 21 22 17 27 29 17 15 8 17 22
40 26 15 32 45 36 19 40 51 38 36 41 45 32 33 32 39 17 19 41
6 12 3 1 11 2 13 10 3 18 10 7 4 8 16 2 9 1 1 9
10 30 25 11 41 25 30 27 34 36 34 30 28 37 28 24 11 11 29 20
4 5 5 1 5 6 4 5 9 6 7 9 7 6 5 7 7 4 7 4
1 5 3 1 1 1 1 1 7 8 4 3 1 8 1 9 2 1 5 1
11 24 1 6 29 21 19 18 19 33 14 24 10 26 28 20 9 17 14 31
17 21 17 15 32 27 21 26 41 29 29 27 27 31 22 28 4 8 24 22
11 15 6 7 29 8 16 14 25 29 18 13 7 23 22 19 9 8 9 18
16 35 18 14 36 32 23 31 31 47 21 44 34 30 25 33 28 30 23 40
13 21 12 18 30 29 9 20 30 25 22 29 27 29 16 20 12 21 16 28
1 13 12 1 18 9 16 13 20 19 13 9 14 17 12 15 1 5 20 5
1 2 1 1 1 1 1 1 6 1 2 1 1 10 1 1 1 1 6 1
24 27 21 29 55 40 40 51 40 48 33 45 44 37 28 34 26 44 38 34
25 43 34 20 58 38 37 44 43 49 38 50 34 43 43 31 21 33 31 37
10 14 2 6 10 8 4 6 13 16 6 8 5 13 8 6 11 7 4 15
32 34 13 18 43 37 32 41 40 48 31 39 27 33 40 19 23 8 21 45
19 27 18 8 39 33 40 41 38 55 31 33 32 27 35 23 20 22 34 27
1 5 3 1 1 1 1 1 4 3 4 1 4 5 1 3 1 1 1 1
13 27 7 3 27 18 21 18 26 38 10 24 15 31 25 20 25 21 24 32
32 31 7 25 57 34 56 53 41 59 29 45 39 29 46 42 22 34 34 47
7 8 2 9 13 9 3 7 13 5 7 5 7 11 3 2 1 9 5 11
12 22 15 7 25 16 17 20 37 29 17 24 26 23 19 24 21 2 25 19
10 32 15 16 52 38 40 38 48 54 29 36 25 49 40 33 17 24 48 27
1 4 1 1 9 1 4 2 4 6 8 1 3 7 8 2 1 1 1 1
15 12 9 7 12 12 10 16 19 20 11 19 17 5 14 10 19 4 9 16
4 1 1 1 5 1 6 4 9 7 2 1 1 3 8 5 2 1 1 7
19 21 4 1 19 12 25 23 26 35 9 20 13 11 24 24 22 12 11 24
14 21 16 15 42 31 33 37 36 43 24 30 28 35 27 18 20 33 39 31
24 38 26 15 28 33 35 37 34 44 29 38 44 23 24 32 24 17 32 32
20 18 3 15 29 14 23 23 35 25 17 18 13 25 30 19 17 1 17 24
20 23 8 27 39 32 8 27 44 31 21 33 25 40 25 25 32 20 22 33
13 32 5 16 49 31 17 27 39 38 14 35 15 41 34 27 34 32 28 33
5 9 1 4 17 8 8 7 16 18 2 12 4 15 12 10 8 12 11 16
34 49 11 22 52 39 35 40 58 60 24 46 22 54 53 49 39 26 35 46
9 7 7 2 12 7 6 11 17 12 11 10 12 6 11 7 7 1 7 13
10 31 15 8 40 31 39 37 41 51 22 31 27 43 36 27 22 24 43 25
20 41 25 11 39 37 35 36 41 54 31 42 32 44 41 31 29 23 43 36
25 37 20 15 56 33 41 47 44 56 28 40 29 35 41 29 36 26 35 34
6 9 6 13 22 6 13 12 13 13 10 10 12 10 8 13 5 17 10 14
22 23 12 15 28 24 22 30 37 32 25 21 27 27 27 24 15 11 19 25
2 5 5 7 32 12 21 22 19 24 8 21 16 13 14 19 10 24 20 13
34 28 16 26 43 35 27 41 45 46 35 32 30 37 35 33 22 28 20 40
9 4 1 7 18 4 6 7 14 9 7 2 6 4 12 4 6 4 1 13
21 37 3 6 43 35 29 38 37 49 6 40 23 34 38 30 42 39 35 37
1 1 1 1 8 1 4 6 7 5 2 3 2 1 1 1 1 5 8 1
1 12 5 3 15 3 9 4 23 18 10 6 3 20 13 17 11 2 18 8
21 23 6 11 42 29 25 36 37 45 16 28 18 26 28 17 26 25 27 24
27 17 13 32 51 31 21 38 37 39 32 41 38 24 26 32 23 29 12 43
9 10 7 1 4 7 8 9 10 11 9 10 12 11 9 7 11 4 11 9
14 27 18 29 54 25 31 33 42 38 30 33 30 40 24 41 17 28 31 33
6 23 11 3 33 14 28 24 16 41 18 13 6 22 26 13 13 19 17 18
1 6 1 2 12 3 1 1 10 7 1 8 5 14 1 7 7 8 10 5
1 4 4 1 8 3 2 3 12 9 7 6 8 6 4 7 5 3 7 3
33 39 18 22 43 46 27 43 52 55 33 48 38 41 38 33 37 27 33 46
28 20 16 21 25 24 21 30 31 25 21 25 27 18 16 14 24 12 26 25
22 40 6 1 35 32 31 31 32 52 15 40 25 29 43 29 36 26 19 41
1 3 2 1 9 1 1 1 10 6 6 1 6 7 4 4 1 1 3 1
1 1 1 1 1 1 1 1 1 3 1 2 1 1 1 1 2 2 2 1
14 33 8 8 51 27 24 32 32 49 21 27 12 42 34 18 24 27 23 31
28 39 16 14 45 34 34 35 57 49 26 40 34 38 43 46 33 12 29 32
6 6 1 4 6 1 5 3 5 6 3 1 5 7 5 3 8 4 7 7
1 13 3 1 10 8 6 5 6 20 6 6 1 14 6 6 6 15 14 8
15 30 22 5 43 33 25 36 45 45 20 39 24 34 27 38 19 26 37 20
3 28 14 1 26 20 16 17 27 36 22 22 10 34 26 20 15 11 19 11
30 29 22 23 40 30 33 34 42 44 38 35 35 31 31 34 22 13 32 35
14 35 13 16 52 34 29 31 35 50 23 43 21 40 36 39 24 37 23 37
22 35 8 16 46 25 32 35 42 47 20 34 17 42 47 35 34 13 23 32
33 44 20 23 45 39 35 39 52 51 32 41 36 41 42 33 39 20 37 50
4 13 9 7 21 11 7 9 28 17 11 13 14 21 6 15 13 11 24 6
17 11 1 18 39 22 16 25 26 28 17 18 18 28 21 13 15 29 19 30
12 29 17 10 45 39 33 38 44 57 28 38 22 39 37 30 24 35 35 23
8 20 4 7 30 20 31 26 12 35 13 20 21 19 25 6 17 31 21 23
4 7 1 3 9 3 4 3 3 7 1 2 4 6 2 1 4 10 4 11
20 41 23 18 56 40 54 48 46 64 31 43 41 47 49 36 28 38 47 42
11 24 5 3 24 14 18 18 23 35 13 22 10 21 28 17 20 14 8 20
9 35 14 22 53 22 35 36 39 44 19 32 23 41 41 35 38 20 32 31
9 22 16 12 39 22 25 28 27 33 31 19 22 31 23 17 3 15 21 21
9 29 17 8 28 25 19 21 22 39 25 26 17 24 17 14 18 17 27 19
17 20 15 17 35 34 25 33 30 36 27 26 32 29 18 15 13 29 30 23
25 23 15 22 38 21 37 33 27 41 21 34 31 22 30 34 22 25 19 44
21 41 30 21 35 26 36 31 38 40 37 25 29 47 39 32 28 12 39 24
14 34 37 25 48 31 45 41 32 46 44 39 43 40 31 41 12 30 41 29
1 20 10 4 18 19 13 13 16 26 12 16 13 22 10 11 9 21 24 12
1 22 7 1 17 16 6 6 13 27 11 18 9 23 13 16 14 21 14 13
4 13 8 4 17 13 10 11 17 20 17 9 14 16 7 8 2 11 16 9
23 33 18 21 44 36 32 36 43 41 42 33 29 40 36 29 6 13 22 33
12 12 11 12 19 14 10 11 22 18 21 12 15 21 10 16 9 5 16 10
2 8 2 1 12 1 7 2 8 15 7 5 6 11 7 7 6 10 10 9
9 18 4 10 28 3 24 19 21 22 11 10 14 22 26 16 18 7 16 22
7 9 1 2 9 2 8 7 8 13 7 3 6 4 9 1 6 3 2 8
7 8 1 1 7 1 8 5 5 11 7 4 8 5 13 2 9 1 1 7
1 4 1 1 5 1 4 3 4 5 1 1 1 4 2 1 2 7 6 3
10 21 4 3 28 18 12 19 24 33 8 21 11 21 19 17 20 26 17 17
20 38 22 19 49 37 30 35 41 49 22 38 30 43 33 28 33 35 48 38
3 7 6 5 7 5 2 2 14 6 8 1 4 9 2 7 1 1 7 1
6 22 7 1 28 15 19 18 25 37 13 20 16 19 22 25 15 20 15 14
3 1 1 3 8 1 1 2 9 4 1 1 1 1 4 2 2 1 1 5
1 18 3 1 12 12 2 2 9 20 4 14 5 21 7 9 13 15 13 13
16 29 19 18 46 34 27 32 43 41 27 42 32 40 27 33 19 24 30 37
5 6 4 1 5 1 4 1 6 5 5 1 6 6 5 4 7 5 5 7
4 10 1 2 12 5 6 3 8 18 3 9 1 12 10 4 11 12 10 11
5 5 1 1 3 2 3 3 4 8 3 6 7 4 4 5 9 1 1 5
1 6 1 1 7 3 4 4 8 9 3 3 4 7 7 6 3 5 4 8
17 22 16 15 35 33 22 31 34 35 24 24 22 27 20 16 12 23 29 25
23 59 36 10 56 55 34 44 47 65 41 56 28 59 51 34 29 27 38 36
12 22 9 22 48 20 31 31 29 36 19 23 21 33 21 25 22 32 31 26
17 16 1 12 27 12 22 21 32 26 3 20 16 20 27 22 24 1 16 27
11 25 5 2 18 14 23 20 15 28 14 19 24 12 21 14 15 15 8 25
12 14 5 4 8 5 11 9 16 19 8 10 10 11 13 13 16 4 10 11
1 9 1 2 19 4 9 6 10 19 3 6 1 17 6 5 11 14 17 6
20 15 13 21 39 18 23 29 31 26 24 20 26 21 16 13 19 15 28 24
17 19 7 21 53 26 38 38 43 44 28 24 14 39 35 25 14 23 37 21
5 12 2 2 12 11 8 7 7 21 6 15 7 10 11 6 14 15 10 14
1 28 4 10 28 23 11 14 25 29 3 27 8 36 24 19 28 21 25 22
1 9 1 1 8 5 1 1 6 10 1 6 1 8 8 1 4 8 3 11
3 4 1 1 3 1 2 1 6 5 1 1 1 7 5 1 7 2 8 7
24 29 6 16 29 29 9 27 42 30 14 32 20 31 21 22 32 14 18 27
7 15 21 20 30 17 18 22 30 22 23 27 30 22 6 27 16 16 31 21
2 1 1 3 8 1 3 3 10 2 2 1 1 2 5 2 2 1 3 3
12 15 3 7 19 12 7 10 20 23 10 12 4 20 17 11 11 9 9 22
28 26 19 16 48 29 32 41 44 44 35 35 24 34 31 19 22 6 26 33
11 20 17 17 32 20 16 22 38 25 28 19 20 29 17 18 15 7 32 12
14 33 29 33 55 32 39 44 52 45 35 33 34 40 35 34 30 12 50 32
10 23 10 9 39 26 15 27 26 37 19 27 11 24 21 12 15 21 18 16
4 4 5 1 8 6 7 9 12 11 7 10 7 7 7 8 8 6 11 6
6 8 1 9 21 11 6 8 13 16 7 13 9 9 6 7 8 16 6 14
8 7 4 1 10 1 12 10 12 13 5 4 5 11 12 8 9 7 13 11
1 7 4 4 9 4 6 5 8 5 5 5 8 6 5 4 5 9 8 6
1 18 5 5 18 9 12 10 10 17 11 8 1 25 17 4 10 7 13 13
17 34 18 19 39 28 19 24 37 39 23 30 26 36 26 22 33 21 34 36
2 5 3 1 6 1 4 4 11 7 4 2 2 6 7 7 1 1 3 6
26 27 5 11 47 26 31 39 37 46 20 38 21 26 39 32 23 22 20 32
8 35 24 12 47 42 37 40 32 49 39 32 25 49 35 11 10 29 41 23
8 10 4 1 8 1 11 9 6 11 5 4 10 8 8 4 10 10 10 11
25 39 18 21 48 31 38 40 52 48 33 33 36 43 41 37 32 12 35 30
6 20 4 6 33 14 19 17 23 33 11 20 6 29 24 17 20 22 25 21
1 2 1 1 12 2 1 1 4 9 1 8 4 6 4 9 7 7 2 2
13 20 20 15 36 32 25 32 33 36 31 26 26 27 17 22 8 17 33 13
14 42 17 24 56 31 45 41 25 49 21 40 30 46 43 31 34 34 38 53
2 2 1 1 8 2 6 5 5 8 6 4 5 5 5 3 4 5 8 2
6 9 3 7 24 7 13 13 26 17 6 14 7 20 14 18 16 9 19 11
20 25 15 15 30 27 25 29 21 37 16 29 27 22 17 13 26 29 33 31
18 18 1 1 25 18 15 23 29 30 6 27 13 18 26 23 22 14 10 22
35 26 7 24 47 34 31 41 50 42 29 43 34 32 39 38 25 18 18 39
5 3 1 2 8 1 2 1 9 10 1 4 2 3 6 5 10 1 2 5
1 1 1 4 8 1 4 3 1 1 1 4 8 1 1 4 1 6 1 7
1 8 1 4 14 6 2 2 17 11 1 10 3 16 5 9 10 10 12 3
1 9 8 1 4 7 1 5 12 7 11 7 9 13 6 8 1 4 9 4
19 28 14 19 50 35 19 32 46 44 28 40 29 38 27 31 23 30 27 32
29 40 25 21 38 37 38 41 33 52 33 34 33 35 31 23 33 32 41 36
1 1 1 2 8 1 3 2 6 3 1 2 6 7 4 4 1 4 5 6
39 45 24 29 57 47 44 54 48 58 36 57 52 31 33 40 44 44 41 59
9 18 17 5 30 15 18 21 20 29 25 22 17 18 22 11 10 7 15 21
3 13 9 7 15 6 14 10 10 20 9 14 17 11 5 17 7 18 11 19
1 11 10 1 7 7 10 7 12 16 11 9 9 14 4 14 2 3 16 1
2 1 5 11 21 5 8 11 11 9 10 16 16 1 3 9 2 8 6 8
4 7 4 1 10 1 10 7 8 12 8 1 2 14 6 4 8 9 18 5
11 17 9 6 38 22 32 34 24 43 21 23 21 26 29 7 16 25 31 23
15 16 11 10 15 12 9 15 22 19 13 16 19 12 9 9 16 7 17 16
1 1 5 7 13 5 7 10 8 4 6 14 16 1 2 8 3 9 7 9
25 35 27 26 54 38 34 43 47 53 34 49 36 36 30 45 29 41 33 40
7 15 5 5 32 15 26 23 15 35 15 16 3 19 24 11 5 18 13 18
9 14 8 7 14 11 10 12 17 16 11 10 12 11 10 6 9 13 13 13
31 44 7 9 42 43 29 41 48 54 16 47 25 41 42 35 41 31 28 44
14 11 6 6 19 9 22 24 19 21 8 20 23 4 17 16 13 11 10 23
11 4 6 13 20 11 9 15 16 11 12 14 17 9 6 7 9 10 16 13
7 7 1 1 5 1 10 8 4 11 4 2 4 6 9 2 9 5 9 7
34 43 18 17 40 39 34 35 47 47 36 40 44 38 39 37 32 24 29 43
1 6 7 1 4 6 2 4 13 9 9 10 8 11 3 10 5 3 11 1
1 7 5 1 1 2 1 1 7 4 6 1 4 13 1 5 3 2 11 2
1 3 2 1 6 1 6 4 3 5 6 2 2 8 4 2 3 5 10 1
5 18 3 5 28 19 11 22 29 25 1 22 5 26 16 20 23 21 29 10
5 23 15 2 30 16 26 21 30 39 25 20 11 30 27 28 7 10 22 10
1 6 1 4 19 4 12 10 14 17 1 9 8 13 7 11 8 17 17 13
9 19 1 4 27 17 13 14 18 27 5 21 7 21 20 16 14 18 10 27
1 7 5 1 9 5 3 5 10 13 8 7 10 9 1 8 5 9 12 5
11 17 2 1 18 9 20 18 15 30 8 15 8 15 22 14 21 13 13 11
2 10 3 1 10 8 9 8 11 16 10 10 5 9 13 7 4 9 6 11
2 3 1 1 1 1 1 1 4 5 2 3 1 8 1 5 6 2 7 3
22 30 15 24 52 29 41 43 27 50 27 36 33 29 30 28 22 37 25 44
7 18 12 11 30 26 15 21 27 29 19 24 22 25 8 17 9 23 25 15
14 15 1 14 43 19 18 21 30 33 11 19 10 27 22 16 20 25 24 27
13 12 6 1 19 6 20 18 16 22 9 10 13 10 17 12 11 13 13 19
10 9 6 7 17 7 13 14 16 12 8 13 17 7 13 10 9 10 9 19
1 1 1 1 4 1 1 1 1 2 1 3 4 4 1 4 1 3 4 2
22 11 3 16 21 16 6 18 25 21 16 20 21 19 14 18 20 9 3 20
21 36 12 6 36 33 33 36 40 48 18 36 33 31 29 35 33 32 34 27
13 43 22 6 35 34 25 29 34 53 30 38 24 39 34 24 29 18 28 29
9 34 17 5 45 23 24 27 35 43 21 24 9 42 30 27 23 24 33 15
8 13 2 1 15 7 14 12 15 25 8 14 11 12 16 10 13 12 11 17
44 30 9 28 44 38 35 46 50 39 34 42 43 24 36 33 23 9 23 48
4 8 4 1 6 1 6 4 13 15 5 4 5 11 8 11 9 2 10 7
3 9 6 1 3 4 1 1 10 8 7 3 6 9 5 6 5 3 5 6
1 13 7 3 15 12 1 7 27 15 9 15 8 23 9 17 15 7 18 1
6 2 1 3 7 1 1 2 10 4 1 1 1 8 5 1 8 1 7 4
9 18 12 11 31 20 12 21 24 25 23 21 13 19 14 10 11 9 13 12
25 33 12 4 23 22 28 25 39 36 20 23 26 23 31 28 25 11 24 30
2 10 3 4 14 13 2 9 15 17 6 17 6 8 3 6 10 13 10 6
1 1 1 7 11 4 8 6 1 6 4 11 13 4 4 10 6 10 6 9
1 12 3 1 7 6 3 1 5 11 4 5 6 14 4 4 6 13 9 12
5 20 11 8 28 18 16 16 23 31 16 25 20 22 18 24 16 26 16 22
4 6 5 6 10 1 1 1 11 4 6 4 7 9 5 5 1 4 5 4
4 19 10 6 13 20 1 9 15 18 12 17 11 16 4 5 10 9 13 13
2 4 1 1 3 1 1 1 6 7 2 1 3 6 5 4 4 1 1 5
8 20 7 2 27 10 21 20 18 33 15 17 15 17 22 14 17 19 14 16
7 7 1 10 25 9 8 13 16 14 14 6 9 19 12 4 1 11 7 15
32 37 7 12 37 35 29 35 47 51 25 41 24 27 42 37 31 18 14 37
15 23 9 6 33 21 17 24 27 33 8 25 13 21 20 24 25 31 21 18
1 4 1 1 3 1 1 1 6 4 1 1 3 9 3 1 3 4 8 5
1 8 4 1 1 2 1 1 8 7 5 1 2 7 1 5 1 1 4 1
12 23 10 1 26 17 13 18 26 33 14 20 6 29 23 25 22 21 22 10
1 9 12 12 23 8 16 14 15 19 14 19 20 15 8 22 9 20 18 15
15 24 18 6 11 19 17 20 25 24 20 20 25 13 14 14 16 5 21 16
20 12 13 11 30 18 24 29 28 30 16 22 22 17 16 16 20 15 30 24
13 23 24 21 46 28 45 39 24 46 34 30 37 29 28 29 15 38 37 27
34 35 25 32 56 34 44 50 43 48 46 42 41 34 39 33 17 14 26 48
2 6 1 1 12 2 14 10 4 18 7 2 1 12 8 3 6 9 16 3
14 12 11 20 43 27 34 37 33 36 22 23 18 27 28 19 15 26 29 22
22 49 23 19 66 46 39 48 51 61 38 50 33 59 50 34 34 31 41 47
14 24 8 7 32 9 31 26 28 32 16 15 19 24 30 19 18 10 19 26
28 34 16 18 57 32 49 53 43 47 35 36 39 33 41 28 26 23 35 43
1 4 2 1 9 1 2 1 6 5 8 1 4 5 5 2 1 1 2 1
5 18 11 6 24 15 10 13 18 26 19 20 15 17 14 11 12 13 12 16
12 17 4 1 10 8 13 10 12 23 10 14 11 13 18 11 17 8 6 16
31 49 19 15 56 52 56 55 49 72 29 46 35 46 57 36 38 42 46 48
20 15 2 7 12 15 14 18 18 19 11 17 18 5 17 12 19 2 5 18
15 11 5 10 19 15 14 16 23 19 12 17 10 12 18 13 8 7 7 21
4 19 9 9 27 18 16 17 20 25 11 17 17 18 12 13 7 25 20 20
22 23 8 7 27 24 14 25 40 33 15 28 24 17 24 26 23 9 7 23
8 18 12 1 11 11 13 11 21 24 14 16 19 15 16 18 13 2 12 10
7 17 5 1 3 9 13 11 13 20 8 9 14 9 9 8 9 7 11 11
1 1 1 1 3 1 3 1 3 2 1 1 1 4 1 1 3 2 9 1
4 9 2 2 10 4 7 4 13 13 6 3 1 16 11 5 9 8 13 12
1 1 1 1 4 1 2 1 7 5 1 1 1 4 3 4 1 1 6 1
1 5 6 1 2 5 1 4 9 5 8 4 7 5 1 4 2 2 9 1
3 21 17 6 28 19 18 19 25 29 24 27 25 22 18 25 12 12 18 9
25 47 18 11 51 44 40 46 38 61 32 44 30 43 44 25 31 30 31 44
10 19 9 5 23 13 16 20 18 28 21 15 13 20 15 9 11 7 12 13
4 1 1 1 12 1 8 6 10 12 6 6 6 6 12 9 4 5 7 8
1 4 2 1 8 1 5 2 8 12 7 4 1 7 5 8 5 5 7 1
6 27 9 7 20 19 10 13 32 28 11 21 12 33 20 26 26 12 24 13
31 38 17 17 49 35 32 41 41 47 33 42 36 35 42 31 28 18 10 38
21 25 28 24 34 34 18 29 43 26 37 31 38 33 18 26 11 8 33 20
13 11 10 13 24 12 17 21 19 18 11 16 21 14 6 10 19 13 29 17
23 32 13 18 37 28 25 26 48 41 25 31 24 39 31 35 22 11 27 29
11 25 11 1 25 21 12 17 33 33 17 25 20 20 25 24 19 8 13 9
1 12 6 1 13 4 11 6 10 16 14 3 10 12 10 6 1 7 8 5
13 9 2 5 24 4 19 17 19 26 13 10 4 12 21 13 10 4 7 14
1 2 1 2 6 1 1 1 4 3 2 2 4 6 1 4 2 2 4 2
13 16 6 7 15 13 10 14 17 24 13 18 15 14 14 5 17 6 13 17
1 5 5 1 6 6 4 5 7 8 10 9 7 7 6 7 5 1 4 1
1 21 5 9 29 16 15 15 28 30 4 14 5 31 14 19 18 20 29 11
4 20 14 7 33 24 26 25 33 37 19 17 15 33 19 20 5 18 36 10
15 31 5 4 28 23 16 21 27 42 6 23 10 24 23 21 27 28 18 21
23 42 20 4 40 32 27 34 32 48 22 39 21 35 39 27 31 25 16 33
10 24 16 12 43 35 26 33 38 41 25 30 26 34 24 26 17 31 32 9
36 26 6 20 50 38 19 39 50 45 23 41 20 42 39 39 30 31 19 40
15 27 19 23 46 30 26 34 28 32 29 33 27 31 24 14 17 25 25 37
17 24 8 20 46 31 18 29 34 39 22 39 28 35 27 34 22 32 15 41
8 27 18 4 19 24 17 18 23 33 20 24 24 24 19 17 12 13 25 18
9 4 1 1 8 3 9 8 10 11 2 6 6 5 13 6 8 1 4 12
32 35 12 11 45 34 30 40 44 46 12 46 31 19 40 40 38 32 16 42
23 32 16 12 33 26 29 32 34 47 32 33 21 27 34 25 19 12 18 32
6 9 4 4 27 12 9 15 21 24 11 17 11 7 16 11 15 11 10 9
27 40 17 24 53 38 36 42 41 56 26 46 38 39 33 40 34 43 31 46
24 37 32 23 64 32 56 52 44 59 45 41 38 46 43 38 13 18 41 42
4 39 27 27 60 33 49 43 42 58 31 37 34 49 40 45 32 33 48 37
19 43 16 12 52 43 39 40 43 65 27 41 19 46 46 40 26 35 37 32
6 11 6 8 17 4 7 5 18 13 8 7 11 18 10 11 11 10 12 15
1 1 1 2 9 1 1 1 7 2 1 3 7 1 3 3 2 2 1 6
15 34 7 5 25 22 20 20 18 35 14 19 13 30 28 11 22 17 17 27
1 5 2 1 4 1 1 1 5 4 3 3 7 4 1 5 2 4 1 5
3 17 5 9 20 12 5 6 24 17 12 8 6 25 14 10 9 8 16 13
1 7 3 1 7 1 2 1 11 12 4 3 1 7 1 9 4 6 7 1
11 14 6 6 11 7 17 15 11 16 10 16 22 8 13 14 13 11 8 19
14 23 11 16 31 29 9 16 32 32 26 28 23 32 19 26 17 21 12 20
25 44 7 14 45 34 41 36 40 53 22 39 29 48 46 36 29 26 40 48
2 3 1 5 17 3 6 6 8 11 1 6 4 2 1 7 6 13 7 5
10 23 8 5 24 17 16 15 19 30 16 23 17 25 22 13 21 21 18 20
6 8 1 6 9 3 7 5 11 5 1 4 5 15 8 5 14 4 16 9
13 12 9 7 38 18 31 31 23 37 23 20 15 21 27 17 9 18 23 19
3 6 1 3 16 2 4 5 16 16 8 4 1 6 9 9 2 2 1 8
3 32 13 14 46 30 35 34 32 47 20 27 22 43 36 23 26 28 44 33
15 26 13 9 41 32 34 36 34 51 21 38 29 28 27 27 19 31 29 32
10 20 17 4 24 15 25 22 10 24 23 15 11 22 23 1 4 8 19 16
1 3 1 1 6 1 7 4 4 7 7 1 3 6 7 3 3 5 8 1
5 19 5 9 28 22 8 15 20 23 9 26 14 19 12 13 15 23 15 22
4 15 10 3 14 5 14 10 9 20 17 3 6 17 11 9 6 9 15 6
15 39 15 5 32 29 35 30 27 53 23 30 24 32 33 25 22 19 30 24
5 10 7 9 17 9 6 6 19 13 11 10 12 13 4 16 7 10 9 7
19 9 1 13 21 11 15 22 20 17 8 16 21 14 12 13 14 13 10 23
14 41 19 2 42 33 27 26 32 54 28 37 15 41 42 26 22 21 19 31
18 22 7 6 22 21 19 25 24 32 13 25 14 17 22 11 18 13 17 30
16 30 15 17 51 25 37 40 37 48 22 32 24 32 35 26 31 23 35 33
16 14 9 9 22 14 18 23 23 27 10 21 20 4 15 12 21 13 18 18
16 24 14 17 41 27 23 30 42 38 32 27 18 38 25 22 11 11 27 25
14 22 3 1 20 14 20 20 23 34 9 19 13 12 21 21 24 14 12 13
14 25 22 6 27 22 23 24 20 27 30 22 18 25 28 1 4 7 19 22
3 10 1 1 6 4 4 1 3 15 7 6 2 9 8 5 8 6 2 9
13 19 7 5 29 16 29 25 30 35 14 12 11 28 23 17 9 12 29 18
24 27 12 16 36 25 25 32 42 41 31 23 29 37 34 27 22 12 21 28
26 23 10 25 38 21 14 25 39 31 30 20 29 37 29 24 25 17 17 31
5 6 5 1 10 1 6 5 15 13 6 7 1 13 9 12 10 5 11 8
7 15 7 10 36 18 27 25 23 33 10 21 18 27 20 18 20 35 29 18
1 1 1 1 6 1 4 3 6 4 1 1 1 1 6 1 2 1 3 4
28 47 30 32 58 48 38 46 37 56 33 59 42 44 33 43 44 53 43 52
39 50 20 29 57 51 32 45 67 61 39 53 39 55 43 48 33 25 41 45
11 18 11 20 36 21 19 22 42 21 19 20 21 35 21 26 12 1 24 23
5 7 6 5 8 4 7 6 10 8 7 5 6 9 5 6 7 7 10 5
15 34 17 15 60 44 28 43 42 55 31 40 21 47 34 18 26 38 39 25
5 6 1 7 12 6 8 8 8 9 5 5 5 7 5 1 1 11 11 6
18 12 4 17 37 21 22 31 30 29 13 33 25 14 19 26 15 22 7 34
7 43 27 19 52 31 39 36 41 51 32 35 24 51 42 26 26 14 40 36
2 21 10 1 27 19 21 22 12 34 17 23 7 20 26 4 5 13 16 21
9 23 12 4 16 14 12 10 25 26 14 17 19 23 15 18 13 7 16 12
1 4 1 1 1 1 1 1 1 4 1 1 1 3 1 1 1 2 1 4
19 38 19 8 38 30 27 28 30 47 17 37 23 35 30 38 30 39 26 30
15 25 16 15 48 27 35 37 43 45 22 35 29 34 28 36 21 27 35 27
12 28 7 8 48 24 36 39 38 48 18 25 14 35 39 22 26 18 29 20
7 8 3 1 11 6 11 13 10 17 5 13 12 4 6 7 13 10 11 7
4 9 1 1 10 6 4 3 11 14 3 9 3 8 8 10 12 11 6 8
5 7 2 2 14 4 7 7 18 17 4 8 4 6 8 12 9 5 6 6
6 10 1 4 8 6 4 2 9 15 1 10 3 10 6 7 12 10 6 11
1 8 4 3 5 2 2 1 7 6 5 2 5 10 1 5 2 5 7 4
2 9 1 1 14 4 9 7 9 18 2 9 5 8 8 10 7 15 6 16
12 4 1 14 31 15 12 21 20 23 16 14 9 15 13 13 9 18 10 11
14 19 8 4 7 15 8 14 17 19 10 17 16 11 10 5 16 4 11 20
14 13 4 6 17 7 12 12 21 24 11 10 6 11 18 16 10 3 2 18
6 12 11 3 26 11 17 19 24 26 19 18 8 21 19 14 12 8 18 10
13 20 5 1 18 7 23 19 15 31 12 11 12 11 24 13 15 12 9 21
6 27 9 16 35 21 21 23 30 31 10 18 19 32 21 17 23 20 33 29
14 28 13 8 29 20 23 23 31 38 24 21 21 31 21 18 18 15 24 17
5 16 7 1 15 14 10 12 14 28 13 17 10 16 10 12 14 17 16 10
4 6 1 1 4 1 3 1 4 5 3 2 8 3 6 3 6 3 1 8
6 5 1 1 3 1 8 6 1 7 2 1 3 3 5 1 8 5 7 6
2 19 15 5 18 13 14 9 18 24 20 17 20 18 13 22 4 8 15 9
7 13 4 3 22 12 7 11 29 24 10 16 4 23 17 24 11 7 9 8
39 31 16 35 58 44 26 47 64 45 30 48 29 46 39 43 42 22 36 42
18 27 3 18 48 35 42 40 29 51 21 34 24 34 40 23 15 38 35 40
13 34 7 4 29 23 14 18 25 40 17 23 12 32 27 18 23 19 12 21
24 23 8 23 53 38 23 41 33 46 29 33 27 35 37 21 24 40 20 40
7 22 25 17 33 20 29 25 29 32 25 29 31 26 19 37 10 20 28 21
12 15 7 4 16 13 17 13 23 23 19 14 13 16 21 18 5 1 11 16
1 1 1 1 4 2 1 1 6 5 1 6 5 2 2 3 4 1 4 3
13 19 9 7 21 18 10 18 30 25 14 19 14 23 13 18 19 14 20 9
20 46 16 14 61 48 37 50 50 65 17 48 25 56 48 37 47 47 55 43
27 40 28 27 42 39 35 39 56 46 39 40 35 48 39 42 23 9 44 36
4 2 1 6 9 3 3 6 8 3 3 1 2 8 1 1 1 5 9 4
40 43 35 29 51 49 49 57 59 59 42 46 51 40 39 41 33 22 50 40
1 3 2 1 8 1 5 4 13 10 3 2 3 12 4 8 2 2 13 2
1 8 4 3 8 3 5 1 8 8 9 1 1 9 8 4 3 6 6 5
10 29 18 6 21 22 25 21 19 35 21 17 18 27 20 18 12 19 28 17
33 41 11 19 48 46 53 51 51 69 38 47 38 42 50 40 23 33 41 42
16 16 14 15 32 22 15 25 36 28 18 27 15 17 14 23 19 14 19 16
9 13 13 4 22 18 21 22 28 26 24 19 16 17 19 19 2 4 21 11
26 26 8 17 38 29 21 35 35 40 29 33 25 31 36 23 27 18 9 31
47 32 14 31 64 51 43 61 64 60 33 52 42 41 43 42 42 30 40 47
14 14 7 13 29 12 15 16 25 23 19 14 18 24 13 14 17 12 19 15
1 6 3 1 3 1 4 3 4 8 4 2 1 5 1 6 2 6 7 2
1 6 5 1 1 2 1 1 7 4 6 1 5 8 1 5 1 1 4 1
9 13 3 4 19 7 15 17 15 21 13 6 10 13 14 1 7 9 13 12
4 12 10 2 11 8 12 9 10 15 18 9 17 11 10 9 5 5 11 7
10 6 1 11 18 12 3 11 21 10 7 9 7 18 9 6 5 8 7 17
1 5 2 3 16 11 8 11 7 16 7 9 7 2 3 1 2 13 13 6
1 9 8 1 5 6 3 1 12 11 9 8 9 13 4 12 5 1 10 1
2 5 2 2 5 2 5 4 5 7 3 5 3 9 1 5 5 7 11 4
3 3 1 1 3 1 3 1 3 9 1 2 1 1 6 3 8 3 2 5
1 5 4 2 5 3 1 2 12 4 8 4 5 15 4 4 5 1 12 1
18 20 14 12 21 21 21 26 19 29 16 21 20 17 11 10 19 20 29 22
33 32 15 28 50 29 43 46 46 45 28 40 37 29 38 34 31 19 30 47
36 29 6 21 37 40 17 38 42 43 27 43 33 31 34 31 37 26 14 36
9 5 7 13 18 11 2 12 21 7 13 14 19 13 1 9 5 5 12 13
19 35 15 13 45 33 24 33 50 51 24 37 16 42 33 36 32 23 37 29
2 8 1 1 9 6 1 1 6 12 2 11 7 10 6 5 9 10 3 12
2 4 3 10 20 1 10 9 13 10 3 10 11 10 6 13 4 12 9 16
6 3 1 8 19 9 10 14 10 12 11 6 7 10 3 3 1 10 13 6
4 1 1 1 7 1 5 3 11 7 1 1 1 7 8 4 6 1 9 7
25 18 16 21 32 21 19 28 31 27 24 25 29 14 15 15 22 14 21 26
1 7 1 1 12 9 7 9 9 13 3 9 4 9 7 1 3 14 14 9
6 4 1 7 10 4 1 4 11 5 4 1 1 6 6 4 6 1 4 5
19 22 10 6 18 14 24 21 29 28 12 15 19 13 23 20 16 7 14 21
8 30 25 12 35 24 31 29 26 39 32 34 33 29 27 34 18 21 22 19
2 11 5 1 13 5 8 4 17 19 12 5 3 11 12 12 1 2 3 8
5 8 9 16 24 8 18 16 8 13 8 14 17 9 4 13 5 24 16 20
27 39 25 26 48 37 41 40 46 53 32 47 41 38 36 47 23 26 26 47
26 46 27 17 47 37 42 41 30 53 35 47 37 41 43 16 24 30 31 47
5 3 5 3 4 7 3 6 6 3 7 8 8 4 3 1 6 3 8 4
8 41 23 13 50 32 31 35 43 47 29 35 22 50 36 34 27 20 40 19
14 29 15 11 19 20 24 22 30 28 16 27 32 28 20 26 22 17 26 27
17 33 13 17 56 45 28 40 44 55 27 42 28 50 37 36 22 37 36 34
2 10 9 8 34 7 25 20 8 27 14 19 13 10 17 14 9 19 11 17
16 20 11 19 27 14 23 22 12 24 18 19 24 16 13 17 12 20 11 31
28 26 8 20 35 34 8 30 42 39 23 37 31 27 26 25 31 20 8 37
21 22 9 25 49 41 18 37 38 44 26 37 27 41 30 25 27 44 21 27
1 1 4 1 9 6 7 8 11 7 7 7 7 6 10 5 4 5 9 6
4 3 3 5 9 7 1 5 13 7 4 11 7 2 2 7 8 4 5 3
6 25 14 6 24 17 22 15 23 31 20 20 23 28 24 22 8 14 20 22
18 50 38 26 63 46 50 47 42 65 46 57 43 55 45 50 28 46 44 47
20 16 6 19 48 22 31 36 28 35 29 23 17 25 30 19 3 16 15 30
3 5 4 1 4 3 1 2 9 9 7 8 5 8 4 9 8 2 4 3
2 5 1 1 3 1 3 1 2 10 3 2 3 7 7 1 4 2 3 6
7 13 4 6 22 12 15 13 18 23 14 18 12 21 19 16 5 14 8 22
42 36 21 33 50 39 37 45 55 48 44 40 43 40 36 35 24 17 36 48
1 3 1 1 11 3 5 6 10 10 2 8 2 5 1 6 3 9 9 1
9 35 26 23 50 31 37 38 33 41 31 42 32 43 34 26 25 24 37 38
13 13 8 11 35 23 23 31 19 28 23 15 14 19 21 1 6 17 18 18
5 5 1 4 18 5 11 10 16 18 5 11 1 6 13 14 9 10 9 8
17 11 6 12 33 19 12 18 34 26 21 22 16 20 21 23 13 10 7 20
1 5 2 5 16 1 11 6 6 8 7 4 10 5 8 6 3 9 4 11
1 1 1 1 6 1 1 1 2 3 1 1 1 1 1 1 1 3 3 1
20 28 25 25 44 32 29 35 42 37 29 32 35 33 17 27 20 30 39 34
5 6 3 6 16 8 11 14 23 11 6 12 6 16 13 12 9 4 19 12
3 9 1 1 14 4 6 7 13 17 1 9 3 9 11 12 13 11 5 7
7 9 4 1 1 1 5 4 4 10 6 5 4 8 7 7 10 5 6 9
1 1 2 1 1 5 1 3 4 1 3 5 5 1 1 1 2 1 3 3
24 47 33 29 53 40 45 48 52 56 40 38 43 46 36 35 36 22 54 36
26 22 11 15 37 23 31 32 37 37 27 23 27 27 30 25 13 13 22 30
9 11 12 9 26 16 17 21 23 27 18 20 14 11 11 15 15 14 22 11
6 10 5 2 14 3 8 6 16 18 6 7 7 8 10 14 9 9 7 14
10 4 1 8 20 10 8 14 14 14 6 12 11 6 3 7 10 11 9 10
1 2 3 1 9 4 7 10 4 10 11 6 5 5 4 1 1 2 11 1
12 22 13 3 18 15 24 20 23 32 20 18 23 16 23 18 15 8 19 13
12 30 16 11 59 29 38 42 36 50 26 34 24 42 38 21 22 34 35 24
1 1 2 1 1 4 1 3 4 1 3 5 6 1 1 1 1 1 4 1
2 7 4 13 27 3 16 14 14 12 4 8 11 15 5 10 8 21 21 17
4 3 6 5 9 8 2 7 9 6 8 11 13 7 1 4 6 4 12 5
7 13 6 9 19 8 7 8 18 18 15 9 5 17 11 13 9 8 8 7
18 44 17 6 44 45 21 33 39 49 17 44 23 43 32 34 32 36 35 29
6 17 3 5 22 15 1 6 26 21 10 13 6 27 7 16 14 12 12 8
21 23 6 27 55 29 43 42 41 44 25 36 28 36 35 36 16 31 41 38
1 4 2 1 13 1 7 6 12 11 3 1 4 6 5 8 1 6 8 6
6 1 1 2 11 4 11 10 12 10 4 7 1 4 11 8 1 1 5 9
6 9 3 8 23 8 10 13 21 19 7 9 3 12 8 13 9 14 11 9
7 20 15 7 28 16 22 22 16 27 25 11 12 23 15 7 1 10 19 12
29 48 21 11 44 40 39 42 54 53 30 50 46 38 44 51 40 32 36 38
8 27 18 17 39 22 20 23 29 35 25 29 25 32 14 21 20 25 31 23
5 15 7 4 7 8 4 1 12 17 11 6 5 13 8 9 7 7 6 10
19 35 16 7 39 37 37 39 37 55 23 38 26 32 37 27 23 24 33 33
4 13 7 6 19 8 13 10 10 22 12 7 9 14 7 10 5 18 16 10
4 15 2 2 27 12 14 13 16 29 9 14 5 17 18 11 7 18 13 19
5 3 1 1 10 1 6 6 11 12 5 8 3 8 11 10 7 1 5 8
25 39 18 18 45 36 39 44 28 54 28 49 40 25 32 34 35 37 28 43
3 9 9 3 12 8 11 12 12 14 17 8 10 12 9 7 1 7 15 1
1 22 4 10 25 18 16 16 17 23 9 18 8 30 20 9 21 15 28 20
14 10 2 13 35 21 14 24 28 31 17 17 11 23 19 17 15 25 16 15
20 14 10 19 33 22 15 24 34 29 29 18 24 31 23 21 14 16 20 20
1 7 3 1 1 8 3 4 5 7 4 8 6 6 1 3 4 8 6 7
27 40 21 21 59 44 40 49 42 57 30 36 27 49 38 21 33 36 49 42
3 20 18 1 23 17 25 22 15 33 26 17 14 25 18 16 7 10 25 6
1 1 1 1 8 2 6 5 6 8 5 4 3 2 7 3 3 4 6 3
29 27 4 13 36 25 36 35 37 40 25 36 33 18 37 32 22 14 19 40
11 6 1 11 16 3 9 12 13 7 6 8 15 13 3 8 7 6 8 16
14 25 13 1 32 16 26 24 23 37 21 25 19 28 31 7 12 6 18 30
3 1 1 1 6 1 6 4 2 8 1 1 4 1 6 1 5 3 3 7
3 4 1 5 10 1 1 1 12 8 1 5 4 9 5 6 5 4 9 5
6 8 2 2 10 1 11 8 6 13 6 2 5 4 7 2 7 7 9 6
6 14 1 1 4 5 9 7 6 17 1 6 3 6 12 2 11 9 4 16
1 1 1 3 8 1 5 3 1 2 1 4 6 4 1 5 1 7 6 4
10 37 10 1 31 26 27 24 29 48 10 29 15 39 30 25 29 28 35 27
19 26 16 11 34 25 35 35 34 45 22 36 33 19 27 32 19 24 22 35
10 32 14 1 27 19 24 21 16 41 21 24 13 33 27 12 17 17 19 22
5 6 1 1 7 4 7 7 9 10 3 5 9 11 6 2 10 8 15 9
14 24 21 13 17 24 12 18 28 25 24 22 22 20 12 17 16 13 21 22
6 22 14 12 25 18 14 15 35 27 14 22 21 28 16 24 21 9 28 22
1 3 3 1 1 3 1 2 6 1 5 4 4 10 1 2 1 1 8 1
1 6 1 5 15 7 4 1 14 14 6 12 5 8 11 11 10 7 5 4
15 16 5 5 11 10 19 18 17 19 7 13 15 7 16 10 17 9 11 15
2 4 1 1 6 1 3 1 2 8 3 1 2 3 9 1 4 2 2 7
9 25 28 14 37 22 29 31 22 33 35 30 31 22 20 18 5 17 25 25
14 41 24 27 57 35 32 39 45 48 30 41 28 46 31 32 35 29 38 33
20 35 29 15 38 33 29 31 42 48 39 37 30 39 30 32 22 18 33 29
21 21 17 31 53 26 30 40 48 36 30 34 31 32 20 34 17 21 36 36
6 7 7 6 14 7 12 12 14 12 9 12 15 7 10 12 8 11 10 14
1 5 1 1 7 4 9 8 3 14 3 1 1 7 2 3 1 12 13 1
4 10 11 3 9 12 1 6 19 15 15 15 12 10 2 12 10 1 13 3
1 1 1 1 3 1 1 1 4 5 1 5 1 3 2 4 5 1 2 1
24 30 9 22 60 42 24 43 42 48 31 49 24 42 40 31 24 32 17 42
33 41 19 13 35 41 24 37 50 47 30 43 35 26 30 38 38 16 27 28
4 6 3 13 22 6 13 12 12 13 3 14 14 13 3 11 9 19 17 17
17 21 14 15 36 33 26 36 33 37 27 28 35 29 20 19 10 24 28 23
16 28 12 11 26 21 25 25 36 30 15 21 28 26 21 20 20 16 28 26
28 49 20 14 46 43 47 47 53 60 36 45 35 46 52 38 33 20 46 44
35 43 25 23 62 42 45 53 51 61 42 53 44 44 50 47 30 25 22 51
28 26 5 25 50 22 39 36 37 43 28 30 24 32 38 33 15 22 25 36
8 17 7 8 20 7 15 12 22 21 7 18 19 17 11 22 17 15 13 17
4 8 5 3 6 1 3 1 8 10 9 4 4 7 7 7 6 4 5 6
1 5 3 1 3 2 1 1 8 3 5 3 6 6 3 3 3 1 2 3
8 15 18 15 29 15 19 19 20 26 25 25 27 22 12 25 12 18 22 20
3 7 6 5 8 5 1 4 14 6 9 6 7 11 6 6 4 3 8 4
29 23 20 23 30 28 17 30 42 31 29 29 34 26 18 24 24 8 22 29
10 31 26 34 52 33 41 44 45 42 29 34 41 40 27 37 27 23 47 40
24 35 31 29 39 35 29 34 50 34 38 31 35 41 27 30 27 9 46 25
2 8 4 3 13 8 6 9 13 10 6 13 12 10 7 8 2 10 5 15
1 1 1 1 15 1 7 8 12 10 1 5 6 7 3 4 2 7 14 3
8 25 1 1 44 35 25 34 28 49 8 36 8 38 34 22 22 41 30 24
2 2 1 8 26 7 17 16 12 16 3 9 10 12 7 9 2 19 19 7
23 45 23 20 46 42 33 38 50 49 20 42 29 50 40 34 36 26 49 41
1 21 10 6 28 24 27 25 10 36 12 26 21 27 15 17 13 35 32 26
1 4 2 1 8 3 1 1 11 8 6 7 7 9 2 8 2 2 4 1
1 3 2 1 15 2 12 11 5 15 9 4 7 3 11 1 3 7 9 4
10 27 6 1 18 15 23 19 6 33 13 17 9 17 26 3 14 10 9 24
15 27 21 6 33 17 36 31 22 37 28 27 30 21 32 19 9 9 15 33
5 20 9 5 15 13 11 4 13 23 15 13 14 18 14 12 10 15 12 16
13 18 10 3 24 15 23 24 17 32 22 21 10 18 29 12 10 3 8 23
23 58 30 23 66 54 47 50 60 69 45 58 32 66 53 47 36 28 53 45
1 1 1 1 1 1 1 1 5 1 1 1 1 1 2 1 1 1 1 1
19 36 19 32 69 38 42 48 34 53 33 42 29 51 36 34 29 45 37 45
1 11 7 1 8 5 5 5 13 12 8 1 6 13 8 10 5 6 8 9
1 1 1 1 1 1 1 1 3 3 1 1 1 4 1 1 1 1 2 2
7 12 3 1 1 5 7 5 5 13 4 7 5 9 7 6 10 9 6 12
5 9 8 1 6 7 4 6 14 9 10 7 10 11 8 8 7 4 7 8
8 13 10 15 40 12 27 25 17 32 16 25 18 15 19 28 14 27 15 23
4 16 3 2 15 13 4 8 22 23 6 13 5 14 10 14 12 12 6 11
13 21 1 2 13 17 13 14 18 27 2 22 12 10 16 12 22 14 6 19
10 29 21 5 21 22 21 22 22 37 29 22 18 27 25 14 13 9 21 22
2 11 11 6 31 23 21 24 32 32 17 20 15 19 16 16 7 19 26 3
29 37 6 7 50 28 41 43 45 55 25 40 27 32 46 40 34 26 24 37
45 39 17 34 61 46 36 54 65 59 37 56 47 48 47 60 42 38 25 57
23 21 16 20 45 32 26 41 28 38 37 30 25 31 29 15 12 22 20 28
4 37 14 18 36 28 21 20 29 32 15 26 20 45 27 24 31 19 36 33
15 18 7 14 40 36 15 35 37 37 21 31 19 36 19 22 18 34 28 14
3 25 11 6 26 19 22 18 13 32 11 26 20 25 19 22 15 26 22 30
1 3 1 1 2 2 1 1 1 4 3 2 2 6 3 1 1 3 4 3
5 21 19 11 26 15 22 17 22 28 19 23 25 23 14 29 11 20 23 19
7 7 5 7 15 10 6 10 18 15 11 10 9 12 1 11 7 7 11 5
7 6 1 6 12 4 5 1 10 11 7 8 7 6 10 7 10 4 5 7
35 41 17 22 54 48 54 54 57 69 41 49 46 45 50 43 23 33 48 43
1 1 1 2 7 1 1 1 5 1 1 1 4 3 1 1 1 3 6 1
33 24 8 16 36 33 26 42 44 42 25 32 33 23 26 24 23 19 25 38
11 21 10 7 23 18 14 18 27 27 16 18 16 24 13 21 14 10 17 10
15 15 8 7 13 12 18 19 15 17 10 17 23 7 13 12 16 11 12 18
8 6 1 3 12 7 8 12 16 16 3 10 7 8 9 3 8 6 13 13
5 19 7 1 8 9 8 4 9 23 14 9 7 19 13 10 10 8 8 12
26 40 6 13 44 34 34 36 39 54 28 42 26 41 46 29 25 21 25 43
25 31 12 8 39 24 34 32 31 47 25 30 15 28 41 18 14 5 13 35
9 11 7 5 18 5 15 15 13 17 15 9 16 11 13 3 9 7 14 10
8 9 3 7 20 3 17 13 10 19 6 14 14 5 15 15 10 15 5 23
44 46 16 21 43 42 47 47 57 55 40 43 41 35 48 48 27 17 33 47
1 1 1 1 1 1 1 1 2 3 1 1 1 2 1 2 3 3 4 2
9 32 16 11 33 33 17 21 32 37 28 32 21 34 25 21 17 20 23 20
1 11 8 4 9 7 5 3 15 13 13 7 9 13 8 10 4 5 11 5
8 10 5 2 12 7 9 11 21 19 8 13 8 13 11 12 9 6 12 14
5 10 5 1 7 4 5 6 9 12 12 5 13 9 10 3 6 2 8 8
1 2 2 1 6 3 1 4 11 5 4 6 4 5 4 5 2 1 3 3
15 28 13 8 28 24 22 18 33 36 24 24 19 37 29 26 12 12 26 27
15 33 14 8 35 30 38 37 32 46 19 39 32 31 32 30 19 26 29 41
5 11 8 3 23 8 19 17 13 18 16 13 11 17 21 7 5 8 12 17
15 20 10 1 25 20 14 21 26 28 1 25 7 27 20 25 25 26 25 13
6 23 16 4 19 17 17 13 24 29 18 20 18 22 17 24 12 11 21 8
1 7 3 1 9 2 6 3 7 8 10 4 9 9 7 5 3 7 7 6
2 10 6 1 9 6 7 5 13 18 7 8 4 14 4 14 10 10 14 2
3 4 1 1 10 1 7 4 11 8 2 1 4 9 7 6 3 5 9 10
14 9 10 15 27 14 6 17 32 11 15 14 17 18 10 9 12 5 17 17
13 28 14 11 30 19 26 22 29 36 19 24 26 20 22 27 17 19 19 21
5 16 10 1 10 13 4 5 20 19 12 15 13 21 7 17 13 10 13 8
24 22 6 13 38 21 38 39 29 37 17 29 32 6 28 27 23 27 21 36
1 15 12 6 17 11 11 8 19 18 14 17 18 20 10 23 9 11 15 8
24 36 27 37 66 39 39 50 57 51 37 47 44 45 35 47 34 32 44 42
4 10 8 1 1 5 5 1 8 9 9 4 8 14 4 8 6 2 12 4
7 8 1 4 10 5 10 11 13 8 1 11 17 8 8 5 12 8 13 15
1 12 5 1 10 9 1 5 17 14 8 14 6 18 8 14 13 10 9 5
6 13 7 7 23 8 17 15 19 24 9 16 13 15 11 22 8 20 13 19
28 41 25 27 56 46 28 42 48 54 41 48 30 47 38 33 33 30 29 43
25 26 7 14 30 19 28 29 43 35 16 26 22 26 30 30 26 8 23 30
1 2 1 1 4 1 1 1 6 6 1 6 1 6 2 6 6 4 5 1
17 23 11 1 36 18 20 24 31 38 6 25 10 24 28 32 25 28 20 22
14 16 7 7 39 22 32 32 25 41 22 25 11 22 31 20 11 16 21 19
15 10 4 11 23 6 20 18 17 16 6 17 19 9 18 15 12 11 5 26
26 40 11 21 45 27 40 36 40 49 26 35 30 41 44 36 27 23 28 48
14 10 11 21 26 18 12 22 22 9 19 21 25 18 6 13 7 19 15 23
9 28 11 29 47 32 22 32 44 37 17 32 19 42 28 30 34 20 33 32
1 13 7 1 6 11 5 5 11 16 9 10 12 13 4 7 4 12 12 9
1 10 2 1 13 10 6 7 15 17 4 14 6 17 9 8 11 13 15 12
2 1 1 1 3 1 2 1 5 3 4 1 1 9 5 1 5 1 9 2
1 9 1 1 8 5 1 1 9 11 1 8 1 10 4 10 9 10 2 2
3 11 8 5 18 11 11 10 20 20 10 11 8 12 5 15 5 11 16 1
7 14 9 5 26 20 15 19 30 32 14 21 11 22 11 16 7 15 25 15
11 17 1 1 13 6 15 13 12 19 8 7 8 14 18 2 13 1 5 14
11 13 4 10 18 4 17 15 16 16 5 14 19 13 16 15 17 12 13 24
12 10 1 13 17 15 1 10 14 12 9 13 11 14 6 8 9 12 1 18
18 24 6 1 24 24 27 30 35 43 13 29 18 18 27 30 22 14 15 19
4 1 1 1 9 1 5 5 11 11 2 7 1 1 9 10 6 1 2 7
2 2 3 1 2 5 1 4 7 5 5 9 6 9 1 5 6 1 10 2
25 12 10 28 40 22 22 34 30 25 21 30 35 24 19 24 17 24 17 41
24 41 4 9 54 35 29 34 39 55 14 43 14 49 47 38 36 36 27 44
4 16 4 3 26 13 16 14 20 32 12 14 5 22 16 11 13 20 20 12
14 18 7 4 5 10 12 10 17 18 9 11 17 12 13 13 15 1 8 13
4 4 7 4 5 6 1 5 10 4 9 7 9 6 1 1 5 1 9 3
9 12 4 6 16 7 8 8 18 18 5 11 5 13 12 13 16 10 9 8
25 42 18 11 46 37 33 37 33 50 33 34 21 44 45 19 21 19 23 45
10 23 13 4 17 12 18 12 21 29 20 17 17 18 21 19 16 7 14 11
6 19 1 1 15 9 9 5 9 25 6 14 6 15 18 8 18 15 6 16
7 13 5 1 2 7 14 12 12 17 7 8 13 12 7 7 9 4 17 7
1 1 1 1 4 1 1 1 7 1 1 1 1 5 2 1 2 1 1 1
4 8 7 4 11 4 4 4 15 11 10 3 8 9 10 9 6 1 6 7
12 13 3 6 31 11 23 19 26 32 19 18 13 23 22 22 9 10 19 18
19 24 8 6 20 21 15 24 31 31 11 26 19 12 18 21 26 13 13 15
1 17 17 7 27 15 26 23 17 28 24 21 26 16 13 22 1 18 23 11
23 44 28 14 35 38 31 33 41 51 31 43 39 37 40 35 30 23 32 38
5 7 1 1 8 1 9 7 10 16 1 4 1 3 9 7 9 4 4 10
4 12 6 1 13 12 10 12 13 22 8 14 8 10 4 11 11 17 15 7
15 21 8 21 46 19 22 30 40 36 25 20 14 38 27 26 21 19 25 24
42 30 16 31 40 41 23 45 49 45 32 44 42 29 37 34 38 29 8 47
2 15 1 5 20 14 14 14 10 22 2 12 3 25 11 7 16 22 28 14
1 1 1 1 5 4 3 3 4 4 3 6 8 7 1 4 3 4 8 3
26 32 12 19 39 34 25 37 25 41 27 35 24 31 28 14 29 25 27 37
5 12 9 6 15 10 6 6 17 18 16 13 10 16 9 15 11 6 11 4
23 37 8 6 32 31 26 29 33 44 28 32 28 25 30 23 26 17 14 32
2 1 6 13 21 7 14 17 8 7 8 13 17 1 1 9 1 17 12 12
10 22 18 21 51 15 38 35 26 36 26 21 20 32 23 27 10 26 30 31
1 1 1 1 8 1 4 1 2 9 2 1 1 2 5 2 4 2 6 1
41 34 5 32 57 37 48 55 55 44 29 42 42 36 42 40 29 26 36 55
14 20 10 19 33 17 16 20 33 24 12 24 22 22 14 20 27 16 26 25
17 11 1 4 15 8 17 16 17 20 6 13 13 6 21 13 13 5 4 23
10 21 11 1 22 9 20 16 13 29 18 15 12 16 25 11 16 7 7 18
3 8 1 2 13 6 3 3 12 12 2 11 7 12 7 10 12 12 9 7
3 4 3 3 8 3 5 4 8 4 6 6 10 5 6 5 5 7 5 8
15 36 18 14 39 26 24 31 41 45 26 28 19 38 29 28 32 18 32 24
1 3 2 1 7 2 3 3 9 7 3 5 6 9 6 7 3 2 7 5
25 19 19 24 38 32 16 31 50 31 34 32 30 35 20 29 16 8 25 27
5 4 1 1 16 3 11 8 15 17 7 9 4 11 13 12 9 7 12 8
21 28 2 3 23 22 24 25 24 36 12 19 20 17 20 17 23 21 22 28
16 26 18 7 40 30 24 36 26 43 23 33 14 27 26 20 25 23 29 18
1 15 1 1 13 8 4 3 6 18 8 10 1 19 13 3 8 9 6 10
20 27 22 8 24 25 25 28 38 38 25 32 30 21 22 29 22 6 25 22
19 21 16 20 43 34 29 38 38 40 34 24 33 42 29 21 16 27 37 21
30 42 19 29 67 47 47 55 43 67 37 58 37 43 42 45 32 46 42 53
1 26 17 16 51 24 40 36 38 44 25 26 28 40 31 30 16 27 42 20
38 32 11 31 62 53 29 53 58 61 37 51 31 50 40 40 30 37 34 44
24 8 1 21 31 20 15 24 31 21 21 20 15 21 23 21 7 5 10 25
12 18 4 6 33 17 26 25 17 34 18 21 14 18 27 12 9 19 15 27
16 9 1 17 44 22 29 31 33 30 15 16 15 29 23 15 5 20 31 23
3 15 6 4 20 14 5 10 17 24 14 18 8 14 13 7 12 9 12 15
8 6 2 1 19 4 18 14 11 20 10 7 3 9 19 8 6 7 9 12
2 13 9 1 6 7 6 3 14 16 10 6 7 12 8 13 5 4 10 7
28 26 4 9 34 28 17 32 44 40 20 33 21 24 34 31 26 13 5 29
6 7 2 1 1 1 6 4 2 7 3 1 3 6 5 3 8 2 5 6
26 36 16 2 27 31 21 33 43 45 13 36 22 26 29 33 35 20 27 28
17 9 3 14 28 16 12 17 30 20 14 19 7 21 16 21 11 7 9 18
5 1 1 6 9 3 1 3 6 1 2 2 5 3 1 1 4 2 3 4
9 7 4 7 15 4 11 11 15 13 7 1 3 8 11 7 8 7 10 10
21 22 16 22 46 26 27 33 40 37 34 32 26 28 28 29 12 13 21 27
13 8 1 14 22 15 4 10 14 16 12 15 13 17 10 10 11 15 6 21
4 1 1 1 10 2 6 6 10 8 2 4 3 3 9 7 2 2 2 9
1 13 4 1 19 20 13 18 10 28 8 19 7 18 9 5 9 24 23 10
14 26 5 20 51 37 33 39 30 42 18 30 21 44 34 14 28 34 43 33
1 23 7 5 31 19 14 13 26 30 13 24 15 31 18 19 18 23 28 18
17 24 8 10 35 18 32 30 32 41 11 26 24 14 22 32 20 24 15 30
3 12 10 2 10 12 6 9 17 18 12 14 11 18 1 12 9 11 21 6
3 5 2 1 2 1 1 1 7 6 5 1 1 9 7 2 5 1 5 4
3 8 11 3 9 10 3 7 22 13 13 12 12 16 4 11 6 1 19 4
24 42 34 30 67 43 45 51 52 57 46 49 43 52 39 47 27 38 44 35
40 28 15 22 43 39 27 42 58 43 36 42 46 31 31 37 33 12 26 43
10 15 2 1 18 16 24 23 20 32 7 17 15 19 18 11 18 20 23 13
31 41 37 31 64 52 51 54 55 64 48 49 47 47 42 42 25 40 53 43
24 23 8 19 42 22 28 28 41 40 25 24 19 32 28 32 14 19 30 28
1 4 3 1 14 6 13 12 7 12 4 1 1 7 7 3 4 13 15 3
8 17 1 7 27 12 12 9 21 26 1 21 11 23 19 18 22 21 16 25
1 7 6 1 3 3 3 2 12 9 7 4 4 14 3 10 5 3 13 1
2 3 1 1 5 1 1 1 1 5 1 3 4 2 1 5 6 3 1 6
10 25 2 5 27 13 23 20 22 31 10 16 16 24 26 11 22 18 22 26
16 43 15 23 58 42 29 38 55 54 24 42 20 57 42 41 38 29 41 39
21 32 16 13 43 27 47 42 36 50 23 36 38 28 29 42 24 28 38 40
23 29 6 14 38 20 32 28 29 44 22 29 19 29 37 25 18 14 13 37
30 35 36 32 49 43 29 42 49 45 53 42 39 43 33 33 23 17 31 32
26 44 27 18 65 52 41 51 57 65 36 45 30 58 47 44 26 43 47 29
2 17 15 12 21 19 10 15 19 23 16 28 24 21 3 23 11 23 19 19
5 22 14 10 38 27 32 32 18 39 17 29 25 23 21 19 11 36 31 32
1 1 1 1 7 1 1 1 5 7 1 1 2 1 7 4 4 1 1 5
30 28 6 18 31 29 23 29 44 42 27 31 24 35 32 32 16 8 17 37
9 9 4 7 19 1 11 9 18 17 5 11 12 11 12 16 11 8 8 17
1 1 2 1 8 4 2 5 8 4 4 7 9 3 2 2 1 5 8 3
11 19 3 1 20 7 20 16 19 30 13 12 3 24 26 12 14 6 11 21
21 35 20 29 48 34 41 44 47 48 31 37 32 42 41 34 31 16 45 44
3 1 1 8 13 4 3 5 11 1 2 6 10 8 1 4 2 5 8 6
7 5 6 4 7 8 6 10 10 9 8 10 9 7 5 3 8 6 15 7
6 15 10 4 25 16 9 17 26 27 17 20 14 15 16 18 15 13 14 7
16 11 4 14 15 13 6 13 17 14 14 11 10 16 9 11 11 11 6 18
20 18 6 26 37 30 6 26 42 27 21 31 22 36 21 22 28 20 22 31
26 34 15 8 41 36 28 41 41 49 14 37 23 37 31 28 39 36 41 27
23 21 8 15 36 29 11 28 44 31 21 32 15 28 24 32 18 16 10 24
1 5 1 1 3 5 2 2 4 9 1 7 1 10 1 1 4 9 9 6
8 15 7 1 17 5 12 9 17 25 14 10 9 16 18 16 13 7 10 13
17 29 24 25 45 25 34 32 29 41 24 32 31 36 22 33 21 41 38 41
9 7 4 1 9 6 9 9 16 16 10 9 6 10 14 13 6 1 3 12
3 1 1 2 8 1 1 2 9 5 1 1 1 1 5 3 2 1 1 4
2 35 15 6 40 31 24 25 34 44 22 32 20 43 29 25 24 26 41 19
3 1 1 1 2 2 1 2 5 3 1 3 4 3 5 1 5 1 3 4
3 23 11 1 12 10 13 9 8 28 18 10 5 20 18 8 8 4 5 14
7 5 3 7 29 12 23 21 18 28 11 9 6 16 20 8 8 20 24 10
17 19 8 17 31 19 12 20 32 25 10 27 24 18 16 17 26 17 19 25
2 22 5 4 32 16 21 19 10 31 12 12 5 27 21 5 12 27 24 17
6 5 3 3 8 5 7 8 12 10 4 7 9 3 10 5 8 3 6 10
4 11 2 4 22 6 8 6 24 21 7 11 1 19 14 15 13 11 12 10
7 12 6 4 5 4 6 4 8 11 7 4 6 13 6 7 9 7 10 10
14 11 8 9 24 12 13 15 26 24 18 18 16 14 18 18 9 5 11 20
25 36 30 22 35 32 43 39 35 45 35 42 49 32 32 42 26 27 36 38
13 17 5 14 31 11 14 17 33 23 10 13 8 25 19 20 22 14 20 18
1 9 2 4 8 1 4 3 13 3 3 1 2 17 5 5 8 5 15 5
1 2 4 8 13 2 8 7 5 7 3 14 14 3 2 13 5 12 4 11
