1000 20 11 2334
19 1 17 17 2 8 10 8 14 8 7
1 19 2 1 10 7 1 0 4 24 5
8 0 5 3 16 14 0 3 7 1 10
4 2 12 2 7 7 5 8 5 2 1
4 3 7 4 2 5 3 14 9 5 9
4 1 3 1 4 4 1 2 4 5 3
2 4 5 3 1 5 8 10 17 9 6
3 20 13 4 8 4 13 7 4 3 4
8 26 8 10 8 8 2 18 6 5 6
16 17 9 7 2 6 4 12 8 9 18
1 13 4 3 10 6 7 9 10 2 2
4 7 4 3 9 7 3 20 0 19 14
4 2 5 4 0 1 1 0 1 6 4
9 9 5 11 3 7 27 10 2 6 19
17 10 15 6 9 20 5 6 13 12 9
0 3 16 6 7 7 9 11 3 3 1
1 7 9 3 1 12 4 7 3 6 12
3 6 2 4 14 4 3 15 13 3 1
4 8 4 4 1 3 10 4 4 6 14
1 4 1 2 7 10 5 0 4 2 1
1 3 7 11 1 10 4 9 7 4 1
6 8 28 0 1 14 8 15 8 7 1
1 1 5 9 0 0 1 1 1 1 5
20 3 4 21 10 14 0 13 9 1 11
0 4 7 27 0 15 2 0 6 13 14
0 0 4 6 10 10 2 3 1 8 4
0 13 9 13 3 10 3 8 1 8 2
2 7 10 17 1 5 14 6 8 19 2
2 0 4 1 6 10 1 19 1 14 8
12 3 7 3 8 4 0 8 2 3 4
11 3 12 0 9 10 3 3 0 2 12
8 9 9 2 2 5 12 8 3 15 0
12 13 20 1 4 19 2 7 5 12 5
1 4 12 12 2 1 5 5 9 1 6
5 2 8 15 17 9 7 2 7 3 0
7 4 3 13 12 4 1 4 13 15 2
7 0 1 2 3 4 0 1 2 5 1
18 4 16 1 11 14 16 15 6 4 10
15 15 10 3 1 15 3 7 6 2 2
6 4 8 6 1 4 8 2 6 1 6
1 0 7 1 7 5 0 9 3 9 0
9 7 9 20 4 12 10 4 24 10 6
3 14 5 12 7 6 6 5 10 15 3
1 1 3 8 4 1 2 4 2 1 1
7 1 7 11 13 11 13 14 3 9 3
4 2 3 1 7 6 0 1 7 3 4
11 7 0 4 1 6 5 2 5 1 3
16 16 6 9 17 10 20 12 1 1 1
6 3 4 5 4 1 9 3 1 5 9
9 1 2 1 1 2 0 4 2 3 8
23 4 6 9 3 21 11 13 3 9 9
4 4 15 8 3 19 12 7 6 1 1
2 3 9 4 4 2 3 0 6 8 3
9 9 13 6 25 15 2 1 3 6 2
1 17 1 6 1 6 23 2 9 5 16
7 6 5 0 4 7 12 1 2 4 0
2 9 17 14 7 13 2 8 13 7 6
1 1 10 23 8 3 7 15 7 5 16
1 1 5 6 18 1 0 3 5 1 4
5 12 2 0 16 4 23 1 15 2 17
8 5 3 11 9 3 0 10 7 7 6
7 6 10 5 14 7 2 7 5 7 8
5 7 2 5 13 3 3 2 3 5 0
2 1 11 3 6 6 4 6 10 8 6
2 3 4 8 1 7 4 4 2 1 0
12 7 5 2 8 11 2 9 1 3 8
1 7 6 3 2 1 4 3 2 2 3
11 5 14 2 8 8 15 3 18 2 15
4 11 9 13 7 5 6 10 10 15 12
3 2 5 9 14 13 4 6 15 1 15
2 9 1 4 10 6 5 5 5 3 2
5 0 1 1 0 7 2 5 1 4 2
1 1 14 4 4 4 8 2 3 0 8
3 4 1 2 3 4 6 0 1 6 5
24 2 2 13 4 2 0 16 1 20 7
3 2 2 6 2 3 2 9 2 3 1
2 10 9 7 16 8 0 13 14 14 1
16 8 9 1 6 11 20 8 23 3 2
8 8 1 11 7 18 23 6 10 5 2
3 2 3 2 3 8 1 1 5 1 2
5 3 17 3 5 3 1 2 6 10 7
2 2 5 0 6 5 1 6 2 2 5
6 1 4 23 18 3 7 4 7 2 1
13 5 8 0 3 9 1 4 7 0 1
8 3 5 23 12 10 5 13 4 20 1
1 3 8 1 7 6 5 6 6 5 5
6 0 5 5 4 7 3 10 2 4 0
2 0 10 4 4 2 6 5 6 2 5
2 6 3 2 5 1 0 2 2 4 4
3 3 4 3 9 24 0 22 4 8 6
10 9 12 2 1 11 13 1 7 11 2
10 5 7 2 15 6 2 16 1 20 5
10 2 8 6 1 6 14 10 2 1 1
2 4 11 1 7 6 4 5 1 9 2
7 3 1 6 9 7 21 26 6 8 7
1 9 12 7 4 16 11 16 10 4 6
2 7 9 9 4 8 14 4 2 10 4
4 3 1 9 0 14 17 4 7 8 7
3 0 2 3 2 6 5 9 2 2 2
12 6 6 3 6 11 9 7 5 5 8
6 6 5 16 1 7 2 2 3 7 10
5 1 9 7 7 5 3 4 5 4 16
4 3 9 6 3 5 7 14 5 6 8
5 11 27 19 12 3 4 4 4 7 11
7 5 0 6 11 1 21 7 14 8 2
2 3 1 7 2 3 8 7 1 2 9
3 12 7 0 3 6 1 2 1 11 3
2 1 4 6 10 2 4 7 1 1 4
3 8 5 3 2 0 1 0 1 6 6
3 2 3 3 9 3 2 4 0 13 4
3 6 3 6 1 4 4 14 13 17 17
18 4 5 14 3 4 9 5 10 2 15
3 4 4 1 5 1 4 3 1 2 1
3 7 2 3 1 6 1 4 3 1 1
0 6 9 5 7 6 8 1 7 4 2
5 4 2 5 2 3 6 1 4 7 2
1 0 9 0 2 9 5 3 2 6 6
1 2 2 6 2 3 2 2 1 4 4
8 16 4 4 8 14 14 8 14 5 4
18 2 18 6 19 1 5 9 4 1 16
8 7 6 4 1 12 1 5 6 0 3
0 4 4 0 4 9 2 0 2 1 6
1 6 8 12 7 9 5 4 1 6 5
29 7 9 0 5 7 1 10 7 0 15
8 2 5 1 16 12 12 3 0 13 7
9 3 3 2 5 1 1 3 1 3 1
6 7 4 5 0 2 8 9 2 2 4
8 2 1 10 9 12 12 0 5 5 2
6 2 1 3 15 2 4 3 10 4 7
1 7 2 1 8 0 2 4 3 6 8
0 2 3 7 6 5 1 1 5 0 4
6 10 1 20 15 3 6 10 0 1 19
3 6 9 3 3 3 3 5 0 1 3
1 4 7 0 3 0 9 5 1 2 10
0 13 16 13 1 8 6 4 7 7 0
1 5 8 7 2 7 1 6 1 1 0
3 3 1 5 3 4 1 6 2 2 3
4 3 7 8 3 0 8 9 6 3 2
2 10 3 6 2 1 14 1 11 7 0
3 0 1 4 5 2 2 5 5 2 6
1 9 8 1 4 1 4 1 3 0 4
8 1 5 5 10 0 1 1 6 4 3
11 11 9 15 8 12 1 0 10 10 8
0 1 4 10 6 7 9 1 10 8 7
0 4 2 0 7 7 2 2 4 2 1
7 6 12 9 15 8 2 3 5 3 4
2 1 4 5 13 1 6 2 8 13 14
9 10 4 2 2 7 3 0 3 2 1
3 2 1 1 6 4 6 3 4 3 0
14 9 2 12 6 17 7 8 4 23 1
22 22 2 4 5 3 5 2 9 11 2
12 10 1 3 9 12 18 1 8 23 9
6 9 13 6 0 7 4 4 12 9 2
1 0 7 5 5 2 6 3 3 9 0
3 5 3 6 2 6 6 16 4 4 11
5 7 8 7 5 11 11 4 1 9 7
11 10 12 4 12 11 8 5 4 3 9
0 7 9 5 5 9 5 0 1 9 26
4 1 6 2 0 9 1 3 1 1 7
11 1 5 2 8 2 2 11 0 4 9
6 5 3 4 7 2 1 2 5 1 1
4 6 4 2 2 3 5 5 10 9 14
7 0 3 1 4 10 2 4 2 5 2
1 12 11 16 6 6 11 4 17 5 2
0 4 1 4 1 2 4 0 2 10 1
11 13 0 1 11 0 7 1 5 2 4
6 0 1 2 5 14 1 0 2 11 1
3 1 11 2 2 5 1 9 7 7 2
4 3 1 8 7 8 8 8 1 8 2
5 17 4 2 1 8 9 5 3 20 16
10 3 5 19 13 12 13 2 6 2 6
1 5 1 3 8 6 5 6 4 0 2
9 2 3 2 3 8 5 6 1 0 2
7 8 9 7 7 0 30 18 3 1 4
5 8 8 0 0 1 6 9 2 4 2
2 2 10 12 15 5 2 3 5 9 15
2 8 0 7 10 9 0 2 3 4 2
5 9 16 8 5 5 4 4 13 16 2
7 5 4 3 7 4 7 10 4 10 4
3 9 9 5 10 9 0 1 5 1 10
2 0 3 3 2 1 5 3 6 1 3
2 4 7 1 8 1 4 1 3 8 10
6 10 15 14 0 14 10 0 9 12 10
8 3 3 4 3 2 1 3 1 0 0
6 9 1 1 2 2 2 1 1 8 1
10 10 4 15 6 20 4 19 6 1 1
10 2 0 5 10 1 4 1 4 0 1
8 13 15 2 25 2 1 3 1 5 12
5 9 0 3 2 1 2 1 0 3 3
4 3 8 6 8 1 10 2 6 2 8
5 5 4 1 13 11 11 12 13 1 3
15 8 4 8 4 8 13 5 12 11 13
15 15 1 4 5 2 3 8 5 3 10
4 5 3 0 16 10 6 17 12 7 2
4 8 4 1 16 21 8 0 11 14 8
5 7 1 2 3 2 4 2 1 3 10
1 3 5 1 1 2 7 4 5 3 3
13 9 6 7 10 0 3 6 13 3 6
8 10 11 22 9 5 9 2 7 7 3
2 8 6 8 2 10 1 5 3 1 9
1 10 10 4 10 4 3 13 4 4 21
6 7 9 15 3 5 15 22 8 3 3
3 0 6 9 6 11 1 1 4 3 1
10 16 6 12 6 5 0 3 1 14 6
10 5 4 24 15 7 1 15 9 2 13
10 4 10 2 3 2 9 0 0 14 13
5 1 5 7 4 9 4 1 2 5 5
2 10 6 9 11 0 5 6 5 2 2
6 5 6 4 4 4 1 1 3 9 4
0 1 1 2 3 15 6 2 4 1 3
10 17 7 2 6 3 1 13 8 4 6
7 7 9 12 3 2 20 19 12 9 12
0 11 6 4 2 6 8 2 7 5 16
5 3 2 0 11 4 19 2 3 8 15
2 2 1 2 4 7 6 4 1 2 11
7 3 11 5 14 7 2 8 14 6 1
3 6 2 7 2 2 2 2 3 0 0
9 3 6 12 6 15 7 4 13 2 6
4 13 16 17 0 10 6 7 7 4 13
2 11 1 2 2 2 6 2 8 3 0
9 0 1 3 2 2 2 2 9 4 7
1 5 1 9 3 3 0 1 1 9 4
4 14 13 3 3 8 2 8 4 7 13
3 3 0 11 1 4 2 4 3 3 7
1 1 1 0 7 6 4 4 1 2 0
5 5 6 13 8 4 5 6 1 5 2
3 2 0 3 9 4 2 1 2 0 6
3 5 9 3 3 1 0 6 2 4 2
5 1 9 9 11 10 3 0 11 1 1
7 8 0 8 7 2 6 6 1 1 6
13 3 8 0 13 3 2 3 11 5 11
1 10 11 5 18 2 1 9 9 3 8
13 6 10 25 8 14 3 13 1 7 6
17 2 2 7 7 3 12 3 30 2 0
1 2 6 11 6 2 10 3 8 8 6
3 3 1 1 2 8 2 0 2 5 4
4 7 3 12 8 0 7 3 15 8 8
1 9 20 1 2 6 10 4 4 0 0
14 17 4 0 2 14 18 11 0 15 4
6 13 3 12 8 6 11 5 8 11 2
9 16 5 2 3 0 9 13 0 8 4
1 5 6 3 2 8 11 1 1 2 9
12 3 18 3 16 17 0 11 11 1 12
1 2 0 11 1 4 4 7 2 10 4
11 1 2 6 3 6 5 6 8 14 2
3 3 5 14 4 4 8 10 6 0 0
1 3 2 2 4 0 0 2 3 5 7
2 2 2 3 2 3 5 9 1 12 6
5 4 5 4 1 2 4 5 8 2 2
14 7 9 7 4 21 8 10 3 11 15
0 6 19 2 13 4 5 5 1 3 26
3 12 3 8 0 5 19 1 2 9 7
5 3 7 9 1 1 7 7 4 3 2
9 1 2 4 6 2 7 3 7 0 3
12 2 11 4 3 18 11 5 4 28 3
11 6 6 6 10 11 4 5 3 1 2
6 7 9 1 9 12 15 13 15 1 4
2 2 14 11 1 1 1 12 7 2 0
0 3 2 2 2 0 3 4 1 0 8
1 5 0 4 2 3 4 4 3 3 4
1 4 14 6 3 7 1 2 6 7 2
5 1 9 6 5 2 6 8 9 2 3
1 12 8 4 1 1 18 2 12 2 12
6 8 3 2 6 1 8 11 2 1 11
1 11 5 2 6 5 8 7 7 1 11
19 5 19 11 9 20 5 1 9 12 4
1 9 9 3 3 13 4 1 1 3 24
8 12 3 12 2 8 2 5 10 4 7
7 9 9 2 2 4 1 8 8 1 0
11 15 16 5 3 8 2 7 3 7 1
1 2 9 0 6 2 5 2 13 1 1
17 12 8 1 9 0 19 15 4 0 12
2 5 2 5 0 4 6 4 4 4 2
7 2 7 0 1 14 4 1 4 3 5
8 8 5 7 3 3 3 2 3 6 3
11 9 0 19 8 4 2 2 2 30 3
5 3 8 11 8 5 5 9 9 0 5
4 11 17 1 3 7 4 10 3 4 0
2 2 1 9 3 2 8 11 3 2 0
2 2 2 3 3 4 5 7 7 5 2
7 2 2 2 6 3 2 2 3 3 3
3 25 12 11 6 8 5 9 3 7 1
11 1 2 6 11 3 18 20 7 21 3
4 13 6 10 1 2 5 4 4 10 4
5 2 8 3 7 6 2 7 7 2 1
11 13 7 9 3 5 4 2 3 5 5
15 5 0 0 5 2 7 2 4 4 2
2 3 1 12 13 3 1 3 3 15 5
0 1 7 10 4 6 2 2 3 0 5
7 1 6 6 4 7 1 13 2 1 10
3 5 1 3 4 2 2 3 5 5 1
6 1 9 10 1 8 21 5 6 10 17
7 1 7 2 10 13 9 4 2 4 5
3 8 3 12 17 14 1 8 9 18 18
2 4 11 2 1 2 1 8 3 3 1
17 5 6 8 13 3 4 14 4 1 6
11 3 13 7 15 9 13 22 7 2 8
3 4 8 12 2 10 12 4 2 3 2
6 15 2 11 20 7 8 3 14 14 4
4 7 1 5 3 2 3 11 5 1 1
15 5 5 9 16 7 6 9 17 1 7
6 4 4 2 4 5 1 6 6 10 1
8 2 5 7 6 9 12 24 4 10 4
3 2 1 3 1 3 4 2 6 2 5
7 2 3 6 1 4 6 5 18 8 6
5 3 10 6 3 5 1 4 3 5 2
2 3 6 1 11 15 8 1 3 1 8
7 0 2 11 7 2 1 4 6 5 3
2 0 4 0 3 7 3 4 0 3 1
1 0 5 2 1 4 9 10 6 3 7
4 11 3 1 4 0 9 4 1 3 7
19 5 8 6 8 4 28 4 6 7 5
9 9 4 8 9 7 3 13 16 1 14
2 12 4 8 2 9 14 9 2 9 6
6 6 4 3 2 0 4 8 2 4 5
4 7 9 6 0 2 0 3 5 5 4
0 5 0 3 17 2 8 17 1 11 12
3 1 1 5 3 4 8 7 7 8 19
8 10 5 6 12 3 13 4 9 8 1
4 22 9 4 4 4 6 2 18 13 1
12 2 0 4 5 5 0 4 3 3 3
2 1 10 5 16 12 9 5 1 3 0
6 3 1 0 4 1 4 2 1 1 5
9 2 4 2 10 9 12 4 2 3 12
8 10 4 3 9 7 5 1 1 4 6
3 3 5 4 0 5 2 6 4 3 9
8 14 15 15 1 7 13 0 14 5 13
9 16 3 9 2 12 16 8 12 14 18
3 2 1 5 5 8 1 13 8 2 10
10 1 17 11 5 1 9 18 7 6 5
2 2 4 6 3 0 4 1 3 0 1
5 0 8 2 2 9 1 5 4 7 10
4 2 2 0 3 8 11 15 1 21 12
4 4 11 4 3 3 11 7 2 7 8
2 3 3 11 11 5 5 23 13 15 12
7 11 6 18 13 4 6 1 11 5 20
10 6 5 7 5 10 0 4 6 2 4
5 24 2 14 14 10 8 5 4 3 0
9 1 0 1 0 3 2 2 3 4 3
7 8 3 2 5 7 0 9 4 1 3
1 4 3 8 8 4 4 3 2 1 2
5 2 8 4 6 5 11 13 8 2 2
18 11 3 0 6 12 1 2 12 6 6
12 1 7 4 10 3 6 12 6 14 8
15 7 15 11 11 5 5 5 14 4 11
0 6 11 3 2 25 11 8 6 9 12
4 11 2 5 7 3 1 8 5 7 6
6 4 3 9 8 2 8 12 1 3 1
0 2 3 7 4 1 1 0 2 1 4
7 16 12 1 9 4 2 8 3 9 1
4 3 5 10 0 1 13 2 6 1 6
3 3 5 4 0 4 2 6 0 1 4
4 13 7 1 3 10 25 16 1 0 3
19 8 4 0 3 2 9 25 0 9 6
13 1 4 8 14 1 15 17 6 12 2
10 18 12 7 12 7 20 12 3 5 2
1 3 0 2 7 4 4 7 1 2 3
13 8 2 11 14 1 4 2 10 3 7
10 2 6 10 19 6 13 12 20 3 2
3 5 8 4 3 6 11 6 2 4 2
5 17 0 16 5 21 12 10 5 14 2
3 8 10 13 10 3 2 2 5 4 7
11 3 5 6 6 2 16 0 3 10 9
3 4 1 0 0 1 5 5 8 1 7
5 4 7 0 5 15 4 5 3 2 13
8 4 6 1 2 12 5 0 9 2 0
8 2 2 12 1 1 2 23 18 13 2
6 2 6 5 11 4 5 5 6 0 7
15 5 0 13 5 6 7 0 5 2 10
12 6 10 8 1 8 10 12 7 10 8
11 5 8 3 18 0 11 6 16 10 10
10 0 16 5 6 18 24 4 12 1 7
6 12 6 11 1 3 8 3 5 19 8
11 1 2 1 1 15 0 4 11 8 0
5 0 0 4 11 7 2 0 3 4 12
3 14 6 3 3 10 4 2 3 2 0
3 11 11 3 1 16 4 5 10 7 3
2 3 19 7 9 14 5 1 1 7 9
1 1 8 4 17 7 7 3 5 4 12
4 2 0 3 2 3 2 3 6 5 5
20 4 18 4 17 1 16 6 3 3 12
4 12 2 12 2 4 0 6 2 7 4
7 6 0 2 3 12 7 4 2 1 1
15 11 5 2 28 8 4 10 5 6 9
7 1 12 4 5 3 2 1 6 3 11
4 9 1 19 0 1 8 16 9 7 2
4 9 3 13 6 12 9 4 12 3 7
6 2 7 0 6 3 7 1 15 3 15
3 8 3 5 1 2 7 3 3 5 9
5 1 2 15 2 15 21 23 4 4 2
5 2 6 6 8 4 6 5 3 7 2
5 6 4 8 2 2 2 0 1 1 1
0 8 14 3 9 4 4 5 13 17 13
7 1 1 2 3 1 2 0 1 5 2
3 0 1 1 2 5 5 1 5 3 9
2 2 5 2 5 3 4 3 3 3 0
0 3 5 0 8 3 13 1 5 6 5
2 9 0 10 2 1 9 5 4 4 9
1 10 3 9 4 2 8 5 9 10 2
2 0 15 5 2 11 12 1 2 11 2
1 4 11 6 3 3 2 1 5 6 2
15 6 3 3 6 2 3 14 7 9 2
3 7 12 8 3 4 14 16 0 25 3
4 14 8 1 1 7 4 13 10 5 7
3 7 11 13 5 3 6 8 2 2 10
1 10 1 17 3 0 0 11 7 6 4
1 1 3 1 0 10 3 6 8 7 1
5 4 9 20 3 1 2 9 1 19 20
8 9 3 7 6 11 17 10 7 4 2
4 4 2 4 4 8 4 8 6 6 6
4 1 0 2 4 2 6 6 9 7 1
16 1 2 6 2 7 2 1 1 8 1
13 2 8 19 3 3 4 2 17 5 7
0 1 1 1 1 0 0 6 1 8 3
10 4 3 5 6 5 2 15 5 6 2
4 3 0 12 7 18 3 10 3 14 0
1 13 9 1 0 8 6 8 7 6 1
4 2 9 4 16 3 5 2 8 1 13
6 5 1 5 1 1 1 6 4 1 5
7 1 9 4 9 7 3 1 4 10 10
0 2 5 2 1 5 0 6 2 6 4
3 3 0 4 4 6 0 7 4 8 1
15 3 8 4 11 5 21 10 14 7 9
9 0 3 3 19 2 19 8 4 2 14
5 3 8 10 14 11 0 21 12 6 14
2 3 10 4 8 1 23 5 8 5 5
14 16 10 6 14 5 6 9 6 1 6
0 5 4 6 13 0 4 3 7 4 2
7 9 2 16 2 8 8 12 12 5 2
3 9 12 5 4 15 10 6 21 1 9
30 12 3 0 1 8 8 0 3 8 7
4 3 1 1 5 3 4 0 2 10 3
2 6 3 11 6 10 25 7 9 11 6
6 4 3 2 2 2 4 2 6 14 6
6 8 3 2 0 6 8 8 5 5 4
4 4 10 1 4 1 3 8 10 2 7
0 8 1 5 2 1 3 7 1 4 6
12 22 12 6 6 3 2 11 11 17 4
1 3 5 8 10 5 14 10 1 0 2
0 17 10 1 5 9 22 17 9 10 5
10 8 18 1 7 2 2 11 20 8 4
1 2 6 3 5 0 6 2 1 0 2
13 2 0 7 1 8 12 9 5 14 8
4 2 8 2 27 2 18 1 4 7 5
4 5 4 11 0 5 1 2 3 8 2
19 12 11 1 8 13 2 8 6 8 7
4 9 7 10 12 4 8 8 7 0 3
6 4 7 3 9 6 0 2 3 3 6
8 3 3 9 1 4 2 14 6 4 4
7 1 4 5 4 3 1 5 1 3 3
1 1 1 1 3 4 5 2 7 0 7
1 5 0 7 2 1 2 1 4 3 5
6 1 4 1 2 5 1 1 11 3 1
5 0 3 7 0 1 1 3 0 6 0
2 4 5 2 3 3 6 4 0 3 6
9 13 0 9 17 4 0 2 2 0 20
16 4 4 1 1 6 15 12 11 2 7
3 7 13 6 4 2 5 5 13 2 15
14 4 8 2 0 4 11 11 4 4 3
2 8 1 2 1 9 8 2 8 7 7
3 4 11 3 12 8 8 15 5 14 5
5 0 5 2 1 0 5 0 7 4 3
17 4 15 11 4 6 10 5 13 14 12
3 16 11 3 2 3 14 2 24 4 7
1 0 2 6 3 4 3 6 8 0 3
13 2 14 4 8 3 24 2 9 3 19
13 2 7 3 6 4 14 13 9 20 12
14 2 10 16 18 14 1 3 1 18 5
6 6 12 5 9 9 14 9 16 8 16
1 8 6 10 0 2 5 11 9 14 3
4 10 15 17 12 6 5 14 16 1 10
1 3 13 1 15 7 2 8 6 18 1
1 21 7 2 5 10 17 8 2 5 2
10 3 1 1 13 3 0 0 4 3 6
3 2 14 0 11 9 9 4 5 11 2
6 1 5 3 4 7 14 3 19 13 21
3 5 0 10 2 2 11 2 8 2 4
3 7 2 1 2 1 10 3 0 0 4
0 2 1 5 1 4 8 4 5 3 2
3 3 2 4 4 4 5 1 0 5 4
4 17 7 11 8 4 6 0 3 7 1
23 3 1 20 1 9 10 12 4 4 0
2 1 2 0 1 3 0 2 3 7 4
14 15 2 14 5 5 3 3 5 6 7
4 1 7 1 5 12 4 7 5 24 9
3 6 1 8 1 15 4 8 3 14 17
2 12 11 1 9 8 3 14 12 11 8
2 2 1 1 5 8 3 5 8 1 0
2 2 2 8 5 7 8 4 3 7 0
3 2 2 5 13 12 3 2 1 1 2
1 1 1 5 0 12 7 6 0 12 4
3 15 10 5 5 9 2 3 16 2 29
3 1 15 3 20 5 1 0 3 7 2
5 17 6 4 6 0 14 0 6 1 0
14 2 12 0 10 3 3 14 12 3 8
22 3 7 17 0 6 7 4 11 0 9
9 1 4 6 4 0 8 5 1 4 8
2 11 17 0 2 2 5 2 9 4 5
13 5 1 9 4 4 5 7 6 7 3
4 5 2 3 14 0 5 4 1 2 6
3 3 18 10 16 6 10 7 11 3 6
4 4 4 0 4 3 5 2 0 2 4
3 10 9 1 15 9 6 7 5 17 17
13 11 25 5 1 1 13 4 5 18 3
14 6 1 18 3 1 10 1 8 10 2
4 3 7 4 9 2 6 10 1 2 2
8 3 4 5 8 22 4 9 5 16 4
24 18 4 12 13 8 15 4 3 7 1
9 8 15 5 9 5 16 1 13 16 6
2 1 2 14 11 27 15 5 15 6 3
12 3 4 10 2 4 9 4 23 13 0
0 1 4 1 1 7 5 2 4 3 2
11 12 1 11 8 2 15 2 0 1 14
7 7 3 4 8 6 8 3 0 1 9
8 11 11 5 10 17 13 6 5 15 4
2 10 2 8 2 10 22 8 2 6 24
4 1 6 17 2 0 8 11 15 18 10
4 16 3 2 3 5 0 8 10 1 10
12 17 6 15 7 12 2 19 3 8 8
1 1 4 1 3 19 8 7 20 6 1
8 9 3 14 11 1 3 3 5 1 9
3 3 4 6 1 6 8 2 1 2 0
7 0 10 2 10 0 11 2 20 8 0
3 7 4 9 0 2 10 1 8 6 7
13 4 10 19 6 3 18 8 5 11 7
3 17 11 6 9 7 14 3 8 9 3
2 8 1 4 3 5 11 11 6 1 10
13 5 4 1 7 12 2 6 2 13 3
13 5 2 1 7 10 3 4 7 5 1
8 17 3 17 3 3 15 15 19 1 2
4 3 8 3 1 1 2 1 1 0 4
3 0 5 8 1 4 5 4 20 5 3
8 17 10 12 3 3 10 0 10 1 2
5 1 4 1 3 5 1 6 1 5 6
4 2 1 1 7 1 8 8 1 2 1
7 3 6 6 1 5 8 3 9 7 2
9 1 5 14 1 0 1 21 2 19 8
11 6 3 6 2 1 8 3 8 2 4
7 11 4 3 3 7 7 3 17 24 5
9 10 4 10 7 10 9 5 5 2 7
2 16 5 17 10 4 1 11 10 7 14
6 1 3 2 5 4 6 0 0 1 8
2 4 12 1 5 5 4 7 6 1 9
2 3 12 7 19 3 9 5 4 7 15
0 1 2 12 5 4 1 4 2 1 1
7 13 5 8 6 5 7 4 6 10 4
4 1 3 1 17 1 5 4 6 6 1
2 6 7 1 1 5 0 11 1 1 2
8 12 4 4 2 4 9 3 1 2 1
1 10 2 5 7 4 9 13 12 16 18
13 12 4 4 2 2 8 1 6 12 17
5 9 1 4 2 5 10 8 7 2 3
12 3 1 15 7 20 3 18 13 4 13
9 13 1 11 8 9 12 21 4 14 4
18 21 6 19 6 4 11 1 5 5 5
9 8 3 13 6 3 3 3 2 2 3
3 0 16 3 4 1 13 7 8 5 8
4 7 7 2 13 9 2 2 2 2 8
4 1 16 4 2 11 1 27 14 9 2
1 6 22 5 6 2 2 10 6 5 19
9 12 7 8 5 2 12 13 8 1 10
5 2 5 5 0 2 4 9 15 16 6
6 6 0 0 5 2 6 9 1 1 5
2 7 12 7 5 10 5 11 8 1 0
14 6 11 4 4 6 5 3 1 1 7
13 12 0 10 0 3 2 9 2 8 4
5 12 13 15 5 11 14 11 8 9 13
15 5 5 4 4 6 11 8 11 7 1
12 3 5 10 15 0 13 3 4 5 8
0 2 3 1 8 12 4 15 17 4 16
10 2 5 21 12 5 8 14 13 3 5
5 13 7 3 8 3 6 0 6 0 2
4 0 3 0 2 2 2 1 8 2 4
4 9 2 10 5 5 2 7 1 1 3
1 6 4 12 10 25 8 16 6 5 9
4 7 1 4 3 1 1 1 0 1 3
6 4 6 14 3 6 6 1 4 12 12
5 3 4 4 1 3 3 1 1 4 2
0 1 4 1 2 4 8 10 6 3 1
2 1 8 1 2 4 5 4 3 2 2
15 7 3 5 3 17 15 8 8 21 9
28 3 5 3 3 4 8 10 10 6 11
7 2 3 5 9 0 3 0 3 11 4
7 4 2 4 0 15 15 16 14 12 7
3 10 3 13 5 4 4 3 8 1 0
6 1 2 1 3 3 2 2 1 8 0
1 5 3 7 3 3 2 9 1 2 7
9 10 22 3 17 7 4 6 13 4 4
2 5 4 6 10 4 15 17 8 13 3
4 6 1 7 1 13 8 7 17 4 4
3 3 1 6 5 7 13 2 3 4 9
4 1 4 2 1 1 3 6 2 4 1
1 4 2 8 1 8 0 4 5 1 7
11 5 7 0 22 11 0 4 6 10 3
5 7 2 3 10 2 1 2 2 8 5
6 8 5 1 6 8 3 6 8 4 3
0 11 16 13 21 9 3 4 5 2 4
4 10 28 4 5 9 5 5 5 1 17
15 14 5 1 25 0 9 2 5 15 3
5 2 4 4 6 18 8 11 24 12 3
7 10 1 5 12 5 18 14 6 2 11
3 10 6 9 5 1 2 5 1 11 1
9 3 2 3 1 1 1 4 0 1 3
0 1 5 6 1 3 0 0 1 5 5
7 6 26 1 5 4 15 15 11 5 6
13 7 1 15 7 4 10 17 13 8 3
3 6 13 3 6 10 1 1 9 5 7
6 5 9 2 0 1 3 12 3 4 0
1 5 12 6 6 11 6 4 4 7 7
6 2 6 10 3 9 8 1 5 7 0
14 9 9 4 8 8 1 18 6 14 2
2 10 12 10 11 2 11 13 23 8 14
10 8 2 2 1 2 14 1 0 5 1
1 5 5 12 5 17 4 5 12 6 11
6 6 7 7 8 19 3 2 21 5 4
4 3 3 1 5 4 6 10 6 3 2
5 7 6 7 6 1 6 6 4 14 7
3 7 0 1 4 6 6 11 10 7 1
2 2 1 20 5 9 7 12 8 0 0
2 10 11 11 6 12 6 9 13 23 10
17 11 4 5 1 5 7 8 2 4 10
16 10 6 6 4 6 6 4 4 3 8
4 4 5 12 3 8 7 0 5 6 5
3 2 12 17 13 10 14 8 6 7 3
2 12 1 2 0 0 4 1 1 3 0
8 9 25 12 6 13 12 1 3 5 11
9 1 8 0 15 3 17 6 14 13 8
7 12 1 10 10 12 1 5 6 8 1
1 6 26 3 0 13 6 15 2 1 1
6 2 3 6 6 5 0 2 1 0 2
8 3 7 10 3 1 13 26 4 6 0
3 4 7 3 2 3 7 9 3 1 9
4 15 0 18 17 1 1 6 8 1 15
1 6 15 2 9 5 4 18 9 10 5
19 7 5 10 11 7 6 4 6 13 2
10 1 5 11 8 18 1 7 10 5 8
15 16 6 2 13 7 3 3 10 8 7
11 11 2 1 6 10 19 2 3 4 10
4 6 5 5 6 0 3 5 15 7 3
13 7 6 4 5 4 5 10 5 15 0
7 1 2 0 0 5 0 5 1 3 6
0 2 13 3 3 9 5 6 8 1 5
1 2 1 10 4 1 8 0 6 2 0
8 7 1 3 11 13 5 0 1 14 6
11 10 4 9 29 8 3 3 0 2 10
11 1 1 1 13 10 2 6 8 20 2
3 5 4 5 8 5 0 2 3 4 14
15 3 3 14 13 1 14 7 7 3 4
17 1 2 11 2 3 10 13 1 6 1
0 5 6 6 0 0 1 3 5 4 1
9 2 2 7 10 7 6 6 7 4 1
8 9 8 5 1 6 8 9 2 8 4
14 3 6 7 5 7 9 1 17 4 9
5 7 12 18 7 4 1 8 17 16 9
1 8 8 4 15 5 10 3 1 14 4
11 2 3 2 8 6 10 6 9 10 4
21 3 12 10 18 2 15 4 4 11 7
7 5 1 1 7 4 13 1 8 13 12
2 17 12 0 12 2 12 1 9 10 13
9 8 2 1 7 7 5 7 15 10 8
1 4 0 1 2 6 5 2 2 10 8
5 7 16 12 1 0 2 4 5 1 14
10 3 4 2 8 4 3 3 1 4 5
10 0 6 8 4 12 5 6 15 9 13
14 11 5 12 16 21 9 5 1 5 11
6 2 11 6 0 0 4 3 2 5 2
9 2 1 0 0 1 2 6 2 8 3
11 5 3 4 6 10 12 2 6 0 12
15 4 2 19 4 2 3 6 3 9 11
5 1 10 10 1 3 7 6 8 6 8
14 11 2 14 0 3 6 5 1 18 8
6 4 2 0 8 5 6 2 3 3 2
7 3 14 7 19 7 3 6 24 3 9
3 1 2 3 7 6 1 10 1 7 5
2 8 4 7 9 16 0 2 9 6 7
1 4 20 15 4 5 6 15 3 1 2
9 5 13 6 2 13 3 16 11 22 9
6 2 13 2 7 1 1 6 3 1 10
2 3 9 13 5 3 18 10 7 8 14
1 2 9 0 14 1 10 4 4 8 8
8 6 13 2 10 2 3 6 16 21 10
9 2 0 0 1 4 6 1 6 3 9
10 5 5 11 6 1 1 2 1 6 2
3 14 8 1 18 7 8 4 7 2 19
14 7 15 1 2 7 8 20 6 4 5
20 4 11 18 8 1 5 15 9 11 0
6 3 11 4 5 10 25 0 10 0 2
5 16 8 3 5 11 5 5 6 2 2
4 2 5 2 3 1 2 2 5 7 3
16 1 12 11 6 7 2 1 0 2 5
8 1 3 3 6 5 4 2 3 2 4
4 7 1 2 2 4 8 7 9 3 2
11 10 4 5 7 0 7 2 12 1 0
3 4 4 4 4 8 10 10 1 6 2
9 2 23 8 8 2 3 4 5 19 6
6 10 4 16 18 7 18 13 1 3 2
0 3 10 11 2 4 11 6 13 9 16
2 12 7 12 10 19 17 10 9 12 7
6 0 16 5 8 12 1 4 5 11 7
9 1 4 1 8 4 0 4 7 1 12
10 3 7 9 6 1 15 3 2 17 2
5 13 7 9 7 0 8 14 3 10 0
5 3 12 2 5 0 10 13 1 2 9
10 4 12 3 3 3 4 4 12 13 0
3 5 10 4 8 4 11 1 4 5 1
3 6 5 2 2 11 3 13 6 18 3
3 2 4 1 5 5 6 3 0 2 2
10 6 3 10 1 5 23 3 0 3 5
15 8 2 4 2 16 13 2 6 6 5
3 5 26 12 3 11 1 6 14 8 2
9 1 3 1 1 1 1 3 0 4 9
8 2 21 3 11 2 3 1 9 9 7
2 7 6 1 1 6 7 2 11 0 10
7 2 6 3 2 5 7 0 10 5 6
3 1 8 3 7 2 11 5 12 0 1
16 12 3 4 4 11 0 4 10 11 2
9 12 8 12 13 11 7 10 1 17 14
7 21 2 0 11 9 12 11 6 18 6
3 6 5 6 6 3 7 4 3 3 5
8 8 7 3 9 10 6 7 4 11 7
3 5 3 7 5 15 8 0 7 1 2
2 6 12 6 1 5 3 3 0 3 10
16 10 9 4 15 13 9 3 10 18 8
5 4 2 1 5 2 2 3 7 2 3
1 13 7 7 8 2 7 4 8 1 20
1 6 3 1 16 4 13 1 7 7 3
5 9 5 5 12 9 14 3 4 5 4
3 10 19 1 9 3 3 7 5 2 7
1 4 10 8 20 2 8 21 1 12 1
5 5 2 3 6 4 1 0 4 4 1
4 0 4 4 9 10 1 5 2 0 4
8 12 11 6 12 6 15 4 7 1 16
1 5 7 9 3 4 4 0 3 8 4
11 4 3 23 12 0 1 9 9 12 7
5 2 18 3 4 2 4 6 5 13 15
8 16 3 7 7 6 9 9 9 6 4
9 5 13 0 8 4 17 2 21 6 17
7 3 5 15 5 11 0 2 12 4 20
3 3 5 24 5 6 1 12 11 7 4
13 4 8 10 5 19 3 14 10 13 4
11 4 6 4 16 4 11 2 2 6 5
5 2 5 4 7 1 2 7 1 0 4
12 17 16 12 3 16 9 6 11 8 6
5 5 3 1 5 6 4 5 2 4 6
2 13 8 5 1 12 15 1 15 21 5
1 3 4 0 6 3 6 11 2 2 0
7 14 7 10 10 2 25 19 7 5 1
10 5 1 11 10 3 0 2 6 3 4
21 1 5 15 4 11 11 8 5 8 2
1 1 6 1 3 4 3 0 5 2 6
2 3 2 2 4 1 6 10 1 1 4
4 8 19 1 16 4 5 12 11 1 4
1 7 5 4 11 5 5 17 6 4 4
13 3 7 15 6 11 3 13 5 10 5
0 14 1 14 3 6 2 17 9 13 12
0 5 5 4 0 4 3 7 7 10 1
4 6 12 8 11 16 8 7 1 1 4
5 4 4 7 2 15 12 3 1 10 5
1 2 2 5 1 0 1 10 3 6 8
10 6 3 4 3 2 7 12 1 2 14
5 13 8 13 8 10 5 0 2 10 22
10 12 2 0 12 2 5 2 8 15 15
4 2 0 0 6 7 4 6 5 4 1
0 2 11 12 5 4 5 0 8 2 6
3 6 15 15 11 17 6 9 5 4 5
2 2 1 0 2 3 0 10 2 2 1
16 1 10 12 3 12 17 2 8 19 8
4 11 1 1 4 3 1 11 4 5 1
12 2 12 9 4 2 3 18 2 15 8
1 16 3 3 6 4 3 25 11 19 11
2 3 5 3 1 5 4 1 8 8 10
0 4 16 1 3 6 0 5 10 3 8
16 0 4 9 1 7 5 3 12 6 17
1 0 4 11 13 1 6 20 9 3 10
9 19 4 4 1 4 4 14 2 0 9
0 4 1 3 0 6 6 5 6 11 3
5 7 6 3 8 5 2 3 10 10 10
3 1 11 4 13 5 2 3 13 31 7
3 1 16 19 2 5 1 2 11 19 10
10 16 7 6 0 7 1 13 7 11 1
16 4 2 10 11 4 6 1 8 19 11
15 7 4 11 4 4 7 1 14 0 18
12 6 0 4 5 1 5 2 7 2 3
6 5 2 24 9 6 0 2 1 4 7
4 2 7 10 15 10 6 1 17 0 2
0 1 15 19 2 5 1 4 7 5 1
10 0 8 3 2 4 9 14 1 2 14
6 2 1 1 5 5 5 0 3 8 6
8 16 1 10 9 17 16 7 5 6 5
1 3 4 1 5 10 4 2 2 0 7
14 12 1 8 8 8 5 6 5 12 6
6 5 0 16 3 7 12 3 13 5 3
5 2 1 10 5 3 11 7 17 3 6
1 8 3 1 0 1 5 3 3 8 1
13 14 7 20 5 7 3 12 1 8 9
1 0 8 0 4 5 1 1 0 3 10
6 6 3 2 0 6 0 2 7 4 8
11 2 10 15 1 19 6 18 10 10 3
11 21 6 17 1 2 18 4 3 6 13
4 4 10 2 9 12 12 7 12 2 1
5 2 2 0 3 3 5 3 10 1 10
2 6 3 10 4 7 0 4 1 8 2
0 6 5 28 2 8 8 4 12 17 5
4 1 9 3 9 4 6 7 1 7 1
13 10 13 9 10 4 7 11 2 9 20
9 13 10 14 8 8 1 11 5 23 5
9 5 2 5 1 3 7 0 1 1 3
9 16 3 24 5 5 9 10 0 5 7
6 13 1 9 19 21 8 1 6 0 10
10 4 1 11 5 21 0 3 14 2 2
8 2 4 6 2 2 11 7 6 7 7
8 1 3 2 13 9 3 5 7 2 8
10 21 1 9 6 6 3 3 10 18 3
1 8 3 8 19 0 11 10 22 5 17
3 7 5 10 2 0 2 1 8 1 4
8 0 4 3 1 5 8 8 3 2 6
5 4 14 10 0 2 1 9 5 0 1
1 2 0 1 1 5 3 8 1 16 8
2 2 1 2 1 8 1 4 2 1 4
4 7 8 2 4 9 12 6 4 8 11
18 3 16 4 16 8 9 7 7 3 13
5 10 12 6 7 5 3 9 18 27 3
11 11 2 4 3 6 4 4 3 6 11
7 4 23 6 11 4 10 2 2 2 4
2 3 6 8 3 4 9 1 5 2 2
2 3 0 3 2 1 4 1 3 3 6
1 0 6 6 7 15 5 0 3 9 1
4 7 6 4 5 5 3 3 4 5 11
4 3 1 1 4 3 1 3 6 1 2
9 16 7 15 4 6 8 0 15 19 2
17 2 9 7 4 12 5 3 3 9 3
4 1 4 1 1 9 13 1 6 1 6
3 2 5 3 2 16 3 2 11 1 9
2 4 8 6 17 1 3 3 11 3 14
8 2 8 3 3 5 6 6 5 6 3
7 5 3 8 1 1 1 1 3 9 11
4 8 12 1 11 24 0 12 10 1 17
0 5 8 10 9 3 5 4 9 14 2
1 1 3 0 3 0 3 6 7 2 1
22 1 17 1 3 12 2 4 18 7 13
1 7 15 11 13 12 5 1 24 12 7
1 14 2 5 2 6 4 2 19 4 9
7 3 6 9 6 12 5 4 0 5 13
7 0 6 1 2 4 1 8 2 0 5
5 3 11 5 14 5 8 1 1 13 7
7 5 4 1 1 15 0 5 3 10 4
4 2 6 2 5 3 4 6 6 1 8
4 0 0 6 0 5 2 5 2 5 2
10 8 4 2 0 12 4 7 3 0 25
4 6 13 5 6 4 6 3 6 11 22
5 10 5 4 20 8 13 4 8 16 7
12 16 19 0 0 15 5 5 15 4 18
1 2 3 4 2 7 16 4 15 3 1
6 4 6 7 3 3 5 1 2 4 7
1 1 4 3 0 2 2 5 0 7 1
3 4 3 7 11 1 7 11 6 2 9
4 4 7 7 4 0 13 20 7 3 9
4 4 3 5 4 4 2 4 4 10 20
10 3 2 13 7 5 4 8 15 6 8
0 5 1 5 3 5 4 2 15 12 2
17 7 8 14 16 7 12 1 8 14 1
15 16 8 5 0 11 17 8 6 9 11
1 2 1 4 4 8 0 1 1 2 0
2 4 9 6 2 1 1 7 1 1 13
10 2 14 8 8 6 5 13 3 18 21
3 11 3 11 4 7 1 9 5 8 2
17 14 0 5 9 6 3 8 8 16 5
8 31 3 3 1 6 7 13 4 11 5
13 22 9 4 11 12 3 14 17 4 8
7 1 5 1 5 1 2 1 4 2 2
1 6 5 3 5 1 3 3 2 1 1
1 0 0 10 23 1 5 0 5 3 12
15 7 14 3 9 4 5 5 6 12 11
2 1 1 1 10 1 3 3 3 1 1
4 16 3 2 7 2 6 1 6 10 2
0 4 9 6 5 0 12 11 3 3 5
16 3 13 3 15 5 5 6 7 7 4
10 2 12 12 4 0 20 7 5 13 7
0 4 17 0 3 12 10 4 7 5 5
6 6 2 0 7 4 2 1 7 3 3
8 4 2 13 3 2 1 2 4 1 4
2 18 6 25 0 1 12 10 18 1 0
7 0 6 3 9 2 7 17 9 8 14
5 3 1 10 7 2 0 8 3 4 2
6 8 8 7 4 1 8 0 7 5 10
6 3 2 8 4 10 1 19 4 3 10
16 13 0 3 3 0 1 15 9 7 9
5 4 3 0 4 1 2 2 3 8 5
9 12 17 18 6 5 5 5 16 1 1
3 2 2 3 6 5 9 4 3 1 7
1 5 3 3 2 3 4 11 2 5 0
2 17 9 2 15 9 4 11 1 4 9
8 9 3 2 6 20 5 8 3 13 16
1 4 2 4 1 0 2 2 6 1 5
11 19 3 5 16 7 1 11 9 5 7
15 13 11 0 5 15 3 9 15 17 12
6 8 1 3 4 1 4 1 8 2 0
16 1 2 13 5 8 17 8 2 2 2
4 1 1 12 2 1 4 19 9 9 1
1 2 8 3 0 2 1 3 2 4 1
13 1 9 4 5 5 3 2 3 2 8
2 7 0 5 2 5 12 7 3 3 7
0 0 2 5 4 6 4 0 3 2 4
23 4 9 4 20 8 11 9 8 4 10
2 2 2 0 1 5 3 2 6 1 3
3 2 12 7 2 3 5 9 30 3 1
1 11 1 8 7 4 3 2 0 11 8
3 6 7 12 14 1 14 1 21 18 3
5 4 9 1 6 10 13 13 13 1 22
4 3 15 4 4 2 8 10 14 7 8
6 7 3 8 6 16 4 2 1 6 1
9 3 15 5 12 3 3 9 15 9 0
0 8 8 1 3 0 4 0 5 5 4
5 7 8 8 1 4 2 3 4 4 9
10 3 10 13 0 1 13 4 6 0 7
14 0 7 0 5 2 5 3 2 6 14
9 1 1 11 3 3 9 5 4 2 5
1 9 12 0 21 4 7 7 1 9 19
3 2 4 10 2 14 2 5 4 1 11
4 8 16 15 0 1 4 6 2 0 10
9 2 5 8 5 8 6 7 1 2 6
2 4 0 15 2 14 5 7 17 5 11
5 6 1 23 20 6 12 11 2 8 0
4 7 1 9 1 0 2 3 1 5 4
1 15 2 4 8 23 14 6 3 2 8
7 5 7 3 4 6 3 4 4 3 7
3 6 15 14 11 6 6 1 0 3 0
4 5 9 1 4 1 0 13 4 0 4
4 1 17 10 16 2 9 7 13 5 4
0 6 1 7 7 3 2 2 2 1 5
2 3 1 6 3 2 9 1 3 2 8
10 12 12 1 1 19 0 6 4 3 20
3 2 7 5 1 7 9 1 6 13 5
15 2 7 5 3 0 1 6 1 17 2
8 1 5 11 1 3 5 8 9 3 2
5 3 3 0 3 1 11 6 1 3 3
14 4 1 9 11 12 3 3 2 14 5
0 0 2 8 6 8 0 6 8 1 5
2 6 2 2 2 4 7 3 4 3 8
1 10 4 8 3 12 12 1 2 7 7
7 7 2 14 7 1 7 3 8 7 1
2 2 4 4 8 3 7 1 10 0 4
3 11 3 6 2 6 10 13 31 4 1
1 22 19 12 4 2 6 3 1 5 0
6 2 0 3 9 9 4 4 12 7 4
12 1 13 7 10 18 10 6 18 1 11
1 0 2 2 7 0 3 2 2 7 0
1 14 3 2 1 7 1 5 1 7 22
7 18 4 2 27 4 17 3 5 2 9
14 10 10 8 1 2 5 5 7 1 9
9 1 2 11 0 6 0 7 8 2 7
1 20 9 1 4 7 3 5 3 3 0
3 4 4 0 1 2 1 9 3 6 1
3 4 14 6 9 1 1 0 3 6 1
10 6 6 19 5 14 0 9 7 8 9
9 5 26 6 1 6 0 1 6 4 2
12 3 0 22 0 19 17 0 10 2 3
2 1 10 4 8 15 6 4 13 11 9
1 7 4 7 11 6 21 15 9 3 4
21 4 2 17 1 4 4 1 14 7 13
11 24 1 4 2 5 12 4 0 5 4
6 2 10 3 7 5 11 3 2 4 1
3 12 6 5 13 14 3 18 15 19 9
32 2 10 2 3 5 0 8 3 2 7
4 2 2 3 6 3 1 0 1 3 3
3 21 7 3 17 7 5 10 0 7 8
2 4 5 15 6 2 3 7 3 2 3
9 8 7 17 3 5 1 4 5 12 5
0 27 5 11 22 6 7 10 2 1 6
2 7 3 1 1 3 2 4 10 4 16
5 11 10 3 19 10 14 12 11 7 6
6 14 7 11 4 4 5 7 7 3 11
4 4 9 14 4 2 2 1 21 1 7
1 12 2 0 11 7 2 16 3 7 8
10 2 10 11 6 3 7 0 0 2 12
10 6 1 0 15 25 8 15 13 6 5
12 23 1 15 1 11 22 6 2 1 3
1 13 14 9 2 8 9 6 12 2 12
6 6 1 1 5 1 0 5 10 1 0
1 7 4 4 4 3 1 1 4 3 6
6 5 7 1 3 3 3 2 0 5 2
1 6 1 6 1 3 5 1 2 1 2
1 2 3 9 5 3 1 2 8 0 2
11 7 5 3 13 7 6 9 3 12 10
0 12 2 11 9 1 3 5 16 14 26
1 14 7 5 4 3 3 6 9 4 8
2 13 3 1 4 1 10 14 3 4 8
4 2 0 5 4 5 1 3 2 8 2
5 0 5 6 4 6 0 6 2 2 7
1 8 7 16 18 14 17 3 1 0 15
17 10 10 8 11 2 6 8 23 6 7
19 4 2 8 1 10 3 25 2 1 5
7 2 16 4 21 4 1 1 1 16 10
3 7 3 1 0 2 2 2 4 5 3
1 4 0 6 2 5 1 1 3 3 0
5 11 15 24 11 4 7 5 1 4 6
4 13 20 1 9 4 14 15 11 1 3
1 2 0 2 10 8 0 5 6 1 1
9 5 2 1 3 0 6 9 15 9 4
4 6 2 17 3 8 7 3 1 6 12
1 28
1 29
1 39
1 81
1 82
1 83
3 35
3 39
3 58
3 88
5 73
5 74
5 78
6 106
7 11
7 21
8 12
8 57
9 24
9 40
9 103
9 109
10 23
10 45
10 47
11 45
11 81
11 107
12 13
14 33
15 52
15 98
16 22
16 97
17 34
17 40
17 84
17 91
18 33
18 36
18 113
19 67
19 119
20 42
20 109
21 74
21 106
22 71
22 82
22 98
22 101
23 35
23 41
23 90
23 119
24 68
24 91
25 36
25 76
25 95
26 48
27 34
27 41
27 54
27 88
28 89
28 118
29 82
29 92
29 101
29 102
29 120
30 64
30 68
30 106
31 44
31 56
31 112
32 42
32 96
33 75
34 35
34 74
34 124
34 126
35 62
35 131
36 39
36 86
36 87
37 65
37 106
38 68
38 70
39 79
39 97
39 112
39 133
39 138
40 76
40 99
40 116
40 138
40 140
41 78
41 105
42 82
42 127
43 74
43 75
43 118
43 133
44 54
44 62
44 129
45 96
46 64
46 141
46 143
47 66
47 76
47 142
49 79
49 82
49 95
49 141
50 91
51 66
51 112
51 115
52 86
52 110
52 152
53 75
53 85
53 110
53 118
54 78
54 79
54 90
54 112
55 96
56 76
56 81
56 117
56 136
56 149
57 76
57 85
57 108
57 116
57 155
58 103
59 75
59 123
60 77
60 127
61 101
61 113
62 73
62 90
62 99
62 107
63 82
63 101
64 136
65 75
65 96
65 110
65 128
65 131
65 163
67 140
68 124
68 136
68 137
69 81
69 101
69 148
69 168
71 91
71 163
71 169
72 107
72 118
72 127
72 167
73 97
73 111
73 123
73 147
74 81
74 142
75 80
75 175
76 77
76 140
77 161
77 165
78 94
78 133
79 148
80 98
80 125
81 148
81 153
81 161
82 101
82 151
83 136
84 98
84 101
85 107
85 118
86 146
87 148
88 174
89 93
89 170
90 99
90 102
90 133
90 143
91 99
91 102
91 122
91 162
91 173
92 99
92 112
92 127
92 135
92 145
92 147
92 174
93 107
93 119
93 146
93 147
93 148
93 153
93 191
94 118
94 180
94 181
95 132
95 134
96 180
97 124
97 146
98 190
99 160
99 175
100 101
100 114
100 134
101 157
101 185
102 126
102 129
102 138
102 151
102 183
102 200
103 170
103 191
103 192
104 137
104 182
104 195
105 154
106 199
106 202
107 121
107 124
107 146
107 173
108 122
108 141
109 172
111 120
111 173
112 124
112 161
112 165
112 207
113 120
114 139
115 125
115 150
115 178
116 125
116 157
116 186
116 191
117 127
117 144
117 171
118 123
118 124
118 199
118 203
119 193
119 206
119 207
119 210
120 166
120 173
121 144
121 159
121 210
122 138
122 153
122 207
122 217
123 152
123 174
123 185
123 195
123 221
124 164
125 134
125 144
125 153
125 173
125 180
126 131
126 218
127 159
127 172
127 203
128 158
129 181
129 205
130 154
130 159
130 175
130 187
130 217
130 221
130 225
131 143
132 141
132 203
132 215
132 232
133 172
133 228
134 194
134 224
135 140
135 151
135 182
135 184
135 207
135 224
136 177
136 215
136 221
136 228
137 189
137 194
137 208
137 237
138 172
138 175
138 207
138 213
139 141
139 164
139 225
139 234
140 212
140 227
141 159
141 204
142 238
143 176
144 173
145 174
145 218
145 245
146 199
146 225
147 148
147 198
147 215
147 239
149 156
149 175
149 185
149 187
149 202
149 228
149 243
150 165
150 222
151 218
151 234
152 154
152 180
152 220
153 161
153 195
154 168
155 160
155 162
155 180
156 203
156 216
157 194
157 198
157 245
159 192
159 223
159 254
160 210
160 257
161 198
161 202
161 221
161 231
161 234
162 184
162 255
163 183
163 227
163 260
164 190
164 208
165 214
166 167
166 174
166 190
166 229
167 168
167 203
167 227
167 232
167 243
168 191
168 208
169 197
169 234
169 259
171 173
171 203
172 178
172 202
173 177
173 209
173 210
173 249
174 192
174 226
174 232
174 243
174 255
175 177
175 201
176 179
176 180
176 247
176 252
176 264
177 202
177 234
177 257
178 198
178 210
178 260
179 242
181 204
182 200
182 210
182 255
182 275
183 231
183 236
183 268
183 270
184 188
185 192
185 223
185 230
186 194
187 269
188 227
190 198
190 204
190 237
190 246
190 266
191 204
191 270
192 264
192 280
193 202
193 292
193 293
194 223
194 287
195 197
195 206
195 279
197 241
197 242
198 255
198 288
200 269
200 290
201 247
201 265
202 206
202 212
202 217
202 219
202 237
202 238
202 271
202 284
202 302
203 214
203 247
204 288
205 209
205 300
207 252
208 305
209 223
209 266
210 282
211 247
211 248
211 252
212 220
212 225
212 231
212 257
214 257
214 280
214 282
215 230
215 235
215 248
216 236
216 273
216 282
217 270
217 307
219 227
219 254
219 262
219 267
219 270
219 275
219 288
220 279
220 306
221 263
221 285
223 253
224 235
224 257
224 300
224 301
225 258
225 274
226 232
226 275
226 281
227 248
227 300
227 319
228 262
228 269
228 275
228 290
229 236
229 277
232 237
233 244
233 252
233 299
233 307
233 312
233 330
233 332
234 316
235 248
235 281
237 291
237 308
237 321
238 241
238 305
238 313
238 326
239 256
239 264
239 280
239 292
240 315
241 277
241 294
241 297
242 300
243 245
243 272
243 290
243 301
243 309
245 273
246 259
248 256
249 279
249 294
250 303
250 325
251 289
251 315
252 265
252 305
252 308
255 305
255 320
255 334
256 286
256 339
257 258
257 281
257 286
257 311
258 278
259 269
259 290
259 297
259 330
261 337
261 350
263 285
263 313
263 315
264 296
265 346
266 318
266 337
268 270
268 338
270 330
270 350
271 273
271 275
271 295
271 345
272 324
272 355
273 354
273 363
274 277
274 287
274 294
274 297
274 325
275 351
275 362
276 283
277 281
277 355
278 292
278 298
278 324
278 340
278 378
279 341
279 375
280 295
280 359
281 316
282 287
282 298
282 312
282 357
283 348
284 307
284 376
285 307
285 335
285 336
286 299
286 368
287 337
287 374
288 357
289 295
289 303
289 306
289 308
289 375
289 382
290 337
291 343
292 317
292 372
292 384
293 299
294 334
294 352
294 378
295 332
295 382
297 308
297 331
297 347
297 373
297 374
298 312
298 328
299 304
299 332
299 350
300 340
300 357
300 371
302 378
303 383
303 388
304 351
304 365
304 379
304 387
304 401
304 402
305 339
306 349
306 389
307 309
308 313
308 359
308 360
309 368
309 383
310 344
311 370
311 374
311 382
311 400
312 341
312 385
313 405
314 370
314 404
315 320
316 367
316 392
317 348
319 338
320 348
320 368
320 408
321 362
321 365
321 415
322 360
322 404
323 331
324 337
324 381
324 397
324 401
325 399
325 410
325 411
328 341
329 381
329 382
329 406
329 416
329 417
330 333
330 372
330 390
330 402
330 430
331 343
332 371
332 382
332 408
333 337
333 338
333 377
334 346
334 405
336 346
336 351
337 342
337 417
337 418
338 361
338 393
338 397
338 425
339 340
339 408
340 392
340 408
340 428
341 347
342 344
342 406
343 357
343 434
345 356
345 439
347 373
348 351
348 407
349 353
350 365
350 391
351 395
351 443
352 360
352 390
352 432
353 432
354 373
355 388
355 436
356 364
356 388
357 399
358 393
358 408
358 416
358 454
359 382
359 420
359 436
360 380
360 430
360 438
361 401
361 428
361 451
361 460
363 408
363 445
364 435
364 442
364 444
364 446
366 403
366 412
367 374
367 375
367 381
367 409
367 410
367 436
367 452
368 369
368 416
368 438
369 392
369 414
370 381
370 416
371 382
371 428
371 467
373 416
373 438
373 440
373 452
373 453
374 406
374 456
375 415
375 432
376 422
376 440
376 452
377 410
377 426
378 394
378 403
378 407
378 431
378 470
378 476
379 445
379 457
380 407
380 448
380 453
380 457
380 470
381 409
381 458
381 470
382 403
382 417
382 472
382 479
383 389
383 432
383 444
384 417
385 393
385 476
385 482
387 473
387 478
388 414
388 418
389 392
389 445
389 477
389 479
390 398
390 432
391 412
391 417
391 418
391 468
391 469
391 485
392 412
392 481
393 432
393 441
394 405
394 477
395 451
395 492
396 457
397 441
397 449
397 457
397 460
398 432
399 413
399 476
400 417
400 454
400 482
400 496
401 461
402 408
402 429
402 491
403 410
403 432
403 434
403 437
403 465
403 492
404 413
405 432
405 459
406 440
407 410
407 465
408 472
408 498
409 435
409 442
409 451
409 484
410 429
410 430
410 461
410 496
411 456
411 481
411 507
412 489
413 414
413 421
413 454
413 483
413 493
413 508
414 428
414 452
414 473
415 416
415 420
415 466
415 506
416 467
417 450
418 444
418 452
418 457
418 479
418 497
419 424
419 486
419 494
419 498
420 422
420 441
420 444
421 429
422 432
422 448
422 510
423 457
425 506
426 432
427 434
427 450
427 507
427 511
429 430
429 492
430 453
432 449
432 493
432 499
432 521
432 523
433 437
433 440
433 456
433 464
433 485
434 469
434 472
434 481
434 534
435 437
435 472
436 499
437 483
437 510
437 518
438 495
438 521
439 478
439 484
439 506
439 527
440 480
440 523
440 534
442 465
442 466
443 501
443 507
443 520
444 463
444 530
445 462
445 494
445 521
446 458
446 532
447 486
447 491
447 525
448 455
449 537
449 549
450 542
451 516
452 456
452 525
453 501
453 518
454 470
454 514
454 550
454 554
455 464
455 520
456 510
457 495
457 546
458 460
458 514
459 502
460 543
460 550
460 552
461 493
461 509
461 513
462 492
463 481
463 498
464 513
464 529
465 502
465 522
465 540
465 547
465 552
466 565
467 518
467 527
468 489
469 490
469 525
469 538
470 502
470 521
470 522
470 559
470 563
471 499
471 550
474 483
474 521
474 536
475 481
475 560
476 484
476 493
476 498
476 522
477 522
477 527
477 545
477 552
478 493
478 557
479 539
480 482
480 495
480 551
480 566
481 485
481 507
482 496
482 512
483 506
483 518
483 519
483 555
483 563
483 569
484 504
484 526
484 571
485 491
485 496
486 503
486 519
486 520
486 586
487 514
487 566
487 572
487 573
488 508
488 553
488 579
489 515
489 521
489 543
489 561
489 562
490 524
490 556
490 573
491 535
491 546
491 570
491 587
492 520
492 561
492 563
492 568
492 586
493 499
493 538
493 569
494 522
494 528
494 557
494 572
494 576
494 589
495 505
495 559
495 561
496 550
496 575
497 500
497 505
497 575
498 512
498 529
498 545
498 550
499 504
499 552
499 564
499 598
500 515
500 538
500 541
500 575
501 507
501 557
502 504
502 532
502 558
502 582
503 593
504 526
504 547
505 527
505 544
506 536
506 550
506 599
507 540
507 552
507 589
508 539
508 598
508 601
509 572
510 551
510 589
510 592
511 530
511 563
511 582
512 515
512 597
513 559
513 565
514 515
514 559
514 576
515 548
515 606
516 542
517 539
517 607
518 564
518 585
519 571
519 618
521 527
521 559
521 589
522 557
522 579
523 526
524 587
524 603
525 599
525 613
526 582
527 531
527 549
527 551
527 596
528 572
528 596
528 612
529 601
529 620
530 543
530 553
530 628
531 552
531 573
531 618
532 569
532 611
532 612
532 616
533 540
533 576
533 579
533 620
534 564
535 541
535 546
536 547
536 572
536 610
537 546
537 561
537 573
539 570
539 581
539 603
539 621
539 624
539 627
540 550
540 560
541 558
541 584
542 586
542 611
543 625
543 631
544 576
544 577
545 552
545 575
545 585
545 591
545 594
545 617
546 603
546 630
547 570
547 577
547 590
547 622
547 625
548 549
548 558
548 603
548 622
549 604
551 553
551 586
551 587
551 607
552 586
553 554
553 582
553 646
554 594
555 600
555 605
555 614
556 567
556 585
556 634
557 629
558 565
558 614
558 657
560 648
561 562
562 595
562 599
562 621
563 601
563 602
563 641
563 643
564 567
564 574
564 575
564 606
564 619
564 627
565 583
565 589
565 603
565 614
565 618
566 630
567 585
567 588
567 631
567 663
568 574
568 577
569 592
569 596
569 651
570 587
570 630
572 594
572 625
573 579
573 607
573 665
574 577
574 622
574 638
574 663
575 579
575 649
575 650
575 660
576 609
576 622
576 671
578 584
578 615
578 622
578 646
579 586
579 598
579 603
579 620
579 640
580 631
580 633
580 667
581 632
582 615
582 645
582 671
583 585
584 595
584 611
584 614
584 636
584 644
585 601
585 613
585 629
585 657
585 685
586 612
586 627
586 629
587 617
587 644
587 666
588 589
588 595
588 650
588 667
589 629
589 676
590 638
591 596
591 608
591 617
591 640
591 649
591 675
593 659
593 680
594 603
594 608
594 615
594 642
594 666
594 675
595 636
595 681
597 611
597 634
598 603
598 655
600 616
600 617
600 658
601 615
602 622
603 611
603 638
603 673
603 702
604 605
604 610
604 662
605 630
605 640
605 688
606 622
606 679
606 700
607 633
607 635
607 642
607 649
607 674
607 675
608 644
608 659
608 669
609 680
610 642
610 653
610 672
610 682
610 688
611 624
611 678
612 639
612 649
612 652
612 704
613 638
613 651
613 662
613 678
613 682
613 705
615 678
615 706
616 644
616 666
616 705
617 670
617 689
618 673
618 690
619 621
619 715
620 677
620 696
621 622
621 669
621 687
621 719
622 673
623 649
623 710
624 660
624 693
625 670
625 699
625 710
625 716
626 675
626 681
626 700
626 711
626 716
627 635
627 637
627 661
627 665
628 647
628 663
630 701
630 704
632 718
632 720
633 635
633 679
633 728
633 729
634 646
634 681
634 728
635 685
636 715
637 654
638 710
638 725
639 641
639 719
639 727
640 686
640 698
640 713
640 735
641 736
642 647
642 657
642 691
643 662
643 682
643 703
643 705
643 714
643 716
643 736
644 649
644 663
644 666
644 709
644 723
645 668
645 678
645 697
646 650
646 690
646 719
646 721
647 674
647 693
647 715
648 727
649 719
649 735
650 658
650 668
650 678
650 736
651 667
652 716
652 717
652 726
653 743
654 660
654 678
654 688
654 718
655 684
655 734
658 713
658 747
659 681
660 697
660 726
660 728
660 756
661 693
661 694
662 666
662 674
662 719
662 732
662 746
664 669
664 697
664 702
664 724
666 732
666 738
666 753
667 695
667 751
667 759
668 689
668 756
669 670
669 682
669 707
670 727
671 675
671 689
671 690
671 696
672 695
672 696
672 766
673 682
673 711
673 747
674 719
674 735
674 751
674 754
675 681
675 698
675 702
675 761
675 772
676 694
676 702
676 731
676 748
676 750
676 762
677 728
677 768
678 724
678 776
679 683
679 727
679 763
679 779
680 700
680 710
680 712
681 703
681 776
682 696
682 698
682 758
682 760
682 775
683 746
683 755
684 740
684 743
684 763
685 710
685 711
685 727
685 754
685 780
686 709
686 724
686 736
686 737
687 697
687 715
687 727
688 755
689 699
689 728
689 738
690 716
690 728
691 722
691 729
691 739
691 771
691 787
692 719
692 754
693 698
693 715
693 747
693 789
694 707
694 711
694 791
695 746
696 734
696 762
696 765
697 749
698 739
698 763
698 788
699 701
699 719
699 745
699 751
699 768
700 707
700 731
700 774
700 785
700 789
701 794
701 795
702 720
702 764
702 771
703 752
704 712
704 715
704 752
704 799
706 726
706 769
706 788
706 791
706 796
706 803
707 756
707 793
707 801
707 806
708 719
708 788
709 729
709 782
709 787
710 740
710 759
712 754
712 779
712 782
712 784
713 727
713 803
714 733
714 750
714 809
715 772
716 738
716 759
716 763
716 791
716 812
717 760
717 779
717 796
718 774
719 732
719 803
719 813
719 814
719 819
720 721
720 784
721 725
721 727
721 735
721 737
721 753
722 737
722 761
722 780
723 734
725 742
725 748
725 773
725 782
726 731
726 738
726 751
726 773
726 809
727 732
727 740
728 751
728 753
728 758
728 814
728 823
728 825
730 738
731 773
731 791
731 804
732 799
732 824
733 740
735 756
735 805
736 822
737 751
737 771
737 782
738 767
738 800
738 816
738 817
738 828
738 830
739 762
739 770
739 820
740 752
740 794
740 822
740 831
742 743
743 753
743 758
743 806
743 817
743 823
743 831
744 748
744 761
744 777
744 786
744 819
745 768
745 803
746 763
747 828
747 837
749 801
750 804
752 756
752 777
753 802
753 846
755 811
755 846
756 785
756 832
757 811
758 765
758 824
758 843
759 762
760 785
760 817
761 802
761 804
761 829
762 765
762 823
763 848
763 861
764 820
764 823
764 837
765 791
765 806
765 826
765 838
765 862
766 795
766 797
766 853
767 769
767 824
767 830
769 847
770 786
770 812
770 835
770 846
771 817
771 867
772 866
773 824
773 846
773 856
773 868
774 783
774 797
774 868
775 797
775 807
775 842
775 861
775 874
777 787
777 825
778 805
778 809
779 850
780 797
780 809
780 831
780 863
781 854
782 840
783 810
783 827
783 858
784 794
784 829
784 878
785 802
785 834
785 868
786 792
786 819
786 834
786 859
786 869
787 858
788 839
788 845
788 877
790 890
791 830
792 861
793 866
794 864
795 801
795 851
795 866
796 851
796 863
797 800
797 845
797 847
797 852
797 858
798 847
798 892
799 808
799 813
799 839
799 892
800 837
801 803
801 837
801 858
801 868
801 896
802 807
802 842
802 844
802 855
803 819
803 846
804 859
804 876
805 895
807 836
809 812
809 821
809 870
809 891
809 906
810 828
810 888
810 907
811 879
811 882
811 890
811 899
811 901
812 822
813 848
813 885
813 894
813 896
813 905
814 821
814 839
815 832
815 862
816 898
818 827
818 838
818 860
818 886
818 908
818 910
819 840
819 849
820 852
820 855
820 915
821 883
821 919
821 921
822 843
822 903
822 921
823 842
823 874
823 892
824 830
824 900
824 911
825 859
825 860
826 838
826 842
826 854
826 882
826 916
827 890
827 924
828 838
828 849
828 858
829 874
829 894
829 920
830 918
831 839
831 862
831 876
831 916
832 880
832 919
833 856
833 903
833 912
833 920
834 907
835 878
835 895
835 904
835 924
836 838
836 846
836 853
836 889
836 894
836 903
837 911
838 856
838 868
839 857
840 930
841 934
842 936
843 924
844 867
844 920
844 934
845 865
845 894
845 929
845 933
846 850
846 868
847 878
847 903
847 943
848 852
848 868
848 943
849 859
849 866
849 870
849 872
849 896
849 914
849 921
849 934
849 938
851 911
851 940
852 881
852 938
853 919
853 928
853 946
855 935
855 954
856 863
856 918
856 933
857 907
857 925
857 932
858 915
858 936
859 950
860 884
860 930
861 925
862 864
863 882
863 918
864 870
864 894
864 930
864 950
865 889
865 897
865 919
865 925
866 875
866 937
867 940
868 903
868 942
868 943
869 888
869 913
869 939
869 948
869 953
869 961
870 897
870 900
870 905
870 925
870 929
872 892
872 912
873 970
874 921
874 952
875 929
875 941
876 888
876 941
876 956
877 967
878 892
878 895
878 936
878 959
879 886
879 891
879 893
879 922
879 947
880 903
880 921
880 960
880 967
881 917
881 930
882 930
882 933
883 923
884 913
884 919
884 964
885 908
885 923
885 939
885 964
886 928
886 972
887 888
887 923
887 978
887 982
888 913
888 961
889 900
889 965
889 974
889 979
890 904
890 912
890 924
890 973
891 894
891 904
891 944
891 987
892 899
892 928
892 947
892 952
892 982
893 896
893 959
893 978
894 965
894 967
895 903
895 907
895 967
896 912
897 902
897 919
897 979
897 996
898 909
898 977
898 979
899 922
899 931
899 937
900 947
902 906
902 939
903 935
903 945
903 995
904 925
904 986
905 967
906 918
906 935
906 942
906 951
906 972
909 925
910 967
910 976
911 922
911 935
911 944
911 985
913 953
913 954
913 967
914 965
915 924
915 931
915 932
916 948
916 955
916 956
916 959
917 998
920 925
920 935
921 942
921 971
921 999
922 964
922 992
924 930
924 938
924 986
925 951
925 980
926 1000
927 964
927 968
928 951
928 998
930 939
930 943
930 991
932 946
932 955
932 978
933 974
933 982
934 959
934 991
936 991
937 949
937 951
937 992
938 994
940 981
941 982
941 991
942 983
942 986
943 964
943 987
944 961
944 972
945 975
945 997
946 959
946 990
947 988
948 959
948 960
948 987
949 979
949 982
951 980
952 955
952 986
953 956
955 958
955 975
956 999
957 992
957 1000
958 985
959 986
960 974
961 978
962 978
963 995
965 969
965 992
967 984
968 975
969 977
969 986
970 976
971 982
973 975
973 988
974 980
977 998
978 994
979 996
8 5 10 11 9 9 3 9 10 8 9
1 16 5 21 28 19 9 20 6 1 2
9 6 4 6 7 3 2 18 16 3 4
19 15 7 2 9 6 14 5 4 16 16
3 22 3 2 6 8 1 1 11 9 7
14 6 33 1 10 7 29 7 4 16 5
11 7 18 1 33 6 9 4 11 16 28
6 4 1 14 22 34 2 30 18 4 7
25 27 17 2 16 4 16 4 9 18 14
1 14 0 4 12 6 3 5 3 4 19
10 31 2 7 23 4 3 4 17 6 13
9 20 11 7 4 5 6 19 2 14 17
3 3 4 11 2 13 13 5 13 4 2
31 9 13 10 23 6 2 3 15 29 17
17 23 17 20 7 22 21 1 11 2 14
9 13 7 11 19 22 2 7 13 2 11
4 4 2 3 10 13 5 5 5 6 9
25 18 11 24 3 4 28 5 15 2 13
21 8 13 16 5 7 15 6 12 10 7
17 4 9 19 14 36 6 3 4 6 13
32 48 52 37 61 32 31 41 25 72 48 42 45 23 15 39 60 16 7 28
29 27 40 12 17 19 19 34 7 27 19 18 45 9 23 26 31 31 28 31
13 16 27 19 29 23 10 9 11 28 13 26 29 8 11 1 17 23 21 5
7 14 18 13 25 6 9 17 10 26 22 12 20 12 10 12 16 14 7 12
4 18 12 15 23 18 12 9 12 25 15 6 20 11 15 10 18 12 9 15
1 5 1 1 1 1 1 1 1 5 1 1 2 1 1 1 1 1 1 1
11 21 15 16 22 16 11 12 13 32 15 14 17 12 19 17 23 12 6 22
31 25 39 18 35 20 26 42 8 37 27 18 39 29 11 28 41 15 19 34
32 30 40 39 44 46 46 34 28 54 29 22 58 36 26 30 55 35 36 41
35 47 50 23 50 42 30 50 20 49 33 16 61 21 23 35 59 22 27 35
14 6 19 13 21 18 14 18 10 20 14 17 23 16 12 8 23 14 14 23
31 35 38 22 46 30 24 31 23 40 37 15 56 21 40 36 40 44 36 36
1 13 7 5 8 6 6 9 5 13 6 1 9 1 7 7 7 7 1 1
40 48 56 31 64 30 37 51 34 52 46 29 52 36 24 40 58 18 29 39
42 55 62 39 64 41 35 47 29 71 49 46 65 26 22 32 60 40 29 33
13 12 22 19 35 8 12 21 13 30 29 13 22 18 10 20 26 18 9 17
7 17 26 9 23 13 9 18 10 18 17 6 21 10 8 7 13 12 9 5
15 11 9 26 28 24 16 4 17 26 11 21 25 13 24 10 25 22 19 23
13 19 21 1 21 12 3 22 1 15 8 4 18 7 5 13 15 3 5 8
1 1 7 1 4 1 2 1 3 5 5 7 3 4 1 1 1 7 2 1
1 4 16 18 24 16 17 6 18 25 19 12 5 11 8 4 17 10 4 7
38 37 48 44 56 22 31 41 33 65 54 35 47 42 31 41 51 43 32 43
1 5 7 9 11 10 10 6 9 12 7 4 6 1 1 1 11 1 1 1
37 34 50 45 66 53 49 31 41 65 48 50 56 32 22 30 54 28 31 23
33 33 57 37 49 46 36 36 37 52 45 35 44 27 19 31 45 27 30 19
4 11 17 11 16 10 11 9 12 16 12 13 16 6 13 8 9 21 10 4
8 8 29 17 25 20 23 19 18 26 22 8 22 14 10 9 28 12 7 13
32 33 50 28 52 26 28 44 21 58 47 31 35 24 24 40 53 21 12 34
18 21 24 19 28 19 20 15 22 34 32 8 35 21 31 25 25 36 23 25
2 15 6 2 21 1 5 10 3 19 9 5 21 3 7 3 14 7 3 3
10 29 29 10 32 11 5 23 7 27 18 14 34 6 5 10 21 14 13 4
20 28 32 5 35 5 10 36 5 39 30 8 30 15 20 26 35 17 8 25
36 40 52 29 47 20 25 42 21 56 44 29 56 28 19 26 49 37 27 31
6 15 20 21 28 18 13 15 12 29 19 14 15 8 5 10 24 2 1 11
15 9 33 27 38 25 16 12 18 38 22 30 24 12 11 10 29 19 13 6
18 30 28 26 35 26 17 17 18 42 19 29 31 7 26 18 36 25 16 22
1 12 5 1 6 3 3 4 1 10 1 1 8 1 5 5 5 5 1 1
40 43 54 30 68 24 30 41 18 64 53 41 56 34 18 39 50 32 26 29
26 23 37 20 38 25 29 33 18 42 30 23 37 23 9 15 38 16 19 21
4 11 12 6 19 7 4 12 3 22 10 5 11 5 1 6 14 1 1 3
1 9 10 3 12 1 4 10 5 15 13 3 16 5 14 8 11 15 4 8
41 47 57 49 63 49 42 43 44 76 49 49 50 37 27 41 63 29 24 36
17 18 31 13 25 22 16 26 11 33 20 15 27 10 14 16 34 16 10 24
1 1 1 3 7 4 4 1 3 4 1 1 1 1 1 1 3 1 1 1
24 23 41 29 54 26 31 25 28 52 41 29 35 30 28 27 41 35 22 23
1 11 6 6 5 6 1 5 5 13 6 12 11 1 4 4 6 10 5 6
6 10 8 2 14 4 2 10 3 13 4 5 12 2 1 4 10 1 1 3
50 29 59 35 68 37 47 47 28 63 45 43 59 40 23 35 65 29 36 40
9 19 17 6 22 11 7 16 6 20 11 6 16 10 8 13 13 7 5 6
1 14 2 1 8 1 1 3 1 8 1 1 10 1 2 1 3 1 1 1
38 40 55 32 65 39 44 36 31 67 54 36 50 32 23 34 52 30 23 22
26 18 41 33 49 23 28 26 26 51 43 31 24 31 8 20 36 23 17 20
1 10 8 3 7 2 1 10 1 14 6 1 9 1 3 6 8 4 1 1
31 22 46 36 48 32 17 26 25 48 25 35 49 12 23 17 42 40 30 21
38 35 48 19 35 31 28 43 14 32 24 24 38 28 7 32 44 7 25 37
13 15 19 4 20 1 7 20 6 24 18 11 13 14 5 15 18 9 1 11
21 30 40 41 42 33 28 24 29 51 36 35 37 20 14 19 43 27 16 28
26 23 40 34 56 41 30 30 31 45 39 23 46 27 20 33 46 18 25 21
7 1 10 12 18 12 3 2 4 13 1 15 17 1 11 1 12 13 11 3
46 42 49 27 47 34 22 39 15 41 23 41 51 23 17 28 50 16 35 41
4 21 16 20 29 20 19 11 18 32 15 17 29 11 19 11 25 19 11 15
6 23 25 15 30 12 8 16 9 27 15 15 36 5 18 8 22 21 11 9
8 10 12 9 17 10 6 8 5 11 1 12 20 3 12 6 11 15 10 5
5 25 22 15 20 12 7 19 9 28 19 14 23 8 14 15 20 15 4 16
4 4 11 10 16 10 11 8 12 14 10 6 1 7 6 5 10 6 1 4
8 19 18 9 26 11 12 14 12 25 17 13 30 11 10 6 18 17 11 9
3 3 5 1 9 3 2 10 1 7 5 1 7 2 2 2 7 1 1 3
35 53 46 26 54 28 18 42 16 55 34 39 48 21 13 33 51 19 21 33
19 32 40 21 41 30 19 32 16 44 29 15 44 13 19 22 44 20 16 26
24 27 37 34 45 42 24 17 28 38 22 36 32 15 20 11 33 26 29 19
4 1 9 1 11 4 3 5 2 3 2 7 11 2 5 1 3 7 3 5
1 8 6 2 8 1 3 1 5 7 5 3 3 4 7 3 2 6 1 3
10 16 22 10 23 7 4 21 3 20 18 7 19 8 2 14 17 5 3 8
1 7 6 1 2 1 1 3 1 5 1 1 4 1 1 5 1 1 1 1
36 46 41 30 57 36 40 34 24 60 45 26 56 15 39 43 54 29 22 33
1 2 1 6 11 5 8 1 7 8 3 1 2 4 7 1 5 3 1 4
27 27 36 35 42 34 24 25 24 49 29 28 46 14 37 22 49 38 28 37
45 51 49 37 62 30 40 47 31 71 49 52 49 38 22 41 61 24 25 44
30 27 43 35 50 27 37 26 31 54 38 43 30 35 8 22 43 20 19 28
1 4 7 5 1 5 5 4 6 11 7 8 3 4 1 1 3 6 3 3
8 29 22 12 18 5 1 21 1 29 18 10 28 3 8 17 20 15 3 13
1 8 7 4 10 1 5 7 6 10 9 5 12 6 8 1 7 8 4 6
22 6 30 30 43 30 19 14 20 39 19 33 28 16 14 14 33 12 17 10
7 18 16 9 21 7 7 17 7 29 16 15 19 6 5 7 20 7 4 7
34 28 50 40 63 37 39 34 38 62 50 37 52 30 38 39 51 41 34 28
1 9 12 3 14 1 1 10 3 14 11 7 13 5 7 6 7 9 1 4
1 8 7 9 19 7 11 5 12 17 12 2 11 9 11 6 12 11 4 7
1 7 8 4 15 2 1 10 1 14 9 1 8 3 1 4 8 1 1 2
1 6 1 1 1 1 1 4 1 4 1 1 8 1 3 2 3 4 1 2
28 20 34 36 42 35 38 7 39 46 42 29 43 37 31 23 32 49 37 21
25 33 41 15 35 13 14 40 9 49 34 22 30 18 11 28 38 19 8 25
25 31 31 19 45 17 15 25 14 44 31 17 53 11 39 26 40 41 28 27
13 16 19 9 37 7 15 22 11 34 24 9 16 18 8 16 28 6 3 14
1 13 16 2 14 1 1 15 1 16 14 2 16 2 9 11 10 11 1 5
36 37 42 36 57 29 41 25 35 57 46 34 50 44 34 45 47 37 31 43
26 18 35 35 45 32 30 23 28 49 40 23 32 30 15 23 42 25 18 30
13 19 31 9 28 8 13 27 9 32 26 11 18 13 9 20 27 11 1 14
21 26 39 23 35 22 26 21 20 41 30 29 17 26 11 23 25 18 11 19
1 1 3 2 10 1 4 1 5 7 6 1 1 6 5 2 1 3 1 3
11 20 24 7 29 8 9 20 9 31 20 15 25 14 7 11 18 13 5 8
9 21 27 17 26 22 18 16 19 28 18 14 25 9 8 12 24 10 5 5
10 28 25 11 31 21 9 21 11 21 14 9 29 5 10 13 22 13 14 8
12 21 22 19 34 19 18 19 18 34 25 7 27 19 20 21 24 17 12 16
40 44 62 43 62 34 34 50 30 54 42 41 66 31 26 38 57 33 34 30
22 31 26 23 40 14 21 23 15 41 21 32 28 21 17 24 35 14 13 30
2 6 9 4 17 7 6 5 5 9 5 1 6 7 3 3 6 1 1 3
12 17 22 1 9 8 7 23 4 18 14 3 23 5 12 11 20 13 7 15
5 6 8 10 21 8 11 8 10 13 9 9 15 9 12 5 10 12 9 7
5 13 10 3 5 7 5 12 3 11 5 1 14 1 6 6 9 6 1 6
3 14 10 1 10 1 1 9 1 12 6 3 16 1 14 9 6 15 5 6
24 37 27 21 37 31 15 26 18 37 24 11 37 10 30 27 39 25 23 34
22 32 34 15 46 30 18 28 12 42 24 24 31 10 3 20 40 1 5 11
3 5 4 1 8 1 1 7 1 9 5 3 6 4 4 4 4 4 1 1
1 1 2 1 2 1 1 2 1 2 1 1 2 1 1 1 1 1 1 2
3 5 12 5 14 4 1 13 2 16 11 8 10 3 1 7 13 5 1 4
1 7 5 1 7 1 1 5 1 11 1 1 3 1 2 6 2 2 1 1
1 12 18 4 12 2 2 12 4 15 13 3 10 5 5 8 6 8 1 1
1 4 1 3 5 4 4 1 3 3 1 1 1 1 2 1 2 1 1 1
32 27 37 25 40 32 33 31 22 48 28 34 34 33 15 21 42 22 23 36
35 42 48 27 66 29 15 39 13 49 32 31 62 12 22 28 51 28 29 22
3 7 10 8 16 9 8 8 9 20 11 9 10 6 2 1 11 6 3 5
1 1 5 1 1 1 1 1 2 4 4 1 4 1 1 1 1 3 1 1
1 8 20 11 21 10 11 11 12 20 15 9 15 6 4 6 14 10 1 1
27 43 38 18 46 29 22 39 11 44 34 25 53 5 19 26 45 13 17 24
23 26 41 12 37 12 8 24 7 39 26 24 33 15 21 20 26 31 18 14
1 9 1 1 7 1 1 4 1 10 1 1 8 1 2 1 5 2 1 1
6 7 6 6 21 6 8 11 7 18 11 1 12 11 7 7 15 3 2 10
9 11 24 12 28 12 15 10 13 29 17 21 10 13 2 10 15 14 6 4
10 20 17 16 21 18 5 5 5 20 4 22 24 5 15 7 15 17 13 10
1 10 8 1 6 3 1 6 1 3 1 4 17 1 7 3 2 8 3 3
1 5 6 9 8 10 9 5 9 11 5 8 9 1 1 1 8 7 4 4
35 23 46 33 57 46 29 29 30 34 29 27 55 25 23 25 47 24 33 22
2 8 7 4 14 3 4 12 3 12 9 1 11 4 5 4 10 1 1 5
9 13 18 1 21 7 3 18 3 15 14 5 15 11 6 9 12 1 5 7
21 20 41 27 34 25 22 33 17 39 30 21 29 19 10 22 39 16 11 23
1 3 9 8 15 6 9 8 10 13 11 2 7 4 5 1 12 4 1 4
1 2 1 2 6 2 4 1 3 3 1 1 1 1 3 1 1 1 1 1
2 4 8 9 23 8 9 9 8 23 13 4 6 9 6 6 15 2 1 7
20 20 23 14 20 19 16 26 9 31 16 20 14 16 8 20 29 8 5 25
1 6 1 2 6 4 3 1 2 4 1 3 6 1 3 1 1 1 1 2
2 2 6 1 5 1 1 11 1 6 4 1 11 1 1 1 8 1 1 2
1 10 4 5 13 5 3 5 2 15 2 9 14 1 4 1 9 8 4 1
21 36 45 30 38 36 27 31 25 52 31 32 46 16 12 19 45 24 15 20
9 19 26 18 20 20 13 17 15 31 19 21 16 11 9 16 23 15 4 14
1 1 2 1 1 1 1 1 1 2 1 5 4 1 1 1 1 5 1 1
10 18 25 22 33 16 11 15 12 31 17 21 31 3 12 7 27 19 12 8
20 30 33 14 31 23 7 26 6 27 16 18 35 7 21 21 26 25 21 15
4 7 7 1 7 3 3 11 1 11 3 1 11 1 1 1 11 1 1 4
4 5 6 1 8 1 1 5 1 8 4 5 5 5 4 6 2 5 2 1
36 33 51 29 55 30 36 36 30 59 45 34 46 21 26 31 48 38 25 26
39 43 43 20 31 35 32 48 5 49 22 26 51 19 18 37 49 18 19 36
45 54 62 25 53 29 31 52 19 60 45 45 57 26 26 43 50 38 32 42
8 24 21 16 21 13 6 21 7 33 15 11 20 1 8 12 28 9 1 18
4 10 13 3 14 4 4 15 3 16 11 2 11 4 9 11 11 9 1 3
13 15 16 16 29 21 18 12 19 23 19 4 23 18 18 16 20 16 15 15
13 22 32 11 28 13 13 24 12 33 24 12 23 15 10 17 23 16 4 12
23 29 41 18 44 20 15 33 13 36 27 24 43 17 13 17 32 21 18 16
20 34 41 16 31 26 5 36 18 25 28 12 39 13 17 25 30 25 19 17
1 10 12 4 8 6 5 6 6 13 10 5 9 4 3 1 5 6 3 1
2 17 7 3 22 6 5 8 4 18 8 3 25 5 10 5 13 10 7 5
1 5 1 3 7 4 3 3 2 10 1 6 10 1 1 1 5 4 2 2
12 30 22 9 20 19 5 23 5 24 12 11 24 8 14 16 20 11 10 17
1 10 9 4 10 3 4 4 6 14 7 5 7 5 6 3 4 10 3 1
25 20 35 28 38 31 25 27 21 43 25 29 27 18 9 22 45 7 7 26
6 12 12 5 9 6 6 11 5 11 8 1 10 5 11 13 8 11 1 7
19 15 20 5 21 11 8 21 1 18 7 15 31 11 6 9 21 10 13 13
7 14 18 7 10 7 8 6 9 20 14 9 13 7 8 8 7 20 7 4
1 12 10 8 13 3 3 10 3 21 13 2 11 3 10 8 13 7 1 9
6 11 19 12 23 10 14 11 15 23 17 10 14 14 14 14 14 18 6 10
34 35 49 5 32 25 15 45 6 32 27 10 43 16 21 31 38 22 26 32
30 21 46 32 53 32 31 27 28 52 36 43 34 29 10 23 40 21 19 12
1 1 4 1 9 1 1 1 2 2 3 4 6 3 3 1 1 5 1 1
3 8 8 3 15 2 5 8 6 16 9 3 8 8 5 3 7 5 1 3
37 31 34 34 60 18 40 39 31 56 46 26 49 41 24 39 54 17 27 41
3 7 8 2 17 1 3 12 2 16 11 1 12 7 7 6 13 3 1 7
15 28 40 21 38 28 12 23 13 30 20 20 39 3 19 16 32 23 19 9
5 5 14 10 12 11 11 5 11 8 6 12 14 4 7 3 9 15 8 5
24 39 36 26 38 21 13 36 13 49 29 22 37 8 21 27 45 24 13 34
5 15 11 4 21 3 6 14 5 24 14 4 22 10 15 14 15 15 4 11
7 15 24 11 18 16 10 17 9 18 13 14 28 4 4 3 16 13 12 7
4 4 5 5 9 6 4 7 3 11 5 6 3 5 4 5 4 1 1 4
1 16 15 1 10 3 1 13 1 11 6 3 20 1 5 6 6 9 4 1
32 40 59 35 50 36 27 41 24 61 45 33 43 25 12 31 51 26 18 29
1 6 1 1 8 2 2 3 1 9 1 1 5 1 1 1 5 1 1 1
4 12 8 1 4 3 2 9 1 10 2 1 13 1 6 6 9 6 1 7
30 7 31 40 51 42 43 13 41 53 39 27 40 35 15 16 45 30 26 21
2 7 4 2 15 2 2 4 1 10 1 7 13 1 1 1 6 5 3 1
34 33 48 26 45 32 9 36 11 38 17 27 62 10 25 20 46 31 34 28
1 4 1 1 1 2 1 2 1 1 1 1 6 1 1 1 3 1 1 2
5 12 15 5 21 8 4 14 2 21 11 10 15 6 1 7 13 3 2 4
22 16 25 27 38 23 19 15 21 41 27 33 25 25 21 16 30 26 21 26
29 45 43 16 44 27 20 40 14 50 28 27 37 15 14 28 46 14 8 26
17 23 21 5 25 19 18 23 5 20 8 9 37 11 7 10 26 5 11 16
19 13 22 29 33 25 16 8 20 39 22 25 30 20 29 17 27 34 23 24
32 27 48 27 36 30 14 22 17 47 30 37 42 19 19 16 35 40 28 21
6 16 11 1 11 9 3 10 1 8 3 1 17 4 4 5 7 3 5 5
5 4 7 2 12 2 1 10 1 12 8 5 3 7 5 7 6 2 1 4
16 29 19 19 34 22 17 21 14 35 12 24 34 7 14 9 34 12 10 20
20 19 39 24 42 25 21 33 18 46 29 25 38 17 7 24 42 9 9 15
3 8 17 9 16 15 12 10 12 14 11 6 13 5 3 1 12 5 4 5
23 28 34 20 42 30 16 31 19 22 26 13 49 17 25 23 36 26 29 26
32 23 35 38 58 35 39 26 33 60 47 27 38 38 23 36 55 20 17 36
2 5 13 12 13 12 13 5 14 19 13 12 6 5 1 1 10 11 5 1
17 24 31 8 24 19 17 28 8 32 15 5 38 6 11 14 36 13 10 17
28 24 37 41 56 46 32 21 33 50 30 35 53 24 23 21 50 22 30 21
19 39 35 4 34 10 2 37 1 36 23 5 37 8 13 26 31 13 11 13
1 11 13 8 13 8 9 7 10 17 9 4 9 5 3 5 8 9 2 1
10 4 17 12 25 15 14 15 10 18 11 13 20 8 10 4 19 10 9 11
1 16 9 2 8 3 3 11 2 16 7 1 16 1 7 7 11 8 1 4
8 1 15 8 12 8 9 3 10 13 13 11 3 12 1 3 2 10 7 1
17 20 17 13 22 22 19 22 8 31 13 8 39 17 13 12 34 12 16 26
33 42 42 37 60 36 35 37 29 65 44 26 48 33 23 38 61 18 20 41
17 19 29 4 21 21 6 27 5 15 13 7 24 7 5 13 23 7 11 14
21 31 35 4 31 8 7 27 1 23 17 18 31 14 9 24 21 13 15 14
6 12 16 2 13 8 3 9 4 7 7 3 12 7 4 5 4 5 5 2
12 27 23 28 36 21 14 15 17 39 18 26 31 8 23 12 32 23 15 19
1 1 1 3 5 4 4 1 3 5 1 1 1 1 1 1 4 1 1 1
17 23 29 30 39 31 24 15 27 47 26 31 21 19 7 8 32 16 12 13
26 27 49 31 46 35 27 35 22 43 34 23 40 24 6 21 44 13 17 21
8 4 8 3 5 9 4 10 1 9 2 5 7 5 1 4 10 1 2 10
2 20 5 7 10 10 3 4 2 16 1 8 12 1 4 3 10 3 1 6
4 13 12 10 10 11 11 9 10 14 8 5 13 1 10 10 13 10 1 7
14 26 33 10 24 18 13 29 7 23 18 5 37 10 10 13 27 12 13 18
1 11 11 11 15 14 12 1 11 11 6 7 7 4 6 3 10 3 1 3
3 3 7 1 9 1 1 4 4 4 5 6 7 5 5 4 1 8 4 3
3 8 15 11 26 11 13 9 12 22 13 9 15 8 8 7 16 8 2 3
1 5 4 1 4 2 1 1 1 1 1 4 10 1 1 1 1 5 3 1
1 10 7 5 13 3 5 10 4 13 10 1 10 4 8 5 10 4 1 5
7 16 23 25 27 22 15 12 18 33 18 26 19 8 7 6 24 17 12 10
5 9 9 6 20 9 9 8 7 13 5 3 18 6 4 3 13 4 1 6
11 32 22 11 28 15 1 18 1 29 8 21 34 1 10 7 25 12 11 6
12 14 23 22 29 23 9 14 7 25 11 18 37 4 17 4 30 17 16 20
27 29 46 40 60 36 41 31 40 60 47 33 53 32 21 31 49 27 24 18
38 44 33 31 52 35 34 34 26 57 29 45 36 25 21 35 49 19 20 32
5 13 20 11 21 13 9 15 7 27 15 14 12 7 6 12 20 7 1 8
1 7 6 1 1 1 1 1 3 5 3 2 2 1 2 2 1 6 1 1
15 28 25 24 29 29 18 18 19 37 15 26 27 10 16 17 30 14 10 20
22 17 31 14 30 4 6 33 6 29 28 17 23 17 7 22 29 12 9 22
49 41 57 22 53 24 39 53 21 62 49 29 52 42 25 44 56 31 31 44
21 20 35 15 32 23 21 28 14 37 23 22 28 18 15 20 36 17 10 26
23 18 24 10 29 18 20 31 10 34 21 4 36 25 19 23 35 15 16 28
6 9 19 1 14 5 4 15 3 14 14 6 9 9 1 7 9 2 1 4
33 39 48 43 59 36 21 28 24 58 38 43 57 24 20 19 49 39 36 26
1 9 13 9 17 8 11 6 10 14 10 2 8 5 12 8 12 8 1 6
8 22 16 6 23 6 4 16 5 29 12 6 17 3 14 14 19 12 1 12
11 4 18 21 32 20 21 12 20 32 23 15 13 19 11 14 25 8 6 13
1 12 8 1 4 6 4 5 1 6 1 4 11 1 7 6 1 7 1 1
8 18 16 7 18 7 9 14 8 19 15 1 18 11 20 17 12 16 7 14
1 5 1 4 11 5 2 4 1 13 3 4 2 2 2 1 6 1 1 4
36 43 56 28 62 35 31 41 30 58 47 25 56 29 20 30 52 35 28 20
31 38 45 24 48 23 1 40 13 27 31 24 51 18 23 29 37 30 31 25
21 22 33 8 21 12 19 29 7 27 19 11 22 17 4 21 28 5 5 21
2 6 9 7 23 6 9 9 8 21 12 3 5 7 5 4 14 1 1 3
3 8 3 3 14 4 1 7 1 16 2 6 9 3 1 3 8 1 1 2
39 44 56 27 59 23 28 46 24 64 53 34 44 20 27 39 48 37 26 28
6 9 15 8 27 7 9 12 10 22 12 13 19 7 5 2 14 12 7 2
24 24 28 26 44 21 23 22 21 50 34 32 31 27 16 21 38 20 17 31
8 13 16 27 32 19 19 14 18 34 25 13 18 12 12 13 30 11 8 18
1 3 2 1 3 1 1 1 1 1 1 1 3 1 1 1 1 1 1 1
1 3 1 1 7 2 2 2 1 1 1 1 3 2 3 2 1 1 1 1
3 14 17 13 15 6 5 15 6 22 15 8 14 1 5 11 16 10 1 7
4 14 10 15 25 12 10 13 9 28 15 9 15 10 8 8 20 6 3 11
27 29 34 15 31 24 18 36 7 32 21 22 28 19 2 18 38 1 12 28
11 13 14 5 23 12 8 15 6 18 12 3 26 13 9 9 17 8 9 13
14 11 22 6 20 16 9 22 5 17 13 10 25 13 7 7 20 7 10 17
39 51 63 42 65 35 35 45 29 76 56 51 59 26 18 37 60 42 27 26
25 29 41 19 33 31 12 33 21 23 29 16 35 17 12 19 28 22 25 17
11 22 24 21 23 29 22 15 19 30 14 19 23 12 9 6 30 9 8 19
1 9 6 6 14 6 4 11 1 20 8 3 15 2 4 1 18 1 1 11
20 28 33 17 32 15 18 35 11 36 24 12 39 16 12 19 38 17 13 24
8 14 11 14 16 12 5 14 7 24 12 16 12 6 6 8 18 6 5 12
40 38 44 15 58 23 31 47 13 50 39 27 59 31 15 34 53 15 25 32
6 7 9 6 14 7 7 9 6 11 6 5 5 8 8 9 7 5 1 5
4 11 15 6 15 5 6 7 8 21 14 9 9 8 1 1 7 9 5 1
4 14 9 6 16 9 8 14 6 18 4 2 16 2 6 6 16 5 1 5
34 37 44 28 47 32 31 38 26 48 34 31 52 7 27 35 49 30 24 26
3 14 17 20 31 18 16 11 16 32 19 16 20 11 10 7 24 11 7 12
17 20 27 18 29 10 13 27 11 29 27 11 30 18 13 19 29 18 13 24
7 2 9 13 24 12 15 6 14 18 14 5 7 14 10 10 15 6 5 10
3 7 7 7 12 6 6 6 5 13 6 6 5 8 10 7 5 6 2 8
1 11 1 1 8 3 3 4 1 10 1 5 11 1 4 3 5 6 3 1
22 22 42 28 31 30 33 36 16 41 24 14 39 26 13 25 42 22 20 29
42 39 40 31 63 25 33 37 23 63 45 32 53 31 40 48 54 40 32 45
15 18 26 11 23 19 18 26 11 27 16 8 24 11 14 14 27 11 8 17
1 11 9 9 18 7 7 9 8 20 13 11 15 6 8 3 13 10 5 9
11 18 21 6 22 14 13 22 7 23 9 4 25 5 3 6 26 3 4 8
14 20 15 1 22 4 7 18 1 22 12 13 20 8 6 16 17 7 1 5
10 16 23 12 23 12 9 9 8 20 12 14 24 1 19 12 19 21 11 7
1 5 11 8 14 9 9 6 10 13 10 5 8 1 1 1 12 3 1 1
3 13 10 11 24 14 13 7 14 21 14 1 22 9 10 4 17 10 8 8
1 5 1 1 3 2 1 1 1 5 1 2 4 1 4 2 1 3 1 1
29 46 54 23 53 25 25 44 22 50 42 26 38 24 16 36 46 17 18 28
12 15 26 9 29 8 9 15 10 27 21 18 19 16 9 10 13 19 12 5
39 41 61 41 57 51 29 34 32 52 40 42 58 19 40 28 53 51 43 37
1 7 5 5 13 1 3 8 2 13 11 1 9 3 6 4 10 2 1 5
21 23 24 21 48 23 25 21 18 40 25 22 44 15 21 19 37 21 18 14
34 31 44 39 66 33 30 28 27 62 44 33 52 32 28 33 53 35 28 33
14 13 30 18 34 17 21 20 19 34 29 19 9 20 7 16 25 10 6 10
39 31 51 34 46 42 25 31 24 53 23 39 49 17 33 25 54 35 31 40
2 1 1 8 14 8 9 2 8 11 5 1 10 7 8 3 9 4 3 10
23 29 30 31 49 31 23 17 22 49 20 36 41 12 22 15 43 21 18 21
2 14 9 3 10 3 3 9 3 19 9 4 13 3 13 8 10 11 1 9
29 28 34 30 51 28 35 25 33 56 44 22 40 37 34 38 44 38 24 34
1 5 2 2 4 3 1 1 1 6 1 3 2 1 1 1 1 1 1 1
14 32 17 21 27 23 16 14 17 36 11 19 20 12 20 18 26 12 9 21
1 15 12 9 18 7 7 12 7 19 11 3 12 3 8 8 14 6 1 4
11 6 26 9 21 10 7 10 9 19 18 18 17 13 2 4 8 17 13 1
1 12 8 12 18 13 11 4 10 20 5 12 12 3 7 4 13 8 3 4
1 6 8 4 9 1 4 7 6 9 8 5 4 6 7 5 5 7 1 4
5 5 10 5 17 6 5 9 4 17 13 5 9 12 8 9 11 4 2 10
13 11 16 1 13 8 5 17 1 13 8 4 17 11 5 9 13 3 4 12
34 47 45 19 55 10 30 48 14 57 39 38 47 25 16 40 48 8 14 27
21 31 23 28 43 38 25 20 26 39 17 23 43 14 20 14 42 20 24 29
17 16 32 11 27 16 23 26 14 30 25 11 21 22 13 19 29 14 7 23
1 8 1 1 12 1 3 4 2 10 4 1 9 4 6 2 6 2 1 4
5 16 11 10 16 10 8 15 7 20 10 6 16 1 8 8 16 6 1 7
25 18 30 19 40 24 13 17 13 27 21 13 44 18 33 24 29 33 27 23
17 29 29 13 30 23 9 24 13 21 18 11 26 14 19 22 23 16 15 19
15 18 23 9 29 13 9 24 1 31 12 19 24 10 11 14 29 12 6 18
31 35 36 23 24 31 23 37 9 45 16 16 39 18 17 29 45 17 21 37
7 17 8 5 17 6 7 9 6 14 6 8 16 4 7 7 12 7 1 4
19 11 34 22 39 18 14 19 15 31 26 25 23 18 17 14 23 25 19 11
1 5 1 1 4 1 1 1 1 4 1 1 5 1 1 1 1 1 1 1
13 22 26 3 30 9 6 20 4 23 15 15 23 13 6 11 16 12 11 6
6 13 15 1 13 6 5 13 3 13 6 6 22 4 3 4 11 10 5 5
1 14 11 6 15 10 8 9 8 12 9 5 12 6 9 4 8 6 5 6
33 41 51 29 48 37 26 42 18 53 31 30 41 21 3 27 57 7 13 30
44 49 60 28 55 44 34 51 25 58 40 29 50 32 23 36 61 27 30 47
8 16 14 20 21 23 18 6 19 22 16 13 22 15 15 9 17 17 14 17
24 30 30 35 55 24 24 29 23 58 39 20 41 27 21 33 48 25 16 29
2 2 3 5 9 6 6 6 5 9 4 2 2 3 1 3 6 1 1 1
1 19 18 2 13 6 3 11 4 17 11 4 15 3 7 4 7 8 3 1
32 37 42 19 44 23 22 34 20 44 40 17 41 25 35 39 36 35 28 34
9 23 24 8 28 6 8 23 5 27 21 5 21 13 11 18 19 7 2 12
31 35 39 38 53 43 31 21 33 52 36 27 48 24 41 33 48 40 34 38
30 32 46 29 46 45 19 33 22 38 23 30 49 15 13 21 48 18 24 19
3 11 9 10 18 10 9 9 10 23 8 10 15 4 2 1 15 7 2 4
35 16 48 32 39 40 37 29 21 40 21 32 40 33 15 23 41 26 30 26
1 9 1 1 5 1 1 1 1 5 1 1 4 1 1 1 2 1 1 1
6 10 9 8 15 8 11 10 11 18 12 8 20 10 11 5 15 12 6 13
1 1 4 4 11 5 5 2 4 6 1 3 5 1 1 1 4 3 1 1
15 15 18 18 34 16 17 19 15 36 27 16 21 22 15 19 28 15 11 22
23 34 30 16 23 25 20 25 13 39 19 30 35 10 9 15 31 17 11 18
17 32 28 12 41 13 12 27 10 41 26 13 43 13 26 24 31 26 16 19
22 42 38 27 51 27 16 31 14 47 24 31 44 6 11 18 45 13 12 19
33 35 55 32 51 33 30 34 29 52 48 32 43 36 20 28 42 34 28 22
9 16 14 10 15 15 15 14 10 17 8 9 27 10 15 9 16 15 10 17
7 6 9 13 29 12 15 7 14 24 15 7 16 14 12 11 18 12 8 10
1 2 1 5 5 6 6 2 5 6 1 1 4 1 1 1 5 1 1 1
17 24 30 12 27 14 16 32 7 31 20 10 43 15 19 19 34 20 17 26
10 11 18 10 24 12 13 15 8 27 16 14 6 11 1 11 19 1 1 9
1 4 2 3 10 3 5 4 4 8 5 1 4 3 5 1 5 1 1 3
38 22 40 26 46 19 38 38 27 47 45 24 39 44 19 32 45 17 28 41
36 34 33 19 48 25 29 31 20 52 40 18 50 28 32 41 47 26 18 33
37 32 38 29 61 26 31 34 22 60 40 31 47 30 36 40 52 36 25 34
39 32 50 29 56 24 36 47 19 53 37 26 54 36 18 36 57 22 27 39
1 1 1 1 7 1 1 1 1 1 1 1 5 3 3 1 1 3 1 1
17 26 26 23 34 27 16 17 13 34 11 29 35 6 12 10 33 15 12 13
38 33 40 44 66 42 33 25 35 65 33 48 43 28 36 28 59 34 31 40
8 10 17 4 22 3 7 17 6 19 18 6 8 12 7 12 15 5 1 9
47 25 62 39 56 46 51 37 39 62 51 37 49 48 23 36 57 38 33 37
7 16 23 17 25 18 14 14 12 24 15 16 27 4 7 8 23 10 6 7
15 30 26 3 29 6 9 28 1 33 18 12 26 11 5 21 25 8 1 11
2 9 6 4 8 6 1 3 1 10 3 6 6 5 4 3 3 1 1 6
11 18 26 9 26 16 10 14 12 21 18 12 22 13 4 4 12 13 14 2
8 15 17 14 19 13 9 13 11 30 17 17 11 12 1 6 15 11 8 8
31 37 26 45 52 44 40 15 41 62 35 28 41 28 43 36 54 35 29 44
1 8 10 4 19 6 2 5 1 14 4 8 16 2 5 1 7 5 3 1
12 21 25 10 30 17 14 16 11 27 15 16 25 6 1 11 23 2 1 1
20 36 38 24 47 22 22 35 21 54 37 19 40 22 22 30 44 22 11 26
30 43 40 25 51 28 12 32 13 53 22 36 49 14 30 24 46 26 21 30
38 44 51 40 58 23 30 39 26 66 47 47 42 36 5 30 51 20 22 32
22 29 38 12 34 22 17 34 9 39 25 13 34 9 18 22 37 16 13 23
9 21 18 15 17 14 8 9 12 32 13 20 13 9 8 7 16 16 7 9
8 20 20 8 18 14 7 8 8 8 6 13 24 4 9 6 9 16 14 1
10 3 18 4 9 12 12 16 6 12 10 5 13 10 1 2 13 5 8 9
12 16 28 18 21 19 14 19 12 31 21 16 19 13 6 8 22 14 9 15
16 28 41 25 36 17 15 26 17 36 30 22 33 17 9 20 23 29 19 11
16 17 33 14 32 19 5 18 7 21 14 20 30 7 15 10 20 20 18 6
1 7 1 1 2 1 1 1 1 4 1 1 2 1 2 1 1 1 1 1
44 51 57 25 70 23 21 50 6 56 41 42 61 22 20 38 55 23 23 28
10 13 19 13 18 19 20 14 14 19 10 7 19 10 12 8 21 8 6 14
6 4 12 4 15 4 5 6 6 14 10 6 6 10 1 3 5 6 3 2
32 24 46 25 48 32 15 30 20 45 22 34 59 16 32 22 42 36 31 27
3 23 14 8 19 10 2 15 1 20 9 5 23 1 1 5 16 3 3 4
27 15 29 36 43 38 35 22 32 47 33 24 32 31 23 31 43 19 17 29
16 15 28 24 27 29 20 13 21 35 20 27 17 16 4 9 26 11 6 16
17 33 21 13 27 23 6 21 9 30 13 18 27 7 8 14 27 8 14 16
6 12 13 2 12 9 4 13 2 10 4 1 12 4 4 7 8 2 1 4
45 25 49 50 67 41 57 24 51 66 59 42 37 56 27 44 52 34 34 38
5 13 14 6 22 7 8 14 7 20 11 7 15 8 12 11 12 12 5 5
1 4 2 6 10 7 7 5 6 12 3 1 5 1 1 1 10 1 1 2
23 42 39 17 37 21 6 37 5 37 24 21 45 4 22 25 38 23 18 30
1 13 5 1 8 4 4 5 1 11 1 1 9 1 6 6 6 6 1 1
3 12 11 2 7 6 1 6 2 8 4 4 8 4 2 5 1 3 3 2
3 5 5 1 9 3 3 8 1 9 6 4 6 4 5 5 5 5 1 1
7 9 14 1 13 1 1 14 1 16 10 11 9 8 2 12 8 6 1 5
10 11 20 8 22 16 12 14 9 14 10 8 13 9 6 9 16 2 3 10
11 11 19 11 18 16 11 19 7 24 12 10 14 8 11 13 23 8 1 18
16 21 34 13 28 5 9 28 7 35 31 13 15 14 6 24 24 17 4 14
1 10 9 8 12 5 4 11 3 16 8 2 10 1 3 7 11 3 1 2
17 26 16 16 31 16 19 22 14 38 22 16 36 15 23 24 31 22 12 22
40 40 47 32 60 27 34 48 26 62 54 22 48 26 39 50 58 36 26 47
14 19 23 16 21 22 17 20 13 29 19 10 30 18 15 13 29 14 13 26
8 16 24 17 33 18 15 19 14 27 21 6 26 11 6 10 26 4 4 9
15 10 20 26 27 29 28 13 24 28 19 17 26 18 16 16 30 12 10 19
2 9 13 10 10 8 7 7 9 17 11 12 5 9 11 7 7 13 4 9
28 41 48 28 55 36 24 39 27 46 42 18 52 16 28 36 50 25 26 24
23 21 30 23 40 21 29 26 21 43 30 26 26 29 13 22 35 19 14 28
1 10 10 7 11 6 7 3 8 14 7 5 11 7 9 5 3 10 1 5
3 12 8 6 11 6 3 7 2 16 6 7 7 7 10 9 7 7 1 9
6 20 14 3 16 5 9 13 5 22 9 7 15 1 4 11 15 7 1 1
18 32 26 28 39 30 23 19 22 48 19 28 30 10 7 19 40 2 5 10
1 8 5 1 5 1 2 4 2 6 4 1 6 3 11 6 3 7 1 5
7 13 5 13 24 12 14 7 14 26 12 5 23 11 17 12 18 17 9 12
14 13 30 24 35 22 26 8 27 35 30 19 24 19 18 14 24 32 18 12
9 8 22 8 16 10 10 21 6 21 16 6 18 13 9 9 20 9 6 15
15 22 28 17 32 23 5 19 4 25 11 20 33 5 12 9 23 15 19 8
1 6 1 2 9 2 4 1 3 7 1 1 7 1 3 1 4 1 1 2
1 25 23 3 19 6 2 17 3 21 12 7 28 1 8 9 14 15 5 2
1 8 7 2 8 2 4 7 4 9 7 1 7 4 10 5 5 7 1 4
1 6 5 1 5 1 3 1 4 6 4 1 5 1 9 3 2 8 1 3
32 50 44 27 58 22 28 40 19 59 37 40 49 26 21 35 50 19 20 33
35 34 42 22 55 24 19 32 14 41 25 33 47 25 22 24 40 23 30 27
23 28 36 40 51 45 29 13 32 49 31 28 45 20 29 19 43 36 32 24
20 29 31 18 37 7 18 31 10 37 29 27 26 23 10 27 30 8 11 24
27 24 38 21 45 26 24 35 12 41 23 21 52 19 17 19 45 18 22 23
7 6 11 13 19 13 7 8 6 14 5 16 15 4 12 6 13 14 10 6
16 13 23 28 34 29 25 13 26 41 23 21 20 20 12 16 35 11 5 21
27 29 38 32 42 33 25 26 25 47 31 31 31 23 12 18 38 17 17 29
35 42 47 14 35 26 27 45 10 44 33 28 46 12 20 34 41 16 15 26
2 12 8 1 4 1 1 7 1 10 4 1 10 1 7 9 3 9 1 3
24 31 42 28 40 16 30 31 24 49 38 34 29 29 16 29 39 17 13 32
10 25 18 5 15 7 4 17 1 25 13 7 21 5 16 17 15 15 7 13
8 11 13 4 17 5 6 13 6 19 12 6 14 11 10 10 13 8 2 12
1 20 12 14 19 11 6 12 7 25 14 10 20 8 9 7 18 6 4 14
4 8 7 6 12 8 9 6 7 5 4 1 12 6 9 4 9 5 2 9
36 48 42 31 42 34 30 49 14 61 31 21 62 22 26 37 63 30 28 48
14 6 21 13 35 11 19 17 14 26 23 16 16 20 13 16 23 14 10 16
42 35 52 34 47 29 40 49 25 60 50 29 54 46 26 46 59 28 30 54
24 44 25 32 42 21 16 30 18 53 27 28 49 17 25 28 48 27 19 38
3 1 6 1 10 2 2 9 1 9 7 1 5 4 1 4 5 2 1 1
21 35 36 13 41 14 19 29 15 43 30 17 31 19 21 29 33 21 10 22
32 23 44 22 43 17 9 30 12 44 25 36 40 19 24 29 36 28 24 25
1 10 12 9 12 10 10 8 10 18 9 5 7 1 7 6 13 7 1 3
22 35 41 15 38 21 23 34 12 45 32 25 49 14 15 20 37 22 14 20
10 5 20 15 31 16 13 15 10 26 15 16 22 9 10 5 25 10 8 13
1 14 11 2 13 4 3 7 4 13 8 8 19 1 5 2 8 10 5 1
2 9 2 15 23 14 15 1 14 24 10 3 13 8 12 6 18 8 5 10
1 6 1 1 9 1 2 1 1 8 1 1 4 1 2 1 4 1 1 1
5 9 10 6 8 8 1 6 1 10 5 8 9 6 4 6 5 1 1 6
1 4 1 4 5 5 5 1 4 3 1 1 4 1 1 1 4 1 1 1
1 9 1 4 1 4 1 1 1 14 1 6 1 1 1 1 7 1 1 4
1 6 1 2 6 3 3 1 2 9 1 1 1 1 3 1 3 1 1 1
6 10 10 1 13 5 4 11 1 12 9 1 10 8 7 8 7 4 1 4
28 26 37 19 38 37 14 25 14 19 9 18 49 7 17 9 38 21 30 19
23 31 25 14 38 15 18 25 11 45 29 25 27 21 10 24 36 8 5 24
19 34 27 22 35 28 11 29 13 32 19 16 31 8 10 16 34 8 12 23
14 20 18 5 34 3 11 22 5 34 23 10 21 15 10 19 26 6 3 11
11 17 24 10 12 14 8 16 8 21 14 15 16 12 9 14 14 13 5 14
23 26 37 23 43 16 17 28 18 44 39 18 43 22 33 32 34 37 23 27
5 12 8 6 11 7 4 10 1 18 8 8 7 6 5 8 9 5 1 6
30 54 51 23 57 26 17 45 13 62 39 29 45 10 15 34 55 16 9 26
40 42 44 29 39 37 32 43 19 50 30 33 40 31 19 35 52 14 23 45
1 1 1 7 9 7 5 1 4 8 1 4 1 2 3 1 5 1 1 5
40 58 52 27 61 22 20 54 15 53 42 38 54 25 11 42 55 15 25 34
37 53 47 20 58 26 24 48 14 62 44 29 54 24 32 43 54 31 25 39
34 37 58 35 60 31 27 32 25 62 42 40 55 13 28 28 51 40 27 16
24 45 42 24 51 28 19 35 19 50 33 29 44 19 20 30 46 23 19 33
13 18 22 19 30 20 17 22 15 36 24 10 24 11 22 19 33 18 9 25
32 30 42 46 58 45 33 28 33 54 36 36 54 24 22 26 55 24 26 34
20 26 37 21 37 11 8 27 8 38 31 24 40 7 32 24 33 37 21 25
28 16 39 13 26 17 28 36 8 33 26 15 29 33 7 24 34 14 17 30
6 15 9 4 14 4 1 4 1 12 1 12 22 1 7 2 9 11 8 1
14 20 34 12 29 3 2 26 4 33 27 19 25 11 15 22 21 24 9 14
36 53 46 21 46 32 15 39 20 48 33 30 40 20 27 38 46 26 23 37
8 9 13 12 19 13 11 10 8 21 11 14 4 9 1 9 17 1 1 10
12 8 12 1 14 4 4 15 1 14 10 7 9 11 5 11 11 1 1 10
8 5 10 7 16 8 7 9 6 12 8 8 1 10 7 10 8 4 1 7
3 9 7 3 7 4 4 6 3 8 3 1 6 4 4 7 2 5 1 1
16 13 30 12 22 22 21 27 10 27 14 10 28 14 7 14 29 11 13 15
31 23 40 29 56 32 40 28 28 54 43 34 33 27 16 35 45 11 11 17
1 6 1 1 1 1 1 1 1 3 1 1 2 1 3 2 1 2 1 1
16 20 28 10 24 22 21 20 10 27 9 13 33 8 3 12 29 4 4 9
19 34 39 16 34 17 16 29 16 40 34 20 35 11 27 23 24 33 21 22
25 33 43 22 41 31 23 27 27 33 32 15 36 19 25 24 31 33 27 22
21 32 36 26 33 28 21 30 20 42 31 21 48 20 28 24 41 31 22 37
1 3 6 6 6 5 3 1 5 9 5 10 3 5 4 1 3 6 1 6
2 4 13 4 13 4 5 7 6 13 7 4 3 5 5 8 6 7 1 1
9 4 18 15 19 14 12 4 13 14 10 18 13 9 9 3 7 20 15 1
11 13 23 10 21 9 12 13 13 21 20 8 11 14 15 15 11 19 7 10
37 46 47 35 42 52 22 43 31 41 30 32 52 23 23 27 53 25 36 41
13 15 27 17 24 9 1 14 3 25 12 18 29 1 15 11 21 24 14 10
21 9 23 4 18 14 16 28 1 25 13 12 21 18 1 14 27 1 8 21
15 33 20 22 40 17 13 20 12 42 23 21 41 11 17 18 35 17 13 21
23 33 38 23 47 33 25 30 17 51 31 32 33 11 6 22 43 1 2 12
9 20 14 7 26 11 9 16 8 22 11 5 17 11 9 11 16 6 4 7
16 23 24 16 20 11 5 27 1 27 18 14 25 10 4 16 27 9 8 21
8 20 16 12 28 11 14 15 11 29 12 11 21 8 12 13 21 9 2 9
8 9 13 7 18 8 3 6 2 10 3 11 20 5 11 4 6 12 10 3
24 28 41 36 49 24 14 26 17 48 32 37 35 18 18 21 43 26 18 27
5 9 6 1 10 1 1 9 1 12 7 1 9 6 4 6 5 4 1 1
30 36 53 15 44 24 9 40 10 36 32 20 54 11 31 26 39 37 31 26
46 54 56 24 59 12 23 63 11 64 48 32 54 26 27 49 61 30 23 44
23 25 32 20 37 21 21 28 16 46 26 26 28 16 8 28 39 8 2 14
1 3 6 4 21 3 6 7 5 15 11 2 13 8 8 4 9 8 5 4
19 24 32 21 40 19 22 16 23 44 33 23 35 21 20 15 28 38 24 14
46 37 61 25 56 37 43 51 14 57 38 42 53 27 21 39 59 19 22 32
31 49 44 20 46 14 12 45 6 57 35 30 46 14 16 34 51 23 12 37
38 28 50 45 56 43 43 14 40 58 41 56 31 38 19 25 44 33 27 20
28 40 32 27 45 28 22 30 22 56 26 30 28 16 26 31 46 19 14 30
1 1 4 1 3 1 1 3 1 5 4 1 1 1 1 1 1 1 1 1
28 29 38 11 42 26 22 34 10 31 19 20 38 18 3 19 39 7 15 19
5 11 14 1 17 6 1 12 2 12 6 5 19 4 1 4 9 5 3 3
32 32 51 20 51 19 24 40 17 53 42 28 45 26 20 27 43 33 22 28
37 38 53 26 50 31 28 43 29 37 38 26 40 34 19 35 43 21 28 35
32 41 43 37 55 41 32 34 31 62 41 32 42 24 33 37 53 25 23 36
14 17 20 12 13 25 16 19 8 20 8 10 28 14 9 6 24 6 15 25
31 24 42 33 48 43 44 28 34 53 37 20 56 33 22 27 51 30 28 29
23 17 27 29 32 26 23 11 27 41 26 32 16 26 17 15 26 24 19 20
10 15 22 16 29 23 16 13 13 23 9 18 31 6 7 5 23 9 10 7
6 4 10 5 14 6 6 10 7 14 10 4 1 7 2 7 9 3 1 3
17 32 25 18 33 15 10 23 9 43 19 27 27 12 17 23 32 16 11 22
6 12 15 8 14 12 6 13 4 22 8 9 8 5 1 9 16 1 1 8
34 44 53 31 63 25 36 47 26 67 50 36 52 33 19 44 57 18 13 27
22 22 39 12 27 17 18 37 4 37 23 18 32 18 8 24 37 13 10 27
13 10 18 9 24 15 12 15 9 18 15 8 19 16 9 12 18 6 7 18
13 25 23 7 26 5 10 20 10 32 22 14 28 9 16 15 20 24 10 11
6 17 14 7 18 6 6 11 6 23 9 17 18 6 6 8 12 13 5 5
47 29 40 45 58 52 53 36 38 66 38 38 46 46 24 39 68 16 28 51
1 11 7 5 11 5 5 10 4 14 9 1 10 1 1 4 9 1 1 1
15 24 16 25 27 26 19 13 20 34 12 22 13 12 18 16 26 11 11 20
22 20 33 23 33 30 24 34 13 44 22 19 29 20 1 18 46 1 11 26
1 15 9 4 11 4 5 7 6 13 8 1 12 6 11 6 7 8 1 6
6 5 7 4 17 2 5 7 5 13 10 6 10 12 8 8 7 8 5 8
5 16 14 9 20 10 5 15 5 28 11 9 9 6 7 11 18 6 1 8
25 31 30 29 49 31 31 21 28 52 38 12 45 20 35 32 46 31 23 29
7 13 6 6 19 7 3 13 2 23 5 8 11 4 1 6 17 1 1 6
32 42 36 22 34 27 20 35 17 48 26 27 39 9 29 30 43 26 21 38
12 13 24 12 29 18 16 18 14 29 17 16 22 13 3 6 23 9 6 11
26 24 41 30 39 46 33 30 24 38 23 25 50 23 19 22 47 20 27 29
3 11 9 1 9 4 1 7 1 11 4 1 12 4 1 4 4 2 1 1
1 13 15 7 18 4 1 13 2 17 13 4 19 4 4 5 11 4 1 7
24 27 43 20 47 25 7 29 10 33 20 21 41 9 22 21 34 24 22 16
1 1 4 7 10 8 8 1 7 7 2 3 1 1 1 1 6 1 1 1
17 20 27 11 25 19 16 28 10 31 16 11 30 13 14 16 30 15 9 20
7 5 13 7 16 6 1 4 1 15 1 14 15 1 14 4 6 15 9 3
2 2 4 5 13 3 6 7 7 13 12 1 11 7 9 3 12 6 4 9
11 6 12 1 16 7 6 18 1 15 6 1 12 8 1 5 17 1 2 9
36 39 41 23 45 37 19 39 21 40 32 21 50 21 33 36 48 33 30 44
28 37 37 4 32 22 9 41 4 31 19 9 41 8 12 25 37 13 15 21
9 6 11 6 18 8 8 11 5 17 10 7 10 11 5 7 15 2 1 15
33 31 38 47 60 53 43 12 45 58 38 38 47 33 19 21 50 33 32 22
37 28 44 29 55 34 40 33 32 56 44 23 51 37 34 37 54 39 30 42
45 35 55 27 48 41 44 52 20 59 35 35 54 33 7 40 60 12 20 27
3 7 7 8 18 11 10 7 8 17 4 5 15 1 1 1 17 1 1 1
15 28 28 15 32 8 8 27 3 35 26 17 22 17 8 22 26 10 4 21
9 15 23 10 19 13 7 13 8 17 13 16 28 6 10 1 14 18 14 6
31 37 35 48 48 37 34 20 37 62 47 31 41 32 36 37 49 41 30 44
25 39 36 29 45 24 15 37 20 33 33 20 49 19 23 30 41 29 27 31
23 24 28 19 43 29 25 31 16 42 25 15 38 24 13 17 43 11 15 29
11 29 15 15 26 15 10 15 11 36 16 12 22 5 23 17 27 15 9 24
5 9 6 5 17 3 6 7 6 13 9 2 17 11 9 7 10 7 4 9
11 12 22 26 32 20 19 19 20 35 27 15 23 17 12 14 28 17 10 20
10 24 21 6 27 5 6 23 4 26 17 6 28 3 2 12 22 3 1 4
13 22 20 13 28 18 22 20 14 27 14 8 30 10 15 13 31 11 8 17
33 37 58 33 56 39 35 43 26 59 46 30 49 32 16 34 56 23 18 34
18 29 25 14 35 14 15 28 12 43 25 23 25 16 14 23 34 13 4 21
23 28 36 17 46 20 17 26 11 40 21 29 33 14 16 20 34 18 14 11
24 28 26 29 38 37 23 13 29 34 24 26 34 22 25 21 30 30 31 28
31 24 34 43 59 41 35 24 37 58 36 39 43 31 25 28 52 23 24 27
11 6 15 3 14 11 8 19 1 17 8 8 21 8 1 4 17 5 8 11
1 9 1 5 3 5 1 3 1 12 2 7 4 1 1 1 5 1 1 5
1 1 6 7 13 9 11 3 9 10 4 1 10 1 3 1 11 2 1 6
29 15 42 41 54 42 40 12 41 49 43 35 41 38 22 20 38 40 33 17
5 7 4 5 6 7 6 6 5 7 1 1 10 1 1 1 7 1 1 6
12 26 33 11 30 19 12 21 13 32 21 9 27 7 9 17 26 11 6 5
1 6 1 1 6 2 2 3 1 7 1 1 1 1 1 2 3 1 1 1
5 1 6 6 16 4 5 8 5 16 12 5 4 12 9 9 10 5 3 10
3 6 9 2 13 1 1 11 1 12 9 2 5 5 4 5 7 1 1 2
40 47 55 25 57 28 32 44 21 64 48 38 48 27 24 37 50 33 23 34
30 47 39 23 50 33 27 40 13 53 34 31 45 15 26 34 44 14 17 28
1 16 9 1 12 2 2 9 1 15 4 4 18 1 9 8 9 13 3 3
31 34 35 31 46 30 31 21 28 57 39 29 32 33 26 31 40 30 20 36
8 4 14 15 16 20 15 10 11 20 8 13 12 6 2 4 20 2 2 10
1 12 5 1 5 1 1 5 1 11 2 1 8 1 7 6 4 6 1 2
1 8 6 11 16 12 13 5 12 12 8 1 14 8 10 4 12 6 5 9
30 37 39 35 47 22 14 32 16 48 26 37 49 16 24 19 47 31 24 34
27 23 28 23 44 20 25 27 18 46 35 22 35 28 31 35 39 31 20 36
20 22 22 30 33 28 25 11 28 38 20 28 15 22 17 15 26 18 15 24
11 17 22 6 20 10 11 14 8 17 14 12 11 13 4 14 12 8 3 8
1 3 1 1 6 1 1 1 1 5 1 1 1 1 4 1 1 1 1 1
1 2 7 6 6 8 6 1 7 7 2 4 3 1 1 1 2 1 1 1
22 24 37 22 37 20 7 20 15 43 19 32 42 8 28 15 32 36 23 18
2 13 9 1 7 2 1 7 1 9 1 5 20 1 9 5 5 12 4 4
3 11 10 7 12 7 5 9 6 18 9 11 15 6 7 3 13 10 2 11
26 14 45 36 45 31 19 23 21 39 25 35 43 13 17 14 42 28 24 23
36 44 53 31 50 25 23 49 25 41 41 28 53 27 21 33 44 31 32 35
46 30 53 18 49 26 12 45 10 52 26 35 60 15 33 34 53 36 32 35
31 31 35 37 45 35 32 20 35 57 38 36 34 32 30 28 40 39 28 33
31 26 35 22 48 26 27 28 17 36 27 25 45 29 19 24 39 20 25 32
8 13 17 7 17 12 12 18 8 20 12 3 19 3 13 9 21 11 3 13
3 11 1 3 12 4 4 6 3 12 1 1 9 3 5 1 7 1 1 3
1 4 1 1 3 2 2 2 1 5 1 1 2 1 1 1 3 1 1 1
36 46 40 37 55 16 25 42 22 63 47 34 49 38 26 43 55 30 22 47
29 28 28 34 51 34 32 23 30 57 33 30 40 27 24 32 51 22 14 32
8 25 24 19 16 15 9 18 10 29 20 19 25 7 6 12 20 17 7 14
2 11 6 8 21 5 8 9 7 20 14 1 16 9 12 9 16 8 5 9
7 18 27 14 24 11 10 19 11 26 21 11 22 10 8 14 16 16 5 6
3 10 20 10 20 10 10 12 11 28 16 10 7 7 3 9 15 8 1 2
26 31 31 22 44 21 25 32 21 51 38 17 52 18 31 31 46 35 22 31
37 44 49 40 61 46 33 40 29 57 37 35 56 26 32 37 61 30 31 44
16 18 17 1 20 3 7 22 1 23 11 9 14 12 3 16 19 3 1 12
12 18 31 27 31 33 22 11 25 34 21 26 20 15 7 5 24 17 12 9
25 31 32 38 41 38 32 16 35 50 27 40 35 23 18 15 38 32 27 22
3 4 4 6 14 4 5 5 5 16 9 4 8 10 9 7 7 7 3 8
11 23 22 6 25 9 8 22 7 28 17 4 28 7 17 16 22 16 5 14
9 14 14 14 17 13 9 12 12 23 15 11 17 14 17 15 18 16 7 20
15 2 24 31 35 29 29 10 30 36 29 24 18 26 10 18 28 13 11 14
31 44 55 39 53 42 33 42 31 61 46 33 49 18 31 31 54 36 28 40
19 26 26 5 33 17 17 28 7 27 17 8 32 11 8 15 29 5 7 12
17 25 25 5 30 15 14 27 7 28 16 11 31 7 5 13 27 5 4 8
8 14 24 16 22 16 16 14 17 29 19 15 13 12 7 13 17 11 4 5
26 23 50 35 55 27 31 31 27 54 44 39 35 30 20 31 43 27 16 21
5 1 5 1 1 4 3 7 1 1 1 1 6 2 1 1 5 1 1 5
33 41 57 33 55 24 28 44 25 55 44 34 45 29 9 30 48 27 22 25
31 46 42 22 50 19 14 36 9 55 30 35 45 19 28 29 46 25 19 33
12 14 28 18 25 23 22 14 18 27 15 21 26 12 14 7 22 22 15 15
32 23 38 39 50 18 30 33 32 48 49 25 37 38 25 33 39 36 30 33
1 8 5 7 11 8 8 5 8 13 5 5 10 1 4 1 9 7 4 1
29 26 31 31 56 30 37 23 32 56 42 21 34 36 31 36 47 27 22 32
4 11 13 5 21 8 7 13 6 17 14 2 15 11 8 7 11 4 5 7
31 18 42 29 41 47 27 23 20 29 15 30 49 17 16 13 43 17 29 23
21 28 28 29 39 20 18 27 18 44 36 19 46 22 30 32 39 35 21 35
20 27 35 10 40 15 15 30 8 42 25 23 36 3 17 22 35 19 6 12
11 23 29 29 37 30 25 10 27 43 24 30 28 17 10 4 29 24 16 10
21 30 36 11 25 22 14 30 3 34 13 24 46 8 13 15 36 18 15 19
24 28 35 6 29 10 15 30 6 29 20 20 31 20 1 18 26 8 11 17
6 19 6 14 16 15 9 10 10 24 5 15 15 3 13 8 18 8 4 16
16 26 22 7 33 7 10 28 7 37 23 8 34 9 21 22 30 19 8 19
1 11 3 1 7 1 1 1 1 7 1 1 7 1 4 1 2 1 1 1
5 13 19 15 21 8 7 15 8 24 20 12 14 9 5 9 15 8 2 11
4 1 9 9 14 10 8 5 7 14 7 8 1 5 1 5 10 1 1 3
16 24 31 10 25 11 9 18 10 27 19 15 32 10 16 15 16 29 16 11
29 20 43 29 46 37 13 25 24 38 15 32 50 10 24 13 41 30 30 21
21 32 33 18 35 15 11 22 11 39 24 29 37 8 30 21 29 36 22 22
4 16 13 2 13 12 3 10 3 6 3 4 19 1 3 4 9 8 9 1
25 24 32 21 50 20 25 23 15 45 27 35 31 20 13 22 39 13 9 15
22 24 26 19 46 21 28 24 20 44 29 18 26 21 18 28 36 14 9 16
1 5 4 6 10 7 6 7 5 11 5 4 5 1 5 3 9 3 1 3
5 12 13 11 25 9 9 8 10 22 8 13 15 8 10 6 13 13 5 6
10 20 22 9 29 10 12 25 11 30 21 4 26 13 15 16 27 13 5 16
21 37 28 21 37 25 18 24 18 45 19 28 29 12 10 20 36 11 9 18
26 44 41 37 50 36 27 32 28 59 35 32 52 15 27 31 54 24 19 34
22 19 35 9 32 10 5 29 3 28 22 15 34 8 22 21 29 25 14 17
9 22 18 3 22 3 1 18 1 30 14 15 20 8 11 15 19 13 1 13
39 48 59 25 66 26 25 46 10 64 41 41 56 14 27 39 57 25 14 26
15 31 27 1 23 8 1 24 1 28 14 13 27 8 8 20 22 12 7 16
29 32 47 12 30 23 10 43 1 34 20 19 46 15 10 26 41 15 19 28
11 30 18 12 21 14 7 16 10 31 10 16 30 6 16 11 23 15 5 21
6 17 19 1 9 5 1 12 4 10 10 3 15 5 11 13 6 12 3 6
14 27 29 20 36 22 11 25 10 30 20 13 31 6 3 13 32 6 10 13
2 15 6 1 14 1 1 8 1 13 2 5 16 1 5 4 8 7 3 1
14 35 29 21 36 28 16 20 19 42 17 19 27 9 13 12 30 14 11 14
42 30 62 34 64 44 36 33 30 54 38 43 55 30 18 18 51 35 34 16
1 13 9 6 18 3 3 11 2 18 8 1 9 1 3 7 12 1 1 1
2 17 6 2 13 1 3 8 3 15 5 1 13 4 12 7 9 8 1 6
14 21 25 6 27 13 8 21 6 27 15 17 22 12 1 11 19 7 7 7
21 34 36 21 43 28 27 28 22 40 25 22 41 16 15 25 36 12 10 9
6 24 24 18 31 18 13 19 12 34 19 12 19 10 11 14 24 7 3 11
28 36 41 14 42 23 23 35 13 42 27 16 42 12 20 28 41 16 12 21
5 9 9 1 13 1 1 7 3 12 6 7 12 6 5 7 5 9 5 1
31 45 44 47 58 42 25 26 31 56 27 45 53 18 34 23 51 36 32 36
3 13 10 8 13 7 10 6 11 14 11 6 18 9 16 10 8 18 8 10
10 14 24 20 18 24 17 9 17 26 14 23 22 10 7 4 17 22 13 9
21 13 29 34 47 20 25 22 26 42 39 16 31 26 15 27 39 19 14 21
28 47 42 39 55 35 28 35 29 65 46 25 51 19 33 34 51 40 28 39
6 23 17 9 24 8 5 17 4 21 15 8 28 5 7 8 17 9 7 9
22 33 42 24 49 26 26 34 18 46 36 23 35 25 14 31 43 13 13 24
15 21 32 10 30 10 4 24 1 26 19 19 30 12 19 19 21 20 13 10
24 52 36 24 45 22 12 36 11 50 27 28 53 4 31 28 44 29 22 35
1 14 7 1 10 3 1 6 1 11 1 1 10 1 1 2 4 1 1 1
3 15 11 10 20 11 11 12 10 24 8 8 17 2 6 6 19 8 2 2
30 21 45 14 36 30 5 32 7 23 17 22 45 12 16 13 36 21 28 23
32 32 34 29 52 19 23 34 22 55 44 21 47 29 24 37 48 27 19 33
31 38 42 36 63 36 37 38 27 69 48 33 55 23 27 42 59 24 15 27
27 34 40 30 42 15 26 36 21 52 40 36 28 30 7 30 40 11 16 30
15 8 25 10 19 18 17 22 9 24 16 11 22 17 4 7 20 9 12 16
1 12 7 3 7 4 3 9 1 15 6 5 9 1 8 7 6 7 1 4
8 24 23 13 30 10 14 19 10 33 21 14 26 1 1 10 28 5 1 1
1 7 1 1 7 1 1 3 1 8 1 1 8 1 1 1 2 1 1 1
10 11 11 10 17 10 7 12 6 20 11 12 10 13 10 10 15 6 4 17
11 13 8 8 18 13 5 16 3 25 4 13 17 3 1 4 23 1 1 12
8 8 16 9 21 7 12 13 12 22 19 7 10 17 13 15 13 14 5 11
25 48 41 26 49 12 15 41 13 52 35 25 50 12 27 34 44 34 22 29
40 18 47 38 61 35 39 29 32 53 40 39 46 36 26 30 54 29 27 34
22 39 42 25 45 33 19 35 20 44 31 23 29 16 19 27 44 14 13 27
39 31 62 38 58 40 44 38 33 63 52 44 50 41 23 30 56 38 30 38
10 29 31 17 28 10 8 20 9 35 25 17 31 8 11 16 21 25 10 12
1 16 7 1 14 7 1 8 1 13 1 6 19 1 1 1 9 2 5 1
24 34 35 10 43 10 16 37 8 47 31 18 30 14 18 30 39 19 9 21
21 16 27 17 36 23 25 28 18 37 27 9 36 22 22 22 38 22 16 27
14 21 22 14 35 12 12 22 10 32 27 7 29 19 13 20 25 12 10 18
14 36 23 16 30 12 5 28 6 42 20 14 28 5 17 21 32 14 5 21
5 10 16 2 18 1 2 17 1 19 13 8 12 6 1 12 13 5 1 4
16 19 24 16 27 14 16 20 15 36 30 13 26 15 27 22 25 30 18 25
1 1 4 1 6 1 1 5 1 7 4 1 1 2 1 2 1 1 1 1
24 29 30 18 40 10 24 30 17 39 26 22 24 22 6 24 35 3 9 20
26 25 35 13 34 16 21 26 13 40 26 27 24 20 4 20 27 15 8 12
25 40 43 47 46 27 31 32 35 59 42 40 34 25 25 29 48 31 21 35
1 17 5 1 9 3 1 6 1 10 1 1 12 1 3 1 5 1 1 1
14 39 31 22 31 10 5 28 5 39 22 24 41 9 15 22 31 25 14 20
6 13 15 5 11 11 1 14 2 17 8 9 12 3 1 3 14 1 1 9
1 16 10 4 11 6 1 9 1 21 6 6 8 2 1 5 11 1 1 4
11 14 14 11 23 11 7 17 6 28 16 19 10 12 6 11 20 5 3 16
22 31 31 15 25 23 20 29 12 39 21 23 33 11 14 18 34 19 11 22
36 41 61 28 63 39 30 45 25 54 42 26 63 24 32 30 56 40 36 30
39 35 52 21 40 27 29 43 12 50 33 26 55 33 30 38 47 38 34 45
6 8 8 5 16 6 6 12 5 14 8 5 12 7 5 7 11 5 2 5
7 21 26 4 25 6 7 20 7 28 19 9 31 9 14 10 18 20 6 10
10 2 18 16 18 16 14 8 15 25 16 17 6 14 1 5 12 12 7 5
3 17 16 8 19 9 4 16 4 14 10 1 18 1 2 6 15 2 2 4
39 46 60 25 55 31 20 46 12 61 40 41 58 15 26 32 52 37 27 28
1 5 1 1 3 1 1 1 1 8 1 4 5 1 1 1 1 1 1 1
22 21 32 12 32 31 11 32 10 19 15 13 36 12 9 13 33 11 20 21
20 14 27 12 24 11 6 20 1 26 14 26 23 13 16 18 22 20 13 17
18 15 29 9 29 11 14 22 8 26 19 22 23 15 10 15 22 17 10 13
13 21 24 14 26 6 6 24 4 24 19 15 35 11 9 12 24 15 12 20
34 19 41 38 59 33 26 25 29 53 39 23 51 26 45 36 50 45 34 35
1 7 2 1 3 2 2 2 1 7 1 4 8 1 2 2 2 5 1 1
1 5 9 6 13 6 8 3 9 11 9 10 10 6 6 1 3 12 7 2
33 37 49 18 52 30 19 45 11 39 29 26 50 20 13 25 48 17 23 29
2 12 15 8 15 9 9 14 8 18 11 4 13 3 7 9 15 7 1 4
22 31 36 33 46 33 27 24 26 50 29 33 48 19 26 26 44 23 19 21
17 39 34 11 35 10 1 33 2 32 25 7 38 7 15 25 28 19 13 19
18 18 25 16 28 24 21 26 13 34 15 15 32 21 13 17 34 15 14 27
34 56 44 24 52 26 15 43 13 52 30 33 49 18 16 36 50 18 21 34
18 32 34 29 36 40 19 18 28 36 24 27 29 12 9 14 35 17 16 14
18 19 27 37 36 36 32 18 35 46 32 29 30 24 21 24 39 17 15 23
27 35 41 39 55 36 36 26 36 66 46 32 46 27 26 26 51 39 25 26
17 20 26 8 33 8 4 20 1 29 12 18 29 8 13 14 23 16 10 6
1 7 2 5 15 4 7 5 6 12 7 4 13 5 7 1 8 7 4 5
35 37 57 37 51 37 32 43 24 65 41 34 47 31 9 28 58 22 19 33
1 11 8 1 9 1 1 5 3 8 5 2 11 4 6 4 3 6 1 3
41 42 52 27 42 32 31 46 20 57 41 36 38 23 23 35 52 27 24 44
5 1 4 6 16 4 7 7 7 13 12 2 10 12 10 8 9 9 6 8
42 29 44 37 62 32 47 41 32 60 45 33 53 44 28 39 61 24 34 48
2 12 8 11 20 11 9 4 8 19 3 14 18 1 4 1 15 7 4 2
27 29 44 24 53 27 35 33 24 58 43 34 32 24 17 32 43 17 6 17
1 4 4 1 3 1 1 4 1 6 2 1 5 1 1 1 2 1 1 1
7 6 7 8 17 7 10 8 9 14 12 1 12 14 12 10 9 9 7 10
22 21 27 30 39 17 7 22 9 40 24 26 41 15 19 17 37 25 20 29
13 4 11 17 28 16 15 9 15 21 18 10 27 16 21 14 20 22 16 18
16 25 32 26 44 24 29 20 28 50 35 22 37 20 19 22 37 25 11 14
29 26 38 30 39 44 34 25 28 39 30 16 47 24 28 27 48 26 26 37
1 7 7 4 10 3 3 9 2 14 7 2 8 2 11 6 10 7 1 9
19 14 35 27 44 19 22 21 23 38 33 24 30 22 12 13 28 25 18 13
15 17 29 12 27 12 16 17 14 33 24 14 12 17 8 16 18 17 6 8
2 12 8 9 14 11 11 5 10 11 7 2 14 8 14 8 8 10 6 8
15 22 16 9 33 17 11 20 10 23 14 2 30 14 11 14 24 8 13 13
25 33 51 19 39 36 19 37 22 33 30 17 47 16 14 22 40 25 23 19
27 38 38 7 32 22 5 35 1 29 13 16 50 6 20 21 34 24 24 23
1 5 6 2 8 1 2 1 4 7 5 6 5 5 6 3 1 8 1 3
7 16 22 21 25 19 14 16 13 29 19 15 18 8 1 11 24 5 1 9
26 21 47 42 55 31 33 24 34 51 45 37 41 31 17 23 40 34 24 18
1 1 1 3 7 1 4 1 4 5 4 1 3 5 7 1 3 3 2 5
35 52 61 27 60 26 31 48 18 71 52 39 44 21 16 41 55 23 15 27
5 4 4 3 8 6 8 5 4 9 4 1 15 7 10 4 10 7 5 12
25 41 34 28 54 25 26 33 24 55 40 10 52 19 33 36 49 31 21 30
38 34 39 29 38 43 32 31 22 45 32 19 58 27 38 36 51 37 38 51
1 16 14 3 7 9 1 11 1 14 5 4 11 1 4 6 7 5 1 4
6 23 19 15 18 9 1 16 4 23 17 14 20 5 5 10 19 8 4 15
17 38 30 14 35 27 12 25 13 35 16 18 27 1 7 17 32 8 7 9
17 11 21 31 42 34 24 8 23 34 23 19 32 20 24 16 32 24 23 20
18 15 18 12 24 24 22 22 9 24 10 1 35 20 10 12 29 7 18 23
8 13 17 5 14 6 5 13 6 16 13 7 11 8 15 15 9 13 3 11
5 26 19 7 15 14 2 17 3 23 9 12 28 1 11 8 18 14 6 13
32 51 47 35 45 33 21 38 21 52 36 38 51 3 40 34 47 41 31 37
25 42 47 34 42 31 19 36 19 54 38 29 41 10 16 32 48 21 16 25
17 19 23 14 26 21 21 26 13 37 19 5 35 15 18 16 38 17 13 27
24 42 41 15 43 23 15 32 7 44 23 26 45 2 19 26 37 23 17 15
29 41 35 24 45 38 20 34 21 43 23 27 38 10 10 22 47 9 16 22
6 13 5 4 15 5 3 10 1 16 3 8 15 2 1 5 12 1 1 4
12 15 26 21 28 24 22 11 23 26 18 22 29 13 8 14 23 9 11 5
17 16 27 31 35 30 19 10 22 40 17 34 21 10 14 8 30 20 18 14
13 15 28 28 32 21 18 20 18 35 26 21 20 12 6 19 31 8 5 10
17 24 22 10 40 17 11 24 10 31 22 3 31 17 12 18 29 9 14 14
1 14 10 1 5 1 1 5 1 10 3 1 12 1 4 7 2 7 1 1
31 21 47 24 45 29 38 29 23 45 31 32 38 35 11 20 39 24 23 26
1 3 10 2 5 3 2 3 4 7 7 4 6 4 1 1 1 6 1 1
22 31 36 13 34 19 22 30 15 36 22 19 42 14 19 21 33 23 13 21
16 19 25 23 31 23 20 13 20 37 20 27 12 16 6 17 30 5 1 15
18 26 19 26 35 26 23 12 22 38 17 27 18 18 16 17 31 10 9 25
8 10 13 1 9 5 4 16 1 12 8 4 12 6 11 12 10 9 1 9
29 31 47 29 50 39 40 39 32 50 37 23 57 29 20 29 53 21 21 25
1 11 10 1 6 3 1 8 1 6 5 1 12 1 1 1 5 1 1 1
2 16 9 4 6 8 2 6 3 13 4 7 13 1 4 3 8 5 2 6
30 28 43 47 61 42 40 24 42 72 52 31 43 36 24 31 55 35 23 25
41 38 55 22 49 36 36 51 14 50 27 23 49 33 4 35 56 4 20 27
15 19 28 20 34 15 15 20 15 40 29 29 18 21 10 14 25 17 11 20
1 14 7 4 9 9 1 5 1 13 1 6 9 1 1 1 5 1 1 4
2 9 14 10 12 10 11 9 12 16 10 6 10 3 10 7 13 11 1 6
36 34 51 39 49 39 33 41 35 60 46 41 39 29 29 40 53 25 22 35
3 13 16 5 22 2 5 15 4 20 14 5 18 8 13 11 11 13 5 5
30 44 49 22 58 29 18 46 18 44 35 16 61 15 24 33 52 27 23 27
27 36 46 29 49 31 33 38 26 55 41 24 57 16 30 29 54 34 25 34
3 7 3 1 13 2 2 8 1 13 2 1 7 3 1 3 8 1 1 1
35 23 45 31 48 41 41 38 32 48 34 24 49 38 19 32 51 14 23 30
33 12 49 31 43 42 26 15 24 38 21 36 43 22 9 3 36 30 33 15
17 19 23 33 33 33 27 3 30 42 20 33 19 15 4 1 30 18 15 9
8 20 16 8 26 9 10 17 7 29 14 9 15 13 11 14 19 7 1 12
4 15 17 10 20 12 5 6 6 18 7 18 22 6 10 1 10 15 11 5
25 33 35 18 24 28 21 33 7 40 13 16 41 10 15 23 43 21 19 32
42 37 46 40 59 51 27 30 31 47 25 41 52 23 38 30 55 35 38 43
1 4 4 10 9 12 7 5 6 16 4 7 5 1 1 1 14 1 1 5
3 10 8 2 19 2 4 9 4 17 10 1 10 9 5 5 10 2 1 5
4 13 14 20 29 12 14 13 13 30 20 9 17 7 8 9 24 7 4 12
5 18 17 1 14 1 1 11 2 12 12 1 18 3 18 13 10 15 6 12
1 3 5 2 3 2 3 1 4 4 4 3 2 3 3 1 1 4 1 1
14 26 34 6 28 11 10 29 8 30 25 13 26 17 12 18 22 14 7 15
30 39 48 22 57 22 12 37 6 48 32 34 51 13 14 25 44 22 19 17
34 50 41 38 51 36 31 41 28 60 38 33 55 11 40 38 58 38 30 50
13 25 23 3 21 15 8 22 5 16 5 5 29 6 8 9 18 7 8 9
24 30 34 24 45 8 13 33 12 40 30 25 37 20 13 26 35 22 18 20
8 5 14 9 19 10 9 14 8 21 13 9 5 9 1 9 15 1 1 6
1 7 4 1 4 3 2 2 1 2 1 1 4 2 1 3 1 1 1 1
12 12 26 16 22 16 17 16 18 27 23 17 17 15 10 13 15 25 13 6
2 15 13 1 12 8 1 12 1 9 3 1 18 1 3 2 8 4 2 1
1 4 1 3 4 3 1 1 1 8 1 5 4 1 3 1 2 2 1 3
40 40 50 31 47 41 33 46 25 63 36 32 48 21 24 35 63 23 23 41
17 31 34 15 37 16 20 29 15 43 29 18 29 11 11 22 29 18 7 5
8 9 17 3 13 3 5 12 3 21 15 13 3 12 1 9 9 3 1 7
8 14 20 18 16 22 12 7 15 25 15 20 11 11 1 1 12 12 11 7
12 21 23 18 29 26 3 13 5 22 5 20 30 1 11 4 25 14 17 9
4 17 14 5 22 4 5 16 5 24 13 4 15 8 10 10 13 7 1 5
2 22 14 5 13 12 6 12 5 17 4 1 19 1 6 6 14 6 3 3
35 36 50 41 54 45 29 27 34 49 44 37 58 29 22 20 48 42 41 28
6 17 22 12 26 12 7 19 6 30 17 13 21 2 15 14 24 16 6 13
1 4 3 6 9 5 4 5 4 10 5 7 4 6 7 3 6 3 1 8
38 64 52 35 56 37 26 43 19 64 39 44 54 16 22 37 53 24 24 31
31 41 52 44 49 38 26 31 29 57 37 43 47 18 26 29 49 38 26 32
22 26 25 21 20 34 22 19 18 23 8 21 27 14 14 14 29 11 18 28
11 24 30 15 33 23 16 18 17 28 18 13 24 12 8 10 19 16 14 3
1 8 2 1 12 1 2 4 2 13 6 1 10 3 5 1 8 1 1 3
13 24 32 9 29 7 1 22 1 29 19 9 32 3 15 18 23 20 9 8
9 18 20 10 18 9 11 12 13 26 19 12 17 12 13 9 13 20 9 8
1 7 5 1 10 3 1 5 1 11 4 2 10 2 2 1 3 1 1 2
1 5 2 2 8 3 4 1 4 4 1 1 1 1 5 1 1 2 1 1
24 31 34 16 38 27 10 30 21 27 25 16 36 19 16 16 29 21 23 19
22 40 39 16 37 22 3 39 10 32 27 12 43 8 18 29 34 22 16 21
35 31 51 20 43 25 13 34 11 47 28 35 46 16 31 27 43 36 25 35
48 55 60 37 57 44 27 52 26 57 40 37 59 30 18 34 60 28 38 42
20 20 20 18 26 16 17 18 13 31 19 27 7 18 10 19 25 6 6 24
1 12 8 3 13 6 4 6 3 14 4 1 10 1 1 3 8 1 1 1
1 8 6 3 9 4 5 8 4 9 6 1 5 4 11 7 5 7 1 5
10 12 17 17 30 19 15 11 14 23 14 14 25 15 16 11 17 16 15 13
24 22 25 26 46 29 29 22 24 45 34 16 32 31 23 28 37 20 19 30
11 28 22 5 20 17 2 19 7 13 10 3 26 2 15 15 16 14 11 10
11 30 20 26 35 28 21 11 23 39 13 24 28 11 16 13 30 13 9 17
8 18 11 12 12 13 6 9 8 21 6 11 11 1 13 12 17 9 3 16
39 40 58 28 60 30 26 44 18 66 43 44 52 18 24 37 60 31 18 26
40 45 59 21 53 31 37 55 18 58 42 30 53 35 17 36 55 20 23 36
1 1 5 4 2 4 5 1 6 3 4 3 2 2 1 1 1 5 1 1
6 18 16 10 24 15 10 16 9 16 12 1 21 6 8 6 18 4 9 6
33 53 51 27 64 30 17 47 23 52 45 18 63 17 35 42 54 41 32 34
6 9 19 15 17 18 20 13 17 23 15 9 18 10 14 8 22 14 6 16
24 34 34 8 34 18 19 32 7 35 21 20 48 9 21 23 39 23 16 27
38 36 43 26 36 34 36 44 17 48 22 16 52 38 30 39 48 33 32 44
42 45 48 44 52 51 45 38 31 61 31 38 65 36 28 32 60 36 42 45
1 4 1 1 4 1 1 2 1 9 1 1 5 1 1 1 3 1 1 1
1 1 2 1 7 2 2 7 1 5 3 1 7 1 2 1 5 2 1 2
16 9 28 20 31 27 6 6 12 18 2 22 28 1 14 6 20 18 20 7
20 42 38 9 41 11 6 39 1 40 25 17 49 5 15 25 34 18 10 17
1 1 3 1 7 1 1 1 1 1 1 6 7 1 4 1 1 6 4 1
17 13 22 4 9 14 11 25 1 21 9 8 26 12 9 16 20 13 11 19
11 12 16 12 31 9 15 18 11 26 23 8 18 18 11 17 23 9 5 14
22 35 36 20 45 15 12 31 7 44 26 28 44 9 21 24 35 24 13 15
30 47 49 27 58 17 28 45 20 62 45 27 44 27 20 39 52 18 12 32
20 24 36 22 33 11 10 28 11 38 33 25 22 22 9 24 25 20 12 19
2 10 2 4 6 4 1 4 1 12 1 9 13 1 2 2 7 6 3 6
1 8 6 10 16 11 11 2 10 18 5 7 10 2 1 1 13 1 1 1
44 22 44 44 52 52 50 39 37 60 37 39 40 43 20 36 64 8 28 46
19 31 26 20 42 28 17 24 16 40 26 15 43 21 26 26 34 27 24 25
1 10 8 14 21 13 16 1 15 17 10 10 13 8 12 6 14 12 7 8
11 23 23 11 25 18 9 23 7 28 13 9 25 8 5 12 24 6 5 11
9 12 13 21 29 24 23 1 24 27 19 5 24 17 16 10 19 19 16 13
23 32 24 17 31 29 25 25 13 35 19 15 45 17 20 21 37 16 17 28
1 14 6 1 4 1 1 6 1 11 3 1 12 1 7 6 4 7 1 2
33 33 39 41 52 38 31 37 28 57 33 36 45 24 12 26 57 14 18 33
5 6 11 1 11 3 1 7 1 9 6 5 8 7 2 6 3 3 1 3
2 3 3 6 13 5 8 5 7 10 8 1 8 9 12 8 7 8 4 8
22 17 39 20 32 28 22 26 13 27 21 16 46 22 21 15 32 26 29 23
28 33 44 16 40 28 20 29 21 37 32 17 47 21 19 19 33 35 28 19
1 3 1 4 4 5 3 1 2 5 1 4 4 1 1 1 2 1 1 2
26 25 33 26 31 34 24 23 13 37 12 23 50 19 22 15 41 26 27 30
40 56 56 30 55 38 30 48 23 64 42 34 64 21 28 32 60 33 32 40
3 7 3 4 6 7 2 5 1 11 1 5 9 1 1 1 8 1 1 7
27 27 37 22 50 19 34 29 23 48 37 31 28 28 10 28 40 12 8 19
15 16 17 31 34 30 28 9 27 40 26 14 23 22 27 24 32 23 15 26
1 4 3 1 6 1 1 5 1 6 4 1 2 1 2 1 4 1 1 1
7 25 18 6 24 8 7 19 5 23 13 8 26 3 3 9 19 5 3 1
9 9 14 3 18 5 8 11 5 11 11 5 9 12 5 9 12 2 1 11
1 1 2 1 3 1 1 1 2 1 1 1 1 1 1 1 1 1 1 1
38 44 56 32 66 37 27 40 18 61 40 47 59 20 32 33 54 30 27 30
1 2 3 2 3 2 1 2 1 6 1 4 1 1 1 1 1 1 1 2
25 36 27 41 46 35 31 27 32 51 31 30 30 25 29 29 44 22 22 36
12 19 24 9 16 18 14 19 9 15 9 7 29 6 13 13 20 16 10 15
37 40 46 32 52 32 26 35 20 60 35 44 41 18 31 35 55 31 24 37
28 36 38 26 48 32 16 31 24 45 38 27 37 27 19 27 42 23 24 32
14 32 24 24 34 18 11 23 12 41 24 17 28 14 16 22 31 14 8 25
10 10 21 16 21 17 17 9 18 25 15 14 16 12 5 6 14 19 10 3
12 32 20 26 38 16 10 20 11 42 18 22 35 6 21 17 36 21 12 23
6 11 12 4 10 5 3 16 1 14 9 5 15 4 5 8 12 5 1 7
2 17 14 7 18 12 7 12 6 17 7 3 17 1 4 3 15 2 2 3
12 21 26 14 38 14 14 22 9 39 22 16 18 13 1 15 31 1 1 9
10 29 21 1 25 6 1 23 1 21 9 3 28 1 3 12 17 4 4 1
7 12 13 9 27 10 11 10 10 23 11 9 10 10 4 7 17 1 1 5
36 35 55 25 51 31 8 41 16 35 29 24 60 14 35 30 46 37 33 32
6 10 21 15 23 21 17 6 18 20 15 13 9 9 3 1 11 9 10 1
13 20 29 21 36 19 15 23 13 30 23 11 29 11 3 13 30 4 4 12
5 14 15 11 26 10 13 12 14 25 15 6 17 11 7 5 17 9 3 5
21 26 34 37 40 41 32 10 35 40 24 33 23 23 16 15 30 18 18 18
33 14 46 36 56 34 30 23 32 49 34 37 43 29 30 31 46 29 25 26
1 6 3 4 8 6 5 1 4 7 1 1 5 1 2 1 6 1 1 1
32 13 43 17 35 28 32 22 20 29 29 28 33 35 4 12 29 22 24 19
1 14 9 1 13 3 1 8 2 13 6 2 15 1 3 1 8 3 1 1
14 14 30 22 34 14 13 20 14 30 25 19 26 10 5 16 28 15 8 8
3 8 4 9 18 5 8 8 8 20 15 1 19 9 11 7 15 8 6 10
26 31 38 39 52 27 17 27 18 52 30 38 36 18 23 23 45 27 20 29
1 1 1 2 5 3 3 1 2 1 1 1 8 1 1 1 3 1 1 1
3 5 8 1 10 5 2 5 1 7 3 1 4 4 1 4 4 1 1 1
29 33 44 20 42 30 17 33 20 34 31 18 46 19 9 13 39 22 26 18
9 17 23 4 17 4 3 20 4 27 19 7 13 6 9 16 17 12 1 10
18 34 25 7 34 8 13 30 7 38 25 11 32 5 22 23 32 18 9 16
1 10 7 15 25 14 12 7 11 28 11 9 7 7 6 3 20 2 1 8
11 12 12 4 20 1 7 14 5 19 14 8 8 15 9 13 12 5 1 11
20 32 37 18 39 17 20 22 18 38 25 24 37 10 21 21 28 31 18 11
1 2 5 10 8 9 8 1 9 11 4 9 5 2 2 1 6 5 1 4
2 6 7 1 6 1 1 6 1 5 1 1 6 2 1 3 1 1 1 1
20 17 35 15 25 21 22 25 17 29 24 17 19 20 8 18 24 16 10 16
7 12 16 14 23 16 11 11 10 28 10 15 17 7 5 11 21 7 1 7
1 4 3 5 8 6 1 5 1 13 3 10 5 2 1 2 7 2 1 4
40 33 34 41 47 45 41 32 39 52 35 36 36 38 36 36 52 30 31 50
33 27 46 32 36 30 30 44 15 42 28 18 41 28 10 32 48 19 23 31
3 19 14 12 15 12 6 5 9 21 7 19 15 6 11 7 10 16 6 10
35 42 49 40 64 38 30 31 31 63 38 45 47 27 16 23 50 28 27 26
1 3 2 1 1 1 1 2 1 2 1 1 5 1 3 3 1 6 1 1
19 23 31 4 16 23 7 27 9 7 12 4 31 10 14 14 22 14 18 19
47 26 55 27 48 37 22 42 14 47 22 39 57 30 24 30 50 26 38 41
14 27 26 13 35 19 15 29 8 34 17 12 32 7 5 12 32 1 5 13
3 18 13 17 23 18 15 6 16 26 11 13 15 7 8 1 20 6 3 10
18 13 27 11 15 17 18 28 7 19 14 6 27 18 8 14 26 10 15 21
1 7 3 4 9 2 5 5 5 12 7 1 7 6 12 6 6 8 3 6
2 14 13 9 16 3 3 13 2 18 10 7 18 1 4 9 13 11 3 3
18 27 39 34 45 36 33 24 34 52 35 30 41 25 16 19 39 24 17 15
14 29 23 22 30 4 10 26 12 36 23 17 27 10 8 18 31 16 10 17
38 25 49 41 55 38 42 28 36 62 45 50 30 39 1 28 49 14 19 19
18 33 39 26 35 27 17 25 20 43 30 28 31 17 18 19 28 28 18 19
29 20 29 30 46 22 30 26 24 42 34 31 34 32 20 29 41 22 22 36
30 47 41 29 47 43 31 32 22 52 25 36 42 11 14 30 47 7 11 17
31 27 34 11 26 21 23 36 3 31 11 12 32 26 7 26 35 10 16 27
7 14 17 3 23 1 3 17 1 22 16 7 13 8 3 13 15 6 1 5
40 36 46 41 53 48 37 30 33 57 40 35 59 26 43 30 53 49 44 46
22 40 32 17 41 20 24 33 10 42 33 22 42 4 20 25 37 9 11 19
1 3 1 1 1 1 1 1 1 2 1 1 3 1 1 1 1 1 1 1
24 18 40 18 27 27 20 27 8 29 14 13 47 20 21 16 32 27 27 25
3 2 10 14 22 13 16 5 15 18 13 10 12 9 5 4 16 4 1 3
17 27 31 19 34 22 20 27 19 41 25 16 35 11 16 19 37 14 6 15
39 14 51 38 46 46 35 31 22 43 18 30 53 30 27 24 52 34 39 38
10 23 15 7 14 19 1 15 4 12 5 9 19 2 8 8 17 6 10 14
34 31 50 34 51 34 25 33 22 56 36 39 50 29 30 27 50 36 28 40
14 20 28 15 31 28 21 24 13 28 15 10 31 14 8 6 32 5 12 18
17 30 24 34 33 35 26 14 27 43 21 29 28 13 13 16 37 10 12 20
16 12 22 14 22 19 18 13 15 17 16 10 38 17 24 14 21 27 21 22
11 27 27 14 36 19 12 25 11 32 18 10 29 8 1 12 29 5 8 4
41 32 43 46 58 42 34 16 38 61 39 47 52 39 33 24 48 49 40 28
48 33 58 36 53 36 52 47 29 58 39 37 45 48 7 38 58 14 27 39
24 27 41 26 38 32 20 35 17 38 27 22 32 18 7 16 43 9 13 29
2 10 1 7 8 7 2 3 3 14 2 10 10 3 5 1 10 3 1 11
2 6 3 2 3 5 3 6 2 5 2 2 10 1 1 1 6 2 1 3
1 12 7 1 11 1 1 10 1 14 6 1 11 2 5 5 9 4 1 2
4 1 4 5 9 6 6 6 5 6 3 1 4 4 1 4 6 1 1 3
1 1 2 10 7 11 7 1 6 12 2 8 2 1 1 1 9 1 1 3
19 31 35 12 39 15 10 29 11 34 23 16 46 13 26 20 30 29 18 17
34 45 45 29 45 47 19 37 27 37 24 30 51 15 33 29 50 30 33 41
12 17 20 12 18 23 16 21 8 18 10 10 26 12 10 7 25 7 10 21
17 8 17 6 20 14 14 17 7 17 15 2 24 20 12 14 21 9 11 21
1 10 7 3 6 4 4 4 4 8 3 1 7 1 8 6 4 8 1 2
1 11 8 6 14 8 8 5 9 13 8 2 12 4 6 1 9 5 1 4
44 25 65 36 64 44 34 37 30 49 42 45 49 31 16 26 51 29 32 23
30 46 39 31 54 35 30 35 22 56 27 35 54 16 25 28 53 21 19 29
31 29 31 33 53 36 43 18 36 51 40 25 43 30 29 32 43 29 25 27
28 41 47 24 45 20 4 32 8 44 25 25 56 4 29 26 41 38 29 25
4 9 5 1 4 3 1 8 1 9 3 4 8 1 6 5 6 5 1 5
1 4 4 6 6 7 7 1 7 4 3 3 3 1 3 3 5 4 1 1
31 25 48 33 52 31 29 37 24 44 36 30 48 26 15 29 46 15 20 22
34 27 36 28 46 20 22 38 14 50 38 29 44 33 17 31 50 23 23 45
1 1 5 2 5 1 1 1 2 2 2 10 5 1 4 1 1 8 3 1
9 26 9 14 22 12 8 13 10 33 10 12 21 9 18 14 23 10 5 20
11 15 29 14 26 21 15 15 16 23 15 11 20 11 3 13 18 5 4 1
