1000 20 11 1876
2 0 8 3 7 3 8 5 3 12 14
0 2 0 7 9 3 4 4 6 1 2
0 4 3 0 5 0 1 7 3 0 1
3 6 3 5 8 3 6 16 0 13 17
6 3 0 5 7 1 6 3 9 7 8
3 1 2 4 5 2 2 9 4 0 2
1 28 6 5 15 18 2 2 12 4 3
8 3 2 1 6 2 3 2 6 8 13
13 2 6 4 4 2 21 2 4 9 18
0 1 6 3 3 6 4 1 1 4 0
9 1 3 29 13 14 2 9 2 10 9
6 6 11 0 5 3 12 11 15 2 8
12 15 5 1 19 8 10 2 15 9 4
10 1 3 13 5 15 14 15 9 4 7
9 16 14 10 11 5 25 4 6 7 3
8 10 1 9 9 6 9 0 6 24 5
7 8 5 8 7 2 2 8 0 4 10
4 8 11 9 5 9 12 16 16 6 8
6 21 6 10 6 23 6 1 1 0 17
5 7 8 3 2 4 6 6 8 2 8
2 4 1 4 3 9 0 9 6 3 2
10 4 0 1 5 7 15 1 7 1 2
5 7 7 19 6 9 9 3 5 12 1
11 14 23 9 3 14 2 2 10 1 5
12 4 22 8 0 7 5 1 13 16 9
3 7 14 12 4 0 15 11 7 4 2
10 12 10 7 0 1 11 7 0 4 6
11 5 2 4 5 17 13 25 11 3 2
10 8 1 0 1 4 4 10 8 1 7
1 1 8 13 2 4 2 4 4 1 1
3 7 7 6 0 9 4 5 8 16 6
2 2 2 0 12 15 12 1 13 5 6
3 8 0 3 2 2 10 10 0 1 3
2 17 6 3 4 12 18 5 12 1 2
2 11 15 6 6 8 2 6 3 11 16
9 1 32 5 1 1 9 4 5 2 11
4 9 1 0 2 14 4 6 4 15 5
11 15 1 1 14 0 13 7 15 6 13
3 2 8 7 5 7 6 6 8 2 6
6 6 8 7 5 2 1 18 1 1 6
0 11 6 10 1 3 6 22 6 6 9
5 1 3 2 1 11 2 2 1 1 5
3 10 2 8 14 3 7 4 1 8 5
5 7 22 9 15 4 2 19 13 4 3
16 17 14 5 3 18 1 4 6 0 15
1 1 6 4 3 2 0 4 5 1 3
7 5 13 1 1 26 3 7 12 4 8
2 4 8 10 9 1 3 2 10 15 1
5 1 9 4 5 5 6 4 5 13 16
7 2 3 1 1 2 1 2 10 4 4
9 21 7 11 8 16 3 19 7 5 9
5 6 13 5 14 0 6 16 4 25 2
2 3 7 13 8 4 12 4 6 7 13
2 4 4 4 4 10 0 1 1 2 3
10 7 12 8 5 8 5 2 5 9 7
2 6 2 7 4 4 3 4 1 2 1
2 9 11 11 12 1 3 4 7 2 0
7 9 11 4 9 1 4 3 2 6 7
0 3 3 6 8 6 2 11 4 7 3
0 6 17 25 13 17 1 10 4 2 1
2 2 1 1 1 7 4 0 4 2 2
3 1 11 3 8 1 0 7 2 5 0
3 3 6 19 2 7 2 5 5 2 1
13 13 12 7 8 8 0 16 11 10 9
0 6 1 4 11 4 2 4 5 1 1
9 16 19 20 7 7 2 9 6 4 8
17 13 12 7 1 13 5 13 4 9 2
14 3 7 4 10 2 14 1 7 6 17
8 3 2 4 1 3 8 5 5 3 4
7 13 4 16 8 5 15 9 11 4 5
5 4 9 8 21 12 0 3 9 7 3
10 0 2 2 3 2 3 6 1 0 5
2 1 5 2 1 8 3 7 5 3 1
5 10 6 15 10 6 0 6 6 16 7
5 3 3 10 3 4 1 2 6 5 9
6 2 3 1 1 3 6 0 1 4 0
9 13 19 9 14 2 14 2 8 14 8
6 15 20 3 4 11 12 2 3 12 7
11 15 7 3 3 12 4 3 3 14 9
8 1 2 3 12 1 1 5 4 5 8
3 6 6 2 2 1 2 3 5 5 5
4 11 10 4 4 2 3 12 10 1 2
6 1 4 2 2 2 3 2 6 4 2
1 0 3 2 4 6 1 2 6 2 8
3 0 1 18 1 6 2 20 2 6 16
3 5 2 13 5 2 4 6 7 3 8
15 3 9 3 12 7 10 3 2 4 21
7 1 6 5 1 15 16 4 3 2 4
2 22 5 7 6 1 6 16 1 6 24
0 13 7 2 10 8 11 4 5 5 11
2 0 8 4 6 5 5 2 0 1 5
0 4 4 1 3 5 3 5 1 6 3
9 2 7 10 12 2 0 11 8 9 1
4 7 1 12 4 12 14 2 3 18 21
0 4 9 18 23 4 2 10 4 0 5
4 5 8 12 12 6 6 2 4 6 8
23 14 4 10 4 9 10 8 6 6 11
3 6 2 2 7 1 1 8 3 8 3
3 6 4 0 3 4 5 5 1 4 9
1 2 7 5 4 9 10 2 3 1 14
2 2 10 1 1 2 12 6 2 2 2
20 6 11 4 7 4 7 3 1 3 2
2 2 2 6 2 1 1 3 2 4 7
12 3 4 5 4 1 2 1 0 0 2
7 4 10 3 3 0 3 0 4 2 2
11 12 6 3 0 1 4 0 6 3 3
5 1 16 18 8 13 7 3 5 6 1
8 3 8 5 1 10 12 10 9 9 18
1 0 6 3 16 1 1 5 5 6 3
5 6 5 5 13 4 11 6 2 0 6
15 17 2 5 18 4 2 16 3 1 6
4 5 6 5 10 2 1 3 1 5 3
2 2 3 2 17 10 3 12 10 7 6
2 1 1 5 1 9 14 2 7 2 0
5 3 2 0 0 6 2 0 2 1 7
0 13 15 8 4 5 6 7 14 1 16
3 7 8 12 8 10 16 14 8 2 5
1 6 7 7 3 24 0 10 2 0 12
3 4 0 4 1 4 1 1 3 9 2
2 15 3 16 19 11 3 10 7 1 1
6 1 2 6 1 1 12 9 14 19 12
2 4 5 2 4 2 9 3 6 4 5
20 4 23 11 17 14 1 2 8 2 2
6 4 2 2 3 3 1 3 3 1 2
5 5 6 6 14 4 4 18 4 4 7
8 0 4 1 8 9 2 7 10 3 2
17 1 1 6 0 7 16 18 16 1 2
0 3 3 10 3 1 16 4 12 2 3
1 2 5 2 7 3 12 3 1 4 3
5 1 5 4 6 29 3 15 0 1 14
26 1 2 3 15 13 9 6 12 8 2
1 9 1 0 1 9 2 3 3 7 15
1 4 6 1 4 2 8 6 7 3 2
4 1 5 0 2 2 3 11 1 4 4
1 12 9 2 1 4 2 1 4 5 4
2 4 15 5 4 12 7 3 4 0 5
10 15 8 11 2 6 4 4 1 11 10
7 3 5 12 13 6 10 4 2 0 8
6 8 2 1 1 1 1 0 7 0 1
5 14 8 2 13 10 19 5 4 1 13
7 1 7 1 8 13 9 2 10 11 6
10 7 1 5 2 14 2 4 3 2 11
2 1 3 3 3 3 4 18 3 4 1
5 3 3 3 10 14 19 3 9 4 10
19 0 5 7 7 13 4 16 16 15 10
7 2 3 22 2 1 8 2 5 15 14
4 1 10 5 5 1 8 5 12 11 0
5 3 2 7 9 3 0 16 7 9 9
5 6 4 1 6 4 9 14 10 1 12
1 4 8 17 4 1 2 2 2 5 4
2 10 6 2 6 1 8 8 4 7 4
1 2 0 9 7 8 20 0 8 7 5
3 4 2 1 11 4 2 1 3 10 2
15 3 6 0 10 11 19 8 5 23 2
4 3 4 4 5 5 5 7 0 2 6
2 2 8 2 6 9 0 0 4 8 4
2 6 4 3 5 2 1 2 5 4 2
5 7 4 2 12 15 5 4 0 2 14
2 2 13 6 1 1 6 8 1 2 3
2 8 11 7 2 0 1 1 6 15 7
2 0 6 6 19 14 11 8 9 12 1
14 2 14 3 8 9 4 7 0 5 5
9 15 6 1 16 11 9 8 4 3 3
25 13 5 6 3 4 14 13 8 12 12
14 13 7 4 5 4 4 19 8 1 8
20 2 2 17 4 7 15 3 9 5 7
9 5 8 13 7 3 20 7 18 9 11
6 4 10 11 3 2 9 5 2 5 4
3 3 1 7 2 5 7 4 1 2 8
4 6 4 7 4 1 3 4 5 5 8
15 3 17 12 5 7 6 12 4 6 23
4 4 5 1 7 4 10 2 3 2 2
5 14 4 8 0 5 16 15 13 11 11
6 5 2 2 6 3 2 14 7 2 5
1 1 12 4 1 4 4 3 6 2 7
3 8 2 1 4 1 5 4 2 2 1
1 6 3 3 1 6 2 10 8 5 3
11 4 9 12 9 4 11 4 5 8 9
8 3 12 11 7 20 10 1 5 1 22
5 2 3 2 4 5 0 0 4 3 2
3 5 3 17 19 1 6 13 4 3 13
17 2 9 25 4 2 9 14 13 4 2
0 3 15 10 2 12 6 19 4 3 3
4 6 0 3 5 17 0 1 9 9 0
3 4 1 5 3 6 6 1 4 1 5
3 4 9 6 8 5 11 2 0 3 16
7 4 4 7 3 8 11 0 4 4 4
4 5 0 0 8 3 0 0 2 4 3
3 7 5 5 2 2 8 9 7 16 17
10 8 8 2 16 7 3 6 3 5 1
4 6 0 1 7 3 3 3 5 11 4
7 3 5 5 17 2 8 0 4 10 0
1 16 2 2 2 6 10 14 2 6 10
1 0 5 3 4 10 6 2 6 1 0
11 3 3 7 6 0 1 10 6 5 1
0 2 5 1 6 1 4 0 5 3 1
8 2 3 2 6 11 13 1 10 12 5
1 7 6 3 5 11 10 3 14 9 19
2 4 2 5 5 0 1 6 4 4 19
0 1 9 2 0 4 3 4 11 1 10
3 1 0 3 0 12 3 9 11 11 14
8 8 2 6 3 4 3 5 10 8 6
6 1 4 8 11 3 6 22 4 5 2
5 8 7 1 7 10 2 7 4 1 1
8 12 7 3 3 2 5 3 0 3 9
9 1 4 5 2 6 4 8 0 9 6
0 1 2 2 4 1 3 3 5 6 2
2 8 13 4 16 7 6 8 11 24 11
6 15 10 2 3 8 0 2 20 6 2
2 19 5 10 2 3 2 28 4 4 8
0 2 6 10 5 10 1 5 1 8 11
1 11 0 12 4 0 2 3 2 5 4
2 0 5 4 3 6 1 1 8 1 7
2 0 4 4 2 0 5 9 3 0 3
12 12 18 12 8 2 1 11 3 17 1
14 5 1 10 14 7 4 26 2 6 5
17 6 2 3 12 1 10 4 1 30 2
2 6 17 3 6 2 7 16 3 16 1
3 1 3 0 2 10 9 11 1 3 11
1 5 1 1 7 14 2 6 2 1 11
0 4 15 11 2 1 23 6 11 17 14
14 13 15 5 4 5 14 9 8 20 7
2 6 1 4 3 4 4 12 6 0 10
9 11 4 11 16 4 15 12 11 16 12
7 17 8 8 9 4 2 1 3 1 13
21 3 2 10 7 9 8 14 0 2 12
9 16 7 5 16 2 13 6 7 4 6
1 11 6 15 14 18 14 14 4 3 5
3 7 12 4 6 3 2 1 4 2 6
6 5 4 4 0 8 13 0 12 7 6
5 1 8 5 6 6 4 3 9 3 0
5 4 20 9 1 16 6 3 3 5 3
12 21 6 14 4 17 5 8 4 0 4
2 0 2 1 2 3 1 4 1 8 11
1 9 9 14 20 1 5 9 1 16 13
8 16 8 6 3 1 10 7 8 3 9
9 2 0 4 10 8 1 5 7 13 5
4 6 1 4 1 3 1 4 2 3 2
7 8 8 0 5 1 4 2 0 10 4
2 4 2 15 7 5 4 0 10 2 4
2 2 1 5 1 10 3 1 0 1 6
0 1 0 5 0 4 8 3 1 0 2
0 1 2 4 2 13 3 5 7 2 3
3 5 6 3 5 6 3 1 2 5 4
13 7 3 6 11 7 1 0 11 8 6
9 6 6 5 2 4 5 3 7 3 2
8 1 2 1 2 17 10 6 1 0 6
8 7 3 1 2 3 1 1 8 0 0
7 13 5 2 12 5 3 0 0 3 12
1 11 0 3 3 1 2 4 0 6 1
10 15 9 8 3 7 5 13 1 3 1
1 7 4 5 1 4 3 8 1 1 0
6 4 13 8 4 4 1 9 10 5 5
12 3 5 17 7 3 0 3 11 12 8
2 3 10 10 4 2 12 2 7 2 7
3 2 8 6 2 2 9 7 5 4 1
3 0 1 0 2 1 10 0 2 3 5
3 7 1 1 9 8 10 1 13 13 1
0 0 0 1 7 3 6 2 5 7 13
2 14 8 4 12 4 19 0 0 17 1
3 6 17 6 3 3 5 14 7 9 15
0 0 4 6 7 0 5 1 1 5 4
7 1 0 7 9 1 6 18 12 4 16
4 12 8 10 9 4 13 12 11 22 4
4 1 0 5 6 2 2 6 3 1 4
7 0 3 1 4 1 3 4 5 2 3
12 0 4 12 10 2 0 2 1 12 5
1 6 13 7 2 11 8 9 1 2 5
9 4 21 14 3 5 5 11 17 9 7
17 6 6 9 7 0 10 2 8 10 7
6 27 1 9 18 4 1 3 6 16 6
3 10 9 10 8 1 18 9 8 4 2
12 2 2 1 4 4 4 19 16 1 3
7 27 3 4 11 5 4 11 14 15 8
1 9 9 3 7 20 5 3 15 14 13
2 7 9 3 6 7 1 3 4 1 6
3 4 16 6 1 4 7 6 8 10 9
8 8 1 1 3 6 0 2 7 7 3
2 3 5 5 7 2 4 2 10 7 4
14 1 11 1 6 3 9 10 11 10 26
2 9 28 8 9 4 3 10 8 10 0
8 21 6 4 1 19 8 5 4 1 3
1 6 11 3 24 15 1 2 5 7 15
4 1 2 3 0 5 3 4 6 1 2
9 7 3 9 6 3 4 11 3 1 2
2 8 3 19 6 9 14 0 1 23 7
7 4 11 15 3 10 7 14 11 17 15
8 3 3 0 3 6 18 3 0 7 5
3 8 15 6 6 5 2 3 9 7 12
1 9 4 8 4 4 3 3 1 7 4
4 19 16 6 9 11 20 5 8 7 1
8 11 14 6 9 1 1 11 11 4 12
4 13 4 1 7 7 12 4 12 7 19
2 0 3 6 5 6 12 6 1 7 0
1 5 10 3 5 1 4 4 4 5 1
10 16 2 9 5 2 2 3 5 3 5
4 5 5 1 2 5 9 7 4 1 29
5 0 8 3 3 0 13 4 5 4 5
6 4 0 1 17 25 10 11 2 1 5
9 13 2 1 0 7 1 0 5 8 4
10 12 2 4 4 0 4 5 1 3 7
3 6 3 9 23 8 11 11 12 15 5
21 0 4 0 5 5 18 8 9 7 3
9 9 4 10 6 1 3 4 5 2 2
2 0 3 6 2 8 2 2 3 4 0
5 4 5 1 1 0 5 10 3 4 5
7 9 11 1 7 4 5 2 7 4 6
1 4 3 4 4 11 3 6 2 6 1
9 4 0 12 2 5 12 3 26 11 9
8 10 2 3 1 3 3 6 4 5 4
9 4 3 2 1 8 7 1 0 5 2
2 8 16 1 7 9 1 10 4 27 8
3 1 16 1 8 10 3 3 1 5 6
8 5 18 5 7 1 14 0 18 12 8
6 2 9 13 6 4 6 4 3 1 14
6 0 1 9 8 6 17 8 16 8 2
8 1 0 3 8 8 10 1 9 11 5
7 6 4 1 2 3 3 4 11 10 1
9 12 4 4 1 17 1 1 7 5 3
8 1 6 2 28 11 3 3 1 2 10
2 2 3 2 4 10 20 7 0 2 0
12 3 8 5 10 4 5 24 4 3 6
3 3 12 18 17 2 5 4 3 10 14
18 2 0 10 26 6 0 1 5 3 2
1 2 7 1 11 18 3 10 4 16 9
1 9 1 12 8 20 16 5 10 2 5
1 2 6 2 3 1 5 1 8 6 1
3 5 4 14 9 3 3 3 4 8 3
1 1 3 5 2 6 8 7 3 2 0
10 3 1 4 4 2 8 0 6 2 2
2 1 8 6 3 4 5 7 0 7 3
1 9 1 15 3 1 4 1 11 10 2
3 2 4 0 7 0 1 8 11 4 3
3 13 10 3 3 12 17 10 1 6 13
7 4 11 11 11 5 6 2 21 3 15
12 4 11 4 5 12 6 7 5 9 4
10 2 1 4 2 3 1 5 1 8 8
2 6 8 6 2 8 1 5 6 2 3
5 3 21 13 21 5 4 1 13 5 1
17 17 3 17 1 16 6 1 10 2 3
5 21 11 1 12 21 2 6 0 1 3
0 3 1 13 3 6 1 11 13 2 9
8 10 7 5 4 1 3 3 4 5 2
6 7 5 10 0 2 1 10 14 4 10
1 1 2 2 7 8 1 5 0 2 5
11 10 1 5 5 2 5 17 10 2 3
11 5 1 15 5 10 4 18 6 8 1
5 1 7 2 3 12 11 8 22 0 4
0 6 14 21 3 9 3 2 7 15 12
3 0 0 3 1 7 4 4 5 7 2
3 2 3 5 2 8 4 4 3 8 2
0 5 3 1 4 2 1 4 6 0 2
0 1 0 8 1 8 3 6 10 6 5
3 14 10 6 7 12 5 4 11 1 4
12 7 7 3 10 5 2 2 16 18 5
3 2 2 0 9 8 10 14 6 14 12
3 3 1 3 4 7 11 6 1 11 2
4 3 2 9 8 8 6 3 14 10 6
3 11 18 11 7 1 3 1 8 12 8
7 9 3 5 5 2 3 20 8 12 4
1 1 8 5 3 4 5 1 2 1 3
0 7 5 9 2 16 12 4 7 3 6
1 3 10 12 5 5 7 25 3 2 14
0 1 4 7 4 2 2 1 3 1 8
4 10 1 2 12 4 10 1 7 3 4
5 4 6 1 1 2 12 6 10 7 12
2 3 3 3 1 1 9 0 8 3 0
1 0 3 3 1 4 9 5 3 4 1
10 6 10 19 4 8 8 4 0 2 12
3 3 2 1 6 1 6 5 4 4 7
2 16 7 13 1 5 1 10 3 11 1
8 2 10 7 2 13 9 15 3 1 25
5 1 1 7 4 4 9 10 7 22 13
3 0 27 15 6 13 4 13 7 8 4
1 2 7 2 5 7 4 1 8 1 3
1 16 9 5 6 1 7 1 3 8 1
5 0 10 8 6 6 7 9 12 5 2
6 2 0 3 1 3 2 6 10 13 5
6 17 0 3 16 18 3 2 9 3 3
0 0 5 0 6 2 7 3 0 6 4
5 14 6 1 10 7 8 5 4 8 9
5 11 5 2 17 13 0 14 2 9 9
1 3 3 0 2 10 4 8 4 4 9
3 6 5 1 3 3 8 4 1 12 1
4 1 1 9 3 3 2 20 1 16 3
3 3 19 4 4 14 21 13 5 2 5
7 1 1 1 1 4 7 9 5 5 1
14 3 3 17 8 6 4 1 8 1 0
2 7 4 10 11 1 5 4 2 12 0
8 5 6 5 0 5 14 5 5 10 13
8 0 3 7 6 1 4 16 8 6 9
12 10 10 5 6 4 14 3 8 0 2
5 4 3 2 13 6 0 11 5 2 1
9 2 13 25 8 7 13 7 3 4 15
11 1 9 12 9 0 7 11 2 5 10
12 4 13 10 2 6 17 11 7 4 3
5 11 6 2 2 2 14 12 2 1 1
6 7 18 15 9 5 5 14 4 4 8
1 3 2 2 7 0 14 8 1 2 6
2 1 4 1 2 4 2 5 1 3 6
1 8 7 6 2 7 2 5 0 5 8
14 4 20 12 5 4 9 2 12 12 5
7 1 2 0 3 8 0 1 3 6 2
1 1 2 1 1 4 2 7 7 3 1
3 1 3 8 5 9 3 6 3 0 3
7 1 1 4 0 5 6 5 3 7 4
0 0 10 3 1 16 1 7 2 12 13
17 6 2 7 7 10 2 2 1 3 18
15 4 3 6 5 5 10 6 8 1 1
2 1 10 7 15 5 7 3 6 4 1
0 5 15 4 19 3 3 2 4 13 9
5 12 3 8 18 10 13 2 18 3 1
7 6 6 5 1 4 2 0 13 18 5
7 5 2 2 0 7 4 6 1 3 3
9 12 18 7 17 1 5 2 9 9 13
7 3 12 0 32 1 2 9 4 7 13
17 3 12 13 1 22 11 3 6 1 4
2 3 5 2 3 2 6 1 3 2 3
1 7 3 2 3 5 0 4 1 3 6
6 6 1 2 8 2 4 6 6 2 3
7 3 2 2 8 7 2 20 7 11 14
11 7 2 17 10 1 10 2 5 9 17
2 1 10 8 4 3 2 1 4 2 6
3 3 16 9 11 2 2 16 5 12 0
4 1 3 5 4 2 1 9 18 3 9
3 2 5 3 2 1 0 2 13 2 11
2 6 7 1 2 4 13 6 3 6 2
5 4 2 3 18 0 12 6 3 3 1
10 5 13 10 4 9 10 2 0 3 7
11 8 4 12 6 6 3 10 3 4 1
5 6 8 4 17 3 8 1 14 10 10
1 7 7 7 2 0 6 3 2 2 9
1 5 3 14 10 3 1 1 3 6 10
14 7 2 4 2 7 2 4 4 6 0
1 5 15 11 9 1 9 7 2 2 9
12 2 3 7 7 11 16 3 2 5 6
6 1 4 4 7 9 11 5 2 2 0
8 3 12 17 5 4 17 13 5 20 6
3 13 14 15 11 8 9 11 1 10 8
6 3 6 15 19 5 15 11 13 1 4
8 3 3 3 3 2 0 2 0 3 4
0 0 14 6 3 2 1 1 1 1 7
3 2 3 4 2 3 3 0 8 6 2
4 4 4 4 5 8 2 5 8 6 0
23 19 0 5 2 11 12 10 4 10 12
11 8 13 22 18 6 2 3 2 6 7
3 3 8 2 5 0 1 5 4 2 2
3 3 1 2 1 12 4 8 10 4 5
3 3 5 7 11 3 8 0 6 0 1
3 8 2 2 4 5 1 5 1 2 3
2 9 9 1 3 6 4 1 8 1 3
17 18 1 5 3 7 1 12 4 2 7
1 6 2 0 7 2 1 3 4 3 5
4 1 5 2 9 2 0 1 8 1 4
1 3 0 2 2 2 1 2 3 5 10
7 19 15 17 9 2 4 19 9 8 4
7 11 3 0 7 3 0 19 8 5 4
2 1 1 8 6 14 9 10 1 9 17
8 3 2 8 10 7 1 3 7 1 9
1 1 9 3 9 23 17 12 8 8 17
15 13 5 5 8 2 1 1 4 5 2
6 3 1 5 6 5 3 7 2 1 3
1 0 4 10 3 3 1 5 4 2 3
9 3 0 4 1 7 9 2 0 7 0
2 4 7 0 3 5 0 3 0 0 3
1 4 11 6 1 0 8 8 2 17 5
3 1 2 15 18 15 4 1 3 5 15
2 2 5 5 2 4 4 6 1 4 1
5 7 7 4 8 8 11 5 14 4 2
4 9 7 5 7 4 1 11 1 14 4
2 1 11 6 3 8 18 1 4 8 9
3 4 8 1 5 7 1 7 2 3 5
1 1 6 3 10 7 2 0 1 8 5
5 1 7 2 8 0 1 3 6 8 1
5 7 10 3 13 1 8 2 5 2 0
10 8 14 1 11 5 0 6 3 13 6
10 2 0 11 4 21 14 16 1 4 10
12 9 1 5 11 21 12 1 7 13 10
4 4 2 0 1 3 0 4 8 4 7
4 3 5 3 2 1 0 6 1 2 4
4 11 5 9 3 14 13 2 6 14 14
1 6 13 6 0 23 7 16 9 5 12
3 5 13 1 6 2 0 5 8 7 8
17 9 6 9 7 13 3 20 6 4 17
2 3 4 5 4 7 9 3 2 6 2
2 6 5 5 7 2 10 4 5 6 1
4 12 7 11 3 5 3 14 0 4 4
8 13 3 4 8 2 6 0 3 1 7
7 15 4 19 7 4 4 9 14 2 2
2 23 2 0 3 6 13 1 15 2 16
9 15 14 18 5 14 19 4 5 6 6
0 5 3 3 15 3 7 2 0 11 5
4 6 1 28 8 14 13 0 8 3 0
8 1 5 4 6 3 11 6 8 2 17
7 1 13 0 12 2 5 7 9 8 6
2 2 7 1 1 1 7 2 3 2 5
1 2 5 12 7 7 2 2 14 0 14
7 1 6 15 2 15 6 2 6 10 5
17 3 5 13 11 3 4 9 16 4 10
9 10 5 13 13 2 8 6 0 7 13
6 3 2 21 19 7 6 1 1 13 13
5 0 2 5 4 1 4 2 4 1 0
2 7 5 1 2 5 6 5 4 6 8
2 6 18 1 5 6 12 1 5 14 2
1 5 9 4 9 5 0 5 3 7 7
12 11 2 3 10 2 5 10 6 6 0
2 6 6 3 1 5 0 10 4 5 14
3 0 4 3 7 5 2 6 5 4 10
2 1 11 9 1 12 10 3 7 3 8
7 3 1 5 3 1 13 2 14 11 1
10 8 11 15 1 3 13 13 11 15 2
3 17 7 5 4 18 7 6 4 18 7
1 9 4 1 3 2 2 5 0 0 7
1 13 7 10 5 0 7 0 9 3 0
1 6 7 6 0 7 0 16 6 8 8
9 3 5 7 5 8 5 7 6 5 1
6 10 4 8 4 14 4 4 5 9 0
3 2 3 1 1 5 7 1 7 1 7
11 3 1 14 3 1 9 15 9 1 9
1 5 3 2 2 3 3 7 2 1 7
15 0 5 20 9 1 18 8 8 14 2
3 8 3 3 8 5 3 0 1 7 4
14 9 1 4 9 9 16 4 11 17 9
7 1 12 6 6 1 11 24 9 1 0
9 10 10 6 5 14 9 7 7 2 13
6 13 4 1 4 2 1 0 3 0 15
16 2 1 3 5 6 6 10 9 1 1
19 1 7 3 7 9 22 5 10 5 13
5 6 2 9 1 1 9 8 3 3 4
2 2 17 1 1 4 2 12 4 6 5
3 2 3 0 3 1 2 6 4 2 4
2 2 5 1 7 0 5 3 1 1 1
1 5 9 10 5 1 5 4 1 6 4
4 4 3 0 1 5 1 4 3 0 5
1 6 2 13 0 12 12 5 6 4 6
8 0 7 9 1 2 7 8 4 6 19
1 6 9 2 0 7 4 7 2 3 0
3 4 1 1 8 1 9 2 1 2 1
3 5 9 1 6 3 3 5 1 5 4
12 4 3 10 6 2 10 22 0 12 11
8 15 14 10 8 9 11 6 24 11 3
6 3 5 9 5 0 10 2 4 3 1
4 1 19 13 5 1 3 15 12 4 13
1 5 0 0 1 5 3 5 2 7 7
4 4 12 12 11 3 4 7 7 10 7
15 1 2 5 5 13 8 16 7 3 2
16 0 5 1 0 11 10 3 5 0 8
1 5 6 1 6 8 1 2 1 4 2
1 5 2 2 6 1 2 17 5 4 1
3 7 9 11 8 10 5 1 1 3 0
8 17 9 2 7 13 5 7 13 12 6
0 2 3 4 19 0 5 4 1 13 7
5 9 13 15 4 12 20 11 5 14 9
10 5 15 3 6 11 1 0 5 6 3
10 0 8 5 10 8 1 8 10 15 12
5 8 5 3 3 3 2 13 14 3 14
1 9 2 12 6 7 2 1 5 8 0
2 15 5 1 6 8 2 10 13 1 14
5 5 3 6 10 2 2 4 2 2 3
0 9 0 6 4 17 1 19 8 14 4
13 9 19 6 4 18 2 18 11 9 1
16 10 4 11 6 10 15 14 12 3 17
6 14 8 19 4 0 9 11 18 9 15
9 5 6 8 2 3 1 4 4 9 4
15 10 1 8 15 12 10 0 9 0 14
6 3 3 5 6 8 6 2 4 2 1
4 3 4 4 2 8 8 9 3 10 2
7 5 2 2 19 5 3 1 4 14 7
0 7 1 7 7 6 1 9 3 6 1
1 1 1 5 5 5 2 5 6 5 2
14 8 6 2 1 11 6 12 11 4 2
6 6 3 6 3 2 4 4 3 2 8
2 4 4 2 2 17 1 11 2 21 9
18 16 1 10 7 3 25 7 8 0 7
1 8 3 3 8 0 2 15 3 3 1
3 8 1 1 1 1 1 5 2 2 8
4 11 7 2 9 2 5 4 6 8 7
6 1 1 1 8 4 3 4 1 4 3
1 1 2 3 4 1 2 9 1 8 10
6 32 8 10 6 5 3 11 3 5 13
2 12 13 4 20 10 5 18 4 1 14
3 6 5 1 11 12 10 12 0 12 0
10 1 13 12 0 5 2 2 18 11 12
11 11 10 7 14 8 5 3 7 4 6
8 4 3 6 0 8 2 0 4 1 18
7 12 5 2 12 8 4 0 11 5 4
0 3 9 8 8 8 3 6 2 4 4
1 19 8 1 10 3 6 20 9 5 11
8 9 11 2 18 1 7 2 1 3 4
3 8 4 7 1 1 1 12 10 4 2
2 7 10 3 8 6 6 15 3 5 3
10 11 1 10 19 4 0 12 14 2 10
4 3 2 6 0 7 4 5 1 4 1
10 5 14 10 6 7 4 3 5 10 3
10 5 21 7 4 12 9 3 4 9 4
3 7 7 3 8 1 6 3 4 2 2
1 11 5 0 5 14 1 10 10 6 9
11 7 4 4 8 12 7 21 3 14 16
1 7 8 1 2 12 2 4 3 23 4
0 3 1 5 9 5 4 4 8 2 1
6 1 1 4 9 11 6 13 6 8 3
4 11 6 3 4 3 6 10 2 4 2
7 13 2 5 9 0 9 0 10 1 4
6 1 2 12 14 8 3 10 15 11 17
26 9 15 3 1 9 0 8 2 10 9
5 3 17 16 19 5 1 0 12 7 9
7 6 7 1 3 4 5 4 7 4 1
2 5 3 5 0 3 0 5 5 1 7
13 2 11 13 10 1 4 3 11 7 3
5 7 1 1 11 0 1 2 7 1 6
4 3 3 2 0 7 2 3 2 3 6
7 18 7 3 1 14 15 11 6 4 8
5 0 7 5 3 2 3 8 1 2 6
5 1 1 2 5 1 5 1 5 1 3
12 4 9 8 1 5 9 7 7 8 12
23 9 10 19 5 10 8 1 2 1 5
7 1 1 8 1 5 13 2 2 0 6
9 6 2 16 17 11 9 8 9 1 9
4 8 4 11 9 2 3 11 3 8 2
4 1 9 8 0 1 23 3 4 7 6
5 15 3 21 10 4 11 5 3 16 17
10 18 5 5 11 11 12 3 14 3 4
7 6 7 4 9 6 3 1 3 15 5
6 9 9 13 17 6 11 11 10 5 20
4 4 11 2 2 5 7 8 0 1 7
3 2 16 4 8 1 12 11 14 7 4
10 0 3 1 12 12 8 3 18 24 1
1 2 8 0 5 2 1 6 1 1 3
13 0 1 12 12 13 9 9 10 8 20
7 7 6 5 4 2 8 1 5 8 1
4 6 4 6 2 15 4 4 1 5 4
5 15 8 5 15 5 13 20 4 12 16
1 4 4 18 25 1 9 8 5 14 5
3 11 1 16 0 17 20 1 3 4 3
2 1 10 13 6 0 5 5 4 13 4
3 12 1 0 0 2 5 3 3 16 1
9 4 4 2 8 5 3 2 19 2 1
11 9 6 12 1 2 8 3 15 9 6
1 3 10 1 8 1 0 1 7 4 1
0 18 10 2 1 5 4 27 4 1 3
0 11 4 12 8 2 12 15 10 0 14
1 11 6 4 6 6 16 9 6 17 7
1 2 5 4 11 4 8 20 6 5 17
11 8 14 12 7 12 2 3 15 7 17
4 4 4 2 2 5 5 4 3 12 10
7 9 1 6 6 6 10 11 7 9 30
6 3 5 8 1 3 0 6 5 9 9
14 3 6 5 7 11 2 3 2 13 1
4 4 3 3 10 3 10 6 2 7 14
5 4 8 18 8 12 14 10 8 16 4
1 3 4 5 9 6 6 12 3 9 2
7 6 5 6 17 7 4 5 7 10 2
6 14 4 1 5 6 10 20 1 1 20
5 6 4 22 3 14 10 6 18 12 4
3 3 2 1 3 8 2 3 17 6 6
3 8 11 10 1 4 5 9 0 6 5
1 0 1 7 1 0 0 7 2 4 2
4 8 1 10 4 5 2 1 6 4 4
1 4 8 5 16 4 6 5 4 5 5
6 6 18 6 1 1 3 12 6 10 17
2 11 4 15 0 3 13 13 4 22 11
11 4 10 10 0 14 27 9 9 6 1
5 4 5 9 14 11 11 5 0 7 6
11 1 11 5 4 6 8 10 4 2 15
5 3 2 6 2 1 1 2 2 0 8
8 10 4 4 5 6 8 1 7 8 15
11 4 8 6 6 4 4 8 21 20 5
3 6 1 4 9 11 2 3 5 6 6
6 3 27 6 11 5 6 1 3 9 10
10 1 10 4 2 2 1 13 4 19 2
7 8 10 3 7 8 11 10 1 9 12
4 3 4 8 19 4 1 3 18 8 8
10 11 5 12 1 2 3 11 12 3 26
3 1 3 11 5 7 20 10 4 12 6
10 6 0 12 9 12 18 0 1 4 4
1 0 3 1 3 1 3 5 3 6 4
6 2 1 13 3 15 1 9 15 2 10
2 12 5 0 2 4 17 13 3 8 4
11 15 8 7 9 21 4 21 5 8 5
6 8 5 4 4 11 12 1 7 7 4
2 12 6 10 8 1 7 1 2 1 8
7 20 10 3 11 2 1 9 5 12 10
9 0 0 5 1 3 3 1 6 9 4
2 2 9 18 12 10 5 7 2 1 4
14 10 2 15 2 5 11 9 0 10 18
3 5 0 0 4 4 3 1 5 5 1
0 10 13 1 6 13 3 1 9 4 1
21 7 5 6 3 0 3 4 16 27 1
9 2 0 10 14 7 5 3 1 17 2
11 1 4 9 9 8 18 5 15 13 9
12 0 8 12 2 19 9 4 3 9 3
3 7 9 2 16 4 1 1 6 10 24
1 2 1 1 1 9 2 1 5 1 6
3 1 1 5 1 3 7 1 5 1 5
1 6 3 4 11 2 4 4 9 4 2
2 2 4 0 5 3 3 6 6 1 1
0 8 5 12 4 13 1 23 15 15 2
2 2 1 2 5 4 2 5 3 1 4
1 0 12 10 9 31 2 3 3 13 3
0 0 2 5 11 3 0 5 13 5 13
7 1 3 12 5 7 12 0 4 7 7
1 3 4 2 15 7 16 5 1 16 2
10 7 2 2 3 5 1 2 1 3 2
8 4 6 7 4 5 8 13 0 0 5
1 9 7 4 8 1 7 15 14 3 5
3 2 1 2 3 4 4 6 2 1 7
5 21 5 7 8 5 6 6 8 3 9
5 5 13 4 11 4 20 1 2 2 4
7 7 9 22 22 4 5 6 11 1 8
6 1 15 4 19 8 4 1 11 1 11
3 2 9 14 9 10 24 0 7 6 12
13 10 2 15 12 10 11 4 7 12 5
4 0 1 9 4 4 7 15 5 21 9
12 9 6 6 3 5 6 2 2 7 3
1 10 12 18 10 12 10 14 5 2 14
8 2 4 5 5 2 1 1 2 3 3
1 3 6 1 1 2 0 6 4 4 1
1 0 3 1 5 4 1 6 3 3 2
9 2 5 7 5 4 6 3 4 6 13
2 2 3 5 5 0 0 2 7 0 8
8 10 2 13 11 3 0 9 5 2 12
5 5 5 15 15 10 2 12 16 10 13
10 12 14 6 13 7 6 2 6 11 11
8 7 3 8 9 2 7 8 5 1 3
1 5 3 9 3 9 0 6 0 3 6
1 2 3 6 2 6 3 3 5 4 1
5 14 15 3 10 1 25 10 4 12 6
9 2 1 15 8 6 14 12 2 3 13
16 12 7 10 8 0 3 4 5 10 8
8 11 0 1 1 12 2 8 9 23 3
5 5 6 12 3 2 11 7 4 3 2
4 1 13 10 0 12 15 12 0 6 5
12 17 17 4 1 8 17 11 3 3 9
3 7 6 12 6 10 14 2 2 4 9
4 1 0 8 7 2 6 5 0 4 0
4 4 4 9 10 4 3 3 3 7 15
5 6 0 2 4 10 2 5 14 11 4
2 9 3 6 8 12 28 14 5 7 10
11 7 5 3 3 5 9 8 2 3 1
5 5 5 18 2 1 13 8 8 14 17
3 13 0 17 16 11 16 2 2 20 6
9 1 1 7 2 2 3 1 0 2 1
13 1 2 7 7 2 2 2 1 0 8
10 11 1 1 3 4 4 6 5 4 5
10 10 4 10 2 3 5 3 4 4 3
14 0 4 10 3 21 16 2 4 4 0
7 4 12 5 11 7 2 3 5 1 4
7 6 6 1 5 3 5 4 12 8 5
9 16 20 13 13 4 11 14 2 3 10
8 3 28 2 14 4 8 7 2 1 5
16 21 19 11 2 8 11 4 2 4 10
1 4 10 6 1 5 6 9 0 1 5
15 2 7 4 5 6 1 16 12 16 1
3 2 1 8 3 1 5 0 7 12 6
6 5 8 5 7 5 11 16 9 1 3
6 0 2 2 1 1 8 8 21 31 3
3 4 3 17 8 13 1 7 3 16 8
4 6 3 8 2 2 5 4 9 4 0
5 2 10 0 0 0 0 8 6 10 3
18 3 4 4 13 2 4 2 10 0 5
2 10 3 1 0 11 6 3 2 4 2
8 2 16 3 1 7 6 23 5 18 4
5 2 1 5 6 1 7 1 0 2 2
1 3 3 8 3 3 2 4 0 1 2
1 5 16 8 12 5 6 1 3 27 8
10 5 6 3 11 7 4 5 4 7 3
22 16 2 1 6 17 1 6 15 13 7
9 10 8 11 1 12 17 16 10 10 4
9 5 7 5 15 4 1 6 11 22 0
2 11 11 5 13 0 8 10 3 5 0
1 1 4 0 3 6 9 1 6 10 10
11 7 8 8 12 7 4 8 11 4 2
4 19 16 1 10 1 11 5 10 10 8
5 6 12 4 12 2 7 6 14 12 10
8 5 11 2 5 2 20 19 7 0 19
10 14 3 2 6 4 0 0 18 2 2
4 21 16 2 13 6 0 2 1 24 2
0 12 7 6 0 9 2 18 4 4 3
12 2 9 13 21 16 6 6 16 0 2
4 1 13 4 2 8 1 1 5 10 3
5 17 10 10 22 1 5 5 12 0 2
19 13 1 11 24 8 6 2 1 8 10
6 1 8 1 6 6 2 2 6 7 0
6 3 2 6 1 2 3 1 2 2 1
11 6 25 5 6 1 15 10 20 7 0
6 3 8 2 2 6 0 1 3 11 11
5 2 3 10 2 2 8 4 22 2 3
1 6 11 21 6 13 5 10 5 21 2
0 11 5 5 1 15 1 15 28 4 5
5 3 5 15 4 9 8 0 14 5 2
15 6 3 1 2 8 4 10 23 13 0
5 5 4 1 2 22 7 3 21 13 3
3 21 8 4 8 1 12 1 12 20 1
2 3 4 4 6 4 2 6 2 6 3
5 3 7 2 4 2 3 0 3 2 8
5 10 9 4 2 15 7 5 19 3 10
2 8 2 8 13 18 11 14 3 12 9
3 5 8 6 16 1 11 10 3 7 3
6 14 9 3 7 8 2 4 17 3 9
12 6 15 18 14 19 6 9 2 9 10
2 3 9 5 7 1 3 6 1 8 8
9 0 2 8 8 8 2 5 10 14 5
15 0 12 10 18 7 8 6 1 1 16
19 11 15 15 1 12 4 4 15 2 13
7 0 10 5 2 10 19 12 4 9 3
2 8 13 2 3 10 13 16 13 17 14
2 5 5 5 5 4 2 0 5 5 3
15 7 9 2 0 7 0 7 2 3 11
5 14 13 5 12 3 1 6 2 1 6
1 1 6 5 3 4 3 2 2 1 1
19 7 11 7 3 12 2 3 1 9 2
4 18 3 14 4 11 5 9 9 14 5
7 11 4 12 4 6 8 11 11 11 3
4 2 5 10 6 4 1 3 2 3 0
8 3 9 9 4 13 18 9 14 9 9
6 3 3 1 8 8 0 7 6 2 3
8 12 21 18 3 2 16 8 9 2 2
1 5 9 8 4 1 1 0 1 1 10
4 0 4 1 2 0 8 6 2 3 1
2 2 6 1 14 11 19 2 10 18 10
5 14 4 9 9 5 9 2 4 4 11
9 10 2 4 11 6 2 5 15 10 9
17 21 8 2 5 0 18 6 5 1 4
1 1 4 3 7 3 3 6 5 1 2
2 1 7 1 6 3 7 8 2 6 9
10 17 10 7 3 4 3 13 11 7 14
2 4 17 5 3 5 10 5 3 0 5
2 4 3 1 11 7 4 3 0 3 7
3 7 0 3 6 7 10 0 11 3 2
5 15 11 6 5 7 12 2 3 9 13
11 3 1 4 25 12 11 19 6 9 7
9 9 21 6 6 3 4 14 8 13 12
3 11 5 4 1 2 15 18 18 7 9
4 17 1 2 16 1 8 0 13 5 2
1 4 1 16 6 1 1 4 3 7 6
7 4 5 3 2 0 4 0 1 1 0
3 10 5 8 6 13 2 15 1 6 8
13 1 14 1 7 3 5 3 2 4 5
6 3 5 1 7 6 4 13 7 12 3
1 3 4 1 6 2 3 15 2 17 12
1 4 7 6 10 10 11 3 10 10 1
0 8 9 6 12 5 12 1 6 0 16
3 9 1 9 1 20 19 17 5 3 10
5 11 6 2 1 11 2 6 4 1 4
12 8 8 4 3 7 13 10 17 8 7
12 9 5 6 0 20 17 3 1 12 4
3 7 4 17 3 3 3 9 20 10 2
4 9 3 6 1 2 7 2 6 4 1
10 20 7 18 6 13 10 7 13 7 1
6 17 5 8 14 2 9 5 17 17 4
6 5 2 4 4 4 5 6 10 9 4
1 11 3 11 11 3 3 6 7 4 6
7 2 2 4 7 2 6 2 3 12 7
0 2 3 4 3 3 10 2 1 6 1
1 22 15 2 4 7 6 0 4 9 3
4 6 5 5 12 10 17 9 4 2 5
3 3 8 5 1 3 13 2 10 0 1
8 1 3 0 4 4 12 2 4 6 9
1 14 4 0 17 5 14 4 19 5 12
7 16 2 5 9 2 7 9 19 9 8
12 3 2 4 5 14 10 18 5 14 2
4 8 15 3 12 9 4 6 1 5 0
20 2 16 6 5 14 10 7 18 3 4
4 9 4 4 1 13 18 13 22 8 4
10 10 4 6 5 3 9 15 14 4 1
6 1 9 15 0 23 11 9 7 6 16
10 3 11 5 15 3 16 10 4 13 7
1 1 1 1 4 4 0 1 4 3 6
8 2 11 8 5 1 7 10 4 4 4
1 12 4 5 14 6 0 10 4 23 12
6 11 5 6 3 9 20 0 9 4 12
2 7 9 5 8 1 13 11 4 1 3
5 11 12 3 9 1 2 8 2 7 3
5 4 5 12 3 19 3 3 11 4 26
23 6 2 8 6 5 3 16 13 11 8
15 21 1 9 7 4 2 5 2 12 9
6 2 2 13 2 4 3 3 2 0 1
3 4 5 6 5 3 8 4 4 10 6
6 3 10 6 10 0 9 2 18 12 6
15 7 8 2 7 2 4 15 21 3 0
2 14 18 4 3 4 11 6 9 13 16
6 6 3 7 3 1 7 2 2 8 3
7 5 3 7 1 10 5 6 2 1 1
10 8 2 4 0 1 8 2 0 8 6
5 6 2 9 3 12 2 2 7 1 6
9 1 1 1 8 1 5 4 3 1 5
6 0 3 6 6 8 7 4 2 5 0
2 0 3 2 2 2 1 7 4 3 5
1 1 18 12 3 6 14 7 14 14 9
4 5 5 2 3 2 4 5 3 4 4
5 10 3 7 3 11 6 10 26 4 1
1 7 14 12 4 10 1 3 1 3 4
0 2 14 19 5 4 8 6 12 3 4
2 2 7 6 14 9 2 1 3 9 13
7 5 8 19 2 8 10 8 19 6 15
6 11 8 10 14 9 12 16 3 1 4
11 15 6 1 10 6 24 1 8 17 9
1 3 15 8 7 14 12 7 8 3 4
2 4 2 4 4 2 4 1 2 1 4
6 3 4 6 2 6 5 10 1 9 6
11 1 11 3 1 2 2 25 2 7 8
3 16 0 7 1 3 3 7 6 7 0
3 1 7 9 12 5 2 1 15 7 2
2 9 1 3 1 1 1 13 5 2 5
3 15 13 6 7 17 10 0 18 11 9
3 2 3 3 6 5 1 3 8 3 2
3 4 2 0 11 1 2 1 8 11 4
8 7 11 5 1 3 3 1 4 5 1
1 6 9 10 8 4 8 8 3 21 13
0 8 0 1 4 2 10 5 3 2 1
4 2 7 12 17 26 7 9 7 9 5
3 3 8 5 9 4 8 1 6 3 10
1 5 6 14 3 5 8 1 8 0 1
2 5 3 9 5 3 3 0 1 3 6
10 9 2 6 3 15 11 9 1 3 4
4 1 3 6 2 11 6 8 6 4 3
1 2 14 17 2 16 15 1 4 14 1
13 12 22 9 5 2 9 22 3 3 2
1 4 1 1 2 1 2 1 5 9 3
2 2 7 2 6 4 1 12 10 11 1
5 0 13 12 9 11 2 8 7 6 2
9 6 10 4 8 7 18 2 13 11 5
1 8 3 5 0 5 3 1 1 1 3
4 1 16 17 2 4 5 5 4 17 4
5 2 8 2 2 6 6 5 1 6 7
5 6 7 3 6 6 1 10 2 2 5
10 5 1 2 2 0 1 1 6 2 0
5 17 1 8 1 9 1 3 5 4 4
13 1 5 5 15 11 8 1 5 3 8
0 2 2 1 2 20 7 8 12 2 6
4 2 10 12 2 2 3 7 3 5 0
3 0 6 4 4 5 5 5 2 1 1
6 4 27 2 15 12 8 1 5 1 17
15 3 7 2 3 9 13 3 4 1 5
11 12 2 10 4 0 1 10 1 4 1
16 15 11 4 19 9 9 11 5 11 7
0 0 14 11 20 16 3 2 5 4 5
17 5 25 8 2 0 3 21 2 2 2
1 3 8 0 1 28 8 2 7 16 9
3 0 2 1 14 21 16 18 4 1 16
9 13 6 1 7 12 10 8 11 2 3
7 4 4 4 11 1 13 18 16 9 1
3 2 4 5 4 3 6 3 3 2 6
22 14 3 2 3 5 8 13 3 4 1
2 4 2 1 3 1 5 6 0 3 2
1 3 4 3 1 5 6 9 1 1 1
0 9 2 1 5 1 2 3 5 1 1
14 3 3 2 3 5 13 11 0 2 7
7 5 8 14 22 5 7 5 1 4 0
4 0 1 3 1 6 6 0 5 3 2
6 3 1 7 3 3 3 8 8 1 8
1 3 12 3 5 1 7 5 8 2 1
1 3 6 10 7 1 22 4 7 3 15
4 1 0 7 7 5 14 11 2 26 5
7 19 8 10 8 13 7 16 14 3 7
6 1 12 3 8 1 1 12 24 1 4
3 3 2 7 0 6 6 4 7 6 2
7 7 7 2 6 0 1 2 4 2 2
1 2 4 8 8 10 7 5 5 11 14
2 10 8 9 0 12 9 5 3 0 1
0 9 4 4 1 4 12 9 9 11 14
9 2 1 13 1 2 1 5 20 9 17
10 10 2 6 3 6 3 12 16 9 15
6 1 16 7 5 5 11 0 7 6 10
3 1 2 6 4 0 8 2 6 6 0
8 7 5 9 13 3 4 2 2 0 4
14 1 5 3 6 12 9 6 3 2 4
3 3 9 19 17 10 2 14 7 4 17
15 16 9 6 10 16 2 4 8 5 16
2 4 7 4 3 0 2 5 6 2 3
3 3 2 2 1 7 1 4 6 6 0
11 26 17 2 7 2 1 4 7 4 0
5 6 3 6 12 4 0 2 8 1 13
12 2 2 1 9 14 5 1 3 2 11
4 0 13 5 8 9 3 0 10 0 17
2 4 3 2 3 12 1 4 3 9 3
2 0 5 0 2 3 1 2 3 5 3
10 6 8 1 17 20 9 3 3 8 5
1 12 17 0 17 1 1 4 4 4 17
7 6 5 3 10 11 8 5 1 5 6
5 2 6 2 18 5 12 9 5 2 2
21 1 7 1 5 17 1 18 17 1 1
3 11 3 16 0 9 12 1 13 1 11
3 5 3 3 5 5 2 7 14 7 1
14 0 15 14 5 8 9 12 13 1 12
1 0 2 3 2 12 2 2 5 11 16
3 8 2 3 7 1 5 1 5 0 3
5 7 14 19 5 0 5 11 11 19 8
5 12 1 11 34 5 4 10 1 2 1
7 4 4 2 12 5 3 1 12 8 2
0 13 9 1 7 4 4 1 5 9 13
5 7 5 5 19 1 3 9 10 3 2
8 6 4 12 12 9 11 10 5 6 2
1 1 27 6 4 0 28 1 2 4 1
4 8 13 9 1 5 11 5 5 4 11
4 2 15 11 9 25 8 7 0 8 4
3 5 4 5 8 0 2 1 4 5 0
2 2 1 11 12 2 2 17 5 14 4
1 1 1 2 18 3 20 5 4 1 2
5 20 10 7 2 12 7 11 10 10 2
1 100
2 30
4 10
5 72
6 67
6 71
7 9
7 56
7 64
7 68
8 88
8 102
9 104
10 102
11 51
11 88
12 18
13 33
13 49
13 104
14 80
14 87
14 103
15 53
16 103
16 107
17 55
18 45
18 81
19 38
19 88
19 101
20 34
21 71
21 98
21 119
22 29
22 57
22 90
22 114
23 100
24 34
24 64
24 122
25 121
26 50
26 81
26 125
27 98
28 41
28 43
29 55
29 84
29 107
31 77
31 80
31 93
31 98
32 65
32 112
33 53
33 60
33 95
33 131
34 37
34 101
34 113
34 127
35 83
36 40
36 84
37 97
37 127
37 130
37 135
38 100
39 66
39 108
39 112
39 114
40 86
40 139
41 48
41 85
42 43
42 64
42 78
42 88
42 102
42 112
42 113
42 126
43 53
43 128
44 69
44 93
45 56
45 79
45 133
45 135
46 85
46 106
48 82
50 103
50 135
51 56
51 73
51 104
52 66
52 112
53 149
53 153
54 95
54 123
54 125
55 106
55 143
56 84
56 146
56 148
56 155
57 76
57 125
58 131
59 61
59 128
60 117
61 119
62 63
62 131
62 134
63 107
64 106
64 159
65 130
66 74
66 130
67 74
67 117
67 148
67 152
68 71
68 81
68 87
68 120
69 141
69 157
69 166
70 80
70 111
71 96
71 117
71 128
72 122
73 114
74 119
75 128
75 164
76 119
76 123
76 124
76 160
77 109
77 142
77 164
78 85
78 94
79 175
80 82
80 91
80 118
80 159
81 92
81 171
82 151
82 170
83 165
84 116
84 120
84 168
85 129
86 106
87 144
88 105
88 176
89 126
89 184
90 152
90 171
91 114
91 130
91 133
92 96
92 108
92 117
92 129
92 134
92 147
92 170
93 181
95 98
96 101
96 119
96 171
97 139
97 149
97 183
98 111
98 160
98 175
98 180
100 153
101 163
102 120
103 166
104 117
104 129
104 139
104 159
105 157
105 175
105 176
105 185
105 205
106 174
106 199
107 130
109 174
110 116
110 161
110 197
111 115
112 161
112 170
112 179
113 206
114 121
115 165
115 202
116 191
117 150
117 156
118 163
118 214
119 164
119 166
121 173
121 193
123 142
123 178
123 184
123 188
124 168
125 169
126 134
126 204
126 209
127 147
127 216
129 146
129 158
130 148
130 154
130 181
132 137
132 139
132 142
132 198
132 224
132 232
134 135
134 165
134 220
135 158
135 195
135 200
136 158
136 189
136 222
137 145
138 228
139 190
139 224
139 227
139 233
140 152
140 195
141 144
141 214
142 155
142 157
142 176
142 226
142 233
143 158
143 177
143 190
144 217
144 220
144 226
145 169
146 160
146 168
146 201
146 238
148 156
148 192
148 215
150 168
151 197
151 210
151 244
152 189
153 219
153 251
154 226
154 231
154 237
155 202
155 225
156 168
156 201
157 209
157 227
158 162
158 186
158 225
159 197
159 224
159 241
160 183
160 208
160 211
162 185
162 203
162 254
163 259
164 166
164 183
164 184
164 186
164 224
164 231
164 243
164 250
166 232
166 238
167 189
167 200
167 207
169 201
169 202
169 228
169 249
170 196
170 206
170 216
170 259
171 207
171 245
171 246
172 216
172 244
174 248
175 198
176 181
176 268
177 199
177 214
178 210
179 221
179 227
179 228
181 209
181 219
181 255
182 184
182 196
182 255
182 281
182 282
183 192
184 224
184 251
184 256
184 269
185 192
185 211
185 239
185 268
185 272
186 205
186 262
187 205
187 208
187 258
187 262
187 271
188 189
188 211
188 233
188 251
189 227
189 267
190 198
190 261
190 270
190 289
191 210
191 214
191 237
191 238
192 224
192 225
193 230
194 221
195 269
196 224
196 234
196 249
197 250
197 293
198 209
198 211
198 267
199 283
200 249
200 283
203 296
204 209
204 270
204 283
204 304
205 214
206 208
206 233
207 246
207 267
207 291
208 216
208 291
209 255
209 275
209 276
209 285
209 289
210 211
210 238
211 229
211 246
212 225
213 232
214 227
215 229
215 252
215 289
215 303
216 272
217 283
218 248
218 249
219 241
220 280
221 236
221 267
221 287
221 292
221 315
222 248
222 279
222 315
223 236
223 312
224 238
224 271
225 242
225 244
226 288
227 276
228 238
228 250
228 253
228 297
228 313
229 235
229 287
229 294
229 316
230 289
232 239
232 254
232 256
232 295
232 307
232 329
233 288
233 296
233 308
234 246
234 282
234 310
235 251
235 267
235 295
236 250
236 291
237 292
237 300
237 323
237 327
238 290
238 310
238 311
239 260
240 268
240 318
240 339
241 314
241 321
242 247
242 312
243 249
244 305
244 323
245 246
245 252
246 277
247 289
247 336
248 272
248 321
248 334
249 250
249 287
249 289
249 326
250 321
250 348
251 293
252 254
252 256
253 290
253 297
253 314
253 333
254 344
255 265
255 273
255 281
255 344
257 355
260 329
261 279
261 288
262 359
263 270
264 328
264 340
265 289
265 335
265 340
265 360
265 363
266 328
266 357
266 363
267 308
267 328
267 360
267 367
268 350
269 323
269 356
269 362
270 290
270 355
271 289
271 302
271 344
272 286
272 311
275 316
276 344
278 301
278 312
280 311
280 338
281 372
282 299
282 301
282 380
283 293
283 321
284 297
284 375
285 330
287 326
287 361
287 368
288 297
288 339
288 361
289 376
291 300
291 333
291 375
291 385
292 338
292 361
292 365
293 330
294 301
294 330
294 386
295 352
296 301
296 388
297 303
297 348
297 389
298 391
299 355
300 303
300 359
300 376
301 339
301 349
301 365
302 317
305 398
306 346
308 343
308 388
309 318
310 345
311 313
311 332
311 354
311 369
311 397
312 332
312 347
312 351
312 384
312 385
313 328
313 333
313 375
314 374
314 383
315 323
316 337
316 352
318 319
318 334
318 367
318 416
319 325
319 346
319 356
320 334
320 372
321 354
321 373
321 375
322 361
322 397
323 419
324 329
324 344
324 400
325 332
326 376
326 398
327 367
327 413
327 423
328 343
328 379
328 414
329 358
329 418
330 383
331 337
331 364
332 389
332 423
334 338
334 419
335 389
335 393
335 412
336 436
337 349
337 390
337 413
338 343
338 354
338 364
339 421
340 426
342 364
342 365
343 384
343 415
343 430
344 353
344 409
344 423
345 369
345 377
346 383
346 402
347 427
348 399
349 416
350 361
351 434
353 370
353 401
353 429
354 362
354 392
354 393
354 412
355 360
355 410
355 450
356 395
356 428
357 445
358 393
358 427
358 431
358 438
360 423
361 364
361 366
361 406
361 414
361 430
361 455
363 415
363 436
364 457
365 366
365 440
366 373
366 403
366 428
366 465
367 371
368 390
369 404
369 415
370 433
370 437
371 385
371 443
372 428
373 410
374 466
375 401
376 422
376 433
376 461
377 387
377 441
378 380
379 384
379 406
379 413
380 471
381 388
381 440
383 431
383 456
384 456
384 458
384 481
386 392
386 400
386 428
386 445
386 453
387 478
387 482
388 481
389 390
389 404
389 483
390 458
390 462
390 472
391 463
392 407
392 444
393 414
393 419
393 422
393 438
393 477
394 440
394 472
395 484
395 492
396 480
396 496
397 491
398 431
398 450
400 476
400 488
401 420
401 421
402 419
402 437
402 496
403 414
404 434
404 497
405 468
406 408
406 413
406 463
406 501
407 501
408 409
408 489
409 447
409 449
410 482
411 493
412 495
413 434
413 473
413 491
414 447
414 458
414 459
414 462
415 431
416 427
416 465
417 426
417 495
418 425
418 454
418 470
418 514
419 420
419 437
419 497
420 450
421 473
421 507
421 516
422 474
423 444
423 448
423 506
424 467
424 475
425 441
425 446
425 456
425 525
426 435
426 503
427 507
428 478
428 484
429 433
429 489
430 455
430 481
431 437
431 466
431 491
432 445
432 450
432 471
432 506
432 521
433 454
433 487
433 500
434 514
436 445
437 445
437 456
437 486
438 526
439 510
439 518
440 469
440 478
440 480
440 486
440 520
440 526
441 472
441 484
441 538
442 524
442 534
442 538
444 481
446 470
447 476
447 546
448 511
451 474
451 527
452 491
452 523
453 532
453 545
453 546
454 543
455 555
456 516
457 553
458 472
458 483
458 505
459 543
460 537
460 541
461 534
462 518
462 551
463 483
463 494
463 498
466 565
467 521
467 541
468 497
468 504
469 521
469 533
470 492
470 500
472 525
472 567
472 572
473 476
473 509
473 518
473 528
473 531
474 508
474 518
474 520
475 480
476 571
476 572
477 495
478 565
479 555
479 567
479 578
480 561
481 541
484 522
485 521
486 539
487 489
487 490
488 577
489 499
489 540
489 553
489 563
489 576
489 589
490 526
490 528
490 581
491 508
491 544
491 549
491 562
492 503
492 587
492 591
493 513
493 556
494 544
494 571
494 581
495 578
495 591
495 594
496 510
496 521
497 531
498 589
499 502
499 508
499 518
499 526
499 564
500 578
501 588
502 508
502 543
502 565
502 569
503 511
503 551
503 564
505 582
505 603
506 555
506 570
507 598
508 517
508 540
509 550
509 568
511 588
511 600
511 602
511 611
512 531
512 534
512 578
513 575
513 599
514 579
515 527
515 552
515 598
515 609
516 548
516 578
516 611
517 546
518 532
519 569
520 556
520 558
521 546
521 571
522 595
523 551
523 579
524 560
525 585
526 553
526 614
527 531
527 625
528 549
528 576
529 558
529 595
530 534
530 586
530 605
531 572
531 597
531 610
532 571
532 615
533 538
533 558
533 586
534 592
535 548
536 588
536 618
537 568
538 566
538 579
538 599
538 619
539 585
539 596
539 603
540 572
540 612
540 635
540 636
541 549
541 569
541 593
541 616
542 611
543 610
544 571
544 600
544 636
545 556
545 573
545 605
545 612
546 587
546 624
547 583
547 646
549 646
550 649
551 599
551 601
552 609
554 562
554 573
554 576
554 582
554 644
556 562
556 575
556 577
556 583
557 564
557 647
557 656
558 593
558 655
559 651
560 580
560 622
561 632
561 648
562 612
562 654
564 583
564 613
565 596
565 639
565 650
565 658
566 598
566 646
567 620
567 635
569 633
570 610
571 616
572 575
572 641
572 670
573 593
573 603
573 627
574 619
574 631
575 594
575 613
575 675
576 597
576 656
577 619
578 587
578 617
578 629
579 628
579 637
579 671
580 667
580 670
581 601
581 604
582 584
582 657
583 648
583 666
585 636
586 653
586 672
586 676
586 681
587 635
587 678
591 599
591 602
591 603
591 645
591 679
592 665
592 690
593 650
593 691
594 671
594 676
594 692
595 653
596 599
596 613
596 647
596 653
596 665
597 641
597 647
597 672
598 615
598 656
599 686
600 617
600 634
600 689
601 610
601 693
601 699
602 655
603 613
603 614
603 624
603 628
603 669
605 663
605 672
605 684
605 685
606 631
606 641
607 649
607 664
609 663
609 679
610 660
610 684
611 640
611 653
611 661
612 620
612 684
613 651
613 657
613 669
614 673
614 693
614 695
615 640
615 643
615 652
616 622
616 669
616 685
616 704
618 672
618 701
618 702
620 621
620 625
620 683
620 692
621 653
621 683
621 686
622 675
622 692
623 624
623 648
623 679
624 636
624 674
624 710
624 713
624 719
625 646
625 664
625 685
626 660
627 646
627 674
628 675
628 703
628 707
628 720
629 672
630 631
630 662
630 664
630 721
630 729
631 643
631 701
632 660
633 668
633 688
633 693
633 718
635 699
635 702
635 706
635 715
636 638
636 665
636 680
636 692
636 733
637 654
637 675
637 689
637 690
639 657
640 666
640 684
641 653
641 658
642 660
642 686
643 648
643 712
643 723
644 660
644 668
644 676
644 685
645 647
645 738
645 742
646 648
646 670
647 674
647 706
648 676
648 700
649 710
650 736
650 749
651 680
652 732
653 728
653 730
655 707
656 671
656 688
658 668
658 669
658 699
658 740
659 701
659 744
660 671
660 688
662 750
665 704
665 710
666 714
666 763
667 749
668 697
668 759
669 767
670 682
670 752
671 735
671 746
672 682
672 693
672 735
673 676
673 686
673 696
673 722
673 746
674 680
674 705
674 706
675 694
676 677
676 680
676 695
677 678
677 682
677 696
679 733
680 707
681 686
681 725
681 765
681 768
682 695
682 777
683 688
683 720
684 698
686 757
686 779
686 780
688 697
688 754
688 760
689 709
689 720
689 725
689 776
689 777
690 693
690 713
690 725
690 735
690 752
690 762
690 774
690 787
691 710
691 719
691 731
691 754
691 789
692 707
692 709
692 790
694 782
694 789
694 791
696 778
697 782
697 789
697 796
699 778
700 788
701 766
702 788
703 712
703 717
703 737
703 778
703 791
703 797
704 768
704 788
704 796
705 748
706 725
706 794
707 727
707 729
707 787
708 729
708 799
709 728
709 790
710 726
710 744
710 759
710 781
710 806
710 810
711 743
712 759
713 735
713 788
714 790
714 806
715 734
715 798
717 726
717 746
717 774
718 761
718 796
720 741
720 763
720 780
721 754
721 792
722 796
723 750
723 765
723 819
724 733
724 781
724 800
725 733
725 751
725 754
726 748
726 751
728 740
728 758
728 793
728 810
729 741
729 770
730 823
731 766
731 768
731 783
733 753
733 760
734 760
734 811
735 748
735 751
735 825
735 828
736 817
738 758
739 767
739 776
739 837
740 791
740 819
740 827
741 795
741 803
742 794
742 816
742 832
743 752
743 778
744 755
744 773
744 807
744 821
744 844
745 777
745 779
745 842
746 757
746 773
747 752
748 800
750 752
750 821
751 761
751 785
751 792
751 801
752 771
752 802
752 804
752 844
753 820
755 779
755 799
755 833
755 852
756 767
756 784
756 799
756 803
756 826
757 791
758 842
758 852
759 770
759 798
760 763
760 784
761 777
761 804
762 775
762 777
762 797
764 821
764 854
765 815
765 816
765 845
765 856
767 789
768 845
768 866
769 817
769 859
770 796
770 829
770 869
773 856
773 870
774 813
774 853
776 800
776 832
777 818
777 835
778 829
779 780
780 810
780 859
781 839
781 867
782 812
782 847
782 862
783 795
784 804
784 817
784 835
786 815
786 861
787 818
787 870
788 793
788 808
788 822
788 829
788 835
788 868
789 837
789 865
790 813
791 807
791 816
792 803
792 811
792 885
793 809
793 819
793 837
793 858
793 873
793 880
794 837
795 798
795 802
795 811
796 870
797 799
797 821
797 847
799 875
799 899
800 804
800 807
801 886
803 810
803 823
803 877
804 826
806 895
807 878
809 824
810 860
811 854
812 895
813 830
813 897
815 825
815 893
816 865
817 871
818 826
818 862
818 896
821 872
822 858
824 872
825 827
825 868
826 838
826 846
826 876
826 905
827 925
830 835
830 857
830 904
830 909
831 839
831 845
831 864
835 863
835 908
837 838
837 839
837 886
837 934
839 901
840 846
840 870
840 895
841 844
841 937
842 853
842 893
843 891
845 867
847 866
847 914
848 888
850 909
850 919
851 928
851 936
852 867
852 944
853 906
853 921
853 936
854 885
855 897
855 908
855 921
856 876
856 917
858 892
858 898
858 930
859 942
860 923
861 927
861 935
863 864
863 934
864 923
865 929
865 964
868 908
868 963
869 886
869 896
869 930
870 886
870 902
870 939
871 901
872 881
872 903
872 952
872 958
873 941
873 954
875 879
875 880
875 894
875 897
875 954
876 955
877 887
877 961
878 938
879 892
880 918
881 903
882 930
883 920
883 938
884 927
884 929
884 968
884 980
886 919
887 910
888 981
890 910
890 923
890 958
890 971
891 939
891 976
891 987
892 979
893 914
893 939
893 941
893 986
894 919
895 901
895 925
895 953
895 957
895 965
897 930
897 989
898 914
898 922
898 950
898 980
898 996
899 919
900 904
900 936
900 995
901 915
902 968
902 974
902 991
904 919
904 942
904 981
905 922
906 951
907 917
907 998
908 927
908 936
908 943
908 961
909 923
909 931
909 951
910 912
910 942
910 977
910 989
911 915
911 977
913 956
913 963
914 976
915 946
915 982
915 988
916 932
916 938
916 997
917 971
917 979
917 995
919 978
919 980
920 985
920 987
921 974
923 951
923 956
924 990
925 935
925 945
925 979
925 991
926 977
926 994
928 959
929 967
929 990
930 937
930 966
930 986
932 963
933 938
933 970
934 960
934 993
935 959
935 998
936 950
937 995
939 949
939 986
939 991
940 966
940 972
940 985
941 979
941 996
943 984
945 988
946 950
946 989
948 989
950 971
950 994
952 978
954 987
955 976
957 962
958 993
959 967
960 968
963 999
965 978
967 976
967 985
968 979
968 996
977 985
977 989
977 997
977 998
978 980
980 994
983 990
985 989
985 997
985 998
992 993
2 1 12 6 1 10 5 10 14 14 9
13 25 2 6 13 13 7 5 14 21 17
3 4 11 7 0 4 7 10 12 14 3
7 15 13 23 6 12 6 5 4 1 6
11 3 8 4 3 5 2 2 3 4 18
15 20 10 4 2 17 2 24 1 37 11
12 3 1 14 32 6 5 14 2 13 14
18 11 12 7 5 11 9 9 40 2 29
5 15 27 11 2 18 17 18 14 5 3
0 1 4 1 7 20 18 9 6 1 2
1 4 9 44 6 15 10 18 16 13 2
1 2 17 14 1 15 8 15 1 3 8
12 12 11 7 5 3 1 2 14 14 5
5 3 12 6 2 3 4 8 13 2 10
2 13 7 3 9 3 26 15 5 12 36
2 10 18 4 2 8 12 4 3 2 7
3 8 20 15 11 21 9 6 2 19 2
0 5 16 4 9 4 1 1 0 9 3
8 4 4 16 6 10 1 4 4 8 1
2 19 2 7 1 0 7 1 12 0 6
14 7 19 22 21 16 11 12 23 31 14 24 21 23 1 23 13 30 30 40
13 4 12 8 19 20 7 7 10 12 6 16 12 11 8 16 7 18 12 18
6 2 4 1 7 4 3 1 2 2 1 7 4 3 1 5 1 8 2 10
27 11 29 35 35 16 10 20 27 46 20 32 33 36 4 40 24 42 41 50
11 1 13 12 17 16 6 5 11 25 10 22 9 11 8 20 14 26 16 20
5 4 5 4 10 6 3 1 3 6 2 9 8 4 2 10 5 16 7 15
52 17 56 42 63 37 55 39 29 55 40 58 45 58 48 56 38 62 57 53
16 1 20 16 10 11 4 6 19 27 17 27 10 15 6 24 19 26 15 28
40 19 43 41 28 31 28 19 33 46 39 47 34 42 12 41 40 53 45 56
1 3 4 2 2 2 4 1 1 6 1 2 5 5 2 2 1 5 4 15
48 31 59 35 59 39 27 43 46 61 24 46 55 60 50 66 34 68 43 79
25 24 27 29 42 31 36 8 13 39 20 34 27 23 21 30 33 51 48 45
47 12 49 40 56 38 35 25 29 57 36 63 31 55 36 50 39 61 52 54
41 30 48 36 55 35 31 26 17 42 21 31 49 49 37 51 36 73 45 63
58 34 54 36 64 47 50 37 24 61 46 58 44 60 29 49 35 62 56 65
42 10 40 34 51 26 28 30 33 55 32 52 29 52 30 45 21 53 41 50
20 7 22 10 18 8 8 4 13 32 18 20 14 15 9 22 13 28 19 31
29 28 35 34 56 32 39 14 9 52 15 34 36 38 28 39 32 62 51 56
57 20 64 30 51 29 46 28 32 57 47 48 52 58 41 52 35 69 55 54
11 7 12 8 17 11 18 1 5 26 13 17 13 7 8 11 14 30 25 23
3 2 6 6 13 4 6 1 1 8 1 8 11 8 6 9 5 19 6 20
22 5 20 12 19 19 14 3 5 11 11 25 15 21 11 15 15 31 17 25
29 18 28 13 42 28 23 21 17 41 5 31 26 40 23 33 7 43 20 48
44 27 49 24 49 30 51 21 11 60 39 41 30 45 50 39 30 58 49 52
27 22 33 41 47 31 37 25 24 69 34 44 26 39 46 44 29 55 51 58
30 33 25 23 46 34 33 18 4 37 16 25 32 31 20 28 17 45 39 44
27 16 23 14 29 13 25 6 9 41 24 24 17 25 16 19 19 40 35 32
45 28 46 43 56 23 40 25 14 39 21 42 47 50 38 50 38 69 50 61
12 2 13 10 17 6 8 1 6 22 15 19 11 10 9 16 19 34 22 20
7 12 7 1 11 11 8 5 1 16 1 3 9 7 11 9 1 17 4 20
12 8 16 22 35 14 25 17 17 41 15 30 18 27 20 27 13 40 30 38
24 7 32 28 40 32 28 17 13 23 13 30 31 33 23 30 19 43 36 37
13 7 8 8 20 7 9 1 1 13 6 10 16 12 1 6 5 23 20 16
34 15 36 22 50 29 48 16 5 28 22 40 34 39 20 29 28 55 44 35
25 14 34 23 34 18 27 13 23 52 28 33 26 35 16 27 18 38 39 52
30 29 35 28 33 31 35 17 14 48 37 28 34 27 31 25 27 47 45 47
13 1 18 14 30 2 15 13 9 26 10 23 16 27 13 21 4 35 22 34
46 7 49 41 50 36 30 18 27 54 40 60 35 45 23 49 44 66 57 47
8 8 11 6 20 17 15 1 6 21 6 13 14 10 13 14 10 30 20 25
22 20 21 13 24 6 14 9 7 34 11 16 17 18 12 24 19 31 25 34
24 22 26 24 40 12 23 17 8 43 15 22 29 29 12 31 27 47 39 37
4 1 12 1 6 1 7 1 2 9 7 4 9 8 11 6 5 17 6 17
25 1 21 14 31 19 8 14 15 34 17 26 16 28 9 21 6 27 22 27
48 42 46 47 65 45 44 37 17 69 34 48 45 47 46 55 36 59 60 69
48 20 58 29 44 17 48 15 26 59 49 47 39 48 43 44 39 64 55 58
2 4 3 1 4 5 8 1 1 7 1 6 2 1 1 3 4 9 5 12
29 29 38 32 46 27 47 21 18 44 31 35 38 33 44 41 29 57 49 57
15 9 12 22 31 22 17 19 16 37 5 31 9 24 15 32 7 26 21 33
18 10 24 26 23 19 17 14 27 42 21 33 23 27 12 31 22 39 34 48
5 1 5 8 6 8 9 1 2 16 7 15 1 3 9 13 13 18 8 12
51 24 59 35 61 18 41 32 20 62 33 45 49 57 39 60 41 74 54 64
37 24 34 40 57 20 29 37 29 58 27 44 38 46 27 49 20 49 51 64
26 16 28 22 31 31 16 16 19 36 15 26 30 29 11 28 17 40 29 43
9 5 13 4 10 5 11 1 5 13 5 9 10 13 11 7 4 12 5 20
20 12 25 13 27 16 20 8 16 44 20 28 13 27 23 24 15 34 25 42
7 1 4 1 8 4 2 1 1 12 1 6 3 5 3 3 1 10 2 10
22 12 19 8 30 23 19 9 8 32 12 23 13 19 15 19 5 26 21 28
20 8 21 8 19 10 15 7 13 36 20 24 9 18 9 15 9 21 23 31
12 9 13 16 23 13 6 12 10 19 5 17 18 19 8 23 10 21 14 33
47 42 51 23 63 41 42 37 24 49 18 31 53 53 49 47 17 52 43 72
1 1 3 1 4 4 2 1 1 3 1 3 6 3 3 1 1 11 3 8
6 9 6 6 12 6 8 4 4 15 4 10 6 7 3 11 1 9 10 27
19 19 19 4 24 21 16 14 10 28 4 15 22 19 23 21 9 33 10 33
38 23 45 39 56 22 36 21 26 69 34 50 30 47 33 54 42 62 54 65
18 1 16 9 18 16 9 9 12 15 10 21 13 16 7 14 6 15 12 21
49 35 54 21 56 35 42 29 24 67 37 42 42 50 44 46 32 62 48 64
37 26 40 30 54 16 38 18 19 58 31 39 35 49 37 46 31 60 47 62
39 12 41 37 27 31 24 13 31 45 35 46 31 37 15 39 35 48 44 51
12 2 9 7 12 11 8 2 5 18 10 13 11 9 8 11 11 26 13 18
45 25 42 26 56 42 35 23 16 47 26 45 37 45 27 45 32 64 42 49
32 19 34 28 43 33 24 25 23 46 22 40 29 38 37 43 22 42 31 54
12 3 14 6 7 4 3 1 10 16 14 13 8 8 10 13 12 22 12 19
1 5 5 5 11 5 9 1 1 6 1 5 12 6 5 6 4 19 7 20
32 14 34 23 45 24 20 27 27 53 22 40 24 41 24 41 13 46 30 52
9 3 12 7 8 10 4 4 5 25 9 13 6 7 10 16 11 22 8 20
7 2 5 4 5 5 4 3 2 11 6 7 6 6 5 7 4 13 6 13
53 30 53 45 66 47 46 39 32 74 48 60 38 60 37 50 33 64 65 67
39 25 45 27 51 26 46 27 16 56 36 41 35 51 29 28 21 51 51 57
24 2 33 17 29 2 23 14 19 47 26 36 17 37 19 30 20 45 33 44
16 1 21 12 13 12 2 9 17 24 18 22 12 15 8 21 13 23 13 28
8 5 7 6 8 5 12 4 3 19 8 14 3 7 2 7 7 15 11 15
18 16 15 14 30 13 26 4 3 31 12 25 13 15 12 21 19 34 31 28
3 1 3 3 2 4 5 1 1 8 3 10 1 1 3 7 5 13 3 12
6 4 14 8 8 10 9 1 10 12 9 11 9 8 7 9 13 18 12 18
28 25 35 28 33 18 10 24 21 48 16 21 42 35 22 42 29 52 32 51
18 10 19 10 25 22 10 9 12 30 11 17 18 15 15 23 13 34 18 25
43 16 48 36 28 29 24 10 38 51 39 43 40 43 22 39 33 52 47 62
18 12 23 11 24 14 23 8 1 13 11 13 26 23 16 14 11 38 22 35
52 25 54 44 54 29 39 26 36 67 44 49 52 55 17 55 49 67 62 54
29 9 35 19 34 21 27 12 16 32 23 32 29 34 6 20 19 39 37 39
3 4 7 1 4 5 5 1 4 10 2 4 5 5 2 2 1 8 10 16
3 1 2 3 5 1 2 2 1 7 1 5 5 6 1 4 1 6 3 17
21 12 19 23 31 20 9 16 15 36 11 29 16 25 17 39 15 33 19 44
46 19 52 42 51 36 34 29 36 59 36 49 49 60 28 50 28 68 50 65
38 35 37 23 46 39 16 31 31 46 21 32 40 38 33 43 25 45 36 54
23 11 25 12 26 24 11 15 16 38 15 22 22 26 17 25 9 31 22 38
48 22 53 35 53 29 37 16 29 59 41 50 43 52 36 49 42 73 50 59
13 4 10 12 18 8 6 9 9 18 7 20 9 15 2 17 5 15 10 24
5 1 8 3 6 1 3 1 4 15 8 7 9 5 1 4 4 16 12 17
13 7 22 11 13 15 14 1 12 20 11 12 23 17 7 10 13 30 24 29
7 13 5 7 15 10 15 2 1 9 3 5 14 7 2 1 2 19 19 21
34 19 29 20 28 19 26 8 23 40 27 32 21 31 27 27 20 33 32 45
2 1 6 4 3 3 1 2 4 16 6 4 3 2 3 4 5 12 6 9
12 1 10 2 1 1 1 1 6 15 8 12 1 6 9 10 6 11 3 13
12 10 9 3 7 7 14 1 5 21 9 15 4 6 10 9 8 15 11 19
23 7 19 11 17 10 21 5 9 32 22 28 6 19 13 18 20 30 23 20
31 26 35 13 45 35 31 24 14 40 13 22 36 39 37 34 8 41 26 56
25 18 33 38 36 27 30 12 23 47 26 37 40 36 21 40 36 60 45 58
16 8 17 17 21 19 9 16 16 21 12 23 15 19 8 22 10 18 17 31
26 8 24 13 27 22 13 10 14 25 18 24 24 22 10 17 10 31 27 31
55 21 55 36 51 22 24 29 34 60 46 52 41 52 33 52 46 62 53 53
12 1 9 5 9 6 4 5 5 19 6 14 3 10 2 11 1 6 6 21
20 13 29 31 41 26 15 21 21 32 17 31 33 32 21 38 25 43 33 46
10 8 14 13 22 20 18 6 1 9 6 14 20 17 11 9 11 30 17 20
5 1 8 1 1 1 1 1 4 12 9 6 6 3 6 3 7 14 7 11
31 20 37 27 45 36 42 9 18 55 32 38 32 31 27 35 35 54 56 44
33 28 35 24 51 33 30 18 7 34 14 27 40 39 19 34 22 55 40 51
26 23 35 24 34 14 28 15 17 31 22 21 37 31 26 32 18 46 37 47
5 1 2 9 7 3 3 8 5 18 3 13 2 10 4 9 2 7 3 15
42 21 45 20 58 35 25 27 21 44 24 39 43 48 34 46 24 58 35 48
19 9 25 44 45 26 26 20 24 47 23 42 30 30 23 44 31 60 48 45
10 5 8 8 13 14 13 2 4 13 4 13 9 10 1 7 7 20 15 16
57 38 60 41 60 47 45 32 30 65 44 50 47 58 64 56 32 61 51 76
12 1 9 1 5 6 6 1 5 13 8 14 4 6 7 8 7 14 4 15
26 16 27 23 32 17 11 18 14 38 16 25 29 25 13 32 22 38 32 44
11 2 16 11 19 13 12 2 7 13 7 21 13 14 15 22 12 28 11 31
39 31 41 48 56 36 38 19 17 44 25 45 45 44 39 51 50 73 54 56
20 15 16 20 32 33 24 11 2 20 8 23 21 18 15 21 19 37 26 22
17 11 15 13 18 18 14 10 8 11 7 14 17 18 1 10 7 18 18 26
37 29 49 35 41 20 28 25 26 36 30 29 51 41 30 46 31 57 46 63
46 19 50 49 60 43 37 27 38 50 35 57 47 56 48 60 38 67 50 67
11 1 20 12 11 3 8 2 11 25 15 17 15 19 3 11 12 25 17 24
7 4 3 6 14 12 12 1 1 7 1 9 9 6 1 7 3 18 13 16
1 6 2 6 7 1 1 1 1 9 2 2 8 2 1 8 5 15 10 19
8 4 7 1 9 1 16 1 1 21 7 12 1 10 1 3 5 11 14 13
13 13 18 3 24 16 25 4 4 23 10 9 20 18 19 8 5 25 23 30
31 13 35 19 33 11 21 19 20 58 30 35 22 36 24 34 24 47 34 45
33 15 35 16 32 31 12 17 22 36 22 25 33 31 24 28 16 43 27 42
10 1 7 2 8 5 10 1 1 13 8 16 1 5 5 7 7 15 6 4
46 18 53 27 47 33 38 21 23 41 41 47 46 47 16 35 33 60 52 55
19 7 26 22 34 22 25 14 17 29 12 31 22 32 20 32 16 40 30 44
24 4 33 14 19 6 16 6 16 33 24 23 23 24 24 22 20 41 23 36
9 13 10 15 17 4 6 10 1 15 1 8 18 12 2 16 12 24 16 26
36 17 44 34 43 36 34 23 20 30 28 39 43 39 22 38 30 55 43 52
39 25 52 57 65 31 38 27 40 67 31 56 46 56 48 73 50 80 61 79
35 21 37 28 40 34 21 31 37 58 23 40 35 42 30 48 29 58 37 51
9 9 7 20 30 21 22 9 9 30 4 26 10 16 14 25 11 30 25 31
19 11 22 27 31 15 7 17 16 37 13 26 21 22 9 37 23 35 26 40
21 10 22 21 29 18 15 3 10 26 13 24 26 18 6 26 25 43 34 33
18 18 16 5 17 17 12 14 10 31 3 12 12 18 16 19 5 20 10 27
14 5 11 8 23 10 14 3 4 19 6 18 11 17 1 11 5 23 19 22
24 15 27 24 37 34 22 19 11 22 13 28 27 33 13 27 19 38 27 35
14 1 11 14 15 11 3 14 14 19 7 23 8 19 4 18 1 10 9 25
48 23 50 51 61 29 40 36 38 45 37 59 49 62 33 58 31 67 53 79
5 1 7 1 7 3 1 1 3 11 4 5 9 3 2 5 3 15 9 18
8 8 14 9 14 9 14 9 10 19 5 16 9 18 9 14 6 14 9 30
7 1 5 2 5 5 7 1 1 10 1 12 1 6 1 5 1 7 2 11
29 3 38 17 27 15 15 10 20 29 24 25 33 30 17 26 14 38 30 43
1 12 1 2 15 7 11 1 1 17 4 1 11 1 7 4 1 15 18 19
11 11 12 18 26 10 22 14 15 42 15 26 4 20 13 20 10 25 27 27
29 19 34 40 57 37 27 30 25 36 16 40 42 46 29 46 20 54 43 60
19 12 26 13 23 9 15 5 14 32 20 19 19 23 22 22 12 27 25 48
43 14 44 22 47 26 30 18 20 39 32 42 38 46 26 37 25 54 41 51
49 27 50 52 59 30 39 25 34 67 44 60 43 56 27 57 52 77 65 66
37 20 39 27 39 12 29 12 18 50 29 39 27 34 21 39 41 56 47 46
42 25 45 31 45 40 29 20 26 48 28 41 38 45 39 44 36 64 37 53
44 31 46 45 57 48 39 25 29 59 30 54 41 46 30 57 42 68 53 66
15 12 10 4 18 13 11 4 1 28 5 10 12 13 12 13 2 25 15 28
7 1 8 4 10 8 2 1 5 18 8 4 13 6 7 5 6 22 13 14
11 3 12 7 13 10 9 3 7 25 11 16 7 9 6 13 10 23 12 18
45 34 51 39 45 35 30 15 33 68 41 38 49 49 34 51 39 65 53 76
18 8 13 8 15 17 13 5 7 11 6 17 14 15 5 9 5 19 14 23
37 24 38 45 60 31 38 27 15 58 30 48 40 45 20 50 45 72 59 52
19 11 18 15 23 12 10 8 9 23 11 21 16 15 8 24 21 31 21 29
1 7 3 1 7 6 12 1 1 15 5 2 5 1 5 1 6 13 16 16
12 1 9 2 12 7 7 1 3 12 7 13 7 9 2 4 1 16 9 11
6 7 6 14 19 8 12 5 1 17 4 14 13 12 7 15 12 23 16 22
29 14 29 20 30 25 15 14 20 43 18 30 23 31 18 31 17 40 27 48
45 28 53 29 42 38 39 14 27 46 34 37 48 46 34 45 27 62 48 64
5 1 5 1 1 3 2 1 1 7 2 8 1 3 3 5 2 8 1 13
44 28 45 32 49 41 12 31 35 54 29 36 50 43 27 50 32 59 43 55
49 44 46 39 61 47 42 28 31 65 19 47 46 49 50 63 46 75 54 68
21 30 25 17 41 17 27 17 1 34 7 8 37 29 27 26 15 40 34 49
16 2 19 16 26 9 19 11 5 20 5 25 12 25 18 25 6 25 13 30
10 1 10 1 11 12 7 1 6 16 8 12 11 10 9 7 8 20 12 13
21 8 23 16 15 19 14 3 16 30 16 19 23 20 5 16 13 27 29 35
20 10 19 11 20 19 17 7 7 24 12 20 18 22 17 15 13 32 16 28
13 1 10 5 7 7 2 5 6 13 7 15 3 10 2 10 2 6 5 16
20 7 21 34 33 18 21 13 24 44 22 35 27 29 8 34 22 48 42 42
30 10 30 18 26 17 14 14 19 35 23 34 21 31 20 27 13 33 24 46
16 1 14 15 21 13 9 14 15 24 11 28 8 20 5 21 9 20 15 27
28 10 24 24 30 27 11 22 24 35 19 35 21 31 17 32 14 30 23 39
27 13 31 24 37 10 20 16 10 36 21 24 34 33 7 24 26 46 41 34
3 2 9 1 12 10 12 1 1 3 1 7 11 10 7 6 3 18 7 17
19 9 16 17 20 14 8 7 12 26 12 25 11 18 16 30 18 31 13 31
7 4 7 4 8 11 8 3 5 5 1 10 5 6 1 8 4 9 6 13
19 5 24 23 33 22 21 13 14 26 11 33 19 32 17 29 18 40 25 39
28 11 38 37 40 34 38 10 25 46 22 43 34 40 19 38 32 53 46 50
15 1 19 15 8 13 7 1 17 27 16 20 16 13 1 19 17 26 18 24
2 8 8 12 13 12 18 1 8 20 9 13 11 2 10 12 18 24 24 20
7 3 18 28 29 13 14 9 16 31 13 25 26 22 15 33 23 44 31 39
15 1 15 14 22 13 14 6 10 35 15 29 7 16 15 23 17 32 18 24
29 21 27 26 38 20 14 23 14 34 14 27 32 31 18 39 21 42 29 46
15 6 18 2 19 7 16 1 4 14 8 18 14 16 9 13 4 24 11 30
17 3 20 4 11 2 13 1 8 31 20 18 7 13 4 10 14 25 21 21
11 8 16 16 18 6 6 10 14 28 15 18 16 17 15 22 15 28 17 35
3 1 4 6 7 7 4 4 3 6 1 10 3 6 1 8 3 9 4 12
39 23 46 51 66 34 42 37 44 70 42 59 47 52 39 55 33 64 68 72
29 17 32 24 39 23 44 11 12 49 24 45 17 33 32 34 31 44 37 40
39 28 41 30 47 11 34 30 17 56 30 34 38 40 24 41 39 57 46 41
12 9 23 13 21 10 10 10 15 29 10 13 20 22 15 23 10 26 14 39
21 8 19 6 21 13 10 10 6 30 11 17 9 21 11 16 7 23 13 17
4 5 11 7 8 10 12 1 7 15 8 12 7 6 9 8 13 18 13 15
4 9 5 7 13 8 7 1 1 9 5 7 14 5 4 8 8 20 14 14
44 28 41 34 55 24 31 32 26 67 34 45 27 52 35 48 19 50 44 67
47 25 48 39 50 21 15 31 30 57 31 42 43 51 37 54 35 58 42 64
52 16 47 49 54 20 31 36 47 58 41 60 39 59 36 53 27 55 49 63
28 29 25 34 49 21 30 30 18 47 17 29 32 40 18 33 14 38 44 56
10 10 20 17 22 8 11 4 9 17 12 8 31 18 9 16 15 37 26 34
17 3 27 10 20 7 11 6 14 15 12 14 25 20 12 18 10 28 20 32
35 32 37 48 58 43 43 33 26 59 32 45 43 44 24 47 32 61 61 62
46 26 47 46 63 28 49 29 31 68 45 58 38 56 36 49 37 69 67 70
8 5 12 11 16 6 5 1 6 19 9 12 17 7 1 13 16 28 22 19
54 25 54 56 71 45 33 38 38 71 43 66 49 63 33 67 45 81 66 73
36 9 38 13 25 16 23 12 22 48 34 37 21 30 17 30 26 38 34 33
39 20 45 31 40 22 14 11 28 46 29 29 44 41 30 44 34 59 40 57
42 12 40 24 43 29 29 19 19 45 34 46 29 39 18 34 29 52 45 41
55 37 58 35 70 41 39 37 20 46 27 37 59 63 34 50 26 71 54 68
9 7 10 1 9 6 14 1 4 22 9 12 1 5 4 3 3 10 14 18
13 5 14 18 25 19 22 6 3 26 10 25 15 19 14 16 18 34 23 24
8 6 10 7 14 15 14 2 4 18 4 17 8 8 13 15 9 22 12 25
26 26 28 17 37 23 34 20 1 39 19 16 32 32 37 23 6 38 31 48
46 17 49 17 50 17 34 21 17 47 30 36 38 48 41 45 26 65 39 48
2 1 9 11 5 1 1 5 10 17 9 9 7 6 1 9 8 13 9 19
44 29 47 43 59 36 20 39 45 69 36 47 46 54 31 56 27 59 56 68
30 13 31 19 35 20 33 9 13 45 28 35 24 26 18 28 30 52 42 32
17 1 22 21 26 14 7 16 22 32 15 33 13 28 17 31 14 31 18 41
5 1 2 1 3 1 1 1 1 12 3 6 1 2 1 1 1 8 1 9
17 7 15 10 16 6 13 9 12 30 13 24 4 19 7 17 7 17 17 28
15 6 14 5 22 24 8 7 7 23 1 16 12 14 16 20 7 25 10 18
4 1 13 1 10 5 7 1 6 14 8 4 13 10 12 6 7 17 10 14
5 3 3 4 10 9 5 1 1 6 1 1 11 7 5 3 1 13 10 9
5 1 12 6 17 8 14 3 1 7 2 8 16 11 14 11 7 23 12 21
12 7 12 7 10 8 10 6 7 20 8 15 8 14 7 10 5 13 11 23
28 2 31 26 31 22 18 13 24 45 25 43 13 32 27 37 24 37 26 38
11 2 8 5 10 8 11 1 2 21 8 17 4 8 10 11 9 22 11 19
16 5 23 8 21 5 14 4 3 9 10 9 25 20 17 14 7 36 20 29
14 2 11 6 10 8 13 1 4 17 11 21 1 8 10 12 12 19 8 12
29 1 33 12 18 10 12 8 19 36 29 30 17 25 8 22 18 28 27 31
12 1 10 5 12 1 8 4 2 18 7 14 3 13 1 6 3 11 8 12
31 19 30 15 35 10 23 12 8 44 22 26 25 33 23 30 23 46 33 42
7 6 5 4 13 3 8 1 1 12 4 6 10 6 4 6 3 15 10 15
13 17 12 14 26 18 21 5 5 36 12 21 11 12 21 25 17 30 24 36
31 16 33 28 37 30 18 24 32 55 20 42 18 35 32 49 28 48 27 50
14 15 14 9 21 22 19 4 4 24 7 13 14 12 10 10 11 29 24 23
4 7 1 6 13 10 11 1 1 13 1 6 10 4 2 7 1 21 13 19
4 1 4 3 5 6 2 1 1 5 2 3 6 4 1 1 1 13 10 6
18 1 18 26 38 25 20 14 13 28 6 37 16 31 13 27 10 33 27 32
8 1 14 12 10 12 1 4 14 14 9 16 12 12 1 15 11 18 16 21
41 18 37 35 50 27 36 35 24 44 30 49 31 52 12 36 17 40 47 50
22 23 26 32 37 22 24 16 16 52 24 26 31 27 15 32 25 42 46 51
4 1 6 3 8 8 1 3 4 9 1 6 4 7 1 8 1 6 6 11
31 15 35 38 39 31 18 16 23 48 24 38 37 31 20 50 41 58 46 46
41 22 36 43 66 32 40 33 23 59 26 53 36 52 25 52 27 63 57 60
9 3 10 3 10 9 3 3 7 12 7 12 8 6 6 11 6 17 8 17
5 1 5 1 3 4 2 1 1 6 4 10 1 1 2 6 5 14 2 12
28 11 29 23 27 19 6 23 28 43 21 32 13 34 23 39 15 31 19 44
9 14 13 4 27 9 20 1 1 22 6 2 21 15 15 8 3 27 25 31
34 37 38 39 56 42 37 26 20 69 27 39 38 41 47 50 33 61 50 66
37 17 35 32 40 30 27 16 29 51 27 45 23 40 27 41 29 49 38 45
54 12 53 43 62 35 33 47 45 72 49 67 37 61 41 61 39 62 52 55
31 23 25 22 44 32 31 14 4 29 15 32 27 31 10 28 17 44 37 39
22 13 23 28 31 16 17 7 9 31 10 30 20 21 23 37 34 46 33 37
40 6 45 46 62 28 37 34 35 67 39 63 36 51 33 60 43 67 59 55
30 16 42 41 53 28 43 24 28 50 24 49 34 47 32 48 26 58 55 60
9 5 13 1 10 5 13 1 5 17 6 12 5 10 4 3 4 14 11 20
10 15 12 21 31 20 24 12 11 41 16 19 20 17 17 20 13 31 34 37
13 1 12 8 11 5 8 3 4 21 10 23 1 15 9 14 9 19 7 20
9 4 9 14 18 18 13 8 9 22 5 22 6 11 8 19 11 19 15 20
37 25 41 50 45 36 36 9 40 59 38 53 39 43 21 56 47 65 60 69
35 34 33 37 57 38 40 31 14 56 29 42 34 43 31 41 20 43 47 59
39 12 40 17 43 13 42 19 11 35 30 34 36 42 32 31 22 55 39 38
37 20 47 35 40 29 24 26 34 49 33 40 39 45 29 42 27 44 45 62
1 1 1 1 5 5 4 1 1 5 2 7 5 1 4 4 4 15 4 10
25 13 21 11 26 16 10 8 11 28 14 23 18 21 16 26 15 35 18 32
42 22 46 30 57 30 33 38 33 53 23 42 42 58 32 42 17 56 40 57
34 27 40 42 58 32 32 28 31 70 25 42 46 49 39 60 34 74 53 73
25 14 25 21 23 19 17 16 11 21 20 26 23 28 11 20 19 33 23 37
19 13 24 19 27 20 26 9 15 45 22 29 16 21 18 23 17 30 32 39
11 2 9 4 14 5 7 4 3 22 5 12 3 14 4 9 1 13 8 17
51 30 53 37 70 43 60 35 19 54 41 54 49 59 34 45 32 61 58 62
27 15 31 24 36 21 27 7 16 52 29 36 20 24 19 35 29 43 42 44
35 7 39 32 39 32 34 10 21 43 30 48 32 39 11 34 34 55 45 43
13 9 14 15 24 17 11 10 7 15 5 15 20 21 8 14 5 25 15 30
9 9 7 5 13 9 14 4 4 18 3 13 6 9 4 8 3 12 11 22
30 3 28 7 23 12 17 8 11 38 24 31 8 25 17 25 21 36 20 21
30 18 32 27 25 27 26 1 25 35 30 31 38 27 3 27 30 48 40 42
11 10 11 9 13 14 16 4 1 15 8 14 12 10 2 7 10 25 19 22
47 28 50 37 55 35 28 32 28 32 32 39 55 51 37 46 25 61 49 62
18 1 18 9 17 3 14 7 7 29 18 27 4 23 10 17 15 25 13 21
25 1 26 9 18 7 13 5 14 34 25 25 11 20 12 17 19 32 23 22
42 27 42 53 72 49 28 40 36 60 30 57 48 58 39 59 35 70 58 66
33 21 32 37 40 30 29 14 19 28 26 43 31 37 22 40 34 52 38 52
24 6 20 4 20 15 12 4 8 27 13 24 8 18 14 19 10 29 10 23
1 1 3 1 2 1 2 1 1 7 1 2 3 4 5 1 1 10 1 12
4 6 3 6 10 3 4 1 1 14 5 7 10 4 1 9 8 21 13 17
22 12 22 10 23 18 24 7 13 33 21 29 11 20 15 19 17 29 28 32
9 4 13 8 17 6 10 6 5 14 1 11 16 17 11 13 1 19 7 28
37 24 40 44 51 44 33 18 30 61 28 50 36 44 40 50 41 66 46 54
15 1 13 6 14 4 10 3 4 25 15 20 6 13 6 12 11 25 13 19
10 1 9 5 8 3 5 1 2 15 6 10 9 14 10 8 4 17 6 19
29 24 38 36 52 13 38 31 31 53 32 39 36 46 29 38 19 45 48 66
13 15 23 10 22 14 20 11 10 25 16 12 20 21 18 13 5 18 22 40
33 25 36 40 50 41 42 21 22 57 28 47 27 39 30 38 30 48 52 54
25 16 28 10 21 24 12 9 20 38 19 20 26 21 19 26 18 39 25 40
28 18 29 35 49 41 26 19 12 32 14 41 32 35 24 43 27 52 35 48
18 3 22 22 29 22 14 13 17 27 12 32 17 29 15 27 16 34 23 35
12 3 9 17 21 12 16 9 8 27 9 29 5 14 12 22 14 26 14 25
24 5 27 13 25 5 27 9 3 28 18 27 13 29 23 24 15 35 20 30
35 19 47 28 33 27 10 23 36 41 37 36 39 37 33 38 30 46 36 56
22 19 26 20 32 23 24 14 8 10 14 19 34 28 10 18 15 36 25 38
37 27 38 32 37 17 21 23 26 48 27 35 35 36 26 43 35 50 43 57
36 26 40 28 43 39 16 31 38 61 28 38 39 40 29 45 22 47 40 61
44 20 44 32 37 35 7 23 35 47 35 44 31 43 41 47 31 46 30 51
24 18 36 37 46 17 26 31 29 35 21 33 40 43 24 45 16 48 43 64
40 20 43 25 56 38 37 22 9 27 19 34 41 45 29 36 17 58 41 45
5 6 5 11 12 13 13 6 4 14 1 14 6 8 5 12 8 15 12 15
19 8 15 8 23 19 5 15 11 28 5 19 12 21 10 23 1 19 6 29
4 4 5 5 13 9 6 1 1 6 1 3 15 7 5 4 2 20 10 17
16 1 12 8 10 13 7 1 7 16 9 18 7 11 10 13 11 23 12 16
1 5 1 5 10 3 4 2 1 15 1 4 7 5 2 8 1 11 10 22
18 8 15 15 32 23 15 15 9 36 4 26 10 23 17 27 9 30 17 20
11 8 10 17 21 18 15 7 8 16 7 22 11 10 10 23 15 24 17 23
30 20 37 25 41 15 34 13 9 37 27 29 39 39 10 27 25 52 48 52
34 18 38 30 38 42 29 8 27 58 28 42 31 32 34 45 33 53 45 52
18 9 21 14 28 10 19 6 13 33 13 25 17 27 22 27 13 35 24 48
11 1 15 13 8 1 1 7 14 28 16 16 7 12 10 17 14 21 11 27
5 5 7 2 13 6 15 1 1 17 3 10 7 7 9 5 4 18 10 20
41 34 41 36 53 53 31 34 21 61 31 43 37 40 49 47 24 48 44 59
51 21 52 25 57 30 45 23 22 57 33 46 40 54 53 52 36 71 44 46
48 21 51 25 53 19 46 30 22 42 39 43 42 49 39 42 20 50 49 55
11 12 18 18 28 21 10 7 8 30 6 15 21 13 20 28 22 39 23 29
19 6 16 6 14 8 16 4 6 29 14 24 4 16 9 14 10 23 13 23
13 10 16 20 27 17 18 4 6 40 14 24 14 12 18 30 25 42 27 29
7 1 14 3 11 6 4 3 8 7 5 7 11 11 6 7 4 12 7 21
32 15 29 26 38 19 21 11 12 41 20 36 22 29 21 36 33 50 37 36
33 21 35 25 44 20 14 22 15 44 10 30 33 42 31 47 23 53 22 55
20 19 27 25 40 30 37 2 9 26 12 29 32 25 28 30 27 52 39 42
26 25 35 22 44 28 31 27 28 58 17 33 31 40 34 39 19 46 38 57
1 1 2 5 9 4 2 3 1 9 1 8 7 7 3 6 1 15 3 16
4 2 7 8 13 6 6 7 4 16 3 11 11 12 9 9 2 18 5 23
9 3 7 4 10 9 10 1 4 6 3 13 4 6 3 7 6 11 6 11
5 6 11 15 24 17 13 8 6 22 6 15 15 14 18 20 14 30 17 23
21 7 25 7 38 19 34 5 5 33 15 29 18 25 22 23 16 40 32 30
32 8 34 39 40 24 30 22 33 57 27 56 15 41 31 48 27 46 42 53
24 14 31 39 44 23 15 24 27 36 18 34 39 40 11 40 25 51 43 55
14 7 13 18 25 13 9 13 10 19 5 19 20 24 7 16 4 26 18 33
17 5 22 23 37 30 18 15 16 38 11 33 19 27 24 34 19 40 26 35
25 18 27 20 40 25 28 19 14 53 22 31 15 31 20 27 12 33 36 39
24 13 22 27 38 9 17 18 12 42 12 35 17 30 12 37 24 42 31 40
1 5 2 1 3 5 6 1 1 9 1 2 4 2 3 1 1 7 9 12
21 12 25 13 34 19 28 9 1 20 8 15 27 27 19 16 10 41 27 31
35 35 38 31 41 23 24 22 23 50 21 24 46 36 25 40 33 55 47 57
3 2 8 1 3 6 3 1 6 11 5 4 3 2 3 5 6 11 7 9
28 4 24 16 29 25 18 10 12 25 18 31 18 26 9 18 13 30 28 24
15 9 16 24 24 19 20 7 10 29 15 26 21 15 7 21 22 39 31 31
4 1 1 7 10 12 10 1 1 8 1 8 6 4 1 4 4 16 10 5
1 1 1 3 7 6 4 1 1 3 1 1 9 5 1 1 1 13 6 12
38 25 42 15 35 27 25 15 27 53 25 28 36 37 35 33 24 52 34 54
10 1 11 5 12 12 5 4 9 14 8 13 12 9 2 10 8 21 13 17
22 17 20 16 37 11 20 21 9 43 13 25 20 33 15 30 13 37 24 36
35 27 43 32 38 24 31 6 23 48 29 26 49 39 21 41 36 65 50 62
24 10 27 40 42 21 19 22 30 46 25 39 34 35 21 45 26 56 44 51
33 39 40 30 59 37 36 33 9 51 19 26 46 46 42 46 18 54 41 69
4 4 7 3 10 11 12 1 2 8 1 10 6 6 6 7 6 14 11 16
19 4 15 6 24 9 21 9 5 29 9 23 8 23 4 14 6 19 20 18
11 13 10 16 31 23 20 4 3 27 4 21 17 15 20 27 14 36 25 35
2 1 3 16 17 6 5 8 8 25 5 21 2 9 7 21 11 25 15 22
43 8 46 25 47 24 33 25 17 39 32 46 33 45 34 42 25 51 40 41
9 5 9 8 13 11 8 7 8 10 4 10 10 13 1 10 4 11 12 20
30 7 34 18 36 19 24 16 19 39 27 36 27 35 11 27 19 41 34 41
38 18 47 34 49 18 21 28 27 49 31 39 40 48 23 45 28 51 43 62
1 1 11 6 11 2 5 1 3 10 4 4 17 6 4 8 8 24 12 23
12 5 7 14 20 8 11 11 9 21 5 18 10 19 2 13 1 19 15 26
16 15 15 27 32 3 6 24 11 36 6 20 20 27 14 35 13 34 24 41
39 43 44 36 56 37 48 29 11 37 29 28 53 45 28 33 28 58 56 66
6 3 4 9 14 8 4 2 1 10 5 11 13 9 5 14 9 25 11 21
32 13 31 13 29 28 13 13 21 35 15 31 21 29 32 36 19 40 16 37
22 8 19 18 33 21 9 21 18 34 11 28 17 30 11 27 1 26 18 33
24 12 25 27 27 20 20 14 19 39 24 33 27 29 11 27 25 44 33 44
18 13 23 24 29 16 10 12 14 35 14 24 22 20 14 36 28 43 27 37
33 15 28 17 32 24 31 6 11 33 22 37 16 29 19 22 22 41 34 36
20 8 19 16 24 16 7 11 12 19 12 23 21 19 11 24 13 27 16 35
51 40 57 29 51 49 36 30 38 62 32 43 56 52 41 50 37 68 52 77
26 18 29 21 29 20 9 13 20 42 20 22 28 27 19 36 20 43 32 47
32 31 29 28 42 30 30 16 7 40 23 30 33 34 28 34 28 53 41 55
25 18 20 15 30 13 22 8 1 21 15 21 23 22 3 14 16 37 30 29
38 35 41 23 48 33 25 26 18 57 27 25 41 39 30 37 20 49 42 61
17 10 17 13 22 17 10 7 8 9 9 13 22 15 1 11 11 25 23 22
3 4 7 4 5 1 5 3 5 10 7 4 8 4 3 4 6 13 9 16
6 3 12 4 11 1 10 1 3 24 8 7 9 10 5 5 4 17 14 22
37 27 34 36 50 39 36 23 22 64 27 43 25 43 42 44 24 52 46 58
5 1 9 3 3 1 2 2 2 10 4 11 3 10 8 8 3 12 1 19
1 4 3 9 11 8 8 3 1 6 1 8 9 4 5 10 8 17 9 15
6 3 10 1 14 9 5 1 2 10 2 7 12 10 11 10 1 21 5 20
8 1 8 8 12 8 4 7 7 20 10 14 12 13 10 13 9 23 11 23
11 14 24 25 27 4 20 16 18 31 14 17 27 27 17 28 13 34 32 50
35 5 43 24 20 16 16 2 31 45 34 35 27 36 25 36 29 44 29 46
28 10 24 20 29 23 20 4 16 28 17 32 21 25 24 28 22 43 25 35
20 14 19 18 29 29 18 15 16 28 14 24 22 24 19 24 11 29 26 36
22 16 27 27 33 23 15 25 28 46 24 32 21 30 17 28 14 24 37 48
44 17 46 34 58 47 38 19 19 47 28 52 36 48 36 43 32 61 45 47
12 2 12 24 26 11 22 14 15 43 14 35 4 20 20 30 16 32 26 30
11 3 10 5 12 4 6 3 4 17 10 11 13 11 11 10 7 21 10 22
47 23 50 40 52 41 35 28 35 74 49 56 33 48 36 48 36 55 58 59
42 33 47 43 44 37 13 32 44 59 46 50 44 41 33 52 41 53 52 69
45 37 48 30 52 35 45 22 22 46 32 35 45 48 53 44 26 66 47 63
2 1 1 1 1 4 3 1 1 5 1 3 2 1 1 1 1 7 5 6
6 1 8 1 4 1 4 1 2 12 5 5 3 6 1 1 2 9 6 12
19 4 16 9 20 16 10 6 10 18 13 24 13 13 8 18 11 24 16 23
26 12 33 35 33 12 10 20 24 42 19 36 32 34 13 44 32 47 35 54
48 14 48 32 39 39 19 23 38 59 32 48 36 49 24 49 29 56 38 53
2 7 5 1 5 6 8 1 2 17 3 4 1 1 5 4 3 11 9 14
28 30 26 33 47 26 22 31 18 49 16 29 30 36 21 41 15 36 37 58
11 11 19 25 26 22 20 3 14 31 14 26 17 11 19 30 29 39 29 30
6 4 12 16 11 13 16 1 9 25 12 19 7 2 10 16 21 26 21 16
11 9 7 10 17 10 15 5 1 12 3 13 14 14 1 4 2 20 17 24
32 13 27 23 32 30 12 19 18 25 20 31 30 28 14 24 15 35 27 35
22 15 26 7 23 16 19 3 8 36 16 14 19 24 24 15 10 32 24 39
28 14 26 13 27 16 10 10 12 34 15 25 20 29 22 30 14 39 16 41
28 11 31 36 40 34 25 20 27 52 25 46 24 31 22 40 28 43 45 45
6 3 8 1 9 5 8 1 3 21 7 5 7 4 1 2 4 18 16 10
25 12 28 16 24 23 8 19 22 37 16 22 20 25 15 28 12 25 17 33
22 4 22 15 17 6 13 7 13 31 19 28 12 24 20 20 16 30 13 32
21 19 23 11 31 24 17 8 10 33 14 11 26 19 13 16 5 27 31 36
27 8 32 17 27 20 15 9 12 24 19 25 24 33 19 25 17 41 23 41
18 8 21 9 22 17 14 6 8 12 9 17 23 21 13 13 7 29 14 33
46 41 45 42 65 39 38 42 32 63 30 47 48 56 36 58 32 70 54 78
37 27 41 24 58 29 28 26 21 58 25 30 41 49 25 38 14 51 46 61
46 35 44 39 61 55 29 32 25 49 27 46 49 45 38 54 37 68 50 61
13 4 12 6 1 4 5 4 8 19 12 13 1 8 9 11 10 13 6 18
5 13 11 3 9 8 14 3 6 21 11 3 6 4 11 4 6 8 17 19
1 1 1 6 5 5 5 1 1 11 1 10 1 1 2 7 3 10 4 9
10 3 11 10 17 11 13 5 5 18 4 20 10 14 12 16 8 22 7 27
48 17 55 43 57 20 38 22 33 62 46 55 49 59 34 51 47 76 58 60
49 31 52 21 46 37 24 32 37 68 34 44 36 50 45 46 26 51 40 66
6 5 4 1 5 5 8 1 2 10 1 9 2 2 1 5 1 10 5 16
7 5 13 14 24 13 16 5 4 18 7 15 20 13 17 20 15 35 21 26
16 4 11 8 19 22 10 5 8 15 6 17 12 13 7 15 3 20 14 17
14 1 12 4 12 5 9 1 5 16 10 14 8 12 6 7 4 15 10 18
9 6 9 3 14 9 19 1 1 17 6 16 5 9 7 5 7 18 18 15
39 14 43 25 38 10 26 13 23 50 38 40 30 39 29 37 40 56 40 41
12 1 12 4 10 9 7 4 8 12 7 14 4 10 1 8 6 11 8 14
13 6 14 10 14 17 13 7 11 15 11 21 7 10 8 17 12 16 14 19
5 1 10 9 2 3 2 4 8 17 9 9 6 4 1 7 10 13 10 14
56 40 54 37 73 37 47 43 26 78 35 53 47 58 43 63 41 67 58 66
30 15 28 23 35 12 21 15 9 35 17 34 19 29 12 34 28 40 30 38
20 7 30 26 33 18 12 10 19 30 13 19 38 35 13 34 16 45 32 48
16 1 22 8 15 15 4 3 14 25 15 21 12 14 15 21 14 28 12 26
41 32 52 52 57 39 44 31 27 38 31 44 60 55 23 54 35 67 63 76
29 2 26 11 19 7 16 5 13 34 22 34 4 26 12 24 16 25 17 27
11 2 10 2 10 7 1 1 5 13 6 12 10 7 8 12 5 18 7 21
4 4 4 1 8 8 3 1 1 10 1 3 4 3 5 7 1 13 1 14
13 2 12 11 12 7 5 5 6 20 8 14 12 18 12 12 6 21 9 24
3 3 2 1 1 1 5 1 1 7 1 3 1 2 1 1 1 3 3 12
7 11 5 19 29 8 16 13 12 33 7 15 14 18 10 19 3 27 29 32
38 16 49 28 39 35 13 28 32 45 27 31 46 45 34 46 21 52 34 55
5 7 5 7 10 6 7 5 1 14 4 6 11 6 6 8 1 15 9 20
21 8 22 19 34 27 29 6 5 28 9 32 20 24 17 22 15 38 29 36
16 10 14 19 29 5 12 15 14 35 11 26 11 26 6 26 8 25 24 40
15 20 24 22 29 23 27 15 11 28 18 22 26 26 12 18 18 35 32 41
5 5 7 1 7 1 6 1 2 12 2 6 6 6 3 5 1 13 8 24
10 5 16 12 14 9 7 12 14 19 8 15 11 19 6 15 4 10 12 29
11 6 11 12 14 12 11 10 10 18 7 22 5 13 5 19 7 14 8 26
25 10 20 12 25 22 20 9 12 27 16 26 16 20 11 17 8 25 25 29
30 16 32 25 35 18 22 22 28 50 30 40 19 37 23 33 15 34 36 56
46 33 54 40 52 27 28 30 19 42 29 30 56 52 37 51 32 72 49 68
45 11 52 42 53 28 31 28 32 48 35 54 38 57 33 49 24 63 51 61
5 1 6 8 8 7 8 2 4 17 8 13 4 3 5 9 12 19 10 13
6 5 5 3 5 1 5 1 2 13 6 6 5 1 3 5 4 12 7 15
37 16 43 35 49 28 36 24 24 51 29 44 37 51 25 41 27 63 48 55
30 32 38 38 54 25 43 23 14 47 24 27 49 40 34 43 29 62 58 60
10 10 13 11 20 13 19 6 10 29 12 20 8 11 9 16 11 19 21 31
55 28 63 45 53 26 38 21 35 66 41 51 53 59 39 63 50 78 58 76
12 7 12 11 17 14 11 7 6 16 4 13 16 18 9 10 1 21 12 25
15 5 11 10 21 17 14 6 5 16 3 19 12 17 1 11 3 20 13 22
24 19 22 12 29 9 15 12 2 38 13 16 20 25 12 24 15 35 26 35
29 4 29 7 22 15 17 8 16 32 26 30 14 24 10 18 19 31 25 21
41 22 39 19 54 38 35 21 18 51 21 46 31 38 36 49 33 60 37 44
42 9 48 39 46 36 46 18 25 50 39 53 40 43 25 38 48 64 59 35
56 36 60 23 65 41 53 33 19 59 36 46 48 62 41 47 32 71 51 68
23 6 21 23 29 21 9 22 24 30 16 28 19 30 9 25 10 20 26 33
46 27 46 20 55 46 37 30 21 39 8 38 45 50 39 43 22 57 34 51
25 8 29 23 21 26 19 3 21 30 23 31 27 21 10 27 28 45 33 39
14 10 18 17 29 21 16 11 15 32 17 27 16 17 15 27 14 29 29 40
4 6 4 3 6 8 10 1 3 11 5 4 7 4 1 1 5 15 14 10
21 12 31 22 28 32 20 10 20 37 16 28 24 23 25 34 27 42 29 35
23 17 29 16 36 22 22 22 15 37 11 22 27 35 32 36 13 46 22 46
34 17 39 35 42 34 20 11 29 54 26 42 31 31 35 53 36 59 41 54
39 9 39 22 36 25 11 16 26 51 29 34 30 38 18 37 18 46 33 47
45 22 50 33 49 41 11 40 47 64 30 47 46 54 38 56 29 57 41 64
8 1 8 1 7 10 5 1 4 11 6 12 5 4 7 9 6 16 5 11
9 4 12 8 15 8 12 5 7 21 11 14 14 13 3 8 9 24 18 22
19 18 18 22 35 22 28 18 9 31 12 26 18 32 13 14 3 25 32 42
13 8 16 11 16 10 12 10 14 27 10 18 12 17 6 14 7 14 17 33
28 4 25 20 31 15 12 9 15 32 21 36 16 29 11 31 19 37 26 35
8 7 13 15 11 4 8 2 9 26 13 14 17 12 1 15 16 26 21 29
8 3 15 10 10 9 6 4 12 16 11 15 14 9 3 15 11 22 14 27
9 14 18 10 27 19 25 4 4 25 8 8 23 18 20 14 11 37 27 32
16 5 14 26 29 25 19 12 8 30 8 34 11 21 15 27 19 36 24 27
35 31 29 38 59 32 34 28 18 60 19 42 31 45 32 49 26 64 48 60
34 11 39 28 53 12 41 29 21 48 28 41 36 50 28 40 16 58 48 51
13 5 15 4 12 4 12 1 8 17 13 12 9 10 1 5 9 17 16 14
21 8 16 7 28 21 24 5 2 29 8 22 9 20 10 18 11 29 22 14
8 13 13 19 25 4 13 10 5 31 5 12 18 18 6 21 17 30 23 34
17 9 18 13 23 17 13 6 10 25 11 23 17 20 20 25 14 35 14 36
19 2 21 8 29 9 18 8 4 27 8 23 14 27 17 22 5 33 12 33
5 2 7 6 10 12 10 1 5 11 8 9 11 6 6 6 11 22 16 10
32 22 33 27 38 28 14 15 18 44 19 25 34 29 26 41 33 60 37 41
6 4 8 4 9 3 5 1 5 12 7 6 10 3 1 4 7 16 13 14
45 30 42 40 60 43 30 35 33 49 23 53 40 54 32 60 31 65 44 67
12 1 11 5 11 4 4 5 6 18 7 16 4 15 1 9 1 8 8 18
44 12 50 48 58 33 37 28 36 57 40 63 38 57 32 51 37 68 55 63
31 34 30 30 47 26 35 19 13 39 17 32 35 30 27 38 32 52 44 50
32 13 39 20 38 20 33 3 17 42 26 32 32 33 26 31 25 57 43 50
25 2 28 9 11 8 15 2 15 31 27 28 11 18 4 17 22 29 23 20
19 7 19 18 25 15 11 1 13 22 14 26 19 20 20 28 23 40 23 33
45 27 54 47 48 41 42 20 35 48 43 55 48 50 29 51 49 70 56 69
18 11 13 11 24 17 12 6 4 25 11 14 19 15 12 16 10 33 20 21
8 22 11 16 22 10 18 12 3 27 12 7 18 14 11 13 11 21 26 36
6 4 6 4 7 6 6 1 4 9 6 9 7 3 3 7 6 16 8 14
4 1 4 1 5 5 1 1 2 1 1 4 4 3 1 2 1 6 3 9
11 10 9 4 17 11 9 6 4 25 2 9 8 13 8 12 1 15 12 23
6 2 6 1 4 3 5 1 3 11 7 8 5 4 5 3 6 14 5 12
18 9 21 8 32 21 18 9 2 22 5 11 27 26 17 16 8 40 20 28
23 15 26 25 22 23 17 8 22 43 26 26 30 24 14 34 28 48 33 43
7 11 7 6 15 5 14 3 1 16 4 7 14 10 8 6 3 18 15 25
12 1 7 3 10 10 2 1 3 5 1 9 8 9 1 4 1 10 7 11
8 5 6 2 9 3 8 2 3 16 3 10 4 7 1 7 1 9 10 23
42 26 42 43 48 19 17 29 31 58 25 40 40 48 25 53 36 60 46 63
46 28 48 37 71 45 53 20 22 68 32 58 39 57 44 53 34 67 57 66
16 7 11 4 14 17 9 2 2 17 3 13 9 12 8 12 4 23 8 18
31 36 37 36 47 37 31 23 17 59 26 28 39 31 33 45 33 56 50 57
5 1 8 8 10 3 3 6 7 17 7 9 10 10 3 7 6 15 11 18
21 18 22 20 38 27 17 19 19 45 16 28 22 24 20 34 12 35 30 47
29 14 33 27 39 16 21 10 13 29 14 25 34 36 28 39 27 54 33 49
19 8 27 15 21 12 20 1 15 22 20 20 24 24 21 19 22 43 26 34
8 3 10 2 7 3 8 2 3 9 1 8 5 12 4 5 1 6 3 21
19 15 17 19 25 11 12 14 7 20 4 18 20 20 5 24 17 26 19 29
22 15 24 7 28 19 19 11 9 30 10 17 21 27 21 20 1 26 17 35
32 10 39 28 54 21 41 21 21 53 26 50 28 44 31 47 31 59 48 52
17 5 21 24 28 18 1 23 27 31 16 26 20 27 10 26 11 24 26 34
43 40 50 38 70 39 45 36 25 61 32 44 52 59 33 52 30 74 58 78
24 16 28 14 25 16 27 11 13 36 20 27 16 29 27 24 14 25 21 46
23 11 33 38 37 21 21 20 34 51 27 45 26 35 27 48 29 50 40 61
23 14 28 31 30 20 24 8 15 44 23 34 24 20 15 35 36 49 41 39
16 3 16 5 22 13 8 9 5 24 2 18 8 23 10 17 1 19 4 22
25 9 34 23 37 20 30 7 16 38 25 38 28 28 16 33 35 51 42 36
14 1 11 3 11 9 2 3 6 17 8 15 6 8 5 11 1 12 6 18
28 19 33 37 54 12 30 29 14 41 12 35 32 46 27 46 23 52 41 53
44 34 48 45 63 23 49 29 13 62 29 45 40 54 49 54 31 64 55 74
53 25 59 46 59 40 39 15 27 61 39 53 52 57 34 58 52 85 60 68
47 30 49 39 62 44 43 23 30 75 29 55 44 51 34 61 46 77 60 60
11 3 8 7 11 4 6 5 6 29 8 18 1 12 9 16 7 18 5 25
53 12 59 37 51 39 31 16 37 57 44 55 44 54 40 50 41 70 54 54
11 1 12 1 11 11 6 1 4 12 4 13 10 11 10 9 4 20 4 20
5 4 5 12 19 5 6 5 2 15 1 11 16 15 5 12 2 24 12 29
28 7 30 28 31 22 7 27 33 43 27 42 21 36 20 36 20 34 29 44
15 7 14 12 23 12 7 8 8 19 6 18 14 20 9 19 6 20 11 28
4 1 6 6 10 9 4 3 3 9 1 11 6 8 5 11 4 14 5 18
26 15 28 27 39 17 30 8 12 38 20 33 28 33 29 36 29 54 37 45
8 1 10 1 6 4 3 1 4 20 10 10 5 2 4 5 7 20 9 13
16 9 26 31 36 1 20 24 19 32 15 23 31 34 20 34 11 42 32 51
58 26 56 36 60 41 42 23 28 53 47 58 43 53 26 51 48 74 57 50
17 9 15 12 21 6 7 8 4 17 4 13 15 17 1 16 8 20 16 23
7 1 9 2 7 1 4 1 4 16 11 8 5 4 1 2 5 16 11 9
19 4 20 12 25 14 17 9 13 31 17 29 11 21 2 18 12 26 24 28
9 1 9 3 6 5 1 3 5 9 6 11 6 8 3 10 2 10 4 20
2 2 9 13 10 1 1 4 10 16 6 8 11 7 1 14 9 16 13 22
51 25 54 36 51 29 39 32 34 69 46 51 47 51 35 54 46 67 55 60
45 32 56 36 57 31 32 27 30 60 40 43 54 51 29 45 40 63 63 67
25 13 26 27 44 17 18 21 16 27 9 27 34 41 12 32 7 37 31 52
24 23 32 35 37 31 30 17 27 64 27 40 23 32 40 47 35 52 42 55
34 11 37 19 36 25 25 12 22 49 31 40 21 36 29 32 24 46 37 45
16 1 22 11 5 10 9 1 16 30 21 20 17 15 12 18 21 32 16 26
27 3 29 17 32 22 24 11 13 36 22 39 15 29 19 28 20 36 28 32
13 12 16 8 20 14 12 8 9 22 6 12 17 17 14 16 4 20 16 34
42 23 45 39 54 22 39 29 24 55 32 46 43 44 19 48 43 59 61 49
32 13 28 15 28 21 17 13 19 38 27 30 18 28 18 22 14 29 32 36
8 7 4 13 22 9 13 2 1 23 3 15 7 9 7 18 11 27 16 16
18 17 17 15 29 11 15 11 5 27 7 16 23 24 5 19 10 27 28 39
41 15 45 36 49 34 18 18 27 59 35 49 31 38 33 52 42 62 47 50
1 1 1 1 6 1 1 1 1 11 1 2 7 3 6 4 1 14 1 14
20 13 20 11 27 17 16 11 11 40 13 25 12 26 23 25 8 27 18 44
32 23 34 23 41 27 35 18 13 48 25 30 29 41 36 29 13 42 35 56
13 3 9 1 13 11 11 1 4 14 5 15 7 10 1 6 1 14 12 16
15 6 25 18 33 9 25 5 7 26 11 23 20 25 13 26 19 39 29 36
47 21 54 49 53 21 29 31 40 63 36 52 51 62 30 60 41 71 57 77
17 7 22 21 31 1 27 21 18 34 14 27 20 33 20 24 6 32 27 44
11 1 11 9 17 18 7 5 8 12 4 17 12 10 8 14 7 17 11 19
17 8 22 20 34 16 10 14 11 23 9 23 28 29 14 32 15 36 22 43
19 12 15 11 24 10 17 6 5 25 13 20 16 19 5 16 11 29 24 28
31 4 27 14 33 26 25 8 12 33 22 37 15 26 14 25 21 37 31 18
33 14 44 46 51 42 20 25 36 60 29 50 43 45 34 62 39 66 47 65
38 32 47 39 47 20 40 22 35 66 46 44 37 47 41 42 36 54 51 69
39 32 44 35 50 48 29 34 31 67 33 42 36 40 46 49 29 48 43 61
11 4 8 5 11 9 13 1 2 18 7 18 6 9 7 11 8 21 11 22
6 3 7 4 10 7 9 1 6 17 9 10 7 4 4 6 10 18 11 12
25 13 23 20 32 27 17 13 17 45 16 32 13 25 29 38 17 36 25 42
18 1 18 7 15 14 8 5 11 19 15 24 6 12 6 15 10 19 15 14
2 1 5 1 1 1 1 1 1 11 5 3 5 3 4 1 3 13 4 13
35 18 41 25 47 16 41 18 8 38 29 33 41 42 20 33 33 63 49 46
5 8 8 4 8 3 6 1 4 17 8 6 9 1 5 9 8 19 14 21
7 1 7 1 7 10 3 1 3 7 5 12 4 4 3 8 6 14 7 9
24 15 25 28 29 20 20 9 21 47 23 31 25 27 23 34 27 49 36 47
48 31 50 17 47 32 37 16 30 57 30 38 36 50 46 40 27 58 39 56
16 9 17 8 16 17 9 6 6 19 14 13 17 16 13 11 13 31 18 19
40 16 46 24 51 39 19 18 27 46 25 37 44 42 37 46 26 64 37 53
20 10 16 13 29 14 6 13 7 29 7 21 16 23 7 26 4 26 14 33
25 28 24 26 34 31 31 23 14 34 23 28 28 29 12 26 24 42 35 39
55 18 55 33 58 40 32 37 41 70 36 58 48 62 27 56 31 69 53 64
44 9 48 30 53 34 44 18 19 49 33 53 33 48 35 42 35 62 48 45
22 8 23 20 25 13 15 20 24 40 19 35 13 31 15 28 11 26 24 42
56 34 58 49 62 54 37 28 38 72 43 57 58 58 35 61 46 79 66 75
6 10 6 3 13 4 11 1 2 18 8 4 14 4 6 4 6 20 21 24
19 23 20 31 44 33 32 15 7 36 13 28 26 25 18 28 20 37 43 45
36 7 42 46 56 31 36 28 36 48 26 56 36 53 43 57 27 61 45 63
2 4 2 1 3 1 4 1 1 4 1 1 1 1 1 2 1 4 5 15
44 13 53 45 52 41 24 18 37 56 34 48 51 54 36 63 38 74 50 70
19 7 14 12 20 15 17 8 9 28 11 25 9 20 9 18 9 24 15 25
10 1 14 4 17 1 12 4 1 17 4 7 14 15 14 11 1 23 10 25
57 30 59 53 64 34 38 40 36 72 44 62 57 65 22 60 48 75 72 76
40 28 37 36 59 45 13 40 38 52 20 43 42 50 30 52 22 55 41 58
43 27 42 22 50 32 37 28 8 34 22 30 42 50 28 33 17 56 35 44
13 16 14 13 31 20 12 19 16 35 5 20 15 24 15 27 5 29 20 37
16 1 12 17 27 7 15 17 13 31 15 29 9 26 7 19 7 28 22 23
21 6 21 19 22 24 20 2 14 27 12 34 11 18 22 28 22 31 19 30
28 13 27 26 39 29 28 13 16 54 20 38 16 32 29 37 27 51 35 36
9 8 8 8 11 12 14 5 6 14 3 15 3 8 5 12 5 8 11 20
34 30 33 25 45 8 39 25 12 43 25 31 36 36 22 32 34 47 48 40
39 22 40 31 50 35 26 16 17 43 22 34 40 38 13 39 34 59 49 42
27 15 29 31 47 21 30 21 18 35 20 39 29 41 8 30 20 48 44 48
31 18 35 38 35 25 19 19 24 39 21 30 43 35 9 40 32 48 46 52
38 16 49 31 43 34 37 12 26 66 32 46 31 44 41 50 33 59 45 64
6 1 10 14 13 4 4 9 13 26 10 18 12 13 3 14 9 24 16 28
48 25 51 48 53 42 35 15 40 62 42 57 50 54 16 55 47 71 57 65
8 6 11 13 15 8 7 8 11 31 12 17 9 10 9 21 13 26 13 28
19 3 23 18 22 5 10 11 20 32 12 29 12 31 21 30 9 29 14 46
21 2 22 20 20 17 5 8 18 27 16 24 24 21 1 21 11 29 25 35
41 33 42 37 67 42 39 38 28 53 18 46 49 57 38 57 25 68 47 74
12 8 12 17 26 13 4 13 10 19 2 16 21 22 4 22 6 22 17 35
27 8 27 24 37 26 14 21 23 39 20 40 23 33 23 36 16 37 25 46
47 23 50 33 42 20 31 15 23 48 35 40 47 46 13 40 42 63 54 53
36 24 39 29 62 41 40 26 21 53 7 43 40 49 43 52 25 67 41 59
11 6 18 21 23 20 21 7 11 28 10 27 14 17 21 23 22 33 22 27
14 19 12 11 28 12 17 9 5 36 13 13 17 18 15 18 8 28 26 33
1 1 1 3 6 2 1 1 1 8 1 1 3 1 2 6 1 10 2 8
18 6 16 7 17 15 11 7 5 27 11 20 8 17 14 17 9 24 12 19
22 12 21 17 27 25 14 17 19 31 16 25 23 24 14 23 13 27 27 37
26 24 30 35 36 23 28 18 21 58 32 32 32 30 20 36 29 46 47 54
42 28 42 43 62 27 33 38 31 62 31 43 47 54 24 49 30 70 54 60
41 36 40 40 57 38 46 27 16 45 27 41 46 49 34 50 35 69 48 67
32 14 35 22 41 29 19 21 20 37 20 29 36 39 25 32 14 42 29 50
22 16 28 22 22 18 17 2 21 38 26 24 29 23 19 28 28 47 38 49
7 1 10 3 3 4 2 1 6 19 11 8 4 1 7 7 9 16 8 9
25 1 28 19 21 16 16 3 18 38 23 34 17 28 9 24 22 38 27 33
30 16 31 43 48 28 34 19 34 60 25 54 24 38 38 55 33 57 47 60
12 1 18 6 17 8 8 5 8 19 8 18 12 19 7 14 4 19 10 25
33 25 38 31 38 34 28 28 21 56 36 36 34 36 31 34 19 37 43 57
15 14 15 27 27 1 15 19 17 39 14 27 14 25 17 33 14 34 27 48
24 14 29 22 33 12 19 9 17 38 20 28 29 32 10 25 17 40 36 52
30 16 34 38 42 40 21 23 31 52 26 46 26 33 33 47 33 45 36 47
43 25 45 40 44 36 35 9 30 67 41 48 38 40 25 54 50 72 53 52
27 26 30 32 48 33 22 28 18 33 18 32 38 42 15 38 23 53 36 53
45 20 46 24 43 34 25 24 18 36 27 35 38 49 29 38 21 49 32 51
1 1 1 2 3 1 1 1 1 5 1 4 2 2 1 3 1 8 3 11
24 17 36 26 41 27 25 13 15 40 16 26 34 27 39 44 30 59 33 47
24 18 21 23 36 14 23 16 1 24 15 25 25 31 1 19 19 38 34 35
57 34 61 43 67 23 47 39 27 63 39 55 50 66 43 65 39 74 60 75
19 5 21 12 26 15 23 5 3 23 10 25 16 26 12 15 10 32 20 30
23 7 23 4 24 17 15 6 10 30 16 18 14 21 6 14 9 27 24 17
36 13 39 31 45 14 30 26 31 58 37 50 27 40 18 45 31 48 47 51
10 1 11 15 13 10 7 10 12 26 13 22 5 14 13 21 15 22 12 22
22 19 28 6 35 26 14 16 16 30 7 15 32 28 25 27 5 36 21 44
46 19 47 37 43 27 21 18 33 62 36 43 42 51 26 47 34 65 46 60
6 1 3 3 5 5 3 1 1 9 1 12 1 6 1 6 1 8 2 11
21 14 26 12 33 19 36 9 7 27 13 25 18 27 23 20 12 28 28 36
43 20 42 53 56 26 46 29 42 70 38 67 29 50 49 61 41 65 51 59
28 5 29 26 36 21 5 27 28 42 20 35 24 40 28 40 9 38 23 49
31 14 40 42 51 39 28 23 26 46 25 50 33 45 28 50 34 63 45 60
27 17 30 20 34 16 22 17 10 33 13 22 28 38 33 33 8 46 25 52
37 17 40 39 33 32 26 19 40 55 37 50 31 41 12 43 31 40 45 55
1 1 7 1 4 2 4 1 1 4 2 2 6 4 4 1 5 13 5 8
3 1 3 2 8 10 5 1 2 10 5 6 6 3 3 4 6 17 11 5
14 1 12 12 20 18 11 7 8 18 6 22 10 13 6 16 6 18 15 19
6 4 6 4 11 10 8 1 4 4 2 11 7 4 2 9 5 16 7 16
37 31 42 47 69 27 43 37 22 59 14 46 41 56 43 62 33 66 49 67
7 1 8 1 7 7 3 1 6 8 5 9 7 6 3 6 5 13 7 15
31 30 38 32 50 29 35 36 26 42 21 34 36 48 39 45 10 42 38 65
13 1 21 24 22 23 11 8 18 29 15 28 16 14 11 29 21 29 26 29
20 10 24 11 24 22 10 11 10 27 11 19 20 26 16 20 12 35 15 33
29 13 29 34 43 27 18 31 24 27 18 36 34 43 14 32 11 37 34 52
18 1 16 7 6 3 7 3 8 21 14 18 4 15 12 12 9 17 8 21
19 14 16 11 22 11 9 4 7 26 10 12 20 18 12 20 15 33 22 31
19 12 19 22 37 21 24 7 5 32 7 24 19 21 7 26 22 38 38 29
5 2 8 3 7 5 1 1 6 11 8 6 11 3 3 5 6 18 12 15
29 2 31 15 36 18 26 11 15 41 27 35 24 27 17 30 25 46 36 28
33 24 30 20 33 31 29 18 13 30 26 30 28 29 13 20 15 29 37 43
45 30 46 23 54 48 26 29 35 62 28 47 41 41 43 51 34 62 47 57
29 21 40 29 38 36 27 19 28 48 35 38 34 29 36 35 31 44 46 51
42 34 50 37 52 48 38 32 29 48 31 41 50 50 25 47 32 60 47 64
43 10 45 28 54 33 22 24 28 53 25 47 32 55 32 45 20 60 35 56
25 16 28 38 46 19 17 30 27 48 21 32 36 38 21 46 25 55 42 52
21 4 18 11 16 8 12 5 10 34 17 25 7 23 15 18 11 27 18 29
49 37 57 30 64 42 39 26 29 59 28 36 59 55 33 48 32 70 58 71
8 1 7 1 1 2 1 1 3 13 5 9 1 4 5 8 3 8 1 14
4 7 3 6 7 5 9 4 1 10 1 7 6 4 1 7 4 12 6 17
7 5 8 6 9 8 6 4 6 6 1 9 8 8 4 9 4 12 6 20
16 2 19 12 11 13 5 2 16 31 17 21 13 16 10 22 17 31 17 31
8 4 13 8 10 13 10 1 11 17 10 14 6 6 7 12 14 19 13 11
38 14 40 21 36 26 14 15 26 47 31 36 29 32 21 39 26 49 31 44
38 23 48 44 59 41 25 29 34 65 25 49 46 49 39 64 37 67 46 70
33 9 39 25 40 23 25 17 27 58 35 44 23 40 24 36 23 45 44 53
23 5 17 8 26 19 10 4 9 23 13 23 16 18 10 22 10 31 18 25
11 7 16 5 17 8 9 5 6 21 7 7 15 15 14 12 6 21 10 24
3 2 5 5 8 8 6 3 1 11 1 7 7 6 7 7 4 15 4 15
50 38 49 43 67 41 49 40 28 59 45 56 46 57 15 47 36 60 66 67
42 26 46 31 42 35 13 23 27 44 28 31 48 43 25 44 31 61 39 59
36 12 37 23 36 18 22 15 27 55 31 43 17 38 21 39 26 45 33 44
28 6 31 32 47 9 32 23 22 45 26 45 26 42 31 43 23 54 37 49
24 19 18 12 28 24 18 11 5 27 9 18 23 20 15 20 10 36 20 32
22 31 27 22 44 23 29 19 4 34 16 14 39 34 25 28 17 46 38 54
44 31 50 33 51 24 45 22 15 55 46 38 45 48 30 32 39 64 61 59
26 16 32 13 31 24 21 12 10 31 15 20 29 32 16 20 11 40 25 39
9 1 7 2 13 11 1 3 3 12 2 8 9 9 5 12 1 15 5 17
21 3 23 17 16 18 4 10 20 35 18 25 19 21 8 26 13 27 18 35
8 1 14 17 27 12 16 6 6 28 5 29 8 19 16 25 13 31 17 30
45 31 53 44 63 38 40 33 26 45 34 45 56 56 14 48 39 68 56 65
21 8 17 12 17 9 12 1 7 22 13 19 16 19 11 15 10 31 19 31
34 22 34 36 46 36 26 25 28 55 22 42 39 40 21 47 30 63 44 55
54 20 57 36 69 39 33 45 35 60 35 54 49 70 35 53 21 67 50 64
6 1 5 1 1 1 1 1 1 13 5 6 1 2 8 7 3 11 1 9
19 2 23 10 10 9 3 3 19 26 20 19 8 15 16 21 17 25 15 23
22 3 21 10 18 9 13 4 10 28 21 27 10 19 11 18 18 33 21 25
25 9 21 9 21 15 15 8 8 35 19 25 11 22 18 20 15 34 17 26
43 27 46 32 43 31 36 25 16 30 28 36 41 49 40 42 23 60 35 57
20 12 22 8 21 18 18 8 14 30 18 24 15 18 20 19 11 24 20 37
12 2 11 13 21 15 16 4 8 28 9 28 4 13 10 21 15 27 18 25
61 39 62 38 66 41 39 36 26 74 48 44 56 59 39 50 35 70 66 72
43 33 42 31 45 40 33 28 21 48 40 36 42 39 36 34 23 45 49 60
52 27 57 31 53 26 46 23 22 70 49 42 45 53 45 36 34 66 57 59
5 13 5 5 17 7 12 1 3 19 5 3 15 7 9 8 7 20 21 23
25 17 26 41 41 13 23 20 23 49 16 42 21 37 28 50 31 50 37 58
6 2 7 14 19 14 5 11 11 27 6 19 6 14 8 20 9 24 16 17
26 21 22 22 36 23 24 11 6 29 9 26 28 25 14 28 23 42 35 41
32 22 32 53 58 27 42 30 35 54 30 54 38 43 40 56 38 64 54 54
28 15 35 23 45 22 18 30 29 45 14 30 34 43 30 44 11 47 25 57
13 6 9 11 21 18 15 6 1 25 8 20 10 11 14 17 11 28 14 17
1 8 1 11 14 2 10 5 2 19 3 13 3 5 4 15 6 16 13 25
30 7 30 24 26 25 17 8 26 36 27 39 17 24 26 34 28 38 30 33
8 1 10 1 15 2 12 1 1 11 4 8 11 16 5 2 1 20 10 15
27 30 30 38 49 12 32 32 20 54 24 32 37 42 31 41 25 51 48 65
11 1 8 2 9 10 2 1 4 11 4 9 7 7 5 8 2 12 7 11
4 1 2 1 4 3 1 1 1 8 1 1 2 1 3 3 1 7 1 9
36 23 39 38 51 27 34 38 38 62 35 41 37 48 35 41 17 41 51 61
24 6 24 16 23 16 12 13 18 31 18 31 18 27 16 26 12 28 18 42
49 16 58 47 65 26 49 28 36 64 41 67 37 62 49 65 46 75 58 65
40 31 41 38 62 30 41 27 9 53 22 41 42 53 30 49 35 71 51 63
34 10 31 41 46 25 27 31 35 55 28 55 24 41 33 52 23 46 38 58
28 18 24 21 40 24 25 15 14 37 20 29 26 31 13 25 13 35 37 39
5 2 12 16 15 11 9 6 11 16 6 15 14 15 2 13 10 23 19 24
30 13 29 25 37 28 23 12 18 43 21 39 23 30 30 39 22 46 33 47
37 16 38 31 54 30 43 25 20 54 34 46 31 41 21 34 26 47 55 44
25 14 29 36 47 33 31 20 27 56 26 46 26 30 24 42 26 47 50 52
45 35 46 42 44 33 39 18 23 47 35 44 47 41 13 45 48 65 60 62
27 2 26 15 26 18 26 1 10 34 18 40 5 23 20 28 26 34 24 23
48 17 48 39 57 18 44 44 36 66 45 55 35 58 38 46 21 43 53 61
17 16 19 14 30 3 22 10 1 30 7 15 21 25 10 20 17 34 26 33
49 30 54 39 63 49 35 29 32 56 29 49 48 53 60 63 35 73 52 70
1 8 6 7 13 4 14 6 2 23 5 12 4 11 11 9 2 11 11 29
47 24 43 29 59 43 36 29 25 60 37 54 35 42 40 49 35 59 52 43
59 22 64 41 57 37 20 32 46 73 53 59 46 64 45 58 42 67 52 65
11 8 13 10 12 11 13 8 9 18 7 21 7 15 11 18 9 18 9 31
3 1 1 1 1 1 1 1 1 11 2 4 1 1 4 3 1 9 1 5
49 43 47 53 66 53 56 27 19 63 38 58 44 52 45 53 42 66 63 71
10 7 16 16 9 3 9 10 16 33 15 21 10 15 9 18 14 22 18 34
19 13 17 20 32 32 24 2 7 32 10 25 19 16 26 27 22 42 26 25
35 29 38 27 64 29 38 37 30 54 12 38 44 54 41 53 15 58 42 71
34 29 42 40 57 28 48 12 16 49 22 37 39 44 37 47 41 62 52 52
22 15 24 18 36 34 25 13 8 36 6 26 23 27 32 33 16 44 21 36
30 19 33 46 51 26 33 14 29 52 25 53 30 43 39 52 39 61 44 58
30 19 33 41 53 31 43 23 20 40 19 46 34 44 40 47 24 57 44 53
43 13 38 43 60 30 51 36 29 58 32 62 31 52 28 47 29 55 56 44
9 5 8 8 11 7 5 7 7 15 4 13 9 11 4 12 3 12 7 24
9 6 12 4 3 6 8 1 8 19 11 11 6 3 4 7 10 16 13 18
23 11 32 22 39 20 40 2 9 42 18 30 28 26 29 28 26 54 44 41
39 20 46 41 61 27 25 33 24 45 23 37 50 56 24 47 20 62 51 63
27 19 22 27 38 28 17 20 17 34 16 30 30 31 13 29 14 35 34 44
28 12 37 21 37 23 38 8 17 48 26 42 21 29 26 32 33 48 40 41
56 38 64 40 68 40 37 40 40 70 41 47 59 65 56 64 28 71 58 89
7 7 11 10 14 6 7 7 12 25 7 12 10 10 3 14 5 15 16 28
15 1 20 22 31 18 11 15 20 36 13 34 12 28 23 36 16 38 20 40
45 24 52 34 42 36 21 17 40 58 44 40 47 45 39 47 34 60 52 68
46 29 57 33 57 38 49 13 29 75 42 47 42 48 56 51 43 75 57 65
20 25 24 26 39 19 27 18 6 28 15 25 33 33 15 29 21 45 33 54
29 25 39 48 60 27 43 24 21 58 25 44 44 47 24 45 34 67 65 67
10 5 8 7 10 10 11 5 5 18 5 16 4 11 5 11 6 11 8 18
21 11 26 17 16 1 16 1 18 38 26 23 18 20 19 21 22 36 28 41
26 10 27 5 28 13 21 9 11 38 26 26 14 20 13 18 11 26 30 32
1 2 1 1 1 2 3 1 1 5 1 1 1 1 1 1 1 5 2 10
31 19 33 23 34 12 30 12 22 49 26 34 21 39 37 35 19 39 29 54
30 12 34 24 57 22 29 25 18 52 20 40 31 46 31 47 23 61 38 45
27 14 23 24 47 25 22 15 10 45 13 35 23 36 22 39 21 52 32 42
12 7 10 2 10 11 4 5 4 17 3 9 6 10 10 13 1 14 1 22
28 23 37 37 52 34 38 18 14 44 20 39 38 39 31 47 34 65 47 62
15 5 17 9 18 13 10 5 9 13 10 20 15 14 12 18 11 24 11 30
50 42 45 27 61 47 50 27 10 56 32 42 41 45 38 39 28 64 51 57
8 7 11 2 6 4 8 1 7 23 7 6 4 4 5 7 6 11 13 15
9 7 7 8 13 10 9 4 1 9 6 8 14 8 5 8 4 21 12 17
37 20 47 51 58 41 40 38 37 45 34 54 47 54 27 51 32 62 57 66
35 9 36 16 32 24 22 13 17 42 28 34 26 33 14 28 21 43 33 34
28 2 35 31 38 24 22 15 26 51 27 49 19 34 24 40 29 46 36 44
54 24 50 32 50 28 48 21 25 46 45 55 37 49 26 41 43 63 55 46
4 1 5 1 9 8 4 1 3 1 1 8 6 3 1 7 1 11 5 15
10 11 15 15 19 13 11 8 14 20 11 14 20 14 1 17 12 26 24 32
33 15 35 32 40 16 30 13 19 63 33 44 26 34 24 46 42 59 50 47
15 18 15 8 22 19 23 6 3 25 12 9 20 15 14 3 5 23 27 29
12 1 17 7 13 10 3 6 12 15 10 12 15 14 5 9 4 15 13 23
19 5 17 15 27 24 21 5 6 20 7 26 16 21 13 16 12 30 22 21
32 14 36 21 36 20 31 14 17 50 30 38 26 37 16 26 24 45 42 45
52 30 58 53 63 37 21 40 38 57 36 53 58 63 40 61 46 73 58 77
34 26 38 39 50 25 30 24 23 66 33 43 31 40 26 45 30 55 54 64
35 30 38 47 57 32 44 22 14 53 25 45 40 41 20 43 46 66 60 49
37 5 33 28 45 33 29 21 17 42 27 48 24 36 22 37 27 44 41 26
15 7 15 3 18 15 1 12 11 26 1 12 10 17 10 18 3 19 2 22
10 4 7 1 4 3 6 1 3 14 7 10 4 4 6 6 5 12 5 11
22 12 29 15 34 5 16 11 7 34 11 15 26 31 13 27 14 39 26 42
22 15 25 14 19 16 17 9 18 32 24 23 14 21 21 21 16 26 27 41
16 12 16 24 31 14 10 17 14 27 8 28 20 25 10 33 17 34 24 44
18 12 23 32 30 7 8 22 25 35 14 25 26 28 5 35 19 36 33 46
16 7 18 22 36 26 23 13 11 26 3 28 21 29 14 25 8 31 23 38
33 13 36 25 31 33 27 11 24 37 27 35 32 32 12 25 23 40 44 39
46 36 52 42 62 31 42 32 13 40 31 35 59 53 28 46 35 76 58 60
16 7 20 3 21 5 22 1 3 22 15 18 15 18 13 12 11 31 18 26
29 19 33 37 44 27 35 10 17 49 23 44 28 37 27 37 36 59 48 53
41 21 42 36 49 21 37 28 18 40 31 42 35 54 31 40 21 58 44 58
26 23 24 29 48 34 28 18 18 48 9 38 25 32 30 45 23 49 30 44
13 2 8 7 17 13 15 3 1 21 9 17 7 12 7 10 7 24 14 11
50 20 51 28 66 36 48 27 21 60 23 52 42 57 46 57 33 74 45 58
48 14 45 45 69 42 44 34 34 69 36 67 35 56 38 60 35 68 59 54
8 1 6 12 19 11 8 4 5 24 5 23 6 11 8 19 10 23 14 22
27 9 27 14 34 25 17 14 14 35 18 28 19 26 14 27 14 35 26 29
16 1 18 16 19 14 6 15 21 30 15 26 12 22 9 23 13 26 19 30
11 7 9 12 13 12 10 8 5 12 1 10 12 14 4 8 4 14 12 19
26 11 27 15 37 14 35 19 11 41 23 30 21 35 19 20 15 28 35 33
30 17 33 22 41 29 25 15 12 23 21 30 37 34 14 26 18 45 34 46
9 10 5 11 17 19 21 2 1 15 3 15 10 7 7 8 10 25 20 15
18 8 22 17 16 17 13 9 14 22 18 23 18 20 9 17 19 32 21 31
47 19 52 45 57 47 41 24 30 52 39 59 44 50 26 46 45 64 61 52
37 11 39 36 55 33 35 18 26 57 32 54 31 41 26 50 40 59 51 43
35 19 37 40 50 17 24 27 21 41 14 38 38 51 29 49 27 60 41 64
20 11 23 10 29 14 19 10 7 30 16 19 21 24 16 15 1 21 23 42
40 31 47 40 58 41 52 11 23 54 30 42 42 45 54 48 37 66 57 68
34 26 38 43 61 34 46 18 10 41 21 43 43 47 27 44 37 66 52 55
29 13 26 28 41 24 26 7 7 40 14 35 20 29 19 36 29 52 36 38
39 34 47 38 52 37 39 26 24 48 28 34 56 48 40 52 29 74 51 70
35 25 35 40 48 32 23 29 30 49 31 45 35 43 21 44 29 53 50 66
1 1 5 1 1 3 1 1 3 5 2 4 1 2 1 2 4 6 3 8
18 19 15 13 26 19 17 7 10 32 14 18 18 18 18 25 16 35 25 37
39 13 45 44 53 20 27 35 42 59 39 53 39 52 24 51 30 55 51 62
34 16 40 28 38 30 37 13 14 40 32 41 32 36 17 30 34 56 43 41
20 17 16 13 30 19 20 7 4 19 8 19 22 20 2 14 10 29 29 30
22 14 20 13 28 11 20 10 10 35 19 27 13 21 9 21 9 22 26 37
42 26 50 39 43 39 41 17 28 54 34 43 47 44 36 54 37 68 46 60
36 20 39 45 51 26 25 20 30 62 27 49 31 43 34 58 44 63 47 58
41 4 43 28 41 11 20 23 33 60 38 49 24 46 27 46 31 51 38 45
13 7 11 1 11 11 1 6 3 19 5 7 10 9 15 13 3 21 2 17
13 6 11 13 22 16 12 10 13 27 8 20 12 18 6 17 8 25 17 27
26 17 27 35 44 37 32 18 26 52 19 45 21 32 27 42 26 45 44 45
34 22 33 35 42 24 31 6 19 46 20 42 25 32 27 45 37 52 43 50
37 24 40 41 52 34 46 25 25 64 38 48 38 46 22 36 32 57 64 57
14 2 8 8 15 10 7 6 5 25 8 17 6 15 8 14 4 19 10 17
10 3 12 1 17 7 8 1 2 17 7 10 15 13 16 12 4 27 7 22
19 2 16 13 16 7 10 7 12 32 18 21 9 21 10 15 12 25 19 20
16 4 21 4 20 13 16 4 5 24 11 17 14 17 21 18 12 32 14 22
11 1 13 1 7 8 1 1 9 10 10 14 6 8 4 10 7 18 8 16
13 3 15 7 18 14 8 6 7 17 7 15 16 18 14 15 5 25 8 28
1 1 2 2 4 1 2 1 1 6 2 3 3 1 1 3 4 12 5 11
25 33 34 43 59 44 41 30 19 56 23 36 39 41 36 41 27 59 56 63
11 6 9 6 10 8 10 5 5 18 9 14 9 8 5 9 7 18 12 20
27 17 30 28 49 31 37 1 11 42 18 38 31 34 34 39 30 58 38 42
15 16 20 1 23 12 19 6 2 30 8 6 14 20 21 11 1 19 14 33
24 28 23 15 43 40 32 16 13 40 8 21 28 25 32 31 17 41 34 42
19 7 30 24 23 19 11 17 27 38 21 28 25 29 15 29 16 29 26 44
40 31 46 37 53 46 40 18 29 65 24 46 48 44 42 53 42 74 51 65
41 24 41 22 50 27 25 19 11 42 21 31 40 44 21 33 22 55 42 53
53 20 56 48 59 36 45 38 38 60 49 69 40 63 22 55 42 68 63 64
27 26 31 22 47 34 38 16 9 30 14 21 37 33 30 27 15 44 40 51
5 1 4 1 3 4 1 1 2 9 2 6 2 2 1 1 1 7 5 5
7 7 10 13 19 5 3 8 8 26 9 13 16 14 10 19 11 27 16 31
25 30 30 33 30 4 22 22 21 49 26 26 28 29 24 37 34 44 40 54
20 6 16 14 31 12 20 13 6 33 17 28 14 22 12 24 16 34 22 20
14 7 16 21 27 27 17 12 11 32 6 29 11 20 20 31 12 26 20 32
12 9 12 11 20 5 10 5 3 21 10 13 12 12 1 12 15 26 20 16
37 21 47 36 64 34 55 22 20 59 28 50 37 51 38 47 30 62 61 57
4 1 4 3 6 8 5 1 1 7 1 11 1 4 3 8 3 11 2 14
11 1 9 16 18 13 5 12 13 21 6 26 4 16 3 21 5 14 13 20
9 6 6 2 8 3 13 1 1 26 9 14 1 7 9 8 4 14 9 20
30 15 31 34 44 22 23 25 32 52 23 36 35 40 19 41 16 47 45 57
15 3 11 5 17 12 11 1 2 8 4 13 12 13 1 3 2 19 14 14
45 34 49 43 66 45 35 41 32 49 30 44 55 57 46 61 25 67 51 73
18 10 20 16 19 22 17 8 17 28 16 21 20 16 9 19 15 27 28 30
19 15 15 8 25 26 18 9 6 24 3 14 18 19 18 18 8 29 16 21
12 5 12 3 11 10 5 4 7 21 7 9 6 10 7 10 5 14 9 14
32 13 34 20 37 15 25 10 10 30 20 24 32 36 26 27 18 50 33 43
4 3 9 7 20 10 11 1 1 12 3 9 18 11 13 15 7 30 13 25
30 33 34 26 53 32 38 34 14 40 11 25 39 48 35 36 9 48 36 60
54 41 49 36 58 28 43 26 14 64 36 40 41 52 38 43 32 62 57 64
5 1 3 10 9 5 5 8 5 14 2 14 2 9 1 10 5 8 6 12
8 12 8 23 27 13 14 13 10 24 1 23 12 18 6 28 14 25 20 36
19 20 25 14 37 24 22 14 9 33 11 21 26 26 28 33 9 35 22 51
33 20 34 36 46 35 38 22 20 45 25 50 25 41 24 39 30 49 45 54
6 1 4 1 6 1 6 1 1 12 4 5 3 6 3 1 1 8 7 6
21 25 22 19 41 25 24 29 19 50 16 24 26 32 31 32 7 38 30 52
5 5 9 5 9 3 7 3 4 20 8 7 12 8 6 7 6 20 15 26
11 8 12 4 13 3 7 1 4 18 7 12 10 10 4 11 7 19 13 28
11 1 8 4 3 3 4 1 3 14 8 16 1 5 7 9 9 14 3 9
22 3 24 7 26 9 21 10 4 34 20 25 14 25 19 20 17 35 18 20
30 7 39 23 30 25 17 12 27 35 28 31 30 35 28 33 24 45 32 46
16 12 23 23 37 21 29 11 7 14 11 19 32 22 26 27 18 46 35 32
11 17 9 7 18 12 11 9 2 27 5 9 13 10 15 17 4 24 12 30
4 4 5 1 7 6 5 1 2 8 2 6 9 5 4 4 1 14 7 18
46 25 54 34 44 43 39 23 25 53 44 41 51 47 36 39 29 54 55 65
25 13 28 15 21 15 22 4 13 24 20 25 22 26 19 17 21 40 26 38
28 10 24 13 25 9 11 8 9 36 19 25 12 26 17 28 17 35 18 29
48 23 52 40 62 27 33 26 35 66 43 56 43 60 34 52 38 67 61 71
35 30 44 26 47 37 29 31 23 42 26 28 40 43 42 40 18 43 40 59
49 48 46 42 52 26 41 29 18 65 39 38 44 45 47 46 37 57 54 65
25 22 34 39 45 23 40 31 27 38 23 34 38 43 32 40 19 53 48 55
49 29 59 48 56 36 33 33 26 32 34 41 67 56 25 52 36 72 61 70
32 10 33 18 43 23 35 6 9 30 19 37 27 34 22 31 24 52 37 41
35 22 32 44 53 34 29 25 16 43 13 46 35 40 21 48 33 53 43 53
6 2 7 1 7 9 5 1 5 13 6 7 7 4 3 4 5 17 10 13
38 16 34 25 36 13 24 10 15 40 28 35 29 39 20 33 30 51 37 42
4 1 2 2 7 3 1 1 1 6 1 4 7 3 1 3 1 10 6 10
6 9 5 7 14 7 7 1 1 8 1 4 17 8 5 8 6 19 13 19
10 1 8 1 9 5 8 1 1 6 3 13 1 7 1 3 2 10 5 6
23 12 24 20 21 10 10 4 12 23 19 19 25 22 12 19 23 39 29 37
40 23 35 20 39 35 11 26 25 46 23 31 35 39 32 38 15 42 28 52
2 1 3 2 6 7 3 1 1 7 2 6 7 5 4 4 3 15 6 10
8 3 10 8 14 11 5 1 6 21 10 14 10 2 10 17 16 30 16 18
10 12 8 8 21 19 21 1 5 18 5 14 12 8 10 11 8 21 21 23
32 20 34 28 33 38 25 16 19 31 23 31 35 30 6 31 28 47 38 41
29 17 29 38 48 19 20 31 26 38 22 37 36 43 20 41 19 50 41 54
44 20 50 31 64 29 45 23 15 60 27 43 44 50 38 54 41 74 57 54
23 27 27 29 40 31 33 6 18 40 20 35 24 22 28 39 33 42 41 46
2 1 1 5 13 10 4 1 1 14 1 9 7 7 7 9 2 20 6 13
18 7 15 3 10 9 14 3 8 20 11 21 3 12 7 12 8 16 9 20
15 2 24 20 29 20 10 11 21 30 12 23 27 29 10 29 13 37 24 41
16 9 16 1 27 12 23 1 1 21 5 10 20 22 14 8 1 33 19 24
22 13 24 35 38 23 25 14 19 38 21 35 30 31 8 29 28 47 44 40
26 10 32 34 31 31 18 10 27 56 24 39 24 29 29 48 36 53 32 44
26 6 33 36 36 20 20 7 21 55 25 44 24 32 22 44 39 57 42 46
19 18 24 19 27 26 25 9 11 37 20 22 21 21 20 20 17 33 33 40
5 1 3 7 12 13 6 2 1 11 1 11 5 8 3 10 2 17 7 10
27 6 24 8 21 19 8 10 15 31 19 25 13 21 16 22 9 26 17 27
25 9 30 14 26 15 19 4 16 22 17 23 26 29 23 24 16 41 24 43
41 30 50 34 48 39 22 28 34 59 25 37 53 47 33 56 35 64 46 71
53 15 62 38 49 25 45 21 35 66 48 58 42 56 41 57 43 69 57 66
2 2 1 1 4 3 8 1 1 10 1 7 1 1 1 2 2 10 6 10
3 1 4 7 9 5 6 4 1 11 2 11 6 8 6 8 4 15 2 17
47 18 45 28 44 26 46 26 24 56 43 49 26 43 36 38 33 45 44 48
20 1 23 14 16 18 8 4 17 30 20 28 13 14 10 23 17 27 21 25
28 4 39 19 22 15 13 10 25 28 26 27 28 30 24 30 22 40 28 42
20 13 32 21 25 28 28 6 22 39 26 30 27 22 23 29 26 38 37 42
9 3 13 10 17 5 12 10 7 17 4 15 13 20 11 14 4 18 7 29
1 1 1 2 1 1 3 1 1 6 1 4 1 1 1 1 1 4 1 11
44 20 47 33 45 28 30 28 28 40 31 43 39 52 35 42 18 51 42 63
42 21 47 31 37 33 32 22 31 55 44 41 34 40 20 32 29 40 50 52
21 2 25 8 24 12 13 6 11 24 14 19 22 26 12 18 6 29 19 36
30 20 28 26 36 32 17 18 18 23 20 31 35 29 16 28 20 41 34 46
39 31 47 43 52 23 43 16 20 42 21 43 40 45 46 57 43 66 48 66
27 13 32 17 41 31 30 9 10 41 17 29 29 30 25 26 24 55 34 29
8 2 8 17 22 15 15 4 4 22 2 25 7 12 11 22 12 24 14 25
38 33 47 36 54 40 35 15 26 60 31 36 45 41 46 50 40 71 55 67
8 1 21 19 14 7 10 8 17 25 12 19 19 22 7 22 15 29 20 33
16 1 13 4 16 14 11 4 7 15 10 20 8 13 3 10 6 17 14 10
33 30 35 33 61 34 36 32 29 69 23 43 35 42 38 53 25 61 51 61
50 29 47 32 55 39 9 33 30 53 38 45 44 48 36 48 31 56 43 54
19 2 17 21 24 22 14 13 15 29 12 35 11 21 17 30 15 25 17 31
24 9 28 19 26 15 23 13 21 38 23 34 17 28 5 25 21 28 34 35
26 12 23 24 35 27 15 14 16 33 19 35 22 22 19 33 20 37 30 35
37 20 36 26 48 34 21 22 18 38 19 35 39 44 27 40 18 52 29 55
44 49 44 42 51 51 52 39 16 45 39 38 46 46 28 34 29 46 53 56
18 15 20 11 26 18 23 4 5 37 18 17 22 18 13 13 12 37 32 34
38 34 42 30 56 34 37 32 19 43 25 27 47 48 41 43 9 47 43 68
10 1 7 4 8 8 5 4 4 14 3 15 2 9 1 10 1 7 2 13
26 19 26 34 45 23 9 33 22 43 12 31 29 38 17 46 19 42 32 49
33 19 32 27 38 38 18 25 20 16 23 33 36 33 10 27 21 38 34 39
26 12 26 24 53 14 39 17 7 48 18 36 29 38 28 39 24 55 43 42
