1000 20 11 1663
6 28 4 15 3 6 1 8 13 1 10
9 16 10 1 4 15 11 6 2 0 1
13 9 10 6 2 9 1 1 1 5 2
8 5 22 1 1 14 7 0 3 10 11
4 7 15 6 4 2 7 2 6 12 16
2 14 3 14 21 23 8 8 0 8 5
3 5 6 7 5 2 18 3 8 2 3
2 0 10 2 23 4 14 8 22 3 1
3 11 3 8 0 7 6 3 13 7 7
17 10 5 15 9 6 9 6 8 8 1
10 16 2 8 14 2 13 11 5 2 15
1 6 3 1 3 1 2 4 5 4 1
7 1 7 1 13 9 5 5 0 9 15
6 4 4 6 1 20 2 9 0 2 12
2 4 6 1 3 5 2 5 4 0 0
2 1 11 4 9 7 1 4 1 0 0
7 4 4 3 5 3 1 6 3 1 2
0 9 1 2 4 1 1 0 0 3 3
5 22 1 11 16 8 10 4 10 10 3
2 13 8 16 8 3 1 13 19 18 4
12 5 3 1 7 12 4 10 2 4 8
3 14 0 14 5 3 3 7 6 20 3
1 3 3 19 14 0 5 15 8 9 4
1 3 12 11 6 11 8 2 7 13 1
5 3 8 0 1 2 5 4 3 6 0
2 6 3 1 1 4 1 2 4 3 6
9 10 10 3 4 17 9 7 3 15 6
8 0 2 1 3 5 1 4 0 0 3
7 9 4 6 1 2 1 8 3 4 1
2 3 4 8 6 9 13 8 7 3 0
12 2 5 3 14 6 5 8 20 2 13
1 8 9 7 4 2 11 8 8 4 11
6 10 3 7 3 5 3 11 21 1 5
4 13 19 9 22 4 5 9 7 3 14
2 1 6 1 7 1 3 2 0 0 8
3 1 2 3 4 6 4 6 6 0 10
1 11 3 6 1 1 1 17 5 3 6
2 2 0 15 5 3 7 11 2 1 13
1 6 2 5 8 4 1 5 5 11 9
4 1 21 5 1 3 4 1 16 3 3
1 1 10 6 2 4 4 2 5 1 6
5 6 3 18 13 6 9 5 1 10 7
8 1 4 8 6 7 13 4 2 0 8
4 3 5 17 7 7 3 5 7 4 1
4 7 1 7 10 6 13 11 3 10 4
8 10 2 16 2 2 3 8 2 5 12
14 4 8 1 6 11 3 3 5 6 4
24 15 19 9 9 5 10 8 2 1 8
2 14 3 0 6 9 3 0 5 27 1
13 11 2 4 15 5 8 3 1 7 0
1 2 2 7 6 1 2 7 5 2 7
3 3 18 6 14 3 14 9 2 1 3
13 0 5 4 6 1 10 6 1 4 8
4 12 0 8 10 13 2 3 8 8 0
4 3 10 6 4 9 9 1 0 10 5
2 0 6 4 4 2 4 0 3 1 1
15 16 7 18 16 1 5 3 0 15 13
1 2 1 8 2 2 6 1 0 1 3
4 4 8 0 10 6 1 0 7 1 5
13 5 7 6 12 0 1 23 4 4 9
6 4 5 17 3 10 2 22 2 6 16
2 3 3 7 2 1 6 1 4 4 5
1 1 6 1 1 5 5 8 3 13 11
6 3 10 14 6 8 1 1 8 10 8
2 4 1 7 9 13 30 6 5 4 10
2 5 4 1 3 3 6 4 16 3 1
2 3 18 1 1 11 12 24 3 12 8
3 5 7 6 2 0 4 3 4 2 3
4 16 4 8 11 15 14 6 3 15 3
3 3 1 1 3 5 7 7 2 1 3
4 1 1 3 7 2 4 1 6 7 6
9 13 5 12 10 3 2 14 7 1 21
0 2 12 6 3 5 18 6 2 1 3
6 3 6 3 23 8 17 6 22 5 4
2 6 11 12 2 8 1 8 12 4 2
2 5 7 3 5 1 1 1 1 3 3
0 1 7 9 13 9 4 15 6 3 8
6 9 6 14 4 3 7 15 6 20 8
11 1 0 25 9 19 1 6 10 3 17
4 22 2 5 10 1 6 0 9 24 8
18 13 4 15 5 13 1 4 12 1 6
10 5 2 11 17 0 8 5 19 1 2
2 12 3 8 9 2 3 2 3 7 11
7 16 1 9 16 2 11 8 9 14 6
6 13 7 4 9 1 5 4 3 3 8
9 2 0 5 3 8 2 5 4 7 15
4 3 3 0 2 3 7 8 8 3 1
1 8 1 2 1 1 7 2 4 5 3
1 4 3 0 4 5 3 2 7 6 0
4 3 15 1 4 4 4 17 8 1 2
3 8 2 4 5 9 2 9 1 13 2
11 4 2 3 1 1 10 3 4 0 6
2 6 4 2 12 2 4 1 0 12 7
10 0 1 0 6 6 3 6 3 4 2
2 5 9 1 2 4 0 1 1 13 4
12 1 4 2 12 10 2 3 1 2 11
12 3 1 6 16 4 8 18 0 8 6
2 3 7 2 6 2 5 12 0 3 5
3 4 7 1 4 10 2 2 5 1 5
5 11 8 2 5 6 24 8 1 12 3
1 3 5 3 4 3 6 18 5 11 11
2 0 3 9 5 2 1 7 1 1 4
5 1 9 12 18 14 6 4 0 4 9
1 14 1 1 3 1 13 2 10 4 9
7 13 11 3 11 9 13 7 6 10 5
7 6 8 6 4 4 10 6 1 2 1
5 11 20 2 7 9 1 2 10 3 2
7 5 1 6 4 3 8 5 3 1 7
0 10 13 6 18 5 13 6 0 5 15
12 2 12 23 4 6 7 9 5 7 15
1 5 12 5 5 3 7 6 2 2 8
0 5 10 1 13 8 9 7 2 9 11
5 2 4 8 1 0 2 3 1 0 4
7 2 18 5 4 3 6 11 3 0 12
6 4 6 18 12 1 11 15 8 9 16
9 0 6 1 3 6 3 3 8 2 8
13 9 5 9 8 13 5 6 5 8 3
11 5 7 6 8 14 8 3 10 4 2
8 12 6 5 3 8 7 6 11 1 6
12 5 11 10 15 5 6 15 3 8 17
12 6 5 7 7 4 11 2 11 10 3
8 5 4 2 6 6 0 4 10 0 9
4 10 5 13 1 3 7 0 3 0 2
5 0 4 2 5 12 7 15 4 2 9
3 3 1 11 3 1 3 2 14 1 3
3 1 7 3 4 6 3 1 6 9 1
5 5 8 2 1 10 1 5 3 8 4
1 4 12 2 6 3 1 12 6 10 10
5 6 3 7 1 5 0 5 2 6 7
2 3 3 7 2 3 3 3 4 5 9
17 3 7 5 7 0 1 0 4 18 8
3 1 5 4 16 1 3 2 1 23 0
10 2 16 10 5 15 3 22 11 9 13
4 5 11 2 5 2 4 0 6 9 10
14 1 2 5 9 5 9 3 1 0 19
5 1 8 3 6 5 7 6 6 7 5
24 1 5 10 7 4 3 3 7 6 1
1 6 2 3 1 3 3 3 12 1 1
8 3 1 4 3 7 4 1 1 18 3
11 14 7 14 5 7 7 17 5 9 1
2 9 1 22 22 0 2 4 11 3 13
6 7 3 10 9 3 3 1 5 0 23
15 11 10 4 6 2 0 0 10 8 17
4 2 5 14 6 13 14 5 4 23 2
11 8 8 4 12 1 5 3 0 2 1
5 3 8 1 19 1 17 25 5 1 2
10 2 9 9 1 2 9 5 9 6 2
14 18 8 7 11 7 2 15 13 0 4
8 17 7 8 31 5 6 3 0 4 0
1 12 4 14 2 19 1 16 11 11 7
1 4 14 10 0 5 1 3 3 1 2
6 6 0 10 3 9 1 3 13 0 1
4 8 7 1 5 2 6 1 10 5 0
4 3 6 1 1 7 0 7 9 11 1
6 5 4 14 8 5 7 14 25 14 5
3 9 16 3 17 5 8 2 9 5 10
3 6 0 3 0 14 0 3 6 3 2
6 12 5 13 8 6 10 8 13 15 1
3 7 3 6 1 6 17 8 4 3 1
8 2 5 1 3 4 8 3 1 3 2
13 16 4 1 1 6 11 13 6 6 6
4 11 7 9 11 7 25 12 1 15 5
6 7 7 5 20 11 1 10 7 5 8
13 19 1 10 2 12 16 10 12 4 3
5 8 5 5 6 2 12 10 1 9 4
4 5 0 8 2 5 3 0 0 8 4
13 2 3 1 4 0 19 10 19 14 13
11 9 16 1 14 8 9 7 10 3 10
6 11 17 4 10 11 14 4 13 4 12
6 6 2 1 2 3 14 7 12 8 5
6 7 10 11 1 9 1 4 2 7 1
7 1 3 6 7 7 1 2 9 21 5
5 6 4 11 3 16 12 2 1 11 7
8 3 6 1 1 10 4 2 1 4 2
4 6 3 7 22 6 1 4 8 9 1
2 5 3 1 5 2 1 5 1 3 0
2 9 3 6 3 10 6 10 3 3 3
2 1 0 8 8 7 2 2 15 2 1
10 10 3 13 5 6 10 12 11 1 8
5 8 17 16 15 3 10 6 2 4 12
7 2 2 3 2 3 3 2 1 6 1
2 1 5 8 3 1 4 9 1 6 4
21 5 3 10 4 6 3 6 4 5 6
7 1 4 8 17 5 6 7 10 8 6
8 2 4 7 1 2 3 11 2 5 3
11 5 3 4 0 21 11 8 3 25 1
18 7 9 2 0 9 21 23 6 2 2
7 12 3 1 1 11 10 1 1 7 0
4 8 9 2 5 6 9 4 6 9 6
3 6 23 5 0 3 1 9 2 4 5
9 0 4 6 11 10 10 21 11 0 13
3 14 7 4 14 1 15 3 12 3 9
12 8 12 10 1 4 16 11 5 7 6
2 16 8 6 6 17 18 5 4 7 0
15 7 0 5 1 7 7 9 7 12 16
1 10 22 5 9 10 15 16 3 2 10
11 12 25 4 1 5 6 5 20 7 9
6 4 1 4 5 0 8 3 3 6 2
3 3 5 1 10 7 2 2 2 6 0
6 16 4 18 2 1 3 6 1 3 8
1 3 4 3 14 12 5 6 17 8 1
4 10 2 4 8 0 3 3 1 3 2
9 11 0 10 11 8 11 15 3 13 5
3 2 3 5 5 7 2 1 1 0 4
15 15 9 13 2 12 9 5 13 5 14
5 3 1 5 10 11 7 2 0 2 2
0 9 6 1 0 2 4 5 9 11 10
4 1 1 5 5 2 3 7 1 3 1
1 5 2 5 4 4 7 0 0 2 2
1 0 7 6 2 11 1 13 7 2 6
21 7 8 7 4 14 11 4 5 5 4
4 4 5 2 0 1 5 2 3 1 5
6 4 4 21 1 6 8 6 7 13 6
6 10 4 4 25 2 17 8 12 5 16
9 1 20 11 5 12 14 1 13 5 3
7 11 11 19 6 4 2 6 6 13 4
1 5 1 1 9 1 3 7 1 2 1
2 4 3 10 7 5 1 12 4 2 11
5 9 19 1 5 14 6 9 1 22 5
7 3 1 3 1 10 2 7 10 3 4
0 4 4 1 5 4 6 3 10 6 1
5 4 4 8 2 1 1 9 4 3 3
8 1 3 5 8 8 12 1 11 11 12
10 19 9 8 1 5 1 6 13 5 12
3 1 5 1 1 3 2 4 2 4 5
7 9 13 9 6 3 3 7 6 6 7
0 5 9 2 3 4 5 5 2 6 0
2 8 3 4 7 7 1 0 13 4 6
1 2 1 3 2 3 4 5 2 6 4
3 7 7 12 4 4 8 4 12 2 8
4 18 18 2 11 8 6 14 6 10 7
17 5 11 5 6 3 10 1 10 2 8
0 5 2 4 19 12 7 20 11 5 14
9 3 14 0 15 4 2 1 11 3 10
3 1 2 2 6 7 9 6 7 1 4
6 14 1 7 4 7 13 7 6 6 10
0 3 6 11 0 9 13 4 11 6 15
1 3 1 3 7 14 8 9 6 13 4
6 3 6 0 22 28 8 4 6 8 1
5 1 1 6 8 1 2 8 2 1 1
11 4 14 4 6 3 2 7 3 9 4
8 12 12 12 1 4 5 6 14 7 23
2 9 8 1 4 3 5 1 3 5 9
5 8 16 7 4 3 2 7 3 7 14
5 11 2 1 9 2 8 1 3 12 8
4 2 5 8 1 2 1 1 2 1 5
2 3 2 2 5 1 5 8 3 7 8
14 6 5 11 3 0 1 3 4 1 0
2 18 1 2 2 12 8 21 9 11 11
3 1 3 6 5 4 5 3 5 6 2
4 1 5 20 18 7 16 10 1 12 2
0 14 1 3 11 6 12 14 2 7 16
25 2 6 2 11 5 19 0 2 5 16
1 11 6 1 0 3 6 16 14 4 9
6 0 4 2 1 2 4 7 0 6 2
0 1 5 16 7 6 18 1 1 3 5
4 5 2 4 3 12 13 1 14 2 11
8 4 11 2 6 7 16 3 3 4 2
3 5 7 23 13 2 20 12 10 5 2
4 5 0 2 1 10 1 0 3 3 3
2 12 2 1 5 5 4 1 0 1 4
4 1 1 4 5 2 9 8 1 10 7
17 1 13 10 12 2 2 0 3 4 1
2 0 3 3 2 4 6 9 3 3 1
10 14 2 1 16 29 6 0 2 9 8
7 2 4 6 2 4 1 4 0 9 5
7 6 12 1 18 9 5 3 14 2 6
23 15 4 6 6 1 10 3 0 0 5
9 1 15 2 27 13 2 2 11 13 5
2 4 10 4 12 9 9 17 9 23 6
8 16 9 7 1 4 3 7 4 5 1
1 4 6 8 4 3 12 3 11 15 6
5 2 0 3 4 1 3 10 5 9 4
5 8 3 0 3 4 2 4 4 2 10
2 3 4 4 2 5 4 3 1 3 3
8 3 4 6 2 4 0 3 1 6 3
23 1 7 13 17 4 1 18 7 9 1
9 11 6 3 6 0 9 1 20 9 3
14 1 11 13 2 2 24 10 5 9 19
0 5 8 6 3 6 2 3 0 3 4
3 13 11 2 12 27 4 15 10 5 3
0 4 3 18 8 2 1 3 8 3 7
1 4 5 4 0 4 6 6 3 1 3
7 3 8 0 3 1 1 3 3 8 1
2 3 4 1 6 0 2 3 5 3 4
0 12 8 17 0 10 9 6 10 4 5
0 1 1 1 5 7 3 5 2 11 3
1 2 0 12 6 2 1 4 3 24 16
9 6 1 7 2 9 1 7 1 6 9
1 1 0 2 3 1 4 1 5 4 9
3 5 8 11 11 4 6 11 10 17 1
10 4 10 5 2 7 2 2 2 2 3
5 1 2 0 1 1 1 1 4 6 4
0 17 5 3 4 9 3 9 4 7 4
2 10 3 3 4 6 3 4 6 7 8
0 4 2 9 2 3 0 3 1 9 0
2 2 0 3 0 2 4 12 2 14 8
0 2 6 3 1 8 7 2 0 1 5
1 3 1 10 6 4 2 5 3 3 4
16 4 3 2 4 8 7 4 6 15 0
5 7 11 21 2 4 1 18 9 6 18
10 7 0 1 12 9 5 10 19 13 6
3 1 1 1 7 5 0 4 1 9 0
4 1 2 2 9 4 4 7 2 4 6
1 5 1 8 7 13 4 1 7 1 9
1 16 14 0 4 0 5 9 3 9 15
4 3 1 5 5 18 16 9 12 5 2
15 6 3 15 2 9 1 7 1 1 2
10 2 4 1 6 10 1 14 15 12 11
9 1 8 3 6 10 6 3 2 8 4
2 1 16 3 6 5 6 3 3 3 1
8 0 7 2 1 3 4 1 19 3 3
7 2 1 2 9 3 2 7 3 11 8
2 7 8 7 2 1 15 13 23 5 8
12 0 2 2 3 7 15 14 1 6 0
14 11 10 17 5 4 10 4 1 0 15
4 5 3 5 6 5 9 3 11 9 1
1 5 4 2 0 3 5 3 2 7 10
1 1 8 1 7 4 5 12 12 5 6
2 3 5 2 2 4 2 3 0 1 10
2 9 1 0 5 1 14 4 4 5 6
8 2 3 14 14 6 10 9 16 8 10
2 5 5 1 21 3 9 6 13 5 7
2 8 4 10 11 11 4 6 5 3 2
0 5 1 8 11 3 0 1 15 2 12
1 8 12 5 16 3 3 0 3 2 4
6 14 2 5 5 9 12 12 10 5 7
4 14 1 1 21 4 5 1 6 19 8
17 8 4 4 2 1 19 0 16 3 6
1 7 3 4 4 4 1 4 2 5 1
4 16 3 16 15 10 14 7 8 0 6
4 16 7 12 2 4 16 7 4 17 5
3 6 5 12 5 1 13 2 13 2 1
1 5 18 7 12 1 4 4 3 10 6
1 10 7 20 14 6 9 16 12 11 13
9 5 1 11 17 8 20 12 0 11 10
2 8 12 1 5 14 2 6 9 15 3
7 7 5 10 2 0 5 2 18 23 4
4 15 4 1 6 7 9 2 1 3 3
13 3 1 7 6 4 9 1 1 10 2
10 3 13 3 1 7 9 5 12 0 5
5 1 3 3 7 4 12 0 4 7 2
3 4 1 1 11 0 7 5 2 2 3
4 1 4 1 2 6 0 0 5 6 6
10 0 6 4 8 8 4 15 4 1 8
9 1 9 3 15 1 15 0 9 15 8
16 5 5 4 18 4 4 6 5 0 1
5 5 16 3 4 5 5 12 7 2 5
4 7 8 5 2 8 11 24 5 11 1
16 14 8 4 2 2 15 5 16 2 2
1 3 10 5 13 3 8 6 5 20 2
9 5 7 19 5 4 0 10 5 18 9
6 6 6 10 2 1 7 9 4 12 9
5 7 7 10 4 3 5 2 3 4 6
4 7 8 5 1 4 7 3 1 1 5
9 12 2 15 4 4 13 9 12 6 15
4 2 13 7 3 3 11 4 18 5 5
6 3 5 0 10 11 18 0 3 2 10
2 5 4 7 1 3 2 10 5 9 4
15 0 9 2 9 6 8 6 11 2 8
3 10 8 6 0 9 2 5 2 0 2
5 8 13 1 2 2 5 15 3 6 12
4 1 15 6 3 3 4 4 1 4 7
22 10 10 10 4 6 1 3 10 11 13
11 11 1 2 3 6 6 1 5 0 3
9 17 9 8 4 11 1 2 4 8 24
14 21 5 10 4 9 17 1 10 5 3
12 14 11 2 10 5 18 7 4 0 11
8 15 9 1 1 22 3 2 1 3 0
1 9 3 1 4 7 5 3 3 5 3
2 19 2 1 8 6 10 3 2 4 10
7 10 3 3 4 2 10 10 4 3 13
0 1 3 18 5 5 5 6 5 4 0
1 11 10 5 3 5 14 4 11 6 12
2 0 1 0 3 1 3 2 9 3 5
0 2 6 4 2 2 1 6 1 3 5
0 2 1 0 4 4 1 9 7 1 8
6 2 7 4 9 8 6 12 5 11 1
7 3 6 7 11 1 3 6 2 3 1
6 13 4 7 3 9 3 5 9 16 1
6 12 18 11 4 13 5 7 11 9 12
2 2 1 2 0 2 3 7 4 4 6
4 4 6 11 6 8 5 11 1 6 3
2 5 8 5 10 7 8 12 1 5 1
0 8 4 0 3 1 3 2 2 3 3
5 10 6 3 1 5 4 3 8 6 12
21 6 3 2 2 9 3 15 22 12 6
4 6 3 1 6 2 17 6 13 5 13
12 3 7 4 0 7 1 6 3 8 5
2 4 13 9 4 1 12 17 9 12 11
1 7 4 0 9 8 14 5 8 3 5
4 0 2 1 2 4 0 4 5 8 6
11 8 0 2 6 8 10 14 2 1 3
5 17 1 0 12 13 3 6 20 1 6
5 3 2 3 5 11 4 9 4 13 5
2 10 10 2 3 3 2 4 2 5 1
3 12 26 11 9 6 10 4 7 17 5
3 5 4 10 0 7 14 3 11 13 19
16 11 13 11 4 4 15 14 10 14 3
3 2 3 7 3 3 3 5 2 4 4
4 4 5 14 11 25 10 8 11 8 15
7 8 24 8 3 1 17 9 5 3 4
2 9 7 2 0 12 7 8 7 11 6
0 4 6 5 5 11 4 0 2 4 3
3 14 15 5 7 6 6 16 9 1 4
10 1 10 2 12 6 28 1 0 1 5
0 1 2 1 4 2 8 2 13 4 7
22 6 5 7 4 1 14 5 9 11 9
0 4 2 1 0 0 5 2 3 7 1
1 5 4 1 8 1 5 1 11 2 2
4 14 6 7 32 4 2 4 5 1 3
2 3 5 10 8 6 3 10 5 2 1
4 4 1 1 6 6 3 5 3 1 4
2 1 6 2 4 2 2 9 0 5 0
16 1 0 6 9 8 6 8 13 13 9
22 4 1 15 0 1 18 4 3 5 15
10 2 5 2 0 4 1 1 1 1 4
12 3 8 20 21 2 3 11 9 18 0
25 8 7 4 1 12 6 8 3 6 2
0 4 1 8 7 3 7 11 6 12 4
5 17 6 22 11 4 16 6 1 11 11
4 6 11 17 11 4 4 3 2 10 18
1 0 0 5 3 6 0 2 1 2 4
14 24 7 4 14 13 4 7 3 10 1
1 4 3 3 0 13 0 0 6 7 0
2 7 4 5 2 5 1 3 4 1 2
6 6 8 11 8 6 12 2 1 12 11
3 1 4 5 7 2 1 0 3 1 1
9 24 2 13 3 8 1 18 4 11 3
11 8 12 9 1 0 4 2 2 1 10
3 1 7 8 0 7 4 3 1 7 9
1 7 0 5 1 11 10 0 7 5 9
10 3 7 9 9 0 2 11 5 1 0
1 6 1 2 7 10 7 2 8 1 2
15 8 4 7 23 12 4 9 2 9 6
1 3 8 2 1 0 5 9 20 7 3
6 10 7 18 7 8 10 23 10 0 7
8 2 5 2 7 1 2 1 1 7 11
7 8 24 7 6 15 0 7 7 12 2
9 12 1 7 16 1 7 17 1 14 2
1 10 6 14 6 2 6 18 7 4 24
5 3 2 3 5 4 0 2 4 1 3
4 3 9 17 3 5 7 8 4 2 15
1 5 3 11 0 3 0 5 1 6 3
4 14 16 14 7 1 7 11 8 1 2
1 2 15 5 2 18 2 9 9 0 3
1 2 7 0 3 2 2 1 3 4 2
5 5 8 1 9 9 22 4 3 18 12
5 17 4 2 10 2 7 20 5 12 13
20 13 1 10 1 14 6 0 9 4 1
7 3 0 8 3 5 9 7 2 1 5
1 2 13 5 1 12 6 6 1 9 4
6 13 3 1 0 12 6 1 6 12 11
13 1 14 18 2 18 7 13 0 1 7
11 3 3 11 0 1 7 7 9 5 26
1 7 0 10 3 0 0 11 3 5 1
26 16 7 13 4 7 7 7 10 13 6
0 1 9 16 13 2 1 3 6 8 1
1 2 3 2 4 4 2 7 2 1 4
12 19 9 6 2 6 6 10 3 8 6
8 9 4 9 12 0 7 8 5 4 2
14 10 2 6 4 3 3 1 9 6 5
5 19 0 14 11 3 5 6 1 8 16
4 13 8 14 5 7 5 18 7 8 18
10 9 1 3 7 1 4 10 0 25 14
0 22 1 2 7 10 14 7 3 18 3
12 2 2 2 6 3 0 2 6 3 12
1 6 3 3 0 4 1 4 1 0 1
1 6 4 5 5 6 0 0 4 0 14
2 8 5 8 7 4 2 7 9 9 14
2 2 4 3 3 1 2 6 5 1 3
3 20 1 1 1 1 4 2 1 1 5
5 9 4 7 4 5 6 1 1 8 3
0 8 8 0 5 4 0 1 1 1 3
8 9 15 4 14 5 5 7 5 13 8
12 11 1 7 6 25 14 2 8 4 15
12 17 1 1 3 15 12 10 7 19 6
5 1 1 5 1 4 6 3 1 6 1
0 8 5 6 5 6 5 6 3 6 2
0 20 14 1 3 12 2 1 5 9 20
1 3 7 1 1 3 9 0 1 1 4
6 10 7 8 7 16 1 17 13 4 20
9 11 7 12 9 8 0 7 4 12 8
1 6 11 11 3 5 25 4 12 6 0
4 4 3 0 2 8 4 2 1 2 2
7 0 4 12 8 9 9 8 5 3 5
0 2 1 13 2 5 3 1 3 0 8
0 3 1 10 4 5 1 6 1 4 7
4 3 5 3 5 8 7 2 4 9 3
2 4 10 7 5 6 9 6 6 3 12
16 5 5 7 1 3 12 1 9 6 10
1 7 7 0 4 2 4 13 12 6 0
15 7 6 1 3 13 2 7 2 7 12
1 8 4 1 11 12 2 0 6 1 5
17 8 0 5 15 10 2 8 19 2 5
2 10 15 12 0 15 27 2 3 9 8
0 7 20 9 12 2 21 0 0 8 14
3 3 25 16 3 9 1 11 0 20 11
4 9 4 2 5 0 6 2 4 3 1
1 1 5 4 3 0 1 8 1 6 3
4 14 12 8 18 2 17 15 11 1 2
2 6 7 2 1 8 9 12 5 20 8
0 8 5 4 1 3 5 10 2 7 1
8 22 6 11 6 7 3 8 14 9 6
2 2 2 3 1 1 11 9 3 2 1
8 5 10 5 15 6 4 1 6 3 6
0 1 5 3 0 11 22 4 7 0 5
25 6 8 11 6 2 3 5 1 6 7
3 1 2 2 9 17 11 17 4 20 13
7 6 6 1 7 4 8 7 8 5 2
9 1 2 9 5 7 10 11 3 1 3
3 6 5 8 4 3 1 3 5 4 2
1 1 1 1 5 1 5 7 5 0 4
9 5 7 5 4 10 3 11 19 7 23
2 10 4 0 8 6 1 3 3 10 2
19 12 3 0 13 12 1 9 6 19 16
4 13 3 0 7 18 13 6 6 9 8
2 2 1 2 9 1 2 4 3 14 9
10 19 7 6 13 9 11 5 18 4 13
5 2 7 3 3 13 9 13 8 15 10
2 2 11 5 4 1 13 9 10 5 18
10 1 7 11 6 3 11 1 2 3 14
6 1 0 2 2 8 1 6 4 5 2
6 2 12 1 4 12 8 19 7 18 20
3 0 3 4 2 6 7 6 4 6 4
19 11 10 13 6 3 12 4 9 2 3
2 13 0 11 1 2 22 21 15 4 6
2 1 3 1 3 1 7 7 3 8 2
16 11 1 10 25 3 0 5 3 9 2
2 5 1 1 3 5 1 5 2 1 7
5 1 1 4 10 7 1 5 6 7 3
1 3 1 5 3 2 1 3 6 3 2
1 1 5 2 4 0 0 4 5 3 5
20 14 4 5 1 12 11 2 10 18 15
1 4 1 8 7 4 5 8 1 4 0
9 2 20 3 6 2 10 2 0 4 13
4 11 1 10 4 5 8 5 3 2 3
6 2 1 12 12 0 6 6 9 3 3
1 1 3 4 2 7 1 0 6 3 2
18 5 1 3 2 11 4 10 4 8 6
4 3 3 15 8 5 17 6 6 7 11
4 2 3 1 5 1 2 4 1 0 6
3 4 16 11 9 4 17 8 5 2 19
0 2 5 1 4 0 5 3 8 3 12
12 4 28 11 3 7 12 7 6 13 3
12 0 10 11 15 17 3 5 13 4 4
1 4 1 0 7 8 3 2 3 6 7
1 9 5 2 11 8 7 7 8 12 0
0 4 3 2 5 4 9 5 1 2 3
1 9 6 2 4 1 17 9 7 3 3
7 5 9 2 7 13 8 14 9 1 1
12 15 15 3 12 5 6 13 15 3 2
9 11 4 10 3 4 5 8 2 14 15
2 8 8 20 6 7 12 7 1 10 14
0 4 8 16 18 1 3 9 17 10 13
27 14 1 7 1 10 1 15 13 5 5
2 2 7 4 4 1 2 1 3 6 6
11 27 10 1 14 17 3 4 7 6 5
5 6 6 3 2 3 7 5 1 17 1
1 12 7 13 9 12 4 0 8 12 4
8 4 6 4 1 0 7 0 6 2 0
8 2 1 4 6 1 4 4 9 10 2
16 5 1 5 0 4 3 10 9 1 3
5 2 1 3 3 2 4 0 1 3 4
9 15 13 21 7 21 9 0 4 0 4
6 18 4 2 0 10 3 22 2 18 15
17 12 25 0 9 8 6 8 6 5 10
1 5 5 12 11 1 3 7 2 2 26
0 8 8 2 30 7 3 15 11 2 2
7 4 4 9 2 3 1 4 0 6 1
10 4 10 7 2 1 4 5 12 22 3
5 4 6 6 0 0 0 0 4 8 12
4 6 1 2 2 11 1 2 11 9 4
19 8 6 0 1 18 11 11 10 11 8
4 1 6 7 12 8 1 6 4 3 3
15 19 7 8 19 12 1 13 5 6 11
7 4 3 2 5 2 2 11 4 5 4
13 2 10 11 3 9 3 4 3 12 1
13 14 6 2 14 4 6 0 21 10 1
15 7 9 2 2 1 12 8 17 8 11
6 2 0 6 2 4 0 2 4 0 1
1 1 6 10 11 4 11 1 2 3 1
11 8 15 1 1 3 0 1 1 12 9
9 9 1 1 6 8 3 15 6 12 0
7 5 10 8 7 3 11 8 7 0 8
1 5 5 1 4 3 7 4 3 6 9
0 3 2 2 7 9 5 3 7 11 3
3 2 2 10 1 4 13 16 6 1 7
0 1 4 6 8 3 4 4 1 2 3
16 4 4 13 10 1 24 1 8 1 0
2 2 2 9 2 1 7 5 3 1 8
5 1 6 2 2 3 8 7 4 3 0
3 5 0 5 0 5 1 2 0 4 1
12 8 16 4 3 3 2 9 5 3 3
0 2 4 4 1 7 4 7 7 2 6
4 4 14 4 4 26 3 10 8 2 4
12 4 11 5 13 6 15 2 6 12 22
1 7 16 0 2 22 3 5 8 3 3
4 4 2 8 6 11 2 4 0 1 11
10 8 14 21 7 13 7 10 16 1 11
6 6 3 2 4 6 7 3 8 11 3
10 20 7 9 8 1 4 12 15 9 4
4 14 3 4 4 5 7 2 4 5 6
7 0 16 5 9 16 9 19 14 1 5
4 3 2 2 2 4 3 1 5 2 6
1 7 8 3 10 10 6 7 6 17 8
3 5 14 3 16 8 11 1 11 1 2
4 3 7 3 2 2 1 0 1 1 8
5 1 2 2 5 7 2 1 8 5 9
4 1 3 4 10 2 2 1 9 17 2
7 30 1 9 7 4 13 12 2 5 4
4 17 7 9 12 4 6 6 0 8 7
2 1 12 8 8 14 4 14 14 17 7
2 1 5 5 10 8 13 13 12 7 11
3 0 4 3 2 4 4 2 14 4 7
5 4 3 4 10 4 1 1 0 0 4
1 6 9 4 14 11 19 7 19 8 17
6 26 1 2 3 4 2 7 4 2 5
1 8 2 4 3 1 4 4 5 2 0
0 5 2 3 14 14 4 0 11 10 12
8 9 6 6 3 8 2 4 13 8 1
12 9 6 3 9 2 13 3 13 11 2
2 8 24 18 4 15 1 1 2 1 0
1 14 15 2 3 22 0 9 20 2 2
19 12 16 9 20 6 2 0 3 3 8
0 4 9 15 8 6 9 7 16 5 3
3 9 12 12 12 12 2 10 8 6 1
6 3 7 6 4 6 0 11 0 8 1
1 7 1 10 5 2 1 9 5 11 1
4 4 2 10 15 0 0 3 4 12 1
8 2 5 20 2 9 8 1 4 11 10
6 9 6 4 22 8 11 0 8 20 7
9 16 12 7 6 9 3 11 9 8 7
1 0 1 0 2 4 2 3 1 8 1
2 7 17 16 18 7 12 2 4 1 2
5 0 2 4 4 6 1 0 5 4 0
4 7 6 4 1 3 2 3 3 1 2
3 22 3 5 5 4 5 3 13 6 7
4 8 1 0 2 2 0 0 3 2 2
3 6 2 0 12 3 2 12 2 3 17
17 3 18 7 2 17 8 19 5 12 2
1 14 3 14 5 1 6 11 2 11 14
10 5 3 1 3 4 7 2 11 5 2
12 8 9 10 9 4 1 1 13 3 7
13 0 11 9 6 13 3 1 11 1 6
10 4 9 1 1 2 5 5 2 1 10
3 14 3 1 15 12 4 4 17 11 15
5 1 3 7 5 0 0 4 1 3 0
0 8 5 3 2 9 3 2 0 2 5
9 5 10 3 3 1 0 2 1 4 9
3 4 2 4 4 1 4 1 9 7 6
12 0 1 13 3 0 8 2 7 2 10
13 3 2 2 7 5 2 7 13 10 6
4 7 5 3 19 9 4 3 3 14 9
4 5 5 1 4 6 2 2 12 15 12
2 5 3 2 1 3 4 0 4 3 4
8 7 19 4 16 7 6 13 8 13 5
2 6 1 1 9 2 3 6 2 9 4
4 3 7 0 2 21 20 4 4 16 9
2 10 3 4 6 2 1 2 0 0 3
6 1 3 3 3 2 5 5 6 2 2
14 10 3 5 22 0 8 19 3 4 0
8 1 0 1 6 1 2 2 1 0 2
5 3 2 3 0 1 0 2 1 6 5
8 1 7 5 1 4 3 5 1 0 5
12 3 2 6 15 14 1 7 6 0 7
15 7 7 1 20 2 6 27 6 7 5
2 4 16 15 1 9 8 15 4 4 9
9 1 2 7 5 3 2 5 10 11 1
6 0 8 3 13 0 6 3 2 2 6
9 1 4 27 9 0 13 15 7 3 5
5 14 8 17 5 5 10 3 2 5 2
1 16 18 8 2 4 9 0 6 4 0
5 5 1 4 0 1 5 3 8 1 4
2 12 17 4 19 3 7 6 20 10 3
3 5 2 17 11 1 1 0 0 2 8
10 14 7 5 0 12 10 12 2 21 0
8 2 3 14 13 19 2 2 2 18 7
18 8 8 7 13 2 1 6 20 14 15
0 1 10 3 3 2 1 1 5 7 7
0 7 4 3 1 12 4 5 6 4 2
1 5 6 4 2 9 2 0 4 2 5
4 2 8 6 26 12 14 9 4 1 16
6 9 2 3 7 1 3 4 5 4 7
14 0 6 6 2 14 18 2 3 3 2
5 15 2 18 17 3 0 8 16 11 10
6 10 3 4 10 11 7 8 2 14 14
17 8 1 15 1 6 4 3 14 12 22
3 1 4 5 5 2 6 1 6 0 1
12 8 7 3 4 6 4 11 1 6 1
4 16 23 5 11 9 1 5 12 16 6
12 10 5 0 1 18 9 11 6 15 5
8 8 12 1 0 0 3 7 4 6 13
11 3 2 9 8 3 8 5 2 0 13
18 0 2 3 3 6 15 7 12 7 11
2 0 13 14 23 6 6 19 0 1 11
0 1 5 7 4 4 5 1 6 3 2
1 0 3 7 1 3 5 4 7 3 2
1 4 1 1 15 13 7 16 6 9 23
4 0 1 10 13 3 2 3 8 1 0
8 1 2 3 6 3 0 12 7 3 9
11 1 2 6 1 3 2 9 10 3 3
0 2 3 0 7 4 8 0 11 8 5
1 4 12 6 1 0 3 3 22 9 10
9 7 16 3 5 12 11 7 3 5 1
19 3 2 13 4 4 18 5 6 4 2
1 11 0 0 6 14 12 11 6 8 7
1 10 6 9 5 1 2 0 1 2 5
4 6 26 2 1 10 1 10 15 4 4
3 4 3 2 4 9 3 1 0 4 1
9 6 6 18 5 3 14 3 5 17 0
10 11 13 6 8 3 7 4 2 3 2
8 2 5 20 6 5 20 19 12 6 3
4 4 5 11 0 6 18 15 19 0 16
13 6 5 12 8 16 9 2 5 6 5
4 5 4 11 3 2 0 1 2 9 2
6 5 6 0 8 8 2 1 0 6 4
1 3 3 3 8 4 11 4 2 3 3
4 2 4 2 3 5 2 2 5 5 2
3 0 4 4 3 5 5 3 5 8 1
3 0 5 1 6 1 4 5 3 2 5
0 1 24 10 8 17 11 3 12 6 6
3 17 2 6 2 1 9 1 13 10 24
10 9 4 10 2 9 10 4 6 16 7
6 7 12 1 14 4 5 2 12 4 3
19 2 25 7 5 2 5 3 15 10 8
9 8 5 7 8 4 8 1 4 10 3
12 10 8 2 10 5 2 15 14 7 5
2 1 4 4 9 7 7 4 2 29 8
21 1 1 7 12 0 8 21 12 9 7
5 14 13 18 3 19 8 9 8 0 5
13 1 3 5 0 6 2 3 22 1 4
3 1 3 4 6 4 1 3 1 5 3
1 4 3 7 4 1 1 6 1 7 0
12 4 1 4 9 3 3 16 4 11 1
3 8 4 3 2 2 2 5 4 2 8
12 0 5 1 5 5 12 20 5 12 6
11 17 3 1 8 8 4 2 8 8 7
12 6 2 2 3 12 3 17 2 12 4
12 1 13 4 16 5 5 7 7 0 13
12 8 0 6 4 2 6 2 1 3 8
7 5 0 9 7 7 5 9 4 4 1
0 8 5 12 9 8 12 7 2 2 11
17 14 5 12 0 2 5 7 5 3 8
3 2 14 8 0 7 5 6 1 10 2
6 3 10 0 2 13 0 6 2 0 15
1 6 12 6 8 3 1 20 18 9 17
2 5 20 5 0 5 0 8 15 9 10
3 4 1 2 9 3 1 1 1 1 0
1 4 2 7 3 1 1 5 1 2 1
24 3 11 7 3 7 1 4 2 7 2
2 13 9 11 11 11 7 1 4 5 7
7 7 4 4 2 9 3 4 7 12 5
8 16 6 15 13 10 10 9 12 8 14
1 3 7 12 1 4 4 12 5 2 4
11 18 7 4 11 3 1 4 2 6 2
2 6 2 4 3 8 3 0 6 9 1
19 16 1 1 10 9 17 1 12 3 10
4 12 4 10 7 12 3 3 1 4 6
10 14 2 14 7 4 12 15 11 6 11
11 6 6 5 9 1 15 2 4 4 19
16 1 3 10 3 1 4 0 5 8 1
11 6 1 3 8 10 0 8 17 5 19
3 0 11 8 6 6 0 10 4 14 7
6 2 3 2 2 4 1 1 6 1 6
16 4 12 6 13 5 2 9 6 6 2
6 6 15 8 0 0 3 22 10 11 9
5 1 2 0 5 5 5 8 4 4 3
6 3 11 4 4 8 10 19 16 3 2
4 1 5 3 25 4 9 20 0 16 4
4 7 2 16 6 1 17 1 11 4 8
3 5 5 2 21 11 6 8 1 27 8
3 3 1 4 4 15 5 7 2 7 17
23 11 6 11 2 1 10 6 9 2 3
3 11 3 17 6 2 1 19 7 18 16
7 3 5 6 2 9 4 2 5 5 0
2 2 1 1 5 3 7 12 3 5 4
5 12 12 3 3 4 5 2 9 20 3
14 23 3 2 4 6 6 3 8 3 4
5 1 6 16 2 3 1 12 16 2 8
10 4 2 0 9 3 2 16 15 11 4
4 7 8 2 8 8 7 6 1 7 8
1 0 9 2 1 6 0 3 3 1 1
1 3 5 6 2 5 7 9 23 3 2
8 13 19 7 9 18 9 8 9 7 2
8 5 7 4 7 1 5 16 3 9 6
3 9 7 5 6 3 3 8 17 28 2
6 5 2 3 0 0 9 5 6 2 1
11 14 3 7 0 10 8 4 20 3 6
10 11 2 7 6 9 5 4 10 2 10
2 8 2 5 2 4 4 9 1 8 2
2 11 24 5 8 13 11 14 7 7 9
2 7 2 0 5 6 2 2 4 0 7
4 4 4 3 3 2 2 4 5 0 5
7 2 0 3 8 6 0 5 8 1 2
10 3 2 0 7 3 4 2 7 0 0
1 2 1 2 0 2 3 4 8 3 1
8 20 3 9 1 16 16 3 8 4 9
17 0 12 2 24 9 7 9 6 5 5
2 5 4 10 24 7 6 5 5 1 15
4 2 5 1 7 0 3 8 4 2 6
10 7 7 4 2 20 3 7 2 8 24
14 4 4 3 3 18 8 18 2 16 7
6 17 12 12 2 19 10 12 5 5 2
3 5 0 8 4 12 2 5 12 4 6
3 6 3 6 5 3 12 3 10 1 8
1 9 5 13 4 12 24 6 3 3 12
1 3 11 2 3 3 5 2 2 3 8
3 2 2 1 1 6 5 2 1 6 2
0 8 3 5 11 13 3 6 8 4 3
2 6 2 11 1 6 5 2 4 3 2
13 0 3 2 23 16 2 15 18 3 8
2 3 0 2 5 8 5 6 3 2 5
1 3 8 7 11 32 2 2 7 14 1
4 4 1 1 6 9 1 0 3 4 4
2 9 15 7 6 3 9 4 6 1 2
14 9 15 9 9 12 16 8 1 9 12
1 10 1 1 0 1 5 9 6 1 15
4 9 14 6 5 0 14 5 1 1 4
2 0 6 6 8 22 9 19 9 1 10
7 6 3 6 1 1 2 0 4 0 6
0 3 19 18 9 10 2 3 13 12 3
5 6 0 2 7 6 3 4 0 1 5
6 9 20 6 3 7 20 1 8 2 2
4 4 4 5 7 1 7 4 11 18 4
2 4 12 5 3 1 1 1 6 7 11
9 5 1 5 13 13 0 2 16 16 9
11 3 2 4 11 2 9 1 3 1 2
1 6 2 6 8 0 1 1 5 8 3
4 2 5 10 8 0 10 3 7 1 1
0 3 4 9 1 2 5 4 7 1 0
3 4 2 3 2 3 3 2 7 1 3
1 2 7 1 3 3 0 3 3 0 6
4 0 6 3 19 18 7 14 23 2 6
24 1 5 12 4 4 18 11 11 9 11
3 0 3 3 0 5 7 5 12 2 16
3 2 1 7 8 11 3 3 8 5 6
1 4 5 1 10 3 21 16 6 12 11
8 7 6 4 10 6 9 4 4 17 16
7 8 5 3 7 4 9 4 4 2 2
4 2 7 1 7 0 5 2 12 5 2
2 8 1 5 2 5 4 1 4 4 4
4 8 9 2 11 7 5 3 14 6 6
3 3 3 3 2 3 3 9 0 5 8
8 19 16 5 0 5 5 6 5 8 3
9 0 0 3 3 5 5 3 1 16 3
9 9 5 6 0 1 3 7 7 4 2
13 25 6 2 5 9 3 5 9 1 1
3 3 6 5 1 1 7 2 1 1 4
4 2 4 5 7 4 2 2 3 5 5
6 15 3 17 3 6 14 3 10 8 6
5 11 10 1 5 9 11 0 9 2 3
9 7 12 12 6 3 10 2 2 19 17
2 0 0 5 4 1 1 5 5 1 4
7 5 1 0 9 7 8 5 1 2 3
1 8 0 1 3 12 8 4 1 4 1
1 0 5 9 8 9 8 0 11 2 4
6 1 0 22 10 3 17 12 3 7 22
2 10 9 19 4 7 15 0 10 6 23
19 1 3 6 7 11 6 8 6 4 3
3 6 7 8 3 1 4 0 16 22 7
7 3 8 5 12 11 13 6 21 1 3
9 2 10 25 15 4 17 0 9 6 4
2 2 11 4 2 16 1 18 4 20 6
3 8 0 0 7 3 6 12 9 6 4
2 6 1 12 13 4 6 2 11 6 4
19 7 10 7 4 9 16 4 13 1 14
2 3 10 2 8 10 23 13 7 7 6
3 4 21 15 3 12 3 4 2 1 18
5 4 5 2 7 1 8 3 6 7 5
12 5 0 14 10 1 18 7 17 2 3
1 1 3 10 6 13 3 3 10 2 9
3 11 5 2 20 2 14 18 12 19 5
12 8 3 18 2 3 17 3 11 23 2
0 3 1 0 6 6 5 6 0 2 0
1 10 18 0 10 6 1 2 17 7 8
4 3 7 1 10 2 1 5 3 2 3
0 9 8 16 9 9 13 17 9 10 12
5 5 14 2 10 4 3 1 8 4 8
23 16 0 8 7 1 4 1 9 8 12
2 8 6 1 7 0 2 1 1 1 5
8 14 2 12 3 5 2 5 15 7 11
14 8 10 7 1 5 5 13 7 2 4
1 6 2 3 0 2 1 7 2 3 1
4 12 1 0 2 3 2 6 9 3 7
4 4 2 2 1 13 19 1 23 18 5
9 3 1 11 7 3 4 1 4 10 2
7 5 0 15 17 3 2 11 11 10 4
3 6 10 4 1 0 3 2 7 11 9
9 6 4 5 3 8 1 5 4 1 2
3 4 2 1 7 1 1 1 3 9 6
3 4 4 8 3 1 2 7 13 6 4
4 3 4 1 11 3 2 6 1 8 3
1 2 1 6 4 3 1 1 1 3 7
4 5 3 2 3 10 1 1 5 5 7
9 2 5 0 0 4 9 0 1 5 5
3 11 3 3 12 15 2 5 11 2 8
2 13 4 1 12 2 8 4 13 1 3
9 15 1 2 6 13 2 10 6 16 6
1 14 8 5 14 8 17 3 15 3 7
2 1 3 6 6 7 1 2 5 4 0
1 16 0 9 10 4 12 6 14 17 14
2 1 8 1 3 7 1 3 1 3 1
15 6 9 5 13 4 3 5 10 4 6
3 9 8 1 5 2 1 3 3 1 4
5 0 3 2 2 6 15 4 2 1 2
1 11 2 12 6 3 4 1 5 6 14
1 3 2 14 0 3 5 3 9 9 1
4 0 0 1 2 10 4 3 5 2 3
2 3 19 14 2 6 6 5 11 13 2
5 5 4 9 0 4 0 0 2 6 3
4 20 5 4 20 5 8 0 10 2 17
4 11 4 3 4 3 4 21 7 3 0
1 5 4 5 7 12 12 10 21 7 17
13 6 8 3 7 4 3 4 3 7 10
0 12 3 8 9 14 8 5 7 18 8
1 1 1 21 4 11 1 18 6 10 7
5 4 2 3 2 6 4 11 4 5 0
8 4 8 10 10 6 13 8 19 3 7
7 6 12 15 9 12 13 11 7 16 3
10 1 6 1 2 3 4 2 1 4 2
2 3 2 7 11 4 2 4 3 5 4
4 2 7 2 4 1 1 3 0 5 1
6 7 3 7 2 5 5 1 3 8 1
1 0 2 5 13 15 12 0 4 4 4
4 3 13 9 1 10 2 0 2 1 5
0 13 12 5 17 4 9 14 8 13 2
7 2 4 12 18 12 11 11 5 3 12
1 1 4 3 2 1 6 8 9 2 1
2 2 6 2 4 3 2 1 3 4 1
9 6 19 8 3 9 17 8 1 9 6
25 11 11 8 5 10 0 5 14 2 15
2 1 2 8 2 0 5 1 6 2 6
2 1 6 2 1 10 5 17 7 4 1
1 4 0 1 6 1 3 2 2 5 2
27 17 17 6 8 8 3 3 1 11 3
26 1 3 3 0 3 2 6 17 10 1
3 1 3 8 2 0 6 0 5 4 6
8 3 14 4 7 9 8 4 4 16 7
3 2 6 2 1 1 8 4 2 5 13
13 6 2 10 2 0 1 7 2 9 2
7 13 10 5 0 7 5 4 6 6 0
8 14 2 4 3 15 10 10 5 7 3
5 3 8 7 6 4 2 1 6 1 5
7 0 12 26 10 4 7 18 14 5 5
3 6 2 6 6 1 5 2 2 9 4
1 8 4 14 1 1 1 3 15 23 2
1 9 0 5 4 0 0 11 2 2 2
7 12 0 7 10 6 0 10 16 3 1
12 9 2 5 3 9 0 1 3 12 5
9 6 4 3 2 4 3 5 3 3 1
6 7 4 4 6 8 3 5 7 11 3
3 16 3 7 11 10 7 14 11 9 4
10 7 1 1 29 2 10 14 5 1 3
5 7 0 2 2 3 1 1 3 3 9
4 5 0 6 0 2 1 4 7 6 9
0 22 9 7 6 10 8 7 11 3 6
4 8 1 10 2 5 3 9 7 3 11
7 6 2 4 2 12 5 9 6 6 0
2 11 8 2 12 2 1 12 16 7 11
3 4 12 5 1 3 3 3 8 9 3
3 12 3 9 12 4 5 8 0 0 4
4 13 4 5 2 20 21 0 19 4 5
3 4 8 8 3 0 0 8 2 1 3
3 3 1 2 9 2 12 4 2 0 5
20 7 5 6 10 8 5 7 19 4 2
7 2 6 7 2 18 7 12 1 9 3
6 3 1 1 6 3 1 2 8 6 5
6 7 1 6 10 7 16 15 15 7 22
5 10 2 2 2 12 1 10 1 8 1
1 2 10 0 1 2 5 11 13 1 3
1 7 10 11 2 7 8 5 15 2 18
13 16 7 6 16 4 13 9 14 2 0
5 6 10 13 14 0 4 8 6 8 5
11 18 1 1 1 12 11 19 17 3 7
1 14 8 12 18 4 12 4 1 8 6
2 3 1 4 6 1 5 6 2 3 3
0 3 3 4 3 2 4 3 3 6 0
6 2 0 9 17 8 14 4 5 5 6
20 9 2 7 8 1 16 0 17 0 1
1 2 14 12 1 7 6 6 1 10 11
0 0 1 2 2 2 5 6 5 9 8
3 3 6 6 8 9 9 7 21 2 6
10 0 1 0 6 10 7 19 8 3 8
12 0 15 2 13 4 2 9 14 0 11
4 4 13 11 1 9 1 0 5 6 3
2 1 1 5 1 1 1 14 4 1 8
3 15 13 4 16 7 6 13 3 13 1
1 1 7 10 21 14 20 2 9 6 5
1 5 0 10 7 1 1 11 3 20 10
1 5 3 0 0 0 2 4 9 6 6
9 10 13 3 8 21 14 16 11 5 11
11 1 9 15 16 7 15 1 2 1 4
0 11 12 5 10 6 15 27 8 9 6
7 4 6 16 6 6 1 3 7 9 14
3 5 2 2 6 3 4 1 1 3 5
0 8 7 1 2 2 10 4 8 7 4
4 4 0 8 5 1 1 2 2 3 0
1 1 8 8 5 1 2 13 9 13 9
8 9 0 3 3 3 14 16 6 7 5
1 13
1 29
1 69
2 60
2 97
5 12
5 52
6 28
7 19
7 34
7 65
7 66
7 72
8 14
8 38
9 54
9 69
10 98
10 109
13 112
14 31
14 32
15 61
16 57
16 85
17 41
17 111
19 43
20 66
21 85
24 43
24 44
24 73
25 37
25 61
26 101
27 100
27 107
28 125
29 31
31 111
31 124
32 51
33 94
33 100
34 60
36 84
37 48
37 111
38 39
38 52
38 85
39 76
39 77
39 93
39 104
39 120
41 74
41 121
42 54
42 102
42 130
43 121
44 105
44 106
45 50
45 63
45 81
45 100
45 145
46 50
46 77
46 139
47 137
49 122
49 137
49 147
50 78
51 74
52 115
52 134
54 58
54 115
55 85
55 117
57 92
57 152
58 61
58 133
58 145
59 81
60 151
60 153
62 98
63 100
63 160
64 85
65 130
65 161
66 93
67 158
68 118
68 168
69 134
69 148
71 167
74 123
74 143
74 174
75 111
75 164
76 109
76 116
76 157
77 80
77 131
78 81
78 101
78 112
80 126
81 83
81 85
82 102
82 160
82 175
82 181
83 102
83 122
83 172
84 87
84 168
86 175
87 132
88 94
88 142
88 156
89 126
90 122
91 162
92 143
93 118
93 169
93 183
94 172
95 191
96 146
96 153
98 157
99 111
100 130
102 129
102 130
102 184
103 164
104 121
104 137
104 177
104 184
104 188
105 152
105 182
106 119
106 165
107 112
108 117
108 127
108 146
108 203
109 127
109 171
110 185
110 190
110 200
111 139
111 174
112 195
113 132
113 139
113 182
115 146
115 183
115 191
116 163
116 209
118 128
119 145
119 149
119 187
119 195
121 136
122 158
122 170
122 179
123 144
124 184
124 208
125 127
125 182
125 214
126 160
127 148
127 207
128 133
128 146
128 204
128 210
128 228
129 142
129 152
129 227
129 228
130 195
130 219
131 208
132 144
132 165
132 184
133 201
133 222
134 167
134 190
134 210
135 159
135 162
135 176
136 152
136 159
137 198
137 202
137 234
137 235
137 236
138 181
138 201
139 168
140 191
140 222
142 191
143 162
143 205
143 217
144 154
144 244
145 213
146 158
148 190
149 150
149 227
149 241
150 210
150 246
151 167
151 177
151 195
154 214
154 220
156 245
158 211
158 215
159 169
159 176
159 233
160 199
161 230
161 251
163 165
163 198
163 205
163 222
164 190
164 240
164 247
165 221
165 254
167 187
167 191
167 201
167 203
168 189
170 228
171 199
172 184
172 236
173 201
173 225
173 234
173 270
174 211
175 189
175 205
175 248
175 270
176 178
176 196
176 251
177 224
178 187
178 199
178 202
180 186
182 220
182 241
183 262
183 282
184 238
185 194
185 237
185 243
185 246
186 283
187 246
187 275
188 210
188 231
189 193
189 249
191 290
192 263
193 195
193 196
193 208
193 238
193 244
194 211
195 227
195 283
196 198
196 241
197 235
197 255
198 245
198 269
198 270
198 271
199 294
200 216
200 219
201 209
201 291
202 213
202 219
202 238
202 291
203 227
203 255
203 286
205 240
206 265
206 273
206 301
207 238
207 253
208 223
208 226
209 231
209 246
209 252
209 303
210 258
210 273
211 311
212 216
212 233
212 235
212 236
213 223
213 258
213 286
214 243
214 250
214 259
215 216
216 238
216 278
217 218
217 241
217 260
217 275
218 257
219 317
220 236
222 232
222 276
223 234
223 245
223 254
224 233
224 320
225 239
226 250
226 286
227 251
227 266
227 281
227 287
228 272
228 275
228 298
228 305
229 251
229 252
229 300
229 312
230 269
231 298
231 305
232 301
232 304
233 256
234 255
234 277
234 283
235 293
237 242
237 252
237 273
237 314
237 321
237 336
238 302
238 306
239 337
240 244
240 340
241 312
242 324
242 341
243 339
245 316
246 249
246 260
246 264
246 279
246 288
246 310
247 293
247 297
247 341
248 269
248 294
248 310
248 345
249 320
249 337
250 288
250 306
252 278
252 286
252 295
253 291
254 279
255 298
257 277
257 302
258 303
258 315
258 328
258 341
258 348
259 337
260 326
260 359
261 284
262 288
264 316
265 317
266 279
266 291
267 278
267 361
267 362
267 364
268 272
268 338
269 341
270 284
270 298
270 321
271 304
272 310
273 282
273 315
274 285
275 288
275 312
276 277
277 363
277 364
277 370
277 372
278 306
278 366
279 362
279 376
280 289
280 331
280 378
281 288
281 362
282 322
283 312
283 346
284 299
284 303
284 340
284 349
285 289
285 331
285 354
285 384
286 322
286 347
286 380
287 339
288 325
288 338
288 341
288 346
290 350
290 377
291 326
291 343
291 379
292 357
292 365
292 389
293 294
293 309
293 329
294 328
294 339
294 384
295 379
295 388
296 317
296 325
296 360
297 342
298 314
299 340
300 346
300 379
300 392
301 363
302 311
302 334
302 338
302 386
302 391
303 335
303 336
306 363
306 388
307 402
308 389
309 362
310 321
310 322
310 362
310 392
311 355
312 313
312 333
312 339
312 376
312 408
313 379
314 359
314 366
314 405
316 351
316 352
316 356
316 363
317 358
317 366
317 412
318 355
318 389
318 397
318 408
319 355
319 381
320 343
321 353
321 363
321 390
322 323
322 396
324 389
325 354
325 371
325 403
325 415
326 394
327 353
327 406
327 415
327 422
328 385
329 396
330 413
331 337
331 349
331 354
331 370
332 335
332 387
333 416
336 415
337 379
338 366
339 409
340 354
340 391
340 406
340 439
341 390
342 437
343 367
343 379
344 348
344 370
345 352
345 408
345 441
346 408
347 365
348 409
348 413
349 371
350 432
351 380
352 438
353 382
353 388
353 397
353 405
353 425
354 391
355 381
356 378
357 366
357 414
359 362
360 386
361 365
362 369
362 403
362 412
362 441
362 445
363 412
364 440
366 401
366 402
368 376
368 378
368 381
368 456
368 462
369 450
370 440
371 467
372 422
372 441
373 453
373 471
374 458
375 377
375 430
376 413
376 468
376 476
377 427
377 438
377 450
378 435
379 404
380 412
381 448
382 464
383 384
383 415
384 402
384 447
384 479
385 410
386 423
387 457
388 393
388 433
389 396
389 414
389 443
389 479
390 456
390 457
391 438
393 425
393 492
394 413
394 420
396 432
398 431
401 439
401 455
401 479
401 480
401 491
402 445
402 478
404 470
405 445
405 454
405 463
405 472
407 413
407 481
408 445
408 446
408 500
409 443
409 446
410 509
412 443
413 440
413 494
414 420
414 491
415 417
415 422
416 431
416 434
416 458
418 454
418 458
418 482
418 488
419 485
419 500
419 501
420 441
421 437
421 457
421 476
422 469
423 448
423 469
423 482
423 489
424 435
424 483
425 455
425 456
425 485
425 489
426 453
426 456
426 516
427 460
428 434
428 510
428 520
429 447
430 434
431 439
431 516
432 458
432 471
433 436
433 458
433 516
435 459
437 467
437 516
439 460
440 470
440 497
440 525
441 491
441 498
443 451
443 464
445 483
445 544
446 472
447 530
448 468
448 477
448 491
448 493
449 527
450 451
453 486
453 495
454 509
456 519
457 489
457 502
459 557
461 475
461 540
461 553
462 534
463 468
463 492
463 530
464 507
465 532
466 488
467 493
467 497
467 544
468 493
468 515
468 551
468 563
469 550
471 505
471 533
472 497
472 554
472 560
473 547
474 485
474 554
476 547
476 565
477 576
478 480
481 544
481 573
482 560
483 495
483 539
484 505
484 508
484 553
485 497
485 508
486 518
486 547
486 586
487 536
487 541
487 543
487 544
487 547
487 559
488 582
489 533
489 547
489 562
489 572
489 589
490 500
490 505
490 509
490 577
490 584
491 511
491 544
491 545
491 566
491 583
491 588
493 535
493 577
494 540
495 496
495 507
495 542
495 595
498 536
498 538
499 552
499 564
500 527
500 566
500 572
500 583
500 598
501 596
502 534
502 555
502 602
503 506
503 531
503 535
504 534
505 561
505 580
508 522
508 527
508 585
508 594
509 547
509 552
509 568
510 520
510 594
511 556
512 589
513 597
513 602
514 532
514 571
514 594
515 581
517 571
518 527
518 534
518 544
518 558
519 565
520 609
521 556
521 614
522 553
522 599
524 561
524 604
525 536
525 595
525 610
526 601
527 553
527 602
528 572
528 604
529 532
529 582
529 598
530 581
531 537
531 543
531 599
531 611
532 591
533 542
536 552
536 613
537 583
539 540
539 568
539 583
540 561
540 613
541 570
541 575
541 639
542 563
542 608
542 630
543 566
543 628
544 554
544 576
544 577
544 587
544 592
544 618
544 625
545 615
545 623
546 596
546 630
547 613
549 608
549 610
549 638
550 608
553 589
553 608
553 632
555 564
556 567
556 571
556 575
557 605
557 622
558 568
558 591
558 596
558 597
560 579
560 634
561 591
561 608
562 593
562 631
562 644
563 609
563 624
563 651
563 659
564 586
564 603
564 613
564 633
565 610
565 629
566 627
566 628
568 590
568 606
568 614
568 631
569 585
570 601
572 616
572 660
573 607
573 610
573 638
573 662
574 590
574 608
574 640
574 646
575 616
576 601
576 636
577 656
578 647
579 655
579 676
582 652
583 634
583 652
584 638
584 647
585 604
585 647
586 682
587 628
588 595
588 674
589 625
589 638
590 631
591 625
591 672
592 632
593 615
593 649
593 653
594 603
594 624
594 679
595 629
595 648
596 621
596 648
596 650
596 696
597 642
597 645
597 658
597 684
597 687
598 607
598 631
598 660
599 627
600 648
600 674
601 639
601 652
601 670
602 669
602 677
603 606
603 609
603 631
603 670
604 639
604 671
604 686
605 671
606 674
606 683
607 610
608 678
608 708
609 616
609 631
609 662
609 669
610 626
610 634
611 632
612 615
612 643
612 689
612 698
613 644
616 624
616 645
616 663
616 678
616 711
616 714
617 681
621 638
622 704
623 698
625 694
625 695
625 699
625 720
626 665
626 705
627 672
627 683
630 671
633 712
633 717
633 727
635 636
635 642
635 666
636 637
636 639
636 641
636 674
636 677
636 732
637 656
637 665
637 700
637 727
638 683
638 703
640 649
643 669
644 651
646 652
646 676
646 678
648 651
648 661
648 735
651 671
651 678
651 685
651 700
651 706
652 736
653 702
653 705
653 721
653 722
653 736
654 720
655 678
655 714
655 741
656 662
656 672
656 673
656 688
657 713
657 750
658 690
658 695
659 662
659 726
659 735
659 744
660 709
660 733
661 672
661 680
661 731
662 718
663 718
663 726
663 757
664 746
664 763
665 697
666 703
666 765
668 732
669 730
669 739
670 725
670 747
670 754
671 715
672 739
673 674
673 720
674 685
674 739
676 731
677 696
677 761
678 688
678 745
679 690
679 731
679 749
681 768
682 705
682 722
683 769
683 772
684 697
685 686
685 725
685 749
686 783
687 767
689 777
690 721
690 781
690 787
691 768
691 769
691 772
692 702
692 710
695 729
696 728
696 733
696 777
697 716
697 779
697 790
700 722
700 762
702 706
702 785
702 791
703 707
704 789
705 783
705 790
706 794
707 712
707 742
708 733
708 776
708 792
709 772
710 749
710 803
711 762
711 781
711 785
712 761
712 790
713 782
714 757
714 783
715 765
716 725
716 766
716 802
718 749
718 757
718 779
719 764
719 789
719 803
720 790
722 732
722 806
723 725
723 733
724 729
724 730
724 772
724 791
725 766
725 795
726 762
727 741
729 787
730 793
730 814
730 825
731 814
732 797
733 750
733 769
733 787
734 766
734 790
735 768
735 820
735 825
737 811
738 781
738 789
738 818
738 826
738 827
740 761
740 768
740 823
740 835
741 768
741 787
741 835
742 779
742 830
743 760
743 792
743 833
744 830
745 761
745 770
746 759
746 772
746 790
747 796
747 797
748 781
748 789
748 833
750 780
750 805
751 758
753 788
753 794
753 829
754 780
754 803
754 827
755 783
755 839
756 806
756 823
756 829
756 856
757 761
757 821
758 764
758 768
759 815
759 826
760 776
760 816
760 823
761 815
761 844
761 849
764 826
765 813
765 841
766 826
766 850
768 824
768 829
769 770
769 830
770 816
770 834
771 801
772 794
772 826
773 844
773 860
774 794
775 847
777 810
777 836
778 837
779 865
779 874
780 783
781 811
781 825
781 853
782 793
782 848
782 863
782 880
783 882
785 837
786 797
788 789
789 836
789 881
789 882
790 792
790 801
791 854
791 859
793 826
794 805
794 868
794 871
794 877
795 813
795 848
796 844
798 822
799 849
799 871
800 820
801 808
801 823
801 851
801 898
802 844
803 868
803 872
803 897
804 832
804 848
804 880
804 891
805 827
805 857
805 877
806 892
806 901
807 809
807 823
808 849
810 826
810 887
810 906
811 819
811 908
813 864
813 866
814 897
815 817
815 827
815 912
817 842
817 914
818 831
819 831
819 833
819 865
819 891
820 831
820 840
820 869
820 906
820 917
823 827
823 916
825 840
825 843
825 908
825 914
826 877
827 843
827 877
828 912
828 914
828 923
830 865
831 920
832 843
833 876
833 892
834 880
834 921
835 858
835 925
836 909
836 916
836 924
837 879
837 883
837 918
838 852
838 874
838 895
839 892
840 859
840 910
841 898
841 940
842 855
842 904
842 930
843 849
843 874
843 892
844 859
844 901
845 873
845 881
845 944
847 852
847 901
847 933
848 883
848 916
849 870
849 908
850 877
850 923
850 937
852 930
853 914
854 877
854 885
854 894
855 880
855 906
857 869
857 934
859 890
859 901
859 922
860 905
860 941
861 877
861 915
862 914
863 939
863 947
863 953
864 897
864 925
864 953
865 917
866 917
866 920
866 929
866 940
867 874
867 880
867 890
867 931
867 946
868 935
869 891
869 916
869 967
870 879
870 887
870 896
870 935
871 878
871 880
872 877
872 970
873 959
874 939
874 946
875 901
876 886
876 904
876 938
876 941
876 972
877 899
877 933
878 905
878 978
880 923
881 893
881 899
881 906
881 918
881 931
881 950
881 955
883 938
883 962
885 929
887 909
888 935
888 941
888 974
889 900
889 904
889 907
892 923
892 986
893 906
893 926
893 980
893 992
895 920
895 922
896 939
896 965
896 995
897 908
898 900
898 908
898 925
898 934
898 968
898 989
898 996
899 943
899 987
902 994
902 996
903 922
903 992
903 998
904 928
905 975
906 913
907 944
908 960
908 994
910 990
911 932
912 983
913 952
913 981
915 966
916 960
918 939
918 982
921 985
923 941
923 991
924 948
924 988
925 989
926 935
928 960
928 996
930 985
931 973
933 971
936 938
936 975
938 970
941 954
941 990
942 947
942 963
943 951
943 989
945 1000
946 954
946 964
949 964
950 986
951 959
951 1000
954 961
957 978
957 994
957 998
965 1000
970 996
972 997
977 981
981 984
982 986
983 1000
984 986
986 997
991 994
24 4 17 15 6 7 4 10 2 3 15
30 13 4 10 11 2 22 3 5 16 27
12 7 10 5 5 18 17 1 2 6 3
4 12 10 19 5 14 24 12 7 18 26
1 5 7 4 7 6 11 4 14 7 13
3 21 9 3 2 4 22 8 4 19 5
22 12 24 20 13 13 1 2 4 2 9
17 10 20 3 2 20 11 3 34 8 3
11 13 0 18 15 23 15 24 19 0 28
10 12 3 5 1 5 11 16 2 6 8
7 28 19 21 4 11 4 3 9 19 14
11 6 4 37 13 2 7 14 9 1 5
3 1 12 5 8 9 4 7 13 12 10
16 5 6 4 5 7 4 13 9 23 6
13 22 9 27 27 17 7 10 4 10 1
15 7 3 10 11 1 13 5 0 13 18
6 6 8 9 10 10 6 9 7 15 20
30 17 6 15 16 4 10 17 7 5 17
4 3 14 11 15 12 4 4 0 10 13
5 5 10 11 3 4 1 1 10 1 6
38 40 59 27 46 42 35 46 23 46 12 38 44 45 27 51 37 22 51 47
24 22 11 7 30 17 17 8 10 21 13 30 31 27 2 30 22 13 29 39
6 10 1 6 21 16 1 1 14 13 3 19 16 9 1 15 9 6 13 18
22 28 23 14 31 32 15 10 30 34 8 43 26 29 21 33 19 29 20 43
19 11 29 4 22 24 24 21 26 33 4 33 19 25 24 18 8 15 18 35
51 42 49 28 57 50 40 45 19 52 39 46 55 56 12 47 40 28 40 71
19 3 9 1 10 9 20 12 9 20 13 12 18 15 15 15 11 7 22 20
48 43 46 34 36 41 49 30 25 53 48 41 36 46 27 49 39 31 45 55
24 13 25 6 13 19 20 10 10 17 6 22 15 17 15 23 11 11 23 26
26 17 36 19 38 40 23 23 20 37 24 25 40 27 11 27 26 7 40 50
34 15 47 20 43 39 34 46 8 33 32 29 50 43 23 25 28 4 43 60
6 1 6 1 1 2 6 2 7 5 1 3 5 1 1 5 1 1 8 8
17 15 28 12 21 31 21 27 17 31 14 29 16 22 15 15 5 11 8 43
14 25 21 9 27 31 19 19 7 22 16 27 23 22 15 25 11 17 17 34
2 7 6 1 2 2 4 3 6 7 2 5 3 1 1 11 1 1 6 6
3 13 8 5 8 13 2 9 11 18 6 12 1 9 2 15 3 8 1 13
4 7 9 6 11 10 7 9 8 9 7 4 10 1 4 10 4 1 12 12
5 1 2 1 4 2 1 2 4 3 1 5 8 4 2 2 3 1 6 7
52 29 49 27 44 37 40 39 23 48 22 40 45 45 13 40 33 19 39 57
46 36 61 16 47 38 42 42 25 52 23 38 40 34 28 50 32 27 50 55
10 19 18 12 25 29 15 19 10 17 18 19 21 11 9 20 11 10 20 38
29 13 38 2 35 15 27 32 19 31 4 26 28 17 12 26 16 13 31 39
33 30 50 16 38 42 32 45 16 39 26 13 34 30 15 33 24 12 31 48
25 22 24 5 25 27 23 19 27 40 8 32 17 24 12 29 11 23 16 34
2 2 1 1 2 1 7 1 11 3 1 6 2 1 1 6 1 1 2 9
2 1 4 1 1 1 1 1 4 1 1 3 3 1 3 5 1 1 5 2
33 24 21 7 37 22 29 15 24 31 16 41 30 23 12 32 18 26 32 50
1 7 6 7 10 10 5 5 5 5 5 6 8 1 5 7 5 4 7 10
10 8 14 6 19 10 11 11 11 6 8 9 17 9 1 13 7 1 19 19
14 12 14 1 12 15 20 14 5 18 14 13 13 14 7 17 5 6 18 27
25 26 42 28 26 45 29 25 7 39 30 25 26 26 26 31 21 13 31 47
20 15 26 3 14 18 26 21 15 22 14 22 20 23 20 21 11 7 26 31
23 24 33 13 24 26 25 12 3 20 17 16 23 17 19 31 17 12 34 27
31 34 58 25 47 48 28 44 27 51 23 42 43 50 24 45 28 17 34 56
1 1 7 1 1 7 1 9 5 8 2 4 1 3 6 2 1 1 1 8
1 5 13 1 1 8 7 9 1 7 1 6 1 1 8 9 1 1 5 12
19 16 29 7 23 16 19 23 8 7 16 13 23 14 15 23 15 1 28 26
7 17 33 1 22 29 22 36 4 22 15 12 24 24 16 18 12 1 19 32
17 6 23 5 10 15 15 21 15 18 8 18 7 10 12 10 1 8 12 25
15 26 22 17 17 24 13 1 21 29 6 24 10 20 23 33 19 21 20 19
4 9 9 1 6 7 5 7 12 13 1 10 2 7 8 16 3 5 6 5
25 17 34 10 30 33 20 35 14 31 17 18 31 30 9 17 16 11 19 43
6 3 9 2 11 17 11 14 1 10 10 11 14 13 10 6 6 3 12 23
12 20 26 5 21 29 13 24 12 30 8 12 18 18 6 25 11 8 17 25
27 14 25 7 25 20 31 27 13 21 25 22 26 21 12 16 12 12 25 44
10 12 31 5 29 26 15 28 8 17 7 16 29 24 12 16 14 2 23 33
11 14 10 12 20 24 9 6 18 24 10 22 17 8 6 21 10 11 17 29
25 28 52 39 59 51 23 38 38 48 36 49 57 51 34 45 45 17 52 66
39 19 32 12 33 18 30 27 31 35 10 41 28 16 18 34 20 27 33 45
25 8 19 20 27 26 16 16 12 19 22 20 32 21 2 14 20 4 23 43
1 1 13 1 3 8 4 13 1 7 3 1 1 2 4 4 1 1 5 9
18 23 25 16 29 24 20 23 18 31 25 22 26 32 17 26 21 15 20 39
4 1 9 7 11 15 12 10 8 7 14 9 13 6 7 1 8 1 15 27
32 17 26 9 28 30 15 18 11 31 11 27 24 25 7 28 13 16 21 36
14 13 7 1 14 12 16 9 20 19 5 24 9 13 7 15 5 14 5 23
1 1 1 1 1 2 2 2 6 6 1 1 1 1 1 6 1 1 2 3
35 16 54 23 53 46 26 49 27 52 18 39 52 42 16 25 31 11 35 65
1 1 1 1 1 2 2 2 1 1 1 1 3 3 1 1 1 1 1 2
7 8 10 3 5 12 1 8 7 18 4 6 4 5 5 15 1 2 6 7
23 24 39 27 38 42 23 39 13 29 34 21 35 23 21 27 23 7 34 45
20 34 45 11 42 48 31 46 10 34 20 32 39 34 26 36 20 13 31 49
5 1 6 1 4 4 7 6 7 5 2 3 6 5 4 4 1 1 6 8
13 11 24 1 11 8 24 19 20 15 7 24 5 7 14 14 1 10 12 30
11 16 22 1 20 27 9 19 17 31 1 21 11 15 9 23 5 11 10 19
38 21 33 9 33 33 36 39 19 41 35 41 35 42 32 34 26 28 34 55
17 13 17 9 3 13 20 2 7 17 10 10 9 9 12 19 9 9 20 16
40 47 46 23 46 38 46 34 33 40 32 55 38 40 40 50 35 38 40 65
2 2 4 1 3 2 3 2 8 7 1 3 4 2 1 7 1 1 5 5
46 17 31 9 42 24 34 31 20 39 22 42 39 37 12 29 22 23 34 60
1 4 3 1 2 1 8 2 1 1 4 1 2 1 1 5 1 1 5 10
12 4 13 5 6 12 13 11 11 14 6 10 4 5 10 10 1 5 9 16
28 17 54 13 45 48 29 49 6 37 26 25 45 37 27 31 19 4 41 49
17 17 12 5 19 11 24 17 19 22 20 25 19 25 19 24 19 18 21 28
55 42 46 37 41 48 53 33 26 56 50 47 44 47 33 51 41 35 49 64
13 26 24 5 19 22 15 13 14 28 7 18 12 17 10 31 10 13 19 18
2 4 1 1 2 4 2 4 11 9 2 6 5 2 3 6 1 2 4 5
16 23 33 9 23 32 17 32 8 26 19 14 15 18 12 28 7 4 15 34
31 21 45 4 40 26 36 39 23 30 13 26 36 18 21 31 17 12 38 47
38 43 55 28 55 73 33 49 13 63 31 35 49 52 27 47 36 31 47 62
50 19 48 21 39 23 40 41 33 42 11 40 36 26 24 33 25 24 42 52
23 22 36 18 41 46 9 21 10 40 16 27 39 28 16 37 31 12 39 39
34 24 40 31 33 46 30 26 6 40 33 16 37 34 18 27 28 14 35 40
14 1 21 2 12 16 7 20 8 14 3 16 14 18 8 7 4 1 10 25
46 16 48 19 41 29 39 39 18 37 23 30 40 33 17 27 23 11 40 55
11 1 16 4 12 11 5 14 7 11 4 12 14 13 4 10 4 1 13 23
10 11 22 8 17 26 18 20 10 18 8 25 15 14 17 14 6 9 15 31
12 12 16 4 10 8 20 8 9 10 11 6 10 6 7 16 5 4 18 18
13 1 6 1 5 1 11 1 8 4 5 8 12 8 4 7 5 1 14 16
5 2 3 1 1 3 6 1 6 5 1 5 1 1 1 8 1 1 5 7
14 31 28 12 25 23 23 17 17 23 15 17 17 14 19 36 17 11 23 26
16 13 16 1 19 10 19 15 15 15 7 21 10 5 4 14 2 13 14 31
10 1 9 9 12 11 12 5 4 5 12 6 19 8 10 6 11 1 20 19
16 1 16 6 11 11 12 17 15 17 7 12 8 8 7 2 1 6 4 24
1 6 6 6 10 12 7 6 4 6 7 6 6 1 1 8 3 1 10 19
9 5 6 1 7 1 9 4 20 12 1 17 3 1 4 8 1 9 4 10
12 12 20 18 23 34 7 21 10 25 16 19 18 18 13 15 11 9 12 34
27 22 34 25 37 37 32 35 11 22 36 19 35 22 14 21 23 4 27 51
4 13 15 2 10 9 16 16 11 10 13 6 9 4 7 13 4 2 10 21
4 9 4 1 4 7 1 2 6 13 1 9 2 2 3 16 1 5 4 7
38 17 26 3 35 11 41 28 31 31 28 43 35 30 23 31 25 27 38 53
21 17 33 6 18 19 33 28 16 18 17 22 16 12 20 22 9 7 22 38
1 7 14 1 12 12 8 17 7 11 8 1 7 8 6 7 1 1 7 11
22 27 29 14 33 41 15 32 16 40 20 29 26 36 8 28 16 15 9 40
29 7 23 6 12 12 23 14 7 16 11 23 23 23 21 18 19 7 31 29
36 19 29 11 33 22 28 22 21 33 20 36 28 30 14 30 19 18 31 51
5 6 3 1 9 6 10 5 7 6 6 7 13 8 1 7 2 1 12 16
23 30 27 18 28 31 9 8 25 37 7 33 22 27 20 41 22 24 27 30
9 6 13 6 12 14 13 14 5 8 9 7 16 10 10 8 6 1 16 18
29 22 37 16 30 34 30 36 21 37 27 41 35 45 24 25 24 13 23 54
15 28 41 11 39 45 25 37 22 41 14 26 35 34 15 33 22 15 32 50
2 10 10 1 6 9 8 11 12 11 5 11 5 10 8 12 3 4 7 16
18 16 23 6 14 20 20 22 17 26 16 26 13 21 11 18 6 10 10 39
1 1 6 1 8 7 2 6 4 4 1 1 6 4 3 2 1 1 2 3
4 22 27 10 24 26 16 20 17 22 9 21 18 20 20 25 12 11 18 31
32 24 54 11 38 48 39 49 13 42 27 24 42 38 26 28 21 7 37 57
3 6 10 3 5 13 4 3 5 9 1 7 3 1 8 13 1 1 10 10
19 12 17 9 29 29 12 12 12 26 13 21 24 16 1 19 10 9 21 39
23 20 14 13 21 33 17 9 11 30 16 20 22 18 8 27 14 14 25 33
19 15 20 6 17 18 15 9 5 15 7 15 17 12 10 25 11 6 27 24
23 24 45 20 43 49 32 44 18 39 31 31 40 34 21 27 19 7 28 56
23 6 15 11 15 22 22 8 13 22 14 16 20 12 10 13 12 7 26 30
9 10 18 8 7 21 8 11 4 16 5 9 9 5 14 16 5 5 16 14
9 4 11 1 16 10 5 9 4 10 2 5 20 16 1 12 8 1 14 12
12 19 19 1 18 21 16 18 3 12 14 13 13 10 10 23 6 5 16 31
13 11 20 8 10 20 13 10 3 21 6 6 10 13 13 16 10 8 15 8
11 9 8 1 5 7 12 4 17 16 1 16 1 2 3 16 1 8 7 14
12 16 10 3 13 10 11 5 18 15 4 21 9 7 5 19 1 13 9 19
13 19 29 3 16 18 21 22 22 24 11 23 8 11 16 24 7 11 15 29
6 6 11 2 10 10 8 11 10 3 3 11 10 6 7 7 1 3 8 13
6 3 14 1 6 10 8 12 10 8 1 11 6 8 10 8 1 1 6 13
15 2 23 12 25 21 13 19 28 28 10 26 19 4 16 12 11 11 22 32
30 13 29 16 27 19 26 30 29 34 16 26 19 11 13 18 14 18 15 38
37 52 56 29 55 66 44 42 27 57 31 53 43 44 40 57 37 36 42 65
10 7 14 1 8 12 12 10 19 20 1 19 4 8 12 14 2 8 7 17
13 4 25 15 23 36 20 26 6 24 23 23 27 24 22 7 12 4 23 40
9 9 11 1 5 7 15 7 13 13 6 11 3 4 4 14 1 3 10 19
12 8 29 25 32 39 15 22 27 35 23 24 29 19 17 24 22 4 30 35
11 7 11 4 1 7 10 1 2 9 2 3 4 3 7 13 4 4 14 6
16 8 13 5 20 11 20 13 20 17 2 23 14 1 11 13 6 17 14 27
31 29 40 16 47 37 33 35 19 31 24 29 45 29 10 40 29 10 44 55
36 29 57 23 37 53 25 49 14 51 21 23 41 47 18 35 31 16 34 47
18 2 33 7 26 37 18 35 4 32 15 21 29 30 24 13 6 7 22 29
25 14 35 18 31 39 23 23 25 39 17 38 32 26 28 25 22 13 36 40
40 27 35 8 42 31 39 37 30 48 22 43 38 29 23 35 26 33 34 56
8 2 7 11 16 16 2 8 7 14 10 4 17 10 1 4 6 1 10 22
45 35 42 29 45 38 47 46 17 42 51 32 47 42 28 43 37 21 45 57
14 10 14 7 16 17 19 7 14 16 9 11 16 12 7 15 9 5 20 21
32 31 44 28 43 40 26 31 13 37 27 26 38 27 15 42 30 9 46 48
44 33 44 38 50 43 34 44 34 45 33 41 52 48 7 41 37 20 39 57
43 40 48 13 46 43 36 33 15 39 23 39 39 35 22 50 31 25 43 52
4 16 15 7 16 16 4 10 18 20 1 16 13 17 9 21 10 12 7 10
13 13 16 6 13 23 8 6 1 20 2 9 11 11 7 19 5 9 16 10
17 9 10 4 7 11 15 4 13 17 5 11 11 8 7 17 6 5 18 15
16 16 19 3 12 10 20 8 18 18 5 18 4 1 7 21 3 12 14 20
45 39 59 26 45 49 52 37 25 49 35 33 41 34 34 45 30 29 50 58
31 27 37 22 27 35 22 24 25 40 19 34 27 36 24 36 24 16 25 43
10 10 3 1 8 9 2 1 1 10 1 11 7 5 1 16 1 7 8 12
39 21 43 11 34 30 37 30 20 38 19 32 32 29 17 33 20 18 41 50
15 6 7 1 13 2 20 11 5 7 15 14 18 14 7 13 9 6 22 26
3 2 1 3 6 5 8 1 7 3 4 5 9 3 1 5 3 1 8 13
31 20 31 16 34 22 33 21 17 15 25 28 40 20 16 31 28 6 46 50
49 22 46 9 51 28 49 50 34 45 39 47 49 41 31 38 30 31 45 68
27 29 33 16 31 37 20 31 16 33 22 26 25 24 9 34 12 11 23 41
45 32 39 23 51 37 42 30 16 40 31 42 53 42 21 45 41 23 57 61
21 11 18 5 20 13 29 19 17 14 20 19 23 16 11 13 12 9 24 37
9 6 9 1 11 10 11 9 11 9 1 13 11 7 6 7 1 7 5 13
40 18 44 18 35 34 54 30 20 41 35 42 37 29 40 28 30 27 50 62
24 27 35 22 32 39 19 20 16 37 21 29 28 31 21 34 23 14 30 48
39 33 41 22 34 45 31 25 23 49 23 50 36 48 37 44 31 30 38 58
28 13 21 8 14 12 33 10 11 17 18 19 19 15 20 18 14 13 31 31
12 18 13 5 23 20 10 12 20 21 4 23 18 18 4 21 8 14 11 20
27 15 29 11 24 23 25 24 25 32 6 26 15 5 21 24 10 22 24 31
26 14 15 2 26 24 22 16 14 25 12 30 27 25 11 17 13 19 17 35
5 11 2 5 12 12 6 1 11 9 2 14 9 4 2 14 3 7 6 17
28 17 29 16 22 29 20 24 17 31 17 19 20 19 2 22 11 11 16 31
1 1 2 1 1 1 2 3 4 2 1 1 2 1 1 1 1 1 2 6
13 17 15 1 19 14 16 13 8 11 11 15 17 13 4 21 6 8 19 28
14 14 19 10 7 24 11 10 1 24 9 11 4 12 10 20 7 10 14 15
21 20 34 8 29 34 24 25 2 20 19 14 33 22 17 27 21 4 38 37
23 29 45 20 41 45 22 40 23 45 22 33 42 50 24 32 29 14 26 52
5 3 3 5 8 6 8 1 10 3 1 8 7 1 1 5 3 3 6 12
3 7 12 1 10 7 14 13 11 7 6 6 5 4 3 7 1 1 6 16
5 7 24 17 28 30 9 19 18 22 17 19 27 11 13 16 16 2 25 30
23 15 31 15 21 29 23 24 11 27 17 13 15 16 8 20 8 5 17 32
2 7 11 3 16 11 13 11 8 2 8 3 11 2 2 9 3 1 12 18
47 35 32 23 49 34 49 26 30 39 34 49 47 25 25 40 33 40 49 66
42 36 39 28 56 40 46 34 27 42 51 47 57 39 38 52 46 28 63 66
21 8 5 2 17 10 13 1 9 6 5 23 22 16 2 15 11 8 18 30
17 9 12 1 8 7 17 6 16 16 5 20 11 9 7 16 4 7 14 24
9 26 23 13 25 17 9 13 27 20 10 23 18 19 18 28 15 17 19 25
31 29 43 21 32 49 36 37 1 33 32 25 31 31 30 34 21 11 36 52
41 16 36 18 24 27 29 29 13 36 26 31 32 38 26 30 28 13 36 45
24 18 25 10 37 24 30 23 21 25 25 29 37 27 19 27 25 14 37 43
39 21 16 5 31 17 30 19 18 34 21 43 35 37 8 36 26 22 34 51
20 12 34 10 30 31 32 24 15 25 18 31 28 15 21 16 10 9 34 49
38 42 45 23 46 44 32 38 27 42 35 49 44 50 39 50 37 30 44 66
42 43 51 37 44 48 32 18 35 45 27 53 43 44 42 53 43 37 52 59
8 1 3 2 5 7 12 4 7 5 5 6 10 4 2 3 2 1 10 17
10 9 9 8 9 14 8 11 14 16 9 14 7 8 1 13 1 7 5 20
13 12 30 4 30 19 9 27 8 17 1 13 29 25 5 18 17 1 23 28
34 28 31 19 19 33 28 15 12 38 23 26 16 23 13 33 16 21 20 42
5 1 5 1 6 5 1 4 2 4 1 3 7 5 1 1 1 1 5 13
35 17 38 13 42 32 33 35 12 25 27 27 39 27 15 23 20 12 36 57
1 3 1 1 2 6 1 4 1 4 1 3 1 1 1 5 1 1 1 4
32 28 43 18 41 46 29 26 18 45 18 45 44 42 24 39 32 15 43 55
10 8 5 5 12 18 5 9 2 14 8 9 10 12 1 9 1 6 3 21
18 6 23 1 7 8 19 10 15 15 1 18 6 6 13 13 3 6 15 23
1 7 9 1 10 9 11 12 7 7 8 5 4 4 1 7 1 1 7 15
2 1 1 1 1 2 4 2 2 1 1 1 5 2 1 1 1 1 3 6
12 24 21 1 16 19 14 16 9 17 10 14 9 7 11 29 5 8 16 20
25 20 21 20 37 38 20 15 26 36 28 38 41 29 19 32 28 16 38 49
2 1 4 1 3 1 4 2 6 3 1 1 5 1 4 5 1 1 5 5
27 22 38 6 32 29 28 31 22 32 9 20 29 23 14 27 16 18 31 39
48 23 50 24 38 43 49 45 18 46 41 41 46 48 30 35 32 18 48 64
34 38 30 24 40 48 28 17 28 51 22 44 36 43 32 46 36 35 37 47
28 25 40 8 42 31 21 33 28 41 8 29 32 30 13 34 22 20 33 41
4 4 10 4 5 7 7 11 3 8 9 1 5 4 1 3 1 1 6 15
4 11 27 1 14 22 11 28 4 15 11 9 13 12 11 14 3 1 12 21
32 36 34 11 45 26 30 22 38 42 12 48 33 23 23 42 22 37 31 56
10 16 14 5 12 15 12 4 3 12 4 10 6 3 8 20 3 8 15 16
15 9 12 5 1 11 18 5 12 15 6 10 7 5 8 16 5 6 15 16
1 3 10 1 10 5 5 8 4 4 3 1 7 1 1 6 1 1 8 7
28 12 26 11 16 31 30 21 14 29 15 30 15 21 24 18 12 16 24 40
28 25 40 19 31 29 26 26 20 31 10 36 30 31 20 36 24 12 37 38
4 6 8 1 5 1 8 6 12 5 4 8 1 1 7 9 1 1 5 10
14 17 26 9 26 24 15 20 21 25 8 22 19 20 14 24 11 10 20 28
5 9 4 1 3 1 11 3 15 8 3 12 5 4 1 11 1 4 6 13
19 15 19 10 7 21 13 11 9 21 9 17 9 11 16 22 10 11 20 18
1 1 2 1 1 1 7 1 4 1 1 3 1 1 1 1 1 1 1 9
19 17 27 7 14 24 19 19 11 26 10 16 19 22 18 23 13 8 23 21
39 38 51 23 47 34 34 35 34 43 21 44 37 37 22 49 29 23 38 62
15 13 20 18 21 31 15 11 19 28 19 22 24 17 22 22 21 8 31 28
45 43 55 28 37 56 47 48 13 46 40 39 40 41 32 47 29 20 39 64
21 25 33 26 26 39 15 23 20 39 18 26 20 27 24 32 21 15 19 31
9 9 11 1 4 9 14 7 2 11 9 6 4 5 7 13 2 2 13 18
27 12 27 5 24 20 27 24 9 18 14 30 28 26 18 22 16 8 32 42
24 18 31 5 15 31 32 24 13 32 14 33 23 30 28 24 14 14 23 36
24 17 20 1 17 16 26 15 12 24 14 23 12 11 7 21 4 16 18 39
47 38 33 30 40 46 38 26 23 50 37 42 39 39 11 44 29 30 32 58
1 2 8 1 8 8 4 11 1 5 6 1 1 2 1 2 1 1 4 10
10 18 19 15 25 21 16 14 26 24 13 22 16 12 11 21 14 15 17 31
35 26 54 15 41 47 39 36 21 46 21 47 40 46 37 41 27 23 43 51
9 5 9 1 6 6 7 8 13 10 1 16 9 10 8 12 3 2 10 16
9 17 28 7 23 24 16 21 23 26 4 30 19 24 20 21 10 12 15 31
21 1 17 2 14 9 14 14 11 12 6 17 14 13 7 5 4 4 15 29
1 1 5 1 7 6 1 7 6 5 1 1 5 4 4 5 1 1 2 1
5 4 13 1 4 5 14 12 8 5 6 8 3 2 6 5 1 1 7 20
3 1 11 9 20 19 1 8 8 15 6 3 21 7 1 6 9 1 16 11
48 36 50 16 40 31 47 36 16 33 22 45 38 34 27 46 29 20 45 62
9 4 8 1 6 9 12 8 11 10 4 9 4 5 4 10 1 3 8 15
39 31 44 15 48 40 39 50 24 48 34 32 42 42 13 35 31 24 34 63
30 14 38 8 25 26 35 36 7 21 26 32 35 32 22 21 18 4 32 57
23 4 33 26 38 42 30 37 28 43 41 45 46 39 38 24 32 9 40 60
27 24 36 10 17 21 30 19 9 15 19 21 21 18 23 33 18 6 35 35
1 2 4 1 6 1 10 2 8 1 2 3 1 1 1 2 1 1 3 13
14 9 14 1 17 18 16 25 9 25 15 16 23 26 13 17 17 9 18 28
25 17 18 5 9 25 22 10 2 24 13 26 17 22 24 23 14 16 23 28
11 9 2 3 14 11 15 6 13 18 12 21 17 15 9 17 12 11 17 27
47 35 51 18 47 44 44 52 25 54 40 24 51 48 25 47 40 25 51 59
6 9 2 1 8 8 2 1 4 7 1 11 7 4 3 13 1 7 6 9
9 4 7 1 9 5 4 7 4 5 2 10 12 8 4 10 7 2 10 14
13 6 16 1 11 8 23 16 12 9 12 14 8 7 9 6 4 6 11 28
7 9 20 22 32 34 2 16 22 33 17 17 23 20 7 16 18 6 15 27
1 6 7 1 4 1 11 4 4 1 6 2 2 1 1 8 1 1 8 13
50 33 37 34 52 49 33 33 19 44 35 49 50 46 19 42 37 29 39 67
8 5 11 5 12 9 11 9 15 8 3 12 8 4 6 6 3 6 5 15
26 28 29 22 23 36 17 16 14 39 17 24 18 25 15 35 17 17 21 33
19 4 27 25 36 29 16 22 20 25 26 26 43 28 19 19 32 1 39 44
43 41 43 33 46 50 30 29 37 59 26 47 30 36 17 48 31 38 30 54
49 41 52 21 43 38 51 45 35 49 33 43 35 24 35 49 27 31 43 62
19 17 22 11 29 12 17 17 20 17 8 24 25 20 1 27 16 6 27 29
26 6 23 1 10 12 29 15 18 25 7 22 14 11 19 15 7 13 22 26
8 6 15 1 11 6 17 10 8 8 6 7 5 1 3 9 1 3 11 19
4 1 11 1 5 6 2 7 3 4 1 8 7 5 7 6 1 1 8 10
1 1 1 1 1 1 2 1 4 1 1 2 1 1 1 3 1 1 1 5
2 1 2 3 8 7 4 2 9 2 1 6 7 1 1 4 1 1 4 9
33 34 59 40 60 61 34 50 33 54 47 36 51 37 24 47 40 10 47 62
39 20 29 22 25 29 34 9 19 32 23 31 31 26 23 30 27 20 41 42
36 22 52 14 56 45 52 50 35 54 42 52 54 50 42 37 37 28 52 68
4 11 7 1 6 9 6 8 14 12 1 13 8 7 6 13 1 7 5 10
48 48 43 26 49 46 38 30 18 48 35 43 40 41 23 59 36 29 44 60
12 12 29 5 16 28 7 26 7 27 5 5 17 19 11 18 11 5 17 18
5 8 8 1 4 3 11 6 8 5 7 5 7 4 4 11 1 1 10 12
7 5 6 4 9 6 8 2 17 11 1 12 7 3 1 9 2 6 7 12
3 1 7 1 1 5 4 5 7 9 2 2 2 1 4 6 1 1 5 8
24 24 29 1 24 23 17 18 9 27 6 21 26 28 9 34 17 10 29 32
10 9 11 1 8 8 16 10 14 13 5 17 1 1 5 10 1 11 6 23
22 10 42 6 27 28 30 42 23 38 9 33 25 19 28 16 11 18 20 39
8 12 15 6 19 20 10 15 8 9 7 17 14 10 9 12 4 7 13 25
1 1 6 1 1 3 3 4 1 3 1 4 1 1 6 2 1 1 2 6
31 21 41 9 31 26 35 34 25 40 18 23 24 18 14 29 10 17 28 39
1 9 1 4 12 11 1 1 10 8 1 10 8 3 1 13 4 5 7 9
6 1 4 2 5 3 5 2 9 3 1 6 3 1 4 5 1 2 6 6
21 18 22 5 20 8 19 16 16 17 6 25 18 14 3 28 11 7 23 34
14 6 16 1 6 9 11 8 10 9 1 17 9 7 9 14 4 4 13 21
3 1 6 1 4 3 5 4 8 5 1 6 4 2 1 1 1 1 1 7
14 10 25 1 17 8 26 21 15 9 10 17 9 3 14 12 4 10 15 30
7 11 6 1 5 7 9 5 10 9 6 11 7 7 7 13 4 7 6 14
1 2 10 1 5 9 3 12 2 9 2 2 5 5 1 4 1 1 2 8
22 10 22 14 27 23 25 12 25 27 15 27 24 6 12 18 13 16 29 41
29 38 55 11 45 49 34 47 19 43 18 31 42 40 31 43 26 15 42 46
37 27 41 23 34 38 36 23 11 37 27 29 26 20 21 31 18 23 37 53
7 4 8 2 4 6 9 7 10 9 4 11 1 2 1 5 1 5 1 16
5 7 14 5 9 10 11 15 7 9 10 7 3 5 6 8 1 1 6 19
15 15 18 4 13 28 8 18 4 25 7 17 13 17 13 21 5 11 12 21
20 19 37 8 27 18 28 27 26 29 8 38 25 29 19 27 16 12 24 45
34 28 17 8 25 28 37 15 6 31 28 31 25 26 18 35 22 24 34 44
3 15 18 10 31 28 4 15 7 19 11 10 26 13 2 15 14 4 21 25
29 29 41 17 29 40 35 27 16 33 22 31 19 16 27 34 17 21 33 48
7 9 3 3 11 13 9 2 13 14 3 16 6 5 1 13 1 8 6 24
3 15 10 7 10 12 7 4 19 19 4 17 6 13 7 20 8 11 7 19
16 17 16 15 11 19 18 1 9 20 10 15 10 10 16 24 13 12 22 16
10 3 19 5 13 12 13 17 10 12 7 12 4 4 6 5 1 4 8 25
37 29 37 14 26 28 44 20 14 30 32 31 32 31 34 35 27 20 44 44
15 13 10 7 23 16 27 13 6 7 24 16 24 9 9 15 17 6 27 39
16 17 34 11 38 40 18 32 14 35 17 30 45 39 20 23 28 7 34 45
18 6 12 2 3 12 20 4 9 14 6 12 7 6 6 12 4 6 15 20
5 1 9 1 1 4 10 6 10 3 1 11 4 4 8 4 1 1 4 15
16 22 26 7 9 18 25 17 13 21 16 14 6 8 15 27 8 7 21 25
1 1 6 1 1 2 1 4 3 2 1 5 1 1 6 2 1 1 1 4
19 1 10 1 8 4 18 10 6 9 12 15 18 14 12 7 11 4 20 26
36 31 52 25 35 51 39 39 14 44 33 30 35 39 27 35 27 17 37 56
34 23 36 22 17 30 32 26 16 33 29 22 22 26 17 28 20 11 28 39
15 11 19 5 20 23 8 18 6 24 9 12 16 18 1 17 4 6 11 27
16 8 28 11 6 29 11 20 1 27 10 12 11 19 19 14 6 5 14 17
18 17 19 16 21 22 8 20 18 28 15 18 18 24 9 23 15 9 12 24
32 22 30 7 27 25 32 23 8 19 19 27 29 22 19 32 20 10 39 44
49 20 48 22 41 28 36 42 30 42 21 42 38 31 21 35 26 22 36 54
36 14 28 25 32 31 34 15 20 34 35 33 42 29 36 29 38 21 52 44
4 2 2 1 1 2 4 3 7 2 1 6 5 1 1 4 1 1 5 9
42 29 46 16 45 39 29 43 7 44 26 29 46 47 17 40 32 13 40 54
37 12 34 1 37 7 36 32 25 31 13 37 37 29 17 28 22 16 37 46
19 8 16 3 10 18 18 11 4 23 11 9 18 19 12 14 13 6 23 18
18 18 30 17 24 26 15 22 30 35 11 26 18 24 16 21 14 19 11 34
48 40 67 19 44 55 44 55 20 53 31 37 47 49 29 48 34 19 46 69
39 22 44 17 48 42 43 51 19 41 40 38 46 40 25 28 29 21 34 66
28 25 22 2 25 19 22 11 25 36 5 34 13 14 13 33 10 26 21 35
43 24 43 22 37 32 42 26 31 44 17 36 35 21 33 33 25 32 42 42
18 9 12 6 16 10 14 11 11 13 9 20 22 18 6 18 14 5 20 29
9 1 5 7 15 15 13 7 10 11 10 12 16 6 1 1 7 2 12 25
17 25 21 16 19 24 21 6 15 24 15 21 17 17 20 30 19 17 26 27
17 4 7 5 7 9 18 8 12 12 13 15 12 12 8 9 8 6 15 23
6 1 8 4 5 7 7 9 1 8 10 1 7 7 1 1 1 1 5 17
9 7 9 1 6 8 8 6 13 9 1 13 4 1 9 14 1 6 8 10
11 21 25 13 24 29 17 25 8 16 20 13 16 9 13 25 11 5 22 34
39 13 31 17 30 27 34 29 24 40 24 32 27 26 25 23 20 20 30 46
16 13 25 25 28 31 13 20 13 28 26 13 27 13 4 19 18 2 24 34
12 29 27 10 24 22 20 16 21 24 13 19 19 14 19 34 14 14 24 27
37 32 32 13 34 25 43 27 20 26 29 36 32 25 21 37 22 21 38 50
37 20 31 25 34 28 33 13 18 34 31 35 42 31 26 34 38 18 53 47
30 15 29 9 24 15 29 27 29 35 16 26 18 16 13 23 11 18 20 40
23 23 44 5 40 32 25 42 26 38 10 26 33 19 17 31 17 18 34 43
15 7 26 1 21 14 22 22 17 17 8 16 17 12 9 10 1 6 18 29
3 1 7 1 9 9 3 9 8 10 1 6 11 7 2 6 1 1 6 8
7 7 5 1 8 4 8 5 10 6 4 8 11 9 5 10 3 3 9 11
33 23 48 13 38 42 40 39 11 35 24 35 46 42 31 32 30 12 49 55
23 22 24 12 14 22 27 6 16 28 15 25 15 24 24 28 19 17 23 26
25 12 16 9 22 25 20 24 12 29 22 29 25 29 22 22 15 17 21 39
7 5 15 1 9 4 14 10 10 6 4 6 6 1 1 10 1 1 10 15
16 18 26 19 20 31 18 15 15 29 22 20 17 15 17 23 16 9 28 34
10 15 10 1 16 10 6 7 10 12 4 17 12 13 3 20 6 9 12 17
11 18 25 4 21 17 21 18 16 13 10 21 18 16 17 22 10 5 18 32
4 16 16 8 16 16 10 12 22 18 4 20 8 15 15 18 10 12 5 18
23 16 44 22 40 46 21 28 33 47 17 45 37 30 30 33 27 16 37 45
13 5 8 8 17 13 7 3 2 8 7 10 21 9 4 15 11 3 23 20
36 21 42 13 46 42 29 38 24 46 15 54 44 44 26 39 23 23 37 53
39 18 26 19 41 28 31 23 20 38 18 38 46 35 16 35 35 16 48 48
32 17 32 18 39 28 28 33 18 35 31 38 41 40 25 32 31 16 42 55
26 27 13 15 35 23 15 7 14 26 12 36 32 28 5 36 24 21 27 36
9 5 5 1 5 5 8 2 8 6 1 12 9 5 2 11 3 3 10 18
22 8 22 8 14 11 18 20 10 15 8 26 22 25 10 17 15 2 22 37
11 4 21 1 14 13 19 16 3 7 10 14 22 15 12 10 7 1 23 32
10 16 23 1 18 22 13 23 9 22 7 8 16 17 3 20 11 6 17 24
28 15 24 3 12 18 28 16 15 24 12 34 21 28 25 26 18 13 28 34
5 2 8 1 1 4 6 1 2 7 1 1 1 1 7 7 1 1 7 3
1 3 5 1 1 1 3 4 7 2 1 2 1 1 2 4 1 1 1 5
4 9 17 1 4 8 9 12 1 7 5 4 2 1 9 13 1 1 11 10
19 18 23 6 21 20 25 20 18 23 16 19 12 8 4 23 3 11 18 37
6 6 14 10 16 18 8 17 10 16 11 5 12 10 1 7 3 1 8 20
31 13 29 5 29 18 25 18 20 27 2 29 21 13 11 27 10 18 28 35
30 35 45 13 41 44 25 25 26 47 8 47 32 40 26 45 24 28 30 50
5 6 13 1 6 3 11 9 7 4 6 6 3 1 7 9 1 1 9 13
8 19 19 3 21 22 19 22 14 19 13 15 17 12 5 20 6 7 12 28
16 21 19 8 18 20 23 22 16 19 22 17 18 15 6 22 8 8 18 35
3 1 1 1 2 1 2 1 6 2 1 3 6 2 1 3 1 1 6 7
15 8 20 2 9 14 15 9 12 13 1 21 13 11 15 18 5 3 16 22
38 36 52 35 48 49 43 23 28 42 39 43 40 23 38 46 36 27 55 61
25 8 24 4 9 19 33 20 7 24 19 23 19 23 28 16 14 10 28 36
3 8 7 5 12 10 7 3 13 8 5 13 8 1 1 11 3 4 10 19
34 30 47 13 34 35 46 38 28 38 25 37 30 32 36 34 24 21 36 50
23 11 16 5 10 15 21 14 7 21 17 16 17 17 15 17 10 9 23 31
10 5 13 1 6 5 11 6 12 8 3 12 3 1 8 10 1 5 7 12
12 14 12 7 22 19 18 12 1 6 20 8 25 9 6 16 13 1 27 35
40 31 40 23 33 35 24 20 4 39 21 31 30 33 18 41 26 19 35 44
13 12 16 1 17 10 18 13 12 16 4 18 6 1 4 15 1 12 10 29
11 11 9 1 12 5 9 5 18 12 4 18 12 12 4 17 9 7 12 16
45 31 52 20 47 37 31 35 43 54 19 51 43 44 34 45 32 34 41 59
36 13 41 6 26 33 44 33 19 40 19 42 31 33 37 22 15 23 34 46
40 27 45 19 54 38 43 31 31 44 31 42 49 32 30 40 38 23 54 60
2 4 8 1 7 6 8 9 8 5 3 5 4 4 4 5 1 1 4 10
42 38 51 20 42 58 45 41 14 58 34 45 43 50 31 43 28 27 39 64
29 28 32 19 43 29 27 25 31 37 26 36 43 40 31 37 32 27 43 47
23 17 19 1 16 9 21 8 15 18 6 24 12 10 6 24 3 12 18 32
7 13 1 1 8 14 7 7 12 15 3 16 7 7 4 17 3 9 5 17
25 32 36 14 31 27 25 24 16 27 17 24 26 25 19 43 23 12 34 39
31 18 21 18 35 27 28 30 25 37 36 32 36 36 27 29 31 25 31 44
15 7 15 5 1 12 17 5 5 13 7 9 3 8 15 13 7 5 16 15
24 4 31 17 30 31 27 22 24 32 24 30 33 20 27 16 23 9 39 46
9 1 6 1 1 1 12 1 12 5 4 9 7 4 1 6 1 5 8 14
12 5 11 6 1 12 10 5 5 16 6 2 4 5 7 11 3 3 13 10
36 24 39 26 37 33 22 36 22 38 26 28 37 36 5 36 27 13 30 39
4 11 19 2 13 17 10 19 6 17 10 5 9 8 1 16 1 1 10 18
1 3 4 1 1 4 2 4 1 4 1 1 1 1 1 5 1 1 2 8
1 6 6 1 4 1 9 6 9 4 4 4 1 1 1 6 1 1 3 12
26 18 39 21 30 39 30 25 17 36 24 30 18 15 22 23 15 17 33 50
20 9 40 21 44 44 31 40 23 40 34 39 54 43 37 23 37 11 45 57
1 4 2 7 10 8 1 2 7 3 4 4 9 1 4 7 5 1 8 6
43 38 60 27 60 53 40 54 35 61 30 30 49 34 14 46 35 27 47 63
13 15 19 18 34 28 15 11 24 24 23 31 32 17 10 29 20 7 32 45
20 12 28 4 18 17 29 25 15 21 16 14 15 11 10 16 5 9 21 33
43 21 49 13 47 34 35 52 24 46 21 38 49 51 18 31 33 17 40 64
21 18 42 9 35 41 23 42 23 46 13 33 31 39 21 22 14 15 18 44
1 7 5 1 4 8 1 7 5 6 1 8 1 4 6 9 1 5 4 7
39 29 36 28 49 33 26 30 28 43 20 42 41 32 1 38 30 19 35 63
14 12 5 1 7 11 7 1 10 13 2 17 7 6 2 18 3 11 8 15
6 4 5 1 5 4 2 3 6 5 1 5 7 4 2 10 2 2 9 6
23 11 26 7 23 27 25 29 22 31 14 32 25 28 19 14 10 15 18 39
1 1 1 1 1 5 1 5 3 6 1 1 1 1 1 3 1 1 1 2
37 33 47 21 54 32 35 41 22 32 15 36 46 32 11 42 32 16 45 54
1 5 12 6 20 19 1 10 10 13 1 12 16 15 9 9 8 3 11 16
7 11 15 1 10 15 12 14 17 14 1 21 6 11 11 14 1 9 4 20
18 9 9 1 6 14 13 6 3 10 4 19 12 14 12 15 4 5 15 23
8 12 22 11 24 25 12 22 9 20 17 4 19 11 3 16 7 2 19 23
18 14 12 6 8 18 13 8 5 20 9 11 12 12 8 20 5 10 17 21
30 26 36 27 47 45 25 33 23 38 32 33 39 27 5 29 24 17 29 58
22 24 26 12 11 16 31 5 15 23 17 20 11 13 17 28 12 16 25 27
36 40 50 16 43 48 34 42 5 39 28 26 45 39 26 48 32 15 49 51
6 2 12 7 8 17 9 14 13 13 5 14 8 8 11 4 3 3 6 20
35 41 37 21 48 43 22 22 38 51 17 48 33 35 23 47 26 38 35 52
40 20 43 22 48 34 37 41 17 27 32 26 43 29 13 25 25 10 37 60
32 24 57 8 41 48 42 52 11 41 30 33 46 42 35 38 23 9 45 55
1 1 2 1 3 4 1 2 2 5 1 1 3 1 1 6 1 1 4 2
5 18 31 1 22 25 16 30 9 27 7 17 22 26 12 22 8 4 17 28
1 1 7 1 5 5 4 7 6 3 1 3 7 4 1 1 1 1 1 6
19 26 38 9 36 29 19 26 16 34 12 18 32 32 11 36 23 9 32 36
20 39 22 13 28 30 20 10 17 35 15 29 17 23 16 44 19 27 23 30
2 3 1 1 1 1 3 1 11 7 1 6 1 1 1 8 1 1 3 4
42 16 36 7 34 23 44 40 35 47 26 52 35 34 36 32 21 34 34 60
41 20 52 18 39 30 43 45 19 32 25 35 38 33 24 31 22 9 40 61
26 16 26 19 41 39 14 13 14 32 18 31 41 27 12 33 28 12 39 41
5 7 11 3 13 11 13 12 1 5 9 5 14 9 6 8 4 1 13 17
15 24 14 5 19 16 18 9 24 22 8 29 9 17 9 25 9 21 7 31
26 8 21 1 21 16 17 12 12 18 1 31 18 17 11 20 6 12 19 35
19 43 33 17 53 50 21 28 16 40 25 29 42 36 14 43 34 24 33 51
26 12 45 12 36 45 39 38 11 35 26 28 38 33 33 23 19 14 38 45
10 11 19 1 18 14 15 19 8 11 11 8 18 11 4 12 7 1 17 19
34 22 54 28 54 44 35 38 37 51 26 46 49 34 26 44 37 14 55 61
18 15 28 9 22 27 10 25 18 36 10 13 17 24 3 22 12 8 12 25
1 5 6 1 2 1 5 6 3 2 3 1 1 1 2 6 1 1 4 7
24 23 29 16 37 18 27 23 25 22 15 32 34 22 6 32 22 11 36 45
15 3 20 8 22 19 12 18 5 16 14 3 22 16 1 9 5 1 19 29
17 6 16 13 21 22 12 8 12 16 8 14 22 8 11 15 15 4 27 23
24 11 44 11 35 30 25 42 11 33 10 29 36 38 12 17 16 2 24 48
32 31 55 8 44 45 40 48 17 41 22 41 43 39 29 42 22 11 41 57
28 16 43 15 38 29 39 40 26 31 19 36 35 16 28 19 18 20 34 57
50 25 38 14 40 14 46 36 30 39 19 50 40 34 19 37 29 30 45 65
7 5 18 12 14 25 9 16 9 18 10 14 15 10 16 11 9 1 17 22
1 1 1 1 1 1 1 1 1 1 1 1 2 1 1 1 1 1 1 1
7 7 16 1 6 19 8 19 7 17 4 16 12 13 16 13 1 5 11 16
19 12 34 5 15 25 24 27 15 28 8 23 15 18 19 18 5 7 19 31
1 1 6 1 1 1 4 2 3 4 1 1 1 1 1 5 1 1 5 4
17 8 17 9 18 1 12 13 10 9 1 15 20 16 5 15 15 4 19 20
14 5 8 3 14 11 13 8 14 10 4 15 16 11 4 10 5 6 12 20
4 6 1 1 4 3 1 3 9 9 1 8 7 5 2 10 2 2 6 5
30 24 40 21 38 32 25 30 31 38 19 36 27 28 20 31 19 21 26 51
41 25 32 20 43 51 36 28 7 44 31 48 51 46 32 36 34 25 48 62
53 32 43 18 54 30 49 33 28 41 27 52 52 31 25 45 36 30 58 71
8 5 5 4 8 7 13 5 10 1 5 10 7 6 1 7 1 4 7 15
11 10 10 1 9 10 14 11 13 11 7 14 11 8 3 14 4 5 13 23
33 25 38 10 35 28 26 27 28 44 5 55 32 40 23 40 20 24 27 48
2 1 1 1 1 1 5 1 5 1 2 3 4 3 2 4 1 1 3 5
43 42 55 20 47 61 43 44 14 51 35 49 45 46 38 52 27 25 49 61
24 17 36 11 36 31 17 32 21 32 13 30 26 24 11 25 13 14 25 42
36 22 28 7 26 23 38 24 27 40 25 36 32 37 28 37 29 27 36 37
4 9 4 1 8 8 6 1 8 7 1 10 7 4 4 11 1 7 5 12
12 14 22 6 22 25 16 22 7 22 14 11 17 18 7 19 7 5 18 30
1 6 14 1 9 14 2 15 1 10 1 6 9 11 7 10 4 1 5 7
1 5 13 1 7 11 5 15 4 7 2 7 6 6 5 5 1 1 2 10
9 4 3 1 4 5 10 1 11 11 1 12 3 1 1 10 1 5 4 18
7 12 18 1 7 17 16 17 11 20 7 19 10 16 14 17 3 4 12 23
17 4 18 12 17 25 19 10 14 18 15 20 25 13 20 12 16 3 29 29
17 18 20 4 9 13 24 10 11 15 11 10 10 4 9 23 8 5 23 23
13 17 19 11 26 29 14 14 17 23 14 31 24 14 13 19 13 11 21 40
17 10 12 5 12 18 2 10 4 21 7 11 12 13 5 18 4 7 10 19
31 29 40 33 39 48 22 20 6 41 34 27 34 26 21 36 28 16 39 49
46 33 37 11 51 36 37 33 38 51 29 61 50 57 35 50 42 43 40 61
32 15 36 15 35 34 29 35 32 48 24 45 41 51 36 25 28 26 26 54
26 43 55 14 52 42 27 44 42 53 12 50 36 35 34 46 28 37 30 56
10 1 6 1 8 5 7 4 8 8 4 6 12 7 1 8 4 1 13 15
4 7 8 1 5 3 11 8 12 5 6 7 2 1 3 7 1 2 6 13
48 33 47 23 48 38 42 42 18 45 40 33 47 48 25 48 40 18 48 56
31 23 34 3 26 14 38 27 28 25 16 34 24 11 23 31 12 21 32 46
6 6 8 1 6 1 14 5 9 1 5 7 8 1 1 9 1 1 11 19
34 29 45 20 36 30 33 31 22 39 11 35 32 28 13 40 25 17 39 45
8 6 9 1 6 1 17 6 4 1 13 5 10 7 4 7 5 1 15 19
12 13 15 12 17 24 6 16 11 24 10 13 14 13 6 20 7 4 10 20
28 14 16 1 17 11 27 15 13 25 20 26 21 23 23 29 18 20 26 32
9 10 31 25 37 39 15 29 31 34 25 28 36 24 21 21 24 6 29 39
44 31 44 12 39 36 49 41 20 40 31 47 35 30 31 37 23 27 37 69
15 11 14 6 10 13 19 9 11 15 11 9 13 7 6 16 4 1 21 24
11 16 18 8 24 24 21 20 6 14 20 11 23 14 9 18 12 6 24 31
9 5 11 1 10 11 7 10 12 14 1 8 11 8 5 12 1 1 11 10
6 6 12 1 5 6 12 10 3 9 8 1 3 3 6 9 1 1 11 14
34 33 48 17 35 52 45 32 14 45 29 45 34 32 38 43 20 27 43 55
17 5 14 4 11 9 10 9 15 15 5 18 10 9 2 13 5 8 11 24
44 25 61 27 60 52 36 48 33 56 33 56 53 36 35 41 31 25 50 78
40 20 25 7 29 25 31 19 12 29 22 40 31 32 16 30 22 21 33 53
18 4 25 7 13 14 18 23 18 21 9 20 7 10 15 7 1 12 10 29
47 32 50 31 38 47 39 34 16 48 29 46 45 49 29 43 35 19 47 65
30 25 32 1 26 24 35 23 20 29 15 33 19 14 21 32 9 19 27 45
23 19 33 5 19 27 38 28 17 32 21 32 21 29 32 23 14 13 30 39
4 2 15 4 14 25 13 20 7 18 9 16 21 21 14 6 8 1 13 25
8 12 10 5 12 10 10 6 8 9 6 13 6 4 4 15 1 7 11 17
45 40 56 13 51 47 56 47 32 53 29 58 41 37 45 50 23 34 45 70
6 5 6 1 2 1 12 3 7 2 4 7 1 1 1 8 1 1 7 16
24 17 32 20 39 38 20 21 22 39 25 28 44 33 21 31 34 10 44 42
54 31 55 20 47 35 56 45 13 38 44 41 54 49 44 50 47 26 62 59
6 1 6 1 2 1 14 2 8 2 4 4 1 1 1 2 1 1 6 16
34 18 42 33 49 44 23 35 26 40 33 32 46 33 5 25 32 14 35 52
1 4 7 1 1 3 2 6 1 1 1 4 3 1 5 5 1 1 4 5
14 10 16 8 11 18 12 13 10 18 10 13 6 7 6 14 1 7 10 22
5 2 7 1 2 6 5 4 5 7 1 3 3 2 4 8 1 1 7 5
5 4 10 1 1 5 6 7 10 10 3 5 1 1 7 9 1 1 7 8
44 17 47 20 47 42 39 30 31 46 22 58 50 35 38 38 34 24 53 68
1 4 9 1 5 7 9 12 2 6 6 2 5 4 1 4 1 1 4 15
7 13 19 13 18 26 12 11 21 24 8 27 21 25 23 15 16 11 14 34
14 7 16 1 18 13 12 14 5 11 8 12 22 18 5 13 10 3 18 22
17 12 28 13 22 29 17 24 6 27 15 4 19 19 9 15 9 4 18 25
1 3 1 1 1 3 1 1 3 4 1 4 1 1 1 9 1 1 3 2
14 18 24 16 31 27 19 13 18 21 20 26 26 8 12 24 16 12 28 41
22 11 30 2 22 27 28 34 11 30 19 24 26 31 21 19 16 9 24 41
1 4 9 1 6 8 6 10 6 7 5 4 5 1 8 4 1 1 4 9
23 20 42 10 36 37 33 42 20 47 28 39 37 47 36 30 21 19 31 49
6 3 16 1 1 12 12 10 7 14 1 9 3 6 14 9 1 1 8 14
34 36 42 27 51 43 34 28 43 50 27 48 44 38 32 41 35 36 44 58
30 35 31 26 40 52 21 23 14 51 27 30 29 34 12 40 27 22 26 43
8 8 10 4 4 13 8 11 9 12 5 15 5 6 8 12 1 7 6 19
30 15 27 8 19 18 26 18 18 28 15 22 15 15 7 22 7 13 23 40
6 5 5 1 2 4 12 6 6 5 9 6 9 6 5 5 4 1 9 16
21 8 13 1 13 4 25 12 9 15 17 15 21 15 13 18 12 5 29 29
23 31 22 9 25 29 24 16 10 27 20 17 23 16 10 36 14 14 29 35
35 37 45 32 44 42 31 25 21 41 31 32 40 34 21 48 36 18 47 56
22 10 39 8 36 27 31 35 21 26 12 33 33 25 21 17 12 12 29 46
24 23 38 2 30 33 29 39 20 38 14 34 34 38 18 25 19 17 27 52
33 33 59 21 33 49 37 45 19 55 26 32 31 40 23 37 23 18 29 51
32 27 49 32 51 48 30 30 21 35 34 39 46 30 30 49 39 10 56 56
2 1 2 1 1 2 3 4 11 6 1 7 1 1 3 5 1 1 1 5
47 39 37 32 51 41 29 30 28 51 19 46 46 43 11 51 37 26 41 60
18 5 14 1 15 1 23 10 22 14 4 18 14 3 6 9 2 11 15 26
34 22 33 8 32 32 20 27 22 42 9 33 26 29 12 34 16 20 24 40
4 1 1 1 4 5 5 1 5 4 1 1 8 1 1 6 1 1 11 7
12 3 13 5 8 13 16 6 9 14 2 7 4 1 4 7 2 5 11 19
9 14 21 15 23 23 16 10 8 14 17 8 21 2 11 19 14 3 30 23
1 1 2 2 5 4 5 3 5 3 1 3 4 1 4 3 1 1 3 6
38 40 34 21 55 49 19 29 17 52 19 38 53 54 12 52 42 29 44 55
44 34 56 18 53 33 50 49 27 37 20 55 47 34 34 45 28 25 47 69
30 35 49 34 51 50 20 28 38 48 30 50 44 40 33 47 36 25 47 66
20 10 45 9 31 42 27 48 10 40 26 26 33 37 28 19 13 12 24 41
41 45 48 31 38 44 38 39 24 44 39 31 36 33 15 51 31 22 41 50
3 2 7 3 11 10 6 7 10 6 1 6 11 5 1 3 1 1 4 10
31 23 34 17 33 25 36 22 34 38 13 32 24 12 25 30 20 28 34 37
4 1 11 1 4 9 6 9 11 9 1 13 5 5 8 4 1 1 3 10
21 15 14 4 11 15 14 2 10 19 2 19 8 7 10 21 5 15 14 18
36 28 33 19 41 39 36 15 22 35 32 43 40 24 23 38 30 21 48 60
11 14 18 9 17 21 7 19 11 23 13 12 9 13 4 18 4 6 8 22
45 40 58 36 62 57 34 52 30 53 37 50 57 46 19 51 40 18 48 73
7 10 15 5 15 12 15 14 10 8 11 6 13 1 6 13 5 1 17 21
12 15 17 9 30 25 14 14 24 29 7 26 17 13 3 19 11 16 14 29
47 25 41 35 39 40 34 19 22 45 31 37 40 33 18 38 34 20 44 54
31 22 35 21 27 31 38 14 21 33 29 36 32 26 30 26 27 18 44 49
1 1 1 1 4 3 1 1 1 1 1 1 2 1 1 4 1 1 3 1
11 3 10 5 9 15 10 15 8 17 13 9 14 18 3 7 6 1 8 19
13 12 18 12 26 18 10 10 27 20 4 29 18 15 16 16 14 16 16 28
26 21 29 11 32 25 29 22 15 20 18 23 24 10 11 27 14 13 32 44
15 15 23 6 18 22 20 21 11 22 16 15 20 20 16 20 9 6 24 26
11 6 13 1 1 9 15 12 14 10 7 14 10 9 11 10 4 4 11 21
20 12 17 5 10 16 20 11 16 23 7 20 6 8 9 18 1 14 12 28
21 18 30 6 24 21 30 28 5 13 24 14 26 21 22 22 17 5 29 30
3 3 8 4 4 10 6 11 7 10 6 3 2 6 3 5 1 1 2 13
30 8 30 18 40 37 27 31 19 43 35 22 46 34 24 24 33 15 43 43
7 5 17 1 10 12 12 16 6 9 8 6 11 13 10 6 4 1 10 15
9 10 11 4 10 5 16 7 12 9 11 9 9 7 4 14 5 1 15 18
1 1 1 1 1 1 1 1 2 1 1 4 2 1 1 2 1 1 1 3
4 16 15 11 25 17 7 5 17 17 8 15 19 10 7 22 13 7 22 24
6 12 15 1 5 9 12 9 7 9 5 8 2 1 9 17 1 4 11 14
24 43 27 16 35 36 26 16 18 40 21 34 25 26 20 48 23 30 28 38
41 17 42 20 43 48 42 43 27 54 36 51 43 44 38 30 26 27 40 65
22 35 18 13 26 27 17 2 17 35 11 33 21 25 16 40 20 27 23 32
7 13 18 4 15 26 8 21 6 20 6 18 13 17 13 13 4 10 4 22
34 50 54 23 51 64 29 38 18 58 25 36 46 51 27 56 38 32 47 61
19 7 13 3 10 11 20 5 14 15 3 14 11 4 7 13 2 9 17 23
38 28 47 24 40 33 38 32 22 38 21 30 36 29 15 38 28 15 45 51
19 6 15 4 14 8 13 12 11 9 5 18 19 14 7 17 11 3 20 24
40 53 44 31 45 55 40 29 19 49 38 40 36 42 34 58 37 33 45 58
6 5 9 1 6 6 6 6 7 7 1 7 6 1 9 11 1 1 8 6
28 16 29 3 21 17 25 24 23 32 10 30 14 14 14 24 1 18 20 42
29 28 25 20 21 31 21 15 17 39 22 26 22 30 18 35 22 18 22 33
1 6 8 1 6 7 1 8 11 8 1 9 6 6 10 9 1 4 4 5
9 9 13 3 6 17 9 10 8 14 2 14 3 4 13 15 2 5 10 14
25 5 23 7 16 15 21 18 20 27 6 16 8 5 13 14 4 14 16 24
39 27 40 22 45 27 42 42 22 29 22 35 50 40 18 34 34 15 48 57
24 11 30 10 26 17 18 28 17 24 11 23 25 26 4 17 11 2 16 37
37 39 46 12 37 40 39 33 27 49 21 41 19 25 28 47 20 33 31 52
33 26 38 13 20 35 40 32 14 32 30 30 20 26 29 31 18 16 32 50
16 14 20 10 5 15 18 7 11 17 8 15 4 9 19 21 10 10 17 15
3 1 5 5 6 10 1 9 2 8 5 1 6 4 2 2 1 1 1 6
53 35 50 21 36 47 53 39 21 61 42 56 41 53 43 46 31 34 44 70
22 17 27 14 27 7 18 21 14 16 2 21 26 19 6 26 18 7 30 28
6 1 6 1 2 2 5 2 3 4 1 2 6 2 1 5 1 1 9 9
32 21 31 13 18 36 23 23 12 39 15 31 17 24 18 27 12 19 15 40
19 14 16 7 13 19 15 2 11 19 3 19 11 8 6 22 8 10 20 22
33 7 21 15 20 22 28 9 15 28 20 23 24 18 14 16 19 12 34 41
20 39 26 13 42 41 1 19 23 45 7 33 36 41 13 44 30 30 25 34
45 55 44 30 46 44 36 15 21 53 30 53 40 46 30 66 42 42 49 53
22 24 42 35 51 51 8 32 31 46 27 41 46 41 19 38 36 15 33 50
22 28 32 11 18 31 27 21 13 37 19 21 20 28 15 33 18 13 28 34
23 29 31 8 34 34 15 24 16 38 14 24 23 28 5 36 14 14 19 37
4 13 11 1 13 11 13 11 13 9 6 12 8 1 1 13 1 4 7 19
11 3 18 1 14 9 14 16 9 14 4 8 10 5 1 7 1 3 12 19
17 1 22 7 19 18 10 21 11 24 8 10 13 13 1 5 3 4 4 22
18 15 26 2 27 29 14 24 15 28 2 21 22 23 8 21 12 13 19 35
54 28 45 24 41 37 43 39 35 49 28 47 42 32 26 40 28 29 42 60
29 32 39 16 40 34 28 28 25 35 14 36 29 26 17 43 23 18 36 47
4 1 3 1 1 1 7 1 8 2 1 8 1 1 1 3 1 2 1 9
24 29 32 18 36 38 14 28 19 45 20 27 38 44 12 35 29 17 25 42
7 7 6 4 7 11 6 6 9 10 1 10 5 1 4 13 1 5 9 9
4 3 3 1 5 2 2 1 7 4 1 4 7 2 1 8 1 1 7 5
31 17 30 14 18 15 26 19 16 23 4 27 20 22 13 29 20 10 31 32
6 1 3 1 7 2 1 1 4 3 1 4 9 4 2 6 3 1 9 5
12 11 32 7 20 26 20 33 5 20 20 15 21 19 18 12 5 1 17 35
39 48 45 34 64 55 42 27 39 52 39 55 51 39 30 55 43 37 51 72
21 13 42 2 31 26 30 40 15 26 11 27 32 29 15 19 15 6 27 47
18 11 13 13 12 18 19 4 11 14 11 11 17 8 11 17 12 7 25 20
16 13 23 16 22 32 8 16 11 30 12 16 20 19 13 21 14 7 24 20
12 21 16 12 25 36 6 10 11 34 9 20 15 16 11 28 14 15 18 21
1 5 9 4 10 10 6 7 8 6 4 8 9 6 7 7 3 1 9 15
46 27 51 21 33 43 36 32 14 49 21 47 31 40 27 38 24 23 30 60
1 4 8 4 10 12 6 11 9 9 5 5 7 6 1 4 1 1 5 10
4 6 2 1 4 3 1 1 5 5 1 9 5 3 2 9 1 3 3 10
2 6 7 5 11 12 2 7 14 10 2 13 10 7 9 8 5 4 8 11
10 3 10 1 1 8 12 5 8 10 1 6 2 1 9 8 1 3 9 9
10 6 22 9 21 29 12 19 5 20 10 9 22 18 14 11 13 1 22 23
18 14 26 16 17 25 22 13 13 23 16 18 11 5 13 18 12 11 24 31
31 17 32 15 28 28 23 30 24 35 16 33 21 22 13 23 11 18 16 45
22 11 28 4 10 19 24 17 19 28 2 28 9 8 23 20 4 16 18 26
1 1 1 1 1 1 2 1 4 1 1 1 2 1 1 4 1 1 4 3
38 40 49 28 48 44 36 34 35 48 27 38 37 30 26 45 27 27 38 61
12 4 14 5 9 8 14 13 11 12 9 9 7 6 4 5 1 5 8 23
48 26 30 10 39 25 46 28 31 46 30 57 38 37 34 41 29 42 38 60
4 1 3 1 4 3 1 3 1 3 1 2 7 4 1 2 2 1 5 7
8 6 11 5 9 9 12 6 8 9 6 4 7 4 6 10 1 1 13 13
38 28 42 35 50 45 36 39 18 30 46 26 51 34 12 32 37 9 47 62
1 1 1 2 4 6 1 1 1 2 1 1 2 1 1 1 1 1 2 5
1 1 1 1 2 1 2 1 6 1 1 3 2 1 2 1 1 1 1 4
1 7 6 4 9 7 5 6 7 4 3 5 5 2 4 8 2 1 6 9
17 18 22 15 29 36 7 21 1 27 20 14 21 17 5 22 12 7 16 33
44 37 51 41 52 51 44 44 26 44 50 34 52 34 25 42 38 17 51 66
17 39 41 12 38 38 25 33 23 33 19 31 32 35 24 43 25 18 29 45
17 9 20 9 17 20 20 13 14 20 7 13 9 5 8 13 7 10 18 22
9 6 13 10 12 15 6 14 10 17 11 6 10 12 5 9 3 2 6 19
36 33 49 22 48 49 38 49 18 40 36 11 48 40 20 37 36 17 50 56
21 16 22 4 28 21 16 22 15 24 8 23 34 31 5 26 21 6 27 34
26 23 27 15 29 19 19 14 28 30 8 34 32 35 16 36 26 15 31 33
7 2 8 1 3 6 8 1 1 5 1 1 6 1 6 7 1 1 11 5
47 38 51 32 39 40 38 23 30 52 30 44 35 44 24 48 36 30 39 58
11 10 26 9 22 29 1 31 7 25 10 7 22 24 10 10 12 5 11 20
38 25 30 8 44 20 37 25 26 25 18 41 40 19 13 36 24 22 41 59
35 26 36 18 48 45 24 37 22 48 19 37 37 32 17 32 23 29 25 52
37 21 57 32 44 53 35 34 27 57 32 44 40 35 36 31 27 21 44 60
4 3 5 1 1 2 3 2 14 10 1 11 1 2 5 10 1 3 2 4
13 13 8 1 9 10 10 2 8 12 3 14 9 7 3 18 3 8 11 20
5 9 4 1 3 6 1 3 8 10 1 10 4 2 4 15 1 5 6 7
35 32 42 18 39 45 37 46 17 48 38 42 39 47 19 37 23 21 30 59
13 4 17 7 12 14 10 13 9 12 7 11 14 10 10 10 6 1 16 21
23 15 7 11 31 25 20 11 16 27 25 31 32 24 14 25 25 19 30 40
45 31 64 23 46 47 33 48 15 51 23 34 40 45 20 41 32 17 41 56
29 15 35 8 31 29 30 32 18 30 15 36 27 26 18 20 7 17 24 55
29 15 52 17 41 52 34 32 16 47 20 42 41 33 34 28 25 18 44 54
3 1 1 1 1 4 4 2 1 6 1 1 1 1 1 5 1 1 5 4
8 15 11 8 21 16 16 10 14 10 13 15 20 4 1 17 10 4 21 31
50 40 57 30 50 42 31 35 44 60 18 57 36 42 35 54 34 40 43 60
37 24 26 10 41 26 35 15 19 28 23 36 37 19 13 34 21 22 42 56
8 11 20 5 17 15 14 13 17 15 4 22 14 15 14 15 7 6 15 27
8 5 23 12 19 30 16 26 4 19 16 12 23 21 15 6 9 1 16 31
28 18 34 22 27 35 37 21 19 32 32 37 30 24 34 27 29 17 43 51
28 45 56 28 48 55 34 56 22 48 37 34 40 48 23 45 33 18 28 56
7 6 8 1 5 10 9 8 10 13 3 7 5 6 5 13 1 1 9 9
3 1 7 1 1 4 7 2 3 4 1 1 1 1 1 6 1 1 5 6
41 28 51 13 38 49 44 46 9 43 37 40 38 38 29 37 18 18 32 66
16 9 24 12 18 26 9 21 5 26 12 4 14 17 7 15 8 4 11 16
8 13 24 6 16 21 15 20 6 12 13 8 11 5 14 17 6 1 20 23
10 14 19 12 19 20 17 11 7 12 13 6 13 5 10 18 10 5 24 19
16 5 12 3 1 9 17 4 8 14 6 9 2 5 9 11 3 4 12 16
26 25 35 17 17 29 29 11 24 35 13 34 13 25 30 31 19 25 23 30
19 27 14 12 29 25 19 8 22 26 16 32 27 25 12 30 20 20 25 43
20 9 25 16 36 31 25 24 18 32 29 25 41 27 21 22 30 9 39 42
29 18 22 1 20 18 26 15 5 18 18 28 24 20 11 26 14 12 28 45
5 1 8 1 9 8 1 10 7 10 1 6 12 9 3 6 3 1 7 8
27 46 38 23 33 36 22 13 29 40 19 38 25 29 30 51 26 33 35 39
5 9 1 1 7 9 6 4 9 9 1 12 5 4 1 10 1 7 3 13
34 14 31 7 38 27 32 32 25 39 15 28 41 27 17 25 24 21 39 47
11 10 13 11 23 19 8 10 15 17 10 16 21 20 4 17 14 6 18 29
40 34 44 15 44 43 45 43 15 41 35 27 46 39 29 46 39 21 53 57
35 30 49 13 34 42 50 38 6 39 36 36 42 41 44 40 30 20 46 50
22 15 15 12 30 36 14 15 11 31 18 22 32 24 5 22 17 11 25 39
4 1 6 1 9 7 4 7 10 9 1 5 8 4 1 2 1 1 1 5
9 10 6 7 10 15 7 9 14 15 6 15 9 6 5 12 1 7 6 18
6 1 3 1 1 3 10 4 3 4 9 5 6 7 3 2 2 1 6 17
2 1 1 1 1 1 2 1 6 3 1 4 1 1 1 7 1 1 2 4
10 4 8 1 4 5 13 3 13 9 2 11 2 2 2 11 1 5 7 15
2 4 9 2 4 5 7 9 8 9 5 3 1 2 5 6 1 1 5 12
37 40 35 23 33 48 25 18 28 53 23 46 30 45 30 47 32 36 32 49
42 9 44 8 27 28 42 30 13 35 16 42 33 38 31 26 21 15 40 47
33 12 31 9 34 26 30 23 23 28 13 33 33 22 20 23 16 19 33 45
22 19 21 17 18 25 14 11 15 31 13 17 15 20 12 26 13 10 18 25
31 33 50 40 45 55 27 23 45 56 28 49 37 36 42 44 40 34 44 55
20 4 13 9 19 17 16 13 16 18 11 16 20 14 4 11 8 6 19 29
34 31 40 26 34 38 32 25 19 32 31 27 32 22 22 39 26 15 43 48
29 16 32 12 23 21 32 32 30 31 16 33 18 12 23 22 12 24 21 45
35 24 53 36 45 53 39 39 18 40 45 29 40 29 32 33 34 11 48 61
37 46 42 14 53 44 28 30 16 49 20 37 47 48 17 57 36 28 45 51
21 22 25 25 22 33 21 4 10 25 20 20 20 15 22 28 23 18 32 26
3 3 4 2 3 6 5 6 9 6 3 7 1 2 3 5 1 1 2 10
1 1 5 1 2 3 6 6 7 3 1 3 2 1 1 1 1 1 1 9
16 11 23 13 26 22 22 21 10 14 20 11 19 4 4 14 10 3 23 37
5 1 11 1 5 2 3 6 5 3 1 5 6 4 6 6 1 1 9 10
27 18 28 13 30 24 37 25 15 19 28 25 27 12 20 23 20 10 36 48
28 14 27 17 27 25 19 18 16 25 9 27 25 18 11 26 18 9 30 40
22 23 22 12 35 26 26 19 14 17 19 24 26 9 11 24 15 14 27 44
15 22 34 21 28 39 18 28 14 36 21 23 21 25 18 27 16 7 19 40
6 1 8 8 16 17 6 10 4 6 7 8 19 9 7 3 8 1 16 21
6 11 16 5 17 19 13 17 4 14 10 8 15 8 1 14 1 3 15 24
13 10 23 1 16 23 15 26 4 21 14 18 21 26 12 13 8 3 16 34
14 8 33 15 36 27 13 22 15 21 15 20 35 21 12 21 22 1 34 36
5 15 13 1 16 10 13 7 21 17 1 21 4 10 3 16 3 13 1 22
8 22 19 4 21 25 12 17 12 25 8 29 16 21 17 24 7 15 11 26
35 36 55 21 32 47 44 38 18 46 30 41 28 36 40 41 23 21 38 51
24 35 41 19 23 31 26 16 30 36 13 39 16 26 32 40 21 28 28 36
6 4 7 7 7 10 1 10 5 11 8 4 7 7 1 6 1 1 5 9
1 4 8 1 6 7 5 9 6 6 4 3 7 5 1 3 1 1 5 7
6 15 21 23 33 33 11 15 33 31 20 33 27 18 16 27 23 12 24 34
22 12 21 4 24 23 7 21 11 28 7 24 23 29 3 24 10 7 14 31
21 12 18 5 18 15 19 10 18 19 3 21 12 6 11 18 4 14 18 27
45 35 60 23 48 54 41 48 19 54 27 44 50 52 26 46 32 16 47 70
2 13 19 1 13 11 11 16 6 11 6 3 11 6 3 18 3 1 11 13
24 12 22 21 29 20 14 21 20 23 14 23 30 22 3 21 20 5 26 37
15 9 9 1 8 10 13 5 13 14 1 16 7 4 4 15 1 10 11 17
41 17 38 29 41 42 30 29 17 44 34 45 46 41 33 37 39 17 53 61
16 11 18 3 23 23 6 18 9 20 5 21 21 21 6 19 10 9 11 27
39 28 52 20 43 46 42 44 12 33 31 32 49 41 30 38 36 10 53 60
20 1 20 8 21 28 23 26 7 26 22 24 31 27 23 7 11 4 28 41
6 1 12 10 20 20 8 6 14 16 7 10 16 4 2 4 9 1 15 19
30 27 43 22 31 49 34 29 8 41 28 36 30 30 33 32 17 20 39 51
13 18 28 2 23 17 20 26 25 27 9 26 8 11 12 23 4 16 14 29
2 1 5 1 3 4 1 1 2 3 1 1 2 1 5 7 1 1 6 1
11 17 24 19 30 31 11 17 20 29 21 18 21 13 6 23 14 5 21 35
30 35 48 20 40 38 37 33 26 35 20 34 29 27 33 39 23 23 35 43
4 8 9 1 8 6 12 8 6 6 7 6 4 1 2 11 1 1 10 17
28 38 31 17 26 33 37 17 12 29 27 28 24 23 25 43 24 18 37 40
48 35 51 29 47 37 53 50 32 41 44 39 41 33 22 38 31 24 38 65
28 13 27 6 24 29 26 29 9 32 18 20 32 33 25 22 24 13 34 33
45 35 48 24 44 36 43 47 37 48 31 46 36 27 23 39 23 33 31 64
16 18 22 2 19 27 25 22 9 24 13 32 17 21 17 19 6 14 14 40
17 7 30 18 34 30 16 15 17 27 22 20 39 23 17 23 27 1 41 36
39 27 65 8 50 43 43 58 21 45 20 38 46 36 35 38 26 17 47 60
9 10 7 5 13 15 9 5 12 13 1 14 9 6 3 17 3 7 10 17
10 12 15 1 11 9 21 15 8 7 15 7 11 5 7 14 6 1 16 25
36 21 32 10 32 15 30 18 35 35 5 38 25 17 23 36 20 26 33 36
30 20 30 25 34 24 25 19 22 28 12 29 38 23 12 32 29 12 43 42
18 30 42 11 27 35 23 28 9 30 17 15 22 22 22 35 20 11 31 26
33 27 41 25 31 36 38 27 16 29 30 22 25 16 24 31 22 17 38 45
13 13 14 3 11 14 15 14 15 16 10 20 10 13 7 14 2 8 10 30
4 12 6 1 5 5 4 1 13 11 1 12 1 6 1 17 4 8 6 7
25 29 31 17 17 25 34 10 13 26 24 21 19 20 21 34 18 18 32 31
42 41 37 25 49 46 31 20 27 49 24 47 43 45 20 52 34 32 44 62
16 16 24 10 21 20 25 23 16 14 18 14 19 7 11 18 9 5 22 34
48 36 50 24 38 31 50 34 38 49 27 45 32 23 35 46 29 37 48 53
9 2 7 1 5 4 12 1 3 3 6 2 11 4 3 5 2 1 15 13
34 24 32 21 31 34 27 11 7 27 19 30 34 29 21 35 27 18 41 42
15 10 22 7 18 28 10 14 1 18 5 16 17 15 12 19 9 5 22 28
9 8 11 1 11 3 16 8 10 3 6 11 9 4 1 9 2 3 11 21
39 41 43 16 40 42 27 27 28 40 26 47 37 42 31 50 31 27 40 63
2 1 4 1 1 4 1 4 1 4 1 4 3 1 3 6 1 1 5 6
5 3 10 1 5 5 6 6 6 8 3 1 6 1 7 9 1 1 8 6
11 12 16 10 11 19 10 11 4 17 9 7 8 6 8 16 5 6 15 16
6 3 8 8 9 15 6 5 2 11 6 1 9 2 3 9 4 1 13 13
7 5 10 2 1 5 10 2 5 7 2 3 2 1 5 10 2 2 9 8
41 21 28 12 39 28 30 24 12 32 15 41 44 41 18 36 30 19 42 50
27 33 38 32 44 45 27 28 30 45 37 34 33 29 11 40 28 17 34 56
21 17 40 16 25 40 23 40 11 38 22 23 29 33 12 22 12 8 18 39
3 6 14 2 7 7 8 13 7 10 8 3 3 2 5 9 1 1 8 14
27 22 28 9 37 40 32 23 12 35 23 45 35 31 23 30 16 24 31 53
36 31 33 20 48 38 42 28 23 32 33 41 42 21 23 36 28 26 43 63
38 40 34 14 51 35 34 25 21 39 23 43 47 44 12 51 34 21 43 55
15 17 18 3 11 22 12 10 2 21 4 15 8 10 11 21 5 11 13 17
20 8 18 5 8 17 20 14 6 16 12 12 16 16 20 14 11 7 23 20
30 18 31 1 33 28 30 36 16 37 23 39 40 43 27 32 26 21 32 50
1 8 7 1 4 6 5 6 14 10 1 13 3 8 9 12 3 5 3 10
1 1 1 1 1 1 5 1 5 1 1 6 1 1 1 3 1 1 1 9
23 18 19 8 18 25 13 15 8 25 13 17 15 17 7 23 8 11 17 31
5 5 9 1 9 10 5 8 5 9 1 6 12 9 1 10 2 2 8 10
48 52 55 44 54 68 43 39 17 53 52 42 46 41 27 56 44 31 51 68
6 12 11 1 8 10 11 11 5 11 8 10 6 5 7 14 1 7 9 19
45 35 35 23 40 43 34 30 30 56 27 46 31 35 21 43 22 38 30 50
7 10 6 4 9 13 5 8 8 13 5 13 7 6 6 14 1 8 7 14
12 12 15 4 14 14 10 7 14 21 6 15 16 20 9 20 11 7 16 21
32 27 37 20 50 46 32 34 29 48 31 52 46 46 28 33 31 28 35 69
12 8 28 1 13 14 20 19 3 12 9 15 18 16 17 14 5 1 22 27
18 15 15 7 23 15 19 15 18 22 16 23 25 27 18 18 20 15 21 30
41 45 43 23 38 51 43 37 10 43 39 37 34 38 33 50 30 25 42 56
3 1 5 2 8 7 1 5 2 2 1 1 9 2 4 3 1 1 9 3
32 40 46 20 38 48 22 27 32 60 10 39 25 39 24 47 27 36 28 46
1 2 4 1 2 6 1 5 1 4 1 1 4 1 1 2 1 1 1 9
33 27 25 16 37 28 26 16 30 40 20 41 39 39 32 43 33 31 41 41
31 12 30 9 18 18 34 22 25 31 12 22 16 11 21 20 11 20 26 34
5 6 12 1 4 11 6 8 16 16 1 17 1 9 12 12 1 5 4 10
43 26 41 24 35 46 28 29 19 47 22 39 28 27 28 35 21 31 32 50
10 1 6 12 13 17 7 9 2 11 15 1 17 10 2 3 8 1 14 21
14 1 11 5 7 12 9 11 12 15 6 9 8 8 5 7 1 5 10 15
11 1 13 1 8 15 11 11 4 17 8 2 11 13 4 7 3 1 11 14
5 2 11 1 4 8 8 6 4 9 1 1 6 5 2 8 1 1 7 6
2 1 3 1 1 1 2 1 1 3 1 1 1 1 2 6 1 1 5 1
4 7 9 1 1 5 4 7 10 10 1 8 4 4 8 12 1 4 6 5
55 58 54 39 49 61 51 34 19 58 53 43 44 46 32 63 42 36 49 66
33 22 53 27 50 51 47 45 33 51 44 46 50 40 43 41 42 19 56 65
11 9 24 2 3 17 21 12 2 15 7 15 6 13 20 13 3 3 16 21
11 9 13 1 8 19 7 10 3 18 1 11 2 7 6 15 1 5 5 17
40 16 42 9 30 24 48 43 23 34 36 35 32 30 34 29 22 18 38 58
29 8 34 9 25 27 32 32 23 34 15 36 29 22 24 16 8 14 27 51
9 1 5 2 6 6 7 3 4 7 6 5 13 7 1 7 3 1 14 18
15 11 14 8 4 15 16 6 13 21 8 11 4 8 10 17 6 7 14 16
5 1 2 1 3 1 3 1 3 1 1 6 5 2 1 7 1 1 7 8
28 22 27 16 16 27 22 15 18 33 16 26 16 21 18 30 14 17 23 32
3 8 14 1 8 5 13 12 9 2 7 9 5 3 8 7 1 1 6 17
21 21 25 14 31 13 19 11 27 22 2 32 25 23 7 32 20 13 27 37
16 5 14 7 19 10 21 11 18 14 5 20 13 3 10 10 6 14 15 28
12 8 15 6 18 13 13 8 10 9 7 8 16 7 5 14 7 1 22 20
30 27 30 24 36 27 23 20 21 34 9 30 34 22 8 38 28 15 41 41
3 2 2 1 3 2 6 3 7 3 3 2 5 4 3 4 1 1 4 7
2 1 4 1 2 6 2 7 7 6 1 4 1 1 2 5 1 1 1 8
34 16 33 6 30 25 27 24 11 29 9 27 37 32 16 29 26 12 38 39
23 17 11 3 16 16 15 4 12 22 8 23 19 19 12 28 14 12 25 24
28 15 39 10 40 35 35 39 32 44 14 44 40 35 32 22 20 21 32 52
5 4 10 1 5 7 6 9 3 8 4 1 1 3 6 7 1 1 8 7
11 10 11 10 13 17 13 12 6 13 14 10 16 11 6 10 6 6 14 26
16 13 6 1 11 11 13 4 6 11 8 18 16 14 3 15 8 10 12 26
19 16 19 9 11 26 16 15 9 28 12 14 10 18 13 23 8 11 17 21
40 24 56 12 51 53 48 63 15 50 39 36 54 54 35 34 31 23 48 70
39 23 44 2 37 44 37 41 15 51 20 45 46 51 35 40 29 24 45 52
15 18 24 20 32 36 18 18 18 29 25 23 25 16 13 26 17 10 30 43
32 17 34 10 21 20 32 21 26 36 7 30 18 11 27 26 13 24 28 29
36 31 29 22 27 38 31 15 9 41 30 29 27 33 23 36 23 24 33 44
41 30 37 22 45 46 31 41 24 53 29 24 46 47 18 41 38 23 40 50
33 37 34 8 39 24 34 28 28 35 18 42 24 16 22 44 20 30 29 46
21 16 24 6 15 16 26 17 8 15 16 10 16 9 12 21 9 5 26 30
20 9 23 9 13 24 13 18 4 25 10 6 16 18 7 15 7 2 14 21
28 22 34 21 35 46 31 25 20 47 29 44 40 38 38 35 32 21 45 51
35 26 29 3 29 22 40 30 24 36 32 36 27 28 27 40 22 24 34 50
11 32 38 10 37 45 12 29 21 46 7 39 32 42 28 35 20 23 18 39
13 2 11 3 4 9 15 7 12 13 7 8 9 6 7 8 2 2 12 19
35 21 37 24 38 42 36 31 7 43 38 22 43 38 27 29 34 19 48 49
17 19 25 7 16 33 12 20 8 30 8 20 12 20 17 25 10 15 14 23
65 35 61 27 50 36 61 50 29 49 44 45 50 39 36 48 41 28 58 73
50 23 43 18 51 36 46 37 30 49 25 39 54 33 32 37 41 33 58 59
2 8 7 2 3 7 9 8 4 7 7 6 4 3 1 7 1 3 4 16
28 28 36 21 20 33 16 11 23 39 12 37 19 30 27 38 22 24 26 36
5 5 10 5 7 9 3 10 9 14 8 4 5 6 2 8 1 1 4 12
39 33 51 9 38 44 41 45 16 44 26 37 39 41 27 40 25 16 40 61
12 15 20 11 14 22 8 13 18 26 6 18 10 15 16 22 7 9 11 18
22 4 40 24 35 39 19 28 20 36 16 33 37 27 23 23 26 2 38 46
6 3 6 3 5 6 2 8 8 10 4 5 8 6 5 6 3 1 7 9
30 21 43 17 29 36 27 27 13 31 12 32 31 31 24 31 24 14 35 38
16 24 26 14 34 28 21 18 18 21 21 18 30 14 14 30 19 8 35 33
1 1 3 1 1 1 3 1 2 1 1 1 2 1 1 2 1 1 5 6
14 7 20 1 11 7 10 8 3 7 2 10 11 7 10 16 7 1 19 15
56 30 36 15 37 28 52 19 27 48 30 53 38 34 42 45 34 46 47 56
10 2 14 7 18 19 11 15 11 18 5 10 14 9 1 7 5 5 9 20
27 24 44 17 35 39 27 36 10 37 21 14 29 23 9 28 18 8 27 39
16 9 18 1 11 10 15 11 22 19 1 21 6 9 14 15 3 11 12 18
7 10 8 7 15 15 5 7 7 10 6 8 13 5 3 14 5 6 15 15
6 1 7 1 2 4 5 7 9 8 1 7 1 1 3 1 1 2 2 10
17 15 24 9 12 18 22 14 13 20 11 12 9 11 15 19 9 10 20 18
13 7 16 9 13 13 14 15 15 16 13 11 9 9 5 8 4 6 6 24
1 3 7 1 4 9 3 11 6 6 1 7 4 5 8 5 1 1 3 6
10 9 8 1 8 12 5 6 9 11 1 15 7 5 8 15 1 7 8 12
6 2 1 4 7 5 10 1 9 1 6 8 11 4 5 5 5 1 10 15
32 24 31 14 25 33 15 20 7 32 18 26 22 27 16 32 18 17 25 37
27 7 24 11 11 16 16 11 2 21 14 9 17 20 9 19 14 3 24 27
34 21 35 9 40 24 28 27 19 30 13 36 31 17 13 34 17 20 36 51
45 24 35 19 27 31 32 28 14 42 29 39 34 42 27 41 31 21 39 50
1 2 3 1 1 8 1 4 4 8 1 5 1 1 1 8 1 1 2 7
50 18 57 16 33 33 49 44 20 47 22 47 39 42 35 31 25 21 45 62
1 6 1 1 1 1 1 1 8 6 1 8 1 1 1 9 1 2 1 4
19 17 27 23 26 33 14 19 18 32 21 17 23 15 14 22 17 7 26 31
6 4 6 1 7 3 1 4 9 10 1 7 8 6 3 11 3 2 9 8
13 7 5 3 10 6 18 7 6 8 14 14 15 13 11 11 11 9 16 21
10 1 23 1 12 20 10 22 5 18 1 17 18 20 11 10 5 1 12 23
14 9 21 2 12 16 17 12 11 19 1 9 12 11 5 15 7 6 13 17
3 5 2 1 4 5 2 1 1 6 1 6 1 1 1 11 1 3 2 9
20 28 35 10 27 27 23 15 29 40 3 30 18 24 18 33 17 24 22 33
5 3 5 2 10 9 5 7 11 6 1 8 11 6 3 7 1 2 6 6
42 23 48 24 33 37 34 41 17 44 22 38 41 44 21 36 27 9 38 50
26 24 32 12 29 22 29 24 10 17 21 18 28 17 17 33 20 7 35 35
40 33 45 16 25 46 49 29 13 44 34 45 33 39 38 38 23 26 41 60
5 4 12 8 11 17 7 10 14 15 7 16 12 6 6 8 4 1 12 25
39 15 35 1 30 25 27 28 18 34 11 36 27 25 16 27 12 20 28 50
30 37 46 9 40 42 28 42 15 36 16 25 30 28 17 41 23 20 31 46
2 9 9 1 8 4 12 5 4 1 5 5 6 1 1 12 1 1 10 16
28 25 36 19 26 37 32 24 9 37 29 26 29 31 25 30 20 17 35 41
38 33 41 9 49 40 38 37 28 51 23 39 40 36 21 41 23 28 39 60
1 1 1 3 6 4 2 1 7 1 1 3 4 1 1 3 1 1 4 9
9 4 14 7 9 14 7 16 8 14 9 7 8 10 4 7 2 1 4 17
2 3 2 1 3 3 4 2 12 7 1 7 2 1 1 4 1 1 1 7
13 6 8 5 14 11 13 7 14 9 4 14 15 9 1 10 4 7 13 18
25 14 10 8 16 23 14 14 5 24 20 20 18 24 7 19 13 12 14 34
1 15 7 1 16 15 1 6 12 17 1 15 7 13 6 19 3 11 1 8
46 31 47 19 41 31 41 37 28 40 30 36 35 34 18 42 28 17 39 58
29 28 43 17 39 49 30 43 11 40 31 29 39 40 18 33 22 12 27 55
6 6 11 1 1 2 13 2 3 6 4 1 1 1 2 10 1 1 12 10
5 6 4 1 4 5 6 5 13 10 1 9 4 1 1 11 1 1 6 8
27 29 27 16 42 30 31 23 32 36 22 43 37 35 27 34 27 31 33 52
21 24 47 27 43 56 20 29 25 52 25 48 40 39 36 43 32 16 44 51
2 1 7 1 2 5 3 5 1 5 1 1 1 2 4 3 1 1 4 2
15 24 19 3 16 16 22 12 8 12 13 14 10 6 8 29 6 4 19 27
2 1 2 1 1 4 5 4 5 5 2 4 3 1 1 2 1 1 3 10
27 23 43 38 57 45 22 29 48 52 24 56 46 40 25 44 41 21 42 64
21 13 35 29 30 33 27 11 25 32 27 30 24 15 23 28 27 12 38 40
4 1 7 1 4 5 6 6 5 5 1 2 3 4 4 3 1 1 5 6
24 20 27 12 28 25 25 21 32 35 11 37 19 19 20 28 13 26 20 44
7 4 14 1 3 9 17 12 12 9 6 16 9 12 14 6 3 1 7 22
11 7 18 12 27 20 15 15 16 15 13 13 23 10 4 7 11 7 20 26
18 14 14 5 20 13 14 7 17 15 3 24 18 15 4 26 11 9 21 26
29 19 18 5 29 19 25 11 8 16 16 28 31 21 4 29 18 11 33 45
3 6 8 1 7 11 2 9 8 15 1 5 5 5 5 13 1 1 6 3
40 50 59 30 50 58 41 48 25 53 34 23 42 46 25 55 39 25 49 57
7 1 5 1 5 5 9 7 9 7 1 6 5 3 1 1 1 2 4 15
37 21 42 13 30 26 33 26 27 40 10 30 29 19 25 31 23 26 36 35
5 7 11 1 11 6 8 11 1 2 7 3 11 4 1 9 4 1 14 15
27 23 36 18 28 33 22 22 4 27 21 20 26 23 13 32 18 12 35 36
16 6 10 7 23 16 9 8 14 14 4 21 16 6 5 12 8 11 18 26
1 2 3 3 8 4 4 1 5 1 2 2 9 1 1 5 1 1 10 11
20 13 18 6 17 18 20 13 18 22 7 20 12 7 9 18 4 13 18 29
40 26 41 14 34 30 34 30 13 31 21 26 29 27 12 36 19 12 35 51
41 31 42 34 45 43 40 40 18 33 47 22 49 35 14 35 35 15 47 57
5 2 8 2 7 7 2 7 4 4 1 9 9 6 9 6 2 1 9 8
8 2 14 1 4 10 8 9 5 6 1 8 5 4 10 7 1 1 8 10
36 34 38 17 31 25 32 29 23 39 14 37 30 35 15 45 25 20 39 44
6 8 24 1 14 16 12 18 1 11 3 10 13 11 10 13 1 1 14 18
18 20 15 6 21 19 20 10 11 15 11 18 18 10 5 24 6 12 21 31
30 22 42 13 20 29 26 25 12 31 21 25 20 24 21 31 16 10 29 40
13 13 14 4 11 10 15 4 22 19 1 18 4 8 10 20 6 12 10 15
18 11 27 10 26 19 13 27 6 18 17 11 24 23 6 15 11 1 17 30
59 34 33 21 43 36 47 19 16 47 38 54 49 51 38 55 46 41 56 58
1 6 7 1 8 3 3 8 6 7 2 1 4 3 1 7 1 1 4 4
14 4 12 7 8 10 16 14 4 12 17 8 14 15 12 6 9 5 13 23
29 27 39 35 38 49 28 20 20 44 36 32 35 27 25 37 29 18 45 52
21 26 15 6 30 25 27 13 14 21 18 25 23 16 4 27 12 17 20 40
7 2 8 2 3 9 6 4 5 9 1 4 3 1 6 8 1 1 8 8
50 29 55 20 41 54 59 49 11 47 46 47 48 47 48 40 29 26 55 71
18 19 16 3 24 14 16 9 12 12 10 23 19 12 1 22 9 13 17 31
14 23 22 7 11 14 23 9 12 19 14 11 7 10 14 28 11 11 22 18
20 21 35 5 17 33 27 22 9 36 13 30 23 32 27 26 12 13 26 31
45 30 44 33 43 40 38 33 17 43 40 34 48 41 18 41 39 13 53 59
21 20 34 12 31 29 20 31 20 36 17 16 24 25 9 24 12 9 18 33
53 46 51 33 50 45 50 31 12 35 39 46 54 43 35 56 47 25 64 68
33 15 33 13 29 24 24 32 18 32 21 30 36 38 8 23 23 7 22 44
2 4 7 2 4 6 10 9 5 6 7 3 4 3 3 4 1 1 6 15
7 1 6 1 1 5 11 5 12 6 1 8 5 1 1 7 1 4 6 13
26 12 24 13 24 29 22 27 6 28 23 21 26 27 12 18 14 8 18 38
35 13 31 30 36 41 29 19 13 40 38 30 44 35 30 28 38 17 52 47
8 19 27 3 20 22 18 21 23 26 4 29 12 22 14 20 8 15 5 31
11 4 17 1 5 5 17 10 11 8 5 12 2 4 9 8 1 5 9 20
25 26 29 14 15 29 27 13 7 31 22 22 13 21 21 31 14 16 26 33
20 26 29 14 27 34 27 24 3 18 23 17 22 14 19 30 15 8 31 41
17 28 39 26 28 41 18 23 14 39 23 23 19 25 24 33 21 14 26 38
9 18 13 4 20 20 6 9 20 24 1 22 12 17 8 25 8 14 7 14
5 10 19 1 11 10 11 17 1 1 10 2 6 3 10 12 4 1 13 14
40 34 45 21 46 30 36 38 32 41 27 41 35 33 13 43 27 21 33 61
48 29 34 18 37 41 37 37 24 54 36 41 39 46 22 43 32 29 33 53
21 12 39 4 26 21 28 39 20 28 12 24 21 12 20 16 8 15 22 37
12 6 14 3 1 7 13 5 10 8 2 7 5 1 11 10 3 4 12 10
48 46 43 25 49 53 46 30 17 47 40 52 47 48 37 55 41 31 53 71
24 23 25 21 40 40 20 34 14 41 30 24 40 39 14 29 30 14 28 43
54 42 52 26 47 42 53 46 27 46 44 50 46 46 40 53 40 31 53 68
12 14 33 4 21 35 16 29 15 34 2 23 22 21 16 21 8 7 17 30
1 1 1 1 1 1 1 3 2 2 1 1 1 1 1 1 1 1 1 5
19 6 11 1 2 3 19 1 13 11 6 13 12 9 9 13 6 3 18 20
1 1 1 1 4 6 1 5 1 4 1 1 4 1 1 1 1 1 1 2
17 15 32 1 17 19 25 26 18 24 8 17 7 6 16 19 3 9 18 27
28 14 23 7 25 15 33 18 6 9 23 18 31 16 18 21 19 5 37 40
