1000 20 13 1184
1 10 8 9 1 8 1 8 14 5 1 16 22
1 5 0 3 4 4 3 11 1 0 6 5 3
1 2 6 3 8 1 1 5 1 2 3 1 1
1 4 1 1 15 0 1 2 5 3 1 14 5
5 21 9 6 8 0 7 5 1 1 9 15 8
3 4 4 3 0 8 25 3 2 14 12 6 4
3 3 13 0 9 2 1 4 4 5 12 13 6
5 5 4 4 1 4 3 0 0 3 1 3 1
7 7 11 5 9 1 3 5 11 6 5 1 9
14 10 2 7 1 2 10 7 1 1 10 3 9
14 7 1 4 6 22 1 9 3 1 5 8 4
0 5 5 2 9 4 1 3 3 4 1 0 3
3 8 0 0 0 8 10 3 4 4 12 12 9
0 8 2 1 2 0 5 5 6 1 4 5 2
3 2 5 11 7 5 10 0 8 8 4 3 4
1 1 2 2 5 5 0 2 0 4 2 4 0
1 6 0 6 2 1 1 2 0 2 2 1 9
5 13 8 2 3 10 1 4 3 6 10 9 9
8 1 3 6 3 3 0 8 0 3 0 2 13
3 12 6 4 4 2 5 6 16 10 11 4 12
3 1 9 1 1 1 13 4 3 2 1 0 6
0 4 1 9 3 2 0 4 1 7 1 2 0
3 4 9 9 14 0 2 8 1 3 0 2 3
13 0 3 10 8 6 1 8 6 9 7 2 4
11 8 14 7 16 4 5 1 17 8 6 1 4
2 1 0 3 4 5 3 7 0 9 1 5 9
6 14 10 3 1 3 15 8 5 8 4 3 1
0 5 0 5 4 3 6 1 0 1 4 0 2
0 6 3 6 4 9 15 15 14 3 11 5 9
6 1 7 2 1 3 0 1 2 4 3 3 2
4 0 2 3 1 2 4 6 5 1 10 4 4
3 13 4 4 10 6 3 3 3 5 8 3 6
2 1 7 1 11 1 4 5 1 5 9 2 2
7 4 2 1 3 0 1 1 2 8 1 5 7
6 2 10 3 3 7 1 1 7 7 7 6 10
15 9 7 4 7 18 14 14 0 4 1 1 8
8 12 10 8 0 4 7 0 7 23 8 8 0
10 5 10 6 2 2 3 2 3 3 2 3 1
0 3 12 0 13 12 5 20 2 4 6 17 12
5 12 13 6 4 7 5 13 2 2 1 5 9
4 5 3 4 3 7 7 3 5 2 7 1 10
4 5 2 1 1 1 2 6 0 2 0 1 4
13 0 2 5 11 1 12 8 6 8 0 5 7
8 0 3 2 3 10 4 5 1 19 10 6 11
5 8 3 7 5 2 2 3 7 6 1 2 8
4 3 6 0 0 6 2 6 0 7 6 5 0
11 8 1 2 2 3 0 6 5 1 4 2 5
0 10 12 7 1 13 0 2 13 16 5 15 7
5 4 13 21 25 4 0 6 6 1 2 5 0
7 3 7 1 3 1 3 5 6 0 1 6 2
4 2 3 1 1 6 2 2 9 2 3 5 1
10 13 10 2 7 20 21 10 1 11 8 2 5
5 2 4 11 3 2 13 15 4 6 4 1 2
14 2 7 6 4 1 16 1 13 9 6 7 18
7 15 1 4 5 4 5 1 8 22 3 14 4
7 13 13 5 16 9 14 8 13 13 8 2 4
1 5 11 10 12 2 2 6 2 8 1 7 9
4 3 16 5 5 7 10 9 16 2 1 7 11
8 5 1 4 3 1 2 15 0 8 7 3 8
1 6 0 2 2 5 0 2 2 3 8 9 6
6 1 1 1 5 2 1 3 6 4 1 6 1
27 7 3 8 8 1 4 11 1 2 12 6 1
8 3 4 16 4 10 1 3 3 11 2 10 1
3 4 5 6 0 9 2 3 5 2 3 12 2
14 1 1 2 1 2 2 5 3 2 6 7 10
4 0 6 6 2 3 28 6 3 4 3 1 6
6 7 5 2 19 2 2 3 5 18 7 2 4
2 1 0 5 1 8 1 7 2 0 5 6 2
5 1 2 3 1 9 2 7 3 7 5 0 16
2 1 1 1 3 4 5 3 4 11 11 6 13
7 1 4 9 8 2 2 11 5 2 3 8 21
1 5 1 6 2 6 19 4 16 1 5 6 1
12 13 12 5 11 2 3 21 6 8 8 5 5
5 1 6 6 5 0 2 5 2 4 12 3 5
8 4 11 0 4 3 1 4 10 4 1 5 6
0 6 3 2 7 3 3 1 0 2 4 4 1
8 7 10 7 12 7 9 11 7 9 5 9 11
6 0 3 9 16 10 3 8 15 8 7 16 8
4 13 3 4 14 17 8 15 3 10 3 0 16
8 12 9 0 9 6 5 4 7 11 11 3 21
5 2 1 2 1 1 6 2 1 1 5 1 3
6 6 1 0 7 3 7 3 6 14 8 4 17
7 3 8 6 6 2 5 2 2 2 4 2 1
2 12 1 6 8 10 0 7 15 15 21 8 7
2 3 0 4 0 2 6 3 2 2 2 2 3
2 9 3 5 7 1 1 2 3 2 3 9 3
6 3 7 21 5 19 3 9 12 10 3 4 4
7 1 13 3 4 11 0 3 8 5 11 1 7
4 6 1 1 1 3 2 11 6 30 9 5 17
4 14 4 7 8 3 1 2 5 3 1 4 7
1 2 7 3 2 5 15 3 1 3 15 15 4
5 6 4 12 7 5 11 6 3 5 3 18 1
5 1 5 6 7 2 0 12 3 7 13 0 10
3 1 9 2 2 1 18 14 15 9 14 15 9
0 3 2 17 3 1 2 0 7 6 9 9 15
15 8 7 9 3 8 10 13 1 8 3 10 1
3 2 1 7 3 1 8 5 4 5 5 3 3
7 12 8 4 2 0 3 1 3 5 9 4 6
1 5 4 6 15 19 6 4 15 2 14 6 6
0 7 6 10 3 7 13 14 25 5 4 5 10
7 6 2 10 7 7 11 4 1 5 3 10 3
4 2 1 4 10 7 6 2 0 5 3 4 2
6 12 6 11 9 18 19 2 11 8 6 12 6
1 0 5 3 11 20 18 12 3 12 5 2 2
1 1 4 3 9 4 6 0 12 5 9 0 9
3 1 0 3 7 2 1 7 7 8 3 4 2
3 7 1 3 2 6 0 1 1 4 1 2 4
4 2 0 2 3 3 1 2 1 3 5 2 10
5 11 16 14 3 4 12 2 13 10 5 5 4
5 16 7 6 3 6 5 1 2 5 6 8 3
1 7 0 2 3 5 4 6 3 6 5 1 5
1 4 4 0 1 5 5 3 6 2 10 4 3
4 6 4 4 3 2 2 1 3 1 2 2 1
5 3 2 4 3 1 3 1 7 6 4 6 2
2 1 6 6 3 4 5 11 3 1 10 4 0
8 6 7 15 3 3 11 2 3 7 14 4 1
6 2 2 0 5 0 2 1 4 2 0 1 8
2 7 2 8 1 7 4 6 4 10 1 3 2
5 6 1 6 12 7 4 11 6 10 6 1 5
2 3 1 7 1 4 5 7 2 5 2 14 15
7 6 3 7 7 1 15 1 7 0 2 6 1
3 2 12 1 0 15 2 10 2 1 15 7 6
14 1 7 13 10 9 15 0 1 1 1 7 8
14 8 4 15 1 19 3 8 5 6 3 4 3
10 5 7 5 1 12 1 1 14 21 14 9 1
1 6 1 4 3 4 3 13 11 1 3 10 4
1 7 5 5 10 13 3 3 4 0 7 5 3
6 1 3 0 14 7 8 17 6 10 2 4 8
6 16 6 2 6 10 4 4 8 15 6 12 8
3 3 7 5 13 20 4 4 4 4 9 0 4
5 2 0 16 8 1 1 5 4 9 6 2 7
2 3 3 4 1 5 2 6 0 0 4 2 0
2 0 0 7 12 5 10 3 1 1 1 6 17
10 13 5 8 1 15 5 22 15 7 6 1 4
4 18 9 6 13 6 8 9 0 3 1 10 4
7 7 6 14 3 9 0 8 2 7 17 8 2
4 0 2 3 4 3 3 1 5 11 5 4 4
5 1 0 8 7 1 9 1 1 4 8 5 8
19 1 0 9 0 2 11 20 14 1 19 4 5
11 2 3 8 3 12 0 3 1 13 11 8 5
1 5 4 0 14 3 7 13 2 7 3 4 14
11 5 11 10 7 8 5 1 3 3 15 3 10
1 10 11 6 3 13 2 11 3 9 6 2 13
13 3 2 9 5 6 5 2 12 7 19 7 3
5 9 3 9 1 9 7 3 6 14 3 13 11
14 8 0 3 16 0 3 11 5 16 3 0 5
7 8 12 3 7 17 8 4 2 1 4 1 4
2 1 8 2 8 0 5 11 7 1 0 4 3
2 16 15 6 9 8 8 6 1 4 0 15 1
5 3 7 11 3 13 2 2 31 5 10 4 1
7 2 3 4 8 1 3 16 7 11 0 3 9
0 1 1 4 9 5 0 7 0 2 4 8 2
7 0 1 0 4 1 0 0 6 0 1 4 3
3 14 9 2 3 1 6 3 11 7 2 0 6
2 9 4 4 5 3 4 4 2 7 9 8 4
8 11 2 6 9 2 2 0 6 12 3 2 6
5 3 3 1 0 1 2 5 2 4 5 7 1
1 5 11 4 2 2 6 13 3 8 1 15 10
1 4 2 1 6 1 0 4 1 7 4 1 3
4 5 1 5 9 7 5 3 2 4 11 5 4
3 3 10 6 3 1 2 15 1 5 15 4 15
9 2 14 18 4 4 7 1 12 8 9 20 2
18 24 0 7 8 1 2 3 1 16 0 3 16
1 7 0 1 4 8 2 4 4 1 0 7 4
2 2 0 4 8 7 1 6 2 2 3 0 5
2 2 10 7 2 6 15 2 1 1 8 9 6
2 3 4 0 2 6 3 3 2 5 3 0 1
6 5 4 5 6 9 2 9 5 7 0 11 1
11 4 0 6 7 0 10 12 3 6 4 13 2
7 11 3 8 5 12 14 3 7 2 0 4 1
2 7 3 4 1 3 3 2 4 1 1 0 1
5 11 7 9 5 8 7 3 10 5 8 0 8
17 7 5 0 7 1 9 8 15 1 9 7 10
1 4 3 1 3 6 2 13 2 1 3 6 2
1 6 3 1 2 0 0 5 3 7 5 2 1
10 2 5 7 4 16 2 2 19 1 5 14 1
1 5 6 1 1 2 1 4 0 0 4 2 2
5 8 1 15 10 8 5 12 12 12 6 13 14
13 2 11 3 10 6 1 3 4 4 1 0 13
0 2 4 3 5 4 0 3 12 1 3 2 9
12 2 8 8 2 5 3 7 3 9 5 6 9
2 0 17 5 3 6 18 5 18 10 5 19 3
3 4 8 6 6 2 6 3 2 0 5 3 6
2 10 5 2 3 1 15 1 4 9 1 1 4
10 17 1 20 6 8 3 1 20 7 5 6 7
11 1 3 3 5 10 1 19 7 9 11 15 4
2 3 9 6 3 11 12 4 9 3 3 13 17
3 4 6 2 5 13 7 16 3 2 3 5 1
1 7 2 0 5 4 1 3 4 5 1 1 2
5 4 8 3 1 5 5 6 4 6 2 7 9
0 4 20 9 3 9 3 14 6 10 2 19 13
7 6 3 6 6 11 6 5 8 5 9 8 5
6 14 5 9 16 8 3 2 13 2 9 2 1
8 8 0 3 8 3 6 0 5 23 10 5 14
13 13 11 2 1 11 21 6 6 1 1 6 1
2 2 4 6 6 4 2 2 5 4 3 3 0
7 7 3 3 18 3 4 10 14 2 9 5 6
0 4 1 4 5 2 6 7 6 4 2 4 4
6 4 1 4 2 3 4 3 3 2 1 4 2
3 3 4 7 2 3 1 6 13 10 3 2 6
9 2 1 3 4 13 2 9 2 11 5 6 3
2 2 4 0 1 2 8 2 1 1 5 0 11
10 3 4 1 3 3 2 6 5 4 2 3 2
1 9 17 8 2 8 3 2 3 3 6 4 25
2 5 4 3 0 8 15 3 2 0 11 18 11
4 2 1 6 3 3 1 5 5 5 1 3 2
4 3 3 12 6 3 3 1 0 2 3 4 2
5 6 2 11 6 2 3 7 14 6 8 6 1
1 4 1 2 7 12 3 1 3 9 13 2 1
15 1 13 3 8 15 4 6 16 13 13 8 12
0 8 8 15 2 7 9 7 3 9 2 0 5
4 2 1 1 2 0 0 9 2 3 3 4 1
10 8 17 15 7 10 2 12 8 17 2 13 1
7 21 2 10 13 6 10 5 15 0 0 6 13
3 12 1 2 2 9 18 3 4 16 5 14 9
1 20 10 5 5 5 3 8 9 20 6 1 8
1 13 3 1 6 10 4 9 12 3 6 11 4
4 4 4 4 6 2 3 2 3 1 2 1 2
4 4 29 4 0 4 18 11 9 3 2 5 6
4 10 2 7 1 9 2 5 1 1 2 2 3
2 7 3 5 3 2 2 8 1 4 5 7 7
0 5 10 2 1 9 9 3 16 10 8 14 12
5 1 3 9 4 0 3 4 0 1 8 5 6
13 10 4 1 7 3 17 3 11 8 1 1 19
7 5 18 3 14 20 7 14 6 8 9 2 1
4 1 2 13 11 2 4 10 3 5 5 19 14
6 11 5 6 6 3 1 12 2 20 4 1 8
3 3 7 1 9 1 5 2 2 4 9 2 0
0 2 2 2 12 4 11 11 3 1 4 4 7
2 4 8 6 9 16 2 6 4 4 7 18 10
0 4 0 6 0 6 2 3 1 3 3 9 1
6 3 1 0 11 2 0 2 1 2 3 5 3
4 9 3 5 9 2 5 3 1 5 1 8 3
0 8 1 4 0 1 2 2 1 0 4 0 1
8 6 2 3 0 6 5 1 3 6 0 4 4
9 1 8 6 1 0 4 12 5 3 6 5 1
17 0 9 8 0 4 6 2 1 6 10 10 4
0 3 4 2 2 1 0 1 6 12 13 1 9
1 8 10 7 14 5 3 11 10 5 10 21 5
3 0 1 5 2 1 9 4 8 8 1 8 0
0 14 4 2 4 5 2 1 12 5 8 4 0
2 1 3 1 3 0 0 3 2 4 4 4 6
2 1 0 1 5 3 1 7 7 1 3 2 1
2 1 2 3 7 8 4 6 2 4 6 7 2
13 14 5 8 6 21 8 0 0 14 7 2 1
15 1 3 19 4 4 1 6 9 1 19 4 4
20 4 10 5 13 7 6 11 5 1 3 9 8
2 14 15 11 20 2 3 9 10 3 9 9 5
14 6 12 12 0 16 1 6 14 11 0 12 5
16 7 11 6 19 1 5 3 6 11 0 0 1
2 1 4 5 2 0 2 5 3 6 1 4 2
1 2 3 0 7 7 2 2 1 5 1 0 8
3 13 10 6 13 13 18 13 0 16 5 11 4
2 19 1 3 14 1 14 4 23 10 6 1 5
0 1 7 1 0 6 4 1 1 9 4 1 0
6 12 10 2 2 6 7 1 1 6 1 3 3
12 1 5 10 21 9 23 4 9 9 5 1 3
3 2 6 1 3 0 4 3 3 0 6 1 6
8 0 7 12 6 3 2 5 2 22 2 4 12
8 6 2 13 19 14 12 9 2 15 3 17 2
2 4 1 0 3 1 3 3 6 3 4 1 8
19 4 2 11 13 9 4 5 6 5 4 9 16
0 5 6 4 2 9 0 0 6 1 2 0 1
5 2 11 2 8 5 9 0 4 6 5 8 4
20 5 6 1 15 4 16 2 15 8 8 12 7
7 1 14 12 5 12 2 11 9 2 11 9 4
9 20 2 4 6 4 14 2 7 6 10 2 9
2 3 1 2 7 1 0 1 1 0 7 3 1
9 10 7 7 23 4 8 7 7 1 4 3 10
1 3 11 6 9 13 7 6 3 1 4 0 4
10 1 2 2 0 13 5 18 18 0 5 5 11
0 4 4 2 9 0 3 3 3 4 0 5 3
7 5 7 5 5 7 6 9 0 3 4 13 9
3 1 1 0 5 5 7 0 0 2 4 1 0
4 2 4 17 0 11 12 15 7 6 7 10 15
7 3 4 2 5 1 11 0 4 11 3 5 13
4 4 0 3 0 5 3 2 3 5 3 0 0
0 3 5 5 6 4 10 6 5 6 4 6 1
18 1 7 12 9 2 6 2 5 8 4 7 18
5 12 13 0 8 14 10 11 9 10 6 1 12
3 14 3 11 2 9 10 8 19 4 3 2 3
7 2 9 12 6 17 5 9 3 11 24 2 11
9 15 8 12 17 1 3 7 5 9 7 21 11
7 1 4 6 6 11 19 6 0 0 7 3 8
9 5 15 20 2 14 8 14 12 6 3 5 4
1 2 7 2 1 2 3 3 10 9 3 2 2
7 2 13 3 4 16 2 3 20 5 0 2 8
6 7 0 3 4 1 2 4 4 2 3 1 2
15 11 8 8 0 8 4 23 13 4 10 9 8
6 7 8 1 5 7 7 2 1 3 2 7 8
2 0 4 2 1 4 2 6 17 4 7 11 1
7 1 2 5 7 5 1 6 2 7 8 1 1
8 3 4 4 5 3 3 3 1 4 7 4 6
1 16 0 10 4 2 4 0 25 5 6 1 15
7 4 3 13 3 5 2 0 14 15 2 6 7
7 9 14 1 23 3 6 17 4 0 1 4 1
7 6 20 6 4 6 17 0 1 1 4 8 10
10 12 4 10 7 11 2 0 9 5 6 2 12
21 13 3 3 3 6 7 2 9 1 10 12 12
1 4 3 2 4 0 2 7 6 3 1 2 3
14 19 4 7 14 3 3 2 10 3 8 10 3
7 2 1 1 10 0 2 7 1 14 4 2 3
2 1 2 3 5 2 10 5 3 13 1 9 6
1 13 14 18 11 6 1 9 14 12 3 4 15
2 8 5 12 0 2 18 9 7 6 16 2 14
8 5 8 5 1 1 7 2 3 2 1 3 3
3 2 7 5 1 5 9 14 20 6 5 12 12
4 13 3 0 5 9 1 1 11 2 2 12 0
12 6 3 8 2 5 11 3 1 7 11 3 2
14 13 9 12 5 6 10 18 3 3 10 5 8
1 1 4 8 0 0 0 2 2 1 2 1 6
8 4 4 16 1 1 7 2 21 0 10 5 4
2 15 0 8 13 8 5 2 1 10 14 16 6
1 2 2 17 4 5 2 3 4 23 7 19 15
10 3 11 5 2 4 2 0 4 1 9 6 3
8 12 10 12 7 1 5 10 3 4 17 15 3
18 4 4 9 5 10 1 5 13 3 8 9 14
1 11 7 0 6 2 3 6 7 7 1 4 17
5 4 1 1 0 2 5 1 1 0 7 1 1
16 6 8 14 6 7 7 3 15 7 7 5 3
5 2 7 5 6 8 2 14 4 8 3 2 5
2 1 9 5 10 1 2 6 13 23 5 2 13
3 18 9 0 15 3 5 16 10 4 10 10 7
13 5 8 5 2 4 6 10 12 1 2 7 1
0 7 6 1 6 11 2 1 3 6 1 9 3
7 3 7 4 7 3 7 13 12 2 11 2 5
1 7 5 10 2 12 8 9 7 9 20 12 9
5 10 6 10 5 2 4 5 8 0 4 8 1
2 11 13 11 15 2 8 4 18 6 4 7 9
2 30 4 0 14 1 3 6 11 12 1 1 9
4 18 6 17 3 3 8 2 5 8 7 4 7
0 6 13 12 3 8 5 2 12 2 10 5 11
3 4 4 4 4 2 3 5 0 6 2 5 4
3 7 3 1 2 6 3 3 4 1 2 2 1
2 5 0 7 1 2 2 2 4 6 2 1 2
5 1 0 2 9 12 9 21 6 15 11 6 18
10 12 5 15 2 18 4 9 6 7 4 4 5
2 15 7 3 4 12 1 2 15 14 1 6 16
7 2 7 3 2 25 0 5 6 7 5 1 0
3 17 1 16 9 1 11 8 1 5 6 13 12
3 2 5 6 23 2 3 3 8 12 11 22 2
0 6 2 1 10 10 5 1 8 2 8 4 10
2 2 0 2 3 1 8 11 3 0 2 0 2
6 6 4 3 6 1 3 1 1 6 4 0 5
12 5 9 8 0 6 5 3 2 1 11 16 22
5 5 6 5 14 3 6 4 0 9 4 2 16
0 10 2 19 3 8 13 2 8 2 8 7 7
8 4 5 5 3 4 0 2 1 2 7 1 4
5 9 12 0 1 7 5 2 9 6 2 6 4
2 4 6 0 4 1 8 14 7 8 10 16 11
2 8 1 1 6 10 2 3 3 5 5 1 7
10 8 16 11 0 11 10 6 1 9 5 4 2
3 2 11 8 7 0 9 4 3 17 2 2 8
17 3 9 5 5 19 3 4 7 7 8 2 4
11 3 22 1 8 12 1 10 3 4 18 6 13
2 3 5 5 2 2 1 1 3 1 4 2 4
5 13 5 7 2 3 3 2 6 6 7 5 5
1 2 8 5 6 0 3 0 1 5 4 3 3
7 1 7 24 12 10 15 2 0 4 6 10 10
2 0 2 1 1 2 4 4 1 0 0 7 4
7 0 1 6 15 6 6 12 11 18 20 2 5
2 19 5 8 3 4 1 2 6 19 21 0 7
0 6 3 11 10 12 4 0 2 9 8 16 3
24 2 6 1 14 12 11 9 7 12 7 4 6
7 2 2 7 5 10 0 0 1 7 3 1 2
5 2 2 1 5 4 4 2 0 5 4 4 3
1 2 3 0 3 1 7 5 3 5 3 4 3
0 6 2 1 5 2 6 5 7 3 5 1 10
0 1 4 1 5 2 1 2 3 2 3 2 8
10 11 10 19 13 7 11 1 5 0 8 8 2
11 10 1 6 11 15 11 8 3 5 2 1 5
1 4 5 6 1 9 7 2 13 1 4 9 15
9 0 15 4 1 0 1 19 9 8 3 4 5
11 9 15 13 6 2 7 6 10 13 15 4 14
9 5 4 4 1 3 5 11 25 1 6 6 4
2 9 1 1 3 1 3 2 7 1 2 2 3
8 9 8 1 18 1 17 2 7 9 4 7 8
7 6 3 9 4 8 1 3 2 1 6 1 5
16 11 10 1 9 3 4 0 7 6 3 4 4
5 2 0 1 12 11 6 6 12 6 3 6 2
22 4 8 0 15 2 15 12 6 3 0 2 5
12 4 5 17 1 7 4 3 5 4 7 5 4
2 3 9 4 11 2 10 5 11 3 3 1 0
3 5 5 8 4 2 8 5 6 2 0 4 6
12 1 1 11 2 1 2 1 2 3 2 6 3
5 5 11 8 4 7 7 4 12 8 3 2 6
6 6 11 0 5 20 3 2 13 5 22 6 10
0 1 1 0 8 11 2 3 2 2 3 9 4
13 25 2 8 1 8 3 3 13 9 2 7 16
0 9 5 16 8 3 4 4 10 16 4 3 8
3 3 3 2 4 5 3 0 4 4 0 0 2
13 0 2 5 4 3 14 3 4 6 15 2 0
4 6 3 12 6 8 3 7 3 0 5 1 11
8 0 9 22 0 1 10 8 10 6 13 3 8
9 14 2 5 2 8 1 4 2 5 11 5 4
1 3 2 8 16 9 2 5 0 4 5 3 3
10 3 15 3 12 0 13 2 0 5 1 3 6
0 15 7 5 7 6 19 8 4 18 8 12 15
13 3 9 9 12 4 2 11 5 9 1 3 14
8 4 8 9 0 2 8 1 3 14 2 5 7
3 1 3 2 2 1 7 1 5 3 1 1 2
5 4 3 5 1 3 2 4 1 1 1 0 2
4 7 3 4 11 0 7 8 6 11 5 15 0
13 14 4 13 11 13 5 1 1 7 3 22 10
6 21 4 0 2 10 0 7 3 5 2 4 12
2 1 4 1 0 1 0 7 0 4 5 0 0
9 18 3 14 3 1 1 7 4 9 10 2 1
7 2 11 7 9 4 3 10 3 10 13 10 3
2 5 5 3 2 4 3 8 15 24 3 13 8
14 3 5 5 12 4 8 2 6 2 1 6 3
5 11 8 4 9 6 6 9 12 4 12 4 1
2 3 2 5 1 4 3 5 4 1 6 2 1
15 3 2 5 1 5 4 5 7 1 7 20 13
2 2 5 2 1 3 6 2 5 0 7 2 0
7 13 2 3 1 3 6 10 12 2 3 7 9
6 11 9 1 18 3 11 4 12 3 15 11 19
1 2 10 10 9 0 2 12 1 15 8 1 9
4 5 4 2 10 5 13 4 9 25 20 4 8
1 2 1 0 3 7 4 1 5 5 5 4 2
3 2 3 3 3 6 1 8 6 1 10 8 0
3 3 2 6 3 4 0 2 5 4 0 7 1
4 5 0 1 2 1 5 2 1 1 7 1 10
9 1 3 17 9 5 2 7 8 2 3 3 9
8 0 4 6 0 15 3 7 5 2 6 12 10
1 3 2 3 1 5 4 3 8 7 9 3 0
7 0 11 11 4 4 4 1 4 0 11 3 5
3 4 1 7 4 4 4 0 2 2 5 0 1
8 5 6 4 9 5 1 5 4 3 7 2 5
0 1 10 3 3 5 14 9 1 7 11 2 5
4 3 2 6 7 1 9 1 5 0 1 1 3
1 10 18 2 2 2 6 4 6 7 3 1 1
2 0 2 7 1 6 3 10 2 3 7 10 2
8 10 3 1 4 4 7 0 7 10 24 13 11
1 5 2 2 4 1 5 8 2 1 0 5 5
1 4 7 8 0 1 5 3 1 9 4 10 4
5 5 3 6 9 10 2 2 6 4 6 1 5
10 4 1 8 1 1 5 6 8 8 5 4 18
6 7 13 9 5 4 3 9 8 8 4 3 5
4 0 9 2 11 11 5 1 1 4 12 14 0
3 2 2 5 3 5 2 2 2 1 4 5 1
12 3 6 16 8 14 16 10 5 19 2 7 3
5 0 4 4 13 4 5 1 3 2 0 8 2
15 15 3 6 8 13 11 3 0 9 6 3 4
10 13 3 1 5 4 1 2 3 1 13 3 4
6 3 0 11 6 0 0 5 10 1 1 7 5
5 6 2 3 0 3 1 2 8 1 0 1 9
11 2 11 11 1 7 4 12 4 5 7 19 6
2 17 2 5 3 2 8 2 26 2 1 6 1
8 0 1 4 3 3 0 4 0 0 3 4 4
6 23 2 8 6 5 6 3 4 15 8 9 6
6 4 1 7 8 5 6 0 8 6 22 15 2
2 9 8 26 3 5 1 3 23 12 4 3 6
3 3 16 9 3 4 10 3 15 9 4 12 12
5 2 5 1 0 1 1 1 7 0 3 0 2
3 1 5 8 7 2 5 6 2 4 1 2 7
1 4 7 1 13 7 3 0 4 8 0 7 8
0 4 3 11 5 7 6 9 6 0 9 2 8
3 7 2 0 1 2 2 2 13 2 0 7 5
2 3 4 3 1 2 4 2 3 5 5 3 3
20 6 4 17 1 11 5 6 4 7 3 8 10
0 8 10 10 2 22 3 10 2 7 3 5 4
1 7 5 1 2 3 6 1 9 0 6 3 7
8 2 1 2 2 4 1 6 3 1 0 2 2
14 9 6 3 4 3 2 17 1 1 4 4 7
7 1 3 3 2 2 3 2 0 6 6 3 5
1 0 1 3 2 4 5 2 1 4 4 4 3
2 14 7 4 8 6 6 3 8 6 0 10 4
6 2 4 3 7 4 4 3 0 5 7 2 2
3 9 1 8 4 3 6 1 3 1 10 0 3
4 9 1 2 1 8 2 0 2 8 4 3 1
3 1 3 3 2 5 3 1 1 4 0 2 3
6 0 2 9 7 8 3 2 4 4 2 5 4
20 1 7 5 17 4 2 5 13 2 12 1 4
1 3 4 3 2 1 2 3 1 1 3 6 4
8 1 18 0 2 2 3 4 10 5 6 5 8
4 2 0 3 3 0 4 4 3 1 4 3 2
13 1 1 7 6 3 5 8 15 19 1 8 12
2 0 5 5 1 3 1 4 2 5 13 3 1
5 14 5 1 1 5 8 5 3 8 4 3 9
23 12 2 10 3 12 11 1 2 16 0 12 6
9 5 4 1 9 8 7 2 1 0 0 2 1
1 22 8 4 16 0 2 10 10 16 7 8 6
3 4 3 2 8 4 1 6 7 10 10 0 4
2 3 2 6 2 2 4 1 1 8 4 4 4
5 7 2 1 6 7 14 6 7 1 7 2 4
4 1 2 3 8 1 3 3 2 1 1 2 1
4 2 2 1 3 3 1 0 4 1 5 3 3
12 4 7 8 5 8 2 8 10 5 2 5 3
8 17 10 3 4 10 5 7 0 12 7 3 7
2 9 6 2 2 4 1 0 4 3 1 5 2
2 7 5 4 0 0 2 0 8 1 1 7 4
9 6 7 2 4 1 8 8 8 7 3 0 2
4 19 9 12 10 0 21 9 12 8 1 5 9
4 4 8 1 5 2 5 2 2 1 2 6 4
7 1 6 7 5 15 9 9 7 8 13 1 11
1 3 2 1 6 7 3 2 3 2 9 9 6
8 0 7 12 1 1 2 5 7 6 1 0 3
2 8 1 3 6 3 6 6 5 9 2 5 13
8 4 19 16 6 8 8 4 2 13 11 11 12
1 3 0 12 2 17 16 5 10 26 0 1 7
2 1 5 3 3 2 5 2 6 2 0 1 2
3 4 0 4 2 4 6 12 2 5 5 0 4
6 2 1 0 7 2 4 2 4 2 2 8 2
6 3 4 2 5 8 10 5 5 6 7 1 4
3 1 1 1 2 1 6 7 3 3 3 5 8
9 8 8 6 1 7 1 10 1 0 6 16 7
3 2 1 4 9 0 3 1 3 2 5 1 1
8 2 2 4 1 1 2 3 3 4 2 1 3
12 1 3 7 2 5 5 1 6 7 1 1 3
15 7 2 1 6 3 9 11 8 1 10 15 13
17 8 5 4 10 2 10 10 2 1 7 2 18
5 0 0 7 3 15 10 7 2 2 2 3 3
10 10 12 13 12 11 0 2 10 11 5 8 17
0 5 6 4 5 5 4 2 8 6 0 3 0
2 0 3 4 0 16 1 4 3 3 6 9 1
1 4 1 0 2 3 14 7 15 2 4 3 6
3 9 15 12 7 12 13 5 7 0 5 1 16
8 13 0 1 1 14 5 1 17 9 14 1 13
5 1 1 1 2 3 4 1 4 7 2 1 5
1 9 5 6 2 10 14 15 17 17 3 8 3
4 3 0 1 0 1 5 2 1 2 6 8 2
22 3 3 4 4 2 12 1 11 5 1 14 14
4 3 6 5 11 4 9 5 5 5 19 10 7
7 12 1 7 13 2 6 6 3 1 8 5 10
6 9 5 13 5 6 10 1 3 12 27 13 0
1 7 16 14 10 9 11 0 1 6 5 0 8
10 11 0 8 15 7 7 21 3 6 6 0 13
6 5 8 0 6 3 10 3 1 2 5 17 4
0 4 2 2 1 5 4 4 4 5 12 10 1
3 10 1 11 14 5 2 7 1 2 9 10 1
12 3 4 2 0 12 5 2 1 7 4 1 0
7 18 7 5 8 12 0 12 0 6 7 3 23
20 3 6 11 5 1 8 18 3 19 4 3 7
8 4 3 4 9 12 3 2 0 3 13 4 3
4 1 6 6 0 4 0 0 0 4 4 2 4
0 16 4 1 10 10 17 17 8 5 0 12 1
2 2 1 1 5 1 0 1 4 5 6 1 0
6 11 1 5 5 5 3 3 0 10 4 4 9
1 2 1 2 1 2 0 6 2 4 3 0 6
1 2 2 6 1 0 1 4 4 0 4 4 3
2 3 3 1 5 2 4 1 0 4 4 7 4
13 4 16 14 2 1 14 11 5 8 1 17 10
6 8 0 5 1 3 0 5 3 5 6 5 5
0 0 10 11 2 5 7 0 4 1 1 3 12
9 0 8 7 8 1 9 3 5 7 6 5 7
3 0 4 3 5 2 1 5 1 0 1 5 9
2 3 7 2 1 2 0 6 5 5 4 7 2
23 8 1 2 1 2 0 14 2 2 2 9 20
5 11 3 6 6 8 22 14 7 8 4 7 5
0 2 2 9 6 3 2 7 6 3 2 4 2
2 1 9 2 3 0 7 3 0 8 5 0 5
2 3 2 5 5 1 7 4 0 5 2 6 2
7 3 2 6 1 8 6 2 4 5 1 3 1
1 4 24 12 7 3 6 14 7 15 8 8 3
1 1 2 9 10 6 3 13 1 4 2 2 9
5 1 2 8 4 0 0 1 4 2 6 6 5
13 3 0 6 3 6 12 4 12 9 8 12 10
1 2 7 1 0 10 4 1 2 0 8 1 3
12 16 1 0 11 6 14 2 3 2 13 4 6
4 6 0 2 4 1 5 9 14 3 6 3 0
18 6 1 15 1 2 6 18 4 13 9 5 9
14 7 5 4 6 15 15 1 15 15 15 12 1
19 7 3 5 13 12 7 4 1 12 9 0 20
2 1 4 2 0 3 3 2 2 5 3 2 11
4 4 12 9 2 7 9 7 12 3 6 4 7
6 5 3 15 6 8 8 9 2 15 1 0 9
0 0 1 3 0 4 6 1 6 2 9 3 6
18 5 12 4 3 0 2 13 4 1 11 1 6
8 2 10 1 15 14 2 9 1 13 3 5 5
12 7 2 5 2 1 3 3 4 5 3 2 3
6 3 5 9 15 2 13 6 8 9 13 16 3
2 9 8 13 6 7 1 14 6 3 6 10 6
2 6 4 6 1 0 9 2 0 3 0 5 2
3 1 4 4 1 1 3 3 1 3 5 5 1
22 5 5 12 10 3 12 4 1 8 2 24 4
3 10 2 4 13 10 8 11 9 8 6 4 8
3 5 13 5 2 4 5 5 14 3 14 6 9
1 4 14 2 1 2 2 7 2 0 4 1 2
10 2 7 12 14 2 11 1 10 7 6 7 1
3 11 9 17 5 19 5 5 6 5 12 2 10
6 3 0 1 12 1 8 2 3 10 11 5 4
1 9 11 11 4 2 1 6 8 2 2 7 8
2 2 7 4 7 5 6 2 3 2 10 1 4
1 2 3 4 16 3 13 0 6 7 3 4 19
12 3 9 1 3 6 10 14 8 15 9 10 18
5 6 1 4 4 2 0 4 3 1 2 4 1
6 4 19 1 4 2 10 5 6 1 6 2 1
3 7 7 3 1 11 6 5 6 20 4 14 4
0 1 13 6 1 2 10 14 13 0 20 0 15
2 3 3 4 3 8 2 1 4 2 2 1 1
6 6 5 18 14 19 11 2 3 6 4 2 0
7 7 1 8 2 2 4 11 17 13 1 10 4
2 3 2 3 6 4 27 3 9 12 3 11 2
4 3 8 6 3 9 2 11 6 7 13 8 6
4 7 7 7 11 1 8 0 9 4 8 10 5
6 10 12 5 2 1 3 3 6 2 5 1 4
5 0 4 2 6 2 4 7 2 4 3 1 2
3 1 5 0 4 3 7 3 6 0 2 4 1
9 10 6 2 15 1 7 10 7 16 6 15 8
2 3 5 2 3 3 4 6 1 8 5 3 1
2 0 2 4 2 2 5 18 2 2 4 1 3
22 0 5 17 0 13 2 7 8 5 1 1 2
1 1 5 1 2 4 3 1 7 5 2 5 3
7 0 7 9 2 1 2 2 8 0 3 0 1
0 1 4 5 1 3 4 2 7 4 7 1 0
13 6 7 6 15 14 7 1 11 0 2 2 6
7 6 4 2 6 7 4 7 7 13 4 5 3
17 17 3 3 1 5 3 18 11 0 16 5 8
5 10 0 5 2 3 2 5 6 24 3 13 7
6 8 6 4 10 2 15 3 7 10 17 10 11
19 8 10 3 7 1 0 10 13 11 4 1 9
2 2 8 5 9 4 13 3 0 5 2 6 7
9 14 6 10 4 1 1 9 8 20 1 0 20
16 3 3 9 1 8 2 9 9 7 2 9 8
15 6 16 2 4 8 6 3 2 9 9 11 1
9 2 1 3 2 11 0 2 6 2 1 6 2
3 6 1 1 2 2 6 2 2 4 0 6 0
4 1 5 9 14 7 11 0 12 1 13 17 4
9 9 8 5 17 2 20 3 5 15 4 5 4
3 1 6 0 9 4 9 2 10 4 7 0 1
2 1 3 3 9 15 0 3 16 2 2 0 7
0 5 9 1 3 3 6 3 6 2 1 0 7
4 6 4 0 5 5 6 6 9 2 5 1 7
10 4 8 6 1 3 1 6 4 1 4 6 2
5 2 1 5 2 5 14 7 13 12 11 6 8
10 12 11 1 2 4 15 0 2 23 0 3 0
9 3 6 2 2 1 6 13 9 11 5 5 3
1 3 6 5 0 5 14 14 5 6 16 1 2
7 23 2 7 3 4 18 15 5 7 2 17 3
3 1 0 4 0 7 9 0 1 2 3 3 5
2 2 4 2 2 3 2 0 7 2 6 2 1
5 2 9 15 1 3 2 5 8 7 10 11 16
0 4 1 2 4 3 0 2 1 2 2 6 2
1 5 5 1 5 7 1 8 1 0 5 8 7
10 13 9 9 9 6 12 7 21 5 2 11 10
4 9 7 2 10 1 1 14 6 2 14 4 12
5 2 1 15 4 8 13 10 6 17 0 17 16
8 8 3 6 2 1 11 2 7 12 6 5 2
2 1 14 23 2 4 13 9 6 1 14 14 6
1 8 4 3 0 7 7 10 3 3 1 9 1
2 2 11 8 8 3 7 17 4 8 2 7 11
7 2 7 4 7 5 1 6 7 3 4 9 2
3 7 11 1 5 5 9 8 4 7 4 5 2
6 3 12 15 11 20 3 6 4 1 0 2 2
12 14 11 11 5 12 6 13 6 1 20 4 8
1 1 20 9 9 8 9 2 5 2 14 0 11
3 4 4 0 0 0 7 5 10 0 6 3 6
8 9 7 0 5 4 6 5 7 3 6 1 4
7 4 4 5 2 2 5 2 7 7 5 2 0
3 10 2 11 6 1 5 1 1 6 11 2 4
3 2 0 2 1 3 7 2 7 1 3 4 4
2 7 10 5 0 4 1 2 0 2 3 2 1
0 3 4 2 3 1 6 1 1 8 1 5 0
8 8 4 2 3 1 11 8 7 12 7 8 11
1 1 3 5 20 3 0 4 2 2 2 7 3
22 5 0 16 4 3 3 5 4 9 6 3 3
4 2 4 2 2 8 4 7 0 2 3 0 1
8 3 1 3 5 1 3 4 4 1 6 2 2
1 4 1 0 0 1 9 2 1 2 0 4 0
5 2 3 3 8 1 5 4 6 0 10 5 4
15 2 3 4 6 8 13 3 7 4 5 5 0
12 4 11 1 6 5 9 1 7 12 1 3 1
8 7 9 0 5 5 11 6 5 5 3 8 6
0 5 6 2 11 3 6 3 3 2 8 3 6
5 2 4 1 4 4 0 3 7 5 0 2 2
4 14 10 5 7 15 1 2 3 4 2 13 20
8 11 1 5 5 2 3 5 9 1 11 1 7
5 7 2 9 1 18 1 11 6 19 11 18 1
13 1 2 6 5 0 8 1 1 0 6 5 16
4 0 1 4 2 4 6 1 1 2 1 0 4
3 0 8 4 3 3 22 3 19 2 1 0 10
2 3 6 16 6 5 15 9 10 12 1 0 18
1 2 1 0 1 1 4 1 4 9 9 2 1
4 8 8 10 2 4 1 6 1 1 2 4 9
10 18 11 5 2 17 16 1 10 8 4 9 2
5 6 5 1 3 6 5 10 2 3 4 2 3
18 1 14 6 5 15 8 6 15 15 4 4 7
4 2 4 3 5 12 2 5 7 7 10 12 13
3 3 12 5 3 5 2 1 2 1 4 2 7
1 9 5 2 0 3 5 2 5 4 5 7 10
7 1 7 14 4 4 7 2 3 4 6 5 0
4 11 11 12 8 1 9 2 2 3 0 3 1
5 1 0 4 2 6 3 2 0 3 5 4 9
18 18 3 5 2 17 16 3 3 2 8 9 6
1 4 4 0 1 3 3 2 4 4 0 7 6
2 16 9 5 2 1 8 15 1 5 12 11 6
0 9 1 4 2 4 1 2 8 11 7 2 9
0 2 0 3 5 4 5 3 4 2 3 1 0
8 0 3 2 20 16 8 17 5 3 15 2 3
8 22 1 5 3 2 9 8 8 11 5 4 3
2 1 5 7 22 8 7 6 7 2 18 2 15
9 1 2 3 1 5 2 2 6 8 7 3 1
1 18 14 4 8 3 3 5 1 5 0 1 3
5 4 1 5 2 4 5 0 1 7 10 3 5
2 0 8 1 6 4 0 12 4 5 5 1 3
5 5 13 9 2 19 1 8 8 13 7 8 9
3 6 1 5 14 20 2 9 14 3 1 7 6
5 1 1 1 9 1 3 3 2 2 2 1 0
13 8 11 2 2 22 3 13 6 11 5 11 4
8 13 13 5 1 2 9 0 7 5 3 10 10
10 4 6 8 11 2 5 0 18 1 1 1 9
9 0 16 12 7 3 1 2 6 7 1 18 21
17 1 8 9 7 13 16 11 8 7 10 6 13
3 1 0 5 0 4 0 1 2 4 3 3 5
8 8 0 20 10 14 6 7 2 3 6 2 12
5 4 5 8 5 13 4 4 7 13 2 1 2
5 3 4 1 11 3 1 6 3 9 2 5 4
9 5 1 1 0 12 17 8 15 1 6 13 21
7 1 2 1 3 4 0 5 3 4 8 1 1
9 5 14 0 8 3 3 12 2 13 9 3 1
2 1 2 2 1 4 2 2 6 3 1 6 3
13 15 6 5 3 4 14 8 2 6 6 6 10
3 2 1 7 7 13 15 1 3 3 2 13 6
8 2 1 1 2 9 1 1 4 0 4 7 6
5 3 3 3 5 2 4 5 2 6 2 2 0
14 1 13 2 18 13 4 9 3 7 15 1 4
2 7 9 1 9 5 0 1 2 2 6 4 1
2 19 6 16 14 16 2 7 2 7 4 16 7
5 11 16 8 12 6 13 2 9 2 12 15 2
6 6 6 5 6 3 12 13 5 13 2 8 6
3 6 14 4 0 5 6 18 11 2 24 5 3
6 5 9 0 3 2 2 13 2 2 0 8 18
1 1 4 1 4 2 3 1 5 5 4 3 1
15 15 15 12 9 1 4 5 10 14 12 3 9
1 2 8 3 11 3 5 2 7 11 8 7 6
2 1 3 13 0 4 3 12 2 3 2 4 4
10 5 2 2 8 4 1 3 7 4 0 1 4
9 5 5 10 10 4 1 2 3 3 19 14 12
1 4 4 9 1 1 2 8 3 2 2 1 1
10 6 6 9 12 1 6 7 14 10 6 11 11
6 9 9 1 0 9 4 5 3 2 3 1 1
4 5 4 7 5 2 1 4 1 3 2 1 5
0 1 1 1 1 5 1 3 8 0 2 3 1
7 2 1 2 2 2 4 6 2 4 13 2 6
8 1 2 9 3 17 0 9 0 10 17 6 12
6 3 4 7 6 3 0 1 2 4 1 10 4
2 3 7 4 4 10 1 6 3 4 7 1 3
25 20 1 4 12 6 3 9 2 12 8 5 2
2 3 6 1 4 11 5 3 1 0 1 10 2
4 8 16 1 18 13 1 1 2 19 2 6 18
9 4 5 9 1 4 3 7 1 2 6 5 4
1 2 7 3 3 10 6 9 3 4 5 2 9
6 5 3 12 5 4 2 6 1 5 1 6 9
4 5 10 3 0 10 1 8 1 2 4 10 0
6 9 4 9 6 3 1 8 9 4 4 12 10
1 4 2 14 0 2 1 5 1 2 2 7 13
1 1 4 5 0 2 1 3 0 1 6 4 1
4 1 19 0 1 6 5 9 4 17 3 24 10
10 7 2 3 6 7 4 7 14 6 4 2 1
5 2 8 0 2 1 8 5 8 2 8 16 1
10 5 6 2 1 26 6 13 15 11 8 1 1
2 5 8 7 8 7 9 7 3 7 5 4 1
2 14 3 12 0 3 9 3 15 11 0 7 6
4 9 2 5 5 13 8 21 13 6 5 9 18
2 3 5 5 6 15 1 1 5 4 1 0 1
8 7 5 6 9 12 3 6 26 5 6 7 7
2 1 8 1 4 1 3 1 2 1 1 3 6
3 7 16 8 3 4 10 11 1 4 10 1 3
15 1 2 2 8 12 5 2 11 10 9 1 1
4 4 1 5 3 6 6 5 1 7 0 1 4
4 5 3 6 3 11 6 1 2 1 1 3 2
2 4 1 4 2 2 7 0 8 6 2 0 4
8 6 4 7 16 8 14 5 4 10 12 5 7
9 8 0 14 6 0 11 10 8 5 9 6 6
2 1 0 1 5 4 6 6 5 1 3 4 1
2 4 4 4 3 11 6 6 8 2 3 2 10
1 16 9 0 19 7 12 2 5 1 8 7 2
6 0 10 14 4 9 0 4 4 6 4 2 12
6 16 1 2 8 11 4 2 7 20 13 10 10
0 1 0 3 4 3 7 7 15 9 2 7 8
1 11 8 4 2 7 13 8 10 3 5 6 1
2 23 16 10 7 7 6 9 5 2 6 3 3
2 3 5 4 6 9 8 11 5 1 1 13 1
23 2 9 5 3 14 9 3 15 15 4 5 1
2 0 9 5 4 1 1 2 4 8 5 0 2
5 5 9 4 10 5 10 10 5 24 10 3 0
1 1 3 2 9 2 2 5 5 2 1 7 2
6 5 0 2 15 2 12 12 0 11 14 5 12
2 10 9 11 3 3 2 3 3 2 15 5 1
1 3 4 2 19 0 25 9 6 11 5 7 10
4 7 2 1 8 6 2 4 4 5 0 5 1
10 2 3 19 7 14 2 3 5 16 6 17 2
15 9 14 6 8 5 9 3 1 1 8 3 2
7 16 0 8 2 6 1 3 5 5 0 2 2
4 2 5 1 0 3 1 2 1 4 3 3 5
9 6 3 4 2 3 1 0 4 1 3 12 1
16 10 12 4 7 1 13 4 8 2 2 0 0
3 7 2 3 6 1 1 5 3 8 5 8 4
2 6 5 5 4 1 1 2 3 4 4 5 0
5 0 0 6 3 10 3 3 3 12 0 1 2
5 0 1 6 6 3 10 4 1 5 5 4 11
4 19 1 14 18 0 4 10 14 3 4 7 12
8 5 13 5 15 0 8 18 6 4 1 5 6
2 0 2 2 3 4 5 0 3 5 1 5 0
10 3 19 3 9 5 2 6 7 1 20 0 15
7 4 2 8 4 9 3 0 10 1 4 0 0
9 18 6 23 0 1 9 2 0 14 6 1 9
2 1 3 7 10 2 8 9 3 4 15 5 5
12 2 15 7 1 2 11 9 14 9 4 1 11
4 4 3 13 8 5 0 5 6 3 1 2 3
2 1 7 2 8 7 3 4 4 7 1 1 0
5 1 2 6 5 2 3 3 4 2 6 3 5
1 1 21 14 5 2 1 4 13 11 10 7 15
13 5 3 4 2 3 9 1 12 15 19 4 6
8 1 0 3 7 5 1 2 4 10 2 1 6
4 8 8 16 1 6 2 2 9 14 3 11 9
4 3 1 2 1 0 1 1 1 2 12 1 0
4 19 7 12 1 8 3 4 1 11 14 1 18
4 0 1 6 5 4 7 4 5 8 1 0 4
13 8 3 10 3 10 9 2 5 8 8 10 0
2 9 9 2 3 7 4 7 1 4 3 7 6
4 1 1 0 1 3 6 3 0 4 4 5 5
1 1 8 1 5 2 2 1 2 2 0 6 7
2 0 7 4 3 4 2 17 5 1 5 2 1
6 4 2 2 2 0 3 9 8 12 3 4 7
4 6 2 3 7 4 3 1 5 11 6 16 10
3 0 2 1 2 7 1 1 2 9 3 2 5
1 6 8 4 3 1 1 2 0 5 8 3 4
8 13 6 7 1 7 5 5 1 4 3 2 3
1 9 1 6 3 6 2 8 10 2 7 2 10
12 7 3 3 7 2 8 8 4 7 7 2 6
3 5 3 1 2 2 5 3 2 1 7 2 1
1 10 1 2 6 3 1 0 6 11 8 1 8
4 1 8 2 3 7 6 5 4 1 5 5 0
11 5 1 2 4 1 1 6 11 17 9 7 2
8 2 11 12 5 6 2 2 10 2 13 4 1
1 0 0 4 0 1 3 0 5 1 7 1 3
2 7 7 3 3 0 4 1 5 11 1 5 4
8 1 4 6 6 5 7 2 2 10 3 5 5
11 0 3 8 14 6 4 4 1 3 0 5 2
1 2 8 4 5 3 7 0 4 0 3 3 8
2 4 3 2 2 3 3 4 1 1 5 1 12
3 2 8 2 3 9 0 1 4 0 4 1 5
1 8 1 0 1 0 2 2 4 1 5 3 5
3 0 6 1 2 2 4 1 2 1 4 3 4
3 16 15 8 5 4 20 2 3 9 0 8 6
1 3 3 2 8 16 3 2 3 4 5 7 2
3 8 4 9 3 6 4 4 16 5 13 16 9
5 5 10 13 13 9 5 7 11 1 25 5 2
0 4 2 4 3 7 0 1 1 1 4 7 7
0 4 1 0 6 13 10 8 7 1 9 3 4
11 3 10 4 8 1 7 1 5 3 1 10 6
0 9 5 5 9 11 5 4 0 8 2 10 0
15 0 4 3 1 2 4 4 4 2 4 3 0
25 9 6 9 2 8 2 9 3 10 10 9 5
4 12 10 7 7 7 4 3 9 3 10 1 1
1 4 4 2 2 5 0 3 1 5 2 3 2
19 5 8 4 11 2 1 8 2 4 1 16 0
3 0 11 12 5 13 1 6 8 3 14 2 7
1 15 9 1 18 7 11 1 1 3 3 10 15
1 8 4 2 1 3 5 4 2 2 0 3 2
5 8 11 8 7 14 5 9 3 25 1 17 2
3 19 9 0 11 10 6 6 3 10 8 2 3
4 3 4 8 0 6 3 0 1 1 6 2 4
11 6 6 7 22 9 3 4 8 0 6 8 6
17 6 6 9 9 12 3 18 11 4 14 4 7
0 1 4 1 6 4 3 4 4 6 7 4 2
13 5 2 4 11 19 8 5 13 1 2 21 7
1 4 4 0 7 1 10 1 1 11 3 2 6
5 2 5 6 5 2 1 6 9 2 5 2 11
5 0 2 9 14 6 9 2 2 2 4 7 6
6 5 1 11 5 2 4 1 0 2 8 3 7
4 1 7 0 0 5 2 2 4 7 0 3 2
8 6 2 11 10 15 3 1 4 8 4 11 19
2 0 6 4 1 6 3 8 9 2 2 12 1
10 0 3 4 22 6 0 3 3 6 8 4 5
5 0 7 1 7 1 13 6 17 5 1 2 12
12 8 2 4 14 14 1 1 10 5 1 8 3
2 1 2 3 1 4 4 6 2 9 2 1 3
3 11 1 12 17 14 2 1 0 13 12 12 17
8 12 9 1 8 10 6 5 8 2 6 3 5
1 0 2 2 4 2 3 11 12 5 12 5 0
5 2 1 4 8 6 5 5 5 3 1 5 2
2 6 3 1 4 3 8 7 4 4 9 1 3
1 5 1 1 3 6 7 0 8 2 2 4 1
2 9 12 7 5 8 8 8 3 6 3 0 3
6 4 6 4 13 5 14 6 7 4 5 4 1
8 3 1 0 3 2 4 3 2 3 2 0 3
5 9 10 5 2 7 8 11 10 9 3 4 6
9 9 5 9 5 6 7 7 21 5 14 5 1
0 8 18 14 0 4 23 3 1 14 11 9 4
4 9 21 7 8 9 2 10 10 6 0 10 7
5 4 3 0 8 18 14 24 2 2 2 16 8
3 3 4 0 2 2 6 14 3 4 7 0 3
4 1 2 2 4 1 0 2 1 2 4 4 3
11 19 5 16 6 2 6 1 1 3 1 4 2
4 9 13 3 18 10 0 1 0 14 5 6 13
2 3 11 10 1 15 15 8 3 4 7 7 5
3 0 0 2 6 3 1 0 4 1 5 5 0
4 10 12 6 1 10 4 4 7 3 1 9 7
11 5 10 12 2 2 1 17 1 6 2 1 4
2 10 3 5 10 6 4 9 5 5 5 16 2
3 4 4 10 6 18 1 11 18 7 12 8 7
7 6 3 13 12 2 8 6 4 9 19 6 3
2 7 7 14 17 11 3 10 1 8 5 8 5
10 3 4 5 5 4 4 16 0 3 16 1 7
1 2 2 10 4 2 7 4 2 0 3 2 7
12 16 7 2 11 1 12 7 13 4 6 3 18
8 12 1 8 3 1 10 1 5 10 2 3 0
24 19 9 8 13 7 6 2 1 5 4 2 12
12 1 1 6 6 8 7 3 3 6 4 0 3
3 13 2 3 3 7 5 1 1 7 0 7 1
3 6 3 4 2 3 6 5 9 1 14 1 11
6 11 15 10 2 1 12 11 0 1 10 2 4
6 0 3 14 2 13 19 8 12 11 1 19 6
13 4 8 4 10 6 2 2 8 10 4 6 23
2 2 10 1 1 0 1 5 3 5 5 5 8
5 12 8 3 4 8 12 20 15 19 0 3 3
5 4 16 6 4 4 5 11 2 7 1 19 2
10 18 0 5 6 18 3 14 1 0 6 17 8
2 10 4 3 6 7 2 5 9 1 2 1 6
1 10 3 11 4 6 4 1 0 4 7 6 11
7 14 7 4 1 6 11 9 1 3 10 3 14
3 1 0 4 0 1 0 5 2 3 2 6 6
6 3 3 8 4 3 0 1 4 3 2 0 3
4 3 0 8 5 4 0 6 12 2 3 12 5
9 3 8 6 0 8 0 3 0 7 4 7 8
15 5 3 2 6 5 10 9 3 2 6 7 11
5 8 5 11 9 2 3 4 8 10 10 3 5
6 1 8 19 10 3 5 10 5 5 7 4 0
2 1 14 9 6 1 13 9 18 12 1 24 1
3 1 5 6 7 3 4 6 3 1 0 3 2
1 1 4 2 5 1 1 1 12 10 12 4 3
7 2 1 3 4 9 3 0 5 5 8 5 13
3 4 16 4 9 5 5 5 8 3 18 18 16
1 5 1 1 3 2 2 4 1 4 2 5 2
8 1 8 1 21 28 5 0 7 1 0 9 1
3 7 4 7 7 5 0 3 4 5 3 7 7
5 2 8 3 1 1 4 2 0 0 6 4 6
17 2 8 9 4 4 10 10 7 9 13 2 3
6 9 1 0 18 10 4 8 19 12 6 7 9
3 0 2 5 4 1 3 5 1 0 3 4 1
1 22 5 2 11 2 13 5 8 6 5 9 0
1 7 3 5 8 5 1 0 2 6 4 4 4
10 2 1 5 3 6 5 7 9 5 2 3 2
8 3 1 4 0 5 1 3 4 11 3 1 5
4 1 9 5 3 6 12 6 21 4 7 11 7
3 3 9 7 5 1 1 9 1 4 14 8 6
1 7 8 8 8 10 0 14 4 1 10 3 0
1 3 1 3 1 7 14 6 1 2 3 2 4
10 0 14 5 6 7 7 9 14 9 5 23 3
2 11 4 15 2 4 3 5 21 9 5 13 20
4 4 3 3 1 1 5 2 2 7 1 2 0
13 15 9 1 6 1 6 8 12 12 24 4 1
2 7 18 10 3 15 7 5 2 9 6 9 4
1 3 3 2 10 3 3 0 5 8 5 5 3
14 19 16 16 2 5 4 7 1 4 3 1 5
18 1 3 4 10 4 7 11 1 2 2 9 7
5 8 7 5 12 8 3 8 3 6 0 6 13
11 1 7 3 2 7 7 8 2 14 10 11 0
7 18 1 10 3 9 4 18 13 8 2 15 4
1 9 5 4 14 3 4 3 11 5 8 5 8
8 1 28 10 6 6 7 12 4 10 8 2 9
1 6 1 5 7 2 1 0 3 5 1 6 1
10 0 0 7 3 0 2 5 0 0 1 0 1
7 18 22 5 0 16 0 3 2 10 17 2 4
4 1 3 8 8 4 1 3 5 4 2 2 7
7 6 4 4 15 18 0 4 1 4 21 6 3
8 12 17 1 8 2 0 9 0 7 8 5 1
14 6 4 2 10 0 7 3 11 16 7 3 11
1 3 4 6 3 8 5 1 3 0 7 6 7
4 10 5 19 8 5 8 12 0 3 13 3 10
3 8 11 2 12 6 6 27 6 5 3 1 3
3 6 7 10 3 10 4 8 17 1 4 8 4
7 1 3 20 1 21 12 10 1 6 4 15 8
3 3 0 7 1 0 4 5 3 5 0 6 1
1 1 3 6 7 7 1 1 9 4 4 4 2
14 3 1 7 1 5 8 1 6 7 4 10 4
7 17 11 7 8 4 1 3 2 2 7 6 1
6 4 5 9 7 15 2 5 10 21 2 22 3
4 4 1 3 5 8 0 5 7 6 8 10 9
5 13 0 1 5 1 18 1 0 1 14 5 4
5 3 10 4 1 2 8 2 4 0 3 1 2
3 1 1 0 1 0 6 0 1 3 6 1 5
2 7 5 7 6 4 4 2 6 15 6 16 5
21 2 6 5 4 16 16 8 1 11 3 1 8
2 1 17 1 11 8 5 17 3 16 3 7 2
5 13 0 3 4 3 2 9 11 3 8 5 2
6 15 21 7 6 10 5 4 0 3 6 2 5
4 1 0 6 5 1 2 3 9 1 1 1 2
2 5 1 6 15 4 16 3 0 1 8 4 5
1 0 9 1 6 4 3 9 10 12 6 7 4
1 2 2 2 4 8 7 8 3 6 5 6 0
3 7 9 2 2 14 8 0 7 7 1 10 0
15 0 5 10 3 1 15 17 8 2 11 22 3
4 4 3 4 2 1 1 2 4 4 4 3 2
1 6 6 1 3 9 9 0 1 12 1 6 1
8 2 3 2 5 8 0 2 0 1 4 8 3
16 11 3 5 9 1 5 2 0 9 7 8 0
3 5 8 1 1 0 0 5 1 2 4 1 2
7 5 19 1 13 6 3 1 2 0 5 5 2
0 7 4 12 3 0 5 9 4 6 4 4 8
10 8 11 8 1 5 10 13 6 12 17 2 17
9 1 2 4 3 0 4 6 1 4 10 7 2
1 3 1 1 3 5 0 7 7 5 1 4 0
6 15 5 7 10 6 1 6 4 0 2 3 1
4 15 2 2 5 9 1 13 7 9 7 11 0
13 3 5 5 5 16 5 4 0 14 4 5 17
1 1 6 2 2 0 1 1 1 4 1 1 6
7 5 5 5 4 5 2 0 4 4 6 17 5
3 16
3 21
3 47
3 48
3 55
4 104
6 26
6 87
6 92
7 20
7 40
8 60
8 72
8 93
10 27
10 73
10 75
11 32
11 41
11 94
12 20
12 50
12 66
15 98
15 113
16 36
16 48
16 87
17 60
18 108
19 47
19 68
19 111
19 117
20 23
20 111
21 65
24 66
24 73
25 39
25 107
25 111
25 115
26 34
27 43
27 116
31 110
32 82
32 97
34 134
35 117
36 98
37 128
38 76
39 87
39 90
39 130
40 42
41 99
41 111
42 48
42 122
45 46
45 49
45 72
47 48
47 63
47 120
49 53
49 70
49 120
50 125
51 120
51 130
52 100
52 135
52 144
54 64
54 97
55 84
55 89
59 122
59 151
60 69
60 130
61 62
62 98
62 99
62 132
63 136
63 162
64 106
65 146
66 138
66 140
71 124
71 164
72 143
73 80
74 78
74 82
76 113
77 82
77 157
77 158
79 120
79 128
80 85
80 163
81 142
84 174
86 110
86 129
86 178
87 95
87 143
89 179
90 92
90 146
91 184
92 117
93 119
94 147
94 192
95 128
95 186
96 181
97 160
97 171
98 162
98 173
100 105
100 170
100 186
100 191
101 112
101 121
104 142
104 155
104 174
105 143
105 165
106 137
106 165
107 108
107 204
108 146
109 113
109 193
110 197
111 148
111 160
111 163
112 126
112 158
114 129
114 212
115 127
115 150
116 146
116 151
118 166
121 138
121 208
122 135
122 212
123 153
123 155
123 183
123 188
123 216
124 196
124 201
124 204
125 132
126 136
128 187
129 138
129 162
130 150
130 228
133 134
133 200
133 212
133 218
134 157
134 168
135 194
136 156
136 158
137 145
137 213
137 234
138 140
138 153
139 171
139 216
140 202
142 164
143 213
143 235
145 154
145 166
146 203
150 163
150 243
150 246
151 166
151 204
151 209
152 156
152 195
152 240
152 245
154 252
155 159
155 221
155 246
157 198
159 194
159 258
160 251
161 175
161 193
162 170
162 202
162 237
162 255
163 188
163 220
164 173
164 217
164 257
165 190
165 250
166 227
167 197
167 264
168 202
169 259
171 237
172 205
172 233
174 200
177 252
178 181
179 180
179 204
180 194
181 268
182 262
183 189
183 280
185 273
186 235
187 274
188 206
188 235
188 274
190 192
190 230
190 236
191 208
192 262
194 196
194 223
194 273
195 269
195 275
197 229
197 266
198 258
199 202
199 246
200 263
201 217
202 288
203 223
203 258
206 274
207 292
208 264
208 298
209 248
210 229
210 267
210 285
212 237
212 272
212 287
212 307
213 263
213 294
214 225
216 235
216 236
217 223
219 220
219 295
220 246
220 271
222 231
222 269
223 252
226 269
227 306
227 314
227 322
229 261
229 302
230 288
230 309
231 291
231 295
234 238
234 296
235 246
236 284
236 287
237 294
239 260
239 301
241 302
243 276
249 334
252 352
254 340
256 336
257 351
260 265
260 290
260 345
260 353
261 327
262 270
262 355
263 264
263 267
263 275
263 312
263 327
264 275
264 278
265 340
266 268
267 280
267 341
268 287
268 342
269 273
269 281
269 294
269 315
270 279
270 282
271 288
272 366
273 296
273 320
274 326
275 347
276 278
276 294
276 320
276 329
277 375
278 340
278 347
279 345
279 352
282 315
282 320
283 288
284 312
284 317
286 300
286 336
288 295
288 301
288 349
288 356
290 297
291 316
291 363
292 299
292 311
292 365
293 344
293 349
294 316
295 316
295 349
295 384
296 325
296 336
297 374
297 378
297 397
298 396
299 329
299 340
299 344
300 310
300 358
300 369
300 391
301 362
304 378
305 370
307 355
307 381
308 396
308 404
311 321
312 317
312 373
314 348
314 376
315 338
315 392
317 346
320 342
322 393
323 372
323 389
323 398
323 404
326 337
326 355
326 391
326 420
327 390
329 413
330 344
331 406
333 386
335 339
336 418
336 435
337 386
337 416
337 427
338 356
338 366
338 388
339 366
340 399
340 432
341 411
342 440
343 403
344 348
344 400
344 431
345 369
345 441
346 415
348 390
349 368
350 360
350 378
351 430
352 418
355 397
356 440
356 456
358 416
358 436
359 438
359 441
360 368
360 421
361 363
361 405
362 367
362 371
362 389
363 369
363 392
363 411
363 429
364 380
364 413
365 403
365 461
366 392
366 416
367 462
368 375
368 394
368 435
368 437
369 396
369 404
369 469
376 414
376 420
376 428
377 409
377 475
378 392
378 426
378 455
380 408
380 417
381 453
382 388
382 396
382 435
382 448
383 426
385 456
386 463
386 481
387 423
388 420
389 398
389 477
391 447
392 401
396 397
396 457
398 488
400 455
400 475
401 439
401 481
402 474
403 410
403 445
404 425
404 487
405 457
406 495
407 430
407 432
408 467
409 481
411 421
412 421
413 442
414 475
414 496
416 503
417 477
418 462
418 470
419 455
419 461
419 495
420 456
421 428
421 467
422 520
423 482
423 492
423 493
426 486
427 448
428 454
432 473
432 491
433 503
434 464
434 468
435 475
435 482
436 478
437 468
438 459
438 467
438 528
442 448
442 456
443 506
444 497
445 459
445 466
446 539
450 469
450 503
451 514
452 499
452 530
453 462
454 526
456 473
457 474
457 517
458 480
458 494
459 472
461 477
462 525
463 482
463 557
465 514
466 471
466 542
466 544
467 470
467 549
468 478
468 494
468 530
469 487
469 544
470 502
470 529
470 555
470 570
471 506
473 504
474 478
475 536
476 498
476 543
477 493
477 502
478 564
479 533
480 558
481 515
482 519
482 525
482 560
484 547
484 573
484 583
485 490
486 550
487 555
488 513
488 549
489 526
490 541
490 585
491 532
492 519
492 527
492 578
493 494
493 589
494 496
496 497
496 507
496 566
496 590
497 506
497 521
497 562
497 597
498 552
499 528
499 550
500 547
500 562
501 523
502 530
503 597
505 524
507 548
507 590
508 607
509 570
509 574
509 591
510 566
510 580
513 518
513 579
513 599
514 610
515 527
515 589
516 607
517 533
519 528
519 538
520 577
520 607
521 524
521 577
521 602
521 618
522 532
522 538
522 612
522 621
523 540
525 585
526 559
526 580
526 619
527 530
527 584
528 592
530 622
532 557
535 546
535 621
538 541
538 556
538 607
539 545
539 551
539 614
540 612
541 550
542 555
543 559
543 639
544 615
545 629
546 565
546 614
546 617
547 551
547 630
548 609
548 622
549 582
549 602
549 629
550 646
551 623
553 588
553 594
554 582
554 601
555 611
556 591
558 589
559 613
560 592
560 649
561 634
562 659
563 575
564 633
569 608
570 605
570 619
570 641
570 643
571 582
571 611
572 661
573 600
573 603
573 609
573 628
574 624
575 666
577 620
577 670
578 617
578 618
580 601
580 624
585 645
588 590
588 664
589 622
590 657
591 628
591 629
592 666
593 668
595 609
595 689
596 615
596 632
596 635
596 696
597 607
598 683
599 642
600 678
602 638
602 661
603 682
605 653
606 616
608 693
610 636
611 678
611 707
612 637
612 671
612 674
612 686
613 617
614 710
615 650
615 694
615 709
616 636
616 640
616 642
616 647
618 673
618 715
619 625
619 635
621 659
623 636
623 648
623 652
623 661
624 651
625 648
625 695
626 674
627 637
627 701
628 639
628 645
628 668
632 634
632 685
633 656
634 647
634 666
634 713
635 699
635 734
636 669
636 685
637 729
638 709
639 648
639 650
639 702
640 695
640 718
642 711
644 666
644 689
645 670
645 714
646 702
647 697
649 746
650 691
651 695
651 718
652 722
653 712
654 657
654 695
655 706
655 754
657 700
659 674
659 684
659 757
660 697
660 710
660 750
661 698
661 699
662 730
664 687
665 724
665 728
666 754
667 737
670 676
671 680
671 701
672 730
674 688
674 716
676 708
676 712
678 696
679 713
679 755
680 697
680 713
681 709
682 731
684 772
685 778
686 726
686 780
687 738
688 705
688 778
689 738
689 751
691 735
691 752
691 774
692 777
694 749
695 782
697 732
700 758
700 798
701 715
702 761
703 716
703 734
705 719
706 740
707 709
707 718
707 728
707 789
708 711
708 734
710 810
711 774
713 764
714 754
715 753
716 724
716 749
717 806
718 720
718 803
719 747
719 788
720 819
721 814
722 815
723 744
728 741
729 819
730 818
731 774
732 737
732 788
732 798
733 767
733 772
733 829
734 745
734 770
735 771
736 773
737 760
737 764
738 758
738 823
739 757
740 779
742 788
744 803
744 825
745 750
745 755
745 837
746 752
746 791
746 797
746 821
747 779
750 772
750 842
750 846
753 794
753 822
753 842
754 808
754 826
756 793
756 824
756 848
757 789
757 849
761 791
761 812
762 800
762 827
763 764
763 775
764 863
765 812
767 792
767 797
768 805
768 817
769 813
770 830
772 794
773 872
775 776
775 800
780 785
780 818
781 817
781 869
782 876
783 826
785 830
785 864
785 884
786 869
787 798
787 801
787 833
788 866
789 794
789 881
790 836
792 883
793 843
794 837
794 879
794 887
795 894
796 857
796 888
797 881
799 887
801 896
802 880
804 807
804 855
804 856
807 843
808 830
808 897
810 848
810 886
813 816
813 852
813 908
815 844
816 869
817 838
818 884
818 894
818 902
818 904
822 829
824 918
825 852
825 881
825 912
825 920
825 925
828 834
831 918
831 922
832 845
832 902
833 842
833 865
834 905
834 928
835 905
836 931
837 864
839 910
839 931
840 859
840 903
842 868
842 907
846 912
847 854
847 913
847 938
848 898
849 926
852 853
852 906
853 874
854 876
854 879
856 899
857 935
858 936
858 945
860 907
861 904
862 911
863 898
863 921
865 895
866 898
870 892
870 895
870 923
871 910
871 911
871 930
873 876
873 895
874 902
875 893
879 963
880 971
880 977
882 903
882 939
884 893
885 920
885 941
886 940
887 958
888 969
888 978
889 935
889 939
890 935
890 987
891 950
892 986
893 920
894 901
896 971
896 986
897 909
898 959
899 960
900 956
902 971
902 981
903 960
903 979
903 1000
904 930
904 995
904 996
905 917
906 944
906 990
907 954
907 971
909 966
909 982
909 998
910 923
910 986
911 941
912 933
912 956
914 980
915 976
916 930
920 932
921 932
922 927
922 945
922 999
924 925
925 970
926 935
926 992
927 999
928 990
928 996
929 960
931 965
934 939
934 995
936 960
936 999
937 951
941 970
942 968
942 971
945 978
954 1000
955 979
957 961
957 996
963 983
963 990
964 997
966 980
968 983
974 978
976 987
976 994
977 991
979 997
980 983
983 991
1 5 1 18 14 7 15 17 7 11 7 23 17
17 5 11 5 5 12 16 23 30 20 1 3 28
6 5 2 3 10 5 3 14 13 3 10 1 2
4 8 6 5 6 0 14 8 12 6 5 1 1
8 1 2 6 12 9 3 3 22 21 11 7 14
7 4 5 13 28 2 13 11 1 24 8 5 8
4 2 17 0 4 7 2 1 1 3 5 4 2
10 10 7 23 1 16 8 14 1 8 26 3 3
3 13 10 1 5 1 3 16 3 2 9 7 3
8 14 1 6 12 5 8 2 7 20 20 9 3
6 9 13 5 1 6 0 3 10 2 5 2 2
17 4 12 22 14 15 6 9 13 6 13 10 4
15 5 0 3 2 10 10 5 1 21 11 11 12
7 16 22 9 15 29 8 22 4 3 5 15 18
9 1 17 7 15 4 5 8 2 6 7 7 5
1 12 0 21 1 4 14 5 2 10 11 3 8
2 7 7 5 4 9 1 4 5 1 10 4 5
27 6 9 2 4 13 1 10 3 15 1 1 1
6 6 6 4 37 3 4 12 4 8 2 8 2
10 19 27 13 18 27 7 17 11 2 6 13 12
24 21 57 53 39 52 71 45 56 51 53 30 49 16 52 53 53 57 53 18
1 10 8 17 15 6 23 8 8 12 22 6 11 4 10 14 13 18 9 1
2 2 1 1 4 1 8 4 2 5 7 1 9 1 1 10 3 4 1 1
1 20 20 25 12 12 31 30 21 9 30 5 20 1 12 28 22 29 9 1
33 43 53 48 44 35 63 40 38 32 55 30 41 12 38 44 48 61 46 10
24 23 47 42 28 24 54 28 47 25 52 27 21 35 40 29 42 44 44 36
20 28 32 37 22 24 35 31 25 22 36 7 27 10 17 37 29 39 27 10
7 1 5 7 6 3 9 1 9 3 5 1 5 1 4 8 7 6 1 1
20 8 22 18 15 18 41 26 29 21 24 6 30 8 17 33 30 31 23 2
23 17 34 32 28 17 52 13 33 22 39 16 14 15 27 19 34 38 37 12
32 24 39 45 34 37 54 25 40 33 46 12 28 9 34 49 38 30 35 6
6 6 7 11 9 7 18 12 12 7 14 3 16 3 7 16 10 9 4 4
14 26 37 37 23 28 46 23 34 18 41 18 11 13 35 22 31 45 37 14
4 8 9 5 11 9 20 8 5 4 11 4 10 2 11 9 8 17 7 1
10 14 30 22 19 13 39 19 38 16 34 9 28 16 22 23 32 37 26 12
3 4 6 10 1 5 7 7 9 3 10 1 7 3 3 10 6 7 4 4
1 2 10 9 4 2 17 6 10 5 9 6 3 1 8 1 5 12 8 1
27 25 39 41 24 31 44 22 27 22 37 16 21 10 30 31 27 34 34 10
12 4 21 24 9 10 31 15 26 21 25 12 14 4 11 23 24 20 18 5
29 20 40 36 22 33 62 34 40 29 48 25 34 27 42 33 42 51 42 20
9 1 20 8 17 5 20 11 12 17 17 8 13 4 9 11 16 16 15 5
1 6 13 10 9 1 20 4 16 7 14 3 10 6 8 5 12 10 7 7
12 15 21 20 22 6 31 17 20 21 28 1 32 1 7 29 26 23 11 3
13 13 24 30 14 14 44 16 37 18 35 2 23 16 15 30 32 24 25 10
39 25 44 43 30 36 60 41 56 33 45 15 52 25 28 55 55 51 40 14
1 1 14 17 1 1 21 9 16 8 24 5 1 3 5 7 15 12 7 4
25 14 38 22 40 24 48 20 30 24 34 23 33 15 30 26 41 33 28 16
1 6 8 7 10 5 15 6 12 1 12 4 7 1 8 6 8 15 8 1
15 13 34 37 29 31 65 31 44 38 54 22 36 22 46 36 42 55 47 16
10 1 7 8 4 3 5 1 7 5 2 1 7 1 1 11 6 4 1 1
5 8 4 11 2 4 19 4 7 4 14 1 5 4 4 8 5 19 9 2
15 21 21 26 15 16 36 18 20 9 28 12 24 6 18 20 21 32 21 6
11 16 12 15 10 5 22 12 12 11 25 1 18 8 4 20 17 22 10 8
4 1 12 12 1 1 15 6 11 2 15 2 1 2 4 9 12 7 3 3
11 6 24 27 6 16 24 18 24 15 20 4 14 6 12 27 19 23 21 3
32 9 47 42 48 32 65 21 49 46 57 22 35 12 43 47 53 34 43 11
36 25 53 46 28 25 60 31 45 14 45 26 30 27 38 40 51 45 44 23
20 4 19 17 16 13 21 8 16 13 13 3 17 5 8 23 18 12 12 3
20 29 56 66 46 44 64 48 49 55 69 27 48 5 40 66 61 59 48 10
22 11 35 36 33 24 40 19 23 30 32 17 33 1 22 33 33 32 27 1
7 8 18 20 11 14 30 15 25 14 22 10 11 5 19 18 16 27 23 3
3 1 1 3 6 1 10 1 1 5 6 1 2 1 3 5 5 3 1 1
13 8 33 27 19 11 54 28 42 20 48 11 23 17 19 33 44 34 23 14
25 14 41 49 7 17 49 26 44 20 51 22 6 24 30 35 39 33 39 23
6 2 15 10 6 7 29 12 19 6 15 5 16 3 12 13 15 18 11 1
11 10 16 15 12 8 15 5 14 13 17 4 10 8 8 17 15 13 10 8
16 9 15 18 16 16 30 11 18 12 15 8 12 8 15 19 15 15 16 4
33 25 59 54 32 46 63 41 56 36 45 24 40 22 49 50 50 47 55 18
32 43 50 53 47 25 58 39 53 46 48 14 62 26 33 50 52 54 29 17
15 6 14 14 12 11 20 13 10 12 15 1 16 5 9 25 14 14 7 1
7 4 6 10 2 12 11 10 12 5 5 1 11 5 10 17 9 13 9 1
44 28 63 56 56 41 75 32 56 47 69 34 47 25 51 53 65 48 59 23
9 11 26 19 32 9 45 13 30 28 39 15 31 12 24 24 39 33 23 12
24 7 54 40 26 33 65 44 58 38 57 24 33 28 41 47 57 54 50 25
31 28 51 49 27 32 65 45 50 13 53 34 29 26 46 46 55 49 42 24
41 30 58 51 45 39 81 50 65 41 63 29 58 31 48 59 68 62 56 24
9 15 35 33 19 10 41 25 29 23 38 7 29 5 12 27 33 32 17 5
24 6 40 35 26 33 47 39 42 40 41 15 37 11 28 48 44 46 39 5
9 8 19 27 18 8 40 10 21 20 35 15 15 10 18 22 30 25 18 9
1 12 11 19 5 8 18 9 9 1 14 2 1 1 8 6 6 18 11 1
6 4 7 10 1 7 15 13 10 2 12 1 10 4 5 18 12 10 3 3
32 29 34 41 35 25 58 24 35 29 51 12 32 24 30 43 44 28 33 20
10 16 36 36 15 16 39 12 38 17 35 2 18 13 23 26 31 21 23 9
8 12 21 22 11 18 24 13 20 12 16 2 13 1 16 24 12 21 14 1
12 8 21 27 7 12 29 16 19 15 25 5 2 7 10 20 22 20 19 3
18 12 34 20 29 16 41 23 35 29 36 21 27 18 22 23 33 35 28 20
20 19 29 32 13 4 46 30 35 10 37 17 25 19 22 36 34 29 16 15
4 9 12 16 6 10 17 6 13 10 13 1 7 1 6 12 7 15 11 1
10 7 25 29 9 20 35 18 33 26 31 16 13 7 21 25 27 24 26 12
6 14 28 33 3 15 37 22 28 12 38 15 7 15 20 16 26 33 26 16
11 12 33 39 19 18 51 32 35 31 45 17 33 2 23 42 40 42 25 7
10 8 25 18 18 24 43 27 36 20 29 14 25 20 31 23 29 41 32 14
37 26 48 54 46 38 71 38 40 38 58 26 54 17 37 58 58 53 42 16
11 9 12 12 4 3 21 4 11 7 19 1 11 5 2 12 9 20 12 5
22 4 22 23 15 19 26 23 22 20 18 4 24 10 14 33 22 20 19 4
5 9 7 9 8 5 12 9 7 4 13 4 11 1 7 12 8 13 4 1
15 18 46 44 28 24 64 33 48 27 53 15 35 8 29 48 52 47 33 6
18 32 44 53 21 31 71 45 61 38 62 14 43 18 34 56 57 59 40 12
20 21 50 53 39 35 75 32 52 39 67 32 44 4 48 49 61 49 42 10
29 20 48 52 27 38 63 38 48 28 53 29 37 20 42 44 50 50 48 22
5 5 5 5 5 1 10 1 7 1 8 1 2 1 3 6 9 12 7 1
8 9 32 34 10 15 48 30 38 13 43 22 15 14 30 28 37 36 30 17
15 7 15 11 12 6 19 9 15 9 14 1 18 1 4 21 16 16 10 1
38 37 53 59 28 47 81 40 60 24 65 31 44 40 57 51 56 60 58 33
2 2 7 6 6 2 14 2 8 2 8 1 3 1 4 2 7 12 4 1
8 15 17 14 12 12 25 15 9 3 16 6 17 1 12 18 12 22 8 1
30 25 48 48 37 37 65 21 58 47 55 7 51 26 45 45 53 44 46 16
26 11 25 32 12 26 31 19 32 23 22 3 22 11 18 34 22 25 33 7
28 24 50 57 28 27 70 46 51 36 63 44 30 36 53 48 56 51 49 39
14 14 22 21 15 14 32 19 19 7 22 12 26 1 17 19 18 27 16 1
15 27 39 35 31 25 42 22 35 22 43 17 21 18 29 27 33 47 37 21
10 29 41 33 37 22 54 28 43 27 48 17 32 13 31 34 45 44 30 14
14 15 21 27 14 10 43 15 26 21 37 10 24 12 17 27 29 30 21 12
30 29 57 53 46 45 80 48 56 52 73 35 49 38 56 56 69 70 59 34
1 24 36 37 14 20 47 24 36 22 42 9 24 16 29 20 33 48 35 12
27 19 50 43 45 30 61 19 46 36 54 17 28 18 37 45 52 35 35 17
2 6 14 7 9 3 23 5 15 4 19 2 9 2 6 7 15 21 11 4
22 16 24 21 17 14 30 10 13 10 21 10 18 6 15 17 18 26 20 6
32 35 43 52 27 40 69 38 57 34 58 12 47 21 42 53 46 62 48 13
23 10 49 42 36 36 72 38 55 51 59 31 50 27 52 45 55 61 51 21
9 18 32 28 22 13 42 17 36 14 38 8 17 7 21 25 34 35 23 8
3 8 11 15 4 5 17 10 21 2 21 1 10 2 5 17 17 19 7 3
37 41 69 58 51 49 86 46 73 45 71 31 57 27 61 57 70 73 63 19
24 23 47 44 41 29 64 33 55 42 64 29 44 22 43 48 57 43 41 24
7 9 11 16 2 12 33 22 27 11 27 2 19 11 14 20 22 33 22 4
1 2 5 6 1 3 20 10 12 2 16 1 10 5 4 13 13 11 1 3
6 4 9 12 8 9 13 4 12 4 7 5 5 3 10 8 6 8 8 4
5 6 11 15 3 5 13 11 14 9 14 8 3 1 8 9 11 16 13 3
34 29 56 42 44 36 60 36 55 37 47 24 51 28 42 38 57 59 53 19
23 24 34 29 25 24 35 16 23 11 28 14 25 5 20 26 27 34 24 5
5 9 12 12 13 11 25 9 15 9 19 7 9 6 11 8 13 15 12 7
6 10 8 15 7 10 18 6 10 4 13 1 9 7 11 10 6 21 14 4
6 1 4 2 6 3 9 3 4 2 3 1 8 1 5 9 2 4 1 1
7 8 11 10 4 9 20 13 15 3 15 1 12 8 9 18 16 19 7 6
6 8 9 13 11 4 23 2 8 11 20 1 15 2 4 14 9 18 9 1
21 25 39 31 30 16 48 8 39 18 41 9 27 23 28 21 36 39 33 19
3 1 3 6 1 1 9 9 6 3 9 1 5 1 3 10 7 7 3 1
7 8 22 20 15 14 33 8 26 12 23 10 16 10 19 12 20 17 14 11
8 17 22 30 17 15 50 23 37 16 40 12 29 13 22 32 35 31 20 11
1 14 34 33 17 19 43 24 33 23 39 15 14 2 19 22 33 37 24 7
7 7 22 11 17 9 36 20 26 8 26 9 22 8 18 22 26 30 16 6
28 21 34 43 27 29 35 12 24 31 36 4 26 9 22 37 27 30 34 8
18 14 48 43 27 17 50 26 50 32 51 10 27 15 26 36 43 41 38 9
28 20 43 41 36 31 56 9 46 35 43 5 32 14 35 36 41 29 37 7
46 22 51 55 21 41 66 34 61 25 52 20 29 42 51 58 51 43 53 32
7 12 15 23 20 23 41 22 20 19 28 8 24 9 24 29 25 31 16 1
14 18 22 27 15 19 34 16 24 15 27 5 25 4 19 29 15 27 20 3
7 11 31 40 22 16 52 29 40 26 52 18 32 9 26 41 47 38 23 9
30 27 51 49 28 36 63 40 47 24 52 28 30 18 45 47 48 44 43 14
24 25 30 36 22 25 44 21 37 26 40 6 34 6 23 40 28 35 29 6
5 20 26 27 14 7 41 16 33 18 35 7 23 15 18 14 30 32 23 11
3 3 3 6 6 3 10 1 7 6 5 1 5 1 3 6 3 7 4 1
1 9 30 31 8 10 39 27 35 15 39 14 16 1 15 22 30 40 23 5
45 22 51 54 49 53 81 29 57 50 60 28 57 22 56 59 64 54 58 17
25 30 44 41 40 28 54 31 35 24 48 17 41 3 27 44 46 45 29 3
28 35 43 45 33 28 55 11 42 26 46 11 33 24 33 36 38 40 36 20
7 8 16 17 1 8 21 15 20 5 22 8 11 12 11 16 17 18 12 12
6 15 23 21 9 1 31 15 25 9 33 8 11 6 10 13 25 36 22 7
40 25 49 56 47 45 82 34 60 44 68 26 47 39 54 54 65 63 63 32
20 15 36 43 8 17 42 12 39 14 39 5 8 17 21 28 29 24 32 14
4 13 30 34 23 12 48 27 32 28 50 18 28 5 22 33 41 38 18 8
29 21 41 47 26 28 47 20 43 27 43 9 29 15 27 38 37 42 43 11
21 12 43 41 30 30 50 19 35 37 40 20 32 7 33 34 36 30 37 8
29 25 35 41 19 33 56 21 48 14 46 6 29 31 32 41 44 46 41 21
15 20 51 45 22 28 60 29 51 22 46 24 20 13 41 33 44 43 40 12
20 13 30 34 22 12 59 30 39 18 48 16 24 19 26 40 46 24 20 15
32 16 35 32 33 29 39 16 34 28 31 10 30 1 25 39 31 28 33 3
5 1 9 9 13 6 23 12 7 13 20 1 23 1 5 25 15 15 4 1
25 30 48 41 42 36 47 32 37 27 44 20 39 1 28 43 44 44 35 3
44 19 45 49 26 46 58 34 57 44 49 19 50 37 48 53 45 51 54 28
5 1 19 26 12 9 45 21 26 19 38 14 24 8 20 31 36 25 15 6
1 10 6 14 3 4 17 11 10 3 16 1 9 1 1 15 11 16 2 1
3 1 2 6 1 2 6 6 4 1 4 1 5 1 1 12 3 5 1 1
20 7 24 13 20 21 35 18 18 13 20 10 26 8 22 21 25 24 21 2
13 20 24 22 16 14 35 14 16 9 29 9 16 11 15 17 19 30 15 11
17 15 27 27 12 15 44 23 33 6 31 17 25 14 23 25 32 28 22 12
4 6 6 6 3 1 10 3 2 3 9 1 2 1 1 9 9 9 1 1
10 12 40 37 34 23 49 26 29 34 44 18 26 5 26 35 41 35 23 8
4 7 8 7 7 1 16 8 9 6 15 4 9 7 7 10 11 10 6 8
8 17 15 24 7 11 30 13 23 5 28 2 12 8 12 18 17 30 18 8
21 18 37 42 29 25 48 21 28 36 47 21 33 14 29 38 38 44 37 17
25 38 55 53 40 42 61 35 59 39 54 12 48 30 38 49 60 61 53 19
39 23 62 60 34 37 74 48 60 33 65 41 34 30 51 48 64 44 53 29
4 7 14 18 8 15 19 12 10 7 16 4 8 1 13 14 5 13 9 1
1 3 4 11 2 4 15 8 12 6 13 1 7 1 2 10 5 10 6 1
9 13 35 27 22 13 31 18 26 19 30 9 17 8 15 19 23 38 30 8
6 4 7 8 6 7 9 4 10 7 9 1 7 4 6 10 8 6 6 5
11 10 23 24 17 19 38 18 28 17 31 4 19 6 19 35 26 19 12 6
13 19 33 29 31 18 54 24 35 22 49 13 22 12 24 37 47 37 23 11
19 10 34 24 27 24 46 18 37 18 32 15 29 9 33 27 32 32 32 7
4 1 3 2 6 6 13 2 5 1 2 2 8 1 7 5 1 5 1 1
19 15 30 25 20 22 46 17 34 19 29 10 29 9 28 25 28 38 35 3
29 13 35 34 26 29 61 36 38 32 50 11 28 23 35 46 45 44 40 13
3 6 8 18 15 9 19 7 6 15 19 5 14 1 11 19 13 13 6 1
3 5 7 2 8 4 15 3 5 5 8 3 6 4 7 5 7 5 3 5
34 21 41 44 21 44 51 32 51 35 42 11 38 18 38 57 42 42 44 9
7 5 7 6 11 4 9 1 3 9 4 3 8 1 6 8 1 7 4 1
11 30 50 56 30 35 82 42 63 39 68 23 43 21 51 50 65 63 49 12
23 6 30 37 16 25 36 30 37 28 31 10 24 8 18 42 33 23 27 7
7 1 9 12 2 13 23 20 19 14 12 4 17 7 14 18 11 21 16 1
20 12 37 36 19 17 42 18 35 26 37 10 19 13 16 30 35 27 27 11
30 27 63 50 43 51 64 56 65 50 59 34 52 34 46 57 64 66 59 31
11 8 20 14 14 6 23 12 15 13 19 4 18 1 7 17 13 24 15 1
11 6 29 11 25 12 35 15 23 13 28 19 20 14 25 12 26 23 19 16
34 32 54 55 29 46 72 35 61 36 58 21 50 32 52 42 59 62 57 18
20 21 38 53 28 38 62 29 43 33 57 17 29 18 38 53 47 41 40 16
12 10 49 40 27 35 53 37 48 37 45 19 28 6 38 42 40 48 44 8
10 2 19 22 25 16 31 7 14 24 31 5 22 1 20 32 23 16 15 1
3 2 4 5 6 8 13 7 7 2 8 3 10 2 8 8 5 4 2 3
12 6 25 23 15 13 31 15 22 18 25 6 13 4 11 22 23 22 13 5
20 29 63 66 46 48 67 47 58 57 65 34 49 12 46 60 61 57 52 14
18 18 29 32 16 24 49 21 36 16 38 5 21 12 24 34 29 37 29 8
28 31 27 35 22 28 53 30 39 19 35 11 45 13 32 41 37 47 33 4
23 18 42 46 10 16 61 37 48 12 54 29 15 25 38 36 46 46 40 25
42 18 55 44 51 46 59 33 45 40 46 26 39 23 45 48 50 39 48 19
7 7 11 10 6 9 17 12 16 6 14 1 18 5 7 16 10 16 8 5
25 27 24 37 23 20 60 37 38 28 46 13 41 19 28 47 42 49 25 8
1 1 7 5 7 2 22 8 10 3 17 1 9 1 5 9 10 15 3 1
7 3 7 11 6 5 16 6 11 3 9 1 6 1 6 11 10 11 1 1
12 5 19 17 9 14 37 19 30 18 23 7 22 17 19 20 24 24 20 11
15 9 26 32 13 16 35 11 30 17 36 6 12 11 17 30 30 14 21 10
2 2 14 10 6 1 14 6 12 9 15 7 2 1 8 6 11 19 14 1
14 3 11 14 11 10 20 8 15 11 16 1 12 7 8 21 16 9 7 4
31 21 55 53 38 44 46 38 46 45 42 33 43 10 36 43 41 53 52 16
7 23 42 40 27 27 50 29 40 29 46 23 15 14 37 26 33 50 42 16
6 4 10 10 6 8 19 9 16 6 13 1 12 6 7 12 11 12 6 6
6 12 14 15 10 2 17 7 16 9 18 1 17 4 8 13 15 21 10 1
14 18 18 19 14 16 46 21 29 18 33 3 30 18 22 28 32 36 23 9
9 12 15 23 6 15 27 7 23 5 28 1 10 12 19 16 17 16 19 12
51 25 64 72 31 56 80 52 73 51 73 19 42 38 52 74 71 57 66 28
12 16 40 28 34 18 47 10 37 28 37 13 29 15 28 17 33 30 30 13
1 1 1 2 5 1 8 1 1 5 8 1 4 1 1 8 7 3 1 1
35 29 62 62 46 42 71 39 62 44 62 23 50 24 46 65 67 46 50 14
31 32 53 54 34 41 80 52 63 37 62 32 51 19 51 52 63 70 53 10
22 27 62 51 36 36 68 44 55 29 61 42 25 26 55 36 55 53 53 29
32 17 45 40 29 29 61 39 41 25 45 31 38 24 41 40 46 41 45 16
19 23 28 31 26 35 49 29 27 23 39 11 31 10 34 38 34 40 32 3
7 3 4 4 6 3 13 8 7 4 9 1 12 1 5 14 7 9 1 1
36 23 51 43 53 39 57 45 51 52 50 33 52 22 39 51 56 56 47 14
13 10 17 18 14 15 24 1 17 11 13 8 13 1 16 12 11 16 16 1
4 9 16 13 11 4 25 9 10 11 20 5 10 1 7 12 12 20 9 1
22 19 52 49 26 42 62 42 53 39 52 24 29 24 47 45 49 54 52 19
4 10 12 14 2 1 19 5 10 7 18 1 8 1 1 9 8 22 12 1
26 6 48 36 33 36 68 42 56 36 53 32 36 26 48 43 58 47 46 24
35 29 43 53 45 38 62 30 52 43 58 17 51 8 34 63 58 46 41 6
7 37 47 51 30 25 65 42 50 40 64 23 41 13 33 46 57 59 38 14
21 8 32 31 19 7 51 21 31 16 39 25 23 14 28 29 38 25 24 15
10 12 9 10 9 4 17 9 8 6 19 1 15 5 4 17 13 18 9 5
1 10 17 21 16 3 35 20 22 16 36 9 20 2 12 20 26 30 14 3
14 27 43 47 27 32 52 31 42 35 49 12 32 3 30 46 36 43 37 5
1 8 11 14 4 7 14 5 12 1 10 1 2 1 6 7 8 14 6 1
7 12 8 17 4 1 15 14 12 1 16 1 12 1 4 20 15 17 4 1
9 13 19 15 12 8 29 13 16 3 23 5 16 2 9 19 21 24 6 3
1 4 2 1 5 2 9 1 1 1 1 2 3 1 5 1 1 6 2 1
7 1 12 14 5 7 19 2 17 1 13 1 3 2 6 11 13 9 6 2
15 8 17 17 17 10 30 7 15 18 22 3 22 4 7 28 23 20 12 1
28 20 41 41 25 24 43 18 37 22 40 1 17 19 17 33 37 33 34 16
7 9 18 20 3 8 29 13 21 6 23 8 8 16 19 11 16 20 21 14
15 38 41 48 37 36 67 42 43 35 53 15 51 16 33 53 48 58 38 12
1 3 18 8 6 8 29 12 20 2 21 3 8 8 11 13 21 21 8 6
20 19 18 19 17 26 32 21 20 10 22 12 28 15 27 23 21 30 26 8
4 5 10 9 2 2 10 8 6 7 11 3 6 2 2 8 5 12 7 3
3 4 3 6 6 9 16 12 8 7 11 1 13 5 7 14 8 10 6 1
1 8 8 14 1 6 17 8 11 5 20 1 6 1 1 15 11 16 6 1
42 28 57 50 40 35 64 23 56 27 57 26 34 19 46 45 55 38 52 17
34 36 43 52 35 38 62 21 53 32 51 9 41 40 40 40 45 50 52 27
31 22 49 55 40 34 64 43 50 41 57 12 41 17 32 62 53 41 37 13
32 45 48 51 44 31 66 45 41 36 53 17 60 14 32 52 53 65 38 3
43 24 64 63 44 52 74 38 68 52 57 14 45 30 51 62 62 44 57 18
32 17 43 37 32 23 56 36 47 26 43 13 39 23 26 49 49 29 24 16
1 1 7 1 1 1 11 1 5 3 8 1 5 1 1 5 4 5 1 1
1 1 9 13 1 3 10 9 14 7 16 2 6 1 5 10 9 9 8 1
35 34 72 64 56 40 84 47 61 44 79 38 53 25 55 62 74 61 56 27
28 25 46 37 30 35 75 51 55 30 60 35 50 33 49 40 59 63 48 24
4 1 11 8 4 4 7 1 11 5 9 1 5 4 3 7 9 4 5 5
22 8 27 21 24 18 24 7 18 11 18 10 18 4 16 19 24 18 18 5
35 33 59 52 42 31 77 47 76 45 67 28 53 39 46 58 67 60 48 29
4 2 6 3 3 1 9 4 1 6 8 1 6 1 1 8 2 10 5 1
21 9 45 42 11 6 49 27 45 23 47 21 19 20 25 33 42 32 32 17
22 38 65 63 46 25 84 41 73 40 79 26 44 24 49 57 74 54 44 20
1 3 6 8 3 5 16 12 9 6 12 4 7 2 10 8 8 15 10 1
20 24 52 59 26 35 70 44 63 37 63 13 33 17 38 54 56 49 44 15
10 4 12 12 11 17 17 9 17 12 7 4 15 5 16 19 4 9 11 1
12 10 25 21 15 13 24 19 22 10 26 1 18 2 7 28 26 27 15 4
34 28 58 55 40 40 80 58 69 42 72 23 44 39 48 62 70 61 52 30
33 29 43 53 34 37 55 29 44 41 47 7 45 17 32 54 45 48 46 8
26 24 40 34 30 29 62 32 45 19 48 28 31 22 39 28 45 52 45 15
2 9 3 7 3 1 9 7 4 1 10 1 7 3 3 9 4 12 6 2
28 28 45 42 36 20 65 35 49 31 49 23 45 13 30 46 48 53 29 6
19 12 29 28 25 22 35 18 30 26 31 4 30 1 17 33 25 26 27 1
28 7 36 49 23 41 61 31 47 46 51 21 35 17 42 54 50 45 47 8
1 4 6 7 3 1 15 10 5 2 15 1 11 1 2 13 9 11 1 1
12 13 32 32 24 17 40 20 30 25 37 9 18 1 19 35 31 32 23 1
1 1 2 3 2 1 4 2 6 1 9 1 2 1 1 6 7 8 5 1
13 28 60 58 44 38 78 33 62 53 71 26 43 23 53 46 64 67 58 20
6 1 31 22 9 5 36 22 30 13 36 16 9 8 20 21 32 27 20 11
1 1 1 3 1 3 9 1 8 1 4 1 1 1 3 3 6 3 1 1
7 10 23 12 18 10 33 17 24 13 29 7 19 9 13 20 23 27 14 10
23 18 55 51 27 28 63 38 56 36 59 16 35 19 32 48 55 47 41 19
32 19 51 47 42 40 66 36 51 43 55 27 44 15 47 51 59 47 51 11
25 15 36 29 29 33 58 23 42 29 40 18 39 18 42 31 42 45 42 11
40 35 62 65 42 39 75 20 65 44 71 24 47 29 48 54 62 53 60 26
29 54 71 69 51 40 89 54 63 46 77 36 59 23 48 62 73 73 52 17
18 12 37 32 24 16 46 22 42 30 44 18 23 14 25 29 34 40 38 14
35 24 55 55 52 45 70 22 61 55 58 10 55 23 45 54 64 53 55 12
9 2 12 8 6 11 20 10 16 10 10 3 16 12 12 15 15 13 9 7
43 9 42 45 22 44 47 36 52 45 38 16 43 21 37 55 44 37 46 15
7 4 2 4 7 6 16 6 6 2 6 3 7 1 8 10 6 7 2 1
44 25 55 64 49 55 83 40 55 52 64 26 50 25 56 62 63 62 61 20
12 5 24 22 14 11 22 12 17 12 22 6 11 1 12 22 18 20 14 1
16 16 19 23 11 26 35 26 26 21 27 7 23 18 21 31 27 33 24 11
5 6 4 10 1 1 21 4 16 2 16 1 8 4 1 13 13 10 7 4
12 9 15 19 6 4 22 10 17 9 21 4 10 6 5 18 15 21 13 5
27 19 44 41 22 41 64 43 49 34 49 33 45 23 49 35 49 60 52 18
22 15 38 41 14 20 53 32 51 23 42 16 30 29 36 35 44 38 37 19
34 28 41 46 50 26 55 38 35 41 48 26 56 10 30 59 53 45 21 7
29 21 54 44 39 31 44 38 47 37 44 28 34 10 29 42 45 51 44 11
23 17 37 38 19 30 52 23 44 24 37 14 30 10 34 35 37 39 41 1
35 30 50 55 35 48 68 42 50 30 53 24 27 24 50 48 50 51 55 15
2 1 3 3 8 5 16 8 5 7 11 1 12 2 7 12 7 7 3 1
35 40 43 49 33 38 66 43 46 22 50 16 44 20 36 53 52 56 40 8
11 10 16 20 7 1 30 17 23 7 31 10 13 13 11 24 30 15 12 14
6 8 31 24 13 8 39 24 28 11 40 15 9 14 18 19 31 26 18 16
28 32 62 62 42 46 78 49 64 51 63 28 65 27 53 52 67 64 59 20
21 28 53 40 43 30 75 28 54 39 59 30 43 31 50 31 53 63 54 28
16 1 19 13 16 9 23 5 15 9 13 4 14 3 9 18 16 15 11 1
23 15 46 44 30 40 67 40 51 46 56 27 40 22 44 52 56 60 46 17
20 19 25 26 19 34 33 27 23 14 24 12 26 8 32 35 25 29 25 1
18 14 28 26 20 13 41 6 35 12 33 8 10 18 21 16 30 29 28 16
31 24 52 55 51 33 71 26 41 42 61 24 42 15 44 43 55 53 53 11
5 6 13 10 6 3 16 6 12 10 9 4 12 1 4 6 6 14 10 1
29 24 37 39 21 28 58 25 46 30 43 11 39 32 38 34 42 56 46 19
19 47 53 58 31 34 67 35 51 17 63 24 34 17 40 36 50 61 45 19
15 39 67 70 29 33 74 51 68 40 72 39 36 36 55 46 62 65 61 37
21 11 21 26 13 16 22 11 16 12 16 1 16 7 7 26 15 22 19 3
34 45 52 52 49 36 69 26 39 30 59 19 49 18 38 48 56 57 45 16
31 19 46 54 24 42 66 42 57 42 54 12 31 24 44 55 48 47 53 16
10 6 31 24 19 22 40 25 23 22 33 19 27 5 26 26 28 30 22 8
4 6 2 5 5 1 9 1 5 1 7 1 1 2 3 5 7 10 6 1
33 21 47 44 33 36 63 30 56 36 50 8 41 33 40 48 51 46 48 19
13 5 21 25 19 16 35 12 25 25 31 10 27 7 17 33 25 20 15 8
25 10 39 37 10 19 57 46 48 29 47 24 33 27 34 47 47 43 40 22
33 42 47 56 48 43 74 49 39 40 64 28 58 17 44 60 60 67 44 9
27 8 27 26 28 28 47 23 32 28 31 5 29 17 24 43 36 27 24 7
8 6 21 18 11 16 20 10 14 8 21 1 12 1 13 22 12 11 8 1
24 15 19 27 24 22 51 22 31 27 38 9 35 17 26 40 35 41 29 9
26 37 60 57 43 41 78 25 60 33 67 24 38 27 53 44 54 60 55 24
16 19 25 18 22 18 38 17 20 14 23 7 29 6 20 26 24 32 17 1
31 31 56 47 35 35 70 48 54 39 55 21 57 19 37 49 59 68 46 12
36 36 49 47 38 39 72 55 52 37 60 39 54 32 50 51 60 54 44 23
24 35 52 41 40 27 59 22 44 27 49 24 41 21 40 24 44 54 43 15
25 24 42 44 27 35 50 32 44 37 38 13 38 19 36 37 35 53 49 8
2 1 9 6 4 1 14 3 6 4 14 1 4 1 1 8 7 9 1 1
7 4 6 8 8 11 13 5 7 5 5 4 9 1 11 11 4 7 5 1
1 3 7 5 5 4 17 3 12 1 8 1 7 3 6 3 8 9 3 4
22 17 54 66 31 39 81 46 62 42 80 38 36 21 55 58 67 59 57 30
32 28 51 48 42 35 65 14 50 38 51 14 42 16 41 39 48 41 44 8
34 14 55 52 25 47 64 45 53 36 52 34 40 23 55 51 48 43 51 21
31 18 31 31 25 31 38 16 39 30 29 12 28 7 28 40 30 21 30 6
11 39 54 45 42 25 71 34 46 32 65 26 36 11 41 30 58 65 46 7
18 45 47 51 27 24 65 49 53 27 59 24 44 31 37 53 53 59 30 26
8 15 20 30 9 20 36 25 29 15 32 9 19 8 24 27 21 35 27 3
1 1 2 2 11 1 17 1 3 6 15 1 6 1 5 7 11 7 1 1
6 2 6 4 4 1 15 4 9 2 12 1 6 1 2 11 10 9 2 1
25 23 54 59 33 40 60 34 50 39 51 22 27 13 37 46 46 53 51 17
6 9 31 28 13 8 43 24 37 19 38 13 21 3 16 28 34 34 17 8
11 31 46 40 33 28 59 23 45 28 46 17 35 23 43 19 39 58 49 15
8 3 6 10 3 1 13 1 10 2 5 1 5 1 1 11 4 9 8 1
18 6 25 20 17 23 24 14 20 13 13 2 21 5 15 26 22 22 18 1
11 24 40 41 34 28 60 32 35 34 58 24 30 16 39 42 46 51 36 16
5 6 13 14 6 12 21 9 15 8 17 5 8 1 14 12 9 13 15 1
34 22 54 43 43 30 49 16 50 37 43 18 32 16 30 37 48 38 44 13
15 3 38 25 16 5 40 24 33 17 37 15 20 12 18 24 35 27 26 14
40 17 44 46 32 40 54 26 49 37 45 8 34 23 35 52 41 30 45 17
45 32 55 67 40 47 59 36 53 47 63 23 43 16 37 66 56 49 55 14
6 4 9 7 6 3 11 5 7 6 5 1 10 1 4 9 1 11 6 1
13 15 22 18 13 12 32 10 16 4 19 7 19 4 13 14 17 28 17 2
4 1 10 3 4 1 8 3 5 4 10 1 11 1 1 10 6 11 3 1
18 35 61 56 36 27 65 30 64 41 66 14 40 21 38 40 58 64 51 18
2 4 9 11 2 2 11 5 3 4 12 1 2 1 1 7 6 12 2 1
28 27 39 52 21 24 75 33 61 17 63 21 40 34 38 53 60 54 43 27
43 39 56 55 35 37 70 33 54 18 56 41 42 39 54 40 49 54 57 34
6 29 37 42 21 21 48 21 40 18 47 8 25 9 27 30 35 39 29 9
32 21 55 55 38 32 72 42 64 41 70 18 38 32 41 60 62 36 48 27
8 2 12 15 1 6 16 2 22 5 14 1 7 2 6 16 13 7 10 3
8 7 10 13 5 5 12 8 12 4 17 1 8 5 4 14 14 15 7 6
3 4 12 7 9 3 15 6 8 6 18 2 7 3 5 8 12 14 6 4
1 3 10 9 8 8 26 15 14 9 19 6 10 1 14 11 14 21 14 1
2 1 8 9 1 1 10 10 5 7 10 3 8 1 3 8 4 10 6 1
23 37 51 49 40 30 60 25 47 27 50 9 45 17 34 39 49 56 43 9
25 18 39 36 33 27 61 20 48 26 50 14 31 11 31 38 46 34 35 10
10 8 33 31 11 28 44 28 39 24 32 10 21 7 31 32 28 43 34 3
29 10 36 37 33 31 46 27 34 39 36 19 41 15 23 48 44 35 31 11
38 29 63 57 39 38 77 37 63 39 62 25 46 31 47 50 65 62 62 20
32 11 30 36 23 32 57 31 39 35 41 18 38 27 33 47 43 45 34 17
4 4 5 4 7 10 16 7 3 1 5 4 11 2 12 8 5 12 6 1
24 25 52 39 34 21 63 43 48 27 54 27 41 22 34 44 55 53 32 17
13 13 18 23 12 12 27 9 24 14 18 6 16 4 14 19 12 19 21 1
29 12 32 30 26 27 39 25 28 17 31 6 29 14 21 38 35 25 24 9
11 10 17 22 7 19 37 23 33 13 33 1 21 9 17 34 32 28 17 3
30 16 44 42 48 27 64 42 49 44 59 20 46 25 35 56 58 36 35 22
15 20 33 36 22 18 41 9 37 23 32 1 23 17 22 24 29 33 31 9
13 8 16 10 18 14 34 24 26 17 24 4 29 9 16 29 27 28 17 4
3 1 17 10 13 3 27 9 16 9 19 2 14 1 10 12 12 21 11 1
11 10 20 22 9 7 23 7 20 9 21 1 10 7 7 16 21 18 14 3
16 2 27 21 17 20 37 18 35 21 24 3 26 10 20 28 28 28 26 4
52 35 54 61 38 57 65 36 58 42 58 24 50 30 54 65 55 59 61 23
7 14 19 27 7 17 21 18 19 11 26 1 12 1 12 24 16 21 15 1
37 25 58 59 30 52 76 45 63 39 57 33 40 27 55 51 61 56 56 19
15 20 41 35 22 17 59 28 46 23 43 18 36 25 37 25 42 43 36 16
5 1 3 7 4 7 9 7 9 3 9 1 9 2 6 12 7 5 3 3
19 12 27 21 18 16 42 13 36 11 36 8 15 23 21 21 32 30 29 21
10 16 26 28 19 16 40 18 31 27 33 12 24 6 24 24 25 31 28 1
31 32 52 45 40 31 70 21 56 43 56 11 45 36 40 33 57 60 55 26
26 24 29 35 18 25 41 12 27 11 30 13 17 13 24 22 23 31 31 11
7 20 21 28 12 9 31 17 30 16 31 4 23 4 11 24 22 29 16 4
22 10 36 27 26 12 35 26 36 23 37 11 27 9 11 34 40 33 25 8
30 33 75 62 48 42 89 58 65 42 80 51 45 31 62 54 70 71 64 35
23 14 45 50 28 25 62 35 51 39 55 18 40 16 29 50 53 37 33 15
15 5 37 28 15 4 38 13 33 12 32 11 14 10 17 20 32 23 22 11
5 1 6 3 6 5 12 6 9 3 10 2 8 2 6 10 10 10 5 2
5 1 2 4 4 1 10 1 7 3 2 1 4 1 2 6 3 4 1 1
6 23 30 23 23 17 51 29 33 13 43 13 26 9 24 35 40 36 18 10
28 43 70 70 46 44 78 41 68 41 73 27 44 19 51 56 68 60 56 15
24 15 35 36 24 28 41 21 29 26 33 22 21 4 31 30 30 27 29 2
4 4 3 1 6 1 8 1 2 8 6 1 6 1 1 7 6 4 3 2
25 30 34 33 30 21 54 13 32 19 39 16 32 19 31 22 37 34 33 11
25 28 37 45 26 23 52 26 36 23 49 8 34 18 20 43 45 40 29 18
25 15 43 43 20 24 63 45 49 30 52 27 26 31 43 46 50 44 39 25
15 8 24 25 14 13 37 21 31 8 30 1 20 7 12 34 29 26 15 3
24 19 20 23 23 26 47 19 28 17 32 4 35 13 26 35 32 37 27 6
1 3 1 4 2 3 13 1 6 2 4 1 5 1 2 3 1 10 4 1
14 22 41 48 24 36 57 37 47 31 45 18 19 17 34 43 42 46 42 13
3 4 5 4 5 3 11 2 6 2 6 1 7 1 3 7 3 12 6 1
19 13 24 26 21 23 50 23 25 19 31 14 25 7 28 28 36 37 25 1
39 42 62 62 46 48 84 59 63 43 71 35 55 26 56 65 70 81 57 23
16 18 36 38 24 9 50 26 34 31 49 19 33 18 24 33 42 34 32 17
36 31 54 54 31 26 77 46 67 23 70 39 37 48 56 50 62 64 58 44
1 3 6 9 1 7 6 5 10 1 10 1 4 1 5 8 5 11 6 1
4 11 6 15 5 11 21 9 9 6 16 1 9 4 8 18 7 17 10 1
6 8 13 14 5 11 19 13 15 4 13 1 13 5 8 16 11 15 7 5
2 5 9 11 5 2 17 7 9 6 15 6 1 1 8 5 10 18 13 1
14 21 30 38 20 20 50 24 44 29 40 8 36 17 24 32 39 41 33 7
17 17 35 40 16 26 45 19 37 27 37 7 18 2 23 37 31 34 32 1
5 9 8 13 4 12 24 8 18 4 15 2 10 13 13 10 13 20 14 9
17 13 22 27 12 11 25 9 21 14 21 1 21 5 7 19 16 28 23 2
1 3 2 3 2 1 9 1 7 1 6 1 5 1 1 3 4 9 4 1
9 7 8 16 7 6 25 10 17 7 16 1 14 1 4 21 11 16 9 1
10 7 25 19 22 9 33 10 23 21 33 7 16 13 13 14 25 27 25 14
5 4 11 6 9 5 23 12 17 3 18 4 15 3 10 15 15 20 10 3
24 16 30 19 31 26 29 19 23 21 21 15 30 8 18 25 28 25 23 7
4 17 16 24 13 12 28 10 17 14 25 3 14 4 9 19 20 25 15 4
32 39 55 56 34 43 69 30 54 19 61 33 32 31 50 45 56 60 52 27
1 1 7 7 9 1 18 6 3 7 17 1 6 1 2 8 7 10 2 1
6 13 29 20 15 7 29 9 20 11 25 3 12 6 10 14 21 25 13 7
10 11 14 21 7 15 30 16 28 10 22 3 19 5 15 26 16 23 19 3
13 10 37 34 18 22 54 25 44 26 41 18 22 14 28 30 42 41 34 14
17 8 26 23 23 17 38 16 27 22 24 4 32 6 14 29 29 26 20 3
19 27 31 38 18 25 33 22 31 18 40 3 22 7 18 40 31 34 27 8
5 7 8 11 3 6 10 7 10 3 9 1 8 1 4 11 5 13 7 1
35 24 71 63 48 33 86 39 75 47 81 27 47 40 56 60 75 52 57 34
8 14 16 21 7 8 24 20 20 5 24 1 19 1 3 27 22 24 3 1
31 19 48 42 33 29 59 21 49 22 51 18 25 17 37 35 47 36 43 15
23 18 18 26 15 19 30 8 13 3 22 7 16 9 18 18 16 23 23 5
11 14 20 21 12 14 38 23 26 16 24 4 24 11 17 25 24 31 19 1
6 1 7 11 4 10 22 12 16 7 7 6 9 3 14 12 9 13 10 1
23 31 52 57 43 36 60 30 48 46 54 17 40 17 32 52 53 49 44 14
31 13 35 28 23 37 52 35 35 21 36 26 40 21 41 35 39 47 36 14
6 2 7 12 1 1 12 3 10 2 8 1 2 1 1 10 5 9 4 1
28 34 49 49 28 28 65 36 46 15 54 29 31 21 39 36 49 50 42 18
22 39 37 44 27 35 58 27 50 11 50 15 34 25 35 44 47 56 39 23
34 25 55 50 32 43 67 32 59 44 49 24 55 42 53 37 51 54 55 32
26 22 57 47 32 39 59 47 58 42 52 24 39 20 38 47 57 61 51 15
8 2 3 3 4 6 8 6 6 4 1 1 11 3 6 14 5 7 4 1
5 4 16 12 9 1 25 10 17 13 23 2 16 1 2 13 17 19 9 1
6 12 27 30 9 12 30 24 26 14 33 6 21 5 13 28 24 25 11 6
1 11 18 23 15 8 38 11 24 18 30 1 20 5 18 15 18 31 25 1
12 7 12 14 7 18 25 19 14 10 14 5 17 10 18 20 15 23 14 3
2 2 6 4 3 1 10 1 5 1 7 1 4 1 1 4 5 10 2 1
28 24 59 57 39 37 69 26 60 44 59 13 30 26 43 41 54 39 46 20
27 22 45 41 39 30 49 14 36 39 42 13 38 5 31 36 37 31 34 5
10 9 17 14 14 14 26 15 17 12 16 8 17 8 18 15 13 27 19 1
7 1 3 10 4 5 13 3 9 4 7 1 4 1 2 11 8 2 3 1
25 11 30 35 35 23 44 18 23 33 37 19 27 10 27 38 33 27 26 7
5 2 7 9 1 1 12 1 10 1 11 1 1 1 1 7 9 11 5 1
1 4 7 9 2 2 9 2 9 1 11 1 1 1 1 3 7 13 5 2
18 20 34 28 25 29 45 27 29 12 33 11 31 8 26 33 31 37 23 5
9 9 7 12 5 3 17 7 15 5 16 1 10 5 2 16 15 16 7 5
6 13 10 11 10 7 24 2 10 1 15 2 11 2 11 4 8 22 15 1
9 8 15 14 9 13 17 2 16 4 12 8 7 6 15 9 13 10 11 7
5 1 5 9 2 4 7 2 9 3 8 1 4 2 2 8 7 7 4 3
6 8 15 21 2 8 23 11 23 7 21 1 15 1 7 20 16 20 11 1
41 28 34 45 27 35 61 41 52 35 48 8 44 33 31 56 46 43 40 20
4 6 10 10 5 2 11 6 4 6 10 1 5 1 3 9 4 13 4 1
27 14 30 30 17 23 28 28 29 27 25 10 27 10 12 36 32 34 30 3
3 3 3 3 3 2 10 4 4 2 8 1 3 1 2 6 5 10 2 1
29 9 49 49 15 29 73 48 61 30 63 24 27 34 39 53 63 46 44 25
13 14 14 15 8 9 21 3 15 8 16 1 12 12 8 10 9 19 14 12
19 14 33 26 25 18 40 14 26 15 31 21 18 7 26 16 31 30 25 9
42 29 76 68 48 44 81 43 72 38 74 35 32 35 60 51 70 43 63 33
14 6 15 19 13 11 23 10 23 9 22 4 13 4 12 26 20 14 13 1
34 39 54 52 39 33 77 53 48 33 63 33 54 28 44 57 60 57 41 18
5 10 8 16 5 8 31 14 19 5 24 2 14 13 13 16 16 18 14 10
5 8 17 14 6 1 19 6 17 5 19 5 8 8 7 8 14 19 9 9
4 6 15 11 17 12 33 15 22 11 24 8 16 8 20 17 19 27 22 5
7 6 4 7 1 4 14 11 9 5 13 1 12 1 1 15 11 11 1 1
6 6 5 9 3 6 7 7 6 3 7 1 8 1 5 11 4 11 6 1
24 9 29 29 22 25 43 20 36 27 32 1 30 16 22 42 32 25 26 8
31 17 44 42 30 26 49 20 35 25 43 21 25 12 29 34 39 30 38 10
8 4 10 8 10 9 11 4 4 3 4 3 11 1 8 10 3 7 2 1
9 7 15 10 10 13 22 13 10 7 10 4 16 5 13 17 8 19 8 1
16 3 18 9 21 13 35 10 22 14 24 5 20 10 15 27 27 15 13 6
33 30 61 44 52 36 83 49 59 47 68 34 63 29 53 49 70 67 53 18
12 6 17 14 13 7 15 12 7 10 17 1 14 1 5 20 12 16 7 1
28 20 45 44 28 31 65 22 55 35 57 15 33 20 38 44 48 45 47 18
1 12 11 21 1 9 18 13 9 3 21 1 5 1 8 14 8 22 13 1
12 6 19 14 12 8 29 5 23 14 17 1 21 9 9 18 21 16 14 3
2 5 25 20 11 12 40 20 25 12 33 14 12 5 20 16 25 27 15 6
29 35 68 67 37 35 67 37 65 41 68 22 34 21 40 47 62 61 60 17
28 17 61 51 35 28 77 40 74 41 65 34 35 39 60 39 62 52 62 32
5 1 5 3 5 5 12 7 8 4 7 1 11 2 4 12 6 9 3 1
5 7 11 14 18 7 29 6 16 14 24 6 12 5 11 13 21 19 11 6
4 7 7 12 2 5 14 13 8 1 15 1 8 1 3 18 14 15 1 1
7 4 15 13 11 8 28 9 23 10 24 2 9 6 12 18 18 19 17 6
2 4 13 12 7 2 20 10 9 10 21 4 5 1 5 9 15 18 9 1
21 25 40 42 33 28 47 21 33 32 36 17 27 7 26 40 33 35 33 6
5 11 4 6 4 5 15 13 10 1 14 1 14 1 5 15 12 16 6 1
8 1 5 7 1 3 14 2 10 2 7 1 5 2 2 10 10 6 3 2
16 5 21 21 11 16 31 11 32 10 23 4 15 14 12 23 26 17 18 10
21 24 42 48 35 36 70 40 45 35 60 22 26 18 44 50 52 52 45 14
21 11 39 38 34 22 62 31 42 35 52 20 28 11 32 42 47 40 37 14
15 9 27 25 21 17 35 8 32 21 32 7 16 5 19 22 27 24 25 6
29 27 64 64 31 43 73 44 66 40 56 21 49 18 46 59 62 57 55 11
6 1 11 7 9 12 21 11 17 6 13 1 17 7 11 17 12 13 6 4
14 17 23 27 13 22 26 10 23 17 23 3 14 3 17 25 16 20 20 3
5 1 16 10 15 13 35 21 25 19 26 9 18 14 23 14 25 32 24 8
23 19 55 43 42 37 60 36 54 46 48 25 46 9 43 42 48 55 56 8
36 20 43 49 19 46 65 27 53 26 50 23 29 26 52 38 50 48 55 19
2 1 6 7 1 2 12 4 11 1 11 1 2 2 1 6 10 7 1 3
29 14 55 46 38 39 79 40 57 40 63 36 44 35 59 51 62 54 51 30
5 12 11 12 7 5 13 7 6 1 14 1 1 3 5 10 13 19 7 1
27 16 54 46 33 40 67 51 61 40 59 25 30 28 47 53 60 47 49 23
20 31 38 38 25 23 55 26 42 14 51 12 29 18 26 37 39 53 32 18
14 26 30 34 19 12 52 25 29 13 41 14 26 3 19 25 34 45 26 2
34 48 63 57 47 38 73 23 61 25 65 32 42 37 54 45 61 62 55 34
18 24 47 38 35 21 44 25 48 34 44 15 37 10 26 29 41 46 42 8
22 26 49 56 41 34 78 36 55 40 67 32 45 9 41 50 64 58 46 11
9 16 28 23 24 14 29 20 21 16 29 9 15 1 16 29 27 31 19 4
9 21 17 24 12 18 30 13 19 7 26 1 9 12 17 16 18 27 17 12
8 34 25 33 22 14 44 19 25 12 37 5 27 5 18 25 30 40 21 2
18 2 20 20 12 14 23 1 27 13 21 1 5 8 13 22 22 6 17 6
37 23 55 59 44 43 71 36 52 48 61 37 49 13 48 57 55 52 51 17
33 12 58 54 43 23 75 35 55 42 70 30 37 31 46 52 66 40 49 29
22 19 20 34 11 18 33 11 30 11 33 1 17 11 19 31 23 28 25 10
10 6 13 11 6 5 11 3 14 8 7 1 11 3 1 11 8 13 9 4
22 28 50 47 53 46 74 45 47 40 66 35 52 17 55 55 62 57 45 15
1 2 1 1 1 1 5 4 1 1 5 1 4 1 1 5 2 4 1 1
11 10 25 25 10 11 34 14 25 7 26 16 12 7 19 13 24 25 19 8
1 1 4 6 3 1 12 3 6 6 8 1 2 1 1 1 5 6 4 1
1 3 5 4 1 1 11 2 4 1 4 1 6 1 1 3 1 11 3 1
4 8 12 12 5 3 12 10 6 4 18 1 7 2 3 13 11 17 5 3
27 28 72 59 59 37 77 44 65 58 71 29 47 25 46 54 74 60 55 21
6 8 12 12 7 5 24 4 12 3 10 3 5 1 6 6 9 16 8 1
8 5 31 27 16 14 28 15 27 22 24 8 20 1 15 17 21 29 25 1
18 15 35 27 17 12 43 22 35 18 38 10 25 12 13 31 34 37 26 10
8 5 16 17 7 4 19 15 12 15 20 8 10 1 7 16 11 17 10 1
5 5 11 8 8 6 15 6 5 8 9 1 10 1 3 14 7 10 2 1
27 15 45 53 40 39 63 36 40 43 52 30 29 17 43 49 52 33 39 20
22 23 48 41 43 35 71 34 48 35 59 33 45 24 46 44 55 55 42 23
4 10 12 14 11 9 25 14 18 12 21 1 22 5 10 17 16 21 10 4
12 7 22 12 14 7 20 9 16 14 21 7 13 8 7 15 18 17 15 9
4 6 15 9 9 3 21 9 13 5 21 3 9 4 6 12 15 19 6 5
8 1 14 14 5 9 21 3 23 4 14 1 8 2 9 14 15 12 10 3
27 33 53 55 45 31 66 40 49 40 63 25 52 22 37 53 61 56 46 14
3 12 18 30 15 9 38 17 28 24 37 11 26 3 15 24 30 30 18 4
8 14 16 17 5 7 21 14 15 8 17 4 15 4 6 17 12 24 14 1
20 19 47 44 24 32 67 39 59 29 55 19 20 29 41 39 53 53 49 20
10 7 12 16 8 11 11 1 10 11 12 1 8 3 8 13 4 12 15 2
29 31 41 44 33 30 57 31 42 17 52 23 30 20 38 33 45 51 45 17
12 7 7 8 14 16 32 17 17 15 22 4 21 12 19 23 23 23 16 5
24 23 54 60 43 28 80 29 54 42 69 25 34 32 49 40 63 48 51 26
46 28 65 58 41 52 85 45 76 37 74 26 40 46 66 65 70 57 66 37
32 19 58 62 32 37 77 41 69 39 70 27 31 26 48 54 60 45 55 29
3 1 13 13 1 4 15 8 13 10 14 6 4 1 5 7 11 14 9 2
20 12 33 28 27 24 42 24 38 32 31 7 32 11 25 33 34 42 38 5
10 9 38 36 23 9 55 17 47 25 49 15 22 16 31 25 44 28 32 14
3 9 10 16 4 9 21 9 15 4 16 3 7 7 9 6 9 25 17 4
31 11 27 35 33 26 45 20 25 34 35 7 27 16 24 40 32 24 31 12
28 18 43 49 25 20 47 28 43 32 51 11 33 13 21 52 46 26 28 13
17 7 17 15 13 14 30 9 20 9 17 6 12 10 14 19 19 15 13 8
17 39 49 45 35 23 73 40 57 27 64 17 42 24 36 46 59 64 39 23
14 27 37 41 37 28 53 23 31 34 42 14 42 9 33 39 35 44 34 3
6 5 17 7 14 3 20 4 13 5 15 6 9 2 10 8 13 18 8 4
4 5 6 4 1 1 7 1 3 3 6 1 4 1 1 7 5 11 2 1
27 40 68 61 55 37 80 48 71 47 76 29 45 37 49 57 72 55 51 35
11 17 31 33 22 20 58 24 40 21 46 14 31 9 31 34 40 42 28 5
29 19 33 36 23 33 47 30 36 29 34 10 32 20 28 36 34 49 40 13
15 8 14 13 21 12 13 10 8 20 9 4 19 1 5 18 13 12 12 1
20 27 42 34 26 18 56 31 50 24 48 8 40 22 24 43 51 50 32 11
35 38 58 56 45 45 70 24 54 45 58 19 49 21 51 39 49 57 60 15
9 19 21 26 7 5 37 18 26 1 38 6 12 13 14 19 30 32 17 14
16 16 34 28 26 21 40 24 23 26 25 10 34 7 22 26 25 34 26 1
9 10 10 14 8 8 20 8 13 6 18 1 14 4 6 15 8 21 14 3
5 13 41 34 20 16 52 41 49 26 51 24 32 12 28 33 44 51 28 17
24 12 55 59 35 36 73 41 54 41 67 29 29 24 48 58 64 49 53 24
8 6 8 9 9 7 17 9 9 5 9 5 10 1 9 13 6 9 1 1
24 14 26 20 30 20 26 23 24 24 23 12 27 6 15 32 28 29 26 4
23 16 48 42 25 28 54 29 44 21 45 21 18 19 39 41 39 34 36 19
28 19 41 43 36 39 64 29 46 41 50 25 46 23 42 46 51 61 54 19
7 4 8 11 6 12 12 8 14 8 9 1 11 1 11 15 5 8 8 1
21 32 48 42 39 25 60 20 58 34 53 10 44 14 37 38 51 45 38 12
23 15 37 38 23 27 65 33 45 26 48 19 33 26 38 42 51 40 31 20
19 24 45 36 32 32 59 46 52 27 53 30 33 35 43 40 52 50 39 32
18 18 31 36 19 23 44 16 30 23 39 5 25 14 23 35 27 33 27 12
14 24 30 25 20 18 46 27 31 12 36 6 30 9 20 34 31 46 25 5
19 8 17 12 17 16 23 10 11 11 5 4 22 1 11 20 14 20 16 1
4 1 1 1 4 1 12 3 5 5 12 1 8 1 1 12 11 5 1 1
4 1 8 4 5 4 10 7 7 3 10 1 10 1 4 13 6 11 3 1
24 32 54 51 36 25 77 45 52 28 66 28 39 19 39 56 64 52 38 16
3 2 9 5 7 1 13 1 8 6 14 1 5 3 2 7 10 7 1 4
1 1 5 11 14 5 23 3 5 14 19 6 14 1 7 14 16 16 7 1
31 17 42 43 35 36 55 18 54 42 43 4 37 28 37 42 46 21 42 18
3 2 9 9 2 7 11 8 9 3 10 1 10 4 4 12 8 12 4 2
11 4 10 7 6 7 18 6 15 8 6 1 18 2 6 18 11 13 10 1
1 4 4 3 1 5 15 4 11 1 6 1 10 4 3 7 6 14 7 1
28 12 36 37 24 29 53 27 50 27 39 3 35 10 28 49 38 34 32 1
14 9 24 25 14 15 39 20 30 12 32 11 19 15 22 32 30 20 18 13
44 29 44 59 46 51 77 35 46 39 58 29 45 29 56 54 57 56 57 18
21 20 44 41 19 19 57 35 42 14 43 29 16 22 38 32 42 39 33 21
23 31 52 44 32 30 73 39 55 22 61 28 35 29 45 42 55 63 44 27
34 8 37 35 31 32 61 37 43 38 43 15 37 27 37 50 50 26 38 18
11 11 33 23 20 9 35 24 31 20 36 13 23 10 14 23 29 35 21 12
34 13 57 50 33 31 76 42 55 34 58 39 42 25 51 50 60 44 50 25
21 12 39 42 23 28 55 26 47 31 43 6 23 19 30 40 43 31 33 12
30 19 43 43 30 32 39 24 37 25 40 7 17 15 22 42 39 27 34 12
15 6 17 25 7 20 23 12 24 10 16 1 10 7 15 27 16 13 16 1
5 6 12 9 10 6 16 7 8 1 15 4 5 3 8 9 13 12 4 4
19 40 45 47 29 34 63 43 57 29 57 13 44 22 38 51 50 68 47 17
30 24 56 42 36 20 68 42 55 26 56 30 42 28 36 47 56 49 36 25
10 10 11 9 10 12 25 18 22 9 21 3 22 10 12 24 22 26 17 5
21 9 20 29 8 29 39 28 38 27 29 7 31 13 28 38 26 29 30 6
6 1 13 10 12 9 18 11 10 11 11 2 13 1 9 13 9 12 10 1
12 8 14 14 16 16 30 19 21 16 21 8 20 8 19 23 20 25 20 1
19 10 21 21 17 14 27 10 18 16 16 1 18 6 9 26 17 17 13 1
15 13 34 31 16 20 59 31 48 22 48 18 21 30 35 25 44 48 41 24
38 10 54 39 36 22 51 30 44 22 45 34 26 30 39 35 53 32 42 29
18 9 26 25 23 16 45 17 28 22 36 12 25 18 23 36 39 27 21 12
13 14 25 22 32 19 48 9 31 22 39 15 29 20 29 23 33 37 29 20
27 36 59 53 59 45 82 43 54 41 69 44 52 23 55 51 69 64 49 23
2 2 14 13 6 5 14 3 17 5 14 4 1 1 7 5 10 18 13 2
1 2 1 2 1 4 6 4 4 1 1 1 7 1 3 8 1 8 4 1
16 27 47 48 25 30 57 30 46 36 47 14 32 19 34 35 44 53 43 15
1 3 4 8 2 1 6 5 2 1 6 1 2 1 2 6 2 6 1 1
3 8 16 19 12 8 20 12 10 15 21 3 10 1 9 19 10 17 11 1
39 25 63 55 41 48 84 52 65 46 67 30 54 26 52 60 71 68 58 18
23 26 29 39 30 28 55 27 27 30 45 22 39 14 35 43 36 46 33 11
8 21 66 60 36 30 80 46 71 43 76 35 35 26 56 47 69 58 56 28
16 14 33 21 19 14 46 19 35 8 32 18 19 20 27 23 35 33 27 17
26 45 63 58 55 41 70 32 57 50 64 17 52 30 44 40 58 72 61 25
7 10 20 18 23 16 31 9 16 14 24 7 15 1 18 20 21 18 11 2
9 9 39 38 28 19 51 27 31 33 49 16 35 3 21 38 44 41 24 4
12 11 15 19 11 15 26 18 20 10 19 1 20 3 9 32 19 21 10 1
15 8 26 17 27 16 30 15 18 18 27 8 23 6 15 26 26 22 16 8
27 23 37 43 33 28 45 20 43 37 38 3 45 4 26 44 39 33 32 1
48 35 61 67 56 50 79 25 54 42 66 25 55 24 54 58 59 60 64 16
27 30 46 48 30 34 48 34 50 34 48 19 40 11 29 41 41 56 51 10
8 5 12 8 11 9 25 12 14 12 15 3 13 7 14 14 14 25 17 1
20 12 19 17 21 19 32 14 20 13 21 8 23 8 17 26 22 24 21 4
10 5 13 8 8 7 25 8 21 4 13 2 13 8 10 17 18 17 10 6
10 20 20 17 14 7 33 4 18 5 27 4 17 9 15 7 20 31 21 7
1 1 7 7 3 5 14 6 10 1 9 1 4 1 6 6 7 16 7 1
15 7 16 12 17 13 14 6 10 12 4 6 17 1 9 14 7 11 11 1
3 2 14 7 7 1 13 4 10 3 17 2 5 5 5 8 13 9 2 6
11 11 37 27 20 14 55 25 34 17 44 19 15 15 28 28 41 36 29 12
5 17 17 22 7 1 26 21 18 9 23 3 21 2 2 23 17 25 1 1
18 18 35 37 27 20 50 16 41 24 42 6 22 26 28 23 39 23 31 19
7 2 6 8 8 6 11 1 10 11 11 1 6 1 5 14 9 5 6 1
7 5 3 8 3 4 17 7 8 2 11 1 7 2 4 14 9 12 6 1
1 1 9 4 9 1 10 2 6 1 11 3 1 1 7 2 9 11 5 2
8 13 8 15 4 6 26 14 13 4 22 1 13 6 7 19 12 27 12 3
14 4 26 20 16 17 36 20 36 15 31 4 14 14 21 30 30 25 26 10
20 1 30 24 20 18 33 20 33 13 29 7 19 16 20 33 35 16 23 12
17 9 32 24 25 18 38 21 26 18 33 10 20 7 18 30 30 28 21 7
5 12 13 17 10 4 26 14 14 8 23 2 16 2 7 16 13 25 11 1
8 1 6 8 4 9 13 10 13 5 7 1 13 6 7 17 10 7 5 4
34 27 62 59 41 52 61 44 49 42 54 31 45 5 48 57 50 51 50 12
21 18 18 23 14 21 45 19 24 11 26 12 22 14 25 21 23 35 29 7
27 34 52 59 34 37 74 30 57 32 61 26 33 24 54 51 54 45 50 24
13 8 33 30 12 14 38 22 33 19 38 14 12 7 18 28 32 36 31 8
4 1 7 8 4 3 11 3 12 2 10 1 3 1 2 6 9 11 6 1
27 5 39 28 24 32 51 41 46 40 40 27 39 28 38 38 42 47 42 22
9 10 52 39 36 26 72 38 62 45 61 27 45 27 48 36 59 52 49 25
1 5 5 6 1 1 12 1 6 1 12 1 1 7 5 1 8 10 5 7
13 10 26 22 20 10 28 9 19 21 19 9 19 1 14 15 15 22 18 1
45 26 65 50 50 53 69 36 60 38 53 27 47 23 53 55 62 54 56 14
9 4 9 12 17 7 20 3 10 13 16 3 13 1 9 18 15 10 7 1
53 15 67 62 39 50 74 48 75 52 66 22 46 37 50 69 69 46 66 29
15 19 36 42 14 31 48 30 40 27 46 13 18 13 32 39 33 40 36 11
16 7 21 21 15 14 15 15 17 18 12 6 19 1 8 20 12 20 19 1
7 11 23 18 12 13 28 14 15 10 19 10 12 1 15 13 16 27 15 1
13 17 27 23 18 8 29 8 27 15 27 2 23 8 11 20 25 28 21 4
20 17 33 21 32 15 35 15 24 18 28 11 34 5 20 22 32 32 24 4
1 2 9 15 1 2 11 5 14 4 11 2 1 1 3 6 8 16 10 1
45 33 66 60 52 50 76 38 59 41 64 30 37 25 56 50 58 55 63 20
2 3 12 13 4 5 14 9 7 5 13 1 6 1 5 9 8 13 3 1
24 29 43 40 43 29 58 20 24 27 50 22 32 8 34 33 42 50 37 9
6 11 22 22 9 16 37 18 27 8 21 16 14 15 24 11 20 26 24 11
1 1 1 2 1 3 10 5 6 1 7 1 4 1 1 4 4 7 1 1
34 35 41 58 41 34 70 28 53 38 67 21 49 19 42 62 58 54 41 15
24 21 38 29 31 25 58 25 38 15 42 25 30 19 35 30 45 40 34 13
24 35 47 53 28 28 67 38 58 33 60 24 45 22 38 50 48 64 42 18
8 5 9 15 1 9 20 4 20 1 13 1 6 10 6 14 15 12 11 6
27 20 30 26 32 25 33 23 21 21 27 17 35 5 18 28 30 28 22 4
10 12 16 20 8 7 26 6 22 5 23 5 6 12 10 9 16 25 17 12
11 8 12 15 18 12 23 12 11 20 21 6 25 5 9 26 18 14 10 6
30 23 54 54 33 36 61 32 53 41 49 17 37 15 38 50 49 42 48 11
25 24 35 44 26 37 62 39 49 36 51 12 45 12 37 54 45 45 34 6
1 2 1 2 1 1 8 6 3 1 8 1 6 1 1 10 8 5 1 1
41 26 57 60 49 50 68 32 51 47 58 22 40 17 48 64 59 39 48 13
28 20 49 37 33 32 50 31 37 22 35 20 30 8 30 36 44 47 37 6
22 6 25 27 10 19 47 30 41 23 34 7 34 14 22 39 36 37 27 4
27 29 66 64 39 45 63 53 64 49 60 30 51 17 37 62 63 60 52 19
35 20 65 62 44 43 85 43 71 56 78 23 45 32 52 62 69 58 64 27
1 1 5 7 1 1 7 1 8 1 3 1 1 1 1 1 1 8 3 1
19 30 45 50 33 29 65 19 55 37 56 12 35 13 38 32 50 49 47 8
16 5 27 25 14 17 39 15 37 16 30 7 22 13 25 30 28 16 22 11
5 7 13 17 5 1 24 14 16 6 24 1 14 4 4 20 19 13 1 5
29 18 59 58 42 54 81 53 69 55 69 36 40 28 61 61 67 67 66 25
10 9 4 12 4 6 16 6 11 6 12 1 7 6 4 13 11 9 10 6
28 17 30 38 29 19 42 23 29 27 42 16 31 19 20 42 43 26 26 17
1 1 3 8 1 5 8 5 5 1 5 1 4 1 1 7 3 8 1 1
24 15 47 32 36 22 58 24 38 27 48 22 24 13 29 28 45 41 37 11
5 13 37 31 21 20 41 25 39 20 43 11 19 4 25 27 33 37 30 6
11 9 18 26 3 15 19 13 19 9 18 4 6 3 11 22 12 17 16 1
5 1 5 3 5 1 15 4 9 4 13 1 6 2 1 10 12 6 1 3
41 28 45 55 36 33 58 28 51 38 57 6 40 22 26 59 53 36 38 16
10 11 11 14 12 10 12 11 7 7 10 2 18 1 6 19 7 13 9 1
31 56 72 70 56 47 82 42 65 51 76 28 61 17 53 56 66 67 55 13
30 42 52 49 43 42 62 44 52 29 50 21 51 15 39 51 55 68 51 12
16 11 40 32 32 16 60 29 39 26 51 24 30 18 32 38 46 37 23 19
37 28 39 47 47 46 59 22 38 36 45 23 51 25 42 53 48 56 47 18
17 8 33 39 29 24 41 28 23 37 39 22 28 1 26 42 37 31 23 9
1 1 3 1 1 1 5 4 3 1 7 1 7 1 1 7 3 6 1 1
47 34 62 61 42 41 79 45 61 38 63 25 49 33 48 52 67 59 62 21
9 18 28 30 10 13 39 28 29 11 37 8 24 15 14 29 29 35 20 12
5 12 18 24 19 6 30 5 19 22 27 5 23 6 12 14 22 24 14 3
9 2 6 14 5 11 25 13 20 4 15 1 13 6 9 22 16 10 9 1
25 40 46 57 28 32 62 32 51 24 56 20 34 18 35 47 47 57 44 16
3 5 8 5 13 2 20 2 8 12 11 1 15 1 6 8 10 9 5 1
19 22 44 41 22 25 71 39 53 29 57 12 35 18 32 48 56 53 36 8
21 8 18 17 20 20 22 6 14 17 11 7 17 1 16 22 15 10 15 1
9 6 12 11 11 4 20 9 14 11 15 5 14 1 7 14 10 14 9 4
1 1 2 7 1 10 10 7 9 2 2 1 8 4 7 8 3 8 6 1
13 13 12 20 8 7 27 6 17 8 24 3 6 10 9 12 18 22 17 10
27 27 48 57 22 29 61 16 53 31 58 17 25 19 36 40 47 42 47 18
8 10 18 19 8 7 22 14 18 6 19 1 13 1 5 21 17 19 7 2
12 8 15 17 13 14 21 7 16 17 18 1 15 5 11 21 8 12 16 5
44 42 54 63 45 42 77 46 57 34 69 33 45 37 48 57 66 41 49 31
12 9 23 23 15 17 19 12 17 15 23 1 11 1 14 26 14 16 13 1
37 23 67 67 32 35 59 53 61 41 62 36 42 16 42 64 60 47 46 20
10 9 16 19 12 2 25 1 16 12 18 1 11 1 3 15 16 19 13 1
6 1 19 18 13 10 25 7 19 21 24 2 11 1 11 18 15 16 17 1
10 13 27 29 17 8 37 16 29 21 33 9 19 8 16 20 28 28 19 6
14 9 21 22 20 18 21 9 14 20 17 1 12 1 12 28 16 13 14 1
11 18 29 27 20 20 49 26 31 21 32 10 27 3 24 32 33 38 24 1
3 16 30 31 15 10 36 16 26 24 30 11 16 7 20 13 24 33 23 4
5 8 9 8 4 1 10 3 7 6 6 1 8 3 1 7 1 13 7 1
31 34 68 66 45 45 61 55 60 51 65 41 42 26 43 63 67 54 54 29
16 3 11 13 10 21 37 15 29 14 23 1 20 13 19 30 27 19 18 4
11 18 24 20 21 19 31 20 19 16 26 6 18 6 18 30 26 32 22 4
39 18 39 45 37 42 68 24 54 44 54 20 41 22 49 56 56 37 47 12
9 11 26 18 22 12 34 13 27 17 31 6 23 6 14 24 25 25 18 8
22 22 47 37 28 29 64 31 46 23 46 24 37 25 43 26 48 51 41 17
22 12 50 50 38 49 78 41 55 46 64 30 45 9 56 58 61 61 53 14
10 1 13 12 8 14 18 6 20 11 14 1 17 1 13 22 8 6 11 1
39 18 45 49 21 43 69 43 57 40 55 21 47 28 42 59 51 54 47 20
11 1 15 13 9 7 10 11 6 13 14 5 14 1 4 15 7 12 9 1
23 20 31 28 38 19 39 14 27 29 35 14 31 9 19 27 33 36 32 10
26 11 25 33 12 29 47 24 45 19 40 4 20 26 29 40 39 24 35 16
5 1 14 12 10 6 23 5 21 7 19 3 6 6 9 10 16 13 10 7
6 1 12 12 7 8 15 1 16 5 12 1 6 1 9 12 7 9 9 1
5 4 13 8 10 10 26 12 21 5 17 4 12 10 14 12 17 20 12 7
16 24 44 42 23 14 64 29 53 21 57 16 28 19 29 32 45 49 34 18
16 26 38 32 33 18 66 23 41 26 52 14 33 22 33 29 47 51 39 13
1 2 5 6 5 5 14 8 7 3 14 1 7 1 3 9 7 12 4 1
9 2 21 21 13 18 34 16 28 21 24 6 15 4 22 23 18 24 23 1
27 38 46 43 40 29 52 40 36 25 48 25 45 14 35 43 42 54 34 10
15 11 36 35 16 19 36 17 37 31 29 7 25 7 20 28 27 28 31 4
33 31 53 61 21 37 72 43 55 14 63 30 25 26 53 48 55 54 52 23
6 3 22 20 6 15 41 25 30 16 35 8 16 15 19 20 31 31 19 9
16 13 30 17 31 25 42 20 27 23 27 14 30 11 29 26 30 35 29 7
35 36 48 45 50 40 53 33 39 38 45 24 55 11 34 45 45 52 46 5
9 13 27 26 26 21 40 21 27 23 37 9 24 3 24 37 27 28 18 3
52 16 62 55 37 49 70 44 71 45 60 23 41 43 54 66 64 34 60 35
7 2 12 5 5 5 12 6 9 6 8 1 14 3 2 13 7 7 5 4
31 21 41 43 31 17 64 36 49 25 57 27 33 32 39 48 52 42 39 32
1 7 6 11 2 5 17 15 7 4 16 1 13 1 2 17 10 14 1 1
14 26 41 47 29 13 68 33 48 27 67 26 26 22 35 37 57 53 34 23
19 24 26 25 22 17 31 5 15 11 21 5 26 9 19 16 16 29 24 6
18 31 55 45 39 21 73 54 56 41 71 35 45 31 41 48 63 61 37 28
5 6 8 11 6 9 18 11 12 3 15 2 12 1 9 17 11 10 3 2
25 38 60 64 33 38 69 33 67 36 65 18 39 31 48 52 60 48 53 25
32 18 36 34 33 25 40 20 34 22 31 10 27 12 20 36 35 34 35 9
15 12 19 20 15 18 31 9 22 4 14 10 18 1 19 14 19 18 17 1
8 3 10 10 5 2 7 3 8 7 8 2 6 2 2 9 6 9 5 3
14 15 20 22 15 18 27 16 20 9 18 7 12 5 15 26 18 19 11 1
35 12 39 25 41 32 51 32 38 30 34 16 37 21 33 42 44 33 36 15
2 9 13 10 6 5 24 10 8 2 19 2 7 2 7 12 12 15 3 3
7 7 12 6 9 5 15 8 7 5 10 3 13 2 7 13 5 11 4 3
6 1 15 17 1 8 22 6 24 4 18 4 4 7 11 13 16 5 11 8
1 4 21 15 5 1 28 13 25 9 28 8 5 1 8 11 22 29 17 3
25 40 48 50 37 32 79 49 52 40 64 26 57 18 46 50 64 70 42 2
19 12 36 37 36 20 55 32 35 32 46 14 44 2 20 51 48 43 24 2
4 4 10 10 4 6 12 8 11 3 15 1 7 4 3 10 11 10 4 5
42 33 46 58 36 47 58 40 55 38 53 27 47 23 36 61 52 56 55 19
13 7 11 16 6 17 26 13 27 11 14 1 19 7 18 25 16 19 20 1
35 37 65 52 46 29 72 22 58 35 60 32 40 32 50 28 62 55 57 25
14 26 26 30 20 12 47 18 30 15 46 8 28 14 16 27 32 43 26 15
30 7 45 35 31 29 58 33 53 42 45 17 35 22 30 43 56 43 45 14
7 13 15 20 15 10 31 14 26 14 21 1 26 8 16 20 20 23 16 3
5 1 9 9 4 8 15 8 14 8 15 1 14 2 4 18 10 5 3 3
6 7 9 12 1 4 19 10 12 5 14 2 12 2 3 13 9 20 10 1
28 31 56 56 28 39 62 48 56 47 57 24 49 26 39 47 54 63 57 18
32 16 40 40 21 27 61 24 53 13 49 18 20 38 41 37 47 42 45 29
8 4 14 20 1 8 26 15 26 4 22 7 9 9 9 17 20 12 11 9
21 27 54 48 30 32 59 32 52 31 44 21 35 26 44 36 47 46 44 18
6 9 1 5 1 2 8 1 3 1 6 1 1 5 5 3 3 9 8 4
31 33 58 57 36 38 66 26 53 36 56 34 38 22 51 34 49 54 57 22
4 2 15 11 6 7 27 10 23 4 22 4 12 7 8 12 18 17 10 7
24 25 46 41 30 30 57 20 48 21 47 12 21 20 36 36 42 39 39 16
14 11 26 23 21 17 26 12 14 19 23 8 17 2 13 22 18 20 16 3
1 2 8 8 1 1 8 1 7 1 11 1 1 1 1 3 8 13 4 1
7 3 16 15 6 5 10 13 5 11 15 3 12 1 2 15 8 13 7 1
8 5 11 16 20 15 25 10 10 22 19 9 26 2 13 26 15 18 12 1
5 1 14 15 6 4 33 14 20 10 24 6 10 10 15 18 24 15 11 7
3 19 30 33 12 19 42 31 33 13 39 17 15 9 25 28 32 35 23 10
2 1 11 14 1 5 10 4 14 4 12 3 2 5 5 7 8 6 8 6
11 10 16 13 13 7 18 6 9 10 14 4 13 7 8 12 7 16 12 7
20 12 25 21 21 16 31 3 21 11 19 9 18 2 15 17 22 21 19 2
10 14 20 23 16 23 42 21 27 20 23 14 24 11 26 21 22 34 30 4
18 13 26 23 24 14 48 17 31 18 39 11 19 14 19 28 34 28 23 12
4 6 4 5 7 2 12 2 3 3 8 1 4 2 4 6 5 11 6 1
7 14 20 21 10 13 35 19 22 6 26 16 16 14 23 12 20 24 22 12
9 5 14 12 10 10 13 7 11 11 13 1 11 1 5 19 9 13 10 1
23 13 26 31 11 19 49 28 33 12 38 13 15 30 29 36 37 26 29 20
25 19 26 32 17 24 34 17 32 19 24 1 33 17 21 34 27 35 34 6
1 5 1 4 1 3 11 3 4 1 5 1 4 2 2 2 1 13 6 1
12 7 25 16 15 12 28 15 18 10 23 11 17 12 17 19 17 17 11 12
12 8 27 24 8 7 32 14 31 7 31 8 14 10 9 21 27 24 17 10
11 13 20 28 9 7 30 15 30 11 29 1 19 3 4 29 27 23 11 1
7 2 19 14 11 7 19 13 15 12 18 5 15 1 8 14 11 21 12 1
1 1 8 11 2 2 15 7 9 10 12 5 1 1 7 6 6 14 10 1
13 5 15 17 9 15 12 10 14 15 10 3 14 1 10 21 4 10 15 1
1 4 5 3 4 4 10 2 1 1 3 2 4 1 6 1 1 11 5 1
10 6 12 10 8 5 9 6 6 9 11 1 10 1 1 12 7 14 7 1
30 25 61 43 46 34 56 39 44 31 51 32 44 16 35 35 52 52 43 18
9 13 17 23 8 16 22 11 19 11 25 1 15 1 13 25 17 18 14 1
21 30 41 43 23 38 62 34 47 29 47 16 34 21 42 38 41 58 46 16
39 44 48 56 42 42 70 29 58 37 58 15 59 33 44 60 54 64 52 21
1 7 14 19 3 7 14 10 13 7 13 3 4 1 8 11 5 17 11 1
6 8 17 20 17 16 35 12 23 15 32 2 15 7 22 21 19 26 26 4
19 10 31 28 20 18 35 25 27 16 32 3 21 5 13 37 31 29 19 2
10 14 29 24 17 17 36 13 27 11 31 5 17 3 18 25 24 23 13 4
14 1 11 12 8 8 19 5 14 9 12 1 4 5 5 17 14 7 8 2
38 32 55 57 41 39 69 29 51 38 58 19 33 31 42 47 50 33 47 28
23 19 21 22 20 27 36 18 23 14 21 7 33 9 23 28 23 32 29 4
1 1 4 6 3 1 6 1 6 2 3 1 2 1 2 4 2 2 1 1
25 21 37 39 35 28 50 34 37 31 45 9 31 14 23 52 44 24 23 14
27 22 37 42 26 31 46 20 40 34 38 5 38 17 30 37 31 39 45 10
23 33 58 53 40 33 57 47 46 34 58 32 40 7 40 47 53 59 40 9
9 6 12 9 15 9 18 4 8 8 10 7 11 1 10 7 9 12 6 1
41 32 69 64 48 40 76 46 63 44 69 33 47 27 52 68 68 48 52 30
31 30 42 42 35 32 52 28 35 25 48 22 38 16 34 39 42 38 37 13
9 11 14 17 9 7 16 4 17 10 12 1 12 4 8 12 10 20 16 1
27 30 41 47 25 24 58 37 48 29 46 12 38 16 27 53 39 47 26 5
36 20 43 57 39 43 76 31 55 45 63 12 47 24 48 61 55 49 52 15
1 5 5 7 1 2 12 6 6 2 14 1 8 2 1 9 6 12 3 2
34 35 56 63 43 55 82 53 73 48 70 24 46 24 56 71 66 62 57 17
1 2 20 11 10 1 23 12 19 6 27 9 7 8 12 9 21 18 12 10
11 6 17 16 8 12 31 21 23 19 19 8 21 6 15 25 19 27 20 1
3 18 25 28 9 5 34 20 31 9 33 3 19 1 7 23 28 37 17 1
3 10 13 18 7 1 24 5 16 6 20 1 9 2 8 7 14 25 15 1
9 1 11 10 5 8 8 3 11 6 8 1 10 4 4 13 9 5 3 5
17 24 51 57 23 34 64 34 59 32 59 18 32 7 40 48 52 49 41 11
8 10 17 17 14 20 28 17 19 17 18 2 19 5 14 28 19 22 12 1
23 28 31 41 16 12 44 29 41 21 40 12 29 19 15 40 34 37 19 13
21 3 33 22 19 23 50 37 41 35 43 20 33 21 31 38 44 42 34 16
27 21 35 41 21 35 53 31 47 21 40 6 33 15 31 51 41 33 28 7
3 2 9 10 5 4 19 3 14 6 16 4 5 7 4 5 14 8 4 8
22 44 66 73 32 36 78 42 66 34 75 29 39 19 53 48 62 65 55 19
29 18 32 33 27 31 44 23 30 22 32 12 32 9 27 38 31 34 34 1
8 10 5 13 6 12 31 13 14 12 26 1 19 14 15 21 20 24 15 7
3 4 7 13 4 7 20 12 17 3 17 1 11 1 5 18 14 16 4 1
3 6 6 6 12 4 23 3 7 4 19 1 8 2 9 8 10 15 9 3
1 2 8 9 8 12 16 10 14 2 11 2 9 4 14 12 10 15 10 1
15 7 28 17 27 18 33 9 22 19 24 5 26 1 14 23 24 21 21 3
7 10 20 14 19 8 38 22 32 13 30 5 26 7 15 28 30 32 15 6
9 3 6 10 5 4 13 5 10 3 12 1 5 3 4 12 13 8 5 3
21 8 35 28 30 25 49 19 35 27 32 15 32 13 30 34 37 33 29 9
40 26 42 41 29 40 68 29 52 31 51 18 46 33 43 48 51 55 49 24
37 44 74 61 55 39 70 41 63 44 66 37 47 39 49 39 64 68 64 36
30 24 46 44 36 40 54 39 45 39 44 16 47 7 30 54 47 45 38 2
27 27 59 62 57 45 75 47 58 58 77 39 49 12 57 63 68 62 54 20
2 3 4 9 15 2 21 1 3 12 20 2 12 1 7 14 16 14 7 1
7 7 7 9 1 1 7 7 5 4 9 1 7 1 1 12 6 11 6 1
31 30 44 38 40 25 49 19 38 25 43 18 39 17 33 31 44 41 35 8
31 28 57 57 28 29 53 44 52 35 50 29 36 16 35 53 50 45 39 15
18 17 47 37 37 24 49 18 39 38 45 9 32 10 26 31 38 41 41 10
1 5 2 5 1 2 6 8 3 1 7 1 5 1 1 9 2 9 1 1
22 13 37 33 24 31 38 21 29 22 24 9 26 3 24 32 26 32 28 1
19 8 30 32 35 16 43 9 26 34 34 9 31 10 20 33 37 22 24 5
5 24 24 26 23 22 44 23 26 14 34 9 28 1 21 32 30 35 17 3
31 27 44 52 27 39 71 32 54 43 61 13 46 25 47 52 50 54 49 17
22 38 42 44 30 18 66 19 48 14 58 14 37 25 32 35 50 53 34 22
14 30 44 45 32 16 56 21 42 33 53 8 39 10 25 39 41 41 24 5
24 18 25 38 28 21 49 13 30 26 45 16 28 17 25 36 37 37 32 14
1 6 16 13 9 1 23 7 17 10 20 3 11 1 7 4 12 22 14 1
32 19 48 41 38 38 74 46 52 39 59 29 46 17 46 52 61 59 51 14
17 14 33 21 23 16 44 15 32 7 32 19 21 14 27 16 35 29 24 14
43 33 63 61 45 43 69 44 61 41 61 28 46 20 43 56 62 46 54 15
9 2 17 16 5 10 27 6 27 5 23 1 7 5 7 19 21 14 16 3
10 11 21 18 13 15 23 8 14 2 21 9 10 3 15 13 19 17 11 4
16 16 21 24 16 22 44 19 29 17 29 12 18 16 28 21 23 38 30 10
27 23 37 31 43 18 47 14 27 31 36 17 35 9 25 26 38 43 37 8
20 27 64 55 44 41 82 43 75 51 71 27 46 34 56 51 70 60 59 27
29 14 51 55 26 39 62 48 59 37 54 26 38 25 40 58 54 47 44 25
8 4 18 13 9 5 14 10 6 15 13 2 10 1 3 12 10 14 11 1
35 4 49 44 40 37 72 38 50 37 58 37 45 28 57 53 61 45 49 26
18 21 40 38 38 27 41 28 34 33 41 15 35 7 18 44 44 34 24 10
35 41 56 66 51 50 76 36 51 46 68 35 44 10 53 59 60 58 55 6
14 10 16 17 16 22 32 19 21 16 18 11 24 8 23 23 15 23 20 1
4 17 28 28 13 11 32 11 23 13 28 10 15 2 18 11 20 34 25 1
22 16 37 35 30 22 51 16 32 26 40 23 22 6 32 25 36 42 38 9
5 7 13 14 5 5 18 10 10 9 14 5 5 1 4 8 10 16 7 4
7 4 7 10 5 4 15 6 14 4 8 1 13 1 5 13 9 10 5 1
10 16 21 24 14 22 39 28 29 18 27 5 23 10 20 29 26 35 23 3
19 11 34 33 12 16 31 13 31 20 25 8 14 9 13 27 24 23 23 8
19 13 35 37 28 22 52 29 36 29 48 15 16 14 27 38 42 35 33 11
15 22 26 27 16 13 49 19 33 14 35 9 30 18 24 23 29 38 26 12
15 28 31 34 30 16 49 17 37 30 44 3 43 17 19 33 41 40 26 12
30 32 68 52 51 48 79 62 68 57 72 37 64 40 53 66 77 67 59 37
7 4 10 9 8 4 19 9 11 9 16 1 17 1 2 16 11 14 3 1
15 14 17 19 5 17 31 20 23 10 27 6 21 24 21 22 21 28 23 17
8 8 21 30 1 15 29 18 28 13 29 8 7 5 17 24 19 27 24 5
30 42 57 64 42 53 67 53 59 42 63 30 50 21 44 64 59 73 58 23
1 1 2 4 2 1 6 1 1 1 7 1 1 1 1 2 2 4 1 1
42 38 52 57 38 40 57 45 56 39 56 20 51 10 37 70 54 48 34 4
5 10 19 18 7 9 28 15 18 7 19 4 16 1 9 17 13 22 10 1
8 3 11 10 5 1 9 2 5 7 8 1 5 1 1 10 5 14 7 1
26 13 38 36 32 23 57 17 44 26 48 5 28 26 29 36 45 32 38 21
29 26 46 53 21 34 73 49 58 35 62 26 42 28 44 56 60 55 40 18
4 4 6 5 3 1 11 5 5 5 11 1 7 1 1 9 5 11 3 1
19 30 39 26 35 26 56 37 35 18 46 22 38 15 34 34 45 49 30 10
3 8 12 12 6 6 19 9 15 2 15 2 13 2 6 11 8 16 7 3
11 1 13 15 9 15 30 10 27 10 19 1 14 10 11 23 23 17 14 3
7 2 14 18 2 7 25 8 24 3 15 6 5 9 10 12 16 9 11 9
28 17 46 39 26 37 58 43 50 40 49 21 38 27 37 47 48 57 48 21
15 18 25 26 18 11 33 12 15 17 32 1 21 8 10 25 21 29 20 8
14 16 19 29 25 21 40 10 20 25 30 7 32 4 23 31 18 26 23 3
1 4 18 13 18 8 25 9 22 15 22 10 8 8 16 7 18 22 19 9
29 28 54 51 40 48 65 46 60 45 57 20 49 27 38 67 64 55 50 20
28 31 65 61 36 52 83 51 66 51 66 38 53 32 62 48 66 74 62 28
7 1 10 5 8 3 16 3 12 4 12 3 6 6 6 8 14 8 3 7
50 32 50 45 44 45 72 28 47 26 59 25 47 39 49 55 61 48 52 29
26 26 53 45 38 32 46 20 43 33 45 11 32 6 26 36 40 40 40 5
1 8 8 12 1 2 18 12 13 1 19 1 12 3 4 14 13 17 2 3
40 30 52 49 51 37 53 23 45 41 44 18 43 16 31 38 51 41 47 7
20 14 32 40 26 18 50 28 37 26 49 8 22 12 19 42 44 31 23 9
12 11 32 31 15 18 45 24 32 23 38 11 26 1 18 36 31 30 18 3
24 19 39 40 23 22 48 19 39 21 47 12 13 22 24 38 41 28 32 19
31 34 54 60 48 53 83 42 57 44 66 33 54 20 59 59 67 62 52 14
16 25 28 29 17 19 50 33 34 19 36 12 35 15 24 32 32 47 25 8
32 27 52 54 40 30 60 34 54 45 58 26 46 15 30 49 58 51 48 8
1 6 10 8 5 5 18 11 10 1 14 2 11 2 6 11 9 11 1 3
10 3 9 9 6 4 18 3 14 7 13 1 6 4 2 12 13 7 8 1
58 43 63 64 49 54 61 26 56 37 50 32 49 20 47 51 53 50 61 18
3 5 11 14 1 4 22 13 20 7 16 1 16 1 4 14 12 18 9 1
37 41 42 54 31 33 57 20 49 23 52 15 38 18 34 52 42 46 37 18
30 24 31 31 31 20 34 20 20 22 32 13 33 7 13 36 36 28 24 6
26 12 39 38 17 22 63 39 51 22 51 20 23 29 37 44 51 39 40 19
5 11 21 23 7 10 23 12 19 11 22 4 11 3 10 15 10 26 19 2
22 37 45 49 44 26 67 17 46 37 60 20 44 21 43 30 51 60 47 18
27 18 36 40 45 37 56 35 36 38 47 24 53 11 35 54 49 43 33 15
25 17 35 34 25 34 51 27 38 35 38 9 38 17 33 43 33 41 34 9
23 38 66 61 50 35 75 25 68 54 72 21 41 17 49 42 67 60 57 17
4 7 14 9 8 5 22 7 12 6 17 1 8 4 5 8 15 15 5 5
7 10 13 16 4 16 21 18 24 9 16 1 22 9 13 23 14 23 16 5
15 14 34 32 19 22 43 19 40 11 35 5 12 15 21 28 36 32 27 12
25 23 28 29 23 20 33 19 18 12 22 10 31 1 13 29 25 30 23 1
31 31 60 61 33 40 75 48 69 38 64 28 42 32 55 66 63 51 52 29
4 13 21 27 7 17 35 22 26 12 29 4 9 8 19 24 20 29 22 5
21 24 32 26 29 19 41 19 22 10 39 21 21 18 31 17 31 44 34 18
10 1 11 5 12 5 13 3 9 6 5 1 11 1 4 13 10 11 6 1
1 2 3 2 1 1 5 1 3 1 8 1 1 1 1 1 5 11 6 1
11 23 40 35 20 21 50 32 38 14 42 19 25 16 28 33 34 38 29 16
33 8 57 45 41 30 64 28 62 46 62 22 29 28 42 45 56 28 49 27
22 17 42 49 30 27 45 36 36 33 53 22 39 12 23 54 51 35 30 13
15 15 10 16 16 18 35 16 13 9 21 7 22 8 21 21 22 27 18 1
37 27 43 41 37 34 40 25 36 30 35 20 38 1 23 39 36 41 41 1
5 1 3 3 1 8 17 12 12 3 7 1 14 5 7 14 9 13 7 1
6 21 29 28 22 8 44 27 35 16 41 15 25 13 18 21 29 46 26 13
15 13 27 27 16 20 39 28 25 22 35 9 29 19 18 35 33 28 23 13
4 9 17 15 12 11 24 10 18 12 27 3 11 5 10 18 19 17 13 6
22 14 39 30 29 33 39 19 34 21 33 9 24 10 31 37 32 25 27 9
20 31 54 53 52 40 79 40 53 48 69 26 45 30 50 56 65 64 56 24
2 1 2 1 1 1 8 1 4 1 2 1 4 1 2 6 2 6 1 1
6 1 26 17 12 8 22 7 21 7 25 8 5 7 17 15 18 10 12 9
11 9 15 22 4 11 15 10 15 6 16 1 7 2 7 24 12 14 11 1
24 22 35 32 23 20 48 22 32 11 41 11 20 18 22 32 40 31 24 15
6 1 3 1 9 1 5 1 1 7 1 1 5 1 1 7 1 1 1 1
22 20 24 32 20 18 19 25 24 18 23 6 29 1 6 39 27 28 18 1
6 14 28 19 23 7 41 12 24 22 33 8 24 7 18 14 25 30 19 5
35 24 62 61 48 43 83 31 63 43 66 37 45 30 54 52 67 60 62 31
14 15 14 19 7 8 27 8 15 8 26 1 7 10 5 19 20 23 13 8
1 1 2 5 3 6 13 6 8 2 8 1 7 2 5 9 6 4 2 1
19 18 20 23 21 18 36 17 22 11 22 11 31 1 18 27 22 24 15 1
18 26 32 38 30 34 53 26 29 21 44 21 31 13 38 40 39 35 30 10
29 10 56 54 24 30 59 30 58 37 58 23 22 18 39 49 50 35 46 21
7 1 11 7 6 3 9 6 8 10 10 4 8 3 3 9 6 7 6 4
12 21 28 31 19 21 34 24 29 16 29 11 20 6 19 33 24 32 22 8
