1000 20 14 1605
12 5 3 11 7 1 3 10 5 16 1 3 15 22
1 8 1 3 1 0 4 0 1 2 3 1 1 8
7 12 9 4 5 12 4 4 4 18 15 4 2 10
5 9 3 2 1 9 6 3 5 11 10 4 1 0
2 10 6 8 3 0 5 3 7 7 1 3 7 3
6 3 5 23 12 13 3 10 7 6 1 6 4 8
1 18 9 1 15 13 4 6 2 5 17 8 16 4
11 15 12 3 9 17 8 7 4 4 3 1 11 3
1 12 9 5 10 6 14 10 10 8 1 15 14 5
2 4 18 11 5 2 9 6 5 14 1 1 5 3
1 2 2 1 5 3 5 3 6 1 3 1 6 2
2 14 10 8 5 1 7 20 12 1 3 17 4 11
7 3 11 14 1 11 3 18 5 3 11 11 14 6
2 0 5 1 9 1 1 3 6 8 5 2 10 7
11 6 9 5 3 0 19 1 5 15 8 4 7 14
7 8 5 3 1 1 8 1 0 3 3 0 7 4
5 1 12 13 10 8 3 9 10 4 2 19 8 11
5 1 9 12 1 3 3 1 16 4 7 4 6 2
2 7 7 1 2 11 7 17 5 4 4 2 6 5
22 4 1 13 14 7 6 3 8 1 4 10 4 16
6 0 1 0 15 2 6 3 1 19 7 1 14 14
2 10 9 8 13 7 5 14 11 3 4 19 5 6
4 16 5 7 14 5 10 12 13 7 4 1 0 5
4 1 6 5 2 5 5 14 1 4 4 7 3 3
3 0 14 11 10 1 10 13 11 1 19 11 5 2
2 14 6 2 20 6 2 12 4 12 6 6 2 2
0 6 15 5 1 0 2 2 8 14 9 2 5 13
7 6 2 17 13 0 7 3 4 9 7 10 5 1
5 10 7 2 18 5 4 4 2 11 9 7 1 1
2 7 2 1 0 1 13 2 7 9 2 5 7 1
3 3 2 0 7 5 2 1 8 2 7 2 7 4
11 4 0 1 8 11 6 6 5 2 12 12 5 5
7 6 5 10 2 7 5 6 7 8 4 13 6 8
7 2 0 3 4 4 3 3 3 0 6 1 4 4
5 1 3 13 10 1 4 5 11 11 3 10 5 1
0 8 6 22 22 3 2 3 10 3 0 1 2 6
5 6 6 4 5 8 3 9 3 5 1 2 7 4
2 9 1 4 2 2 10 2 6 4 9 10 1 3
0 18 6 5 6 7 7 3 5 5 5 7 25 5
3 9 15 4 7 7 7 9 7 1 7 1 19 5
1 4 5 12 8 6 2 9 14 1 6 28 9 4
1 7 1 4 2 5 3 8 5 6 3 7 2 3
7 5 3 5 1 9 3 4 12 9 5 6 7 6
3 2 7 4 14 5 4 8 1 8 1 8 4 6
0 10 9 2 13 1 3 3 3 4 10 7 6 6
12 5 20 3 9 2 2 1 7 1 10 13 1 10
0 0 4 3 3 1 2 4 5 5 1 3 0 0
3 1 0 6 5 3 1 8 1 1 1 0 2 4
1 6 7 9 8 1 5 14 5 3 6 3 6 1
1 5 2 5 3 2 1 0 2 5 3 4 5 3
5 9 10 1 3 1 5 1 5 4 8 1 7 6
12 5 6 15 6 2 11 1 5 2 4 11 8 10
19 14 7 5 4 7 12 4 3 4 6 9 6 7
4 0 1 3 8 10 5 1 1 10 7 4 6 0
0 11 10 7 5 14 14 7 6 13 6 9 13 6
1 5 0 2 2 3 3 3 1 8 0 1 0 1
0 1 7 0 2 1 0 2 3 4 4 4 1 1
20 1 0 1 7 3 10 6 0 11 16 0 8 17
11 6 8 17 6 1 1 1 7 6 15 1 0 1
5 2 1 8 13 4 6 1 2 18 5 4 4 13
2 2 3 1 3 6 2 3 5 3 4 1 2 3
6 13 2 1 9 4 5 6 7 0 7 7 13 3
11 1 4 7 0 1 4 4 3 7 8 8 9 3
4 2 4 3 4 12 2 3 2 7 7 14 2 4
2 9 8 4 3 6 12 6 6 9 5 6 3 1
2 5 3 9 4 8 8 2 2 5 3 3 8 0
12 1 1 13 8 2 4 10 4 5 9 7 2 23
2 8 4 5 4 3 2 2 2 3 2 5 8 0
9 3 0 5 9 8 9 5 9 7 6 9 3 3
3 3 1 2 6 6 1 3 1 2 3 1 1 3
1 13 10 6 2 16 9 8 0 13 8 3 1 7
9 9 1 12 3 1 8 11 7 4 7 13 2 4
8 14 3 18 4 12 3 21 8 3 6 1 15 7
7 2 5 4 2 3 3 0 2 2 4 0 1 9
5 4 1 1 4 19 14 10 4 12 2 2 10 6
1 0 5 2 1 3 3 1 5 3 2 0 5 1
10 7 12 8 14 3 4 4 8 12 6 9 6 15
10 6 8 5 12 5 0 4 9 4 1 1 1 6
3 1 4 3 1 2 2 1 1 3 5 5 5 0
6 1 5 11 7 2 6 3 2 3 7 5 15 9
1 3 16 2 12 3 1 5 8 5 0 2 1 18
9 3 7 6 2 7 11 1 4 8 2 7 14 6
6 8 0 2 6 9 15 5 1 11 7 7 6 1
5 1 2 0 4 2 1 1 0 1 5 1 2 6
8 3 13 6 5 1 12 6 13 9 15 2 2 9
4 4 2 4 1 9 8 10 8 0 5 1 3 1
11 5 5 1 6 4 3 1 1 2 11 4 1 15
13 8 12 13 10 1 3 12 5 10 5 16 5 12
16 6 8 5 5 6 1 2 5 12 2 26 3 1
7 6 2 2 7 3 3 12 10 9 4 4 11 9
1 2 4 3 7 2 0 1 0 5 4 2 0 1
6 3 2 2 11 2 5 3 3 1 3 4 1 3
1 2 6 0 0 13 9 6 3 0 2 5 5 4
6 6 2 16 2 6 7 21 9 1 1 3 5 5
25 8 2 2 10 6 2 3 5 0 7 4 13 7
1 7 9 3 1 6 6 1 10 3 1 4 3 1
10 1 10 1 7 1 2 4 2 2 2 2 2 3
3 3 5 12 3 7 2 20 14 4 12 9 14 16
9 2 10 2 2 10 3 1 1 2 7 9 4 2
0 3 9 6 8 4 6 0 4 4 7 12 13 6
5 0 3 10 16 13 11 4 2 13 2 5 8 3
2 3 7 3 0 3 2 7 3 0 6 12 3 2
2 2 1 4 0 2 4 0 8 6 9 5 2 3
4 4 3 1 1 4 0 2 1 8 1 10 0 4
1 7 3 6 8 5 8 5 3 1 8 8 1 6
1 6 2 0 5 4 4 5 0 2 7 8 5 0
5 8 7 2 4 1 3 1 4 3 9 2 2 6
11 4 4 11 10 4 15 10 5 22 12 6 0 13
2 5 5 5 4 5 1 3 10 0 5 1 2 6
10 5 0 1 8 14 15 16 0 0 1 1 1 9
1 8 1 1 2 3 8 5 5 7 2 3 6 6
6 2 3 2 3 1 2 4 3 4 5 3 1 2
7 2 7 16 5 9 28 8 3 11 6 3 8 6
0 2 1 6 3 1 5 1 2 12 3 6 0 5
4 1 4 3 0 2 1 5 1 3 0 2 0 5
3 6 7 15 0 7 7 5 6 7 4 5 5 2
6 2 3 3 7 4 8 1 2 2 1 2 1 2
1 4 1 2 4 5 1 3 0 7 5 4 5 6
4 1 8 6 5 12 3 6 9 11 3 2 0 2
3 2 1 3 5 1 6 4 2 4 0 1 3 1
1 3 2 4 3 4 1 4 1 3 6 1 1 4
3 1 5 4 1 2 2 4 1 0 5 3 4 1
7 10 12 10 11 15 11 5 6 8 12 9 12 1
2 4 3 3 1 3 8 7 1 3 3 1 3 6
12 4 4 4 6 5 2 14 6 6 10 7 1 12
5 5 6 1 2 1 2 1 4 1 1 4 1 4
3 1 2 3 8 6 6 11 4 2 3 7 2 10
13 14 10 8 2 6 10 0 6 0 2 0 2 1
3 1 4 1 8 3 3 1 10 1 3 5 1 0
9 2 16 12 11 4 0 3 18 8 6 8 14 10
3 10 9 0 4 1 12 19 6 2 5 9 15 1
2 8 8 16 11 8 11 18 13 2 7 10 10 8
10 3 3 9 13 3 5 4 4 0 10 2 0 4
2 3 0 0 3 1 7 8 0 4 3 2 1 2
5 12 4 6 4 10 3 8 11 1 7 6 15 10
6 7 4 1 2 8 8 4 18 1 4 5 10 1
13 8 4 2 8 2 5 8 8 2 20 12 2 0
1 9 0 3 0 1 1 4 2 5 8 1 4 6
7 4 3 16 3 19 14 8 2 4 7 5 10 1
11 9 2 10 13 13 6 4 1 11 8 12 11 9
0 6 1 0 0 1 0 4 1 10 6 2 2 11
0 12 8 2 3 4 12 2 8 10 2 23 11 17
5 5 8 4 1 3 6 7 8 7 3 2 3 10
3 10 3 20 9 5 3 3 3 9 16 7 7 4
4 3 5 1 20 5 0 1 3 0 4 2 11 8
21 3 9 4 1 12 6 11 6 3 14 7 4 4
7 6 18 7 6 1 5 9 0 7 0 10 3 5
2 3 1 0 1 6 2 2 4 4 1 1 2 8
4 4 1 1 3 15 9 9 5 18 7 9 11 3
4 10 2 2 6 5 11 16 2 1 7 5 7 1
4 5 1 9 6 9 0 4 10 12 2 6 22 3
4 1 2 6 3 6 2 7 3 7 2 2 1 4
1 2 2 3 0 8 7 10 14 10 7 21 2 2
7 3 9 13 2 9 1 12 7 9 6 10 3 0
1 1 2 1 3 6 5 2 3 1 6 1 1 4
6 1 3 5 3 4 5 9 2 4 4 1 1 1
2 5 4 3 0 4 4 1 2 11 4 1 10 2
3 1 2 7 1 3 7 5 2 6 3 0 0 1
9 1 2 5 1 4 5 3 4 3 0 16 4 1
0 13 1 9 3 8 13 7 4 10 1 16 14 19
23 7 11 15 9 2 5 5 1 2 4 9 3 3
3 2 2 2 8 1 3 4 1 4 6 3 2 2
3 8 4 3 7 5 1 1 6 26 6 5 11 5
10 9 21 12 7 7 19 7 1 9 6 5 8 10
1 11 6 1 5 11 4 18 23 3 15 8 3 7
5 7 1 5 4 1 1 4 0 0 2 0 6 1
1 3 3 3 2 4 8 0 5 4 7 2 7 4
8 3 5 3 1 3 3 5 5 1 5 8 4 7
2 8 7 10 14 4 9 9 16 9 1 1 9 4
12 3 1 5 5 12 8 12 7 6 6 13 7 15
1 3 4 0 1 4 3 3 3 9 3 3 3 2
14 5 9 19 4 8 1 10 18 1 14 0 4 1
19 6 7 8 7 3 8 3 4 9 13 7 7 15
1 2 4 3 6 5 5 2 1 5 6 2 9 2
2 6 12 6 7 10 2 6 15 1 2 10 1 14
8 0 3 4 1 1 2 1 3 2 7 2 6 8
9 8 7 10 6 4 2 11 9 0 6 19 15 6
3 11 1 4 0 19 2 9 4 11 7 0 12 5
6 11 5 7 15 0 13 10 6 0 8 8 4 10
1 13 10 3 12 11 9 1 1 7 0 14 9 4
8 4 1 11 1 3 3 1 7 13 7 12 5 17
1 4 6 10 11 4 7 3 9 3 5 6 7 18
1 5 3 1 5 2 2 6 6 7 6 3 4 0
4 1 9 6 2 4 14 9 7 10 21 1 4 4
5 5 13 8 1 2 1 1 10 7 5 5 3 13
8 1 4 4 10 1 11 5 4 7 3 2 6 5
2 3 1 7 1 7 11 0 0 2 3 2 2 2
3 3 2 2 8 1 0 8 3 1 7 4 7 2
2 12 8 2 5 2 11 4 2 1 6 4 4 7
3 5 3 4 19 7 7 1 1 10 2 5 2 6
5 1 2 2 2 2 4 6 1 4 3 7 3 1
1 3 7 1 2 1 4 2 6 4 9 10 9 7
4 13 4 11 0 16 0 15 2 10 6 0 11 19
11 9 3 10 5 2 5 6 3 13 2 9 5 4
9 16 4 7 17 2 4 1 1 7 6 14 9 10
2 4 5 0 1 3 0 4 5 4 1 7 2 0
4 5 4 5 5 2 5 13 1 9 2 3 2 8
6 5 0 0 11 4 5 1 5 2 1 2 1 6
6 9 3 4 14 6 8 0 3 1 4 1 4 13
1 4 6 2 5 3 1 3 4 2 3 6 2 9
11 5 9 5 1 15 8 0 10 3 1 0 14 1
1 2 1 1 9 6 7 2 10 3 8 4 0 17
3 1 3 0 6 3 1 6 1 10 8 9 4 3
10 1 13 7 8 4 5 1 5 14 15 20 10 7
2 9 4 9 9 7 1 4 2 0 6 2 6 1
1 5 10 6 4 6 2 6 8 5 11 12 13 4
20 2 2 4 13 2 0 0 8 4 8 4 10 7
13 8 11 3 21 8 3 4 7 3 3 1 13 1
2 4 4 2 4 5 8 2 2 4 3 8 5 2
4 12 2 0 4 0 8 2 5 5 1 10 1 8
5 8 6 6 2 5 1 7 1 4 0 1 8 0
7 1 5 0 7 11 11 1 5 1 10 3 7 8
5 0 11 7 7 13 3 6 0 4 6 2 14 13
7 1 0 1 4 5 9 0 3 7 3 1 2 2
8 10 1 5 2 10 12 3 6 6 1 4 4 8
1 0 2 0 3 3 7 6 1 2 2 2 3 3
9 15 17 5 13 7 11 11 8 4 3 6 3 5
7 0 4 9 4 11 4 7 21 19 9 11 0 9
2 2 11 2 7 4 1 14 2 0 2 11 0 9
4 3 9 3 2 2 7 7 12 6 1 2 2 6
4 9 4 19 11 8 0 8 9 13 4 7 5 11
2 5 5 5 10 3 19 3 0 13 3 3 9 20
9 1 8 8 6 1 9 1 16 4 8 11 1 1
6 5 7 4 4 12 6 14 1 0 4 17 1 7
10 0 2 3 4 4 3 5 2 2 0 2 3 0
9 4 4 7 16 1 2 17 4 6 2 1 5 9
5 3 4 13 7 1 12 0 6 4 11 6 17 10
0 4 6 10 2 7 3 8 3 5 3 4 9 1
1 5 9 6 7 1 0 4 2 3 8 0 3 7
23 5 8 1 6 7 7 7 3 5 3 8 1 11
5 1 1 6 11 8 11 8 1 11 3 7 17 7
6 1 3 6 1 3 1 1 1 7 3 0 0 1
22 2 10 13 6 2 2 7 0 11 5 7 10 4
0 4 8 7 6 0 2 7 6 4 4 4 4 4
9 6 2 5 1 21 2 14 17 0 2 15 12 3
12 13 10 10 4 3 4 17 17 9 12 5 9 9
2 1 1 7 7 1 4 0 4 1 0 1 2 4
2 1 3 4 0 3 1 6 5 2 3 6 4 1
1 2 6 7 6 10 4 6 19 1 13 9 14 15
6 5 6 7 8 8 7 1 13 6 0 21 18 9
3 19 1 11 15 8 0 5 4 8 1 3 4 4
1 10 4 9 8 5 1 3 2 1 5 16 0 11
0 8 6 3 8 0 0 8 5 0 14 1 3 16
0 8 12 0 12 8 3 3 3 13 11 6 3 2
0 1 3 8 18 9 1 6 3 14 1 0 10 2
4 2 4 1 2 5 4 7 0 2 3 1 7 2
2 6 1 2 1 9 3 6 2 8 1 2 13 10
1 8 4 12 3 6 8 11 2 20 14 3 4 16
3 3 2 5 17 1 1 19 10 9 3 5 24 2
20 6 4 13 6 4 3 0 9 5 14 7 13 2
5 5 4 3 1 8 1 3 5 0 3 0 2 2
9 11 0 3 4 14 7 14 6 7 3 1 1 4
4 0 2 2 3 3 12 1 2 1 0 2 1 1
1 1 4 1 7 2 0 2 4 2 1 5 1 1
1 1 2 3 1 1 4 1 2 0 2 4 6 6
20 7 5 3 6 0 6 18 17 1 12 5 8 8
3 5 2 6 3 2 1 2 5 1 1 2 1 7
5 3 2 11 2 6 4 0 10 8 0 5 6 5
11 16 4 21 4 7 12 4 7 10 8 2 12 10
9 4 14 3 17 5 2 13 1 12 10 2 4 7
7 9 11 6 2 19 1 1 7 5 4 20 12 3
3 0 6 6 7 5 5 1 2 5 3 1 1 5
3 1 3 2 4 14 3 8 3 5 14 1 7 7
3 2 3 3 6 4 0 1 2 2 7 0 4 7
1 7 0 13 6 1 9 3 3 3 10 4 9 1
15 1 2 10 0 16 26 7 2 12 1 6 5 7
7 3 2 5 0 4 1 2 3 4 6 8 1 4
1 4 7 6 10 4 0 2 2 8 1 1 3 8
2 7 2 5 7 5 0 3 18 9 6 6 6 8
6 1 3 7 2 1 4 1 9 3 7 0 0 1
1 3 11 2 6 3 10 8 8 5 4 11 2 3
14 5 7 6 1 1 6 1 1 7 9 3 11 1
0 10 2 4 2 2 18 4 11 3 7 4 3 1
4 3 10 23 6 10 13 4 1 5 18 4 4 13
15 5 10 10 3 4 15 3 5 19 2 1 3 2
2 5 5 1 11 1 2 14 1 1 3 6 2 9
4 2 1 5 8 5 8 0 6 13 12 11 13 1
5 1 7 1 9 1 5 2 3 10 3 2 5 6
3 6 1 3 11 6 5 8 9 10 11 1 2 3
2 8 6 3 8 11 11 1 10 5 4 21 0 1
7 1 14 0 12 5 19 0 11 6 13 3 1 6
10 4 0 3 0 18 13 13 13 5 4 17 4 7
0 0 2 4 3 2 3 5 2 2 4 0 0 4
5 3 0 3 0 6 3 4 1 2 0 1 2 4
0 2 1 1 3 5 4 3 1 3 3 2 4 2
1 1 1 9 6 8 1 4 2 4 1 4 4 1
3 4 16 1 5 0 12 5 13 6 12 5 19 0
11 9 2 3 0 8 0 0 7 5 3 6 7 6
4 4 5 1 2 1 1 4 5 1 2 4 3 2
7 12 4 3 2 5 15 4 7 8 2 1 3 4
22 2 1 18 3 4 2 12 8 10 15 3 4 11
10 1 2 10 4 7 12 5 11 3 4 5 3 12
4 5 12 10 2 4 6 4 11 10 11 8 4 1
6 2 4 7 5 3 4 8 3 8 5 4 4 6
0 8 2 4 2 0 0 0 1 2 1 3 0 4
0 1 5 4 0 1 3 7 1 5 4 2 5 3
9 18 16 2 10 10 15 3 4 5 10 6 0 13
10 2 12 12 2 3 9 2 7 14 24 10 1 8
7 12 5 4 2 12 9 2 1 4 4 17 3 8
8 4 8 10 13 8 13 9 13 2 7 15 2 11
6 5 4 5 5 1 6 1 6 0 2 6 10 3
1 2 3 1 3 2 1 6 0 4 0 8 5 2
3 15 1 10 0 13 13 18 3 14 9 0 9 12
11 4 3 8 6 6 3 6 2 11 11 12 3 1
8 2 12 5 0 7 1 8 4 1 3 5 8 2
5 7 5 1 1 11 2 9 6 4 12 3 5 12
2 1 2 4 5 5 8 19 3 9 12 1 8 7
1 3 1 9 8 3 1 3 1 4 6 7 5 4
6 12 5 19 1 16 13 5 7 10 1 4 5 16
5 0 2 5 7 6 4 4 5 2 8 1 12 6
6 12 14 1 4 8 7 8 2 6 2 1 1 2
3 0 2 3 5 5 2 5 6 4 4 0 0 3
5 3 5 1 2 6 3 2 3 2 4 7 0 5
10 8 1 16 6 8 7 6 5 4 9 0 0 5
5 8 7 9 13 0 3 3 2 10 15 1 2 9
3 1 9 11 1 6 5 3 3 1 7 4 5 3
16 11 7 13 3 8 2 10 2 0 14 15 0 20
4 3 3 1 9 9 12 7 0 13 22 7 6 10
9 2 3 6 8 3 8 0 6 13 13 0 8 9
1 2 1 1 3 1 0 8 2 8 5 3 1 0
2 4 8 1 1 4 11 14 1 1 8 6 7 14
5 1 3 2 1 2 2 2 0 6 3 5 3 2
1 11 3 2 2 13 10 0 6 0 10 11 1 8
4 0 6 1 10 1 1 3 6 3 4 2 0 3
5 0 4 3 5 10 6 4 1 4 4 6 1 6
3 5 16 13 8 9 5 7 9 2 10 6 3 0
17 4 2 0 4 3 9 6 1 11 12 18 0 9
16 13 10 1 16 2 8 1 1 4 23 4 7 1
4 0 7 10 1 11 1 18 0 10 1 17 5 17
3 2 16 0 10 18 8 10 9 10 1 6 9 6
7 2 2 1 1 6 1 6 1 6 5 2 0 1
2 7 4 1 12 3 0 4 7 2 0 3 7 3
9 3 25 7 6 0 3 0 10 9 12 7 16 10
1 2 2 7 7 1 3 2 5 1 1 0 2 7
6 14 1 1 1 3 11 12 1 6 4 14 0 9
18 11 3 12 4 6 3 8 4 7 5 3 2 0
4 1 17 2 5 1 7 9 19 9 11 20 6 7
11 3 6 6 3 6 0 6 0 5 6 1 5 2
1 15 3 4 9 0 26 9 12 3 9 3 6 4
6 5 10 12 5 8 0 2 1 1 8 13 4 6
6 5 2 3 3 0 2 6 1 2 1 4 0 3
3 3 0 5 0 3 17 7 6 4 5 3 3 1
7 6 11 0 3 2 4 15 1 1 3 7 3 0
5 5 0 0 1 3 4 0 3 3 3 4 2 0
13 9 0 8 8 2 5 5 11 2 2 1 16 1
1 2 4 1 3 12 2 1 3 4 3 0 6 5
5 1 2 5 10 4 9 5 11 6 3 10 11 5
0 10 2 4 6 11 0 3 7 0 6 6 9 1
0 2 4 2 5 6 5 0 9 5 2 4 4 1
10 13 4 1 5 6 10 1 3 4 6 11 5 1
8 8 7 8 1 5 7 0 3 10 5 10 8 3
4 4 2 12 12 14 9 19 0 5 3 11 17 9
0 6 5 10 4 11 19 14 2 4 0 3 4 8
3 9 2 1 4 8 2 0 4 2 0 2 1 2
15 15 10 10 14 14 5 5 0 6 4 3 3 11
3 2 0 20 1 10 1 1 0 2 1 1 1 7
3 7 5 10 2 15 0 6 2 6 8 4 5 7
6 6 5 6 8 10 0 5 13 5 0 3 0 12
13 1 6 3 5 9 1 2 1 2 3 11 7 7
5 6 13 1 3 14 16 2 4 11 4 5 1 13
2 8 1 5 7 5 4 3 3 6 3 6 1 13
4 1 6 6 10 8 2 3 16 3 5 5 11 12
1 2 2 3 3 1 8 4 1 3 3 0 3 6
1 4 5 13 2 13 8 20 3 8 2 12 11 5
2 1 4 5 1 0 0 5 5 9 2 2 3 2
5 19 8 9 8 2 4 3 7 11 10 1 21 3
0 1 3 9 1 5 3 1 9 4 1 9 2 1
7 2 6 4 1 2 10 18 8 6 3 12 6 16
3 8 13 5 2 7 0 1 5 0 12 3 9 1
1 19 17 7 4 1 3 6 5 8 2 2 11 6
4 4 6 2 1 0 2 0 8 2 3 5 4 0
9 21 9 9 6 8 0 3 19 2 3 11 0 1
1 3 3 1 6 1 3 3 2 9 13 7 1 6
5 11 7 15 6 6 6 2 4 5 9 2 10 16
6 1 4 2 1 3 0 3 0 5 6 3 1 1
3 14 3 4 1 4 16 4 13 7 7 6 7 3
7 5 12 5 14 2 2 2 2 1 4 4 5 6
0 1 2 10 4 9 2 1 17 16 1 12 4 7
5 10 11 4 7 1 9 1 5 6 4 2 2 5
6 6 7 4 16 9 1 1 9 2 5 7 4 4
5 3 4 4 0 5 2 1 4 3 1 0 0 5
7 5 2 13 12 14 6 5 13 4 1 5 6 10
2 3 4 7 13 2 17 12 7 4 2 14 10 4
2 3 14 12 13 3 15 11 2 3 16 8 6 11
8 3 3 2 9 4 5 7 3 7 5 6 1 4
2 10 5 6 4 2 6 10 6 10 7 11 5 7
2 9 19 3 6 18 1 5 8 4 24 6 1 1
5 6 5 8 12 10 8 11 3 0 2 5 11 6
7 1 11 1 9 12 2 5 7 4 32 0 4 3
4 4 11 3 9 7 2 2 2 14 10 4 10 2
3 13 2 8 5 13 3 15 6 12 17 3 5 4
24 3 8 8 5 11 12 12 0 14 0 4 9 6
2 5 4 2 3 2 5 2 2 4 4 3 1 5
8 5 4 8 9 5 11 7 11 5 11 18 0 3
5 1 5 5 1 6 5 5 8 2 12 5 1 5
17 17 2 5 2 15 5 1 8 4 10 8 3 4
9 4 6 2 7 1 6 3 1 8 2 10 0 4
2 5 4 4 7 11 3 6 7 5 14 8 5 5
3 1 1 3 5 11 6 5 9 10 5 9 0 12
1 10 14 9 15 2 8 3 4 15 3 0 0 4
3 9 2 1 1 12 9 8 1 7 8 7 6 12
1 5 4 1 3 0 9 0 3 4 2 3 2 2
0 1 4 2 7 4 7 0 5 1 7 4 7 2
1 3 3 7 12 4 2 4 3 18 11 7 5 6
1 1 0 3 7 7 6 1 0 1 1 1 0 7
1 2 3 4 2 1 4 5 5 1 1 5 4 2
1 8 2 5 10 4 2 0 6 2 5 0 1 2
8 6 8 1 1 8 1 4 4 0 13 1 2 1
17 3 6 6 3 3 2 1 8 4 13 16 3 6
0 4 0 3 2 3 3 5 0 3 3 3 7 1
5 3 7 11 7 8 4 15 2 5 3 11 13 5
7 17 3 2 9 0 3 4 2 3 16 4 19 21
7 6 1 9 4 2 5 3 2 6 1 9 1 6
3 11 1 0 12 7 3 1 5 2 0 4 1 0
9 4 2 7 3 2 6 2 10 12 2 7 4 8
4 0 0 1 10 2 5 5 9 5 2 1 8 3
11 3 0 1 2 4 2 0 6 7 5 1 4 1
0 4 13 6 0 0 6 11 2 4 0 6 5 12
2 0 7 1 7 4 3 0 9 0 2 3 9 3
0 9 3 2 12 6 21 3 6 1 6 2 5 3
7 4 3 3 4 1 2 0 2 5 6 2 5 2
11 11 1 4 12 3 6 3 3 4 3 11 6 3
3 3 9 12 16 6 2 10 11 1 7 5 2 9
2 5 5 1 4 5 3 2 3 5 6 8 5 5
12 10 17 4 1 4 11 10 4 6 4 15 14 9
0 10 11 11 19 7 3 9 8 1 8 6 10 0
1 4 2 1 0 4 6 4 7 2 3 6 2 1
12 8 4 2 6 9 8 2 3 4 1 15 7 8
11 13 10 11 3 16 1 10 2 13 2 13 1 11
0 1 7 13 10 12 2 6 4 5 9 12 7 1
8 8 11 17 4 1 3 5 4 4 13 11 0 16
3 5 1 4 4 1 0 1 8 1 2 1 1 2
1 9 6 6 18 17 4 5 7 14 18 10 12 2
1 12 1 19 3 6 1 2 13 20 9 18 5 2
2 6 2 1 2 2 4 0 1 0 2 3 4 1
6 1 2 3 2 7 1 3 6 0 5 8 7 6
2 1 5 2 3 2 1 3 5 0 6 4 4 3
2 7 13 3 4 12 7 7 5 6 3 1 0 9
2 0 5 8 5 2 3 5 5 4 1 1 1 4
25 14 16 9 7 1 9 13 0 9 3 2 5 3
2 5 1 3 0 3 1 1 2 2 2 3 7 0
7 7 6 17 5 9 3 7 3 5 6 5 1 0
7 4 2 13 1 9 3 1 14 5 4 2 4 3
1 3 5 2 4 4 4 1 2 1 0 7 3 0
3 4 16 5 28 3 5 3 4 8 2 0 0 9
3 1 1 8 7 9 6 7 2 17 3 0 5 10
13 3 0 7 1 6 3 0 5 7 4 3 7 2
6 0 3 2 13 12 3 10 2 12 7 5 12 11
0 0 5 1 2 9 4 5 7 2 7 1 4 4
16 1 5 2 0 1 6 3 11 14 16 14 9 1
1 7 1 9 7 3 4 3 4 2 8 12 12 12
4 4 0 2 1 4 2 2 2 1 1 3 5 0
16 16 1 1 11 8 10 1 5 10 13 1 1 10
1 8 2 2 4 5 2 3 5 1 3 2 4 2
2 5 1 1 2 3 1 3 1 4 3 6 3 1
1 0 5 2 12 11 1 2 2 1 4 4 0 9
3 7 12 9 0 2 0 2 3 4 5 0 2 0
0 1 11 6 13 6 9 10 2 1 5 3 14 14
20 3 15 15 9 10 4 3 18 5 1 7 8 6
1 2 24 4 5 0 6 16 4 0 6 2 6 4
7 3 1 0 10 1 11 2 9 6 1 3 3 2
3 1 2 2 4 15 1 5 9 2 8 4 11 2
11 17 14 2 7 6 9 1 2 3 7 14 7 12
0 0 1 2 2 1 1 2 6 2 1 3 2 8
4 5 3 5 7 4 11 2 2 2 2 5 2 0
9 8 7 21 7 3 7 14 3 8 4 4 18 13
2 5 5 4 5 6 3 3 1 8 5 6 6 2
3 3 5 0 4 3 4 4 8 3 2 3 4 4
4 9 12 12 2 1 7 7 9 18 10 7 4 6
14 5 9 3 4 5 10 4 5 1 8 1 5 2
20 1 8 4 6 21 2 13 4 7 11 11 8 7
4 2 3 1 7 4 0 4 7 4 1 3 2 6
3 2 4 1 2 1 1 4 4 2 4 11 8 3
2 0 2 1 5 6 0 4 3 3 4 1 3 4
1 5 3 2 4 4 1 2 1 2 6 0 3 1
4 2 2 4 2 6 3 6 2 5 1 1 2 1
16 2 1 3 1 3 17 10 1 1 3 5 3 15
3 4 1 6 5 2 7 5 2 4 1 11 1 1
6 4 1 10 9 0 2 1 2 8 4 5 5 5
4 2 12 3 7 12 8 15 16 19 1 5 1 1
5 10 8 3 12 4 2 2 1 1 4 13 0 6
3 3 0 1 7 4 7 2 9 0 1 9 6 5
3 3 2 1 1 0 4 6 4 2 4 1 1 8
4 3 6 7 7 4 11 3 2 7 23 8 2 5
5 2 10 3 1 2 3 1 8 1 3 0 7 22
6 11 11 9 3 2 2 5 2 13 12 2 3 2
9 4 6 6 1 3 1 7 4 7 0 18 2 3
3 5 6 3 23 15 0 7 3 4 7 19 9 10
17 9 12 7 9 4 9 9 10 15 9 13 10 6
2 4 7 8 2 7 3 12 6 1 3 9 6 4
3 12 0 2 3 3 3 17 0 13 5 1 14 5
4 6 8 0 9 15 2 4 17 1 19 9 3 2
5 2 11 8 5 3 18 17 8 15 2 1 2 6
1 5 5 1 6 3 6 3 0 3 1 1 8 5
16 11 3 7 9 5 8 4 1 6 6 6 6 6
1 20 11 1 7 9 1 3 6 3 0 12 22 2
13 3 6 0 4 2 2 6 2 6 4 2 8 8
0 1 3 9 8 4 11 2 5 3 20 1 10 3
5 3 8 24 1 13 4 2 12 6 10 0 1 6
5 8 1 6 3 11 2 4 3 9 1 1 5 8
7 4 4 2 2 7 2 4 2 0 2 6 0 1
1 4 16 2 2 8 4 2 3 1 18 2 6 7
4 2 6 4 3 3 1 1 4 2 7 2 3 1
5 6 14 2 1 7 1 11 8 4 15 6 4 2
5 1 7 1 1 4 3 4 3 1 5 2 9 5
4 2 4 6 0 6 3 6 1 6 13 9 5 6
12 3 6 3 13 8 1 4 14 13 22 11 5 10
3 1 1 0 3 7 8 12 1 7 5 2 5 14
11 1 5 1 3 2 6 4 10 2 0 4 10 4
8 1 4 6 6 13 0 3 6 3 3 2 4 9
4 3 1 0 8 9 2 5 8 2 3 2 3 0
1 0 1 1 6 1 5 7 7 9 4 0 5 4
15 3 11 12 7 3 14 1 16 5 6 6 7 1
1 1 8 7 6 6 8 7 9 1 6 5 5 2
7 8 5 9 1 0 7 9 6 6 8 6 2 4
4 16 5 3 11 22 3 4 2 7 8 12 8 4
11 4 4 5 8 3 4 1 0 0 1 4 1 2
6 9 10 0 7 2 5 8 4 2 1 5 4 4
12 14 4 3 3 3 6 4 13 6 7 11 1 4
0 5 3 7 3 5 1 13 11 12 6 1 2 4
1 3 1 8 25 10 3 5 3 3 4 22 6 10
1 12 2 15 1 4 4 12 3 12 8 4 3 5
0 14 6 3 1 18 2 1 11 1 17 12 6 5
2 1 5 7 1 4 1 8 11 11 2 2 2 1
9 2 3 3 1 3 3 0 1 13 5 3 17 3
10 10 10 2 8 4 13 5 10 11 4 6 4 8
5 6 0 6 12 8 8 6 8 11 12 18 16 4
2 4 11 3 1 5 2 5 9 6 1 2 3 3
6 9 9 2 11 5 9 11 11 19 8 8 7 6
4 2 16 11 1 8 9 1 15 1 12 1 5 11
1 3 8 1 2 11 7 3 6 4 14 13 5 9
0 6 1 8 22 2 2 4 7 16 6 4 24 3
4 2 9 0 4 1 1 2 7 3 4 3 7 7
0 2 2 1 1 4 3 0 2 2 4 6 1 7
2 0 6 2 7 1 4 3 3 4 2 8 2 3
10 8 5 0 0 3 2 10 2 10 4 6 1 3
7 0 1 2 2 7 11 2 5 1 14 1 1 1
8 12 2 6 1 9 6 3 2 1 7 13 3 2
1 5 8 1 5 9 6 6 9 10 10 1 6 9
4 7 1 1 8 4 4 1 3 6 11 2 1 11
4 5 2 1 1 5 4 0 2 2 4 10 4 4
2 17 1 10 4 4 0 3 17 13 8 2 2 2
1 5 4 6 5 1 5 1 3 9 8 8 5 20
3 2 4 2 5 0 3 1 12 6 3 4 10 2
1 6 2 9 9 10 14 11 2 6 4 6 9 6
4 4 1 2 3 2 1 3 2 7 4 2 3 3
4 2 5 8 12 4 4 5 23 2 19 6 4 5
4 0 4 6 3 1 2 0 4 1 1 3 1 2
2 4 19 2 1 2 4 7 13 14 0 4 3 5
4 2 3 10 1 7 1 2 8 6 2 5 5 9
4 5 3 2 3 3 11 5 3 0 1 6 5 2
1 9 0 7 4 3 3 2 1 2 2 2 2 12
4 17 7 0 4 4 8 8 5 1 4 5 3 2
2 8 3 3 12 13 13 1 8 1 13 1 4 1
2 2 3 6 6 5 4 9 12 6 3 2 4 7
1 7 1 6 4 16 5 3 3 4 9 1 9 9
5 7 6 3 1 4 5 20 11 5 8 6 8 13
4 6 6 4 1 6 11 3 3 3 2 1 0 6
9 1 1 12 4 2 10 3 3 7 14 12 15 4
4 11 20 7 1 0 8 15 4 9 8 1 11 2
0 2 1 3 0 8 2 6 1 2 1 1 7 3
2 2 3 5 1 9 6 7 1 6 6 1 3 4
4 1 1 1 4 4 2 1 5 6 0 1 5 6
5 14 11 9 3 6 6 7 2 6 5 0 1 10
10 1 0 5 2 4 2 1 9 9 0 2 0 6
9 2 1 3 5 1 0 4 3 12 5 4 3 5
11 0 2 7 17 12 4 13 2 0 13 7 4 23
13 3 10 7 8 2 6 18 6 9 6 13 14 3
13 1 1 9 3 12 11 13 17 17 6 9 1 2
4 10 9 7 3 6 16 5 14 4 3 17 12 3
3 8 3 4 18 5 1 9 3 2 13 4 7 5
5 7 10 1 3 10 10 6 9 8 3 9 2 3
19 1 6 11 6 0 4 14 3 13 2 11 3 0
7 6 3 0 0 5 9 6 8 4 3 7 4 6
8 6 1 4 5 2 4 8 1 4 4 1 5 1
3 9 12 27 7 11 6 6 9 14 3 2 6 7
1 3 6 6 4 1 7 2 8 9 3 4 3 6
3 11 1 5 6 4 11 4 12 13 14 6 6 8
2 2 5 6 2 0 0 3 4 6 3 6 5 1
2 1 2 3 4 4 6 2 2 9 2 5 2 6
1 5 6 0 5 2 4 2 2 0 3 4 11 1
10 0 5 11 0 9 10 1 3 2 14 13 9 6
3 9 0 1 1 7 3 9 0 3 6 10 4 4
1 4 6 4 3 4 6 3 6 4 1 12 2 0
6 4 0 5 1 8 5 3 7 0 4 2 7 5
1 5 2 1 2 2 13 1 5 10 9 5 13 2
6 4 7 9 0 15 7 9 0 8 6 8 16 19
1 8 4 9 3 12 13 9 3 2 6 6 12 2
15 8 12 12 6 4 4 1 9 3 21 11 12 3
3 1 2 22 5 4 5 4 5 1 19 11 5 1
12 6 25 12 7 4 5 3 5 8 7 1 6 9
1 1 2 3 5 7 1 0 2 2 2 2 2 6
2 8 2 17 2 0 3 16 12 4 0 6 21 10
5 7 7 5 7 1 7 11 2 6 7 0 10 8
5 4 3 22 2 0 17 13 6 6 10 16 7 3
3 0 2 1 2 1 5 5 3 6 3 2 0 0
4 7 3 3 1 5 4 1 11 8 13 8 6 4
1 0 5 4 3 11 15 8 3 6 9 3 3 14
3 1 1 5 0 1 6 3 6 0 1 3 5 2
18 9 14 17 4 2 4 0 3 9 14 6 10 6
1 6 5 1 1 5 1 2 3 1 1 3 0 4
5 2 11 6 10 8 6 11 15 5 2 11 6 12
0 6 0 5 3 9 4 2 0 9 1 10 6 0
0 10 22 4 4 8 9 13 2 20 7 8 13 0
0 3 10 8 9 4 2 2 3 3 7 2 5 2
10 5 4 3 3 5 6 8 8 8 9 11 3 6
8 6 10 0 1 16 5 3 4 8 1 19 6 1
0 16 9 1 10 3 6 5 10 1 1 10 8 9
19 5 8 7 11 2 0 15 1 11 15 6 3 15
3 7 3 8 1 3 6 1 2 1 3 3 5 6
2 15 11 6 8 2 3 3 5 8 1 2 6 3
3 3 4 9 5 10 1 1 2 5 8 9 2 0
2 3 0 5 0 7 3 3 2 3 3 0 1 8
5 7 1 2 2 3 7 0 7 3 2 4 4 8
4 4 4 2 4 1 1 4 3 2 6 2 1 2
10 12 13 3 4 16 13 10 18 3 0 4 6 12
2 4 6 3 8 9 3 8 4 8 0 9 1 2
1 1 2 7 7 2 4 2 1 12 4 8 0 2
13 3 7 17 1 8 17 8 2 9 15 1 13 2
3 3 2 5 0 3 0 3 6 0 1 1 0 3
5 6 6 0 10 2 12 0 8 1 7 3 1 0
15 2 2 4 4 4 3 6 7 5 1 6 9 7
1 6 4 15 1 6 5 6 1 4 11 12 18 1
0 3 3 1 8 5 4 1 2 6 0 1 6 3
6 3 11 2 26 5 4 1 3 11 16 2 4 3
0 4 3 3 6 2 1 4 0 1 6 7 5 1
3 5 1 5 0 2 13 3 0 3 13 6 4 12
12 5 5 13 5 4 20 11 4 10 3 13 3 13
7 1 6 4 12 10 4 6 0 2 2 3 7 7
7 5 0 0 6 4 3 10 3 1 5 7 1 7
8 3 2 1 6 5 10 2 4 1 2 6 5 6
14 1 2 5 7 5 2 9 17 13 8 6 12 12
2 2 5 1 8 3 2 5 0 8 3 0 10 2
16 9 12 5 5 4 6 11 7 2 12 5 9 20
14 5 6 6 22 9 3 14 15 1 7 7 4 0
4 1 3 3 8 2 2 5 5 2 1 2 5 3
5 6 4 13 2 17 7 12 10 3 9 4 5 16
4 10 1 7 2 11 4 6 1 3 18 13 9 1
4 1 10 3 4 4 8 3 4 7 8 7 3 3
4 3 1 2 2 3 5 1 2 4 4 1 1 3
6 2 3 8 2 12 1 8 1 1 7 8 1 3
9 7 10 9 14 15 8 13 7 10 14 2 10 5
5 5 3 6 0 1 3 3 5 16 2 3 2 2
3 5 6 0 6 2 3 1 3 4 1 3 3 1
6 1 4 9 4 6 1 6 5 1 1 1 6 16
22 2 7 10 15 7 0 4 1 14 4 4 7 17
1 4 11 15 5 8 11 8 10 8 9 2 0 6
1 8 0 8 6 7 3 2 3 6 8 5 6 0
15 10 9 9 3 5 17 13 11 1 5 14 1 5
9 0 2 2 4 4 6 5 2 1 3 5 3 1
26 9 9 2 4 1 3 11 7 5 1 1 3 7
12 7 7 0 1 3 8 19 8 3 8 2 7 5
3 3 1 2 0 2 2 2 5 4 4 7 0 0
12 4 0 5 11 2 4 1 4 5 8 0 1 2
6 4 17 9 14 11 3 5 4 8 7 20 2 1
6 9 1 11 13 3 18 11 4 1 1 2 4 1
8 14 7 14 1 4 3 4 10 5 0 11 2 1
6 6 15 8 12 3 16 5 4 10 11 1 10 12
12 3 13 1 5 3 1 8 10 5 4 7 2 1
3 3 6 7 3 5 2 1 4 4 1 6 7 2
7 3 5 11 14 4 1 5 0 2 4 4 10 13
3 4 10 2 3 8 5 2 3 2 12 17 4 0
7 8 5 10 8 11 12 5 10 1 3 1 3 6
7 4 0 15 8 13 5 8 2 17 6 7 7 5
15 11 2 3 3 11 19 8 2 11 3 10 7 5
4 1 1 6 5 1 1 7 3 1 7 5 3 3
8 3 1 4 4 13 12 12 11 18 2 7 3 14
0 1 2 1 1 3 11 2 5 4 3 2 0 1
1 1 10 2 1 12 1 4 6 8 5 2 3 9
9 6 9 6 9 8 4 3 2 2 6 3 3 6
7 8 2 5 2 1 0 2 9 7 6 0 3 2
1 2 3 5 15 5 25 9 12 1 2 11 6 3
12 8 5 11 14 12 2 1 1 19 10 4 2 5
2 2 0 11 6 3 3 20 10 4 16 9 1 15
3 1 2 1 0 8 9 6 5 2 8 1 4 4
1 15 21 13 2 13 6 6 1 2 4 3 10 5
5 2 1 12 9 6 2 8 3 17 11 9 11 8
10 9 4 1 2 1 5 1 7 4 1 0 0 5
16 3 19 3 1 11 5 4 1 6 16 6 1 14
2 9 18 2 1 14 4 8 11 15 11 5 11 6
3 3 8 9 7 4 3 2 1 4 4 6 5 10
2 4 6 9 10 13 5 15 19 11 5 1 8 8
11 3 5 0 6 8 7 5 0 11 13 2 4 8
9 8 5 9 9 3 17 17 9 8 0 7 13 12
7 1 2 6 2 5 1 7 3 7 14 8 1 7
6 4 7 1 1 4 0 1 2 1 3 4 4 7
0 3 4 17 4 10 2 3 2 9 7 13 4 3
0 1 6 2 1 9 1 1 2 11 0 3 7 7
3 1 1 1 1 1 5 1 5 9 0 1 2 2
9 11 9 7 3 2 6 1 2 3 3 12 10 14
1 25 2 13 5 12 0 4 17 5 1 15 7 2
1 0 10 8 6 14 1 10 11 2 4 17 4 1
8 0 1 10 11 0 3 2 2 12 6 0 8 8
4 2 6 3 11 7 10 10 9 0 8 3 2 2
1 4 4 4 2 14 9 4 5 2 7 6 4 0
7 5 10 13 2 1 13 10 2 4 2 12 10 11
6 11 2 6 5 14 5 16 2 12 12 5 5 2
2 9 2 4 10 4 4 3 4 5 8 1 3 1
0 3 11 7 4 4 5 0 4 1 7 4 3 6
1 0 17 11 4 13 8 14 4 2 2 11 1 3
1 3 0 5 3 12 0 6 5 0 4 4 3 8
11 6 0 1 9 3 5 10 1 0 5 5 4 8
6 1 1 1 1 3 5 3 0 4 1 1 0 3
4 1 11 4 0 4 6 9 3 8 4 0 4 7
0 6 0 5 6 1 3 2 6 4 0 2 0 2
2 1 11 3 2 5 1 4 5 4 1 3 10 3
2 3 4 6 3 4 15 21 6 16 7 9 13 2
9 4 5 2 6 5 3 2 4 3 3 5 3 2
4 4 3 7 3 3 1 3 1 6 4 1 3 4
15 18 6 6 6 1 21 13 0 11 8 2 6 4
4 11 5 4 9 7 10 13 9 5 9 5 3 12
0 6 5 7 5 4 7 3 4 8 8 3 14 0
1 13 3 8 8 3 10 6 4 1 2 11 6 5
3 5 7 9 4 3 7 9 19 4 7 3 5 3
1 2 4 3 9 5 5 0 10 3 4 6 2 7
5 2 0 4 13 3 10 2 1 7 1 4 0 6
6 3 6 1 2 1 4 0 3 4 2 0 2 2
9 6 9 2 5 4 3 1 2 2 11 1 10 6
1 4 6 3 10 14 12 3 3 9 11 4 3 4
5 10 4 17 3 16 19 6 15 9 12 3 1 2
14 2 4 4 7 6 15 6 3 4 0 1 3 1
8 11 5 0 10 5 5 15 6 6 2 2 12 5
6 3 14 10 6 10 4 0 6 8 5 2 5 11
5 10 7 1 7 19 2 4 0 5 3 6 6 14
8 3 1 1 5 1 2 1 3 8 11 8 3 2
1 11 0 3 10 8 10 5 9 5 5 1 4 17
11 8 10 5 3 8 10 5 6 8 5 0 10 4
1 17 8 2 9 5 6 6 8 5 12 20 6 3
0 6 2 7 2 2 0 4 2 6 12 10 7 0
11 11 7 23 7 1 4 8 3 16 7 7 6 12
1 3 2 2 3 4 2 5 2 6 2 0 4 4
11 9 1 1 1 4 3 7 14 4 1 3 10 1
2 1 3 16 9 22 1 1 12 11 10 0 11 8
6 2 2 6 1 11 0 13 0 4 3 17 7 2
10 2 6 10 3 1 0 6 2 2 1 1 4 4
2 11 10 8 11 6 2 15 1 6 17 10 8 0
3 4 1 11 12 1 1 4 5 6 9 0 5 15
7 8 9 11 3 4 19 18 6 7 4 8 11 17
5 0 6 6 8 8 7 3 7 7 10 4 1 6
5 2 22 5 16 14 2 7 15 8 1 1 8 4
2 19 6 3 0 19 9 4 2 4 2 10 8 4
0 3 6 11 5 5 1 7 1 3 1 9 6 2
6 3 1 2 3 9 4 6 8 9 5 4 1 1
4 9 5 1 19 6 14 4 9 13 7 1 3 2
6 5 7 7 13 7 8 15 6 16 14 6 14 10
9 5 2 5 0 6 7 5 3 11 4 2 3 4
3 5 3 6 0 6 1 4 8 0 8 2 5 1
0 1 1 3 6 0 3 2 0 7 1 1 6 10
3 12 3 2 5 5 10 0 4 5 2 4 9 3
8 4 0 5 4 1 1 0 0 8 5 2 3 2
1 2 4 4 1 1 2 1 5 0 1 4 1 7
6 17 1 0 6 20 1 4 4 4 9 7 4 3
3 8 4 3 4 0 2 9 15 2 6 15 16 1
5 3 0 1 1 2 2 2 1 3 2 3 2 6
6 2 2 6 2 0 1 8 5 2 4 12 3 3
3 6 4 7 4 6 6 2 4 4 3 6 5 2
3 1 0 1 12 4 2 4 7 3 10 5 7 6
2 10 11 1 9 3 8 1 3 2 2 0 4 6
12 5 7 9 1 3 1 5 1 6 0 3 0 6
9 1 7 4 8 6 8 4 5 6 3 4 3 4
9 12 1 9 2 8 5 0 1 1 1 1 2 4
1 7 3 5 4 2 2 1 8 10 22 5 9 11
7 18 3 7 1 4 5 11 7 12 6 21 10 5
16 10 6 1 1 12 3 4 5 20 15 10 14 9
2 6 2 3 7 4 8 8 4 4 3 0 1 4
1 0 2 5 4 5 5 1 1 1 6 2 6 1
4 4 2 2 2 6 3 2 3 2 0 3 1 6
4 4 10 2 1 6 3 0 5 5 8 10 3 1
11 0 12 10 3 6 22 9 2 2 1 9 15 4
5 1 4 16 5 10 3 3 5 24 10 13 2 7
7 3 11 4 7 11 20 9 3 9 6 1 1 12
2 3 0 5 1 2 3 11 3 1 0 3 7 2
5 5 11 3 2 9 7 13 3 4 5 3 8 6
6 6 3 2 15 9 3 6 6 2 1 5 7 3
8 8 19 9 9 13 12 1 0 9 4 6 2 5
1 1 2 9 3 3 2 4 2 7 6 2 1 0
4 4 1 4 6 2 0 4 2 6 9 13 4 0
8 2 2 5 0 1 3 3 5 1 1 2 4 3
4 2 1 1 2 4 3 2 3 5 1 12 3 6
12 0 9 7 7 1 1 4 5 3 4 7 3 3
2 1 1 11 7 2 0 14 9 4 3 11 13 13
9 7 5 2 9 6 4 10 8 3 1 6 18 4
3 2 3 2 0 1 1 5 3 2 8 2 1 2
16 11 12 10 16 0 3 8 10 0 1 10 20 9
12 1 1 6 5 3 2 3 2 18 12 16 1 3
0 6 1 5 11 1 7 4 16 7 11 0 1 11
11 6 6 3 1 1 6 1 3 4 6 12 13 1
2 11 16 2 8 1 5 6 2 17 0 16 4 6
2 6 4 3 2 8 3 0 13 4 0 1 6 4
12 5 1 14 1 1 10 2 6 2 11 3 5 3
11 14 8 1 8 3 6 5 2 13 3 3 7 4
7 3 2 6 1 2 1 11 1 4 0 3 2 3
8 3 6 4 3 1 9 1 3 1 5 0 0 2
19 9 5 7 3 1 0 5 13 18 3 1 8 8
9 7 10 12 16 7 10 3 1 2 6 14 4 11
7 4 4 2 1 7 5 6 1 0 4 7 7 4
8 3 11 2 1 1 5 2 1 4 5 8 1 1
3 6 11 9 10 8 8 8 2 6 17 4 5 18
9 24 3 6 11 0 8 6 7 5 2 11 4 1
7 8 2 6 4 21 14 5 3 4 2 4 7 23
5 4 5 0 2 3 4 9 4 5 10 0 5 2
1 13 11 1 12 7 4 5 14 4 7 1 2 0
4 2 26 12 14 5 3 5 9 18 3 2 5 7
8 9 5 2 13 4 4 2 7 8 1 2 2 4
2 0 2 2 4 3 1 3 6 1 0 4 5 4
3 4 7 9 3 11 7 3 8 3 4 6 8 6
11 0 3 4 1 7 15 1 6 10 0 7 5 8
4 5 2 0 0 0 2 1 1 5 5 3 4 0
9 3 11 24 1 18 2 4 7 12 3 4 7 2
3 1 9 4 2 3 3 9 3 4 9 9 7 5
0 12 3 6 5 6 5 1 10 4 16 10 2 1
1 5 6 2 3 3 6 6 5 6 2 1 12 7
12 1 4 9 4 2 4 2 3 14 7 3 0 8
11 2 2 3 13 3 5 7 11 11 1 16 11 10
2 0 1 4 0 4 2 3 1 6 1 3 0 1
4 7 8 2 1 11 10 2 12 1 3 9 6 1
0 9 4 12 3 0 5 7 1 11 17 21 13 12
16 9 6 4 1 7 9 8 9 1 17 17 3 3
2 6 5 5 2 4 5 5 10 5 4 7 6 1
14 7 5 3 4 10 11 6 18 15 10 3 4 0
5 7 5 1 5 11 3 2 3 5 4 1 3 3
6 5 21 5 2 14 3 3 12 1 3 3 2 0
5 0 1 2 2 2 3 1 4 3 4 4 6 0
4 1 1 0 5 1 14 7 2 5 14 7 4 4
6 1 1 5 1 2 3 5 7 4 1 4 2 3
2 10 0 0 8 7 4 3 3 2 3 2 8 8
7 8 7 5 11 8 3 17 2 3 12 2 5 1
4 11 8 5 7 6 6 5 6 8 1 5 3 3
3 4 5 0 11 1 7 3 2 8 6 8 10 1
12 7 2 9 2 3 9 18 1 14 4 7 7 1
2 6 13 4 13 3 9 0 0 9 0 8 5 0
6 0 5 12 2 5 20 2 0 1 12 17 7 5
2 6 1 3 3 6 2 3 3 8 4 2 1 2
3 0 4 1 2 19 9 2 1 6 9 4 16 0
9 5 6 7 7 6 2 3 2 10 3 4 4 0
7 9 2 5 2 6 7 6 0 7 7 3 2 6
3 1 1 4 0 0 2 11 0 2 5 11 5 4
2 7 4 7 5 2 2 0 7 7 5 1 3 2
6 5 8 1 8 16 4 6 15 0 13 8 10 21
8 1 2 17 12 5 1 2 0 1 1 4 13 8
2 3 2 7 10 2 3 2 13 1 5 4 11 6
2 2 1 2 7 4 4 2 3 6 5 1 4 2
14 3 2 1 2 6 8 13 13 2 12 8 4 3
0 2 1 3 5 2 0 4 3 6 1 1 1 1
1 3 2 9 1 6 4 4 0 13 3 4 2 9
10 1 6 1 1 1 6 0 3 6 4 3 5 0
17 3 8 6 3 2 1 6 8 5 1 6 2 4
2 20 13 13 9 7 7 16 0 11 4 3 11 3
12 7 6 2 1 3 2 1 7 2 9 0 4 8
3 3 3 2 3 0 4 0 8 2 5 3 6 1
3 6 2 19 0 4 0 12 2 10 9 1 1 22
6 2 0 9 1 25 14 5 13 12 4 11 7 6
8 7 7 22 3 9 11 0 11 5 3 1 11 9
6 6 4 2 13 2 0 6 0 4 1 2 7 4
1 12 4 6 4 5 19 3 14 4 11 0 3 5
11 23 10 13 6 4 15 10 9 1 8 5 10 1
6 4 3 9 1 9 15 25 4 7 5 6 2 2
9 1 10 1 2 0 13 3 2 18 15 4 10 2
7 9 4 0 4 6 4 2 1 4 2 4 8 6
2 2 3 9 2 4 1 1 0 3 1 2 0 1
8 6 1 3 4 2 5 7 1 1 1 10 2 14
13 2 6 8 5 13 4 8 10 6 18 10 5 16
10 12 0 1 1 0 8 4 2 7 1 10 7 14
3 2 2 7 11 16 17 7 4 6 18 15 4 9
3 2 18 7 18 1 3 4 19 10 8 3 8 4
2 3 13 0 7 14 3 2 5 0 5 4 1 3
3 1 1 2 5 4 2 0 2 6 0 0 1 3
0 1 2 1 4 0 1 1 1 3 1 6 8 0
4 1 1 5 1 2 0 3 1 3 6 5 2 0
5 8 3 8 9 1 2 1 1 7 4 1 4 11
3 3 5 1 1 1 7 4 3 4 7 3 6 3
4 7 1 5 12 9 21 3 8 16 0 17 0 8
5 1 7 2 0 4 10 6 0 7 5 0 4 3
2 3 8 19 0 5 13 17 6 13 7 6 5 4
5 5 1 6 1 1 4 7 0 6 5 5 0 2
11 12 4 5 2 4 7 6 5 7 6 4 8 5
0 0 2 7 0 9 5 8 6 1 2 5 1 6
0 9 1 9 14 9 13 9 4 0 10 12 8 6
10 9 3 1 3 5 6 2 8 1 5 3 7 1
1 4 1 8 4 4 6 1 6 4 7 0 0 1
2 3 3 4 4 1 2 1 3 2 5 3 2 3
1 5 4 3 5 2 0 6 4 8 3 3 1 4
2 10 4 0 17 5 7 3 9 17 4 6 2 11
3 1 2 4 4 0 3 4 10 0 1 7 6 1
8 4 4 0 9 7 3 5 4 2 7 0 9 1
0 1 15 14 11 0 13 8 7 0 7 8 2 1
10 4 0 1 0 6 2 9 1 3 5 11 9 2
8 1 1 26 4 11 1 4 0 5 4 4 2 9
12 1 5 1 12 3 3 6 11 0 13 3 7 6
5 0 5 3 8 7 4 5 1 2 6 3 12 4
5 1 3 3 2 1 1 0 4 7 3 1 1 10
1 9 3 2 1 6 0 9 5 2 17 5 9 0
16 9 3 0 10 1 11 8 1 8 6 5 5 1
0 4 16 4 9 0 6 7 0 1 8 10 6 2
11 2 2 2 8 3 1 3 5 7 2 5 7 0
6 4 1 5 3 4 4 4 4 7 2 3 7 4
1 6 0 0 0 3 2 1 7 0 3 7 1 0
2 2 1 4 6 1 4 8 2 3 4 4 1 2
2 0 11 10 1 1 5 5 0 4 20 11 8 5
3 19 4 9 2 16 11 8 11 6 4 1 15 3
6 4 9 1 6 7 7 4 2 2 1 5 1 2
7 2 1 2 3 0 4 0 0 2 3 1 8 1
2 7 0 1 9 7 3 3 2 4 7 5 5 0
10 3 10 1 4 12 0 5 1 7 1 9 4 11
5 4 9 7 6 9 7 2 19 4 3 7 1 7
7 8 19 7 7 6 1 8 14 1 3 4 1 1
6 4 2 15 11 5 0 7 19 6 6 8 10 3
3 3 5 6 3 1 1 7 2 3 9 3 2 2
16 7 10 2 10 1 11 1 3 0 12 2 16 18
7 4 19 10 6 3 23 2 5 7 15 4 7 4
6 8 10 2 1 11 0 12 5 2 8 9 11 3
5 12 6 3 3 7 2 0 2 2 2 5 3 2
2 3 13 5 1 2 9 4 7 2 19 13 10 12
9 3 1 2 3 6 6 6 3 2 1 3 3 4
6 5 15 10 0 9 1 10 2 1 4 8 4 7
4 7 4 7 0 4 4 5 0 1 0 1 0 2
11 14 11 3 14 15 11 2 1 12 8 10 3 3
8 8 8 7 13 8 4 30 1 11 6 4 1 1
29 0 11 7 11 12 1 1 0 0 3 2 9 10
5 5 7 9 6 0 0 2 18 6 13 2 8 9
5 8 12 3 0 6 0 1 12 3 1 11 12 0
8 1 6 6 6 2 2 4 2 4 0 4 0 5
0 11 6 2 17 2 3 25 6 8 5 5 2 9
5 5 9 3 2 11 4 5 4 2 2 4 2 5
8 1 7 1 5 6 4 3 2 8 2 1 12 2
6 3 6 4 4 5 2 5 2 1 1 1 5 4
7 8 6 4 6 5 5 1 0 3 2 1 5 6
3 4 5 12 1 0 6 14 19 0 2 3 3 9
11 0 1 9 1 4 6 3 4 3 13 3 3 8
3 3 3 2 0 6 7 10 2 1 6 1 1 0
6 0 4 11 11 3 9 1 0 1 1 1 6 9
4 14 4 5 1 3 0 10 11 15 8 5 12 12
3 3 7 0 7 7 9 0 5 0 1 2 4 2
1 1 3 0 3 2 0 3 6 0 4 2 2 1
4 8 3 5 1 0 3 12 13 2 1 2 4 3
3 3 1 5 2 6 10 1 7 5 12 2 11 0
1 2 0 5 2 1 1 1 10 3 1 1 0 1
11 4 10 3 7 14 11 4 1 6 6 9 1 9
14 14 9 4 0 4 1 6 4 15 15 4 6 7
4 0 5 6 3 2 23 4 2 0 8 4 9 6
8 1 2 2 3 1 4 8 2 10 3 12 3 2
1 9 9 5 9 2 0 21 1 10 8 8 12 14
12 9 3 3 9 4 11 1 2 6 3 10 13 4
2 1 5 3 1 2 2 5 1 0 1 6 0 2
4 11 2 2 17 5 19 13 1 6 0 7 9 1
8 6 9 6 8 9 5 12 7 11 12 6 14 3
4 12 2 4 8 14 6 3 12 0 8 2 3 9
5 10 5 0 1 10 11 10 13 7 16 7 6 12
5 3 2 7 1 6 10 6 10 3 4 1 6 7
20 5 6 10 2 13 0 7 5 0 14 8 7 4
5 1 5 0 0 2 0 5 13 10 0 8 5 2
13 2 0 10 7 2 18 5 10 1 4 11 6 1
3 2 0 1 0 5 1 1 2 4 6 1 8 4
6 1 2 11 0 7 6 2 4 0 7 3 7 4
17 8 12 2 19 16 7 1 2 9 4 0 11 3
11 7 8 20 15 9 7 4 1 8 16 6 1 14
3 10 11 5 8 5 1 1 8 2 15 22 9 6
8 7 20 1 1 10 3 11 1 24 6 7 10 5
5 5 2 9 3 0 6 24 4 8 2 5 8 14
6 3 1 1 4 4 2 4 2 1 1 2 2 2
4 19 5 5 3 0 3 11 7 10 2 14 4 6
5 2 4 3 8 1 1 9 1 17 6 4 11 9
4 4 3 3 7 4 5 0 0 1 0 0 3 8
19 8 3 2 13 9 1 7 11 6 9 9 18 9
0 6 8 17 5 12 13 8 7 10 12 4 4 7
1 9 13 4 17 9 3 2 3 11 17 7 12 7
0 2 2 1 5 3 3 4 8 2 3 6 0 4
10 7 10 11 2 7 11 4 1 19 13 8 3 7
1 9 16 13 3 11 20 1 11 3 2 0 13 9
1 0 4 2 18 23 7 5 7 4 9 8 4 13
1 3 1 7 4 5 7 6 3 2 2 3 8 5
10 4 7 1 7 1 13 2 7 1 8 1 23 3
1 1 5 0 3 0 3 0 3 2 1 2 8 1
3 8 0 3 6 0 1 7 0 6 3 3 2 1
3 1 2 3 1 3 2 2 4 4 3 3 5 3
6 5 2 6 5 0 2 5 5 1 4 1 2 3
3 4 8 8 2 8 3 6 8 1 7 10 8 4
7 4 4 14 9 3 2 2 9 11 0 1 3 10
13 12 14 14 4 9 4 4 11 8 8 5 11 17
10 5 1 7 8 1 1 5 11 3 3 3 8 2
4 5 5 3 4 3 17 14 9 3 5 12 25 6
1 3 1 3 4 5 4 1 11 0 1 9 2 6
1 5 1 14 8 20 4 6 12 0 6 3 1 4
1 7 4 2 9 16 6 1 10 2 15 1 2 3
3 4 4 6 8 9 12 4 0 7 19 3 9 6
13 1 9 8 6 11 13 3 9 1 12 7 8 0
10 4 7 4 3 5 2 2 3 4 5 0 4 0
16 5 18 7 12 6 2 12 7 4 2 6 12 5
1 8 1 7 2 7 6 3 6 4 2 2 1 8
11 8 8 12 7 17 15 2 9 8 1 3 15 0
3 12 4 16 1 7 5 9 7 4 8 9 9 9
6 2 13 4 14 4 1 16 7 9 10 3 4 17
3 6 3 0 3 8 2 8 4 0 3 3 0 0
13 9 4 1 12 7 13 0 10 8 2 2 11 2
5 12 5 17 6 4 6 7 8 10 7 11 17 5
4 5 1 3 5 1 2 7 0 1 8 1 5 1
3 12 5 15 16 8 8 1 1 2 13 19 14 3
8 2 2 3 2 2 9 4 7 5 8 2 0 16
4 3 4 3 4 4 8 10 10 2 2 6 4 6
1 1 1 5 5 3 0 4 2 1 2 5 0 4
2 96
2 100
3 57
3 62
4 25
4 60
5 55
5 65
6 7
6 95
7 101
8 51
8 55
8 98
9 91
9 109
11 39
11 45
11 89
12 32
12 89
12 93
12 105
13 88
13 93
15 27
15 28
15 45
15 54
15 60
15 103
17 27
17 41
18 36
18 78
19 96
20 32
20 34
20 42
20 62
20 66
21 72
22 108
24 27
24 97
25 69
26 29
26 70
27 47
27 115
28 82
29 37
29 59
29 109
30 90
31 84
31 119
32 35
32 53
32 92
33 37
34 64
34 89
35 59
37 114
38 56
39 72
40 92
41 48
41 86
41 127
42 78
42 79
42 114
43 49
43 118
44 62
44 100
45 95
45 96
46 72
48 139
49 110
49 113
49 118
49 141
51 71
52 79
52 87
52 123
53 119
54 93
56 85
57 109
57 124
57 144
58 128
58 145
59 156
60 67
60 130
61 104
64 81
64 93
65 121
65 129
65 160
66 89
66 128
67 83
68 84
68 88
69 164
69 169
70 167
71 114
71 136
72 122
74 150
75 109
75 113
77 96
77 116
77 122
77 162
78 101
78 103
78 126
78 162
82 105
82 159
84 115
84 165
84 178
85 112
85 180
87 180
87 181
88 131
88 155
90 93
90 109
90 122
90 170
91 100
91 157
92 136
92 170
93 105
93 181
96 134
96 146
98 117
99 171
99 181
99 189
100 141
101 108
101 176
102 149
102 168
102 189
102 197
103 142
105 130
105 166
105 198
105 204
106 111
106 138
106 181
107 138
108 125
109 138
109 173
109 204
110 160
112 179
113 117
114 174
114 197
116 182
116 199
116 213
117 217
118 190
119 155
122 157
122 162
122 170
122 177
124 131
125 127
125 145
125 158
125 163
125 171
125 215
126 162
127 128
127 130
127 177
127 180
127 182
127 209
128 149
128 161
129 151
129 196
130 206
130 215
131 154
131 190
131 201
132 188
132 230
134 144
134 200
135 174
135 175
136 210
137 232
137 236
138 176
138 213
138 225
140 240
141 174
141 181
141 184
141 204
142 227
144 151
144 162
144 188
145 194
145 231
147 227
148 170
148 181
149 207
150 166
153 179
153 211
153 244
154 214
154 220
155 213
155 217
155 237
156 166
156 223
156 245
157 166
157 183
158 180
158 207
158 221
159 188
160 250
161 189
163 217
163 261
164 248
166 266
167 177
167 242
167 258
168 192
168 224
168 245
168 254
168 260
169 182
169 202
169 224
170 171
171 175
171 176
171 214
171 242
171 258
172 175
172 179
172 208
173 200
173 203
173 266
174 265
174 267
177 179
177 183
177 188
177 203
177 230
178 224
178 234
178 254
178 269
179 191
179 201
179 217
179 234
180 276
182 194
182 204
182 209
182 268
183 187
183 213
183 219
183 252
184 197
184 244
184 253
185 260
186 190
188 266
189 195
189 201
191 243
193 223
194 208
194 222
194 285
195 263
197 220
197 259
199 213
199 224
199 255
199 263
199 289
199 294
200 237
200 293
201 236
201 257
201 291
201 294
202 224
203 215
203 275
203 301
204 205
205 206
205 241
205 262
205 283
206 261
206 280
207 289
208 220
208 298
208 301
209 216
209 289
210 275
210 290
213 228
213 233
213 269
214 262
215 268
215 308
216 270
216 315
217 254
218 251
218 315
219 299
220 240
220 315
222 267
222 302
222 313
222 319
223 284
223 295
224 234
224 275
224 321
226 228
226 265
227 262
228 229
228 276
228 283
228 309
229 240
229 289
229 303
229 316
230 280
230 312
230 315
230 317
231 304
232 297
232 298
232 316
233 251
233 287
233 312
234 248
234 300
234 316
235 270
235 291
235 315
235 316
236 301
237 282
237 334
238 300
239 272
239 281
240 249
240 264
240 321
241 341
242 256
242 265
242 268
242 284
243 277
243 278
244 322
245 272
245 339
246 264
246 276
246 305
246 327
246 346
247 285
247 312
247 316
248 261
248 266
248 337
249 313
249 345
250 271
250 293
250 329
251 330
251 349
252 297
253 272
253 285
254 295
254 313
254 343
255 263
255 264
255 320
255 324
255 342
258 276
258 282
258 293
258 306
258 314
260 315
261 279
261 341
262 333
263 271
263 285
265 286
265 314
266 344
268 274
269 322
269 368
270 312
270 315
273 292
274 305
275 276
275 295
275 305
276 293
276 332
276 366
277 284
277 318
278 308
279 368
280 326
281 327
281 350
282 295
282 316
282 327
282 368
283 295
283 368
284 315
284 359
285 348
287 308
287 330
287 381
288 345
288 348
288 379
289 310
289 346
289 373
290 323
291 293
291 368
291 369
292 309
292 362
293 342
293 344
294 318
294 321
295 332
296 348
297 325
297 366
298 311
298 377
299 341
299 391
301 343
302 343
304 341
305 327
305 389
305 404
306 344
307 361
308 312
308 393
309 311
309 365
309 374
309 380
309 383
309 405
310 344
310 360
310 391
312 314
312 327
312 350
312 398
313 376
313 397
314 408
315 402
316 366
316 396
318 345
318 357
318 396
319 329
319 403
321 407
323 353
323 357
324 326
324 358
324 364
324 368
325 409
326 352
326 405
327 424
329 360
329 418
330 344
330 347
330 426
331 364
331 383
331 408
333 395
334 351
334 354
334 395
334 405
334 413
335 365
335 378
335 388
335 415
335 420
337 338
337 424
339 394
340 371
340 378
340 403
341 398
341 418
343 369
343 400
343 402
343 438
345 367
345 427
346 394
346 395
346 403
347 350
347 363
347 410
347 413
348 415
348 447
349 362
349 408
350 410
351 352
351 381
352 363
352 403
353 398
353 409
354 442
355 357
355 391
356 408
356 456
357 445
358 432
358 457
359 421
359 456
360 413
361 379
361 394
361 414
362 386
362 430
363 384
363 401
364 408
365 374
365 380
365 388
366 401
366 446
367 372
367 403
367 407
367 418
368 426
369 390
369 399
370 379
370 452
371 452
371 460
372 472
373 423
375 410
376 383
376 388
377 404
377 448
378 450
378 473
379 384
379 390
379 428
381 403
381 445
381 480
382 459
383 425
385 444
386 433
386 486
387 476
388 416
388 441
388 447
388 460
388 478
391 442
391 467
391 490
394 395
396 478
396 493
398 470
399 415
400 442
400 468
401 404
402 470
402 491
403 413
403 465
403 485
404 460
404 492
405 458
406 424
406 438
406 441
406 456
406 457
407 415
407 436
407 445
408 436
408 451
408 505
410 462
411 506
412 452
413 451
413 512
414 463
414 481
416 474
416 486
418 432
418 471
419 424
419 452
419 482
420 452
420 499
420 515
421 477
421 493
421 506
422 468
422 499
423 500
424 435
424 440
424 502
425 426
425 444
425 480
425 517
427 430
427 465
427 477
427 489
428 514
429 449
429 481
429 510
430 442
430 515
430 520
431 446
431 471
431 522
433 472
433 523
433 532
434 466
434 488
435 468
435 509
436 442
437 484
437 517
438 533
439 444
439 448
439 502
440 445
441 499
442 531
443 539
444 495
445 504
445 512
446 491
446 517
447 495
448 467
449 477
450 486
450 526
452 474
452 501
452 528
454 481
455 461
456 462
456 465
456 549
457 466
457 487
457 499
458 473
458 491
458 544
459 524
459 531
461 476
461 502
462 514
463 480
463 515
463 526
463 542
464 560
466 470
467 483
467 502
467 511
468 504
468 564
469 524
470 547
470 548
471 494
471 496
471 533
472 549
473 559
474 513
474 558
475 531
476 508
476 545
477 480
477 532
477 572
478 487
478 507
479 532
480 543
480 570
481 506
481 530
481 569
482 522
482 563
483 560
484 543
486 521
486 581
487 497
489 570
490 494
490 505
491 587
493 518
493 540
494 497
494 500
494 557
495 542
495 578
495 585
495 588
496 558
496 590
497 500
497 529
498 523
498 541
498 570
498 589
500 551
500 553
500 578
501 565
501 589
501 594
502 542
502 572
503 536
504 521
504 522
504 601
505 550
505 551
505 574
507 520
507 569
508 523
508 527
508 591
508 596
510 513
510 565
510 590
510 594
511 533
511 611
512 584
513 548
513 551
513 560
514 550
514 560
514 561
515 551
517 572
518 562
518 597
519 594
520 555
521 523
521 560
521 597
522 539
522 573
522 581
522 617
523 593
525 548
525 577
525 579
526 591
528 586
528 605
529 619
530 570
531 542
531 576
531 603
532 611
533 563
534 537
534 565
534 584
534 598
534 607
534 618
534 634
536 549
536 614
537 579
537 611
537 635
538 608
539 615
540 554
540 598
540 607
540 640
541 590
541 606
542 575
543 621
544 586
544 597
545 588
545 629
545 645
546 603
546 625
546 638
547 630
549 619
549 634
549 639
550 622
551 605
552 583
552 611
552 623
553 611
555 609
557 563
557 579
558 586
559 566
559 631
559 644
560 636
561 573
561 655
562 563
563 578
563 629
565 594
565 618
565 648
566 660
567 640
567 652
568 570
568 581
569 611
570 584
570 622
571 599
571 620
572 659
572 663
573 625
573 663
575 671
576 643
578 595
578 617
578 629
579 622
579 641
579 645
580 620
581 630
581 637
583 624
583 649
583 683
584 603
584 652
584 672
585 595
585 604
585 653
586 655
587 618
587 656
588 597
588 622
589 598
589 619
589 628
589 663
591 597
592 651
592 668
593 631
593 667
593 672
594 603
594 623
594 668
595 611
598 688
598 691
599 690
599 696
600 632
600 633
600 646
601 629
601 687
602 607
602 658
603 654
608 681
609 626
609 640
609 644
609 698
612 621
614 621
614 693
615 674
615 686
617 623
617 651
617 655
617 663
617 677
617 680
617 705
618 657
618 660
619 651
619 711
621 623
621 632
621 656
621 696
623 656
623 668
623 722
624 708
624 718
625 649
625 677
625 695
625 705
626 675
626 690
628 649
628 658
628 692
628 697
628 700
628 704
630 655
630 672
632 648
632 720
634 651
634 696
635 654
635 686
635 693
635 702
636 713
637 666
637 703
637 712
639 694
640 650
640 738
641 680
641 694
642 736
643 686
643 727
644 699
644 717
645 673
646 702
647 731
648 690
648 706
648 729
649 727
649 745
650 666
650 670
650 724
650 742
651 669
651 729
652 688
652 700
653 705
653 712
653 739
654 707
655 669
657 713
657 736
658 687
658 754
658 758
659 711
659 722
660 683
660 709
660 721
660 759
664 742
665 672
666 682
666 706
666 740
668 698
669 748
670 681
670 704
671 675
671 707
672 701
672 710
672 717
673 708
673 762
674 691
674 773
675 753
677 728
677 740
677 750
677 775
678 714
678 764
679 720
680 705
680 753
680 760
680 769
681 684
681 701
681 776
682 707
684 743
684 762
684 767
685 724
685 725
686 716
687 746
687 751
687 775
689 755
690 759
690 767
690 788
691 716
691 720
691 787
694 765
696 739
696 783
696 795
697 769
698 708
699 727
699 755
700 749
700 785
700 791
700 798
701 705
701 710
701 745
701 752
701 779
702 751
702 797
703 765
703 785
703 794
704 710
704 737
704 753
706 733
706 737
706 802
708 770
709 777
710 769
711 787
712 728
712 796
713 739
713 756
713 762
714 762
715 767
716 717
716 750
716 756
716 793
717 746
718 772
719 721
719 722
720 805
721 722
721 748
721 784
721 789
721 795
721 815
722 760
722 812
723 724
723 738
723 772
723 821
724 754
725 742
725 791
725 816
726 730
726 764
727 794
727 807
728 801
730 757
730 805
730 817
730 822
731 776
731 821
732 773
733 831
734 745
734 809
734 831
736 741
736 787
736 794
736 804
737 750
739 797
740 770
742 780
742 827
743 771
743 824
743 834
744 818
746 777
746 797
746 829
746 845
747 769
747 827
747 840
748 845
750 788
750 813
750 816
750 821
751 811
751 843
752 767
752 773
752 805
753 762
753 801
753 810
753 811
753 819
753 850
754 790
755 792
755 843
755 848
756 793
756 810
756 839
757 774
759 778
759 793
760 770
760 802
760 830
761 777
761 846
761 856
762 764
762 770
762 816
763 808
763 829
765 798
765 850
766 818
766 866
768 806
768 847
769 784
770 811
770 840
770 860
772 809
775 859
776 855
776 861
778 785
778 848
779 818
780 815
782 842
783 793
783 868
783 871
784 844
784 875
785 816
785 858
786 821
786 843
786 877
787 810
787 850
787 853
788 792
788 837
788 853
788 868
789 793
789 823
789 859
789 874
791 808
792 846
792 873
793 823
794 837
796 858
798 806
799 838
800 804
800 871
800 879
801 808
801 820
801 838
801 853
801 871
802 816
802 860
803 850
803 870
803 899
806 905
807 866
807 899
809 846
809 865
810 840
810 853
810 883
812 861
813 828
813 841
813 866
814 910
815 874
816 834
816 882
817 818
817 843
817 913
818 835
819 880
820 908
821 832
821 887
822 827
822 830
825 838
826 836
826 845
826 864
826 886
826 911
827 924
829 893
830 887
830 929
832 924
833 837
833 843
833 892
834 902
834 909
835 912
837 844
837 860
837 933
838 873
839 896
841 887
843 848
843 860
843 923
846 854
846 869
847 864
847 899
847 928
848 918
849 903
852 866
853 887
853 946
853 953
854 924
855 905
857 952
859 892
860 878
860 886
860 930
861 879
861 933
862 935
862 960
863 947
863 959
864 944
865 942
865 963
866 930
866 936
866 945
868 882
869 944
870 901
870 948
871 939
872 951
873 889
874 939
874 960
875 923
875 933
875 972
876 884
876 910
876 940
877 911
877 964
877 970
878 888
879 906
879 931
881 901
881 918
881 954
882 936
883 921
883 952
886 927
886 930
887 961
887 964
887 972
888 917
888 952
889 954
889 970
889 981
890 960
891 976
892 930
893 906
893 911
894 942
896 904
896 981
898 952
898 953
898 982
898 994
899 901
900 975
901 925
902 931
902 964
903 932
903 939
903 983
905 994
906 964
907 909
907 938
908 918
909 925
909 928
909 957
912 948
912 977
913 923
914 950
915 959
915 968
917 962
918 994
920 938
920 944
920 962
920 985
923 994
924 941
925 926
926 996
927 971
928 967
929 989
930 998
931 965
931 994
932 934
934 985
935 951
936 948
936 984
937 940
938 941
939 976
939 993
940 969
940 977
943 957
944 966
944 991
946 974
953 973
953 977
954 995
955 967
956 958
958 976
959 971
960 966
960 994
960 999
964 967
964 972
964 983
966 969
966 975
967 984
968 983
972 973
978 985
978 986
978 988
979 998
983 992
0 6 6 3 6 2 3 13 5 2 9 10 7 10
8 2 0 2 9 3 2 8 4 7 6 5 9 8
3 9 12 6 18 22 18 9 6 7 35 5 27 5
1 8 8 7 3 5 5 9 2 4 12 2 1 1
5 0 9 6 10 2 10 3 0 1 11 20 20 12
8 11 2 4 11 1 11 0 1 7 1 8 3 12
12 16 4 5 4 5 0 1 2 1 4 3 8 2
10 9 7 10 13 0 4 9 9 10 10 4 9 1
11 4 13 10 0 5 5 6 0 3 14 1 2 2
9 3 3 2 4 13 1 6 4 2 12 2 0 7
7 2 3 0 14 10 12 7 6 3 11 6 33 3
6 7 1 14 1 10 3 2 3 2 11 1 10 5
7 2 8 0 4 4 10 6 11 5 14 12 1 7
6 1 2 10 6 14 2 9 1 9 6 10 9 0
0 9 41 9 9 9 8 25 4 5 3 12 11 1
7 8 3 16 14 16 15 13 6 12 14 7 21 12
15 10 14 35 25 4 10 0 12 6 4 2 22 4
1 4 9 10 15 9 5 0 5 7 0 17 7 1
9 1 6 9 18 14 12 17 11 36 1 22 14 15
22 0 17 17 8 8 7 26 8 11 31 12 1 3
52 49 38 68 51 54 63 35 64 66 51 59 63 51 48 16 36 59 14 40
6 12 5 9 12 4 13 9 14 13 16 7 12 19 10 1 6 16 11 15
50 54 23 51 50 51 59 39 51 47 48 52 42 52 47 17 45 56 28 31
27 28 5 21 30 28 31 11 26 23 16 21 19 22 18 1 20 26 16 9
22 28 6 23 27 23 26 6 30 38 26 26 26 27 12 8 7 17 11 18
52 50 29 63 56 55 69 39 63 56 44 54 53 43 41 13 30 45 19 29
60 67 15 64 52 69 70 50 70 68 41 66 59 61 45 24 45 56 41 49
52 48 11 53 47 50 45 34 48 51 34 50 50 46 24 18 22 48 24 33
54 62 19 65 44 55 71 43 76 80 46 72 51 59 30 22 34 45 16 41
40 44 18 40 39 43 52 25 35 52 39 45 37 39 17 17 18 31 17 14
7 9 1 14 11 17 14 7 17 15 3 13 9 13 6 1 5 10 5 9
47 70 44 65 48 60 71 51 72 78 67 75 52 68 32 38 48 56 25 36
51 63 31 64 49 78 75 49 57 62 46 49 53 50 34 20 46 58 26 25
12 6 1 27 10 20 25 5 31 22 9 22 15 16 12 1 6 17 1 11
47 51 24 58 40 43 56 34 54 60 47 56 44 58 49 17 33 54 22 37
18 21 7 21 15 13 16 11 18 26 15 15 18 24 13 5 4 23 12 19
51 56 35 68 38 63 74 44 65 70 52 62 50 49 35 27 39 41 13 29
28 30 15 29 24 39 33 12 24 37 26 23 20 25 22 13 7 23 14 11
25 37 10 31 40 44 43 28 40 36 26 34 31 35 12 10 27 35 12 19
60 61 47 76 52 55 68 49 67 68 52 61 58 60 54 27 36 53 27 29
44 33 22 57 25 37 56 31 55 52 26 46 43 41 44 8 27 46 4 37
45 61 28 57 44 59 68 38 65 70 50 65 48 56 27 26 36 38 15 32
47 50 17 46 50 43 52 28 55 57 39 56 40 52 32 15 20 46 18 30
11 19 5 14 16 23 25 13 17 25 14 25 13 12 4 1 17 20 1 1
46 62 21 57 38 64 75 37 52 69 45 65 38 54 31 24 36 51 27 11
36 40 14 42 50 44 48 24 53 51 35 55 44 40 27 13 28 38 18 26
32 44 23 42 37 44 52 27 42 49 47 43 38 49 34 20 28 44 25 26
37 36 20 45 32 31 48 14 44 51 29 37 36 28 25 2 15 27 17 13
32 34 6 30 31 30 40 12 37 40 24 41 28 32 24 7 17 27 15 17
20 21 1 26 23 15 27 9 31 34 12 24 17 22 12 1 9 18 6 17
12 12 4 23 17 24 19 10 25 17 6 15 13 17 16 4 7 18 10 12
29 30 14 42 28 39 44 27 36 27 16 33 21 30 26 8 31 34 15 12
35 39 24 46 37 42 49 27 43 47 37 40 30 32 26 12 29 31 12 20
11 5 6 16 11 16 12 9 13 9 6 7 8 11 15 1 7 20 8 8
37 35 25 47 33 37 50 15 46 51 32 43 31 25 25 10 20 27 8 12
44 51 25 48 49 47 55 30 52 56 46 45 47 54 37 21 5 36 24 33
16 20 3 21 26 27 25 12 27 25 17 21 23 17 9 4 14 20 6 14
18 30 7 23 20 20 33 18 31 32 18 26 13 29 16 6 17 27 18 14
41 50 8 51 34 48 46 39 60 60 26 49 47 48 27 14 21 43 29 41
40 48 4 45 33 56 53 32 48 54 28 46 45 49 22 14 17 49 28 29
45 54 37 60 42 69 65 40 64 66 49 56 50 45 36 31 41 42 20 35
8 12 1 11 23 16 21 8 20 20 12 17 12 12 3 1 12 14 6 6
32 29 16 42 37 37 38 21 40 35 25 29 26 26 28 8 21 32 11 21
21 20 3 29 20 20 38 13 33 35 17 38 21 20 14 3 17 15 1 12
15 26 2 27 17 24 35 10 35 35 19 31 23 34 15 6 14 22 19 21
34 44 30 53 29 43 51 34 44 46 42 53 31 53 31 28 29 44 29 16
1 3 1 2 7 7 9 1 9 5 3 11 1 3 1 1 2 2 1 1
10 7 1 11 11 15 15 9 13 12 11 13 13 7 9 1 11 17 1 6
13 27 7 20 26 35 35 6 28 38 23 31 29 24 4 4 16 21 10 10
7 9 1 10 12 8 8 5 16 16 11 10 13 9 4 1 3 7 7 10
19 26 6 24 21 27 28 13 26 30 22 23 19 34 19 11 10 27 22 21
32 42 27 54 26 34 43 30 46 52 36 40 34 41 30 10 15 36 14 21
44 49 25 51 40 40 42 38 50 52 39 50 37 48 35 22 27 49 27 26
24 16 4 26 18 22 27 11 28 25 10 20 23 7 14 1 16 15 6 7
57 66 17 65 54 64 74 49 73 72 48 66 57 52 36 16 43 56 24 44
5 2 1 1 11 3 9 1 6 7 7 5 5 3 1 1 2 2 1 2
1 4 1 1 4 9 6 1 6 6 2 9 1 5 1 1 1 3 1 1
52 42 32 61 39 48 62 41 51 53 40 56 41 51 56 19 40 66 27 24
40 43 21 34 40 44 41 16 27 38 39 33 30 40 36 13 13 38 32 7
42 33 24 48 30 29 49 27 48 49 34 43 40 36 37 8 26 35 6 28
6 6 1 7 12 15 10 7 9 4 1 7 3 8 5 1 4 9 3 2
28 27 10 40 26 33 33 18 43 40 14 34 29 32 21 6 17 37 18 26
23 19 12 30 18 27 27 8 22 31 18 23 21 16 20 6 15 26 9 9
22 23 9 29 19 28 32 24 31 21 18 26 15 12 17 7 26 18 6 9
28 34 2 24 31 28 37 16 33 39 21 38 20 29 13 5 17 26 13 15
21 22 1 17 18 21 18 10 21 26 12 13 21 10 1 1 5 9 4 11
40 39 36 53 40 45 60 32 48 50 43 49 42 42 43 15 38 54 22 21
10 14 1 13 14 15 8 5 21 23 13 13 19 11 3 2 6 11 9 16
35 26 13 42 30 28 43 20 39 36 18 39 21 26 22 7 19 29 7 9
4 2 1 5 6 7 5 5 6 1 1 3 4 2 2 1 2 7 1 1
46 53 12 38 45 48 55 37 45 47 45 49 41 42 32 13 38 49 25 29
32 39 22 38 36 36 47 20 39 45 34 38 27 34 22 9 24 40 16 12
64 67 41 73 70 77 68 52 73 67 56 55 71 60 45 22 41 75 35 40
7 7 6 12 6 7 10 9 9 7 10 8 4 14 14 1 3 16 2 6
43 36 6 50 44 44 53 35 54 41 26 41 39 31 30 1 34 45 8 32
3 7 1 7 8 13 9 3 9 11 4 7 6 9 2 2 1 3 1 4
51 53 31 66 46 50 67 31 60 69 52 65 51 56 44 20 31 48 19 32
30 28 12 31 30 27 30 12 29 29 25 34 22 36 24 12 8 26 9 15
2 3 1 7 2 8 5 1 7 10 2 6 5 1 3 1 3 6 2 3
28 27 13 40 12 34 40 21 36 41 20 29 31 27 25 3 15 34 10 22
35 37 22 44 36 38 54 32 45 43 38 54 33 50 28 24 24 35 18 25
42 37 13 48 27 34 43 30 44 46 25 39 32 36 26 9 17 33 7 26
37 33 10 40 35 31 43 25 44 42 21 37 32 25 24 1 29 36 17 23
4 1 2 10 1 5 5 6 7 1 2 4 1 5 11 1 3 14 3 4
45 46 16 46 37 45 62 29 37 46 38 54 23 52 42 16 25 54 22 17
20 24 4 19 26 29 28 14 21 21 11 19 17 18 10 2 16 24 7 8
23 28 21 32 21 26 31 23 27 24 25 30 21 36 36 12 24 40 19 20
53 61 43 72 51 59 75 40 67 78 67 72 61 60 43 26 41 55 27 29
52 55 41 57 45 52 51 39 55 59 54 60 46 47 40 35 37 37 21 25
25 22 17 46 36 36 44 17 50 42 27 40 31 31 26 4 22 43 8 24
5 5 1 5 6 7 7 2 10 8 6 13 6 5 2 1 1 5 4 2
16 11 6 21 11 11 20 8 21 17 6 20 13 18 13 1 8 16 7 9
18 23 1 23 19 27 29 22 24 19 7 22 13 18 9 3 18 19 2 14
40 47 29 46 49 49 50 32 46 50 40 36 42 42 23 12 26 46 17 14
44 38 27 58 40 48 44 34 56 47 33 44 49 49 42 21 26 53 32 32
21 31 7 18 26 25 26 14 23 31 21 25 16 30 10 13 8 14 12 14
14 11 6 17 10 15 15 5 10 13 10 21 9 16 11 9 3 17 5 1
48 62 37 64 50 74 77 49 67 66 51 58 52 55 40 20 49 64 20 32
23 26 12 28 19 29 26 21 20 22 16 23 17 18 17 13 19 21 13 9
25 33 10 38 14 37 44 27 42 46 25 38 26 33 13 13 17 21 13 20
55 45 14 57 39 43 56 31 55 54 27 47 49 30 32 5 26 32 4 28
6 16 7 15 11 25 23 12 16 20 14 22 7 13 6 9 19 15 8 5
11 12 2 15 15 16 23 5 16 18 9 14 6 16 15 2 8 15 9 3
12 12 7 18 14 9 17 13 18 15 13 17 6 8 10 3 12 10 3 5
12 22 1 17 12 18 28 15 25 23 13 22 13 22 8 1 15 21 10 8
4 13 3 12 11 16 18 8 17 18 6 16 9 8 5 1 14 14 11 10
9 17 3 13 14 17 19 6 17 14 15 14 9 25 16 4 8 23 16 12
63 63 38 69 57 60 82 46 65 68 54 73 55 65 60 16 52 70 21 35
9 16 2 13 15 21 14 8 16 12 14 13 7 19 12 3 4 17 5 8
38 37 17 47 39 34 49 39 44 34 28 44 37 38 29 5 35 49 7 24
16 16 3 22 24 17 27 14 30 27 16 22 16 25 11 1 11 21 10 19
7 2 2 7 9 10 9 1 8 4 2 9 1 5 8 1 5 14 4 1
61 55 27 63 55 64 69 43 61 64 46 54 53 47 46 15 39 57 28 32
18 17 9 19 18 14 26 13 25 25 20 22 16 16 14 1 15 16 6 8
8 8 4 10 9 11 13 9 8 6 9 11 6 10 11 4 9 15 1 6
29 33 7 27 32 35 36 15 26 39 25 24 26 25 13 2 10 20 13 8
12 9 1 11 6 4 10 7 11 10 1 12 4 10 5 1 1 9 1 1
7 3 1 13 11 11 13 8 16 11 9 11 9 7 8 1 8 11 5 9
32 31 8 27 33 39 38 15 30 26 24 33 21 19 19 8 19 24 4 6
8 6 1 7 8 5 13 3 10 12 4 11 6 7 3 1 4 7 1 4
7 8 1 5 11 14 12 9 8 6 8 8 7 8 9 1 8 15 9 6
7 10 1 9 6 16 10 5 9 13 9 11 10 7 8 5 9 14 7 7
64 66 13 64 49 61 73 37 61 69 40 60 54 49 34 12 33 50 27 34
12 15 4 14 15 15 23 15 14 17 11 17 11 19 10 1 12 22 8 13
23 30 21 39 34 36 44 24 38 33 30 44 26 35 31 5 32 45 13 11
8 12 5 14 12 11 12 7 15 12 11 13 7 18 11 6 6 13 7 9
14 19 11 30 20 23 38 24 35 27 17 34 20 23 14 1 26 28 4 11
41 45 16 31 34 30 24 22 25 40 32 33 30 41 21 18 5 30 21 17
14 14 7 21 15 19 20 8 25 20 9 24 8 17 12 8 7 14 5 6
59 53 35 75 45 61 70 40 64 71 51 64 53 55 44 26 25 54 24 33
36 52 17 50 37 51 56 35 59 63 31 58 40 50 18 18 31 50 21 31
57 73 37 74 58 73 86 52 81 84 57 69 61 67 37 23 42 63 28 37
27 24 10 26 20 28 31 7 20 21 14 24 22 28 24 3 10 26 12 9
5 3 1 1 8 7 14 2 6 8 1 12 1 6 1 1 5 12 1 1
33 40 13 47 33 47 43 29 53 44 27 37 38 38 30 7 26 48 15 35
31 32 12 36 30 37 31 20 38 36 16 27 23 30 18 10 14 32 13 24
34 42 18 41 38 45 48 23 40 43 32 50 26 43 33 19 33 46 29 8
5 8 1 8 14 11 14 4 13 12 13 6 11 15 9 1 8 20 13 13
52 48 13 49 46 55 55 36 48 50 30 38 47 31 33 2 32 48 22 30
57 54 27 68 45 50 64 35 63 62 44 53 57 41 39 10 37 48 18 35
7 9 7 15 15 10 21 9 18 15 17 15 12 15 16 1 15 23 8 13
55 66 39 71 42 53 71 54 80 80 58 72 51 68 44 33 45 52 18 53
20 23 9 25 24 24 36 15 26 30 25 31 15 31 20 7 14 28 8 14
47 49 22 50 46 50 55 31 52 58 44 41 49 43 38 11 27 45 38 24
27 23 8 40 21 32 29 23 41 32 17 30 32 33 25 10 8 26 9 32
44 52 21 47 47 60 58 38 39 43 35 49 35 46 39 19 39 52 29 10
31 37 17 37 31 31 48 24 34 49 39 47 31 31 14 19 24 31 18 12
5 2 1 9 11 7 12 10 10 3 4 3 2 10 6 1 5 8 1 6
40 39 13 50 42 50 57 34 55 46 25 44 37 27 28 5 39 43 7 27
22 30 9 30 29 31 33 21 39 39 19 35 30 28 12 5 24 38 15 20
46 41 13 54 38 50 49 28 55 52 24 40 46 31 29 4 18 36 12 29
16 9 1 11 18 17 19 9 15 12 11 14 11 6 9 1 10 15 1 2
40 46 29 46 40 53 62 36 51 51 37 53 30 36 31 23 43 37 11 19
34 39 20 38 41 49 49 21 36 42 34 38 30 20 19 8 28 29 12 4
5 6 1 3 6 12 10 8 7 3 1 3 1 7 5 1 4 9 3 1
16 13 5 7 17 20 18 7 11 15 10 17 10 8 9 1 11 20 5 3
18 17 5 19 20 22 17 8 20 27 16 14 22 15 11 2 7 16 8 15
13 9 1 3 9 10 15 3 5 12 7 9 5 4 1 1 2 9 1 1
20 19 15 25 11 18 22 15 20 24 15 22 12 14 11 9 15 9 1 6
60 66 36 72 50 56 74 57 80 79 55 66 63 58 40 22 51 54 18 53
45 50 32 49 39 44 49 31 39 57 46 48 45 45 31 25 19 42 33 10
5 1 1 8 5 7 13 1 10 9 1 12 5 4 5 1 5 11 4 1
39 37 20 50 43 45 44 29 57 51 36 43 45 40 34 16 29 42 13 36
68 66 31 73 60 63 75 49 65 79 61 70 66 62 41 27 41 68 40 40
46 66 33 58 64 68 74 51 67 59 52 65 45 63 42 30 57 66 37 35
8 9 2 10 8 9 4 1 11 13 10 5 15 7 5 1 4 13 7 12
11 15 1 16 14 19 20 12 20 19 7 14 11 19 10 1 4 14 9 12
9 12 10 25 14 19 22 13 20 16 13 20 8 19 17 4 15 23 6 10
49 50 17 50 49 50 61 21 57 67 40 54 47 47 29 15 17 38 15 34
42 45 30 63 43 50 61 43 61 52 40 56 41 40 36 14 43 50 9 26
8 7 1 8 14 12 12 3 11 12 6 11 5 7 4 1 5 7 2 3
59 66 39 54 63 78 62 39 46 56 55 52 50 57 51 30 32 62 44 22
51 55 35 62 43 52 65 39 57 64 52 60 48 58 50 22 38 58 31 28
9 8 1 11 8 17 13 5 15 18 4 12 12 6 3 1 3 9 4 8
36 51 25 50 39 48 58 42 52 49 45 53 36 46 29 25 35 40 18 28
12 9 11 23 10 16 16 11 18 13 13 11 14 17 22 4 11 25 9 13
42 51 30 59 35 62 58 32 59 62 45 54 46 46 34 21 32 48 15 33
41 38 7 44 49 50 47 30 50 42 35 33 49 30 31 7 35 49 22 36
36 48 16 52 35 36 58 28 58 58 33 56 41 52 36 8 31 49 19 35
43 48 12 51 31 33 48 35 57 59 34 50 42 40 17 18 23 21 15 32
41 41 38 57 39 41 55 33 50 53 47 42 38 39 43 15 36 42 15 26
31 39 20 46 27 37 51 25 47 52 32 44 35 42 27 11 21 30 10 28
4 5 1 10 17 16 17 1 17 13 5 17 7 7 5 1 7 11 6 5
48 51 8 42 42 57 64 33 42 53 38 52 32 48 42 17 37 53 28 15
31 34 18 39 29 32 42 23 33 42 40 37 27 38 28 16 16 33 16 20
26 16 5 34 17 15 32 12 32 30 12 32 19 25 18 2 8 25 2 14
21 22 3 13 13 13 18 17 12 19 10 11 15 15 8 1 6 13 6 10
4 3 1 16 10 19 15 1 20 14 3 16 14 8 7 1 12 17 7 8
15 24 2 21 13 16 24 16 28 28 18 28 14 31 14 6 11 28 15 20
31 27 2 34 26 17 36 19 37 35 19 34 28 27 20 2 10 17 3 17
7 5 3 10 7 8 15 4 10 12 3 14 3 2 4 1 10 12 1 2
11 23 10 29 15 31 36 16 33 31 18 27 13 27 18 10 21 23 14 18
56 60 33 63 62 65 62 47 65 63 60 51 70 46 43 15 51 66 25 47
33 33 21 39 36 28 36 14 35 43 34 37 33 26 22 7 19 31 11 15
49 48 31 65 38 39 50 35 65 67 49 58 54 50 43 24 31 43 23 45
5 10 2 10 14 13 14 6 13 13 6 16 3 10 3 2 9 6 3 5
17 22 12 25 26 22 34 16 30 31 28 34 24 23 17 3 23 30 7 13
17 12 6 23 17 10 22 12 24 17 8 18 12 24 16 1 5 15 6 13
32 33 13 39 24 18 33 25 41 37 23 32 34 40 26 4 13 31 13 31
1 7 2 14 7 11 16 10 18 10 10 17 5 16 6 1 9 11 2 8
46 46 11 44 35 44 38 27 36 42 26 34 36 37 25 13 10 32 9 27
27 28 18 37 25 30 46 28 42 32 21 37 20 39 30 11 25 35 12 21
11 11 6 22 14 20 27 9 24 20 9 26 9 6 14 1 20 20 6 3
56 55 31 66 33 62 69 41 55 66 51 62 44 54 44 27 39 46 20 23
21 24 5 19 22 28 19 9 25 27 19 18 31 17 7 4 11 18 15 17
27 39 8 35 24 51 47 24 39 43 26 37 24 33 17 13 24 30 17 17
39 30 24 55 34 39 41 22 50 43 27 42 38 42 42 18 17 42 22 23
48 46 12 51 43 51 44 25 46 52 29 46 49 48 28 20 6 37 19 31
10 15 1 14 10 11 15 12 18 20 6 18 7 12 1 1 7 8 3 7
16 22 10 28 19 7 27 18 35 28 19 29 9 27 13 5 14 22 9 16
17 19 3 12 20 23 14 6 16 24 17 15 22 12 6 4 9 17 8 16
29 30 10 42 21 34 39 28 40 28 11 30 21 33 30 5 23 35 12 22
35 34 8 41 18 44 47 31 37 37 26 35 38 26 24 6 23 38 7 25
20 8 3 16 14 7 15 10 14 14 4 14 4 11 10 1 1 13 1 3
34 29 7 37 32 18 33 24 38 32 20 27 25 32 22 1 15 31 7 23
6 7 1 6 6 9 14 8 9 9 1 12 2 8 3 1 6 12 1 2
57 60 23 61 56 50 61 39 60 67 44 69 50 63 31 26 29 55 28 29
55 58 42 64 55 65 75 45 63 55 51 61 41 46 52 25 53 58 16 28
9 22 12 27 16 28 36 25 31 27 25 39 15 24 7 10 25 24 4 5
25 27 11 27 27 29 40 18 28 31 25 36 12 34 21 15 12 28 9 14
47 48 28 59 52 48 60 30 64 60 47 52 52 44 37 6 28 46 18 26
50 49 24 61 37 41 61 42 64 67 46 60 54 54 43 17 38 51 20 48
37 43 25 40 27 38 48 22 38 46 32 47 18 36 28 22 19 33 15 12
29 43 22 40 28 42 48 38 43 37 35 44 28 32 21 15 40 34 8 18
9 4 4 9 9 8 5 1 5 4 3 9 5 3 7 1 2 11 1 1
34 32 22 48 41 37 49 23 47 45 36 48 44 41 28 12 25 39 7 25
43 47 18 57 24 44 60 35 55 57 26 43 41 49 41 4 22 48 22 34
15 19 2 15 23 32 24 5 19 28 16 16 23 9 1 1 11 11 4 10
11 20 4 15 12 23 25 11 18 21 21 21 17 24 14 8 13 21 16 13
38 41 29 47 39 38 51 38 45 44 37 54 30 45 33 22 31 45 22 14
48 37 12 57 27 39 59 35 59 56 22 50 44 33 30 1 28 43 7 30
15 7 3 8 10 8 8 3 6 9 10 7 8 2 8 1 2 9 2 1
46 40 30 54 39 52 51 26 43 57 43 48 46 33 35 20 23 45 24 10
12 20 4 18 21 28 29 7 24 28 19 28 18 21 9 8 12 18 11 11
55 62 34 72 59 71 65 52 71 63 51 59 58 49 42 29 51 59 21 44
62 68 44 71 68 76 74 41 68 78 69 72 61 69 53 34 46 76 39 38
9 9 2 12 7 7 14 5 14 14 9 9 12 11 6 1 1 5 1 4
6 9 3 13 13 18 15 7 14 13 6 15 9 8 5 1 12 12 4 6
41 55 25 57 35 64 68 44 60 55 37 52 41 49 41 18 43 52 18 37
53 56 28 69 29 52 66 46 70 69 41 59 46 53 37 21 27 37 7 39
47 41 18 47 50 38 40 26 51 49 37 40 51 37 29 14 23 30 22 32
25 37 23 35 20 29 36 30 42 39 38 37 32 33 20 14 28 26 15 24
15 30 11 27 25 33 40 19 34 30 29 35 26 41 27 7 30 41 21 23
30 36 4 30 31 36 44 17 35 39 22 37 29 34 17 7 22 25 20 13
39 32 9 41 37 42 43 20 44 42 23 35 45 23 19 6 19 21 1 24
6 6 1 8 8 17 9 4 6 10 1 8 7 5 3 1 6 12 1 6
20 18 5 29 24 25 31 21 33 26 17 18 28 20 15 1 18 25 4 25
48 59 30 46 52 56 67 41 53 60 54 52 50 53 43 11 48 60 22 32
51 48 16 66 48 60 66 33 72 69 31 66 59 49 35 16 27 51 16 37
52 54 31 58 48 59 53 31 50 60 42 45 46 49 45 19 22 51 35 21
13 16 4 14 18 20 11 11 12 9 9 8 13 14 9 3 9 14 8 8
39 37 15 40 52 37 43 29 44 34 32 40 36 34 25 8 28 45 14 20
17 15 4 13 8 8 15 14 16 15 5 16 7 15 11 1 6 14 1 8
1 3 1 8 5 7 8 2 14 7 1 13 3 6 1 1 4 2 1 1
1 4 1 11 2 5 8 5 13 11 5 5 7 8 5 1 4 7 1 8
45 56 40 64 55 65 65 39 64 62 51 64 49 66 49 31 43 73 35 28
4 8 1 9 8 7 9 6 13 6 11 6 7 13 8 1 3 10 2 7
27 22 10 31 27 23 29 11 28 31 21 18 20 17 18 2 6 13 2 10
67 66 38 72 60 62 62 45 68 71 54 57 62 64 56 18 28 70 35 42
40 40 17 47 43 49 57 26 41 46 38 54 42 45 35 14 27 47 18 19
56 60 21 62 42 61 55 45 61 61 48 52 51 46 33 27 35 41 22 40
14 14 1 10 8 13 17 9 13 17 12 15 9 13 6 2 2 9 1 1
21 21 1 26 26 39 37 22 28 15 14 21 18 17 23 1 29 33 11 15
2 3 1 11 4 10 8 7 12 4 4 6 5 8 10 1 4 13 4 6
19 24 4 21 16 26 29 6 26 34 15 13 25 20 10 1 8 22 16 14
71 62 34 73 64 60 72 55 63 64 53 63 60 48 56 21 50 63 25 39
10 7 4 13 10 10 12 8 10 9 7 8 3 6 10 1 7 14 4 1
17 16 4 20 15 14 24 11 24 25 22 24 20 21 12 4 8 11 4 13
30 30 19 43 37 36 41 24 50 43 34 39 32 33 31 13 24 36 19 28
13 13 4 9 11 16 15 1 8 11 7 8 4 10 12 1 1 14 3 1
20 29 7 29 22 31 44 21 33 38 20 45 10 29 9 13 16 23 9 6
29 28 10 27 20 29 25 8 21 36 23 24 27 26 21 10 7 28 17 14
29 38 8 30 34 30 38 21 38 41 25 36 24 39 24 12 19 38 23 28
64 70 29 64 49 64 80 58 58 66 54 59 53 62 54 22 41 63 41 33
55 53 26 48 48 46 50 31 38 56 45 50 42 48 37 20 19 42 17 21
5 15 7 24 15 16 30 13 30 25 16 32 19 23 9 1 20 24 3 12
36 34 11 43 22 38 47 23 46 47 19 38 28 28 23 3 23 29 10 15
21 15 8 28 15 18 30 9 29 28 17 28 17 22 17 6 10 19 5 11
31 30 9 30 37 37 47 13 36 35 21 35 27 33 28 6 24 35 18 14
45 55 23 49 36 43 56 39 59 54 37 55 33 46 26 24 31 30 13 29
56 52 15 55 42 49 66 39 49 53 33 60 27 61 46 22 24 51 29 25
57 60 35 73 58 62 75 57 69 61 50 67 45 55 48 25 52 60 17 40
1 3 1 1 3 8 8 3 5 2 3 4 2 4 2 1 3 10 1 1
10 7 3 10 11 10 11 10 5 6 6 3 8 8 9 1 7 12 3 6
2 2 1 1 5 7 5 3 4 5 1 3 2 2 1 1 1 4 1 2
14 12 2 12 15 17 16 7 16 16 9 11 17 1 1 1 9 4 1 3
48 52 10 52 33 58 65 33 51 60 26 58 34 54 33 19 20 52 30 31
23 20 9 33 30 20 17 14 29 24 18 19 22 23 17 4 8 23 10 16
3 7 1 10 9 11 8 1 10 8 4 11 4 11 5 1 5 9 3 5
37 35 10 35 38 24 33 23 36 38 25 35 25 38 27 7 15 37 16 24
60 58 48 67 66 71 74 45 60 63 62 60 55 59 65 23 45 75 40 17
39 36 22 46 31 32 45 28 38 38 26 39 24 35 33 7 20 41 4 19
36 44 14 33 33 45 50 16 29 47 34 38 23 33 23 13 19 30 19 9
18 12 6 22 20 23 28 8 24 24 17 24 16 13 16 1 15 24 5 8
5 12 1 6 12 1 5 5 13 10 13 7 12 13 5 1 3 10 9 11
2 6 1 5 8 13 13 1 7 13 6 11 7 5 1 1 5 11 1 3
59 61 25 64 48 48 65 50 61 58 45 65 48 68 43 23 40 62 36 37
64 67 32 67 53 65 79 49 54 68 61 66 42 64 57 31 45 63 37 15
36 42 19 42 25 26 38 37 43 39 32 37 27 34 24 13 28 31 11 27
52 60 30 64 41 55 76 41 61 64 43 66 40 56 42 19 38 47 13 30
18 21 7 30 15 20 20 11 30 31 12 21 21 22 13 4 8 19 8 17
4 7 4 12 9 11 15 8 15 14 5 18 6 5 3 2 13 8 2 7
64 70 36 70 67 68 76 55 73 73 61 59 72 59 48 17 59 75 28 49
30 31 18 31 28 35 37 14 26 32 25 33 23 18 22 6 27 28 12 3
19 16 2 23 19 32 19 11 15 22 13 21 19 15 6 7 11 20 6 6
20 28 6 27 29 37 39 21 32 22 19 24 22 29 26 1 30 39 14 20
25 28 11 32 29 40 46 24 38 35 24 34 27 28 18 3 31 41 10 10
12 11 5 19 11 17 22 9 21 23 13 16 18 8 7 1 10 12 7 8
65 67 31 69 62 53 69 49 68 67 56 56 59 56 51 11 37 60 22 42
19 17 4 29 12 31 28 15 28 23 9 16 22 19 18 1 13 27 8 15
37 37 11 27 39 33 35 25 28 36 29 38 27 34 14 18 17 34 23 15
10 8 1 11 15 18 16 8 14 8 5 14 6 9 9 1 7 15 4 1
6 9 1 12 8 12 12 10 12 6 4 8 1 10 7 1 7 11 2 2
37 37 17 33 40 39 42 21 30 31 28 24 31 34 28 3 16 40 23 10
38 41 15 37 32 36 51 16 37 45 39 39 36 43 37 8 26 40 25 23
17 22 2 14 10 29 22 9 10 23 14 11 15 14 8 3 7 12 8 2
55 69 45 59 52 65 66 51 56 60 64 59 52 60 52 29 52 65 37 28
48 47 15 59 40 48 70 45 58 53 32 58 40 47 45 10 51 55 24 25
38 31 17 46 28 35 46 22 41 40 27 38 30 39 38 4 22 41 14 19
8 3 2 6 17 15 16 2 15 11 8 17 7 3 7 1 13 15 6 3
16 32 12 32 18 33 44 29 35 39 23 38 22 36 20 5 30 39 9 22
11 5 4 14 8 8 12 6 11 13 7 12 7 5 9 1 7 12 4 5
25 40 9 34 26 28 40 33 42 28 22 31 19 35 23 5 27 32 17 22
9 8 1 15 7 14 17 2 17 11 3 19 6 15 9 2 2 12 2 1
20 19 6 23 15 20 27 21 24 17 10 22 12 14 14 3 18 21 5 7
37 47 13 36 38 53 54 22 33 45 30 38 34 36 17 14 22 32 25 7
47 47 38 55 35 45 62 43 50 47 42 59 29 49 50 24 45 54 25 21
58 59 17 57 47 51 53 35 52 65 43 62 50 64 47 32 26 53 45 28
51 60 44 65 45 61 73 52 63 65 61 62 56 42 36 27 60 46 8 29
54 51 15 66 52 60 74 41 67 63 39 67 47 47 30 20 38 48 17 29
14 4 3 8 16 14 12 5 6 3 3 10 3 2 9 1 8 16 4 1
9 12 1 21 16 16 15 2 27 21 5 19 17 20 7 1 2 9 3 14
59 61 36 73 46 65 75 43 65 71 54 67 54 64 45 31 36 64 37 38
4 7 1 12 6 7 15 5 15 11 9 9 9 12 6 1 3 7 1 5
34 39 27 45 35 29 48 39 50 48 38 49 28 41 29 16 37 48 19 29
39 34 21 32 47 37 31 16 31 37 35 33 37 27 25 12 15 37 24 10
55 63 41 70 45 72 86 50 70 73 58 78 43 63 48 43 53 61 32 32
21 17 8 17 20 27 15 8 9 17 16 19 17 13 15 7 10 23 9 7
44 53 19 52 50 50 57 33 63 62 39 59 46 59 41 23 35 59 36 44
29 39 19 37 21 39 37 28 31 36 33 27 27 26 21 14 24 25 19 13
3 3 1 6 8 3 7 1 6 3 3 7 3 4 5 1 5 12 1 2
25 23 1 23 26 27 33 18 25 30 14 28 18 25 18 4 18 29 13 17
12 23 9 19 20 24 26 12 19 28 18 30 15 20 4 7 17 25 9 5
6 3 1 6 9 4 6 1 6 8 1 3 2 6 3 1 1 6 4 4
38 33 15 41 31 37 33 13 38 45 24 33 38 36 23 10 3 37 13 25
12 12 1 16 17 20 15 15 20 9 6 8 13 9 7 1 9 10 2 12
33 28 12 48 21 31 46 23 49 47 19 41 22 28 19 8 14 30 2 20
17 23 2 27 25 29 20 13 36 26 13 19 28 15 8 2 15 20 13 20
12 14 2 15 18 16 18 6 21 19 7 20 7 14 4 3 3 5 1 5
31 34 17 36 28 24 26 23 37 38 22 36 22 30 19 13 17 30 18 20
32 34 15 34 28 29 32 16 33 45 30 30 28 25 17 8 14 24 12 15
57 61 27 74 44 60 79 54 74 72 43 63 63 46 30 10 43 54 13 38
38 51 16 43 47 46 56 41 50 50 40 46 45 42 24 10 38 42 16 32
14 16 1 12 22 12 10 11 19 10 10 10 14 15 6 3 6 10 10 11
59 57 25 58 50 46 53 37 50 57 50 57 57 50 41 19 25 47 25 34
27 24 15 25 24 25 26 25 20 18 23 7 25 17 20 3 9 20 11 10
26 30 4 27 32 37 34 19 29 25 27 21 29 18 20 1 24 29 13 20
29 30 14 36 31 28 37 22 39 28 27 33 24 31 24 6 18 29 4 19
21 24 18 39 18 28 24 25 32 25 21 28 21 19 19 13 19 23 6 12
52 54 18 56 46 45 63 49 55 51 44 56 41 51 40 15 38 51 22 34
21 23 12 27 23 16 32 22 36 32 27 29 25 28 18 4 20 26 12 21
36 35 19 52 26 44 49 30 53 47 29 42 37 38 31 14 24 38 10 31
10 12 4 13 9 9 20 13 15 15 9 15 8 16 9 1 9 18 6 11
47 57 27 58 50 61 68 46 62 63 47 50 52 38 17 15 43 42 12 23
14 13 5 15 19 18 18 4 17 18 15 19 14 11 11 4 11 14 4 6
58 60 23 59 43 63 59 31 61 71 43 55 59 58 46 20 26 57 39 42
17 24 12 19 21 22 25 12 21 27 18 20 13 13 7 7 11 8 1 5
37 47 35 60 38 45 65 42 60 61 44 62 33 50 31 21 42 52 7 25
26 35 3 23 25 42 25 17 24 31 24 21 29 31 15 12 15 27 27 18
38 43 17 42 42 45 42 27 46 54 45 45 45 45 19 24 21 40 29 31
6 11 2 14 12 13 12 1 14 15 8 13 6 13 7 4 2 8 4 6
54 62 40 56 54 56 47 39 55 57 54 57 45 50 36 38 34 45 33 32
9 13 2 16 12 16 29 9 21 15 11 21 5 15 17 1 19 20 11 3
40 46 22 45 34 43 48 29 47 52 41 33 44 45 32 9 20 44 24 31
7 1 1 4 4 9 5 1 2 3 2 6 1 1 6 1 3 11 2 1
39 42 12 44 41 37 42 28 49 52 30 43 31 43 32 13 22 43 24 33
20 20 2 29 13 20 23 10 24 29 17 26 23 27 15 6 3 18 10 15
40 43 31 52 42 43 53 35 54 48 42 43 33 30 29 18 32 27 5 21
27 30 4 28 23 18 31 16 30 36 26 33 21 36 15 11 3 26 18 16
30 34 9 41 31 33 36 19 42 36 20 34 29 33 24 10 13 22 11 21
8 7 1 8 10 8 7 7 5 3 6 3 4 10 7 1 1 8 1 3
46 43 21 57 44 41 57 31 54 48 33 42 42 38 35 5 23 37 8 30
40 48 16 57 35 48 64 34 64 66 32 60 43 46 25 13 33 37 10 32
50 63 21 61 42 60 81 47 57 72 48 67 51 62 41 16 43 57 33 31
23 12 9 27 24 20 32 13 27 23 12 32 15 20 18 4 16 25 9 8
24 37 15 37 34 37 48 21 48 48 37 46 29 34 22 10 31 37 17 20
55 66 11 52 62 70 68 47 55 54 51 62 48 56 37 32 49 58 49 22
30 33 4 40 26 36 42 21 44 42 18 32 38 29 11 1 19 29 3 23
52 49 5 52 48 63 62 40 45 43 34 51 38 48 44 27 41 52 36 10
35 32 10 38 28 43 41 19 37 42 26 35 36 30 23 12 23 30 19 19
47 55 17 49 61 61 59 35 56 51 46 48 52 42 37 10 47 56 28 24
63 60 34 67 57 62 68 46 62 67 51 65 59 50 44 24 42 58 19 27
3 7 1 3 7 6 9 4 9 8 6 8 2 12 4 1 1 9 4 4
49 52 28 51 36 50 64 34 51 54 35 57 29 49 37 21 35 44 17 22
18 23 3 17 16 31 30 13 16 16 11 18 6 23 21 3 18 27 10 2
51 55 27 52 53 47 43 38 50 46 41 44 43 46 45 22 33 52 34 27
20 20 13 29 17 13 30 13 26 27 20 34 13 20 16 9 14 19 5 6
20 29 1 30 28 36 41 20 33 26 16 28 18 24 19 1 27 27 14 11
27 28 15 40 28 29 48 27 44 30 24 38 19 23 26 3 30 31 2 12
43 46 11 38 38 35 50 21 40 53 39 47 41 46 18 14 9 28 16 20
32 36 12 41 34 32 50 34 47 40 28 38 33 32 28 4 37 44 18 32
8 13 1 7 10 4 12 5 13 15 5 14 4 16 2 1 1 7 4 7
4 9 1 15 5 16 14 5 19 17 1 15 8 12 3 1 2 7 3 4
29 29 13 36 27 35 46 19 41 38 25 36 31 29 28 4 28 29 10 19
10 9 2 13 6 7 16 15 15 9 7 11 9 12 7 1 7 9 1 5
4 9 1 11 10 12 14 4 14 14 5 14 8 11 4 1 9 8 2 6
9 12 1 9 14 10 11 2 17 15 8 11 14 15 4 1 1 8 8 7
17 21 2 11 19 29 19 9 7 8 10 11 8 21 15 3 14 23 16 4
36 42 28 44 29 45 45 30 38 40 38 43 23 43 40 24 28 38 22 12
1 3 1 6 8 12 8 2 8 12 4 6 10 4 1 1 5 7 4 9
35 42 20 48 33 51 54 31 49 54 34 43 41 29 14 11 30 34 8 18
53 53 29 66 39 53 58 45 66 62 41 58 57 65 57 21 43 72 43 55
17 17 10 21 16 9 24 11 21 24 20 18 12 14 11 1 10 15 3 7
21 21 4 23 26 14 20 11 31 24 11 22 22 23 11 5 9 12 12 17
32 28 22 41 31 24 39 18 38 38 31 36 23 31 30 7 18 31 5 16
18 9 4 27 15 20 27 5 28 26 6 23 14 18 12 3 5 17 1 10
19 7 8 20 23 16 13 5 14 14 10 14 11 13 17 4 2 16 8 6
16 30 10 26 20 26 41 22 26 40 31 37 26 32 10 9 22 26 9 16
13 15 4 24 12 24 19 7 27 25 9 21 13 19 10 8 2 12 3 10
35 40 6 40 35 35 42 28 48 44 21 41 37 45 26 10 21 36 25 34
10 6 4 13 12 9 8 2 12 11 7 10 9 8 11 1 2 13 8 8
30 28 16 40 26 19 29 17 39 42 23 36 30 31 18 11 13 26 14 20
38 44 19 47 40 54 60 28 48 50 38 50 38 45 35 16 26 39 17 24
9 15 4 19 16 19 21 14 24 21 13 18 10 16 10 4 13 15 10 12
57 62 33 70 47 59 68 52 65 76 55 71 53 65 35 32 35 63 29 39
40 51 9 45 44 59 55 21 51 61 35 47 51 42 21 16 19 35 23 29
7 12 1 10 14 14 17 7 12 14 3 14 3 13 3 1 7 9 4 4
32 35 21 47 27 28 36 32 46 40 28 38 29 35 21 13 23 27 9 23
56 62 35 60 57 55 61 45 58 59 64 62 54 45 40 20 47 53 20 29
29 37 13 38 28 49 50 22 41 41 26 35 32 20 13 8 28 20 12 12
41 53 32 47 38 48 61 36 43 50 52 47 35 52 40 17 34 52 32 20
7 10 2 10 13 9 6 2 13 9 9 8 7 13 8 2 1 10 5 5
61 70 11 67 59 73 78 42 74 73 48 67 62 55 45 17 46 52 26 40
61 69 49 65 61 68 67 47 71 74 65 57 58 56 51 33 42 51 31 38
5 10 1 7 9 5 6 4 11 13 7 7 10 10 4 1 3 7 8 11
15 15 10 31 16 25 22 19 29 19 11 17 15 14 18 4 18 22 7 13
1 5 1 10 5 16 10 3 13 8 3 11 4 9 7 1 6 11 4 3
30 37 7 31 37 37 46 31 34 31 31 38 27 37 17 12 22 33 17 19
7 11 1 8 10 15 18 3 11 13 10 13 7 10 4 1 3 8 1 1
66 69 43 66 65 61 65 44 59 80 67 75 68 64 40 40 35 68 44 26
4 6 1 9 10 10 3 4 11 12 7 3 13 6 3 1 3 6 6 12
31 32 14 26 37 38 36 16 28 32 26 24 28 20 17 3 16 28 18 7
37 33 20 35 39 36 33 20 29 32 26 18 27 25 25 9 9 26 14 15
7 14 5 11 10 11 12 10 16 16 9 17 8 11 4 5 9 4 5 8
48 47 21 51 43 44 61 38 49 55 47 58 46 56 35 29 17 38 26 32
35 30 18 39 33 35 47 28 41 39 30 35 37 25 25 6 30 33 3 20
28 18 13 29 29 26 18 12 22 27 20 18 26 18 20 8 6 19 11 11
36 28 12 52 31 42 54 26 55 41 21 43 42 26 32 1 34 42 3 26
11 18 2 16 18 30 25 13 18 13 6 14 10 17 11 4 14 18 7 6
51 51 35 60 42 59 60 32 51 59 43 57 33 48 48 28 37 51 23 18
22 33 19 42 18 35 45 27 47 46 31 31 35 33 20 7 27 32 15 29
9 6 4 11 11 11 6 7 11 11 7 5 11 7 7 1 6 9 6 11
54 49 26 56 48 38 51 37 54 48 38 51 41 58 50 15 29 56 32 27
3 8 1 5 13 11 4 3 13 8 5 6 9 10 1 1 1 8 6 8
6 6 2 8 11 8 10 6 12 12 6 10 7 6 3 1 8 9 7 8
17 18 5 26 14 21 26 20 31 15 12 24 20 20 16 3 17 17 4 14
16 22 1 8 17 22 16 5 5 22 22 11 17 16 3 7 1 13 14 6
38 44 12 48 23 48 57 36 52 57 30 53 46 46 25 12 26 43 11 34
72 68 46 81 65 72 75 52 68 76 61 66 63 64 48 39 30 56 37 28
27 39 20 37 35 50 49 30 39 46 36 47 37 42 8 25 29 42 25 16
26 16 6 31 19 9 29 8 30 28 6 29 10 25 17 2 3 19 1 11
23 22 2 32 25 41 30 17 34 19 9 21 22 14 19 2 21 29 7 18
46 54 32 61 34 42 48 46 54 61 47 59 43 57 35 29 31 49 30 34
1 1 1 11 5 5 11 6 14 4 5 7 2 11 7 1 5 9 1 4
18 20 2 18 12 10 19 13 21 24 9 21 14 17 8 1 7 15 6 11
58 60 36 70 51 62 73 44 71 78 56 65 67 62 45 14 28 68 28 40
13 16 2 18 17 19 19 9 22 25 14 20 18 10 8 2 12 12 8 10
6 9 1 13 12 15 15 3 15 12 3 15 1 15 7 1 2 11 1 4
50 59 27 52 51 57 69 30 51 65 53 55 43 55 40 22 35 55 29 26
30 35 14 31 26 37 30 21 24 32 22 33 22 38 26 16 12 35 22 15
54 59 32 72 58 75 75 53 70 61 55 69 55 50 51 30 58 65 33 28
14 10 6 22 18 17 21 12 24 14 9 22 8 18 15 4 10 18 4 9
7 12 8 24 10 22 18 12 25 20 9 19 10 12 8 7 15 15 6 11
10 8 1 13 13 17 13 12 15 8 5 11 9 9 9 1 9 15 6 6
6 10 1 6 12 14 8 7 10 8 8 8 10 9 7 1 7 12 12 10
14 10 3 8 17 14 15 8 9 11 8 11 9 6 6 1 10 12 3 5
37 35 25 48 33 32 46 39 42 43 33 47 34 43 40 15 33 55 16 27
16 21 9 18 14 15 27 15 23 27 17 26 12 14 6 7 17 13 6 7
20 10 6 27 16 12 22 3 24 27 17 16 22 10 13 1 5 13 5 9
54 57 27 57 59 61 72 42 60 60 46 69 44 48 31 26 41 49 10 21
23 30 13 32 16 21 30 21 36 34 27 35 21 31 17 14 16 22 15 19
13 15 6 30 13 16 26 15 32 26 9 23 9 20 11 4 9 14 1 10
7 8 6 14 14 15 21 10 14 8 10 13 6 18 14 1 13 22 8 11
37 41 4 37 26 35 52 31 37 44 30 43 23 38 32 12 30 38 23 9
22 28 19 37 19 31 33 24 32 34 29 29 24 37 28 17 17 31 12 25
38 41 16 27 36 40 39 16 26 40 39 34 33 34 28 14 23 40 28 17
24 24 17 30 21 27 32 17 26 30 27 34 18 22 17 14 22 16 1 9
43 50 21 64 38 59 66 46 69 56 41 59 52 45 40 21 41 41 13 46
64 67 35 74 56 70 79 41 72 83 60 77 55 66 45 32 37 66 29 30
13 29 8 25 25 37 33 17 29 33 22 27 23 20 6 5 21 19 5 9
33 32 18 41 40 42 42 27 48 48 35 38 45 35 24 10 29 50 16 30
43 53 15 50 44 58 59 38 51 45 35 51 32 45 39 22 41 46 31 24
48 51 20 51 48 52 66 36 50 59 46 60 39 50 31 17 33 51 10 18
10 15 1 18 11 16 19 12 20 23 11 17 16 19 8 5 7 14 7 17
41 35 19 44 34 29 37 25 42 47 32 42 38 37 28 13 16 41 23 22
45 55 16 57 37 55 48 44 62 61 31 55 49 49 24 24 26 36 30 40
19 13 14 30 22 26 22 13 25 22 19 28 17 23 23 10 11 31 10 16
30 33 1 32 20 38 41 21 31 38 15 26 26 31 20 3 16 30 16 11
52 55 27 46 49 60 61 36 42 43 45 35 36 45 45 19 19 46 29 22
28 23 9 29 31 24 29 20 33 25 26 18 30 19 20 1 20 26 9 22
9 8 2 9 11 11 7 6 8 4 2 9 4 5 4 1 8 9 1 1
26 36 5 28 26 44 39 30 24 28 27 26 24 39 21 16 24 32 29 12
5 8 1 6 7 15 8 2 8 7 6 8 5 9 7 2 3 10 6 3
29 39 9 31 39 51 46 24 28 36 28 38 24 37 22 14 29 41 27 9
12 11 4 19 9 26 17 10 17 17 9 11 11 15 13 6 8 21 7 13
18 22 5 22 16 29 33 18 19 23 17 21 12 16 19 2 25 26 12 8
57 59 32 75 55 64 74 44 68 62 51 71 46 61 60 27 48 59 27 25
21 20 11 29 23 25 39 26 34 29 19 31 21 22 19 1 26 34 3 16
24 21 14 35 21 29 26 12 29 29 14 28 16 28 22 12 8 28 4 15
22 19 7 31 21 25 24 19 28 14 15 21 21 16 20 1 15 24 1 13
17 13 4 21 22 23 22 10 23 13 4 17 13 12 9 3 11 15 5 7
9 6 1 17 16 17 25 2 22 19 6 20 9 10 9 1 7 15 1 2
59 57 32 63 49 57 60 36 53 69 46 60 45 54 42 29 18 48 31 27
21 28 5 23 20 37 35 14 28 34 16 33 17 23 11 9 15 22 8 8
21 26 5 21 27 26 35 5 23 32 20 26 17 24 15 1 14 30 11 7
48 52 16 60 47 51 53 41 66 58 43 54 52 42 37 22 44 45 31 42
15 12 6 16 9 7 7 3 9 15 10 17 13 14 10 3 1 11 3 2
13 17 1 20 18 18 25 7 23 26 13 27 14 24 6 5 8 20 9 10
37 41 27 43 41 36 38 26 43 44 37 47 23 43 34 23 21 44 24 20
22 29 14 24 40 40 38 15 32 32 30 32 25 25 19 4 21 33 8 10
49 54 34 66 40 57 69 52 69 62 46 57 57 49 41 29 40 37 15 47
32 39 20 32 46 41 45 21 39 46 41 31 40 33 26 4 27 42 24 17
41 60 18 53 48 59 52 45 57 50 46 46 38 50 40 25 44 48 34 35
21 20 8 16 28 30 28 5 21 25 21 26 14 14 13 5 11 19 1 3
29 18 10 34 18 26 24 14 28 30 13 23 27 19 25 1 7 29 6 18
48 45 22 57 45 39 56 30 55 57 40 62 34 55 38 18 23 51 20 28
58 57 22 67 37 62 75 40 70 68 35 59 50 52 42 14 40 48 19 34
16 19 1 15 23 24 24 9 14 21 17 22 10 21 8 9 4 13 6 5
52 57 29 65 54 58 74 37 71 72 48 71 46 60 43 23 40 59 21 37
49 58 26 50 37 57 61 42 40 51 43 41 36 55 38 23 26 49 29 24
30 44 15 40 27 47 56 39 42 38 28 41 19 41 28 14 39 33 20 20
55 52 17 65 48 62 67 35 71 72 35 59 65 53 46 17 21 50 25 49
12 14 6 25 13 24 21 11 25 20 13 22 9 23 16 9 8 19 9 14
4 7 5 12 9 9 14 14 15 9 7 10 3 12 9 1 9 12 6 8
4 9 1 13 4 8 19 5 17 17 6 20 4 10 2 2 7 6 1 1
20 18 11 21 31 23 24 7 22 25 20 29 17 19 17 4 17 31 10 7
23 21 2 17 14 23 25 16 13 12 3 13 4 21 20 1 14 26 11 2
30 35 16 30 24 26 26 24 29 32 24 24 25 24 17 11 24 27 17 16
27 35 11 34 34 44 50 21 39 35 26 37 23 37 27 9 27 34 16 19
14 14 4 18 14 13 27 12 24 17 14 16 12 25 20 1 12 25 13 12
6 12 4 15 9 9 12 12 15 15 7 9 6 9 6 1 7 9 5 7
48 49 32 43 55 50 42 27 48 51 49 43 43 43 41 24 29 47 33 32
26 36 23 40 27 29 46 28 46 46 38 41 34 36 32 13 33 34 19 29
15 12 4 26 17 21 20 3 29 26 10 21 12 16 11 5 1 15 2 13
38 39 10 46 39 41 54 32 54 53 28 42 45 32 18 1 30 37 13 30
6 1 1 7 9 5 7 1 9 6 5 6 5 4 6 1 1 9 3 3
44 48 19 50 40 55 61 31 48 51 35 50 34 50 44 22 34 47 29 24
7 8 1 7 4 7 5 2 9 8 7 8 6 7 5 1 1 5 1 1
38 41 23 43 46 46 55 28 41 49 42 51 31 46 26 27 26 39 20 20
25 22 13 33 26 27 31 18 30 28 23 21 22 20 20 4 15 20 5 14
16 19 5 22 15 15 22 16 24 24 8 23 13 21 11 1 13 20 7 16
8 14 5 11 10 5 14 11 18 17 20 10 17 18 9 1 7 17 6 16
21 28 7 23 27 27 22 16 30 32 18 34 17 31 13 11 16 30 18 18
41 48 5 39 37 40 47 28 45 38 20 37 35 43 31 5 25 37 23 29
17 17 5 22 25 27 32 11 29 25 18 28 14 19 14 3 10 23 1 10
22 27 1 26 24 33 33 22 33 25 21 15 30 22 19 1 22 29 13 26
27 40 24 45 39 47 54 29 50 51 38 46 32 46 26 13 34 51 13 24
19 25 3 17 17 16 24 19 18 20 15 17 12 27 13 4 9 22 7 14
48 44 22 55 26 47 57 34 47 54 31 41 33 38 37 10 27 46 20 22
48 56 23 48 50 59 60 31 49 67 50 53 54 52 19 25 32 57 34 28
8 9 1 13 15 19 14 12 12 11 5 6 15 6 4 1 12 11 3 10
15 13 1 10 16 19 22 11 11 13 6 11 11 7 6 1 11 15 3 3
7 1 1 15 10 7 11 6 16 8 4 7 3 7 8 1 1 6 1 5
32 36 12 25 31 31 35 23 26 37 36 33 28 34 19 11 17 35 19 18
27 15 15 28 27 19 23 11 24 19 22 22 14 20 26 8 8 23 3 7
18 7 10 26 20 15 20 6 23 16 15 21 14 13 21 1 13 25 4 6
53 57 32 65 48 60 71 48 61 55 44 61 57 52 53 17 53 62 21 35
48 51 29 63 41 62 66 34 59 70 44 67 49 47 27 23 33 49 15 16
67 66 45 70 69 69 77 50 67 67 54 70 52 49 51 27 50 66 18 27
57 66 25 60 42 60 64 46 65 74 47 62 45 58 33 29 32 46 23 43
26 31 1 32 32 40 39 18 40 35 21 33 35 35 27 5 23 36 20 27
36 41 11 38 36 36 48 27 40 41 25 43 19 34 19 13 22 31 13 15
42 47 39 52 47 49 56 26 48 59 49 58 44 33 30 22 35 42 14 6
23 24 11 31 27 23 33 20 29 28 13 29 10 29 19 4 16 31 9 16
10 7 3 11 16 12 13 1 12 16 9 13 14 8 7 1 6 19 6 8
63 66 31 64 65 67 73 43 64 69 60 59 60 58 41 24 22 54 32 33
21 25 8 26 22 22 33 12 31 32 24 31 16 27 17 8 12 20 7 11
40 43 15 48 39 38 54 29 53 52 35 47 29 47 39 7 28 50 21 28
12 13 4 16 14 18 17 5 20 22 14 19 14 11 6 5 10 10 6 9
12 8 1 15 11 7 19 10 19 16 10 17 6 9 9 1 8 11 1 3
7 14 1 15 8 19 13 5 21 23 7 15 15 15 2 4 5 11 7 16
41 45 20 48 23 46 47 33 35 42 28 30 27 34 30 10 28 36 15 15
10 16 3 17 20 21 24 14 22 22 13 17 15 11 7 2 20 23 11 11
10 22 5 14 13 17 24 12 20 25 14 25 5 16 1 6 11 4 1 3
18 16 4 23 18 24 18 13 20 18 10 8 17 17 14 1 8 18 6 12
25 27 3 33 22 29 37 17 38 39 12 29 24 29 21 1 16 29 13 23
51 53 21 59 38 56 68 44 55 60 42 52 52 37 38 9 42 53 13 39
37 45 7 37 37 48 46 30 46 47 24 35 43 30 17 4 29 39 16 32
57 66 26 63 49 68 62 38 52 70 52 55 49 59 43 30 26 55 41 19
36 45 21 41 32 51 51 32 39 46 34 36 31 33 32 14 27 36 30 9
51 51 33 57 49 55 58 35 45 60 54 51 51 54 31 27 24 50 36 25
3 4 1 7 6 5 6 9 11 1 3 4 5 4 3 1 2 4 1 2
45 56 31 62 49 59 68 41 69 71 47 53 58 56 38 11 27 59 24 40
23 27 9 32 24 33 41 16 38 42 28 34 31 32 19 6 20 39 15 23
50 62 33 63 48 64 75 43 63 71 48 58 49 53 43 17 40 54 30 29
11 7 1 7 12 11 17 4 11 10 6 14 4 7 6 1 7 12 4 1
22 28 7 28 27 29 33 14 30 31 20 23 14 27 24 3 16 27 15 13
34 40 12 38 32 40 55 38 45 38 28 43 31 38 33 7 39 45 14 27
7 8 1 11 5 9 10 2 10 14 3 7 7 9 4 1 2 7 1 3
61 62 34 63 54 62 62 38 52 69 60 52 56 60 48 26 24 60 48 23
4 11 1 5 12 11 6 8 10 6 8 6 6 14 4 2 4 8 5 7
43 50 27 60 38 51 69 41 61 63 44 64 39 48 29 22 36 42 12 26
17 22 7 22 21 18 24 15 28 30 19 19 23 7 4 3 18 7 5 12
56 69 30 61 59 69 73 50 69 79 55 71 63 56 22 29 47 61 30 37
14 18 1 14 12 26 22 7 15 24 15 18 19 17 4 6 4 10 11 7
26 30 17 36 33 35 43 19 35 34 26 40 17 31 28 10 27 37 13 10
42 44 19 47 34 43 48 34 44 45 35 44 33 32 24 19 33 23 10 25
26 39 19 47 28 34 42 28 54 53 34 51 30 47 21 20 23 32 17 32
49 54 35 59 48 54 68 37 55 62 56 68 52 57 50 20 47 64 27 19
11 16 1 12 10 11 11 8 14 19 14 6 15 16 6 1 2 13 6 12
30 34 10 33 32 30 31 17 38 46 35 38 37 36 17 18 13 24 22 23
18 23 5 18 18 24 23 13 20 19 14 16 16 5 7 1 16 10 7 4
13 12 6 13 15 16 18 17 13 11 14 8 13 15 12 1 13 17 7 11
11 11 3 20 14 7 18 10 22 18 10 13 8 22 12 1 3 17 4 12
6 8 3 8 11 15 10 4 10 5 7 11 6 11 10 3 8 16 10 6
61 68 29 71 63 59 69 53 68 66 55 72 55 67 48 27 41 68 27 48
15 19 3 22 25 23 33 13 29 25 15 31 17 13 4 3 20 9 1 3
15 15 7 17 12 12 24 7 22 25 16 23 15 6 8 1 12 10 1 1
69 65 25 60 56 73 69 43 49 66 46 52 56 54 51 16 35 65 36 27
8 9 1 9 11 12 8 6 8 6 7 6 7 11 8 1 4 10 3 4
21 26 4 25 16 19 29 10 29 29 9 30 12 31 18 5 6 23 11 13
27 19 18 41 30 30 31 19 36 31 21 33 22 26 26 11 15 33 9 16
36 48 16 36 26 53 50 30 38 51 27 31 38 32 22 6 25 35 25 23
11 9 1 15 14 11 15 8 19 18 6 15 14 12 4 1 3 4 3 9
48 44 12 45 40 48 54 28 40 47 33 48 37 47 41 19 17 38 27 21
1 6 1 10 3 11 10 3 13 12 4 13 9 3 1 1 9 8 6 6
23 31 9 30 13 21 40 28 27 33 21 27 20 35 30 1 28 39 18 24
52 58 36 66 50 50 69 45 62 68 56 66 48 53 43 16 42 56 18 28
22 19 5 32 16 24 29 15 28 23 10 25 23 19 16 2 15 20 1 16
8 8 8 21 18 18 24 13 24 15 10 21 8 15 14 1 18 27 7 8
15 11 4 27 10 9 19 15 24 17 3 19 7 18 12 1 6 18 1 10
53 46 39 70 51 61 66 39 68 63 47 64 52 49 55 22 41 67 21 35
14 7 1 20 12 20 20 5 21 23 8 20 17 9 6 2 7 14 3 11
49 59 31 60 50 64 64 41 57 64 53 63 52 66 47 28 39 70 37 34
48 56 28 59 56 63 60 33 58 59 41 61 51 50 39 25 27 49 20 27
4 3 1 15 7 11 13 2 16 10 1 13 9 8 5 1 3 9 1 3
43 56 24 53 50 59 65 39 54 51 44 44 46 46 41 7 41 57 18 31
35 42 9 34 31 45 42 27 36 40 28 28 33 25 21 10 36 35 24 20
20 22 3 23 14 24 33 16 23 28 15 30 9 22 13 7 13 20 11 4
12 8 4 8 12 10 12 9 9 10 7 8 6 12 10 1 4 13 8 6
19 20 6 19 19 28 25 16 18 13 11 16 16 4 13 1 23 23 5 4
63 65 16 65 60 72 78 35 62 66 46 61 59 56 42 9 38 59 23 31
21 20 10 21 24 19 23 7 20 25 21 20 20 18 17 3 13 19 4 10
5 10 1 9 11 8 11 2 14 15 7 14 7 12 3 3 2 5 4 7
21 22 16 31 20 28 27 20 27 23 22 22 24 21 21 4 19 26 1 18
65 57 44 74 55 60 65 43 65 69 57 67 66 55 57 29 39 54 23 34
45 52 17 41 46 55 65 32 43 49 40 46 33 46 32 14 24 43 24 15
18 20 3 18 24 25 24 9 27 29 18 15 26 13 8 1 13 15 15 14
55 69 34 60 54 62 65 46 59 69 57 68 43 63 40 30 35 60 27 27
15 9 7 16 11 13 13 8 13 12 5 18 7 10 10 3 9 18 3 3
38 42 29 45 50 43 47 28 45 46 46 52 37 52 36 28 26 51 29 20
27 36 18 37 38 45 41 20 35 40 27 38 26 44 22 14 21 48 16 13
8 8 5 13 14 13 16 8 15 12 8 13 6 9 8 1 10 11 8 6
24 16 10 24 21 18 22 6 19 22 15 22 20 24 21 6 6 22 14 8
55 56 26 57 41 59 68 37 51 59 44 58 48 41 27 26 37 30 19 21
39 39 9 39 38 32 44 19 43 49 27 39 42 37 21 3 18 35 15 27
39 45 28 39 42 37 38 21 37 49 42 37 28 36 24 19 17 30 19 17
58 58 21 64 42 56 75 39 59 70 47 60 55 63 44 16 34 60 31 40
25 23 13 30 31 34 31 12 23 29 22 41 13 26 16 16 10 29 12 3
15 18 5 18 17 22 17 11 21 25 15 18 18 14 7 6 9 8 5 12
34 30 20 47 23 35 40 22 40 42 27 35 40 32 30 6 19 34 10 31
27 40 14 28 18 42 41 29 29 33 25 32 20 31 19 19 31 19 20 14
44 46 16 45 40 39 47 28 43 42 29 37 34 41 28 9 19 40 13 26
51 42 27 57 51 53 61 35 55 53 40 43 52 30 38 7 38 45 16 25
52 51 22 60 54 44 53 42 61 57 41 55 48 42 38 16 37 54 23 32
8 7 2 14 9 18 17 5 16 13 7 14 11 7 11 1 14 20 7 4
55 54 35 69 58 49 73 50 70 57 46 66 45 50 49 14 50 62 3 36
13 14 1 11 13 12 20 12 16 15 4 16 4 16 6 1 5 13 4 7
21 22 4 26 25 32 35 22 27 19 21 26 18 21 18 6 19 22 7 12
25 25 7 26 19 26 27 15 23 25 21 24 24 27 17 8 12 24 13 12
22 18 9 21 27 18 18 4 22 23 20 17 17 20 20 5 7 25 14 13
42 49 16 55 40 48 60 37 62 61 29 61 38 46 31 18 31 37 13 33
58 54 26 55 53 50 54 29 50 51 44 46 55 44 47 14 31 46 21 29
36 48 33 51 45 56 71 40 54 54 48 54 36 47 36 17 49 56 20 15
16 18 1 19 17 26 28 17 17 14 3 14 9 18 14 1 15 24 8 8
53 61 23 50 51 61 51 44 48 58 50 42 58 47 21 26 30 49 37 36
42 35 25 54 36 52 61 30 54 52 35 41 44 31 35 7 39 46 14 24
22 22 11 22 27 14 19 9 21 20 19 21 14 31 20 9 5 25 12 14
52 54 27 52 44 53 62 48 38 45 46 53 38 53 42 26 40 57 34 16
54 59 19 58 59 72 72 40 61 60 48 56 50 54 36 23 42 61 29 35
18 23 11 27 14 23 31 18 27 33 25 27 22 22 15 7 14 19 9 16
48 52 26 59 56 64 70 35 63 60 48 57 54 45 34 15 38 48 12 31
37 33 18 39 32 38 45 26 31 30 25 39 24 35 37 9 30 44 19 14
56 58 29 74 52 52 75 41 76 79 51 72 59 62 38 12 38 62 11 40
22 18 8 23 21 27 34 18 21 18 18 24 9 17 25 1 27 32 12 4
11 12 7 18 11 15 11 12 15 13 13 13 8 18 14 6 8 17 8 13
33 39 22 38 33 43 44 29 40 40 33 30 33 20 21 9 27 23 17 10
16 16 6 24 20 22 22 16 27 20 17 18 19 14 12 3 15 11 1 12
9 4 1 9 11 4 13 1 9 11 4 8 3 6 6 1 1 3 1 1
33 41 24 44 21 28 37 29 43 51 40 40 34 41 23 17 21 35 14 30
60 68 44 68 64 65 59 51 74 70 60 58 60 50 41 36 45 45 34 47
35 48 20 43 34 58 54 33 48 46 38 50 34 27 19 22 35 26 7 17
29 15 15 38 19 22 33 7 32 34 23 23 31 18 26 1 12 26 4 14
24 29 4 28 23 34 40 14 32 31 11 37 17 30 18 5 17 30 7 9
21 30 2 24 24 31 32 22 28 23 12 24 20 18 13 2 22 21 10 16
37 46 23 50 28 40 57 34 47 60 40 46 36 41 24 10 28 42 12 26
44 48 17 42 51 50 52 30 49 46 38 44 47 32 30 6 44 51 21 22
17 18 1 15 20 17 23 5 23 24 14 19 20 21 9 2 8 18 16 14
16 25 5 18 15 27 27 17 19 25 22 23 16 27 12 11 10 17 16 11
35 51 18 40 37 52 57 39 40 45 37 47 34 31 6 16 32 31 11 3
15 16 5 23 23 27 24 21 27 12 15 18 19 16 15 1 22 22 7 16
20 15 15 33 24 23 31 17 31 29 20 33 25 28 23 7 21 37 14 18
9 2 1 5 4 3 9 4 1 4 1 3 1 4 6 1 1 9 1 1
18 17 1 18 18 25 31 13 16 25 20 25 13 19 11 5 11 23 5 5
3 8 1 6 13 6 11 1 14 12 8 9 9 11 1 1 1 4 3 4
14 15 1 18 14 27 19 11 18 22 11 18 15 16 4 7 5 12 4 9
46 54 23 57 47 61 67 41 64 68 39 62 48 46 27 13 44 54 13 26
10 8 3 16 14 12 10 4 12 11 5 15 8 12 7 1 3 11 2 3
12 9 1 9 11 11 11 5 9 12 12 8 11 7 8 1 2 12 5 6
57 63 32 62 59 57 59 40 62 72 57 69 61 61 51 27 41 72 39 38
34 45 17 47 39 38 58 31 56 52 35 54 35 51 30 8 33 52 18 27
26 31 5 27 23 37 35 15 35 41 21 29 31 26 14 5 13 26 15 22
26 36 14 38 25 27 37 26 45 46 28 39 30 34 13 11 21 28 15 25
33 41 18 33 39 49 48 20 38 47 34 42 29 38 26 19 22 39 21 22
12 14 4 22 14 15 25 12 26 21 9 25 7 22 11 2 5 12 1 7
27 15 4 30 14 7 32 15 31 28 12 29 16 23 19 1 8 18 2 14
9 9 3 8 10 7 10 2 6 10 6 9 3 12 7 3 1 8 3 4
18 21 6 24 14 29 22 12 20 21 16 15 18 28 21 7 9 29 17 17
33 36 1 34 27 33 48 24 39 33 17 36 27 30 24 1 25 29 11 18
76 79 29 64 74 74 79 51 67 67 58 62 57 62 60 20 45 72 44 40
35 29 12 32 30 26 31 22 27 31 17 36 24 29 22 9 14 30 10 13
32 30 11 42 38 35 40 19 47 45 23 42 36 39 17 6 16 39 9 24
40 40 18 46 36 41 49 29 38 43 37 37 38 34 27 13 18 30 17 19
38 41 16 50 37 37 47 38 53 44 38 46 42 37 32 14 36 43 20 40
19 14 12 26 19 17 26 10 24 20 13 22 12 16 23 5 19 24 15 8
35 36 15 43 35 28 48 30 51 44 29 42 33 45 27 9 22 40 14 32
42 39 9 40 36 41 39 22 36 44 28 36 33 38 23 11 12 38 17 21
45 57 28 51 39 58 60 39 60 63 44 63 39 58 35 32 43 43 32 34
14 25 9 19 19 29 28 13 26 30 22 21 21 15 13 6 23 21 19 15
53 56 43 65 55 53 66 35 63 71 62 62 60 56 51 20 33 63 31 34
7 4 1 8 14 11 13 7 12 9 7 10 7 7 5 1 5 10 3 7
33 27 19 36 41 36 29 14 35 37 24 30 28 32 24 16 13 38 16 27
61 56 25 69 55 69 71 43 69 59 49 48 59 47 52 14 36 55 27 37
29 33 21 39 27 42 38 31 38 37 27 33 33 16 16 12 37 26 5 18
20 19 14 21 20 23 18 7 12 19 20 18 19 17 17 9 9 22 6 9
37 50 12 41 40 52 55 27 47 60 42 52 45 37 18 15 36 39 27 18
23 23 12 35 22 26 41 13 34 33 25 26 31 29 27 1 17 27 10 21
62 70 36 75 60 66 82 55 77 86 63 74 63 68 43 23 49 70 27 46
31 30 7 32 22 34 44 19 34 31 20 33 19 30 25 7 21 29 12 6
65 58 25 70 62 69 72 44 66 65 48 66 59 52 37 33 33 49 24 39
40 51 14 47 41 42 42 42 52 51 37 44 41 38 25 19 35 39 23 39
14 24 11 21 20 28 26 14 22 30 20 25 22 11 5 7 17 12 6 10
21 13 4 19 27 24 26 6 21 14 8 19 9 9 13 1 14 18 3 1
49 48 10 48 47 42 55 25 53 54 29 53 38 50 37 11 19 42 16 31
54 60 22 67 48 66 81 40 69 72 42 67 55 60 43 7 45 61 15 33
25 18 7 21 25 18 22 10 16 20 16 18 17 17 16 1 9 24 4 5
14 20 3 14 19 29 17 7 15 16 12 11 16 16 13 3 11 19 12 10
8 8 8 23 10 8 23 12 25 22 17 18 18 14 14 1 12 15 1 16
25 24 4 29 24 17 21 17 36 34 15 26 23 27 11 5 6 22 13 24
14 4 4 13 12 4 7 1 9 11 11 10 11 5 12 1 1 12 5 4
4 9 4 13 9 9 13 9 16 10 11 12 6 16 10 3 8 10 3 8
36 37 12 43 43 40 36 32 47 33 26 35 35 30 32 12 36 43 29 31
32 43 22 47 33 53 49 27 57 54 33 49 37 39 28 21 30 43 21 36
5 1 2 10 5 3 8 6 7 4 4 3 2 7 9 1 4 12 2 6
8 11 7 19 11 18 20 7 19 17 10 18 7 7 7 2 15 16 1 1
13 18 1 13 15 16 15 8 18 22 10 14 14 13 1 1 5 8 4 7
17 13 4 32 17 29 34 12 34 25 7 25 17 24 23 3 17 25 11 16
21 26 3 25 18 17 27 18 28 32 21 28 21 36 9 11 4 21 16 19
23 20 12 20 23 20 20 9 12 20 26 21 17 20 17 8 7 21 7 7
23 17 3 26 17 18 27 10 23 24 11 29 12 21 11 3 5 18 1 2
27 25 10 19 24 12 12 13 14 20 20 9 24 19 13 4 4 18 9 12
29 35 9 42 33 39 45 23 48 44 36 37 33 40 37 8 31 42 25 21
53 56 38 63 50 61 60 40 67 71 54 59 53 50 42 25 47 55 22 39
63 68 38 77 62 73 74 55 72 67 56 65 59 64 61 28 53 73 32 44
12 14 1 13 20 16 25 11 21 19 10 21 12 19 5 1 8 20 7 8
9 11 1 7 5 15 8 7 11 14 6 8 12 5 5 1 5 8 6 6
7 7 1 10 11 8 10 10 11 4 6 4 5 11 8 1 6 9 2 6
16 25 7 21 19 27 29 16 20 26 18 24 11 20 11 11 15 13 15 7
53 55 18 57 36 56 58 42 47 63 37 55 47 44 31 20 28 49 18 28
53 57 40 62 48 62 70 46 60 55 50 49 45 43 48 20 48 48 17 23
52 50 18 54 46 49 68 45 53 51 42 59 43 48 42 16 42 56 23 31
3 7 1 11 13 18 13 4 15 17 9 10 16 8 2 1 11 12 1 8
25 32 8 32 31 42 40 26 33 36 25 32 29 31 13 9 23 34 14 17
20 19 1 33 26 25 28 11 34 25 4 24 25 21 13 1 11 14 2 17
58 54 17 54 44 40 57 38 47 56 42 52 47 43 24 16 24 42 22 23
12 8 2 4 13 16 16 2 9 13 12 10 10 1 5 1 6 9 4 1
12 16 9 22 12 20 25 11 25 24 16 23 13 10 12 6 20 16 11 8
9 6 4 14 9 8 8 2 8 9 5 6 8 10 10 1 2 12 1 4
11 10 9 22 11 11 22 17 23 18 12 16 3 12 9 5 14 11 1 7
19 19 10 26 14 23 22 8 19 25 17 29 16 19 14 9 7 19 7 1
28 36 27 54 30 46 56 31 58 55 37 47 40 33 23 9 32 41 4 24
36 35 13 49 35 44 46 24 51 48 20 46 40 41 26 9 19 42 13 29
4 6 1 5 9 16 12 3 5 2 3 7 3 9 10 1 10 17 9 3
64 70 34 83 52 67 75 44 76 86 56 78 69 72 51 32 25 63 32 48
38 34 28 40 26 39 42 26 36 37 34 40 26 28 37 17 34 36 11 9
29 34 15 36 29 29 52 21 43 40 30 39 26 45 33 9 22 39 19 24
26 31 17 36 20 31 30 18 32 41 23 31 25 29 18 14 15 28 14 20
43 50 29 53 40 41 60 38 56 63 52 64 43 51 26 31 37 37 21 28
18 24 7 23 28 24 22 15 27 24 17 16 18 24 14 8 5 14 7 17
31 33 15 32 25 31 31 14 22 32 20 16 24 33 29 3 8 35 20 10
40 35 21 43 39 34 34 20 42 48 35 47 37 41 29 18 19 40 21 25
12 10 6 12 17 14 16 6 11 14 12 15 13 8 9 1 12 19 2 4
14 15 4 12 8 10 12 6 9 12 8 14 5 18 11 3 1 17 5 4
48 45 35 55 53 49 45 26 53 54 52 50 46 50 45 25 23 55 19 30
50 57 27 60 31 43 62 41 53 62 44 54 45 52 36 18 27 39 18 31
16 17 8 24 17 23 20 16 19 20 9 18 15 15 13 3 16 21 8 13
14 15 5 13 9 12 19 7 7 18 12 20 4 14 7 7 6 13 8 1
52 58 19 53 44 57 73 43 53 63 49 59 50 57 39 20 44 54 32 31
49 50 31 56 46 37 49 29 58 61 41 61 43 49 32 26 32 44 27 34
57 57 22 63 52 48 61 53 66 57 46 54 55 52 47 16 47 60 25 54
8 11 1 9 16 25 22 1 11 14 5 14 6 14 10 1 12 21 9 5
39 45 15 35 44 45 46 23 41 46 32 47 33 46 25 24 19 35 29 27
64 60 37 68 60 67 75 41 62 71 57 66 58 60 36 32 33 51 26 33
32 26 10 34 34 20 32 10 36 34 22 35 26 35 24 8 7 24 11 19
7 7 1 18 10 15 13 9 21 12 6 14 9 12 10 1 8 11 1 8
26 32 5 32 24 36 35 19 32 33 19 24 23 24 13 4 14 20 5 15
37 31 15 47 30 24 39 28 40 38 23 38 25 32 31 3 21 31 4 16
6 4 1 7 9 5 6 1 7 10 4 5 5 3 5 1 2 9 7 7
62 57 29 62 61 67 60 38 51 57 52 49 56 42 43 20 25 47 27 26
10 20 4 21 14 33 34 14 25 29 18 26 14 18 13 8 22 24 11 9
31 46 14 30 36 38 40 25 38 42 32 38 24 37 24 15 27 32 28 17
15 18 3 24 20 27 31 15 29 28 16 25 18 27 11 4 10 22 6 21
30 24 21 32 26 28 31 14 26 27 30 29 23 25 31 7 17 33 8 8
49 42 36 72 40 47 66 34 68 64 40 66 43 49 44 21 35 44 6 34
6 1 1 1 5 3 6 1 3 5 4 4 2 1 1 1 1 2 1 1
30 41 11 36 28 35 37 26 39 39 22 32 20 32 16 13 16 25 11 22
50 63 33 60 37 60 74 43 64 73 58 59 55 55 45 19 52 56 27 39
48 60 26 51 43 57 57 38 47 54 42 55 33 56 41 27 38 53 29 17
15 23 5 19 23 26 25 8 25 31 17 25 13 20 8 5 9 16 7 12
59 60 32 57 61 60 61 36 56 55 42 58 43 54 50 25 36 61 28 31
21 22 5 21 26 23 21 16 24 18 14 15 19 18 13 5 12 20 12 15
44 49 20 41 44 51 43 33 36 39 38 39 35 37 21 26 23 38 24 22
7 3 3 14 7 12 9 3 14 12 3 7 8 5 7 1 4 10 4 6
23 23 3 28 18 25 41 21 29 29 9 32 9 25 24 1 26 36 15 12
15 11 7 18 17 16 20 7 16 17 10 15 9 13 14 4 10 18 1 5
12 11 1 22 16 15 17 12 29 20 10 13 20 20 7 1 7 18 8 19
33 41 14 31 38 46 44 20 37 40 28 38 39 37 20 10 31 41 21 17
26 28 2 25 28 21 30 12 31 36 22 34 22 27 11 6 11 19 10 11
21 19 4 31 14 20 33 9 35 38 11 32 21 19 11 3 13 17 8 16
40 41 27 44 44 40 44 23 42 55 39 45 43 31 20 9 28 44 10 15
34 38 9 38 25 22 43 21 38 53 29 47 33 33 14 14 12 16 15 20
46 54 24 51 22 51 55 43 44 54 37 40 35 42 40 18 38 41 23 27
10 8 1 6 18 12 11 5 13 10 10 8 10 7 5 1 5 10 6 4
39 37 1 39 23 43 43 31 41 37 14 32 32 24 26 4 24 36 15 28
29 24 13 27 28 26 25 9 26 31 25 29 28 17 17 8 14 21 9 11
22 18 2 17 21 15 23 11 17 20 16 18 14 18 15 1 12 28 11 10
3 10 6 18 8 18 22 10 18 20 12 17 11 5 6 2 19 19 2 4
11 14 1 11 18 13 14 1 17 20 15 13 14 13 7 1 1 9 7 6
50 58 28 67 46 66 73 48 66 56 43 59 44 56 51 21 50 62 27 44
40 29 22 50 23 33 37 26 42 42 26 29 43 30 31 5 12 33 11 25
23 22 10 37 18 31 33 14 40 36 19 26 27 28 20 8 9 26 9 24
13 7 1 15 15 15 18 8 18 17 8 14 12 11 9 1 6 12 8 8
36 43 27 45 43 50 51 32 41 40 27 46 25 43 36 17 32 53 22 14
4 2 1 5 11 7 10 2 11 7 6 10 5 4 1 1 4 5 1 2
20 19 10 20 20 19 29 14 19 24 23 19 20 14 14 1 17 18 1 9
20 15 10 21 17 16 17 6 16 22 13 21 12 17 15 9 4 17 7 8
29 28 18 32 31 32 32 16 27 31 28 38 19 31 25 18 13 30 13 6
58 62 27 58 56 63 61 39 59 77 55 60 67 52 23 22 32 53 30 28
13 18 10 23 20 23 18 9 17 16 18 15 13 30 25 6 7 30 14 12
7 10 2 14 12 15 12 1 17 14 5 12 8 13 9 2 2 10 6 8
40 47 35 43 50 51 58 36 45 49 53 40 48 43 44 12 38 57 29 26
66 62 29 76 60 65 77 54 72 68 51 61 50 47 51 21 49 58 20 42
56 56 29 59 48 50 57 39 56 60 44 41 45 54 38 15 10 48 21 35
18 15 6 27 19 18 22 8 27 25 12 25 24 21 16 4 9 20 8 21
39 49 9 34 38 40 44 30 42 44 32 38 28 50 34 14 22 46 28 31
61 67 31 64 58 69 60 37 61 76 52 63 58 62 44 27 33 66 40 39
49 50 24 49 53 51 60 40 48 53 37 49 44 39 19 13 42 47 19 15
46 41 15 45 30 45 50 25 37 48 28 45 29 42 38 14 29 48 17 21
18 16 5 23 19 15 14 11 25 22 12 16 16 19 12 2 8 21 9 19
13 13 5 5 11 12 9 6 5 10 11 7 11 5 4 1 3 5 3 4
11 17 16 27 13 9 27 19 26 23 20 27 14 21 18 3 22 27 2 15
55 61 33 67 55 68 75 47 61 58 53 65 45 52 55 25 52 63 24 27
30 29 24 46 28 16 36 26 44 44 33 39 29 36 28 12 25 38 12 30
56 58 13 65 43 57 81 54 67 59 41 64 45 50 46 12 56 52 23 33
54 53 23 61 49 63 68 30 59 68 47 62 51 55 40 32 24 47 28 32
23 28 2 27 25 35 32 23 26 21 16 28 20 23 13 11 16 20 14 10
10 3 1 9 11 5 10 7 12 8 6 9 5 5 7 1 1 5 1 2
1 1 1 9 1 3 3 1 13 10 1 7 5 1 1 1 2 1 1 5
5 2 1 5 2 8 6 1 4 7 3 4 4 1 5 1 6 10 3 1
18 15 7 24 14 7 22 8 26 27 23 19 25 19 15 1 6 20 7 17
6 9 1 10 7 15 16 3 11 14 2 11 4 13 6 1 5 14 5 5
62 62 30 72 50 48 76 52 78 69 50 68 51 60 47 22 48 44 15 41
22 18 4 19 14 21 28 14 14 24 12 24 9 18 15 6 10 24 7 9
46 55 25 50 51 60 68 37 51 64 44 53 44 47 31 10 32 49 18 15
11 8 1 8 12 11 17 1 8 15 10 12 9 6 7 1 9 16 6 3
28 24 8 32 31 27 24 12 30 34 23 29 25 29 21 6 11 34 15 18
17 21 5 19 22 28 31 19 23 20 14 20 17 17 10 1 21 19 4 7
39 50 12 51 37 49 61 33 60 57 29 46 45 43 23 7 36 39 19 33
22 22 9 24 25 24 14 7 24 24 13 20 18 25 16 6 5 25 13 15
11 14 1 4 14 16 16 3 9 13 8 8 7 11 4 1 1 7 6 1
3 6 1 7 7 8 6 3 10 6 5 7 6 8 6 1 3 9 6 4
8 10 2 13 20 16 18 6 20 14 14 21 11 14 8 2 10 15 7 7
43 45 20 53 44 35 56 31 61 56 36 58 38 53 38 13 25 41 11 34
8 12 5 20 11 15 17 3 23 20 8 18 8 10 8 3 8 11 1 7
19 13 6 26 20 29 22 8 23 19 5 18 20 17 13 3 12 22 10 14
39 49 17 44 33 47 62 27 43 58 33 53 36 43 21 16 23 37 23 13
15 11 10 25 19 26 20 11 19 22 10 19 16 7 10 4 18 23 5 9
40 31 26 42 35 36 40 32 35 30 33 27 34 24 33 8 15 38 17 17
31 29 17 44 29 44 41 17 37 33 20 40 22 41 39 14 20 43 17 19
15 12 1 23 6 25 21 10 22 20 3 16 18 11 9 1 8 20 2 9
7 3 4 15 8 3 14 7 15 7 11 11 5 11 13 1 4 13 1 5
20 28 1 23 33 43 31 16 31 29 19 25 27 26 18 6 29 35 26 19
36 28 13 39 33 24 38 14 40 44 21 46 31 32 25 9 16 40 19 18
18 32 10 30 16 34 41 19 28 42 24 41 26 29 7 17 22 25 21 11
17 4 6 28 18 15 16 3 24 20 8 23 16 10 12 2 5 13 2 6
13 6 1 17 15 13 14 4 17 17 9 10 12 9 8 1 3 11 1 8
1 6 1 7 11 8 8 3 12 10 3 7 1 8 1 1 3 5 4 3
8 8 1 10 14 15 19 5 16 16 8 19 11 9 7 1 13 17 7 5
28 39 7 32 17 44 48 24 24 44 32 33 23 29 21 15 28 30 22 6
62 63 18 59 58 63 58 43 64 65 42 53 56 50 38 17 30 58 24 48
18 20 3 17 14 18 22 14 16 19 9 23 9 18 7 6 10 13 6 4
10 4 5 14 6 8 6 1 10 12 3 5 10 6 8 1 1 11 4 10
10 8 1 13 14 15 17 5 21 18 4 12 15 9 3 1 9 11 9 9
32 31 19 44 30 30 40 32 37 30 31 42 26 27 27 14 30 31 9 20
39 44 20 42 34 40 50 33 43 43 34 43 25 40 26 19 22 31 16 20
42 45 22 38 46 50 44 25 39 46 40 48 36 42 19 26 21 42 27 18
45 38 26 55 44 50 53 25 53 55 33 42 42 33 33 12 21 40 20 25
8 14 1 6 12 22 17 3 9 12 10 15 10 12 11 3 14 20 11 5
51 54 24 61 28 47 58 41 56 59 37 55 49 68 49 20 23 62 31 41
57 58 18 59 47 59 67 40 48 65 46 56 45 57 39 23 32 52 40 27
27 39 12 40 36 52 43 28 42 39 26 34 35 31 18 11 32 40 20 23
13 18 2 13 17 10 6 9 17 17 13 13 15 15 6 4 5 12 9 11
36 52 16 52 23 52 63 42 46 56 40 50 30 54 33 21 37 47 26 23
14 8 4 15 16 12 14 9 11 7 4 12 7 13 10 1 7 17 1 4
27 35 14 33 30 40 38 26 25 34 32 29 30 24 12 11 23 30 15 11
10 15 1 2 10 11 8 3 1 11 11 5 10 10 3 1 3 10 4 5
64 66 24 67 53 49 63 44 62 66 46 68 54 54 45 22 37 52 29 35
56 56 31 50 59 57 64 31 56 63 50 63 57 48 26 23 43 51 27 17
53 48 30 61 36 51 48 42 50 50 44 49 56 45 41 28 27 46 25 27
32 37 19 41 31 44 45 18 40 42 37 35 29 40 36 14 20 40 22 26
31 39 14 39 29 39 33 24 37 45 29 34 27 32 14 19 12 25 14 23
16 13 8 19 13 15 20 9 18 17 16 22 12 15 15 7 10 18 1 6
38 48 26 56 56 49 66 36 68 63 49 68 52 59 28 24 40 52 25 30
19 24 3 21 22 27 27 18 20 17 16 19 16 22 12 7 16 19 9 12
27 18 8 28 19 27 24 12 25 28 13 24 21 17 15 7 9 21 4 14
13 14 6 16 14 19 13 11 14 14 12 14 13 14 12 6 9 17 5 11
13 16 2 15 12 9 12 8 14 19 13 13 14 18 9 1 1 15 5 12
27 40 25 38 37 41 48 24 38 44 39 38 31 41 26 13 24 40 12 20
29 25 16 28 21 31 33 19 17 23 22 20 18 29 30 6 19 36 16 9
14 17 4 9 19 25 22 13 12 14 9 17 12 13 9 1 17 23 10 6
27 24 13 35 9 16 30 18 28 34 19 24 26 25 20 2 7 21 3 17
39 43 25 53 45 50 50 29 60 57 45 50 45 47 41 13 36 59 18 39
19 23 1 22 16 19 23 16 24 23 8 24 13 24 9 7 6 11 6 11
5 8 1 8 10 16 9 5 13 7 1 12 4 10 7 1 6 11 6 5
16 26 11 22 31 27 27 9 28 29 23 24 22 27 15 7 13 30 9 16
27 26 1 23 18 31 30 15 26 28 9 17 17 23 16 1 10 25 12 15
8 8 3 7 13 10 10 1 11 9 8 8 4 10 6 3 1 6 1 3
39 40 15 47 30 33 51 37 40 38 31 49 27 34 30 12 28 39 13 19
49 49 28 51 52 55 48 33 44 50 51 52 42 55 49 25 37 60 37 29
30 33 8 37 17 37 39 27 38 40 23 33 28 34 30 11 26 41 19 28
18 13 14 25 19 17 28 9 25 25 16 30 11 9 13 5 21 21 1 2
39 51 29 58 41 53 66 38 68 70 54 65 58 52 27 20 47 57 24 34
36 32 12 47 24 22 33 24 46 48 21 40 32 34 19 7 8 33 11 25
2 7 1 6 4 9 10 5 7 8 5 12 3 5 3 2 9 8 1 1
43 43 8 51 44 35 52 31 60 62 29 56 48 41 24 8 27 39 15 38
48 51 16 53 45 63 65 29 55 59 34 54 48 46 33 10 36 50 21 22
37 42 16 44 38 37 44 32 49 36 32 37 35 41 35 12 26 45 21 32
45 54 18 55 48 50 67 41 59 55 37 54 33 54 43 11 42 60 24 33
25 24 8 28 22 28 32 18 25 26 15 21 14 25 19 3 10 29 4 16
46 54 27 53 50 65 52 37 43 44 41 43 45 41 43 20 40 51 32 20
19 18 13 30 23 24 28 9 28 28 16 30 9 16 18 8 14 19 1 8
40 39 22 52 32 40 45 25 44 51 29 46 30 34 29 15 20 37 13 18
7 1 1 10 8 14 6 6 9 8 1 1 7 4 7 1 2 11 4 8
24 22 10 26 18 30 24 15 19 24 14 9 22 15 17 1 11 21 10 10
69 61 19 68 58 59 60 43 62 66 46 61 65 56 43 26 20 51 29 39
70 71 35 68 57 61 80 49 61 70 58 65 59 67 59 20 39 61 38 31
41 53 20 53 29 55 53 37 54 57 45 50 39 53 34 27 34 40 27 30
55 55 33 63 60 66 67 46 59 64 51 57 57 49 34 29 48 62 24 35
39 42 33 54 45 44 59 34 57 59 48 51 50 43 24 16 42 50 15 26
10 5 5 10 11 10 7 7 9 5 4 8 5 7 9 1 6 13 4 6
33 44 27 47 43 40 46 27 56 55 47 53 37 41 29 21 38 41 19 27
27 20 17 43 26 35 43 19 46 40 27 41 35 25 29 7 30 42 7 25
9 10 4 16 6 4 14 12 14 13 10 13 11 16 11 1 4 10 3 11
59 57 32 78 55 66 72 45 78 66 40 68 58 62 55 22 36 66 32 43
46 56 14 46 49 58 69 34 52 52 40 47 40 46 36 4 33 48 24 20
50 55 7 57 44 56 65 37 59 62 41 53 52 54 34 15 31 43 29 32
3 7 2 14 12 14 18 7 19 10 3 16 1 12 6 1 7 12 2 2
56 60 28 52 45 50 64 39 43 57 49 51 40 51 44 17 38 54 24 24
62 71 21 64 54 63 68 52 63 71 52 52 58 65 35 23 24 54 30 45
47 54 15 63 44 54 74 49 68 54 36 63 46 52 47 17 46 49 19 40
12 13 1 15 13 20 18 11 19 19 9 12 15 13 4 1 8 14 2 11
39 40 7 49 21 43 44 25 43 46 11 42 33 48 36 9 9 46 21 31
1 5 1 7 4 9 5 1 12 11 1 6 6 6 1 1 1 1 1 7
7 5 1 7 15 7 12 1 14 14 10 15 12 6 2 1 6 14 7 7
5 2 1 10 8 10 8 4 11 9 3 5 6 5 4 1 2 8 1 4
6 7 1 10 10 11 9 1 9 8 6 7 8 8 7 1 2 14 4 3
21 33 10 31 24 44 37 19 31 35 23 27 22 23 15 11 22 23 12 13
34 28 23 43 33 27 41 16 38 39 34 31 31 32 31 3 12 28 7 14
68 69 40 75 63 70 70 46 66 75 64 61 63 66 51 30 32 67 36 39
22 16 11 30 24 25 20 2 26 27 16 23 22 20 16 6 4 24 5 13
48 61 20 70 43 66 74 53 75 73 35 70 48 62 42 20 40 65 27 46
9 16 8 21 15 14 21 15 25 18 13 19 4 18 11 5 9 11 1 8
40 43 14 41 46 51 51 30 44 38 34 33 38 33 31 10 25 38 21 22
30 38 1 29 33 38 40 23 33 26 19 28 23 35 25 3 21 31 19 16
43 41 3 44 30 43 52 33 43 45 26 39 36 38 32 8 32 41 23 23
50 54 19 52 35 57 53 32 45 50 29 47 36 41 36 17 28 44 21 20
19 17 9 15 20 22 13 7 11 17 16 16 15 16 14 9 6 18 11 9
49 49 23 60 49 59 58 33 54 63 41 59 54 51 25 23 22 48 22 21
19 23 5 15 24 19 26 17 24 22 20 16 18 25 11 1 11 19 9 14
68 64 16 65 54 58 61 36 62 68 43 55 58 49 39 11 21 48 19 38
37 48 24 47 45 52 54 32 52 56 42 39 44 41 31 10 32 47 27 28
42 45 24 56 44 54 67 32 54 55 42 62 44 52 39 17 37 53 17 23
10 13 1 9 22 22 15 9 17 8 6 14 11 10 4 1 14 16 8 7
50 41 13 53 42 33 40 21 52 52 23 46 39 45 29 10 6 36 12 29
55 60 30 66 49 63 68 38 69 75 48 58 54 51 42 16 29 57 31 33
3 6 1 8 8 15 12 1 9 10 5 8 11 6 8 1 10 18 10 8
61 71 25 65 36 61 66 47 66 74 43 53 60 58 40 19 32 43 28 40
28 26 20 35 24 25 42 25 33 27 23 34 16 37 35 9 23 43 12 20
15 21 7 27 22 25 32 16 31 26 14 31 10 25 14 4 15 27 2 11
6 6 1 10 7 11 10 9 15 9 8 12 8 7 6 1 9 11 3 4
