1000 20 15 1159
0 2 2 4 0 1 0 0 2 2 2 5 7 10 0
1 2 0 1 3 3 0 5 5 5 6 2 1 3 2
1 3 2 2 3 2 1 5 4 2 7 0 6 0 3
1 3 1 2 1 7 4 5 1 3 0 5 0 1 3
9 13 12 1 1 4 8 13 5 8 1 8 5 1 7
0 4 3 0 7 3 9 2 6 7 1 2 7 4 15
1 7 6 7 7 7 8 1 3 5 6 4 9 2 14
5 4 0 3 3 5 5 2 3 3 6 1 11 2 7
4 0 4 1 5 3 2 2 0 6 2 2 3 5 1
9 2 1 3 6 1 4 8 1 1 1 5 2 11 12
1 16 8 12 10 3 17 4 9 10 4 9 0 0 11
3 0 0 2 5 6 2 3 2 9 2 1 3 0 2
4 8 23 5 4 21 1 6 4 1 6 7 8 14 3
8 2 1 10 7 0 10 0 5 9 6 6 3 8 6
10 5 3 6 1 0 3 3 2 7 7 7 4 7 3
6 5 1 0 1 4 3 2 5 1 6 0 3 2 3
4 1 5 4 0 1 1 6 2 2 5 1 5 8 5
4 7 7 10 0 10 2 2 1 5 7 11 11 7 5
11 2 4 3 13 21 3 7 18 4 12 10 6 1 10
5 3 1 2 2 4 4 0 1 5 0 0 1 1 2
8 2 5 11 6 4 13 3 4 4 8 6 6 2 5
12 11 11 0 12 3 0 11 9 2 3 7 0 11 2
2 1 0 6 5 8 4 3 1 12 3 2 5 8 1
2 8 4 2 1 6 7 10 17 1 7 12 7 10 4
4 9 2 1 1 1 2 10 4 1 1 0 4 1 3
2 8 4 4 8 20 15 12 4 0 1 7 4 23 8
3 6 2 5 6 4 6 1 2 3 3 0 4 1 5
0 2 3 2 10 0 4 3 9 1 4 2 7 2 6
5 2 3 3 4 4 3 2 3 3 0 5 2 1 3
8 9 4 4 2 6 6 10 18 8 13 13 6 5 12
6 2 5 1 0 3 0 1 1 1 1 5 3 6 1
5 0 8 4 2 5 5 3 0 3 1 1 1 2 1
5 1 1 4 2 2 2 1 2 3 4 3 2 1 3
12 13 1 6 4 14 6 3 16 6 3 12 10 8 13
4 6 1 4 5 2 7 0 0 6 3 13 2 4 10
6 3 4 4 1 8 12 18 13 5 1 2 8 0 7
4 3 1 4 6 10 9 7 3 1 7 2 12 1 4
3 4 5 2 2 4 4 3 0 2 1 2 4 0 2
1 0 8 4 2 3 8 5 3 8 18 10 13 6 2
4 3 6 11 4 3 7 10 3 5 1 0 16 14 10
5 10 4 18 9 4 7 4 4 5 10 14 6 8 12
12 1 3 4 16 9 8 4 1 2 5 5 7 2 2
3 2 2 9 14 5 6 2 2 4 0 2 10 17 2
10 5 6 9 8 4 19 2 2 8 1 5 5 7 12
3 7 5 2 1 3 0 6 6 2 0 2 3 4 3
4 11 9 9 0 7 10 9 2 2 21 2 0 1 2
10 4 7 1 4 4 2 3 14 6 4 4 2 4 3
3 2 11 6 6 5 2 9 1 2 2 4 2 1 6
8 5 5 1 10 13 5 13 1 6 2 14 14 3 8
2 3 0 1 5 10 5 7 8 1 1 11 2 3 4
4 0 5 8 5 2 1 4 6 1 9 16 10 17 4
1 21 1 1 3 23 4 9 0 3 6 6 2 3 3
5 5 10 11 1 3 11 8 8 7 2 6 0 10 9
10 1 1 9 2 2 7 1 12 2 8 7 7 10 1
2 1 4 4 7 1 2 2 2 4 1 3 1 2 1
5 7 7 4 0 5 10 1 15 3 4 1 1 0 8
1 2 8 4 11 1 7 1 3 5 1 4 5 8 5
8 3 7 6 2 7 4 0 7 2 2 1 0 1 17
5 2 7 1 1 4 1 3 3 4 11 5 2 0 5
10 1 5 1 11 7 3 3 7 9 7 1 14 2 2
5 1 2 2 4 1 4 10 3 5 2 2 8 3 1
2 8 7 2 2 0 9 5 8 7 5 2 11 3 1
4 3 9 16 11 16 0 16 4 11 6 5 8 1 15
0 5 3 1 5 3 6 6 5 2 1 3 8 3 2
5 8 4 5 6 6 1 2 4 8 15 15 6 3 0
0 6 4 1 6 1 5 4 5 2 1 2 3 0 2
14 12 1 1 8 1 11 7 5 9 5 1 13 6 7
0 4 6 1 4 6 4 5 4 1 2 2 2 10 7
3 1 3 15 4 24 4 9 3 13 4 3 2 16 5
8 4 7 14 6 18 9 4 17 6 0 2 2 1 1
3 0 9 16 10 14 0 7 4 7 8 12 7 7 10
4 2 1 0 3 5 1 3 1 3 4 5 3 1 4
3 8 10 14 7 19 1 4 9 7 1 10 16 8 0
3 11 1 2 1 0 3 6 1 9 1 22 7 8 0
14 2 4 1 5 2 7 3 2 3 3 2 5 9 6
6 1 7 9 6 1 7 2 5 4 15 9 2 8 1
8 0 1 11 1 8 5 9 15 7 3 14 2 1 4
5 5 22 9 5 10 2 5 3 1 1 2 1 0 11
4 2 1 1 2 2 8 6 3 1 7 5 4 10 8
13 10 2 0 10 10 11 7 11 10 6 0 1 4 0
1 4 0 1 4 4 5 1 5 2 0 3 2 7 2
5 2 6 1 3 1 4 2 8 9 7 5 3 4 6
6 3 3 0 7 3 9 12 4 4 8 6 4 3 3
5 1 2 2 2 9 6 1 5 2 11 14 16 15 11
14 1 8 5 5 15 11 3 13 4 15 12 16 0 4
0 8 4 3 7 5 3 8 2 7 2 1 1 5 6
9 6 9 10 6 6 5 14 23 11 9 2 0 6 0
14 9 10 9 1 10 6 8 7 6 1 6 4 1 2
2 8 1 8 4 5 8 5 1 5 4 2 6 6 1
8 11 2 9 1 3 1 6 7 11 2 10 6 10 9
5 0 3 3 7 17 11 11 2 5 7 17 11 15 9
7 1 0 2 2 3 4 8 4 2 2 8 8 9 1
7 9 5 2 16 6 7 14 7 11 6 10 2 10 3
2 1 2 11 1 10 2 12 5 2 8 13 1 13 7
4 1 3 3 4 5 5 11 1 1 2 3 7 1 11
6 4 2 1 1 2 5 2 5 3 1 1 0 6 4
6 12 4 6 5 6 3 10 4 3 0 8 6 25 0
3 1 4 8 12 5 7 5 12 12 9 8 2 5 8
2 11 2 7 3 4 8 1 1 5 2 8 3 15 13
0 4 10 1 0 9 4 2 2 0 10 1 6 2 7
0 0 0 6 22 17 8 14 2 5 6 2 9 17 9
5 2 7 2 1 1 8 4 5 4 0 4 0 9 4
3 2 7 3 2 8 2 9 4 2 15 5 6 9 2
17 10 6 1 5 3 6 10 9 6 6 9 1 6 0
0 3 1 1 3 1 0 5 2 4 0 5 3 1 4
3 10 20 3 2 2 1 5 10 6 18 9 0 0 18
4 12 4 4 6 10 8 3 0 5 10 13 12 18 6
1 3 0 4 8 3 1 3 1 8 1 2 1 1 0
1 1 9 2 5 7 4 1 7 3 0 1 1 4 2
10 2 7 4 6 8 7 2 2 1 9 10 5 4 0
11 0 5 5 2 2 16 3 1 5 13 7 2 2 6
6 11 3 5 2 5 7 2 3 0 4 7 4 15 0
13 4 7 3 3 13 5 7 11 8 12 4 4 6 5
0 2 1 2 4 6 5 2 4 3 1 2 1 8 15
0 3 14 5 0 5 1 4 1 7 9 2 0 1 9
5 7 8 3 7 1 1 1 9 1 2 3 7 7 4
16 3 3 7 2 3 10 10 7 13 7 2 5 0 13
3 5 5 4 6 1 1 0 3 0 10 11 4 8 0
6 3 2 1 3 3 6 1 2 2 5 11 2 4 1
6 6 2 10 7 4 4 5 10 3 3 1 2 6 3
8 9 11 1 1 4 3 13 9 4 22 13 10 8 8
0 3 6 15 17 3 3 3 1 6 2 18 3 1 6
10 5 7 3 17 5 3 2 7 15 12 13 1 3 8
1 8 2 3 1 3 3 1 1 2 5 2 1 7 0
1 13 4 9 3 2 5 1 6 12 11 4 4 4 4
1 2 0 1 1 1 3 5 0 2 2 1 9 0 9
5 10 9 6 3 13 3 1 4 17 1 2 5 7 12
2 7 3 4 7 6 3 6 4 6 4 11 4 6 11
6 2 4 5 1 10 3 7 3 2 4 2 3 3 2
1 4 8 4 2 9 3 0 1 3 7 5 1 3 4
1 3 4 12 9 14 0 2 7 3 3 4 4 12 4
1 22 4 4 7 2 5 4 9 3 6 1 11 2 2
5 0 2 21 1 5 8 7 10 4 6 8 9 11 3
11 8 4 6 13 27 2 4 12 10 1 0 5 1 10
7 5 4 7 3 1 9 5 2 7 0 9 13 8 8
12 0 12 5 4 8 5 18 6 2 16 13 12 4 13
2 1 3 8 9 7 2 2 1 8 8 6 2 6 6
2 3 5 0 9 1 1 3 3 0 1 1 2 0 1
3 2 2 5 4 1 4 5 4 7 4 6 1 1 6
16 2 1 7 6 5 9 3 0 3 2 8 17 3 14
10 1 5 10 13 4 7 14 7 22 8 12 1 0 3
5 1 1 1 1 1 7 2 3 2 0 5 3 1 1
4 1 9 18 10 3 12 0 1 5 1 20 2 2 14
3 3 6 3 7 4 1 7 5 4 2 0 0 3 2
2 7 0 0 2 1 2 4 3 0 2 1 3 2 5
7 7 0 1 1 2 2 6 9 4 8 4 1 1 2
12 9 10 12 6 9 3 16 4 15 9 11 0 9 7
4 1 2 8 7 4 3 5 2 9 15 3 4 1 5
2 2 8 3 6 5 6 3 0 2 8 0 3 1 2
4 0 6 9 7 3 1 6 8 7 1 15 0 9 2
3 4 0 3 0 4 6 0 4 3 2 8 0 2 1
3 9 11 22 2 10 2 1 5 10 5 1 6 4 6
2 5 1 2 5 3 2 2 5 4 3 2 3 3 1
3 7 7 1 1 9 3 6 2 1 6 4 1 8 1
5 3 2 5 9 3 0 1 9 3 2 11 1 12 2
15 4 2 13 4 1 14 9 4 4 5 1 7 3 4
4 2 9 10 4 5 11 2 5 2 8 6 8 10 5
7 2 1 4 1 7 7 1 6 0 10 7 5 12 8
2 1 1 1 2 2 1 1 0 4 3 1 7 4 2
3 4 1 4 6 1 2 3 2 3 1 1 3 4 0
9 2 0 8 2 3 0 1 5 3 10 3 5 2 2
5 12 1 1 5 9 6 3 15 2 2 14 6 4 11
2 10 4 6 0 12 17 1 12 16 1 18 7 5 4
4 3 21 15 8 14 3 6 5 4 8 5 12 0 0
1 3 6 5 13 3 10 24 6 3 15 2 1 2 6
5 1 5 4 1 4 4 1 3 3 3 3 1 3 7
1 3 0 5 1 2 6 2 4 0 4 4 3 8 2
7 4 2 12 8 13 1 11 2 3 7 8 1 20 8
2 2 3 5 3 3 5 1 11 8 8 2 3 7 0
13 1 14 4 5 4 5 3 7 13 3 11 6 6 10
3 3 1 5 5 4 6 5 7 2 1 2 1 2 5
6 3 3 10 4 0 6 8 5 8 7 3 11 4 0
2 3 7 6 2 12 8 1 5 2 4 5 1 0 3
5 5 1 3 16 0 4 6 0 6 14 6 1 14 5
6 7 5 3 5 2 2 0 3 0 8 1 6 0 7
0 2 15 5 3 0 12 8 7 3 26 6 15 1 4
8 4 2 8 7 1 5 2 6 10 6 14 3 1 8
3 8 2 1 2 10 0 4 2 6 2 2 0 1 2
1 8 2 4 2 1 13 2 1 5 0 1 5 0 2
2 0 1 5 3 13 10 2 5 4 3 2 6 7 4
1 4 3 5 4 9 9 19 0 10 18 6 8 16 7
6 3 14 1 1 5 2 11 17 7 12 1 13 5 15
5 2 10 0 6 6 2 4 4 10 11 1 24 6 12
5 2 4 1 2 0 5 6 1 7 1 3 1 2 0
12 14 6 14 7 1 6 12 1 4 7 5 7 1 1
1 9 4 7 15 10 11 6 8 7 21 5 11 5 8
1 2 1 7 5 1 0 1 11 1 5 6 4 10 1
1 1 3 1 1 5 3 5 3 1 0 2 6 3 1
6 2 3 2 3 3 0 5 2 2 2 3 5 3 3
6 7 7 1 0 6 1 5 8 1 6 6 10 2 8
3 5 0 2 2 6 14 2 2 1 7 6 5 7 4
6 4 3 3 4 1 1 1 3 2 9 2 6 8 4
4 3 12 3 0 8 8 3 4 6 1 5 6 13 4
3 23 4 13 10 2 3 3 3 1 12 4 1 8 4
9 5 3 2 13 5 5 3 4 10 2 2 4 2 1
2 2 5 10 8 2 8 11 4 5 6 1 2 0 7
11 4 14 11 18 5 0 3 3 8 2 1 0 10 6
1 2 0 4 4 7 16 7 7 6 8 1 7 0 7
6 6 5 7 1 2 0 4 4 2 2 4 2 4 2
1 2 0 16 4 5 3 1 4 1 0 3 0 3 6
1 10 2 3 4 17 14 6 2 13 1 8 2 5 6
6 2 2 1 6 1 1 3 1 1 4 5 0 2 1
3 11 12 12 1 11 8 1 11 12 1 11 7 5 2
3 7 9 6 0 0 11 8 4 2 4 6 1 1 2
6 0 1 12 3 2 6 3 2 5 2 1 4 3 3
1 3 2 5 3 2 1 1 4 0 11 2 3 2 1
2 1 0 2 0 9 2 2 5 2 8 6 3 1 3
2 3 0 14 1 14 4 4 12 2 10 14 7 3 4
4 2 11 2 3 4 8 1 6 1 10 8 6 0 7
12 6 11 13 8 6 10 16 6 3 3 10 10 3 5
9 2 6 1 2 6 4 2 3 0 4 3 4 5 8
1 2 3 7 7 2 4 8 6 11 4 1 0 5 0
1 3 5 5 3 1 3 5 1 6 1 4 1 2 2
4 3 3 3 10 3 1 9 2 12 1 6 11 2 6
12 2 12 7 5 18 1 19 2 10 9 6 1 0 8
1 3 10 15 2 0 1 3 2 1 3 6 0 3 2
5 1 2 2 3 5 8 1 6 6 5 11 10 6 2
8 4 1 6 4 0 1 3 2 2 5 2 3 2 2
4 5 1 5 4 4 10 2 1 8 2 2 1 4 4
1 10 3 0 1 1 7 5 2 13 6 2 4 2 10
6 14 10 5 9 13 7 2 5 9 11 2 12 9 3
8 13 6 4 4 7 2 2 2 7 3 8 10 5 10
1 1 6 0 2 8 6 4 6 3 1 4 0 1 1
0 7 4 3 1 4 2 2 3 2 1 2 3 1 2
8 0 1 2 3 3 1 0 0 0 5 1 3 1 5
7 13 2 3 8 6 3 5 3 2 3 7 0 4 2
5 8 3 8 1 2 13 7 6 1 4 7 8 6 2
0 4 4 2 3 5 7 7 5 3 2 1 4 3 2
3 9 14 9 5 10 6 12 2 4 12 16 2 2 14
7 1 0 1 1 3 3 0 3 2 2 8 2 3 2
6 1 2 2 1 4 1 3 0 4 7 2 8 2 1
1 1 1 3 2 3 4 4 6 5 1 5 0 5 4
19 3 6 7 1 0 5 6 6 3 1 16 1 9 2
7 1 9 8 1 3 9 3 6 8 9 2 13 1 2
8 3 2 8 18 2 4 16 3 3 7 3 15 9 1
7 5 12 14 4 4 11 5 5 7 3 16 6 13 7
2 6 0 14 0 5 15 0 9 2 5 3 3 1 2
5 4 9 4 6 5 2 5 0 1 6 4 10 2 4
5 1 4 4 1 1 2 2 3 1 7 7 6 3 1
4 2 8 5 3 8 0 1 10 5 7 3 9 4 8
3 2 2 0 10 1 3 7 0 1 3 4 8 11 9
0 6 3 1 6 3 1 3 3 0 7 7 8 4 4
3 5 3 5 6 5 10 16 1 8 12 9 1 6 12
4 6 10 12 7 4 2 1 7 10 12 6 2 1 8
15 9 6 12 15 3 6 10 0 3 16 2 3 2 9
2 6 4 2 1 7 2 0 4 4 3 5 5 7 6
1 4 0 4 4 5 1 4 5 5 0 11 5 4 2
1 11 4 5 2 13 4 7 16 5 3 7 17 16 7
1 2 16 7 6 9 25 4 7 0 2 17 7 4 7
12 4 11 3 19 6 1 1 3 8 16 0 5 9 9
1 1 4 7 10 6 1 4 11 2 14 0 4 6 6
2 0 3 4 5 4 10 0 1 1 2 6 15 4 2
8 1 4 6 3 1 8 1 4 5 0 8 2 0 1
4 4 5 0 4 2 14 17 0 6 10 11 26 6 6
7 5 7 0 3 6 0 5 2 4 4 1 3 2 4
2 12 3 3 11 4 9 1 4 10 5 1 4 5 3
4 3 3 7 9 6 5 9 7 3 10 3 2 4 4
0 0 7 1 1 2 7 2 1 4 3 0 2 3 2
26 4 2 4 1 2 6 12 3 8 4 12 10 7 2
4 9 1 4 7 5 10 0 5 11 8 1 5 11 13
4 16 5 5 3 14 1 11 10 2 8 6 2 7 5
8 6 5 2 1 1 1 1 4 1 6 5 8 1 1
3 2 3 7 6 5 6 6 6 3 2 17 5 2 1
1 2 3 7 1 4 11 4 1 5 5 1 5 4 3
5 5 1 6 1 2 6 4 5 2 2 1 3 2 3
2 0 15 11 11 1 17 1 16 9 6 14 5 7 4
4 2 6 7 1 10 3 3 6 0 0 2 9 1 2
9 8 2 1 2 5 8 1 0 1 2 4 3 3 3
3 7 1 1 1 3 5 1 7 2 2 2 3 1 2
7 6 6 10 12 10 4 1 2 3 16 15 10 1 13
2 3 1 4 0 1 5 6 0 9 1 2 0 1 8
6 2 2 5 5 3 0 14 3 11 2 9 2 5 4
11 0 3 8 6 0 4 13 3 0 1 3 7 6 7
10 8 3 21 1 17 1 2 5 6 4 14 7 2 3
7 0 2 6 6 11 18 0 18 8 14 2 3 2 6
5 1 3 2 1 4 1 2 2 4 3 4 3 4 11
4 9 5 12 8 4 1 12 2 6 4 16 14 20 2
13 0 1 4 0 2 5 0 1 2 10 5 8 1 5
3 1 2 7 4 1 1 1 0 2 2 1 3 3 3
2 6 6 2 1 12 3 3 7 2 4 8 13 1 1
13 9 8 5 0 4 8 1 8 6 8 10 5 0 4
9 7 3 6 0 7 4 1 6 0 0 5 1 6 6
1 4 2 1 4 0 10 5 4 8 5 1 5 5 6
2 8 2 4 1 5 1 4 4 6 3 4 12 8 1
1 11 2 8 5 3 1 5 6 2 1 9 2 1 11
1 1 1 6 0 0 3 5 4 1 3 4 4 3 2
9 1 15 12 6 0 10 11 3 4 2 5 10 4 1
3 5 1 7 2 3 1 3 0 3 3 3 2 4 2
0 5 6 5 0 13 6 12 5 5 5 9 7 4 6
1 6 9 7 7 10 2 3 6 0 11 8 9 8 10
13 3 9 4 2 2 15 0 9 5 1 3 2 0 3
0 1 1 3 2 1 1 7 4 2 3 1 3 0 6
5 11 12 2 8 3 12 6 1 10 16 10 16 6 2
7 5 1 5 5 3 0 1 8 10 0 4 6 1 0
9 10 1 8 14 11 10 17 3 5 2 1 7 6 4
4 7 1 8 9 9 18 3 17 6 3 9 4 11 20
1 4 3 3 1 1 2 2 1 1 6 2 5 1 3
10 14 9 1 3 0 6 5 0 4 5 3 7 12 10
0 12 5 7 6 9 2 6 1 9 11 8 9 0 4
4 7 1 0 6 1 9 4 9 11 11 1 5 2 9
10 4 11 2 8 0 2 2 13 10 7 0 1 9 6
0 2 6 15 1 6 6 0 2 6 4 5 4 5 6
20 1 1 6 2 19 1 7 2 2 8 6 7 8 3
9 8 2 0 2 1 5 9 3 13 13 19 0 13 6
4 7 3 3 15 6 4 4 6 0 4 8 8 4 6
9 9 14 15 9 6 4 13 9 2 6 0 4 13 0
5 5 4 0 4 1 1 0 1 2 5 3 6 4 3
7 3 2 3 3 1 7 3 12 5 6 5 2 0 2
2 5 2 5 7 6 10 6 6 2 2 5 4 1 7
3 2 7 3 1 3 8 1 7 15 3 2 4 3 6
1 4 1 3 8 2 7 5 2 2 0 4 4 7 2
5 1 2 4 1 2 1 2 3 3 4 7 3 3 0
5 13 3 4 9 12 6 4 1 18 1 15 2 11 7
3 2 6 3 5 4 7 2 3 16 8 9 13 17 13
6 11 14 9 3 2 5 7 4 18 24 1 10 2 0
1 3 7 14 2 10 3 3 0 11 6 2 1 5 1
8 2 12 9 14 7 4 3 18 9 9 2 12 14 6
9 7 1 10 2 2 2 2 2 7 7 13 3 5 5
8 20 3 14 3 15 11 8 12 5 4 9 0 4 8
1 8 9 1 3 6 6 6 5 16 2 5 11 11 7
2 8 8 4 14 2 9 3 14 5 4 7 1 6 4
9 7 6 3 7 7 1 17 4 5 4 3 8 18 10
0 4 3 3 1 8 5 1 4 2 4 0 0 1 3
4 10 8 7 6 1 6 7 6 6 4 6 2 10 17
0 4 3 0 5 3 3 7 2 5 0 1 3 0 1
3 3 2 14 8 5 5 8 8 5 1 3 18 12 1
17 1 5 2 7 4 7 16 1 9 8 1 4 10 9
7 0 1 3 13 3 9 1 4 10 1 12 0 9 9
4 7 5 4 6 2 3 5 2 1 6 2 4 10 8
0 0 0 8 1 1 2 2 2 3 3 5 0 5 1
5 1 6 16 1 6 4 2 8 3 11 1 2 4 6
2 1 4 0 8 5 2 1 3 2 4 3 10 4 0
3 3 0 3 5 3 2 3 1 2 3 1 2 5 5
4 1 1 4 3 0 2 2 0 7 1 0 2 5 3
2 9 12 7 13 8 1 12 1 7 9 2 2 5 7
10 4 12 2 9 8 0 3 10 5 7 1 4 5 3
8 0 3 4 13 11 2 8 3 8 3 9 10 7 3
9 17 9 15 6 4 9 8 9 11 14 1 9 2 6
24 5 15 6 8 1 2 1 4 1 2 5 7 11 0
0 5 1 5 9 9 1 5 0 20 5 2 4 9 5
5 11 6 1 0 24 4 10 8 7 13 1 8 0 10
7 0 3 2 3 7 1 4 2 6 8 6 4 0 13
7 4 5 6 1 1 3 1 1 8 2 4 6 3 3
15 8 3 16 14 10 2 1 5 3 3 9 0 5 4
5 1 2 4 1 3 2 0 3 3 3 8 0 2 0
3 7 6 3 4 1 3 9 2 8 0 2 2 4 7
3 11 6 7 4 9 10 3 1 1 6 2 2 5 8
3 10 9 4 7 1 7 5 0 18 9 14 3 4 6
4 1 6 10 1 21 7 2 6 7 5 0 5 5 4
10 4 1 16 2 17 17 9 9 5 11 14 4 3 3
3 2 6 10 3 9 1 2 9 2 4 8 7 3 1
1 4 8 7 8 8 3 3 5 7 2 8 2 3 3
7 6 3 1 13 3 8 8 1 21 6 8 3 0 8
1 19 4 6 13 1 8 14 2 6 15 1 4 9 2
2 5 5 16 8 9 1 9 10 4 0 3 16 12 3
0 2 10 6 4 6 1 7 6 4 10 6 1 3 2
7 7 16 7 16 14 4 4 4 4 13 5 9 7 2
7 6 1 16 7 6 2 1 6 10 3 2 5 4 10
0 7 0 8 8 2 8 1 12 9 15 10 5 14 1
0 4 5 15 7 1 7 5 8 8 4 1 15 12 19
8 12 8 10 5 5 5 11 11 3 13 5 4 8 1
2 1 0 5 2 3 1 13 5 12 16 12 4 11 0
2 3 2 1 8 5 10 8 1 8 4 8 1 2 1
6 5 7 9 3 6 7 3 2 0 5 2 4 5 6
10 6 2 0 3 3 7 1 1 6 2 2 5 4 3
3 6 2 2 1 3 3 0 5 3 1 1 4 1 5
1 4 12 2 7 5 3 2 1 7 3 9 5 1 7
7 5 6 8 1 3 2 7 0 0 11 3 14 2 8
16 3 5 4 0 4 7 5 0 2 2 12 4 6 14
6 9 7 4 2 11 2 0 3 4 5 5 6 3 1
2 14 5 12 1 8 0 1 1 10 20 14 12 6 8
2 5 1 5 3 0 3 9 9 4 2 8 7 3 2
0 1 1 5 3 3 5 2 0 4 3 1 2 6 2
7 5 6 1 5 4 0 1 1 5 0 4 1 3 1
0 2 3 5 1 4 5 3 1 7 0 2 2 0 1
1 6 8 12 3 5 4 3 1 2 3 7 13 4 11
5 5 1 3 8 10 9 4 6 5 5 6 12 5 10
7 3 2 2 11 7 9 4 1 3 4 1 13 2 1
5 20 5 4 13 9 3 15 2 1 2 4 1 3 1
2 2 2 3 4 5 4 1 1 0 1 2 5 1 1
3 5 8 7 7 24 12 12 1 10 3 8 3 7 7
2 0 11 4 4 19 1 11 10 9 2 4 2 8 10
2 6 15 2 13 16 3 9 9 6 4 0 4 7 14
3 7 2 6 3 2 3 3 4 3 0 5 2 4 0
5 2 1 5 3 4 2 6 4 2 2 0 2 3 3
3 5 0 0 4 1 9 5 1 3 3 3 2 2 0
3 4 3 4 3 1 2 6 3 6 0 3 6 2 6
6 20 1 5 1 5 4 7 3 3 4 13 13 1 2
5 0 5 11 0 11 8 5 1 7 5 9 10 4 12
1 3 1 9 5 6 17 3 4 4 6 5 2 8 18
4 8 13 3 2 10 5 16 6 13 0 7 12 8 7
1 2 0 6 4 2 2 5 2 13 3 4 1 2 1
1 1 4 2 1 7 3 3 3 1 7 7 5 2 2
8 8 1 8 3 11 2 0 2 3 2 1 5 0 4
2 3 6 2 1 1 2 1 4 3 6 3 1 1 4
2 3 0 2 4 1 2 1 6 4 5 8 10 0 3
4 18 2 5 4 2 6 10 1 2 7 0 1 12 7
1 4 3 7 6 7 5 4 4 3 5 4 5 7 1
6 0 7 0 7 1 11 6 7 3 4 4 3 1 4
3 3 1 7 1 2 8 1 1 2 2 2 3 1 5
1 2 2 1 3 7 5 1 1 0 2 5 0 2 2
1 1 3 2 3 0 1 8 1 1 1 0 5 0 5
3 1 2 3 1 0 3 1 0 8 3 2 2 1 3
11 2 6 5 4 3 12 13 8 12 3 4 10 2 11
5 0 4 4 2 2 5 2 3 0 2 2 1 1 5
9 6 1 5 1 3 5 4 9 18 14 8 4 0 11
1 5 7 1 27 5 7 8 6 3 9 4 12 5 18
5 13 3 12 4 1 9 3 14 3 2 2 5 17 7
17 3 8 2 9 3 11 8 0 13 8 6 3 7 10
3 2 7 7 1 4 1 10 6 18 7 6 5 9 1
19 10 7 3 0 14 0 7 2 2 11 19 8 5 4
7 0 8 1 5 0 2 1 1 4 2 2 4 3 2
4 4 0 5 5 9 5 2 3 0 14 2 3 2 14
0 3 10 2 11 4 10 5 1 2 6 3 2 3 6
9 2 2 1 1 0 0 3 2 5 2 6 2 4 1
12 10 14 1 10 7 16 16 1 1 10 0 2 11 8
1 2 8 1 1 1 2 0 1 5 2 6 8 6 1
2 6 3 10 0 2 5 12 7 8 4 10 6 3 6
6 3 11 1 9 10 1 1 11 9 3 6 11 13 2
7 9 15 9 17 4 2 3 13 9 9 5 2 3 4
7 2 1 1 7 4 4 3 6 2 5 3 1 1 3
7 10 7 3 3 5 4 9 10 1 4 9 4 2 0
2 0 4 7 11 11 2 5 9 11 6 0 11 7 5
8 12 5 4 5 1 0 18 1 8 2 25 11 5 2
14 9 2 5 2 14 6 8 5 1 3 4 4 12 19
9 3 8 3 0 4 9 6 4 0 3 1 2 4 0
1 3 0 3 4 2 1 3 0 4 2 1 2 1 7
3 4 1 2 2 6 3 3 1 2 1 1 2 5 3
5 8 10 5 8 2 17 12 9 8 15 3 16 1 11
9 8 4 9 2 2 5 2 6 0 19 8 2 0 8
2 10 5 6 3 2 1 3 2 3 6 1 5 6 2
4 4 13 6 8 20 11 1 9 14 12 3 5 9 10
5 0 4 4 6 1 3 2 0 5 0 1 2 2 2
14 10 13 11 15 10 6 2 6 2 5 2 7 1 1
1 30 7 1 0 5 6 5 7 1 3 18 1 3 1
2 3 1 7 1 3 3 0 7 5 2 9 0 2 0
3 1 1 3 2 3 6 5 4 5 4 5 6 4 2
2 7 7 8 6 8 2 3 6 0 4 4 17 7 9
16 3 8 7 1 2 19 14 10 5 5 5 1 7 7
4 1 1 3 3 9 18 9 3 1 17 24 10 5 2
8 8 6 12 2 5 1 13 21 6 4 4 2 8 5
0 1 4 1 4 3 8 6 4 8 3 4 4 6 4
1 3 2 3 2 0 2 4 1 0 3 2 0 9 5
11 5 2 8 3 9 6 4 10 0 10 4 8 14 8
2 1 13 9 13 7 3 18 5 3 0 1 1 16 9
3 2 1 3 1 2 1 3 5 1 1 3 6 4 0
8 1 1 2 1 0 1 1 1 1 4 8 12 1 8
3 6 14 15 7 2 11 1 5 12 14 6 10 4 2
8 2 1 2 9 6 6 0 1 3 14 11 7 3 2
3 8 6 2 17 5 8 1 3 15 4 20 9 5 1
4 1 0 2 1 10 6 3 1 8 1 8 6 2 5
18 1 2 11 2 4 1 5 0 1 3 1 14 10 4
7 0 11 6 12 2 9 10 10 3 6 11 1 12 11
7 0 1 8 11 1 14 0 11 10 10 10 10 2 2
5 4 6 1 0 1 1 3 0 1 1 1 3 1 3
1 4 8 4 6 3 6 3 1 8 6 0 11 11 0
4 2 3 3 4 2 2 3 6 1 4 2 1 3 4
4 5 1 4 2 3 5 5 3 2 6 4 2 4 3
2 4 1 0 1 1 8 0 14 4 3 18 1 6 10
1 3 5 3 4 2 1 3 3 3 1 1 1 1 4
3 2 3 2 2 2 13 3 3 1 2 2 4 2 1
4 5 2 12 5 8 3 10 4 4 2 3 1 7 8
2 3 2 3 2 3 2 5 3 7 1 4 3 4 4
7 26 9 0 3 1 14 1 13 11 7 2 9 13 2
1 5 18 18 5 3 2 7 5 2 5 9 15 4 12
1 3 4 1 3 14 3 0 8 7 5 7 5 1 0
5 2 4 2 0 3 5 6 4 2 1 1 1 5 3
0 5 0 3 2 1 9 11 4 3 1 23 3 1 4
11 1 6 0 1 3 13 3 13 5 5 14 4 7 7
1 0 11 7 0 3 2 3 5 3 6 2 9 3 4
2 3 5 3 7 2 5 3 3 3 4 2 3 7 8
4 1 1 7 5 7 2 6 6 2 4 5 2 6 5
2 10 9 4 10 10 14 16 6 5 17 2 10 8 0
9 7 6 11 11 0 0 2 1 9 13 0 5 8 6
6 13 9 0 6 13 4 11 11 9 3 4 2 2 1
13 10 22 8 7 15 4 3 6 5 6 10 6 5 0
0 5 2 0 1 3 4 6 3 4 1 2 3 2 1
2 2 1 7 1 8 5 2 7 8 7 9 9 0 6
8 2 1 2 3 11 12 15 10 15 9 12 0 11 15
13 10 1 5 1 5 7 4 1 8 3 8 10 0 5
20 0 5 3 4 1 8 6 7 5 6 17 4 1 13
3 1 0 10 5 1 3 1 7 7 3 3 3 2 3
3 6 5 5 14 8 1 6 16 5 1 8 19 6 1
0 13 20 9 10 9 6 5 12 1 8 3 1 3 1
1 8 1 2 1 9 13 1 6 5 7 1 5 8 9
11 3 12 4 7 0 25 3 4 2 9 1 6 6 3
9 0 2 3 4 4 11 2 8 11 2 1 3 5 4
8 5 9 1 12 4 4 1 1 10 1 2 2 7 4
3 3 3 0 3 4 1 7 2 2 1 2 1 3 2
18 8 2 1 12 1 2 13 3 12 9 10 3 9 20
6 7 0 11 12 4 2 6 7 4 2 1 1 24 10
2 2 8 3 2 11 6 2 0 0 3 9 1 3 3
10 4 8 5 9 11 0 6 3 7 8 2 3 21 7
0 4 1 2 5 3 1 0 0 2 0 4 2 4 5
12 6 6 1 5 3 5 12 17 5 5 4 4 7 0
7 5 2 9 3 12 7 1 5 1 4 1 3 5 2
3 1 4 5 1 4 6 3 0 9 3 4 4 7 2
3 17 10 5 14 1 9 1 6 11 6 11 10 3 5
8 6 1 1 1 1 1 1 1 3 5 3 5 8 2
1 17 1 2 10 2 6 4 10 6 2 1 2 10 10
17 7 2 2 5 0 3 0 21 7 14 2 9 8 5
12 3 5 9 1 5 14 5 5 3 0 5 9 0 1
7 2 8 5 4 2 2 7 3 3 1 13 6 21 3
4 1 12 3 4 8 4 5 4 6 4 10 2 4 3
0 9 10 4 3 2 2 12 11 16 3 3 5 4 12
1 7 11 9 12 0 1 11 6 1 3 9 23 12 4
6 3 8 4 5 7 2 11 5 7 1 8 3 4 3
4 7 9 10 13 2 7 13 2 14 3 11 5 10 7
1 4 7 1 4 1 4 1 5 2 5 2 1 10 1
7 2 4 2 1 2 1 1 0 2 4 2 3 6 5
2 15 5 18 1 2 5 6 12 8 3 2 6 5 18
13 2 2 3 2 1 11 5 6 1 7 2 0 4 7
8 16 6 1 8 1 9 11 3 2 2 2 0 7 6
2 11 4 12 6 8 4 11 9 14 3 13 2 3 1
7 1 2 7 3 7 9 1 3 6 11 9 4 6 4
1 9 3 4 1 4 3 2 1 11 0 5 9 2 5
2 8 1 13 2 5 1 1 2 3 1 1 5 2 6
6 15 0 18 0 4 7 11 5 7 2 17 0 1 4
9 6 11 6 8 5 8 2 1 3 1 11 9 0 8
1 3 2 3 3 1 1 2 1 4 3 2 3 6 2
11 5 16 8 1 13 0 11 1 4 6 8 6 8 10
9 8 15 15 0 16 2 2 6 12 10 8 6 12 12
5 17 6 11 9 5 7 4 6 5 8 2 13 5 3
7 1 5 7 3 5 1 1 2 6 3 5 8 3 6
10 18 5 0 8 3 7 5 6 8 12 3 11 3 2
2 5 6 2 12 2 9 10 4 18 5 8 8 17 9
10 3 0 2 5 2 5 2 7 0 8 4 5 0 6
1 6 7 14 6 3 6 7 0 3 6 6 9 2 3
0 2 4 9 7 2 1 14 2 4 9 6 4 0 3
4 0 7 2 4 3 3 1 2 1 8 5 1 2 0
2 6 11 6 5 9 8 11 4 6 11 7 6 6 11
6 14 2 10 8 14 5 13 1 7 4 6 11 8 6
5 6 6 3 3 2 1 0 2 4 6 8 7 4 4
1 10 7 5 7 2 9 11 2 2 25 15 2 0 1
6 0 2 2 0 6 5 3 2 0 3 1 3 7 1
14 4 3 1 10 1 5 1 8 8 10 3 3 2 24
4 2 6 3 8 6 2 0 1 2 5 4 4 1 2
4 4 8 5 10 14 9 2 8 3 10 2 2 1 6
5 8 3 4 11 3 1 8 8 7 1 12 4 0 7
6 23 15 10 2 13 6 6 1 3 12 5 3 6 13
4 3 6 3 11 1 6 12 4 7 10 0 8 5 1
12 11 5 3 15 1 11 10 1 11 6 1 12 6 1
5 8 2 0 8 3 8 10 4 9 5 3 2 5 2
5 1 0 4 3 5 3 2 3 2 1 3 2 7 1
3 21 8 5 9 3 7 14 6 6 8 1 15 6 2
2 16 8 2 5 1 9 19 1 14 12 6 5 4 12
13 0 2 13 2 10 3 10 6 16 10 10 7 6 6
0 4 3 2 9 2 7 3 1 0 3 3 6 2 0
9 6 10 2 7 1 8 3 5 0 1 9 12 8 2
11 5 6 6 4 5 11 4 4 4 3 4 5 11 2
3 3 3 8 1 3 1 4 3 2 2 5 11 5 6
2 2 6 4 2 1 4 5 5 4 0 0 2 1 0
0 1 3 7 8 7 8 8 2 5 2 17 6 8 0
0 0 10 23 1 1 4 9 12 3 14 6 2 2 0
11 5 6 2 3 1 12 6 9 11 1 7 0 1 11
1 2 3 6 0 0 13 8 11 10 8 6 2 16 8
2 11 4 7 5 8 10 15 17 2 6 2 4 1 1
3 5 11 8 25 6 8 8 7 7 11 3 11 3 5
2 3 0 1 9 0 3 8 17 2 3 3 3 1 0
0 3 8 2 6 4 7 8 8 7 6 0 7 2 1
2 2 1 1 3 4 0 9 5 2 0 0 4 2 1
4 9 1 2 7 10 2 23 3 8 1 6 5 4 4
10 5 9 12 12 5 3 9 0 0 7 9 12 21 4
5 3 1 2 0 3 1 9 0 6 2 1 5 2 9
12 1 9 11 18 11 8 0 12 8 6 4 5 9 3
6 6 3 3 2 3 0 0 0 1 8 3 3 0 6
2 1 11 13 9 6 8 9 12 2 12 5 4 4 1
3 5 6 5 4 4 6 10 8 5 5 8 4 5 0
1 5 14 1 4 1 2 2 10 5 2 3 3 2 5
4 16 4 15 12 0 1 1 2 1 3 4 10 5 20
7 12 12 9 26 5 5 4 7 2 1 3 3 6 8
4 4 21 9 7 3 8 4 4 8 2 6 9 2 3
4 9 5 9 4 3 3 7 17 2 8 14 0 3 3
1 4 1 5 0 2 0 0 3 1 2 1 5 1 3
3 2 2 12 1 3 21 10 16 8 10 2 17 6 8
5 9 1 9 0 17 1 8 1 15 8 12 4 9 7
7 3 8 7 3 4 2 8 6 5 10 2 2 1 1
0 8 3 0 2 2 2 6 2 0 6 3 4 1 4
2 3 15 2 3 4 7 1 7 4 3 1 4 1 2
8 6 6 4 4 5 6 9 0 10 2 4 0 27 6
3 1 1 4 2 1 3 11 2 3 1 2 1 10 1
12 4 19 7 10 10 1 15 10 9 2 11 2 3 11
2 10 11 17 10 3 4 6 3 1 21 7 3 3 1
4 4 16 6 15 4 11 18 3 6 11 11 2 3 6
6 11 5 1 10 2 6 4 0 3 8 5 5 4 1
8 2 7 7 8 11 9 13 12 14 7 3 6 7 8
4 1 1 2 2 6 6 0 0 1 3 9 4 2 1
11 9 1 15 1 1 2 5 15 0 6 12 1 13 11
1 2 22 0 0 24 15 2 12 10 2 1 3 7 4
1 3 1 18 7 5 6 14 3 3 3 7 1 11 3
5 2 4 6 3 2 1 7 3 7 6 1 1 1 1
1 5 4 8 5 0 2 4 2 4 2 9 4 2 6
0 11 5 5 3 3 5 7 2 3 5 5 3 3 5
3 9 9 3 6 5 0 4 1 3 4 7 0 3 2
10 8 14 2 5 11 6 0 0 9 7 23 10 15 5
0 14 9 1 5 7 4 4 6 2 3 5 3 5 2
1 8 1 11 3 4 3 4 0 0 0 9 5 6 1
8 4 4 1 15 20 4 10 15 14 4 3 16 7 2
3 2 3 3 2 2 7 3 2 7 6 3 1 5 0
8 3 9 7 3 4 7 8 3 4 5 3 3 4 6
3 18 9 2 10 5 8 1 6 0 3 1 1 1 3
0 6 0 1 2 4 1 3 1 2 5 3 2 1 7
2 4 5 11 1 3 4 1 4 3 1 4 5 1 1
1 10 1 12 0 5 2 5 2 1 8 5 3 5 5
8 5 6 5 17 3 1 2 18 4 1 6 14 7 6
8 3 5 9 11 3 6 13 3 4 3 9 1 2 17
4 1 4 14 12 6 10 1 0 5 14 8 0 5 4
11 4 7 5 15 9 0 18 14 3 15 9 8 6 1
2 0 0 4 4 5 1 4 1 1 4 2 1 6 2
2 2 3 3 6 1 9 8 20 10 3 1 5 2 17
4 0 3 2 5 17 7 4 1 1 1 5 8 11 4
7 0 4 13 1 11 1 4 4 7 1 4 2 3 1
4 2 4 3 5 0 6 3 0 2 4 1 3 0 5
2 4 5 1 6 1 2 8 9 1 9 4 8 1 3
3 5 6 4 3 9 9 7 10 12 2 12 5 4 14
1 10 3 2 12 14 7 2 13 3 8 2 10 2 2
0 1 10 2 10 6 5 6 5 1 6 2 2 7 0
2 6 7 5 1 4 4 5 5 5 6 0 10 3 7
6 7 3 2 10 0 6 15 9 15 0 3 5 10 10
6 1 7 2 2 5 1 3 5 5 8 6 2 0 5
1 6 4 4 1 2 0 5 1 1 3 1 2 2 2
2 5 2 4 5 1 0 1 0 1 1 6 3 1 4
9 0 6 8 15 9 4 3 1 4 4 4 3 1 10
11 15 3 11 7 11 10 1 17 9 1 9 13 1 7
1 5 3 0 3 3 5 0 5 2 3 2 5 5 0
9 3 4 0 3 2 6 2 4 3 0 0 8 1 10
12 13 3 7 2 11 9 5 7 5 0 5 4 21 14
0 6 0 2 4 1 1 3 1 4 8 7 2 1 4
4 0 7 4 2 7 2 6 7 2 4 9 6 9 0
1 1 6 4 2 5 0 7 2 5 5 0 2 1 0
19 9 12 4 19 4 13 5 13 1 5 4 5 5 6
1 4 13 7 2 3 6 15 10 3 10 20 2 10 4
7 2 14 9 20 10 5 11 6 4 4 4 20 9 2
9 10 17 5 13 0 7 6 3 3 4 4 1 5 7
2 1 5 1 3 3 3 2 5 4 1 1 1 3 2
3 15 5 8 3 12 5 16 3 7 5 5 10 12 8
1 2 4 2 4 6 2 3 3 6 4 1 4 5 4
2 4 2 3 6 4 2 1 2 7 6 2 2 1 11
2 7 6 1 7 4 9 10 10 5 5 12 22 7 0
9 3 12 5 15 11 18 11 1 10 8 4 6 6 3
2 5 3 13 6 6 5 0 6 1 3 0 9 2 5
6 3 13 7 0 7 1 3 4 1 4 8 0 2 3
7 0 2 1 2 5 0 5 6 6 4 1 2 0 2
7 4 4 14 4 3 14 2 7 16 11 5 11 12 1
0 2 21 9 3 4 0 6 7 17 4 15 5 5 16
1 7 8 7 18 2 5 5 2 14 0 3 4 4 7
17 4 6 7 7 2 15 4 6 2 2 6 2 4 7
0 1 4 6 2 3 1 2 2 1 7 3 1 1 7
7 6 2 9 2 3 3 8 1 6 0 13 9 9 1
4 1 2 6 3 4 8 0 2 2 9 2 1 6 1
10 2 5 3 13 3 6 3 2 6 3 1 4 1 1
4 4 1 1 1 5 3 0 13 6 6 9 4 3 7
2 2 3 1 2 10 3 0 2 4 1 5 4 3 4
9 4 3 5 1 2 3 9 1 5 4 8 5 9 4
6 8 4 0 0 5 3 3 7 1 2 1 1 3 4
2 5 4 3 4 8 3 3 10 0 2 4 1 5 10
5 25 3 1 6 1 8 4 10 7 8 20 1 8 2
2 0 11 14 9 1 0 8 0 9 15 11 3 6 7
9 2 18 11 9 4 10 11 17 3 5 4 4 14 11
3 9 4 11 14 1 7 2 15 6 12 2 8 8 5
18 2 6 8 3 0 6 10 3 13 4 20 13 7 11
5 4 10 8 4 8 4 7 4 8 5 4 3 0 1
8 2 3 6 4 6 6 16 15 1 6 8 7 3 1
4 10 8 2 8 5 2 17 7 10 5 3 0 5 3
0 9 12 5 2 5 12 17 1 4 9 5 5 5 9
2 9 4 5 3 2 4 1 14 10 10 13 3 4 7
0 1 5 5 2 3 0 4 1 2 0 2 3 4 2
0 1 3 1 0 2 4 6 2 6 1 3 4 4 0
2 2 3 1 1 1 10 0 3 0 0 2 5 2 1
12 16 2 2 19 10 6 15 11 5 5 1 6 2 5
0 3 1 1 3 6 4 4 0 5 3 3 5 3 5
2 8 10 3 6 3 7 1 5 9 6 1 5 14 6
2 7 6 4 3 6 8 3 12 9 13 5 4 17 6
10 6 1 5 15 23 3 2 15 5 0 2 5 8 8
2 3 1 4 2 0 1 5 5 5 2 1 2 0 3
6 2 6 5 2 5 0 1 5 0 4 0 4 2 8
0 6 4 4 10 1 5 1 3 1 5 3 1 12 2
1 1 4 11 8 1 3 0 0 0 2 5 3 8 7
3 4 4 1 2 1 5 3 2 3 5 3 1 1 7
2 1 1 1 7 2 4 2 4 4 10 10 9 8 19
0 2 2 11 14 1 8 9 15 6 6 7 7 5 2
9 3 2 3 0 5 4 2 10 7 5 3 15 7 14
11 3 16 1 3 0 16 4 13 1 2 2 2 1 17
3 4 7 1 6 5 9 7 2 1 6 16 15 10 2
18 5 6 7 4 4 6 15 0 15 1 8 5 7 17
5 2 11 2 7 7 0 2 1 4 6 0 11 2 3
4 24 3 5 4 5 3 2 6 8 3 2 14 11 1
4 14 10 4 5 10 4 11 7 10 8 3 11 1 8
2 1 2 3 1 3 2 4 3 1 6 2 3 1 11
6 6 10 11 14 10 3 5 15 2 5 11 5 8 10
7 2 1 6 9 4 6 3 8 5 2 6 6 8 6
16 4 5 7 17 1 6 8 6 1 10 15 4 9 2
1 4 0 8 1 2 3 3 1 5 5 4 2 3 3
1 2 1 3 2 8 5 7 4 0 1 7 5 11 14
7 8 6 2 5 2 0 1 7 3 18 1 0 4 9
5 4 4 7 5 2 6 14 0 6 7 6 6 2 4
6 16 2 3 7 6 3 7 11 5 21 1 14 4 9
4 8 2 6 0 3 8 1 1 6 5 0 5 3 7
8 9 2 3 1 2 0 0 0 0 10 2 4 5 0
2 19 7 2 3 9 20 12 1 6 14 11 2 2 9
10 2 5 12 6 3 1 3 6 8 14 14 17 0 5
7 12 2 6 1 7 4 13 7 12 14 4 18 1 5
6 14 1 2 12 21 10 8 3 2 6 6 7 7 2
3 8 2 4 3 6 1 4 3 4 4 1 9 3 1
3 1 5 2 1 1 3 0 6 2 3 1 1 5 1
4 0 2 3 4 1 2 5 6 1 2 1 0 3 3
15 12 0 16 3 1 18 2 4 3 10 1 7 2 13
3 4 1 2 2 5 2 4 3 4 2 2 4 2 6
5 0 1 6 0 3 0 6 5 5 8 1 7 5 13
3 5 0 6 9 13 10 6 9 9 1 7 3 2 3
5 4 0 5 1 1 6 6 6 5 5 10 1 4 3
0 2 2 1 1 1 11 2 3 2 2 4 1 4 6
0 3 10 1 7 0 13 4 6 6 12 8 1 11 13
3 1 5 13 11 3 7 3 6 4 3 8 16 4 3
3 1 0 3 0 7 2 4 2 1 4 3 1 2 2
1 11 3 3 9 5 3 5 9 4 3 7 5 1 9
3 7 0 1 3 7 6 1 3 2 3 2 6 3 8
3 3 0 2 1 4 8 14 7 2 3 1 6 2 3
14 10 3 3 4 2 10 2 4 4 0 14 12 7 3
2 1 3 1 1 5 5 0 4 0 11 3 4 4 4
4 6 1 1 4 0 5 5 2 1 1 4 2 6 1
4 6 6 8 6 7 2 3 4 6 2 3 2 10 13
7 6 2 4 2 11 8 2 5 10 13 7 1 3 3
5 6 4 4 1 2 2 4 2 2 2 2 4 2 9
3 11 5 1 10 1 13 11 4 4 0 6 1 8 1
11 0 3 13 9 1 4 14 8 2 3 8 3 7 10
0 6 4 5 5 3 3 1 2 4 3 0 1 3 3
1 2 0 2 1 2 3 1 3 4 2 3 3 5 2
4 6 2 7 6 1 11 14 11 18 1 8 16 7 6
1 1 9 4 2 4 8 2 3 2 10 7 3 3 3
8 14 3 2 0 4 3 10 12 6 9 25 2 12 2
6 4 3 13 4 27 13 7 10 5 1 6 2 2 3
2 2 4 1 2 1 5 5 4 2 0 0 1 4 1
7 3 6 12 2 1 13 10 6 16 17 0 5 10 16
6 19 1 5 4 13 3 5 2 2 8 9 8 8 8
2 11 5 5 1 7 5 4 8 7 1 6 4 3 7
4 3 3 3 2 1 4 0 0 2 3 1 0 6 0
6 5 4 4 6 2 1 1 3 4 4 2 0 4 0
4 4 0 2 1 12 0 10 12 10 3 5 4 4 15
5 8 2 6 8 11 3 7 0 0 3 16 22 6 10
7 4 1 6 9 9 0 3 11 3 4 6 12 3 1
4 6 1 8 8 12 4 2 7 2 2 8 1 4 2
5 5 16 5 3 3 0 1 3 6 2 9 12 3 4
9 2 16 1 10 3 1 1 19 4 5 7 13 8 12
14 17 8 1 0 9 8 1 4 3 1 10 14 5 4
6 1 11 10 4 12 16 10 2 4 6 6 18 1 1
1 3 0 4 4 6 4 5 3 1 0 4 1 6 9
16 7 14 6 6 1 2 4 8 7 6 9 11 1 13
6 0 2 2 6 3 27 1 9 2 18 12 1 11 12
5 13 4 8 4 18 10 9 4 6 21 2 6 7 8
3 4 12 2 12 9 4 1 10 11 9 1 11 3 1
0 2 6 1 0 6 8 2 8 4 1 0 2 5 4
2 1 1 2 0 2 3 3 0 1 5 5 1 5 0
11 6 2 5 12 7 4 3 3 16 1 2 4 10 4
3 10 13 10 8 3 8 3 1 12 14 6 11 4 11
8 0 12 0 3 8 9 5 0 16 9 7 1 3 2
8 4 0 0 8 1 1 2 9 11 7 7 5 2 4
5 3 3 6 5 4 6 4 7 4 2 1 4 4 8
14 5 1 1 12 10 10 1 4 14 15 13 3 3 3
4 11 9 6 9 8 4 17 7 7 3 17 4 13 3
4 2 0 7 6 5 13 0 1 6 7 5 12 7 5
2 7 1 7 2 3 1 3 5 7 3 2 3 2 0
7 3 7 8 3 7 5 6 3 3 7 5 1 1 2
6 0 1 4 5 2 11 1 8 1 7 8 3 7 1
9 3 23 3 3 13 8 3 4 10 6 10 4 0 4
0 1 4 6 7 3 0 1 6 1 6 1 1 2 4
3 2 4 4 4 1 1 3 7 7 4 4 3 4 2
19 4 6 4 2 7 1 16 1 6 12 3 8 2 8
2 2 3 2 3 1 5 8 4 4 0 3 1 7 7
5 5 12 7 15 10 7 1 5 13 2 6 8 3 4
2 1 9 3 7 0 6 9 9 4 3 1 1 3 0
0 4 6 1 4 6 4 11 1 6 9 2 1 7 4
3 2 1 3 3 2 0 2 9 1 1 1 1 2 1
8 0 0 7 4 2 3 17 7 4 5 3 17 6 10
3 15 5 2 6 8 2 4 7 11 11 3 3 7 5
1 3 4 5 3 3 2 0 4 4 6 2 0 1 4
14 4 1 4 0 1 4 9 2 6 2 17 7 15 20
1 11 3 1 6 8 8 8 4 4 6 3 9 6 4
1 2 6 4 4 5 5 3 2 6 3 13 10 2 3
13 6 2 5 6 1 2 10 6 7 8 1 2 1 4
3 1 8 1 11 1 8 5 9 15 1 3 2 6 2
2 9 4 3 9 4 1 4 8 2 6 1 8 7 6
4 1 3 3 15 5 2 8 5 1 8 6 7 0 2
0 3 6 2 4 0 1 3 2 3 2 1 6 1 6
7 0 1 3 7 3 1 3 3 1 3 4 0 1 5
3 10 16 10 0 5 17 6 13 8 14 10 5 15 3
11 1 2 6 2 2 7 1 1 6 1 13 2 7 4
2 1 1 0 4 1 9 11 17 7 0 5 4 4 2
4 0 4 0 0 0 1 7 1 0 3 6 4 1 2
1 6 5 1 0 2 1 4 3 1 4 1 5 2 5
3 2 1 3 3 0 1 0 5 1 3 2 6 1 1
3 5 2 2 1 2 0 0 8 1 6 1 6 4 1
3 1 8 9 7 1 7 9 7 11 9 13 6 17 6
1 10 3 11 0 3 3 0 7 6 0 9 4 0 2
3 0 1 5 5 2 2 3 3 3 0 5 2 1 3
1 3 2 1 4 2 4 1 1 2 8 3 6 6 4
1 7 4 1 4 5 1 7 5 7 6 6 1 4 12
1 6 6 5 5 16 10 16 2 14 5 12 15 5 9
2 1 1 7 2 14 14 21 4 1 5 4 0 5 6
9 1 15 5 4 14 10 3 8 12 17 3 0 8 15
2 4 5 4 4 2 1 1 1 7 5 1 4 3 2
9 8 9 8 1 2 4 4 4 4 7 12 9 12 0
7 5 0 6 18 8 4 4 1 2 10 10 3 6 4
8 1 1 2 3 3 2 2 1 2 6 2 1 4 10
4 4 11 6 7 2 3 13 3 7 9 6 2 3 11
6 9 2 2 4 0 4 7 4 2 5 5 7 1 3
1 12 6 15 8 4 2 15 2 5 12 1 10 16 13
12 21 3 6 3 11 1 7 8 9 8 18 2 4 10
3 3 7 3 2 6 1 4 4 2 6 4 8 3 2
2 0 1 6 11 8 3 1 7 3 12 0 8 7 3
8 5 1 4 6 1 8 3 3 3 3 1 6 4 4
8 15 13 6 7 0 10 12 6 4 2 5 9 6 1
2 1 7 17 9 6 8 6 5 11 12 9 8 7 2
1 1 1 0 2 1 4 2 2 1 8 3 2 3 3
1 5 1 2 8 3 2 10 5 9 12 12 16 8 18
5 11 5 16 6 9 10 2 8 4 6 13 2 24 5
6 7 6 10 5 15 2 11 7 2 12 0 5 10 16
7 5 2 1 8 3 3 4 2 4 3 2 3 6 2
1 3 6 6 3 1 1 4 7 0 3 1 3 5 5
1 1 7 9 11 2 2 4 8 2 15 15 1 6 4
1 1 5 2 2 0 8 6 1 7 10 1 1 3 3
5 6 4 6 3 3 25 0 3 4 7 6 5 0 11
5 1 1 0 3 2 5 0 2 5 0 5 4 3 4
12 2 6 2 2 2 2 4 5 2 9 3 1 8 3
0 4 3 0 1 1 9 10 8 2 4 3 5 5 1
14 8 2 6 3 11 8 7 21 0 2 7 14 13 3
4 0 0 1 1 4 5 1 1 2 2 1 1 5 3
2 8 0 8 3 6 0 13 3 6 14 1 18 7 9
0 5 4 0 3 5 2 8 1 4 0 5 4 3 5
4 1 1 4 5 3 1 1 1 6 2 8 3 3 2
9 10 8 1 8 0 16 15 6 12 9 15 10 1 7
2 10 3 5 4 12 13 3 12 21 1 1 7 8 9
10 7 1 9 6 4 4 10 3 11 1 0 10 1 4
5 1 1 5 3 11 3 1 4 10 10 7 1 3 9
9 5 6 4 2 0 0 1 19 3 16 1 1 5 8
1 4 5 1 2 2 3 1 1 5 3 5 2 1 10
2 12 4 5 7 13 2 7 1 4 5 2 2 8 5
1 3 3 10 0 13 3 7 1 1 13 1 19 7 17
16 10 1 2 0 3 9 0 1 10 16 9 9 9 11
3 2 3 1 4 1 0 4 1 4 7 2 4 3 1
4 6 1 1 4 7 21 16 12 5 2 1 1 6 7
10 6 12 1 7 6 5 11 0 17 4 5 4 0 0
6 4 6 3 10 2 10 14 7 4 9 13 12 7 13
6 3 1 2 4 8 0 10 3 8 17 6 10 12 3
3 4 9 1 2 0 2 3 6 2 2 6 3 0 7
2 3 5 4 5 4 0 3 3 0 10 5 6 3 0
4 3 4 1 4 2 3 7 3 1 3 3 4 1 2
1 1 2 8 9 2 4 5 0 2 8 5 5 3 3
5 2 11 3 0 2 7 7 6 4 2 5 10 3 3
6 0 3 3 1 4 3 7 1 5 3 2 2 9 4
3 3 2 1 1 3 2 4 3 1 2 7 6 1 2
3 2 2 3 8 9 0 1 5 11 4 4 3 5 4
13 6 15 6 4 4 1 7 0 9 23 6 6 7 2
2 13 8 3 3 1 4 0 1 5 4 0 6 4 5
1 4 3 8 6 9 10 4 1 20 20 3 3 2 7
2 1 4 3 9 14 5 8 3 18 17 10 8 12 0
4 6 4 1 1 1 3 0 3 2 0 4 2 0 2
3 12 5 10 0 2 3 2 13 11 1 5 7 1 1
5 3 6 2 4 2 3 0 4 1 9 4 1 1 5
6 7 8 19 14 10 1 6 7 5 9 11 7 20 0
1 4 2 1 6 3 5 0 5 5 8 0 1 1 0
1 2 8 0 7 4 4 0 0 0 3 5 3 7 1
16 3 6 14 3 4 4 3 8 5 4 7 5 4 6
2 0 3 6 4 3 1 2 0 3 4 5 4 8 1
3 5 0 4 3 15 7 4 8 13 18 10 7 8 20
15 8 1 11 2 4 11 1 11 0 13 6 6 5 0
6 1 4 3 4 3 11 16 8 13 4 8 14 9 7
2 6 15 7 1 7 1 4 9 9 11 12 8 4 8
3 5 1 4 3 14 6 0 1 5 9 2 6 4 0
2 9 7 6 2 12 1 10 3 2 3 11 7 1 3
0 6 1 2 4 3 2 1 3 4 1 2 1 2 1
3 4 12 11 2 5 13 4 4 5 10 3 4 11 8
8 6 7 4 0 2 12 10 6 3 4 9 1 3 2
0 9 2 7 5 1 7 23 10 2 3 14 7 11 4
1 3 1 4 5 6 0 1 0 0 1 2 5 2 2
4 1 6 5 2 2 4 3 3 0 3 4 1 0 6
8 12 12 15 7 6 10 2 10 9 11 13 17 3 1
8 3 2 9 6 0 7 1 1 3 13 1 3 3 3
4 2 2 1 3 2 7 10 2 7 0 7 6 5 1
11 3 11 5 1 9 2 3 5 6 3 3 1 3 1
2 1 5 9 8 5 3 10 8 10 4 3 7 1 11
1 7 10 0 4 7 4 18 9 5 4 1 1 0 6
4 12 18 11 5 3 2 18 6 3 15 5 4 3 1
10 8 5 11 10 9 1 3 7 12 1 2 8 6 10
5 2 6 8 11 1 7 11 4 4 14 5 10 1 3
3 11 8 7 3 14 17 8 0 0 4 2 6 11 8
9 12 1 16 5 1 8 1 9 5 9 0 5 3 15
2 2 0 1 4 2 2 5 3 4 1 3 3 5 3
17 8 8 5 17 1 16 2 13 4 1 12 8 8 3
6 3 8 9 6 0 1 8 2 3 6 12 1 6 3
16 0 1 12 9 4 2 13 9 8 1 3 3 1 7
10 1 1 4 14 9 5 6 3 12 5 8 6 5 3
12 0 8 14 1 4 2 18 7 4 2 4 2 5 14
14 1 4 3 4 5 10 0 6 4 1 9 13 1 7
1 6 12 11 5 8 4 9 8 4 0 1 4 14 0
5 3 7 17 18 1 1 1 14 17 3 0 9 12 8
9 2 4 5 7 1 4 10 0 3 1 3 1 5 8
2 11 8 1 7 8 9 1 6 6 1 14 7 2 5
5 10 8 5 4 17 22 0 3 6 9 6 3 11 0
12 4 6 1 3 2 14 9 3 6 16 5 6 0 5
4 1 9 15 5 4 2 10 3 6 1 14 4 2 1
4 7 4 1 1 6 15 7 5 23 7 0 15 11 14
2 1 15 3 2 8 0 1 1 4 5 0 2 4 5
8 8 6 4 4 3 2 1 5 5 3 4 4 7 10
10 2 3 4 4 5 3 1 5 13 2 3 3 0 1
12 14 5 2 8 6 13 3 8 17 0 13 12 10 1
4 3 2 4 2 0 3 3 1 0 2 2 4 0 7
8 1 4 12 11 1 16 15 10 2 0 12 3 1 6
0 2 3 4 2 2 1 0 1 9 8 7 2 5 1
2 2 0 4 6 2 2 1 1 5 1 4 6 3 1
1 7 6 6 3 2 0 3 3 1 3 4 1 1 4
5 5 0 0 4 4 2 8 0 1 3 5 3 3 5
13 7 7 1 4 9 1 5 5 2 3 1 6 5 10
2 10 4 0 4 13 8 4 2 7 1 10 4 2 13
6 11 7 8 5 13 13 2 4 2 0 15 5 9 4
4 9 2 8 3 4 7 1 9 11 3 15 8 4 2
12 13 5 10 15 1 2 11 4 3 0 1 2 2 5
4 6 1 0 6 2 3 17 8 16 3 11 0 5 15
4 1 4 2 0 6 4 2 1 8 1 1 3 8 3
11 6 2 5 7 6 12 2 3 2 4 0 6 3 3
11 5 4 13 11 10 6 4 7 11 3 0 11 11 10
19 2 8 0 2 9 7 4 5 1 0 20 1 8 12
8 1 1 13 14 7 8 6 6 3 20 5 16 16 4
1 6 0 13 2 0 0 5 4 1 1 10 7 1 4
3 4 0 4 0 5 1 6 1 1 5 8 1 6 6
3 3 6 3 1 3 5 2 4 1 3 8 5 3 1
4 2 5 6 3 0 1 3 1 2 2 2 3 3 3
0 2 6 11 3 19 2 14 8 2 1 1 9 13 0
8 14 16 3 1 5 7 9 11 5 1 9 4 8 4
2 7 18 10 3 10 10 3 6 16 7 7 14 15 3
8 4 3 2 6 4 5 7 2 19 13 4 1 8 20
2 2 3 3 3 2 5 5 4 0 6 6 4 1 3
6 0 7 2 7 6 12 7 3 3 4 9 3 7 0
1 5 16 6 3 12 6 4 0 18 6 15 4 3 4
0 3 1 1 3 2 1 0 2 3 3 1 7 5 7
13 3 12 12 9 1 9 6 1 14 2 2 12 3 12
10 1 4 7 4 7 7 8 2 4 13 1 2 3 11
3 1 2 8 16 8 7 8 0 10 4 3 12 9 8
12 3 1 7 1 9 13 5 1 8 3 3 16 12 5
6 13 7 8 7 1 4 1 12 12 5 19 1 11 0
5 1 12 6 0 4 3 7 3 11 0 3 12 0 5
9 4 3 1 10 0 6 9 14 1 8 3 10 3 6
2 0 2 6 3 4 1 6 2 7 1 1 4 2 6
3 2 9 1 4 14 4 10 6 15 20 1 10 4 2
5 1 13 8 7 15 16 4 1 1 11 12 12 2 8
13 10 8 1 6 8 14 0 7 7 12 9 8 10 1
1 0 1 4 7 2 9 4 6 4 3 4 0 6 3
7 12 2 8 4 3 0 9 8 11 5 13 11 8 5
7 9 8 6 1 9 0 5 9 4 1 5 13 8 5
9 4 9 10 9 2 1 0 7 5 9 4 10 3 13
6 5 6 3 3 1 1 3 4 4 9 5 5 1 9
1 4 3 5 1 16 5 6 4 4 0 6 8 5 2
4 11 3 2 12 17 9 2 1 7 3 3 23 6 16
1 3 20 3 3 1 6 7 20 2 13 10 1 6 13
1 1 4 3 3 2 0 3 2 4 6 4 1 11 0
3 4 0 1 14 8 2 3 6 1 3 9 4 5 10
4 6 4 4 13 3 8 2 12 6 12 12 19 8 11
1 3 2 5 0 2 1 3 3 1 4 1 1 2 6
5 2 9 18 10 10 1 1 6 9 10 6 4 0 6
2 4 5 1 1 1 0 0 1 1 0 3 3 4 4
5 5 2 3 2 4 0 3 2 6 0 1 2 2 13
4 3 2 5 5 4 0 3 2 2 3 5 9 7 2
9 3 15 8 3 4 3 9 4 1 6 11 4 4 4
5 3 2 9 6 3 1 1 5 7 1 6 8 10 7
0 4 6 3 1 7 2 7 5 1 3 9 5 2 1
3 0 2 2 3 2 0 6 2 2 3 5 2 1 2
10 3 8 2 6 4 12 3 10 12 9 6 5 2 2
1 0 3 5 6 1 2 3 2 7 5 5 2 1 3
4 4 3 2 4 1 12 8 11 7 8 5 7 6 11
9 6 9 5 4 0 3 3 7 5 2 11 1 3 7
5 1 1 1 4 11 9 13 9 21 3 7 10 8 5
2 18 15 11 15 16 10 7 10 2 9 4 8 4 4
7 19 10 12 5 5 10 15 5 0 9 4 3 1 10
10 1 8 8 6 10 5 3 8 8 1 4 5 11 4
4 9 1 6 11 4 6 4 9 2 1 2 7 7 5
3 0 5 4 8 4 4 4 2 19 3 9 1 4 4
6 14 14 1 8 6 1 6 9 0 17 10 7 13 5
6 5 2 2 2 2 4 6 2 2 1 3 2 5 2
4 6 4 7 12 10 4 3 6 3 4 8 1 3 0
2 2 2 4 1 2 6 4 7 5 1 7 8 3 5
2 8 12 7 5 11 10 1 13 13 15 10 8 8 6
3 2 2 3 1 1 2 0 6 11 0 2 5 0 6
3 4 4 1 4 7 6 0 2 2 1 13 1 4 0
6 5 0 3 1 0 3 1 3 5 1 1 2 4 3
4 3 5 1 4 1 1 5 2 3 3 4 1 0 1
7 0 10 2 24 9 0 3 6 1 7 1 5 3 8
0 18 4 1 3 5 9 3 4 8 9 12 4 10 20
4 3 3 4 6 5 1 8 3 5 11 4 16 8 9
1 2 1 5 0 3 2 2 4 2 6 0 5 0 6
2 2 5 5 6 2 2 6 3 0 0 0 3 4 7
5 1 3 5 5 6 5 6 5 3 10 16 3 8 1
3 9 11 5 1 1 7 9 10 3 12 13 5 8 14
4 6 5 2 3 4 2 0 7 4 1 6 5 14 5
1 3 4 3 3 6 5 5 4 15 10 7 10 2 4
3 18 3 6 6 3 11 15 9 6 1 11 0 3 1
3 17 10 14 11 13 5 12 3 1 5 0 2 2 6
1 5 5 16 3 4 2 9 3 1 8 2 5 13 10
0 1 7 3 17 7 16 7 3 2 1 11 7 1 8
0 5 5 3 3 2 1 1 3 7 1 1 6 1 4
7 3 8 3 8 16 8 3 9 6 13 1 3 2 11
1 94
2 83
3 80
3 101
3 102
3 103
4 17
4 22
6 87
9 10
9 23
9 27
9 46
9 60
10 52
10 58
11 46
11 49
12 31
12 93
13 65
13 112
15 114
16 33
16 79
17 58
17 76
18 45
19 30
21 51
21 67
22 38
22 48
22 112
22 118
24 52
25 33
25 64
26 74
26 91
28 65
28 96
29 87
30 64
32 101
33 79
34 110
36 73
36 116
37 63
37 122
39 54
39 97
39 128
40 87
41 102
42 108
43 61
43 73
43 88
44 124
45 64
45 88
45 102
46 85
46 111
46 122
48 112
49 105
50 66
51 71
51 88
51 133
52 81
54 60
55 119
56 145
57 111
58 65
59 67
59 73
60 69
60 151
61 92
63 89
63 124
64 80
64 82
65 145
66 164
67 71
67 154
68 70
68 86
69 127
70 90
70 148
70 162
72 159
74 171
74 173
77 110
77 111
77 135
78 91
78 97
78 161
79 164
80 133
81 100
84 123
84 141
85 147
85 150
85 152
86 154
87 124
87 143
88 112
89 116
89 169
90 186
92 141
92 182
93 96
93 127
93 139
93 169
94 193
97 180
97 192
99 158
99 165
100 121
100 137
100 199
101 157
103 133
103 151
103 173
104 106
104 117
108 148
109 147
110 128
111 139
111 211
112 149
114 191
114 193
117 139
118 168
119 213
122 162
123 151
123 156
125 225
127 149
130 134
130 184
130 190
130 203
130 207
130 218
130 227
133 200
134 213
135 171
135 213
136 197
136 211
137 193
138 169
139 159
139 211
140 209
141 188
143 242
144 151
144 161
144 184
145 158
145 194
146 181
146 182
146 239
147 230
148 208
149 180
151 177
152 175
152 190
152 197
153 242
155 163
157 167
157 187
157 216
157 254
158 203
159 217
162 233
162 250
162 259
163 216
164 169
164 186
166 189
166 215
166 246
167 243
167 244
167 260
168 195
169 233
170 186
171 199
171 230
171 244
171 254
172 189
174 215
174 218
175 228
175 275
176 180
176 263
177 203
178 179
178 221
179 199
179 256
181 212
181 241
181 244
182 210
182 235
182 269
183 217
184 185
184 269
186 256
187 213
187 229
187 236
188 262
189 238
193 230
194 220
196 226
198 269
198 284
199 256
199 267
199 276
200 232
200 269
201 265
202 247
203 225
204 212
204 285
205 225
206 237
206 298
207 241
208 229
208 306
211 246
211 271
212 250
212 297
213 307
214 242
215 218
215 235
216 246
218 239
219 245
219 285
219 294
220 316
221 252
221 300
222 301
222 322
224 234
224 270
224 271
230 247
234 242
234 275
234 331
235 249
235 329
236 288
237 266
237 305
238 292
239 240
239 325
240 268
240 303
240 339
242 284
242 307
244 302
245 288
246 262
246 329
249 270
249 336
250 307
251 261
251 320
252 257
252 287
252 316
252 322
253 309
254 323
254 350
257 310
258 292
259 273
259 287
260 359
262 330
263 311
263 317
264 353
267 331
267 361
268 283
268 319
268 336
268 360
269 274
269 368
270 304
270 327
271 352
271 369
272 342
272 355
273 337
273 355
274 316
274 326
275 364
277 357
278 315
278 340
278 378
279 308
280 341
281 301
282 352
282 368
283 301
283 333
286 327
287 311
288 289
290 296
290 318
291 355
292 335
292 355
293 303
293 352
293 371
294 392
295 327
295 354
295 367
295 380
298 325
298 361
300 316
301 368
303 352
303 360
303 376
304 320
305 344
305 356
308 340
308 355
309 318
309 400
312 395
313 339
314 350
314 368
315 413
317 346
318 356
319 355
319 362
320 380
322 325
322 362
322 368
323 340
323 394
323 398
324 381
325 342
325 347
327 342
331 382
331 408
332 334
332 377
332 383
332 390
333 338
334 335
334 378
336 414
337 344
337 368
337 405
338 427
339 369
339 419
340 374
340 434
341 371
342 362
343 350
343 366
344 370
345 431
347 359
348 354
348 401
348 415
349 401
351 365
351 385
352 440
353 358
354 387
355 417
358 390
358 393
358 415
364 449
365 455
368 410
369 376
369 407
370 416
370 457
370 466
371 430
372 435
373 396
373 467
374 474
376 422
376 446
377 452
377 469
380 472
380 478
381 414
385 391
386 391
387 426
387 454
388 459
389 400
389 431
389 451
389 475
390 403
391 426
393 420
394 413
395 410
395 462
396 489
398 441
399 476
400 487
400 492
401 439
403 502
405 426
405 485
405 498
406 435
406 502
407 416
407 464
408 508
409 426
409 428
409 439
410 411
410 509
411 421
412 440
412 458
412 474
413 449
413 493
416 418
416 471
416 476
416 504
417 427
417 448
418 437
418 496
419 489
419 506
419 516
420 508
421 459
421 506
421 514
421 516
422 424
422 466
422 497
423 466
423 512
425 509
427 438
427 512
427 518
428 501
428 512
431 469
432 502
433 435
433 466
434 515
435 502
436 437
436 464
436 505
438 439
439 444
439 445
439 517
442 460
442 498
443 461
443 499
444 544
445 466
446 453
446 465
447 512
448 492
448 509
448 510
449 514
449 518
451 466
451 482
451 511
451 541
453 520
454 457
455 478
455 499
455 544
455 548
456 475
456 521
457 463
458 473
461 473
461 508
462 548
463 466
464 503
464 516
465 497
467 518
468 559
469 484
470 543
470 547
470 553
471 540
472 482
474 514
475 478
475 537
479 571
482 502
483 486
483 543
484 564
485 498
485 509
485 544
486 501
486 526
486 560
486 570
487 556
489 550
490 508
491 519
491 578
493 550
494 514
494 577
495 525
496 552
498 525
498 535
498 586
499 570
503 577
504 536
504 542
505 573
507 511
507 542
509 569
510 561
511 561
514 527
514 533
515 604
515 609
516 608
516 609
517 537
517 589
519 585
519 619
520 610
521 592
522 541
522 591
524 601
525 544
525 550
525 609
526 544
526 586
526 589
526 600
527 608
527 610
527 613
528 574
531 573
532 617
533 546
534 591
535 622
535 634
536 551
537 619
537 632
538 573
539 639
541 608
542 562
543 585
543 615
543 636
544 595
544 610
545 553
545 561
545 580
547 641
548 556
548 563
548 579
548 642
549 556
551 631
553 586
556 572
557 621
557 625
558 576
558 638
560 592
560 636
561 631
562 615
562 625
563 605
563 636
564 593
565 584
565 628
566 576
566 601
567 637
567 662
567 664
568 626
570 580
571 590
572 663
573 597
573 605
574 654
575 622
575 629
578 642
578 666
580 613
580 667
582 607
583 586
583 610
583 665
585 619
586 660
587 607
589 630
590 610
591 691
592 627
592 660
598 628
599 684
601 627
601 634
601 642
602 628
602 630
602 661
603 675
605 651
606 662
608 640
608 656
608 660
610 660
610 706
612 613
613 705
617 680
617 714
618 648
619 698
620 680
623 697
624 662
624 669
624 680
624 704
625 674
626 653
626 724
627 649
627 683
627 703
628 634
628 688
629 656
630 634
631 634
631 693
633 653
633 666
633 675
633 680
634 682
634 709
635 703
636 684
637 642
637 658
637 670
638 721
638 737
640 668
640 727
642 652
643 675
644 691
646 665
646 674
646 680
646 715
649 657
649 663
649 687
650 750
651 664
651 718
651 738
651 744
652 734
653 716
655 675
655 730
656 679
656 724
657 676
658 674
659 670
659 758
661 692
664 704
665 673
665 677
665 730
665 731
665 755
666 695
666 696
666 723
667 726
667 748
667 764
669 732
670 706
670 709
670 739
671 770
672 676
672 743
673 679
673 708
673 718
673 726
674 739
675 682
675 774
676 763
677 767
679 697
680 731
681 704
681 730
682 722
686 743
687 699
687 734
687 735
687 740
688 775
689 694
691 724
693 779
694 757
695 772
697 758
697 776
699 734
699 788
700 708
700 763
702 783
703 770
704 716
704 747
704 790
708 786
709 719
709 721
709 765
710 788
711 723
711 738
711 791
713 763
714 777
714 810
714 813
715 793
716 794
717 794
718 762
719 727
719 787
719 791
719 793
720 759
720 794
720 815
721 780
721 791
723 764
723 781
724 806
725 759
725 778
726 747
726 815
727 783
727 813
728 743
729 764
729 774
729 828
731 810
731 822
734 742
735 811
736 775
737 743
738 774
738 797
738 798
739 803
740 758
742 758
742 823
743 828
743 840
743 842
744 791
745 812
746 753
747 749
747 761
747 767
747 788
747 795
748 845
749 777
749 785
749 843
751 786
751 799
751 849
752 826
752 843
753 829
754 778
754 784
754 803
754 824
755 788
756 829
756 835
757 807
760 856
763 805
763 814
764 851
765 803
766 864
769 811
770 801
770 861
771 802
772 793
772 862
775 845
778 841
779 829
779 837
779 876
780 864
782 847
783 856
784 788
784 883
785 793
785 808
786 884
786 886
789 873
790 802
790 869
793 797
793 849
793 888
794 813
794 868
795 806
795 827
795 830
796 874
798 842
798 864
798 883
799 860
800 806
800 841
800 847
802 807
802 837
803 854
803 896
804 882
805 807
805 887
806 885
807 859
807 877
809 828
809 832
810 865
811 820
811 822
811 872
813 851
813 910
814 863
815 860
815 908
817 846
818 831
818 884
818 913
819 831
819 836
819 902
820 821
821 891
821 907
822 868
823 846
823 861
824 834
825 925
826 828
827 857
828 883
829 849
833 846
834 872
835 849
837 838
837 903
838 924
839 909
840 843
840 847
842 845
842 879
843 863
845 936
846 889
846 905
847 853
849 865
853 937
855 947
856 872
857 925
858 885
859 882
859 896
859 944
860 938
861 872
862 895
862 928
865 940
865 948
865 951
866 899
866 938
868 925
869 888
870 899
872 891
872 946
872 971
873 881
873 891
875 915
875 961
875 967
876 976
877 910
880 895
880 923
880 973
881 893
884 909
887 888
887 939
888 960
889 968
890 897
890 928
891 929
891 945
891 977
893 987
894 918
894 993
895 899
896 935
899 957
899 960
900 943
900 980
901 998
902 920
902 948
903 917
904 964
904 996
905 942
905 959
905 978
906 971
908 1000
909 955
909 972
910 938
910 980
912 914
912 941
917 951
917 952
921 964
922 927
922 963
923 974
924 967
925 933
926 988
928 938
930 964
931 945
931 973
931 982
932 974
934 947
936 978
940 950
942 973
942 974
943 964
944 995
948 953
949 972
949 979
950 973
953 988
954 998
955 996
957 964
959 991
960 983
964 980
965 983
971 973
971 997
975 989
977 985
978 999
990 994
14 3 6 0 5 3 29 7 4 3 6 6 7 24 11
5 3 13 9 3 7 5 5 1 11 5 1 20 3 2
10 9 0 18 4 9 16 12 23 12 12 10 12 6 7
2 8 9 5 1 2 15 5 9 9 21 1 10 0 4
13 2 0 5 13 0 16 5 1 19 10 3 10 3 20
0 3 6 4 1 4 6 2 6 11 1 9 6 5 3
19 2 3 14 5 4 9 1 4 13 7 8 18 42 20
6 1 10 17 22 11 8 6 8 1 11 10 0 3 18
10 3 38 24 12 7 7 2 2 2 6 14 0 22 15
0 11 2 20 28 11 12 2 13 12 2 7 9 11 7
6 2 6 8 1 5 12 7 1 10 2 6 13 2 2
24 7 4 13 4 9 8 18 10 15 13 6 4 9 10
12 2 21 8 12 8 15 9 19 15 15 1 1 11 35
6 5 2 1 1 11 0 6 4 5 1 2 12 18 8
21 17 21 5 1 4 0 22 16 6 19 32 3 3 9
12 7 5 5 0 11 8 3 36 0 10 20 3 11 3
7 6 5 12 6 12 5 3 12 14 11 5 7 17 11
5 16 4 10 14 6 0 12 23 5 6 11 1 4 6
7 1 0 6 3 7 3 8 4 5 0 7 11 1 2
3 0 5 5 17 5 18 6 19 4 6 12 3 6 6
4 12 6 14 13 7 1 16 7 1 9 4 10 7 11 6 1 12 14 10
1 3 1 4 4 8 2 3 7 5 8 1 1 5 1 7 1 1 7 1
4 7 3 3 9 13 6 10 13 10 13 3 7 11 7 11 3 8 13 8
9 8 4 13 14 10 11 7 7 7 7 1 8 11 10 9 5 8 8 8
33 42 18 37 45 43 34 37 37 34 38 18 27 47 13 39 33 30 48 41
11 27 12 21 12 21 5 16 17 7 26 10 7 25 25 29 7 24 35 18
23 28 15 27 22 37 12 18 17 15 30 13 15 38 29 31 10 26 40 26
12 11 1 16 12 25 6 18 16 13 17 9 14 16 18 20 6 18 19 17
4 5 5 13 9 9 2 10 7 6 7 1 3 10 8 11 1 6 13 3
7 33 14 39 16 36 9 17 9 21 29 7 6 24 21 22 9 23 30 22
44 57 23 40 44 57 38 31 37 24 53 29 25 74 36 54 31 30 72 34
14 6 4 12 10 14 7 14 14 7 9 4 5 15 14 17 1 11 11 9
48 54 44 60 70 68 49 50 34 47 64 43 38 53 40 46 36 53 66 57
20 33 7 33 19 36 5 22 17 13 29 6 10 42 30 27 9 24 41 20
12 19 2 20 14 21 3 20 11 15 18 1 10 24 8 8 3 15 24 17
3 8 1 7 11 12 4 6 7 9 11 1 4 8 2 1 1 5 13 7
4 10 7 12 13 17 7 11 9 14 13 2 4 11 8 9 3 10 20 6
31 24 7 31 37 35 16 23 19 17 28 13 26 30 22 19 10 20 37 28
53 72 28 66 52 75 52 36 50 48 71 34 27 69 37 42 35 38 69 39
6 1 2 8 7 7 2 8 5 6 3 1 2 7 6 8 1 5 5 7
15 29 6 26 20 36 9 16 18 18 22 9 12 43 26 25 9 24 36 17
28 50 26 48 47 54 37 30 24 29 52 20 15 47 17 30 30 19 54 34
21 11 4 24 15 20 7 22 18 5 17 3 6 23 27 21 1 22 22 18
34 51 11 39 54 46 36 37 37 27 48 19 25 47 22 16 24 22 54 23
8 13 1 7 16 16 14 14 18 10 12 1 9 8 1 10 8 3 12 13
37 77 39 67 66 74 45 55 45 41 69 40 44 57 61 54 41 55 76 51
13 14 7 13 14 19 8 14 11 7 17 5 10 21 15 15 4 12 22 10
15 23 12 17 14 23 15 12 18 7 26 12 10 26 20 21 7 13 29 9
7 11 6 16 14 11 4 8 7 9 9 1 8 15 9 10 1 7 9 7
49 63 12 50 53 61 43 43 48 44 61 20 24 65 20 33 28 32 67 39
1 8 5 15 13 7 2 7 3 9 4 1 6 6 3 1 1 6 12 5
6 1 6 7 11 8 6 1 1 10 1 2 1 13 5 6 1 7 10 3
4 4 1 7 4 9 1 4 3 7 5 1 3 10 3 5 1 3 6 3
54 69 23 67 57 71 40 52 49 35 69 33 38 62 37 38 32 44 69 51
16 27 7 27 17 24 8 15 8 13 25 7 16 30 12 17 9 14 32 13
32 40 10 31 38 45 35 35 44 24 32 11 18 38 21 34 24 29 41 28
18 19 4 21 18 36 14 16 24 17 20 12 15 24 29 22 13 25 25 20
2 1 3 3 9 4 4 6 4 5 1 1 4 7 4 3 1 6 8 3
32 29 14 19 33 34 21 29 35 32 28 21 23 46 23 32 25 40 43 28
26 32 22 44 41 50 14 38 29 30 36 20 24 35 42 47 20 40 48 42
42 57 18 54 45 60 26 26 21 26 58 22 33 61 36 40 23 34 66 40
22 30 18 39 18 42 20 15 19 19 29 16 16 41 33 24 20 27 35 19
23 27 22 38 26 37 10 27 13 9 29 23 18 26 44 34 11 27 35 23
23 47 21 46 29 50 22 37 27 28 40 22 18 54 43 45 23 44 59 33
7 12 4 7 19 10 13 10 14 9 12 1 7 7 1 5 3 2 16 6
41 35 20 20 45 54 41 26 33 37 37 19 17 54 19 33 30 31 51 40
18 26 8 26 29 28 19 22 21 20 29 8 7 31 7 13 8 13 34 16
13 11 10 19 19 24 15 5 6 16 13 6 1 24 6 21 9 7 19 9
39 42 20 55 41 55 34 35 34 34 41 26 35 41 31 41 29 33 48 39
16 25 2 26 27 21 19 5 15 10 24 6 13 22 14 10 9 9 21 8
27 43 24 42 43 47 18 31 22 33 44 27 31 40 30 25 16 33 48 30
38 42 24 45 47 49 43 36 41 31 44 25 37 43 26 35 30 24 45 39
29 42 19 37 45 46 26 25 26 24 36 13 14 46 28 36 20 32 54 33
20 34 5 32 29 36 9 23 19 16 32 7 13 40 23 12 7 26 36 22
8 8 8 11 7 9 5 5 4 5 8 4 3 15 9 12 2 3 11 2
20 27 6 14 29 30 20 16 20 13 26 8 3 32 9 10 9 13 39 11
11 20 14 19 14 16 8 12 6 4 20 9 4 25 21 20 7 16 29 7
22 26 19 29 24 33 13 7 9 25 30 12 3 32 19 23 11 24 33 26
9 15 7 10 16 19 10 6 11 20 15 3 5 19 1 10 2 10 22 11
27 20 13 28 21 38 15 25 27 23 27 17 12 34 29 30 14 27 33 26
7 8 1 14 9 18 8 15 19 12 8 3 8 12 11 20 7 10 9 12
22 19 9 8 23 28 20 27 34 17 21 14 19 31 21 25 16 26 35 23
61 57 36 67 54 75 43 36 43 43 64 32 36 69 50 73 36 48 72 62
3 10 2 9 12 10 7 11 15 3 10 3 10 11 13 13 3 11 14 8
36 34 13 28 35 37 25 28 28 27 37 15 24 44 12 22 15 21 41 29
4 9 4 4 11 8 8 7 9 2 11 1 5 12 8 7 1 5 14 4
26 43 13 37 25 56 22 47 45 27 41 21 24 44 34 45 31 39 54 40
4 17 9 20 23 18 10 11 7 6 21 2 3 11 15 11 2 13 26 10
47 49 28 62 55 61 28 42 37 31 54 23 30 49 56 52 20 47 61 51
50 46 20 48 54 57 39 31 39 28 47 25 22 57 40 34 23 35 55 37
48 53 27 60 53 63 35 24 29 33 58 29 32 57 41 51 26 38 63 40
2 6 1 12 8 12 3 6 5 7 6 1 6 9 4 7 1 3 8 3
64 49 30 58 71 63 41 44 48 32 58 38 48 59 51 52 33 46 65 55
34 37 19 36 37 34 30 44 36 24 33 25 38 36 17 25 27 30 40 34
3 27 14 30 16 31 5 24 13 20 27 4 9 25 21 17 11 27 35 20
22 30 11 26 29 32 13 11 13 23 30 7 7 44 18 18 9 22 39 18
42 40 6 43 45 44 30 25 29 26 36 14 18 48 17 22 20 18 37 23
31 25 25 37 38 46 29 14 7 29 37 18 5 34 16 34 16 26 41 35
1 23 4 20 13 25 3 10 9 12 20 1 5 16 15 10 4 18 27 9
33 45 13 39 33 55 34 34 40 22 45 14 11 50 31 31 24 28 56 32
1 9 1 11 11 4 1 7 3 1 11 1 2 7 9 3 1 6 10 2
14 20 8 17 19 20 10 15 19 16 22 4 8 29 12 18 3 15 32 13
10 28 6 26 20 32 15 16 22 23 23 4 12 33 16 22 15 15 30 15
29 45 21 50 43 52 14 31 24 34 49 25 31 36 37 28 17 46 52 39
55 62 30 52 58 75 43 47 57 52 62 39 37 76 41 42 42 60 71 49
14 16 4 16 18 19 14 15 14 5 18 1 3 18 10 20 5 3 24 10
59 52 15 55 60 68 49 46 50 47 61 22 18 73 34 39 30 29 72 46
30 30 12 32 41 39 27 24 29 25 29 6 17 41 14 23 19 26 36 36
18 14 2 17 19 25 12 21 19 8 16 4 13 25 22 19 8 16 26 16
33 42 11 42 40 40 20 36 33 18 39 12 25 37 21 33 15 25 47 38
38 61 29 64 51 70 33 45 38 41 56 35 38 50 47 44 33 50 63 43
3 18 1 23 17 18 4 15 13 11 12 3 11 13 13 11 6 15 9 12
46 58 25 57 52 57 42 38 40 31 57 22 28 63 38 42 33 29 66 35
35 48 15 51 51 50 26 23 21 28 48 14 24 39 26 26 19 23 48 31
6 15 4 21 11 24 8 9 13 15 13 1 7 18 12 22 5 13 17 13
5 13 4 12 15 11 6 10 7 8 14 1 4 8 10 7 1 10 18 9
24 49 27 54 56 51 22 45 29 32 46 26 37 38 35 38 24 30 44 43
38 41 12 39 29 42 22 18 27 16 41 11 7 55 29 33 12 20 53 16
24 43 21 42 36 40 11 31 17 15 39 17 24 36 30 30 15 30 48 32
15 13 9 12 21 22 17 8 12 15 23 7 7 20 11 11 4 22 31 20
50 67 43 71 53 78 45 43 47 32 69 41 41 56 65 65 39 55 71 49
6 19 11 16 20 16 9 11 9 13 15 4 4 18 15 10 7 17 25 10
17 25 10 22 32 31 21 18 22 25 27 4 6 27 13 17 9 23 30 22
27 49 17 43 45 47 28 36 36 37 47 11 24 54 15 29 29 25 53 33
4 9 3 9 8 8 7 10 10 5 8 1 9 7 4 12 4 4 7 5
55 60 38 38 53 64 47 33 37 53 67 35 19 68 11 51 39 42 72 51
41 56 27 55 53 64 30 47 35 34 57 34 44 47 45 37 25 45 66 47
15 9 7 13 7 12 9 13 11 5 11 7 5 17 13 19 5 7 14 10
13 10 11 14 24 13 13 5 8 9 18 7 1 20 13 13 5 11 19 8
18 26 9 32 24 30 14 11 9 25 27 10 13 40 19 11 12 24 34 19
13 33 5 19 12 37 15 19 21 28 24 8 6 44 15 19 17 29 38 14
16 31 14 32 35 31 11 26 13 13 28 11 22 27 22 11 9 22 35 24
33 43 14 38 40 50 33 31 40 35 47 8 14 47 22 25 14 37 54 36
7 21 9 25 13 18 1 7 2 6 24 3 1 14 19 17 2 16 24 12
23 14 17 16 21 27 19 13 11 24 24 11 3 29 4 24 11 20 35 22
17 25 13 19 27 26 18 19 19 12 29 11 14 25 16 17 6 15 34 18
25 40 13 34 20 48 11 32 36 34 37 3 8 51 23 39 20 38 50 38
19 30 13 27 27 27 15 17 14 21 32 11 19 33 15 10 9 16 36 15
5 13 2 20 15 13 3 6 1 12 13 4 11 20 8 4 6 7 18 5
25 25 8 27 30 34 19 17 20 13 30 6 10 31 21 20 6 11 34 17
49 63 26 42 63 68 50 49 50 54 65 29 37 60 16 45 40 45 69 53
42 41 27 47 39 41 29 18 17 16 40 29 32 55 29 37 28 23 49 22
51 59 30 55 40 58 39 30 35 38 62 26 23 68 32 44 29 37 70 37
10 12 5 11 17 14 8 15 8 6 16 3 9 14 9 6 4 8 22 11
38 31 11 24 32 33 21 31 36 17 37 9 21 49 22 31 10 23 49 34
3 7 2 5 1 14 4 11 12 6 7 5 8 5 9 17 4 14 10 11
42 38 26 44 39 46 28 37 36 25 47 18 21 41 36 42 14 41 54 48
18 31 8 31 26 29 14 16 15 14 32 6 15 28 14 22 8 11 33 13
12 9 5 18 18 21 13 6 12 15 10 1 5 13 9 7 4 10 14 11
17 14 11 18 24 20 15 9 9 15 20 7 10 25 12 12 6 14 27 15
29 35 19 41 41 37 19 19 16 7 40 12 17 30 34 24 4 20 43 25
35 33 21 24 36 42 32 36 41 23 39 26 31 44 25 35 23 22 44 31
32 41 8 41 45 46 18 25 23 14 36 15 26 44 37 29 19 32 44 28
60 62 37 60 51 70 51 48 54 36 66 33 32 62 47 53 31 44 69 53
19 25 5 29 22 32 6 27 22 16 19 10 20 27 26 27 13 28 31 25
53 62 33 62 57 77 46 42 45 67 68 29 33 73 26 53 47 58 70 58
26 24 11 32 22 31 12 15 13 12 27 8 9 35 24 26 7 14 34 15
6 10 12 10 11 13 11 6 6 8 13 8 4 14 11 11 5 5 16 5
9 13 2 12 9 16 4 8 11 8 12 1 5 20 8 16 3 6 15 5
24 34 18 48 20 49 1 28 24 30 31 19 24 45 33 38 26 41 41 36
54 57 26 58 39 61 38 34 39 44 54 21 24 78 38 49 36 33 64 39
3 10 3 10 8 8 3 6 6 7 4 1 8 12 9 5 4 11 7 5
48 57 35 59 45 61 33 24 19 34 51 41 33 72 42 50 42 46 67 39
7 9 8 13 16 14 12 5 9 11 11 4 1 15 6 15 5 2 16 4
7 12 1 7 11 15 11 12 13 7 14 1 10 9 6 8 5 7 15 10
11 19 1 8 15 23 14 10 18 15 18 1 6 17 1 6 2 4 17 11
60 66 27 72 63 78 44 47 44 50 73 17 31 76 37 54 35 46 80 64
23 17 5 14 12 30 11 13 20 17 20 2 2 32 13 26 4 16 27 17
11 8 11 10 14 19 11 6 7 16 14 7 3 27 13 12 5 15 24 8
29 33 18 38 40 32 22 18 17 21 31 15 16 39 19 23 16 15 37 16
5 10 1 10 12 3 1 3 2 2 5 1 7 13 4 1 2 4 8 2
46 29 14 35 48 44 28 28 24 15 43 19 26 45 32 41 17 33 54 44
8 11 4 11 13 12 7 12 12 5 15 3 8 12 8 11 1 6 15 7
11 16 8 19 28 24 18 11 10 15 20 2 8 16 12 6 5 12 27 14
20 34 15 35 32 28 14 17 10 11 33 14 13 28 18 14 10 9 33 12
19 35 8 32 23 50 16 32 32 28 33 10 17 46 30 37 25 34 43 32
19 30 13 29 33 38 12 20 17 17 29 13 14 42 32 25 12 31 44 23
14 34 7 31 25 31 7 15 12 16 32 4 10 26 20 8 3 27 34 21
2 1 1 5 4 6 1 11 9 3 4 3 6 4 7 10 1 7 7 5
7 7 4 11 7 11 6 10 7 5 11 3 5 11 9 10 1 5 12 5
13 15 1 16 10 23 4 11 13 17 16 1 6 22 6 10 2 12 17 17
33 49 11 46 44 45 32 28 29 18 49 20 27 42 19 21 17 20 49 26
57 63 23 49 56 54 48 57 59 27 56 35 40 67 44 37 33 50 71 42
55 40 32 52 57 66 42 33 32 41 51 38 31 59 41 55 33 48 56 52
39 52 28 35 37 55 44 27 39 38 50 19 16 62 22 46 36 31 61 29
2 6 2 10 8 8 1 1 1 6 6 1 1 10 1 5 1 3 13 1
6 13 3 12 13 9 3 11 6 4 13 1 7 16 12 2 2 13 17 6
36 59 28 70 56 70 27 34 22 37 61 24 32 44 44 45 20 34 61 48
22 21 7 16 23 22 11 21 23 12 26 4 6 32 16 14 1 18 33 12
34 43 26 51 38 44 22 36 29 38 49 21 19 58 26 41 24 45 58 39
12 16 5 14 15 17 11 7 12 9 17 4 5 20 13 14 6 9 19 6
19 13 1 19 15 29 6 20 24 17 15 4 12 29 22 27 7 18 24 23
15 15 8 14 25 17 12 3 8 8 15 4 7 25 16 6 3 15 23 11
25 42 21 37 24 48 24 22 21 22 43 16 13 37 28 32 15 23 48 23
8 16 5 10 13 24 7 11 12 14 21 3 9 19 8 11 1 11 25 15
45 45 31 26 47 59 43 43 51 48 45 38 29 67 32 53 45 56 59 45
25 30 7 31 21 31 10 18 13 17 30 8 14 41 15 22 8 17 37 19
18 12 5 14 21 20 17 14 16 7 15 4 11 8 9 12 5 7 17 17
11 13 2 1 9 14 11 21 19 2 8 7 10 20 16 15 10 17 19 11
17 22 6 21 22 23 12 17 20 5 22 8 11 21 28 15 6 25 26 12
45 59 27 50 53 66 37 55 51 41 57 19 34 57 40 54 30 57 70 56
49 47 24 46 50 66 42 43 49 54 56 32 16 54 24 50 34 44 66 49
36 27 27 40 35 54 21 35 39 42 45 28 21 44 38 51 22 47 56 46
7 5 6 11 7 12 8 10 12 13 3 1 4 13 9 14 5 9 13 9
34 41 16 43 37 56 28 35 33 34 40 16 31 59 25 41 27 26 50 44
56 62 25 39 48 70 48 39 56 28 60 31 31 65 45 55 34 45 72 43
16 26 8 25 26 24 9 17 15 6 27 5 10 27 16 11 3 11 28 11
6 6 6 10 13 8 8 9 13 8 6 5 9 7 10 10 5 11 8 7
4 7 5 14 9 14 6 9 10 12 7 3 8 8 6 11 4 7 11 9
19 27 11 22 31 35 22 19 26 23 27 12 22 24 13 20 12 19 33 25
5 22 1 15 14 22 8 16 12 7 17 4 9 23 20 9 7 19 27 7
4 14 2 13 10 19 1 12 8 11 19 1 5 12 9 7 1 11 22 12
20 26 22 31 39 29 19 28 18 20 29 17 15 27 28 22 13 36 39 29
42 48 24 42 43 55 32 27 27 26 53 20 27 55 29 36 21 21 59 37
19 18 10 24 12 24 12 18 16 9 19 7 6 26 21 22 7 15 27 16
17 22 7 19 19 33 13 10 15 16 23 3 3 35 18 28 11 9 32 12
43 41 36 55 44 58 32 29 19 27 52 28 14 51 36 47 28 33 62 39
19 31 1 17 18 38 23 25 35 19 29 14 10 37 29 33 18 30 35 17
9 10 4 12 17 14 8 8 8 10 8 1 7 12 2 5 1 2 15 10
16 15 1 22 17 18 1 1 1 1 17 1 8 20 16 17 2 7 16 11
34 42 10 37 34 39 29 35 39 13 36 17 23 42 37 36 22 33 49 29
2 8 4 15 5 15 3 1 1 9 7 2 4 12 6 7 1 2 11 5
55 41 17 43 59 43 35 36 39 17 45 23 32 58 34 35 21 37 60 43
13 20 8 10 23 25 19 12 16 17 13 7 9 33 11 14 16 15 26 13
13 6 1 15 10 17 1 7 7 6 8 1 6 19 15 15 1 11 14 11
10 10 2 5 9 14 5 5 10 10 15 1 4 17 3 4 1 8 16 8
11 15 1 13 16 14 8 4 10 8 15 1 8 15 7 2 1 9 12 7
44 42 8 39 45 45 30 20 29 21 45 18 31 48 26 20 13 28 46 30
14 23 9 16 23 24 11 6 13 20 25 9 10 35 11 15 10 23 33 15
46 53 22 56 53 66 38 37 38 41 52 24 35 68 35 50 41 41 62 48
7 19 10 26 19 23 9 13 8 19 21 5 8 19 13 12 6 19 27 16
20 14 6 18 17 19 11 15 19 10 18 3 1 30 19 25 6 11 26 13
5 1 2 4 5 4 4 5 5 4 1 1 1 12 2 8 1 2 7 2
23 22 9 29 16 29 14 27 28 14 19 13 16 27 24 39 15 18 26 23
47 47 29 56 47 66 40 36 39 51 52 16 22 61 22 49 32 42 60 54
22 15 13 23 28 23 14 5 4 14 19 11 16 33 15 21 12 15 29 21
14 18 1 21 20 18 3 16 16 10 16 8 16 24 18 13 9 17 21 9
6 6 1 12 4 18 3 8 4 11 10 1 4 14 4 6 1 5 11 9
14 13 2 13 10 17 6 16 13 5 11 3 5 22 17 16 6 14 24 11
19 24 10 17 15 28 14 27 27 15 26 5 14 30 18 29 10 24 41 26
51 44 27 42 48 60 38 41 44 31 53 30 29 53 42 42 24 46 65 52
28 33 14 38 33 38 19 33 26 21 34 17 28 35 20 33 16 25 39 36
10 13 9 14 23 11 15 5 11 10 12 5 6 18 14 10 6 13 16 8
11 10 7 7 18 7 10 13 11 5 10 1 11 11 5 6 4 7 14 10
5 9 4 14 7 19 1 8 6 14 13 1 5 13 6 8 4 9 13 8
17 23 7 28 23 28 17 12 11 10 23 8 14 25 10 15 10 2 22 15
16 28 2 19 27 31 17 23 27 13 18 10 18 34 23 19 16 21 32 18
7 10 5 11 18 12 12 11 15 8 10 1 6 16 12 12 7 11 17 7
54 54 28 56 57 70 47 29 30 50 62 27 28 70 24 45 36 39 70 50
4 12 1 17 11 9 1 5 4 9 7 3 9 12 4 4 4 7 6 6
8 6 4 11 8 17 4 13 14 14 7 6 10 10 8 12 3 12 12 12
4 10 1 8 10 2 2 3 6 1 8 1 1 9 4 6 1 2 8 1
27 44 27 47 43 40 22 33 24 39 39 15 26 47 16 20 30 34 46 32
29 18 12 16 25 35 14 24 31 28 18 17 15 40 26 29 16 36 35 31
37 39 24 51 35 60 27 35 36 31 43 23 28 48 40 47 32 33 48 36
36 48 23 51 53 55 25 36 23 30 48 26 29 55 35 39 26 45 63 41
25 29 1 16 27 33 17 18 22 9 25 9 15 40 26 19 13 22 36 16
17 13 14 19 20 31 17 16 17 23 19 16 17 27 18 24 12 19 27 20
4 8 2 10 9 9 1 4 6 10 7 1 9 16 3 3 1 6 11 5
23 21 9 21 26 31 15 17 22 16 29 9 10 25 13 22 5 17 32 19
5 26 14 30 13 32 10 17 12 10 25 11 9 17 24 25 8 19 29 15
10 21 7 18 19 20 9 16 16 9 23 9 19 21 14 14 5 11 25 14
31 46 11 39 30 48 24 25 29 32 41 6 15 52 21 37 21 28 54 28
41 37 17 32 39 45 24 20 27 26 43 12 17 54 22 39 11 27 54 36
40 54 26 47 36 70 36 29 34 41 56 16 20 66 25 48 32 34 67 44
8 16 3 16 22 13 6 15 10 3 17 1 10 9 9 8 1 8 20 9
15 17 1 20 20 10 10 14 14 7 16 6 16 17 8 12 7 5 12 7
46 53 23 54 65 61 35 53 51 25 56 33 39 42 39 38 24 38 60 44
35 53 31 51 54 57 47 36 34 37 53 42 30 66 39 42 41 50 65 33
40 49 36 47 38 62 34 32 31 36 61 25 13 54 30 46 28 44 68 43
32 35 14 27 31 41 27 16 25 19 42 10 5 40 20 25 10 16 44 15
13 13 7 20 16 20 1 18 18 9 8 14 19 26 27 20 14 24 21 12
11 17 5 17 15 15 2 9 9 12 10 3 9 26 12 10 8 13 12 9
41 50 24 50 47 65 38 54 56 52 50 33 44 63 42 55 47 51 67 44
6 6 6 12 16 20 12 10 9 16 12 2 4 10 3 11 3 6 17 11
23 24 10 19 19 25 13 24 22 4 27 10 10 35 23 25 12 15 40 16
21 24 6 24 21 33 19 8 17 18 28 3 2 34 16 19 7 8 31 12
1 1 4 1 6 1 2 2 1 3 1 1 1 11 4 4 1 8 13 1
33 44 18 46 38 46 21 49 41 41 39 11 36 48 21 36 36 40 46 42
24 38 12 31 22 41 10 30 25 13 41 10 8 39 33 31 8 33 53 30
39 48 16 42 53 52 41 30 39 28 50 13 26 44 15 25 19 14 51 32
3 11 2 8 12 15 3 12 10 12 10 2 12 13 3 4 1 9 14 13
20 23 9 27 27 22 15 12 14 15 18 11 17 33 13 13 13 13 23 8
7 5 1 5 7 12 2 11 11 4 3 1 1 19 13 11 4 12 19 4
9 8 1 6 11 12 7 8 10 7 8 1 5 13 7 5 2 8 13 8
53 60 29 52 54 63 45 44 37 35 62 43 23 84 43 49 41 44 80 27
20 11 9 16 25 19 15 12 19 11 12 10 13 17 19 12 5 19 15 19
10 18 4 19 16 21 9 15 11 11 14 3 13 20 12 6 9 16 23 16
10 13 3 6 17 11 10 12 14 5 13 1 10 13 7 5 3 9 16 9
48 52 27 50 41 65 33 25 25 37 55 29 29 60 34 41 24 39 60 45
11 9 3 8 5 12 7 11 12 8 8 1 3 13 9 18 4 12 17 11
21 24 3 31 22 23 12 21 22 18 20 2 12 28 9 26 13 9 25 18
17 31 9 38 21 39 15 24 22 25 29 7 14 32 21 29 16 22 31 25
51 49 17 53 56 53 33 36 28 26 49 27 46 51 33 33 27 37 52 50
44 55 12 39 39 63 40 36 50 32 53 25 11 61 37 34 24 40 62 25
6 16 9 21 12 17 3 9 7 13 15 3 7 12 6 15 1 10 20 10
49 56 33 67 67 70 33 58 38 44 57 40 53 56 45 54 37 41 66 56
9 20 4 17 5 26 3 16 15 21 18 4 12 27 10 10 7 24 22 19
8 3 3 10 6 11 1 5 4 4 6 1 3 12 7 9 1 4 10 4
25 21 10 21 36 25 20 20 27 15 21 16 27 23 21 15 10 23 26 24
24 35 8 20 30 32 16 22 24 25 32 8 18 46 7 12 17 24 42 25
16 24 3 25 26 22 10 13 9 10 23 1 9 20 11 4 3 11 23 16
7 16 2 10 9 19 7 19 20 7 18 3 6 20 19 21 7 18 29 10
17 14 2 14 22 19 8 27 23 6 14 7 18 10 14 16 6 15 19 19
20 31 8 26 27 27 15 12 16 9 29 8 17 29 9 23 10 6 29 18
6 6 1 7 6 8 4 4 9 5 5 1 6 12 5 5 2 6 6 3
32 32 19 41 35 51 26 31 27 34 31 23 21 53 32 46 30 38 43 38
11 7 3 13 12 14 7 11 8 7 9 1 8 13 7 9 1 4 14 9
30 35 12 34 42 32 30 26 33 23 34 14 27 36 22 26 18 23 40 27
30 38 15 34 38 43 23 16 22 19 45 13 18 39 25 24 7 29 48 31
14 29 12 14 20 29 18 23 23 23 24 12 5 39 16 19 20 29 36 18
2 8 1 4 6 10 5 4 9 5 8 1 1 6 1 10 3 2 7 1
50 45 27 41 48 64 41 50 52 44 48 40 35 69 40 56 44 53 71 50
20 18 4 17 17 18 9 22 24 9 17 5 13 22 13 20 1 14 18 20
44 50 19 52 41 63 41 39 42 24 48 20 27 50 40 46 33 32 54 41
51 76 27 67 51 75 40 45 47 32 71 38 21 71 56 47 36 47 80 38
5 5 4 3 7 8 4 9 7 7 8 2 8 11 5 5 1 7 14 7
16 36 23 36 30 48 22 36 23 30 42 18 21 35 22 32 18 34 52 39
38 30 10 26 33 40 27 28 36 18 32 15 26 43 23 33 14 23 40 34
26 35 8 19 19 40 21 26 37 20 38 7 12 41 24 31 9 30 49 28
25 32 15 30 28 40 20 26 19 21 43 11 1 40 16 24 9 22 52 24
20 17 5 24 26 18 5 11 7 5 17 3 13 30 20 21 4 17 31 16
31 45 24 53 40 55 24 37 37 40 44 14 31 42 28 30 26 42 43 43
36 56 19 48 43 56 30 45 35 41 55 17 25 51 22 29 25 40 62 46
25 33 14 33 27 34 22 15 21 10 35 17 22 34 26 24 15 12 36 14
44 47 24 53 60 68 39 35 25 35 60 20 20 59 32 42 27 33 65 47
1 5 2 10 7 12 2 10 6 8 10 1 8 9 6 7 1 4 16 8
15 22 4 16 19 24 13 15 18 14 21 4 8 30 11 10 4 12 24 10
15 27 6 20 20 27 16 12 18 7 21 6 11 27 20 20 10 15 27 9
18 17 9 13 15 15 8 18 22 11 17 2 3 29 17 21 5 23 34 15
6 15 5 16 10 14 8 11 7 3 14 3 7 17 18 12 5 12 18 5
7 10 4 14 12 10 3 7 7 9 8 3 10 14 3 6 4 5 10 5
51 56 31 63 46 56 38 45 36 25 57 28 33 53 42 39 26 38 66 45
28 45 27 49 33 47 7 41 28 33 45 25 25 46 47 46 15 52 61 43
60 40 33 33 47 67 47 54 58 51 52 33 30 69 34 62 37 55 66 66
30 12 8 26 29 25 13 15 14 11 22 5 10 33 26 24 4 21 36 26
55 50 29 58 53 73 38 45 40 36 63 38 17 62 48 48 26 43 73 44
28 31 6 33 28 34 13 25 15 22 32 9 23 38 13 18 13 16 37 25
57 68 21 64 66 73 47 39 48 33 63 28 39 68 37 47 35 33 70 49
33 36 21 36 40 41 26 44 40 21 39 19 24 37 39 42 19 43 51 42
32 43 17 29 36 38 31 21 25 11 42 20 13 51 24 24 20 14 52 11
26 52 29 56 48 62 29 47 32 40 55 18 29 35 31 46 21 38 56 49
12 9 6 10 19 11 9 7 7 6 14 1 5 14 12 6 1 10 17 10
28 45 25 41 36 48 22 24 24 27 45 17 14 48 28 38 19 29 55 34
3 6 4 7 11 10 8 11 12 6 7 1 4 9 7 14 4 5 8 6
37 31 18 45 44 48 16 35 33 19 37 22 27 38 46 43 20 34 42 36
25 46 25 49 31 56 20 40 34 42 47 5 15 50 24 41 26 42 59 40
24 43 17 44 22 35 12 19 13 14 36 16 12 40 31 30 18 25 43 16
12 26 15 25 23 34 15 20 14 18 32 7 12 24 19 18 6 18 38 18
9 8 1 13 10 7 2 5 2 2 6 1 5 15 8 8 1 4 10 4
25 22 3 21 29 31 13 2 11 15 28 2 6 34 15 17 2 15 36 18
5 7 5 13 9 14 2 9 8 4 10 7 8 12 15 14 2 8 13 5
6 10 4 15 9 15 6 10 6 8 15 4 5 13 11 12 1 7 17 6
7 2 1 8 2 5 1 9 6 3 5 1 1 8 6 9 1 5 8 4
45 37 22 41 39 56 42 27 29 30 49 20 14 50 23 45 27 20 57 35
27 27 17 31 33 40 27 21 19 26 41 13 5 35 15 22 13 20 43 24
31 34 14 44 28 40 22 24 27 18 32 19 20 33 33 32 19 24 32 24
55 52 18 39 50 70 39 42 52 37 56 23 27 73 32 57 31 43 72 57
32 45 40 53 46 54 25 44 27 39 51 22 27 51 27 38 31 47 55 48
34 29 17 37 20 38 23 33 29 14 38 10 13 32 35 34 11 27 44 29
46 50 24 36 51 61 48 40 56 41 54 22 30 48 28 44 25 41 60 53
12 21 8 25 13 30 6 9 11 21 22 2 7 22 10 20 3 16 22 17
12 7 5 12 10 11 4 17 13 10 5 3 10 18 9 13 1 14 16 16
39 49 16 55 42 51 22 17 16 16 51 15 26 50 31 30 23 20 51 33
7 10 3 14 13 8 1 3 3 8 6 3 8 14 3 5 4 3 8 4
14 17 6 16 18 21 16 19 19 14 18 2 7 20 9 23 8 10 25 16
20 25 8 25 27 36 19 15 15 12 28 7 11 33 21 18 10 18 42 19
43 43 24 38 31 47 34 35 33 34 47 23 27 62 27 38 27 34 63 34
34 26 18 31 39 33 23 23 28 21 31 15 19 38 34 27 12 31 43 29
53 67 14 57 56 73 48 38 47 44 61 28 37 73 43 41 39 50 68 46
20 15 3 22 30 20 11 7 13 7 18 4 13 27 14 12 1 9 22 13
28 22 15 28 32 23 20 14 16 12 25 13 13 35 20 23 11 15 30 18
33 45 22 44 20 50 27 31 33 29 41 17 20 52 35 44 25 30 52 31
46 52 28 39 41 60 44 42 44 33 54 20 23 61 27 46 35 28 64 40
45 41 19 50 56 56 29 37 37 20 47 23 30 40 46 43 21 34 50 42
18 16 8 17 25 23 18 4 14 19 20 4 3 31 5 16 8 9 24 12
54 49 36 53 53 69 49 35 38 38 60 35 28 61 42 47 30 47 64 48
33 31 7 38 28 39 12 21 20 11 36 7 17 36 29 37 5 23 41 34
39 50 12 33 41 44 23 35 33 16 49 15 18 55 31 27 12 32 58 31
44 47 30 49 40 60 16 36 36 28 54 30 25 55 57 57 25 52 69 50
43 50 17 44 56 61 41 36 41 37 53 13 23 62 23 35 22 28 60 42
38 44 13 36 39 41 27 38 39 33 43 12 20 47 18 32 23 31 45 33
15 21 7 23 17 24 14 15 17 12 14 9 9 32 21 24 16 14 26 10
12 10 4 19 20 24 8 7 4 12 16 1 5 23 15 10 1 12 28 13
8 15 4 18 12 19 6 22 14 12 15 3 11 18 14 13 7 19 23 19
5 9 1 3 12 7 4 10 10 2 10 1 6 5 3 6 1 5 11 6
22 20 17 26 27 23 18 18 13 16 25 17 16 33 15 29 14 20 33 19
20 18 7 21 20 39 14 18 24 29 18 10 16 26 14 24 10 24 31 30
19 42 23 46 28 39 14 25 16 37 36 14 22 43 19 23 26 36 47 28
19 16 8 21 28 24 17 16 18 13 20 8 18 21 12 12 4 15 25 22
64 54 25 47 60 63 39 52 48 39 57 33 47 61 30 51 33 44 71 59
17 21 1 16 21 19 16 18 25 10 18 5 16 24 9 17 9 9 16 12
8 5 3 11 9 8 3 10 6 3 9 1 3 15 12 9 1 10 13 3
6 9 7 17 14 13 6 10 6 11 9 3 6 11 4 11 1 4 14 11
10 1 3 3 7 2 2 9 8 2 1 1 2 12 6 8 1 8 8 5
25 21 12 31 31 34 11 19 16 16 24 14 25 34 26 32 10 26 36 30
27 37 12 39 29 45 20 26 31 19 37 17 24 33 37 34 16 32 42 29
18 14 10 25 13 35 13 19 18 15 16 17 13 25 32 26 16 24 25 19
40 40 25 47 41 50 44 26 31 27 41 20 26 45 20 36 30 11 44 32
8 5 5 11 10 9 4 9 8 5 6 4 8 12 13 9 1 11 9 7
46 51 25 54 51 58 42 41 43 32 46 26 29 60 46 50 33 43 65 41
43 46 28 48 53 51 41 33 40 33 51 19 19 46 30 44 23 36 56 38
46 50 37 51 49 62 47 30 33 34 63 29 14 51 35 50 28 37 66 40
8 10 1 10 14 10 5 9 8 2 10 1 8 13 5 5 1 2 9 6
3 2 1 8 6 10 2 1 5 6 4 1 1 6 1 5 1 1 4 1
3 10 1 9 5 17 8 10 11 8 8 2 7 16 13 11 7 11 16 6
10 12 5 12 11 15 9 16 18 10 12 4 11 12 9 20 5 10 14 11
37 34 16 37 41 44 30 38 37 32 29 29 42 39 18 31 32 23 33 35
32 30 14 40 31 43 16 19 25 24 29 16 25 40 35 33 15 34 43 32
17 40 13 37 20 44 10 18 17 19 38 15 6 44 38 34 16 31 48 19
46 39 18 46 53 49 36 46 46 30 45 17 29 44 30 47 27 43 53 50
16 7 1 13 5 13 4 14 15 6 8 1 3 22 13 20 2 10 14 12
7 9 3 12 16 10 5 4 7 8 9 1 9 16 7 3 1 8 11 5
24 18 6 23 25 31 16 19 18 11 22 7 16 20 19 16 6 17 22 27
3 9 7 4 12 9 5 6 5 11 11 3 4 14 3 7 2 5 17 5
12 16 1 12 14 15 5 17 18 9 17 10 19 20 14 17 8 13 14 12
21 35 14 32 31 45 22 29 22 22 39 11 15 33 16 26 17 15 45 28
11 12 4 20 20 19 7 12 9 5 18 1 7 21 19 12 1 11 21 9
7 24 11 16 17 28 17 9 18 18 18 10 6 31 18 20 13 18 29 6
9 9 3 8 8 13 3 8 6 5 6 1 6 17 12 9 5 12 16 7
3 2 1 11 9 5 1 1 1 1 2 1 2 9 8 1 1 4 6 2
1 4 1 4 4 9 5 5 9 6 4 1 2 5 3 11 3 3 5 3
11 5 5 6 5 8 1 12 11 7 5 1 5 13 8 12 1 10 12 8
26 41 11 35 24 48 21 37 42 31 32 12 15 52 29 45 24 41 49 37
3 5 3 6 7 8 1 1 1 6 5 1 1 11 5 3 1 4 10 1
38 47 13 31 25 46 24 33 40 34 46 7 17 53 20 33 13 38 52 40
43 58 38 53 39 64 38 24 43 30 59 39 29 59 51 58 39 47 68 40
35 54 21 47 52 58 26 43 34 19 54 23 29 46 38 36 16 32 64 39
23 48 24 48 25 55 19 36 32 38 44 11 12 59 30 44 27 45 63 37
32 32 18 35 34 34 22 35 36 29 31 9 15 43 25 34 16 29 43 32
43 56 28 53 54 62 40 43 43 50 56 25 43 53 14 25 36 43 61 52
5 6 10 14 9 15 6 9 7 14 9 6 5 15 8 14 4 12 15 9
20 26 7 23 14 36 12 6 12 20 33 3 3 29 16 17 3 23 33 22
15 22 19 22 17 31 21 9 10 17 26 17 6 37 22 27 19 19 41 10
6 14 5 19 10 14 5 14 9 13 9 1 9 11 4 9 6 8 13 12
39 64 34 59 49 84 53 48 39 52 70 30 18 68 37 50 47 53 83 52
8 10 10 13 17 9 7 18 13 9 8 10 14 15 12 16 7 17 18 13
28 28 1 24 32 27 18 22 28 16 26 4 21 37 13 26 12 11 35 22
33 34 23 42 45 44 25 34 29 19 40 24 19 34 35 33 13 35 47 36
56 47 29 46 49 61 45 30 36 29 57 30 19 69 26 44 26 27 67 36
4 12 2 14 8 16 4 2 4 9 14 1 1 16 8 7 1 4 13 4
23 29 7 26 38 31 27 18 25 22 27 8 18 37 7 15 15 11 30 19
39 29 15 33 31 43 24 27 35 14 38 17 14 37 39 37 12 27 44 25
51 52 29 56 53 58 45 59 52 47 48 32 52 57 15 45 45 37 55 53
35 62 32 62 44 66 28 38 37 40 61 22 25 47 40 36 29 50 62 54
6 13 8 14 18 20 11 9 10 20 12 5 2 22 10 7 12 18 24 12
7 9 1 10 6 13 6 10 8 5 12 1 5 10 7 15 1 6 13 7
3 1 1 8 8 5 3 5 1 1 5 1 1 2 5 1 1 2 7 2
50 58 26 36 45 78 48 50 63 52 60 35 28 75 41 66 43 55 77 52
28 38 9 20 32 40 19 17 21 27 38 6 16 45 7 18 12 22 43 30
11 10 4 9 18 18 10 17 12 8 17 3 10 19 7 10 2 6 23 11
55 58 35 53 51 69 43 43 47 38 67 27 19 70 51 53 24 61 83 53
6 2 5 9 4 9 2 5 4 6 4 1 1 12 7 10 1 3 7 2
45 41 31 49 46 61 38 29 29 29 54 28 26 61 37 41 30 37 60 45
46 51 36 45 61 45 50 38 40 40 49 38 45 57 20 28 42 30 58 38
13 12 1 11 17 5 3 4 6 2 8 1 7 18 3 6 2 1 10 4
7 11 3 13 12 12 6 13 16 10 10 4 11 17 13 14 5 13 13 7
30 26 16 35 39 42 17 26 26 19 36 17 23 33 31 30 12 28 43 32
28 58 22 46 45 62 37 44 44 46 51 17 20 64 27 43 39 42 66 35
46 61 25 49 51 68 51 48 55 53 55 41 41 66 37 41 50 58 60 42
48 53 12 52 61 60 42 44 44 36 53 17 23 55 23 32 26 18 60 37
9 19 7 17 18 16 9 17 20 10 16 1 9 23 20 20 9 19 26 9
3 10 5 12 9 12 4 8 2 4 13 1 2 7 9 5 1 7 18 6
30 48 15 46 41 58 23 33 30 28 52 12 20 40 35 23 10 41 55 42
43 50 43 62 57 65 42 34 25 39 61 28 19 51 38 57 33 37 62 43
7 10 4 10 11 7 6 11 13 7 9 5 10 8 8 8 1 9 10 8
6 13 1 17 5 19 1 11 9 12 9 7 15 10 7 13 6 14 11 14
47 38 17 32 40 52 26 35 36 26 43 23 23 67 39 50 24 48 63 46
25 32 12 34 22 37 19 19 19 27 32 17 19 42 23 23 17 26 35 23
51 51 34 52 44 50 38 44 42 27 50 37 40 65 44 42 37 43 65 36
18 16 3 22 17 15 10 15 18 8 12 7 16 18 19 16 6 20 17 16
24 25 17 40 29 46 5 34 26 28 29 12 23 29 27 30 21 35 36 38
29 55 27 51 42 59 30 19 17 34 54 22 9 59 29 36 26 28 61 23
42 46 11 35 25 51 26 32 41 24 38 27 21 64 41 40 25 37 51 27
5 5 9 7 12 10 10 9 8 13 6 5 7 8 4 5 4 8 14 10
15 12 13 16 20 24 8 27 17 12 20 13 10 26 27 23 6 28 34 22
4 8 2 8 9 11 3 1 5 7 12 1 1 12 4 5 1 1 14 2
8 12 3 13 13 17 9 10 10 13 15 1 9 18 9 8 4 8 19 8
25 46 13 35 36 33 23 25 22 19 41 17 20 39 13 13 19 22 47 15
1 2 2 1 7 3 2 2 1 2 5 1 1 6 1 5 1 1 8 1
1 10 2 4 6 12 5 9 11 5 3 4 3 16 14 8 7 15 16 2
26 31 8 40 35 41 19 19 19 16 34 4 13 27 25 31 10 15 34 26
8 9 3 10 11 8 6 13 13 6 9 1 7 10 6 13 3 7 13 7
49 62 36 48 59 70 47 69 63 41 64 45 38 69 49 54 39 58 82 58
48 46 30 57 58 63 33 34 28 41 56 39 38 62 38 61 39 47 64 53
23 22 11 23 32 21 18 18 25 11 25 9 19 27 20 17 6 19 26 19
1 4 1 7 10 6 3 2 4 8 4 1 1 5 4 2 1 3 10 1
25 38 12 29 32 29 27 27 27 24 29 17 28 37 9 17 29 22 31 20
21 50 14 39 38 43 26 33 28 29 41 20 18 49 20 19 25 33 54 18
12 5 8 6 17 16 8 9 11 12 13 9 6 20 7 15 5 14 20 11
4 16 9 17 13 18 6 10 5 8 21 3 3 18 14 14 1 12 28 5
16 21 5 28 24 27 13 9 13 13 23 4 8 23 17 17 6 9 21 9
50 57 25 36 52 69 54 47 56 38 59 28 26 63 38 52 40 48 70 47
36 37 18 35 27 50 23 31 25 26 44 12 14 47 28 37 13 28 57 38
38 36 16 35 47 46 41 29 40 24 39 15 19 43 18 32 17 19 46 35
50 50 32 59 59 61 43 41 29 42 60 33 28 65 27 40 33 42 64 51
2 5 1 4 10 5 7 9 11 3 4 1 5 3 3 7 2 5 8 4
26 21 1 18 23 22 9 17 22 9 21 8 16 30 19 20 6 19 25 18
46 70 21 64 45 70 35 39 43 41 64 16 17 64 41 43 29 50 73 47
27 30 8 27 22 36 15 36 31 21 24 14 28 37 20 26 22 30 33 34
24 51 25 45 31 50 17 26 27 44 46 12 24 55 13 28 30 37 51 28
14 9 1 11 9 13 1 6 10 1 11 1 3 21 10 14 1 4 13 6
52 43 24 52 53 54 39 41 48 26 49 36 33 49 39 40 32 26 51 28
55 44 31 45 56 60 52 28 29 30 58 31 16 66 25 39 30 28 66 39
21 37 8 23 29 36 20 29 29 12 37 10 14 29 28 23 13 31 46 24
13 39 23 32 26 50 30 34 29 40 44 28 14 55 35 34 30 47 57 29
16 22 2 19 15 21 7 21 22 9 19 3 2 30 21 19 8 24 31 13
19 19 16 26 18 25 14 19 10 13 24 11 3 27 21 25 9 19 36 19
2 5 4 12 12 11 8 6 7 10 6 1 3 6 4 10 5 2 9 5
46 73 33 70 35 74 27 46 44 50 73 21 25 68 34 56 41 45 77 56
29 54 31 56 45 62 22 33 20 28 57 25 23 39 43 47 19 30 58 40
16 14 10 21 25 14 14 2 5 11 15 9 11 24 14 5 8 15 24 11
28 48 32 53 44 62 26 36 22 38 56 25 20 36 36 38 18 40 61 43
1 7 1 10 5 4 1 4 1 1 8 1 3 5 3 6 1 1 9 1
26 44 12 42 43 48 33 40 39 35 45 12 15 47 17 23 22 22 50 27
22 18 6 27 28 29 13 12 14 11 24 4 11 24 24 10 3 19 28 21
12 8 5 13 13 9 3 16 12 7 6 1 6 20 14 11 1 16 20 8
47 45 26 37 37 48 33 35 38 23 48 35 33 65 31 47 34 28 63 33
5 14 4 17 12 19 5 20 10 12 16 2 11 10 9 7 2 13 20 16
31 47 23 36 35 44 30 33 31 13 50 18 17 39 24 35 18 20 54 28
41 57 15 42 41 62 30 54 53 38 62 19 22 54 25 30 26 38 64 43
15 25 8 22 22 33 15 26 26 21 15 13 15 36 26 23 19 31 28 23
17 41 29 46 45 41 19 35 16 37 38 28 30 34 29 30 22 35 41 32
18 13 9 24 28 21 16 7 9 19 21 9 7 28 9 16 11 13 24 11
37 38 16 31 34 40 32 35 41 25 44 10 14 47 17 43 17 26 53 37
50 46 36 56 59 62 38 44 40 37 57 40 39 58 45 53 41 38 64 48
24 25 12 33 35 27 23 20 23 25 25 10 15 32 14 26 17 15 27 22
44 48 23 52 42 54 32 36 30 26 49 18 23 61 38 49 27 30 65 38
3 13 10 13 20 14 6 11 4 8 20 3 2 16 13 7 1 12 26 9
3 10 5 14 10 14 2 10 4 12 11 1 4 9 5 6 1 8 18 7
51 53 23 45 48 56 33 35 42 26 55 27 30 59 35 52 26 36 68 48
6 28 5 20 9 32 8 12 15 21 25 3 2 29 13 13 14 21 34 14
20 41 17 36 32 45 29 27 24 25 37 15 16 38 19 31 25 16 47 27
56 47 16 50 55 51 39 37 42 25 49 16 31 63 31 42 24 23 56 40
21 26 1 27 22 29 7 13 15 17 24 3 10 35 19 14 7 22 29 16
20 12 2 11 15 11 7 26 23 1 10 6 18 19 13 21 4 16 20 21
20 14 1 16 21 21 7 14 11 2 17 2 15 17 13 19 3 8 21 18
50 51 12 48 53 51 36 32 31 28 43 23 40 57 20 36 36 23 49 43
24 29 15 32 27 37 18 19 12 21 28 19 20 40 21 27 19 27 37 25
2 2 1 7 5 4 1 9 3 1 6 1 2 5 4 5 1 3 10 1
35 42 24 55 49 58 33 34 24 42 48 18 20 44 19 37 25 36 55 47
59 62 32 66 65 71 36 45 37 41 72 29 33 67 44 50 24 61 82 71
43 36 20 38 42 52 29 35 38 27 41 26 31 51 34 42 24 26 54 39
14 12 6 22 16 21 4 15 13 12 11 6 12 20 12 20 2 13 17 15
34 40 17 31 31 51 31 39 44 34 42 22 27 50 24 38 25 33 52 42
32 58 33 54 38 57 27 48 38 32 55 28 27 53 51 56 26 47 69 43
10 26 4 20 13 28 9 14 15 19 28 5 11 29 14 13 6 19 27 17
18 18 6 21 25 30 12 14 15 12 18 8 20 37 23 27 9 18 31 21
24 26 11 26 25 33 20 18 23 23 25 5 16 39 14 29 15 11 30 20
5 9 7 12 13 15 5 1 3 15 11 3 4 22 6 7 2 8 17 5
34 44 17 40 43 52 32 26 33 34 48 13 19 52 27 39 20 37 55 38
50 48 20 59 51 66 38 46 46 28 49 24 40 50 42 52 28 32 56 52
11 17 8 18 21 19 9 18 14 16 19 9 19 23 10 15 6 11 25 15
44 53 26 29 48 55 46 34 37 43 49 28 32 68 18 35 40 33 59 36
3 4 1 13 11 11 2 5 2 6 6 1 1 6 9 1 1 9 11 3
34 54 31 46 19 57 19 28 34 41 57 21 9 57 32 42 25 42 63 42
8 7 9 16 12 16 7 5 3 10 10 5 5 20 11 11 2 6 16 5
34 38 21 29 33 46 32 13 25 23 43 18 12 46 30 25 15 28 51 23
28 37 10 29 29 33 25 19 24 15 33 12 18 34 11 27 17 6 33 15
55 55 37 60 60 75 50 36 38 51 64 32 32 66 32 51 33 47 76 60
26 29 16 27 23 38 27 27 32 29 33 16 14 42 27 36 20 25 42 26
38 43 21 43 28 60 33 49 47 31 42 28 25 58 43 50 38 40 61 41
20 28 9 26 24 34 21 26 28 19 28 8 13 34 23 28 17 17 37 22
8 10 3 19 13 12 4 9 5 7 11 1 5 11 12 7 1 9 9 6
53 48 32 45 54 64 46 53 57 45 55 36 40 64 36 57 44 39 66 50
45 57 28 46 41 62 41 47 53 45 56 17 31 70 25 59 34 43 74 54
49 54 13 60 43 60 28 39 46 39 55 12 28 60 38 44 24 44 58 50
5 9 6 10 5 11 6 7 6 1 9 5 7 18 16 10 3 10 18 5
22 33 17 34 34 36 19 27 22 25 32 22 25 37 30 23 22 35 40 30
11 29 12 30 27 34 12 28 18 18 24 8 10 32 26 16 12 30 36 22
14 14 5 19 19 20 6 18 16 10 12 9 17 15 16 20 7 14 19 16
5 3 5 1 10 5 7 5 9 8 4 1 1 12 4 8 2 6 8 2
27 32 15 40 34 32 21 23 18 16 27 16 20 39 27 22 21 23 32 17
45 43 17 33 51 49 39 20 28 30 44 19 21 62 22 37 26 32 52 34
18 39 11 28 23 36 19 24 28 23 29 8 9 43 21 30 17 31 44 26
25 50 16 34 35 46 21 37 35 23 40 15 13 46 33 33 16 37 57 27
38 41 7 32 46 51 39 32 41 22 41 11 16 52 19 25 24 15 48 23
55 47 32 44 46 66 47 27 48 29 53 35 28 66 46 57 37 43 65 41
20 28 6 23 21 30 26 18 25 14 28 13 6 30 13 17 14 6 25 6
13 14 8 10 21 20 16 15 22 14 18 7 5 30 15 23 8 17 28 13
4 7 1 9 12 10 8 8 13 8 7 1 2 5 2 11 5 2 4 5
36 39 14 42 40 42 35 36 40 23 38 10 30 35 18 38 23 22 38 36
40 56 35 67 57 74 29 44 25 47 59 39 39 58 52 52 35 47 67 54
9 13 5 17 11 21 11 17 18 16 12 3 7 10 5 22 8 11 17 17
45 50 27 54 46 60 31 25 31 20 55 21 16 63 45 35 21 39 66 33
11 16 6 13 13 23 8 11 11 16 18 1 11 16 4 9 1 8 23 14
42 41 17 38 46 53 36 16 29 29 45 15 13 63 29 35 21 28 54 27
16 22 3 20 29 20 16 15 20 16 21 1 11 32 9 15 9 9 27 9
19 18 14 14 27 21 21 17 16 13 26 10 7 25 5 20 9 14 31 15
50 55 35 58 35 65 26 32 31 29 58 38 36 58 45 59 34 33 65 51
52 53 40 58 55 64 49 27 35 23 61 37 31 62 40 52 36 35 68 40
31 22 21 29 33 36 22 27 18 22 25 22 13 46 23 39 21 33 40 32
36 40 7 35 46 44 33 21 26 27 41 16 19 52 9 14 19 7 46 17
9 7 4 4 10 7 5 11 10 4 8 4 9 8 5 6 1 7 10 9
47 55 14 46 48 71 37 54 64 41 54 33 29 66 48 56 38 51 72 41
47 45 14 52 44 54 31 39 38 28 47 13 28 45 31 34 18 31 55 44
16 13 5 13 20 26 15 8 16 24 17 1 1 27 3 15 5 10 20 16
7 14 5 7 15 18 13 13 15 11 16 3 13 15 6 10 7 7 20 11
16 10 15 11 26 17 16 14 11 16 19 11 4 28 10 18 12 21 27 14
24 46 30 52 47 51 19 46 26 38 43 23 26 42 41 43 22 42 57 45
11 18 8 22 19 21 13 18 14 15 17 4 6 15 14 16 11 12 17 13
61 65 39 73 63 75 55 43 39 53 70 31 24 74 26 58 44 43 75 56
49 46 26 35 51 59 42 22 29 33 53 28 30 67 26 45 33 34 61 42
55 60 37 57 52 70 54 35 39 50 61 34 28 79 29 58 50 40 74 39
14 23 11 22 17 30 18 16 16 15 24 10 15 32 16 18 9 12 34 16
45 52 18 53 43 62 35 38 46 32 53 14 14 60 40 45 19 41 66 41
7 8 1 16 12 8 2 3 3 6 5 2 10 16 9 3 4 8 9 3
38 63 15 57 52 64 27 33 24 31 63 20 27 54 24 25 22 28 65 39
51 52 37 45 60 55 53 52 45 36 55 41 18 61 43 47 38 60 74 44
32 42 13 50 45 44 23 24 17 16 40 13 24 46 36 36 23 25 44 31
11 6 5 10 12 20 8 10 13 17 9 1 1 19 6 16 5 4 14 10
12 15 3 17 15 15 6 9 8 5 13 2 12 21 8 15 3 3 19 7
16 21 10 19 25 25 20 19 20 14 22 8 18 31 10 19 12 11 30 15
13 12 8 16 22 20 15 7 6 11 16 7 10 23 3 13 7 2 23 10
51 58 40 65 64 71 40 59 37 49 67 44 45 62 40 41 37 64 78 64
20 23 14 23 36 24 25 18 19 12 29 12 17 30 12 18 12 12 33 19
22 20 3 26 28 20 12 17 14 7 20 7 23 27 18 15 9 12 22 18
62 56 32 68 56 73 49 57 65 39 63 38 34 62 58 57 36 48 70 51
8 9 4 10 9 12 3 11 8 10 10 1 3 20 12 10 3 11 21 6
16 20 12 26 25 33 17 16 15 27 23 8 8 34 15 24 15 20 32 19
29 31 24 24 35 35 30 18 21 18 35 22 16 42 19 25 23 15 44 22
4 9 1 8 7 12 5 7 5 3 12 1 6 7 1 7 1 2 14 6
14 11 7 13 22 12 6 12 11 7 10 4 14 21 14 14 1 12 17 14
26 26 5 25 29 32 17 17 18 13 28 6 21 31 15 18 9 12 34 22
41 49 22 50 44 52 33 37 39 22 48 33 26 47 34 36 27 25 53 23
31 45 23 52 29 50 22 15 17 35 41 18 14 54 28 43 27 22 48 30
34 37 12 36 28 43 16 9 12 17 35 12 11 53 32 31 17 21 47 19
57 68 28 62 60 74 57 43 53 48 70 27 30 71 27 45 41 37 70 44
8 7 1 15 10 14 6 6 5 8 11 1 3 12 10 8 3 5 12 1
34 44 15 35 26 46 24 30 41 27 41 21 5 51 32 38 23 29 53 24
16 27 16 35 29 32 15 21 19 12 26 14 19 21 36 18 8 31 31 22
27 18 8 30 29 27 13 11 17 13 18 4 14 22 19 19 4 16 22 23
5 8 7 9 6 16 5 7 6 11 11 3 4 19 12 11 3 10 19 5
11 21 5 10 18 25 17 12 23 16 22 5 10 25 10 15 4 11 24 12
33 41 12 38 36 37 24 24 31 21 37 11 16 46 27 31 16 31 50 26
40 40 16 31 36 47 35 28 37 11 45 24 23 43 34 27 17 25 49 27
15 18 17 23 25 26 20 6 9 16 27 12 2 29 20 19 12 15 32 8
15 12 6 7 18 22 12 18 21 14 18 8 12 19 10 20 6 16 26 16
38 54 24 49 35 53 33 44 44 28 53 10 19 48 36 48 21 36 60 42
11 17 8 15 20 20 10 7 12 19 16 4 7 21 4 12 4 9 20 10
7 3 4 2 10 9 9 7 8 7 5 1 5 8 1 4 2 1 13 6
8 13 5 12 11 11 5 9 7 4 11 3 12 13 6 9 3 4 13 7
24 28 19 40 20 42 19 8 10 18 30 12 8 38 26 29 11 19 36 17
63 64 18 62 60 71 39 53 57 28 59 36 41 69 45 48 36 41 70 53
2 8 2 8 14 6 3 11 9 2 12 1 7 10 10 6 1 9 16 6
1 14 5 14 8 18 1 13 9 12 15 2 6 13 12 16 2 19 17 16
31 63 31 60 51 65 23 43 31 33 59 23 29 44 41 38 23 47 64 53
10 16 1 11 10 16 8 11 11 8 17 2 12 19 5 10 3 5 17 9
15 21 10 26 33 21 16 13 15 17 22 8 13 24 15 12 9 16 24 11
11 6 9 10 17 15 13 10 13 16 8 5 4 16 5 15 8 6 14 7
45 65 36 55 50 73 47 40 47 36 67 34 28 76 35 48 46 45 80 36
44 51 27 45 60 53 44 35 32 43 56 21 25 63 13 25 33 35 64 36
58 42 41 68 62 74 45 39 45 40 58 42 34 64 56 61 43 50 65 51
30 39 26 40 30 51 34 23 14 29 45 24 11 50 20 37 29 25 54 28
2 3 4 5 11 3 3 3 5 4 6 1 1 8 4 6 1 3 8 1
44 48 24 53 56 62 37 49 46 30 51 20 37 46 34 47 24 36 59 52
10 9 6 14 16 13 7 14 12 8 15 1 5 14 12 14 1 9 19 8
8 14 6 14 7 19 1 9 6 8 19 1 2 17 8 19 1 8 23 10
38 41 20 42 52 50 31 43 45 33 44 28 36 53 36 38 34 34 55 31
42 49 27 52 38 66 47 40 43 40 51 33 20 68 49 53 39 50 69 38
26 20 8 23 28 30 11 16 18 7 26 10 19 30 29 26 6 19 31 23
18 10 11 22 29 21 14 3 1 19 16 9 6 25 4 9 9 10 21 16
9 8 3 10 13 16 8 9 14 13 10 1 2 9 3 11 3 5 10 7
40 48 14 42 37 57 19 45 43 27 45 18 24 60 53 45 17 54 63 48
57 52 41 61 51 56 38 41 32 48 60 36 22 69 29 59 38 49 71 51
39 33 26 35 26 39 30 26 31 14 38 20 18 48 36 46 20 28 51 27
18 46 19 38 28 46 21 28 27 29 37 15 16 52 27 32 27 34 51 25
9 12 6 11 11 15 4 3 4 9 14 1 4 18 5 10 1 5 18 6
28 29 11 38 35 36 19 34 25 22 25 15 28 31 23 26 18 24 28 31
7 9 1 11 8 16 1 2 2 8 11 1 1 20 11 3 1 10 18 3
17 20 17 25 12 28 15 17 13 18 21 13 7 33 22 23 14 19 29 15
16 24 1 20 23 19 10 14 17 7 24 3 10 22 2 9 2 5 26 6
6 7 1 13 13 7 3 5 6 1 7 1 6 5 8 5 1 7 9 5
10 22 4 25 20 24 8 22 14 18 18 1 11 21 9 13 9 14 22 17
10 14 4 10 21 16 13 8 12 9 15 1 6 12 4 3 2 4 20 11
13 23 4 21 24 21 13 6 10 5 26 1 3 18 10 8 1 7 27 9
51 65 34 54 59 62 47 49 48 42 64 35 43 68 28 33 39 35 72 43
46 44 22 43 42 54 32 24 27 36 49 22 20 61 25 49 28 31 60 34
44 66 34 69 61 80 42 44 31 47 69 33 13 73 38 52 35 46 81 45
45 49 14 35 38 55 32 32 37 15 54 19 18 57 34 35 16 24 64 28
46 56 32 67 46 66 25 57 48 55 53 27 39 69 35 52 42 59 68 59
26 14 13 24 32 33 22 17 21 24 21 9 10 35 19 27 12 20 29 25
30 37 6 40 39 43 27 26 33 29 35 9 19 48 15 22 20 18 36 22
37 36 19 35 42 42 37 32 36 29 41 12 19 46 17 39 24 18 50 32
32 41 18 33 39 49 37 34 35 33 40 14 22 53 17 40 30 35 57 34
37 40 5 26 35 34 24 28 31 17 42 11 19 49 9 17 11 16 50 19
7 4 7 9 11 6 7 7 7 7 5 3 5 10 4 7 3 5 10 3
7 8 6 10 11 7 8 13 15 8 6 1 8 10 9 13 6 11 12 7
1 7 2 2 5 5 1 7 8 2 1 2 4 10 11 4 4 13 11 3
55 65 32 61 54 75 57 45 58 35 69 30 36 64 35 52 43 32 69 47
8 7 3 14 10 12 8 13 12 5 11 3 9 11 12 15 3 10 14 9
20 30 20 23 34 34 15 31 20 17 39 15 13 35 28 29 9 31 52 28
35 51 21 35 50 49 29 41 37 27 52 15 21 49 33 29 10 40 65 36
48 59 26 59 46 61 42 39 40 22 63 28 24 46 40 36 23 33 58 35
9 7 3 3 8 9 8 10 13 7 9 1 4 9 4 11 4 4 9 6
5 8 4 11 12 14 2 2 4 10 10 1 1 10 1 6 1 5 16 6
11 22 15 22 19 22 9 14 4 5 27 8 6 24 22 11 3 12 33 11
14 21 10 28 18 23 4 8 3 3 21 4 9 26 21 18 2 11 28 10
3 10 5 9 9 15 6 7 5 10 13 1 5 14 7 10 1 7 20 6
21 42 17 37 17 39 7 17 20 24 43 20 16 37 30 32 15 32 42 25
34 40 9 37 31 41 25 22 31 10 37 16 14 53 30 33 19 14 44 14
29 34 16 38 29 43 12 35 31 28 38 18 20 34 30 33 16 38 45 36
25 47 26 37 28 56 32 27 26 40 48 29 3 55 25 37 33 45 60 32
25 35 23 42 43 46 23 34 26 33 34 29 32 43 35 27 30 38 48 28
41 56 30 65 38 58 21 47 42 48 52 11 25 64 33 55 34 51 65 56
17 5 13 18 18 28 13 15 12 19 17 16 9 20 16 24 10 17 23 19
39 33 22 37 44 43 23 49 42 21 38 26 33 36 32 37 22 31 45 42
43 36 15 33 42 53 36 35 46 30 44 19 25 46 23 45 22 30 51 45
6 16 9 13 10 20 6 6 9 15 18 4 6 15 7 14 4 12 20 9
49 56 26 61 57 66 43 23 28 28 64 27 24 60 35 37 23 26 68 32
19 32 10 33 23 29 12 19 18 10 28 9 12 31 25 23 7 19 30 15
39 61 33 59 44 62 36 31 32 42 59 24 29 68 32 31 37 38 64 33
14 8 1 12 11 14 7 12 10 8 10 1 9 19 9 12 1 7 16 11
14 34 15 38 28 30 12 17 15 15 31 10 12 22 27 21 11 28 30 23
23 37 16 19 30 41 24 19 24 30 43 10 10 35 6 25 11 20 47 29
21 24 9 27 24 34 18 24 26 26 22 5 19 39 17 30 15 17 32 24
50 52 23 37 48 69 43 46 57 40 58 29 31 51 23 51 30 33 60 49
13 12 1 9 11 20 5 16 14 6 14 1 9 20 10 13 4 13 26 14
10 14 1 10 10 20 7 13 11 13 17 1 8 14 1 1 1 8 22 16
49 69 29 52 59 74 61 50 58 54 64 36 40 75 32 57 51 45 78 49
44 39 16 40 40 53 18 34 34 39 43 23 31 57 27 39 23 37 51 42
56 41 14 39 47 61 35 51 61 40 47 20 34 55 29 50 30 40 53 57
36 52 24 52 43 60 41 36 39 26 48 29 33 49 43 39 31 32 53 37
16 8 3 11 17 21 12 20 20 8 15 7 15 13 12 16 6 10 16 16
6 9 7 8 15 7 6 6 7 9 11 3 1 13 7 5 1 7 16 3
4 6 1 7 7 10 5 1 6 6 9 1 1 9 4 6 1 1 9 1
31 57 15 43 28 69 24 38 38 35 56 23 29 64 38 48 32 50 65 49
3 5 1 7 7 9 3 7 7 2 6 1 3 2 2 8 1 2 8 2
12 20 6 19 11 28 6 12 18 20 23 5 5 17 10 22 4 15 24 16
34 35 9 30 30 35 27 20 32 9 29 12 16 39 31 26 14 23 35 19
11 16 1 14 14 13 8 6 10 12 14 1 8 21 4 6 6 3 17 4
4 19 5 12 10 12 6 10 9 1 11 6 6 17 15 12 9 14 23 5
21 49 23 33 30 45 23 21 22 27 48 20 7 51 30 35 20 39 62 27
33 28 16 37 33 36 12 20 23 16 29 22 27 46 39 36 20 26 39 22
5 1 1 8 6 9 4 1 1 5 3 1 1 6 3 1 1 1 3 1
27 38 15 29 32 35 26 22 28 11 37 14 22 36 17 30 15 13 37 19
7 12 1 14 12 17 6 11 9 3 17 1 9 10 12 11 1 12 18 12
10 16 1 11 17 17 14 14 21 13 13 1 8 19 8 14 11 12 18 11
24 43 13 39 34 41 16 42 30 25 36 21 34 41 26 24 30 36 42 33
7 13 2 8 12 13 4 4 10 11 15 1 4 16 7 3 1 12 20 6
7 14 4 17 13 17 11 13 11 10 15 1 11 14 14 10 5 11 18 10
24 32 21 39 33 39 16 22 15 18 36 11 10 30 27 29 6 23 42 29
28 28 2 22 25 29 16 15 24 15 27 1 10 34 17 12 4 24 35 26
6 11 5 10 10 16 7 9 8 10 11 1 7 9 2 10 1 7 18 11
21 44 17 34 34 41 32 31 30 18 34 18 18 42 29 33 28 20 44 20
30 51 15 54 37 53 21 21 22 29 48 7 19 52 25 37 22 24 49 29
10 8 6 9 13 11 6 10 7 4 13 2 5 17 8 10 1 4 18 7
2 5 1 6 5 1 1 8 5 1 4 1 3 5 4 4 1 5 6 1
53 55 19 53 45 61 34 58 62 32 50 25 36 63 49 58 35 46 64 47
12 16 8 11 18 15 9 3 8 15 16 5 7 32 8 7 8 18 26 8
50 67 29 58 66 64 48 54 49 46 64 31 39 60 12 26 36 33 66 47
45 51 20 49 53 57 40 32 44 28 42 22 31 55 46 41 28 38 52 38
2 5 5 6 10 7 6 5 7 8 7 1 1 9 8 7 3 6 11 3
48 63 30 49 41 72 34 47 51 50 61 22 15 73 49 62 31 63 81 60
35 45 16 47 41 53 30 32 33 26 48 21 35 38 25 30 19 27 47 39
25 25 7 19 31 22 21 20 25 7 24 5 17 28 10 18 7 13 31 18
2 2 2 8 7 7 1 5 1 5 6 1 1 9 7 3 1 5 13 3
6 8 4 12 10 14 3 6 3 8 12 1 2 12 5 8 1 1 16 6
36 42 13 42 35 43 29 28 38 24 41 12 16 33 22 34 13 25 44 34
44 41 24 58 47 61 31 36 35 33 48 32 42 44 38 37 31 37 51 42
28 25 5 32 27 37 19 20 25 12 27 13 18 27 22 21 8 15 25 21
25 24 5 30 29 25 16 6 11 3 25 6 12 27 20 11 2 7 25 14
30 19 18 28 34 30 19 29 21 26 25 25 24 31 13 32 22 26 32 31
40 53 30 59 49 64 33 42 32 41 60 39 18 56 31 44 33 39 65 37
35 45 23 47 50 48 28 43 39 35 43 29 41 45 27 31 37 40 52 47
39 31 20 44 45 63 32 35 42 41 34 32 30 57 47 50 36 47 49 41
10 19 5 24 16 19 10 9 8 9 21 1 7 16 15 16 5 12 19 10
38 46 28 44 38 59 25 37 34 44 53 25 27 59 21 46 30 42 57 48
24 73 30 49 46 67 36 36 37 44 66 33 23 66 40 41 34 51 74 32
50 58 25 43 55 71 46 46 55 40 59 24 30 58 36 50 31 45 69 54
44 26 21 30 34 44 32 29 35 23 42 24 14 47 34 39 18 35 51 34
8 13 5 8 20 6 9 7 10 3 12 1 1 15 11 5 3 11 22 3
2 6 1 9 7 7 2 3 2 6 6 1 4 11 5 1 1 4 10 1
33 36 20 44 23 42 20 37 25 17 41 11 10 37 37 31 13 32 45 34
47 40 23 39 37 59 29 37 37 32 48 24 24 66 36 55 24 46 68 51
26 21 14 31 22 37 20 19 22 30 26 9 5 45 23 27 16 34 40 28
18 26 3 22 14 25 10 20 22 12 27 5 11 31 14 21 4 14 29 18
14 19 8 21 19 23 10 13 16 12 22 4 7 23 16 20 5 14 27 12
43 56 21 50 32 57 30 36 37 34 55 19 20 62 34 34 29 44 63 40
53 59 34 60 68 62 50 47 40 38 62 28 37 62 28 41 37 35 66 46
16 21 1 23 12 33 3 24 20 10 16 12 12 31 31 27 10 26 30 15
17 10 2 8 16 14 9 16 17 5 12 1 9 16 6 12 2 6 16 13
12 9 5 19 21 25 11 4 6 19 12 1 3 27 11 12 3 10 18 13
14 32 6 25 22 28 9 13 17 15 26 9 12 37 22 12 12 21 32 8
41 38 27 44 47 47 34 33 22 40 44 27 20 56 26 35 29 46 54 42
10 12 7 10 13 14 5 1 5 6 17 3 1 20 7 10 1 1 19 2
9 9 2 9 11 9 4 9 12 6 11 1 3 17 4 9 1 3 16 3
31 39 18 40 32 54 26 38 40 46 41 4 23 43 8 39 26 36 47 46
1 14 1 14 11 13 4 8 8 6 13 1 1 9 8 13 2 6 14 3
41 29 22 39 33 40 26 23 27 13 35 21 17 48 38 40 17 32 48 32
17 18 13 14 22 24 22 9 18 18 22 9 1 32 13 22 13 12 28 9
14 18 6 20 23 25 18 17 17 19 23 1 4 24 12 19 8 12 31 16
8 8 1 5 11 8 6 3 8 3 10 1 1 9 2 4 1 1 9 2
31 35 13 44 32 53 19 36 39 37 40 13 26 40 26 45 25 33 39 36
34 35 12 29 35 39 28 29 35 19 43 9 15 39 18 27 8 19 50 29
7 8 5 6 12 11 3 6 5 8 13 1 3 16 5 9 1 3 15 4
29 60 33 62 35 58 18 46 30 47 54 29 29 46 30 38 33 50 57 51
22 32 10 28 32 39 24 30 32 15 34 14 22 31 29 29 18 23 38 25
20 16 10 21 23 17 12 20 16 15 14 16 22 30 17 19 13 20 23 14
20 29 7 22 17 38 17 24 27 27 32 2 7 34 8 22 13 15 32 25
27 29 19 26 21 29 23 21 27 16 30 12 4 41 31 32 15 26 43 16
21 30 12 22 28 34 21 23 24 12 37 13 16 28 20 24 10 13 40 17
16 24 11 24 17 30 17 6 18 14 22 11 11 30 18 22 12 8 21 7
1 3 3 3 5 5 3 7 5 2 6 1 3 7 4 11 1 5 12 4
8 17 7 20 10 21 7 4 5 12 16 6 6 17 10 13 4 6 14 7
56 68 30 50 72 74 54 57 52 46 68 40 30 79 40 50 40 56 88 50
17 27 8 31 20 23 6 20 8 18 21 8 14 31 14 11 15 21 27 15
22 33 2 26 28 29 24 27 36 16 26 9 10 36 17 22 18 15 30 11
1 6 3 9 8 10 6 4 8 11 1 1 7 9 1 4 4 3 6 2
6 10 7 5 15 13 11 12 13 10 13 4 10 10 5 8 3 8 20 10
7 8 4 8 8 10 4 10 12 7 10 5 9 11 9 10 1 9 9 8
5 8 1 2 12 9 4 8 11 4 13 1 5 7 1 2 1 2 16 5
35 49 24 47 46 51 24 35 29 34 50 23 23 57 38 42 19 39 63 35
29 25 6 19 34 18 14 20 22 6 22 8 24 32 12 18 10 10 25 21
2 6 1 7 4 6 1 1 2 1 4 1 2 10 3 5 1 1 1 1
1 9 1 9 6 11 1 10 6 5 14 1 6 13 11 8 1 11 19 6
15 30 11 27 26 30 16 17 20 19 30 4 12 27 12 26 9 11 35 19
55 54 27 60 54 64 40 54 56 42 54 29 44 65 48 58 38 54 71 53
30 42 13 39 37 48 33 24 33 27 37 12 19 43 27 33 27 30 44 25
52 58 34 51 47 70 38 34 37 48 66 26 9 70 39 49 28 63 79 55
9 2 5 6 9 10 4 13 10 8 9 1 5 16 6 12 1 7 18 8
26 34 17 33 41 42 19 33 21 29 36 20 26 40 22 21 18 31 44 34
35 40 15 45 28 47 29 13 19 21 43 19 21 45 30 24 19 21 42 19
5 17 7 23 8 25 4 8 4 18 21 1 4 17 9 15 4 12 22 13
30 36 22 37 32 48 29 22 26 38 41 14 15 50 16 42 21 25 48 33
6 16 1 13 14 23 11 15 18 12 15 3 15 18 9 14 5 9 16 15
51 64 34 60 58 79 38 50 43 43 70 31 39 61 45 67 32 48 78 65
54 65 28 62 57 69 45 44 48 46 66 26 38 63 18 36 35 34 68 53
6 5 5 10 16 14 8 9 10 12 10 5 9 14 7 10 2 9 15 9
27 27 9 24 22 34 18 15 21 12 35 11 7 32 27 22 7 21 32 16
5 14 1 13 6 19 4 13 10 8 15 2 6 18 15 11 2 14 20 11
34 40 19 38 41 51 36 39 37 30 39 24 25 53 23 42 32 29 49 38
42 39 11 40 40 45 23 21 29 21 40 17 22 60 42 42 20 38 54 33
1 6 1 5 2 8 1 1 3 6 9 1 2 12 4 2 1 6 12 2
47 57 26 54 40 62 27 42 47 44 60 32 32 56 41 56 35 46 64 49
46 72 33 69 75 74 33 44 28 34 72 37 47 68 55 45 32 46 82 50
46 58 28 56 54 72 39 31 40 44 65 19 22 54 40 44 21 42 69 55
5 12 4 18 10 19 7 12 7 8 15 2 4 11 11 11 1 7 17 7
9 11 6 9 17 12 10 7 10 8 16 2 3 17 6 8 2 6 21 5
39 45 23 35 41 44 33 15 20 30 48 22 16 57 20 27 23 21 53 20
10 10 5 5 6 17 10 7 15 16 11 1 1 24 10 12 6 15 25 8
14 44 20 32 29 48 24 33 33 32 38 22 26 51 35 38 24 38 50 27
1 6 1 11 5 7 1 7 6 4 5 1 6 9 7 9 1 7 6 4
4 21 8 19 15 24 7 12 9 23 23 1 1 22 6 4 5 16 28 15
11 24 6 15 23 20 18 19 25 14 20 5 12 25 16 16 14 17 29 13
46 62 19 63 63 71 38 55 54 36 58 31 36 54 46 26 36 46 62 49
5 6 1 12 9 8 1 7 4 7 7 1 1 9 10 6 1 9 12 4
46 37 14 39 43 61 29 46 49 38 48 18 29 42 28 50 28 35 51 50
6 12 4 16 17 13 12 13 14 8 10 1 10 11 6 15 5 5 13 8
9 9 2 17 9 9 1 8 7 5 7 3 9 16 5 11 3 4 9 4
50 69 24 51 46 74 51 58 60 51 63 37 41 79 39 60 50 54 78 53
49 56 22 45 43 57 40 53 57 19 56 24 26 54 50 46 21 50 69 45
32 24 6 30 24 40 18 37 35 22 26 11 19 36 28 39 17 27 31 39
26 26 6 30 20 31 11 11 20 16 29 4 10 30 17 20 3 21 30 23
32 44 12 28 36 46 31 29 32 35 49 15 5 42 7 18 16 20 54 25
2 11 6 10 9 10 2 7 4 6 10 1 5 12 3 12 1 7 17 7
26 29 15 32 33 40 27 23 23 14 35 11 16 27 21 23 11 13 39 22
42 33 23 44 37 59 20 27 36 37 45 23 23 41 42 42 22 46 54 49
33 56 19 42 33 56 18 49 42 36 51 16 29 55 27 38 28 53 65 53
5 6 5 10 6 16 5 10 11 13 11 1 6 12 6 12 3 6 16 6
28 51 11 40 43 55 43 41 46 28 48 16 18 45 31 40 30 30 54 25
33 28 20 39 30 45 31 36 31 36 34 13 15 49 25 40 22 33 45 40
40 63 27 55 44 66 37 38 41 47 57 31 33 63 39 50 39 44 68 40
30 38 13 36 37 49 25 39 38 32 39 14 20 32 26 35 18 35 40 42
7 16 9 10 19 14 12 7 9 11 16 5 9 17 3 12 5 10 21 9
9 13 6 13 14 16 8 8 12 14 16 4 10 22 7 8 1 10 21 10
2 8 5 11 12 15 9 8 11 13 8 1 7 13 8 11 5 7 11 7
14 14 7 18 9 23 9 6 10 10 16 6 8 29 17 18 5 10 22 8
14 14 11 14 22 21 16 16 21 20 12 13 13 25 14 21 15 23 23 18
7 13 7 19 16 19 7 14 11 14 11 1 3 10 10 12 5 11 17 9
4 10 4 11 14 8 6 10 11 7 6 5 14 10 7 8 5 9 8 8
24 21 9 28 21 22 12 19 20 8 26 7 9 24 22 23 5 15 30 16
41 42 29 38 45 58 37 47 40 51 48 22 22 60 18 44 32 48 59 53
19 16 14 14 23 23 18 25 21 14 24 14 18 27 12 24 12 15 33 22
50 45 24 36 31 57 35 39 46 33 47 19 20 61 41 49 24 48 64 45
49 54 30 52 45 58 38 44 48 37 56 27 27 58 48 47 25 51 62 47
5 9 5 6 13 8 6 9 7 7 7 1 9 9 4 4 1 5 10 8
37 27 9 22 37 27 23 34 37 8 26 13 23 41 18 26 8 17 37 29
2 11 3 8 10 15 3 1 3 13 14 1 1 18 3 5 1 5 18 6
52 65 33 68 68 75 41 35 29 34 70 38 43 60 53 50 29 42 74 52
5 8 1 4 8 11 2 5 7 4 14 1 1 15 7 8 1 4 16 4
8 15 15 22 21 16 10 11 6 11 17 10 9 24 17 13 7 16 26 9
23 33 11 38 34 36 9 21 20 22 34 4 20 44 17 26 13 24 40 28
7 11 6 18 15 14 2 12 6 6 12 1 8 17 12 10 1 9 16 5
60 69 31 56 48 67 37 44 56 45 72 31 31 68 50 53 30 63 77 59
32 48 7 34 37 50 21 32 36 26 43 7 22 57 23 21 19 35 53 36
33 44 12 44 38 49 20 43 47 29 37 13 25 49 36 46 27 41 52 36
48 39 20 34 49 47 37 32 34 34 48 23 24 52 17 36 21 34 57 39
21 15 5 19 18 24 14 17 20 12 22 6 14 21 21 13 2 21 26 20
32 31 13 31 44 35 33 24 29 23 30 18 30 34 17 23 20 18 32 29
7 8 2 8 11 7 5 10 8 1 10 1 6 8 6 9 1 3 10 7
29 38 21 34 39 51 25 29 25 28 42 18 13 47 33 35 19 41 59 33
17 32 8 23 30 30 24 19 23 26 22 11 14 40 13 17 22 19 35 18
45 62 25 52 60 56 43 49 44 31 58 23 42 60 28 38 36 36 62 41
8 4 3 12 9 8 4 8 6 2 7 3 7 8 9 8 1 5 8 7
3 7 4 6 9 10 3 1 1 8 6 1 1 15 3 4 1 4 12 1
66 51 23 53 62 72 38 44 46 39 59 37 42 82 42 52 38 50 76 57
19 19 7 20 12 33 10 13 13 21 24 4 6 36 18 18 7 21 33 21
6 13 1 17 13 12 6 16 16 9 7 1 9 17 12 17 8 12 12 10
23 17 15 26 28 28 20 17 15 25 24 10 7 28 10 16 13 22 29 26
30 30 15 32 28 39 21 22 31 21 31 11 12 43 27 43 11 22 39 26
31 31 17 25 44 41 38 25 32 28 40 7 15 38 11 33 22 18 42 28
54 50 31 46 62 66 52 41 43 50 59 22 29 70 13 53 38 35 65 54
43 43 17 49 38 52 26 36 34 20 49 15 21 45 39 44 13 34 56 45
29 32 14 26 24 45 25 21 30 30 29 15 14 48 26 37 21 25 38 27
28 44 21 40 44 58 38 37 36 25 44 25 22 44 41 36 26 42 59 36
39 50 13 40 31 59 19 24 28 25 54 15 22 57 31 40 19 34 60 44
1 5 1 7 3 5 1 6 6 2 6 1 1 3 4 7 1 2 5 1
41 68 29 52 46 63 41 46 44 29 61 36 32 72 39 40 43 44 72 29
18 23 11 32 28 32 17 11 7 26 25 11 12 36 12 20 14 8 32 14
34 42 12 44 30 49 20 27 32 26 40 4 15 46 18 41 21 21 40 31
31 33 12 45 22 38 20 24 26 19 35 15 16 43 35 33 18 27 38 24
38 51 26 55 46 56 28 28 30 44 49 12 22 54 21 46 31 36 55 44
20 36 12 36 27 36 9 29 29 25 27 17 25 38 27 29 25 35 34 26
33 31 22 38 53 44 30 29 24 22 42 15 14 37 31 33 14 29 45 35
60 60 36 64 51 70 38 45 45 22 68 38 30 66 59 64 29 48 80 50
11 24 9 30 13 30 13 14 11 21 22 4 4 25 13 23 11 12 26 15
30 37 16 30 40 32 27 26 25 14 35 22 27 41 22 26 21 24 43 24
35 55 29 47 53 62 42 46 44 35 54 32 32 60 47 37 31 51 68 42
14 38 9 18 21 44 24 31 35 36 30 10 9 45 16 30 23 36 43 29
32 27 13 37 40 34 21 16 16 25 26 15 23 43 16 32 22 18 31 24
40 53 29 47 37 67 30 58 56 42 53 31 26 53 58 57 34 62 73 54
21 10 18 21 27 25 19 14 8 21 24 14 4 23 9 21 13 17 30 17
12 28 10 26 24 27 10 21 15 16 29 3 12 24 11 19 4 17 33 21
16 13 3 19 11 16 1 19 16 11 13 1 3 24 13 16 2 17 18 17
47 61 26 57 47 61 36 60 51 32 54 33 35 64 47 44 37 50 68 49
7 9 5 10 6 14 6 9 8 8 10 1 8 11 8 10 1 10 14 9
37 58 15 48 39 58 37 26 32 31 46 20 23 65 32 42 35 26 53 21
16 14 6 15 14 11 4 16 14 10 14 4 10 25 10 14 5 12 23 12
7 6 2 11 3 7 1 11 9 2 6 4 8 12 10 14 1 7 7 6
13 14 9 10 20 16 13 10 10 10 15 5 11 20 6 10 5 5 20 12
4 13 1 19 12 20 10 9 11 12 12 1 9 12 5 12 5 4 13 9
14 30 14 33 28 39 20 23 22 26 37 6 13 24 16 22 12 26 39 31
30 41 18 39 36 39 26 24 28 20 38 17 28 38 29 31 19 30 46 32
39 53 25 51 56 53 37 37 31 25 47 30 35 53 40 29 29 40 58 38
40 33 9 32 39 32 21 35 33 15 32 17 30 48 25 26 18 26 43 30
31 39 19 40 30 50 30 24 26 23 40 15 16 44 18 36 26 9 42 29
40 55 21 52 36 50 31 34 38 36 54 13 23 53 26 48 26 29 57 39
12 8 8 16 17 11 6 17 11 8 10 1 4 12 15 10 1 15 19 11
15 25 8 24 16 34 14 23 18 15 24 11 11 33 25 18 14 25 33 20
45 48 23 57 42 63 24 40 35 23 55 19 22 50 54 48 18 48 65 52
31 58 36 62 51 55 28 32 25 47 56 22 29 52 23 25 36 49 60 43
48 58 30 56 51 77 29 39 39 39 61 33 33 60 56 54 31 53 66 50
20 21 1 19 22 20 10 12 15 7 19 7 24 22 13 18 8 9 18 18
8 15 1 19 15 16 7 6 5 10 14 1 8 13 4 6 5 2 17 3
3 8 4 10 16 3 3 5 5 7 6 3 10 17 5 3 2 9 14 4
8 4 7 11 8 12 6 7 6 10 6 3 5 14 6 8 1 6 13 6
40 40 25 47 57 49 35 37 39 26 44 21 29 38 41 39 21 37 47 44
39 47 22 43 57 46 41 39 33 33 46 22 22 50 13 31 31 28 53 36
56 48 33 55 62 65 33 56 43 36 57 34 32 64 55 53 29 63 75 62
34 49 25 49 18 56 18 31 33 42 51 13 6 52 36 46 18 44 61 45
1 7 1 5 8 9 1 2 6 7 7 1 5 16 5 3 1 5 10 1
13 30 13 33 29 33 20 16 17 22 22 15 12 37 26 22 20 23 34 10
54 38 33 49 47 49 42 40 33 39 49 30 30 62 33 40 30 47 62 45
2 9 2 11 8 10 2 14 9 2 14 4 8 6 10 15 1 10 16 9
42 39 30 52 27 64 23 40 36 40 44 27 21 62 47 63 32 56 65 55
20 29 9 31 20 46 17 13 17 33 32 1 1 39 17 26 12 26 37 26
34 30 15 43 24 48 19 26 28 12 31 17 14 37 45 45 19 31 43 26
29 33 15 42 30 53 16 47 37 27 31 22 22 37 46 36 26 51 48 43
51 53 28 53 57 54 36 45 36 28 56 29 29 66 27 30 24 30 68 41
24 7 10 16 21 24 13 23 25 21 10 14 11 24 16 32 14 26 20 26
25 40 10 33 23 49 27 26 33 26 41 17 14 41 23 28 19 22 44 23
13 8 4 12 11 15 7 12 15 8 9 1 5 12 8 20 5 8 12 7
49 38 25 31 44 54 42 42 56 43 48 23 21 52 35 50 26 50 56 51
42 43 22 46 40 66 38 26 33 41 45 37 27 61 42 44 33 50 61 37
36 59 21 45 48 61 35 47 45 36 57 26 27 63 39 36 31 52 69 47
10 21 5 16 13 16 8 8 11 5 18 5 4 25 19 14 7 12 23 1
40 41 8 42 43 48 25 42 40 24 41 17 30 44 22 37 22 22 46 38
33 31 12 31 44 41 27 32 34 21 32 16 25 26 22 26 15 26 37 34
30 35 19 34 24 49 16 19 21 29 42 18 15 45 24 39 13 28 48 36
7 19 6 14 13 23 8 10 13 18 20 1 9 19 3 14 1 12 24 15
23 23 12 27 32 23 21 23 28 13 21 13 24 21 26 20 11 25 23 22
58 55 43 66 47 74 37 51 51 37 63 48 44 60 66 65 43 58 76 59
43 57 24 47 53 57 45 29 28 48 63 30 8 67 16 34 34 35 70 31
3 12 8 15 15 14 2 11 3 7 15 1 2 12 9 6 1 6 19 5
18 33 10 36 21 28 17 6 10 7 35 10 12 25 20 20 9 9 31 9
51 60 29 54 48 66 33 42 45 36 65 34 35 67 44 46 31 44 75 39
2 3 1 1 4 6 1 1 1 1 6 1 1 5 1 1 1 1 10 1
45 38 16 40 40 49 26 14 22 20 44 17 20 53 33 40 15 29 52 36
3 7 6 7 10 5 5 8 5 6 7 2 7 5 2 4 1 4 14 5
10 13 7 16 9 18 4 10 8 11 15 2 3 8 4 17 1 8 18 15
6 9 2 17 12 15 1 14 8 4 10 4 11 11 12 11 1 9 13 9
25 27 16 38 39 39 24 19 13 37 33 16 14 45 10 25 24 21 37 26
18 26 10 33 26 28 5 25 18 7 26 9 16 23 25 28 4 19 30 24
13 16 7 18 28 12 17 10 15 13 13 7 15 20 8 10 10 10 17 11
1 4 1 7 6 9 3 1 4 6 2 1 3 6 1 6 1 1 3 1
26 36 12 28 27 39 22 30 34 26 32 13 12 55 27 29 16 37 50 28
8 7 3 8 5 10 1 6 6 4 8 1 3 19 6 11 1 3 12 1
17 41 7 27 24 42 20 28 35 21 35 9 12 41 25 32 12 29 47 21
24 32 13 29 30 31 21 17 16 24 33 13 17 37 9 20 15 16 36 21
42 49 15 50 39 53 32 44 53 27 45 16 28 47 46 45 26 44 51 42
68 66 42 60 68 83 65 42 54 39 73 46 40 82 49 61 45 45 85 54
43 54 24 48 51 69 40 30 38 43 54 18 29 67 22 47 32 32 65 48
25 29 14 36 35 35 16 22 19 15 32 8 7 34 29 21 4 30 39 28
22 29 7 23 23 30 19 19 20 4 31 10 12 28 23 21 8 13 33 14
27 25 16 32 17 23 15 20 20 18 25 12 12 40 25 29 12 19 35 15
44 59 33 48 63 67 48 39 38 43 67 34 29 56 22 40 31 36 70 47
3 8 1 12 10 12 7 8 7 9 7 1 5 6 6 6 2 6 11 7
29 28 14 34 31 32 23 9 14 11 31 12 14 36 24 18 10 9 33 15
11 16 2 10 14 9 6 13 18 4 11 5 13 17 11 14 5 13 15 8
58 57 20 44 59 62 41 44 50 28 63 26 24 71 39 42 24 50 78 47
10 7 1 3 5 3 1 13 15 1 7 1 2 9 6 14 1 9 12 8
13 17 7 25 25 14 11 9 2 11 17 7 14 22 13 6 9 9 21 7
7 7 1 8 6 8 3 11 8 6 8 1 4 5 4 6 1 5 9 9
4 8 8 11 12 15 10 8 8 14 9 4 7 14 7 12 5 5 14 7
35 39 32 44 36 52 36 9 26 23 50 28 18 42 31 38 24 29 51 26
39 60 30 50 42 53 24 38 36 33 58 27 28 57 32 39 30 39 69 42
24 29 13 35 27 45 14 29 31 29 34 14 19 29 25 36 14 28 38 30
8 11 4 6 10 13 4 10 10 8 14 4 7 14 7 10 1 9 15 7
6 12 7 13 11 16 8 5 8 9 14 3 2 14 8 13 3 6 17 3
23 32 12 35 32 35 19 16 17 27 33 11 17 38 16 11 14 20 34 14
39 56 22 38 48 55 38 29 32 41 57 20 22 60 18 32 28 37 66 36
9 27 12 25 32 20 8 23 14 9 26 6 15 15 16 13 1 16 29 16
23 17 4 17 15 23 10 23 29 15 20 4 13 32 22 25 5 25 28 23
40 49 15 38 46 45 38 33 40 25 40 18 29 56 15 36 33 14 48 27
55 48 31 54 58 69 50 28 35 34 59 30 32 62 35 52 35 26 66 47
21 35 13 37 37 44 14 20 15 20 40 7 16 32 26 30 8 26 46 32
27 47 24 41 32 45 37 20 29 21 38 34 24 51 41 44 36 33 47 14
9 6 5 3 12 5 5 16 14 3 9 3 8 10 7 14 1 9 14 11
36 44 24 35 36 54 34 19 32 34 50 16 11 50 29 33 14 39 58 35
