1000 20 10 1111
8 1 18 4 22 13 11 9 0 10
1 10 8 2 1 1 6 2 1 3
2 8 17 8 6 1 12 15 1 6
0 1 6 6 2 4 4 9 4 4
1 3 4 7 6 2 11 2 4 9
11 9 1 9 22 2 4 14 8 19
0 3 15 11 1 2 18 11 2 7
3 5 3 6 4 0 2 2 2 6
11 5 6 9 13 17 1 2 19 17
4 6 8 2 3 0 3 4 7 8
15 11 2 11 10 1 1 13 25 13
13 4 14 20 8 11 2 8 21 1
12 12 1 18 2 0 6 10 6 2
10 7 27 15 3 16 5 6 4 1
2 1 7 1 6 2 0 7 5 4
3 3 9 16 7 5 16 6 14 17
5 7 0 8 4 1 7 3 0 2
0 2 4 2 5 3 5 3 2 4
1 5 9 12 10 11 0 16 11 4
7 1 0 4 4 0 4 2 2 1
9 5 1 4 6 11 2 2 5 10
2 15 8 4 8 0 3 6 8 1
2 7 23 5 7 14 2 12 2 9
5 1 20 3 2 21 6 4 12 2
7 2 9 0 16 3 12 1 8 0
3 4 0 8 11 24 5 4 8 4
15 16 20 7 4 14 7 6 3 2
3 6 3 6 7 2 14 2 2 7
2 12 15 13 4 13 6 2 1 9
7 0 3 3 10 2 9 3 5 6
2 1 7 7 4 0 3 7 2 1
5 7 5 3 1 2 5 1 1 8
12 0 7 5 30 7 5 6 5 1
7 9 7 3 18 3 6 11 2 8
1 2 12 5 2 5 1 1 2 1
12 11 19 4 5 2 2 17 4 12
1 6 3 8 6 4 3 1 2 2
12 4 7 5 12 10 16 11 1 24
1 5 12 14 7 6 6 5 2 9
11 5 4 5 8 8 6 1 12 8
4 12 6 6 3 1 6 5 18 1
5 14 6 9 5 15 2 1 8 14
3 2 12 10 2 12 9 7 5 13
4 9 2 4 10 10 11 1 9 11
5 3 9 19 6 2 10 20 14 6
4 2 9 20 1 21 9 7 13 4
2 4 21 3 10 1 6 4 3 1
9 4 0 6 3 4 2 1 2 0
2 9 9 9 15 3 3 5 2 3
1 5 4 6 1 1 11 9 3 5
2 7 12 5 6 3 6 1 12 2
0 4 3 6 9 0 10 5 3 2
7 7 9 11 14 7 3 15 1 15
1 5 6 5 0 1 2 2 13 8
17 21 3 1 5 2 0 7 26 0
6 4 5 1 13 15 3 0 2 6
6 14 10 15 17 12 9 12 18 7
6 1 4 5 1 7 2 9 10 6
1 3 12 9 11 21 16 9 4 7
6 6 4 12 7 21 12 4 6 6
23 17 1 5 3 8 11 13 6 17
4 12 2 4 10 6 11 8 2 7
2 26 14 19 8 5 3 2 0 6
12 4 11 0 0 10 5 1 3 7
8 5 9 9 3 11 3 8 7 3
2 1 2 4 1 3 8 7 1 3
3 2 5 5 2 5 1 0 6 2
15 6 7 4 0 6 3 7 5 1
11 26 0 7 1 1 21 7 10 12
4 11 22 6 5 14 14 8 12 1
6 17 5 12 5 21 19 4 9 11
10 5 3 3 8 3 10 4 12 10
5 10 1 8 7 25 8 2 2 6
5 4 11 11 26 0 1 3 2 7
12 10 7 4 14 9 1 6 12 1
4 4 8 2 6 3 9 3 9 5
11 2 2 7 1 0 7 3 6 1
6 8 7 25 11 3 8 13 5 14
1 5 0 5 3 7 17 7 16 18
1 10 24 0 10 12 15 0 9 4
5 3 2 1 2 11 2 8 3 4
10 10 0 3 12 5 1 4 6 3
11 15 14 1 22 14 9 3 4 3
3 2 4 2 2 4 5 0 2 5
4 2 2 0 4 2 3 1 4 9
2 12 2 3 3 2 9 2 2 1
10 11 15 12 7 8 14 19 7 7
1 0 7 27 5 2 15 12 5 14
3 4 5 2 2 4 6 3 4 3
21 2 12 7 1 12 12 3 0 6
2 2 17 8 4 3 7 11 14 6
13 8 0 1 6 3 1 3 0 2
0 6 9 5 3 7 6 9 3 17
1 8 8 14 2 9 2 16 10 1
1 12 14 4 3 10 6 8 14 22
1 8 5 3 4 13 7 7 6 4
11 15 10 8 9 1 13 3 0 4
2 1 0 17 5 16 10 3 6 4
12 1 8 1 5 6 4 4 5 3
11 6 6 4 7 4 1 3 5 7
5 12 14 0 8 0 10 4 16 1
4 6 4 8 1 7 3 4 6 1
10 3 15 5 14 8 18 6 3 15
4 1 1 6 1 9 5 9 6 2
12 0 18 12 10 23 7 1 8 6
11 6 7 15 2 2 13 8 5 11
5 5 2 7 7 5 2 4 2 4
5 2 28 15 1 3 1 2 9 14
9 4 6 0 6 0 7 7 8 2
14 6 5 19 3 7 9 22 8 14
7 5 1 2 17 7 6 7 11 12
1 9 23 13 4 6 11 1 4 15
1 8 8 1 3 6 9 5 10 9
1 1 3 4 4 1 3 4 1 7
10 16 8 11 6 3 19 16 10 8
3 4 8 4 3 6 1 3 4 3
5 7 5 21 2 1 3 4 14 17
2 1 0 23 7 14 13 3 7 10
3 4 7 5 5 1 3 2 5 3
6 1 1 0 6 8 2 0 4 11
5 3 4 5 3 4 4 1 4 4
10 6 16 7 9 3 9 1 2 2
4 2 3 0 5 4 1 5 10 8
9 7 11 15 22 13 3 16 10 9
7 2 1 1 3 7 0 11 1 2
5 3 1 5 4 10 6 6 0 9
3 16 2 1 1 6 4 9 4 6
7 9 4 12 1 5 12 7 6 14
6 5 10 4 3 11 1 8 3 8
5 0 1 6 3 8 11 10 3 7
24 15 17 3 3 7 2 4 16 4
3 7 2 28 4 11 13 6 1 10
18 25 2 4 7 9 7 18 3 4
10 1 6 6 8 12 7 1 9 2
3 1 4 2 5 1 6 12 8 0
2 4 18 14 7 2 0 1 9 6
0 2 11 14 4 14 8 4 2 14
5 6 19 21 14 4 0 6 14 1
4 6 2 2 2 4 14 1 2 3
18 10 5 10 1 2 1 1 5 5
2 0 6 5 4 4 4 2 4 4
2 1 4 7 2 6 1 0 1 2
1 6 12 1 19 0 6 5 10 20
3 7 2 1 7 1 0 4 8 2
6 3 20 4 17 2 16 10 0 13
1 7 3 13 2 11 15 0 11 10
3 1 10 1 4 14 0 1 12 2
11 5 5 10 1 31 2 7 1 8
7 2 8 4 8 0 12 0 5 1
7 3 7 6 16 3 4 9 1 5
3 1 3 3 12 9 2 1 5 4
1 4 2 4 5 6 3 4 2 3
4 3 0 3 9 0 5 7 5 8
1 3 3 4 5 2 3 9 10 11
3 7 4 8 14 1 16 4 0 4
10 5 12 17 4 8 12 1 11 0
14 5 7 3 1 3 1 11 13 3
1 0 3 1 0 13 8 1 6 12
14 11 1 1 3 7 9 2 4 8
16 9 10 11 2 5 2 7 9 16
5 7 2 1 11 1 3 6 10 9
7 23 8 9 9 5 8 16 7 5
3 4 1 5 5 5 5 2 3 10
5 1 3 4 16 21 9 2 6 5
9 4 3 4 2 9 5 5 11 14
12 22 16 11 8 6 11 12 1 2
5 5 5 2 5 1 12 2 4 3
4 6 2 2 11 11 10 7 5 10
0 4 0 2 9 2 10 13 11 16
1 4 3 9 2 4 3 7 0 10
6 2 3 3 2 1 0 4 2 5
6 4 2 7 0 4 9 5 13 12
8 12 13 2 18 4 11 2 10 12
7 5 5 8 12 2 16 13 10 2
1 6 1 14 4 10 15 4 31 4
4 2 1 3 10 3 2 5 1 2
4 4 1 6 8 14 9 1 6 13
11 1 7 20 22 9 1 6 0 11
6 11 5 10 9 14 11 7 2 10
3 3 4 12 7 20 1 8 8 8
3 5 5 2 6 10 7 5 7 7
14 5 13 0 3 14 7 5 15 1
9 5 4 3 1 5 5 8 10 4
8 9 8 8 6 4 3 3 2 6
12 10 4 5 7 5 1 4 20 12
7 6 14 2 9 9 10 8 9 20
1 7 2 3 3 6 4 4 5 0
3 3 7 5 4 13 3 25 3 9
21 11 12 6 6 4 3 23 10 5
7 1 1 5 1 8 2 1 12 8
9 7 9 3 6 1 4 4 13 1
1 3 5 3 8 21 12 19 6 6
7 8 2 6 2 1 18 11 7 10
5 14 5 3 7 6 3 8 9 2
4 13 3 6 6 1 7 4 1 2
4 0 0 1 20 3 2 4 3 1
6 4 5 4 4 11 7 6 6 1
12 4 14 3 5 4 3 8 3 9
11 4 4 0 3 2 3 0 5 1
8 1 3 4 5 0 8 0 3 7
2 13 5 4 11 7 3 3 1 3
4 4 13 6 1 4 1 1 4 3
7 5 2 12 4 9 15 6 6 18
2 8 1 3 14 19 0 23 7 1
2 10 10 7 6 6 6 5 1 6
2 9 22 6 0 8 18 20 11 5
13 13 3 6 0 4 3 2 7 8
3 7 0 8 7 6 0 2 2 3
23 9 8 9 12 15 10 2 10 1
15 0 5 12 14 0 9 3 9 14
2 2 4 8 12 11 8 1 2 9
4 11 11 10 3 25 10 1 14 6
7 7 9 9 11 3 16 2 15 6
3 4 4 9 9 9 11 9 11 5
2 4 9 17 4 12 6 15 2 2
8 2 1 6 7 2 3 2 6 3
9 1 1 19 8 2 6 13 10 5
0 9 10 13 1 10 11 6 8 18
3 6 7 8 11 12 5 7 18 3
12 9 14 5 11 3 6 19 7 6
5 1 2 12 2 6 4 0 7 6
4 5 6 9 6 5 3 9 10 4
13 7 6 13 1 14 4 1 4 7
15 12 22 9 7 6 4 3 5 11
3 4 1 12 1 19 2 5 2 11
14 6 7 6 12 19 3 16 5 3
3 0 8 2 7 9 5 3 6 12
13 10 15 0 21 4 6 13 4 12
1 0 29 12 13 1 13 4 2 2
11 3 18 3 7 4 3 6 17 9
2 4 3 1 2 1 1 4 2 7
7 2 0 15 11 4 1 2 8 3
13 22 11 3 2 16 4 1 1 4
22 16 5 11 1 2 8 13 8 2
5 3 8 13 5 3 3 5 3 2
14 0 8 5 0 11 1 0 4 4
9 6 13 1 0 13 7 8 0 4
7 3 2 5 11 8 7 2 15 7
5 3 3 4 4 4 0 3 15 2
2 1 1 6 3 5 10 7 2 3
17 6 12 15 8 8 4 5 2 4
5 1 6 0 5 1 6 9 5 5
6 0 1 6 1 8 3 2 5 0
4 11 1 0 3 3 4 2 8 1
1 11 2 3 2 3 4 2 1 5
1 7 6 2 6 0 0 7 1 7
5 1 3 9 8 2 6 12 3 13
5 5 3 5 3 12 11 11 13 3
8 3 3 0 9 3 1 2 9 6
1 1 2 2 10 9 1 4 3 3
1 10 1 3 3 4 1 11 6 2
3 6 9 2 7 14 13 5 15 2
3 3 17 1 4 5 17 14 7 27
6 7 3 9 17 6 28 6 4 15
7 9 8 19 4 16 3 5 1 11
4 2 1 1 2 16 4 3 3 2
8 8 10 2 9 7 0 1 6 14
7 1 10 2 5 6 4 4 7 13
4 0 3 3 3 14 11 4 4 2
2 1 7 5 1 2 1 1 15 1
2 13 10 4 3 5 4 6 1 9
15 12 12 3 5 5 12 1 0 16
3 5 3 3 0 0 0 0 0 8
4 3 5 8 5 5 3 2 0 7
5 6 2 1 11 0 13 7 2 1
1 4 1 3 5 11 19 4 4 3
8 6 5 1 6 12 4 3 6 1
4 5 5 4 15 10 5 3 6 21
4 17 15 13 6 11 5 9 14 16
9 3 4 5 3 2 15 2 2 15
11 11 5 11 6 6 15 11 13 2
4 16 0 18 18 1 0 1 12 15
6 14 3 1 5 14 7 10 6 10
3 16 12 0 0 2 8 8 4 5
6 2 1 3 1 8 3 4 9 6
2 16 6 5 12 10 7 8 6 14
0 0 3 6 13 5 10 13 6 9
3 6 15 13 2 5 3 9 6 9
4 6 4 5 6 3 7 6 5 15
7 8 14 12 9 25 8 12 4 9
18 12 11 7 4 3 7 1 4 24
2 8 10 3 5 6 5 10 1 1
1 5 3 7 3 2 1 4 1 3
1 4 1 10 15 1 2 2 5 1
3 7 10 4 2 4 3 8 5 1
10 3 3 2 15 14 0 0 1 11
5 5 1 11 9 1 2 27 12 8
1 4 5 3 3 9 14 16 10 17
9 3 16 8 11 8 6 12 6 2
1 0 4 1 15 15 7 1 1 4
2 6 6 1 0 5 8 4 1 3
4 9 2 4 18 11 9 4 8 2
13 1 5 8 4 15 11 5 3 5
2 5 3 14 5 3 3 14 16 29
15 1 5 0 8 16 4 7 18 23
2 3 2 2 2 3 7 1 4 4
2 5 10 11 3 29 2 3 8 14
3 8 4 2 9 14 9 4 18 14
4 1 2 7 7 5 21 3 3 6
1 9 18 2 0 5 1 8 13 5
11 6 10 3 6 4 3 13 10 1
7 1 10 0 5 11 5 10 1 2
13 12 13 4 12 8 8 19 7 1
11 3 20 17 16 11 3 2 4 2
2 4 12 1 5 1 1 2 20 3
7 11 9 7 7 0 8 3 6 15
3 10 11 16 5 0 21 6 8 21
8 4 3 6 1 0 5 3 0 4
4 5 13 7 9 22 9 11 4 8
11 18 10 17 21 0 8 3 9 4
0 4 6 3 5 6 3 10 2 1
6 18 3 6 3 15 4 9 6 27
6 8 12 1 4 4 6 1 10 0
3 3 1 11 5 3 2 2 2 3
3 4 0 1 5 3 1 2 2 8
2 3 4 8 8 9 2 13 8 15
1 2 4 5 1 3 5 12 4 3
19 1 1 16 4 1 2 10 3 14
6 1 2 12 2 3 0 12 19 3
7 2 1 4 0 6 2 1 3 0
3 4 4 1 1 5 1 1 8 2
4 7 5 16 3 3 6 4 13 1
2 9 11 9 7 13 15 10 8 2
4 1 5 1 1 2 4 6 8 5
11 13 7 5 2 9 2 3 10 14
10 2 2 6 10 3 0 6 7 5
3 4 11 7 1 1 3 13 7 6
6 6 3 16 4 4 2 1 10 5
0 1 1 10 3 13 0 4 2 13
6 1 6 3 4 2 4 2 3 6
4 0 8 1 1 7 11 7 0 3
5 3 1 7 1 6 3 2 1 4
20 2 13 2 11 3 17 3 9 11
3 3 0 5 4 1 3 2 6 5
5 2 2 7 15 6 1 16 6 21
1 1 4 4 3 6 5 9 4 5
7 0 1 8 4 5 2 12 13 10
0 6 18 9 12 22 10 0 4 7
4 4 5 6 16 1 11 4 4 8
5 5 10 5 8 4 1 7 3 4
1 8 4 3 1 2 6 2 14 3
1 5 14 3 4 23 6 1 4 14
4 6 10 16 7 8 9 11 17 2
4 5 15 8 4 3 9 19 7 16
4 1 7 2 14 14 3 2 3 10
0 4 2 5 3 6 6 3 2 1
3 3 4 3 2 2 0 6 9 5
14 0 10 15 18 10 3 0 15 5
15 7 6 9 7 5 1 2 1 0
14 8 7 5 2 10 30 14 6 5
1 2 7 1 6 19 4 3 3 13
4 11 6 3 1 5 3 4 6 10
16 0 3 5 7 20 4 2 8 0
2 1 7 2 17 6 1 13 2 11
28 11 2 7 8 0 5 2 10 13
2 0 1 5 6 1 2 4 6 5
7 0 3 4 7 7 6 5 4 1
2 5 6 7 4 3 12 4 3 7
1 10 21 23 1 2 2 2 8 2
3 1 5 8 0 8 3 4 2 4
0 3 6 9 6 10 0 7 13 11
9 14 15 24 1 17 7 0 6 4
2 5 12 9 4 1 4 1 5 1
5 2 8 8 0 0 2 7 1 7
3 5 2 9 1 8 6 0 7 5
7 10 21 2 13 3 2 9 12 6
2 0 5 10 7 5 3 0 12 8
2 5 9 5 3 3 7 4 20 13
18 4 1 7 4 2 4 10 14 2
1 7 4 4 2 11 5 2 4 1
3 9 3 26 6 17 1 6 3 2
8 0 3 0 5 5 8 0 1 2
5 0 10 1 13 8 2 10 2 3
11 17 7 4 3 19 2 8 10 12
11 9 7 4 0 12 12 5 14 10
3 3 11 10 9 17 7 0 7 3
12 0 3 4 1 2 4 0 4 0
5 12 3 2 3 12 14 20 5 18
13 10 15 12 7 5 3 2 2 4
10 8 11 11 17 6 19 12 1 9
2 6 6 6 7 3 0 4 8 1
3 2 7 2 1 6 2 5 1 2
3 10 3 4 8 5 19 1 10 4
19 14 2 2 2 1 6 14 1 8
13 6 8 7 8 7 6 9 1 13
22 16 13 0 8 6 5 6 2 3
9 4 14 5 1 1 6 17 7 6
2 0 4 0 5 10 1 1 4 4
4 2 1 5 1 8 2 3 2 2
12 6 7 2 8 17 1 17 21 16
6 0 10 10 9 9 1 12 2 11
5 1 1 2 9 1 13 3 23 1
0 19 9 11 23 4 8 4 1 4
9 11 13 6 2 4 0 2 9 1
2 3 4 15 6 5 12 0 10 2
4 2 3 5 3 2 2 7 7 8
0 15 13 4 17 1 3 6 0 1
4 4 7 7 8 10 8 8 8 6
1 6 2 25 3 6 9 21 4 1
5 4 9 1 9 5 11 6 16 1
11 2 11 17 20 2 18 8 4 9
6 8 12 21 15 7 19 3 11 2
7 16 2 6 7 5 4 1 10 2
11 1 13 3 3 10 1 1 0 7
9 2 5 1 4 7 2 13 6 6
4 2 4 0 2 0 4 2 8 2
9 5 8 15 7 0 12 11 13 5
2 0 7 1 3 0 5 8 1 0
11 0 7 21 9 11 5 1 2 4
4 3 2 2 3 1 7 2 5 2
7 3 16 10 15 7 13 4 1 6
6 3 6 1 12 12 5 4 6 4
10 6 1 2 5 3 7 1 9 4
12 12 0 3 19 3 6 12 20 9
3 4 0 2 1 8 5 10 5 0
1 7 10 1 2 1 3 4 5 6
4 13 11 4 16 5 5 11 17 1
2 1 6 5 1 1 1 9 7 3
10 5 6 0 13 18 0 23 7 11
14 2 10 2 3 3 7 3 2 12
9 0 2 8 3 5 10 7 2 3
13 8 16 12 2 11 1 1 3 20
24 2 1 10 9 11 13 16 0 1
3 2 3 1 1 3 6 13 0 1
11 6 15 4 0 10 5 5 3 13
0 3 1 2 4 5 3 2 5 3
1 2 4 2 0 3 5 2 3 6
2 6 17 2 6 13 4 6 3 5
8 15 2 13 4 1 16 3 4 23
5 3 12 4 2 3 1 1 4 1
7 9 1 1 10 8 8 19 3 7
14 10 14 0 20 6 4 5 1 5
0 4 4 0 5 2 5 7 8 1
1 5 3 3 8 7 0 11 1 5
8 3 5 1 18 6 5 1 5 2
2 3 9 20 4 6 21 2 7 2
1 7 4 6 0 2 3 3 7 1
1 7 1 1 0 6 2 5 8 1
7 21 11 1 21 5 9 6 7 3
12 12 4 18 11 17 11 0 14 7
22 7 15 3 14 7 18 12 4 2
1 7 10 5 2 1 7 4 3 0
0 0 11 8 0 11 2 3 6 2
14 21 10 8 3 17 19 3 6 1
3 4 5 10 9 4 3 6 1 6
3 8 4 2 11 4 1 5 12 9
4 5 5 5 13 9 6 4 2 3
1 5 3 0 7 5 2 7 6 5
3 9 18 4 7 17 3 3 3 3
9 4 2 4 6 1 1 8 8 6
16 5 14 2 17 4 15 6 15 2
3 4 1 1 5 1 0 3 13 0
11 3 6 11 1 4 3 9 0 0
11 9 9 2 7 2 13 13 16 11
10 2 0 2 5 12 6 4 4 3
5 11 6 4 0 1 7 8 1 2
8 0 19 20 10 13 3 5 3 20
7 2 1 0 3 0 4 4 8 2
5 3 4 2 8 1 4 8 2 1
7 4 2 6 3 8 7 3 5 1
5 0 14 4 0 11 4 6 3 1
2 5 7 2 4 3 5 8 4 4
3 1 4 0 1 3 3 8 2 1
0 16 1 2 5 5 10 6 8 27
3 3 2 1 1 0 7 11 3 10
0 6 20 18 11 0 12 10 2 2
0 5 6 7 4 0 3 4 2 7
4 4 3 0 8 0 8 13 0 1
5 1 8 22 10 6 3 21 1 8
9 20 4 3 6 1 6 3 8 14
1 12 5 10 9 11 10 2 1 4
3 12 1 0 6 6 5 3 5 0
7 1 6 6 10 3 1 5 0 17
0 9 8 8 4 9 7 7 11 4
9 24 1 14 9 1 2 9 2 9
0 2 15 3 8 7 9 4 5 0
3 10 3 11 3 9 1 1 21 8
2 1 3 2 8 7 6 2 5 4
5 1 3 5 11 2 1 5 4 8
8 1 8 1 12 9 0 14 12 14
13 6 9 3 2 5 1 1 1 4
4 2 6 9 7 3 1 7 1 4
4 4 10 1 7 2 9 2 5 20
1 2 5 4 1 10 1 3 1 4
17 7 2 29 9 6 9 4 2 11
5 5 10 9 8 10 1 2 6 6
0 9 15 7 1 1 13 6 21 7
4 7 0 6 7 2 1 1 8 1
0 10 14 10 1 8 3 7 13 7
3 4 2 7 2 9 0 2 12 6
4 7 5 7 1 9 25 1 8 12
1 1 2 11 13 1 9 9 1 4
11 12 7 21 10 1 14 10 1 6
19 3 11 1 12 2 5 7 4 4
15 7 5 19 9 11 20 3 1 2
5 4 2 6 11 1 6 4 7 8
1 1 1 3 3 1 5 3 10 4
1 18 17 2 4 10 7 3 6 12
1 3 2 14 1 1 8 0 4 4
17 7 5 3 2 1 9 3 31 8
19 1 2 1 0 9 13 19 6 3
9 11 1 6 24 5 2 11 1 8
16 9 8 2 11 14 2 4 0 19
2 2 5 5 1 9 2 2 1 2
3 2 6 3 14 5 1 0 7 10
1 19 6 3 4 13 9 4 9 18
4 0 8 3 5 5 4 4 2 4
0 7 8 29 3 6 6 3 4 14
3 4 15 6 3 10 5 1 8 18
6 3 11 0 2 6 2 5 12 34
8 22 1 14 2 1 22 7 2 5
22 10 0 21 2 6 15 1 8 3
4 13 8 7 0 22 3 5 12 11
4 14 3 3 4 6 5 1 7 8
4 4 5 3 1 11 6 4 4 5
1 8 7 7 16 15 9 11 19 2
6 17 1 10 12 2 9 0 12 1
13 3 11 3 2 14 16 13 4 1
8 0 3 6 4 5 2 3 1 12
3 4 3 4 1 9 11 8 6 9
6 16 11 5 1 5 7 6 18 22
8 14 2 10 7 13 9 0 6 12
3 7 1 18 5 9 1 17 9 14
4 7 8 4 18 7 2 6 9 2
3 5 9 4 4 1 6 7 5 2
11 6 4 0 2 22 1 23 7 9
5 3 2 13 4 7 8 10 5 9
5 6 14 7 4 6 11 9 9 6
5 5 0 3 3 5 12 6 13 6
1 1 1 1 10 0 4 4 7 3
5 10 23 5 2 3 8 11 17 9
10 15 16 16 4 3 8 7 0 14
27 2 1 19 7 7 10 3 12 5
4 15 8 14 2 1 14 6 19 5
6 9 5 5 3 0 1 4 2 1
0 2 3 2 5 3 1 0 10 0
3 5 2 2 5 3 5 1 3 5
17 7 9 15 13 13 11 12 4 16
10 13 8 3 7 6 2 2 9 3
6 4 2 8 2 2 6 1 1 3
5 7 10 13 19 5 9 2 22 16
10 3 4 2 3 12 3 6 6 4
4 3 0 2 6 2 4 3 4 1
0 9 1 18 9 9 10 12 8 14
2 5 2 8 7 8 0 1 7 7
6 4 0 8 2 3 9 9 2 10
1 4 6 4 0 1 1 6 5 5
4 3 5 16 3 22 5 2 5 2
9 5 2 7 5 4 6 5 5 5
1 1 2 0 2 3 6 2 6 4
9 0 1 3 6 13 2 2 4 2
5 9 7 4 13 12 0 10 5 11
6 1 2 1 1 3 7 4 6 3
1 3 4 12 3 17 14 11 3 11
10 6 0 6 5 19 9 3 7 1
6 2 2 2 0 3 1 2 7 2
3 1 2 2 7 9 0 4 4 5
2 21 1 7 13 5 8 2 11 2
12 12 11 9 10 13 7 14 18 8
8 0 10 5 13 2 10 11 11 10
13 5 4 4 12 7 10 4 4 5
1 2 7 3 2 7 0 8 2 5
18 3 6 11 6 11 6 3 3 4
17 7 7 6 12 2 3 11 7 21
1 10 5 3 2 1 6 0 6 4
9 1 6 12 9 2 9 13 4 7
9 15 4 10 8 2 2 27 5 2
4 17 14 2 0 5 4 18 11 18
3 1 5 1 1 4 3 1 6 0
3 6 13 2 1 3 5 3 7 1
13 10 14 0 2 5 11 5 3 0
8 6 7 3 12 11 2 9 8 5
0 4 22 10 9 3 13 3 5 7
19 12 3 6 5 14 12 8 1 4
2 4 6 8 4 1 4 1 3 6
7 12 9 1 0 2 11 11 17 1
8 5 15 15 2 3 2 3 24 12
13 2 11 8 5 13 3 10 8 2
0 6 3 7 6 8 3 3 0 4
3 6 2 6 7 4 1 9 1 4
3 8 1 12 17 9 11 9 3 4
13 8 5 15 15 15 6 17 11 8
1 6 3 5 3 10 3 9 5 8
6 7 2 7 3 4 8 6 6 3
2 3 2 8 3 7 3 4 3 9
4 2 13 7 1 4 10 1 15 3
8 13 2 8 2 3 20 6 23 4
1 8 4 1 2 1 1 4 5 4
10 5 4 2 2 6 4 8 11 3
2 6 3 6 0 2 4 5 4 3
3 4 4 6 12 17 14 6 15 3
20 11 19 7 6 15 3 11 9 9
15 10 4 4 17 12 4 4 21 6
8 2 2 7 3 3 5 1 2 0
1 6 5 1 5 4 4 2 3 6
1 12 3 1 2 3 5 6 7 8
7 4 8 1 3 13 5 7 3 2
6 7 14 5 9 11 0 2 5 5
10 18 6 1 12 6 8 11 11 7
7 17 4 9 0 14 11 25 6 8
8 5 4 2 4 6 10 9 5 4
4 1 1 7 4 0 3 1 7 11
5 3 9 5 1 1 4 1 2 1
2 4 2 0 1 8 1 4 5 0
14 5 8 6 12 15 6 11 13 10
5 1 7 12 2 2 1 7 7 8
16 3 5 12 4 2 10 11 16 7
4 15 7 11 13 15 8 17 2 5
7 1 9 0 1 11 3 1 10 1
22 16 10 4 7 1 7 22 5 11
5 12 12 1 12 11 23 11 7 6
12 5 0 4 5 3 2 3 1 5
11 4 6 1 9 14 11 4 5 12
10 3 10 2 20 10 2 26 1 10
3 15 9 2 27 3 10 2 17 6
13 1 7 6 11 5 14 2 24 4
19 3 22 7 9 6 8 16 8 11
3 5 0 0 2 7 3 4 3 7
7 9 5 10 1 10 5 10 2 3
5 9 8 5 4 6 11 0 12 9
12 5 16 1 12 12 13 10 15 11
14 1 4 2 8 9 6 8 16 2
2 2 6 6 4 4 2 1 1 3
26 15 1 5 0 10 3 7 10 8
4 12 14 7 10 4 0 5 6 17
1 8 6 3 4 3 10 9 7 22
1 9 0 9 1 19 13 7 12 18
2 2 10 5 10 14 24 8 17 6
0 3 5 7 2 7 6 1 1 13
6 10 2 3 10 11 15 6 3 8
4 3 5 1 9 4 1 4 5 4
6 2 1 11 5 1 2 6 4 0
8 4 6 26 7 13 2 4 15 16
6 3 8 2 0 11 8 10 1 13
14 1 10 5 8 14 3 5 4 2
5 11 7 8 7 14 18 1 3 7
5 2 1 10 1 4 2 1 10 0
5 4 6 4 1 3 6 5 6 10
4 3 4 9 3 5 1 7 7 12
7 10 3 3 9 4 6 8 3 9
31 2 2 2 2 3 8 1 3 1
13 12 15 8 13 10 1 7 2 15
2 0 5 2 8 6 7 3 1 8
3 3 3 2 10 9 2 11 5 2
5 1 1 5 6 1 1 2 3 6
2 21 9 5 2 1 21 5 7 6
1 6 2 1 3 9 1 7 0 5
16 10 10 14 6 13 14 5 6 1
5 15 13 9 4 1 7 13 0 2
0 8 3 11 20 14 0 13 3 4
1 9 14 0 9 0 0 1 5 18
5 4 2 1 25 15 2 6 3 1
1 1 1 0 5 1 6 2 7 4
0 8 11 6 1 9 19 8 4 5
8 19 5 11 6 14 3 6 6 26
21 16 1 6 13 11 6 3 1 2
2 5 2 1 7 5 2 4 8 4
11 19 0 8 22 10 2 16 2 8
13 2 14 5 4 3 4 13 1 2
0 1 6 1 3 5 7 3 5 12
4 3 7 1 4 3 4 4 1 7
4 5 0 2 3 1 8 7 1 1
11 9 12 11 5 17 6 10 12 1
4 2 7 6 3 8 6 5 5 0
12 14 1 0 14 15 6 20 12 2
8 6 0 4 4 4 6 6 4 1
7 2 11 19 9 0 3 1 3 8
3 6 12 6 17 17 7 5 11 7
2 7 22 4 8 1 22 7 12 10
3 17 13 9 4 4 4 11 3 9
11 9 3 2 2 11 10 2 12 1
5 2 5 6 4 3 1 7 1 3
1 2 9 0 7 1 1 6 2 5
4 8 0 11 5 3 3 5 16 0
3 0 5 2 1 3 3 3 7 5
15 2 5 3 12 4 9 9 5 3
3 3 5 6 3 2 2 0 3 4
11 16 0 5 15 0 10 4 18 4
4 4 2 3 2 6 0 4 3 1
6 5 13 11 0 3 16 5 17 8
9 1 7 4 1 5 3 4 4 4
7 6 8 16 8 1 19 18 7 3
9 3 3 29 13 1 6 13 7 1
4 3 1 8 10 12 5 7 1 1
11 21 7 12 3 2 1 2 9 11
6 1 1 19 4 21 5 21 2 14
4 2 4 6 16 6 5 17 6 21
7 8 9 9 1 0 9 1 11 9
3 2 27 2 6 2 4 1 16 10
2 7 10 11 11 1 18 4 15 9
7 1 10 3 7 6 2 7 0 16
2 7 1 1 5 4 1 1 4 4
17 3 2 11 10 5 20 9 12 19
3 12 3 17 1 4 11 10 6 18
2 0 6 2 14 11 6 18 6 8
17 14 16 0 3 14 2 16 6 11
1 2 24 6 18 1 13 1 14 7
5 16 2 15 22 0 10 1 8 8
8 8 2 6 10 9 8 6 1 9
10 20 6 7 0 15 10 2 2 12
7 13 8 12 19 20 1 8 12 3
0 1 12 4 10 18 3 13 1 12
4 17 4 11 18 0 5 2 7 6
4 5 8 0 12 14 13 10 1 13
10 7 13 6 5 3 1 2 3 5
3 6 13 11 1 4 5 10 8 7
8 14 6 8 5 1 6 8 10 1
27 9 2 6 13 11 18 3 6 1
11 2 0 16 12 21 9 4 15 13
11 10 5 3 4 7 2 18 7 4
6 9 6 4 10 1 1 2 19 2
12 2 6 2 4 5 13 15 10 15
0 1 0 3 12 4 12 4 6 19
16 8 11 8 1 10 12 2 8 14
2 4 4 4 2 2 2 2 6 1
0 6 8 19 2 17 4 1 8 19
7 6 1 1 9 6 2 5 6 5
4 3 8 5 3 3 4 1 3 7
4 7 11 0 3 3 12 16 4 10
12 15 11 3 10 4 12 12 7 19
9 13 3 11 4 4 9 2 6 7
5 1 10 12 5 21 16 18 6 8
2 2 2 9 10 5 4 0 9 2
4 3 7 8 6 4 9 1 1 6
3 13 8 4 7 11 1 16 0 16
15 10 9 3 19 3 2 6 8 8
2 3 1 0 1 7 3 2 3 2
17 0 10 6 7 3 8 5 10 0
14 1 8 5 7 2 11 8 3 1
6 2 2 9 3 18 0 17 1 2
17 12 3 3 2 3 20 7 9 22
11 7 2 4 7 7 7 12 5 4
2 18 1 8 1 17 5 7 7 10
0 2 4 0 6 8 4 3 7 3
5 3 0 3 4 2 6 2 6 3
1 4 0 3 4 1 4 3 5 5
1 3 9 2 2 0 6 0 2 2
5 13 16 1 29 2 8 9 4 11
1 2 3 6 12 19 9 3 5 26
10 11 6 3 1 4 4 9 3 23
15 6 15 8 3 18 10 7 8 6
13 13 9 9 6 2 15 9 0 5
9 2 8 10 12 7 0 1 1 6
9 9 2 3 3 15 2 14 7 10
5 8 2 4 3 1 2 7 1 3
16 6 5 2 12 17 1 4 5 10
3 1 2 3 2 9 0 2 2 15
10 5 4 10 3 3 7 4 14 7
1 3 2 2 0 7 3 2 3 6
5 3 3 8 4 4 1 4 3 1
2 1 0 4 2 1 6 10 7 3
11 12 7 13 19 10 6 10 3 0
2 9 4 3 2 8 5 2 21 6
7 9 4 17 22 11 15 13 9 8
5 0 17 25 14 3 7 2 4 11
2 0 8 0 2 4 0 4 4 2
1 1 3 2 2 6 4 1 9 0
23 15 5 10 10 9 3 7 2 0
2 8 7 18 7 9 7 14 1 7
3 16 11 15 15 5 10 8 9 17
20 16 10 1 4 13 7 4 5 4
3 1 5 0 1 3 13 12 1 3
2 3 3 8 10 1 7 0 6 0
12 10 11 5 19 17 0 9 3 0
10 8 3 16 9 13 16 15 8 5
5 7 20 5 7 8 10 9 18 11
3 7 7 3 1 1 2 2 31 5
4 0 7 4 6 2 3 1 2 0
0 7 12 14 3 2 2 17 10 1
17 1 8 16 1 0 2 12 17 3
5 2 2 13 4 3 3 1 5 1
2 14 19 11 2 9 0 25 1 2
4 1 3 0 12 8 2 4 7 4
10 7 0 0 6 3 21 2 1 2
5 9 5 6 9 14 3 21 9 6
4 10 9 8 15 7 5 15 3 2
6 1 5 1 0 2 2 8 0 0
8 1 1 1 4 0 2 0 6 4
2 9 4 8 14 1 7 8 0 3
5 5 13 8 4 24 23 5 7 1
7 14 11 21 2 11 4 18 0 6
0 1 4 4 4 4 9 4 1 3
15 12 14 5 9 5 14 17 1 3
7 7 18 11 4 3 4 4 8 4
5 7 2 2 3 4 10 3 7 8
4 4 1 12 0 6 2 5 10 1
7 6 0 2 1 10 5 1 9 2
14 7 6 9 0 7 5 11 1 5
12 14 8 1 19 10 9 4 20 13
0 0 25 4 2 9 14 17 12 2
17 5 4 15 14 6 7 5 3 7
3 9 14 1 1 5 0 5 12 15
4 4 7 1 1 1 16 0 4 7
1 10 3 10 1 15 7 2 1 1
5 5 1 6 6 4 3 1 4 1
8 8 22 16 1 13 8 5 1 12
5 9 7 4 4 3 9 2 10 5
8 2 9 3 4 11 5 5 6 14
14 11 7 9 3 1 3 6 8 9
1 5 7 11 18 4 7 4 8 3
3 20 7 6 19 8 1 6 21 2
3 1 9 8 17 5 9 22 5 2
4 12 1 3 2 4 2 2 2 4
12 11 6 4 6 1 4 7 18 3
1 2 0 3 8 13 0 13 8 8
5 5 7 3 2 11 4 3 17 20
4 3 4 2 6 2 2 6 3 5
7 7 1 7 1 3 6 0 1 3
14 6 3 14 4 27 5 16 5 4
5 4 6 2 1 4 3 1 1 3
21 3 10 8 2 21 3 3 14 4
16 16 8 1 17 4 5 2 2 20
6 23 1 17 2 8 10 11 1 5
6 2 6 4 13 0 2 2 5 5
17 5 3 13 6 0 25 8 4 11
1 12 16 13 4 0 2 1 22 8
6 5 8 2 11 0 3 8 6 10
22 6 10 9 10 3 20 12 3 13
24 17 4 1 8 3 7 16 12 4
10 3 5 4 10 1 5 6 5 3
14 3 9 4 1 6 24 6 5 3
1 10 3 5 3 4 2 10 4 5
1 4 3 1 6 5 0 1 6 1
9 1 2 8 5 2 5 3 2 6
8 13 17 2 4 8 11 7 6 6
4 0 1 7 1 3 6 5 4 0
15 5 3 6 3 10 1 1 11 9
2 4 4 7 2 8 11 2 10 5
7 10 2 0 7 0 4 3 4 4
2 1 2 6 13 7 18 1 5 2
25 9 23 6 4 1 6 13 7 8
1 0 6 13 2 4 1 4 12 5
7 4 9 4 10 5 5 5 0 3
4 2 1 10 6 0 2 3 7 2
5 1 3 6 3 6 8 3 2 0
4 2 12 21 11 10 0 7 14 7
1 1 7 3 3 3 6 5 2 1
2 7 1 5 3 10 1 6 2 5
1 5 12 8 3 0 5 6 5 16
21 11 2 19 3 8 8 5 3 23
19 8 6 8 9 20 1 7 2 19
7 1 3 5 1 3 4 6 10 4
3 4 7 3 8 6 9 2 4 3
5 8 0 5 3 6 11 4 2 3
1 11 11 5 15 13 4 12 1 3
13 6 13 4 12 2 2 2 12 1
2 14 14 17 9 1 7 6 3 16
1 4 2 7 1 6 5 4 3 12
12 14 13 14 1 11 13 7 7 12
10 15 2 13 20 23 3 0 4 10
12 4 11 10 5 10 17 6 9 8
3 0 8 1 4 4 1 0 2 0
1 1 2 0 0 11 2 7 5 0
17 15 5 3 6 6 17 6 7 3
1 0 3 3 9 2 1 4 10 2
10 3 17 8 20 14 14 10 4 1
4 5 5 4 3 1 12 1 4 4
6 2 3 3 13 4 7 3 5 4
4 8 7 12 2 5 1 7 2 3
10 20 5 18 2 10 5 4 7 1
22 10 5 2 2 2 4 27 8 12
9 8 11 6 6 4 1 10 8 7
2 3 4 6 9 1 11 5 3 18
3 4 15 2 10 10 5 7 6 3
2 12 3 4 15 1 9 13 11 10
6 9 1 16 4 18 7 0 3 1
8 15 8 6 18 5 14 11 4 8
7 0 7 10 4 4 9 0 6 6
2 4 0 4 8 6 10 3 5 4
3 0 4 4 7 4 5 2 4 1
11 1 29 10 7 5 2 3 9 15
9 7 5 7 2 1 2 1 2 3
19 7 2 8 4 5 4 5 8 3
7 14 1 10 8 8 1 15 3 0
7 16 6 3 2 1 6 1 3 2
20 7 3 13 15 2 12 4 18 6
4 12 2 2 3 13 1 7 6 12
11 9 9 5 10 6 14 3 1 17
18 5 10 24 2 6 5 4 3 9
6 3 3 1 5 6 0 13 3 7
2 2 11 4 23 2 14 2 19 4
7 7 4 4 1 7 19 2 5 18
2 5 4 4 7 3 4 1 13 7
23 17 1 0 4 17 4 12 4 6
0 3 6 1 16 14 8 17 8 9
6 2 8 8 1 1 2 1 7 7
10 3 7 3 5 1 6 6 1 5
4 4 7 2 5 6 11 8 10 4
3 6 4 11 0 0 5 2 1 2
2 3 1 4 1 5 0 2 4 5
13 9 10 5 8 2 4 10 10 3
9 3 8 1 5 10 15 6 7 8
10 7 9 1 3 10 11 1 18 13
6 4 6 2 4 2 1 2 13 5
22 2 12 9 14 18 10 0 4 12
10 1 5 16 9 1 3 11 5 10
1 2 3 5 2 0 1 0 3 7
18 0 12 2 20 8 15 2 2 2
7 2 0 6 7 0 3 2 0 0
0 2 8 5 8 0 5 0 1 5
11 7 15 2 11 6 7 3 1 4
3 4 2 4 5 3 5 3 2 3
1 5 5 1 0 4 2 2 7 2
2 7 0 5 2 10 0 4 1 4
6 2 2 3 2 8 13 7 8 2
25 13 6 2 8 2 7 24 4 6
0 3 20 1 10 5 2 16 24 5
3 15 7 4 23 2 8 19 4 0
1 3 23 12 14 0 0 12 18 12
5 5 2 3 3 3 1 5 2 11
1 2 10 12 19 5 5 13 15 2
20 15 14 13 3 5 3 0 17 8
4 7 10 8 0 2 4 4 0 1
6 10 8 2 25 17 2 4 16 9
4 2 1 11 6 1 7 4 0 4
5 1 1 5 3 5 3 6 5 4
4 6 0 11 3 10 6 6 11 12
0 1 18 7 16 1 5 17 16 8
14 3 8 4 3 6 14 0 24 1
6 11 4 4 4 8 2 3 20 14
7 4 11 10 10 6 4 12 5 11
7 1 1 2 2 10 1 10 2 5
9 10 8 10 7 3 1 9 8 5
3 2 5 5 4 15 5 2 6 7
9 9 26 4 0 3 15 7 3 0
5 6 2 4 24 5 9 3 16 8
6 7 2 0 8 10 5 6 5 9
6 8 9 16 6 3 2 8 7 19
12 6 3 0 0 16 3 5 2 1
19 6 0 4 2 2 15 3 2 6
7 6 1 3 3 4 5 12 9 0
7 4 6 11 2 6 13 11 5 2
2 5 24 14 14 13 3 1 7 9
18 2 6 6 4 7 6 9 4 2
1 6 0 3 7 3 4 0 1 2
12 12 4 4 14 4 6 9 6 8
8 17 1 9 0 21 8 8 12 6
2 4 21 9 2 16 7 10 6 9
8 2 6 6 3 8 22 3 3 4
9 6 3 1 6 9 1 0 5 1
1 4 1 3 5 3 9 4 0 0
1 10 4 11 11 5 11 0 9 1
20 15 12 0 1 11 6 2 7 9
2 9 2 19 5 2 6 9 1 9
0 2 1 2 8 3 3 1 9 2
2 3 12 12 3 9 6 0 5 0
0 4 4 0 1 5 26 3 7 4
3 8 8 9 1 4 4 4 1 13
1 1 3 1 3 13 12 1 3 0
6 3 0 12 21 2 12 4 18 3
5 1 21 9 20 3 20 6 8 6
7 13 2 0 7 3 8 21 2 8
3 7 6 2 2 20 8 1 3 4
5 5 4 5 1 5 3 4 2 6
4 17 1 2 5 7 5 6 10 4
14 5 2 8 1 2 3 11 10 3
5 15 0 12 8 7 16 0 2 2
7 0 16 20 4 3 11 12 7 6
10 6 10 7 0 12 8 4 8 3
1 6 7 15 2 7 6 5 16 8
1 2 1 3 8 1 9 5 1 3
5 10 10 18 2 6 16 20 4 8
10 3 5 9 9 7 5 3 1 3
1 17 5 15 4 18 10 11 4 1
2 13 3 4 8 7 17 1 9 2
10 1 2 2 3 4 0 4 1 3
1 20 5 12 6 4 15 8 5 10
4 6 2 7 2 3 3 4 4 6
0 4 1 10 8 16 1 3 8 12
7 11 19 1 16 3 4 8 23 7
10 21 6 7 1 1 2 20 3 8
1 12 5 5 0 9 1 5 9 4
16 6 0 12 6 3 9 14 10 6
2 18 4 8 4 5 2 16 2 0
2 16 12 12 17 0 4 1 14 7
17 15 6 6 9 11 2 10 2 22
1 6 11 11 5 2 0 2 4 4
10 5 9 12 7 12 13 1 12 6
1 4 1 1 2 2 3 4 0 8
9 11 4 13 15 7 14 12 2 6
10 15 4 10 4 25 12 2 6 10
3 7 14 6 8 4 5 5 9 9
10 3 10 1 11 20 8 11 7 9
7 17 1 10 5 7 4 6 11 5
1 5 5 9 3 10 17 6 8 10
11 12 9 1 6 27 10 5 10 6
8 3 7 7 4 3 4 4 1 5
23 19 16 2 2 5 8 0 5 1
1 5 12 7 1 10 2 13 2 3
10 4 10 30 6 8 3 5 9 2
7 13 12 0 10 1 1 9 19 16
9 10 17 6 11 7 12 9 3 10
2 3 8 14 18 4 8 10 8 2
3 11 4 1 6 1 10 8 0 1
6 12 24 1 4 5 2 8 1 14
17 14 20 6 1 11 4 7 17 9
12 12 16 4 2 1 2 12 1 8
1 3 23 2 2 3 1 1 14 9
3 7 2 10 6 7 7 5 6 5
1 1 5 1 7 1 0 2 2 5
2 31
2 45
2 100
3 71
4 79
4 80
11 67
12 67
12 90
13 81
14 70
15 71
15 90
16 63
16 89
16 102
17 27
18 61
21 84
22 30
22 33
22 80
22 96
23 41
23 44
23 87
24 123
25 116
26 61
28 100
28 127
29 76
29 116
32 56
32 79
32 88
32 101
33 45
33 125
33 127
34 107
34 133
35 44
36 60
37 65
38 65
38 122
38 126
39 66
39 130
40 56
40 118
41 104
41 110
42 66
43 105
44 94
44 109
46 64
46 126
47 99
47 130
48 72
49 51
50 62
50 90
50 119
50 137
51 97
51 107
51 111
51 150
53 74
54 76
54 151
55 111
55 123
55 148
56 123
60 113
61 103
61 132
63 132
64 128
65 74
65 115
65 122
65 129
66 73
66 87
66 131
66 138
67 78
69 150
70 157
70 160
71 118
71 126
71 152
72 131
74 79
74 139
75 168
76 105
76 165
77 93
77 94
79 147
80 145
81 99
85 121
86 114
86 136
86 162
86 170
87 103
88 153
89 168
90 167
94 140
95 125
95 139
96 125
96 146
98 187
100 115
100 184
101 119
102 196
103 170
104 127
105 157
105 191
107 130
107 151
107 176
108 150
109 205
110 181
110 182
110 202
111 189
111 204
113 115
113 118
113 131
113 148
116 171
120 156
120 198
121 191
124 176
126 160
126 226
128 131
128 216
129 133
130 149
130 214
132 172
133 184
133 208
133 211
134 150
134 209
135 178
135 183
136 208
136 225
137 230
138 208
139 167
140 230
141 158
142 148
142 202
143 168
143 187
143 207
144 175
144 229
145 185
145 186
146 201
146 203
149 151
150 227
150 248
153 187
153 208
155 229
157 203
158 239
160 255
162 220
164 203
164 207
165 214
165 227
166 230
167 209
168 220
168 239
168 251
170 173
170 228
173 257
174 201
174 271
175 233
177 201
178 187
178 276
179 215
182 198
182 216
183 248
184 202
184 221
186 196
186 217
186 240
186 270
186 279
187 221
187 281
190 193
191 201
191 211
192 205
193 218
193 229
193 237
194 257
195 233
195 292
196 256
198 241
198 263
198 266
198 277
199 200
199 212
199 259
199 294
200 201
200 227
202 210
203 248
203 249
203 261
204 237
204 251
204 304
205 240
205 258
206 270
206 286
207 300
208 234
210 271
211 219
213 235
213 249
213 266
214 235
216 281
217 255
217 281
217 289
218 232
218 259
218 267
219 222
219 290
220 262
221 232
222 232
223 241
223 317
225 290
225 324
226 243
226 280
226 284
226 291
227 243
227 245
228 320
229 304
230 298
231 303
231 306
232 257
232 326
233 274
233 318
234 270
235 297
238 303
240 244
240 287
240 331
244 336
245 268
246 290
246 335
247 274
247 335
248 330
248 340
249 330
251 294
251 303
251 318
252 324
253 308
255 319
255 326
258 301
259 287
260 277
260 304
260 325
261 288
262 285
262 295
262 322
265 297
265 319
266 301
267 325
267 343
268 294
268 327
269 318
271 306
272 287
272 321
273 292
273 324
273 339
276 308
276 312
279 349
279 366
280 328
285 294
287 378
292 316
293 344
298 341
298 356
299 304
299 347
301 334
301 378
303 310
304 386
305 341
305 350
306 360
307 312
307 377
308 382
308 398
309 347
310 327
312 336
312 362
313 361
314 345
315 346
315 398
315 400
316 388
317 332
317 400
318 334
320 357
321 335
321 407
322 329
323 422
324 360
325 331
326 412
327 358
329 365
329 397
329 405
330 340
331 386
331 411
334 428
335 381
335 382
336 383
336 398
337 401
339 397
339 399
339 405
339 406
340 373
340 400
343 377
347 352
347 420
348 386
348 427
350 432
351 376
353 381
353 407
355 360
355 392
355 433
355 443
355 450
356 405
357 427
358 446
359 370
359 391
360 370
360 400
360 414
362 431
364 389
364 406
364 457
365 402
365 414
367 368
367 382
368 377
368 419
369 417
369 429
370 458
371 456
371 462
373 388
374 376
374 398
375 444
375 464
377 384
377 433
377 461
378 445
378 447
378 455
379 403
379 404
379 426
379 459
380 457
380 462
381 396
381 455
381 463
382 453
383 392
385 398
386 481
387 423
387 425
388 407
388 425
389 424
389 485
389 487
391 436
391 451
393 400
394 443
394 471
395 473
397 403
397 424
397 441
397 458
398 405
398 469
399 491
400 446
401 500
402 483
403 496
405 406
405 459
406 435
406 451
407 469
407 504
408 454
408 457
408 471
409 424
410 430
410 436
410 508
411 431
413 435
413 499
414 448
414 450
415 464
416 425
418 459
418 502
419 518
421 431
422 503
423 496
424 484
424 488
426 435
426 473
427 513
428 456
428 485
428 494
429 506
430 519
430 526
432 444
432 509
432 523
433 449
433 492
434 529
437 523
438 497
438 498
438 513
442 491
442 518
442 533
443 447
445 461
447 491
448 457
448 495
448 505
449 464
449 486
449 492
449 512
450 510
452 540
454 477
455 535
455 545
456 502
456 519
456 535
459 467
459 518
461 507
463 466
463 471
465 547
466 497
466 504
468 475
470 532
471 486
471 516
471 532
474 504
474 541
474 545
475 486
476 506
476 518
476 558
477 536
477 543
478 578
481 486
485 525
485 554
486 510
486 561
487 526
487 534
488 519
489 586
490 495
490 560
492 496
492 567
493 590
495 509
495 542
495 552
496 526
501 508
501 520
501 540
502 503
502 561
502 590
503 574
503 576
505 574
505 603
506 588
508 512
508 578
509 535
510 521
512 538
513 569
513 581
514 548
514 563
514 585
515 596
517 611
519 550
521 592
523 594
525 623
526 605
527 531
527 546
527 548
527 604
528 538
528 599
529 600
530 580
530 617
531 555
532 544
532 588
533 558
533 587
534 606
536 557
537 545
537 554
537 592
537 603
538 545
538 613
538 628
540 578
540 638
540 640
542 560
543 581
544 554
545 559
545 621
546 557
548 594
549 633
550 586
551 608
552 561
552 590
554 585
554 589
555 581
556 577
556 602
556 641
557 603
558 605
560 573
560 591
562 645
563 615
564 576
565 567
565 615
567 595
567 601
567 628
568 598
569 633
573 645
573 655
576 629
576 661
577 616
577 633
578 614
578 623
579 656
579 670
581 635
581 656
582 616
583 599
583 668
585 657
587 652
587 656
589 609
589 631
589 643
589 670
590 637
591 594
596 619
598 612
598 648
598 666
599 620
600 671
602 625
605 611
605 698
606 636
607 663
607 683
608 679
609 627
609 660
610 701
612 678
612 702
613 652
613 671
613 693
616 703
617 624
617 663
620 627
620 706
621 631
623 717
624 641
624 656
625 686
625 702
628 684
628 726
629 668
629 706
630 645
631 695
634 648
634 680
636 670
636 671
637 689
637 691
638 674
638 691
639 707
641 734
642 698
642 734
644 652
645 728
645 740
646 728
646 730
648 746
650 673
651 711
653 657
653 669
653 701
653 707
653 742
655 667
656 692
657 684
659 661
661 665
662 705
663 701
665 668
665 696
666 753
667 714
668 763
669 700
670 680
670 767
671 684
672 729
672 744
673 681
674 734
675 770
677 680
678 743
679 778
680 702
680 704
680 734
680 774
683 747
683 776
683 780
684 752
687 715
687 720
687 741
687 752
688 760
689 705
689 717
689 788
691 694
691 696
691 751
691 761
692 724
692 742
693 781
694 791
697 714
699 712
699 750
701 731
705 709
706 734
707 789
708 723
711 766
712 745
712 755
713 757
714 807
716 718
717 770
717 772
718 730
718 771
719 818
722 770
723 775
724 823
727 747
727 770
727 787
727 791
727 793
727 803
728 731
728 758
729 741
729 815
731 754
731 791
731 829
733 785
733 792
739 755
739 776
741 771
741 833
743 753
744 811
746 807
748 750
748 771
748 824
748 830
750 850
751 833
754 814
756 811
756 841
757 808
758 759
758 842
758 850
760 838
761 786
762 808
763 815
764 810
769 787
769 811
770 804
773 815
773 820
774 780
774 792
774 795
774 813
774 840
778 794
779 791
780 810
781 819
781 853
784 786
785 840
785 841
786 796
787 812
787 816
787 833
788 818
788 848
789 794
790 889
791 842
793 880
793 886
794 821
794 871
795 837
795 842
795 850
797 870
798 807
798 849
799 810
799 844
799 883
800 809
801 840
801 871
802 849
803 829
803 857
803 884
804 871
804 888
804 903
806 877
806 887
807 834
808 845
808 860
809 814
809 832
809 866
809 905
810 813
810 909
812 888
814 898
815 844
815 866
816 897
818 843
818 867
818 890
818 897
819 860
820 877
820 913
821 870
822 866
823 865
823 898
823 912
824 901
825 830
826 841
827 857
829 876
830 847
830 878
833 859
833 890
834 885
836 892
843 872
844 873
844 908
846 874
846 889
847 916
848 917
851 882
852 854
852 909
853 883
853 935
855 928
856 920
858 876
859 886
859 910
859 918
859 928
859 956
860 886
860 960
861 901
862 929
863 870
863 928
864 925
866 894
868 896
868 934
869 889
871 913
871 928
871 970
872 880
872 919
874 911
875 895
877 914
877 953
878 903
878 934
878 965
880 884
881 891
882 899
883 918
884 921
884 949
885 915
885 964
886 900
887 900
887 931
887 962
888 937
890 919
890 922
890 984
890 985
891 946
891 949
892 954
895 912
897 919
897 921
897 978
898 906
898 964
898 978
898 993
899 956
899 958
899 989
900 942
900 973
901 973
902 927
902 983
902 989
903 912
904 924
906 951
907 995
908 915
909 931
910 944
912 955
913 998
914 917
914 993
915 936
915 942
915 945
918 929
918 998
919 967
920 988
921 972
921 982
921 987
923 948
924 978
926 936
926 961
927 936
934 951
935 995
937 946
939 994
943 967
943 973
944 991
947 970
948 982
951 991
953 976
953 1000
955 969
955 972
955 974
955 986
958 962
958 981
958 983
962 969
962 970
963 980
965 981
965 994
966 973
967 993
969 987
969 998
976 987
980 998
985 996
987 992
987 996
2 7 11 4 6 3 5 21 3 1
7 2 16 8 21 6 7 31 14 17
3 10 1 17 15 11 14 6 24 7
3 7 12 6 14 0 22 25 13 1
27 2 18 27 10 16 21 3 4 28
2 9 27 5 11 8 13 14 11 4
8 16 26 17 35 17 10 2 16 3
12 19 12 10 18 7 6 14 5 18
21 21 10 23 2 19 1 10 29 7
0 9 8 2 12 0 2 11 24 16
4 7 3 4 5 1 0 12 21 12
22 6 0 9 15 16 9 27 8 5
12 9 29 39 5 25 4 14 0 4
30 3 18 27 14 5 10 6 11 28
10 13 11 4 0 1 8 9 4 2
0 7 24 24 4 15 12 3 20 7
3 7 5 12 10 28 20 3 11 1
4 14 8 31 21 21 7 9 10 24
10 0 1 15 22 11 10 4 10 4
7 6 23 6 4 7 1 0 12 2
54 15 37 41 18 28 15 21 41 52 59 32 30 20 52 35 45 19 32 52
8 10 9 8 10 3 1 1 7 9 16 14 6 9 4 6 10 1 19 14
26 15 28 17 21 9 21 15 30 35 38 26 16 19 33 20 33 23 42 39
7 1 8 7 6 1 8 1 3 10 12 6 4 3 9 6 10 1 11 14
19 6 6 12 2 8 8 6 17 18 18 11 18 2 21 6 9 5 13 23
53 13 33 39 32 37 29 6 37 36 43 23 38 20 53 52 49 11 33 60
31 16 24 17 10 15 22 17 24 35 39 29 20 14 31 15 25 21 36 39
5 1 1 2 1 1 1 1 1 4 1 1 1 1 7 1 2 1 6 4
68 25 30 51 23 46 21 25 22 38 46 31 41 23 66 33 37 17 40 51
12 3 8 7 7 5 6 1 3 4 7 10 10 2 11 5 11 1 16 11
64 33 30 48 42 46 39 26 19 32 36 36 46 31 60 48 54 32 52 63
58 32 28 45 24 39 19 33 11 48 51 38 25 19 57 23 42 26 40 46
32 23 14 25 17 24 11 7 3 33 31 14 9 11 19 22 26 7 21 36
47 34 36 45 15 24 5 27 20 59 59 32 3 22 43 15 33 23 38 34
6 1 8 6 6 1 7 1 5 5 7 8 7 2 11 9 10 1 11 12
52 16 18 30 12 29 22 23 28 36 43 39 39 7 54 21 28 12 35 49
9 4 1 5 4 5 1 1 7 16 11 1 2 3 7 4 2 1 6 11
1 1 1 3 1 1 1 1 4 3 5 1 1 1 6 1 1 1 2 7
32 13 19 21 24 13 16 15 15 29 34 16 19 19 45 21 21 10 27 35
8 1 7 7 1 8 1 1 8 14 10 1 5 1 7 10 7 6 4 8
27 11 10 27 5 17 9 5 9 23 19 7 13 9 26 15 16 6 12 20
16 14 13 9 21 7 5 4 9 12 20 18 18 13 15 18 15 2 25 22
33 20 33 33 19 11 16 18 23 35 38 28 9 24 43 16 35 18 45 31
41 19 31 32 16 17 6 29 17 43 44 29 14 19 39 12 20 15 32 23
29 7 15 11 12 12 4 11 27 27 36 15 29 6 28 21 16 11 14 26
37 18 11 27 14 18 8 18 16 34 36 6 13 18 42 18 3 1 15 34
50 36 42 47 21 30 13 21 20 60 62 32 18 26 39 29 42 27 47 40
19 11 2 8 4 6 8 8 18 21 19 10 17 7 21 8 6 7 15 23
36 21 19 35 9 20 5 11 13 39 43 28 10 16 35 8 23 6 32 32
23 5 9 14 4 10 7 6 19 20 21 7 20 1 20 16 12 8 7 24
3 1 7 1 4 2 5 1 4 8 10 7 2 1 7 6 6 1 10 10
7 2 4 8 2 4 2 1 2 8 6 6 3 1 5 3 6 1 12 9
44 18 33 35 27 32 11 15 35 46 52 25 34 21 43 44 37 20 21 44
28 8 20 21 24 17 15 1 24 22 31 17 22 16 29 33 32 6 27 40
6 1 13 7 1 1 1 1 4 15 17 14 4 1 10 3 9 6 15 3
31 14 41 30 21 20 25 7 22 32 33 28 14 17 31 33 49 24 49 36
6 4 2 7 4 3 1 1 6 12 11 3 3 3 13 3 1 1 8 7
58 27 39 42 12 36 40 19 43 47 57 33 40 17 56 49 44 19 45 64
22 7 11 20 3 12 7 2 12 25 30 19 9 1 28 6 17 2 20 26
35 10 13 24 12 15 9 9 13 27 26 12 22 7 32 17 17 10 16 22
24 13 7 11 25 12 4 12 5 15 15 21 22 15 18 10 15 7 25 21
42 19 19 37 13 26 8 8 8 29 31 20 20 18 38 17 20 1 30 31
36 11 20 29 6 20 16 9 17 35 37 22 20 9 34 14 24 7 27 36
38 16 7 24 13 12 10 13 23 26 28 15 29 13 37 17 14 5 19 33
36 12 23 20 25 25 20 25 20 39 39 24 26 14 46 21 35 17 34 47
56 32 26 42 21 35 16 38 13 54 54 33 21 22 52 17 25 9 34 49
13 5 18 8 4 1 1 7 22 19 27 19 8 2 18 7 15 11 22 13
9 3 5 9 1 7 1 1 1 16 11 1 1 1 7 8 5 4 3 3
19 9 9 12 15 9 4 1 16 18 29 13 13 8 24 18 16 2 19 26
11 6 5 4 8 1 9 4 9 14 13 5 10 5 8 6 9 3 14 21
11 3 9 2 11 1 1 5 9 14 17 15 13 3 16 2 7 4 18 7
10 4 1 1 3 1 2 3 15 11 15 3 12 1 12 6 2 2 6 18
41 12 32 33 24 29 28 5 30 34 43 25 25 18 49 40 41 13 40 49
20 5 8 10 14 8 7 10 4 7 8 16 19 6 18 4 12 5 19 12
49 38 27 40 42 39 26 25 1 30 30 33 40 31 40 39 44 33 46 44
31 14 14 26 8 18 6 11 16 26 32 9 15 14 34 18 14 5 17 26
66 30 24 44 41 38 15 25 24 50 58 37 42 33 62 34 46 16 42 65
19 1 7 13 10 4 8 3 1 14 10 5 10 3 16 10 12 1 9 12
50 29 29 33 16 26 24 27 31 50 59 29 28 28 53 27 23 16 41 56
48 30 18 37 14 28 13 25 20 49 47 18 20 23 47 18 11 9 25 44
63 38 45 55 28 43 43 19 27 55 55 28 46 26 53 54 57 31 54 67
24 12 4 16 13 6 9 3 16 22 24 10 18 11 21 18 15 2 19 33
44 33 29 42 22 31 13 16 15 46 53 43 20 21 45 23 38 16 43 43
25 13 21 27 4 17 10 5 7 30 32 15 9 8 18 14 23 13 21 20
24 9 14 20 10 12 5 5 2 27 27 8 6 9 21 12 15 4 16 18
8 4 5 8 7 1 8 5 10 16 13 5 8 4 7 9 9 4 8 18
10 1 6 8 4 3 1 3 1 13 10 7 8 1 11 5 3 1 8 1
20 14 21 20 11 15 14 5 4 26 25 9 10 7 13 21 20 13 22 19
68 45 40 43 37 47 41 30 33 56 53 44 55 38 50 51 46 36 52 65
51 33 31 32 29 16 13 35 31 53 55 39 27 31 48 19 31 26 48 37
71 47 34 51 27 46 25 34 28 63 62 42 40 40 63 36 25 18 48 64
32 8 11 18 11 14 10 10 17 21 20 12 26 2 27 17 17 10 14 27
39 26 14 35 15 24 9 18 16 41 40 13 9 25 37 19 8 4 24 38
36 10 23 25 18 27 5 9 25 31 38 26 26 13 38 27 30 9 21 35
37 17 16 22 24 17 9 10 13 27 34 16 23 13 33 29 23 11 23 28
16 4 8 8 7 3 3 7 12 14 17 9 16 1 17 6 8 2 12 16
16 3 8 8 1 10 3 1 5 20 16 1 8 1 6 10 7 6 3 13
49 24 31 39 18 34 30 17 28 40 47 34 25 12 51 32 43 7 43 60
47 17 15 27 19 23 27 22 28 28 30 29 43 17 47 21 26 16 35 43
49 31 26 31 20 8 7 31 37 44 56 36 27 26 49 14 26 25 40 33
13 5 4 15 5 5 6 3 1 15 12 1 2 7 13 9 9 1 7 14
23 10 6 16 12 9 3 1 9 16 20 3 13 6 18 21 14 5 9 19
54 28 36 42 25 32 4 16 32 54 65 30 32 29 43 37 39 17 32 50
7 1 4 9 1 3 3 1 5 11 10 5 5 1 9 4 5 1 7 8
11 1 4 11 1 7 6 1 6 7 4 6 9 1 12 6 9 1 8 10
10 13 4 8 11 4 1 4 10 16 16 9 11 10 6 8 6 3 14 17
52 28 38 37 31 29 30 24 35 60 63 33 32 31 53 38 46 33 50 58
49 28 31 37 11 35 37 27 31 43 46 41 27 12 53 25 40 12 42 61
8 4 6 8 4 3 3 1 7 13 13 7 8 3 8 5 4 1 10 11
45 26 31 37 1 28 20 21 14 53 53 17 20 10 36 22 31 27 30 39
29 2 22 17 19 9 13 16 17 26 28 25 20 9 33 11 29 16 32 26
10 9 7 12 3 8 3 1 1 13 11 1 1 2 8 13 9 6 8 10
25 8 24 26 13 16 24 1 19 19 27 24 21 11 28 19 29 4 35 32
21 12 14 15 22 9 11 10 4 24 27 14 9 16 30 12 16 4 24 26
47 18 31 38 24 25 24 17 24 31 40 42 36 18 44 25 42 9 50 43
20 14 8 18 13 6 7 9 9 21 23 8 10 15 21 7 9 1 18 24
35 23 22 22 13 18 8 7 19 37 43 23 19 15 23 25 24 16 28 37
40 25 8 33 5 23 5 24 15 44 41 12 15 14 42 7 11 6 11 38
16 4 15 16 1 9 5 1 5 19 21 7 4 1 13 13 14 7 9 13
22 11 16 21 8 15 11 1 8 20 19 11 13 6 20 17 18 10 18 18
31 15 17 12 23 11 2 17 19 22 30 29 28 14 25 15 22 16 31 27
15 7 6 12 9 7 4 3 4 20 16 6 8 7 15 7 4 1 11 10
56 20 36 35 11 30 29 19 45 49 59 37 40 14 52 40 41 27 41 53
16 5 6 13 10 6 9 5 6 22 17 3 9 9 15 12 10 1 8 17
60 27 37 48 10 33 12 27 25 59 64 28 17 17 56 25 26 19 32 43
40 21 20 29 10 26 20 12 16 37 36 23 21 8 30 21 28 13 27 42
12 3 3 11 4 5 3 1 6 15 12 2 4 2 16 9 6 1 6 11
52 21 38 45 17 26 15 27 27 43 44 46 21 12 50 18 43 23 41 30
18 7 15 10 13 10 9 7 13 17 19 9 15 5 13 18 15 8 15 20
55 26 41 45 28 45 40 26 29 57 55 25 34 22 59 41 51 26 47 63
42 6 14 27 23 21 16 8 27 25 29 15 35 10 42 31 28 6 19 37
47 23 30 40 12 19 13 19 33 42 50 42 22 13 46 11 35 19 43 34
22 7 8 14 13 4 8 7 10 13 19 15 19 5 21 5 13 1 20 21
5 1 1 6 1 2 5 1 3 4 2 4 3 1 8 1 6 1 5 10
50 30 34 29 31 31 28 19 27 49 51 33 37 30 46 40 37 25 46 58
10 5 10 11 5 4 4 1 4 14 14 11 7 5 12 6 8 1 14 7
44 15 17 32 13 32 17 17 9 24 25 33 24 4 41 13 28 2 31 36
53 30 13 41 4 31 18 30 21 49 48 24 25 13 56 10 21 7 22 51
5 1 5 2 2 1 1 1 4 7 7 6 4 1 7 3 3 1 9 5
23 5 10 24 1 14 11 4 12 17 15 10 15 6 25 15 16 5 11 16
10 2 6 10 2 4 2 1 5 15 11 5 5 1 10 6 6 2 7 7
23 8 21 15 3 9 1 6 20 32 36 15 10 2 19 14 18 15 20 17
15 1 2 10 6 4 6 3 2 6 2 6 12 1 18 6 8 1 7 10
58 21 36 43 35 39 20 21 30 53 59 30 33 29 64 41 47 15 35 60
11 2 10 13 9 6 10 1 3 15 10 2 2 8 12 16 14 6 10 12
18 3 2 18 2 8 8 1 7 20 15 3 5 3 19 8 11 1 8 19
21 16 12 22 22 12 12 1 5 20 20 15 15 19 15 20 22 4 26 28
37 13 12 27 10 19 15 6 15 29 29 19 21 6 28 17 20 5 24 36
20 9 16 22 9 12 12 5 3 22 21 14 8 11 20 13 21 5 23 19
23 7 7 17 8 8 14 7 12 27 22 6 14 9 22 13 16 7 11 27
57 35 43 48 27 34 20 29 13 48 51 37 35 20 46 34 51 37 52 38
51 37 16 43 10 34 26 30 23 52 48 32 17 15 52 15 29 7 33 54
46 37 43 45 38 37 36 19 23 57 55 21 34 38 46 54 51 34 48 61
29 8 12 19 4 12 1 9 11 30 31 6 14 6 25 13 8 5 6 18
5 1 7 1 11 1 8 1 8 7 5 2 8 4 10 11 7 1 10 16
28 9 16 20 6 10 2 13 12 25 27 24 12 1 33 4 19 9 22 15
36 14 19 34 1 24 12 12 16 34 40 24 15 8 38 7 21 3 24 37
47 19 23 28 21 24 7 26 20 40 45 36 22 6 51 17 34 15 35 32
17 14 5 10 7 6 7 11 16 23 20 10 15 10 15 9 6 10 14 18
29 19 17 26 7 21 10 4 1 27 25 8 11 5 18 19 20 12 21 21
9 1 8 10 1 1 4 1 8 14 14 9 7 1 13 5 7 1 8 10
4 1 1 5 1 1 1 1 1 10 7 1 1 1 7 1 1 1 1 1
39 5 26 22 19 22 18 6 35 18 35 31 40 6 42 29 35 2 32 41
7 4 1 1 9 1 1 2 4 3 1 2 9 3 10 6 1 1 7 7
47 14 36 28 17 22 24 18 46 41 49 37 33 15 47 36 44 24 43 49
42 21 4 25 10 17 10 20 15 34 32 20 26 13 41 5 8 7 19 32
25 11 15 18 11 11 1 17 5 22 23 17 15 13 28 6 10 7 18 11
50 34 34 50 22 41 27 24 14 50 47 24 11 29 44 32 22 17 37 46
15 4 10 3 1 4 1 5 16 18 22 10 15 1 12 10 6 7 10 14
23 3 16 15 15 14 11 1 19 22 28 10 15 7 25 27 24 5 17 29
18 3 2 12 3 3 1 2 11 13 17 3 12 4 23 11 5 1 3 14
7 4 3 10 5 1 4 1 7 12 10 4 4 4 13 5 5 1 7 10
15 2 4 9 7 7 11 1 13 9 10 4 15 2 17 15 13 1 11 23
15 1 7 10 11 5 13 3 7 4 2 9 15 1 19 10 14 1 15 19
28 15 6 7 11 11 10 11 28 27 31 13 22 11 29 19 9 10 17 35
42 22 18 26 10 20 4 20 15 47 47 26 19 7 36 10 19 16 21 27
23 9 21 15 19 13 14 9 1 17 16 11 14 8 18 21 24 14 24 19
25 6 7 22 1 11 7 7 10 18 18 8 16 6 22 4 9 1 10 22
33 20 14 30 10 19 12 6 11 31 30 10 18 11 21 20 23 13 20 29
44 17 30 38 14 30 24 7 8 30 36 25 23 5 36 29 37 12 37 37
21 3 3 9 13 6 8 3 11 5 8 7 19 2 22 15 12 1 13 21
44 25 36 34 39 28 25 12 24 46 51 27 34 32 43 43 42 22 45 53
12 1 2 13 1 6 6 1 9 13 9 5 9 1 17 6 8 1 9 14
40 15 13 27 11 20 4 16 22 37 39 7 21 16 40 21 10 1 12 37
32 5 13 26 9 16 13 6 9 21 18 13 20 3 27 16 19 4 16 23
49 32 42 40 29 29 21 13 25 58 62 36 24 27 42 40 45 31 48 52
14 9 7 6 4 4 3 7 15 17 16 9 13 5 11 7 5 7 12 16
28 9 3 18 7 8 9 5 18 20 23 5 20 7 29 15 12 1 13 32
31 5 16 17 19 12 24 10 28 12 20 15 33 8 37 24 25 8 26 41
14 2 5 15 5 9 11 1 4 12 10 7 5 1 17 7 12 1 14 19
8 1 5 8 1 5 4 1 1 8 2 3 3 1 5 7 8 2 5 7
34 5 10 20 14 17 13 12 14 23 18 15 27 4 27 14 19 8 18 26
48 13 25 28 22 22 8 9 32 33 44 31 39 12 40 30 35 11 31 41
35 13 18 10 22 13 18 16 29 32 35 15 30 16 36 30 18 17 25 39
56 37 6 37 30 31 21 40 16 41 42 33 40 31 57 14 24 27 30 48
9 1 3 7 4 4 5 1 11 10 11 3 8 1 14 14 6 1 5 14
34 10 8 25 2 16 8 9 18 27 26 7 21 8 35 12 11 1 14 29
58 21 29 50 16 44 19 17 25 49 54 32 25 13 57 37 44 9 23 54
42 22 14 33 12 22 12 11 19 38 41 17 20 18 38 21 19 5 27 45
38 18 14 32 13 23 13 17 6 32 30 13 13 16 43 16 11 1 22 35
23 10 7 19 11 9 10 9 13 21 22 10 17 10 26 10 11 1 16 24
38 18 25 27 15 21 8 20 9 37 39 19 19 14 32 15 24 19 29 27
22 8 14 17 17 10 11 8 7 21 18 9 14 7 16 17 17 8 15 19
21 11 15 21 10 14 7 1 9 22 25 15 8 9 20 15 18 7 21 20
47 21 19 37 27 30 21 17 12 23 22 29 33 18 42 26 35 20 35 36
47 13 32 34 14 22 23 14 33 34 44 31 35 9 45 30 37 12 39 42
5 5 1 6 7 1 2 1 4 10 9 3 5 5 9 2 1 1 8 8
22 6 27 19 21 20 27 15 19 32 31 9 17 25 38 25 30 14 35 38
43 26 50 33 38 35 39 26 24 51 53 22 35 28 49 50 56 38 56 52
26 1 4 18 7 9 4 7 1 17 12 7 15 3 22 7 11 4 6 8
19 9 16 9 17 11 5 10 9 16 18 17 16 8 17 14 15 11 20 15
34 20 26 25 23 19 25 25 27 40 43 13 23 30 47 26 20 14 35 51
31 14 14 12 14 14 21 11 18 25 21 15 24 15 24 22 19 13 27 35
24 15 15 19 25 11 9 7 10 21 23 17 19 17 21 23 18 4 25 24
12 10 5 8 11 6 1 1 9 17 15 9 8 9 7 12 8 1 14 18
19 1 9 13 14 14 5 5 22 18 22 8 21 9 25 24 15 1 1 24
16 6 6 13 6 6 3 5 7 23 20 4 8 6 15 8 5 1 9 15
22 7 26 23 7 15 16 2 11 24 25 18 8 3 20 20 31 14 28 23
8 3 8 7 1 6 1 1 1 11 9 1 2 1 3 8 5 4 5 3
17 4 9 13 1 11 6 4 12 18 14 7 12 1 12 11 13 7 8 16
20 15 10 18 15 7 4 1 14 19 26 15 14 15 21 18 12 1 20 23
10 2 13 8 2 3 1 1 3 17 16 13 4 1 9 4 11 5 16 2
50 20 18 37 9 30 25 15 28 42 41 25 32 12 46 25 25 12 28 45
29 17 23 18 34 21 21 21 23 34 37 4 23 34 47 35 23 12 33 45
17 10 11 17 12 7 8 1 11 22 27 17 9 10 20 11 17 4 24 23
46 27 40 25 36 14 29 36 40 54 57 38 33 36 52 28 41 38 57 45
31 17 16 27 14 20 10 3 3 26 23 13 16 10 17 20 23 9 22 23
13 7 1 12 7 6 1 1 7 17 13 3 6 7 19 8 4 1 9 11
55 33 28 37 12 30 12 25 18 50 59 12 31 13 49 30 24 19 30 46
52 14 23 31 9 33 19 12 27 34 41 18 36 1 45 32 29 13 19 47
28 5 4 20 1 11 5 5 18 24 29 7 17 5 32 11 9 1 9 28
57 35 28 42 30 33 13 33 19 52 54 36 26 33 51 20 21 16 43 45
46 19 17 20 20 21 12 23 27 35 41 28 38 17 44 21 21 21 31 38
31 8 4 14 13 5 8 11 15 26 27 7 21 7 33 12 8 3 13 30
22 15 16 22 12 15 11 11 10 36 37 15 3 15 32 12 20 5 24 34
16 3 7 11 4 9 1 3 9 17 14 3 10 1 15 13 9 6 4 11
37 14 16 26 17 23 17 15 15 35 32 14 17 8 38 24 28 10 16 41
49 24 23 39 17 27 23 17 24 37 47 35 32 15 45 19 31 9 38 48
37 15 9 22 24 16 8 19 14 25 31 18 26 19 42 15 17 9 25 33
34 15 38 24 30 20 27 12 30 39 46 21 25 22 39 40 45 27 44 46
23 4 3 19 3 12 3 4 3 23 18 6 9 1 22 5 7 1 4 13
16 1 6 9 12 3 5 2 3 14 13 5 8 2 20 9 8 1 12 15
36 22 16 35 3 26 7 9 1 38 36 11 6 11 29 11 16 7 19 28
50 25 39 46 15 27 16 13 24 47 51 34 20 14 43 27 44 25 45 35
37 21 14 37 9 28 15 16 7 34 30 15 11 17 38 15 14 1 22 35
43 27 38 35 26 30 25 19 21 46 51 13 19 30 48 42 33 20 39 49
20 1 10 18 1 8 8 1 12 13 18 13 15 2 25 9 12 1 13 20
45 12 40 36 27 28 23 5 35 38 48 30 30 19 43 46 53 18 42 53
39 20 25 22 12 8 5 23 39 42 52 33 16 11 41 14 26 24 28 34
41 11 28 31 18 21 15 19 18 28 31 32 25 7 39 20 39 25 36 28
5 1 1 6 2 2 5 1 1 2 1 4 4 1 6 2 6 1 8 8
30 8 5 20 6 16 1 9 10 25 25 7 15 1 31 15 11 4 3 20
44 38 39 46 22 34 14 15 7 50 53 29 17 32 33 31 36 22 42 39
46 34 37 37 29 34 26 17 12 49 47 18 30 21 33 42 40 26 42 51
14 7 10 14 4 12 4 4 6 21 21 13 4 1 17 9 10 2 12 16
28 15 21 28 1 18 10 9 1 31 30 11 9 9 20 17 20 13 14 16
25 14 23 24 10 13 9 9 10 33 35 14 4 14 17 15 23 11 25 25
36 4 5 20 13 12 4 12 15 23 24 11 27 7 35 14 15 8 12 24
14 1 1 6 9 4 1 7 1 8 1 7 12 1 15 2 4 3 7 3
14 6 4 10 7 4 8 7 13 22 19 5 11 4 15 9 9 6 7 20
37 23 25 34 6 25 13 11 11 44 47 18 10 6 36 23 29 17 25 34
8 1 8 5 5 2 7 1 6 8 8 4 6 1 7 10 11 1 10 16
13 2 3 11 1 5 1 1 2 19 14 1 5 3 11 6 3 2 1 5
11 9 2 8 13 4 1 3 4 11 10 6 10 8 9 8 5 1 11 10
10 11 4 13 11 5 4 1 5 11 12 9 6 10 9 7 10 1 15 15
6 5 6 6 9 3 9 1 4 1 4 9 5 5 11 7 11 1 18 15
21 1 14 17 7 14 18 1 17 17 15 9 15 4 26 22 21 2 18 33
29 11 8 14 18 7 8 16 10 27 22 8 18 15 28 11 12 8 17 26
21 3 8 14 7 9 4 5 8 12 12 6 16 1 21 14 11 5 8 13
10 1 1 9 1 1 1 1 6 8 12 1 6 2 17 6 1 1 1 11
11 11 8 11 21 4 12 4 5 10 10 8 10 15 13 15 15 5 20 18
35 20 12 18 18 12 7 25 18 30 35 21 27 20 37 10 12 13 27 31
50 21 46 35 14 27 42 26 48 45 51 46 42 14 55 38 48 26 58 54
58 24 26 32 19 37 31 19 47 47 52 32 48 23 57 43 32 20 37 60
43 26 20 43 7 32 11 16 6 39 41 25 6 15 41 14 26 1 31 39
14 8 4 16 1 8 1 7 1 20 17 1 1 9 15 3 1 1 5 13
32 10 23 28 10 18 13 3 16 19 26 23 22 9 31 23 26 8 29 23
21 1 16 19 1 11 9 1 9 14 17 15 13 1 21 12 19 2 16 16
19 10 4 14 1 6 1 10 9 26 22 3 9 8 17 3 1 2 4 19
10 1 3 1 8 1 1 7 1 4 4 11 12 1 11 1 3 2 9 1
15 10 13 18 13 8 9 1 5 16 20 20 9 9 13 12 21 1 28 22
41 21 32 35 8 26 20 7 23 36 43 30 24 9 31 28 37 18 40 39
7 2 2 6 2 4 4 1 1 3 1 5 3 1 5 3 6 1 10 5
14 1 5 14 1 8 4 1 5 16 13 7 3 1 18 5 7 1 10 12
14 8 2 1 7 1 6 5 19 14 18 4 15 5 14 15 5 5 11 24
22 16 2 10 1 6 8 14 18 27 26 8 16 13 24 7 1 9 10 25
18 11 10 17 6 10 1 6 7 22 22 5 7 10 19 10 5 4 11 14
42 12 20 33 11 26 20 8 32 28 36 22 35 9 46 30 27 1 27 41
62 28 37 51 34 39 24 22 25 47 54 50 39 29 60 34 49 17 55 56
34 13 20 24 3 22 20 11 25 29 28 22 26 7 27 22 22 15 24 33
46 26 21 26 28 23 19 20 21 43 43 25 29 23 39 30 25 22 33 44
61 25 20 42 31 42 14 16 25 35 40 37 44 19 57 36 40 5 33 51
37 21 20 34 22 22 16 10 13 31 30 17 21 25 31 25 27 4 32 41
21 17 21 17 21 11 10 4 11 24 29 24 18 17 10 19 27 9 34 30
22 4 5 18 8 8 7 7 4 18 14 5 13 5 19 9 11 4 6 13
44 21 23 35 26 23 20 8 26 30 41 28 36 23 42 34 33 5 38 50
25 1 9 11 13 6 15 3 23 18 23 6 23 5 32 19 19 5 14 36
29 11 21 25 14 16 15 9 11 29 30 25 13 8 30 13 27 9 32 27
24 7 15 21 11 16 19 4 21 18 18 17 23 6 26 20 21 1 25 30
56 32 41 48 26 36 26 26 30 57 61 34 19 33 56 36 33 19 50 59
51 29 45 48 11 42 32 14 27 46 52 37 37 10 40 41 50 18 51 48
1 3 10 4 10 1 5 1 4 11 15 9 1 7 8 8 10 1 20 14
5 3 2 5 4 2 2 1 1 8 5 3 1 2 8 2 3 1 7 6
17 4 1 6 8 9 1 1 14 13 18 2 15 2 22 12 5 1 4 18
2 3 9 2 9 1 4 1 1 10 11 9 3 4 4 6 8 1 18 9
35 9 13 29 3 22 7 4 14 24 26 6 15 7 34 22 19 3 12 27
34 5 23 16 34 26 29 20 25 30 28 9 32 23 47 34 33 20 33 43
41 15 27 28 24 20 35 20 33 32 36 27 38 22 48 29 32 17 40 49
30 4 26 20 12 9 10 5 21 35 40 15 13 8 31 24 27 15 25 28
27 10 8 20 6 12 2 10 20 25 33 5 15 12 32 13 9 1 8 29
7 5 5 7 5 1 2 2 7 13 15 6 5 3 5 3 4 1 11 12
36 16 7 21 22 14 4 12 26 32 36 10 28 18 35 23 15 4 12 35
38 20 19 32 3 23 12 15 13 44 41 8 13 12 32 16 17 14 16 35
53 25 34 44 29 41 40 28 33 36 36 42 43 18 63 38 48 18 50 58
63 26 36 53 16 45 32 28 23 38 44 31 41 17 61 38 43 17 43 56
7 2 2 7 2 1 2 2 7 11 10 3 8 1 7 3 4 1 5 10
48 26 31 44 17 34 21 23 16 39 43 31 19 23 51 20 16 7 39 40
50 22 15 35 23 26 17 25 24 26 32 27 39 23 51 19 24 12 34 46
27 12 7 10 1 12 13 13 23 31 28 13 22 9 29 14 5 12 13 29
25 9 19 17 21 3 8 14 8 16 22 26 14 10 23 8 26 13 34 15
18 9 25 13 21 10 15 6 10 22 23 13 12 11 21 24 24 14 26 22
16 7 19 18 9 10 10 6 9 25 27 12 4 12 18 17 19 8 18 21
33 16 34 21 28 17 19 9 26 42 50 16 24 22 34 39 38 22 39 44
53 25 30 43 11 31 5 21 28 56 63 31 17 12 51 25 37 21 27 37
19 7 10 9 17 8 3 14 4 6 9 23 19 9 22 2 17 13 24 11
33 10 21 23 11 20 13 3 20 21 29 24 25 8 25 22 26 5 30 32
57 34 31 33 15 38 33 27 38 45 53 50 43 18 53 33 37 17 51 60
10 2 6 7 1 6 1 1 3 14 10 2 1 1 4 7 7 3 5 9
44 24 33 35 20 25 22 22 26 46 50 25 20 27 47 28 27 13 42 49
61 31 32 41 33 41 8 17 27 53 63 38 39 23 48 40 44 15 31 57
2 1 8 5 8 1 7 1 4 7 10 5 1 5 10 7 7 1 14 12
58 35 40 55 24 44 33 18 24 47 48 37 38 28 51 43 46 9 52 57
15 6 14 8 12 4 1 5 9 18 21 16 12 5 14 7 11 6 19 8
13 7 1 13 4 10 1 4 7 18 14 6 5 1 18 7 5 1 6 13
11 5 4 13 5 8 8 1 7 9 6 6 9 4 16 8 10 1 11 12
34 7 21 28 18 18 26 8 21 22 25 17 25 14 44 27 27 7 29 38
5 1 10 6 10 1 11 1 7 12 10 5 6 7 9 11 12 4 14 18
39 17 24 37 4 35 27 10 7 31 28 14 17 1 35 30 37 13 24 42
30 9 10 20 24 19 13 16 2 20 12 16 19 14 31 15 22 14 19 26
9 1 5 11 1 6 1 1 2 16 11 2 4 2 6 8 5 4 3 3
6 1 1 3 3 1 1 1 1 5 3 1 5 1 6 1 1 1 4 1
28 16 8 17 18 18 5 17 9 28 25 21 18 9 29 8 11 6 18 24
34 23 17 19 18 11 13 18 20 38 44 20 21 23 36 17 16 12 32 39
8 1 2 4 4 1 3 1 1 5 4 2 6 1 6 4 5 1 5 9
39 15 21 33 14 21 12 4 5 24 27 22 21 11 27 21 26 4 27 26
24 5 10 16 8 12 10 4 10 19 17 4 15 1 22 21 16 8 8 20
16 5 20 10 18 8 17 5 9 18 18 15 12 11 18 16 24 10 28 23
30 14 7 23 12 18 4 13 5 26 21 14 13 5 30 8 13 4 12 17
27 8 7 28 1 18 11 5 6 20 18 9 10 7 31 6 12 1 11 24
10 1 9 11 1 7 4 1 6 12 11 8 6 1 10 7 10 3 9 10
16 7 11 12 6 4 8 7 12 22 24 12 9 6 13 10 12 6 13 20
12 1 2 12 1 5 1 1 2 17 12 1 1 1 11 5 5 1 3 7
53 23 36 31 6 29 28 24 32 43 51 28 43 7 48 36 36 31 38 48
6 1 1 2 1 1 1 1 1 5 1 1 4 1 7 1 1 1 1 4
42 5 28 31 21 29 33 7 34 30 34 19 36 13 52 44 41 9 33 48
9 1 7 11 7 2 10 1 6 13 12 5 7 5 12 8 11 1 11 17
33 1 16 23 21 19 20 11 11 22 16 14 22 11 35 22 27 12 20 27
48 25 27 36 11 21 8 24 29 46 57 26 19 19 51 14 20 13 36 39
30 8 9 13 11 14 10 7 27 24 28 13 28 6 29 20 17 6 15 34
9 2 11 8 6 2 5 1 5 13 15 9 5 2 13 12 13 2 16 12
13 4 1 4 14 1 1 7 3 6 7 10 14 6 11 1 4 2 13 10
36 18 30 36 8 23 15 16 20 33 39 28 14 18 39 14 20 6 38 32
42 22 18 27 28 22 13 25 17 38 40 29 27 20 45 18 28 16 33 41
36 8 40 27 25 25 33 16 36 38 41 29 32 18 45 32 45 22 49 46
27 5 10 21 1 14 4 4 14 18 26 9 15 6 32 14 13 1 13 26
8 5 4 9 5 1 4 1 9 16 15 5 7 5 12 1 1 1 8 11
12 2 4 7 10 3 7 5 1 7 3 6 11 1 12 7 8 1 10 10
57 18 22 39 18 35 7 19 17 45 52 25 30 12 55 27 34 16 18 40
21 14 17 20 5 17 7 3 5 27 26 7 6 4 21 18 13 11 17 17
56 43 44 37 31 35 43 33 36 61 60 33 38 41 51 47 42 41 52 61
26 11 18 29 1 18 11 10 11 20 26 16 11 12 33 11 12 1 23 29
20 9 10 19 12 10 9 1 5 13 14 16 14 8 15 12 16 1 22 19
40 25 26 35 10 28 13 22 11 43 40 9 16 17 39 26 15 14 19 32
26 1 21 21 19 15 21 1 24 17 25 17 23 13 37 31 31 6 25 37
54 30 33 42 16 39 30 21 23 38 40 23 41 8 46 42 41 24 39 48
10 1 1 7 5 3 6 3 7 8 6 3 10 1 14 7 7 1 3 12
12 1 6 11 2 5 3 1 10 20 17 3 8 2 13 12 6 3 3 13
14 6 3 8 2 3 6 4 11 18 18 9 12 2 16 1 6 3 13 19
37 27 25 31 14 18 5 24 11 37 42 38 8 9 34 3 30 12 37 23
11 1 2 11 1 2 1 1 1 16 14 3 1 1 11 2 2 1 3 9
32 6 10 23 14 15 13 11 8 17 18 17 21 8 38 10 17 3 21 25
61 42 38 55 16 41 10 30 13 66 68 40 15 24 47 19 39 13 44 47
6 2 9 2 2 2 1 1 5 14 16 10 3 1 9 1 5 2 14 5
14 1 11 11 5 10 10 1 2 12 13 11 5 2 10 10 16 2 16 16
18 4 1 13 4 4 1 1 3 20 16 1 8 3 17 1 2 1 5 10
39 13 27 24 28 11 10 16 23 25 36 30 23 14 37 25 38 18 39 27
26 3 6 17 9 11 6 8 9 17 18 14 19 2 32 7 9 3 11 16
32 9 14 22 20 18 16 16 13 14 17 29 32 11 33 9 26 11 32 29
34 16 22 23 22 24 21 18 8 30 25 10 23 11 30 28 29 22 25 30
7 8 1 9 3 1 1 2 2 15 14 3 3 8 10 1 1 1 8 9
43 39 20 43 14 34 16 29 10 47 45 27 7 21 47 17 23 1 33 44
10 1 5 9 1 4 1 1 8 17 14 1 3 1 7 7 4 3 1 7
14 1 12 9 7 2 5 1 9 13 22 7 7 4 19 18 16 1 12 19
53 32 36 48 29 36 21 17 7 40 41 30 26 30 42 35 36 10 44 46
46 21 17 31 18 21 14 19 13 34 35 23 27 17 33 17 25 15 29 37
30 12 14 21 3 13 1 11 12 34 39 11 12 10 33 8 6 1 17 24
14 8 14 14 1 13 7 1 6 21 16 6 7 1 7 15 12 11 7 11
47 26 34 38 30 33 39 21 37 45 47 29 40 36 50 42 43 21 51 62
30 16 22 28 6 17 4 4 10 35 39 20 4 5 26 17 24 14 25 23
52 24 32 30 22 31 27 14 38 51 58 31 33 24 50 42 38 24 40 60
8 4 5 3 9 1 2 3 5 9 9 6 10 3 15 6 2 1 11 7
5 1 6 7 2 1 3 1 1 9 11 7 1 1 6 5 5 1 9 6
34 22 9 13 16 10 12 20 26 30 31 21 31 18 33 19 8 14 23 31
31 23 29 30 22 25 27 6 9 31 29 12 18 18 22 37 40 19 37 44
36 14 29 33 13 25 25 4 20 32 36 19 19 11 34 32 34 12 33 39
35 26 34 34 14 24 15 8 11 40 47 20 20 11 28 35 38 22 39 37
23 6 32 16 21 14 21 9 18 31 30 17 16 14 22 25 36 21 34 30
13 6 5 15 1 4 3 5 5 14 13 6 6 7 18 5 5 1 5 9
9 2 1 10 1 2 1 1 1 15 10 1 2 3 9 4 2 1 2 5
56 24 38 46 33 41 34 26 19 32 38 29 36 33 62 39 47 24 53 56
29 5 22 26 9 17 18 2 13 26 28 17 13 10 35 24 27 7 24 32
36 17 4 15 21 17 13 27 21 19 22 22 38 17 35 16 16 22 19 33
44 24 26 34 32 29 7 9 29 42 55 33 34 26 42 33 34 10 29 51
22 11 19 15 14 10 1 5 3 24 24 19 11 8 14 13 18 10 23 9
31 16 6 18 10 13 5 19 18 33 32 18 22 5 34 7 7 8 11 25
17 1 8 13 10 9 13 5 6 12 7 9 14 4 17 12 15 1 14 17
24 16 22 16 26 15 7 4 23 23 36 27 21 18 24 27 29 9 32 33
27 7 9 17 11 8 9 8 13 25 27 8 17 8 28 13 13 1 16 27
30 24 25 26 23 28 28 26 23 48 45 19 17 20 43 21 32 15 35 49
28 9 11 11 18 9 6 17 18 21 27 20 28 8 29 14 15 13 22 26
57 23 30 34 14 39 22 20 37 54 61 36 37 15 51 39 41 20 31 62
58 31 22 27 17 29 13 29 32 55 63 38 35 16 56 24 25 18 34 48
29 16 13 21 22 15 1 7 10 27 26 16 21 15 24 21 16 7 19 19
23 7 19 24 1 13 6 3 3 26 26 14 2 4 19 10 21 11 16 12
18 2 16 17 11 8 14 1 5 17 15 5 7 8 19 18 20 8 16 19
5 1 1 1 1 1 1 1 1 3 2 1 5 1 3 1 1 1 2 2
43 20 21 22 23 23 17 22 20 35 38 25 27 14 39 23 29 18 28 43
1 1 6 1 3 1 4 1 3 3 7 5 1 1 1 5 5 1 8 10
37 19 15 34 1 25 5 12 8 41 44 16 4 3 36 13 19 4 10 32
7 1 2 3 2 2 1 1 7 10 7 2 8 1 4 4 2 1 4 8
39 7 16 22 4 13 5 8 28 41 48 19 19 3 38 17 23 14 20 32
23 5 7 16 4 7 1 4 12 19 26 4 12 5 25 13 8 1 7 21
21 9 9 15 11 10 5 7 11 20 17 4 14 5 16 13 12 8 8 15
51 18 20 34 41 32 21 13 23 28 32 23 41 26 46 40 46 18 34 55
9 5 5 9 11 2 9 2 5 15 13 1 7 9 11 11 8 2 11 16
7 5 9 6 7 2 5 1 2 5 10 12 7 4 7 2 11 2 18 11
32 12 18 16 36 15 8 10 18 23 32 26 31 21 33 28 31 10 35 37
6 1 7 2 8 1 6 1 1 5 4 5 6 2 5 7 8 1 10 9
44 16 38 33 29 34 30 20 26 39 43 12 29 30 54 44 39 18 41 53
24 6 24 24 1 19 15 2 11 23 25 16 14 1 18 18 26 11 22 25
18 3 6 13 2 8 4 2 8 26 21 1 6 1 12 11 10 6 2 19
49 21 35 48 3 34 19 10 16 43 47 33 17 8 43 24 38 14 39 34
48 31 32 37 14 33 34 26 29 60 58 9 28 20 52 44 35 34 32 59
4 1 11 5 12 3 13 1 10 14 11 5 4 9 9 15 12 6 15 20
32 12 28 33 6 20 16 6 15 33 34 23 13 8 25 19 32 14 31 27
6 1 1 7 2 1 1 1 4 6 7 1 5 1 10 1 2 1 3 5
3 1 1 6 1 1 1 1 2 5 6 3 4 1 4 1 3 1 5 8
20 12 18 22 7 6 6 11 14 26 31 17 5 11 27 7 19 9 27 20
55 32 27 41 11 40 25 16 31 45 46 38 39 16 42 34 34 12 39 54
6 2 14 6 2 4 1 1 3 15 14 13 5 1 6 6 10 6 15 2
23 8 15 18 21 11 19 6 22 27 30 4 18 20 30 29 26 12 25 39
41 17 31 34 22 25 13 8 27 39 50 25 22 16 37 37 41 18 31 40
5 2 4 2 10 1 5 3 7 5 7 4 9 2 10 5 4 1 10 12
8 2 5 9 9 1 9 1 5 7 7 1 3 7 17 11 10 1 13 16
22 1 10 14 8 11 1 1 18 21 27 6 17 3 22 20 12 2 5 18
40 27 18 21 4 23 14 27 22 46 48 32 24 12 41 11 14 15 27 36
8 7 5 4 10 3 3 4 4 10 9 7 9 6 8 3 1 1 12 8
11 8 1 9 14 1 6 6 4 10 10 5 11 8 12 6 5 1 11 10
45 20 30 31 35 26 8 9 27 42 53 31 39 24 37 40 39 14 32 46
68 37 18 47 19 38 7 29 16 54 58 27 30 22 58 23 27 13 31 54
49 30 41 28 16 26 30 23 35 54 61 23 35 18 47 45 41 37 47 53
1 3 7 1 4 1 1 1 4 10 13 9 4 2 1 1 4 1 14 9
14 3 8 12 1 4 1 3 1 18 22 9 4 4 14 1 5 1 8 8
59 47 40 42 20 40 19 26 17 66 68 34 33 37 46 35 28 29 47 53
19 7 7 16 8 11 10 1 12 19 21 10 10 4 25 14 11 1 15 24
26 7 6 14 18 8 10 8 12 8 13 15 24 7 30 16 14 3 20 22
16 3 2 9 4 2 1 1 13 18 22 2 9 3 20 11 4 1 6 18
8 1 1 7 7 1 5 1 4 4 6 1 7 1 14 6 6 1 9 12
29 22 25 29 10 12 3 18 17 35 40 24 7 20 33 12 19 12 34 24
16 3 8 11 10 8 9 2 3 11 6 2 10 2 13 15 15 4 10 15
54 23 31 27 26 28 19 27 35 46 55 31 44 16 49 37 39 33 38 47
12 3 1 2 12 4 2 9 4 5 1 7 14 4 15 5 3 4 8 6
16 7 15 16 6 14 9 1 1 24 22 7 1 2 11 16 14 6 13 19
41 17 25 23 27 19 23 16 22 25 30 28 32 19 37 29 37 22 41 46
18 6 5 18 1 9 1 2 5 23 20 1 3 4 14 9 7 3 1 16
10 9 10 8 14 5 6 1 6 15 15 11 6 10 1 14 13 1 20 19
62 25 40 57 2 41 22 24 31 54 63 44 23 8 63 28 47 14 41 51
8 1 1 2 2 2 1 1 1 6 4 1 5 1 4 5 3 1 1 4
7 3 9 5 8 5 8 1 11 10 11 6 7 4 10 16 9 3 12 17
16 4 5 12 3 6 1 2 7 24 19 2 8 4 13 7 4 3 5 10
14 5 15 15 3 6 4 6 7 26 26 14 3 6 13 8 14 7 15 13
3 2 7 5 7 1 6 1 5 7 10 6 4 3 7 6 9 1 14 13
1 1 3 1 3 1 4 1 1 5 4 2 1 1 1 6 3 1 6 8
50 30 29 43 24 33 31 19 35 34 41 37 47 16 46 36 41 11 44 54
14 3 11 11 11 9 18 3 12 10 9 9 14 7 13 16 19 4 19 27
34 21 22 19 12 11 9 20 28 36 47 30 14 9 37 12 28 16 34 38
9 3 5 7 4 5 6 1 4 6 9 8 5 2 12 1 8 1 13 12
9 5 12 3 14 4 13 4 18 14 14 5 9 10 14 20 13 7 17 26
38 17 33 34 21 34 32 22 25 45 49 27 20 19 54 33 43 16 39 54
36 17 23 30 19 25 14 1 13 23 25 24 29 14 26 28 29 8 30 35
28 18 4 21 8 9 1 6 14 29 35 11 12 13 27 9 6 1 14 30
10 9 1 10 10 3 1 1 7 14 15 6 9 9 11 9 4 1 11 14
26 1 18 22 1 18 16 1 17 14 20 17 17 1 28 24 22 2 19 25
25 10 8 16 18 4 6 9 8 20 26 14 14 11 25 6 12 1 20 22
43 28 23 38 26 34 20 7 11 35 36 26 24 22 35 37 37 13 32 48
17 4 15 11 3 1 3 7 20 23 31 16 14 3 21 6 12 10 17 17
42 21 3 32 25 23 10 19 2 22 19 25 26 21 41 8 20 11 27 27
12 1 2 10 1 1 1 1 11 13 15 3 10 2 17 6 3 1 3 13
19 1 7 13 5 9 10 1 12 12 12 8 16 1 21 17 14 3 10 20
41 5 28 28 22 20 24 10 22 21 29 22 30 14 46 35 36 12 31 38
16 10 18 18 4 11 6 1 1 20 20 9 2 3 11 13 17 10 17 9
8 1 4 7 1 3 3 1 2 11 10 3 1 1 13 8 6 1 7 12
31 10 26 25 6 21 20 8 29 22 30 28 31 4 31 23 28 7 32 34
9 3 3 12 1 1 1 2 1 12 11 4 1 4 11 1 2 1 5 7
62 40 33 55 10 48 33 29 27 59 58 31 25 9 58 34 44 17 38 62
24 7 10 19 4 10 2 3 5 23 25 10 10 6 27 8 11 2 15 15
40 19 13 20 26 14 15 25 16 23 29 36 32 18 34 6 30 23 41 35
9 4 1 2 8 2 1 2 4 9 5 1 9 3 13 6 1 1 6 4
32 11 13 22 20 10 8 10 5 23 29 25 16 12 30 6 23 8 31 23
25 6 2 16 11 8 4 10 1 18 12 8 15 7 26 4 7 3 10 10
46 25 20 24 12 24 23 23 28 40 37 28 36 22 42 21 16 17 33 38
22 6 5 10 10 9 9 5 20 20 25 5 15 4 24 17 13 3 8 34
50 35 25 35 18 32 23 20 22 47 53 32 22 18 40 32 37 16 38 59
25 11 25 19 5 16 15 5 13 25 34 9 17 1 22 29 29 16 23 31
53 40 22 35 3 35 18 28 24 59 60 25 22 18 49 26 18 22 28 51
20 1 2 8 5 6 5 1 13 12 13 3 17 1 20 12 9 1 7 20
7 1 1 1 3 1 1 2 2 3 2 1 8 1 8 1 1 1 1 6
37 18 26 34 15 16 9 7 17 31 38 33 23 17 33 14 31 10 39 31
15 6 1 10 1 7 1 4 5 18 16 5 6 1 11 1 3 1 2 15
53 33 25 39 31 38 29 33 10 32 33 31 44 23 42 28 40 35 42 46
37 22 31 28 19 24 32 23 22 48 44 7 28 21 36 37 35 32 30 47
38 12 20 30 29 25 13 4 23 30 34 16 24 21 36 40 37 8 22 43
51 27 36 48 10 36 27 13 23 34 48 26 26 16 48 39 39 13 41 49
5 1 1 7 1 1 1 1 1 11 10 2 1 1 7 1 1 1 3 2
22 1 6 12 5 8 5 1 13 9 15 9 20 1 27 14 12 1 11 16
51 29 29 44 25 31 22 15 23 36 44 35 40 26 46 27 33 9 42 49
5 1 6 7 1 1 1 1 4 10 11 6 1 1 9 4 6 1 5 8
46 29 29 45 10 37 27 22 22 40 46 41 19 10 48 15 36 1 41 47
37 8 26 31 7 19 16 10 22 30 35 29 24 7 39 15 28 8 33 25
47 16 38 40 15 33 32 21 27 31 37 42 40 6 45 33 43 15 44 36
52 42 26 33 25 38 25 23 22 54 51 35 34 32 38 37 32 27 38 56
62 46 26 47 14 41 25 35 17 63 60 24 32 15 50 30 35 28 35 52
47 25 24 38 25 28 14 20 7 34 36 29 21 26 39 21 21 1 39 37
20 9 5 18 12 8 2 1 4 16 14 11 14 9 16 9 12 1 17 16
18 9 7 18 5 8 6 6 7 22 20 7 9 9 16 7 8 1 11 18
46 21 15 25 34 21 11 24 22 31 41 20 34 29 50 21 25 12 33 48
36 16 7 16 22 16 1 7 15 28 32 14 29 12 29 21 13 6 16 28
32 22 30 22 9 18 20 16 17 45 45 16 15 20 28 25 24 23 32 39
22 2 13 22 1 16 11 1 9 18 13 11 10 1 21 14 17 5 11 16
26 11 8 19 11 9 15 10 14 25 21 11 20 10 23 12 15 6 18 29
52 21 32 41 29 34 23 16 20 33 39 46 44 18 41 31 47 13 52 46
49 25 18 41 15 30 10 11 19 42 41 19 27 20 40 24 24 7 26 41
43 21 22 37 27 31 30 20 20 37 33 24 25 22 55 28 36 11 36 48
27 8 13 15 23 11 6 6 19 21 28 15 24 12 31 23 18 1 18 24
7 5 11 4 10 3 7 1 9 13 14 11 9 5 7 9 11 3 18 14
40 22 39 36 31 35 33 24 16 43 39 12 19 35 46 38 34 20 43 47
30 9 10 25 10 17 15 6 12 30 25 11 15 7 29 15 19 4 16 32
28 7 17 15 14 6 10 10 15 30 30 17 17 7 26 10 21 10 26 23
29 10 4 14 17 9 11 16 14 23 19 11 25 8 26 10 14 11 16 24
11 1 1 3 5 1 3 3 12 4 10 2 13 1 15 9 4 1 2 15
43 18 30 30 33 14 15 24 22 32 34 39 26 22 38 17 44 25 50 33
47 23 33 43 15 33 16 10 20 45 49 39 18 11 35 27 45 14 42 46
63 35 26 48 8 41 24 35 20 59 56 21 36 3 58 30 36 28 26 51
51 33 15 30 33 29 15 28 15 37 39 40 38 26 40 19 31 19 40 48
10 10 10 8 11 7 5 1 4 12 11 11 5 9 7 12 9 5 16 10
10 1 5 6 9 1 1 8 6 6 6 8 13 1 16 4 1 1 7 4
7 5 3 9 5 4 4 1 9 11 9 4 7 4 12 6 6 1 9 11
68 36 42 54 20 47 36 24 35 58 68 32 39 22 66 47 51 24 48 74
26 14 17 21 16 12 2 4 6 21 26 16 15 11 18 19 18 6 20 17
13 4 6 11 4 9 1 1 7 20 15 4 5 3 10 8 7 4 7 11
63 18 22 41 30 40 17 22 32 35 47 42 51 18 63 29 41 15 38 55
23 10 11 22 6 12 7 6 3 23 21 4 6 7 18 13 13 6 9 18
2 1 1 2 1 1 1 1 6 7 5 1 4 1 6 5 1 1 2 7
50 25 16 38 22 26 24 19 27 36 42 25 30 18 54 25 32 8 32 57
21 6 2 17 7 7 5 4 6 17 14 5 13 6 27 6 7 1 10 13
22 5 10 18 9 14 15 4 12 23 18 6 14 5 18 16 19 5 16 28
7 3 6 6 7 2 7 1 1 5 5 7 7 2 5 5 9 1 13 10
33 22 13 31 5 24 2 18 5 40 37 15 3 14 34 8 3 1 16 28
18 5 7 15 6 10 6 1 8 22 17 2 8 2 15 12 12 5 8 17
4 1 1 3 1 1 1 1 2 5 5 1 5 1 5 1 1 1 1 6
22 12 11 23 1 15 4 9 8 26 23 4 8 11 21 14 10 8 5 16
36 16 20 29 21 19 19 8 18 23 29 19 23 20 38 30 29 5 32 39
14 1 7 11 6 7 5 5 9 17 14 5 12 1 9 10 9 5 5 14
38 20 15 30 7 21 18 17 16 37 36 16 17 18 41 14 15 6 27 46
31 19 12 23 7 17 2 14 8 37 32 1 9 14 26 12 4 5 11 24
11 1 6 9 5 6 1 4 1 11 7 4 9 1 7 8 6 4 5 4
10 1 1 10 1 1 1 1 2 9 7 1 4 1 15 4 2 1 1 9
37 19 10 20 28 15 4 9 17 30 36 18 34 17 34 24 17 8 21 33
57 26 31 41 34 32 22 19 19 45 51 29 32 31 53 34 44 23 47 57
36 4 22 16 18 14 16 10 24 24 31 19 31 5 34 28 30 12 23 38
28 10 10 18 3 10 6 2 16 27 30 2 16 1 23 19 14 9 9 27
11 4 11 14 8 4 11 1 1 12 13 10 6 7 14 9 14 1 16 14
37 22 22 36 3 27 14 13 11 44 43 10 14 8 35 22 21 16 18 34
47 19 39 36 18 34 36 10 27 29 39 24 36 9 46 47 46 15 44 51
12 10 6 9 12 3 3 3 7 10 13 11 11 9 8 6 8 1 16 13
27 6 16 18 8 15 14 3 16 28 29 9 14 5 26 22 21 9 16 37
29 14 32 20 35 28 23 10 21 38 38 11 24 30 33 42 36 21 38 44
44 18 46 37 39 30 34 14 28 36 43 43 39 28 45 42 54 21 61 50
3 1 2 2 1 1 1 1 1 6 6 3 4 1 4 1 1 1 3 1
7 4 12 4 7 1 1 3 7 14 17 13 8 3 8 3 8 5 18 7
26 19 24 21 11 13 10 9 15 35 39 21 13 9 16 19 25 20 29 26
26 7 11 17 13 8 6 4 8 17 24 4 13 9 26 19 16 1 15 23
35 15 20 22 6 7 7 16 30 35 43 28 20 7 38 5 22 19 30 28
44 34 24 37 14 26 19 19 13 49 46 11 18 21 34 29 28 19 31 46
8 1 4 7 1 4 2 1 4 10 10 6 4 1 11 1 5 1 10 9
31 18 20 16 32 15 12 18 12 23 27 27 28 22 20 21 28 18 36 33
54 22 25 43 24 38 19 28 12 32 35 45 33 16 50 18 43 26 42 37
29 11 24 24 9 17 11 8 4 34 34 9 7 10 27 19 22 11 21 25
8 3 1 9 1 1 1 1 3 11 11 1 1 3 15 1 1 1 5 8
8 4 4 7 10 2 8 1 5 11 8 2 3 6 14 12 9 1 12 14
37 18 6 23 20 16 10 10 26 37 41 11 23 17 39 24 18 5 15 45
63 31 33 46 35 42 28 26 29 57 61 22 34 30 67 43 43 21 40 67
17 8 6 17 11 6 12 3 4 15 13 6 9 11 20 8 13 1 17 20
19 9 7 13 13 9 7 6 11 24 19 6 13 7 15 12 11 6 13 19
18 4 5 19 4 10 10 1 7 18 15 8 10 4 22 7 11 1 11 17
28 5 14 12 12 9 1 16 13 27 27 22 22 5 24 5 16 14 20 16
57 37 18 32 36 35 25 35 22 42 41 38 46 35 44 31 32 33 42 51
3 3 1 2 5 1 1 1 1 1 1 3 2 2 2 1 2 1 8 5
20 5 11 14 14 7 7 5 2 17 15 6 10 4 14 14 13 6 12 14
6 5 3 5 7 2 4 1 4 11 8 4 5 4 5 5 5 1 10 10
43 18 6 18 16 14 5 25 20 33 37 14 29 18 45 15 8 9 21 38
56 31 44 49 20 31 24 24 15 51 54 26 22 21 52 33 48 26 52 46
58 28 17 42 32 35 16 23 17 36 41 23 38 26 53 32 37 21 31 49
11 3 8 11 1 10 1 1 7 21 16 4 5 1 10 10 7 6 5 9
5 3 3 8 3 1 2 1 5 6 8 5 4 2 11 1 4 1 11 9
14 8 3 13 14 5 7 1 3 8 10 10 13 7 11 8 13 1 18 20
16 9 14 18 6 10 5 6 5 23 25 8 4 10 15 11 12 3 16 17
27 12 18 22 8 10 4 8 13 28 30 17 12 12 29 13 18 10 23 17
46 21 26 31 34 22 18 9 19 32 41 24 35 22 37 38 36 15 35 47
52 29 38 39 40 39 31 25 27 60 57 21 37 44 50 41 44 27 50 63
22 10 14 17 13 9 11 7 14 25 23 8 14 9 17 17 17 10 16 24
20 1 6 13 4 12 9 3 9 11 7 8 15 1 20 9 12 1 9 14
2 1 8 1 1 1 1 1 1 10 10 7 1 1 1 3 4 1 9 2
8 5 2 9 5 1 3 2 1 11 9 3 6 5 10 4 2 1 6 6
52 19 30 35 22 29 22 18 19 37 44 18 30 19 51 33 35 15 36 48
20 2 8 15 5 12 8 2 1 15 13 11 9 1 18 8 13 1 12 17
47 20 23 31 22 30 22 22 13 37 34 20 30 11 41 25 33 24 30 45
41 24 25 31 28 25 15 12 23 45 52 16 22 31 45 33 30 8 37 56
17 2 9 12 3 5 1 6 1 17 19 8 7 3 14 4 5 1 6 4
47 31 56 41 36 44 44 21 30 52 55 28 44 31 47 59 64 37 64 67
49 30 28 23 24 21 24 22 34 43 54 32 37 32 46 36 31 22 44 54
13 7 8 15 2 10 6 1 3 16 11 1 1 1 11 12 12 7 7 12
43 19 22 34 5 24 16 13 23 35 39 16 25 12 38 23 22 12 23 41
41 6 42 31 32 35 31 15 36 43 51 18 32 29 52 50 52 23 38 55
56 27 27 35 45 33 6 27 36 38 50 43 55 33 52 36 42 20 39 54
50 20 13 26 18 23 15 25 19 31 39 25 38 14 45 23 26 27 25 39
57 22 53 45 24 30 35 26 38 57 60 30 34 17 59 43 58 39 54 52
9 2 1 11 2 2 4 1 1 9 7 1 4 2 11 2 5 1 6 9
19 10 9 19 11 9 5 1 1 25 24 6 1 12 15 13 12 1 16 22
30 9 9 16 13 7 5 10 12 21 23 19 22 7 26 7 14 5 22 18
61 22 34 38 24 27 24 27 33 44 53 34 39 21 57 33 44 29 45 53
34 11 15 23 16 17 11 14 10 26 27 11 22 10 31 22 21 15 17 29
3 1 3 4 1 1 1 1 1 8 8 4 1 1 8 1 1 1 5 1
54 36 30 48 23 36 28 22 8 46 43 19 34 18 40 39 42 23 38 46
39 12 28 31 16 22 19 5 24 25 34 34 29 11 38 29 35 8 41 35
33 16 25 27 17 20 28 12 28 21 28 28 33 10 33 25 31 5 38 42
59 30 22 43 24 32 27 28 25 42 46 29 37 27 55 25 26 10 41 55
55 29 25 26 22 26 25 38 32 44 51 36 45 32 58 26 26 27 42 54
20 2 10 20 1 11 10 1 11 16 18 13 12 2 22 6 12 1 16 18
39 24 9 27 14 17 17 16 26 35 38 18 27 21 36 25 19 13 25 43
11 1 5 8 3 2 3 1 7 8 10 5 9 1 15 10 5 1 7 11
15 6 6 12 6 13 7 4 7 19 14 6 7 1 15 13 9 5 7 16
69 32 33 58 17 51 27 35 21 48 52 44 32 16 69 26 43 12 42 55
26 6 19 25 7 15 17 5 12 22 25 15 13 9 21 18 24 3 24 31
25 12 20 23 1 15 6 6 5 31 34 7 6 6 23 17 16 9 15 22
40 26 14 26 7 20 10 17 20 41 44 21 22 23 37 16 12 10 29 38
16 1 1 9 5 7 1 4 1 16 11 3 9 1 15 4 1 1 1 5
17 3 11 15 7 10 11 2 9 15 13 12 15 2 14 11 15 2 17 19
23 1 9 19 7 13 13 1 5 15 10 10 14 1 24 12 15 1 16 19
20 7 9 18 12 10 11 1 13 16 18 10 14 8 18 21 19 2 20 28
29 22 26 28 1 26 20 18 14 37 34 8 23 1 22 28 25 25 21 29
53 21 36 45 18 33 23 8 25 41 52 32 26 16 47 40 47 17 44 47
16 1 7 15 1 6 8 3 15 15 19 10 13 3 21 9 9 1 10 21
13 3 6 9 9 1 8 1 9 11 14 2 9 8 20 16 8 1 11 19
7 1 1 6 1 3 1 1 2 7 2 1 4 1 9 5 5 1 1 6
38 31 24 18 22 20 20 17 18 36 40 35 36 27 29 25 24 20 41 42
11 8 3 14 9 3 8 3 2 11 10 3 2 9 15 6 9 1 12 13
50 38 25 38 13 31 16 24 18 57 60 25 23 20 43 26 26 22 33 48
18 11 23 13 20 10 8 1 11 28 29 19 6 16 14 20 26 8 33 28
36 17 17 29 26 21 12 10 21 33 37 12 18 27 46 27 24 4 22 45
25 6 22 19 6 12 13 1 20 7 21 28 21 4 27 17 26 4 34 23
31 12 14 25 17 21 1 12 21 30 34 9 20 19 36 26 17 2 11 33
10 1 1 6 5 1 3 4 10 8 8 3 11 1 12 4 5 1 3 12
27 20 16 13 10 8 16 14 18 32 37 22 19 19 24 12 15 14 31 32
62 36 38 59 20 48 28 15 23 50 54 39 37 23 56 42 43 9 48 58
46 32 23 38 16 31 13 12 15 47 51 10 26 18 38 38 30 18 26 44
9 1 1 6 6 1 1 1 4 5 6 1 8 1 15 4 2 1 4 8
53 24 33 45 40 39 23 7 26 50 53 21 33 37 53 53 50 18 34 61
18 8 32 18 12 13 18 5 14 31 30 16 4 9 19 25 32 21 29 24
15 1 8 14 1 6 8 1 10 8 12 11 14 1 16 3 10 1 12 17
6 1 5 8 1 3 4 1 3 7 8 7 2 1 9 3 8 1 10 10
4 3 1 1 6 1 4 1 7 10 7 1 4 2 2 7 4 1 7 13
40 22 26 29 20 22 8 15 7 42 44 19 11 20 36 20 22 11 32 35
15 5 10 12 6 6 6 4 9 23 22 10 10 6 16 9 8 1 12 14
46 24 29 30 39 30 20 19 25 45 50 11 32 34 48 44 37 19 36 54
7 3 3 7 5 4 2 1 5 16 11 1 4 1 5 9 6 2 6 10
32 13 19 26 1 25 9 11 13 30 35 26 13 1 32 15 26 8 22 29
44 14 18 25 20 19 6 16 22 37 45 19 28 17 47 19 21 4 27 38
49 27 34 21 23 17 25 34 43 40 45 46 40 23 50 24 34 32 52 42
25 14 24 24 21 16 14 1 9 27 30 26 14 17 25 21 32 8 39 33
36 22 13 24 18 16 6 18 12 33 32 14 21 16 26 16 14 15 17 25
5 1 5 5 2 2 3 1 1 10 6 3 1 1 7 7 6 1 7 6
4 1 7 4 2 1 5 1 4 2 8 8 4 1 9 6 10 1 12 11
26 14 4 16 23 16 6 15 8 20 16 15 19 13 29 11 12 9 18 22
11 1 6 9 5 4 5 4 4 9 9 7 10 1 11 5 6 1 7 10
26 8 17 16 7 12 12 4 16 25 30 3 18 1 21 27 20 11 14 32
9 4 7 8 4 5 4 1 5 12 10 8 6 1 11 6 6 1 10 6
48 22 11 23 31 24 5 14 19 29 34 18 38 18 35 29 30 17 22 43
3 1 1 5 1 1 1 1 1 9 3 1 1 1 5 3 1 1 3 2
48 21 21 26 21 26 18 27 22 40 40 37 36 17 41 16 29 26 38 39
16 5 15 17 4 10 7 1 5 20 19 10 7 1 10 13 15 8 10 13
38 23 27 16 21 25 24 24 31 45 47 24 28 23 43 32 27 23 36 50
47 27 30 33 22 36 27 24 28 47 48 26 20 12 48 36 39 12 31 55
21 9 5 17 7 11 7 7 14 27 27 3 9 10 27 16 7 1 9 26
44 24 26 37 21 32 13 5 2 32 32 29 25 15 32 26 31 11 32 33
51 27 38 51 24 49 37 31 27 58 54 26 21 32 64 38 42 15 43 65
40 4 30 29 22 28 33 7 39 32 38 21 38 14 52 44 41 8 35 52
30 8 13 15 12 13 5 8 9 21 23 17 20 4 20 9 16 6 21 20
39 13 29 29 21 12 8 26 27 26 30 40 23 14 43 11 36 25 40 22
48 23 18 19 21 23 19 26 31 33 41 36 43 19 49 21 22 21 37 47
25 1 24 26 5 18 19 1 16 17 24 22 15 3 27 24 29 6 26 26
3 3 1 5 3 1 1 1 1 4 2 1 2 2 8 1 1 1 5 3
70 29 36 42 15 44 42 28 39 52 56 33 53 14 65 49 39 28 43 66
44 22 17 35 17 28 22 11 19 34 36 30 28 12 37 24 32 3 35 51
29 7 20 20 23 16 23 11 28 28 36 11 27 20 43 30 29 11 25 45
48 27 47 46 24 32 28 16 15 46 49 27 22 27 44 38 52 25 55 48
50 12 24 22 22 12 5 26 40 37 47 37 37 14 51 14 34 24 33 33
57 26 18 36 31 36 6 17 31 44 49 30 43 22 49 34 34 8 22 54
30 11 8 23 9 13 10 4 17 27 28 8 15 9 27 20 17 5 16 31
49 30 28 44 15 33 12 10 11 46 46 25 24 24 33 25 29 12 34 44
59 28 28 42 36 36 8 22 17 47 55 29 29 32 54 37 29 4 34 49
31 12 30 29 12 18 21 11 20 27 35 21 14 20 42 24 28 8 36 42
41 19 15 26 27 26 5 4 21 31 37 22 32 19 37 29 25 4 23 41
37 15 19 25 10 16 19 12 26 27 37 18 24 16 40 24 23 5 31 46
18 10 21 17 7 12 6 3 8 24 23 16 6 6 16 13 21 13 22 12
23 8 17 17 16 11 13 6 8 25 26 18 13 8 24 11 22 7 28 25
25 13 16 15 23 14 6 5 8 24 24 16 17 13 16 21 18 4 23 25
58 41 27 35 10 34 26 30 32 57 61 17 41 18 52 42 27 32 33 54
72 29 23 52 18 46 18 32 25 52 55 26 35 19 67 31 30 13 27 61
23 13 24 21 26 14 20 6 11 27 26 9 12 21 25 29 29 16 29 29
26 11 7 12 21 11 2 13 7 8 12 19 23 13 24 13 14 10 22 17
40 10 30 27 17 21 31 12 26 31 33 21 30 11 39 32 35 19 33 44
36 8 13 23 6 17 21 9 34 19 30 18 37 3 39 22 22 6 19 41
54 27 33 42 13 32 24 19 22 48 51 28 33 15 43 27 36 23 39 44
1 1 1 1 1 1 1 1 1 3 1 1 3 1 2 1 1 1 4 1
53 29 28 49 10 39 19 24 16 40 48 34 24 16 55 15 29 1 39 45
19 5 5 15 9 7 6 2 9 14 15 2 12 5 20 15 11 4 9 15
12 4 11 13 4 8 7 1 7 15 15 13 9 1 14 7 13 1 16 12
22 13 27 16 21 13 26 11 25 28 29 23 23 19 27 23 32 18 40 39
55 28 45 42 28 34 35 12 37 43 54 40 44 23 47 50 53 23 55 63
32 16 9 25 11 18 3 3 8 31 28 12 16 8 20 13 16 5 16 27
48 26 34 34 20 32 29 29 27 57 56 26 24 32 56 30 27 19 42 58
15 1 1 6 2 1 1 1 8 13 15 1 11 1 21 5 1 1 1 9
19 6 10 15 4 10 6 6 15 24 24 11 12 1 21 9 11 5 14 20
33 18 31 34 26 24 29 8 22 27 34 28 22 28 40 36 39 9 46 46
39 14 23 28 22 24 14 5 17 26 36 18 28 10 34 35 36 10 27 38
7 4 1 10 3 1 1 1 4 12 11 3 5 4 9 4 3 1 5 6
25 8 20 14 5 13 9 9 9 29 31 9 18 1 21 19 18 13 14 22
20 11 20 13 5 12 13 7 15 28 30 10 14 3 16 22 19 14 17 28
25 13 22 25 16 21 16 14 8 37 29 4 4 24 33 23 18 10 23 31
59 35 37 40 16 40 40 24 31 45 47 35 48 17 45 46 41 23 49 59
20 9 14 17 14 8 13 1 12 25 21 2 9 11 19 22 19 9 16 27
44 29 20 41 26 29 16 14 9 39 38 21 25 30 39 24 26 6 35 45
9 1 1 8 1 1 1 1 5 8 11 2 6 1 15 1 1 1 3 8
11 3 4 8 5 5 1 3 9 14 10 1 10 1 10 7 6 3 5 10
9 5 1 8 6 4 6 1 8 8 7 1 9 4 11 4 7 1 8 12
3 2 9 2 2 1 1 1 6 7 13 10 5 1 3 2 6 2 12 6
53 22 43 41 38 34 17 19 46 44 55 45 45 30 46 48 56 20 49 59
56 25 30 45 7 36 27 24 38 42 51 28 40 15 59 33 28 5 35 56
32 15 29 34 12 26 26 2 16 23 28 26 21 8 22 33 37 3 37 38
49 25 32 38 12 26 14 22 13 52 52 17 17 15 41 20 29 19 35 39
36 26 25 25 17 22 19 10 18 40 43 22 18 18 25 30 30 18 35 44
25 2 10 19 1 12 1 1 7 21 26 7 7 1 25 14 13 2 8 16
33 17 21 31 20 19 19 9 8 27 24 9 12 23 32 24 27 9 29 35
6 6 4 6 10 3 5 1 2 8 4 4 1 6 4 10 9 1 12 11
46 25 27 40 10 31 18 15 14 34 39 12 23 16 44 31 26 13 29 40
20 2 8 22 1 12 11 1 7 12 10 11 12 3 22 10 13 1 12 16
34 9 11 22 15 20 9 11 8 27 23 14 21 6 27 12 18 11 16 25
7 1 1 10 1 1 1 1 1 7 7 1 3 1 8 1 3 1 4 6
6 1 2 6 1 4 1 1 1 13 7 1 1 1 9 4 1 1 3 4
5 1 2 1 8 1 6 1 3 7 4 1 7 2 5 7 7 1 5 14
42 21 22 33 24 28 9 5 20 44 52 19 20 21 37 36 30 6 23 48
28 14 1 21 22 10 6 15 2 12 13 19 22 17 28 3 15 9 23 21
69 32 25 45 36 39 23 30 40 60 64 34 43 34 69 43 42 18 34 71
48 15 27 36 1 30 13 18 28 44 51 36 20 1 49 17 38 7 30 43
1 1 4 2 1 1 1 1 1 3 5 5 1 1 2 1 2 1 4 1
6 1 1 3 2 1 1 1 1 6 6 1 6 1 9 1 1 1 1 1
42 31 27 38 14 30 17 10 9 44 48 13 21 14 36 38 29 17 32 43
28 17 13 26 15 15 15 9 13 33 36 18 7 15 37 15 24 3 28 42
56 21 25 37 26 32 17 10 30 40 54 38 42 13 52 35 41 5 40 59
43 33 33 41 15 29 14 14 7 46 50 19 22 20 31 29 34 19 36 40
9 4 8 3 7 1 11 5 12 16 15 7 8 7 10 11 9 7 14 23
16 4 5 6 6 6 1 5 17 17 19 6 17 1 19 11 1 1 8 17
43 26 34 36 26 30 13 13 20 45 52 22 20 29 40 40 35 13 35 45
56 35 24 37 24 31 25 28 29 57 56 21 28 30 56 34 30 23 33 61
48 17 27 32 26 16 16 25 27 35 37 37 32 18 48 17 39 23 45 37
35 24 15 25 34 24 19 28 5 14 18 33 34 26 33 16 28 23 37 28
5 1 10 6 1 5 1 1 9 12 12 10 6 1 10 9 6 1 9 8
20 13 24 12 27 14 17 14 13 26 29 22 15 17 31 16 25 14 33 29
45 23 29 32 24 34 22 25 5 34 34 26 24 14 39 28 40 25 33 41
15 6 4 13 2 12 1 4 5 21 16 7 6 1 17 6 4 2 4 11
32 20 40 28 34 22 22 20 23 49 50 28 16 34 41 30 43 26 52 39
23 5 6 15 9 6 6 6 14 15 19 6 17 6 27 16 10 1 6 19
28 25 17 14 8 19 16 18 27 35 33 16 22 18 24 24 12 23 21 31
31 14 23 22 29 18 21 17 19 33 35 9 21 29 44 29 26 12 34 41
24 10 19 16 26 12 14 2 23 30 38 14 17 20 32 31 27 8 30 37
5 1 10 6 6 5 7 1 2 9 8 6 1 3 2 12 9 3 10 10
13 2 6 9 3 7 2 2 4 9 7 2 7 1 9 9 9 5 2 5
20 9 7 9 18 8 8 3 20 18 25 9 14 10 21 21 15 1 18 32
53 38 37 31 19 33 24 38 33 62 62 36 27 35 52 28 16 26 45 47
43 31 35 43 28 36 24 20 13 55 56 33 12 30 44 30 47 16 47 53
8 3 4 7 2 1 3 4 11 14 14 5 7 1 10 2 4 3 5 14
35 22 35 23 21 17 23 13 28 47 52 22 21 21 34 38 39 29 44 47
24 7 18 18 7 8 1 7 10 28 28 18 5 1 23 5 18 10 21 12
20 8 4 13 8 7 6 6 11 17 14 7 17 4 17 6 9 4 12 19
17 3 1 10 7 6 1 4 1 17 12 3 7 1 16 3 1 1 2 9
22 11 7 18 12 10 1 10 7 23 20 4 13 11 18 10 8 6 9 11
28 17 24 28 16 20 20 5 8 34 32 10 8 14 23 25 27 15 27 32
72 31 32 52 40 45 22 24 33 43 55 42 55 32 61 43 52 22 44 64
39 19 35 23 29 6 19 33 35 46 49 34 25 27 46 17 36 34 43 34
44 19 16 34 8 30 15 10 17 42 45 11 22 2 41 28 28 12 18 44
30 6 20 22 16 12 14 8 11 13 19 30 22 6 28 14 27 7 35 20
17 8 6 5 1 5 7 7 12 16 17 13 16 4 11 5 6 6 16 17
20 16 3 19 5 10 1 6 3 27 27 5 2 14 18 1 1 1 13 21
4 1 1 3 1 1 1 1 3 11 7 1 2 1 8 4 1 1 2 2
54 29 33 50 12 30 12 24 24 55 56 38 13 17 46 16 40 19 41 41
22 11 10 13 15 6 4 10 12 19 20 14 18 8 18 9 12 5 18 18
32 8 22 31 6 21 16 7 15 26 29 20 19 8 30 19 26 7 23 28
37 20 23 30 19 26 19 8 8 28 29 19 20 11 26 26 31 13 31 33
31 8 11 17 18 15 4 7 24 27 36 14 26 8 35 18 15 1 13 32
56 30 23 38 50 34 16 22 20 36 44 41 49 38 55 38 41 20 42 48
26 2 26 11 27 18 20 11 35 38 45 11 30 19 40 35 31 16 27 45
13 12 5 15 12 7 3 1 3 14 12 9 7 11 9 11 11 1 14 13
32 19 17 22 28 20 12 14 8 20 21 22 22 17 24 23 28 17 30 30
25 8 11 21 15 10 17 10 11 18 17 4 16 16 35 17 18 5 18 30
46 16 23 38 18 30 21 20 18 25 29 33 35 16 45 20 31 10 36 35
4 1 2 5 2 1 4 1 3 4 3 2 3 1 8 7 6 1 7 10
14 8 7 13 8 10 1 1 8 22 17 5 6 7 10 10 9 6 10 11
54 41 42 52 32 45 34 31 23 64 58 22 15 38 57 42 32 26 43 60
3 1 4 5 1 1 1 1 1 7 7 3 1 1 2 2 2 1 6 1
53 28 35 43 14 36 17 30 2 49 49 19 21 17 47 25 27 21 35 37
51 23 38 45 18 40 22 3 29 36 51 32 39 13 44 48 48 11 42 53
50 38 24 45 32 34 21 19 15 54 51 30 25 31 42 33 39 19 36 55
16 1 7 6 3 6 1 1 11 8 14 5 13 1 16 14 10 1 7 14
53 34 31 32 10 40 36 25 30 49 46 27 36 17 46 39 33 29 38 58
48 26 21 35 31 29 14 27 13 26 33 46 32 23 45 12 38 23 46 34
18 1 12 9 8 7 10 1 11 4 13 10 15 1 18 18 18 1 19 22
55 32 45 36 12 39 43 23 35 52 57 28 42 18 54 50 44 35 53 65
47 31 40 36 35 32 31 21 20 44 46 20 39 24 44 50 47 31 47 55
18 6 13 12 7 10 8 1 14 18 20 7 13 1 14 21 14 8 11 22
39 26 30 22 9 24 25 21 24 46 46 25 28 16 29 30 25 29 32 38
13 11 9 14 18 5 13 1 5 12 12 10 9 14 14 14 17 4 22 21
5 2 2 5 4 1 1 1 4 6 5 3 7 1 12 3 1 1 6 3
16 2 7 15 1 12 5 1 7 20 15 3 5 1 14 10 11 5 4 16
37 19 25 29 17 12 9 12 19 38 42 27 19 15 26 18 32 17 35 30
9 1 3 7 4 6 5 1 7 18 13 3 8 1 8 8 5 1 3 13
37 14 15 29 9 20 12 11 2 28 22 9 18 6 32 16 19 11 17 18
26 9 4 14 9 4 4 12 11 25 23 9 19 6 25 3 5 5 10 18
16 11 8 13 11 9 5 1 11 13 15 9 10 10 12 16 13 6 14 18
31 14 7 10 6 10 10 14 30 32 36 13 29 12 34 19 6 13 12 29
51 32 52 43 25 28 33 26 28 51 52 32 26 18 46 38 59 40 59 45
22 4 4 14 8 9 3 9 1 15 15 13 12 1 24 1 7 1 7 13
10 1 9 8 1 2 1 1 9 15 20 6 3 1 12 12 9 1 10 13
10 1 1 3 1 4 1 1 2 9 6 1 5 1 12 3 1 1 1 7
12 2 5 9 1 5 2 3 9 22 17 4 7 2 11 6 3 3 4 11
46 14 14 30 12 23 10 20 8 34 38 29 20 6 50 12 28 5 26 36
1 1 6 3 2 1 3 1 6 9 12 7 4 1 5 3 4 1 8 10
10 7 1 12 6 1 4 1 1 13 9 1 1 7 14 3 5 1 8 11
21 2 19 16 6 14 16 1 15 13 21 22 17 1 22 12 24 3 29 25
65 40 35 62 8 51 35 23 21 58 59 32 34 8 54 40 50 15 44 63
63 37 46 60 17 50 38 24 23 51 57 29 31 24 61 49 43 18 52 61
13 1 3 7 6 2 2 2 1 12 7 2 7 1 9 7 7 1 2 8
12 3 5 7 1 1 1 2 13 16 20 6 11 1 14 6 3 1 9 14
14 8 1 9 5 1 1 3 9 21 17 2 7 5 11 5 4 3 7 15
26 16 19 20 23 11 10 6 19 28 39 16 13 23 32 25 26 6 31 38
27 9 21 12 13 12 4 8 13 21 28 16 19 3 25 20 20 15 22 16
45 23 28 38 17 31 19 12 28 36 48 43 29 13 42 28 41 8 45 52
14 1 3 15 1 7 8 1 6 12 10 6 9 1 16 4 9 1 10 16
62 36 33 49 21 37 23 20 22 58 60 39 31 23 46 31 43 21 44 56
66 35 30 57 27 49 12 18 24 56 60 29 28 33 58 42 32 6 31 58
46 21 21 28 8 23 18 16 19 46 46 22 24 11 40 20 23 19 27 39
2 1 7 4 1 1 1 1 2 7 9 8 2 1 7 3 3 1 7 1
10 5 2 11 5 3 5 4 1 12 12 2 5 7 11 5 4 1 5 12
44 33 26 30 19 25 20 18 20 45 46 22 32 20 33 35 27 24 35 44
13 1 4 5 9 1 4 7 9 6 8 7 16 1 18 9 4 1 4 11
55 22 37 36 20 29 16 24 40 61 68 29 31 25 52 37 38 25 34 53
13 8 5 5 3 2 3 6 12 17 14 8 12 4 9 4 4 5 11 14
21 1 7 12 6 8 4 3 19 19 22 5 18 1 21 17 11 4 6 22
14 9 7 14 9 8 4 1 1 18 17 11 1 5 14 8 9 1 16 15
49 38 25 45 25 37 12 17 7 53 52 31 22 25 38 27 30 15 30 43
43 21 47 35 34 40 46 24 24 41 41 14 38 26 45 52 55 34 55 57
22 8 20 17 17 11 13 3 5 20 21 15 12 9 21 19 26 9 27 21
25 3 11 15 1 12 16 2 25 15 21 16 25 1 27 17 16 1 19 33
18 3 12 12 5 1 2 4 14 20 28 12 9 4 23 10 13 4 18 18
37 14 16 18 34 15 20 11 29 22 27 19 37 19 37 33 31 9 32 48
37 29 12 35 11 27 3 20 10 45 42 15 8 21 35 13 11 4 19 32
49 23 28 31 31 27 20 10 33 43 52 30 39 27 42 43 41 16 39 56
26 6 12 19 4 14 5 6 12 28 27 11 15 1 22 9 13 7 10 18
13 3 1 7 1 1 1 2 13 16 16 1 12 1 16 4 1 1 2 16
4 1 3 4 1 1 1 1 9 12 11 4 7 1 10 6 1 1 3 9
53 16 41 45 13 24 16 18 30 42 47 38 19 8 51 24 43 25 38 31
14 9 12 12 7 11 3 1 3 17 14 8 4 6 8 11 10 7 13 9
29 16 16 24 10 19 13 9 4 31 26 2 14 3 25 20 19 14 17 23
28 19 20 26 27 19 16 5 14 35 33 13 15 26 31 33 26 12 28 35
15 13 14 14 13 11 1 1 4 19 20 15 11 12 4 15 14 4 20 15
63 32 19 37 25 39 21 30 24 46 48 22 46 14 57 32 36 29 31 57
33 19 14 32 18 20 16 9 8 22 20 17 19 20 29 20 23 1 28 31
43 17 25 31 6 22 21 7 30 33 44 28 28 10 37 30 29 14 34 43
48 31 34 48 5 41 26 21 8 52 52 30 16 4 43 22 42 17 37 45
12 1 11 14 10 6 14 1 5 13 7 4 5 7 18 16 18 5 16 18
47 16 20 22 30 23 10 29 37 34 43 37 49 23 49 25 32 23 28 45
44 21 25 30 8 27 26 15 31 37 37 30 36 17 37 27 23 17 35 39
19 5 5 11 14 7 6 10 10 11 11 13 20 6 25 7 10 5 16 15
51 42 39 52 25 40 29 21 9 51 49 15 25 32 44 44 44 25 46 56
37 10 22 24 25 19 21 15 30 30 40 11 31 22 48 28 29 9 29 50
19 1 11 13 4 11 5 3 2 14 14 11 11 1 14 7 13 3 13 10
10 1 10 9 1 6 5 1 5 13 13 4 1 1 5 11 13 3 9 15
20 5 8 9 12 1 7 9 12 18 19 10 16 4 20 9 10 3 14 20
9 7 3 6 4 7 1 1 4 15 13 6 2 3 7 3 1 1 9 11
10 4 1 12 4 4 5 1 1 12 7 4 8 1 11 5 7 1 7 8
22 10 20 13 17 8 10 3 6 19 24 12 11 7 18 23 23 9 24 24
34 14 14 22 6 14 14 13 17 31 33 16 21 9 29 16 18 12 20 31
46 18 19 32 17 24 13 19 15 28 31 28 32 15 38 14 28 17 31 33
20 4 10 11 13 9 4 10 4 10 9 13 16 5 19 8 12 7 15 8
64 29 40 49 4 43 22 23 27 59 66 20 35 11 59 38 39 23 38 56
36 13 21 29 11 27 20 8 15 28 29 19 17 7 34 28 30 10 21 41
4 1 1 3 1 1 1 1 1 1 1 2 3 1 5 1 3 1 4 2
50 24 35 33 13 30 18 21 37 54 63 26 37 17 46 40 36 29 27 47
7 1 3 3 1 5 1 1 6 11 9 1 1 1 8 9 3 2 1 6
7 1 7 4 1 1 2 1 10 6 14 8 6 1 12 4 7 1 10 11
28 11 24 22 8 11 7 6 22 31 39 18 12 7 25 20 24 16 24 25
2 1 1 4 1 1 1 1 6 10 6 1 2 1 7 3 1 1 4 8
9 6 7 8 9 1 1 5 4 8 10 8 10 5 9 4 4 1 12 6
12 10 1 14 7 3 4 4 1 16 11 2 2 10 15 4 5 1 8 11
24 9 6 13 9 5 9 12 13 27 23 7 18 8 19 12 9 9 10 21
44 31 50 37 34 41 44 26 32 51 55 19 41 30 45 58 57 38 57 65
38 13 27 26 34 14 22 27 23 20 33 34 30 23 51 21 43 31 47 36
30 16 32 19 42 24 17 12 37 38 46 24 37 34 36 46 39 14 37 54
53 15 32 32 32 24 20 25 31 28 36 42 34 17 60 24 48 25 48 43
15 5 9 17 7 12 13 1 7 11 6 10 11 4 16 13 16 3 16 16
36 5 20 19 30 19 11 13 24 30 39 24 30 16 46 26 29 11 25 41
58 31 33 47 23 39 15 22 5 46 48 36 32 15 47 26 45 27 46 39
3 2 7 2 3 2 1 1 1 13 13 8 1 1 2 2 4 1 13 7
59 23 26 43 35 36 6 26 24 35 46 33 40 33 58 33 36 10 35 49
15 4 2 11 2 9 4 3 11 20 16 4 5 1 16 8 6 1 3 20
12 1 3 11 5 4 6 1 4 15 10 2 6 1 12 9 9 2 4 11
38 13 8 29 16 20 15 12 13 29 24 14 23 10 38 14 17 3 19 31
42 6 32 22 34 21 22 22 36 31 41 32 37 20 54 29 47 26 43 46
48 28 21 31 24 29 21 32 17 37 40 32 39 21 41 23 30 34 35 35
43 17 14 35 25 25 16 16 10 18 18 30 32 20 39 17 29 12 34 30
29 3 23 23 11 16 17 1 17 26 30 17 16 7 33 25 28 8 28 33
15 3 7 17 6 7 9 2 1 16 12 1 2 8 14 13 14 3 7 15
27 13 17 21 19 15 11 4 6 22 25 14 13 11 23 22 23 6 24 26
21 7 6 19 1 9 2 7 4 22 20 5 8 8 24 1 4 1 11 17
34 27 33 25 19 9 11 23 30 45 47 35 14 20 24 20 33 31 42 29
45 9 11 25 28 23 4 18 29 29 31 20 42 16 45 24 26 10 17 39
23 9 6 21 9 11 10 3 12 19 19 7 14 9 25 15 14 2 15 25
39 16 25 35 14 30 22 9 17 27 33 32 23 7 40 26 35 3 36 40
25 21 18 27 8 20 9 11 4 31 28 5 4 16 19 17 13 10 18 23
32 24 17 23 4 21 20 16 14 36 31 7 22 8 23 22 21 23 22 33
9 1 7 5 15 2 7 1 4 13 8 1 7 6 11 13 10 3 11 13
24 9 12 14 9 9 10 6 11 31 29 10 12 8 20 14 12 9 17 26
56 27 30 44 19 25 9 27 33 49 58 36 24 19 62 17 36 19 38 38
26 13 24 24 7 18 18 7 8 34 32 7 13 6 21 25 24 15 21 26
5 7 1 7 7 1 1 1 11 10 11 1 6 6 12 7 4 1 9 9
34 14 17 24 21 19 15 1 17 26 31 12 23 11 26 33 30 7 25 40
57 34 25 45 34 35 15 24 10 51 48 23 27 34 42 30 27 11 36 49
43 20 33 38 16 19 16 22 21 45 47 27 16 21 44 14 33 16 42 37
31 16 16 14 1 14 12 15 20 38 36 17 19 13 26 16 9 17 17 26
14 8 7 14 4 7 1 1 3 17 14 2 5 6 14 10 5 4 7 5
2 2 1 1 1 1 1 1 9 10 9 1 3 1 6 1 1 1 2 11
28 14 2 12 13 6 1 9 18 24 31 12 22 7 29 10 3 3 13 25
48 31 35 44 16 32 18 14 9 45 49 25 28 18 34 30 40 21 41 40
29 21 11 28 16 22 18 12 13 28 27 22 11 12 31 16 26 1 27 41
6 1 1 1 2 1 1 1 5 1 5 1 9 1 12 1 1 1 1 4
20 10 13 17 4 10 1 6 10 31 33 17 9 6 23 4 9 6 16 15
32 23 17 14 12 15 20 24 27 31 33 23 31 19 30 16 11 21 25 32
18 5 11 18 5 12 10 1 7 14 17 16 8 3 18 9 15 1 22 21
18 13 5 14 1 6 3 13 13 25 25 7 12 11 20 2 1 6 8 19
51 14 9 25 27 28 6 24 30 37 39 22 42 16 49 24 24 15 13 45
56 18 32 27 19 24 16 27 47 53 60 37 40 18 56 31 35 26 34 47
24 14 26 22 31 22 26 11 26 32 32 14 25 27 29 37 37 18 37 46
26 22 16 25 11 15 6 17 10 31 32 13 9 21 25 10 6 3 23 26
12 4 6 13 5 6 6 1 3 15 11 6 5 3 11 7 9 2 11 11
29 19 11 24 27 13 9 8 10 25 24 17 22 19 26 21 20 6 22 27
26 11 18 18 18 16 16 8 4 24 19 5 13 8 20 23 22 13 18 24
40 30 12 27 16 22 9 15 24 45 45 22 26 23 35 24 14 14 24 37
41 16 28 30 12 22 17 21 20 46 45 30 16 7 40 16 37 18 31 40
31 15 18 23 10 15 5 11 8 36 36 11 13 11 20 12 16 10 17 22
33 11 4 23 15 16 5 13 3 22 24 21 19 7 34 1 16 3 20 26
5 1 1 1 1 1 1 1 11 7 9 1 6 1 7 4 1 1 1 15
42 27 29 30 25 30 30 24 26 53 54 33 27 28 46 30 40 23 48 57
21 5 10 18 1 11 2 1 10 26 27 4 5 1 20 14 8 5 6 18
44 39 25 39 27 30 13 22 14 50 52 27 20 34 42 24 23 10 37 53
34 25 11 17 19 11 10 18 25 33 35 22 32 22 31 20 10 13 25 31
11 3 8 13 1 8 4 1 1 14 9 2 1 1 7 11 10 6 2 8
40 27 17 29 21 23 19 9 18 36 39 30 31 21 37 24 24 11 36 49
9 2 1 8 3 4 3 1 1 11 6 1 4 1 9 3 5 1 7 9
36 13 9 30 5 20 9 11 10 23 24 8 18 11 42 9 10 1 16 29
56 24 29 39 43 30 20 28 29 32 45 45 42 28 53 34 54 30 52 47
29 19 35 27 33 29 27 5 9 34 33 21 22 29 26 39 43 21 43 43
23 15 8 19 19 6 6 8 1 18 19 14 14 15 18 10 12 1 19 17
39 20 22 28 22 24 24 15 17 40 35 7 23 12 39 30 30 20 25 44
16 15 20 17 28 13 15 1 8 26 25 15 12 24 23 25 23 10 32 30
48 20 21 27 33 28 6 13 22 32 44 37 38 21 46 26 34 12 36 42
57 33 43 54 20 43 36 13 23 44 52 32 35 22 51 52 51 15 51 59
12 8 11 11 5 7 2 2 5 16 17 14 5 4 16 3 10 4 17 11
46 20 14 28 9 20 6 19 15 42 44 19 23 11 41 12 15 13 19 32
6 1 1 8 2 3 6 1 2 3 3 3 3 1 8 2 7 1 7 11
49 26 18 32 25 26 20 13 30 47 51 21 28 23 45 37 32 17 30 56
63 42 32 53 24 42 19 25 22 59 57 31 26 34 50 31 24 16 40 55
20 2 12 11 9 4 6 3 13 17 21 17 15 1 25 8 16 3 23 18
42 16 29 32 14 22 17 14 17 35 43 15 19 17 39 29 26 8 30 45
35 16 9 27 23 17 5 4 4 30 27 14 18 14 29 19 19 5 19 26
39 19 11 23 11 17 19 18 21 34 34 19 28 15 39 13 13 11 25 37
58 41 37 48 32 36 22 32 24 53 58 33 27 34 48 35 27 20 43 53
11 1 9 11 1 7 2 1 3 16 15 5 1 1 10 7 10 2 8 10
42 31 41 38 15 28 15 14 12 49 53 27 27 13 28 32 40 30 44 33
14 8 19 14 14 5 12 4 7 23 25 13 3 15 20 12 20 9 26 20
47 30 30 41 13 34 19 26 14 50 51 33 11 8 45 21 34 9 30 38
50 19 33 35 35 32 26 17 22 19 31 44 43 24 43 37 49 19 53 46
41 15 26 28 13 13 15 9 28 38 46 27 22 12 35 26 35 17 37 39
31 7 13 16 19 15 7 8 22 29 38 15 24 7 35 22 20 1 15 38
7 9 3 2 11 1 3 1 10 11 13 7 6 7 5 11 6 1 15 21
38 19 38 39 22 18 18 13 25 31 37 40 15 18 34 24 46 19 50 29
65 36 42 54 33 37 23 31 17 53 55 43 34 28 52 32 56 34 57 46
27 15 33 26 19 17 19 4 10 27 28 25 8 15 18 27 41 19 41 30
34 11 27 26 19 11 9 23 18 22 26 36 22 11 36 6 32 22 37 13
18 6 1 13 7 5 3 1 8 21 18 2 9 4 21 5 4 1 8 19
5 1 4 5 1 1 2 1 5 2 4 5 5 1 10 4 4 1 6 8
