1000 20 11 1234
2 4 8 5 10 9 6 11 3 9 15
7 1 4 4 5 0 1 2 1 7 10
1 3 1 3 2 2 0 1 8 3 4
13 18 11 12 5 13 13 15 6 16 2
0 2 13 2 12 9 3 9 0 2 15
17 10 3 17 18 16 3 10 8 1 10
4 8 0 12 4 9 8 6 20 11 3
7 5 9 11 1 8 3 10 10 1 2
3 9 15 2 2 8 7 18 9 8 16
3 5 15 4 15 4 2 0 5 8 1
1 2 10 10 3 1 0 7 4 5 9
6 4 10 3 3 9 3 12 6 10 9
3 8 1 1 4 10 4 0 8 1 1
4 2 5 6 3 0 3 12 3 4 6
12 4 1 25 7 4 9 7 2 2 3
12 25 13 13 2 5 4 16 1 11 5
12 16 1 2 0 8 12 8 12 7 5
5 7 3 4 18 5 5 0 12 1 4
2 5 1 5 4 0 3 3 17 9 0
21 4 0 8 7 16 7 3 4 7 7
12 8 7 12 13 0 4 1 7 0 14
18 14 4 6 0 3 18 16 8 4 19
2 5 5 10 1 1 5 17 8 6 13
1 7 5 21 2 5 7 9 3 2 8
3 2 3 5 3 3 1 1 10 5 1
1 2 2 2 9 1 2 1 4 2 5
2 12 5 3 3 1 0 6 4 6 12
10 1 5 5 3 28 4 6 0 0 8
10 3 8 8 8 6 9 0 6 3 24
1 2 4 3 4 2 2 3 3 0 5
0 3 0 3 9 8 1 1 2 7 6
7 6 2 0 15 14 8 9 9 16 4
2 6 0 2 0 9 13 6 16 14 5
3 13 14 0 5 4 0 7 4 18 6
4 3 19 9 12 14 1 21 1 18 1
9 4 4 19 13 3 1 6 11 2 2
9 2 15 3 9 21 5 3 15 0 12
4 12 5 14 7 0 10 1 5 1 1
9 3 3 1 5 9 6 4 1 11 9
2 3 5 2 5 2 2 7 11 1 6
5 8 8 4 8 8 6 20 8 0 1
7 2 4 6 12 7 4 14 6 2 27
1 0 4 11 8 8 1 19 8 3 3
12 6 8 3 4 11 4 8 3 5 1
2 19 5 10 1 13 16 15 11 8 4
7 2 5 8 4 6 6 4 8 4 4
5 13 0 0 4 10 0 4 3 11 6
3 2 5 2 7 3 4 2 5 11 2
1 5 2 10 4 3 2 1 7 6 2
5 3 6 22 5 24 9 7 2 5 15
3 6 2 6 0 4 19 2 10 6 5
1 4 8 2 8 10 16 3 0 11 9
13 3 7 3 13 4 0 1 2 18 8
20 0 6 10 6 13 0 3 5 1 3
4 3 2 2 7 3 10 5 4 6 3
0 1 5 3 6 1 4 5 4 1 4
2 1 4 1 4 5 0 4 2 6 1
4 5 5 2 8 5 4 1 7 0 2
16 5 1 1 7 3 1 4 6 2 1
1 1 5 2 7 13 11 6 5 27 2
5 9 4 4 2 1 29 12 2 8 5
11 3 16 4 13 11 1 12 9 9 5
7 1 1 4 4 2 0 3 1 1 6
2 6 5 6 8 8 3 2 7 1 7
4 10 6 10 14 2 3 14 10 3 13
25 6 7 9 5 8 4 12 9 17 1
12 4 4 4 5 1 4 0 3 2 8
1 2 6 1 2 3 0 3 4 4 8
9 2 10 10 9 1 11 3 6 16 13
1 5 6 10 4 4 2 3 1 3 11
12 8 2 7 2 4 9 5 1 1 11
13 4 7 3 1 23 1 23 4 9 13
16 11 6 15 7 2 2 12 2 9 10
13 5 1 18 10 15 14 0 16 2 2
8 3 5 6 7 1 7 1 0 1 5
1 12 3 6 4 12 1 4 16 8 12
1 0 5 5 5 1 3 4 1 3 1
4 2 4 3 13 13 3 3 18 1 4
7 2 5 1 9 7 1 5 1 8 1
14 6 6 7 1 5 9 12 12 10 8
1 1 0 1 3 3 2 1 4 3 8
6 19 10 4 10 14 7 5 1 8 7
3 6 0 8 4 0 5 1 6 11 2
6 5 7 9 2 2 2 7 1 5 2
9 7 10 5 1 7 6 13 2 2 14
24 6 6 0 3 7 20 15 1 3 15
7 9 9 14 7 4 2 16 4 3 2
7 11 19 1 19 8 5 3 6 4 9
4 0 5 0 1 7 4 3 1 6 3
6 2 9 19 4 3 0 4 3 3 1
7 4 7 2 1 0 4 2 4 1 3
6 9 16 13 6 17 3 15 7 3 5
6 13 10 0 6 5 2 3 15 20 11
1 4 5 3 4 12 0 7 7 6 3
3 5 2 6 2 3 2 2 17 6 8
1 5 12 4 18 3 4 5 12 20 4
13 7 1 8 6 7 15 18 5 5 8
1 2 13 5 16 2 4 8 16 11 14
11 25 1 8 2 8 0 2 13 9 7
6 1 2 3 8 5 10 6 1 9 14
12 3 1 24 11 7 9 9 2 12 12
16 3 4 5 8 4 13 7 3 25 2
1 4 7 3 0 3 6 1 3 3 2
1 1 1 1 4 4 3 6 4 10 1
4 0 3 22 0 4 7 2 3 2 9
0 3 1 5 4 3 6 2 6 8 3
0 5 1 1 0 12 3 13 3 9 5
6 2 3 4 1 13 6 11 2 2 4
1 1 2 1 8 1 3 4 2 4 1
10 8 10 17 4 1 10 8 2 10 6
1 9 1 1 4 5 3 2 10 0 1
8 1 2 1 1 2 6 1 0 4 0
10 1 10 2 11 8 7 13 11 6 1
8 1 8 6 3 2 1 3 13 2 1
6 2 3 2 6 0 0 0 7 3 2
1 20 15 9 23 5 3 3 6 11 1
5 12 3 3 11 2 9 1 8 7 10
7 8 8 8 1 1 8 19 1 1 2
7 11 16 2 3 3 12 5 3 3 24
7 5 9 9 1 1 7 1 5 4 1
0 6 5 2 1 3 2 1 1 5 2
1 3 2 9 3 1 0 5 7 2 0
1 8 5 5 4 4 6 2 4 8 1
6 2 0 7 2 3 8 7 2 2 5
13 7 17 1 8 7 3 7 8 3 24
13 12 3 2 6 8 3 0 3 0 4
4 2 1 3 1 3 1 1 8 3 1
12 7 2 8 3 4 1 4 5 2 8
16 12 7 4 1 9 1 13 24 17 0
0 10 11 2 0 4 0 7 24 13 2
9 12 6 13 3 24 15 6 3 2 1
4 13 2 12 3 1 2 10 12 14 3
5 3 0 5 2 5 1 7 3 15 3
2 4 4 3 2 6 3 0 4 4 5
13 0 1 9 8 14 1 2 1 8 7
1 12 16 21 9 8 10 1 20 7 4
4 4 1 11 0 1 11 2 2 0 1
4 5 4 28 4 3 12 3 14 8 10
3 5 11 26 2 13 6 15 0 3 3
4 2 0 3 1 4 1 2 7 11 5
8 1 3 13 1 19 15 5 8 4 3
11 14 1 0 24 1 6 13 2 0 16
2 5 7 3 6 6 7 3 5 2 0
11 2 24 1 4 7 3 11 6 0 8
2 8 3 9 4 10 8 14 1 8 9
2 2 17 3 2 9 14 2 17 2 6
14 22 9 1 4 2 21 9 10 7 8
3 3 1 7 6 1 6 3 8 6 5
12 7 1 26 4 13 12 9 7 13 6
18 4 6 12 14 7 2 4 9 5 14
4 3 4 6 4 3 6 0 0 4 4
11 15 2 0 11 20 12 1 5 8 3
6 2 7 0 4 3 7 0 3 10 6
4 7 7 2 3 3 3 6 8 10 1
0 5 0 6 23 5 9 2 10 11 5
10 4 7 11 13 1 8 25 13 3 11
4 7 24 12 9 22 11 3 8 7 2
4 5 18 9 7 9 13 15 3 5 5
4 18 11 7 19 12 2 7 7 2 14
4 11 1 24 2 3 8 6 4 12 6
2 3 5 4 1 3 2 2 2 7 1
6 3 6 2 14 7 6 0 2 3 11
7 5 4 4 3 2 9 6 0 7 2
3 5 5 9 8 5 3 0 8 1 1
4 10 8 14 1 1 14 11 1 8 16
4 4 2 9 12 12 3 5 5 1 3
8 3 4 0 10 13 6 4 2 3 7
1 1 3 15 18 12 9 14 6 2 6
8 9 1 6 5 9 8 8 13 10 4
6 2 9 1 1 0 12 1 4 7 3
6 5 18 7 8 8 6 22 16 13 3
1 2 2 1 4 5 5 0 1 6 0
2 0 2 0 4 6 4 9 7 5 8
6 3 3 1 3 1 5 4 2 11 4
8 10 0 11 8 6 13 3 2 4 1
13 2 14 14 11 16 1 3 3 9 4
1 7 5 10 5 3 1 3 3 2 0
1 6 1 2 1 4 2 5 1 5 4
12 1 2 8 3 7 12 2 1 2 2
4 4 8 11 5 11 5 4 3 5 1
1 12 5 6 1 0 0 5 4 0 3
3 3 9 4 1 4 5 2 3 4 2
11 0 5 9 3 0 11 6 6 8 3
6 7 2 1 1 4 10 0 1 1 3
0 2 6 1 2 2 1 3 7 3 3
5 1 0 3 3 7 1 2 2 1 0
12 6 7 0 5 10 14 21 4 20 11
1 2 4 4 1 1 1 8 6 0 3
1 7 2 2 10 10 7 1 3 4 5
3 10 0 8 8 2 4 6 4 1 3
14 10 2 3 3 14 3 15 9 13 9
11 5 1 5 4 5 7 6 5 8 9
3 1 4 4 9 5 10 0 4 0 1
14 16 9 11 4 15 11 5 11 6 6
5 6 8 2 6 2 1 3 0 5 0
2 4 2 4 10 3 2 3 13 2 1
5 2 7 0 1 3 2 4 1 3 5
14 9 5 12 19 1 1 8 4 9 8
1 10 1 0 5 10 2 4 13 8 1
7 5 1 6 8 6 4 3 6 0 4
10 5 3 4 2 5 1 1 1 3 0
0 4 6 1 4 2 6 1 1 1 1
2 1 15 25 6 9 2 5 2 2 9
1 4 17 5 1 4 0 8 9 6 4
4 5 12 3 7 10 4 7 7 13 6
6 2 3 6 2 12 4 2 1 15 2
6 21 1 8 10 4 19 20 9 3 9
8 3 11 11 9 9 12 9 20 10 15
1 1 1 7 4 1 5 6 2 5 3
1 1 0 2 7 7 9 3 5 5 2
3 14 5 11 11 6 2 0 7 10 14
3 3 2 2 3 6 2 9 2 2 3
18 5 1 9 6 1 13 8 5 9 8
1 14 4 6 1 14 8 19 0 14 3
2 3 1 1 6 7 4 2 0 1 2
12 19 7 7 2 1 15 10 10 2 3
8 8 2 6 0 6 12 1 4 8 29
3 10 1 2 4 7 6 3 6 1 4
5 2 14 21 2 3 2 21 14 4 8
1 11 16 12 14 1 15 12 6 3 7
6 5 12 11 2 16 15 4 7 6 1
10 2 5 2 6 4 2 2 5 4 0
5 2 4 1 4 2 9 17 19 4 2
1 3 6 3 0 2 0 2 8 10 1
6 1 0 2 3 15 7 3 7 8 13
3 1 4 7 4 3 5 4 4 10 12
5 8 5 6 2 6 3 1 3 2 1
8 0 0 6 1 4 1 2 6 0 0
13 15 6 5 7 4 13 5 4 7 1
3 3 3 9 14 0 9 1 5 6 11
1 1 7 8 0 7 3 2 14 7 17
8 3 2 2 5 2 3 2 6 2 9
3 6 2 5 5 3 0 1 8 2 0
6 6 12 14 3 9 5 3 5 8 1
12 4 1 4 26 5 17 8 13 5 6
5 15 6 5 24 12 12 14 1 4 7
1 2 0 0 3 3 10 1 4 4 3
3 3 12 1 1 3 8 7 3 0 4
1 3 3 5 6 0 5 10 3 0 2
0 4 3 7 2 11 9 2 6 10 2
3 9 6 2 4 16 2 2 5 3 2
2 2 8 3 2 2 5 3 1 1 1
13 2 2 10 2 9 11 8 8 0 9
2 7 10 9 3 12 8 10 6 2 8
1 4 3 5 8 1 1 2 2 2 4
4 14 9 18 6 18 7 9 5 11 12
1 5 3 3 2 3 5 11 5 20 12
14 7 17 14 13 3 3 3 15 2 7
2 4 6 21 0 16 6 20 4 1 1
0 5 23 1 11 10 9 10 8 0 3
2 2 1 1 2 1 0 3 1 2 12
3 1 14 0 17 9 5 14 17 10 1
14 7 7 2 18 5 4 2 0 10 9
8 4 8 2 11 17 6 8 2 5 9
16 7 8 1 11 0 21 0 8 23 6
3 1 1 2 0 6 4 6 3 12 7
7 1 0 2 5 6 4 12 3 9 2
14 8 17 5 14 1 4 8 6 8 9
2 14 15 1 9 0 12 10 1 8 14
8 12 6 3 7 10 3 6 3 1 7
4 9 22 10 1 9 2 6 13 0 17
0 7 3 1 2 3 7 3 2 6 0
11 3 0 7 28 13 9 3 4 7 14
1 11 19 0 2 9 16 5 3 2 4
6 6 0 10 6 13 2 15 9 6 3
5 6 7 11 7 3 12 13 13 7 6
6 5 3 9 3 7 1 4 0 1 2
3 1 1 1 2 6 2 1 9 1 4
13 3 11 20 18 6 3 7 13 5 1
10 12 5 1 10 3 24 13 9 7 3
11 9 3 5 6 1 13 2 12 7 2
1 1 9 12 2 11 2 21 8 6 0
8 2 7 11 2 9 3 5 1 3 3
5 1 0 3 1 0 2 1 3 7 0
3 0 5 11 3 5 0 2 4 3 1
9 5 7 20 0 2 1 21 4 1 20
6 3 2 4 11 0 6 3 13 1 2
4 14 2 7 6 2 5 9 1 1 3
7 19 1 15 1 5 21 14 13 3 1
8 2 18 5 5 6 10 5 5 6 5
0 6 13 8 0 8 1 12 5 5 3
0 9 12 0 5 11 1 8 24 1 12
24 6 4 0 1 4 2 16 8 12 7
6 3 1 1 0 1 1 4 3 7 2
1 4 7 6 4 1 6 9 3 1 1
12 1 1 1 2 1 4 4 11 6 4
4 4 1 0 3 1 3 4 5 0 4
24 4 17 3 3 11 10 4 11 4 2
1 8 11 2 13 8 8 2 5 4 19
3 1 0 2 7 5 11 3 13 5 1
23 24 11 2 9 5 4 1 11 6 1
6 14 1 9 9 0 14 3 9 1 5
7 3 13 0 1 4 16 4 6 0 20
4 2 5 1 5 2 3 5 20 7 5
7 6 16 0 9 19 3 9 20 1 1
3 0 5 0 8 11 20 2 2 3 1
10 9 15 1 4 2 9 2 12 3 18
1 14 8 4 12 12 7 0 6 6 10
10 10 17 6 16 2 10 12 9 12 17
2 2 12 4 8 24 6 10 14 6 8
16 7 11 4 3 11 6 4 2 7 10
0 12 6 23 8 2 7 5 16 19 3
5 3 7 8 0 1 3 11 10 13 1
11 9 1 7 10 10 3 7 3 9 27
10 14 30 2 9 9 2 2 3 12 1
1 5 3 5 2 1 4 2 4 3 7
4 4 12 11 3 3 6 5 1 0 2
10 1 9 3 4 2 8 3 7 5 5
3 7 9 10 3 5 9 1 4 1 8
6 6 11 6 4 8 12 4 1 4 12
3 6 10 5 5 15 4 11 10 22 6
10 2 3 15 11 2 7 8 3 5 10
2 12 1 2 4 11 0 10 20 7 0
6 1 12 7 5 9 13 17 11 20 8
4 9 10 5 16 4 5 9 3 3 8
8 7 1 9 7 1 11 1 4 9 7
3 13 1 14 2 2 1 10 14 5 15
4 0 10 21 7 0 4 2 12 1 5
3 1 3 2 3 4 0 2 7 4 0
1 2 10 9 3 11 7 16 2 1 3
11 5 12 0 5 1 1 3 3 5 9
4 8 3 2 8 3 4 14 4 2 12
4 7 4 11 16 0 17 5 11 14 3
8 3 1 3 2 5 11 1 10 9 3
3 4 6 10 12 5 8 13 14 5 3
6 12 0 4 3 4 10 9 1 0 11
0 1 7 4 8 0 1 5 1 1 4
0 5 3 5 1 2 4 9 3 3 3
2 0 8 0 4 2 14 2 4 7 13
3 7 4 12 1 5 10 6 2 2 2
1 10 1 5 2 3 12 3 3 6 4
7 20 8 9 2 1 5 18 0 0 14
14 1 6 11 5 11 19 5 10 6 23
6 4 2 8 1 1 0 10 0 3 6
16 7 5 5 2 9 6 6 0 10 8
5 3 2 8 3 0 0 4 3 6 3
15 4 4 3 17 2 8 6 2 8 3
2 4 8 7 8 4 2 10 15 3 1
8 9 16 4 22 2 8 8 0 1 5
8 0 2 1 3 4 9 5 5 6 2
4 3 1 4 7 7 7 4 9 1 1
6 18 8 14 4 2 12 2 18 1 19
1 5 7 3 3 8 5 3 4 9 1
2 0 2 8 1 4 11 8 3 5 6
2 5 2 1 5 0 5 6 2 9 2
10 2 3 7 0 12 5 2 1 0 10
26 2 9 11 5 18 3 6 1 5 1
13 6 14 5 17 8 5 9 1 5 0
10 2 12 5 8 7 3 1 1 15 3
7 6 4 3 9 12 13 14 25 5 8
2 2 2 11 10 5 5 1 7 6 10
8 1 0 13 6 5 0 8 2 2 12
1 5 6 1 0 2 2 1 5 6 2
3 7 3 2 3 6 2 7 0 7 2
1 9 8 15 6 13 9 6 12 4 3
8 7 2 1 4 2 7 7 3 3 14
3 2 2 8 1 5 1 3 2 1 2
18 2 10 5 10 4 7 9 23 6 12
8 12 18 14 13 6 2 15 14 13 5
10 2 7 8 7 11 7 17 2 11 8
7 1 3 5 4 4 7 12 16 8 2
6 0 0 7 2 0 1 1 6 4 7
4 3 3 10 14 8 17 3 12 7 0
11 4 5 12 7 4 5 0 4 0 8
9 5 9 10 3 3 2 16 5 4 2
7 12 10 9 5 10 21 1 7 4 8
5 12 13 3 5 3 0 11 3 7 0
16 3 1 5 5 12 9 8 8 6 8
7 10 3 9 2 7 15 2 20 9 7
18 11 9 6 0 24 12 9 5 8 4
2 1 13 5 10 11 27 11 5 0 2
11 18 3 1 15 10 15 8 20 4 5
16 14 6 10 9 8 7 2 6 9 3
3 16 3 1 13 2 0 7 14 7 0
14 0 3 14 27 3 5 8 3 6 3
4 11 11 7 14 5 11 1 1 3 1
0 3 13 3 2 6 9 2 14 1 15
2 8 2 8 1 1 2 9 11 8 1
4 7 10 4 1 3 2 3 2 5 1
9 6 0 17 10 4 11 2 7 1 15
8 23 3 1 16 4 4 5 20 5 11
8 5 3 7 4 0 8 6 1 9 5
2 4 0 6 0 5 1 1 1 9 2
2 9 10 1 7 1 2 6 10 3 9
17 25 9 4 3 9 6 9 7 6 6
1 11 8 8 4 14 1 4 6 6 0
6 15 2 2 10 6 8 6 1 14 15
3 4 1 4 3 4 8 2 3 7 4
4 3 5 3 6 2 4 3 2 4 5
0 8 9 4 11 21 16 2 5 15 12
3 9 1 10 2 8 2 11 14 6 3
11 4 7 5 0 5 10 2 0 7 8
0 9 5 0 6 9 2 7 1 9 8
1 1 2 0 2 5 7 1 9 4 3
1 1 9 1 3 6 8 4 15 1 8
6 15 6 7 5 13 13 13 13 1 4
16 1 7 6 1 14 10 6 20 17 14
6 13 29 4 7 3 14 4 6 6 10
1 2 6 8 3 3 0 2 1 3 0
12 10 3 10 1 2 16 5 7 18 3
6 11 10 0 5 11 4 9 11 15 5
9 8 11 8 13 21 5 10 12 16 4
4 11 4 2 2 13 1 1 1 6 2
7 7 0 8 12 5 25 5 1 11 6
4 3 4 8 6 1 5 1 1 0 1
2 11 2 3 6 13 22 11 0 4 9
3 1 12 27 3 11 1 5 17 3 11
11 10 19 8 1 12 4 8 7 9 8
5 7 4 6 3 1 2 4 2 6 1
4 5 2 2 5 5 5 2 4 8 12
11 2 3 7 3 4 3 7 1 3 5
2 8 3 2 1 4 3 1 4 6 1
1 2 12 6 9 6 2 7 2 1 1
9 1 13 3 3 19 1 6 5 3 8
3 4 6 3 1 2 2 1 8 2 5
13 1 2 14 10 6 7 1 4 2 2
4 1 4 2 5 6 6 4 4 4 9
6 17 3 3 3 16 15 1 0 14 5
2 2 7 4 21 10 1 9 2 6 5
4 4 4 1 0 8 8 11 13 14 21
18 6 12 2 12 19 16 4 14 8 8
10 2 3 2 6 0 1 1 4 0 4
3 2 8 10 7 9 6 12 1 12 0
10 13 5 5 1 6 2 7 12 5 6
6 18 5 8 14 11 2 12 1 16 4
7 1 4 4 12 10 6 5 2 3 5
6 13 1 0 12 25 4 4 15 15 4
7 1 4 4 1 0 1 6 1 1 3
3 1 6 3 3 4 0 0 2 6 1
4 0 2 5 2 0 2 8 4 3 2
3 6 6 1 2 6 6 3 1 1 4
3 1 2 1 2 19 0 1 2 13 5
17 19 12 2 1 13 4 5 2 14 5
2 1 2 2 5 4 3 2 1 6 1
8 0 2 2 5 6 6 0 0 1 4
3 10 1 3 5 1 3 2 1 1 1
2 2 7 4 4 3 2 1 4 1 4
19 1 9 14 14 3 4 11 9 2 5
0 1 4 3 2 4 5 3 5 2 5
8 2 4 1 2 2 2 9 9 6 4
2 1 9 11 16 12 12 0 7 2 12
17 10 15 5 1 16 6 6 23 5 1
2 1 6 0 9 6 6 3 1 0 7
16 4 7 4 13 6 4 7 2 22 5
10 2 8 4 1 4 11 4 2 0 8
1 10 3 13 9 0 4 2 12 1 11
5 2 15 1 2 6 6 1 5 6 1
11 3 6 3 10 2 6 25 1 8 6
4 6 3 6 4 2 3 3 8 15 1
2 4 5 1 12 9 15 9 7 5 23
2 8 7 6 1 0 3 0 9 7 1
2 6 1 7 7 7 0 3 1 2 0
6 4 3 0 1 4 4 2 2 3 7
7 0 5 21 9 5 7 5 17 0 15
4 5 5 0 13 2 1 1 3 0 1
1 7 1 1 3 0 12 1 3 6 5
2 10 13 3 13 2 14 8 16 9 17
3 1 4 3 2 4 0 2 8 3 0
2 2 2 10 6 5 4 6 10 8 4
1 6 4 3 1 9 7 8 2 5 1
2 2 3 1 2 1 1 3 8 6 2
9 13 5 22 1 10 1 3 3 6 8
13 2 17 1 9 14 5 0 10 10 8
7 6 2 2 6 5 7 2 2 2 2
0 1 1 1 3 6 3 1 1 2 6
0 3 1 7 3 7 4 1 0 3 8
11 7 3 3 1 13 3 6 10 1 3
9 12 8 2 3 9 10 6 6 5 1
4 19 0 12 3 11 7 2 4 8 1
2 9 0 6 13 12 6 2 7 8 24
9 10 4 1 1 4 2 3 1 1 11
2 1 3 4 5 3 6 10 2 4 1
2 13 10 7 0 1 2 17 17 5 4
5 2 6 28 4 3 16 2 1 20 4
0 3 2 1 5 2 13 6 7 12 8
2 0 7 3 5 4 1 1 8 1 5
10 3 14 16 2 3 6 13 11 6 21
12 2 4 4 10 1 6 2 15 4 3
23 2 13 4 9 13 10 1 8 10 1
10 14 11 9 2 4 10 2 1 13 9
4 3 1 0 1 2 3 7 1 2 3
0 1 1 5 9 21 5 0 7 10 9
2 2 13 8 2 11 6 2 4 1 3
9 10 7 12 4 3 21 21 6 2 11
1 5 3 1 7 2 4 6 2 1 6
7 9 3 7 8 3 9 14 15 17 5
6 22 2 3 3 1 3 8 7 3 5
2 2 2 2 2 1 2 4 4 2 6
4 7 7 4 8 2 7 10 1 4 8
7 4 7 5 3 0 7 6 2 5 5
1 4 4 2 1 0 8 4 7 2 2
5 7 1 2 10 2 16 9 0 21 10
5 1 4 4 5 1 0 2 2 5 1
4 3 0 1 6 5 2 3 8 1 2
12 1 15 3 8 20 4 7 12 6 6
8 6 4 5 10 4 1 9 3 2 2
2 3 0 5 4 11 5 6 0 10 5
8 1 9 6 6 1 0 1 2 6 8
2 8 2 0 5 2 14 0 3 2 9
13 12 1 7 7 4 9 12 18 14 10
9 1 9 6 11 11 5 6 2 9 1
3 0 0 1 4 4 0 6 2 3 6
0 3 8 1 1 4 1 1 5 4 2
0 2 4 14 18 2 3 8 6 7 13
3 7 1 0 0 4 5 1 10 2 2
1 5 4 3 4 6 2 3 6 3 1
3 4 1 3 6 3 3 5 4 6 3
1 0 0 7 4 9 7 3 1 2 1
1 4 7 0 4 4 7 4 1 0 6
1 6 9 4 11 4 1 17 7 7 6
13 11 4 1 11 11 17 21 7 13 1
8 11 7 7 6 7 2 4 3 3 0
2 5 3 6 2 3 0 2 4 2 7
6 8 13 20 14 8 9 5 16 4 4
3 1 11 2 5 8 1 4 8 12 10
4 12 13 14 9 7 3 4 4 5 3
1 3 6 6 1 4 4 3 2 1 5
12 5 4 15 11 3 3 0 6 24 17
9 15 15 1 6 10 3 11 2 5 13
4 4 7 12 4 3 5 5 8 3 10
7 3 2 5 6 3 5 11 5 4 10
5 7 5 5 3 2 7 2 3 5 9
2 2 3 8 7 2 11 3 2 1 1
2 7 2 10 2 4 4 1 9 2 0
2 13 4 12 19 3 10 4 13 2 5
21 14 6 17 5 8 2 11 1 3 4
8 14 3 9 4 4 4 14 19 4 15
1 10 1 10 8 11 25 12 9 3 12
16 6 22 15 3 6 12 3 14 7 3
3 6 6 9 4 8 16 19 3 10 12
6 8 6 2 7 4 2 1 10 4 7
5 5 6 3 1 4 4 3 5 5 3
11 4 9 8 5 3 18 3 11 6 18
2 9 6 0 3 2 1 1 5 0 4
5 1 1 1 1 1 7 7 3 5 2
11 13 11 8 26 2 7 1 5 7 2
5 2 3 1 3 1 3 1 2 6 2
0 3 2 2 2 3 3 2 9 19 5
1 13 4 2 3 6 4 3 11 0 1
9 5 6 2 11 10 13 8 1 11 4
8 1 9 3 17 1 4 12 9 4 10
2 2 9 5 0 3 2 7 10 2 13
22 3 6 4 11 1 11 2 0 10 10
4 3 8 2 0 1 4 3 1 6 3
11 16 7 10 3 20 5 2 9 2 7
1 0 2 14 2 5 9 0 12 9 12
6 3 5 15 2 2 1 4 10 2 15
13 3 5 3 5 15 4 9 22 22 5
2 1 3 3 2 4 5 2 1 0 6
1 0 6 6 5 4 13 7 2 15 6
9 2 3 4 1 6 5 4 0 3 6
3 8 23 13 4 4 0 1 3 2 3
4 1 0 19 17 3 6 9 18 6 20
1 4 3 0 5 1 9 6 1 2 1
9 0 4 5 2 1 9 15 1 2 4
14 12 1 4 5 5 1 2 0 6 7
7 3 6 10 5 5 3 11 0 6 5
5 6 9 8 12 11 1 3 3 0 5
9 0 8 6 15 2 5 18 7 11 5
5 2 3 1 5 1 3 6 4 1 6
0 12 7 2 2 5 5 19 3 18 16
5 7 2 1 7 6 1 6 2 1 3
4 4 0 5 0 2 0 3 6 10 13
14 4 7 3 2 1 3 3 0 1 7
5 7 2 5 1 2 9 1 1 9 3
5 1 7 15 7 16 1 17 4 8 2
3 5 6 15 5 12 3 5 5 3 21
8 6 3 2 1 7 2 3 15 4 1
5 0 1 8 2 2 0 5 1 3 1
7 3 3 4 1 1 5 5 7 1 7
2 2 3 2 4 1 5 3 12 12 2
4 6 12 17 5 2 24 1 17 5 13
2 22 3 6 3 9 14 4 8 4 7
9 10 9 8 4 15 12 8 7 1 8
5 13 3 1 6 5 5 6 5 4 1
13 10 17 10 4 14 2 4 3 6 12
4 7 7 1 1 8 6 0 4 0 2
13 9 9 6 0 24 4 12 6 13 4
1 1 4 3 1 1 5 5 4 0 4
1 2 7 4 1 8 1 0 1 4 3
11 9 4 6 3 12 7 3 15 16 13
3 7 1 0 7 6 2 3 4 3 10
9 4 14 7 21 10 6 0 6 13 17
1 2 10 4 6 7 10 3 18 7 10
2 4 4 4 1 3 0 7 0 1 4
1 6 13 1 2 2 1 2 0 1 1
2 7 7 3 2 3 6 2 2 4 0
10 6 9 9 3 4 9 1 7 1 8
7 7 8 11 3 12 21 6 13 4 0
9 3 17 19 5 3 11 6 7 0 8
1 1 4 6 4 2 2 9 2 15 5
15 5 18 9 12 10 11 1 4 7 4
5 13 8 3 3 4 7 1 4 1 2
13 11 12 2 6 11 9 26 13 0 3
2 2 13 6 2 7 3 4 15 5 2
1 3 9 9 2 4 11 7 6 0 0
3 0 20 7 9 13 13 11 20 7 8
1 26 2 6 12 9 8 0 1 15 7
4 9 4 6 5 6 5 5 11 0 1
5 13 3 2 14 21 15 2 6 7 3
1 14 3 7 10 2 9 5 2 9 7
14 17 2 19 12 7 8 16 7 9 4
4 2 3 0 9 1 5 5 0 4 1
1 1 6 3 4 3 4 0 3 2 5
17 1 5 2 0 1 7 3 5 13 3
0 9 7 2 3 1 5 0 8 1 2
4 4 3 3 11 1 0 4 1 1 11
2 1 3 5 9 16 13 9 6 3 6
5 8 11 5 10 6 2 9 12 5 12
12 16 19 4 1 11 10 14 14 4 5
7 8 9 6 2 11 13 5 4 17 5
10 1 12 5 18 20 5 2 7 9 8
8 5 7 0 4 0 3 2 2 4 0
15 4 7 5 12 11 6 10 2 6 0
5 20 6 5 4 19 1 4 1 0 11
3 3 4 3 4 1 0 1 3 2 6
0 3 30 4 3 1 5 16 3 4 14
4 2 7 8 19 10 15 16 7 12 2
9 15 11 5 17 6 20 1 14 3 5
1 1 15 5 5 12 1 4 4 2 0
3 8 3 7 1 2 3 8 8 8 9
4 2 0 7 8 2 4 4 5 6 7
5 11 13 19 3 15 10 1 8 5 5
1 7 13 5 4 20 1 9 17 22 3
9 2 5 4 0 13 1 6 2 1 1
2 8 9 2 8 5 8 8 4 2 3
4 1 10 9 15 9 17 12 2 7 7
26 6 10 0 11 3 8 1 8 2 8
0 1 8 1 6 9 6 3 1 7 11
14 13 16 9 9 1 1 9 15 11 7
8 13 3 8 6 14 10 7 14 12 2
2 16 7 4 14 2 18 7 6 23 9
12 14 5 1 2 13 5 12 2 15 7
4 12 1 7 5 6 2 11 8 11 2
7 3 1 8 1 1 6 1 7 3 5
3 13 7 8 10 4 16 19 1 6 14
5 17 11 15 11 6 6 0 2 12 8
7 6 8 0 1 2 3 0 7 1 11
8 11 14 1 11 2 3 3 12 11 2
8 10 19 7 15 5 7 3 0 15 5
7 3 3 8 1 3 6 1 1 6 4
6 2 14 6 3 4 3 1 3 0 3
3 9 12 4 3 7 4 5 3 3 6
2 1 6 6 2 2 2 2 7 0 1
7 8 0 6 5 7 10 6 1 10 3
7 6 1 1 9 6 6 0 1 5 7
8 3 10 13 1 4 0 5 2 11 0
0 2 6 8 7 11 11 14 9 13 10
16 2 8 4 9 7 3 7 0 7 5
3 1 4 3 0 13 7 5 6 10 10
0 3 2 3 8 3 3 7 5 5 5
11 2 9 3 5 2 3 1 5 4 3
16 8 18 9 1 1 12 1 8 17 1
5 3 2 4 3 6 7 6 1 2 1
6 10 13 8 2 16 17 2 1 6 15
8 7 1 1 2 4 7 5 6 2 2
15 7 5 17 5 16 15 5 16 8 2
11 10 4 7 7 14 18 8 9 16 6
3 7 9 3 4 7 5 15 5 0 3
12 1 2 1 2 11 0 5 14 2 4
20 0 2 1 3 13 16 19 13 4 6
15 15 0 8 0 1 7 2 4 18 10
7 9 10 9 24 6 3 14 0 11 13
7 3 2 2 0 1 0 7 7 4 0
3 1 12 6 1 3 18 15 4 9 3
11 15 7 18 9 10 4 5 14 4 1
2 1 2 3 2 3 5 3 1 0 7
10 6 1 7 7 3 5 6 3 4 5
2 0 23 1 11 11 1 9 13 5 1
5 18 14 5 12 7 5 7 8 6 9
9 2 17 3 5 3 13 12 0 3 6
1 1 3 3 5 2 2 1 1 4 5
4 2 1 8 2 2 4 9 4 11 3
11 1 1 16 14 6 5 9 19 2 0
16 11 10 4 3 3 23 0 5 4 8
6 13 6 10 10 4 5 10 15 7 12
0 5 11 1 4 1 4 6 6 8 1
10 9 2 8 7 3 12 2 2 3 27
9 1 8 17 4 7 4 1 13 5 6
21 6 2 9 14 6 11 8 8 12 5
1 16 1 14 12 7 4 0 10 14 8
12 6 8 4 0 10 10 22 3 2 2
2 10 7 13 14 14 10 18 3 5 14
12 2 2 1 5 7 11 5 21 15 0
14 11 9 21 2 4 4 6 1 3 0
1 12 2 8 8 11 3 4 16 8 3
7 11 9 10 14 9 3 5 15 1 1
13 7 4 15 7 7 3 6 3 6 4
6 2 4 0 1 0 2 2 4 7 5
4 12 1 16 1 4 1 18 7 8 11
5 5 7 5 14 2 5 5 9 5 0
7 12 18 2 5 7 15 4 21 6 4
0 9 10 14 3 1 13 3 11 10 9
10 24 1 4 1 0 6 6 8 14 3
4 3 6 3 6 1 0 20 16 14 12
6 5 3 0 8 4 2 8 12 3 14
2 7 7 9 1 17 10 17 14 5 5
8 4 6 1 5 3 7 6 9 4 0
2 6 0 3 5 3 4 1 3 3 2
10 4 4 15 10 1 7 9 0 8 4
0 16 6 3 2 5 3 3 11 3 1
14 6 8 2 4 3 4 8 5 8 10
3 1 6 12 7 3 11 8 11 8 12
8 1 15 9 0 3 1 7 12 18 6
1 5 1 2 6 8 4 4 4 8 5
8 13 4 5 6 8 11 4 14 15 20
14 6 1 7 8 8 7 5 6 13 2
2 5 3 2 11 4 11 17 1 10 10
1 6 6 0 8 2 2 2 14 1 10
17 21 0 4 11 18 4 0 6 8 8
2 2 5 2 5 8 4 7 6 10 5
9 19 6 0 2 12 19 11 4 5 20
4 5 1 2 5 10 8 8 0 6 0
3 4 2 5 4 2 8 5 3 0 3
8 0 4 12 3 0 0 13 6 1 3
4 4 3 1 3 7 2 1 8 0 1
3 8 3 5 15 7 8 7 16 5 4
0 20 3 10 8 20 21 4 6 5 9
10 10 8 11 3 2 14 5 4 8 20
8 20 1 13 5 1 1 8 6 14 14
9 2 13 7 4 9 6 3 4 7 6
8 1 20 3 10 6 17 3 11 11 3
7 5 3 1 5 5 2 2 1 1 2
12 5 10 14 0 0 4 2 3 1 21
7 10 5 7 11 9 11 2 5 13 4
1 3 1 1 8 0 0 13 9 2 2
9 9 6 1 5 11 10 8 7 2 11
1 2 4 16 11 12 1 8 9 14 5
2 10 16 0 16 10 1 2 0 1 1
9 3 0 6 4 2 2 8 1 3 1
3 1 2 3 4 12 7 17 8 17 3
2 12 2 4 7 8 2 1 6 13 3
10 7 2 19 3 2 30 4 1 1 10
4 12 6 6 3 6 10 11 5 1 18
4 23 11 12 4 4 3 9 9 0 8
1 2 5 11 4 13 4 6 2 2 2
4 2 0 2 2 1 7 3 2 7 2
3 4 9 2 16 7 2 5 15 6 5
12 5 11 9 3 4 16 7 13 11 8
0 9 9 7 7 2 9 14 2 16 3
6 8 7 1 3 8 16 7 7 3 1
24 10 17 6 3 3 4 14 6 2 8
14 4 9 1 3 3 7 3 13 3 13
4 13 12 21 4 8 1 7 12 14 16
4 2 5 16 5 8 6 4 5 2 2
0 2 3 8 8 4 1 6 8 4 2
2 2 4 3 8 6 5 14 9 1 6
3 12 2 3 4 12 11 29 13 6 6
8 16 5 6 13 15 9 2 10 8 24
9 3 3 8 9 16 10 1 7 14 12
17 3 15 17 5 5 6 0 21 3 6
13 14 5 11 3 2 18 10 4 8 13
7 5 12 8 17 5 14 6 8 4 21
13 1 1 16 9 10 5 4 8 7 6
2 1 2 3 5 2 0 4 3 1 5
0 15 5 9 4 11 21 2 7 0 11
9 5 5 5 3 12 8 16 19 12 7
5 8 1 4 2 4 5 1 4 7 2
2 17 2 2 5 8 6 2 2 6 2
12 23 13 0 6 7 11 3 0 4 20
19 0 3 4 5 8 2 4 5 11 2
1 7 1 9 11 1 5 2 6 2 10
15 1 12 10 10 12 15 20 5 1 3
0 7 6 2 7 2 4 6 4 3 6
2 2 4 6 6 9 9 2 0 3 1
4 2 16 12 15 4 7 8 10 0 9
4 4 0 6 1 4 6 6 3 4 3
4 13 4 9 14 4 7 7 1 6 8
7 9 4 1 10 7 8 2 5 5 1
4 7 9 8 2 12 6 17 5 5 2
19 13 5 2 4 7 2 8 3 14 14
3 4 2 1 2 1 6 2 5 3 1
3 1 0 3 6 1 1 3 3 8 5
19 10 7 11 9 6 2 20 11 1 9
7 1 6 7 0 4 1 5 8 3 2
5 9 1 7 13 7 6 12 13 2 1
5 4 0 5 9 4 1 8 5 10 3
1 4 6 5 4 6 3 3 1 4 2
1 4 6 6 9 1 9 0 9 10 3
8 9 7 8 14 17 1 15 7 6 14
11 15 4 12 5 13 18 0 18 15 1
0 9 5 3 7 4 9 8 2 5 2
1 1 3 9 6 2 7 10 2 4 1
13 2 3 13 14 10 6 8 8 2 12
15 2 1 4 22 23 6 7 4 10 9
1 3 2 0 4 3 6 5 1 6 14
2 14 10 14 15 3 5 8 7 2 22
25 0 11 15 10 9 6 5 8 8 0
2 3 4 1 8 15 1 3 3 7 3
13 1 7 5 8 10 1 10 4 7 7
2 1 1 3 1 0 4 3 6 7 3
4 2 14 5 4 5 4 2 6 3 1
3 3 5 1 2 1 7 3 1 1 1
7 9 2 1 9 2 1 6 2 8 2
2 1 3 3 1 3 8 5 5 0 4
8 4 5 10 2 3 12 18 10 7 19
0 5 7 9 6 29 12 3 12 10 9
8 18 8 5 1 2 12 10 12 1 1
8 3 3 0 1 8 5 5 6 4 2
2 16 5 8 4 14 8 21 6 2 5
13 7 2 11 2 10 0 10 13 4 5
16 12 9 2 14 16 17 3 11 2 7
9 1 2 6 2 2 2 1 3 1 2
5 2 5 5 4 7 8 2 10 2 5
15 4 10 6 3 24 9 5 2 0 13
5 3 5 3 3 6 4 2 6 2 0
3 0 8 2 1 19 3 7 8 13 26
1 1 4 3 5 8 4 1 4 1 3
5 4 1 6 3 4 2 3 20 1 10
1 15 9 11 14 1 0 4 2 6 4
3 2 12 2 7 11 5 0 24 11 19
3 4 2 5 5 0 3 6 1 3 2
13 8 1 1 3 20 9 2 11 6 11
1 3 2 2 3 3 8 1 3 6 1
16 1 11 15 7 15 3 15 10 7 14
10 2 1 5 4 0 0 6 0 8 5
4 3 5 23 3 6 6 9 5 19 11
6 4 4 0 1 0 4 0 1 7 2
0 3 1 1 6 4 0 3 2 27 8
5 6 5 2 12 2 7 2 9 8 2
21 11 1 8 2 0 6 7 9 13 1
5 0 15 1 8 1 3 13 5 8 3
4 1 8 4 0 1 3 7 3 8 1
16 2 8 12 4 4 8 4 11 11 2
0 8 10 7 16 13 10 23 7 4 7
0 7 6 1 7 2 1 6 3 2 6
6 7 10 9 23 17 6 7 4 9 6
9 3 12 12 6 0 6 5 3 4 1
9 12 0 1 6 0 4 17 3 1 3
1 2 1 2 2 5 4 4 5 2 8
11 3 14 5 12 16 13 2 14 7 7
6 1 0 2 1 3 0 7 3 2 4
1 12 7 8 6 1 15 4 18 10 13
8 1 7 0 12 21 4 10 4 1 8
2 2 2 4 0 0 1 6 3 7 10
2 0 4 0 1 5 5 5 6 4 2
5 1 6 2 4 2 7 1 0 1 1
3 1 4 4 6 1 3 2 1 3 1
8 10 4 13 11 15 7 7 13 12 16
7 0 2 5 12 1 2 7 6 10 0
1 2 1 3 1 5 3 4 9 0 4
6 11 2 12 3 9 8 5 8 2 1
0 0 20 1 1 5 21 5 5 8 14
1 14 8 0 6 1 1 1 0 0 5
1 6 3 3 10 1 2 8 5 2 3
2 2 3 2 5 10 0 2 2 7 3
11 15 2 7 14 3 23 7 16 2 10
4 6 14 2 6 1 3 2 9 5 7
22 20 9 4 2 2 9 3 14 6 4
7 3 1 5 11 0 1 2 3 2 8
5 1 6 0 2 1 5 1 4 6 6
2 0 0 7 7 0 9 1 3 9 3
6 7 1 11 8 5 3 1 4 8 7
10 0 9 1 0 6 2 4 1 10 4
2 1 20 17 11 10 2 1 5 6 1
13 3 6 4 8 23 10 14 5 3 8
6 5 1 2 4 8 4 17 22 5 4
4 0 1 3 3 12 8 3 5 5 1
1 26 6 9 8 5 4 1 15 11 15
18 0 14 8 2 9 9 2 18 1 20
1 18 4 5 0 9 9 2 12 15 7
1 2 10 3 9 22 9 8 7 11 5
4 3 1 11 2 3 5 12 2 3 21
10 3 17 8 4 9 7 8 6 6 1
7 1 0 4 0 3 2 7 3 2 2
3 1 7 3 4 4 3 4 2 4 1
11 23 4 4 3 10 0 0 13 2 6
7 2 5 3 5 10 2 8 1 10 2
16 0 6 10 4 18 10 22 6 8 1
10 0 2 11 3 2 23 17 5 6 5
1 7 9 5 14 7 3 10 2 5 6
11 2 5 1 1 3 3 5 7 3 0
1 1 5 6 1 6 1 5 0 1 2
2 0 5 3 3 17 11 6 2 11 4
6 2 4 6 4 5 3 3 5 0 5
6 1 3 2 5 6 1 5 2 3 2
14 2 3 5 16 0 11 6 2 12 3
13 6 13 7 10 10 22 7 13 10 4
3 12 9 6 9 11 15 0 10 10 1
3 6 0 4 5 3 1 2 5 3 3
6 3 6 11 6 5 5 9 1 9 14
19 6 6 6 19 6 23 10 4 2 1
8 4 20 21 7 1 9 4 7 3 8
1 7 10 5 11 7 6 2 12 12 13
6 1 6 1 1 4 3 8 5 6 13
7 7 3 13 2 23 6 2 7 1 8
2 14 4 2 5 2 4 5 7 7 4
0 4 4 1 9 5 11 2 0 2 0
7 13 2 6 13 2 17 1 10 1 3
6 3 4 3 12 6 1 7 11 1 2
5 5 5 1 15 20 22 9 4 11 10
0 2 12 13 5 6 5 2 2 2 10
1 12 8 1 3 2 12 15 4 1 10
4 12 3 1 10 12 14 3 3 8 5
13 9 2 6 2 9 0 8 0 2 9
6 0 14 3 9 10 8 24 15 3 7
4 6 2 2 1 3 0 3 3 4 1
1 6 2 6 3 1 3 0 0 1 4
10 2 16 4 4 12 12 5 8 1 10
13 1 1 3 4 6 0 2 2 6 3
2 3 6 1 10 1 3 4 3 13 6
3 4 1 1 1 5 1 4 5 6 1
5 1 8 7 3 9 12 17 0 4 7
12 11 10 6 0 10 8 5 7 14 15
8 5 9 6 9 2 1 5 6 8 4
15 2 6 8 5 2 3 26 3 3 0
4 6 6 2 3 5 1 2 2 2 3
6 3 5 2 8 2 4 1 1 12 5
2 2 6 20 2 11 8 24 0 7 4
1 2 1 22 2 3 1 8 0 3 6
9 7 4 3 0 7 7 0 3 1 4
8 12 8 1 6 2 22 16 13 14 3
11 4 3 6 5 2 7 0 5 5 2
1 4 21 12 8 12 2 1 3 11 5
13 2 5 12 1 5 1 8 7 13 3
1 26 2 9 1 5 3 4 16 15 5
3 1 2 6 21 7 10 1 4 14 14
3 4 12 3 2 2 2 7 6 5 3
5 2 1 2 2 2 2 6 4 2 1
16 3 9 16 7 1 5 17 3 3 3
7 7 3 2 9 7 4 20 8 12 3
2 3 4 6 11 6 0 2 11 3 0
1 2 9 5 10 13 2 3 7 5 0
7 3 1 7 13 1 5 14 7 11 7
10 0 2 0 2 2 8 3 3 3 9
7 19 19 2 1 6 12 3 7 2 7
5 2 1 6 1 12 2 5 7 0 20
0 3 1 10 7 1 1 4 16 6 22
5 4 4 14 6 7 1 9 1 16 16
14 1 6 9 5 5 9 1 3 1 2
8 8 13 6 2 9 12 7 10 3 1
11 4 7 0 18 17 2 4 0 19 5
8 1 6 2 8 22 0 1 14 0 3
1 15 7 2 10 9 5 0 0 0 7
5 4 14 16 15 3 2 6 17 8 11
6 4 1 3 2 9 5 1 2 5 8
7 1 8 8 9 7 9 6 0 1 0
2 1 6 1 5 1 5 0 2 5 3
5 1 1 3 3 11 7 1 12 4 5
11 5 19 13 12 1 2 2 1 1 8
2 5 17 9 14 1 12 4 7 18 17
2 11 13 8 10 17 4 15 11 9 16
2 3 5 4 2 1 1 4 3 2 2
1 2 5 5 1 3 1 5 2 4 2
14 9 8 16 11 6 16 13 10 6 5
4 1 9 9 4 3 6 4 9 6 3
2 15 5 17 15 0 3 3 1 5 4
15 0 18 10 17 1 1 14 4 8 3
2 4 2 0 0 1 6 7 6 1 1
19 4 13 6 2 14 0 0 19 1 20
20 10 1 11 7 13 1 6 15 19 6
6 10 14 1 4 0 2 2 16 9 9
1 2 10 6 4 6 4 33 9 3 5
5 5 6 1 10 1 12 7 4 4 2
4 9 9 11 3 1 12 13 4 12 22
1 4 5 2 2 3 2 6 4 1 2
8 1 16 2 13 0 7 3 25 6 14
3 4 4 8 19 3 4 10 9 12 3
3 11 10 10 28 5 6 4 6 14 10
1 5 1 1 7 3 1 0 4 3 0
21 1 0 10 12 4 1 11 11 12 4
9 22 4 11 8 2 11 7 6 5 4
1 3 11 2 16 3 1 8 4 2 0
6 5 11 15 9 19 13 8 5 5 17
2 1 14 4 2 3 2 10 4 6 10
4 3 3 5 14 2 8 10 12 10 9
5 6 11 4 2 0 8 6 1 2 1
2 12 5 13 13 6 17 0 7 8 4
3 4 3 4 4 2 13 6 4 2 3
7 8 5 10 1 1 6 1 3 0 6
11 22 6 9 15 13 7 3 1 1 6
2 1 6 13 2 11 7 6 11 3 7
4 8 11 8 5 7 3 14 7 21 12
3 1 1 6 4 4 8 4 5 11 4
14 1 5 15 7 3 0 6 4 3 2
9 9 11 7 4 5 18 0 9 9 3
3 9 0 5 7 16 18 12 2 9 7
5 9 7 13 15 11 1 1 2 5 1
10 11 9 4 6 1 10 0 5 7 4
3 5 5 6 9 1 0 0 1 9 4
10 6 1 8 13 4 11 2 7 8 4
5 2 1 8 12 1 7 8 5 1 10
2 4 10 2 1 2 3 2 1 5 1
1 5 5 4 3 3 2 1 3 4 1
2 6 4 5 1 17 0 5 1 13 22
12 5 6 3 8 15 6 8 8 5 5
6 3 5 7 1 2 7 0 0 5 9
7 1 0 3 20 8 22 7 7 7 17
1 9 4 1 1 7 2 1 1 0 1
1 6 2 15 15 17 7 5 1 12 1
2 3 3 6 2 0 10 5 4 6 1
19 9 5 3 22 5 7 7 1 7 14
3 1 1 1 1 2 4 9 5 4 4
22 6 2 1 11 14 9 10 9 6 7
12 0 8 10 6 2 8 8 17 4 4
5 16 1 6 24 4 5 9 11 5 18
10 6 21 8 10 2 2 3 8 12 1
3 10 3 8 2 5 11 11 2 1 10
6 7 7 12 14 11 21 5 3 3 20
5 1 9 4 7 3 1 6 2 1 5
1 69
1 72
2 87
3 54
5 36
6 57
6 64
7 52
8 82
12 31
12 39
13 99
14 19
15 62
15 75
18 22
18 63
19 33
19 107
20 36
20 90
20 95
21 41
21 49
22 60
22 72
22 93
23 49
24 51
24 97
25 57
26 118
27 56
27 127
28 37
28 39
28 121
29 89
29 106
31 68
31 107
32 130
33 96
34 52
34 77
34 97
34 115
35 89
35 93
35 109
35 134
36 48
36 87
36 115
38 96
39 59
40 50
41 58
42 137
43 98
44 47
44 86
45 113
46 101
47 132
49 52
49 90
50 115
52 93
52 101
53 145
54 108
56 121
57 134
58 83
59 117
61 62
62 69
63 105
65 87
66 96
66 103
66 109
66 114
67 153
67 163
68 131
69 113
69 123
71 78
71 112
72 99
75 133
75 157
77 106
77 137
77 165
78 91
78 108
80 98
80 106
80 171
81 118
82 123
82 168
84 104
86 102
86 119
86 185
88 136
88 160
89 162
91 108
91 178
92 152
92 182
93 137
95 122
95 141
96 129
97 195
98 174
99 141
99 194
99 195
101 134
102 168
105 124
105 187
107 128
107 138
107 189
108 117
109 118
109 179
109 180
110 161
110 206
111 182
112 179
114 213
116 162
116 165
117 172
118 159
118 211
119 145
121 167
122 149
123 190
123 196
125 194
126 182
127 163
127 168
128 157
128 193
128 210
129 176
130 166
130 212
130 217
131 158
132 155
132 161
133 209
133 219
135 167
136 156
136 165
136 221
137 150
138 196
138 208
139 152
139 190
141 203
142 233
143 162
144 155
144 177
144 225
144 231
145 204
147 159
148 204
148 231
148 238
149 163
149 166
149 228
151 169
151 196
152 170
152 238
153 170
153 242
156 208
156 247
157 192
157 198
157 241
160 236
161 231
162 199
162 227
163 199
163 221
164 255
165 171
166 193
168 247
169 255
169 263
170 203
170 219
170 222
171 210
173 180
173 188
174 188
174 191
174 215
174 238
176 193
178 179
178 184
178 204
179 221
181 255
182 255
183 265
187 233
187 234
187 250
188 241
188 286
188 287
189 281
190 218
191 201
191 245
191 258
191 265
191 285
192 210
194 223
194 236
194 240
194 287
195 277
196 208
196 245
197 207
197 275
198 252
200 201
201 243
201 255
202 241
204 245
204 268
204 280
206 235
206 284
206 305
210 225
211 237
211 289
212 236
212 297
216 235
216 299
217 241
217 278
217 287
217 290
217 295
218 280
219 251
219 260
219 298
220 256
220 317
221 265
221 266
221 283
221 295
221 315
222 225
223 244
223 282
223 287
223 308
224 233
225 260
226 252
226 256
226 288
226 307
227 240
229 253
229 280
229 284
230 236
230 306
230 313
230 322
231 308
234 251
236 315
238 247
238 329
239 264
239 333
240 339
241 277
242 257
242 318
243 267
244 279
245 312
246 284
246 290
247 330
248 249
249 313
250 314
251 311
252 285
255 277
255 314
257 311
257 339
257 345
258 306
259 277
259 328
260 330
261 275
263 284
263 309
263 337
264 282
265 280
265 335
265 342
265 361
266 342
266 351
266 353
267 278
267 281
269 278
271 275
271 282
272 305
273 339
274 314
275 277
275 313
275 314
275 317
275 357
277 315
278 329
278 332
279 342
285 334
285 342
285 364
285 374
286 374
287 352
288 348
288 350
289 333
290 324
291 343
294 384
295 364
297 352
298 325
299 395
300 310
301 321
301 371
302 357
302 386
303 310
303 354
303 399
305 330
306 315
306 331
306 393
308 344
309 335
309 368
310 364
311 340
312 348
312 369
312 389
313 331
314 408
315 389
317 350
317 406
318 337
318 356
320 365
321 357
321 362
322 330
323 386
324 341
324 369
324 394
325 399
326 401
327 343
327 401
328 339
329 389
330 340
330 352
331 369
331 377
331 400
332 343
333 358
333 407
333 409
334 355
334 432
335 364
335 430
335 434
336 350
337 349
338 371
339 420
339 422
340 437
341 381
341 386
341 441
342 419
344 352
344 410
344 420
345 359
346 418
347 420
347 434
348 386
348 437
350 366
350 379
350 412
352 437
353 359
354 393
354 397
355 356
355 407
355 452
356 369
356 395
356 430
356 441
357 438
359 367
361 438
362 365
363 409
363 447
364 398
365 459
367 377
368 427
368 438
368 458
368 465
368 466
369 442
370 381
371 455
373 395
373 420
374 394
374 451
375 406
375 417
375 444
375 458
376 418
376 429
379 419
380 416
380 452
380 464
383 464
384 409
384 467
385 474
386 405
386 416
386 437
387 460
388 399
389 433
390 394
391 404
392 449
393 459
395 424
395 461
395 477
396 491
398 400
398 409
399 433
399 437
399 448
399 463
400 488
403 473
403 479
404 441
404 442
404 457
406 505
407 431
407 483
410 433
410 505
410 510
411 432
411 496
412 443
412 494
413 456
414 452
414 475
414 480
414 496
416 508
417 429
417 511
418 468
419 425
419 440
419 505
420 505
421 438
421 492
422 496
423 491
423 514
424 483
425 450
425 474
425 485
426 438
428 469
428 526
429 462
430 457
431 451
431 524
432 480
433 444
433 488
434 448
434 490
436 472
436 492
436 502
437 471
439 459
441 459
443 471
445 456
445 470
445 508
445 543
446 532
448 499
451 456
451 521
452 504
454 543
455 538
459 504
460 559
461 535
461 558
464 465
465 491
468 485
470 560
471 538
471 560
473 502
473 520
474 528
475 491
476 555
476 571
477 517
477 535
477 549
479 519
480 497
482 512
483 512
484 525
486 539
487 490
487 535
488 529
490 523
491 522
493 543
494 502
494 503
494 584
494 591
495 555
495 572
495 593
496 497
496 530
496 574
497 559
499 597
500 574
501 510
502 524
502 544
503 544
503 546
503 563
504 523
505 529
505 564
505 601
507 526
507 536
507 568
508 570
508 580
509 530
510 546
510 584
511 549
511 563
512 519
512 590
512 600
513 537
514 545
516 528
516 552
516 605
517 521
517 596
518 614
519 575
520 606
521 562
522 556
522 582
523 524
523 568
524 532
525 567
525 599
527 594
527 602
528 551
529 608
530 610
531 533
533 536
533 561
533 608
533 623
535 549
536 555
536 590
537 584
538 540
538 582
539 628
540 544
541 561
541 627
542 576
542 621
543 589
544 552
544 622
546 572
547 618
548 576
549 562
550 606
551 552
552 563
552 570
552 584
552 596
552 631
553 569
553 592
553 596
554 565
554 651
555 637
556 584
556 649
557 655
558 574
558 582
558 599
558 658
559 622
560 621
560 654
562 584
563 569
563 643
564 630
564 656
565 622
565 623
565 661
568 615
568 662
568 663
569 583
569 648
571 626
572 574
572 622
574 604
574 633
576 602
577 648
578 612
579 641
579 658
579 673
582 615
582 670
582 682
583 596
584 606
584 676
585 639
585 682
586 600
587 619
588 615
588 668
590 632
590 672
590 690
591 665
592 606
592 633
593 600
593 649
593 660
594 605
595 692
596 694
597 665
599 615
599 628
600 654
601 676
602 612
602 661
603 685
605 655
606 650
607 680
607 681
608 611
608 637
609 625
609 645
610 634
610 710
611 687
612 629
612 670
612 695
613 640
614 682
615 675
616 620
616 656
616 701
617 684
617 704
618 644
620 653
620 673
621 699
621 705
622 684
622 688
624 642
624 713
625 675
626 629
626 709
626 716
627 634
628 722
630 636
630 728
631 652
631 697
631 710
631 714
632 638
635 654
635 704
635 711
635 731
635 733
636 704
636 729
638 697
638 726
639 734
640 670
641 673
641 729
642 712
644 657
645 647
647 705
648 666
648 717
649 744
652 697
652 738
653 690
653 703
653 733
653 742
655 670
655 738
655 755
656 714
657 704
658 679
658 711
660 719
661 673
661 696
661 722
662 680
662 697
662 716
662 721
662 733
662 753
663 677
664 665
664 696
664 758
665 670
666 733
667 762
668 723
668 734
669 677
670 765
671 718
672 690
672 753
672 754
673 681
676 720
676 738
676 760
677 678
678 716
679 684
679 709
680 709
681 704
682 770
684 698
684 732
684 742
686 701
688 763
689 735
689 779
690 746
690 776
691 764
692 756
692 759
693 792
694 718
695 712
695 734
695 757
696 792
697 713
697 737
698 784
699 706
699 745
701 774
702 732
702 760
702 782
703 775
704 736
704 783
705 762
705 788
705 791
706 733
706 738
706 739
706 747
706 783
707 741
707 763
707 784
708 714
708 752
708 777
710 713
710 725
711 794
712 761
712 764
713 811
715 774
716 808
717 755
717 763
717 813
718 813
720 798
721 808
721 821
723 792
724 748
727 797
729 755
730 743
730 781
731 740
731 780
734 807
734 814
735 771
736 763
736 836
737 755
738 773
739 805
741 840
742 776
743 781
743 808
744 783
744 830
746 810
746 826
747 768
748 762
751 794
751 832
755 757
755 782
755 841
756 819
756 842
757 770
758 777
758 787
758 824
759 772
759 815
759 858
761 767
763 828
763 841
763 852
764 849
765 832
766 816
766 821
766 832
767 794
767 837
768 796
770 817
771 777
771 811
774 871
778 780
778 827
779 787
779 830
780 832
781 782
781 795
781 818
782 831
783 829
783 866
784 785
784 793
785 801
785 816
786 875
786 885
787 824
787 840
788 816
789 814
789 840
789 853
789 854
791 874
792 875
793 871
794 804
795 818
795 840
797 833
798 824
798 848
799 831
799 881
801 837
801 847
802 854
803 898
804 849
804 864
805 825
806 847
806 856
807 886
809 818
810 827
811 838
812 897
812 899
813 824
813 871
813 901
814 844
814 895
817 887
818 836
820 841
820 844
821 904
821 918
823 836
824 859
825 840
825 883
825 891
826 854
827 873
827 904
828 924
829 865
829 893
830 841
830 858
830 861
830 894
833 868
836 852
838 877
838 908
839 888
840 885
840 918
842 875
842 887
843 870
843 872
843 894
844 889
846 923
849 938
850 931
851 926
852 862
852 913
852 942
853 872
853 894
853 945
854 899
855 902
856 902
856 906
856 913
857 877
857 900
857 943
860 931
861 946
864 947
865 878
865 887
866 885
866 924
870 922
871 876
871 886
871 931
872 912
876 951
876 976
877 919
877 935
878 937
878 940
881 962
882 917
882 932
884 981
885 908
885 912
886 939
886 940
888 890
888 933
891 937
891 969
892 915
892 931
892 949
893 911
894 895
898 929
900 965
901 902
901 928
902 952
904 914
904 950
904 988
905 951
906 962
907 937
911 993
912 981
914 929
914 962
914 965
914 984
915 953
915 957
915 974
915 979
917 992
919 936
919 946
920 949
923 990
925 988
925 994
927 935
927 984
927 985
928 990
929 941
931 974
934 964
935 950
935 971
935 987
938 994
940 951
940 954
940 974
942 977
943 991
947 984
948 951
948 986
949 974
950 956
950 969
952 968
952 996
953 995
954 996
955 958
956 975
959 986
959 994
959 997
960 992
960 993
962 995
963 982
964 980
966 985
966 998
967 970
967 981
967 992
969 994
970 990
974 984
976 991
979 995
982 989
982 994
4 20 21 4 11 9 10 13 4 24 4
17 26 13 23 17 5 1 8 8 5 1
2 14 16 12 19 9 14 6 1 4 9
1 24 15 2 5 12 18 11 12 2 12
11 8 8 7 8 7 9 14 1 2 5
4 11 13 1 17 2 12 17 2 8 9
16 15 33 23 7 25 24 6 2 6 8
15 13 15 9 31 16 15 13 28 14 10
2 14 7 7 0 13 18 20 21 13 7
12 2 8 12 16 8 15 0 4 20 23
3 6 3 7 6 1 9 4 13 6 1
2 20 15 16 18 1 21 25 1 0 7
14 7 7 3 15 3 6 6 2 17 10
3 3 1 3 11 15 1 8 9 4 16
1 10 15 42 5 9 6 4 22 4 3
10 9 14 17 1 8 7 2 5 5 10
8 10 3 3 2 7 4 7 8 6 22
19 1 1 10 34 6 19 22 14 3 25
11 9 16 0 17 1 12 12 26 18 2
20 2 15 35 18 6 20 9 21 10 12
11 29 17 18 22 18 18 4 18 13 40 26 19 22 29 27 25 18 25 9
11 13 11 15 12 9 5 1 15 4 17 17 3 13 18 8 8 9 14 1
5 4 8 3 9 9 7 1 3 7 5 12 7 1 2 5 1 3 7 2
26 37 43 39 48 49 24 10 30 40 71 42 52 73 52 50 64 47 37 33
11 20 8 9 20 13 14 4 25 14 42 17 19 15 23 23 23 15 22 5
53 28 42 51 52 54 27 13 52 45 73 45 49 52 52 47 54 31 51 22
21 28 25 27 32 36 20 1 8 26 29 37 33 37 11 27 31 23 18 7
17 11 19 16 16 28 13 3 13 21 29 23 28 28 13 14 21 16 19 7
22 40 32 19 38 24 29 11 20 37 53 33 41 40 34 31 30 29 29 22
2 3 6 17 21 7 10 1 21 8 23 13 10 23 13 15 25 20 4 1
8 5 2 8 12 8 1 1 8 6 18 7 10 14 7 4 12 9 14 1
12 26 24 18 24 20 18 1 15 22 41 32 22 28 28 22 22 25 21 11
2 5 6 1 7 11 3 1 2 9 8 15 11 5 1 5 2 8 7 7
4 11 10 10 5 6 7 1 5 12 16 8 10 14 14 12 11 6 10 3
32 15 28 39 23 37 6 19 38 25 39 28 30 43 22 26 39 21 33 5
23 18 36 34 37 37 22 16 32 42 66 27 43 68 44 36 50 44 38 28
17 22 26 14 27 28 12 1 10 28 36 33 30 37 30 27 23 19 18 14
18 14 16 21 23 20 23 1 23 17 24 21 18 25 20 26 24 10 13 7
16 17 23 18 25 22 20 1 6 21 9 27 19 21 8 22 18 15 7 5
30 28 31 36 29 39 7 5 29 21 41 43 27 33 36 27 35 18 37 12
30 15 20 30 25 28 16 6 34 9 39 22 18 33 29 19 27 14 24 7
45 43 46 34 46 44 28 18 27 40 64 40 50 59 60 49 40 16 46 25
24 27 25 21 26 20 23 9 11 25 31 20 28 29 27 23 21 12 27 13
20 13 13 18 18 23 3 11 16 22 32 13 24 32 10 11 24 20 30 4
6 1 10 7 11 12 7 1 3 6 1 16 9 5 2 6 4 4 6 1
1 5 3 4 4 3 4 1 9 1 7 5 2 2 6 8 7 2 5 1
11 15 11 9 21 11 9 5 11 19 24 17 12 18 19 15 8 21 19 13
30 33 27 28 24 36 3 12 27 26 45 36 27 29 35 26 28 26 38 22
31 31 27 30 25 35 20 13 34 3 42 37 29 34 35 23 24 8 34 12
1 4 1 1 1 2 1 1 3 2 5 2 1 3 1 3 2 3 6 1
1 8 2 8 7 6 1 1 7 1 14 13 3 1 8 8 7 6 12 1
19 34 35 34 38 32 30 4 26 26 46 44 25 34 43 45 39 29 17 20
18 39 27 19 35 31 24 1 3 25 31 39 29 34 24 33 29 23 16 13
3 20 20 19 32 18 16 5 19 25 42 26 19 38 26 27 30 41 12 20
19 41 39 49 47 40 32 16 35 39 67 37 45 53 50 54 65 43 34 33
27 2 22 31 25 31 13 8 30 20 29 22 23 28 16 22 30 13 19 1
33 37 33 22 40 41 16 4 34 31 51 43 38 33 30 32 39 28 30 12
12 10 9 18 17 18 4 6 17 15 19 8 24 35 12 13 27 20 18 11
11 24 15 18 16 16 7 1 15 7 28 29 7 21 22 14 14 16 17 6
9 9 11 1 11 10 10 1 5 15 11 12 10 7 7 15 8 6 7 1
14 22 26 20 16 21 23 9 14 32 36 19 30 34 25 30 30 18 21 21
29 34 33 32 28 32 33 15 34 17 50 35 33 28 44 38 23 4 36 18
19 18 22 23 20 26 22 10 14 25 33 19 34 24 20 29 30 8 28 14
12 11 19 17 12 22 5 1 17 17 30 29 14 25 20 16 18 21 16 11
24 38 33 19 43 40 23 9 8 44 52 29 56 54 39 45 48 33 40 29
9 7 10 12 8 18 4 1 8 6 13 19 12 16 5 6 9 4 13 1
6 18 15 15 22 17 8 1 9 19 30 27 16 21 20 19 15 26 19 18
1 10 12 13 13 8 8 1 8 3 11 18 3 14 11 12 12 13 4 1
10 4 9 13 14 16 6 2 8 8 7 15 13 14 3 7 10 9 13 4
45 41 37 42 46 50 8 26 42 34 60 46 49 44 38 37 47 39 58 22
16 23 15 9 21 20 6 2 1 14 15 17 23 26 17 16 18 7 17 2
15 37 13 15 26 19 10 4 14 11 39 25 21 33 30 28 34 25 25 10
16 21 27 38 28 24 19 5 31 4 44 35 3 33 40 29 33 24 15 10
30 16 29 32 25 42 10 9 30 20 40 38 29 32 27 24 35 16 35 10
1 11 6 8 7 3 1 1 8 5 7 12 5 12 11 12 10 5 4 1
1 6 3 2 3 4 2 1 6 5 6 4 2 7 3 8 6 4 5 1
1 1 3 5 5 3 1 1 4 4 5 11 2 5 3 6 3 6 5 1
6 7 11 9 9 12 9 1 13 10 13 15 10 13 9 12 11 11 9 6
13 1 18 16 9 16 3 1 20 12 15 22 5 14 16 14 12 3 7 2
9 41 31 28 37 34 24 13 21 19 41 43 28 37 36 41 41 35 23 24
20 38 28 23 27 20 12 13 15 32 39 19 31 47 40 35 33 25 23 18
20 25 33 32 35 33 25 4 34 32 56 40 34 38 39 39 44 31 20 13
2 2 2 5 1 3 1 1 6 1 7 4 1 2 6 1 1 1 6 1
9 12 7 9 10 17 7 1 9 10 18 15 14 13 9 10 13 12 19 7
28 25 26 28 32 24 31 8 28 31 45 24 32 35 35 37 34 17 28 17
32 32 51 48 41 52 34 14 35 35 55 56 36 58 46 46 49 34 31 22
15 13 15 16 9 15 4 1 19 5 20 18 5 20 19 9 12 9 14 5
2 5 1 1 6 1 1 1 1 1 10 8 1 3 3 1 1 5 7 1
26 36 31 38 38 33 24 9 34 10 46 37 25 47 42 31 42 26 24 10
15 13 4 11 12 15 5 4 13 8 21 12 11 17 10 7 14 11 24 5
17 17 11 15 6 17 2 1 15 10 24 17 9 26 22 8 12 7 19 5
42 49 54 44 45 45 27 20 31 41 70 51 42 45 60 46 44 33 49 34
31 20 32 40 31 30 13 9 34 30 53 30 26 50 40 30 39 28 33 14
47 34 40 42 45 57 19 11 36 31 50 46 51 49 33 40 56 25 38 14
9 12 8 15 1 11 1 1 15 4 14 9 6 20 14 8 15 8 11 3
28 32 28 17 40 36 23 5 12 33 36 42 36 28 21 31 25 29 33 19
3 4 1 6 3 6 1 1 7 6 4 5 4 10 1 8 9 6 7 1
18 21 21 17 26 27 20 1 13 20 27 30 24 15 14 29 26 13 15 5
2 4 8 15 6 7 3 1 13 4 17 18 3 11 14 13 10 10 6 1
24 27 34 26 24 30 19 1 13 25 36 37 24 43 34 27 30 16 19 6
3 7 2 1 6 2 1 1 3 1 8 8 1 1 4 1 1 1 8 1
7 21 15 17 27 22 6 3 20 27 46 22 25 36 31 28 34 37 29 22
7 12 14 18 16 15 10 1 7 8 8 18 10 20 10 11 14 14 9 6
8 3 7 16 6 11 2 1 9 11 15 11 8 20 10 7 11 13 11 4
17 26 21 16 13 20 14 5 19 21 43 24 21 32 29 16 19 17 25 13
43 49 43 33 36 39 24 21 35 36 66 39 42 55 60 47 44 17 43 18
15 9 19 25 14 19 11 7 20 25 36 13 27 37 19 19 30 19 20 13
15 20 10 23 34 18 14 1 35 25 50 25 26 39 28 24 33 28 19 13
1 10 6 9 6 7 1 1 5 5 13 16 6 12 7 4 4 10 9 3
19 1 15 25 18 24 3 12 24 14 25 16 21 29 7 9 26 20 23 1
6 8 11 9 6 9 5 1 9 7 13 12 5 17 9 1 7 12 6 5
28 31 31 31 36 40 17 11 32 46 59 33 52 48 31 34 48 40 38 28
18 31 34 25 43 32 28 5 22 25 45 44 26 43 31 34 33 37 17 19
9 13 15 8 18 20 9 1 7 19 21 26 18 10 11 18 12 19 18 11
22 21 22 18 26 24 18 1 7 21 16 29 21 20 12 17 15 14 17 6
15 26 27 33 43 27 35 6 30 22 41 33 22 43 31 42 44 32 11 13
30 35 31 31 25 30 17 7 21 27 47 29 35 46 44 34 38 11 33 17
27 29 28 28 45 25 35 3 28 24 45 33 28 35 32 41 39 22 17 2
31 21 40 28 43 49 27 15 26 37 47 45 42 47 37 33 35 35 39 28
10 24 12 16 15 11 8 2 17 4 26 22 8 16 28 20 13 5 17 1
36 30 37 49 39 43 18 17 43 22 59 42 33 47 42 37 47 26 41 4
14 30 35 41 31 34 19 9 31 14 43 41 19 48 46 41 42 24 18 13
1 9 5 5 6 7 4 1 1 6 10 10 4 15 1 1 9 12 8 5
1 8 10 9 12 7 7 1 5 7 10 17 4 9 9 13 7 8 5 1
26 17 17 26 24 27 5 16 22 15 30 20 25 31 13 8 25 17 35 1
2 9 8 8 10 8 5 1 3 4 5 14 5 10 3 6 7 6 7 1
7 25 20 12 17 15 14 1 1 23 30 25 20 17 22 22 17 19 19 16
6 19 14 8 7 16 5 1 5 16 25 19 16 14 17 14 13 10 18 9
1 2 1 5 3 1 1 1 8 4 2 5 1 3 3 9 6 2 1 1
23 21 24 34 25 26 8 10 27 23 42 22 26 52 28 19 38 32 23 8
4 2 7 1 8 9 6 1 2 13 5 11 10 7 1 6 2 6 3 5
4 5 6 9 2 4 1 1 7 1 6 11 1 11 7 1 2 2 2 1
15 20 29 23 22 24 22 1 24 24 37 33 27 33 29 30 33 16 12 8
17 7 20 14 14 22 13 1 12 14 13 23 17 21 9 13 16 9 9 1
7 3 12 9 9 10 7 1 12 5 6 15 7 7 8 9 6 5 4 1
19 16 22 34 50 35 30 7 39 37 54 25 41 58 35 42 54 41 30 24
13 21 16 18 26 13 15 1 19 17 26 23 16 26 27 22 19 19 17 12
13 19 18 20 6 12 13 6 8 25 28 6 22 39 23 18 26 14 15 16
26 38 23 21 37 25 18 16 35 24 52 31 35 47 37 29 26 26 29 23
11 8 11 17 11 16 5 1 12 8 14 15 14 28 9 1 17 15 11 5
1 2 1 3 3 2 1 1 1 5 5 7 1 9 1 1 2 11 4 4
11 1 9 10 11 16 8 1 8 12 6 11 14 10 4 10 10 6 12 4
2 9 8 10 10 9 5 1 5 9 10 15 7 21 5 7 11 17 9 7
6 11 6 10 1 9 1 1 6 7 12 9 7 14 12 7 8 1 12 1
36 34 38 33 41 42 27 19 49 30 62 49 38 43 44 38 30 26 35 23
12 11 16 16 12 21 4 1 20 14 29 23 14 26 19 14 15 18 19 15
4 1 9 5 8 9 6 1 3 5 3 14 6 1 3 3 1 1 5 1
18 8 15 18 10 21 4 1 16 11 22 21 10 20 17 7 11 8 19 6
32 37 57 46 49 54 40 4 22 48 62 62 43 62 41 52 50 44 21 27
19 24 32 22 38 29 29 1 6 37 36 38 30 40 13 32 30 38 5 13
35 34 27 32 36 45 2 13 28 34 53 35 47 54 37 34 46 38 43 29
18 20 29 27 35 31 24 5 13 31 31 29 31 39 24 32 30 28 19 18
4 14 19 22 17 18 13 3 9 10 22 26 8 17 20 18 13 16 12 8
1 5 1 2 3 6 1 1 1 1 8 10 3 4 1 1 1 5 9 1
23 19 21 31 20 30 4 1 23 10 36 33 18 21 29 20 27 14 30 9
34 33 32 38 54 49 22 14 33 45 56 40 60 66 16 38 61 50 34 14
7 9 2 11 6 9 1 1 5 3 6 2 12 19 7 3 14 3 10 1
45 37 39 40 51 44 24 22 33 35 43 43 46 54 23 35 47 33 41 6
25 22 25 29 27 33 9 16 23 37 49 23 43 44 14 25 44 34 39 13
2 8 13 11 13 10 8 1 1 3 11 20 4 6 10 6 3 7 7 1
30 28 23 25 31 40 4 5 17 19 36 33 39 33 25 23 31 17 33 11
35 35 32 38 37 27 35 10 45 36 61 28 32 45 58 49 40 16 30 29
1 5 2 1 2 7 1 1 4 5 7 9 5 12 1 4 9 8 6 1
18 27 29 21 26 29 11 11 33 31 51 32 32 38 33 26 32 27 23 14
11 28 12 16 14 15 10 1 7 21 32 18 23 29 23 20 23 17 26 14
20 36 18 10 34 31 16 3 13 26 37 29 40 38 15 25 36 24 19 6
30 29 39 18 44 35 16 12 27 41 56 29 40 60 50 45 45 32 30 18
7 9 9 11 10 11 5 1 6 7 3 13 9 10 6 9 9 4 9 1
44 39 49 50 50 57 21 20 36 39 64 54 50 60 41 44 55 42 46 18
39 17 29 40 37 41 21 9 41 16 49 41 27 34 37 30 34 12 36 4
1 6 1 7 1 4 1 1 4 1 5 6 1 10 2 1 6 4 8 1
18 28 26 27 33 29 6 3 25 24 45 37 31 38 39 34 37 31 23 24
5 17 13 14 12 7 6 1 9 1 19 19 3 22 16 9 14 15 7 1
5 8 16 12 16 11 11 1 6 16 15 22 7 20 12 15 10 20 5 6
24 29 23 34 36 28 32 1 26 21 33 32 27 36 33 38 39 15 22 12
44 40 42 43 40 38 40 16 35 37 54 28 42 53 49 46 53 14 34 19
26 38 30 38 48 45 6 15 39 39 53 43 53 54 34 39 57 48 38 27
9 30 14 20 22 20 8 3 20 27 44 18 38 44 27 28 43 24 24 13
28 24 22 25 45 36 28 10 37 37 62 30 43 40 43 43 43 34 42 26
25 23 28 38 37 33 12 18 24 30 41 30 32 48 22 25 35 36 35 14
1 4 5 9 7 5 2 1 2 4 6 11 2 10 5 3 5 11 7 2
14 19 9 17 16 12 12 3 24 3 32 20 7 18 24 16 19 10 19 4
2 10 7 12 4 5 1 1 7 8 9 12 3 20 13 9 8 10 4 2
7 1 6 10 7 15 5 1 9 5 8 11 12 12 3 8 12 6 11 1
28 36 22 27 33 24 17 13 22 23 48 21 36 48 37 28 34 27 33 16
11 12 10 18 16 22 9 1 17 13 24 19 19 13 15 19 22 11 22 9
10 18 10 13 11 14 2 1 15 9 27 21 9 12 19 15 16 11 16 7
28 29 21 31 31 31 25 9 28 27 48 20 41 37 34 38 47 15 35 13
17 26 28 22 25 31 19 1 13 27 29 38 28 33 22 27 24 20 18 12
5 16 11 11 13 5 4 1 8 3 16 15 11 26 15 8 16 14 3 1
27 46 47 43 46 44 39 13 26 48 58 43 51 62 39 51 59 36 28 25
1 4 1 3 3 2 1 1 3 1 3 9 1 6 1 3 2 4 4 1
4 9 7 1 9 6 5 1 2 9 14 14 8 3 9 9 1 1 8 1
2 13 12 14 10 5 5 1 7 5 11 16 1 16 13 10 7 12 3 2
11 10 4 18 10 16 1 1 15 8 21 13 18 29 14 12 20 8 15 5
26 19 27 41 36 39 8 5 39 20 54 37 32 40 31 26 48 34 33 10
6 1 2 8 5 11 1 1 8 8 8 6 8 15 1 5 12 10 12 5
1 5 2 4 4 4 1 1 2 10 8 9 2 6 4 4 1 8 8 5
14 14 10 17 5 20 1 1 14 2 20 18 15 26 17 9 18 2 15 1
8 9 6 14 12 19 1 1 11 8 19 18 17 21 5 8 20 17 20 6
3 3 4 5 8 9 3 1 2 16 12 4 11 17 4 7 8 16 11 11
1 5 3 6 5 6 1 1 4 4 10 10 5 13 2 1 8 11 7 1
15 15 18 23 15 19 6 1 14 8 20 22 15 32 21 15 21 9 10 1
2 11 4 5 1 4 1 1 5 5 10 8 5 17 9 3 6 7 5 5
4 3 7 2 8 6 6 1 3 7 7 11 6 6 1 5 4 7 4 1
1 2 4 5 1 8 1 1 6 2 8 11 4 2 4 2 1 1 9 1
27 55 46 38 42 37 33 14 26 26 67 45 35 59 60 49 51 31 31 29
1 1 6 1 4 6 5 1 1 9 6 4 6 3 3 6 2 3 4 1
1 12 1 4 6 7 1 1 7 5 15 12 6 8 6 8 11 9 11 6
3 4 3 10 5 8 2 1 9 13 11 5 9 14 6 11 10 8 10 7
29 37 45 33 38 38 26 4 20 38 56 50 32 39 46 40 32 30 32 27
16 19 19 21 16 19 8 1 17 12 26 29 10 24 25 13 14 11 18 5
1 11 6 10 7 10 6 1 12 1 11 10 11 15 12 13 17 5 10 1
30 26 29 26 38 44 7 2 23 33 50 39 42 51 33 32 43 33 36 20
1 1 1 5 1 1 1 1 7 4 5 6 1 10 3 3 6 11 1 1
10 7 13 10 15 16 15 1 11 15 7 17 13 9 7 19 15 5 7 3
2 5 3 5 1 2 1 1 4 4 12 8 1 9 6 2 4 7 5 1
31 14 23 45 34 27 20 4 38 21 49 27 20 44 42 33 39 21 24 9
7 11 14 4 20 16 10 1 2 20 12 26 18 13 2 17 10 15 7 9
6 6 9 12 4 15 4 1 12 7 13 14 9 11 9 8 8 3 12 2
7 1 9 13 2 13 1 1 11 5 12 16 4 13 10 2 4 7 9 4
1 5 1 1 1 1 1 1 4 3 4 2 1 11 1 3 7 8 2 2
23 14 11 22 29 30 1 13 31 23 44 19 33 34 6 15 37 29 37 1
4 7 11 7 19 15 7 1 9 22 22 17 20 19 7 12 16 20 9 2
5 20 18 16 24 19 12 1 13 18 34 29 17 25 20 22 23 28 15 9
9 23 20 24 20 26 11 3 10 8 26 32 14 24 21 17 19 23 19 13
35 41 40 29 47 40 33 21 27 50 62 23 56 58 58 57 55 22 47 32
38 45 38 37 48 45 32 5 29 28 59 49 48 50 38 44 49 27 30 5
5 8 4 10 6 8 1 1 6 8 6 8 6 11 5 9 9 4 10 1
1 8 2 2 4 6 1 1 4 1 5 12 7 6 3 6 7 1 5 1
23 23 21 30 39 32 22 10 26 18 44 32 30 33 32 29 30 28 36 17
1 2 2 1 1 2 1 1 1 7 9 6 3 1 4 6 1 1 5 1
29 26 29 34 29 29 12 5 27 20 37 32 24 42 41 31 35 12 25 5
13 38 28 26 30 28 21 7 3 37 47 27 36 45 36 38 39 35 32 34
1 9 1 5 1 8 1 1 9 6 10 10 7 6 5 8 7 6 10 5
21 19 28 15 26 32 15 5 16 32 39 20 36 51 34 33 36 23 21 17
30 40 30 31 33 32 22 16 25 10 42 41 31 39 40 24 17 14 35 20
1 7 3 1 4 7 1 1 2 10 10 10 8 9 1 3 1 7 8 6
40 28 40 37 45 39 27 20 28 46 54 28 52 52 26 33 49 26 38 12
23 29 14 24 38 23 19 6 30 33 53 11 43 55 34 38 53 29 24 15
23 25 19 21 32 33 4 1 17 21 36 30 39 40 22 21 36 28 28 12
10 4 15 15 9 15 6 1 17 6 15 22 7 15 13 8 11 9 8 1
17 26 29 16 20 15 25 1 4 29 21 23 28 29 17 31 26 7 4 5
1 2 10 6 12 7 7 1 1 4 5 15 3 8 3 5 4 11 1 1
18 29 22 13 26 23 10 1 13 11 29 36 19 11 24 16 12 12 25 8
12 21 14 16 19 15 11 3 11 5 19 22 9 18 18 13 13 11 20 1
6 6 8 11 5 14 4 1 8 10 14 15 11 19 7 4 8 14 14 9
6 1 9 9 3 13 2 1 5 2 6 12 6 6 5 1 1 1 7 1
10 11 15 19 18 19 1 1 16 16 29 21 17 41 27 23 27 20 14 10
16 19 9 22 22 13 13 1 21 3 20 15 13 21 24 17 23 7 18 1
24 25 21 15 28 29 19 4 8 9 26 33 25 19 14 15 13 8 26 3
13 12 13 9 11 11 7 1 15 7 16 18 6 10 15 7 5 5 12 3
2 1 5 2 4 8 3 1 3 6 1 9 5 3 1 4 2 3 4 1
16 14 17 26 26 28 8 8 22 18 32 27 28 39 12 10 29 31 25 10
42 36 36 39 44 40 33 3 37 32 51 40 39 48 52 52 49 6 28 11
22 35 18 29 33 24 23 1 26 37 60 22 40 49 49 48 50 24 34 28
1 14 6 5 9 6 5 1 6 4 8 12 9 12 7 8 10 5 6 1
1 10 4 2 6 2 2 1 7 12 17 5 9 18 8 6 13 13 5 1
2 8 7 5 3 6 6 1 7 12 8 3 8 11 8 14 11 5 6 3
4 17 10 10 14 18 5 1 1 6 12 22 16 18 8 9 14 14 14 4
8 13 12 7 15 18 3 1 8 18 22 23 18 13 9 11 14 23 17 17
1 1 1 1 1 1 1 1 1 1 3 1 1 8 1 1 3 5 1 1
25 22 20 20 20 31 9 1 18 14 35 28 26 28 27 18 22 5 27 3
13 22 11 7 16 21 7 1 8 22 33 18 27 27 16 15 25 20 25 11
4 6 4 9 4 7 4 1 11 7 8 6 5 8 7 10 11 8 10 5
33 38 35 36 50 46 16 15 32 40 65 42 49 53 40 37 51 50 51 26
10 34 29 20 30 22 27 9 15 16 35 32 14 28 33 28 20 24 18 16
36 19 29 38 40 41 19 7 42 32 50 32 34 52 27 30 49 27 25 7
29 26 31 31 30 37 14 17 15 37 46 22 45 40 22 28 43 27 42 21
10 30 22 17 31 27 17 11 30 37 45 27 39 37 27 37 43 33 21 19
5 8 1 1 4 1 1 1 4 1 8 4 1 1 7 1 1 1 8 1
23 32 34 33 44 28 40 4 28 38 51 38 41 46 33 49 52 29 13 11
22 17 18 34 25 17 16 1 32 11 44 28 5 37 38 26 30 19 17 5
18 26 19 22 22 21 8 2 25 20 44 31 18 22 33 26 28 24 26 14
31 45 49 47 51 44 29 18 41 24 60 46 32 65 60 53 58 37 26 21
4 18 12 13 15 11 8 1 2 7 20 21 5 12 17 12 7 10 13 3
5 15 20 16 11 12 12 1 12 14 23 23 12 18 21 20 13 8 9 5
20 17 23 32 32 21 15 1 37 26 48 28 18 43 37 29 36 27 15 7
15 34 16 16 35 13 17 8 27 32 50 18 32 45 39 37 39 35 21 18
8 13 9 10 11 16 1 1 13 18 32 18 13 21 18 15 13 20 20 14
26 32 25 21 41 41 17 12 28 34 49 36 45 38 23 25 30 29 36 19
1 9 5 6 7 3 1 1 4 10 5 11 3 16 5 5 5 13 5 7
39 40 31 44 41 40 28 2 42 19 54 46 34 38 52 40 43 11 40 18
7 29 8 5 26 19 2 6 15 28 41 17 34 42 18 22 32 32 20 17
19 20 27 23 22 29 16 3 13 29 31 30 33 23 23 28 26 15 26 17
23 30 27 25 27 25 21 4 16 28 33 26 34 44 29 34 39 18 20 10
9 5 6 14 4 17 1 1 11 9 14 13 12 15 7 6 9 9 17 6
4 5 8 1 7 10 6 1 2 5 7 14 9 1 2 4 1 1 7 1
38 6 30 44 40 41 20 8 43 28 48 34 36 48 26 33 48 21 25 1
23 31 34 25 32 25 16 7 22 35 46 26 35 49 44 44 40 22 18 16
16 16 20 16 18 19 8 1 12 14 14 24 18 33 18 18 20 11 3 4
20 19 24 22 26 28 19 9 8 27 36 21 38 31 19 25 31 16 29 15
13 10 8 19 9 23 1 4 14 8 26 19 16 23 10 7 16 13 22 5
1 3 8 10 7 4 2 1 4 1 3 12 1 6 7 2 1 4 3 1
6 1 3 11 7 14 1 1 7 1 9 10 11 11 1 1 10 4 14 1
44 31 43 43 37 40 28 28 33 31 59 28 43 47 41 31 35 19 47 22
13 13 18 16 17 18 17 1 17 15 11 19 14 16 13 21 19 5 6 3
6 10 8 12 9 12 6 4 11 24 20 7 17 25 16 20 18 17 17 15
33 29 38 25 42 46 21 17 20 47 49 22 58 60 38 42 48 23 38 21
6 19 13 16 18 19 2 2 21 15 30 23 22 34 18 14 25 20 14 2
3 7 9 8 12 14 7 1 5 20 26 14 23 23 7 8 19 19 14 7
30 33 30 12 39 34 28 2 18 42 48 39 41 32 17 34 33 34 20 15
29 28 46 37 33 31 29 11 22 35 48 43 26 43 46 37 31 21 24 16
2 3 9 10 7 3 2 1 4 5 5 13 1 6 8 4 1 6 1 1
2 6 5 4 2 6 4 1 4 11 9 3 7 16 5 10 13 9 6 2
12 7 19 12 12 14 6 1 9 8 9 23 6 13 11 9 4 1 1 1
1 5 6 3 4 3 3 1 5 7 4 6 3 4 4 4 1 3 2 2
31 32 37 30 41 46 19 13 37 39 49 50 43 51 33 35 46 32 29 15
21 31 17 20 32 23 23 12 32 15 45 30 27 30 29 25 27 23 29 18
13 18 17 11 20 18 14 1 11 15 10 25 21 18 13 22 20 5 9 1
30 13 43 30 46 45 27 19 44 44 53 45 41 58 42 43 47 40 33 25
15 16 10 14 20 20 7 1 13 18 23 11 26 31 21 23 26 11 17 10
29 36 25 16 34 26 18 13 27 15 45 28 33 37 35 24 24 16 27 11
17 20 24 16 24 18 19 1 7 21 17 29 18 21 9 24 18 15 5 1
28 31 36 25 39 40 22 3 28 47 49 43 45 39 25 42 45 38 17 17
10 23 8 6 15 15 1 3 9 8 23 13 20 21 19 21 26 8 16 3
31 34 31 19 36 30 23 11 34 27 43 37 34 43 30 24 28 25 21 16
13 24 12 14 30 22 12 2 17 19 40 26 24 29 25 23 29 30 29 19
33 43 41 44 52 36 39 11 46 36 69 43 43 62 58 52 53 36 26 22
31 42 36 26 43 39 19 10 27 42 50 45 45 37 34 43 46 35 35 21
23 25 24 25 26 28 6 4 27 22 45 38 18 39 30 18 28 28 30 13
31 30 41 45 52 48 28 19 30 38 47 42 42 62 22 44 55 47 29 19
13 17 28 23 23 23 22 1 6 20 23 27 20 30 22 24 24 20 10 8
35 38 37 43 38 42 28 18 40 21 57 50 33 37 49 39 27 21 42 27
15 29 32 38 43 39 9 16 40 37 59 45 37 56 40 37 48 54 29 32
1 6 1 1 3 3 1 1 1 2 3 3 1 6 1 1 1 3 7 1
6 5 1 11 7 10 1 1 13 10 17 3 12 25 3 4 19 14 12 1
10 11 15 13 10 13 5 1 14 7 18 20 9 23 14 7 14 10 7 1
13 18 7 13 13 17 5 4 13 10 24 13 19 30 13 7 22 17 23 8
14 25 7 11 16 16 4 2 17 11 32 20 20 30 20 12 22 18 23 6
17 42 41 30 42 41 31 10 22 34 51 48 37 41 38 44 44 44 29 29
25 17 19 33 23 24 11 8 32 13 36 21 18 30 30 18 29 12 26 1
17 21 27 13 31 28 22 1 3 38 29 35 34 24 13 33 23 25 14 15
24 51 42 35 45 38 35 11 23 30 59 44 46 58 47 48 55 32 30 22
12 14 9 20 19 9 15 1 24 20 38 13 15 30 26 24 28 19 16 9
16 23 17 26 19 18 8 1 18 9 23 21 16 33 26 17 24 15 17 8
33 24 29 24 40 35 25 12 20 35 38 30 40 31 26 29 25 20 34 17
28 13 24 26 29 32 12 14 28 23 29 21 33 36 9 19 36 22 26 1
3 1 7 4 8 8 5 1 4 5 3 14 6 2 2 4 1 3 5 1
13 25 16 15 14 20 13 6 11 24 36 15 31 32 18 22 33 18 27 15
13 9 13 14 14 9 3 1 22 11 26 19 7 23 18 7 16 18 8 4
9 20 16 9 10 7 15 3 15 20 28 14 13 17 25 21 13 9 16 11
29 33 28 38 45 33 29 7 26 22 39 29 32 52 39 46 50 24 20 12
11 18 20 15 18 18 11 1 8 8 16 28 15 21 17 14 12 8 8 1
14 17 19 21 20 21 21 1 13 22 25 20 27 29 18 29 33 7 13 3
7 18 7 5 9 8 4 1 9 17 26 9 13 21 22 14 10 9 17 8
1 1 1 2 1 1 1 1 5 2 7 1 1 4 2 7 8 3 3 1
1 6 5 4 3 5 4 1 1 12 8 6 6 10 5 7 4 6 7 3
14 28 11 8 22 9 9 4 12 3 25 18 15 24 23 16 19 12 15 2
10 12 4 14 9 16 1 5 9 13 17 10 17 27 10 9 18 13 18 7
5 17 6 9 13 8 3 1 4 13 14 12 14 24 11 11 12 14 12 10
24 28 29 23 28 27 24 17 24 37 53 13 37 49 42 33 34 27 39 30
51 47 42 36 50 56 21 17 36 18 59 51 48 50 49 43 40 12 50 14
5 4 5 9 1 6 1 1 3 9 12 4 6 9 11 5 5 1 9 1
16 20 19 25 17 24 3 1 16 15 36 32 9 33 27 16 19 19 23 7
4 2 6 13 6 8 1 1 6 4 4 10 5 9 5 4 5 5 8 1
17 12 18 33 20 13 12 1 30 12 31 23 5 33 34 29 29 11 9 2
12 8 16 11 13 19 16 1 7 21 16 18 21 19 8 23 23 9 8 1
17 20 12 28 24 16 18 2 38 30 47 14 24 46 34 31 40 24 14 13
6 11 13 12 9 10 4 1 10 7 11 20 8 17 14 9 7 5 5 1
2 6 7 4 5 12 4 1 6 7 5 14 10 5 3 9 7 1 7 1
42 38 36 29 50 47 29 18 31 33 53 34 53 58 34 38 43 31 40 22
1 13 10 10 13 13 7 1 5 8 16 21 9 19 7 9 12 20 12 7
10 18 8 13 12 13 6 1 5 11 18 13 17 20 17 13 16 6 18 1
1 12 9 11 11 4 6 1 8 12 9 13 1 15 11 15 10 14 4 6
21 23 15 17 13 26 5 1 14 9 30 25 16 20 22 7 15 12 29 9
35 21 31 40 31 45 7 12 37 28 49 43 34 42 34 31 43 28 40 15
15 8 14 29 20 19 12 1 34 20 43 22 18 39 29 25 36 21 13 5
9 18 21 30 19 24 12 3 25 7 37 31 13 35 25 19 30 27 14 8
38 52 44 33 43 42 36 4 22 46 55 49 50 48 42 53 49 30 26 22
14 12 7 17 19 17 8 1 15 2 19 17 13 13 13 10 15 4 21 1
23 13 15 21 16 24 8 8 25 11 32 20 18 17 23 15 17 5 29 1
2 4 7 5 9 4 4 1 1 6 6 12 4 11 3 2 4 13 3 4
1 7 7 9 7 7 4 1 6 14 13 15 6 12 10 11 4 14 9 7
22 21 17 16 27 34 9 5 14 28 31 26 37 35 9 22 35 27 27 13
13 18 13 9 11 9 7 3 16 11 22 18 6 15 21 11 4 6 13 6
3 1 1 7 1 9 1 1 2 2 5 6 6 5 1 1 4 1 11 1
41 34 45 39 43 43 32 4 35 35 54 51 36 48 39 44 46 21 24 1
31 34 43 49 53 46 36 12 39 49 70 42 53 68 44 51 62 44 32 24
19 33 28 31 20 24 15 3 16 19 47 30 24 39 38 29 37 19 28 13
17 23 31 21 22 24 23 1 10 25 22 32 25 30 20 28 23 10 9 4
9 5 8 11 8 11 3 1 5 2 8 12 7 6 8 1 3 1 11 1
22 23 17 23 32 28 16 1 17 12 26 25 31 33 24 31 36 8 20 1
18 10 11 21 10 21 1 2 21 1 25 15 11 25 16 6 19 8 20 1
18 13 24 26 15 21 16 7 18 24 33 20 25 35 23 19 27 16 19 13
25 30 17 16 32 32 3 4 17 22 45 23 39 46 27 23 36 25 34 13
1 5 13 10 16 6 7 1 14 26 28 14 17 29 16 18 20 27 8 12
21 20 25 19 21 29 5 1 17 18 32 36 21 22 29 23 21 8 24 4
35 41 33 31 41 41 24 1 12 29 41 42 43 52 27 32 35 27 27 12
31 35 39 36 38 41 7 8 26 39 59 48 43 56 46 38 46 38 37 24
19 34 22 16 31 29 12 10 23 30 48 18 43 41 34 39 49 23 28 12
36 37 38 32 49 45 33 7 30 44 61 43 49 56 46 57 53 32 27 22
19 14 23 33 27 34 8 2 25 19 41 34 25 46 28 23 35 25 27 13
15 11 23 20 34 20 24 6 19 34 26 25 25 28 25 38 27 24 12 17
34 15 26 49 33 33 21 3 44 21 45 29 24 44 39 35 42 7 28 7
6 9 1 17 14 8 6 1 19 12 27 8 18 35 17 18 31 19 12 8
24 32 22 9 31 27 22 8 19 21 33 30 32 28 18 20 24 17 24 7
10 7 16 12 16 15 13 1 1 21 9 17 17 18 9 15 11 12 7 5
1 4 7 11 9 7 1 1 9 13 14 13 7 20 7 4 11 20 9 8
34 25 25 32 31 35 16 14 36 15 40 27 31 34 31 21 31 13 34 8
32 22 34 26 48 35 35 8 32 39 50 37 34 44 38 45 36 29 24 18
6 13 9 17 5 9 1 1 8 7 12 13 4 23 16 10 11 10 8 1
1 2 2 9 4 6 1 1 1 1 5 10 2 6 3 1 3 6 7 1
12 12 10 5 18 9 10 1 13 22 22 15 14 18 12 16 15 18 9 8
26 19 40 26 40 45 22 17 34 45 60 43 41 56 44 39 41 41 41 29
12 11 13 13 21 24 5 1 8 22 25 25 26 23 9 16 21 29 24 18
11 29 19 23 29 21 16 5 22 17 43 29 16 31 39 32 23 24 24 18
1 14 8 11 9 8 4 1 6 6 9 15 7 14 10 7 9 9 11 4
4 10 6 10 6 5 1 1 11 7 11 11 1 11 9 9 9 10 10 4
24 49 29 27 46 36 17 6 25 21 57 41 34 43 45 41 48 39 35 23
14 14 19 14 20 25 15 1 4 26 21 25 29 22 9 18 16 11 16 9
13 19 13 19 10 15 2 1 11 5 26 22 9 30 23 7 17 14 16 3
6 18 8 10 15 10 6 1 9 17 28 20 11 18 16 17 13 23 16 12
4 8 7 1 9 9 6 1 1 5 5 15 9 6 1 4 3 1 4 1
14 21 13 2 17 16 12 1 5 15 19 20 19 20 6 14 17 8 11 1
21 33 28 14 29 35 18 2 10 40 43 29 47 45 31 40 41 26 29 24
45 55 56 46 56 61 35 8 27 32 64 70 42 55 50 50 51 34 36 17
24 41 27 29 47 33 8 16 38 40 55 36 43 59 43 38 47 45 35 27
1 1 1 4 1 5 1 1 1 1 3 2 2 7 1 1 6 3 7 1
26 33 35 38 38 39 20 9 22 20 42 38 29 57 39 33 38 29 21 19
13 28 31 19 33 28 22 2 15 31 44 40 28 38 27 33 30 37 16 20
32 41 47 46 49 50 31 8 37 41 64 55 43 56 48 52 58 46 31 29
7 13 11 11 16 15 1 1 7 18 23 23 17 17 13 12 11 26 19 19
25 35 23 35 31 29 11 10 25 20 43 24 26 45 43 38 41 20 29 11
3 3 1 9 1 6 1 1 8 1 2 1 4 12 3 4 10 4 7 1
24 43 20 13 31 26 9 10 15 35 48 22 38 36 39 39 36 25 37 23
44 28 35 32 50 51 21 18 32 39 53 44 52 42 12 30 46 35 45 4
24 30 31 30 38 39 13 7 27 37 57 43 39 49 34 26 36 42 32 21
2 1 5 11 4 5 1 1 5 8 3 9 2 14 5 4 4 11 5 4
5 15 9 6 13 6 5 1 9 2 15 19 3 9 13 6 3 7 13 1
9 4 8 14 1 13 1 1 10 5 16 13 4 14 13 6 6 1 11 1
1 6 8 8 10 8 5 1 4 10 8 15 7 14 6 4 1 15 8 9
5 5 5 11 9 12 6 1 17 14 23 10 15 18 10 16 22 15 14 1
20 21 21 17 25 27 3 3 23 23 43 33 25 22 25 17 24 25 27 13
2 2 5 1 4 5 3 1 1 4 5 8 3 4 1 1 1 5 4 1
17 6 14 27 12 26 3 3 26 2 25 19 15 26 16 10 25 3 19 1
8 17 8 8 12 10 6 1 12 7 18 19 8 12 12 9 9 7 17 1
13 36 23 20 34 31 8 2 12 22 45 31 30 42 38 33 34 37 30 27
11 14 8 22 20 14 16 1 20 15 36 18 16 19 26 29 28 13 19 6
27 48 42 26 42 36 38 12 18 23 45 50 35 35 41 39 24 20 28 20
48 49 48 42 59 51 24 10 43 43 68 59 50 61 56 56 64 37 40 20
8 5 13 12 5 11 4 1 16 3 12 13 4 11 13 7 8 5 6 1
8 22 17 25 17 22 14 3 14 15 33 23 22 33 22 26 34 22 20 10
15 9 19 13 18 24 9 1 7 24 27 27 20 26 17 14 11 16 16 9
10 24 27 34 34 32 25 6 25 30 56 29 29 46 44 45 45 38 28 29
9 17 10 19 12 17 8 1 20 10 28 21 11 17 20 19 20 10 19 7
27 40 42 38 51 44 24 7 27 40 51 54 38 41 40 51 44 41 27 32
2 1 4 7 1 5 1 1 5 5 8 5 1 7 7 3 1 2 4 1
1 1 3 6 4 3 1 1 3 1 5 10 1 6 3 2 3 7 5 1
2 3 8 8 5 7 5 1 5 9 7 9 7 6 8 8 4 2 6 1
1 7 1 1 1 2 1 1 1 5 9 5 1 11 1 1 3 8 6 2
13 28 23 22 26 24 9 5 11 14 31 35 18 16 25 22 21 26 24 18
17 23 34 28 39 38 12 7 26 35 60 41 29 53 41 33 40 46 32 27
1 1 1 2 1 1 1 1 2 1 1 6 1 2 1 2 1 1 2 1
4 9 6 7 1 9 1 1 11 1 13 12 3 11 8 4 5 1 9 1
1 5 4 6 5 5 1 1 9 13 7 5 6 12 5 8 6 12 7 11
1 1 1 1 1 3 1 1 1 1 6 3 1 5 1 1 4 4 5 1
34 13 32 39 30 36 22 9 40 26 50 29 30 44 36 35 45 12 27 2
1 5 1 1 1 4 1 1 1 1 5 6 1 4 1 1 1 1 6 1
8 6 18 10 11 10 9 1 7 13 14 20 9 11 14 12 3 6 3 1
27 28 11 20 33 27 17 3 26 7 44 23 32 31 29 27 40 14 31 5
43 36 48 40 52 57 25 5 32 56 60 60 53 61 30 42 52 47 30 23
1 10 1 3 1 2 1 1 7 1 15 3 1 8 7 7 10 3 8 1
18 28 37 48 34 36 26 12 39 18 55 45 15 47 49 43 43 31 24 17
11 17 9 11 6 11 1 1 11 4 24 13 8 25 19 6 15 8 13 1
22 15 12 13 24 22 13 3 17 17 21 14 22 23 10 15 19 12 21 6
5 12 12 11 18 13 6 1 16 12 22 21 17 26 9 6 17 21 9 1
20 29 31 35 19 16 23 11 23 25 43 17 18 38 42 35 35 14 20 16
9 15 23 23 23 21 18 4 11 14 14 28 12 25 17 20 17 22 10 12
31 44 28 25 42 32 31 16 31 18 52 38 39 32 46 45 31 15 36 19
9 7 13 12 15 14 10 1 3 13 9 17 13 21 6 8 11 19 8 8
5 4 1 10 1 13 1 1 9 9 9 10 10 9 5 9 11 8 15 7
5 9 5 6 4 4 1 1 5 4 12 11 1 9 9 1 1 5 8 2
44 29 36 37 41 47 24 17 36 27 46 38 41 40 24 32 39 18 38 3
5 1 7 14 10 4 10 1 18 7 14 8 4 12 14 15 16 11 4 6
1 14 2 2 7 1 1 1 1 4 6 6 5 15 8 6 7 7 2 3
28 38 27 23 48 24 31 4 26 30 50 32 37 44 37 45 40 26 19 10
5 1 9 5 9 11 7 1 4 7 5 15 8 4 3 5 2 4 7 1
12 11 13 16 18 20 10 1 9 12 14 21 17 16 9 17 15 7 16 1
1 11 5 5 7 10 3 1 2 14 14 15 10 14 7 8 8 14 12 8
3 1 8 4 10 5 5 1 1 6 1 12 5 3 2 5 1 5 1 1
25 10 19 29 29 34 1 10 21 23 43 28 30 38 16 10 25 32 38 12
27 34 35 31 42 38 17 5 35 25 54 49 32 40 37 33 43 35 26 13
6 10 9 10 4 10 1 1 14 9 12 15 6 17 11 8 10 9 9 7
1 5 1 1 1 1 1 1 1 1 7 4 1 1 1 1 1 1 7 1
8 13 1 7 5 12 1 1 5 3 14 11 9 8 6 3 6 4 20 3
19 16 24 14 17 30 10 1 12 24 27 33 20 19 18 17 13 17 18 14
5 11 11 9 13 16 2 1 9 17 26 23 18 30 15 12 15 21 11 11
8 13 14 17 27 28 6 7 13 20 29 21 30 34 17 16 26 28 30 20
27 35 25 28 39 32 26 11 27 14 43 39 30 25 34 32 22 16 36 22
15 14 12 11 11 12 6 4 15 14 27 18 8 20 19 6 5 15 17 11
1 10 8 8 6 7 7 1 8 13 11 10 8 13 10 15 12 6 9 4
22 24 30 22 31 25 28 6 5 45 36 23 41 44 21 33 35 28 20 21
30 37 36 47 45 44 18 25 34 18 51 36 37 62 30 37 55 40 37 9
8 24 12 8 21 8 9 1 4 8 18 18 10 19 20 21 16 10 7 1
5 4 7 2 7 10 6 1 5 5 11 11 7 6 3 7 7 6 9 1
45 38 46 41 48 47 32 21 43 34 61 43 50 55 41 33 40 27 41 17
16 11 21 20 16 21 13 1 17 10 15 25 11 21 13 18 20 3 3 1
25 26 36 35 38 39 17 6 34 24 48 48 34 46 38 35 47 29 26 8
16 25 17 27 27 24 8 1 18 17 44 26 22 52 32 17 33 33 24 15
1 3 2 2 1 1 1 1 2 7 6 4 1 2 5 4 1 1 1 1
18 30 21 21 30 27 9 2 16 13 32 35 22 15 25 25 25 19 29 12
7 14 6 8 14 19 3 1 10 11 24 15 22 23 4 5 22 19 20 6
44 46 39 34 40 39 25 21 27 40 63 23 50 64 51 42 50 22 45 24
1 7 1 1 1 1 1 1 6 8 8 2 1 6 6 9 4 5 5 2
20 38 41 36 31 33 34 5 18 33 39 39 31 50 38 44 41 26 15 20
10 8 22 9 23 22 16 11 17 33 29 17 24 27 25 25 16 24 21 22
1 3 1 1 1 1 1 1 1 1 2 2 1 1 1 1 1 1 3 1
6 17 8 12 7 5 7 1 13 17 24 10 8 22 20 17 19 15 13 8
7 12 9 14 6 9 1 1 10 10 16 13 5 22 14 8 12 13 10 4
4 9 7 1 7 7 6 1 2 10 3 9 8 12 3 6 6 7 3 3
12 40 25 27 32 19 22 7 23 15 43 27 16 38 47 40 36 23 17 15
3 1 7 11 6 6 1 1 10 4 5 11 3 9 7 6 7 7 6 1
2 1 7 2 5 7 4 1 6 6 4 12 6 1 2 7 2 1 3 1
26 27 32 24 34 37 9 1 30 31 47 43 33 33 30 32 36 28 24 11
4 1 10 14 3 10 6 1 15 12 18 12 6 13 16 15 12 7 7 3
3 18 7 11 11 14 3 1 3 9 19 19 9 11 12 14 12 13 17 5
7 5 6 13 6 6 1 1 12 1 15 11 2 15 12 3 10 8 9 1
6 18 1 1 8 1 1 1 4 3 13 4 7 16 12 8 10 5 7 3
35 43 48 41 43 44 35 1 25 40 53 51 38 57 47 49 47 29 26 20
12 17 18 28 19 23 10 1 23 13 35 30 16 29 26 24 30 22 19 8
3 6 3 4 4 3 1 1 6 7 11 9 2 1 8 8 3 1 9 1
1 1 4 2 6 5 3 1 2 3 9 11 5 7 1 1 5 10 4 1
28 17 16 31 35 22 23 8 31 14 38 19 23 26 30 29 30 12 27 1
9 10 13 5 12 13 11 1 4 15 8 18 12 12 5 8 6 9 6 8
1 1 2 1 3 7 1 1 1 5 3 10 4 3 1 2 1 4 5 1
1 4 5 7 6 4 1 1 6 6 4 11 1 4 5 8 3 5 5 1
4 11 1 6 3 14 1 1 5 5 9 11 12 11 2 6 12 4 16 4
4 13 1 1 3 4 1 1 6 8 14 5 4 15 6 7 11 11 9 4
8 15 19 18 18 9 20 3 12 24 32 15 19 23 24 28 26 16 15 11
32 46 49 42 47 40 34 13 26 42 66 43 46 62 61 60 57 31 32 32
10 6 11 17 9 19 4 1 15 16 23 20 16 27 12 12 16 20 18 13
7 8 5 7 7 10 4 1 4 7 10 9 7 9 7 3 5 8 15 5
30 19 24 35 39 38 18 8 34 33 47 31 43 52 16 29 50 31 26 5
12 21 19 14 28 20 16 1 15 13 32 32 17 20 19 18 20 23 19 6
12 8 10 24 25 23 6 7 26 23 37 18 30 38 12 15 32 32 26 13
3 7 1 4 1 7 1 1 1 4 10 5 4 11 2 1 6 7 12 1
37 40 49 60 54 54 38 26 53 15 62 54 33 52 54 42 47 36 42 25
18 27 23 16 32 26 13 8 31 36 58 31 34 41 36 29 32 37 30 23
21 16 13 17 21 22 11 6 17 14 25 20 18 24 14 12 19 14 25 5
12 17 16 13 12 13 11 1 15 14 23 19 11 15 22 15 12 5 16 4
4 11 3 7 6 3 1 1 5 4 11 10 1 16 9 1 5 9 10 2
2 7 1 6 1 4 1 1 5 1 2 1 7 14 5 8 14 1 6 1
13 6 10 11 13 20 9 3 7 13 9 15 17 17 3 7 10 9 15 7
26 20 12 26 34 27 23 3 24 27 33 17 34 43 24 35 41 17 23 12
28 12 27 34 26 40 8 13 32 35 54 28 36 50 30 27 40 27 39 15
38 36 40 31 40 42 34 9 22 43 50 41 46 45 35 41 32 23 34 22
35 45 29 19 40 40 18 12 22 37 53 29 51 41 40 44 43 19 43 20
37 32 40 43 49 52 14 15 41 39 53 47 51 69 32 34 56 36 33 12
24 44 26 24 31 25 21 8 11 23 48 24 36 45 41 35 39 18 36 15
11 9 13 9 13 13 8 1 11 13 18 20 10 15 11 11 10 13 10 6
4 7 10 10 9 10 5 1 6 9 12 17 6 15 7 3 5 13 9 5
43 41 37 29 41 42 22 14 31 19 46 41 39 48 42 35 37 17 35 11
1 3 4 1 5 3 3 1 3 9 10 5 5 11 2 2 4 13 3 7
1 4 4 4 2 1 1 1 1 4 3 7 1 6 6 2 1 1 1 1
26 17 22 41 35 27 22 1 39 25 46 28 29 56 37 31 46 25 21 18
1 3 5 7 4 1 1 1 5 1 2 9 1 7 5 2 1 5 1 1
9 24 26 20 28 23 23 8 11 11 22 32 12 21 20 22 17 22 11 13
4 4 7 1 12 13 6 1 1 18 10 12 15 15 1 10 5 12 8 8
10 27 18 24 20 19 12 1 19 14 40 28 17 33 35 31 32 22 15 9
20 16 20 22 24 13 24 1 27 18 38 20 16 25 33 29 26 8 10 2
17 16 15 6 19 18 15 4 9 15 24 20 17 13 15 14 11 10 19 2
25 29 27 37 29 24 16 7 34 13 42 33 14 41 45 31 38 17 23 3
1 5 3 6 3 1 1 1 2 3 7 7 1 12 4 1 4 11 2 1
31 25 29 25 33 45 7 7 23 32 49 37 39 42 30 25 35 34 40 27
25 26 20 18 31 29 16 6 13 9 24 28 27 27 16 15 22 10 27 1
27 13 19 18 24 27 12 8 19 11 25 21 22 17 14 10 13 8 26 1
37 52 62 49 54 61 42 11 31 41 63 71 43 52 46 58 53 45 29 26
1 6 1 1 1 1 1 1 1 1 5 1 1 3 1 1 1 1 7 1
8 28 14 18 20 16 11 2 8 8 28 20 13 32 25 26 28 18 15 6
10 13 10 14 5 15 1 1 11 7 19 18 7 16 14 5 6 6 16 1
12 13 12 22 24 26 2 13 28 24 34 17 30 38 11 13 33 33 25 15
51 36 42 50 57 46 41 20 44 31 55 43 47 44 39 49 45 16 39 8
1 6 1 1 1 1 1 1 3 6 1 1 1 9 3 8 6 3 1 1
10 20 18 17 3 11 11 4 11 17 23 11 16 28 25 18 19 5 12 8
11 5 12 17 11 15 1 1 15 12 25 20 6 21 19 10 10 12 17 8
11 11 13 19 8 16 6 2 14 13 26 16 15 24 18 15 18 11 18 4
6 7 4 14 9 15 3 1 15 8 26 12 13 16 12 12 22 15 18 6
18 22 30 36 24 17 28 3 21 19 42 23 19 39 39 36 37 13 14 8
5 9 8 6 6 5 4 1 10 8 11 9 4 8 11 10 5 5 7 1
15 40 33 25 35 22 31 13 13 26 53 30 25 41 41 37 28 29 27 29
2 4 5 7 2 6 1 1 11 12 14 11 4 8 9 11 6 8 8 6
15 20 20 18 24 17 16 6 11 10 21 27 12 13 22 13 9 13 20 6
10 5 9 11 2 9 1 1 11 4 18 10 1 17 14 3 7 6 8 1
2 14 8 14 7 6 3 1 4 6 9 13 5 22 12 6 10 13 7 5
21 22 29 33 27 29 13 8 19 26 44 27 36 32 28 30 40 24 33 16
32 29 23 25 34 39 16 17 28 16 43 33 35 26 24 22 23 20 45 18
15 10 20 12 16 23 13 1 7 18 13 30 17 17 7 11 7 10 8 5
8 1 6 14 5 11 1 1 9 8 8 10 8 10 8 7 8 1 12 1
7 8 9 6 6 9 3 1 4 7 9 10 4 9 9 3 1 2 7 1
10 18 21 13 23 17 18 1 6 13 9 25 12 19 11 20 15 14 4 4
47 42 36 31 54 45 18 18 32 34 50 32 53 59 30 34 53 31 39 7
15 23 15 7 32 31 13 9 11 29 35 21 38 37 25 28 28 27 34 23
27 31 24 20 27 33 10 1 20 30 48 32 38 40 32 27 34 29 32 20
4 6 9 9 13 11 5 1 11 20 17 17 13 20 12 15 10 17 11 13
30 28 26 30 38 40 7 7 36 30 57 41 36 45 32 23 37 38 39 20
1 11 7 5 6 10 4 1 5 7 16 14 9 18 5 1 9 16 10 9
28 37 46 40 37 45 17 8 24 39 60 52 38 52 45 38 43 44 33 31
1 5 1 1 1 2 1 1 1 3 3 1 1 5 1 1 1 1 3 1
1 3 1 2 1 7 1 1 1 1 11 9 4 5 1 1 4 8 10 1
30 41 40 30 40 45 26 3 19 23 45 54 29 42 34 30 31 29 26 18
7 12 6 6 10 8 5 1 12 9 17 16 6 6 12 8 6 7 14 6
31 36 29 42 47 38 31 4 42 14 61 44 32 46 45 35 44 27 32 14
18 30 19 12 28 23 17 1 10 17 27 31 26 29 13 22 27 17 16 1
1 2 1 2 1 3 1 1 1 8 8 2 1 4 4 4 1 5 7 1
1 1 1 1 5 1 1 1 8 11 11 2 6 15 1 1 10 17 2 4
1 3 1 2 1 1 1 1 1 5 5 5 1 13 1 1 4 11 3 3
17 14 13 15 11 20 4 1 15 8 24 18 16 31 16 5 19 12 17 3
33 32 27 21 35 43 11 8 16 30 39 32 44 47 26 32 41 23 31 12
30 23 23 29 34 35 7 14 37 28 47 23 38 50 24 21 43 29 30 5
1 13 12 14 11 9 9 1 3 6 17 14 3 16 15 17 14 12 7 2
22 28 25 39 36 37 11 6 41 22 53 38 35 54 37 31 52 32 29 13
1 7 6 5 8 9 2 1 7 12 18 10 11 25 8 6 12 19 10 11
33 39 45 29 37 39 31 13 28 52 58 34 51 59 41 47 52 30 31 31
15 14 17 13 24 25 15 1 10 22 21 27 28 26 4 15 22 19 14 3
6 8 4 5 8 12 3 1 4 9 14 6 17 22 6 9 17 8 10 1
31 52 37 31 51 44 27 6 25 45 59 46 58 53 38 52 61 37 31 15
10 25 21 24 37 32 23 12 24 23 47 27 28 44 38 38 42 39 34 30
6 5 9 4 8 15 6 1 4 16 8 14 14 16 1 10 8 8 8 4
22 33 23 26 40 29 11 4 24 27 45 34 36 39 39 40 40 32 29 25
3 15 3 14 15 7 3 1 7 14 20 8 11 27 19 20 21 18 15 9
34 26 45 51 45 47 27 19 41 45 66 38 49 65 49 48 57 35 44 25
1 2 1 7 1 1 1 1 9 3 3 4 1 5 6 9 6 2 1 1
1 6 1 1 1 3 1 1 3 1 8 5 1 7 1 2 4 4 7 1
14 16 28 27 21 22 11 2 15 9 25 32 7 33 26 16 21 14 9 3
3 4 6 1 7 6 5 1 2 10 7 7 7 15 1 4 5 13 1 6
10 13 7 13 12 7 10 4 20 9 19 10 4 7 20 16 12 8 15 5
16 30 16 14 22 24 10 1 13 20 33 24 30 19 28 31 30 13 26 11
20 20 23 17 28 24 22 4 24 28 39 31 27 27 26 27 26 21 22 8
22 37 38 24 40 43 21 8 25 52 61 41 54 61 39 41 50 39 30 28
12 35 24 26 28 30 14 4 14 16 43 36 24 46 32 26 34 35 21 19
31 30 29 39 42 34 18 3 38 22 56 42 31 40 42 34 45 30 30 13
5 3 8 10 4 5 1 1 11 6 10 12 1 16 8 4 7 12 1 4
16 15 23 29 18 25 10 1 26 19 39 31 16 32 32 29 33 18 20 9
17 22 19 12 28 31 6 9 21 31 45 23 30 28 30 26 27 35 41 29
1 4 2 2 2 2 1 1 4 1 5 4 1 2 4 2 2 4 6 1
20 40 29 24 35 24 15 20 31 37 50 26 37 40 36 34 37 30 32 23
21 34 25 35 36 26 30 1 19 21 50 27 37 47 44 48 52 17 23 11
33 30 27 28 44 37 22 7 31 33 55 28 45 60 41 44 53 25 27 13
7 12 9 6 18 21 5 1 16 18 26 19 24 19 6 14 25 23 19 9
10 11 12 11 15 10 9 1 2 16 15 17 11 15 14 10 5 12 13 4
10 13 11 18 13 12 7 1 13 8 13 16 10 13 15 13 13 7 16 1
30 26 27 30 42 41 9 13 29 36 51 35 51 51 21 22 45 45 41 21
24 43 47 35 53 50 33 11 25 45 56 56 47 49 33 50 53 53 28 30
10 9 13 12 8 20 1 1 8 12 23 22 12 12 15 10 11 13 17 8
1 8 4 3 3 5 4 1 9 14 19 8 10 19 9 13 16 14 6 5
16 29 12 23 26 17 12 1 19 14 47 15 29 40 36 34 44 13 24 3
28 21 29 29 28 27 18 9 37 23 42 34 21 40 36 28 36 19 21 8
10 24 8 9 16 12 7 4 14 7 27 22 11 18 15 13 17 17 21 6
30 24 37 38 45 40 24 2 33 42 55 39 38 57 38 42 50 37 22 14
20 29 30 25 34 38 16 1 11 31 35 41 36 41 28 36 34 28 22 18
21 46 34 36 56 36 34 18 31 32 63 34 36 62 59 58 57 44 33 30
12 29 29 23 26 26 12 1 11 26 51 35 20 40 39 30 28 33 21 24
9 14 23 19 22 22 18 1 9 27 27 27 25 27 21 27 20 21 17 15
11 9 11 13 8 15 5 1 7 5 9 14 10 14 8 2 7 2 11 1
27 41 24 28 34 23 23 12 20 32 55 18 40 50 49 45 45 22 39 24
13 17 15 30 34 26 9 7 27 18 49 19 26 48 27 22 41 37 31 14
16 15 16 9 15 13 11 4 14 10 23 20 10 19 17 6 8 15 13 7
10 12 22 20 30 16 17 1 22 24 31 27 19 36 19 24 28 29 2 8
9 23 17 36 30 23 14 2 32 19 48 26 19 52 32 28 42 36 15 14
8 10 8 17 6 12 1 1 8 3 11 14 6 19 10 2 8 8 13 2
1 2 3 6 5 8 1 1 11 4 16 6 9 18 2 1 12 11 7 1
5 13 6 8 12 12 4 1 12 19 27 15 16 24 9 8 14 23 17 11
7 3 8 7 8 12 7 1 4 7 6 9 10 11 3 5 8 7 9 1
2 15 8 15 6 12 1 1 7 9 18 18 9 24 15 13 13 12 10 4
6 12 6 13 6 7 2 1 14 4 18 15 3 13 15 8 9 7 11 4
10 3 12 24 15 18 2 1 13 6 24 18 11 28 12 6 19 19 13 1
18 39 27 21 30 28 23 1 10 21 42 33 32 34 34 36 38 20 27 12
15 12 20 28 13 22 6 3 26 13 37 29 11 28 29 23 24 15 20 3
10 26 15 10 22 18 8 1 2 10 25 29 13 13 19 12 12 15 21 5
2 6 6 7 7 6 5 1 8 9 11 11 4 4 9 12 6 5 8 1
5 1 10 10 4 9 1 1 13 1 14 15 2 15 7 2 9 7 2 1
20 25 33 37 39 37 14 4 29 22 43 38 29 62 34 27 45 35 13 13
2 8 4 7 1 9 1 1 7 8 10 11 6 11 8 7 6 4 10 2
29 40 20 20 37 32 5 5 22 23 53 31 41 44 35 24 35 32 40 19
3 4 8 4 2 7 1 1 5 9 8 13 3 12 6 2 1 3 1 2
47 36 44 42 49 57 15 7 30 37 52 51 50 59 34 41 55 33 38 14
30 43 40 33 41 46 19 5 20 30 55 46 39 51 48 46 46 33 31 22
2 14 13 6 5 9 11 1 6 21 25 10 17 22 12 15 16 14 12 11
17 12 22 10 15 26 9 1 9 15 21 32 17 12 12 15 11 3 11 2
46 50 52 34 45 47 31 15 24 45 59 49 53 51 54 54 51 13 40 20
20 27 31 35 35 34 15 5 22 17 42 36 17 48 40 23 31 28 25 20
29 32 27 43 36 27 33 2 38 29 64 31 32 51 50 42 45 23 32 18
9 1 15 11 11 12 9 1 8 14 10 18 9 8 12 10 1 7 5 4
10 28 20 15 22 13 12 3 5 20 34 13 29 41 28 26 35 15 16 4
34 16 32 36 39 50 16 13 32 38 48 39 44 51 23 32 45 35 35 19
1 8 1 1 1 1 1 1 1 1 6 1 1 3 3 1 1 1 8 1
8 6 8 16 2 12 1 1 13 8 14 14 3 16 13 8 10 4 10 2
13 22 25 19 37 30 18 8 27 36 40 35 38 28 23 37 40 29 18 13
11 15 16 17 34 23 15 4 27 32 47 23 30 38 29 28 31 33 26 16
8 23 12 11 13 11 4 1 20 19 37 12 21 36 26 21 30 15 9 3
3 7 1 5 4 4 1 1 7 3 7 7 1 5 4 6 5 5 9 1
3 11 14 17 12 11 9 1 4 8 14 16 9 16 14 13 11 8 9 1
39 19 36 42 35 45 29 9 34 30 43 36 38 41 26 37 44 13 23 1
29 28 26 23 32 29 2 8 25 23 47 26 29 52 37 25 36 23 29 11
26 25 27 25 35 30 24 2 21 31 42 32 32 39 30 34 32 21 26 11
1 3 6 3 11 1 3 1 5 11 9 10 5 16 3 8 9 16 1 1
36 38 28 34 30 33 20 18 37 14 44 35 31 42 42 29 26 12 36 23
29 15 25 27 26 37 11 8 22 15 32 31 30 35 12 11 27 17 27 1
33 28 38 48 39 41 28 8 37 27 51 45 31 51 50 46 47 19 29 9
20 22 22 30 42 36 21 7 22 21 43 29 31 38 27 31 36 30 32 18
21 32 32 27 18 28 20 12 16 31 46 26 33 46 37 30 37 19 27 24
33 42 27 36 41 32 27 14 29 34 64 28 46 47 46 44 51 29 46 28
29 38 44 36 39 42 31 4 20 25 38 54 31 46 31 42 39 25 11 9
24 1 18 30 19 29 1 9 27 24 38 20 22 45 13 12 28 26 26 6
16 19 19 17 28 29 15 1 7 27 24 31 30 26 9 27 25 22 20 13
26 16 22 29 32 35 23 4 27 30 40 31 35 41 20 32 38 25 23 15
23 11 21 34 19 32 4 9 29 18 35 28 20 36 22 17 26 21 28 9
1 5 8 8 6 2 1 1 3 1 7 12 1 8 8 1 1 6 1 1
29 25 32 32 37 28 24 15 18 37 47 25 39 39 33 27 30 24 39 21
7 2 9 16 14 9 11 1 14 10 13 14 6 17 12 17 17 9 3 1
27 40 32 24 46 39 21 5 23 43 50 42 50 60 25 40 46 41 20 16
23 26 16 18 34 23 12 3 13 19 31 20 30 44 17 18 33 26 20 5
14 16 35 23 35 34 23 11 20 32 37 33 24 44 35 31 27 34 20 26
27 40 44 30 40 28 40 9 14 33 42 36 30 35 39 45 36 20 21 16
20 18 22 11 21 19 19 4 19 19 25 28 17 11 23 24 11 6 15 5
27 39 32 23 31 34 22 4 6 40 41 33 46 41 28 35 41 24 32 23
8 6 13 8 9 11 6 1 10 12 11 19 7 16 9 11 9 8 2 1
1 3 1 2 2 3 1 1 4 4 2 6 1 5 1 3 2 4 4 3
15 11 16 31 14 18 6 4 24 12 28 14 14 32 23 17 28 14 15 1
4 2 9 1 16 16 7 1 1 21 14 14 17 19 3 12 9 17 11 11
20 18 26 22 21 19 12 1 23 18 36 32 9 31 31 19 19 20 18 7
23 26 19 19 29 23 16 4 17 14 29 25 26 29 25 26 29 11 23 1
20 25 33 31 38 36 24 5 22 23 42 38 27 43 28 27 35 30 16 9
3 15 9 9 12 11 6 1 8 9 15 20 9 11 9 12 9 13 14 7
35 51 44 37 52 49 36 14 30 28 54 57 43 53 47 47 36 32 37 29
14 17 25 31 19 30 11 1 19 12 28 36 13 32 26 22 26 16 16 8
8 30 15 18 18 3 18 1 11 17 33 13 14 26 35 31 27 10 15 8
18 18 16 7 20 15 17 1 13 18 18 20 14 16 12 18 17 12 11 6
32 29 43 39 50 49 20 15 42 39 63 50 40 46 54 46 46 40 48 34
4 16 13 10 15 14 10 1 6 10 21 23 11 14 13 16 11 15 13 3
32 46 39 19 46 42 22 19 27 35 68 38 50 52 57 45 36 30 45 32
1 13 7 7 7 9 2 1 7 13 14 17 11 12 12 14 11 11 11 7
1 6 1 2 1 2 1 1 2 4 1 1 2 8 2 4 5 1 4 1
13 6 17 18 9 18 10 2 13 14 21 11 19 21 15 13 16 4 13 3
6 5 11 5 9 13 8 1 7 9 9 17 12 7 5 7 3 8 9 5
17 20 18 22 25 23 23 1 16 25 26 27 24 28 19 31 27 14 13 7
37 45 32 27 54 51 13 20 31 44 60 33 58 54 48 49 55 41 58 35
36 38 29 35 38 34 19 15 32 16 51 36 35 53 42 29 31 25 36 19
28 25 38 35 47 43 28 18 34 32 53 35 36 45 45 38 35 36 39 27
11 17 14 19 17 21 4 1 18 10 31 26 19 31 15 8 23 21 20 4
15 32 27 24 38 31 14 4 26 21 43 34 33 46 32 35 43 24 15 3
1 1 3 4 1 4 1 1 8 3 7 8 1 7 4 2 1 4 3 1
38 26 29 35 31 37 17 19 37 12 46 30 29 42 32 16 25 20 37 15
11 28 21 31 27 27 17 1 19 15 38 33 24 41 30 27 34 29 21 17
4 6 14 4 7 6 14 1 7 18 11 9 13 4 11 21 12 1 1 4
17 25 19 8 18 21 10 1 16 21 37 29 22 26 26 19 18 18 20 12
19 19 25 30 35 36 19 5 19 19 40 31 29 24 23 31 36 25 28 8
6 8 1 13 21 11 9 1 25 20 36 11 20 27 14 20 30 28 10 13
4 1 6 10 1 7 1 1 8 6 8 8 2 7 9 6 4 1 4 1
14 39 38 27 33 30 31 10 12 28 40 39 30 32 35 40 34 24 23 24
1 11 11 13 18 16 8 1 4 10 20 22 12 18 11 15 13 21 12 12
45 36 30 36 36 41 6 23 36 29 49 23 38 55 38 27 43 25 44 13
20 33 23 16 25 25 21 11 19 25 43 26 34 35 34 28 22 19 33 21
17 8 19 10 31 29 15 10 22 35 43 14 37 40 23 25 32 31 32 18
12 13 6 11 12 22 1 3 9 12 22 16 19 16 7 13 19 14 24 8
1 10 7 9 7 2 2 1 5 4 4 11 2 11 8 5 5 6 3 1
15 13 15 18 25 17 20 1 17 17 27 25 18 21 16 27 25 14 9 1
33 34 33 29 38 37 18 2 21 24 45 38 34 54 37 33 42 23 24 5
7 30 24 27 20 17 21 6 15 25 36 21 22 47 30 34 40 32 14 21
12 19 14 7 16 18 7 2 8 18 27 21 23 30 19 19 19 16 13 9
30 28 37 33 33 35 21 13 37 46 59 35 39 57 41 34 42 31 32 20
27 22 27 15 24 25 15 2 22 16 30 34 16 29 23 17 20 10 16 2
39 33 42 40 60 53 29 20 37 41 66 50 53 55 34 40 47 49 48 23
15 11 12 19 16 26 5 9 18 11 22 17 23 25 5 8 23 15 25 4
5 1 4 8 7 12 4 1 6 7 6 11 9 4 2 11 8 1 8 1
9 18 17 9 10 14 17 2 9 20 24 15 19 14 18 24 17 5 15 6
31 49 41 26 43 36 34 16 14 52 49 34 53 47 42 50 43 28 38 36
39 45 41 39 54 49 32 16 39 29 62 53 48 47 54 49 40 32 48 34
30 43 36 37 40 43 22 5 29 16 48 50 32 36 45 35 39 28 36 18
44 24 39 40 44 52 19 9 37 34 52 42 45 58 18 27 52 29 30 1
32 33 29 27 37 33 12 8 23 25 53 28 35 55 47 34 38 22 35 13
36 31 22 33 42 31 27 9 40 16 54 32 37 44 44 39 37 14 31 10
26 14 24 33 26 36 7 5 27 13 35 32 24 28 21 18 28 12 29 2
1 1 1 1 1 1 1 1 2 1 2 1 1 1 1 3 1 1 4 1
30 38 20 12 39 39 10 11 16 29 47 22 45 44 32 31 38 27 45 21
31 47 47 34 38 41 34 4 11 39 50 49 41 48 38 43 42 29 26 19
1 6 8 10 7 7 2 1 4 6 8 15 4 14 6 2 2 10 6 5
1 8 4 3 13 11 1 2 6 15 17 12 13 20 8 11 11 20 15 15
28 31 30 22 40 36 20 20 44 29 63 36 41 55 47 36 38 36 39 30
13 10 25 26 19 27 8 1 19 9 26 36 11 24 22 18 18 9 16 1
14 14 7 14 16 14 11 1 17 10 18 11 11 15 14 12 17 7 18 6
33 35 35 36 34 39 20 8 31 32 63 29 48 56 47 44 60 17 37 17
1 7 2 2 4 2 1 1 6 10 12 6 1 11 6 9 7 10 6 4
1 10 1 5 1 10 1 1 4 1 7 9 10 12 3 6 13 5 12 1
26 22 16 27 36 27 22 7 36 25 46 20 33 39 28 30 44 21 25 4
3 8 5 10 5 9 2 1 4 9 9 12 6 11 6 5 6 5 11 3
11 13 4 22 19 11 7 1 18 17 31 11 14 30 25 22 24 17 21 10
2 7 8 12 8 9 4 1 13 8 16 18 9 19 12 8 11 12 5 6
12 22 21 18 17 20 14 4 7 28 34 22 30 33 20 20 28 22 24 19
27 29 38 34 38 37 22 10 31 28 58 48 24 43 48 37 29 30 34 20
1 2 2 1 2 1 1 1 1 2 1 5 1 4 1 1 1 1 1 1
1 6 6 9 7 2 2 1 6 2 5 10 1 3 8 8 5 4 5 1
40 26 40 39 34 40 28 12 31 41 59 34 41 51 43 41 45 15 39 18
9 1 11 11 7 16 5 1 4 8 11 17 10 12 6 5 6 4 9 1
17 18 23 21 20 25 25 1 18 30 28 25 29 29 22 32 29 11 15 13
1 5 13 17 11 10 9 1 10 9 16 18 6 9 16 17 12 8 7 1
4 7 1 8 5 11 1 1 7 8 12 12 8 13 1 7 10 12 13 5
10 19 17 19 20 17 16 1 12 10 15 21 16 26 16 22 26 18 10 5
36 35 38 39 40 38 29 9 34 36 63 43 41 38 50 44 41 30 41 28
44 48 49 43 60 65 28 12 25 38 61 56 58 72 45 53 63 45 39 28
1 8 3 5 4 3 1 1 6 14 13 8 7 18 9 13 12 13 5 6
2 5 2 7 2 5 1 1 5 7 6 3 8 13 5 10 13 1 7 1
37 24 28 35 34 41 22 9 39 19 51 37 30 33 38 32 36 13 37 7
38 38 37 49 46 41 20 4 44 28 62 51 29 40 57 48 47 22 39 18
11 20 8 7 14 7 7 5 12 7 17 16 5 9 15 12 5 7 15 4
37 27 25 35 47 37 31 20 42 29 60 27 42 47 40 41 39 28 43 24
33 17 34 45 39 45 17 13 42 26 50 43 36 50 31 31 48 26 34 5
9 17 14 15 18 17 6 1 13 14 23 26 16 9 16 20 19 21 19 13
13 14 21 22 14 22 7 1 18 12 37 29 14 22 28 21 23 13 20 4
1 6 7 6 9 5 4 1 1 4 2 11 3 5 3 3 1 3 3 1
1 2 5 5 10 10 2 1 11 8 14 12 13 17 1 2 13 12 7 1
1 8 3 4 1 1 1 1 5 6 4 4 3 12 5 4 7 8 3 3
1 1 7 13 6 1 1 1 11 10 13 12 1 12 13 12 6 11 1 4
1 7 1 1 1 3 1 1 1 3 3 3 2 6 2 1 1 1 4 1
38 43 40 34 38 33 32 15 23 26 48 36 42 45 46 38 31 11 35 18
43 55 40 36 53 50 22 16 29 38 52 54 51 51 42 47 55 43 47 29
15 17 25 10 24 25 17 5 12 34 32 19 34 45 27 29 30 24 15 17
4 6 9 7 6 12 2 1 5 6 12 20 7 9 6 2 1 5 5 1
17 30 24 16 25 29 17 8 6 40 44 17 43 39 30 34 37 24 37 31
30 19 31 27 26 41 18 5 20 30 37 39 33 32 24 25 27 16 28 13
37 34 32 26 43 40 14 1 31 33 60 39 40 50 46 45 51 27 33 18
9 4 11 14 4 13 3 1 11 3 10 13 6 13 10 3 6 3 9 1
12 18 15 10 12 21 11 1 10 11 17 23 19 19 11 12 15 9 17 4
35 37 31 29 30 40 3 9 34 26 53 41 32 40 41 29 38 28 42 19
2 3 7 4 4 10 3 1 5 4 8 14 6 8 3 2 2 5 7 1
34 47 43 32 49 44 30 17 26 23 56 56 38 30 45 41 26 29 42 28
1 11 6 4 7 13 5 1 8 4 13 14 10 9 1 7 8 8 14 5
22 19 20 13 21 24 17 1 6 18 18 26 19 15 8 15 13 6 14 1
10 4 4 22 23 14 7 4 21 18 30 7 18 33 17 22 31 26 19 13
35 48 41 30 52 43 36 7 26 25 52 55 42 38 29 41 38 33 27 14
1 2 1 5 1 3 1 1 5 7 2 3 1 5 3 7 4 3 4 1
36 39 38 26 37 40 14 7 27 30 43 52 33 34 38 29 29 26 33 22
1 5 1 1 3 1 1 1 1 1 1 7 1 7 1 1 2 3 1 1
46 35 48 43 47 51 23 12 41 37 68 50 50 47 47 42 51 27 48 16
9 8 13 19 7 11 3 1 13 7 16 17 3 14 18 11 9 7 9 1
24 28 34 38 40 39 19 17 28 19 49 38 29 43 28 27 37 32 35 7
2 6 7 10 5 2 1 1 5 2 6 11 1 13 8 2 2 10 1 2
9 31 26 28 31 23 23 15 23 13 33 34 13 25 31 30 27 28 21 20
4 8 12 14 15 6 11 1 12 8 11 17 5 17 13 15 15 11 1 1
25 17 36 36 32 35 19 5 21 29 33 39 23 44 32 30 28 21 19 12
1 11 15 12 14 3 10 1 16 18 26 12 15 24 17 19 23 16 1 1
1 8 12 14 11 7 7 1 6 10 14 15 7 18 13 11 11 15 7 1
24 14 28 31 26 34 11 1 21 12 29 35 21 42 21 21 33 15 17 1
27 37 26 30 35 27 30 9 21 38 56 21 44 46 41 45 52 24 34 26
1 3 1 1 1 1 1 1 5 9 11 3 1 7 5 8 6 9 4 3
30 33 26 43 41 35 23 2 37 31 58 38 35 47 43 41 50 33 36 22
15 7 11 23 15 19 3 5 25 12 23 15 17 33 12 10 27 18 14 3
12 17 23 18 12 10 15 7 16 30 30 13 20 30 27 26 20 14 13 21
2 7 1 1 4 4 1 1 1 2 8 8 2 1 2 1 1 1 9 1
34 40 34 33 45 41 20 1 33 29 54 46 43 47 40 39 53 31 28 13
1 1 4 2 1 2 1 1 2 4 8 7 1 1 6 2 1 1 3 1
32 41 28 22 44 33 25 3 13 28 38 33 38 49 28 39 40 28 25 11
18 25 22 20 21 22 8 2 24 20 45 28 21 20 34 29 28 18 23 13
8 13 8 10 14 7 6 1 5 8 14 14 4 7 15 8 4 8 14 1
1 3 3 1 5 5 2 1 1 5 5 11 4 5 1 2 1 2 2 1
1 3 1 1 1 1 1 1 4 1 3 2 1 10 2 1 5 2 1 1
1 4 3 8 3 5 1 1 9 4 3 6 3 8 5 7 8 5 6 1
43 46 44 45 55 54 33 13 37 35 62 56 47 46 47 47 45 36 45 26
5 4 15 22 15 11 12 1 15 7 15 18 5 13 20 20 14 6 3 1
3 4 6 1 6 10 5 1 1 7 5 10 7 1 1 4 1 1 7 1
14 11 11 15 17 26 6 3 12 19 22 21 27 28 9 12 17 16 22 12
20 41 22 14 41 25 9 13 22 22 47 26 35 41 34 28 34 24 28 6
3 6 1 3 8 5 1 3 9 15 19 1 10 20 9 12 15 22 10 14
1 1 4 4 4 3 6 1 8 11 8 4 3 4 7 13 7 5 2 2
1 8 4 5 8 8 1 1 4 3 11 16 6 4 4 7 6 10 11 3
45 40 37 34 48 45 25 11 33 41 57 34 45 58 52 53 52 22 35 17
10 12 13 9 21 11 9 1 17 19 20 17 16 22 11 11 18 22 9 6
31 26 44 32 44 45 26 17 33 45 47 43 42 63 40 40 45 36 32 23
9 8 8 16 9 9 6 1 18 4 17 11 4 7 18 11 12 3 12 2
1 8 6 6 6 1 1 1 3 1 8 10 1 11 7 1 2 6 2 1
3 14 7 15 9 8 4 1 7 1 6 11 8 17 11 12 17 6 8 1
10 9 9 21 13 15 3 1 14 4 20 17 10 19 14 8 14 10 18 3
8 12 16 19 11 14 6 1 12 7 27 25 7 24 18 9 14 17 10 1
17 16 18 33 38 36 9 15 36 23 43 27 39 38 17 21 45 35 32 11
26 37 34 29 24 33 9 5 27 29 52 38 33 36 45 37 41 21 33 20
22 30 35 22 26 27 29 2 7 36 33 35 34 29 18 33 25 14 14 12
7 17 13 10 15 18 6 1 8 11 15 25 17 12 12 11 13 11 17 9
32 29 38 26 52 47 36 17 29 35 51 42 44 49 37 44 42 38 42 27
45 40 41 34 45 53 27 10 36 26 56 52 48 51 34 32 40 17 38 8
13 33 27 17 39 36 23 7 7 28 37 35 33 43 27 30 32 36 28 25
17 35 28 24 33 30 14 6 21 27 44 38 32 31 33 38 40 34 27 17
26 30 23 25 24 25 21 15 24 15 37 24 27 24 31 24 16 5 34 15
11 14 17 20 20 27 5 1 22 20 33 28 27 35 17 14 28 23 16 5
1 1 5 5 1 5 1 1 2 4 7 8 1 3 6 2 1 1 3 1
1 3 3 6 4 5 1 1 6 5 8 10 2 9 3 6 7 8 7 1
22 15 31 13 31 41 19 10 21 32 40 35 35 36 27 27 27 29 31 25
4 12 14 15 11 15 6 1 10 10 24 24 9 15 17 17 13 16 12 4
36 37 46 44 37 44 20 11 26 36 55 42 46 53 48 44 52 20 40 23
34 38 36 35 31 32 16 16 22 28 45 23 41 51 45 36 42 11 33 13
8 13 8 17 14 11 13 1 18 18 34 14 14 24 21 23 25 19 17 9
10 2 15 11 7 13 5 1 10 8 13 20 5 14 11 6 5 5 3 1
5 5 1 7 1 12 1 1 4 8 12 9 9 10 4 6 8 7 14 1
11 33 18 18 24 22 7 3 9 17 32 30 21 25 26 27 27 25 23 14
7 7 9 10 5 14 4 1 9 5 13 13 9 12 8 5 7 5 14 1
5 5 8 9 5 10 1 1 12 8 13 16 6 8 9 10 6 5 10 1
17 19 21 37 24 18 15 1 28 8 33 25 8 38 39 34 35 12 9 2
37 42 42 38 48 49 22 10 34 38 59 46 48 63 47 50 60 34 33 13
15 27 19 18 33 28 14 1 12 20 35 30 35 41 25 32 39 31 22 15
2 3 6 6 6 8 4 1 7 8 5 11 5 5 3 5 5 6 8 5
17 20 15 22 18 19 10 4 19 8 33 22 15 24 25 18 19 12 25 1
40 31 35 43 38 41 23 14 43 34 59 32 40 61 57 53 58 16 34 11
31 25 28 37 39 39 8 20 44 33 47 29 42 54 25 25 48 36 34 10
20 32 25 22 36 29 27 5 22 19 39 37 24 33 26 29 32 27 24 11
14 17 18 12 18 13 12 5 13 11 27 25 11 14 23 12 6 10 17 3
32 29 25 27 30 40 4 10 23 25 39 34 34 32 24 17 27 27 40 21
2 7 8 5 16 8 5 1 4 19 14 13 11 19 9 15 8 19 9 11
1 9 1 3 2 2 1 1 8 3 9 5 6 13 8 11 14 5 4 1
23 23 20 21 30 26 17 5 21 23 32 19 31 40 31 34 35 16 20 14
9 4 14 12 13 16 14 1 15 14 18 19 12 8 14 21 13 4 7 1
36 54 38 37 52 37 22 13 34 33 66 42 40 48 62 56 55 35 40 22
18 17 6 14 19 20 5 7 22 10 32 14 21 28 10 7 26 18 29 1
10 27 13 4 16 4 13 2 7 25 35 8 23 34 26 23 24 18 16 16
11 30 14 17 27 17 9 1 15 20 36 26 26 32 30 30 30 27 23 19
17 13 14 17 10 22 4 1 16 18 34 24 14 21 23 12 12 13 24 11
30 44 39 29 39 35 35 13 26 45 56 32 49 47 38 45 51 22 31 21
1 1 7 8 7 6 4 1 6 10 6 13 4 8 6 4 1 10 7 7
3 6 1 5 1 6 1 1 4 5 4 2 4 10 2 3 5 7 9 5
24 33 22 15 31 32 11 4 27 24 47 34 34 37 30 23 34 25 26 10
10 5 15 18 8 16 1 1 16 4 18 24 4 13 15 8 8 4 12 1
1 14 10 16 15 5 10 1 9 4 18 14 1 15 17 18 17 16 4 3
3 3 9 8 10 8 5 1 4 9 6 17 7 5 6 5 1 8 7 4
14 31 15 18 13 15 12 5 8 19 38 16 29 34 28 24 31 12 26 12
26 36 34 31 38 39 21 6 23 22 54 48 30 47 39 27 31 35 32 21
10 8 17 23 15 15 10 1 19 13 23 22 11 24 19 17 20 19 11 5
29 21 36 37 21 29 22 14 26 30 40 21 28 43 37 34 38 11 28 18
1 4 5 5 3 6 1 1 7 8 12 11 4 11 5 4 6 12 9 6
4 15 13 19 11 8 8 1 13 3 19 18 1 19 19 15 15 16 7 4
28 33 30 36 31 34 18 21 18 34 49 20 44 47 28 31 45 26 43 19
22 7 14 23 19 24 4 15 19 20 28 13 23 21 9 14 22 15 30 1
3 9 7 7 1 11 1 1 5 3 15 14 4 17 8 1 3 8 9 4
28 45 46 30 43 32 29 10 18 42 52 34 43 64 48 54 51 32 20 23
8 5 12 15 5 13 1 1 12 1 8 17 5 19 10 3 10 5 5 1
10 24 15 26 32 31 5 7 25 18 43 28 31 36 19 22 41 37 29 13
17 7 25 30 21 30 11 1 14 9 31 31 15 29 22 16 21 14 16 1
27 27 41 29 51 50 37 17 20 43 45 43 44 53 32 43 42 43 36 32
19 34 18 33 35 24 27 1 27 3 40 31 20 30 40 33 33 10 25 7
5 6 11 9 15 9 8 1 11 18 18 15 13 17 9 10 12 19 8 5
1 1 6 4 3 4 2 1 5 6 5 9 2 3 6 5 1 1 3 1
28 15 31 38 21 28 12 12 32 27 44 19 29 47 30 27 43 16 27 9
12 24 32 27 22 20 26 5 12 27 36 28 22 31 32 34 24 16 15 17
9 4 10 12 14 18 13 1 11 10 11 18 15 8 7 16 16 5 11 1
9 10 12 13 19 21 9 1 13 13 23 24 20 13 11 18 23 19 18 8
15 22 26 31 22 17 24 1 18 18 32 22 17 27 35 32 28 10 14 7
11 15 10 10 7 7 2 1 12 3 16 16 3 15 17 3 6 1 8 1
11 24 19 10 33 27 9 10 23 34 47 22 38 49 29 23 33 36 25 21
23 25 21 14 24 30 15 8 15 10 31 31 25 8 23 17 6 5 33 12
37 31 31 29 40 37 29 14 26 18 29 37 34 23 24 33 21 8 31 12
25 31 29 37 34 36 23 15 30 15 48 36 26 32 37 31 30 26 36 15
17 11 16 22 9 24 3 1 21 5 23 21 14 32 18 12 25 7 18 1
14 17 16 12 20 24 9 1 14 25 31 26 31 37 16 17 25 22 14 9
23 32 32 45 37 34 24 6 37 17 57 44 19 40 48 43 46 36 21 22
25 23 30 20 26 35 11 4 21 23 32 38 29 20 21 28 28 19 22 14
1 12 1 3 11 10 1 1 9 12 29 6 12 20 12 14 18 21 19 14
34 21 26 36 47 32 25 5 35 28 48 30 33 43 25 31 45 27 24 1
3 12 3 6 6 8 1 1 4 1 15 16 3 6 8 1 1 5 14 2
7 10 5 16 2 15 2 1 16 6 21 12 13 24 15 14 22 8 14 1
1 7 3 5 5 1 1 1 6 1 6 7 1 11 3 5 8 8 3 1
11 19 15 6 16 21 9 1 5 11 15 27 18 10 8 11 11 5 15 4
19 12 11 30 22 23 3 6 38 15 41 13 20 38 24 15 37 23 20 5
23 41 26 37 51 32 30 10 38 16 52 33 32 50 43 42 49 32 22 15
34 45 40 33 51 40 33 10 31 46 66 45 54 45 45 50 49 40 44 31
1 2 3 4 3 5 2 1 3 6 4 5 3 6 2 4 4 7 5 2
1 1 1 2 1 2 1 1 1 2 3 4 1 3 1 1 1 3 4 1
35 28 36 39 36 41 19 8 33 33 58 32 44 60 42 40 53 24 32 11
8 7 10 12 13 14 5 1 8 8 11 16 13 20 3 8 15 9 10 1
15 3 5 27 25 18 6 8 24 19 31 4 20 35 16 19 32 25 23 11
21 13 27 43 32 24 19 2 41 25 52 24 28 49 40 37 50 19 16 5
4 7 8 3 7 6 7 1 1 13 5 8 7 9 6 8 4 6 1 4
52 40 50 38 52 59 31 13 38 34 63 61 51 45 39 39 41 27 44 17
38 35 49 49 51 59 28 10 33 36 58 61 40 51 43 48 49 33 36 22
20 23 25 17 35 19 19 1 18 29 33 31 25 37 17 20 25 31 10 9
30 36 37 29 32 34 36 22 22 42 47 26 45 42 33 40 41 23 37 26
4 13 8 12 11 4 7 1 14 11 17 11 10 21 19 20 20 11 2 4
27 44 33 34 39 29 29 14 26 21 53 32 39 53 45 37 35 26 32 23
1 3 4 1 4 5 3 1 3 9 8 7 3 7 3 6 3 8 5 3
34 37 34 32 47 33 32 2 36 29 47 41 34 43 30 37 41 26 11 4
18 18 22 33 31 22 30 1 22 21 32 25 21 31 31 38 34 16 14 7
32 35 27 46 51 35 36 2 40 30 59 38 34 57 44 42 52 31 36 24
1 1 6 6 7 6 5 1 10 6 6 11 5 5 5 9 8 7 6 6
29 18 40 43 35 39 28 5 32 25 44 42 27 37 41 42 41 9 23 3
19 15 24 25 30 32 15 13 29 31 40 22 35 49 35 32 37 29 29 22
2 1 2 8 11 1 10 1 17 9 21 4 6 12 12 18 20 9 1 1
41 43 33 38 48 46 17 17 42 30 65 42 52 46 46 39 50 35 50 22
4 12 8 5 16 6 6 1 10 14 26 12 12 17 14 8 13 14 12 1
19 28 25 25 31 18 28 1 20 21 30 28 20 28 34 36 31 13 15 4
3 9 5 8 5 6 1 1 11 15 14 7 9 25 10 8 15 17 6 6
20 22 13 25 34 26 12 5 18 15 38 18 33 44 26 29 39 22 27 9
2 13 3 3 6 5 1 1 4 7 8 6 9 15 10 12 11 4 6 1
8 7 4 11 3 10 1 1 6 4 13 4 6 22 6 1 8 8 11 3
23 18 20 27 29 36 14 8 33 27 54 23 31 47 39 33 45 32 37 26
23 23 15 15 25 32 11 6 10 19 29 25 30 25 12 16 25 15 30 7
17 38 37 32 37 34 33 11 26 28 55 41 34 47 40 37 39 37 30 24
1 13 9 12 10 10 5 1 2 2 8 16 6 14 9 9 11 5 8 1
22 2 19 30 16 28 3 7 28 12 28 21 15 28 18 15 26 10 21 1
22 25 25 21 29 29 11 4 16 19 36 29 32 49 26 23 34 25 19 8
19 42 24 19 29 25 9 3 11 30 45 26 35 35 40 39 38 24 31 20
15 5 7 27 21 21 7 3 23 11 33 18 19 28 16 16 30 23 22 11
6 13 14 16 13 11 3 1 15 10 22 18 13 35 18 11 20 21 7 8
1 4 3 14 5 3 2 1 7 1 8 7 1 11 9 9 12 11 5 1
19 19 21 32 23 23 16 1 25 12 28 28 19 34 30 24 30 13 16 7
14 16 11 18 15 13 13 1 20 10 23 12 12 15 24 18 20 2 17 1
1 2 1 4 5 1 1 1 4 6 8 6 3 13 2 1 7 14 3 2
1 1 1 1 1 2 1 1 1 1 1 5 1 5 1 1 1 6 3 1
26 40 29 29 37 36 20 12 19 17 45 43 27 24 37 31 19 28 40 27
22 22 29 24 22 32 12 1 23 25 39 39 23 25 30 28 27 23 24 15
7 11 2 10 4 5 1 1 4 1 11 9 2 15 10 1 6 5 12 1
39 44 31 35 48 36 28 13 38 20 57 37 38 37 56 49 37 8 37 10
1 4 1 1 2 6 1 1 2 9 11 7 7 11 1 1 2 13 8 9
25 27 21 40 37 35 16 9 29 23 42 30 29 38 30 35 46 33 33 19
3 11 6 10 9 8 3 1 3 7 3 10 10 17 9 9 10 8 7 2
36 28 29 43 37 30 26 8 46 27 58 39 22 46 53 41 37 16 32 13
2 8 9 5 7 4 7 1 3 11 10 11 7 5 9 8 3 2 5 1
28 29 36 30 32 34 18 4 29 32 46 44 30 32 44 40 36 17 27 12
25 17 26 25 20 30 15 1 18 19 27 29 25 36 17 24 32 9 12 1
38 33 34 37 51 39 41 12 41 39 56 39 43 42 51 52 38 18 40 27
12 14 26 34 31 29 13 4 31 22 35 32 23 42 26 25 37 32 12 10
9 20 6 6 9 9 5 1 5 17 25 8 18 25 19 13 14 9 19 8
39 42 23 33 42 40 17 16 36 16 60 29 40 46 46 40 43 18 46 16
2 4 4 8 2 5 1 1 12 7 17 7 3 11 10 10 12 8 9 1
